target_id,rank,funny,somewhat_funny,unfunny,count,score,precision,contest,caption
3477,1,942,1210,1357,3509,1.8817326873753206,0.013519541755583623,614,"No, I said to play with more attitude."
3035,2,1265,1611,1836,4712,1.8788200339558574,0.011686690108906552,614,Your lesson was yesterday.
898,3,1316,1520,1933,4769,1.8706227720696162,0.011805687271341358,614,The Zen Way is on the next mountain. This is the Steinway.
650,4,1191,1428,1796,4415,1.8629671574178936,0.012207420394887626,614,I know you didn't send for a tuner. The people down in the valley did.
6676,5,1192,1859,1920,4971,1.8535505934419634,0.011029351283671348,614,The public is saying your latest work is inaccessible.
5863,6,936,1276,1480,3692,1.8526543878656554,0.013092393429440269,614,Everyone wants the secret of life. No one asks how the hell I got this baby up here.
624,7,1119,1699,1853,4671,1.8428602012417041,0.011443683985655763,614,The Craigslist ad said it's free if I pick it up myself...?
3712,8,529,834,919,2282,1.8290972830850132,0.016290374917535762,614,"Finally, a request."
3932,9,1082,1542,1866,4490,1.8253897550111358,0.011809747289500539,614,I'm moving all of my music to the cloud.
3815,10,995,1482,1863,4340,1.8,0.01193943911631129,614,"To be honest with you, we regret both the promise of free delivery and the promise of lifetime tunings."
2988,11,561,733,1041,2335,1.7944325481798715,0.016608597122354726,614,"The meaning of life? No I don't know it, but maybe if you hum a few bars..."
5106,12,946,1252,1776,3974,1.7911424257674886,0.012705206652886495,614,Is this the Steinway to Heaven?
2741,13,502,812,983,2297,1.7905964301262516,0.016201120183024782,614,Well that was a major scale!
5219,14,621,1102,1261,2984,1.7855227882037534,0.014000342131713917,614,You find out who your real friends are when you ask them to help you move.
5801,15,753,1241,1531,3525,1.779290780141844,0.013040044657340072,614,"Franz, just call it ""Unfinished"" and come down."
6434,16,831,1312,1680,3823,1.7779230970442061,0.012607422970836056,614,With a helicopter. You've got two questions left.
5336,17,803,1102,1596,3501,1.773493287632105,0.013458162683808941,614,"Sorry to tell you this; the divorce is now final, and she got the piano."
3575,18,759,1496,1646,3901,1.7726224045116636,0.012034224875825962,614,"I know you're discouraged by the turnout, but I think it's the venue."
4168,19,110,107,207,424,1.7712264150943395,0.04054312580839454,614,Am I late for my lesson?
2050,20,762,1258,1594,3614,1.7697841726618706,0.012874986150923464,614,"I guess if you can make it here, you can make it anywhere."
1639,21,784,1275,1689,3748,1.7585378868729988,0.012670135119511363,614,There've been complaints about the hills being alive with the sound of music.
3342,22,726,1392,1643,3761,1.7561818665248603,0.012317156199117782,614,I see that no one but you plays at this level.
2271,23,546,1042,1249,2837,1.7522030313711667,0.014193247069990363,614,How 'bout this time I show you how to tune the piano yourself?
1051,24,823,1155,1754,3732,1.7505359056806002,0.012976713935202997,614,Big deal! Try it with a piano on your back.
1788,25,521,856,1254,2631,1.7213987077156974,0.01506676828946417,614,I play best when I'm high.
5501,26,501,906,1251,2658,1.7178329571106095,0.014768620316933491,614,This is Enrichment. Enlightenment is the next ledge up.
105,27,621,1045,1550,3216,1.7111318407960199,0.013565317771334082,614,"Yup, no kidding, I just said, “Alexa, find live music nearby.”"
10,28,326,589,836,1751,1.7087378640776698,0.01818613532021477,614,It would help if you composed a bridge.
472,29,308,673,846,1827,1.705528188286809,0.017274963916051295,614,And this is where my musical career plateaued.
4279,30,324,555,832,1711,1.7030976037405026,0.01853520839067307,614,"I've been sent to ask you if you know any other songs besides 'Ain't No Mountain High Enough?"""
4562,31,168,399,480,1047,1.7020057306590257,0.02251217198327241,614,I was hoping to end this climb on a high note.
3479,32,627,1035,1602,3264,1.7012867647058822,0.013488565830347424,614,Your wife says she can still hear it.
1818,33,280,560,766,1606,1.697384806973848,0.018674647406044253,614,I'm from the next mountain. Would you mind keeping it down after 10:00 PM?
185,34,477,769,1236,2482,1.6941982272361,0.01550772446219819,614,"Anything but ""Climb Every Mountain."""
949,35,433,821,1190,2444,1.6902618657937807,0.015249830724977488,614,"Life is hard my son, Rachmaninoff is harder."
2610,36,421,799,1220,2440,1.6725409836065575,0.015224324748185416,614,"It's free, but you have to move it."
2694,37,391,744,1138,2273,1.671359436867576,0.015765036679067222,614,"No, this is piano camp, base camp is further up."
3519,38,377,728,1125,2230,1.6645739910313901,0.01586495263244496,614,"Seriously, a two-drink minimum?"
6030,39,478,877,1449,2804,1.6537089871611983,0.014226583170565972,614,We're putting the band back together!
1279,40,244,454,770,1468,1.6416893732970028,0.019578886100168637,614,Practice? That's it .... Practice?
1417,41,409,839,1360,2608,1.6353527607361964,0.014463025579137421,614,I'm afraid this will be my last lesson. I've found a teacher closer to home.
1902,42,193,433,666,1292,1.6339009287925697,0.020277550349112976,614,"I’m the viola, any sign of the other three?"
1712,43,248,478,821,1547,1.6296056884292178,0.018926953638243833,614,It's true—the aria is thinner up here.
4968,44,138,294,482,914,1.62363238512035,0.024245106523488866,614,Yesterday? I thought my lesson was today!
3881,45,319,704,1134,2157,1.622160407974038,0.015691512605552287,614,You're a good friend Gary. No one else bothered to show up for my recital.
5188,46,305,705,1111,2121,1.61999057048562,0.015709666108422674,614,"What do you mean, 'sold out'?"
707,47,315,687,1123,2125,1.619764705882353,0.015828158587328924,614,What do you mean my lesson was cancelled?
3830,48,267,520,920,1707,1.6174575278265964,0.017939478406202806,614,Mom says just to call it “Unfinished” and come home for dinner.
3313,49,317,588,1076,1981,1.6168601716304896,0.016763116136073054,614,The meaning of life? What key is it in?
6473,50,211,489,783,1483,1.6142953472690493,0.018758621972779308,614,I hope you have a good excuse. Your lesson was supposed to start 15 minutes ago.
6438,51,276,532,966,1774,1.6110484780157834,0.01759398985210067,614,"On behalf of the entire valley, please stop practicing that song."
3604,52,209,428,755,1392,1.6077586206896552,0.019678863845126127,614,"I don't know the meaning of life, but if you hum a few bars I'll try to play it."
4952,53,190,317,646,1153,1.6045099739809194,0.02221760842553128,614,"Sam, I found you at last. Play it again."
4141,54,225,475,837,1537,1.6018217306441118,0.01861777115029504,614,The neighbors want me to ask you to keep it down.
647,55,124,270,469,863,1.600231749710313,0.024733456988290152,614,Mom always told me you'd just gone to the store for cigarettes.
5651,56,210,449,793,1452,1.5984848484848484,0.019103925810385877,614,"Sorry, my set just ended, but I play here every Thursday from 5 to 9."
2620,57,203,503,813,1519,1.598420013166557,0.01828616414333872,614,May I change to monthly rather than weekly lessons?
3858,58,192,418,731,1341,1.5980611483967189,0.019826438679172404,614,Peak performance can mean something different to everybody.
4587,59,216,420,796,1432,1.594972067039106,0.01947343662139851,614,"No, no, no. I'm the Dalai Yamaha. The Dalai Lama is the next cliff up."
5375,60,202,364,734,1300,1.5907692307692307,0.020624024973146953,614,I came as soon as I heard you were in treble.
2634,61,215,369,769,1353,1.590539541759054,0.020344933444746992,614,"I don’t know the meaning of life, but if you hum a few bars I’ll fake it."
857,62,189,377,719,1285,1.5875486381322956,0.020440984502189827,614,You canceled my lesson!?
3231,63,198,323,704,1225,1.586938775510204,0.021498346102886753,614,"Hi, I'm from Switzerland's Got Talent."
5233,64,165,381,669,1215,1.5851851851851853,0.020583506586764787,614,The folks at base camp wonder if you could keep it down a little.
6364,65,155,366,643,1164,1.5807560137457044,0.020936818731337778,614,What do you mean you're not taking requests?
559,66,157,361,645,1163,1.580395528804815,0.021022239688680333,614,"You didn't, by any chance, bring up some music with you, did you?"
3957,67,158,332,631,1121,1.5780553077609278,0.02166709440458807,614,"Sorry, but your lesson was yesterday."
2489,68,137,324,583,1044,1.5727969348659003,0.022050945839572806,614,Well that was a hard scale.
4487,69,148,286,586,1020,1.5705882352941176,0.022917982780121506,614,Grandma says she'll take you back on the condition you take lessons and a shower.
1975,70,128,310,554,992,1.5705645161290323,0.022531179544298712,614,"We lost violins to the crevasse, cellos to the avalanche, but the woodwinds are right behind me."
1687,71,150,262,575,987,1.5694022289766971,0.023599401322773585,614,Don’t just sit there throw me a chord
6529,72,159,252,591,1002,1.5688622754491017,0.023707829830791435,614,This clef was more treble than I thought.
5378,73,134,286,556,976,1.5676229508196722,0.023094394934521617,614,"Dad, this is NOT what I meant when I suggested that you store your music in the cloud!"
812,74,104,208,422,734,1.5667574931880108,0.026862343841150358,614,"For all that is holy, please say you are the piano tuner..."
5827,75,130,279,543,952,1.5661764705882353,0.023355027884477342,614,This is the last time I'm tuning this thing!
1790,76,148,220,545,913,1.565169769989047,0.024999096818047857,614,I'm here to talk about your student loans.
4060,77,118,275,516,909,1.5621562156215623,0.02360100067541436,614,"Oh, so you're the one keeping the hills alive?"
91,78,114,271,504,889,1.5613048368953881,0.02379316036744341,614,Can we possibly do the next lesson at MY house?
4499,79,118,250,498,866,1.5612009237875288,0.02448951097739223,614,That's it? The key to all existence is B?
2556,80,114,275,508,897,1.560758082497213,0.023634329635020757,614,What service elevator?
6254,81,125,190,470,785,1.5605095541401275,0.02684065630559407,614,"If you're shocked about Reagan, you'll never believe who's President now."
374,82,116,250,498,864,1.5578703703703705,0.024432600288111027,614,"Oh, I have a little free time. Not many seek wisdom anymore."
5118,83,111,247,483,841,1.5576694411414982,0.024655862291972967,614,What's the key to life?
860,84,119,197,466,782,1.5562659846547315,0.02656574395108308,614,Does it look like I know the way to San Jose?
1356,85,103,235,455,793,1.5561160151324085,0.025291832202469455,614,I never intended to to make my music accessible.
3032,86,119,218,486,823,1.5540704738760631,0.025541871759763822,614,I’m sorry but I’m not taking any new students.
4176,87,103,232,457,792,1.553030303030303,0.025324413376155975,614,"Welcome to heaven, son. Yeah, most people are disappointed."
3918,88,109,229,471,809,1.5525339925834363,0.025288157601647435,614,"Ok now, from the top."
454,89,111,218,469,798,1.5513784461152882,0.025679125678345134,614,Cliff’s Notes.
6360,90,104,229,460,793,1.5510718789407314,0.025368166471726284,614,Mom says you can stop practicing now.
762,91,94,246,448,788,1.5507614213197969,0.02485030042357345,614,"""You know, 'performing at new heights' is generally taken metaphorically."
4308,92,94,227,435,756,1.5489417989417988,0.025638390837954727,614,"I know I told you that you were capable of playing at a much higher level, but this isn't what I meant."
816,93,101,206,440,747,1.5461847389558232,0.026358071627843496,614,Stairway to Heaven? Two hills over.
5909,93,103,202,442,747,1.5461847389558232,0.02649388405161736,614,"I don't know The Meaning of Life, but if you hum a few bars, I'll play along."
2749,95,95,219,435,749,1.5460614152202938,0.025894425414124334,614,"Wow, so it really is lonely at the top."
235,96,95,185,410,690,1.5434782608695652,0.02756367373608292,614,The first lesson is free.
191,97,98,193,426,717,1.5425383542538353,0.02698933463450452,614,Do you know 'Climb Every Mountain'?
5274,98,88,195,401,684,1.5423976608187135,0.02720542695940082,614,"Yeah, the site is breathtaking, but the acoustics are crap."
5483,99,95,194,420,709,1.541607898448519,0.02700313482376727,614,They didn’t literally mean “Go play it on the mountain”
1945,100,87,201,407,695,1.539568345323741,0.026809017641725465,614,"Anything but ""Climb Every Mountain."""
1170,101,87,198,405,690,1.5391304347826087,0.026955931410289458,614,It's my way or the Steinway
5848,102,91,172,396,659,1.5371775417298938,0.028241087968608046,614,Keep climbing if you want to hear the harps.
6079,103,84,189,393,666,1.5360360360360361,0.02744656206086648,614,"Just passing on a message from the village below. They want to know if you can play ANYTHING other than 'The Hills are Alive', anything at all?"
6225,104,91,174,401,666,1.5345345345345345,0.028019344531351027,614,Is the flood over ??
6437,105,80,191,386,657,1.5342465753424657,0.027396100135068654,614,The recital was yesterday.
110,106,84,154,365,603,1.5339966832504146,0.029600080550703577,614,"No, I'm not a guru. I was banished from civilized society because I composed ""Chopsticks."""
4150,107,84,181,389,654,1.533639143730887,0.027829857762558495,614,"Seriously, you should learn to tune your own piano."
3782,108,75,192,375,642,1.5327102803738317,0.02743805666910162,614,Your lesson was an hour ago.
2408,109,76,186,373,635,1.5322834645669292,0.02775307572847945,614,Which one is the key to happiness?
3255,110,72,190,367,629,1.5310015898251192,0.02758812511660993,614,I see your career has plateaued.
3526,111,76,184,373,633,1.5308056872037914,0.027821122563051286,614,"No, I’ve just come by to tell you I’ve found a new teacher on 46th Street."
5031,112,85,137,357,579,1.5302245250431779,0.03064181252188214,614,"Now, THAT'S what I call a major scale!"
6714,113,68,196,363,627,1.529505582137161,0.02728489270989305,614,"When they said my concert ticket was in the nosebleed section, they weren't kidding."
2454,114,71,182,360,613,1.5285481239804242,0.028029881324415248,614,It's worth it for the acoustics.
6701,114,84,156,373,613,1.5285481239804242,0.029240019660065713,614,There's a cover charge?
274,116,68,190,359,617,1.5283630470016207,0.02761096065670812,614,"Not to be a bother, but would you mind keeping it down?"
654,117,69,164,339,572,1.527972027972028,0.02930832254531285,614,"Ya know, Dad, when you said 'mid-life crisis', I was kinda hoping you meant we were getting a sports car."
5509,118,75,172,363,610,1.5278688524590165,0.02851338424543607,614,"Oh good, my page turner is here. Did you bring a chair?"
3547,119,80,163,370,613,1.526916802610114,0.028875632154663527,614,Your ticket is for next week’s performance
4635,120,50,202,325,577,1.5233968804159446,0.027091755462599752,614,"Well, the tuning is only $90, the other $910 is a inconvenience surcharge."
3636,121,76,149,351,576,1.5225694444444444,0.02988032678554666,614,The villagers want you to stop playing Stairway to Heaven.
87,122,68,166,344,578,1.5224913494809689,0.02898599006732369,614,"No, it was here when I arrived."
2756,122,75,152,351,578,1.5224913494809689,0.029701277336955746,614,So this is where you’ve been Haydn.
2785,124,76,147,350,573,1.5218150087260034,0.029999842992085843,614,They didn't say it was a piano - I'll have to bring another guy.
3018,125,74,142,342,558,1.5197132616487454,0.03040257602196247,614,"Excuse me, would you mind completing a short survey regarding your piano delivery experience?"
388,126,63,162,330,555,1.518918918918919,0.029332806559806537,614,Do you know 'She'll be comin' around the mountain'?
6248,127,66,153,331,550,1.518181818181818,0.02986519260754258,614,I'll be right back. I left my tools in the truck.
3686,128,65,157,332,554,1.5180505415162455,0.02959434045101956,614,"I'd like to hear that once more, from the top."
4486,129,75,134,340,549,1.517304189435337,0.03089080747987691,614,Wait. I could have used the freight elevator?
3120,130,58,164,320,542,1.5166051660516606,0.029278016226552822,614,"My fee for tuning your piano is $75, with travel expenses your bill should about $8,000."
1349,131,63,157,328,548,1.5164233576642336,0.029612280687235818,614,"You haven't made a payment in three months, I'm sorry my boss says I have to take it back."
5591,132,68,141,328,537,1.515828677839851,0.030634103837095923,614,Ticket?
3709,133,75,128,336,539,1.515769944341373,0.03132882458076562,614,"Well, hello Dalai."
317,134,60,154,318,532,1.5150375939849625,0.02991947071641214,614,I thought I heard 'Stairway To Heaven'.
4214,135,57,160,316,533,1.5140712945590995,0.029522696632941898,614,"Yes, I know the meaning of life, and it goes something like this...."
4577,136,58,148,310,516,1.5116279069767442,0.030359368392374988,614,And you're complaining about a backpack?
1296,137,58,151,313,522,1.5114942528735633,0.030101877699293546,614,"You wouldn't happen to know 'Climb Ev'ry Mountain', do you?"
916,138,64,130,312,506,1.5098814229249011,0.031555915619908594,614,Next time let's practice at my place.
3063,138,63,132,311,506,1.5098814229249011,0.031431655078396764,614,You're in luck. I carried a tune.
3704,138,54,150,302,506,1.5098814229249011,0.030290379894876367,614,"I don't think this is what they meant when they said, 'be more like Monk.'"
356,141,52,155,301,508,1.5098425196850394,0.029944970378949963,614,So this is why the hills are alive with the sound of music.
293,142,62,131,308,501,1.5089820359281436,0.031541221062303386,614,These are the Ivory Gates. The Pearly Gates are a little higher.
2458,143,58,140,305,503,1.5089463220675945,0.030939352882526888,614,'How did I get it here? I ordered it on Amazon.'
2010,144,54,129,283,466,1.5085836909871244,0.032185149079868025,614,"No, I don't have any rope, but I can give you a chord."
595,145,52,146,294,492,1.508130081300813,0.030651979054501483,614,So that's what you meant about ending your career on a high note.
5823,146,57,138,301,496,1.5080645161290323,0.03113261543708758,614,"I knew you said you were playing Off-Broadway, but this is ridiculous."
3026,147,52,143,293,488,1.5061475409836065,0.030836288984792345,614,"Hey, thanks for filling in."
1659,148,52,141,292,485,1.5051546391752577,0.030976077792790175,614,"It's lonely at the top, kid."
5608,148,47,151,287,485,1.5051546391752577,0.030280638561010036,614,I'm the drummer. The string section didn't make it.
5869,150,53,140,294,487,1.5051334702258727,0.031019467704452575,614,It's STILL unfinished??
3555,151,54,133,291,478,1.50418410041841,0.03158708689458429,614,"Finally, the old man and the C."
6642,152,54,125,285,464,1.5021551724137931,0.03229032633431421,614,"It looked brown in your Craigslist ad. Sorry, I'm gonna have to pass."
5994,153,55,121,285,461,1.5010845986984815,0.03259136112902656,614,"I don't know ""The Meaning Of Life"" but hum a few bars and I'll fake it."
1692,154,57,116,287,460,1.5,0.03293309011832745,614,"Mr. Steinway, I presume?"
4024,154,42,145,271,458,1.5,0.03079565293490865,614,Don't matter where you came from...I don't do requests.
5174,154,39,151,268,458,1.5,0.030326656199968792,614,"Why, yes, I did pack a candelabra."
1812,157,58,112,287,457,1.49890590809628,0.033239829094247005,614,I was looking for the fool on the hill but I'm pretty sure you'll do.
401,158,58,111,286,455,1.498901098901099,0.033349829347932035,614,"How did I get up here? Practice, practice, practice"
5199,159,60,105,287,452,1.497787610619469,0.0338079167507625,614,"I'll tune it here, once, but after this, you gotta bring it to the shop."
3590,160,51,120,275,446,1.4977578475336324,0.03279814068181114,614,"When you said you ‘made it to the top’, I thought you meant ‘the charts’"
366,161,45,133,271,449,1.4966592427616927,0.03170857370675597,614,Your audition has been moved to next week.
6533,161,53,117,279,449,1.4966592427616927,0.03293896606640977,614,Wow! Made it! Saw the ad... piano still for sale?
6513,163,51,119,275,445,1.496629213483146,0.03285245890615972,614,"The piano tuning is complimentary, but the house call is ten thousand dollars."
2848,164,50,119,273,442,1.495475113122172,0.03286141688178992,614,You're seeing me at my peak.
2224,165,53,112,275,440,1.4954545454545454,0.03343945093308652,614,I’ll be right back with the bench.
1026,166,45,126,268,439,1.4920273348519362,0.03222877079517946,614,Piano tuner??? I’m a locksmith. They said you were having a problem with a Key!!!
6672,167,39,132,256,427,1.4918032786885247,0.03186689611563049,614,I have kind of bad news about the orchestra.
329,168,53,103,269,425,1.4917647058823529,0.034317604558501386,614,"Sorry, I thought they said someone was decomposing up here."
2004,168,42,125,258,425,1.4917647058823529,0.03249017408627457,614,I see why the guide called this a major scale.
3901,170,50,106,264,420,1.4904761904761905,0.0341275347488906,614,They want to know if you can keep it down
4442,171,57,89,269,415,1.489156626506024,0.035596409755997746,614,Sorry. Your ticket is for the Thursday evening performance.
5592,172,48,104,258,410,1.4878048780487805,0.034400120133412,614,Stupid GPS! I'm looking for the Grand Canyon not the Grand Piano!
2244,173,49,103,261,413,1.486682808716707,0.03438470209100617,614,"Tell me, how is it true that one cannot be both upright and grand?"
1070,174,42,114,251,407,1.4864864864864864,0.0335210246259304,614,Finally...someone can help me turn the pages!
2046,174,46,106,255,407,1.4864864864864864,0.034235550725664136,614,"Do you know anything besides ""Climb Every Mountain""?"
6027,174,47,104,256,407,1.4864864864864864,0.03441186414405422,614,Stairway to heaven. Really?
6267,174,44,110,253,407,1.4864864864864864,0.03388017137989236,614,"Just wanted to let you know, that should be an F sharp."
6193,178,39,116,244,399,1.4862155388471179,0.033449080420738846,614,"No, Carnegie Hall is in New York. This is Carnegie Hill."
2135,179,48,99,255,402,1.4850746268656716,0.0349057585294868,614,What do you mean it's sold out?
2845,180,28,138,234,400,1.485,0.03125507477591631,614,I've learned that great acoustics aren''t the only consideration when choosing a venue.
5802,181,35,121,239,395,1.4835443037974683,0.03291831144308173,614,The bass player's stuck in a crevice. Can you vamp for a while?
5442,182,45,99,248,392,1.4821428571428572,0.03501088464960595,614,I'll tune it but I won't move it.
4307,183,44,99,245,388,1.481958762886598,0.03508861566872052,614,I can't work with these interruptions.
4895,183,49,89,250,388,1.481958762886598,0.03602510728522909,614,You the guy who ordered the tux?
6567,185,35,110,229,374,1.481283422459893,0.034221148985269276,614,"My lesson is today, right?"
4669,186,35,113,233,381,1.4803149606299213,0.033769323253732636,614,Your playing has plateaued.
6294,187,45,92,243,380,1.4789473684210526,0.03582421506657985,614,Was that Stairway to Heaven?
4232,188,46,89,243,378,1.4788359788359788,0.03615976659783054,614,"You scale your way, I'll scale mine."
1173,188,42,97,239,378,1.4788359788359788,0.03537500152985313,614,Sounds like your creativity has plateaued
2744,190,33,116,232,381,1.4776902887139107,0.033353395757010226,614,"Welcome, you're the first. It's open seating."
3399,191,48,82,243,373,1.477211796246649,0.03691217970469355,614,"Ok, once more from the top."
1242,191,41,96,236,373,1.477211796246649,0.035519184573188284,614,"10,000 feet and all you’ve got is ‘Chopsticks’?"
5576,193,30,117,224,371,1.477088948787062,0.03333694286790164,614,"I climbed to the top of Everest for piano lessons? (submittd by Wes, age 8)"
2737,194,39,101,236,376,1.476063829787234,0.0349045887438384,614,"You're on in five, sir."
3817,195,38,101,233,372,1.4758064516129032,0.03497075202601235,614,"Nope, I don't play either."
3284,196,46,83,239,368,1.4755434782608696,0.036888589854166924,614,Mom says she can still hear you.
4665,196,42,91,235,368,1.4755434782608696,0.0360767705538585,614,"Steinway, I presume."
4791,196,42,91,235,368,1.4755434782608696,0.0360767705538585,614,Could I have just a moment of your time today to chat about the amazing Book of Mormon?
1233,199,42,90,234,366,1.4754098360655739,0.03622243006601907,614,You gotta make that last payment. I REALLY don’t want to repo this baby!
2533,199,41,92,233,366,1.4754098360655739,0.03601518095761927,614,I thought I heard 'Stairway To Heaven'.
5972,201,52,58,231,341,1.4750733137829912,0.04037923161425643,614,The administration ran out of nominees. We want you to head the VA.
4807,202,36,97,224,357,1.473389355742297,0.035591808246740506,614,Mom says dinner is ready.
3772,203,48,74,238,360,1.4722222222222223,0.03790822599554394,614,Do I know The meaning of life? Hum the first few bars and I'll pick it up
5323,204,33,95,213,341,1.4721407624633431,0.036086996598116906,614,Next time can we rehearse at my home?
3134,205,33,103,223,359,1.4707520891364902,0.034777367377505794,614,You look like you could use some accompaniment.
3397,205,44,81,234,359,1.4707520891364902,0.03715699396932818,614,What a relief! Everyone assumed you were de-composing.
2736,205,31,107,221,359,1.4707520891364902,0.03432698946172169,614,The meaning of life? It goes a little something like this...
3421,208,41,84,228,353,1.4702549575070822,0.03698163894892924,614,"I can play your request, but only once you have freed yourself from the desire to hear it."
6568,209,31,101,216,348,1.4683908045977012,0.03508580582422203,614,"Practice doesn't always get you to Carnegie Hall, my son."
4551,210,37,88,221,346,1.4682080924855492,0.036628258156963245,614,"It’s hard, ya know...I really feel like I’ve hit a plateau here."
5187,210,38,86,222,346,1.4682080924855492,0.03685626031055319,614,"Enlightenment wasn't paying the bills, so I also write jingles."
273,212,33,95,216,344,1.4680232558139534,0.035850269808302734,614,Can you tune a piano?
1505,213,21,121,207,349,1.4670487106017192,0.0325743205073995,614,"Don't worry, I'll have you tuned up in time. The audience is at least two hours behind me."
3198,213,40,83,226,349,1.4670487106017192,0.03706706308028754,614,"Do you know ""Rocky Mountain High""?"
3364,215,38,86,223,347,1.4668587896253602,0.03677465486080998,614,"I ‘m the yodeler, your opening act"
2456,216,34,92,217,343,1.466472303206997,0.036157817755316714,614,"I'm your neighbor from the plateau 2,000 feet below... Do you think you could keep it down?"
3829,217,34,91,216,341,1.466275659824047,0.036310594735508996,614,"Sorry for you trouble. maestro, but the yodelers would rather sing a cappella, after all."
4512,217,31,97,213,341,1.466275659824047,0.035590846918913364,614,Your playing has hit a plateau.
6485,219,28,102,209,339,1.4660766961651917,0.03499961749029826,614,Critics are saying you've plateaued.
1953,220,25,107,205,337,1.4658753709198813,0.03438245426589596,614,Let's take it from the top
4241,220,37,83,217,337,1.4658753709198813,0.03733774737762528,614,Were you the one playing “Climb Every Mountain?”
6076,222,32,92,211,335,1.4656716417910447,0.036290013635254366,614,"My wife actually wants the piano in the living room, after all."
5589,223,40,75,219,334,1.464071856287425,0.0382904235580629,614,Play that one about coming round the mountain
6188,224,28,96,204,328,1.4634146341463414,0.03581268027199727,614,I hear you’ve reached a creative plateau.
1321,225,26,101,204,331,1.4622356495468278,0.03506157145780904,614,"It's $25 for the pedal, and $2500 for shipping and handling."
1809,225,30,93,208,331,1.4622356495468278,0.03609090945771637,614,"The problem is, you're playing too high."
5303,225,37,79,215,331,1.4622356495468278,0.03782490795989641,614,Really? The Hokie Pokie is what it's all about?
5856,228,30,92,207,329,1.4620060790273557,0.03624641625000955,614,I have to cancel next Thursday’s lesson.
5948,229,28,95,204,327,1.4617737003058104,0.03588463846887551,614,I hope you brought some new music.
4596,230,32,86,207,325,1.4615384615384615,0.03707865292903224,614,Masterpiece or not! This is the last time I go for more paper.
6286,230,31,88,206,325,1.4615384615384615,0.03682163970690259,614,"I don't know the meaning of life, but if you hum a few bars I can fake it."
6661,230,36,78,211,325,1.4615384615384615,0.03808936744471314,614,What happened to the restaurant that was here a few weeks ago?
5838,230,31,88,206,325,1.4615384615384615,0.03682163970690259,614,That's what I call a major scale.
5680,234,35,81,212,328,1.4603658536585367,0.03758146171720314,614,Please tell me you're the piano tuner.
853,235,25,98,199,322,1.4596273291925466,0.035460897272650976,614,I hope you're the piano tuner.
4483,235,31,86,205,322,1.4596273291925466,0.0370617330967313,614,The people down below want you to stop playing 'Free Falling'
4504,237,33,81,206,320,1.459375,0.03775019397799401,614,"I don't know ""what's the meaning of life"", can you hum a few bars?"
1991,238,28,90,200,318,1.4591194968553458,0.0365909011717367,614,I climb all the way up here and you go on break?
2277,238,36,74,208,318,1.4591194968553458,0.038699027889968866,614,I'm the repo guy. Please tell me you have the balance owed.
1765,240,33,79,205,317,1.4574132492113565,0.03800350839074629,614,Would you mind keeping it down?
4047,241,31,77,196,304,1.457236842105263,0.03862823915937924,614,"Now that I’ve reached my peak, I just don’t feel like playing anymore”"
6005,242,27,88,197,312,1.455128205128205,0.036795403962169654,614,Maestro! The conductor said take it FROM the top!
3536,242,31,80,201,312,1.455128205128205,0.037899192346590956,614,I'm from the mountain top next door. Could you please keep it down.
6077,242,30,82,200,312,1.455128205128205,0.03762628102241486,614,"They sit at the bar and put bread in my jar and say, ""Man, what are you doin' here?"""
65,242,25,92,195,312,1.455128205128205,0.03623090171175603,614,You know everyone stopped listening right?
379,242,39,64,209,312,1.455128205128205,0.04001553243545805,614,I'm here to collect royalties for the copyrighted music you've been playing.
4437,247,37,67,206,310,1.4548387096774194,0.03968607131672068,614,"No, I won't play "" Climb Every Mountain. """
6687,247,33,75,202,310,1.4548387096774194,0.03861953174131727,614,Excuse me. Do you know how to get to Carnegie Hall?
3911,249,29,78,193,300,1.4533333333333334,0.03841141289583126,614,I'm not taking anymore requests. We're about to close.
3395,249,30,76,194,300,1.4533333333333334,0.03870055793770558,614,You the guy who called for a piano tuner?
4062,249,22,92,186,300,1.4533333333333334,0.03632300692955239,614,What do you mean you found someone else to tune the piano?
4578,252,19,99,185,303,1.4521452145214522,0.03514974874670819,614,"Of all the piano joints in all the towns in all the world, you had to climb into mine."
5942,252,32,73,198,303,1.4521452145214522,0.038982550078964624,614,They heard you in the valley and decided to send a piano tuner.
4377,254,27,81,191,299,1.451505016722408,0.03790885586915392,614,I understand somebody called for a piano tuner.
3836,254,24,87,188,299,1.451505016722408,0.037010036442779226,614,I'm here with the price quote from Acme movers. Are you sitting down..?
4082,254,28,79,192,299,1.451505016722408,0.03820376340858449,614,"Don't feel bad, every pianist eventually plateaus."
5322,257,31,71,194,296,1.4493243243243243,0.03935459981532852,614,Hello. Amazon Prime delivering your new piano strings.
6469,257,28,77,191,296,1.4493243243243243,0.03847170058689202,614,I'm here to compose myself.
4741,259,33,62,191,286,1.4475524475524475,0.04095433850211216,614,They were right - this climb does end on a high note.
181,260,36,58,197,291,1.4467353951890034,0.041297305676775496,614,Can you take it from the top?
6261,260,31,68,192,291,1.4467353951890034,0.03983679208792116,614,"No, it's a great song. But I have some bad news about Sinatra."
3301,262,28,73,188,289,1.4463667820069204,0.039126535478623915,614,"Great! Now, can you turn the pages for me?"
5945,262,23,83,183,289,1.4463667820069204,0.03755981470807954,614,"I'm just a sad guy at the piano, the wisdom guy is two mountains over."
912,264,27,74,186,287,1.4459930313588851,0.03901033382200979,614,Do you know the way to San Jose?
5895,264,21,86,180,287,1.4459930313588851,0.0370892285813301,614,So tell me -- what is the key to happiness?
5780,266,33,61,191,285,1.4456140350877194,0.04105223030897935,614,I can't keep doing this. Just title it 'The Unfinished Symphony' and come on down.
2391,266,29,69,187,285,1.4456140350877194,0.039830226806169856,614,"No, this is Grand Piano. Grand Teton is over there!"
5915,268,25,74,180,279,1.4444444444444444,0.039151295254121664,614,"Well, ordinarily I recommend getting it tuned every year, but let's not let perfect be the enemy of good."
3584,269,19,88,177,284,1.443661971830986,0.0366739450499194,614,I was hoping for angels and harps.
744,269,22,82,180,284,1.443661971830986,0.03767799237892146,614,So this is why the hills are alive with the sound of music.
1365,271,23,72,171,266,1.443609022556391,0.03979913664039508,614,Don't be discouraged: Scales are difficult.
4865,272,27,74,188,289,1.4429065743944636,0.03880111108738497,614,Was I playing too loud?
2831,273,26,72,182,280,1.4428571428571428,0.039369992921298204,614,"Wow, it’s amazing how hard it is to find live music these days!"
2093,274,29,65,184,278,1.4424460431654675,0.040543270799730996,614,"""Johann, come Bach!'"
5310,274,32,59,187,278,1.4424460431654675,0.04149304536528097,614,Dinner's ready
4611,276,25,67,173,265,1.441509433962264,0.04060424756514808,614,O.K. Where do you want it moved to?
6308,277,27,69,183,279,1.4408602150537635,0.03978588705951575,614,Whadd'ya mean you're past your peak? This is simply a plateau.
5996,278,39,44,194,277,1.44043321299639,0.043740019380802256,614,"I requested a page turner, not a cliffhanger"
6250,279,25,67,174,266,1.4398496240601504,0.04048535058075339,614,I wanted this brought down with the 2 tablets.
773,280,28,64,181,273,1.4395604395604396,0.040741079168891366,614,Can you play Stairway to Heaven?
5701,280,25,70,178,273,1.4395604395604396,0.03973706054121376,614,Mom says you can stop lessons if you just come home.
322,280,33,54,186,273,1.4395604395604396,0.042361595628141596,614,"Please stop playing, “Climb every mountain”."
613,280,24,72,177,273,1.4395604395604396,0.039396702019240455,614,I don't mind going out of my way to support the arts.
6358,284,25,69,177,271,1.4391143911439115,0.039944164161557535,614,Let what be?
855,285,28,66,184,278,1.4388489208633093,0.04020252854276785,614,The guy on the next mountain over says you're interfering with his meditation.
3391,286,29,59,179,267,1.4382022471910112,0.041738962440280046,614,Next time band practice is at my house...
6069,287,29,58,178,265,1.4377358490566037,0.041968201347892815,614,The couple in K-2 say to keep it down.
5923,287,21,74,170,265,1.4377358490566037,0.03914879064393566,614,Can you keep it down please? We're trying to sleep in Base Camp.
4742,287,17,82,166,265,1.4377358490566037,0.03766001528326057,614,Keep practicing and I'll see you next week.
5006,290,31,57,184,272,1.4375,0.04182351456704922,614,Did you bring the piano bench?
6096,290,23,73,176,272,1.4375,0.039142628636830525,614,The key to life is B-natural.
3826,292,25,68,177,270,1.4370370370370371,0.04003812544030554,614,"I've plateaued, son."
4261,292,23,72,175,270,1.4370370370370371,0.03934434937512661,614,So you're a soloist?
4970,292,24,70,176,270,1.4370370370370371,0.03969275322099532,614,The bad news is that the tuba player won't make it
6198,292,20,78,172,270,1.4370370370370371,0.038280116721603676,614,I fear my musical career has reached a plateau.
6169,296,22,70,169,261,1.4367816091954022,0.03993195224104109,614,Let''s try that scale again.
1012,297,15,87,166,268,1.4365671641791045,0.03661299649764086,614,Didn't there used to be a restaurant up here?
2923,297,23,71,174,268,1.4365671641791045,0.039548863551076036,614,"Sorry, I'm not feeling well today and have to cancel your lesson."
3534,299,30,55,179,264,1.4356060606060606,0.042414133694348176,614,Yes but are you THE Piano Man?
5597,300,23,65,167,255,1.4352941176470588,0.040963076597076084,614,"Nice scale, now try it descending."
3490,301,26,61,173,260,1.4346153846153846,0.041484278646151354,614,Can we count on your donation to the alumni association?
2416,302,26,57,168,251,1.4342629482071714,0.042560542983501634,614,Darn. This used to be a great little Italian restaurant.
4710,303,25,58,166,249,1.4337349397590362,0.04242698446338033,614,"Our climbing team wants you to know we're getting tired of ""Rocky Mountain High""."
4734,303,31,46,172,249,1.4337349397590362,0.04465842250362315,614,The moving company says no.
4671,303,25,58,166,249,1.4337349397590362,0.04242698446338033,614,"I thought I heard someone playing ""The Fool on the Hill."""
351,306,22,67,167,256,1.43359375,0.040461320670920384,614,It's free if you can haul it away.
3812,307,27,60,176,263,1.4334600760456273,0.041484644102637594,614,There was no piano on the other mountain top. Apparently it was an echo.
239,307,26,62,175,263,1.4334600760456273,0.04113332770036419,614,"""Can you tell me the meaning of Philip Glass's music?"
6519,309,21,74,173,268,1.4328358208955223,0.03881220467898862,614,Please tell me you're the tuner.
2986,309,21,74,173,268,1.4328358208955223,0.03881220467898862,614,We can get it down but I'm not sure it will go in the van
4333,311,18,76,165,259,1.4324324324324325,0.03860105848697029,614,Is this a bad time?
4890,311,28,56,175,259,1.4324324324324325,0.04230064232607492,614,Haven't had a crowd this big in years
5380,313,25,60,170,255,1.4313725490196079,0.04168539389700374,614,Thank God you're here; I need you to turn the page.
1978,313,23,64,168,255,1.4313725490196079,0.04093794179107307,614,Please don't tell me you forgot the bench.
1613,313,26,58,171,255,1.4313725490196079,0.042054138410837674,614,"No Grandpa, this is NOT how you save music to the cloud!"
4926,316,28,56,176,260,1.4307692307692308,0.04217044455220988,614,"So the key to happiness is the fourth, the fifth, the minor fall and the major lift?"
1267,317,23,58,161,242,1.4297520661157024,0.042492267903579475,614,Telegram from Juilliard Admission — I’m afraid it’s bad news...
233,318,24,62,170,256,1.4296875,0.041186146173709394,614,I’ve peaked.
2040,319,21,67,166,254,1.4291338582677164,0.04027240842186367,614,"If I fall, I'd like to go out on a high note."
3862,319,27,55,172,254,1.4291338582677164,0.04252766665870714,614,Mom says it's time for dinner
2828,321,24,60,168,252,1.4285714285714286,0.04164802954737163,614,Sounds like you've peaked.
320,322,25,51,160,236,1.4279661016949152,0.04408287766578214,614,All I’m saying is the Craigslist photos made it look like real mahogany.
5661,322,21,59,156,236,1.4279661016949152,0.04241523307200745,614,"""I couldn't wait any longer. I tuned it myself""."
6269,324,26,54,168,248,1.4274193548387097,0.04289189259777029,614,You the guy who ordered the panini tuna
3054,324,21,64,163,248,1.4274193548387097,0.04094465943521551,614,"Ain't no mountain high enough, really?"
5750,324,22,62,164,248,1.4274193548387097,0.04134144408624786,614,Can you tell me how to get to Carnegie Hall?
2989,324,20,66,162,248,1.4274193548387097,0.040543991828570686,614,"Sorry, no requests."
4534,328,14,80,159,253,1.4268774703557312,0.037550232621249964,614,This time I'm teach you how to tune it yourself.
1077,329,27,51,168,246,1.4268292682926829,0.04352612347860728,614,Is this the Steinway to enlightenment?
1323,330,16,72,156,244,1.4262295081967213,0.03932064325122569,614,Are you the guy who called for a piano tuner?
1853,331,22,51,150,223,1.4260089686098654,0.044612179906499,614,Turns out we don't have that part in stock.
5946,331,27,41,155,223,1.4260089686098654,0.0468213873534373,614,You're on next.
3963,333,21,64,164,249,1.4257028112449799,0.04081600267972276,614,"Nope, this is Elton John covers. Meaning of life is two peaks over."
4302,334,20,60,155,235,1.425531914893617,0.0420961085081515,614,Yeah I’m gonna have to take her back to the shop if you want it fixed right.
5819,335,20,68,166,254,1.4251968503937007,0.039855708314560985,614,You call for a piano tuner?
2293,336,23,58,164,245,1.4244897959183673,0.04207980859601089,614,Of all the bars in all the world...
3873,336,24,56,165,245,1.4244897959183673,0.04247547877104946,614,Looks like you've reached the height of your musical career.
5054,338,25,53,165,243,1.4238683127572016,0.04312030465851262,614,So worth it. The acoustics are amazing
3488,338,22,59,162,243,1.4238683127572016,0.041920523240797425,614,"no, you're a couple miles off; this is the (italicize next word, please) Baby Grand Canyon."
3513,338,22,59,162,243,1.4238683127572016,0.041920523240797425,614,"Finally, He said, ""It's either my way or the Steinway."""
4616,338,19,65,159,243,1.4238683127572016,0.04068537653410042,614,I was beginning to wonder if anyone would show up.
2605,342,22,61,165,248,1.4233870967741935,0.04131197677052445,614,Now try it with a piano on your back.
62,343,21,60,160,241,1.4232365145228216,0.041752306633813505,614,"Actually, there are 88 keys to enlightenment."
2616,343,24,54,163,241,1.4232365145228216,0.042976616305591256,614,Am I too late for my lesson?
4443,343,26,50,165,241,1.4232365145228216,0.043773803150979416,614,The key to life is B#??
5141,343,26,50,165,241,1.4232365145228216,0.043773803150979416,614,The ending is a real cliffhanger
6117,343,13,76,152,241,1.4232365145228216,0.03829660476273653,614,"I don't know the path to enlightenment. But if you hum a few bars, I can fake it."
1672,348,21,59,159,239,1.4225941422594142,0.041995425459192534,614,"I thought once I reached a higher plane, the songs would write themselves."
2095,348,22,57,160,239,1.4225941422594142,0.042411982590021984,614,"Forget the jingle, Moses, just walk down the mountain and SPEAK the words of the covenant."
2204,348,24,53,162,239,1.4225941422594142,0.043233057752740445,614,It’s a Steinway to heaven
5952,348,24,53,162,239,1.4225941422594142,0.043233057752740445,614,The applause ended last year. That's a waterfall.
6564,348,26,49,164,239,1.4225941422594142,0.04403882716521017,614,You honestly can’t play ‘Ain’t No Mountain High Enough’?
4960,353,20,60,157,237,1.4219409282700421,0.04181695142394633,614,I'm sorry. I no longer take requests.
5560,353,12,76,149,237,1.4219409282700421,0.03824389859974938,614,Looks like I’ve reach another creative plateau.
691,355,25,50,163,238,1.4201680672268908,0.043753765172432506,614,I'm Guru Stein. Have you come to learn the Stein way?
5112,355,15,70,153,238,1.4201680672268908,0.039494553524936575,614,There was no room for it in the cave.
2334,357,17,63,151,231,1.41991341991342,0.04121904830221006,614,""" Ain't no Mountain High Enough "" ? Sure, I get that request a lot."
3791,358,23,53,160,236,1.4194915254237288,0.04319346088012555,614,"Elton, it might be time to end your farewell tour."
615,359,25,48,161,234,1.4188034188034189,0.04429138441478821,614,You're alive! Rumour was you were up here decomposing.
79,359,22,54,158,234,1.4188034188034189,0.04303114468650345,614,"Wow, how did you get up here?” “Practice, practice, practice."
350,361,25,47,160,232,1.418103448275862,0.044566706469286094,614,"No, this is Baroque.. Enlightenment is two peaks over to the left."
2932,361,15,67,150,232,1.418103448275862,0.04016218740503391,614,The recital was last week.
3472,361,18,61,153,232,1.418103448275862,0.0415326173707581,614,The first movement was a little rocky.
5809,361,21,55,156,232,1.418103448275862,0.042859250042138274,614,The neighbors were complaining
5815,361,24,49,159,232,1.418103448275862,0.04414603405384523,614,Could you keep it down? Thanks.
4404,366,18,43,128,189,1.417989417989418,0.04803314762558958,614,Did you bring the piano bench?
176,367,13,65,140,218,1.4174311926605505,0.04086892880265588,614,Is this the piano that needs tuning?
2088,368,25,46,159,230,1.4173913043478261,0.04484651689387907,614,"Well, looks like we’ve both hit a plateau..."
3975,368,22,52,156,230,1.4173913043478261,0.04355792966621229,614,"""The Meaning of Life?"" Hum a few bars and I'll fake it."
332,368,19,58,153,230,1.4173913043478261,0.04223004139354367,614,Good news! You won the alternative rock category.
6593,371,10,75,143,228,1.4166666666666667,0.03817273825992392,614,I hope you worked out that piece because the whole band is right behind me.
6696,372,19,52,146,217,1.4147465437788018,0.04398269101756226,614,"Sorry, I’m a tenor, not a tuner."
2476,373,13,66,143,222,1.4144144144144144,0.040348718890386444,614,Looks like you've reached a plateau.
956,373,15,62,145,222,1.4144144144144144,0.04134668800991958,614,You got up here in sandals??
6516,375,21,52,154,227,1.4140969162995596,0.04349970433438698,614,So how is Ten Commandments-The Musical coming?
2894,375,16,62,149,227,1.4140969162995596,0.04119830218204343,614,"No, I won’t play “Climb Every Mountain” again."
1291,377,22,45,148,215,1.413953488372093,0.045715861612044655,614,She said you can practice at home...
839,378,19,55,151,225,1.4133333333333333,0.042854497272841,614,And I say your Craigslist ad never said the bench WASN'T included.
2418,378,22,49,154,225,1.4133333333333333,0.04422166387140533,614,"""The Secret to Life""? No, but if you hum a few bars..."
3097,378,22,49,154,225,1.4133333333333333,0.04422166387140533,614,"'No, son, I don't know the secret to happiness. But maybe if you hum a few bars...'"
3787,378,19,55,151,225,1.4133333333333333,0.042854497272841,614,Take Five.
6608,378,20,53,152,225,1.4133333333333333,0.04331501444292125,614,Looks like you're decomposing up here.
4305,378,16,61,148,225,1.4133333333333333,0.04144225280387539,614,Sorry I'm late
6048,384,9,74,140,223,1.4125560538116593,0.03814806650102839,614,Someone call for a page turner?
1396,384,20,52,151,223,1.4125560538116593,0.04358515293866262,614,Baroque-back Mountain
3408,384,18,56,149,223,1.4125560538116593,0.04264818014417845,614,I reached my peak a long time ago.
4016,384,25,42,156,223,1.4125560538116593,0.04584387935567186,614,"Yeah, this the one on Craig's List."
1017,388,13,65,143,221,1.411764705882353,0.04044421476190168,614,"Okay, so there is a mountain high enough."
4225,388,11,69,141,221,1.411764705882353,0.039414005597006516,614,"Oh, it's you up here. I thought the hills were alive."
5237,388,17,57,147,221,1.411764705882353,0.042429657654979434,614,Truck’s here. Where d’ya want the fridge?
6067,388,17,57,147,221,1.411764705882353,0.042429657654979434,614,We used to just yodel but this really completes the sound.
5410,388,16,59,146,221,1.411764705882353,0.04194210907269415,614,The whole canyon agrees you should try it again in D Flat.
3944,393,20,53,154,227,1.4096916299559472,0.04300935543651021,614,Do you know the Grand Canyon Suite?
5748,394,17,54,144,215,1.4093023255813955,0.04322909341486268,614,Hey! can you keep it down?
974,394,19,50,146,215,1.4093023255813955,0.044223208157334715,614,You're behind in your payments; I'm here to repossess the piano.
867,396,13,64,143,220,1.4090909090909092,0.0405395885981507,614,"""Climb Every Mountain""?! You've got to be kidding me."
2773,397,15,56,140,211,1.4075829383886256,0.04274170381822649,614,Never mind. I thought tonight was Yo-Yo Ma.
3717,397,8,70,133,211,1.4075829383886256,0.03887026471600449,614,Thanks. That ascending scale really helped.
1508,397,13,60,138,211,1.4075829383886256,0.04167229498395703,614,"Hi, are you the guy who called for a piano tuner ?"
2024,400,21,46,149,216,1.4074074074074074,0.04502562868336451,614,Can you keep it down? People are trying to sleep at base camp!
1746,400,21,46,149,216,1.4074074074074074,0.04502562868336451,614,Maybe we could do next week’s lesson at my place?
5194,400,18,52,146,216,1.4074074074074074,0.04356728442218941,614,"Um, I'm from the mountain next door, and some of us are trying to sleep...."
5399,403,15,53,136,204,1.4068627450980393,0.043740405015611696,614,"Secret of Life ? Nah, I'm just here to tune the piano."
2220,404,15,57,142,214,1.4065420560747663,0.04231851771752016,614,You do realize a Bosendorfer sounds tinny at altitude.
4301,404,10,67,137,214,1.4065420560747663,0.03964179734715812,614,And I thought ticket prices were steep.
300,404,17,53,144,214,1.4065420560747663,0.04334294498261549,614,I'm here for the page-turner position.
6099,407,19,51,149,219,1.4063926940639269,0.04361811203268778,614,Wait...so you're not taking requests?
1143,407,16,57,146,219,1.4063926940639269,0.04215286694226374,614,What happened to the restaurant that was here last month?
2210,409,19,48,145,212,1.4056603773584906,0.04463359618208708,614,"Sorry, the Groupon clearly says that the lessons are 20% off before noon, mountain time."
2232,409,17,52,143,212,1.4056603773584906,0.043620367546405706,614,I came here for the piano on Craig’s List.
5116,409,21,44,147,212,1.4056603773584906,0.04562432850363622,614,"No matter where you go, critics will always follow!"
5904,409,22,42,148,212,1.4056603773584906,0.04611171297012029,614,Could you play something uplifting?
4992,413,18,45,137,200,1.405,0.045994045933213275,614,"I don’t mean to treble you, but is this clef taken?"
4927,413,20,41,139,200,1.405,0.04707392881276585,614,Pizza delivery for Mark?
2216,413,13,55,132,200,1.405,0.0431763358785747,614,So that's why they call it the Grand Canyon...
5786,413,7,67,126,200,1.405,0.03953085430661795,614,We just changed venues. Hope it's not a problem.
4586,417,17,51,142,210,1.4047619047619047,0.04390259265377565,614,"Wow, a Canyon Grand!"
5845,417,17,51,142,210,1.4047619047619047,0.04390259265377565,614,Now hold your breath. I got you a two week gig on the Matterhorn.
1633,419,17,53,145,215,1.4046511627906977,0.04318229853925604,614,Take it from the top!
774,420,15,54,139,208,1.4038461538461537,0.04312576861182125,614,I’m your new page-turner.
5618,420,13,58,137,208,1.4038461538461537,0.04203486233526924,614,I saw your ad on Craig's list. Does the price include delivery?
2198,422,14,47,125,186,1.403225806451613,0.045983098532587266,614,Can you play an ascending scale?
14,423,18,47,141,206,1.4029126213592233,0.045011181400119255,614,Practice is cancelled?
175,424,9,67,135,211,1.4028436018957346,0.03939233012000007,614,Remote? Actually I've always found your music quite accessible.
1982,425,10,62,132,204,1.4019607843137254,0.040830511620377076,614,"Being the only piano tuner in the Himalayas isn't easy, either."
2451,426,21,42,146,209,1.4019138755980862,0.04606308644334208,614,I need to cancel next Tuesday's lesson.
6372,426,10,64,135,209,1.4019138755980862,0.040196207012513974,614,"excuse me, could you keep it down up here"
3111,428,19,45,143,207,1.4009661835748792,0.045355509530951965,614,I’m sorry. The recital is tomorrow at 2 pm.
4870,428,21,41,145,207,1.4009661835748792,0.046378081842429336,614,"""Sorry, I don't know 'The Meaning Of Life', but if you hum a few bars I can fake it""."
2846,428,3,77,127,207,1.4009661835748792,0.0361481451840324,614,I'd say you're at peak performance.
147,428,21,41,145,207,1.4009661835748792,0.046378081842429336,614,Seriously? Do I have a ticket?
5195,428,8,67,132,207,1.4009661835748792,0.03925810714582253,614,"I know we've worked together for forty years, but my knees are shot. You're going to have to find another tuner."
2310,433,6,68,126,200,1.4,0.03882702265745097,614,We've decided to go with the singing nun instead.
5026,433,20,42,143,205,1.4,0.0461838796689074,614,"Yes, I'm the Messiah. But I'm no Handel."
5930,433,18,42,135,195,1.4,0.04678396195231429,614,I brought the tip jar.
5855,433,13,56,136,205,1.4,0.042404984231918186,614,Can you help me? Im looking for the lost symphony
4400,433,24,34,147,205,1.4,0.04821044256050221,614,"Excuse me, do you know the way to San Jose?"
1066,433,22,38,145,205,1.4,0.047208036991340796,614,So this is where the one hit wonders go...
3265,433,4,74,127,205,1.4,0.036983328931326054,614,"The concert is over, but for twenty bucks I can tell you the secret of eternal happiness.”"
2582,433,16,50,139,205,1.4,0.04406421122254151,614,"I’ll be, Bach."
1353,433,16,50,139,205,1.4,0.04406421122254151,614,Really? My lesson was Tuesday?
1341,433,10,62,133,205,1.4,0.04067813497142791,614,I'd like to end this climb on a high note.
3571,433,16,50,139,205,1.4,0.04406421122254151,614,Sorry I'm late. Parking was a nightmare.
1046,433,17,48,140,205,1.4,0.044603572932183304,614,"Meaning of life? Bring the flute, leave the piano."
862,433,18,46,141,205,1.4,0.0451364899606564,614,OMG! It's a Baldwin.
646,433,17,48,140,205,1.4,0.044603572932183304,614,How the hell'd you even GET a Coke to spill on the keyboard?
661,447,15,51,137,203,1.3990147783251232,0.04380341074895423,614,Still unfinished?
1013,447,21,39,143,203,1.3990147783251232,0.047025300580540344,614,I’m here from the homeowner association. We’ve had complaints.
5956,447,21,39,143,203,1.3990147783251232,0.047025300580540344,614,"Thank God you're finally here, I was starting to decompose."
4989,450,12,56,133,201,1.3980099502487562,0.042367500211032375,614,"So before I leave, just the sheet music for “Autumn Leaves” and toilet paper?"
4656,450,12,56,133,201,1.3980099502487562,0.042367500211032375,614,Is this a bad time?
1926,450,13,54,134,201,1.3980099502487562,0.04295062651362519,614,"Don't fret, even Ludwig von Beethoven hit a plateau."
512,450,17,46,138,201,1.3980099502487562,0.045207978201168224,614,Could you play a little lower?
248,450,13,54,134,201,1.3980099502487562,0.04295062651362519,614,I wouldn't have written that concerto if I'd known it was this lonely at the top.
16,450,19,42,140,201,1.3980099502487562,0.046295396969887735,614,Can you play 'Climb Every Mountain'?
1198,450,18,44,139,201,1.3980099502487562,0.04575491817081958,614,"The people down in the village say if they hear ""Heart and Soul"" one more time they're coming after you."
844,457,15,49,135,199,1.3969849246231156,0.04438932799497002,614,I climbed every mountain.
2869,457,18,43,138,199,1.3969849246231156,0.04607264887144119,614,The band would love to have you back if this solo thing doesn't work out.
3597,457,17,45,137,199,1.3969849246231156,0.045518459214942866,614,"What do you know? The hills ARE alive with the sound of music!"""
4133,457,18,43,138,199,1.3969849246231156,0.04607264887144119,614,"At the height of his illustrious career, Harold enjoyed unlimited pizza, free because it always took over thirty minutes to arrive."
4563,457,17,45,137,199,1.3969849246231156,0.045518459214942866,614,"Your playing is terrific, but the place lacks atmosphere."
4801,457,17,45,137,199,1.3969849246231156,0.045518459214942866,614,You want the meaning of life? Can you hum a few bars?
4622,457,15,49,135,199,1.3969849246231156,0.04438932799497002,614,"You've aged well, Schroeder. And that piano!"
2768,464,14,52,136,202,1.396039603960396,0.04335472668094264,614,Can you play “The Hokey Pokey”? I hear that’s what it’s all about...
3779,465,15,48,134,197,1.3959390862944163,0.04469029423678202,614,So there really ain't no mountain high enough to keep you from getting to me.
6494,465,7,64,126,197,1.3959390862944163,0.039784965117752584,614,"So, it's true. You peaked."
5907,465,12,54,131,197,1.3959390862944163,0.042916550337709365,614,"This will be my last lesson, I’m taking up the violin."
2586,468,17,45,138,200,1.395,0.0453337705664204,614,Could you play 'Night on Bald Mountain'?
2723,468,22,35,143,200,1.395,0.048025066737859716,614,Do you know the stairway to heaven?
3465,470,14,49,132,195,1.3948717948717948,0.044405454067136675,614,"No I don't know ""Stairway to Heaven""."
1207,470,15,47,133,195,1.3948717948717948,0.04499680483116321,614,Request night is Thursday.
5607,472,15,48,135,198,1.393939393939394,0.04450895645663831,614,Bob! You are going to feel like a fool bringing yours. There is another piano up here!
629,472,16,46,136,198,1.393939393939394,0.04508127513511808,614,Can you keep it down ?
1440,472,17,44,137,198,1.393939393939394,0.045646418597273385,614,I’m looking for bass camp.
5800,472,5,68,125,198,1.393939393939394,0.038318475639905446,614,"Great, you made it! Now help me bring up the fridge."
3136,472,8,62,128,198,1.393939393939394,0.040275651009187875,614,But at basecamp they said you DID take requests.
6255,472,13,52,133,198,1.393939393939394,0.04334165293295061,614,There's a cover?
5773,478,21,35,140,196,1.3928571428571428,0.04818799310228157,614,You the guy who called for a piano tuner?
5012,478,16,45,135,196,1.3928571428571428,0.04539206495016018,614,"No, I don't know ""The Meaning of Life."" Can you hum a few bars?"
6491,478,15,47,134,196,1.3928571428571428,0.044811950824332175,614,Any last requests?
2970,478,19,39,138,196,1.3928571428571428,0.04708954694739742,614,Can you play Rockmaninoff?
2358,478,19,39,138,196,1.3928571428571428,0.04708954694739742,614,So the lyric ‘climb every mountain’ is just a metaphor ?!
5587,478,17,43,136,196,1.3928571428571428,0.045964858143985994,614,"I'm afraid I don't know the meaning of life, but maybe you can hum a few bars?"
464,484,9,57,125,191,1.3926701570680629,0.04184691037532808,614,"I’m sorry, but your pizza might be a little cold"
2777,485,15,48,136,199,1.3919597989949748,0.04432895192584085,614,"""Stairway to Heaven"" turns out to be quite misleading."
41,486,15,46,133,194,1.3917525773195876,0.04512054497640485,614,You must be the Abominable Chopin.
330,486,10,56,128,194,1.3917525773195876,0.04205691178575074,614,"I will play you the Hokie Pokie , because that is what it is all about"
1277,486,19,38,137,194,1.3917525773195876,0.047429182777889566,614,Enlightment? Well maybe if you hum a few bars...
3837,489,3,68,118,189,1.3915343915343916,0.03789552010842956,614,"Great job today Alan, saw some real progress since our last lesson. Same time next week?"
2738,489,13,48,128,189,1.3915343915343916,0.04470954425608501,614,"Hi neighbor, would you mind taking it down a notch after 8?"
1743,489,12,50,127,189,1.3915343915343916,0.044075572114913954,614,"Climb every mountain, then what?"
1733,489,8,58,123,189,1.3915343915343916,0.04144281476851695,614,"Hi, I'm your piano mover."
2716,493,15,47,135,197,1.3908629441624365,0.04462847579801005,614,"Finally, an audience!"
6441,493,16,45,136,197,1.3908629441624365,0.04520506852939434,614,"Thank God, I’ve been waiting for years! Do you know the song Heart and Soul?"
5480,493,17,43,137,197,1.3908629441624365,0.04577439884303135,614,I'll be right back with a tuning fork
669,493,14,49,134,197,1.3908629441624365,0.04404433542874609,614,"Excuse me, can you play Rocky Mountain High?"
2709,497,12,49,126,187,1.3903743315508021,0.04437889518305591,614,I got your note.
2202,498,17,37,128,182,1.39010989010989,0.048441874411221136,614,"Really? ""How did I get it up here"" is your first question? Really?"
556,499,8,60,127,195,1.3897435897435897,0.040607170539448526,614,What do you mean? Who would shlep a clarinet up a mountain?
1895,500,19,36,135,190,1.3894736842105264,0.048128132194807605,614,"Sorry, this is base clef camp. Base camp is the next peak over."
4015,500,16,42,132,190,1.3894736842105264,0.04635981806424808,614,Really? The yetis like Schumann?
5588,500,13,48,129,190,1.3894736842105264,0.04452132470333165,614,"Of all the cliff joints in all the world, he has to show up at mine."
5533,503,15,43,130,188,1.3882978723404256,0.04608160065048005,614,It took me 46 years to put this thing together. I hope you're a tenor.
5459,503,14,45,129,188,1.3882978723404256,0.04546014325841207,614,You got all the way up here in sandals?
5320,503,15,43,130,188,1.3882978723404256,0.04608160065048005,614,I always wanted to end the climb in a high note.
3427,503,15,43,130,188,1.3882978723404256,0.04608160065048005,614,Are you still taking requests?
3366,503,17,39,132,188,1.3882978723404256,0.04730002648392784,614,Did you call a tuner?
3334,503,23,27,138,188,1.3882978723404256,0.05078019560803334,614,did you bring the other piano?
5717,503,7,59,122,188,1.3882978723404256,0.04084604718978961,614,"I would clap, but my arms are kind of busy at the moment..."
2657,503,15,43,130,188,1.3882978723404256,0.04608160065048005,614,"I've come to see that, yes, your musicianship has reached a plateau."
1996,503,17,39,132,188,1.3882978723404256,0.04730002648392784,614,"This is orchestra seating, balconies are higher up."
1780,503,17,39,132,188,1.3882978723404256,0.04730002648392784,614,A real wise man would have thought about taking a few lessons before lugging that thing up a mountain.
1747,503,16,41,131,188,1.3882978723404256,0.04669478784559685,614,"Finally, an audience!"
1244,503,15,43,130,188,1.3882978723404256,0.04608160065048005,614,Talk about nosebleed seats.
566,503,14,45,129,188,1.3882978723404256,0.04546014325841207,614,Here to learn the 88 keys to success?
308,503,14,45,129,188,1.3882978723404256,0.04546014325841207,614,Can you keep it down ?
2680,503,16,41,131,188,1.3882978723404256,0.04669478784559685,614,Well this climb certainly ended on a high note.
6572,518,8,55,120,183,1.3879781420765027,0.04225009248552455,614,"You're late again, Krimwald, and I have another pupil coming in 17 minutes."
1092,519,11,50,125,186,1.3870967741935485,0.043838304335362246,614,The record company sent me. They want their advance back.
3896,519,16,40,130,186,1.3870967741935485,0.04703626389115999,614,Can I have the name of your sherpa?
319,521,15,43,131,189,1.3862433862433863,0.045883153606487516,614,I'm answering your ad about a piano for sale.
376,522,14,43,127,184,1.3858695652173914,0.0461139096223114,614,Nobody told me about a cover charge.
2775,522,14,43,127,184,1.3858695652173914,0.0461139096223114,614,Scaling. Tell me about it.
5224,524,9,52,121,182,1.3846153846153846,0.043058965701206736,614,"Sorry, we're closed on Mondays."
3109,524,12,46,124,182,1.3846153846153846,0.04512441502050706,614,"OK, once again from the top."
977,526,16,39,130,185,1.3837837837837839,0.04717375168628797,614,Did I just hear 'Mussorgsky's Night on Bald Mountain?'
5204,526,13,45,127,185,1.3837837837837839,0.045266981657915706,614,You the guy that called for a tuning
5397,526,15,41,129,185,1.3837837837837839,0.0465468413705921,614,The piano tuner sends his regrets
5983,526,17,37,131,185,1.3837837837837839,0.04779243930518771,614,Key changes come from within.
6175,526,9,53,123,185,1.3837837837837839,0.042592041534729265,614,I came here to get better but I've just kind of plateau'd.
2112,526,17,37,131,185,1.3837837837837839,0.04779243930518771,614,You beat me to the top AND you brought a piano?
3206,526,5,61,119,185,1.3837837837837839,0.03973744299491511,614,"Next time, tune it yourself!"
1284,533,18,33,129,180,1.3833333333333333,0.049375365857573274,614,"I came to put bread in your jar and say, “Man, what are you doing here?”"
6383,534,12,33,104,149,1.3825503355704698,0.05181042638916095,614,This appears to be one of the more difficult passages.
6727,535,13,44,126,183,1.3825136612021858,0.04558975345934882,614,"Ah, a true master of scaling."
3451,535,19,32,132,183,1.3825136612021858,0.0493834087801446,614,I'm here for the page turner job
4959,535,5,60,118,183,1.3825136612021858,0.03997538864685788,614,I climbed all this way for Shostakovich?
4507,535,13,44,126,183,1.3825136612021858,0.04558975345934882,614,"I knew it was too good to be true when you said""I love playing the piano and getting high""."
3701,535,12,46,125,183,1.3825136612021858,0.04492634394324891,614,I suppose there’s more than one way to scale a mountain.
6277,535,14,42,127,183,1.3825136612021858,0.04624364670807566,614,"Your Craig's List ad said if you pick it up, you can have it."
1681,535,11,48,124,183,1.3825136612021858,0.04425299017840477,614,Is this where the outdoor concert is?
1326,535,13,44,126,183,1.3825136612021858,0.04558975345934882,614,Sorry you had to wait so long. It's a long way from bass camp all the way up here to the treble cliff.
1224,535,13,44,126,183,1.3825136612021858,0.04558975345934882,614,"No, I don't know the meaning of life, but if you hum a few bars..."
1212,535,14,42,127,183,1.3825136612021858,0.04624364670807566,614,"I don't know. Same as you, I guess. Because it's there."
467,535,15,40,128,183,1.3825136612021858,0.04688842182499243,614,We meet again.
237,535,15,40,128,183,1.3825136612021858,0.04688842182499243,614,"Wow, I thought bringing my accordion was tough."
83,535,20,30,133,183,1.3825136612021858,0.049987701518713304,614,"If you are Sam, I'm to tell you to play it again."
1969,535,14,42,127,183,1.3825136612021858,0.04624364670807566,614,"This is the piano bar. The restaurant is on K-4, two ridges over. And you'd best have a reservation, they don't take climb-ins."
4105,549,16,33,121,170,1.3823529411764706,0.050111973062216215,614,"Base camp? No, this is piano camp."
1352,550,15,41,130,186,1.381720430107527,0.04634187097009756,614,"What is the meaning of ""Ob-La-Di, Ob-La-Da""?"
5727,550,10,51,125,186,1.381720430107527,0.04309241013415437,614,You the guy that called for a piano tuner ?
6648,552,13,43,125,181,1.3812154696132597,0.04591880782549059,614,"Something uplifting, please."
5485,552,18,33,130,181,1.3812154696132597,0.049147468735831194,614,They said you were decomposing.
4076,552,16,37,128,181,1.3812154696132597,0.04788213627992633,614,Are you the guy who's looking to sell a piano?
2426,552,14,41,126,181,1.3812154696132597,0.046582445903144344,614,They sent me to ask you not to practice before 10 AM.
1808,556,13,41,122,176,1.3806818181818181,0.04681211346374087,614,I guess you might say I've been decomposing.
3778,557,16,38,130,184,1.3804347826086956,0.04731115479025063,614,"I guess ""practice, practice, practice"" didn't get you to Carnegie Hall."
173,557,12,46,126,184,1.3804347826086956,0.04472984733504858,614,Please tell me you play duets
3900,557,9,52,123,184,1.3804347826086956,0.042691564141982746,614,You left out some pertinent info when you asked me to help you move.
6617,560,16,36,127,179,1.3798882681564246,0.04824703062378453,614,Let's take it from the top
6020,560,15,38,126,179,1.3798882681564246,0.047592071454965336,614,I heard the sound of music.
4584,560,12,44,123,179,1.3798882681564246,0.0455707490552975,614,I am the piano tuner.
4014,560,13,42,124,179,1.3798882681564246,0.04625433891105541,614,"Hey, could you keep it down?"
4210,560,10,48,121,179,1.3798882681564246,0.04417184365843413,614,"So, you're saying A minor has been the key to enlightenment this whole time?"
1888,560,12,44,123,179,1.3798882681564246,0.0455707490552975,614,"Do you know ""On Top Of Old Smoky?"""
1685,560,16,36,127,179,1.3798882681564246,0.04824703062378453,614,Encore.
312,560,13,42,124,179,1.3798882681564246,0.04625433891105541,614,I feel like my musical abilities have plateaued
645,560,16,36,127,179,1.3798882681564246,0.04824703062378453,614,"You said you were going scaling, and would be Bach in a Minuet!"
3453,560,14,40,125,179,1.3798882681564246,0.046927972114045695,614,The fat lady sang
2404,570,12,45,125,182,1.379120879120879,0.04504487449479751,614,My largest audience yet!
2562,570,16,37,129,182,1.379120879120879,0.04766436603829335,614,Seriously? B minor is the key to inner peace?
2627,572,15,37,125,177,1.3785310734463276,0.047954572804612516,614,Is this bass camp?
5491,572,15,37,125,177,1.3785310734463276,0.047954572804612516,614,Know 'Climb Ev'ry Mountain'?
4514,572,20,27,130,177,1.3785310734463276,0.05119226240177086,614,"Odd. I was just here a couple of months ago for a caption, and it was a restaurant."
3692,572,12,43,122,177,1.3785310734463276,0.0459024732090718,614,Getting it here was easy. The challenge is keeping it in tune.
3296,572,12,43,122,177,1.3785310734463276,0.0459024732090718,614,Am I late for my lesson?
3243,572,17,33,127,177,1.3785310734463276,0.049275183649058425,614,Wait; so THOSE are the 88 keys to a happy life?
2147,572,7,53,117,177,1.3785310734463276,0.04226145252793228,614,"I'm trying to win the New Yorker caption contest, any ideas?"
2254,572,15,37,125,177,1.3785310734463276,0.047954572804612516,614,You took performing solo to new heights.
4986,572,18,31,128,177,1.3785310734463276,0.04992239035779648,614,Is it too late to get the free piano you put on Craigslist?
1515,572,13,41,123,177,1.3785310734463276,0.046596549036353865,614,"Thought you could just skip your piano lesson, did you?"
928,572,14,39,124,177,1.3785310734463276,0.04728043694262042,614,I hope you're the piano tuner.
303,572,16,35,126,177,1.3785310734463276,0.04861936227739581,614,I thought it was a metaphor when you said you had reached a plateau.
2602,572,11,45,121,177,1.3785310734463276,0.04519774011299434,614,I've hit a plateau.
5238,572,16,35,126,177,1.3785310734463276,0.04861936227739581,614,"Listen, could you stop playing ""Climb Every Mountain""?!"
873,586,6,53,113,172,1.377906976744186,0.04222335039885866,614,TALK ABOUT A MAJOR SCALE!
1752,586,13,39,120,172,1.377906976744186,0.047526913543120615,614,That song is copyrighted.
5978,588,12,42,121,175,1.3771428571428572,0.046240810183104136,614,You want to know how I got here? How about the piano?
5758,588,11,44,120,175,1.3771428571428572,0.045525059927451796,614,Was that really your peak performance?
5676,588,12,42,121,175,1.3771428571428572,0.046240810183104136,614,I've been following your concert tour.
6115,588,11,44,120,175,1.3771428571428572,0.045525059927451796,614,"Sorry, I'm late. Where do you want the harp?"
4763,588,15,36,124,175,1.3771428571428572,0.048324495458982666,614,Oh isn't that just grand.
5246,588,15,36,124,175,1.3771428571428572,0.048324495458982666,614,I practiced my scales but only ascending.
3722,588,11,44,120,175,1.3771428571428572,0.045525059927451796,614,I 'd like to hear something Uplifting
101,588,10,46,119,175,1.3771428571428572,0.04479787535593945,614,You've been a great audience.
728,588,7,52,116,175,1.3771428571428572,0.04254180651348645,614,"I'll be back with the violin, viola and cello in two weeks."
3811,588,13,40,122,175,1.3771428571428572,0.046945649120889325,614,Did you bring my cliff notes?
3131,588,14,38,123,175,1.3771428571428572,0.047640061045022254,614,"No, I didn't see the elevator."
2038,588,15,36,124,175,1.3771428571428572,0.048324495458982666,614,You take the high way; I'll take the Steinway!
4092,600,14,27,105,146,1.3767123287671232,0.05423963254120916,614,I heard you needed a page-turner.
6657,601,14,36,120,170,1.3764705882352941,0.048616745768554896,614,Am I the only one who made it to the music summit?
4080,602,12,43,123,178,1.3764044943820224,0.04569337820371527,614,It’s not ready. Come back tomorrow.
313,603,5,55,113,173,1.3757225433526012,0.041228135994035804,614,"Do you know ""Nearer My God to Thee""?"
4297,603,15,35,123,173,1.3757225433526012,0.04870207951206601,614,I don’t care how far you’ve come- I don’t do requests.
6307,603,15,35,123,173,1.3757225433526012,0.04870207951206601,614,"Apparently, your talent has reached a plateau."
6167,603,14,37,122,173,1.3757225433526012,0.048007074621079664,614,Would you PLEASE stop playing “Climb Every Mountain?
5206,603,18,29,126,173,1.3757225433526012,0.05072999659153021,614,"Excuse me Sir, we've had a noise complaint."
4732,603,15,35,123,173,1.3757225433526012,0.04870207951206601,614,Is that the piano you want to be tuned?
4491,603,14,37,122,173,1.3757225433526012,0.048007074621079664,614,Hello. I called about the craig's list ad?
3761,603,9,47,117,173,1.3757225433526012,0.0443690493254641,614,"You've ignored all those past notices, so I've come to repossess the piano."
3412,603,6,53,114,173,1.3757225433526012,0.04203537239835517,614,I suspect you're in the wrong range.
2519,603,12,41,120,173,1.3757225433526012,0.04658596938373756,614,You the guy selling a piano on eBay?
3029,603,14,37,122,173,1.3757225433526012,0.048007074621079664,614,steep clef?
190,603,12,41,120,173,1.3757225433526012,0.04658596938373756,614,"Phil of the Nepal Philharmonic, I presume."
81,603,9,47,117,173,1.3757225433526012,0.0443690493254641,614,I guess I can now scratch this off of my bucket Liszt
520,603,5,55,113,173,1.3757225433526012,0.041228135994035804,614,So is this what you call a rock concert.
334,603,15,35,123,173,1.3757225433526012,0.04870207951206601,614,Could you give me a Handel?
1358,603,10,45,118,173,1.3757225433526012,0.045120127140458675,614,The Piano Tuner Cometh.
1368,603,13,39,121,173,1.3757225433526012,0.04730185914473364,614,Do you realize how far that sound travels in this cold dry air. Can’t you advance beyond chopsticks. It’s driving us crazy.
1412,603,13,39,121,173,1.3757225433526012,0.04730185914473364,614,I brought you the wind proof candelabra that you ordered.
1952,603,10,45,118,173,1.3757225433526012,0.045120127140458675,614,"I don't care how hard the climb was, I still don't take requests."
803,603,11,43,119,173,1.3757225433526012,0.04585890544154804,614,"No, I am not accepting new students..."
4765,623,10,46,120,176,1.375,0.04459412925079223,614,It's about time you got here. I need someone to turn the pages.
4011,624,15,35,124,174,1.3735632183908046,0.048469496596781514,614,Thanks for coming to my gig. Was the place easy to find?
4906,625,0,63,106,169,1.3727810650887573,0.03730627281928548,614,"I am required to inform you that if you continue to play his covers, my client is legally entitled to compensation."
6667,625,3,57,109,169,1.3727810650887573,0.04003854550393928,614,Folks in the valley thought you might appreciate having a tuner.
6459,625,12,39,118,169,1.3727810650887573,0.047297637671274755,614,The rest of the ensemble has decided to scale the south face.
6442,625,13,37,119,169,1.3727810650887573,0.0480365372130202,614,Isn't it grand?
6078,625,16,31,122,169,1.3727810650887573,0.05018800695207902,614,"'I know it's tough getting here, but honestly, my music sounds much better when you're high.'"
5988,625,10,43,116,169,1.3727810650887573,0.04578407772374384,614,"If you're not the person who called for a piano tuner, I'm going to kill myself."
5201,625,8,47,114,169,1.3727810650887573,0.04421874056036021,614,"Piano mover? No, they told me you wanted a piano tuner."
5047,625,14,35,120,169,1.3727810650887573,0.04876424187406752,614,"There's a request from the neighbors that you stop playing ""Ain't No Mountain High Enough."""
4745,625,13,37,119,169,1.3727810650887573,0.0480365372130202,614,Never mind how it got here. Do you have a request?
2336,625,15,33,121,169,1.3727810650887573,0.049481245575341434,614,May I accompany you on the way down?
4154,625,14,35,120,169,1.3727810650887573,0.04876424187406752,614,So this is what they meant by 'scale'.
2599,625,16,31,122,169,1.3727810650887573,0.05018800695207902,614,The folks at base camp were wondering if you could play something besides the requium.
2139,625,12,39,118,169,1.3727810650887573,0.047297637671274755,614,You send for a piano tuner?
2124,625,14,35,120,169,1.3727810650887573,0.04876424187406752,614,"No, I don't know 'The Meaning of Life,"" but if you hum a few bars I could probably figure it out."
2043,625,16,31,122,169,1.3727810650887573,0.05018800695207902,614,Are you sure it was a Titleist?
1742,625,11,41,117,169,1.3727810650887573,0.04654701012039874,614,"Okay, I'll be back with the cello in eight years."
1509,625,12,39,118,169,1.3727810650887573,0.047297637671274755,614,"So, the hills really are alive with the sound of music."
1500,625,11,41,117,169,1.3727810650887573,0.04654701012039874,614,Damn! I forgot the stool.
1178,625,14,35,120,169,1.3727810650887573,0.04876424187406752,614,RockManinoff?
861,625,14,35,120,169,1.3727810650887573,0.04876424187406752,614,I've reached the pinnacle of my career. It's pretty much all downhill from here.
4282,625,11,41,117,169,1.3727810650887573,0.04654701012039874,614,I was told the first lesson was free.
354,625,13,37,119,169,1.3727810650887573,0.0480365372130202,614,I'm not a big rock fan.
1430,647,12,30,103,145,1.3724137931034484,0.05265446860251198,614,I really just need the name of your movers.
6213,648,12,40,120,172,1.372093023255814,0.04671518086158252,614,"Dad, most men just get a new car or buy a motorcycle."
5402,648,18,28,126,172,1.372093023255814,0.05089503766534099,614,Would you PLEASE stop playing “Climb Every Mountain?
5369,648,15,34,123,172,1.372093023255814,0.0488498361403948,614,I came just as soon as I heard.
4717,648,18,28,126,172,1.372093023255814,0.05089503766534099,614,"You're right, there ain't no mountain high enough."
1817,648,15,34,123,172,1.372093023255814,0.0488498361403948,614,Are you from the piano moving company?
1784,648,8,48,116,172,1.372093023255814,0.04370709666533523,614,Where should I set up the second piano?
6503,648,10,44,118,172,1.372093023255814,0.04523614938212206,614,You placed an ad for a page turner?
2427,648,17,30,125,172,1.372093023255814,0.05022255870574622,614,I didn't even see the box office will call window What do you mean my ticket is at will call ?
6684,656,12,37,115,164,1.3719512195121952,0.04827992083686157,614,I can't keep doing this every time you need a haircut.
6015,657,13,39,123,175,1.3714285714285714,0.04685762345061719,614,"Sorry, I only tune uprights."
3365,658,13,37,120,170,1.3705882352941177,0.04780345433448772,614,I was told that you were in possession of the lost chord is that true.
4810,659,13,28,105,146,1.36986301369863,0.05324935204897795,614,Meaning of life? You’ll have to hum the first few bars for me.
6729,660,16,30,122,168,1.369047619047619,0.05034775262120986,614,Is this the summit or just another Shangri-La-themed piano-lounge base camp?
5575,660,12,38,118,168,1.369047619047619,0.047431552750122945,614,Play and they will come.
2949,660,15,32,121,168,1.369047619047619,0.04963476800164207,614,"Meaning of life? Sorry, I don’t do requests."
526,660,12,38,118,168,1.369047619047619,0.047431552750122945,614,"I don't care how enlightened your playing is, it is 3am and some of us on this mountain have to work in the morning, so knock it off or I am calling the cops!"
3457,664,17,25,118,160,1.36875,0.052919390312712235,614,it must be lonely at the top
575,665,3,54,106,163,1.3680981595092025,0.04078032995540839,614,Are you the guy who ordered a piano tuner????
2654,665,10,40,113,163,1.3680981595092025,0.04683180378273394,614,"I was told, that you'd be bringing a cello."
6330,665,13,34,116,163,1.3680981595092025,0.049197956580139424,614,"Just a heads up, I think I'm going to have to find a closer piano teacher"
4964,665,2,56,105,163,1.3680981595092025,0.03984087033729369,614,"Sorry, they said it was cheaper to move it up here than to your 2nd floor apartment on Central Park West."
6127,665,7,46,110,163,1.3680981595092025,0.044339562012132024,614,You called for a page turner?
5484,665,2,56,105,163,1.3680981595092025,0.03984087033729369,614,Your songwriting career has plateaued.
5398,665,1,58,104,163,1.3680981595092025,0.03887871637791194,614,"We've received a noise complaint, one mountain over."
4787,672,12,37,117,166,1.3674698795180722,0.04780098137816316,614,I think your career's plateaued.
6619,672,12,37,117,166,1.3674698795180722,0.04780098137816316,614,Last month there was a restaurant here.
6300,672,15,31,120,166,1.3674698795180722,0.05003990278866309,614,"Seriously? I'm the first person to request ""Climb Every Mountain""?"
4450,672,19,23,124,166,1.3674698795180722,0.05287787128478214,614,Would you mind keeping it down?
3921,672,10,41,115,166,1.3674698795180722,0.04624819045605929,614,You DON'T take requests???
1405,672,6,49,111,166,1.3674698795180722,0.04297461715883921,614,Take Five.
502,672,12,37,117,166,1.3674698795180722,0.04780098137816316,614,'Any requests?'
436,672,9,43,114,166,1.3674698795180722,0.04545190612429966,614,"When I said I wanted you to start again from the top this wasn't what I was imagining, David."
4645,680,12,30,105,147,1.3673469387755102,0.05205821763918388,614,Who am I!? I'm the classical music critic from the New Yorker.
3189,680,13,28,106,147,1.3673469387755102,0.052945689001883706,614,"Not quite what I was expecting when they told me there was a ""grand"" in it, if I were to rescue you."
504,682,14,34,121,169,1.3668639053254439,0.04867012709898018,614,Ain’t No Mountain High Enough?” Hilarious. How about a few bars of “Free Fallin’?
5244,683,12,28,102,142,1.3661971830985915,0.053336273679782054,614,Tomorrow...come back tomorrow. I’m practicing.
5605,684,14,32,118,164,1.3658536585365855,0.04970689959570512,614,"Sorry, is this a bad time?"
5722,684,16,28,120,164,1.3658536585365855,0.051189933244652534,614,Do I know the meaning of life? Can you hum a few notes?
4357,684,10,40,114,164,1.3658536585365855,0.04659945354903387,614,Did someone call for a piano tuner?
723,684,16,28,120,164,1.3658536585365855,0.051189933244652534,614,I did hear that the top would B flat.
3396,684,11,38,115,164,1.3658536585365855,0.047395419295073245,614,“Climb Every Mountain.” Wow. What an original request.
1231,684,10,40,114,164,1.3658536585365855,0.04659945354903387,614,Still unfinished?
3833,684,8,44,112,164,1.3658536585365855,0.04496527185388845,614,Sorry to interrupt.
2153,684,13,34,117,164,1.3658536585365855,0.04894853591610554,614,"One more time, take it from the top!"
1297,684,7,46,111,164,1.3658536585365855,0.04412549120187623,614,"So you're telling me I climbed all this way, just so you can tell me you don't take requests."
2898,684,13,34,117,164,1.3658536585365855,0.04894853591610554,614,So that's what the middle pedal does!
2279,694,9,36,103,148,1.364864864864865,0.04902866833668067,614,Darn it! I wanted to see you in concert before you peaked.
3802,695,9,40,110,159,1.3647798742138364,0.04672319950355791,614,There’s a freight elevator?
1870,695,9,40,110,159,1.3647798742138364,0.04672319950355791,614,"No, I don't take requests."
17,695,9,40,110,159,1.3647798742138364,0.04672319950355791,614,I was told that you bring the piano to new levels.
1960,695,11,36,112,159,1.3647798742138364,0.04839711110850822,614,"Yes, I'm the piano tuner."
4248,695,9,40,110,159,1.3647798742138364,0.04672319950355791,614,"Wait...don't tell me...practice, practice, practice."
4525,695,5,48,106,159,1.3647798742138364,0.043181146212777195,614,"Sure , I take requests"
4659,695,11,36,112,159,1.3647798742138364,0.04839711110850822,614,Somebody called for a tuner?
6517,702,10,39,113,162,1.3641975308641976,0.046958054462280074,614,I was told your compositions rise to another level.
6284,702,14,31,117,162,1.3641975308641976,0.05011769970069022,614,"Your Commandments were original and timely. Your piano, today, ... not so much."
6271,702,9,41,112,162,1.3641975308641976,0.046134343419853015,614,What do you mean you cancelled the afternoon recital!
6226,702,11,37,114,162,1.3641975308641976,0.04776756341895604,614,"Unfortunately, your cellist is having difficulty finding parking."
6158,702,12,35,115,162,1.3641975308641976,0.04856358050108655,614,Would a little Stairway to Heaven have been so hard?
5181,702,11,37,114,162,1.3641975308641976,0.04776756341895604,614,Being God is just my day job.
4997,702,12,35,115,162,1.3641975308641976,0.04856358050108655,614,Are you the one who asked for a piano tuner?
2242,702,11,37,114,162,1.3641975308641976,0.04776756341895604,614,I have a score to settle.
1449,702,13,33,116,162,1.3641975308641976,0.0493467586289823,614,"Don’t worry, the other mover brought down everything else."
1822,702,4,51,107,162,1.3641975308641976,0.04177285556762077,614,Classical music isn't dying. It's just plateaued.
2733,702,11,37,114,162,1.3641975308641976,0.04776756341895604,614,Getting the piano up here wasn't the problem. Holding the sheet music in place is.
2902,702,12,35,115,162,1.3641975308641976,0.04856358050108655,614,You must be into rock.
3036,702,13,33,116,162,1.3641975308641976,0.0493467586289823,614,"What do you mean, a tuner? I was told to bring tuna!"
5095,702,10,39,113,162,1.3641975308641976,0.046958054462280074,614,"Could you keep it down, we're trying to have a quiet weekend, thanks."
3804,702,9,41,112,162,1.3641975308641976,0.046134343419853015,614,Sorry. This is an invitation-only event.
4729,702,12,35,115,162,1.3641975308641976,0.04856358050108655,614,Sisyphus thought he had it tough!
4776,702,11,37,114,162,1.3641975308641976,0.04776756341895604,614,Can you quiet down a bit? Some of us are trying to rock climb over here.
4904,702,11,37,114,162,1.3641975308641976,0.04776756341895604,614,"Yeah, the view is nice, but I work for tips, you know?"
3388,702,11,37,114,162,1.3641975308641976,0.04776756341895604,614,Is this the piano listed on Craigslist for $275 firm?
1837,721,9,42,114,165,1.3636363636363635,0.04556527532740437,614,"Oh, excellent! Still some good seats left!"
2797,721,2,56,107,165,1.3636363636363635,0.039481964307901754,614,"Regrettably, I'm no longer taking requests."
5145,721,13,34,118,165,1.3636363636363635,0.048701474676766505,614,"I don't care how far you've come, I don't do requests."
1636,721,7,46,112,165,1.3636363636363635,0.043913262867240725,614,I’ve come for the free piano. How firm is the ‘no delivery’ clause?
5928,725,6,49,113,168,1.3630952380952381,0.04257333634615621,614,"Now, you are ready for a lesson."
3321,725,8,45,115,168,1.3630952380952381,0.044216071359884174,614,"Well, isn't this grand."
4342,727,8,41,108,157,1.3630573248407643,0.04621282509756506,614,So that's the ascending; now repeat the descending scale.
5910,727,13,31,113,157,1.3630573248407643,0.05043730554003331,614,I’m your new page-turner.
1584,727,13,31,113,157,1.3630573248407643,0.05043730554003331,614,"I was looking for a stairway, not a Steinway."
4581,727,10,37,110,157,1.3630573248407643,0.047947302720323624,614,"I'll look again, but I'm telling you - it's not down there."
4464,731,13,32,115,160,1.3625,0.04975371734792394,614,"I don't know ""Climb every mountain."""
5178,731,11,36,113,160,1.3625,0.04814768619087102,614,"Rachmaninoff, I presume.."
4973,731,12,34,114,160,1.3625,0.04895728789195588,614,Can you play “Sitting On Top of the World”?
4336,731,6,46,108,160,1.3625,0.04387616579110238,614,"Sorry, but I found that rendition of Air on the G string a bit thin"
4249,731,10,38,112,160,1.3625,0.04732423621500229,614,"You missed my recital, Doug."
1922,731,5,48,107,160,1.3625,0.04297093869497203,614,"I'm sorry, I don't know that one."
1617,737,13,33,117,163,1.361963190184049,0.04909395386511477,614,"Ok, once more from the top."
392,737,9,41,113,163,1.361963190184049,0.04590484569143322,614,I'm the tuner.
2544,737,14,31,118,163,1.361963190184049,0.04985936891045602,614,That was A major scale.
2687,737,7,45,111,163,1.361963190184049,0.04422413519647879,614,"Your estimate to move it to New York City will be $822,000."
2508,737,12,35,116,163,1.361963190184049,0.04831641485117751,614,I really mean it this time. This is the last free tuning that came with the piano.
3250,742,9,37,106,152,1.361842105263158,0.04809850879222947,614,I lost my ticket. Can I still attend?
4901,743,11,34,110,155,1.3612903225806452,0.049194492700765036,614,I don't know that one either. Have you any other requests?
3000,743,8,40,107,155,1.3612903225806452,0.04656969583754549,614,Can you play Piano Man?
3065,745,3,46,95,144,1.3611111111111112,0.04364322480520589,614,...Great crowd. Anyone here from New Jersey tonight?
3925,746,12,33,113,158,1.360759493670886,0.049359645678359224,614,Just to be clear this is your last warranty free turning.
506,746,11,35,112,158,1.360759493670886,0.04853605841443781,614,"I don't know the meaning of life, but if you hum a few bars I can fake it."
1008,746,9,39,110,158,1.360759493670886,0.04684546569565537,614,I wanted to know why the hills were alive with the sound of music....
1410,746,10,37,111,158,1.360759493670886,0.047698252707266665,614,I am repossessing your piano.
1429,746,11,35,112,158,1.360759493670886,0.04853605841443781,614,Is this the final destination of the Bach-packing trip?
3332,746,10,37,111,158,1.360759493670886,0.047698252707266665,614,Good news! We got you Carnegie Hall!
1240,746,8,41,109,158,1.360759493670886,0.045976863759497305,614,"""Sorry, the only piece I know is, 'I'm Sitting on Top of the World'""."
6062,746,11,35,112,158,1.360759493670886,0.04853605841443781,614,"Wait, I got it! How about, ""...ford every stream""?"
5796,746,12,33,113,158,1.360759493670886,0.049359645678359224,614,They say the the acoustics were better before the renovation.
5125,746,15,27,116,158,1.360759493670886,0.051751826892811326,614,Seriously? F Minor is the key to the universe?
2419,746,15,27,116,158,1.360759493670886,0.051751826892811326,614,Am I too late for my lesson?
2563,746,13,31,114,158,1.360759493670886,0.050169714734853876,614,Your neighbors are complaining.
3034,746,9,39,110,158,1.360759493670886,0.04684546569565537,614,i'm with the band.
6471,759,11,36,114,161,1.360248447204969,0.04790064366897229,614,I’m here for my 4:30 lesson
1924,760,14,31,119,164,1.3597560975609757,0.04960354202334999,614,I came to hear your peak performance.
132,761,9,33,100,142,1.3591549295774648,0.05031272624409396,614,"Despite all your grandiose accomplishments, it’s my way or the Steinway."
909,762,7,42,107,156,1.358974358974359,0.04542667670965163,614,"Why yes , I do need a page turner."
3379,762,10,36,110,156,1.358974358974359,0.04808036932782009,614,"Know it! Hell, I wrote it."
6536,762,15,26,115,156,1.358974358974359,0.05220427994325316,614,Maybe instead of 'Stairway To Heaven' you should play 'Ain't No Mountain High Enough.'
1371,762,6,44,106,156,1.358974358974359,0.0445069654205318,614,Do you know the meaning of life? Hum a few bars and I'll fake it.
1869,762,8,40,108,156,1.358974358974359,0.046328133383744245,614,"The visuals of this space are magnificent, the acoustics not so much."
6112,762,14,28,114,156,1.358974358974359,0.051405971038924574,614,I'm the warm-up act. Wise man comes on at eight.
3599,768,11,30,104,145,1.3586206896551725,0.05148732506764378,614,"I just came to let you know, your Cartoon Caption Contest lost again"
820,769,11,35,113,159,1.3584905660377358,0.048283174466304826,614,Let me guess.. 'As Time Goes By'?
6075,769,13,31,115,159,1.3584905660377358,0.049904788631389335,614,When did the restaurant close?
499,771,12,30,109,151,1.3576158940397351,0.05090299033265068,614,Play something uplifting......quick!
979,772,6,38,96,140,1.3571428571428572,0.04762761142590026,614,What happened to the harp?
6520,772,3,49,102,154,1.3571428571428572,0.04189567464031198,614,Would you happen to know a good piano mover?
6373,772,11,33,110,154,1.3571428571428572,0.049338697349603736,614,Play something light and airy.
6292,772,9,37,108,154,1.3571428571428572,0.047587206059071865,614,Could you keep it down up here? Thanks.
6177,772,11,33,110,154,1.3571428571428572,0.049338697349603736,614,"So, you made it to the top. Carnegie Hall not good enough for you?"
5725,772,7,41,106,154,1.3571428571428572,0.04576873719976702,614,So this is what you meant by performing at your peak?
5489,772,7,41,106,154,1.3571428571428572,0.04576873719976702,614,I always add travel time to the tuning charge
4147,772,12,31,111,154,1.3571428571428572,0.05019152810962632,614,Can you throw me a chord?
3139,772,8,39,107,154,1.3571428571428572,0.046686826222018474,614,"Up here, you've got to B# or Bb."
3783,772,12,31,111,154,1.3571428571428572,0.05019152810962632,614,"You know John, this isn’t what they meant when they said, ‘being high makes you more creative.’"
835,772,10,35,109,154,1.3571428571428572,0.0484708636020876,614,Looks like we've both been working on our scales.
246,772,9,37,108,154,1.3571428571428572,0.047587206059071865,614,"Seriously? All you’ve got for me is, “Perhaps the key to life is not F# minor after all?”"
805,772,6,43,105,154,1.3571428571428572,0.044831851032917695,614,"Well, yes, as it happens, I do have a tuning fork."
217,772,9,37,108,154,1.3571428571428572,0.047587206059071865,614,I don’t take requests.
4077,772,13,29,112,154,1.3571428571428572,0.051030108091233976,614,"Do you happen to know ""Climb Every Mountain""?"
1275,772,14,27,113,154,1.3571428571428572,0.051855128672356386,614,The hills are alive with requests that you give it a rest.
477,772,14,27,113,154,1.3571428571428572,0.051855128672356386,614,"Alright, start again from the top."
1663,772,15,25,114,154,1.3571428571428572,0.05266722707196812,614,"I have a request from the Sherpas to play ""Ain't No Mountain High Enough""."
2019,772,9,37,108,154,1.3571428571428572,0.047587206059071865,614,What happened to the restaurant that was here a few weeks ago?
2800,772,14,27,113,154,1.3571428571428572,0.051855128672356386,614,That was a major scale unaccompanied.
2881,772,12,31,111,154,1.3571428571428572,0.05019152810962632,614,So you're the reason why the hills are alive with the sound of music.
2952,772,9,37,108,154,1.3571428571428572,0.047587206059071865,614,What's the key to happiness?
1585,772,12,31,111,154,1.3571428571428572,0.05019152810962632,614,That rendition was your best everest!
5324,795,6,44,107,157,1.356687898089172,0.04428164249387305,614,Will you please keep it down? It's much louder than you think downstairs
2550,795,10,36,111,157,1.356687898089172,0.047827828000732084,614,"You may not like the price, but you won't find another piano tuner around here for a thousand miles."
3358,797,9,33,101,143,1.3566433566433567,0.05002274121426201,614,Your playng seems to have reached a plateau.
4196,797,8,35,100,143,1.3566433566433567,0.04902837527748082,614,I’d say your musical talent has plateaued.
6194,799,11,35,114,160,1.35625,0.0480327415520527,614,Maybe it's not writer's block. Maybe you've just reached a plateau.
5779,800,10,32,104,146,1.356164383561644,0.05026122223726628,614,Sorry. Wrong mountain.
4896,801,8,37,104,149,1.3557046979865772,0.04768714315883814,614,I'm not sure we agree on what it means to scale the mountain
4786,801,8,37,104,149,1.3557046979865772,0.04768714315883814,614,They didn't tell you about the lift on the other side?
696,801,4,45,100,149,1.3557046979865772,0.04371824260400575,614,I can’t believe you’re refusing to play “Climb Every Mountain” for me.
171,801,7,39,103,149,1.3557046979865772,0.04672653315926956,614,It looks like we've both reached a plateau.
5893,801,8,37,104,149,1.3557046979865772,0.04768714315883814,614,The origin of cartoon pianos falling on people’s heads has been discovered by a lone climber. More at 11.
1954,801,2,49,98,149,1.3557046979865772,0.041592009968842505,614,Don’t stop on my account.
1967,801,9,35,105,149,1.3557046979865772,0.048628781027481326,614,"Sorry, but the orchestra is going to be a little late."
52,808,9,36,107,152,1.355263157894737,0.04797021006936673,614,You were supposed to come in after the first 8 bars
5705,808,11,32,109,152,1.355263157894737,0.04975357078221146,614,"Whatever you do, don't clap!"
2748,808,11,32,109,152,1.355263157894737,0.04975357078221146,614,The folks at basecamp ask you to get that thing tuned.
4731,808,12,30,110,152,1.355263157894737,0.050621696744787226,614,I knew the hills were alive with the sound of music.
4203,808,9,36,107,152,1.355263157894737,0.04797021006936673,614,Hello...Its me
4160,808,10,34,108,152,1.355263157894737,0.04887002588335563,614,I understand that you give lessons
3520,808,12,30,110,152,1.355263157894737,0.050621696744787226,614,"Hey, you're going to have to move your piano. I'm opening a coffee shop."
2981,808,7,40,105,152,1.355263157894737,0.04611793905431834,614,"Bad news, Doug. Base camp ran out of Schubert."
2410,808,8,38,106,152,1.355263157894737,0.04705318988504921,614,"Let me guess...Practice, practice, practice."
2349,808,5,44,103,152,1.355263157894737,0.044188092866025215,614,"No, really! The part I heard was very good."
1767,808,4,46,102,152,1.355263157894737,0.04319084596758661,614,Shoot! I forgot the tuning hammer. I'll be riiiiiiiiight back.
1708,808,7,40,105,152,1.355263157894737,0.04611793905431834,614,"Because it's there? That's my reason, too."
1704,808,10,34,108,152,1.355263157894737,0.04887002588335563,614,Your agent called to say you'll still have to perform.
1342,808,11,32,109,152,1.355263157894737,0.04975357078221146,614,This is great. I have a singing telegram.
765,808,11,32,109,152,1.355263157894737,0.04975357078221146,614,It's going to have to be a duet. The cello and viola never make it past the crevasse.
223,808,12,30,110,152,1.355263157894737,0.050621696744787226,614,The keys to life? Try the other mountain.
5431,808,2,50,100,152,1.355263157894737,0.041123866840491054,614,The guys at base camp can’t sleep—know any lullabies?
626,808,10,34,108,152,1.355263157894737,0.04887002588335563,614,Is this the final crescendo before the peak?
6143,826,9,37,109,155,1.3548387096774193,0.04733530793126538,614,You up for a duet?
6607,826,9,37,109,155,1.3548387096774193,0.04733530793126538,614,"Oh sorry, I was looking for the woodwinds."
2226,828,12,26,103,141,1.3546099290780143,0.053390374549481354,614,They don't make sherpas like that anymore.
5536,829,11,29,104,144,1.3541666666666667,0.05165176678154399,614,"You don’t make the payment, then we take it back."
5621,830,9,34,104,147,1.3537414965986394,0.049035731295269315,614,"OK. I climbed every mountain, forded every stream and followed every rainbow. So where's my dream?"
4078,830,5,42,100,147,1.3537414965986394,0.04507494984134361,614,I hope you're here to tune it.
2373,830,5,42,100,147,1.3537414965986394,0.04507494984134361,614,Trust me! End it on a high note.
753,830,9,34,104,147,1.3537414965986394,0.049035731295269315,614,"Enlightenment? No, this is entertainment!"
449,830,9,34,104,147,1.3537414965986394,0.049035731295269315,614,"The meaning of life? No, but if you hum a few bars, I catch on pretty quick."
6463,830,4,44,99,147,1.3537414965986394,0.04402911699187356,614,The tuner sent me. Said it only plays the high notes.
226,836,11,31,108,150,1.3533333333333333,0.05017790869005088,614,You'd better be as good a teacher as they say.
2115,836,9,35,106,150,1.3533333333333333,0.04836167494288357,614,Would you please keep it down!
285,836,10,33,107,150,1.3533333333333333,0.04927816009039002,614,Just wanted to let you know I can't make this week's lesson.
570,836,12,29,109,150,1.3533333333333333,0.051061805482376536,614,"It's for entertaining. You have two questions left."""
717,836,11,31,108,150,1.3533333333333333,0.05017790869005088,614,Did you say with or without sugar?
2473,836,8,37,105,150,1.3533333333333333,0.047427483010045526,614,The same way you did...practice!
1840,836,6,41,103,150,1.3533333333333333,0.04550159587797121,614,"Bob - I said we were going to scale a mountain, not do scales on a mountain."
6604,836,11,31,108,150,1.3533333333333333,0.05017790869005088,614,I'm the new piano player. Sorry it took me so long to get here.
6477,836,9,35,106,150,1.3533333333333333,0.04836167494288357,614,Where on earth did you find a piano mover that does walk-ups?
6382,836,11,31,108,150,1.3533333333333333,0.05017790869005088,614,"Oh, thank heavens! I've had Bach's Concerto in D Minor stuck in my head all day."
5932,836,11,31,108,150,1.3533333333333333,0.05017790869005088,614,I'm told you're in tune with the universe.
5400,836,10,33,107,150,1.3533333333333333,0.04927816009039002,614,The co-op board is getting a lot of complaints.
4948,836,13,27,110,150,1.3533333333333333,0.051930659900804595,614,"We have a tough enough time with the tree falling in the forest, and no one around to hear it."
4702,836,16,21,113,150,1.3533333333333333,0.05445410740772417,614,This better be one hell of a lesson!
3227,836,12,29,109,150,1.3533333333333333,0.051061805482376536,614,The meaning of life? No. The meaning of a bachelor's degree in piano performance? Sure.
3001,836,13,27,110,150,1.3533333333333333,0.051930659900804595,614,I can only play the high notes.
2683,836,9,35,106,150,1.3533333333333333,0.04836167494288357,614,Play me some inner piece.
1408,836,8,37,105,150,1.3533333333333333,0.047427483010045526,614,Do I know The Meaning of Life? Hum a few bars and I can fake it.
777,854,9,31,99,139,1.3525179856115108,0.05091520788082779,614,I started playing stairway to heaven but only got halfway.
4242,855,7,36,99,142,1.352112676056338,0.048136986024192585,614,"When you said you like to be high when playing the piano, this isn't what I had in mind."
5728,855,14,22,106,142,1.352112676056338,0.054921764989506995,614,"How can you tune a piano, but not tuna fish?"
5192,855,10,30,102,142,1.352112676056338,0.05115505631014838,614,"Uber dropped me off at the bottom, so there will be an extra charge for the tuning."
29,855,9,32,101,142,1.352112676056338,0.05016921033091317,614,I heard you were in treble . . .
424,855,10,30,102,142,1.352112676056338,0.05115505631014838,614,Friendly reminder that you promised base camp no practicing before 9 am.
3851,860,5,41,99,145,1.3517241379310345,0.045413209804915894,614,I want the name of your mover.
6310,860,5,41,99,145,1.3517241379310345,0.045413209804915894,614,The downstairs tenants are complaining again.
6431,860,7,37,101,145,1.3517241379310345,0.04747557799554802,614,I'm just here to provide some atmosphere.
6480,863,12,28,108,148,1.3513513513513513,0.05151221646380824,614,Oh... this is where those free falling cartoon pianos fall from?
2097,863,8,36,104,148,1.3513513513513513,0.04780997585844713,614,Oh this? In the service elevator.
5302,863,11,30,107,148,1.3513513513513513,0.050612051743206404,614,I take it that the hills are no longer alive with the sound of music.
306,863,10,32,106,148,1.3513513513513513,0.04969558449500083,614,Of all the Himalayan mountaintops in all the world....
4748,863,9,34,105,148,1.3513513513513513,0.04876189552245208,614,Was it you whom I heard playing?
2578,863,11,30,107,148,1.3513513513513513,0.050612051743206404,614,"Hello, I'm Doug from Acme Piano Movers."
2383,863,11,30,107,148,1.3513513513513513,0.050612051743206404,614,"Hi, I’m here for the four hands piece."
2303,863,6,40,102,148,1.3513513513513513,0.04584688064493405,614,Did you bring a tuning fork?
1016,863,9,34,105,148,1.3513513513513513,0.04876189552245208,614,The secret to life? Practice. Practice. Practice.
931,863,9,34,105,148,1.3513513513513513,0.04876189552245208,614,I thought I heard The Sound of Music.
5046,863,12,28,108,148,1.3513513513513513,0.05151221646380824,614,"Just to let you know, The Yeti on the next ledge down has kids and when they don't get their nap, their behavior is abominable!"
2664,863,10,32,106,148,1.3513513513513513,0.04969558449500083,614,"I hate to ask but do you know,Rocky Mountain High"
122,863,11,30,107,148,1.3513513513513513,0.050612051743206404,614,We're putting the band back together!
4043,863,7,38,103,148,1.3513513513513513,0.04683871398990437,614,Ok then. What is the meaning of B flat?
4088,863,9,34,105,148,1.3513513513513513,0.04876189552245208,614,"Really! No cover, no minimum?"
3664,863,14,24,110,148,1.3513513513513513,0.053266929437773176,614,Mr. Gould I presume?
649,879,10,33,108,151,1.3509933774834437,0.049006622516556284,614,I'd like to suggest a different location for next week's lesson.
6538,879,12,29,110,151,1.3509933774834437,0.05077646592646386,614,Sorry but can you tone it down a bit. The neighbors are complaining.
1327,879,14,25,112,151,1.3509933774834437,0.0524866643394534,614,"Sorry, but I'm here to repossess your piano."
6146,879,6,41,104,151,1.3509933774834437,0.04525978532293358,614,At last —-the secret to true High Fidelity!!
4838,883,12,24,101,137,1.3503649635036497,0.054421546176756395,614,Sorry. Wrong mountain.
5298,884,10,29,101,140,1.35,0.05161821264505477,614,"Namasté Maestro, I’m a seeker, a climber, a persevering rhymer…yes, I confess, I'm a lyricist."
4636,884,9,31,100,140,1.35,0.05061289315729031,614,The remainder of the orchestra should be here in the next six hours.
3878,884,9,31,100,140,1.35,0.05061289315729031,614,I guess we could both learn to improvise.
5269,884,10,29,101,140,1.35,0.05161821264505477,614,"Swami, how I love you, how I love you, my dear old Swami!"
5250,884,12,25,103,140,1.35,0.05357228502227348,614,The hills ARE alive with the sound of music.
2255,884,10,29,101,140,1.35,0.05161821264505477,614,Can you play 'On Top of Old Smoky'?
5561,884,4,41,95,140,1.35,0.04525251748971813,614,Andante was fine for coming up. How about allegro for going down?
224,884,14,21,105,140,1.35,0.0554575474425738,614,"If you're looking for directions - I say, practice, practice, practice."
21,884,12,25,103,140,1.35,0.05357228502227348,614,I heard you reached a new plateau in your music.
1810,884,9,31,100,140,1.35,0.05061289315729031,614,Hey! Do you mind? Some of us are trying to sleep down there!
5263,884,6,37,97,140,1.35,0.04746936048647444,614,Does that include delivery?
6746,895,8,34,101,143,1.3496503496503496,0.04888064614034406,614,This stairway to heaven was a lot tougher than I imagined.
2874,895,11,28,104,143,1.3496503496503496,0.051815024228655325,614,"Do you mind, we're trying to sleep?"
3044,895,7,36,100,143,1.3496503496503496,0.04786255854901614,614,"Finished yet, Mr. Schubert?"
6081,895,2,46,95,143,1.3496503496503496,0.04240706579875956,614,"Anything but ""Ain't No Mountain High Enough"""
4485,899,7,37,102,146,1.3493150684931507,0.04721078649219463,614,"Mom told me to tell you, ""It's dinnertime."""
2270,899,7,37,102,146,1.3493150684931507,0.04721078649219463,614,You think I'VE plateaued?
5960,899,11,29,106,146,1.3493150684931507,0.051056357159219946,614,I heard there was a secret chord.
4687,899,2,47,97,146,1.3493150684931507,0.04191052140887516,614,Yes I take requests
242,899,9,33,104,146,1.3493150684931507,0.04917118041892739,614,"Oh, good, you're here. Now we can play Chopsticks."
6244,899,14,23,109,146,1.3493150684931507,0.05376031566349394,614,"Excuse me, do you know where I can find the fiddler on the roof?"
690,899,6,39,101,146,1.3493150684931507,0.04619940529835883,614,We seem to have hit a plateau.
5594,899,10,31,105,146,1.3493150684931507,0.05012263256334676,614,"Sorry, to interrupt. I was looking for the yodeling class."
20,899,3,45,98,146,1.3493150684931507,0.04302284411859988,614,I see that your music has taken you very far.
1684,899,8,35,103,146,1.3493150684931507,0.0482009509501747,614,The loneliest? I thought they said Thelonious
2281,899,11,29,106,146,1.3493150684931507,0.051056357159219946,614,Are you the guy that needs a piano tuner?
12,899,13,25,108,146,1.3493150684931507,0.05287436268125557,614,"Man, I could really use some Stairway to Heaven right now."
2752,899,2,47,97,146,1.3493150684931507,0.04191052140887516,614,Don’t tell me I just missed your peak performance.
2955,899,11,29,106,146,1.3493150684931507,0.051056357159219946,614,You could say that I have plateaued.
3053,899,9,33,104,146,1.3493150684931507,0.04917118041892739,614,"Oh no, I forgot the tuning fork."
3175,899,6,39,101,146,1.3493150684931507,0.04619940529835883,614,Your neighbors ask that you learn to play something other than Chopsticks.
4116,899,7,37,102,146,1.3493150684931507,0.04721078649219463,614,"Don't tell me, you want to take your music to a higher plateau?"
4304,899,7,37,102,146,1.3493150684931507,0.04721078649219463,614,"Philosophy is $20.00 per hour, but piano lessons are $30.00."
5804,899,8,35,103,146,1.3493150684931507,0.0482009509501747,614,"Sure I'm impressed you have a concert grand up here, Anatoli, I'm just surprised it's a Yamaha. I had you pegged as a Bösendorfer guy."
4496,899,11,29,106,146,1.3493150684931507,0.051056357159219946,614,When I asked you to play 'On Top of Old Smokey' this isn't exactly what I meant.
4695,899,10,31,105,146,1.3493150684931507,0.05012263256334676,614,"Mountovani, its me Van Climbburn."
5149,899,13,25,108,146,1.3493150684931507,0.05287436268125557,614,The movers are here.
4941,899,8,35,103,146,1.3493150684931507,0.0482009509501747,614,I heard the hills were alive with the sound of music.
4942,899,11,29,106,146,1.3493150684931507,0.051056357159219946,614,Did you pack a tuning fork by chance?
2412,923,10,32,107,149,1.348993288590604,0.04941722269455383,614,I knew I heard “Stairway To Heaven”!
2972,924,4,40,94,138,1.3478260869565217,0.045595341249547616,614,"I'm thinking a little early Gershwin after a long, vertical ascent."
919,925,7,35,99,141,1.3475177304964538,0.048258229322564544,614,For the love of... Elton! Just retire!
697,925,11,27,103,141,1.3475177304964538,0.0522888629415873,614,I can't play a note. But I'll bet it caused Amazon Prime to rethink their business plan.
555,925,11,27,103,141,1.3475177304964538,0.0522888629415873,614,"Oh, that’s grand."
469,925,10,29,102,141,1.3475177304964538,0.05131089616378166,614,He asked me to ask you to play it again.
4200,925,12,25,104,141,1.3475177304964538,0.05324887144642429,614,Have you seen a small dog missing a collar?
186,925,11,27,103,141,1.3475177304964538,0.0522888629415873,614,Do you take requests?
1680,925,9,31,101,141,1.3475177304964538,0.05031392394294709,614,Would you mind taking it down a notch?
4998,925,10,29,102,141,1.3475177304964538,0.05131089616378166,614,"Why, yes, I am a piano tuner."
1294,925,9,31,101,141,1.3475177304964538,0.05031392394294709,614,"You called for a piano tuner, right?"
4474,925,9,31,101,141,1.3475177304964538,0.05031392394294709,614,Are you still looking for a page turner?
3991,935,5,40,99,144,1.3472222222222223,0.045504429590093536,614,"Do you know how high we are?"" ""No, but if you hum a few bars I can play it."
6613,935,9,32,103,144,1.3472222222222223,0.04958985280095282,614,The key to happiness? F major.
146,935,14,22,108,144,1.3472222222222223,0.05426581784554301,614,"Do you know ""Ain't No Mountain High Enough"
663,935,11,28,105,144,1.3472222222222223,0.05151119970521326,614,So let me get this right. You didn't want the piano?
1930,935,7,36,101,144,1.3472222222222223,0.04759100026864296,614,The others want to know what time rehearsal starts.
2493,935,7,36,101,144,1.3472222222222223,0.04759100026864296,614,Could you keep it down? I’m trying to yodel.
3186,935,12,26,106,144,1.3472222222222223,0.05244548400191822,614,That was A major scale.
5699,935,4,42,98,144,1.3472222222222223,0.04442440787669188,614,Did you forget the sheet music again?
6257,935,8,34,102,144,1.3472222222222223,0.04860070373662373,614,Can't go down till I finish the unfinished symphony.
205,935,10,30,104,144,1.3472222222222223,0.05055965385507762,614,You're too late for your lesson.
2399,945,10,31,106,147,1.346938775510204,0.04983717895652952,614,I just need to rest for a minuet.
5746,945,11,29,107,147,1.346938775510204,0.050763494427203314,614,"Do you teach? I play, but I've reached a plateau."
3261,945,7,37,103,147,1.346938775510204,0.04694870100437806,614,I'm here for my annual lesson
377,948,13,20,100,133,1.3458646616541354,0.05652372921369939,614,"Oh God, I forgot my tuning fork!"
310,949,8,32,99,139,1.3453237410071943,0.049722648775523036,614,I think you need to go one octave higher.
286,949,11,26,102,139,1.3453237410071943,0.05277437867867285,614,Did you call for a tune-up?
6586,949,11,26,102,139,1.3453237410071943,0.05277437867867285,614,"Wow, you play at a very high level."
6121,949,10,28,101,139,1.3453237410071943,0.05177712458571495,614,Turns out getting it up here was the easy part
5388,949,12,24,103,139,1.3453237410071943,0.053753134415355466,614,"It’s nine o’clock on a Saturday, the regular crowd rushes in...."
531,949,14,20,105,139,1.3453237410071943,0.05565903600122712,614,The commute to these piano lessons is a bit steep.
1766,949,9,30,100,139,1.3453237410071943,0.05076028187283178,614,Did you bring the sheet music?
1875,949,11,26,102,139,1.3453237410071943,0.05277437867867285,614,"I no longer take requests for ""Ain't No Mountain High Enough."""
2101,949,8,32,99,139,1.3453237410071943,0.049722648775523036,614,"Hi, you're looking for an accompanist?"
2510,949,13,22,104,139,1.3453237410071943,0.054714384525740435,614,Oh darn! I forgot my tuning fork.
5736,949,10,28,101,139,1.3453237410071943,0.05177712458571495,614,"When I heard your career had reached a plateau, I had to see it myself."
2729,949,12,24,103,139,1.3453237410071943,0.053753134415355466,614,Every single request - CLIMB EVERY MOUNTAIN
2917,949,9,30,100,139,1.3453237410071943,0.05076028187283178,614,"So, the hills are really alive with the sound of music."
4848,949,11,26,102,139,1.3453237410071943,0.05277437867867285,614,"Hey man, are you OK? I was only hearing ADELE songs from this mountain the past few days."
5222,949,11,26,102,139,1.3453237410071943,0.05277437867867285,614,"Bill, the Woodwinds are waiting for you at Base Camp."
5267,949,11,26,102,139,1.3453237410071943,0.05277437867867285,614,Let me guess... You write your best stuff when you're super high?
5756,965,8,33,101,142,1.3450704225352113,0.049009543314738425,614,"When I asked for you to show me your peak performance, this is not what I meant!"
5476,965,5,39,98,142,1.3450704225352113,0.045850463174520746,614,Are drinks still two for one or did I miss Happy Hour?
5853,965,9,31,102,142,1.3450704225352113,0.050018251236786236,614,Sorry I'm late for my lesson!
5767,965,11,27,104,142,1.3450704225352113,0.051976972771799246,614,No my son. Rhapsody isn't blue.
5874,965,10,29,103,142,1.3450704225352113,0.051007014984738266,614,You called for tuning?
2152,965,8,33,101,142,1.3450704225352113,0.049009543314738425,614,"If you want to wait, the sherpas should be here with the string section any time now."
6347,965,7,35,100,142,1.3450704225352113,0.04797963333594969,614,Forget the meaning of life. How did you get that up here?
6506,965,8,33,101,142,1.3450704225352113,0.049009543314738425,614,Perhaps You would prefer writing a few more commandments?
6095,965,0,49,93,142,1.3450704225352113,0.04003516415581247,614,And to think they all said not to pack that metronome.
3318,965,3,43,96,142,1.3450704225352113,0.043617481949145005,614,"Bad news, Dad -- the bank is coming for the piano."
3943,965,11,27,104,142,1.3450704225352113,0.051976972771799246,614,"Of all the zen joints, in all the towns, in all the world, he walks into mine…"
5311,965,11,27,104,142,1.3450704225352113,0.051976972771799246,614,Fancy a duet?
4866,965,8,33,101,142,1.3450704225352113,0.049009543314738425,614,Congratulations you made it. Let me tell you kid it's pretty lonely at the top.
5183,965,6,37,99,142,1.3450704225352113,0.04692712535607875,614,Wow - playing the Grand Canyon Suite on your grand piano at the Grand Canyon.
230,965,5,39,98,142,1.3450704225352113,0.045850463174520746,614,I heard that you take requests.
1236,965,8,33,101,142,1.3450704225352113,0.049009543314738425,614,"It’s not you, it’s the acoustics."
942,965,10,29,103,142,1.3450704225352113,0.051007014984738266,614,It's the only rent I could afford that would accommodate a piano.
479,965,12,25,105,142,1.3450704225352113,0.052929158498765186,614,You say the only key to a long life is B natural?
305,965,8,33,101,142,1.3450704225352113,0.049009543314738425,614,Can you play 'Rocky Mountain High'?
1757,965,11,27,104,142,1.3450704225352113,0.051976972771799246,614,You missed a note.
1828,965,5,39,98,142,1.3450704225352113,0.045850463174520746,614,Where does the pool table go?
4649,965,11,27,104,142,1.3450704225352113,0.051976972771799246,614,All I want to ask is the name of your movers.
2521,965,6,37,99,142,1.3450704225352113,0.04692712535607875,614,I ordered an upright piano
2396,965,11,27,104,142,1.3450704225352113,0.051976972771799246,614,The Ad said Cello
3066,965,13,23,106,142,1.3450704225352113,0.053864514666470846,614,"Say, do you know ""Climb Every Mountain""?"
4633,965,11,27,104,142,1.3450704225352113,0.051976972771799246,614,You came Bach!
252,965,6,37,99,142,1.3450704225352113,0.04692712535607875,614,"Meaning of life? Nah, but would you mind telling me the name of your mover."
4180,965,12,25,105,142,1.3450704225352113,0.052929158498765186,614,"‘You’re late for your lesson,again!’"
4070,965,10,29,103,142,1.3450704225352113,0.051007014984738266,614,My ideas seem to be coming out of thin air.
2769,965,8,33,101,142,1.3450704225352113,0.049009543314738425,614,It should stay in tune for months. Yodel if you need me.
3930,965,10,29,103,142,1.3450704225352113,0.051007014984738266,614,"I'm sorry, I stopped taking requests for ""Stairway to Heaven"" 20 years ago. Would like to hear something else?"
1347,965,12,25,105,142,1.3450704225352113,0.052929158498765186,614,Is it true you're gonna get down tonight?
3406,965,11,27,104,142,1.3450704225352113,0.051976972771799246,614,"""Do you know the Meaning of Life in B flat?"
3500,965,10,29,103,142,1.3450704225352113,0.051007014984738266,614,"Master, I've thought about it a long, long time, but I still don't get that 'tune a fish' joke..."
3720,999,12,26,107,145,1.3448275862068966,0.05213755600019185,614,What do you mean 'I just missed it'?
4822,999,10,30,105,145,1.3448275862068966,0.050266826679700866,614,Sorry--do you want a moment to compose yourself?
6748,999,9,32,104,145,1.3448275862068966,0.04930485192994763,614,You need an idea? You should build a stairway to here.
2484,999,8,34,103,145,1.3448275862068966,0.04832373105650094,614,"... oh, and your feng shui is all off too."
831,999,7,36,102,145,1.3448275862068966,0.04732227321894,614,"Not Al, the pianist. Alpinist."
271,999,9,32,104,145,1.3448275862068966,0.04930485192994763,614,Sorry. I don't take requests.
4803,999,7,36,102,145,1.3448275862068966,0.04732227321894,614,I have a request.
6141,1006,4,39,94,137,1.3430656934306568,0.045678365969984105,614,"Hey Dad, Mom wants ta know if you'll be home for dinner??"
4644,1006,11,25,101,137,1.3430656934306568,0.05327202423766368,614,"Aw, com'on Sam, play it!"
2031,1006,10,27,100,137,1.3430656934306568,0.052254821398818804,614,The remaining members of my team request that you stop composing in B flat.
1985,1006,11,25,101,137,1.3430656934306568,0.05327202423766368,614,"Oh grand one, what is the key to life?"
783,1006,10,27,100,137,1.3430656934306568,0.052254821398818804,614,"I can see that you’re old and have magnificent instrument, but some of us in the canyon are trying to get some sleep. Can you try meditation for awhile?"
457,1006,3,41,93,137,1.3430656934306568,0.04448787374928169,614,I'm here for my lesson
2829,1006,12,23,102,137,1.3430656934306568,0.054270164670231116,614,"Do you happen to know ""Climb Every Mountain""?"
1415,1013,4,40,96,140,1.3428571428571427,0.04507778884798239,614,I was told there'd be a band.
2012,1013,9,30,101,140,1.3428571428571427,0.05045673059183804,614,"Stairway to Heaven, please."
4471,1013,7,34,99,140,1.3428571428571427,0.0483769760958631,614,"If you can't explain the meaning of life, then can you teach me to play ""Heart and Soul""?"
6563,1013,5,38,97,140,1.3428571428571427,0.046203700829501676,614,"""From the top"" has another meaning Carl."
6270,1013,4,40,96,140,1.3428571428571427,0.04507778884798239,614,Huh. I was expecting a harp.
3566,1018,5,39,99,143,1.3426573426573427,0.04559260488824829,614,Can’t compose a symphony out of thin air.
1786,1018,10,29,104,143,1.3426573426573427,0.05070651734928753,614,"I know it looks like I've plateaued, but I'm going out on a high note."
5000,1020,12,22,101,135,1.3407407407407408,0.054800470236977025,614,Who called for a piano tuner?
4457,1020,8,30,97,135,1.3407407407407408,0.050604923279653644,614,"Keep it down, will you?"
4185,1020,12,22,101,135,1.3407407407407408,0.054800470236977025,614,Either you play Rocket Man or you can carry that down yourself.
621,1020,11,24,100,135,1.3407407407407408,0.05378227606452019,614,Sorry I'm late. My GPS said to take a left at the glacier. There was no glacier.
445,1020,10,26,99,135,1.3407407407407408,0.052744430029783414,614,Mom says dinner is ready.
2925,1025,9,29,100,138,1.3405797101449275,0.05090566298579664,614,They told me the most important thing to remember before an avalanche was to stay composed.
4454,1025,3,41,94,138,1.3405797101449275,0.04423423320508147,614,They wanted me to tell you no more Elton John.
11,1025,3,41,94,138,1.3405797101449275,0.04423423320508147,614,"No, I don't didn't climb all the way up here to discover the meaning of life. I came just to ask how you got that thing up here!"
408,1025,11,25,102,138,1.3405797101449275,0.05294298413970918,614,"You can tune a piano, but you can't tuna fish. Next!"
5079,1025,8,31,99,138,1.3405797101449275,0.049855792052945165,614,"leave me alone, i'm decomposing..."
5885,1030,13,22,106,141,1.3404255319148937,0.05404582396024975,614,"Sorry, but I don’t take requests."
5422,1030,9,30,102,141,1.3404255319148937,0.05015658079621688,614,"I wasn't planning on staying up here so long, but this thing is a real pain to move."
5360,1030,7,34,100,141,1.3404255319148937,0.04809416130862452,614,The most dedicated piano repairman award goes to...
4875,1030,8,32,101,141,1.3404255319148937,0.04913619312252135,614,"As your agent I really wouldn’t worry about overexposure, unless you mean winter."
4832,1030,8,32,101,141,1.3404255319148937,0.04913619312252135,614,You called for a tune-up?
4598,1030,9,30,102,141,1.3404255319148937,0.05015658079621688,614,"Sorry, I only tune Steinways."
6510,1030,13,22,106,141,1.3404255319148937,0.05404582396024975,614,The meaning of life is play it by ear.
3854,1030,11,26,104,141,1.3404255319148937,0.0521374802071875,614,"While you're taking a breather, sir -- any chance I can interest you in a U.S. Cabinet position?"
3651,1030,4,40,97,141,1.3404255319148937,0.04482295153377163,614,"I'm with the Musicians' Union."""
3724,1030,7,34,100,141,1.3404255319148937,0.04809416130862452,614,Steinway really delivers.
178,1030,10,28,103,141,1.3404255319148937,0.0511566195106865,614,"No, I won't play "" Climb Every Mountain. """
1164,1030,7,34,100,141,1.3404255319148937,0.04809416130862452,614,Finally! I’ve been waiting a long time for those damn lyrics to arrive!
1256,1030,9,30,102,141,1.3404255319148937,0.05015658079621688,614,Maybe you need to reconsider what taking something to new heights might really mean!
76,1030,10,28,103,141,1.3404255319148937,0.0511566195106865,614,"No, the New York Philharmonic strike ended in 1973."
1846,1030,10,28,103,141,1.3404255319148937,0.0511566195106865,614,You're too early ... Happy Hour doesn't start 'til 5:00.
2028,1030,6,36,99,141,1.3404255319148937,0.047029046656149404,614,So this is what makes the canyon so grand.
124,1030,7,34,100,141,1.3404255319148937,0.04809416130862452,614,You forgot the candleabra?
3432,1030,10,28,103,141,1.3404255319148937,0.0511566195106865,614,Was there some animals you had to leave behind to get this on the Ark?
2268,1030,6,36,99,141,1.3404255319148937,0.047029046656149404,614,How'd you get up here wearing sandals?
3326,1030,8,32,101,141,1.3404255319148937,0.04913619312252135,614,"Upon reflection, I suppose I could've gone with a harmonica instead."
2726,1030,9,30,102,141,1.3404255319148937,0.05015658079621688,614,Your audience just hasn't found you yet.
2801,1030,7,34,100,141,1.3404255319148937,0.04809416130862452,614,Wow!.....and I thought this backpack was heavy!
2997,1052,1,42,87,130,1.3384615384615384,0.043069255642691595,614,Does it only play high notes?
6647,1053,8,30,98,136,1.338235294117647,0.05029389468538534,614,Looking for a fella goes by the name of 'Mountain Piano Guy.'
3587,1053,11,24,101,136,1.338235294117647,0.053444113129937396,614,May I use your bathroom?
1206,1055,9,29,101,139,1.3381294964028776,0.05059746964393502,614,"Ah, Tim the Tuner. What kept you?"
6362,1055,11,25,103,139,1.3381294964028776,0.05261779892279371,614,"Hey buddy, could you throw me a chord"
6275,1055,11,25,103,139,1.3381294964028776,0.05261779892279371,614,It's lonely at the top.
5640,1055,11,25,103,139,1.3381294964028776,0.05261779892279371,614,"What do you mean you can't play ""Climb Every Mountain""?"
964,1055,12,23,104,139,1.3381294964028776,0.05359941397100217,614,"I'd like to request ""Rocky Mountain High"" for Sheila."
2652,1055,1,45,93,139,1.3381294964028776,0.041545019171092316,614,If you're looking for enlightenment that's two mountains down.
2438,1055,5,37,97,139,1.3381294964028776,0.04629304781657476,614,"At my age, it's easier to stay and play than it is to get up and leave."
2284,1055,7,33,99,139,1.3381294964028776,0.04849304182311418,614,Please don't play elevator music
2235,1055,8,31,100,139,1.3381294964028776,0.049556427633694645,614,"Geez, talk about nosebleed seats...."
1988,1055,10,27,102,139,1.3381294964028776,0.05161751978664064,614,"CAN YOU PLAY, KNOCK, KNOCK, KNOCKING ON HEAVENS DOOR?"
338,1055,9,29,101,139,1.3381294964028776,0.05059746964393502,614,Why did you stop?
5774,1055,7,33,99,139,1.3381294964028776,0.04849304182311418,614,"Whaddaya mean you don't know ""Climb Ev'ry Mountain""?"
2280,1055,9,29,101,139,1.3381294964028776,0.05059746964393502,614,I should have asked for better directions to Carnegie Hall
3156,1068,12,20,99,131,1.3358778625954197,0.05590307758722172,614,"That's funny, I thought the view would be grand."
5451,1068,11,22,98,131,1.3358778625954197,0.054842631880924815,614,My expedition ended on a high note.
4704,1068,10,24,97,131,1.3358778625954197,0.053761272860027506,614,Mind if I play through?
3965,1068,11,22,98,131,1.3358778625954197,0.054842631880924815,614,I changed my mind...I do want anchovies on the pizza.
1831,1068,7,30,94,131,1.3358778625954197,0.05037812048142952,614,Dammit. Can you point me toward bass camp?
6118,1068,11,22,98,131,1.3358778625954197,0.054842631880924815,614,"Come on, just for me, 'Rocky Mountain High',"
3306,1074,1,43,90,134,1.335820895522388,0.042299557827303554,614,I take it your composing has reached a plateau.
2064,1074,7,31,96,134,1.335820895522388,0.04962436595252059,614,"Eric, after hours of climbing, discovers what actually makes the wind whistle."
896,1074,7,31,96,134,1.335820895522388,0.04962436595252059,614,No. I don't know the way to San Jose.
5549,1074,5,35,94,134,1.335820895522388,0.04730894201862465,614,Can you please stop playing Piano Man!
4932,1074,6,33,95,134,1.335820895522388,0.048480479015327774,614,Are you up for something four hands?
3807,1074,2,41,91,134,1.335820895522388,0.043605887710485215,614,Your neighbors are complaining about late piano playing.
4658,1080,13,20,104,137,1.3357664233576643,0.05509406089222457,614,Did you place this Amazon Prime order?
4672,1080,9,28,100,137,1.3357664233576643,0.05104886597930505,614,What's the meaning of life? Good Question. Better Question: How did I get this piano up here?
4785,1080,9,28,100,137,1.3357664233576643,0.05104886597930505,614,I'm here in answer to your Craigslist ad for a page-turner.
4908,1080,7,32,98,137,1.3357664233576643,0.04890094379315699,614,"You may ask only one question and by the way, I don't take requests."
6514,1080,1,44,92,137,1.3357664233576643,0.04180010839850597,614,Is this the bass camp?
5703,1080,5,36,96,137,1.3357664233576643,0.046654237641932904,614,I think my career has plateaued
6149,1080,8,30,99,137,1.3357664233576643,0.04998644327032355,614,"""Feelings?"" Really??!!"
6562,1080,10,26,101,137,1.3357664233576643,0.05208962396417183,614,I came here to get away from critics like you.
6582,1080,8,30,99,137,1.3357664233576643,0.04998644327032355,614,Is it ok if I sit in?
5896,1080,5,36,96,137,1.3357664233576643,0.046654237641932904,614,You really need to get another booking agent.
5094,1080,10,26,101,137,1.3357664233576643,0.05208962396417183,614,"Oops, forgot my tuning fork!"
4571,1080,10,26,101,137,1.3357664233576643,0.05208962396417183,614,"FREE baby grand piano: free piano for a good home. a few keys don't strike, but overall great sound. pick up only. must be able to move it yourself. piano bench included."
685,1080,6,34,97,137,1.3357664233576643,0.047790795106439944,614,"Hey, is your job offer for a page turner still open?"
4335,1080,5,36,96,137,1.3357664233576643,0.046654237641932904,614,"Please stop playing ""Free Fallin' ""!"
440,1080,7,32,98,137,1.3357664233576643,0.04890094379315699,614,Still unfinished?! I'm resigning as your agent.
703,1080,9,28,100,137,1.3357664233576643,0.05104886597930505,614,"Yes.. I'm Mike from ""MountainTop Piano Movers"" to give an estimate."
1039,1080,9,28,100,137,1.3357664233576643,0.05104886597930505,614,"Finally, a piano bar with some real atmosphere."
4369,1080,10,26,101,137,1.3357664233576643,0.05208962396417183,614,"It was a trek, yes, but where there's a will, there's a Steinway."
1374,1080,9,28,100,137,1.3357664233576643,0.05104886597930505,614,"Yes sir, we can move your piano down the mountain in seoncds, but first you’ll have to sign our damages waiver."
1503,1080,12,22,103,137,1.3357664233576643,0.05411112028631799,614,Are you the one that wanted his piano tuned?
1551,1080,11,24,102,137,1.3357664233576643,0.05310999088386854,614,Mr. Michaelson? Your Amazon order has arrived.
1576,1080,10,26,101,137,1.3357664233576643,0.05208962396417183,614,"Of all the gin joints, in all the towns, in all the world, she walks into mine."
1754,1080,10,26,101,137,1.3357664233576643,0.05208962396417183,614,"Hey, could you keep it down?"
157,1080,8,30,99,137,1.3357664233576643,0.04998644327032355,614,Elvis?
1951,1080,6,34,97,137,1.3357664233576643,0.047790795106439944,614,"When I said high-pitched, this is not what I meant."
2047,1080,9,28,100,137,1.3357664233576643,0.05104886597930505,614,"I was seeking the secret of life, but I’ll settle for ‘Climb Every Mountain’."
4326,1080,12,22,103,137,1.3357664233576643,0.05411112028631799,614,"Mr. Grofé, your Grand Canyon Suite makes us feel as though we´re actually there."
3272,1080,9,28,100,137,1.3357664233576643,0.05104886597930505,614,Schubert! I'm looking for Nirvana.
2087,1080,8,30,99,137,1.3357664233576643,0.04998644327032355,614,This is the last time I’m tuning your piano.
3956,1080,9,28,100,137,1.3357664233576643,0.05104886597930505,614,Why here? It's easier to hit the high notes.
3822,1080,9,28,100,137,1.3357664233576643,0.05104886597930505,614,You order a tip jar?
1940,1080,7,32,98,137,1.3357664233576643,0.04890094379315699,614,I picked up the gin but they were out of tonic.
3773,1080,8,30,99,137,1.3357664233576643,0.04998644327032355,614,Can you turn it down a notch? We just put the baby down.
4026,1113,8,29,98,135,1.3333333333333333,0.05042659366655156,614,"What do you mean, you forgot your tuning fork?"
4031,1113,9,25,95,129,1.3333333333333333,0.053162274125368995,614,They had different sizes of piano wire. What size do you need?
4122,1113,2,40,90,132,1.3333333333333333,0.043905280814486025,614,You're going to have to move. The third glacier on the left has melted and your resonance is all off.
4300,1113,11,23,101,135,1.3333333333333333,0.0536145158268927,614,"Not the stairway to heaven, I presume."
4348,1113,5,33,91,129,1.3333333333333333,0.04839143794257275,614,This is the last time!!!!....I'm going to teach you how to tune yourself!
4979,1113,11,23,101,135,1.3333333333333333,0.0536145158268927,614,"Sorry to bother you, but I am looking for the restaurant in the New Yorker Caption Contest #603."
5552,1113,9,27,99,135,1.3333333333333333,0.05151116061908372,614,I'm from the moving company.
5436,1113,10,23,96,129,1.3333333333333333,0.05428951483655596,614,We’re trying to sleep down here!
3723,1113,11,21,97,129,1.3333333333333333,0.05539382142618779,614,I'm so glad you made it. I've been looking forward to my lesson.
5984,1113,11,23,101,135,1.3333333333333333,0.0536145158268927,614,How about next time we jam at my place?
6052,1113,11,18,91,120,1.3333333333333333,0.05837833398289226,614,It's hopeless. Bring me a Steinway!
6655,1113,8,29,98,135,1.3333333333333333,0.05042659366655156,614,"For the last time, can you please stop practicing after 10pm?"
6702,1113,8,29,98,135,1.3333333333333333,0.05042659366655156,614,I knew it begins with a single step. I didn't expect it to end with Chopsticks.
6741,1113,7,31,97,135,1.3333333333333333,0.04931818152870151,614,I took your advice to 'Climb Ev'ry Mountain'.
4090,1113,4,36,92,132,1.3333333333333333,0.04646498171103417,614,So that’s why the hills are alive.
889,1113,2,42,94,138,1.3333333333333333,0.042820941860433094,614,"If you're not the piano tuner, just turn around and go back where you came from."
5048,1113,8,29,98,135,1.3333333333333333,0.05042659366655156,614,"Excuse me, how do you get to Carnegie Hall?"
3687,1113,8,29,98,135,1.3333333333333333,0.05042659366655156,614,"If you play ""Night on Bald Mountain"" one more time, I'll go nuts."
5844,1113,11,23,101,135,1.3333333333333333,0.0536145158268927,614,I think I climbed the wrong mountain - I wanted the answer to writer's block.
3634,1113,11,21,97,129,1.3333333333333333,0.05539382142618779,614,Maybe I should come back after you get your act together.
70,1113,8,29,98,135,1.3333333333333333,0.05042659366655156,614,"No, sorry, I'm a harpsichord tuner. It's still a funny coincidence, though."
93,1113,7,29,93,129,1.3333333333333333,0.05083285677753488,614,...play like nobody else is listening...play like nobody else is listening...
255,1113,9,27,99,135,1.3333333333333333,0.05151116061908372,614,Of course it needs tuning again. You're above the frostline.
574,1113,11,23,101,135,1.3333333333333333,0.0536145158268927,614,"Look, they're getting impatient. Let's just go with 'a note to follow 'so'."
3660,1113,4,37,94,135,1.3333333333333333,0.04583239106524254,614,Did you remember to bring the sheet music?
968,1113,9,25,95,129,1.3333333333333333,0.053162274125368995,614,So this is where you’ve been Haydn.
1036,1113,10,25,100,135,1.3333333333333333,0.05257335815637598,614,Would you like to hear something with just the high notes?
1055,1113,8,29,98,135,1.3333333333333333,0.05042659366655156,614,Put out a tip jar instead of sulking.
1254,1113,5,35,95,135,1.3333333333333333,0.04702304105723988,614,So... you play it 'because it's there'?
5409,1113,1,42,89,132,1.3333333333333333,0.0425677490877183,614,"Could you play something enlightening, please?"
1844,1113,8,29,98,135,1.3333333333333333,0.05042659366655156,614,"I was guaranteed one refrain from ""Stairway to Heaven."""
4778,1113,2,41,92,135,1.3333333333333333,0.04335310175443319,614,Any chance you brought a kazoo?
1949,1113,7,31,97,135,1.3333333333333333,0.04931818152870151,614,I'll be damned ... the original keyboardist of Herman's Hermits!
2069,1113,11,21,97,129,1.3333333333333333,0.05539382142618779,614,I'm Haydn up here.
2170,1113,9,27,99,135,1.3333333333333333,0.05151116061908372,614,Stairway to Heaven?
2175,1113,9,27,99,135,1.3333333333333333,0.05151116061908372,614,"So you're OK? From what we heard, you were decomposing up here."
2177,1113,9,27,99,135,1.3333333333333333,0.05151116061908372,614,Could you give me the name of your piano mover?
2922,1113,8,29,98,135,1.3333333333333333,0.05042659366655156,614,"What do you mean, you don't take requests?"
2804,1113,8,27,94,129,1.3333333333333333,0.0520106081407738,614,"Don't worry, your work will sell better when you die."
2772,1113,9,27,99,135,1.3333333333333333,0.05151116061908372,614,Are you sure this ticket is for next week's performance?
1865,1113,10,25,100,135,1.3333333333333333,0.05257335815637598,614,Amazon Prime.
2679,1113,7,31,97,135,1.3333333333333333,0.04931818152870151,614,"You were supposed to scale the mountain, not play scales on the mountain."
2611,1113,10,23,96,129,1.3333333333333333,0.05428951483655596,614,Pandora was right--there are no artists similar to you.
6356,1156,11,23,102,136,1.3308823529411764,0.053275241093751376,614,"Come on, you must know this one - climb every mountain. No? The hills are alive? River deep, mountain high? What kind of piano player are you?"
5517,1156,7,31,98,136,1.3308823529411764,0.049015522705595845,614,Have you been waiting long?
3624,1156,11,23,102,136,1.3308823529411764,0.053275241093751376,614,This lesson had better be worth it.
6498,1156,10,25,101,136,1.3308823529411764,0.052242883263882905,614,"No, I don't know ""How to Splint a Broken Leg."" But if you hum a few bars, I can fake it."
3362,1156,10,25,101,136,1.3308823529411764,0.052242883263882905,614,I had treble with the clef
1459,1156,9,27,100,136,1.3308823529411764,0.05118970980431573,614,"The question you should be asking is, ""How did I get this damn thing up here?"""
3615,1156,9,27,100,136,1.3308823529411764,0.05118970980431573,614,"Man, I could use a pick me up tune."
1701,1156,9,27,100,136,1.3308823529411764,0.05118970980431573,614,Julie Andrews was right all along.
2117,1156,7,31,98,136,1.3308823529411764,0.049015522705595845,614,I offer no sage advice but I can carry a tune.
2839,1156,8,29,99,136,1.3308823529411764,0.0501144083869741,614,Dang. They told me this was karaoke night.
2345,1156,7,31,98,136,1.3308823529411764,0.049015522705595845,614,"Dad, please. Come home. I promise to practice."
2346,1156,9,27,100,136,1.3308823529411764,0.05118970980431573,614,"Oh great, an agent, just when my career has plateau'd."
2531,1156,13,19,104,136,1.3308823529411764,0.05528215116422851,614,The work order said 'Yamaha tune-up.' I brought spark plugs.
2276,1156,8,29,99,136,1.3308823529411764,0.0501144083869741,614,I hope you brought a pen.
3389,1170,6,32,95,133,1.330827067669173,0.04858654281797334,614,Rats. I almost brought my cello.
3665,1170,9,26,98,133,1.330827067669173,0.05198476356261508,614,I thought it sounded a little flat up here.
3920,1170,0,44,89,133,1.330827067669173,0.04095271839190023,614,Is this the hall of the Mountain King?
4204,1170,12,20,101,133,1.330827067669173,0.055174080348649485,614,It was then Ned realized—there was nowhere on earth where one could escape from the Piano Man.
4293,1170,8,28,97,133,1.330827067669173,0.05087724910122644,614,"Mussorgsky's ""Night on Bald Mountain"" please."
4841,1170,9,26,98,133,1.330827067669173,0.05198476356261508,614,You're on in five...
4918,1170,4,36,93,133,1.330827067669173,0.046182353879996904,614,"Could you play a few bars of ""I'm Sitting On Top Of The World ""?"
5152,1170,12,20,101,133,1.330827067669173,0.055174080348649485,614,"It's 9 o'clock on a Saturday, the regular crowd shuffles in..."
6204,1170,8,28,97,133,1.330827067669173,0.05087724910122644,614,You'll have to go back. Tell them I only use my regular piano tuner.
6221,1170,9,26,98,133,1.330827067669173,0.05198476356261508,614,Dang! I was coming for violin lessons.
6322,1170,7,30,96,133,1.330827067669173,0.04974508327016351,614,My playing seems to have reached a plateau.
6416,1170,10,24,99,133,1.330827067669173,0.05306917004451585,614,"I bet you get a lot of requests to play ""The Fool on the Hill""."
4619,1170,12,20,101,133,1.330827067669173,0.055174080348649485,614,"Oh shoot, which mountain is guitar?"
6043,1170,5,34,94,133,1.330827067669173,0.047399693843420666,614,I think our lessons have plateaued.
3384,1170,8,28,97,133,1.330827067669173,0.05087724910122644,614,Do you mind if I yodel?
3093,1170,12,20,101,133,1.330827067669173,0.055174080348649485,614,Please don’t tell me the concert is over !!!
3257,1170,11,22,100,133,1.330827067669173,0.05413185730941147,614,But why even try to set your new commandments to music?
170,1170,8,28,97,133,1.330827067669173,0.05087724910122644,614,"Nirvana schmirvana, we're putting the band back together."
232,1170,8,28,97,133,1.330827067669173,0.05087724910122644,614,Here's a tip - be more accessible
353,1170,8,28,97,133,1.330827067669173,0.05087724910122644,614,"""The Meaning of Life?"" I'm not familiar with that one...maybe if you hum a few bars."
618,1170,11,22,100,133,1.330827067669173,0.05413185730941147,614,"Enlightenment? No, I'm the piano tuner."
731,1170,10,24,99,133,1.330827067669173,0.05306917004451585,614,would you keep it down?
1373,1170,9,26,98,133,1.330827067669173,0.05198476356261508,614,You’re taking the soloist thing way too far.
1499,1170,8,28,97,133,1.330827067669173,0.05087724910122644,614,"Finally, the piano tuner ?"
1889,1170,6,32,95,133,1.330827067669173,0.04858654281797334,614,"How did I get here first? Practice, practice, practice!"
196,1170,8,28,97,133,1.330827067669173,0.05087724910122644,614,All it needs is a bridge.
2292,1170,8,28,97,133,1.330827067669173,0.05087724910122644,614,"I need help finding my way, Bach."
2979,1170,5,34,94,133,1.330827067669173,0.047399693843420666,614,The meaning of life? Hum a few bars and I'll play it.
2495,1170,8,28,97,133,1.330827067669173,0.05087724910122644,614,"Mr. Schubert, your wife says leave the symphony unfinished and come home or your marriage will be finished."
2895,1170,8,28,97,133,1.330827067669173,0.05087724910122644,614,They told me you would be here.
2734,1170,7,30,96,133,1.330827067669173,0.04974508327016351,614,Please tell me you know Freebird.
2883,1170,10,24,99,133,1.330827067669173,0.05306917004451585,614,"Oh thank god you’re here, this thing’s so out of tune.”"
1914,1170,7,30,96,133,1.330827067669173,0.04974508327016351,614,"Hi, I'm the piano mover."
6636,1203,8,27,95,130,1.3307692307692307,0.05167263305054093,614,I'd like to see the size of your Sherpa.
6046,1204,7,30,97,134,1.328358208955224,0.04943414450470018,614,Do you know anything besides 'Ain't No Mountain High Enough'?
4640,1204,4,36,94,134,1.328358208955224,0.04590285493310231,614,Please - less 'forte energize' and more 'mezzo lento' - your playing has turned this into an active avalanche area.
2023,1204,8,28,98,134,1.328358208955224,0.05055645847511103,614,The record company sent me. I'm afraid I have some bad news about the music industry...
970,1204,5,34,95,134,1.328358208955224,0.047109372121091606,614,I knew they were alive with the sound of something.
3933,1204,4,36,94,134,1.328358208955224,0.04590285493310231,614,"Too late now, but a harmonica may have been a better choice."
335,1204,7,30,97,134,1.328358208955224,0.04943414450470018,614,It seems we've both peaked.
736,1204,7,30,97,134,1.328358208955224,0.04943414450470018,614,I'm here fur elise.
2181,1211,7,29,95,131,1.3282442748091603,0.050181991856702655,614,"Now you know, my son, why they call the canyon grand."
2228,1211,7,29,95,131,1.3282442748091603,0.050181991856702655,614,"Wrong mountain, kid. I can't even finish my own symphony."
6080,1211,8,27,96,131,1.3282442748091603,0.0513387974031577,614,"Summit’s an octave higher, pal"
2944,1211,11,21,99,131,1.3282442748091603,0.05466252422904905,614,"The guys at Advanced Base Camp are requesting ""Freebird"" again."
3304,1211,9,25,97,131,1.3282442748091603,0.05247010511613992,614,Are you available for weddings and bar mitzvahs?
3481,1211,6,31,94,131,1.3282442748091603,0.048997882552309045,614,It’s not you; the acoustics up here are awful.
3623,1211,8,27,96,131,1.3282442748091603,0.0513387974031577,614,Mary sent me up to tell you to stop that racket or you'll wake the baby.
4271,1211,7,29,95,131,1.3282442748091603,0.050181991856702655,614,"No, I'm not the piano tuner."
4463,1211,0,43,88,131,1.3282442748091603,0.041184385658063025,614,"Sorry to bother you, sir. Will you sign for next door's package?"
4673,1211,7,29,95,131,1.3282442748091603,0.050181991856702655,614,Were you the guy that called about the bad damper peddle?
5115,1211,7,29,95,131,1.3282442748091603,0.050181991856702655,614,"So you're saying, the secret of life is Duke Ellington?"
6359,1211,9,25,97,131,1.3282442748091603,0.05247010511613992,614,Thank God you're here! It's been so hard to get a good tuner on the weekend.
2061,1211,11,21,99,131,1.3282442748091603,0.05466252422904905,614,Which one is the key to happiness?
5151,1211,12,19,100,131,1.3282442748091603,0.0557263974000444,614,How about Climb Every Mountain?
2059,1211,12,19,100,131,1.3282442748091603,0.0557263974000444,614,"Do you know ""Climb Any Mountain?"""
2206,1211,8,27,96,131,1.3282442748091603,0.0513387974031577,614,You're late for your lesson!
1642,1211,7,29,95,131,1.3282442748091603,0.050181991856702655,614,Just a reminder that your rental contract ends this month.
13,1211,7,29,95,131,1.3282442748091603,0.050181991856702655,614,So this is what you do to be in tune with nature.
227,1211,8,27,96,131,1.3282442748091603,0.0513387974031577,614,I prefer music that's a little more accessible.
339,1211,9,25,97,131,1.3282442748091603,0.05247010511613992,614,You called for tuning?
432,1211,4,35,92,131,1.3282442748091603,0.046539369037592995,614,Was I playing too loud?
486,1211,1,41,89,131,1.3282442748091603,0.042586305711206834,614,Makes sense why they call it Treble Cliff.
705,1211,10,23,98,131,1.3282442748091603,0.0535775302061888,614,The Mormon Tabernacle Choir is right behind me.
616,1211,8,27,96,131,1.3282442748091603,0.0513387974031577,614,You called for a piano mover?
891,1211,6,31,94,131,1.3282442748091603,0.048997882552309045,614,"No, the concert is next month"
1048,1211,10,23,98,131,1.3282442748091603,0.0535775302061888,614,"You don't know ""Climb Every Mountain?"""
1148,1211,12,19,100,131,1.3282442748091603,0.0557263974000444,614,"I don't know about ""meaning,"" but the key to life is B-Sharp."""
1669,1211,10,23,98,131,1.3282442748091603,0.0535775302061888,614,"No genie, I didn't wish for a great PIANIST."
801,1211,5,33,93,131,1.3282442748091603,0.04778443975305738,614,"Hi, I'm the violinist. Where's the rest of the quartet?"
1443,1240,6,26,84,116,1.3275862068965518,0.05305630805505235,614,Did I leave my keys up here?
2055,1241,6,31,95,132,1.3257575757575757,0.048688813118880785,614,I’ve finally got you a booking at Carnegie Hall!
3625,1241,9,25,98,132,1.3257575757575757,0.05213043051747314,614,I'm here to repossess the Steinway.
5100,1241,6,31,95,132,1.3257575757575757,0.048688813118880785,614,Could you please not practice after 9 pm!?
6571,1241,7,29,96,132,1.3257575757575757,0.04986242015716074,614,Hey! I'm trying to sleep down here
5091,1245,8,26,95,129,1.3255813953488371,0.051811644904243614,614,It's 2 o'clock. You said you'd be here between 9 and 11.
6639,1245,7,28,94,129,1.3255813953488371,0.05062926541710517,614,I just needed a moment to compose myself.
4343,1245,8,26,95,129,1.3255813953488371,0.051811644904243614,614,Hey! Airbnb guaranteed me A Flat.
3698,1245,8,26,95,129,1.3255813953488371,0.051811644904243614,614,Billy's worst nightmare. Another Piano Man request.
3672,1245,7,28,94,129,1.3255813953488371,0.05062926541710517,614,I'd know that tune anywhere.
3148,1245,4,34,91,129,1.3255813953488371,0.04690362910961608,614,"Yes, it's a walk-up, but do you have any idea what recital halls rent for these days?"
3110,1245,9,24,96,129,1.3255813953488371,0.052967637088048254,614,"Well, the New York Philharmonic rejected your symphony. Said you haven't been dead long enough."
2731,1245,0,42,87,129,1.3255813953488371,0.04141804316504363,614,So there are 88 keys to the universe?
404,1245,3,36,90,129,1.3255813953488371,0.045594148666738735,614,I'm your creative muse. I got here as fast as I could.
1115,1245,6,30,93,129,1.3255813953488371,0.049418604651162795,614,"Why, yes, I am available for children's parties."
3224,1245,4,34,91,129,1.3255813953488371,0.04690362910961608,614,Do you know any Thelonias Monk?
2187,1245,1,40,88,129,1.3255813953488371,0.04285531858041858,614,"Well, in this case, it really is 99% perspiration."
1540,1257,4,33,89,126,1.3253968253968254,0.047581996167504935,614,How long can you stay? It's lonely at the top.
4197,1257,7,27,92,126,1.3253968253968254,0.05142955123503252,614,Sorry; I'm on break.
1357,1259,4,34,92,130,1.323076923076923,0.04660876971000305,614,It's quarter to three. There's no one in the place but you and me.
4281,1259,6,30,94,130,1.323076923076923,0.04910090205519472,614,Getting here is half the battle. Getting in tune is the other half.
6056,1261,8,25,94,127,1.3228346456692914,0.05229621744139442,614,"Hello there! I'm Albert, the piano tuner. You said the register seems too high?"
5990,1261,8,25,94,127,1.3228346456692914,0.05229621744139442,614,"When you said you were going to get high and practice, I was expecting a more relaxing afternoon."
5688,1261,4,33,90,127,1.3228346456692914,0.04727533025655223,614,Just a gentle reminder that we'll need it Thursday.
5249,1261,8,25,94,127,1.3228346456692914,0.05229621744139442,614,The boys down at base camp are all in the mood for a melody.
4488,1261,8,25,94,127,1.3228346456692914,0.05229621744139442,614,Nothing stops the repo man.
4453,1261,7,27,93,127,1.3228346456692914,0.05108727808099317,614,"Well, I was told you had your own tuning fork."
3788,1261,5,31,91,127,1.3228346456692914,0.04857922629909788,614,"That was great, but how do I get TO the Hall of the Mountain King?"
932,1261,9,23,95,127,1.3228346456692914,0.05347783405889291,614,Play ain't no mountain high enough one more time before I go.
1843,1261,6,29,92,127,1.3228346456692914,0.04984902812264091,614,"Well if you're not going to practice I'm not going to keep paying for the lessons, grandpa."
307,1261,5,31,91,127,1.3228346456692914,0.04857922629909788,614,I'll call if it needs another tuning
1878,1261,6,29,92,127,1.3228346456692914,0.04984902812264091,614,Here's your sheet music.
1925,1272,6,28,90,124,1.3225806451612903,0.050629899427840026,614,I'm here to tune your piano.
390,1272,6,28,90,124,1.3225806451612903,0.050629899427840026,614,"Ok, then play Melancholy Baby, not Climb Every Mountain."
107,1272,4,32,88,124,1.3225806451612903,0.04797005345994723,614,Do you know the way to San Jose?
1366,1275,3,37,94,134,1.3208955223880596,0.04444289277334116,614,"Yes, the view is incredible...but just try & get a piano tuned..."
4101,1276,6,29,93,128,1.3203125,0.0495223167973229,614,You order a tip jar?
4222,1276,11,19,98,128,1.3203125,0.05538607533748325,614,I'm disappointed. I expected a harp.
4344,1276,8,25,95,128,1.3203125,0.05194730842979638,614,"Meaning of Life? I dunno, I'm still trying to begin my Beguine."
5743,1276,7,27,94,128,1.3203125,0.05074929907927204,614,The restaurant? That was weeks ago.
2995,1276,7,27,94,128,1.3203125,0.05074929907927204,614,You're early. The recital's not until seven.
3792,1276,8,25,95,128,1.3203125,0.05194730842979638,614,I'm here for my lesson
2710,1276,7,27,94,128,1.3203125,0.05074929907927204,614,"I don't know, it still sounds a little flat to me."
2212,1276,7,27,94,128,1.3203125,0.05074929907927204,614,What took you so long? I called the piano movers years ago.
535,1276,4,33,91,128,1.3203125,0.04697229895213162,614,Are you the tuner?
2928,1276,10,21,97,128,1.3203125,0.054264038231838015,614,There is not a single candelabra available in town!
6540,1286,8,24,93,125,1.32,0.052792961407687175,614,"Sorry to end on such a low note, but I'm the Repo Man."
6528,1286,5,30,90,125,1.32,0.04898979485566356,614,How high am I?
6197,1286,10,20,95,125,1.32,0.05518298007830476,614,"Moses, you’ve tried your best but the Ten Commandments just weren’t meant to be a jingle."
5926,1286,5,30,90,125,1.32,0.04898979485566356,614,"Come back later, I’m practicing."
5419,1286,5,30,90,125,1.32,0.04898979485566356,614,Can you please quiet down?!
3889,1286,8,24,93,125,1.32,0.052792961407687175,614,Please! I am decomposing.
3130,1286,0,40,85,125,1.32,0.041890795047091416,614,"I came all this way, so I hope you take requests."
6114,1286,6,28,91,125,1.32,0.05028948456749697,614,"I came all the way up here for answers, and you were just making it up as you go?!"
1282,1286,5,30,90,125,1.32,0.04898979485566356,614,"How ‘bout a little, “Ain’t no mountain high enough”?"
1237,1286,8,24,93,125,1.32,0.052792961407687175,614,The neighbors complained about the noise.
966,1286,8,24,93,125,1.32,0.052792961407687175,614,"Next time you drop your sheet music, we’re going to use a drone to resupply you"
103,1286,7,26,92,125,1.32,0.05155642070711495,614,"Play it again, Sam."
2107,1286,9,22,94,125,1.32,0.05400119472991374,614,"Yes, when all your answers are showtunes, they sound sarcastic."
2924,1299,0,39,83,122,1.319672131147541,0.04239540943837385,614,"What do you mean, ""Who's Billy Joel?"""
2978,1300,6,28,92,126,1.3174603174603174,0.04995336701656112,614,I have come a long long way to hear a really high C
2606,1300,9,22,95,126,1.3174603174603174,0.05363106615799874,614,I was told there would be a quartet.
2818,1302,7,25,91,123,1.3170731707317074,0.05203710162425183,614,"Sorry, I don't do requests."
2838,1302,9,21,93,123,1.3170731707317074,0.0545382433536534,614,"No sir, There's no way you've peaked artistically."
2871,1302,9,21,93,123,1.3170731707317074,0.0545382433536534,614,"You know, that's a thought. Maybe I will learn to play this thing someday."
3121,1302,7,25,91,123,1.3170731707317074,0.05203710162425183,614,Can you help me? I’m in search of a lost chord.
3470,1302,9,21,93,123,1.3170731707317074,0.0545382433536534,614,Why? Because it was here.
3820,1302,8,23,92,123,1.3170731707317074,0.05330234485252516,614,Oh ... and Disco is dead too.
6575,1302,5,29,89,123,1.3170731707317074,0.04940951227044349,614,"To be honest, I was expecting something a little more profound than ""Chopsticks."""
4845,1302,6,27,90,123,1.3170731707317074,0.05074031852607854,614,"You can come down now, people don't like Kanye anymore."
5218,1302,6,27,90,123,1.3170731707317074,0.05074031852607854,614,Do you have a ticket for tonight's concert?
5625,1302,5,29,89,123,1.3170731707317074,0.04940951227044349,614,"Who’d you expect, Liberace?"
6658,1302,10,19,94,123,1.3170731707317074,0.05574674886867505,614,"How about a few ""bars"" of John Cage's 4' 33""?"
2793,1302,6,27,90,123,1.3170731707317074,0.05074031852607854,614,You're early again. It's still unfinished.
5702,1302,9,21,93,123,1.3170731707317074,0.0545382433536534,614,Your webcam viewers are tired of watching you pee over the side.
4065,1302,8,23,92,123,1.3170731707317074,0.05330234485252516,614,"I'd like to make a request: ""Stairway to Heaven"""
1662,1302,8,23,92,123,1.3170731707317074,0.05330234485252516,614,"Can you play, or is it just for show?"
4401,1302,11,17,95,123,1.3170731707317074,0.056929605924790364,614,"I got tired of all the requests for ""Piano Man."""
1316,1302,9,21,93,123,1.3170731707317074,0.0545382433536534,614,"I would've much rather preferred ""Stair Way to Heaven"" than ""Rocky Mountain High."""
1278,1302,5,29,89,123,1.3170731707317074,0.04940951227044349,614,Thank you! I'm here til Thursday
1116,1302,7,25,91,123,1.3170731707317074,0.05203710162425183,614,What's the key to life? There're 88.
993,1302,8,23,92,123,1.3170731707317074,0.05330234485252516,614,The reverb is amazing up here
848,1302,4,31,88,123,1.3170731707317074,0.048041855516604504,614,Do you have your ticket?
567,1302,6,27,90,123,1.3170731707317074,0.05074031852607854,614,I'm looking for the lost chord
1460,1302,6,27,90,123,1.3170731707317074,0.05074031852607854,614,Excuse me did you call for a piano tuner
36,1302,5,29,89,123,1.3170731707317074,0.04940951227044349,614,I guess it's true - the hills really are alive with the sound of music!
4627,1326,5,28,87,120,1.3166666666666667,0.05018639393621737,614,My wife asked me to move it out of the house
3269,1326,8,22,90,120,1.3166666666666667,0.05421108930420128,614,"Play it, Sam. Play, “Ain’t No Mountain High Enough.”"
2727,1326,9,20,91,120,1.3166666666666667,0.05548782051907472,614,Groupon or walk-in?
2119,1326,7,24,89,120,1.3166666666666667,0.052903555467842825,614,"Sorry, I just finished my final set. Come back tomorrow a little earlier."
1420,1326,5,28,87,120,1.3166666666666667,0.05018639393621737,614,The people want more hymns.
5824,1326,10,18,92,120,1.3166666666666667,0.05673582861266779,614,All about the atmosphere huh.
4209,1326,9,20,91,120,1.3166666666666667,0.05548782051907472,614,I came as fast as I could. That piano's not going to tune itself.
3496,1326,4,30,86,120,1.3166666666666667,0.04877107866258682,614,The other gurus are asking you to keep it down.
6401,1326,7,24,89,120,1.3166666666666667,0.052903555467842825,614,I still don't know why you needed a page-turner in the first place.
6579,1326,2,34,84,120,1.3166666666666667,0.04580945392704768,614,"Hammerstein, I presume?"
3646,1326,6,26,88,120,1.3166666666666667,0.051562875780256465,614,"No, I don't answer questions. But I do take requests!"
2478,1337,3,31,83,117,1.3162393162393162,0.04802245006476562,614,Can you play Stairway to Heaven?
4361,1337,2,33,82,117,1.3162393162393162,0.046462818402408325,614,Did you bring a tuning fork?
5338,1339,7,25,92,124,1.314516129032258,0.051679040696349106,614,"Whew, what a climb. Hope you're the guy who ordered the tuna."
1976,1339,8,23,93,124,1.314516129032258,0.0529325381108483,614,Come down already Billy! You'll never top Piano Man.
6417,1341,9,20,92,121,1.3140495867768596,0.05508953124994619,614,Are you the one who called a piano tuner?
5973,1341,6,26,89,121,1.3140495867768596,0.051201887785929635,614,"Sorry, but I don't do requests anymore."
5471,1341,6,26,89,121,1.3140495867768596,0.051201887785929635,614,"Let me guess: you want to hear ""Rocky Mountain High."""
5362,1341,4,30,87,121,1.3140495867768596,0.048437085163942496,614,I was hoping you would be the piano tuner
5121,1341,2,34,85,121,1.3140495867768596,0.0455046055418032,614,"Hi, I'm Jesse from Uptown Piano Movers."
4095,1341,9,20,92,121,1.3140495867768596,0.05508953124994619,614,Can you play Misty for me?
3939,1341,7,24,90,121,1.3140495867768596,0.05252974737874613,614,Next time we yodel a cappella.
3891,1341,7,24,90,121,1.3140495867768596,0.05252974737874613,614,Did you bring the last movement?
3339,1341,8,22,91,121,1.3140495867768596,0.05382485862969677,614,I was hoping for the key to life. You’re really offering all 88?
3262,1341,9,20,92,121,1.3140495867768596,0.05508953124994619,614,Sorry. I’ll be right back. I forgot my tuning fork.
2906,1341,8,22,91,121,1.3140495867768596,0.05382485862969677,614,This is the last time I offer to help someone move.
922,1341,8,22,91,121,1.3140495867768596,0.05382485862969677,614,"Still trying to hit the high notes, Maestro?"
667,1341,7,24,90,121,1.3140495867768596,0.05252974737874613,614,Oops. I forgot the tuning fork.
133,1341,4,30,87,121,1.3140495867768596,0.048437085163942496,614,It has to go back. I ordered the harmonia.
88,1341,7,24,90,121,1.3140495867768596,0.05252974737874613,614,"How did you even get that up here? ""I used the stairs"""
2501,1341,5,28,88,121,1.3140495867768596,0.049838662361774665,614,"No, I don’t give lessons."
6552,1341,9,20,92,121,1.3140495867768596,0.05508953124994619,614,"Is John Cage's 4' 33"" the only piece you know?"
4681,1358,7,23,88,118,1.3135593220338984,0.053420117004942994,614,Can you play something uplifting?
3708,1358,4,29,85,118,1.3135593220338984,0.04918450209048743,614,"I'm just saying, ""Climb Every Mountain"" seems a little on the nose."
3116,1358,6,25,87,118,1.3135593220338984,0.05204655943650442,614,So that's what happened to Billy Joel.
3170,1358,5,27,86,118,1.3135593220338984,0.05063575611693159,614,I am the piano tuner. Sorry it took me so long
3847,1358,6,25,87,118,1.3135593220338984,0.05204655943650442,614,Can I please have my piano back?
4730,1358,6,25,87,118,1.3135593220338984,0.05204655943650442,614,"Oh dear, they told me it would be a Steinway!"
4482,1358,5,27,86,118,1.3135593220338984,0.05063575611693159,614,"Sorry but I got here as fast as I could......now, when did you say it was last tuned?"
5899,1358,7,23,88,118,1.3135593220338984,0.053420117004942994,614,"I, too, was surprised to learn that ‘Chopsticks’ is the way to enlightenment."
5262,1358,7,23,88,118,1.3135593220338984,0.053420117004942994,614,"I was on my way to Carnegie Hall, but I must have plateaued."
6650,1358,10,17,91,118,1.3135593220338984,0.057343722897579975,614,Nice try but there will never be another Grand Canyon Suite.
6144,1358,8,21,89,118,1.3135593220338984,0.05475923166431403,614,I can't Handel the weight of this Bach pack. Can i treble you for some help?
3094,1358,4,29,85,118,1.3135593220338984,0.04918450209048743,614,I'm with the woodwinds. The percussion section is right behind us.
6051,1358,8,21,89,118,1.3135593220338984,0.05475923166431403,614,Is this the way to Carnegie Hall?
6028,1358,9,19,90,118,1.3135593220338984,0.056066371419151294,614,I've been waiting forever. It's sooo out of tune.
1011,1358,0,37,81,118,1.3135593220338984,0.042891223336625775,614,Could you please keep it down? I'm trying to climb a mountain here.
2983,1358,7,23,88,118,1.3135593220338984,0.053420117004942994,614,I thought there were harps in heaven...
5132,1358,8,21,89,118,1.3135593220338984,0.05475923166431403,614,I was told it was an upright!
2807,1358,8,21,89,118,1.3135593220338984,0.05475923166431403,614,Well of course it is. Everyone knows you can't wring enlightenment from an upright.
309,1358,6,25,87,118,1.3135593220338984,0.05204655943650442,614,The movers were fabulous.
876,1358,8,21,89,118,1.3135593220338984,0.05475923166431403,614,"I'll take requests, but nothing from The Sound of Music."
1139,1358,6,25,87,118,1.3135593220338984,0.05204655943650442,614,Did you yodel for a piano tuner?
1375,1358,6,25,87,118,1.3135593220338984,0.05204655943650442,614,Are you by any chance a piano tuner?
451,1358,5,27,86,118,1.3135593220338984,0.05063575611693159,614,Your venue gives a whole new meaning to the term 'High C'.......
2371,1358,4,29,85,118,1.3135593220338984,0.04918450209048743,614,What's the key to happiness?
2551,1358,5,27,86,118,1.3135593220338984,0.05063575611693159,614,Excuse me but do you take requests?
2880,1358,5,27,86,118,1.3135593220338984,0.05063575611693159,614,The good news is I've been sent to help -- the bad news is I'm just the lyricist.
1891,1358,8,21,89,118,1.3135593220338984,0.05475923166431403,614,Mom says you can come back home if you've learned something other than Chopsticks.
6678,1385,3,30,82,115,1.3130434782608695,0.04841534228547844,614,Sorry I'm late for my lesson - maybe I need to leave my house a day earlier.
6355,1385,5,26,84,115,1.3130434782608695,0.05146995211979002,614,I see you have mastered the scale.
3152,1385,5,26,84,115,1.3130434782608695,0.05146995211979002,614,I take it you need help with descending scales.
590,1385,2,32,81,115,1.3130434782608695,0.04681335351503155,614,Your tour locations are getting more and more inaccessible to your fans.
3713,1389,8,23,94,125,1.312,0.05256762158125168,614,I'm just looking for the bathroom
6721,1390,7,24,91,122,1.3114754098360655,0.05216095380029806,614,Let’s get you back to bass camp.
1592,1390,9,20,93,122,1.3114754098360655,0.0546967192354771,614,Grand Pianos? I thought these were the Grand Tetons!
4546,1392,10,17,92,119,1.3109243697478992,0.05692082167477543,614,Sandwich? I was told you needed a tuner on high.
6645,1392,7,23,89,119,1.3109243697478992,0.0530348034807317,614,There must be a simpler way to elevate your performance.
4472,1392,6,25,88,119,1.3109243697478992,0.05167456363572488,614,Word is you need a banjo player?
6500,1392,6,25,88,119,1.3109243697478992,0.05167456363572488,614,I'M SORRY. I'M NOT TAKING ANY NEW STUDENTS THIS YEAR !
3289,1392,7,23,89,119,1.3109243697478992,0.0530348034807317,614,I think the acoustics were better on the other cliff.
4006,1392,2,33,84,119,1.3109243697478992,0.045831660604363625,614,Are you accepting new students?
2644,1392,8,21,90,119,1.3109243697478992,0.054361017591074236,614,'Looks like you peaked a long time ago'
1821,1392,6,25,88,119,1.3109243697478992,0.05167456363572488,614,"I'm not old, just decomposing."
6018,1392,0,37,82,119,1.3109243697478992,0.04261081326563803,614,Did someone call for a piano tuner?
5831,1392,3,31,85,119,1.3109243697478992,0.04736001443254454,614,Finally! The piano tuner! What took you so long?
2864,1392,7,23,89,119,1.3109243697478992,0.0530348034807317,614,"Are you kidding me? You've never looked better, Mr. Joel!"
2757,1403,5,26,85,116,1.3103448275862069,0.05109563174798192,614,I'm sure this isn't what he meant when he asked you to take it from the top.
3100,1403,7,22,87,116,1.3103448275862069,0.05395010341684153,614,Really? You really think your most pressing need is a tip jar?
3145,1403,7,22,87,116,1.3103448275862069,0.05395010341684153,614,"""Help me move"" he said. ""It'll be fun"" he said. ""I'll buy you pizza"" he said"
3515,1403,6,24,86,116,1.3103448275862069,0.05254225557783599,614,"Amazon delivery...I believe you ordered two dozen tablets of manuscript paper, nine erasable pens, a case of gluten free energy bars and the latest Rolling Stone."
3558,1403,5,26,85,116,1.3103448275862069,0.05109563174798192,614,Your music is SO over the top!
3608,1403,5,26,85,116,1.3103448275862069,0.05109563174798192,614,There you are! I knew all that music wasn't just in my head.
4034,1403,6,24,86,116,1.3103448275862069,0.05254225557783599,614,I saw your help wanted ad in the New Yorker for a page turner
318,1403,4,28,84,116,1.3103448275862069,0.049606839712323124,614,You really need to work on the bridge.
4484,1403,6,24,86,116,1.3103448275862069,0.05254225557783599,614,"Why, yes, I am a piano tuner. Why do you ask?"
5526,1403,5,26,85,116,1.3103448275862069,0.05109563174798192,614,The good news is you haven't peaked yet.
4854,1403,9,18,89,116,1.3103448275862069,0.05666095422467235,614,We're going to need to take the legs off to get it in the truck.
6040,1403,10,16,90,116,1.3103448275862069,0.057968860357364926,614,"I told you when we started out, it’s a long way to the top if you want to rock’n’roll."
6171,1403,8,20,88,116,1.3103448275862069,0.05532213567975441,614,They said you were looking for a 'Chopsticks' partner
6239,1403,5,26,85,116,1.3103448275862069,0.05109563174798192,614,Now THAT was a major scale.
6326,1403,9,18,89,116,1.3103448275862069,0.05666095422467235,614,"Oh, good, you must be the piano tuner."
6346,1403,5,26,85,116,1.3103448275862069,0.05109563174798192,614,"How about a rousing rendition of ""Ain't No Mountain High Enough""?"
6577,1403,8,20,88,116,1.3103448275862069,0.05532213567975441,614,So it’s past nine o’clock on a Saturday?
4579,1403,6,24,86,116,1.3103448275862069,0.05254225557783599,614,Why did you stop playing?
2622,1403,6,24,86,116,1.3103448275862069,0.05254225557783599,614,Morning! The piano tuner wants you to know he's still just searching for parking.
4410,1403,8,20,88,116,1.3103448275862069,0.05532213567975441,614,Did you remember the metronome this time?
635,1403,5,26,85,116,1.3103448275862069,0.05109563174798192,614,"Aw cheer up, I bet more people would come to your recital if the venue was a little more accessible"
168,1403,4,28,84,116,1.3103448275862069,0.049606839712323124,614,Looks like I have reached the crescendo
518,1403,8,20,88,116,1.3103448275862069,0.05532213567975441,614,"Do you know any Billy Joel songs? Also, is there a bathroom nearby?"
541,1403,4,28,84,116,1.3103448275862069,0.049606839712323124,614,"""The valley people just filed a noise complaint""."
568,1403,5,26,85,116,1.3103448275862069,0.05109563174798192,614,Do you have your ticket?
693,1403,9,18,89,116,1.3103448275862069,0.05666095422467235,614,"Oh God, not again."
2558,1403,8,20,88,116,1.3103448275862069,0.05532213567975441,614,What's the key to life?
832,1403,6,24,86,116,1.3103448275862069,0.05254225557783599,614,"Actually, this is how you get to Carnegie Hall...."
841,1403,8,20,88,116,1.3103448275862069,0.05532213567975441,614,"Welcome to Zune, please register on the ground level with a valid credit card before requesting a song."
714,1403,7,22,87,116,1.3103448275862069,0.05395010341684153,614,I thought I told you I... would be Bach.
1309,1403,9,18,89,116,1.3103448275862069,0.05666095422467235,614,Did you meditate for a piano tuner?
1393,1403,7,22,87,116,1.3103448275862069,0.05395010341684153,614,You the page turner?
1651,1403,10,16,90,116,1.3103448275862069,0.057968860357364926,614,Sorry I'm late; the traffic was a bear.
1714,1403,5,26,85,116,1.3103448275862069,0.05109563174798192,614,Alright sorry I took so long. You said you wanted your piano tuned?
2183,1403,6,24,86,116,1.3103448275862069,0.05254225557783599,614,"So, is this the Treble Cliff?"
2398,1403,5,26,85,116,1.3103448275862069,0.05109563174798192,614,I heard that you needed a piano tuner
1221,1403,5,26,85,116,1.3103448275862069,0.05109563174798192,614,All that gear and you forgot the tuning fork?
3486,1440,8,21,91,120,1.3083333333333333,0.05396833978682692,614,"Because ""I'm Sittin on Top of the World's"" already been done."
3915,1441,5,26,86,117,1.3076923076923077,0.050726433032338,614,I feel like I have plateaued.
3402,1441,5,26,86,117,1.3076923076923077,0.050726433032338,614,You were lookong for a tuner?
539,1441,4,28,85,117,1.3076923076923077,0.049252500361469345,614,"Can you play, “Ain’t No Mountain High Enough?”"
3159,1441,6,24,87,117,1.3076923076923077,0.052158731047754654,614,"That WAS you in the Sound of Music playing ""Climb Every Mountain"", I just knew it."
3610,1445,9,17,88,114,1.3070175438596492,0.05727225064874738,614,Wow! The hills are alive with the sound of music.
544,1445,4,27,83,114,1.3070175438596492,0.05003832250133933,614,Play it once Sam. For old times sake
4237,1445,7,21,86,114,1.3070175438596492,0.05449403549126256,614,"This was A major disappointment, but only A minor setback."
5806,1445,6,23,85,114,1.3070175438596492,0.053050395936298185,614,"I'm sorry -- I'm looking for Mr. Walther, 2pm, Intermediate Banjo."
3302,1445,9,17,88,114,1.3070175438596492,0.05727225064874738,614,They say they want it back now.
4502,1445,3,29,82,114,1.3070175438596492,0.04846213288355209,614,your career has plateaued
5241,1445,6,23,85,114,1.3070175438596492,0.053050395936298185,614,Am I too late?
4750,1445,6,23,85,114,1.3070175438596492,0.053050395936298185,614,"I'm more interested in the ""how?"" than I am in the ""why?"""
4939,1445,5,25,84,114,1.3070175438596492,0.051566356414556015,614,Would you care to accompany me on the climb down?
5164,1445,6,23,85,114,1.3070175438596492,0.053050395936298185,614,Perhaps you'll do better if you change your altitude.
5193,1445,6,23,85,114,1.3070175438596492,0.053050395936298185,614,"Let me guess, you thought you'd play all the time but now it's just a piece of furniture."
2381,1445,7,21,86,114,1.3070175438596492,0.05449403549126256,614,Are you the piano tuner?
5344,1445,8,19,87,114,1.3070175438596492,0.05590040517964037,614,"Of all the gin joints, in all the towns, in all the world, she walks into mine."
4660,1445,6,23,85,114,1.3070175438596492,0.053050395936298185,614,Do you know any Billy Joel?
2339,1445,5,25,84,114,1.3070175438596492,0.051566356414556015,614,I'm sorry you don't know how to play the piano. Luckily you ordered it from Amazon so you can send it back and get the harmonica you always wanted.
9,1445,5,25,84,114,1.3070175438596492,0.051566356414556015,614,"So, the hills really are alive with the sound of music."
1832,1445,5,25,84,114,1.3070175438596492,0.051566356414556015,614,"Huh, so the key to life is D minor."
642,1445,6,23,85,114,1.3070175438596492,0.053050395936298185,614,"I'm sorry, your tickets were for last week"
6050,1445,7,21,86,114,1.3070175438596492,0.05449403549126256,614,I saw your ad on Craigslist and came right over.
517,1445,2,31,81,114,1.3070175438596492,0.04683292568800374,614,"A pastoral interlude, please. And Gatorade, if you have some."
452,1445,8,19,87,114,1.3070175438596492,0.05590040517964037,614,Do you know how to tune a piano?
414,1445,6,23,85,114,1.3070175438596492,0.053050395936298185,614,"Oh, these are the Baby Grand Tetons. My mistake."
125,1445,5,25,84,114,1.3070175438596492,0.051566356414556015,614,You must be the piano tuner. What took you so long to get here?
32,1445,5,25,84,114,1.3070175438596492,0.051566356414556015,614,No....I’m just a grandfather playing a grand piano in the Grand Canyon...
5611,1445,7,21,86,114,1.3070175438596492,0.05449403549126256,614,You needed someone to play 'Heart and Soul' with?
6084,1445,6,23,85,114,1.3070175438596492,0.053050395936298185,614,Now that's how you end on a high note.
6338,1445,6,23,85,114,1.3070175438596492,0.053050395936298185,614,"What do you mean, you don't play?"
6724,1445,1,33,80,114,1.3070175438596492,0.04514496132873634,614,"Any chance you could play a few bars from ""Climb Every Mountain""?"
1921,1445,7,21,86,114,1.3070175438596492,0.05449403549126256,614,"Your Web-Site clearly says: ""All Returns are Free!"""
5719,1445,7,21,86,114,1.3070175438596492,0.05449403549126256,614,What piano?
500,1475,3,28,80,111,1.3063063063063063,0.04922460647401198,614,I forgot the sheet music.
4321,1475,4,26,81,111,1.3063063063063063,0.05086120374432271,614,Everyone down in base camp wonders if perhaps you know any other movie scores besides Koyaanisqatsi.
2033,1475,3,28,80,111,1.3063063063063063,0.04922460647401198,614,"Apex Moving Service, here. We can take the piano but you will have to get down by yourself."
6522,1475,5,24,82,111,1.3063063063063063,0.05244675595422152,614,"Nope, I am not a mystic. I'm from the order of the Thelonius monks. Can't reveal great truths or inspire inner awareness but I can play a mean version of Round Midnight."
3220,1475,1,32,78,111,1.3063063063063063,0.0457762116707031,614,"Well, at least the view is grand."
4374,1475,1,32,78,111,1.3063063063063063,0.0457762116707031,614,I'm here to tune your piano.
995,1475,8,18,85,111,1.3063063063063063,0.05693911398610064,614,"It's not that bad, all you have to do is tune it, the other guy carried it up."
6440,1482,4,25,79,108,1.3055555555555556,0.051724055042909375,614,"Listen, it was only metaphorical. The hills aren’t really alive."
2142,1483,6,24,88,118,1.305084745762712,0.051780516327184625,614,Now all we need is a drummer
2786,1483,7,22,89,118,1.305084745762712,0.05316094828682091,614,Sorry...I'm looking for the violin playing guru.
6705,1485,5,25,85,115,1.3043478260869565,0.05118565696356253,614,"Mr. Steinway, I presume?"
6132,1485,3,29,83,115,1.3043478260869565,0.04811300111402382,614,Is this the piano you wanted to have tuned?
4414,1485,7,21,87,115,1.3043478260869565,0.05408402796930844,614,It is hard to find descent music around here.
4886,1485,5,25,85,115,1.3043478260869565,0.05118565696356253,614,I thought I heard an ascending scale.
1773,1485,8,19,88,115,1.3043478260869565,0.05547645791398057,614,Your Mother says you are to stay until you get it right.
569,1485,6,23,86,115,1.3043478260869565,0.05265478876691291,614,They want one more re-write. Can you enlighten it up a bit?
3345,1485,5,25,85,115,1.3043478260869565,0.05118565696356253,614,Thank God! Finally! The tuner?
159,1492,4,23,75,102,1.303921568627451,0.053582971776036166,614,"I got this idea from my doctor, he does organ transplants."
930,1492,6,19,77,102,1.303921568627451,0.05709123387947828,614,Can you give me the number of your piano mover? I’m in a 4 story walk-up.
3417,1494,8,18,86,112,1.3035714285714286,0.056494674801559785,614,I hope I'm not late for my lesson.
3523,1494,6,22,84,112,1.3035714285714286,0.05357142857142856,614,Tell me that fat lady hasn't made it up here yet.
3706,1494,8,18,86,112,1.3035714285714286,0.056494674801559785,614,"No, it's fine, really. We'll be happy to take it back."
3875,1494,9,16,87,112,1.3035714285714286,0.05790097962737034,614,You came all this way for a noise complaint?
5604,1494,2,30,80,112,1.3035714285714286,0.04718471485219582,614,"Sorry, did I catch you at a bad time?"
3959,1494,7,20,85,112,1.3035714285714286,0.05505245789298452,614,There are no 'three wishes.' It's either total enlightenment or 'The Entertainer.'
4319,1494,7,20,85,112,1.3035714285714286,0.05505245789298452,614,Sir we only take requests through our app.
4340,1494,7,20,85,112,1.3035714285714286,0.05505245789298452,614,I'm really sorry to be late for my lesson.
4564,1494,6,22,84,112,1.3035714285714286,0.05357142857142856,614,"If I've told you once I told you a thousand times, there are people trying to get some sleep down here."
3531,1494,8,18,86,112,1.3035714285714286,0.056494674801559785,614,Im the piano mover. Where we takin’ it?
4746,1494,8,18,86,112,1.3035714285714286,0.056494674801559785,614,What is the meaning of Legato?
4814,1494,5,24,83,112,1.3035714285714286,0.052048273730341064,614,Please tell me you're the tuner I called
5405,1494,6,22,84,112,1.3035714285714286,0.05357142857142856,614,Do you have a minuet?
5427,1494,0,34,78,112,1.3035714285714286,0.04364226155841041,614,I'm from the moving company you called. Where do you want the piano?
5441,1494,7,20,85,112,1.3035714285714286,0.05505245789298452,614,I always thought it was the angels and their bowling balls.
5568,1494,7,20,85,112,1.3035714285714286,0.05505245789298452,614,Nobody had seen the piano man since 1973.
5924,1494,8,18,86,112,1.3035714285714286,0.056494674801559785,614,"The Piano Man, I presume."
4436,1494,7,20,85,112,1.3035714285714286,0.05505245789298452,614,"Yup, I'm the fat lady, I'm here to sing"
3233,1494,7,20,85,112,1.3035714285714286,0.05505245789298452,614,Oh...that makes more sense. I thought the hills were alive with the sound of music
2836,1494,6,22,84,112,1.3035714285714286,0.05357142857142856,614,Can't you go somewhere else to practice?
2876,1494,7,20,85,112,1.3035714285714286,0.05505245789298452,614,Do you know 'She'll be comin' around the mountain'?
31,1494,6,22,84,112,1.3035714285714286,0.05357142857142856,614,I don’t know the way down but if you hum a few bars I can fake it.
419,1494,5,24,83,112,1.3035714285714286,0.052048273730341064,614,"Please sir, what's the meaning of li...HEY! My Steinway!"
672,1494,6,22,84,112,1.3035714285714286,0.05357142857142856,614,I was really hoping I'd find you in a burning bush instead.
724,1494,5,24,83,112,1.3035714285714286,0.052048273730341064,614,I hope you practiced this week!
1069,1494,7,20,85,112,1.3035714285714286,0.05505245789298452,614,And then it just hit me. This is not how you get to Carnegie Hall.
6627,1494,4,26,82,112,1.3035714285714286,0.050479180237334983,614,It’s cruel to play Stairway To Heaven.
2901,1494,9,16,87,112,1.3035714285714286,0.05790097962737034,614,What do you mean you didn't call for a tuner?
1303,1494,6,22,84,112,1.3035714285714286,0.05357142857142856,614,My journey along the path to Enlightenment now ends knowing what has 88 keys and no locks?
1205,1494,5,24,83,112,1.3035714285714286,0.052048273730341064,614,Any chance of a major lift?
1411,1494,8,18,86,112,1.3035714285714286,0.056494674801559785,614,Don't ask.
1437,1494,6,22,84,112,1.3035714285714286,0.05357142857142856,614,Life? Life is grand.
1568,1494,8,18,86,112,1.3035714285714286,0.056494674801559785,614,Let’s make a deal. I’ll listen to your six-hour symphony if you let me tie my rope to your piano.
1782,1494,7,20,85,112,1.3035714285714286,0.05505245789298452,614,Where's the guy with the Alphorn? This is the third mountain I've tried.
1838,1494,5,24,83,112,1.3035714285714286,0.052048273730341064,614,They called my compositions too lofty.
2287,1494,5,24,83,112,1.3035714285714286,0.052048273730341064,614,"OK, so exactly how long has it been since the last tune?"
2608,1494,7,20,85,112,1.3035714285714286,0.05505245789298452,614,I wondered why the hills are alive with the sound of music.
1397,1494,5,24,83,112,1.3035714285714286,0.052048273730341064,614,I'm sorry! I can come back later if you're busy.
6566,1494,2,30,80,112,1.3035714285714286,0.04718471485219582,614,"I'm terribly sorry, sir, but we delivered to the wrong address."
4267,1533,9,15,85,109,1.3027522935779816,0.05902219897742748,614,Finally! The piano tuner! What took you so long?
4962,1534,6,23,87,116,1.3017241379310345,0.05226479057419202,614,So what do you do for fun?
1715,1534,4,27,85,116,1.3017241379310345,0.04931286098779539,614,The fact that you got the piano up here is inspiring enough!
901,1536,7,20,86,113,1.3008849557522124,0.05462918866450688,614,"No, I certainly did not order eighty-eight tins of tuna."
2660,1536,8,18,87,113,1.3008849557522124,0.05605690026247755,614,The piano does not come with the flat.
5913,1536,8,18,87,113,1.3008849557522124,0.05605690026247755,614,"Why, it's the old man and the middle C!"
6653,1536,7,20,86,113,1.3008849557522124,0.05462918866450688,614,Never reached your peak huh?
1928,1540,9,15,86,110,1.3,0.05854789959616486,614,What happened to the restaurant that used to be here?
2758,1540,5,23,82,110,1.3,0.05254173447414248,614,Yeah but the darn thing has been out of tune for three reincarnations.
6340,1540,7,19,84,110,1.3,0.055625940031040794,614,Repo man!
3303,1540,9,15,86,110,1.3,0.05854789959616486,614,"""I'm sorry I don't know ""Stairway to Heaven"". Can you hum a few bars?"
3325,1540,5,23,82,110,1.3,0.05254173447414248,614,"I’m a piano tuner, not a magician."
3503,1540,5,23,82,110,1.3,0.05254173447414248,614,"I had a conductor, but he was struck by lightning."
3750,1540,6,21,83,110,1.3,0.054105817921403974,614,"On second thought, how about, 'Stairway to Heaven?'"
3990,1540,5,23,82,110,1.3,0.05254173447414248,614,You ARE wise. It is easier to travel with a flute.
4027,1540,6,21,83,110,1.3,0.054105817921403974,614,Quick! I need help with ascending scales!
6223,1540,5,23,82,110,1.3,0.05254173447414248,614,The climb was the easy part. We're learning Liszt today.
4425,1540,11,11,88,110,1.3,0.06133080702149823,614,Please. Stop.
4383,1540,6,21,83,110,1.3,0.054105817921403974,614,Are you the one who requested a piano tuner?
2184,1540,4,25,81,110,1.3,0.05092963960365776,614,That was breathtaking!
4490,1540,8,17,85,110,1.3,0.05710561159579481,614,Wasn't this a cafe just last month?
4493,1540,5,23,82,110,1.3,0.05254173447414248,614,You called for the piano moving estimate?
4535,1540,4,25,81,110,1.3,0.05092963960365776,614,Do you need an agent ?
4538,1540,4,25,81,110,1.3,0.05092963960365776,614,Oh no - the AirBnB is next door.
5330,1540,5,23,82,110,1.3,0.05254173447414248,614,I seek the answer to lif...... how did you get this piano up here?!?!
5623,1540,5,23,82,110,1.3,0.05254173447414248,614,"Other than the acoustics, it’s a grand venue."
5628,1540,4,25,81,110,1.3,0.05092963960365776,614,"No, I am not the tuner"
6092,1540,5,23,82,110,1.3,0.05254173447414248,614,The neighbors have been complaining.
2131,1540,4,25,81,110,1.3,0.05092963960365776,614,Open mic is NEXT week.
6072,1540,6,21,83,110,1.3,0.054105817921403974,614,I'm not Sam and I'm not playing anything again.
2006,1540,7,19,84,110,1.3,0.055625940031040794,614,Of course it's a Steinway.
5632,1540,6,21,83,110,1.3,0.054105817921403974,614,Something about this place strikes a chord.
6743,1540,4,25,81,110,1.3,0.05092963960365776,614,The tuning is reasonable but the clock starts running when I leave the house.
182,1540,7,19,84,110,1.3,0.055625940031040794,614,"'Yeah, you've reached the career plateau."
299,1540,9,15,86,110,1.3,0.05854789959616486,614,"Slight snafu. Do you have your own tuning fork, per chance?"
425,1540,4,25,81,110,1.3,0.05092963960365776,614,You play with a very elevated sense of style.
6545,1540,7,19,84,110,1.3,0.055625940031040794,614,You're late. Have you practiced this week?
719,1540,7,19,84,110,1.3,0.055625940031040794,614,"Play 'Misty"" for me."
746,1540,6,21,83,110,1.3,0.054105817921403974,614,"Sorry; you missed the show."""
6419,1540,3,27,80,110,1.3,0.04926482029567993,614,I heard you take requests.
763,1540,9,15,86,110,1.3,0.05854789959616486,614,"Do you know ""Melancholy Baby""?"
1063,1540,8,17,85,110,1.3,0.05710561159579481,614,"I hope you aren't offended, but this will be my last lesson."
1161,1540,6,21,83,110,1.3,0.054105817921403974,614,"Off peak performance, huh?"
1180,1540,9,15,86,110,1.3,0.05854789959616486,614,There's really nothing to it. All you have to is hit the right keys at the right time and the piano plays itself.
1293,1540,6,21,83,110,1.3,0.054105817921403974,614,"If you think getting a piano up here is difficult, you should try writing a good song!"
1304,1540,5,23,82,110,1.3,0.05254173447414248,614,"“I agree, the guidebook description of ‘a grand view at the summit’ is misleading”."
1587,1540,4,25,81,110,1.3,0.05092963960365776,614,Son can you play me a melody; I'm not really sure how it goes.
1718,1540,7,19,84,110,1.3,0.055625940031040794,614,Oh God! Please stop playing that piano.
1726,1540,5,23,82,110,1.3,0.05254173447414248,614,"Pardon me, do you have any Grey Poupon?"
4110,1540,0,33,77,110,1.3,0.04389311454644288,614,"No, but if you hum a few bars I'll give it a try."
6479,1540,3,27,80,110,1.3,0.04926482029567993,614,"I've tried everything, what's that song that goes 'ba ba da ba bum'"
6652,1584,0,32,75,107,1.2990654205607477,0.04447018237671836,614,"There is no meaning of life. Anyway, here’s “Wonderwall.”"
6389,1584,1,30,76,107,1.2990654205607477,0.046410482262887014,614,"Ask me to play anything except ""Ain't no mountain high enough"""
5037,1584,4,24,79,107,1.2990654205607477,0.05179710507006375,614,Did I miss the crescendo?
6420,1587,6,21,84,111,1.2972972972972974,0.053684238623566895,614,You said you wanted to study at a top music school.
5364,1587,6,21,84,111,1.2972972972972974,0.053684238623566895,614,No one will believe you.
4795,1587,5,23,83,111,1.2972972972972974,0.052136333902489805,614,"Ah, enlightenment. For me, it was when I could play Beethoven and Liszt perfectly as long as no one else was listening. Now, go away."
4318,1587,3,27,81,111,1.2972972972972974,0.04889373155315086,614,I heard you were looking for a vocalist.
1851,1587,6,21,84,111,1.2972972972972974,0.053684238623566895,614,I do have a request...could you give me a hand up?
6556,1587,7,19,85,111,1.2972972972972974,0.05518874559538598,614,Is the key to happiness a major or minor?
3937,1593,7,18,83,108,1.2962962962962963,0.056215076862063375,614,The acoustics here are horrible
840,1593,5,22,81,108,1.2962962962962963,0.0530470954299222,614,I'm the piano tuner. Can you enlighten me as to your problem?
1545,1593,8,16,84,108,1.2962962962962963,0.057733916662009895,614,Steinway?! Steinway's the answer?
1863,1593,8,16,84,108,1.2962962962962963,0.057733916662009895,614,"Mom says she can still hear you, and she's trying to sleep."
2390,1593,6,20,82,108,1.2962962962962963,0.05465404468179352,614,Must be quite some time since your last movement.
2461,1593,4,24,80,108,1.2962962962962963,0.05138992184293592,614,Darn. I forgot the tuning fork.
4145,1593,5,22,81,108,1.2962962962962963,0.0530470954299222,614,I have a request.
4505,1593,3,26,79,108,1.2962962962962963,0.04967749792909111,614,What do you mean I'm late!!
5347,1593,5,22,81,108,1.2962962962962963,0.0530470954299222,614,She says to start without her…
6002,1593,6,20,82,108,1.2962962962962963,0.05465404468179352,614,Billy Joel? Is that you?
2344,1593,6,20,82,108,1.2962962962962963,0.05465404468179352,614,Irving! Come home! Your piano teacher is sorry about the criticism.
522,1593,5,22,81,108,1.2962962962962963,0.0530470954299222,614,"The villagers say that if you play 'Misty' one more time,they are coming for you with torches and pitchforks."
540,1593,8,16,84,108,1.2962962962962963,0.057733916662009895,614,"Thanks for meeting me here. You can see for yourself, it's a bargain for the price. You'll have to take care of shipping, though."
1696,1593,6,20,82,108,1.2962962962962963,0.05465404468179352,614,Thelonias?
112,1593,4,24,80,108,1.2962962962962963,0.05138992184293592,614,My students have to really want to learn to play.
3327,1608,1,29,75,105,1.2952380952380953,0.04673165841411594,614,You better like Brahms
1163,1609,5,23,84,112,1.2946428571428572,0.05173687396429152,614,The sherpas want to hear Climb Every Mountain again.
6429,1610,6,20,83,109,1.2935779816513762,0.05421849601211906,614,Please limit your playing to daytime hours.
5060,1610,5,22,82,109,1.2935779816513762,0.0526284205017466,614,Do you mind? I’m trying to sleep down there.
3143,1610,5,22,82,109,1.2935779816513762,0.0526284205017466,614,Apparently I've reached my level of incompetence.
2530,1610,4,24,81,109,1.2935779816513762,0.05098878287624791,614,The piano tuner said that you have to meet him half way.
1678,1610,3,26,80,109,1.2935779816513762,0.04929463778032701,614,"Your ad said, 'same day tuning - no waiting', or it's free, right!?"
1108,1610,10,12,87,109,1.2935779816513762,0.060159986461486244,614,"Piano tuner? I said Panini, tuna."
627,1610,7,18,84,109,1.2935779816513762,0.055763249323579414,614,"That was you playing the whole time? Really annoying, man."
4270,1610,6,20,83,109,1.2935779816513762,0.05421849601211906,614,Maybe your expectations are too high?
4603,1618,5,21,80,106,1.2924528301886793,0.05356471786049544,614,I think I've finally hit my plateau.
5163,1618,5,21,80,106,1.2924528301886793,0.05356471786049544,614,"No. I don't know ""Top of the World"" - and no, I don't want you to hum a few bars."
3439,1618,1,29,76,106,1.2924528301886793,0.04637241553128148,614,At last... I have found the Abominable Showman
3671,1618,4,23,79,106,1.2924528301886793,0.051860239877552804,614,Can I change seats during intermission?
5437,1618,6,19,81,106,1.2924528301886793,0.05521660546241176,614,Talk about ending on a high note.
3784,1618,4,23,79,106,1.2924528301886793,0.051860239877552804,614,"Venue choice, Herman... That's the key"
3935,1618,4,23,79,106,1.2924528301886793,0.051860239877552804,614,Why does everyone ignore the stairs in the other side of this mountain?
5365,1618,5,21,80,106,1.2924528301886793,0.05356471786049544,614,I feel as though I've hit a plateau too.
4010,1618,7,17,82,106,1.2924528301886793,0.05682048959758091,614,I hope you brought the lyrics.
4215,1618,2,27,77,106,1.2924528301886793,0.04827106215449373,614,You ordered a muse?
5595,1618,3,25,78,106,1.2924528301886793,0.05009780395227077,614,"In retrospect, this was not the best location to busk."
5741,1618,7,17,82,106,1.2924528301886793,0.05682048959758091,614,Franz! It's finished?
3368,1618,3,25,78,106,1.2924528301886793,0.05009780395227077,614,I brought the piano duets.
5778,1618,3,25,78,106,1.2924528301886793,0.05009780395227077,614,"Wow, you really took piano playing to a whole new level!"
5862,1618,5,21,80,106,1.2924528301886793,0.05356471786049544,614,"Yes, I'm absolutely certain that the location surcharge is not included in the $49 Piano Tuning Groupon."
5941,1618,4,23,79,106,1.2924528301886793,0.051860239877552804,614,I hear that you're seeking a lyricist.
6106,1618,3,25,78,106,1.2924528301886793,0.05009780395227077,614,Have I arrived at a truly classical moment or just another bad yogi joke?
6439,1618,5,21,80,106,1.2924528301886793,0.05356471786049544,614,Is this the observatory conservatory?
6594,1618,4,23,79,106,1.2924528301886793,0.051860239877552804,614,"If you get a little better, maybe they'll let you play in town."
6666,1618,3,25,78,106,1.2924528301886793,0.05009780395227077,614,I think we’re going to have to start charging you for shipping.
6675,1618,4,23,79,106,1.2924528301886793,0.051860239877552804,614,"Well, maybe it's just that you've reached the peak of your career."
5542,1618,6,19,81,106,1.2924528301886793,0.05521660546241176,614,"The answer, my friend, is blowing in the wind..."
2545,1618,4,23,79,106,1.2924528301886793,0.051860239877552804,614,Could you please keep it down I'm trying to climb here.
3081,1618,3,25,78,106,1.2924528301886793,0.05009780395227077,614,"Do you know, ""Rocky Mountain High"" by John Denver?"
2400,1618,3,25,78,106,1.2924528301886793,0.05009780395227077,614,"it's not the secret chord anymore, is it? thought you were soooo special didn't you?"
6098,1618,0,31,75,106,1.2924528301886793,0.044392639061996246,614,"Phew, next time I'm not buying a balcony seat."
2172,1618,5,21,80,106,1.2924528301886793,0.05356471786049544,614,The secret to life? Remain well composed and learn to improvise.
1814,1618,5,21,80,106,1.2924528301886793,0.05356471786049544,614,"I’m terribly sorry, but I can’t remove the echo!"
1394,1618,7,17,82,106,1.2924528301886793,0.05682048959758091,614,"So, all I have to do to reach enlightenment, is go back and get you a tuning fork?"
1126,1618,3,25,78,106,1.2924528301886793,0.05009780395227077,614,"UPS - ""we'll deliver anything, anywhere."""
1125,1618,6,19,81,106,1.2924528301886793,0.05521660546241176,614,Same time tomorrow for our next lesson?
1058,1618,0,31,75,106,1.2924528301886793,0.044392639061996246,614,I'm practicing my scales.
959,1618,3,25,78,106,1.2924528301886793,0.05009780395227077,614,I brought the viola.
651,1618,5,21,80,106,1.2924528301886793,0.05356471786049544,614,Do you have five minutes to talk about elitism in the arts?
487,1618,8,15,83,106,1.2924528301886793,0.05838032680129464,614,What the FUCK are you doing here
421,1618,3,25,78,106,1.2924528301886793,0.05009780395227077,614,"I'm enjoying the lessons, but since you moved the commute has become quite a trek."
2463,1618,5,21,80,106,1.2924528301886793,0.05356471786049544,614,"Ah, at last, the relief yodeler and now I’m outta here!"
102,1655,4,22,77,103,1.2912621359223302,0.052775737798031803,614,"I dont know that one, but if you hum a few bars..."
1959,1656,6,20,84,110,1.290909090909091,0.053789591847013624,614,"No, I don't know ""The Way to Nirvana"", but if you hum a few bars, I'll fake it."
5573,1657,5,19,76,100,1.29,0.055586859867229325,614,I'm looking for a guy that called for a piano tuner.
2715,1657,3,23,74,100,1.29,0.05182526976156117,614,"Not bad,.. but I think we should try it just a little bit higher."
160,1657,6,17,77,100,1.29,0.05737524894864677,614,"You play ""Climb Every Mountain"" with such feeling."
5522,1660,4,23,80,107,1.2897196261682242,0.05144593420696998,614,Where's mine ?
1671,1660,5,21,81,107,1.2897196261682242,0.05313209848747781,614,"""I thought we'd end this journey to enlightenment on a high note""."
1127,1660,5,21,81,107,1.2897196261682242,0.05313209848747781,614,How do you THINK I got the piano here?
1043,1660,7,17,83,107,1.2897196261682242,0.05635327298563374,614,Are you any good at turning pages?
167,1660,6,19,82,107,1.2897196261682242,0.05476637319503821,614,Did you bring the tip jar like I asked?
4438,1660,7,17,83,107,1.2897196261682242,0.05635327298563374,614,I don't do requests if that's why you're here
4783,1666,5,20,79,104,1.2884615384615385,0.05409496552888029,614,"I’m sorry, we’re going with the Kilimanjaro pianist."
4757,1666,4,22,78,104,1.2884615384615385,0.05234079477983342,614,The hermit on the other mountain wonders if you could play a little more pianissimo?
4664,1666,5,20,79,104,1.2884615384615385,0.05409496552888029,614,"Ah, now I see why you get our tuning flat rate."
6136,1666,7,16,81,104,1.2884615384615385,0.05744282627398277,614,Your scherzo movement left me absolutely breathless!
4164,1666,3,24,77,104,1.2884615384615385,0.05052575878498539,614,"Wow, and I thought my pack was heavy."
4138,1666,6,18,80,104,1.2884615384615385,0.05579401216041786,614,You better be the piano tuner!
4123,1666,5,20,79,104,1.2884615384615385,0.05409496552888029,614,Play Manilow. Looks like I made it.
4121,1666,5,20,79,104,1.2884615384615385,0.05409496552888029,614,"I was hoping someone would drop by, wanting to talk, ask me to play some Strauss."
4023,1666,5,20,79,104,1.2884615384615385,0.05409496552888029,614,Play something uplifting!
3997,1666,6,18,80,104,1.2884615384615385,0.05579401216041786,614,"So, that's how you get to Nirvana: Practice, Practice, Practice. . ."
3801,1666,3,24,77,104,1.2884615384615385,0.05052575878498539,614,Yeah that song was fine but did you see Beyoncé at Coachella?
6590,1666,4,22,78,104,1.2884615384615385,0.05234079477983342,614,Feeling like you've reached an artistic plateau?
2914,1666,6,18,80,104,1.2884615384615385,0.05579401216041786,614,We're going to renegotiate my tuning fee.
2907,1666,4,22,78,104,1.2884615384615385,0.05234079477983342,614,do you know any rolling stones ?
4316,1666,4,22,78,104,1.2884615384615385,0.05234079477983342,614,"Oh my, please don't let me interrupt ..."
4341,1666,4,22,78,104,1.2884615384615385,0.05234079477983342,614,Free Bird? Really?
6397,1666,3,24,77,104,1.2884615384615385,0.05052575878498539,614,The last stop on my bucket Liszt !
4888,1666,9,12,83,104,1.2884615384615385,0.06060603340522446,614,"Excuse me, do you know ""Stairway to Heaven""?"
6068,1666,8,14,82,104,1.2884615384615385,0.05904561616012719,614,I just wish it was easier to get to these lessons.
5673,1666,6,18,80,104,1.2884615384615385,0.05579401216041786,614,It is a bit upscale for this area.
5975,1666,5,20,79,104,1.2884615384615385,0.05409496552888029,614,"Having the best piano does make a piano bar, location matters too."
5332,1666,5,20,79,104,1.2884615384615385,0.05409496552888029,614,"I call the piece, Climb Every Mountain."
5189,1666,6,18,80,104,1.2884615384615385,0.05579401216041786,614,Did I leave my tuning fork?
2905,1666,6,18,80,104,1.2884615384615385,0.05579401216041786,614,So tell me—what is the key to happiness?
4850,1666,3,24,77,104,1.2884615384615385,0.05052575878498539,614,You called to have a piano tuned?
5692,1666,2,26,76,104,1.2884615384615385,0.04864304475885961,614,"Sorry, I couldn't find your sheet music."
6183,1666,7,16,81,104,1.2884615384615385,0.05744282627398277,614,"Oh good, I was hoping to end my hike on a high note."
6535,1666,9,12,83,104,1.2884615384615385,0.06060603340522446,614,"Actually, I’m the harpsichord tuner. Sorry for the mixup."
5636,1666,6,18,80,104,1.2884615384615385,0.05579401216041786,614,Sorry. I thought there was an opening act.
4988,1666,8,14,82,104,1.2884615384615385,0.05904561616012719,614,"What do you mean, you don't know how to play!"
5502,1666,5,20,79,104,1.2884615384615385,0.05409496552888029,614,Do you know that “the hills are alive” number from the Sound of Music?
6456,1666,5,20,79,104,1.2884615384615385,0.05409496552888029,614,There is no improving on Om.
722,1666,1,28,75,104,1.2884615384615385,0.046684465360827584,614,The view up here is looking grand!
2826,1666,7,16,81,104,1.2884615384615385,0.05744282627398277,614,I'm seeking enlightenment and inexpensive piano lessons.
1990,1666,6,18,80,104,1.2884615384615385,0.05579401216041786,614,I heard you playing and understand why you're here.
302,1666,6,18,80,104,1.2884615384615385,0.05579401216041786,614,It seems the clef has gotten you in to some treble
269,1666,7,16,81,104,1.2884615384615385,0.05744282627398277,614,"Yes, the keys to life are ivory."
713,1666,5,20,79,104,1.2884615384615385,0.05409496552888029,614,"I don't care how many times you call 311, I'm allowed to play between 8am and 7pm."
845,1666,4,22,78,104,1.2884615384615385,0.05234079477983342,614,"Do you know ""On Top Of Old Smoky?"""
1073,1666,4,22,78,104,1.2884615384615385,0.05234079477983342,614,"Hi, I'm Jake from State Farm."
1348,1666,4,22,78,104,1.2884615384615385,0.05234079477983342,614,No wonder the Sherpas are on strike
1392,1666,5,20,79,104,1.2884615384615385,0.05409496552888029,614,Thirty five years I've been waiting! Let me guess! You're not the piano tuner!
686,1666,6,18,80,104,1.2884615384615385,0.05579401216041786,614,I was expecting Nirvana.
1702,1666,5,20,79,104,1.2884615384615385,0.05409496552888029,614,"Excuse me, can you play a little quieter?"
1994,1666,6,18,80,104,1.2884615384615385,0.05579401216041786,614,"I see you're still having trouble hitting that ""high"" note."
2021,1666,5,20,79,104,1.2884615384615385,0.05409496552888029,614,Thanks for coming. It's been hard to find a tuner willing to travel.
2108,1666,4,22,78,104,1.2884615384615385,0.05234079477983342,614,The hills really ARE alive...
2237,1666,7,16,81,104,1.2884615384615385,0.05744282627398277,614,"The answer? 'Practice, practice, practice.'"
1736,1666,5,20,79,104,1.2884615384615385,0.05409496552888029,614,Would you like some constructive criticism?
282,1666,6,18,80,104,1.2884615384615385,0.05579401216041786,614,Can you play 'Climb Every Mountain'?
4086,1716,0,29,72,101,1.2871287128712872,0.04524221647047868,614,"Enlightened One, for I seek the key to ... perfect pitch."
6343,1716,3,23,75,101,1.2871287128712872,0.05138985850439993,614,I'm told crescendos are your thing.
2180,1716,4,21,76,101,1.2871287128712872,0.05328167939435134,614,Rach3 is a higher summit than K2?
1052,1719,5,21,82,108,1.287037037037037,0.052706147914873866,614,"You played it for her, you can play it for me! Now play!"
659,1719,8,15,85,108,1.287037037037037,0.05742080483247509,614,"Can you play, “Ain’t No Mountain High Enough?”"
1078,1719,7,17,84,108,1.287037037037037,0.05589345722963452,614,"What do you mean all you know is ""Chopsticks""?"
3977,1719,3,25,80,108,1.287037037037037,0.049313258815131475,614,I knew it! The hills are alive with music.
5817,1723,4,22,79,105,1.2857142857142858,0.05191265860554197,614,Enough with the acoustic stuff--how bout some Nirvana?
6065,1723,3,24,78,105,1.2857142857142858,0.0501176011032588,614,I climbed every mountain...are you my dream?
3354,1723,4,20,74,98,1.2857142857142858,0.05427253541292571,614,"Maybe you should have a sign at the bottom that says ""no song requests"""
5356,1723,4,22,79,105,1.2857142857142858,0.05191265860554197,614,I hope you can read music.
210,1723,5,20,80,105,1.2857142857142858,0.053647686871343615,614,None of my friends will believe that I met Barry Manilow!
2789,1723,5,20,80,105,1.2857142857142858,0.053647686871343615,614,No wonder the hills are alive...
989,1723,3,24,78,105,1.2857142857142858,0.0501176011032588,614,I want to hit a high C. Just once.
2527,1723,5,20,80,105,1.2857142857142858,0.053647686871343615,614,"No, this is treble camp. Bass camp has bassoons."
1067,1723,3,24,78,105,1.2857142857142858,0.0501176011032588,614,I heard you'd retired.
4972,1723,5,20,80,105,1.2857142857142858,0.053647686871343615,614,Yanni?
3919,1723,7,16,82,105,1.2857142857142858,0.0569594125052752,614,Might I request a Stairway to Heaven instead?
2764,1734,4,23,82,109,1.2844036697247707,0.050636021231477236,614,"Go down, Moses. Let the Piano go."
5889,1734,5,21,83,109,1.2844036697247707,0.05228672213346447,614,"Wow, Dad, your career really plateaued."
2725,1736,6,17,79,102,1.2843137254901962,0.0563867909723063,614,Thank goodness...what rhymes with ‘solitude’?
2991,1736,3,23,76,102,1.2843137254901962,0.05096134823432229,614,"If you want to make any money giving piano lessons, you might try a more accessible location."
2859,1736,2,25,75,102,1.2843137254901962,0.04901960784313725,614,We've had some noise complaints on cliff 2B.
2708,1736,7,15,80,102,1.2843137254901962,0.05808276213231825,614,"No, I don't know any Billy Joel."
2649,1736,6,17,79,102,1.2843137254901962,0.0563867909723063,614,Did you request a piano tuner?
2596,1736,7,15,80,102,1.2843137254901962,0.05808276213231825,614,I'm here to pick up the piano.
2511,1736,7,15,80,102,1.2843137254901962,0.05808276213231825,614,How important would you say it is that I remembered to bring my tuning forks?
2195,1736,4,21,77,102,1.2843137254901962,0.052831771450754544,614,"Doctor John, I presume."
2014,1736,0,29,73,102,1.2843137254901962,0.04488482852329018,614,Can you play Rockmaninoff?
3217,1736,3,23,76,102,1.2843137254901962,0.05096134823432229,614,Is this Inspiration Point?
2684,1736,5,19,78,102,1.2843137254901962,0.05463820216103073,614,You sent for a piano tuner again?
3764,1736,3,23,76,102,1.2843137254901962,0.05096134823432229,614,"How about a little ""Stairway to Heaven"""
3383,1736,4,21,77,102,1.2843137254901962,0.052831771450754544,614,"Piece by piece, I suppose?"
6539,1736,5,19,78,102,1.2843137254901962,0.05463820216103073,614,They sent me to ask if you know any Elton John?
6152,1736,7,15,80,102,1.2843137254901962,0.05808276213231825,614,You don't know The Meaning of Life? Would it help if I hum a few bars?
5979,1736,6,17,79,102,1.2843137254901962,0.0563867909723063,614,Seven requests from the next peak for something besides 'Climb Every Mountain.'
5846,1736,4,21,77,102,1.2843137254901962,0.052831771450754544,614,Two tunings for enlightenment. That's my final offer.
5759,1736,5,19,78,102,1.2843137254901962,0.05463820216103073,614,You send for a piano tuner?
5627,1736,6,17,79,102,1.2843137254901962,0.0563867909723063,614,Shouldn't the hills be alive with the sound of music?
5382,1736,4,21,77,102,1.2843137254901962,0.052831771450754544,614,You need to play more flats.
5055,1736,5,19,78,102,1.2843137254901962,0.05463820216103073,614,"""Do you need a vocalist?"
4700,1736,4,21,77,102,1.2843137254901962,0.052831771450754544,614,Goddamn Craigslist!
3268,1736,3,23,76,102,1.2843137254901962,0.05096134823432229,614,aint life grand!
4620,1736,2,25,75,102,1.2843137254901962,0.04901960784313725,614,"The tuner claims he's busy, but I found a kid with a pan flute who can be here Tuesday."
4406,1736,4,21,77,102,1.2843137254901962,0.052831771450754544,614,Glad you could make it. The second G key is a little flat.
4264,1736,5,19,78,102,1.2843137254901962,0.05463820216103073,614,I was attracted by the silence.
4189,1736,5,19,78,102,1.2843137254901962,0.05463820216103073,614,So they send me an alpinist.
3953,1736,5,19,78,102,1.2843137254901962,0.05463820216103073,614,Are you obscure enough to impress my friends in Williamsburg?
1900,1736,5,19,78,102,1.2843137254901962,0.05463820216103073,614,Can you play something enlightening?
3614,1736,4,21,77,102,1.2843137254901962,0.052831771450754544,614,You called for a prana tuner?
3585,1736,6,17,79,102,1.2843137254901962,0.0563867909723063,614,"""The hills are alive......really?"
3561,1736,4,21,77,102,1.2843137254901962,0.052831771450754544,614,One question for our magazine sir: is it lonely at the top?
3452,1736,4,21,77,102,1.2843137254901962,0.052831771450754544,614,"Sorry, I don’t know that one."
4520,1736,6,17,79,102,1.2843137254901962,0.0563867909723063,614,You think that was tough? Try writer's block.
1836,1736,3,23,76,102,1.2843137254901962,0.05096134823432229,614,The key to life? There are 88.
658,1736,4,21,77,102,1.2843137254901962,0.052831771450754544,614,Did you get lost on the way to Carnegie Hall?
1230,1736,5,19,78,102,1.2843137254901962,0.05463820216103073,614,"Can you play ""Fùr Elise?"""
1457,1736,4,21,77,102,1.2843137254901962,0.052831771450754544,614,"Before I go, are you sure you won't play ""The Girl From Ipanema""?"
593,1736,6,17,79,102,1.2843137254901962,0.0563867909723063,614,Stop playing chopsticks!
617,1736,5,19,78,102,1.2843137254901962,0.05463820216103073,614,"Finally, all I know how to write are duets."
628,1736,2,25,75,102,1.2843137254901962,0.04901960784313725,614,"And now, for the descrescendo."
151,1736,4,21,77,102,1.2843137254901962,0.052831771450754544,614,I take it this is the piano that needs tuning?
1038,1736,4,21,77,102,1.2843137254901962,0.052831771450754544,614,Stairway To Heaven? I don’t know. How does it go?
1083,1736,4,21,77,102,1.2843137254901962,0.052831771450754544,614,The parts on backorder.
1091,1736,3,23,76,102,1.2843137254901962,0.05096134823432229,614,You're ten minutes late.....again
3229,1736,3,23,76,102,1.2843137254901962,0.05096134823432229,614,"I climbed this mountain because I had a score to settle, son."
1149,1782,6,18,82,106,1.2830188679245282,0.05487012679245056,614,"For the last time it's, ""Ain't no mountain high enough."" Got it? Now write it down."
1111,1783,4,20,75,99,1.2828282828282829,0.05379899533133405,614,You're willing to trade the secret of life for the lost chord?
6110,1783,4,20,75,99,1.2828282828282829,0.05379899533133405,614,"Unquestionably,the toughest tuning job I ever had!"
5897,1783,3,22,74,99,1.2828282828282829,0.05184774667596445,614,"....so I told them ""I'm sick of the stupid alphorn; send me something else""."
4764,1783,3,22,74,99,1.2828282828282829,0.05184774667596445,614,"OK, bad news. Blockbuster was closed."
2656,1783,1,26,72,99,1.2828282828282829,0.047706422091822624,614,Jesus would like to practice his grand entrance again.
1340,1783,4,20,75,99,1.2828282828282829,0.05379899533133405,614,"Damn, I only have black keys in my repair kit."
3578,1783,3,22,74,99,1.2828282828282829,0.05184774667596445,614,Did I miss happy hour?
599,1790,6,17,80,103,1.2815533980582525,0.05590485057956849,614,The student you have before me is trapped under a rock so I thought I might be able to start a little early if that's okay.....
591,1790,3,23,77,103,1.2815533980582525,0.05053958934365407,614,"Yeah, I take requests, but ""Climb Every Mountain"" better not be one of 'em."
550,1790,4,21,78,103,1.2815533980582525,0.0523890971493569,614,Rock on.
192,1790,4,21,78,103,1.2815533980582525,0.0523890971493569,614,I don’t mind... but I was a child prodigy when I made the call!
2816,1790,6,17,80,103,1.2815533980582525,0.05590485057956849,614,"Oh, I have a request alright."
3051,1790,5,19,79,103,1.2815533980582525,0.05417550100575275,614,He says there is no second movement.
4239,1790,4,21,78,103,1.2815533980582525,0.0523890971493569,614,They wanna know what that's from.
6288,1790,5,19,79,103,1.2815533980582525,0.05417550100575275,614,"You can come down now, Gramps. Grandma's stopped singing ""Climb Every Mountain."""
5808,1790,3,23,77,103,1.2815533980582525,0.05053958934365407,614,"Oh, you were yelling for help. I thought you were requesting ""Help!"""
5762,1790,7,15,81,103,1.2815533980582525,0.057582286576893085,614,"Now I know the meaning of life, but how did you get the grand piano up here?"
5043,1790,4,21,78,103,1.2815533980582525,0.0523890971493569,614,"Base camp is requesting ""Great Balls of Fire""."
2103,1790,5,19,79,103,1.2815533980582525,0.05417550100575275,614,Which way to the Hall of the Mountain King?
4325,1790,4,21,78,103,1.2815533980582525,0.0523890971493569,614,"No idea, Brahms left it here."
4008,1790,7,15,81,103,1.2815533980582525,0.057582286576893085,614,They were out of fries
6549,1804,4,19,73,96,1.28125,0.054818530370029296,614,Satan says he’ll join the band but only if he’s on keyboard.
823,1804,5,17,74,96,1.28125,0.05678353209816962,614,Chariots of Fire Please....
1134,1804,3,21,72,96,1.28125,0.05278042275612985,614,"Why, yes, I am a piano tuner."
4917,1804,6,15,75,96,1.28125,0.058682772285892346,614,Could you keep it down? We're trying to sleep.
1384,1808,3,22,75,100,1.28,0.051404515778521266,614,Practice? Practice? Practice?
1335,1808,6,16,78,100,1.28,0.056995480947921194,614,"I'm the piano tuner,you realize i charge for travel time as well?"
1333,1808,8,12,80,100,1.28,0.06043612539305653,614,This is the third time I have seen this ascetic on a mountain top. This cartoon is getting old-- please find a better cartoonist.
1635,1808,7,14,79,100,1.28,0.05874099974042875,614,Can you turn it down?
1530,1808,6,16,78,100,1.28,0.056995480947921194,614,Bach off.
4652,1808,9,10,81,100,1.28,0.06208498574168681,614,"Yah, my name is Sam. I played it again and here is where they put me."
2936,1808,2,24,74,100,1.28,0.04940044575106626,614,Did I miss it?
3581,1808,2,24,74,100,1.28,0.04940044575106626,614,It's last call at the bar. Do you want anything?
3606,1808,5,18,77,100,1.28,0.055194788218315013,614,Nice scale.
3661,1808,5,18,77,100,1.28,0.055194788218315013,614,Sorry I'm late. The last piano I tuned was really hard to reach.
3699,1808,5,18,77,100,1.28,0.055194788218315013,614,So this is what they meant by scaling the mountain.
3950,1808,3,22,75,100,1.28,0.051404515778521266,614,"You took a wrong turn, but the answer is still ""Practice, Practice, Practice"""
4162,1808,6,16,78,100,1.28,0.056995480947921194,614,Can you play me an edgy song?
2854,1808,5,18,77,100,1.28,0.055194788218315013,614,Bösendorfer or Steinway?
2127,1808,4,20,76,100,1.28,0.05333333333333333,614,A little farther please. You're still spooking the sheep.
4202,1808,4,20,76,100,1.28,0.05333333333333333,614,We're decomposing.
2688,1808,6,16,78,100,1.28,0.056995480947921194,614,I hear the view from here is grand.
2647,1808,7,14,79,100,1.28,0.05874099974042875,614,"Oh, you've got a Steinway? I'm afraid I only tune Yamahas."
2641,1808,5,18,77,100,1.28,0.055194788218315013,614,How did you get the sheet music up here?
2574,1808,5,18,77,100,1.28,0.055194788218315013,614,"What do you mean, you don't take requests?"
2498,1808,5,18,77,100,1.28,0.055194788218315013,614,"Okay, I'll play it again for you but the name is Zoltan, not Sam."
2190,1808,4,20,76,100,1.28,0.05333333333333333,614,Play it in the key to happiness.
1307,1808,4,20,76,100,1.28,0.05333333333333333,614,Wow! Who's your piano mover?
2713,1808,5,18,77,100,1.28,0.055194788218315013,614,You need your piano tuned ?
1274,1808,4,20,76,100,1.28,0.05333333333333333,614,G is not sharp enough. Can you check it out?
5343,1808,5,18,77,100,1.28,0.055194788218315013,614,"I know ... practice, practice, practice."
673,1808,3,22,75,100,1.28,0.051404515778521266,614,This next song goes out to anyone who's afraid of looking down.
6693,1808,2,24,74,100,1.28,0.04940044575106626,614,You….advertised….for a….page turner?
6689,1808,4,20,76,100,1.28,0.05333333333333333,614,"Mom meant to say no aptitude, not altitude, for the piano."
6215,1808,5,18,77,100,1.28,0.055194788218315013,614,Welcome! You've come to the right clef.
6201,1808,6,16,78,100,1.28,0.056995480947921194,614,"Although he had to climb every mountain, Georg von Trapp eventually discovered the reason why the hills stay alive with the sound of music."
1154,1808,4,20,76,100,1.28,0.05333333333333333,614,The Sherpas are complaining; it's time to tune the piano again.
5694,1808,5,18,77,100,1.28,0.055194788218315013,614,Amazon Prime with two-day shipping!
5563,1808,5,18,77,100,1.28,0.055194788218315013,614,I'm answering your ad for a sheet music page turner.
5548,1808,5,18,77,100,1.28,0.055194788218315013,614,"Meals on Wheels, at your service."
4849,1808,6,16,78,100,1.28,0.056995480947921194,614,"Do you know the quickest route to the summit?"" ""No, but if you hum a few bars, I can pick it up."
5720,1808,5,18,77,100,1.28,0.055194788218315013,614,So how do you pass the time up here?
4809,1808,3,22,75,100,1.28,0.051404515778521266,614,No Stairway to Heaven.
4421,1808,4,20,76,100,1.28,0.05333333333333333,614,Best crescendo I’ve ever heard.
397,1808,5,18,77,100,1.28,0.055194788218315013,614,"No, I don't take requests."
325,1808,6,16,78,100,1.28,0.056995480947921194,614,I see what you mean about your piano skills having plateaued.
213,1808,5,18,77,100,1.28,0.055194788218315013,614,"When they said they'd give me the keys to heaven's gate, this isn't quite what I had imagined."
4501,1808,7,14,79,100,1.28,0.05874099974042875,614,Was that Stairway to Heaven?
4670,1808,6,16,78,100,1.28,0.056995480947921194,614,Woah! ...... Is that a steinway? Must have cost a fortune
4682,1808,4,20,76,100,1.28,0.05333333333333333,614,"If you're omnipotent like you said in your book, what's the problem?"
4683,1808,5,18,77,100,1.28,0.055194788218315013,614,I'm out of time - I need the cliff notes.
162,1808,7,14,79,100,1.28,0.05874099974042875,614,"Sorry, your lesson was yesterday, not today!"
1189,1855,2,25,77,104,1.2788461538461537,0.04822605696928632,614,Do you know “Stairway to Heaven”?
5724,1855,3,23,78,104,1.2788461538461537,0.050124435839128983,614,"At this point, I'll take requests."
6145,1855,3,23,78,104,1.2788461538461537,0.050124435839128983,614,"Sorry, son. This one's taken."
222,1858,8,12,81,101,1.2772277227722773,0.05989894440496703,614,"Do you know ""Ain't No Mountain High Enough"
236,1858,5,18,78,101,1.2772277227722773,0.05471584902830932,614,"No, I didn't bring mine."
1467,1858,6,16,79,101,1.2772277227722773,0.05649640640668161,614,That’s not what I meant when I said you should practice high notes.
2409,1858,3,22,76,101,1.2772277227722773,0.0509684660444901,614,"We've had a request that you move along from ""Moonlight Sonata."""
1799,1862,6,14,74,94,1.2765957446808511,0.059364928748421635,614,Please tell me you brought a stool.
4583,1862,5,16,73,94,1.2765957446808511,0.05740569802641552,614,Am I glad to see you! You wouldn't believe how hard it has been to find a tuner.
6598,1864,7,13,78,98,1.2755102040816326,0.05941826877122742,614,They say you are a master in the ways of attunement?
3461,1864,3,21,74,98,1.2755102040816326,0.051855153272077,614,I’ve come to finally master Chopsticks.
3429,1864,5,17,76,98,1.2755102040816326,0.05576507681623158,614,"At last, the promised Grand!"
3425,1864,6,15,77,98,1.2755102040816326,0.05762063196499162,614,I knew this would end on a high note.
3405,1864,5,17,76,98,1.2755102040816326,0.05576507681623158,614,"Oh, Great Sage, my quest is to learn what the pedals are for."
3210,1864,4,19,75,98,1.2755102040816326,0.053845615945918975,614,I know you wanted to practice in peace. But the composer sent me to bring you some revisions.
3090,1864,5,17,76,98,1.2755102040816326,0.05576507681623158,614,Hi. I’m your neighbor from the alp across the way. Your middle C is just the tiniest bit flat.
2745,1864,6,15,77,98,1.2755102040816326,0.05762063196499162,614,Still too loud.
3676,1864,3,21,74,98,1.2755102040816326,0.051855153272077,614,What is the meaning of B Flat?
2705,1864,5,17,76,98,1.2755102040816326,0.05576507681623158,614,"I can carry a piano up a mountain, but I can't carry a tune in a bucket."
2395,1864,5,17,76,98,1.2755102040816326,0.05576507681623158,614,So that's why it's called the Grand Canyon !
2385,1864,5,17,76,98,1.2755102040816326,0.05576507681623158,614,"Sorry, but it took so long to get up here that the offer for a free tuning expired."
2295,1864,7,13,78,98,1.2755102040816326,0.05941826877122742,614,"Yes, I do know 'Stairway to Heaven.'"
1690,1864,4,19,75,98,1.2755102040816326,0.053845615945918975,614,You call THAT ‘andante’?
1652,1864,4,19,75,98,1.2755102040816326,0.053845615945918975,614,"No, no, no! The ad specifically said ""You haul""!"
1646,1864,6,15,77,98,1.2755102040816326,0.05762063196499162,614,"Please, I'm begging you, no more Eagles' songs."
1453,1864,6,15,77,98,1.2755102040816326,0.05762063196499162,614,"Good question. Actually, Amazon's new drones delivered it."
2529,1864,4,19,75,98,1.2755102040816326,0.053845615945918975,614,I asked the hostess for a seat away from the kitchen.
1315,1864,6,15,77,98,1.2755102040816326,0.05762063196499162,614,What's your WiFi password? I think you're really going to dig Spotify.
4114,1864,4,19,75,98,1.2755102040816326,0.053845615945918975,614,"I guess you've found the lost chord, haven't you?"
4363,1864,4,19,75,98,1.2755102040816326,0.053845615945918975,614,Thanks for coming. It seems ticket prices were a little steep.
6670,1864,5,17,76,98,1.2755102040816326,0.05576507681623158,614,"Something dramatic please, I am making my final ascent."
6628,1864,6,15,77,98,1.2755102040816326,0.05762063196499162,614,...and the critics said I plateaued years ago!
6561,1864,4,19,75,98,1.2755102040816326,0.053845615945918975,614,They say you should learn at least some piano before you die.
6379,1864,4,19,75,98,1.2755102040816326,0.053845615945918975,614,"Excuse me, is your 59$ TV ad-‘sign up for our introduction to meaning of life course and receive three piano lessons absolutely free’ offer still going on?"
6377,1864,5,17,76,98,1.2755102040816326,0.05576507681623158,614,It's my Unstarted Symphony.
6349,1864,5,17,76,98,1.2755102040816326,0.05576507681623158,614,"The meaning of life? I don't know that one, but if you hum a few bars, I'll fake it."
6100,1864,6,15,77,98,1.2755102040816326,0.05762063196499162,614,Oh . . . uh . . . you wanted THAT kind of G-string . . . .
4276,1864,4,19,75,98,1.2755102040816326,0.053845615945918975,614,Really ?
6041,1864,4,19,75,98,1.2755102040816326,0.053845615945918975,614,Ok fine..$4500 but you pay for shipping.
5075,1864,7,13,78,98,1.2755102040816326,0.05941826877122742,614,Maybe you just need a change in scenery
5065,1864,3,21,74,98,1.2755102040816326,0.051855153272077,614,Have you changed your mind about a comeback tour?
4844,1864,5,17,76,98,1.2755102040816326,0.05576507681623158,614,"Do you know ""Heart and Soul""?"
4816,1864,5,17,76,98,1.2755102040816326,0.05576507681623158,614,"Excuse me, Old Wise Man. I've come to find the key to life."" ""There are 88 of them"
4629,1864,5,17,76,98,1.2755102040816326,0.05576507681623158,614,"I appreciate your exceptionally evocative rendition of Mussorgsky's ""Night on Bare Mountain"""
4524,1864,4,19,75,98,1.2755102040816326,0.053845615945918975,614,"Based on that crescendo, I can tell you didn't think I'd make it."
4391,1864,3,21,74,98,1.2755102040816326,0.051855153272077,614,Welcome to Bass Clef.
5610,1864,6,15,77,98,1.2755102040816326,0.05762063196499162,614,"Alas, I have no answer to your query but if you'll hum a few bars I'll fake it."
1248,1864,3,21,74,98,1.2755102040816326,0.051855153272077,614,"If you fall, I'll play it in b flat. B flat! Get it? Nudge, nudge?"
2614,1864,1,25,72,98,1.2755102040816326,0.047625308916803756,614,"They said I would find the key of life up here, but I did not expect it to be the key of G."
463,1864,5,17,76,98,1.2755102040816326,0.05576507681623158,614,"Don't worry, I've tuned Steinways before."
370,1864,3,21,74,98,1.2755102040816326,0.051855153272077,614,I eventually got your message. I'm the piano tuner.
405,1864,1,25,72,98,1.2755102040816326,0.047625308916803756,614,At Mt. Everest we understand that the needs of our climbers are changing.
430,1864,5,17,76,98,1.2755102040816326,0.05576507681623158,614,Tickling the ivories is much more satisfying when you're high.
1158,1864,6,15,77,98,1.2755102040816326,0.05762063196499162,614,"Sorry, I'm not taking requests this week."
450,1864,5,17,76,98,1.2755102040816326,0.05576507681623158,614,"OK, one more time, from the top."
216,1864,6,15,77,98,1.2755102040816326,0.05762063196499162,614,"""Your Middle C is way out of tune dammit"". ""I've been grinding my teeth all the way from basecamp""."
177,1864,5,17,76,98,1.2755102040816326,0.05576507681623158,614,Anyone call for a tune-up?
605,1864,4,19,75,98,1.2755102040816326,0.053845615945918975,614,My wife would like to hear ‘All of Me’. Can you break a twenty?
681,1864,4,19,75,98,1.2755102040816326,0.053845615945918975,614,"I am afraid if you are looking for anything but a a solo concerto, it's the next cliff over."
718,1864,2,23,73,98,1.2755102040816326,0.04978517334654759,614,"I've been waiting for you, Bach-packer..."
813,1864,3,21,74,98,1.2755102040816326,0.051855153272077,614,"I mispronounced ""aria"" so the travel agent wrote aerie. And here I am."
1023,1864,3,21,74,98,1.2755102040816326,0.051855153272077,614,I'm sure its just the acoustics..
508,1864,6,15,77,98,1.2755102040816326,0.05762063196499162,614,Are you the guy who called for a piano tuner?
6258,1918,6,14,75,95,1.2736842105263158,0.05880882775937453,614,"Well, at least I tried to make it to your recital"
6251,1918,0,26,69,95,1.2736842105263158,0.04598579376319261,614,I didn't hire a piano tuner.
6339,1918,3,20,72,95,1.2736842105263158,0.052788121061762866,614,"Yeah, that's the first question I always get."
4621,1918,4,18,73,95,1.2736842105263158,0.05486847811781201,614,Take it from the top!
6137,1918,5,16,74,95,1.2736842105263158,0.056872788367533886,614,You don’t know me but I felt the need to climb all the way up here to tell you that your lifelong pursuit of a music career was a waste of your time.
6656,1918,0,26,69,95,1.2736842105263158,0.04598579376319261,614,"I didn't mean it literally, when I said your performance had plateaued."
6116,1918,3,20,72,95,1.2736842105263158,0.052788121061762866,614,"Maybe less high notes, Maestro."
2194,1918,4,18,73,95,1.2736842105263158,0.05486847811781201,614,Congratulations. You've finally reached that high note.
2163,1918,5,16,74,95,1.2736842105263158,0.056872788367533886,614,"Hallelujah Chorus, I presume?"
1760,1918,5,16,74,95,1.2736842105263158,0.056872788367533886,614,"It's me, Paul, the real estate novelist."
963,1918,6,14,75,95,1.2736842105263158,0.05880882775937453,614,"Tuner? No, I'm the piano mover."
288,1918,5,16,74,95,1.2736842105263158,0.056872788367533886,614,Always end on a high note.
622,1918,4,18,73,95,1.2736842105263158,0.05486847811781201,614,"Sorry buddy, doors open at 8pm"
864,1918,4,18,73,95,1.2736842105263158,0.05486847811781201,614,You may want to know how I got this up here...
870,1918,6,14,75,95,1.2736842105263158,0.05880882775937453,614,I just had to know where that music was coming from!
936,1918,5,16,74,95,1.2736842105263158,0.056872788367533886,614,"Come on, one more time: 'Climb Every Mountain...'"
5861,1918,7,12,76,95,1.2736842105263158,0.060683131001665225,614,"When I said cliff notes, that’s not what I meant"
1168,1918,4,18,73,95,1.2736842105263158,0.05486847811781201,614,"No, but if you hum a few bars I can fake it."
1247,1918,3,20,72,95,1.2736842105263158,0.052788121061762866,614,Sorry. No one is admitted until after the first movement.
1255,1918,8,10,77,95,1.2736842105263158,0.06250125241864155,614,Piano tuner
1306,1918,5,16,74,95,1.2736842105263158,0.056872788367533886,614,OK. So I climbed every mountain and forded every stream. Where's the rainbow? Don't tell me you're my dream!
136,1918,5,16,74,95,1.2736842105263158,0.056872788367533886,614,What happened to your bench?
2477,1918,6,14,75,95,1.2736842105263158,0.05880882775937453,614,Play Stairway to Heaven
5325,1918,3,20,72,95,1.2736842105263158,0.052788121061762866,614,I'm the bass player. How do we get the instruments up?
2808,1918,5,16,74,95,1.2736842105263158,0.056872788367533886,614,"Hey, could you give me a Handel up?"
4560,1918,5,16,74,95,1.2736842105263158,0.056872788367533886,614,Are you here all week?
4244,1918,3,20,72,95,1.2736842105263158,0.052788121061762866,614,Can you write lyrics?
1558,1918,2,22,71,95,1.2736842105263158,0.0506223424931902,614,Do you have any requests?
4206,1918,4,18,73,95,1.2736842105263158,0.05486847811781201,614,I'm here for the shift change.
4653,1918,2,22,71,95,1.2736842105263158,0.0506223424931902,614,"Look, after the whole Father Time forced retirement thing, what did you expect, Carnegie Hall?"
4655,1918,6,14,75,95,1.2736842105263158,0.05880882775937453,614,The villagers would like you to cut out the Coldplay.
4667,1918,4,18,73,95,1.2736842105263158,0.05486847811781201,614,Your family wants you Bach.
3780,1918,6,14,75,95,1.2736842105263158,0.05880882775937453,614,Practice your scales.
4847,1918,6,14,75,95,1.2736842105263158,0.05880882775937453,614,I can see why the hills aren't alive with the sound of music anymore.
2982,1918,3,20,72,95,1.2736842105263158,0.052788121061762866,614,Shoot. Paper. I knew there was something I forgot at the store.
2583,1918,4,18,73,95,1.2736842105263158,0.05486847811781201,614,"I guess it's official, you've peaked."
5102,1918,6,14,75,95,1.2736842105263158,0.05880882775937453,614,You forgot the tuning fork?
5236,1918,3,20,72,95,1.2736842105263158,0.052788121061762866,614,"Wait a minute, I think I left the tuner in my car."
5258,1918,3,20,72,95,1.2736842105263158,0.052788121061762866,614,Getting closer...Let's hear how it sounds with the piano on that other mountain again
5278,1918,4,18,73,95,1.2736842105263158,0.05486847811781201,614,"No, I’ve never tuned a piano before. Why do you ask?"
5304,1918,4,18,73,95,1.2736842105263158,0.05486847811781201,614,Is this one of those pianos they put out for anyone to play? Can I be next?
5321,1918,8,10,77,95,1.2736842105263158,0.06250125241864155,614,"They've been wandering the desert for 40 years, are you sure you want to open with a blues tune ?"
2850,1918,4,18,73,95,1.2736842105263158,0.05486847811781201,614,And then when I reach the final summit maybe you could do like an inspirational build up before going back into to the reprise?
5386,1918,5,16,74,95,1.2736842105263158,0.056872788367533886,614,"I have enough provisions for six more months, but this time your patrons really expect you to finish that sonata."
5519,1918,4,18,73,95,1.2736842105263158,0.05486847811781201,614,Now you just have to play Beethoven's 32 sonatas to reach Nirvana.
5532,1918,6,14,75,95,1.2736842105263158,0.05880882775937453,614,"Uh, hey...I’m here about the craigslist ad."
1700,1918,4,18,73,95,1.2736842105263158,0.05486847811781201,614,My travel agent promised me a suite with a view
563,1965,5,17,77,99,1.2727272727272727,0.05526902742339265,614,"Elevator music, nothing but elevator music."
2815,1965,4,19,76,99,1.2727272727272727,0.053371549809255195,614,Life is an arpeggio???
3446,1965,0,27,72,99,1.2727272727272727,0.04498833266412667,614,"Would you play ""Climb Every Mountain""?"
3281,1968,5,18,80,103,1.2718446601941749,0.05378174115766111,614,My advice. Less high notes. --
5968,1969,1,23,68,92,1.2717391304347827,0.04912823608557881,614,Amazon Prime delivered the piano but they didn't say anything about your cello.
578,1969,1,23,68,92,1.2717391304347827,0.04912823608557881,614,Yeah...his work plateaued a while ago.
3340,1969,5,15,72,92,1.2717391304347827,0.05804437745241002,614,You suck
4956,1969,4,17,71,92,1.2717391304347827,0.05594871053561892,614,"*out of breath ""Are you the one playing the piano?"""
3104,1969,4,17,71,92,1.2717391304347827,0.05594871053561892,614,You can come down. The lost cord's been found.
1938,1969,2,21,69,92,1.2717391304347827,0.0515021856246872,614,It's a little flat
5242,1969,3,19,70,92,1.2717391304347827,0.05377142984298545,614,"Sing me your song, O Piano Man…"
6680,1969,1,23,68,92,1.2717391304347827,0.04912823608557881,614,I was told to come here for sitar lessons.
409,1977,3,20,73,96,1.2708333333333333,0.052313089726426475,614,"Sorry, I forgot the violin."
653,1977,5,16,75,96,1.2708333333333333,0.05634940858565613,614,Lemme guess: Mussorgsky.
716,1977,7,12,77,96,1.2708333333333333,0.06011532532708517,614,How about a little Air Supply?
1841,1977,4,18,74,96,1.2708333333333333,0.054368718969083525,614,Are you the hermit that called a piano tuner?
2001,1977,4,18,74,96,1.2708333333333333,0.054368718969083525,614,Oh! So THAT'S what you meant by practicing your scaling.
4350,1977,4,18,74,96,1.2708333333333333,0.054368718969083525,614,"Fear not, I’ve come bearing autotune."
4576,1977,3,20,73,96,1.2708333333333333,0.052313089726426475,614,It was either here or Brandon MO.
4643,1984,5,15,73,93,1.2688172043010753,0.05749115212580819,614,"The answer to your query is: ""Does it really matter?"""
6344,1984,3,19,71,93,1.2688172043010753,0.05327029558168083,614,Play WHAT again? And who's SAM?
80,1984,3,19,71,93,1.2688172043010753,0.05327029558168083,614,The flyer did say 'Piano tuning service- we come to you.'
6163,1984,3,19,71,93,1.2688172043010753,0.05327029558168083,614,Do you prefer classical or jazz?
525,1984,5,15,73,93,1.2688172043010753,0.05749115212580819,614,What is the meaning of riff?
172,1984,1,23,69,93,1.2688172043010753,0.04868486633407214,614,"""Almost Heaven, West Virginia."" Do you need more directions?"
1194,1984,4,17,72,93,1.2688172043010753,0.055420920978058744,614,I’m here to face the music
4510,1984,2,21,70,93,1.2688172043010753,0.0510291122856655,614,"Excuse me, where is the cafe that used to be here?"
4423,1984,1,23,69,93,1.2688172043010753,0.04868486633407214,614,Your shift is up.
4320,1984,4,17,72,93,1.2688172043010753,0.055420920978058744,614,Do you have anything 50% off Liszt?
3880,1984,5,15,73,93,1.2688172043010753,0.05749115212580819,614,The acoustics are just lovely up here!
1097,1984,6,13,74,93,1.2688172043010753,0.059489382779193516,614,Thanks for coming. It's still out of tune.
3392,1984,5,15,73,93,1.2688172043010753,0.05749115212580819,614,"Why yes, I am a cryptozoologist. And you must be the Abominable Chopin."
3423,1984,5,15,73,93,1.2688172043010753,0.05749115212580819,614,Now I understand why it's called the Grand Piano Canyon!
1657,1984,4,17,72,93,1.2688172043010753,0.055420920978058744,614,YOU'RE the Piano Man? It's been you this whole time? Play me a song!
1516,1984,4,17,72,93,1.2688172043010753,0.055420920978058744,614,Here's your stupid metronome. Forget anything else?
1461,1984,4,17,72,93,1.2688172043010753,0.055420920978058744,614,Damn. I forgot the wire.
6290,1984,5,15,73,93,1.2688172043010753,0.05749115212580819,614,Sorry to tell you but I forgot the tuning fork
2626,1984,2,21,70,93,1.2688172043010753,0.0510291122856655,614,"Play it again, Samsara."
1466,2003,6,14,77,97,1.268041237113402,0.05772658909736201,614,"Do you know, ‘Climb Every Mountain”’ in A minor?"
4747,2003,5,16,76,97,1.268041237113402,0.0558353154957798,614,I can come back later.
4914,2003,6,14,77,97,1.268041237113402,0.05772658909736201,614,Who's the opener?
6241,2006,4,16,70,90,1.2666666666666666,0.05653322026700586,614,This time I remembered my music.
3324,2006,3,18,69,90,1.2666666666666666,0.054279988058403936,614,"They're out of rye, would you take it on whole wheat?"
5584,2006,4,16,70,90,1.2666666666666666,0.05653322026700586,614,Stop playing 'My Way.'
1268,2006,3,18,69,90,1.2666666666666666,0.054279988058403936,614,You need a chord? I thought you needed a cord.
1258,2006,3,18,69,90,1.2666666666666666,0.054279988058403936,614,Dad!?
3927,2006,0,24,66,90,1.2666666666666666,0.04687486995404348,614,"I’m sorry but.... You pack it in, you pack it out"
4158,2012,3,19,72,94,1.2659574468085106,0.05277807773655784,614,They're sorry they all laughed when you sat down to play. Seriously...
5429,2012,1,23,70,94,1.2659574468085106,0.048248982276891623,614,One pepperoni pizza and a tuning fork..
4155,2012,3,19,72,94,1.2659574468085106,0.05277807773655784,614,Thank goodness I found you. My iPod is out of juice.
3209,2015,5,14,72,91,1.2637362637362637,0.05812530112866413,614,The hills are alive with the sound of music. Guess what? We don't need yours.
3680,2015,5,14,72,91,1.2637362637362637,0.05812530112866413,614,"I hate to bother you, but I believe you forgot to tip the movers."
3583,2015,2,20,69,91,1.2637362637362637,0.05143879760158815,614,Please tell me you have page 7 of The Tchaikovsky Piano Concerto No. 1!
2236,2015,4,16,71,91,1.2637362637362637,0.055985269375949595,614,No bother at all. Only spare me the 'How do you get to Carnegie Hall' jokes.
2240,2015,2,20,69,91,1.2637362637362637,0.05143879760158815,614,I was expecting a harp
3394,2015,4,16,71,91,1.2637362637362637,0.055985269375949595,614,"I never could hit that high note, but I’m glad you made it to the top."
2267,2015,4,16,71,91,1.2637362637362637,0.055985269375949595,614,And you said you couldn't hit the high notes.
2285,2015,5,14,72,91,1.2637362637362637,0.05812530112866413,614,Bob Dylan?
3369,2015,6,12,73,91,1.2637362637362637,0.060189292033534736,614,I’ve brought the lost chord!
2331,2015,5,14,72,91,1.2637362637362637,0.05812530112866413,614,This is the pinnacle of success?
2437,2015,6,12,73,91,1.2637362637362637,0.060189292033534736,614,Can you play Canyon in D?
2482,2015,3,18,70,91,1.2637362637362637,0.05376011665628522,614,Can you turn it down a bit?
2520,2015,3,18,70,91,1.2637362637362637,0.05376011665628522,614,"Tuning costs'll be $100, travel cost $10, 000."
2549,2015,6,12,73,91,1.2637362637362637,0.060189292033534736,614,So is this what they meant by reaching a peak performance!
2675,2015,6,12,73,91,1.2637362637362637,0.060189292033534736,614,Where do you go from here is entirely dependent on how you play your own Requiem
2718,2015,4,16,71,91,1.2637362637362637,0.055985269375949595,614,"The audience wants me to ask you to play ""The Hills Are Alive with the Sound of Music."""
2760,2015,2,20,69,91,1.2637362637362637,0.05143879760158815,614,Of all the mountain tops in all the towns all over the world . . .
2762,2015,3,18,70,91,1.2637362637362637,0.05376011665628522,614,Just hang on. We're open to the public later tonight.
2879,2015,6,12,73,91,1.2637362637362637,0.060189292033534736,614,"Greetings, I'm the tuner."
3083,2015,6,12,73,91,1.2637362637362637,0.060189292033534736,614,Acme global piano tuners at your service.
3091,2015,4,16,71,91,1.2637362637362637,0.055985269375949595,614,I forgot my keys again
3691,2015,5,14,72,91,1.2637362637362637,0.05812530112866413,614,You reqeuested a tuner?
3179,2015,4,16,71,91,1.2637362637362637,0.055985269375949595,614,You the lady who called for a tuner with pitons?
2415,2015,7,10,74,91,1.2637362637362637,0.062184814220984624,614,Do you want mustard on it?
3239,2015,4,16,71,91,1.2637362637362637,0.055985269375949595,614,"Yeah, I really, really don’t do requests."
4922,2015,2,20,69,91,1.2637362637362637,0.05143879760158815,614,"Wow, that had to be hell for the piano movers!"
3735,2015,7,10,74,91,1.2637362637362637,0.062184814220984624,614,Play Freebird.
6616,2015,8,8,75,91,1.2637362637362637,0.06411826076788589,614,"It's me, Davy, who's still in the Navy."
6602,2015,2,20,69,91,1.2637362637362637,0.05143879760158815,614,"Oh, there you are. I'm the piano tuner."
6589,2015,5,14,72,91,1.2637362637362637,0.05812530112866413,614,It sounds a bit flat down there.
6499,2015,3,18,70,91,1.2637362637362637,0.05376011665628522,614,You got a long way with the piano but it appears you are stuck on this plateau.
6489,2015,4,16,71,91,1.2637362637362637,0.055985269375949595,614,"Lost chord? No, last chord, I'm here to repossess the Steinway."
6484,2015,2,20,69,91,1.2637362637362637,0.05143879760158815,614,How does one get to Carnegie Hall from here?
6350,2015,4,16,71,91,1.2637362637362637,0.055985269375949595,614,I came all this way for some peace and quiet...
6329,2015,2,20,69,91,1.2637362637362637,0.05143879760158815,614,"Well, my son, 15 years of arpeggios would be a start."
6135,2015,4,16,71,91,1.2637362637362637,0.055985269375949595,614,Can you play Livin' on a Prayer by Bon Jovi?
6004,2015,2,20,69,91,1.2637362637362637,0.05143879760158815,614,I knew you were in treble.
5871,2015,6,12,73,91,1.2637362637362637,0.060189292033534736,614,"Why do they call it ""Chopsticks?"""
5754,2015,4,16,71,91,1.2637362637362637,0.055985269375949595,614,Rumor has it that you're looking for a page turner.
5639,2015,6,12,73,91,1.2637362637362637,0.060189292033534736,614,Jake & Elwood sent me. They're putting the band back together ...
5546,2015,3,18,70,91,1.2637362637362637,0.05376011665628522,614,I'm the relief pianist. Sorry I'm late.
3731,2015,3,18,70,91,1.2637362637362637,0.05376011665628522,614,"So, this is bass camp?"
5488,2015,3,18,70,91,1.2637362637362637,0.05376011665628522,614,The critics are unwilling to call it your peak performance.
5088,2015,8,8,75,91,1.2637362637362637,0.06411826076788589,614,"you didn't happen to pass a tip jar on the way up, did you?"
4999,2015,5,14,72,91,1.2637362637362637,0.05812530112866413,614,Did you bring any sheet music I can play?
4945,2015,3,18,70,91,1.2637362637362637,0.05376011665628522,614,Sorry to intrude. I didn’t know this cliche was under new management
4836,2015,4,16,71,91,1.2637362637362637,0.055985269375949595,614,Sorry we're closed.
4817,2015,2,20,69,91,1.2637362637362637,0.05143879760158815,614,"What we desperately want is ten commandments, not a piano sonata"
4721,2015,1,22,68,91,1.2637362637362637,0.04900764893868004,614,“Listening to you lifts me to new heights”.
4630,2015,4,16,71,91,1.2637362637362637,0.055985269375949595,614,The echoes in the valley are all out of tune.
2189,2015,4,16,71,91,1.2637362637362637,0.055985269375949595,614,"26,000 feet to hear Chopsticks?"
4451,2015,6,12,73,91,1.2637362637362637,0.060189292033534736,614,Bravo! That was a butte!
4351,2015,5,14,72,91,1.2637362637362637,0.05812530112866413,614,They said it would be a grand view at the top
4184,2015,5,14,72,91,1.2637362637362637,0.05812530112866413,614,The good news is that you've been accepted at Juilliard. The bad news is that you have to bring this piano.
4017,2015,4,16,71,91,1.2637362637362637,0.055985269375949595,614,I'm here to tune the piano. Do you have your Groupon handy?
3832,2015,5,14,72,91,1.2637362637362637,0.05812530112866413,614,"Well, at least you did it Steinway."
3752,2015,3,18,70,91,1.2637362637362637,0.05376011665628522,614,How did I get here? How did you get that grand piano here?
5335,2015,7,10,74,91,1.2637362637362637,0.062184814220984624,614,My Mom forced me to stay in and practice every day and it just snowballed from there
2137,2015,6,12,73,91,1.2637362637362637,0.060189292033534736,614,Any chance you have the Lost Chord?
2168,2015,3,18,70,91,1.2637362637362637,0.05376011665628522,614,"Please, just play 'Piano Man' one more time..."""
620,2015,3,18,70,91,1.2637362637362637,0.05376011665628522,614,Too bad. I'm just about to take my 10 year break.
2052,2015,3,18,70,91,1.2637362637362637,0.05376011665628522,614,"No, I dont know the meaning of life but I can play you chopsticks."
153,2015,4,16,71,91,1.2637362637362637,0.055985269375949595,614,I hope you brought sheet music.
259,2015,5,14,72,91,1.2637362637362637,0.05812530112866413,614,Nice climax
277,2015,4,16,71,91,1.2637362637362637,0.055985269375949595,614,Prelude to Nirvana in G?
355,2015,6,12,73,91,1.2637362637362637,0.060189292033534736,614,"Pretty good, but let's try that major scale one more time."
598,2015,4,16,71,91,1.2637362637362637,0.055985269375949595,614,Maybe a change of scenery will inspire you.
610,2015,4,16,71,91,1.2637362637362637,0.055985269375949595,614,"The new stuff is fine, but I didn't come all this way not to hear ""piano man."""
858,2015,6,12,73,91,1.2637362637362637,0.060189292033534736,614,I’m your replacement. Sorry I’m late!
1144,2015,5,14,72,91,1.2637362637362637,0.05812530112866413,614,"Yes, I’ve written more than Rocky Mountain High."
1216,2015,4,16,71,91,1.2637362637362637,0.055985269375949595,614,"Hold it down, will ya!? We can hear you all the way down at K2."
1262,2015,5,14,72,91,1.2637362637362637,0.05812530112866413,614,So this is where you perform now?
1423,2015,0,24,67,91,1.2637362637362637,0.04644942852497394,614,"I was a one-hit wonder too, but I got over it."
1229,2015,3,18,70,91,1.2637362637362637,0.05376011665628522,614,"I'm sorry, next time tune your own piano!"
1512,2015,5,14,72,91,1.2637362637362637,0.05812530112866413,614,They told me you know heart and soul.
2025,2015,5,14,72,91,1.2637362637362637,0.05812530112866413,614,Beethoven I presume?
1941,2015,4,16,71,91,1.2637362637362637,0.055985269375949595,614,Play 'Piano Man'.
1898,2015,4,16,71,91,1.2637362637362637,0.055985269375949595,614,"Do you know "" As Time goes By?"""
1880,2015,4,16,71,91,1.2637362637362637,0.055985269375949595,614,Know any Marvin Gaye?
1471,2015,3,18,70,91,1.2637362637362637,0.05376011665628522,614,Sorry to interrupt I'm here for your annual piano tuning.
1749,2015,7,10,74,91,1.2637362637362637,0.062184814220984624,614,"You're late, you'll have to come back next week."
1854,2015,2,20,69,91,1.2637362637362637,0.05143879760158815,614,"I’m Bob, your yodeler. We’ll work this out."
1731,2015,4,16,71,91,1.2637362637362637,0.055985269375949595,614,Liberace I presume.
1666,2015,2,20,69,91,1.2637362637362637,0.05143879760158815,614,I see I won't be getting any sound advice.
1621,2015,4,16,71,91,1.2637362637362637,0.055985269375949595,614,Bass? We need more bass.
1581,2015,3,18,70,91,1.2637362637362637,0.05376011665628522,614,Your Bach?
4013,2101,7,11,77,95,1.263157894736842,0.06025426957831666,614,I need to increase your lesson fee.
2091,2102,3,17,68,88,1.2613636363636365,0.05479685620357946,614,"No, Jeff. You can't come down until you finish your scales."
3593,2102,4,15,69,88,1.2613636363636365,0.057130801409130204,614,Huh. I thought God played guitar.
607,2102,2,19,67,88,1.2613636363636365,0.05235897659372321,614,"While I AM in search of harmony, I could do without the melodies."
3314,2102,6,11,71,88,1.2613636363636365,0.06153368597245653,614,I knew you'd be here. Now let's go home.
5097,2102,2,19,67,88,1.2613636363636365,0.05235897659372321,614,"I don't care where, our roommate contract said no playing after 8 pm."
3528,2107,4,16,72,92,1.2608695652173914,0.055447545442538,614,Just letting you know we could tell it sucked from down there too.
3638,2107,3,18,71,92,1.2608695652173914,0.053249777017025594,614,Stop with the Beethoven! You'll cause a damned avalanche!
2335,2107,3,18,71,92,1.2608695652173914,0.053249777017025594,614,"I'm not familiar with 'Friends in Low Places', but I do remember when rock was young."
3923,2107,3,18,71,92,1.2608695652173914,0.053249777017025594,614,"um, did you reserve this camping site?"
4021,2107,3,18,71,92,1.2608695652173914,0.053249777017025594,614,Can you play a mitzvah this Sunday?
4413,2107,4,16,72,92,1.2608695652173914,0.055447545442538,614,You're my agent for heaven seeks. What do you mean that 'my career has plateaued?
6414,2107,3,18,71,92,1.2608695652173914,0.053249777017025594,614,"I'm sorry, we don't do Sittin on the Dock of the Bay."
5690,2107,4,16,72,92,1.2608695652173914,0.055447545442538,614,No.. I didn’t bring a rock to hold down the sheet music.
3758,2107,2,20,70,92,1.2608695652173914,0.05095730771070601,614,Did you bring the sheet music?
2957,2107,4,16,72,92,1.2608695652173914,0.055447545442538,614,"Keep it down, willya! That's the third avalanche this week!"
4797,2107,4,16,72,92,1.2608695652173914,0.055447545442538,614,Oh God so this is what you've been doing this whole time.
1501,2107,4,16,72,92,1.2608695652173914,0.055447545442538,614,"On the plus side, you've really nailed those high notes."
348,2107,4,16,72,92,1.2608695652173914,0.055447545442538,614,I don't play requests.
413,2107,3,18,71,92,1.2608695652173914,0.053249777017025594,614,"Play 'Sweet Mystery of Life, At Last I've Found You'."
601,2107,4,16,72,92,1.2608695652173914,0.055447545442538,614,Can you do Freebird?
630,2107,3,18,71,92,1.2608695652173914,0.053249777017025594,614,"Sorry for your trouble, but I don't take requests."
711,2107,7,10,75,92,1.2608695652173914,0.06157194917590659,614,I climbed this mountain to practice in peace and the neighbor still asking me to keep it down?!
1118,2107,3,18,71,92,1.2608695652173914,0.053249777017025594,614,"No, I don't know that one."
2414,2107,4,16,72,92,1.2608695652173914,0.055447545442538,614,I'm from Ace Van Lines. They said you needed help moving a piano.
5050,2107,3,18,71,92,1.2608695652173914,0.053249777017025594,614,I DID say learning it would be a journey.
1250,2127,2,21,73,96,1.2604166666666667,0.04965846438217077,614,Bad news. Nobody cares.
1729,2128,0,22,63,85,1.2588235294117647,0.04778846120374095,614,I heard you're in need of a piano tuning...
5138,2128,3,16,66,85,1.2588235294117647,0.055893408901902156,614,"Play it, Sam. Play ""Climb Every Mountain."" You played it for her; you can play it for me."
5799,2128,5,12,68,85,1.2588235294117647,0.060698412238798224,614,Finally. Next time I'm going with Grub hub.
3309,2128,1,20,64,85,1.2588235294117647,0.05063446522912414,614,How did I get on top of this mountain? Practice.
5185,2128,2,18,65,85,1.2588235294117647,0.053328801916575144,614,I need the directions to Carnegie hall
3046,2128,6,10,69,85,1.2588235294117647,0.06296355527707292,614,Are you OK? It looks like you’re decomposing.
2646,2128,1,20,64,85,1.2588235294117647,0.05063446522912414,614,The hot dog cart is on the other mountain.
4181,2135,3,17,69,89,1.2584269662921348,0.05425719471795436,614,"Alexa, play the sounds of nature."
3631,2135,4,15,70,89,1.2584269662921348,0.056561522199947825,614,"Please help me, I'm falling."
1561,2135,4,15,70,89,1.2584269662921348,0.056561522199947825,614,"I thought you were done touring, Sir Elton."
1611,2135,6,11,72,89,1.2584269662921348,0.06090920310923091,614,"It seems like I can't going climbing ANYWHERE without finding an old man, doing something obscure, anymore!"
1627,2135,4,15,70,89,1.2584269662921348,0.056561522199947825,614,Do you do bar mitzvahs?
1668,2135,2,19,68,89,1.2584269662921348,0.05185055991740916,614,"What, you were expecting Nirvana?"
1676,2135,2,19,68,89,1.2584269662921348,0.05185055991740916,614,"Yes, the piano is on Craig’s List but does not include shipping"
1858,2135,3,17,69,89,1.2584269662921348,0.05425719471795436,614,You're late for your lesson!
2066,2135,5,13,71,89,1.2584269662921348,0.058775576632546685,614,"No, I don't know 'How Long It Took Me to Climb Up Here,' but hum a few bars and I'll see if I can pick it up."
2504,2135,6,11,72,89,1.2584269662921348,0.06090920310923091,614,Can you play an't no mountain high enough to keep me from getting to you?
2673,2135,3,17,69,89,1.2584269662921348,0.05425719471795436,614,Got any toilet paper?
2900,2135,4,15,70,89,1.2584269662921348,0.056561522199947825,614,"I’m your piano tuner. Sorry, I took a wrong turn."
2935,2135,3,17,69,89,1.2584269662921348,0.05425719471795436,614,I found the lost chord
3088,2135,4,15,70,89,1.2584269662921348,0.056561522199947825,614,What ever inspired you to compose a sonata called the “Cliff Notes”?
3298,2135,5,13,71,89,1.2584269662921348,0.058775576632546685,614,"I'll play whatever you want, but please, don't ask for Climb Ev'ry Mountain!"
3401,2135,3,17,69,89,1.2584269662921348,0.05425719471795436,614,"I know I’m late, but please play it again, Sam."
3485,2135,6,11,72,89,1.2584269662921348,0.06090920310923091,614,"The key to life? Sure, I can play it for you."
3649,2135,4,15,70,89,1.2584269662921348,0.056561522199947825,614,Does Julie Andrews know about you?
2249,2135,3,17,69,89,1.2584269662921348,0.05425719471795436,614,That was a helluva major scale!
4452,2135,2,19,68,89,1.2584269662921348,0.05185055991740916,614,You really want an encore?
3697,2135,2,19,68,89,1.2584269662921348,0.05185055991740916,614,Hi. I’m with Resorts International...
6728,2135,4,15,70,89,1.2584269662921348,0.056561522199947825,614,I'm from the furniture movers. Been waiting long?
6543,2135,4,15,70,89,1.2584269662921348,0.056561522199947825,614,Can you play me a tune from the Alpine Symphony?
6487,2135,4,15,70,89,1.2584269662921348,0.056561522199947825,614,If you can’t tell me the meaning of life can you at least play “Like A Rolling Stone”?
6452,2135,3,17,69,89,1.2584269662921348,0.05425719471795436,614,I'm afraid you've reached a plateau.
6293,2135,0,23,66,89,1.2584269662921348,0.04666642619616896,614,"Not bad, but the bridge needs some work."
6113,2135,2,19,68,89,1.2584269662921348,0.05185055991740916,614,"Please, stay! I'll stop playing Chopsticks, I promise."
5993,2135,3,17,69,89,1.2584269662921348,0.05425719471795436,614,Hmm... A bit flat.
5929,2135,5,13,71,89,1.2584269662921348,0.058775576632546685,614,I miss the sound of one hand clapping.
5664,2135,4,15,70,89,1.2584269662921348,0.056561522199947825,614,"Finally, thank God. You've got one hour to tune it before the audience arrives."
5599,2135,3,17,69,89,1.2584269662921348,0.05425719471795436,614,"Oh, so it really is about the journey."
5540,2135,4,15,70,89,1.2584269662921348,0.056561522199947825,614,the sherpas told me they could have taken me higher had I played an accordion!
5477,2135,6,11,72,89,1.2584269662921348,0.06090920310923091,614,"Your music is near heavenly, but maybe you could reach a wider audience by just writing the story of how you got that piano up here."
5438,2135,4,15,70,89,1.2584269662921348,0.056561522199947825,614,"No, Mussorgsky ... you must know it!"
5420,2135,4,15,70,89,1.2584269662921348,0.056561522199947825,614,"Whatever you do, don't play me off."
5257,2135,3,17,69,89,1.2584269662921348,0.05425719471795436,614,How'd you fit all that in a backpack?
5180,2135,3,17,69,89,1.2584269662921348,0.05425719471795436,614,I guess you could say this is the peak of my career.
4881,2135,4,15,70,89,1.2584269662921348,0.056561522199947825,614,Sorry but guitar lessons are two hilltops to the west.
3747,2135,2,19,68,89,1.2584269662921348,0.05185055991740916,614,I'm sorry I am not taking requests at this time.
3904,2135,4,15,70,89,1.2584269662921348,0.056561522199947825,614,What happened? I came as fast as I could.
3912,2135,3,17,69,89,1.2584269662921348,0.05425719471795436,614,"Ready for our second lesson are we, John?"
3936,2135,4,15,70,89,1.2584269662921348,0.056561522199947825,614,That's it? Grandiose enlightenment?
3967,2135,5,13,71,89,1.2584269662921348,0.058775576632546685,614,"Say, do you know which one of these peaks the investment fund sage is on?"
3999,2135,5,13,71,89,1.2584269662921348,0.058775576632546685,614,"Hey, it’s Bill from Postmates. I’ve got your order."
3689,2135,4,15,70,89,1.2584269662921348,0.056561522199947825,614,I just can't seem to hit the high notes.
4036,2135,4,15,70,89,1.2584269662921348,0.056561522199947825,614,There. I've climbed every mountain. That would make you my dream.
4346,2135,6,11,72,89,1.2584269662921348,0.06090920310923091,614,I thought there was a stairway but now I see it is only a Steinway.
1553,2135,3,17,69,89,1.2584269662921348,0.05425719471795436,614,PETA sent me up here to rescue an old goat.
4592,2135,5,13,71,89,1.2584269662921348,0.058775576632546685,614,"No, I don't take requests, and no, I don't know 'Climb Every Mountain'."
4684,2135,4,15,70,89,1.2584269662921348,0.056561522199947825,614,Good news! - Amazon Prime has just expanded to your neighborhood!
4772,2135,2,19,68,89,1.2584269662921348,0.05185055991740916,614,"Greetings!"" ""I am the piano tuner; I seem to have forgotten my fork."
4818,2135,4,15,70,89,1.2584269662921348,0.056561522199947825,614,Today we'll be doing Tchaikovsky's 1812 Overture. Brother Ignatius is bringing the cannon.
4256,2135,2,19,68,89,1.2584269662921348,0.05185055991740916,614,If you’re not going to play I can really use some firewood.
1513,2135,3,17,69,89,1.2584269662921348,0.05425719471795436,614,"The fourth, the fifth, the minor fall and the major lift. Just give me a hand, here."
802,2135,4,15,70,89,1.2584269662921348,0.056561522199947825,614,I heard you need a piano tuner!
1418,2135,3,17,69,89,1.2584269662921348,0.05425719471795436,614,"Ah, so that was the ringing in my ears."
34,2135,6,11,72,89,1.2584269662921348,0.06090920310923091,614,John??? John from high school??? I sat behind you in Mrs. Anthony's!
43,2135,6,11,72,89,1.2584269662921348,0.06090920310923091,614,'It's never a good idea to practice too loudly when your neighbours are mountaineers.'
86,2135,2,19,68,89,1.2584269662921348,0.05185055991740916,614,"Your mother wants to know if you've practiced for 10,000 hours yet."
204,2135,4,15,70,89,1.2584269662921348,0.056561522199947825,614,I forgot the sheet music.
209,2135,3,17,69,89,1.2584269662921348,0.05425719471795436,614,They call me the J.D. Salinger of music
534,2135,0,23,66,89,1.2584269662921348,0.04666642619616896,614,I wish to live in a chord.
586,2135,5,13,71,89,1.2584269662921348,0.058775576632546685,614,What a grand view.
767,2135,2,19,68,89,1.2584269662921348,0.05185055991740916,614,I heard getting high boosts your creativity.
869,2135,5,13,71,89,1.2584269662921348,0.058775576632546685,614,This is the Grand Canyon??! Sweet!!
203,2135,4,15,70,89,1.2584269662921348,0.056561522199947825,614,The acoustics had better be good.
1483,2135,4,15,70,89,1.2584269662921348,0.056561522199947825,614,"Don't ask... my agent said it was the best venue to play while I was at ""peak performance."""
952,2135,5,13,71,89,1.2584269662921348,0.058775576632546685,614,I had enough of one hand clapping.
1190,2135,4,15,70,89,1.2584269662921348,0.056561522199947825,614,The camp set me to find out where that damn music was coming from
1203,2135,7,9,73,89,1.2584269662921348,0.0629705775605935,614,What do you mean it wasn't you playing Climb Every Mountain?
1213,2135,3,17,69,89,1.2584269662921348,0.05425719471795436,614,"Do you know ""Piano Man""?"
1355,2135,4,15,70,89,1.2584269662921348,0.056561522199947825,614,I dropped my tuning fork.
1376,2135,3,17,69,89,1.2584269662921348,0.05425719471795436,614,"You know Billy, there's no shame in retiring."
872,2135,5,13,71,89,1.2584269662921348,0.058775576632546685,614,I just hope you are the piano tuner. This thing sounds just awful.
1183,2209,3,18,72,93,1.2580645161290323,0.05274872249394527,614,"If you play that one again, Sam, I am going to throw you off that cliff!"
5969,2210,2,18,66,86,1.255813953488372,0.052790908597419986,614,Do you happen to have a tuning lever?
6227,2210,5,12,69,86,1.255813953488372,0.060063911495953054,614,"The hills are alive with the sound of... this, I guess."
301,2212,4,15,71,90,1.2555555555555555,0.056003190365495135,614,I was just following the Cliff Notes.
6317,2212,1,21,68,90,1.2555555555555555,0.048859939221226036,614,I'm your piano tuner..sorry to be late but the first two did not make it...
2523,2212,5,13,72,90,1.2555555555555555,0.058189734672459324,614,I said can you hear me OK down there.
2615,2212,3,17,70,90,1.2555555555555555,0.05372773437412524,614,"What do you mean, ""you're on a break""...."
2732,2212,3,17,70,90,1.2555555555555555,0.05372773437412524,614,"""I'm here for a guitar lesson, is that on the next floor?"
6094,2212,4,15,71,90,1.2555555555555555,0.056003190365495135,614,"No, a Bosendorfer is not the same as a Bechstein. I brought the wrong parts."
3308,2212,3,17,70,90,1.2555555555555555,0.05372773437412524,614,"Sorry you came such a long way, my name is Everett not Everest"
3449,2212,4,15,71,90,1.2555555555555555,0.056003190365495135,614,It's understandable that you feel you've plateaued.
3659,2212,5,13,72,90,1.2555555555555555,0.058189734672459324,614,I think I got it this time: “Every Good Boy Does Fine”. See you next week.
5105,2212,4,15,71,90,1.2555555555555555,0.056003190365495135,614,Finally! Do you know “Heart and Soul”?
1800,2212,1,21,68,90,1.2555555555555555,0.048859939221226036,614,"Sorry, wrong plateau. Beyoncé is one to the right and much further up."
5521,2212,4,15,71,90,1.2555555555555555,0.056003190365495135,614,Can't you play something a little less uplifting?
2980,2212,3,17,70,90,1.2555555555555555,0.05372773437412524,614,You're lucky you're such a good piano teacher.
4259,2212,3,17,70,90,1.2555555555555555,0.05372773437412524,614,I never dreamed I'd find a vintage Steinway for $500!
4874,2226,2,17,64,83,1.2530120481927711,0.05378250267948101,614,"Finally! ""Heart and Soul"" or ""Chopsticks""?"
1517,2226,2,17,64,83,1.2530120481927711,0.05378250267948101,614,would you keep it down?
4641,2228,2,18,67,87,1.2528735632183907,0.052263368795766554,614,Have you considered distance learning?
3512,2228,3,16,68,87,1.2528735632183907,0.05476100733408983,614,No consultations today. I’m feeling a bit decomposed at the moment.
3434,2228,3,16,68,87,1.2528735632183907,0.05476100733408983,614,Tuner here. Sorry I'm a little late; my GPS was down.
3299,2228,1,20,66,87,1.2528735632183907,0.04964022070378384,614,"So, you've had trouble finding a tuner?"
1538,2228,4,14,69,87,1.2528735632183907,0.05714959431707434,614,Have you considered a vow of silence?
2677,2228,7,8,72,87,1.2528735632183907,0.06378088075349839,614,Do you take requests? Because I have two.
6524,2228,4,14,69,87,1.2528735632183907,0.05714959431707434,614,Play Stairway!
2674,2228,6,10,71,87,1.2528735632183907,0.06164975704193851,614,Once more with feeling
2573,2228,2,18,67,87,1.2528735632183907,0.052263368795766554,614,Where's Julie Andrews?
2548,2228,3,16,68,87,1.2528735632183907,0.05476100733408983,614,"The lyric you are looking for is ""I get by with a little help from friends, ooh I get high with a little help from my friends"". Simple and catchy."
2372,2228,6,10,71,87,1.2528735632183907,0.06164975704193851,614,Could you please turn it down a bit?
2176,2228,2,18,67,87,1.2528735632183907,0.052263368795766554,614,I'm here as the attorney for the valley residents.
2160,2228,2,18,67,87,1.2528735632183907,0.052263368795766554,614,Could you play a little quieter please?
3312,2228,6,10,71,87,1.2528735632183907,0.06164975704193851,614,I only tune organs.
2099,2228,5,12,70,87,1.2528735632183907,0.05944227735348059,614,I'm sorry but there was just no way I could bring the drum set
3359,2228,3,16,68,87,1.2528735632183907,0.05476100733408983,614,I like your high notes
1974,2228,2,18,67,87,1.2528735632183907,0.052263368795766554,614,It's not the actual tuning of the piano that I dread. It's just that these tuning forks are so damned heavy!
1963,2228,6,10,71,87,1.2528735632183907,0.06164975704193851,614,You want the meaning of life? Can you hum a few bars?
1849,2228,2,18,67,87,1.2528735632183907,0.052263368795766554,614,"Not bad, but the pitch is a little high."
1823,2228,3,16,68,87,1.2528735632183907,0.05476100733408983,614,You better have brought the metronome.
1762,2228,2,18,67,87,1.2528735632183907,0.052263368795766554,614,My piece has reached its plateau.
1655,2228,2,18,67,87,1.2528735632183907,0.052263368795766554,614,Where should I park the truck?
1620,2228,3,16,68,87,1.2528735632183907,0.05476100733408983,614,I hope you're the tuner.
1564,2228,4,14,69,87,1.2528735632183907,0.05714959431707434,614,My spiritual guide called and said you needed a tuner.
3589,2228,5,12,70,87,1.2528735632183907,0.05944227735348059,614,"""Meaning of Life?"" Doesn't ring a bell, but if you hum a few bars..."
3794,2228,5,12,70,87,1.2528735632183907,0.05944227735348059,614,"The meaning of life? Hum a few bars, I’ll see if I know it."
3954,2228,6,10,71,87,1.2528735632183907,0.06164975704193851,614,I understand you're searching for the lost chord?
3254,2228,1,20,66,87,1.2528735632183907,0.04964022070378384,614,Did you get my request?
4686,2228,3,16,68,87,1.2528735632183907,0.05476100733408983,614,Am I too late?
4725,2228,4,14,69,87,1.2528735632183907,0.05714959431707434,614,"And on the eighth day, God reached a creative plateau."
4852,2228,2,18,67,87,1.2528735632183907,0.052263368795766554,614,The dueling pianos are two mountains north.
4859,2228,5,12,70,87,1.2528735632183907,0.05944227735348059,614,"“So, the high C is sticking?"
4985,2228,2,18,67,87,1.2528735632183907,0.052263368795766554,614,"If you hum a few bars of climb every mountain, I'll try to play it."
5081,2228,2,18,67,87,1.2528735632183907,0.052263368795766554,614,"So, you are finally here for our duet!"
4299,2228,3,16,68,87,1.2528735632183907,0.05476100733408983,614,All I'm saying is you could've helped a little.
5469,2228,4,14,69,87,1.2528735632183907,0.05714959431707434,614,"They call me the ""Clef-Hanger"". But, you can call me, Steve."
5585,2228,3,16,68,87,1.2528735632183907,0.05476100733408983,614,I hope you have some songs in your backpack -- I can't get sheet music delivered up here.
5643,2228,4,14,69,87,1.2528735632183907,0.05714959431707434,614,DID YOU CALL TO HAVE YOUR PIANO TUNED?
5686,2228,4,14,69,87,1.2528735632183907,0.05714959431707434,614,You made it! Now it's your turn.
4513,2228,2,18,67,87,1.2528735632183907,0.052263368795766554,614,Im sorry but we just don't do Steinways.
5860,2228,3,16,68,87,1.2528735632183907,0.05476100733408983,614,So you DON'T do requests?
6122,2228,3,16,68,87,1.2528735632183907,0.05476100733408983,614,"Whew, trying to find a close parking spot was really hard."
6178,2228,2,18,67,87,1.2528735632183907,0.052263368795766554,614,"Let me guess, Heaven and Earth Moving Company?"
6235,2228,5,12,70,87,1.2528735632183907,0.05944227735348059,614,"When they told me that the Piano Man was at the top, I was expecting Billy Joel."
6410,2228,2,18,67,87,1.2528735632183907,0.052263368795766554,614,I assume you saw the poster.
6415,2228,2,18,67,87,1.2528735632183907,0.052263368795766554,614,"Hey, you're littering."
4294,2228,2,18,67,87,1.2528735632183907,0.052263368795766554,614,"If you're the tuner, I want you to know I don't pay extra for travel."
4201,2228,4,14,69,87,1.2528735632183907,0.05714959431707434,614,And I thought they called it grand because of the view!
2780,2228,5,12,70,87,1.2528735632183907,0.05944227735348059,614,The rest of the band was wondering: When did you decide to go solo?
4130,2228,3,16,68,87,1.2528735632183907,0.05476100733408983,614,"I'll tell you right now , the altitude will affect the tuning."
4064,2228,2,18,67,87,1.2528735632183907,0.052263368795766554,614,Could you keep it down up here?
3984,2228,4,14,69,87,1.2528735632183907,0.05714959431707434,614,"Finally! The upper range is a little out of tune, the damper pedal sticks, and the voicing is off. Oh, and did you remember the breath mints?"
5953,2228,4,14,69,87,1.2528735632183907,0.05714959431707434,614,And you think your backpack is heavy...
1526,2228,2,18,67,87,1.2528735632183907,0.052263368795766554,614,I thought I heard music!
114,2228,4,14,69,87,1.2528735632183907,0.05714959431707434,614,"I'm sorry, a piano bar is not my idea of heaven."
1435,2228,4,14,69,87,1.2528735632183907,0.05714959431707434,614,Good thing you dont play a wind instrument.
3428,2228,3,16,68,87,1.2528735632183907,0.05476100733408983,614,Please sir..... Handel’s Water Music.
1514,2228,5,12,70,87,1.2528735632183907,0.05944227735348059,614,Did you call for a piano tuner?
56,2228,4,14,69,87,1.2528735632183907,0.05714959431707434,614,Are you the guy who sent for a piano tuner?
131,2228,4,14,69,87,1.2528735632183907,0.05714959431707434,614,"I realize your tuning appointment window was from 1987 to 2017, but the traffic was terrible."
514,2228,4,14,69,87,1.2528735632183907,0.05714959431707434,614,Maybe something other than the theme to Jaws would be appropriate?
516,2228,3,16,68,87,1.2528735632183907,0.05476100733408983,614,I'm here for my piano lesson.
597,2228,2,18,67,87,1.2528735632183907,0.052263368795766554,614,"Bach, is it you?"
671,2228,3,16,68,87,1.2528735632183907,0.05476100733408983,614,"Are you dreaming? Well, let me ask you, did you climb EVERY mountain?"
699,2228,4,14,69,87,1.2528735632183907,0.05714959431707434,614,Could you tell me how to get to Carnegie Hall?
311,2228,6,10,71,87,1.2528735632183907,0.06164975704193851,614,Everyone agreed you need a tune.
737,2228,3,16,68,87,1.2528735632183907,0.05476100733408983,614,""" There was a restaurant here a few weeks ago""."
1281,2228,2,18,67,87,1.2528735632183907,0.052263368795766554,614,Ready for your lesson?
1227,2228,5,12,70,87,1.2528735632183907,0.05944227735348059,614,I am not your father; but can you tune a piano?
1379,2228,3,16,68,87,1.2528735632183907,0.05476100733408983,614,You the guy needing a piano tuned?
906,2228,5,12,70,87,1.2528735632183907,0.05944227735348059,614,I've come to hear your peak performance tonight.
1208,2228,4,14,69,87,1.2528735632183907,0.05714959431707434,614,"Hello, I am from the peak next door. Do you mind keeping it down?"
5989,2300,5,13,73,91,1.2527472527472527,0.057615216823536305,614,"No, not that one. The other one."
3212,2301,4,13,67,84,1.25,0.05836508438405425,614,"Sorry, I've just got a harmonica."
3256,2301,4,13,67,84,1.25,0.05836508438405425,614,Was it a major scale?
6399,2301,3,15,66,84,1.25,0.05585357054399395,614,Too many high notes.
3404,2301,1,19,64,84,1.25,0.05045689127585228,614,Dont play it again Sam.
3424,2301,5,11,68,84,1.25,0.060772895338321996,614,Muse??? You’ve got to be kidding! The message I was given was you wanted NEWS. I’m from the Daily Chronicle.
3462,2301,6,9,69,84,1.25,0.06308887810420712,614,"I wanted to achieve a peak performance, but seems like I’ve been waiting decades for you to come tune the darn thing."
3641,2301,1,19,64,84,1.25,0.05045689127585228,614,"So, what's the key of life?"
6238,2301,4,13,67,84,1.25,0.05836508438405425,614,God does not play dice. He is a piano man.
6319,2301,4,13,67,84,1.25,0.05836508438405425,614,Are you the piano tuner from Kathmandu?
6133,2301,2,18,68,88,1.25,0.051745902770176135,614,Is middle C the key to life?
6202,2301,3,15,66,84,1.25,0.05585357054399395,614,You say its out of tune. Grand!
6272,2301,2,18,68,88,1.25,0.051745902770176135,614,I thought I heard some Mussorgsky up here.
3669,2301,3,15,66,84,1.25,0.05585357054399395,614,"""Climb every mountain, again?"" Isn't there another song I could play for you?"
3207,2301,5,11,68,84,1.25,0.060772895338321996,614,It's nine o'clock on a Saturday The regular crowd shuffles in...
2851,2301,2,17,65,84,1.25,0.05322367527583983,614,I could hear the wobbly B flat from base camp!
3142,2301,3,15,66,84,1.25,0.05585357054399395,614,How long have you been decomposing?
6490,2301,4,13,67,84,1.25,0.05836508438405425,614,"Yes son, you best b sharp, lest you b flat."
2156,2301,5,11,68,84,1.25,0.060772895338321996,614,Seriously? It's after 10pm!
2161,2301,1,19,64,84,1.25,0.05045689127585228,614,At last! I've come to deliver your streaming revenue.
2162,2301,5,11,68,84,1.25,0.060772895338321996,614,Next time there’ll be a travel surcharge to tune the piano.
2165,2301,5,11,68,84,1.25,0.060772895338321996,614,I decided the commandments needed a sing-along.
2348,2301,3,15,66,84,1.25,0.05585357054399395,614,"As your publicist, I think it's time to admit that prolonged exposure to solitude and altitude has not overcome your ""Composer's Block""."
6421,2301,4,13,67,84,1.25,0.05836508438405425,614,"They are not budging, the Tetons want their piano back"
2697,2301,2,17,65,84,1.25,0.05322367527583983,614,"Do you know, "" I'm sitting on top of the world?"
2730,2301,1,19,64,84,1.25,0.05045689127585228,614,You're really hitting the high notes
5962,2301,4,13,67,84,1.25,0.05836508438405425,614,I suggest you read the small print in your Amazon Prime agreement.
2888,2301,2,18,68,88,1.25,0.051745902770176135,614,People are complaining that the hills aren’t so alive anymore
2889,2301,3,15,66,84,1.25,0.05585357054399395,614,Are you the guy at 226 Himalayan Way who wanted a piano tuner?
3025,2301,5,11,68,84,1.25,0.060772895338321996,614,They said you are searching for the lost cord. You may find it a bit lower down.
3067,2301,6,9,69,84,1.25,0.06308887810420712,614,You missed the recital.
3123,2301,4,13,67,84,1.25,0.05836508438405425,614,Have you practiced for your lesson this week?
3169,2301,4,13,67,84,1.25,0.05836508438405425,614,My way - or the Steinway.
5906,2301,1,19,64,84,1.25,0.05045689127585228,614,They sent me up to tell you to stop playing Heart and Soul.
3670,2301,5,11,68,84,1.25,0.060772895338321996,614,"Please tell me you're a piano tuner. I can't play a single chord of ""Misty"" anymore. Look at me, I'm as helpless as a kitten up a tree."
5794,2301,3,15,66,84,1.25,0.05585357054399395,614,"Believe me, reaching a plateau, isn't all that it's cracked up to be."
4544,2301,2,17,65,84,1.25,0.05322367527583983,614,"Thank God you're here, the F key is out of tune."
4418,2301,2,17,65,84,1.25,0.05322367527583983,614,"Yes, you've reached the heights of my creativity."
4288,2301,5,11,68,84,1.25,0.060772895338321996,614,It's a butte!
4236,2301,4,14,70,88,1.25,0.056569466085583144,614,Kathmandu wants you to keep it down up here.
4231,2301,1,19,64,84,1.25,0.05045689127585228,614,Don't tell me: You've been trying to master this piece 'because it was there.'
4109,2301,5,11,68,84,1.25,0.060772895338321996,614,Did you bring the drum machine?
4550,2301,2,17,65,84,1.25,0.05322367527583983,614,Do you know up up and away??
3993,2301,2,17,65,84,1.25,0.05322367527583983,614,You schedule a tuning for today?
2000,2301,4,13,67,84,1.25,0.05836508438405425,614,I found the lost chord
3736,2301,3,15,66,84,1.25,0.05585357054399395,614,Yes! I've got the words!
3986,2301,5,11,68,84,1.25,0.060772895338321996,614,It was at that point he knew his piano playing skills had plateaued.
3767,2301,2,17,65,84,1.25,0.05322367527583983,614,"Sorry, I don't know ""Misty"
3845,2301,2,17,65,84,1.25,0.05322367527583983,614,Still trying to play Beethoven? Me too.
3795,2301,5,11,68,84,1.25,0.060772895338321996,614,Welcome Bach.
3992,2301,4,13,67,84,1.25,0.05836508438405425,614,Moses! He said “Part the Red Sea” not “Play it in C!”
5878,2301,4,13,67,84,1.25,0.05836508438405425,614,"Wow.., what a way to ruin a person's sense of accomplishment.."
4610,2301,1,19,64,84,1.25,0.05045689127585228,614,You’ve got a grand view at least.
4827,2301,3,15,66,84,1.25,0.05585357054399395,614,I hope you're not working for tips.
5751,2301,3,15,66,84,1.25,0.05585357054399395,614,The rest of your fans weren't able to make it.
5691,2301,5,11,68,84,1.25,0.060772895338321996,614,"Sorry, I don't know Free Bird."
5663,2301,4,13,67,84,1.25,0.05836508438405425,614,Show-off.
5658,2301,5,11,68,84,1.25,0.060772895338321996,614,Mom said you'd be here.
5574,2301,4,13,67,84,1.25,0.05836508438405425,614,So this is where department store pianists went after the nineties.
5543,2301,3,15,66,84,1.25,0.05585357054399395,614,"Now you're flat, but there's a mountain in the next range that I think is the perfect pitch."
4739,2301,3,15,66,84,1.25,0.05585357054399395,614,You're finally here. It's so hard to find a piano tuner these days.
5493,2301,3,15,66,84,1.25,0.05585357054399395,614,Could you please keep the noise down a bit?
5473,2301,4,13,67,84,1.25,0.05836508438405425,614,What do you mean the Jazz Trio is on the next mountain top??
5090,2301,2,17,65,84,1.25,0.05322367527583983,614,"On second thought, I'd rather have the piano on the ground floor. Would you mind taking it down for me?"
5052,2301,3,15,66,84,1.25,0.05585357054399395,614,Take a number.
5010,2301,4,13,67,84,1.25,0.05836508438405425,614,"""Meaning of life?"" No clue. ""Key to life?"" I'm your guy."
4966,2301,2,18,68,88,1.25,0.051745902770176135,614,My apologies but I was delayed at a lower altitude by a string quartet!
4842,2301,2,17,65,84,1.25,0.05322367527583983,614,Can you turn it down?
5490,2301,3,15,66,84,1.25,0.05585357054399395,614,Congratulations. You've reached the Classical Age of Enlightenment.
1977,2301,6,9,69,84,1.25,0.06308887810420712,614,Mom says dinner's getting cold...
6677,2301,4,13,67,84,1.25,0.05836508438405425,614,How have you never heard of it? It's a pretty famous Marvin Gaye song.
1793,2301,3,15,66,84,1.25,0.05585357054399395,614,The hills are alive with the sound of you being flat.
1911,2301,3,15,66,84,1.25,0.05585357054399395,614,"Could you keep playing while I climb down, just for dramatic effect."
33,2301,0,21,63,84,1.25,0.04752931878933584,614,How about Piano Man?
194,2301,4,13,67,84,1.25,0.05836508438405425,614,I suppose it would be out of the question to ask if you just happened to have a tuning fork?
228,2301,4,13,67,84,1.25,0.05836508438405425,614,So where do you draw inspiration from?
243,2301,4,13,67,84,1.25,0.05836508438405425,614,Mom says come home and give techno another try.
328,2301,2,17,65,84,1.25,0.05322367527583983,614,The village is bored with classical - they want contemporary jazz.
344,2301,4,13,67,84,1.25,0.05836508438405425,614,I'm sorry. I just sold this one two minutes ago. Would you care to browse our sandal clearance section instead?
443,2301,3,15,66,84,1.25,0.05585357054399395,614,"Well you used to rock, but it feels like your career's plateaued."
637,2301,3,15,66,84,1.25,0.05585357054399395,614,Did I miss my cue?
725,2301,3,15,66,84,1.25,0.05585357054399395,614,"Schoerder, you have aged well and your piano has really grown!"
780,2301,3,15,66,84,1.25,0.05585357054399395,614,"No I don't know ""Rocky Mountain High,"" but if you hum a few bars I can fake it."
929,2301,4,13,67,84,1.25,0.05836508438405425,614,A lovely composition but the end left me hangin
937,2301,2,17,65,84,1.25,0.05322367527583983,614,Is there an encore?
955,2301,4,14,70,88,1.25,0.056569466085583144,614,The piece has a nice melody but could use more atmosphere.
6722,2301,7,7,70,84,1.25,0.06532280056069527,614,I couldn't find you on Spotify.
1006,2301,3,15,66,84,1.25,0.05585357054399395,614,"I'm sorry, your ticket was only good for yesterday's performance."
1034,2301,4,13,67,84,1.25,0.05836508438405425,614,Enough classical! Play On Top of Old Smokey.
1041,2301,2,17,65,84,1.25,0.05322367527583983,614,Chopsticks? That's all you've got?
1050,2301,5,11,68,84,1.25,0.060772895338321996,614,"Good news: we found the lost chord .... the bad news, it’s now owned by Facebook."
1093,2301,3,15,66,84,1.25,0.05585357054399395,614,I was told you have the key
1196,2301,2,17,65,84,1.25,0.05322367527583983,614,I hear you're looking for a lyricist.
1283,2301,6,9,69,84,1.25,0.06308887810420712,614,Play something I can yodel
1741,2301,3,16,69,88,1.25,0.05421135926495693,614,I can pay you in exposure.
1447,2301,4,13,67,84,1.25,0.05836508438405425,614,"Scale it again, Sam!"
1641,2301,2,17,65,84,1.25,0.05322367527583983,614,Do you know how much I paid for this on Ticketmaster?
1711,2301,3,15,66,84,1.25,0.05585357054399395,614,You're a little flat.
1721,2301,3,16,69,88,1.25,0.05421135926495693,614,"anyway, here's wonderwall"
990,2301,2,17,65,84,1.25,0.05322367527583983,614,What key?
4602,2400,5,12,72,89,1.247191011235955,0.05823611478692686,614,It's a longer way to the top if you want to rock 'n' roll.
2959,2400,3,16,70,89,1.247191011235955,0.05367233771366558,614,Next time you'll have to tune it yourself.
6296,2400,3,16,70,89,1.247191011235955,0.05367233771366558,614,"So, there aren't eighty-eight keys to happiness?"
6091,2400,4,14,71,89,1.247191011235955,0.0560007361609019,614,I left my tuning fork at basecamp
4727,2400,3,16,70,89,1.247191011235955,0.05367233771366558,614,I need to talk about our weekly lessons.
4136,2400,1,20,68,89,1.247191011235955,0.048682590377088754,614,Quite a journey. How long since the last tune-up?
3982,2406,8,5,72,85,1.2470588235294118,0.06674900171924474,614,Dr. Beethoven I presume...
3985,2406,3,15,67,85,1.2470588235294118,0.05527086941984991,614,"Long time, no ""c""."
3941,2406,2,17,66,85,1.2470588235294118,0.05267596189542411,614,"I hate to complain about your music, but every time you play a pianissimo, I have to climb up here to hear you."
3294,2406,2,17,66,85,1.2470588235294118,0.05267596189542411,614,"I'll take it from here. ""Unfinished"" is not an option."
3666,2406,1,19,65,85,1.2470588235294118,0.049946420460231636,614,You REALLY don't take requests??
3613,2406,3,15,67,85,1.2470588235294118,0.05527086941984991,614,The tuner ran off with the sherpa.
3549,2406,5,11,69,85,1.2470588235294118,0.060125644246543875,614,Do you have a second to talk about our lord and savior?
1295,2406,2,17,66,85,1.2470588235294118,0.05267596189542411,614,Do you mind keeping it down?
2203,2406,2,17,66,85,1.2470588235294118,0.05267596189542411,614,Still having trouble with those high notes?
3138,2406,3,15,67,85,1.2470588235294118,0.05527086941984991,614,"I hate to introduce myself like this, but I'm from the village over there. You mind keeping the noise down in the mornings?"
3041,2406,4,13,68,85,1.2470588235294118,0.05774929481166006,614,Steinway or Yamaha?
2690,2406,5,11,69,85,1.2470588235294118,0.060125644246543875,614,"Oh good, I just used my last hammerklavier."
2440,2406,1,19,65,85,1.2470588235294118,0.049946420460231636,614,"So, you’re telling me that ‘free solo’ is not just climbing without ropes, but, in fact, an actual free solo?"
1360,2406,3,15,67,85,1.2470588235294118,0.05527086941984991,614,That's what I call a solo.
1861,2406,3,15,67,85,1.2470588235294118,0.05527086941984991,614,I've got one free hand. Do you want to hear it clapping?
1803,2406,2,17,66,85,1.2470588235294118,0.05267596189542411,614,You really should try playing lower.
1573,2406,4,13,68,85,1.2470588235294118,0.05774929481166006,614,You're just in time. Daniel's traveling tonight on a plane.
1494,2406,3,15,67,85,1.2470588235294118,0.05527086941984991,614,I only play rock music.
3234,2406,2,17,66,85,1.2470588235294118,0.05267596189542411,614,"Funny, I thought I was hearing piano music because I was getting close to heaven."
4096,2406,2,17,66,85,1.2470588235294118,0.05267596189542411,614,"Colonel Von Trapp, how DO you solve a problem like Maria?"
5439,2406,2,17,66,85,1.2470588235294118,0.05267596189542411,614,Wow. your musical career has really plateaued.
4143,2406,4,13,68,85,1.2470588235294118,0.05774929481166006,614,Whew! This is one Grand view!
473,2406,3,15,67,85,1.2470588235294118,0.05527086941984991,614,My ex-girlfriend gave me a Groupon for beginner piano lessons...is that still valid?
524,2406,4,13,68,85,1.2470588235294118,0.05774929481166006,614,Are you the one who requested a piano tuner?
560,2406,3,15,67,85,1.2470588235294118,0.05527086941984991,614,I could use a whole rest right about now.
577,2406,5,11,69,85,1.2470588235294118,0.060125644246543875,614,You'll learn fast; it's less dense here.
6716,2406,3,15,67,85,1.2470588235294118,0.05527086941984991,614,I'm the only one who signed up for the ultimate cross-fit?
1030,2406,1,19,65,85,1.2470588235294118,0.049946420460231636,614,"Before I ask for advice, please tell me you numbered the pages."
6704,2406,4,13,68,85,1.2470588235294118,0.05774929481166006,614,"Welp, there truly ain't no mountain high enough."
6526,2406,6,9,70,85,1.2470588235294118,0.0624115785802593,614,But all YOU had to remember was the key to open the lid on the keyboard
6508,2406,2,17,66,85,1.2470588235294118,0.05267596189542411,614,"You're the most qualified candidate available, so he'll ban nearby fracking if you'll take over the EPA."
4132,2406,2,17,66,85,1.2470588235294118,0.05267596189542411,614,I can't wait for drone delivery!
6450,2406,3,15,67,85,1.2470588235294118,0.05527086941984991,614,"Would you play a few bars of ""Climb Every Mountain""?"
6168,2406,0,21,64,85,1.2470588235294118,0.047058823529411764,614,"So, are lessons a two for one deal?"
6070,2406,2,17,66,85,1.2470588235294118,0.05267596189542411,614,Do I look like a piano tuner?
6064,2406,1,19,65,85,1.2470588235294118,0.049946420460231636,614,"Nice shoes, how did you get them up here?"
6017,2406,2,17,66,85,1.2470588235294118,0.05267596189542411,614,Heavenly music isn't real?
1100,2406,4,13,68,85,1.2470588235294118,0.05774929481166006,614,Do you take requests? I'd like to end on a high note.
4612,2406,5,11,69,85,1.2470588235294118,0.060125644246543875,614,"Do you know if there is shelter up here?"" ""I'm not sure, but if you hum a few bars..."
4388,2406,2,17,66,85,1.2470588235294118,0.05267596189542411,614,"You don’t really care for music, do ya?"
4334,2406,4,13,68,85,1.2470588235294118,0.05774929481166006,614,I’m with “Any God Forsaken Place on Earth Piano Tuners”. Now give me a chord in G minor while I sob uncontrollably.
4265,2406,5,11,69,85,1.2470588235294118,0.060125644246543875,614,"Dad, if you would just consider getting the upright I think she would take you back"
6212,2406,5,11,69,85,1.2470588235294118,0.060125644246543875,614,"Oh, hey Bill. Why the long face, the altitude giving you treble?"
6455,2406,5,11,69,85,1.2470588235294118,0.060125644246543875,614,The last mountain to scale is stage fright.
6611,2406,3,15,67,85,1.2470588235294118,0.05527086941984991,614,The neighborhood association sent me. You've really got to keep it down.
5223,2451,3,14,64,81,1.2469135802469136,0.0570111105630559,614,"Let me guess, Siri took over your old job."
6673,2452,2,18,70,90,1.2444444444444445,0.050740118035977194,614,Next time you need your piano tuned call somebody else!
5755,2453,3,15,68,86,1.244186046511628,0.05469989386602394,614,My wife is around the corner. Can you play 'She'll Be Coming 'Round the Mountain?'
3674,2453,2,17,67,86,1.244186046511628,0.0521390504107696,614,"Listen, I know we’re called Upstate Piano Tuning but this is ridiculous!"
3562,2453,3,15,68,86,1.244186046511628,0.05469989386602394,614,"Can you play ""Aint No Mountain High Enough"" in D Major?"
2263,2453,3,15,68,86,1.244186046511628,0.05469989386602394,614,"I know you are taking a break from social media to finish your opus, but your high school friend, Sam, really wanted you to see his new lawn mower."
1884,2453,3,15,68,86,1.244186046511628,0.05469989386602394,614,Treble clef?
1511,2453,2,17,67,86,1.244186046511628,0.0521390504107696,614,Any chance you have the WiFi password?
6745,2459,3,14,65,82,1.2439024390243902,0.05639201096662551,614,I'm sorry. We have seven other requests before yours.
3307,2459,4,12,66,82,1.2439024390243902,0.05900146627934212,614,"This is the last batch of scores for your Unfinished Symphony, just FYI."
6738,2459,1,18,63,82,1.2439024390243902,0.050772341450393485,614,The critics really slammed me after the last couple of avalanches.
6730,2459,4,12,66,82,1.2439024390243902,0.05900146627934212,614,You're late. You missed my peak performance.
3205,2459,4,12,66,82,1.2439024390243902,0.05900146627934212,614,Sorry buddy. I've already hit the highest note.
6699,2459,5,10,67,82,1.2439024390243902,0.06150030199409332,614,Is this the famous Stein Way?
6698,2459,3,14,65,82,1.2439024390243902,0.05639201096662551,614,Stuck? I've reached a plateau!
6694,2459,3,14,65,82,1.2439024390243902,0.05639201096662551,614,The rest of the orchestra is stuck in traffic.
6690,2459,4,12,66,82,1.2439024390243902,0.05900146627934212,614,"I've been waiting so long, anyway the acoustics are terrible."
6601,2459,3,14,65,82,1.2439024390243902,0.05639201096662551,614,Debussy right now?
3166,2459,4,12,66,82,1.2439024390243902,0.05900146627934212,614,Welcome to purgatory...
3124,2459,2,16,64,82,1.2439024390243902,0.053655799114426375,614,What -- you want to know how to get to Carnegie Hall?
3118,2459,2,16,64,82,1.2439024390243902,0.053655799114426375,614,Didn’t you get my note?
3068,2459,4,12,66,82,1.2439024390243902,0.05900146627934212,614,Know any show tunes?
1599,2459,3,14,65,82,1.2439024390243902,0.05639201096662551,614,Will you tune that damned middle-C already?
1682,2459,4,12,66,82,1.2439024390243902,0.05900146627934212,614,Can you direct me to the Clavichord Class?
1771,2459,3,14,65,82,1.2439024390243902,0.05639201096662551,614,"Sorry, but Mohammad is two mountains over."
1886,2459,3,14,65,82,1.2439024390243902,0.05639201096662551,614,"Ok, how about Melancholy Baby?"
2109,2459,3,14,65,82,1.2439024390243902,0.05639201096662551,614,"Speaking for the village down in the valley, please either stop plinking away after nine at night or take lessons."
2114,2459,6,8,68,82,1.2439024390243902,0.06390149659919564,614,The key to life is 'G'.
2167,2459,2,16,64,82,1.2439024390243902,0.053655799114426375,614,Oh no! Did I miss the overture again?
2314,2459,3,14,65,82,1.2439024390243902,0.05639201096662551,614,"Oh God, I forgot my tuning fork!"
6583,2459,4,12,66,82,1.2439024390243902,0.05900146627934212,614,Never found the key?
2353,2459,3,14,65,82,1.2439024390243902,0.05639201096662551,614,Do you have the time?
2487,2459,3,14,65,82,1.2439024390243902,0.05639201096662551,614,This isn't what I envisioned my peak performance to be.
2617,2459,1,18,63,82,1.2439024390243902,0.050772341450393485,614,"Yeah, sorry.... the gurus down the way wondered if you could keep it down a bit?"
2714,2459,2,16,64,82,1.2439024390243902,0.053655799114426375,614,What happened to the guy who used to yodel up here?
2802,2459,2,16,64,82,1.2439024390243902,0.053655799114426375,614,'Climb Every Mountain' yet?
2870,2459,2,16,64,82,1.2439024390243902,0.053655799114426375,614,I’m the piano tuner you called for.
2896,2459,2,16,64,82,1.2439024390243902,0.053655799114426375,614,So I heard you need a piano tuner?
3014,2459,3,14,65,82,1.2439024390243902,0.05639201096662551,614,And I thought going to see you in the Hamptons was a hassle.
3038,2459,4,12,66,82,1.2439024390243902,0.05900146627934212,614,Don't ask ME to carry that damn thing down!!!
2442,2459,5,10,67,82,1.2439024390243902,0.06150030199409332,614,Melan...”(wheeze) “choly...” (wheeze) “baby...?
6558,2459,4,12,66,82,1.2439024390243902,0.05900146627934212,614,"Knock, knock."" ""Who's there?"" ""The tuna."
6443,2459,3,14,65,82,1.2439024390243902,0.05639201096662551,614,Your middle C is a touch flat.
6435,2459,2,16,64,82,1.2439024390243902,0.053655799114426375,614,"Can I turn on, tune in and drop out with you?"
4983,2459,4,12,66,82,1.2439024390243902,0.05900146627934212,614,"Now that you know the true meaning of a major scale, you may progress to playing one."
4981,2459,3,14,65,82,1.2439024390243902,0.05639201096662551,614,I'm back. Still couldn't find any of our friends who would help move the piano.
4961,2459,1,18,63,82,1.2439024390243902,0.050772341450393485,614,"""I can see that you absolutely hold the keys to enlightenment!"
4846,2459,4,12,66,82,1.2439024390243902,0.05900146627934212,614,The people down in the valley are asking you to ditch the serialism.
4793,2459,3,14,65,82,1.2439024390243902,0.05639201096662551,614,Have I missed anything?
4558,2459,3,14,65,82,1.2439024390243902,0.05639201096662551,614,"I heard your work on the internet, and I just wanted to say I didn’t like it."
4545,2459,5,10,67,82,1.2439024390243902,0.06150030199409332,614,Why not just name it “Unfinished”?
4539,2459,3,14,65,82,1.2439024390243902,0.05639201096662551,614,I'm from the elevator company. We have a proposition.
4996,2459,2,16,64,82,1.2439024390243902,0.053655799114426375,614,You’re telling me it’s unwise to overpack?
3213,2459,4,12,66,82,1.2439024390243902,0.05900146627934212,614,"Just as I tweeted, the view is simply grand."
4056,2459,2,16,64,82,1.2439024390243902,0.053655799114426375,614,You're not Elton John!
4044,2459,0,20,62,82,1.2439024390243902,0.047714950844604365,614,"What do you mean, it's not out of tune?"
3981,2459,1,18,63,82,1.2439024390243902,0.050772341450393485,614,"Dad requested I play ""Far, Far Away."" I sure showed him."
3951,2459,4,12,66,82,1.2439024390243902,0.05900146627934212,614,"I heard you do a wonderful rendition of ""I'm a Believer."""
3816,2459,3,14,65,82,1.2439024390243902,0.05639201096662551,614,When does the bar open?
3501,2459,2,16,64,82,1.2439024390243902,0.053655799114426375,614,"Honestly, some people will do anything for attention."
3493,2459,3,14,65,82,1.2439024390243902,0.05639201096662551,614,"When you said your music had hit a plateau, I was not expecting this."
3347,2459,4,12,66,82,1.2439024390243902,0.05900146627934212,614,Do you know any other songs?
4449,2459,2,16,64,82,1.2439024390243902,0.053655799114426375,614,A page-turning cliff-hanger.
3278,2459,2,16,64,82,1.2439024390243902,0.053655799114426375,614,Climb EVERY mountain?
5063,2459,2,16,64,82,1.2439024390243902,0.053655799114426375,614,Wow! Everything here really is Grand
5070,2459,4,12,66,82,1.2439024390243902,0.05900146627934212,614,"It’s an easy scale. Tough taking it back down, though."
6348,2459,1,18,63,82,1.2439024390243902,0.050772341450393485,614,I’m here for the piano lessons.
6266,2459,3,14,65,82,1.2439024390243902,0.05639201096662551,614,Is this the Tip Top lounge?
6264,2459,2,16,64,82,1.2439024390243902,0.053655799114426375,614,"You wouldn't happen to be a piano tuner, would you?"
6216,2459,4,12,66,82,1.2439024390243902,0.05900146627934212,614,"Sorry Brian, the concert hall needs its piano back tomorrow."
6131,2459,4,12,66,82,1.2439024390243902,0.05900146627934212,614,"So, is it PEEanist or peeANNist?"
5992,2459,2,16,64,82,1.2439024390243902,0.053655799114426375,614,I am going to have my trail mix. Can you play a little light dinner music?
5938,2459,2,16,64,82,1.2439024390243902,0.053655799114426375,614,"So, you're telling me there's an app for this now?"
5847,2459,1,18,63,82,1.2439024390243902,0.050772341450393485,614,You here to tune?
5068,2459,3,14,65,82,1.2439024390243902,0.05639201096662551,614,"God, we get it already! Anyone can pick up the piano at an advanced age. Now cut that racket out."
5747,2459,4,12,66,82,1.2439024390243902,0.05900146627934212,614,"You're 42 years late for your piano lesson, Jeffrey."
5558,2459,4,12,66,82,1.2439024390243902,0.05900146627934212,614,Finely. The tuning fork has arrived.
5498,2459,3,14,65,82,1.2439024390243902,0.05639201096662551,614,What is the meaning of Chopin's etudes? I thought you'd never come.
5467,2459,5,10,67,82,1.2439024390243902,0.06150030199409332,614,"How about a rendition of ""Climb Every Mountain""?"
5315,2459,5,10,67,82,1.2439024390243902,0.06150030199409332,614,Is it 9 o'clock on a Saturday?
5301,2459,1,18,63,82,1.2439024390243902,0.050772341450393485,614,"At least tell me you know how to play ""We are the Champions"""
5261,2459,4,12,66,82,1.2439024390243902,0.05900146627934212,614,Nope. Sorry. No bench.
5202,2459,5,10,67,82,1.2439024390243902,0.06150030199409332,614,You look like the man who can tell me what Diddy Wah Diddy means.
5123,2459,2,16,64,82,1.2439024390243902,0.053655799114426375,614,Chopsticks? Really?
5654,2459,4,12,66,82,1.2439024390243902,0.05900146627934212,614,"So the sound of one hand clapping just doesn’t cut it, does it?"
1589,2459,3,14,65,82,1.2439024390243902,0.05639201096662551,614,The donor wants to know whether he’ll get to hear his symphony in this world or the next?
1962,2459,3,14,65,82,1.2439024390243902,0.05639201096662551,614,"""Sure, I can play ""Ain't No Mountain High Enough""'"
403,2459,2,16,64,82,1.2439024390243902,0.053655799114426375,614,Did you say you could teach me to scale or two scales?
314,2459,6,8,68,82,1.2439024390243902,0.06390149659919564,614,"Yup, I have my cello on my back."
47,2459,4,12,66,82,1.2439024390243902,0.05900146627934212,614,"Aw, no...what happened to the restaurant? I was just here last year!"
416,2459,4,12,66,82,1.2439024390243902,0.05900146627934212,614,"Practice, practice, practice...and a flat rate moving company."
417,2459,4,12,66,82,1.2439024390243902,0.05900146627934212,614,I thought I would take music to new heights.
466,2459,4,12,66,82,1.2439024390243902,0.05900146627934212,614,How do you get to Carnegie Hall?
470,2459,3,14,65,82,1.2439024390243902,0.05639201096662551,614,Are you here for the rock concert?
476,2459,4,12,66,82,1.2439024390243902,0.05900146627934212,614,Would you believe I forgot my piano tuning equipment?
632,2459,3,14,65,82,1.2439024390243902,0.05639201096662551,614,"Bill, I believe this is killing me."
883,2459,3,14,65,82,1.2439024390243902,0.05639201096662551,614,Is this the 'Sound of Music' auditions ?
104,2459,4,12,66,82,1.2439024390243902,0.05900146627934212,614,"I do take requests, but I don't like that song."
938,2459,2,16,64,82,1.2439024390243902,0.053655799114426375,614,Would have been easier to catch me at the Garden.
1145,2459,6,8,68,82,1.2439024390243902,0.06390149659919564,614,"I'm on the top of the world, sitting on a rainbow- come on, play!"
1270,2459,2,16,64,82,1.2439024390243902,0.053655799114426375,614,Better to go Ford Every Stream !
1273,2459,5,10,67,82,1.2439024390243902,0.06150030199409332,614,I don't do requests.
1362,2459,4,12,66,82,1.2439024390243902,0.05900146627934212,614,How 'bout Melancholy Baby?
1555,2459,3,14,65,82,1.2439024390243902,0.05639201096662551,614,"If you came to me to put bread in my jar and ask what am I doing here, it is a long story."
1383,2459,3,14,65,82,1.2439024390243902,0.05639201096662551,614,"Excuse me, is this the Peak of Your Career?"
1474,2459,4,12,66,82,1.2439024390243902,0.05900146627934212,614,Base Camp One is wondering if you could play a little quieter.
1485,2459,3,14,65,82,1.2439024390243902,0.05639201096662551,614,No you can't change the lyrics.
1491,2459,3,14,65,82,1.2439024390243902,0.05639201096662551,614,Wait'll I tell the guys where I found you. What a night.
1044,2459,4,12,66,82,1.2439024390243902,0.05900146627934212,614,You better C sharp or you'll B flat!
77,2459,2,16,64,82,1.2439024390243902,0.053655799114426375,614,Do you know 'Climb Every Mountain'?
2621,2561,5,7,58,70,1.2428571428571429,0.06881341016484527,614,"Unless you have a candelabra in that backpack, you wasted your time."
1983,2562,4,6,48,58,1.2413793103448276,0.07504926725275983,614,Is that really the way to Carnegie Hall?
2324,2563,3,14,66,83,1.2409638554216869,0.055785896507344584,614,Finally! I've been waiting for a page turner for eighty-seven years.
2975,2563,0,20,63,83,1.2409638554216869,0.0472280760598726,614,"I'm sorry, I only know 'Chopsticks'"
3508,2563,4,12,67,83,1.2409638554216869,0.058360299942670876,614,Suzuki?
3550,2563,4,12,67,83,1.2409638554216869,0.058360299942670876,614,What sort of a duet?
3892,2563,4,12,67,83,1.2409638554216869,0.058360299942670876,614,I heard you take requests.
4129,2563,3,14,66,83,1.2409638554216869,0.055785896507344584,614,No one cares if it's unfinished. Just give me whatever you have of the symphony.
2299,2563,5,10,68,83,1.2409638554216869,0.060825841298488094,614,"If you can pay to move it, it’s yours for free."
4153,2563,3,14,66,83,1.2409638554216869,0.055785896507344584,614,How about a little Hoagy Carmichael?
4694,2563,1,18,64,83,1.2409638554216869,0.05024290525623953,614,Did I miss it?
4718,2563,4,12,67,83,1.2409638554216869,0.058360299942670876,614,"That was fun! For the way down, would you play 'Night On Bald Mountain'?"
4839,2563,3,14,66,83,1.2409638554216869,0.055785896507344584,614,"Try another mountain, this one's taken."
5038,2563,4,12,67,83,1.2409638554216869,0.058360299942670876,614,"Pack it in, pack it out, buddy."
5128,2563,4,12,67,83,1.2409638554216869,0.058360299942670876,614,Leon! We've been looking everywhere for you!
5232,2563,2,16,65,83,1.2409638554216869,0.053086795805151125,614,Please just stop playing “Wind Beneath My Wings!”
1579,2563,1,18,64,83,1.2409638554216869,0.05024290525623953,614,I've been duped. This isn't Bald Mountain.
5551,2563,2,16,65,83,1.2409638554216869,0.053086795805151125,614,Looks like I’ve reach another creative plateau.
5839,2563,2,16,65,83,1.2409638554216869,0.053086795805151125,614,So this is where the sounds of music come from!!!
6151,2563,4,12,67,83,1.2409638554216869,0.058360299942670876,614,Were the hills once alive with the sound of music?
6200,2563,2,16,65,83,1.2409638554216869,0.053086795805151125,614,What is the meaning of B Flat?
6283,2563,3,14,66,83,1.2409638554216869,0.055785896507344584,614,"Excuse me, but would you play ""Ain't Misbehavin'?"""
6739,2563,2,16,65,83,1.2409638554216869,0.053086795805151125,614,"Hey, cheer up! It's not the end of the world...is it?"
1859,2563,2,16,65,83,1.2409638554216869,0.053086795805151125,614,"You played it for her, now play it for me."
2166,2563,4,12,67,83,1.2409638554216869,0.058360299942670876,614,"Oh sorry, I thought this was the Yo-Yo Matterhorn"
1539,2563,2,16,65,83,1.2409638554216869,0.053086795805151125,614,"No, I’m not surprised. I’m used to scales."
1377,2563,4,12,67,83,1.2409638554216869,0.058360299942670876,614,I've been practicing for years and now you're telling me this isn't Carnegie Hall?
1181,2563,4,12,67,83,1.2409638554216869,0.058360299942670876,614,Please! I am right underneath you . Could you please keep it down?
26,2563,4,12,67,83,1.2409638554216869,0.058360299942670876,614,So this is why people say it's easier to play the guitar.
5474,2563,1,18,64,83,1.2409638554216869,0.05024290525623953,614,The village people sent me to check if you know any other tunes...?
2159,2563,4,12,67,83,1.2409638554216869,0.058360299942670876,614,You don't happen to have a tuning fork?
2820,2592,3,13,63,79,1.240506329113924,0.0575807573202435,614,Herr Mahler?
2791,2592,0,19,60,79,1.240506329113924,0.048392497136471965,614,I forgot my tuning fork.
262,2592,3,13,63,79,1.240506329113924,0.0575807573202435,614,I have a ticket for the evening performance.
6378,2595,3,12,60,75,1.24,0.059547845854790976,614,"Oh sorry, thought I heard a condor's mating call."
2022,2596,3,14,67,84,1.2380952380952381,0.055192376276423635,614,"I'm here for the muse job you advertised in 1990. Just curious: the 'message in a bottle' thing--that's not how you mail out paychecks too, is it?"
3517,2596,4,12,68,84,1.2380952380952381,0.057732660874787296,614,"Beautifully executed, but I was asking about the real edelweiss."
3621,2596,4,12,68,84,1.2380952380952381,0.057732660874787296,614,"I'm a sex tourist here to see the world's oldest, tallest... oh darn it."
5154,2596,3,14,67,84,1.2380952380952381,0.055192376276423635,614,Am I too late for your piano solo?
5709,2596,2,16,66,84,1.2380952380952381,0.05252938859717925,614,"Don't you know anything besides ""The Grand Canyon Suite"" ?"
5712,2596,1,18,65,84,1.2380952380952381,0.049723987508531534,614,Why'd you leave me stranded on a high note?
5890,2596,5,10,69,84,1.2380952380952381,0.060165786493056504,614,So this is why they call it the Grand Canyon . . .
474,2596,2,16,66,84,1.2380952380952381,0.05252938859717925,614,You've risen to the highest stage.
2329,2596,4,12,68,84,1.2380952380952381,0.057732660874787296,614,Was that you in the elevator?
3657,2605,1,17,62,80,1.2375,0.051076233666644016,614,Am I too late for the matinee?
3330,2605,3,13,64,80,1.2375,0.056935867763429085,614,Just so we're clear—I won't take a personal check for tuning your piano.
3151,2605,4,11,65,80,1.2375,0.059650219900493365,614,You call about a loose pedal?
3080,2605,6,7,67,80,1.2375,0.06473839762136747,614,You called for the piano tuner?
3016,2605,3,13,64,80,1.2375,0.056935867763429085,614,Your Amazon Prime shipment of pens and paper have arrived.
3009,2605,2,15,63,80,1.2375,0.05408546331291017,614,'Play something airy'
2915,2605,5,9,66,80,1.2375,0.06224632061720393,614,It strikes a chord.
2911,2605,5,9,66,80,1.2375,0.06224632061720393,614,"I told you, altitude will affect the tuning"
2659,2605,5,9,66,80,1.2375,0.06224632061720393,614,"You're on in 5,000 feet."
2580,2605,3,13,64,80,1.2375,0.056935867763429085,614,Does the price include free delivery?
2536,2605,1,17,62,80,1.2375,0.051076233666644016,614,I forgot to mention that we also need some tea and new recycling bin.
2366,2605,3,13,64,80,1.2375,0.056935867763429085,614,Are you the piano tuner or the chiropractor?
2328,2605,1,17,62,80,1.2375,0.051076233666644016,614,No wonder it's out of tune. It's drafty as hell up here.
2297,2605,3,13,64,80,1.2375,0.056935867763429085,614,"God??! Gosh darn, you're not done yet?"
1874,2605,3,13,64,80,1.2375,0.056935867763429085,614,You're the source of all those Barry Manilow jingles?
1739,2605,2,15,63,80,1.2375,0.05408546331291017,614,They were out of almond milk
1709,2605,4,11,65,80,1.2375,0.059650219900493365,614,"If you're taking requests, Mr. Joel, could you play ""Piano Man""?"
1560,2605,2,15,63,80,1.2375,0.05408546331291017,614,"Sorry, standing room only."
1490,2605,1,17,62,80,1.2375,0.051076233666644016,614,"I would've been here to repair your piano sooner, but it wasn't as flat as I thought it'd be."
1436,2605,4,11,65,80,1.2375,0.059650219900493365,614,I am your new agent.
1364,2605,6,7,67,80,1.2375,0.06473839762136747,614,I didn’t think it would actually take you forty years!
980,2605,1,17,62,80,1.2375,0.051076233666644016,614,"Oh wise one, answer me : will I ever score?"
678,2605,2,15,63,80,1.2375,0.05408546331291017,614,I don’t take requests.
394,2605,3,13,64,80,1.2375,0.056935867763429085,614,I heard there was a secret chord.
3514,2605,2,15,63,80,1.2375,0.05408546331291017,614,‘Stairway to Heaven?’ Seriously?
4009,2605,3,13,64,80,1.2375,0.056935867763429085,614,"Hmmmm.... no, We've had no gong meditations here for at least the last 30 years"
4292,2605,2,15,63,80,1.2375,0.05408546331291017,614,Stuck on the intermesa?
4310,2605,3,13,64,80,1.2375,0.056935867763429085,614,The agency sent me to tune your guitar.
6682,2605,3,13,64,80,1.2375,0.056935867763429085,614,I am here to tell you your warranty has expired and you’ll have to tune the piano yourself
6585,2605,2,15,63,80,1.2375,0.05408546331291017,614,My musical talents have peaked.
6507,2605,4,11,65,80,1.2375,0.059650219900493365,614,Enough with the marches.
6398,2605,5,9,66,80,1.2375,0.06224632061720393,614,"God, it’s a little off pitch."
6363,2605,5,9,66,80,1.2375,0.06224632061720393,614,Sorry but I thought heaven would be way cooler than this
6353,2605,3,13,64,80,1.2375,0.056935867763429085,614,The monks across the valley sent me to tune your piano.
6352,2605,2,15,63,80,1.2375,0.05408546331291017,614,"It's not an anoxic Fantasia, the hills ARE ALIVE! With the sound of music!!"
6273,2605,2,15,63,80,1.2375,0.05408546331291017,614,I just can't keep coming up here to tune it up period.
6195,2605,3,13,64,80,1.2375,0.056935867763429085,614,"What?! Do I look like a piano tuner? No, I’m the barber."
6138,2605,3,13,64,80,1.2375,0.056935867763429085,614,These hills are NOT alive with the sound of music.
6039,2605,3,13,64,80,1.2375,0.056935867763429085,614,So the meaning of life is a toe-tapping medley of show tunes?
386,2605,1,17,62,80,1.2375,0.051076233666644016,614,"Ok, I finished another scale when do the piano lessons begin?"
5980,2605,1,17,62,80,1.2375,0.051076233666644016,614,"Thank you, I'll be here all week."
5918,2605,4,11,65,80,1.2375,0.059650219900493365,614,"No, I’m an art critic."
5721,2605,4,11,65,80,1.2375,0.059650219900493365,614,Do you know ‘Stay Alive’ from ‘Hamilton’?
5609,2605,2,15,63,80,1.2375,0.05408546331291017,614,Can you play “ Somewhere over the rainbow”?
5270,2605,3,13,64,80,1.2375,0.056935867763429085,614,"Excuse me, which way to the wind instruments?"
5139,2605,4,11,65,80,1.2375,0.059650219900493365,614,"So, now i know why my Amazon Prime membership is gonna be hiked by $20"
5032,2605,1,17,62,80,1.2375,0.051076233666644016,614,That was a long solo!
4965,2605,4,11,65,80,1.2375,0.059650219900493365,614,"Oh damn, I think I forgot the tuning forks."
4766,2605,2,15,63,80,1.2375,0.05408546331291017,614,We're ready to leave Egypt whenever you are Moses.
4519,2605,2,15,63,80,1.2375,0.05408546331291017,614,So I heard you offer lessons for free
4366,2605,3,13,64,80,1.2375,0.056935867763429085,614,I’m here for my lesson. And the meaning of Life.
4352,2605,2,15,63,80,1.2375,0.05408546331291017,614,"This is not the fastest way to Carnegie Hall, I'm gathering."
5967,2605,3,13,64,80,1.2375,0.056935867763429085,614,Would a little Stairway to Heaven been so hard?
385,2605,2,15,63,80,1.2375,0.05408546331291017,614,"If you want to play for an audience, the next mountain over has a restaurant."
4087,2605,2,15,63,80,1.2375,0.05408546331291017,614,I heard you needed a page-turner.
4478,2660,2,14,60,76,1.236842105263158,0.05578285296696368,614,"Do you know, I've Got A Feeling I'm Falling ?"
6324,2661,3,13,65,81,1.2345679012345678,0.05630495926415497,614,What is the meaning of leitmotif?
6147,2661,3,13,65,81,1.2345679012345678,0.05630495926415497,614,I have your harmonica.
6007,2661,4,11,66,81,1.2345679012345678,0.05898211943501855,614,Good acoustics
1476,2661,0,19,62,81,1.2345679012345678,0.047374281121851596,614,Is it intermission already?
5714,2661,2,15,64,81,1.2345679012345678,0.05349398529208222,614,Its easier to hit the high notes up here.
5635,2661,3,13,65,81,1.2345679012345678,0.05630495926415497,614,Got anything besides rock music?
6391,2661,2,15,64,81,1.2345679012345678,0.05349398529208222,614,"Never fear. I'm here, your lyricist."
5572,2661,5,9,67,81,1.2345679012345678,0.061542931262293925,614,"Maestro, I think you've plateaued"
4911,2661,4,11,66,81,1.2345679012345678,0.05898211943501855,614,"You're booked for two weeks at a Holiday Inn in Alabama. It's not much, but it's a start. Now let's go get you a suit."
1691,2661,5,9,67,81,1.2345679012345678,0.061542931262293925,614,"I'm an attorney with ASCAP, we're filing for infringement."
4183,2661,5,9,67,81,1.2345679012345678,0.061542931262293925,614,This tuning's going to cost you extra.
4159,2661,1,17,63,81,1.2345679012345678,0.050526868962175626,614,"""The Meaning Of Life""? Not sure I know that one. Could you hum a few bars?"
3640,2661,4,11,66,81,1.2345679012345678,0.05898211943501855,614,Do you know “Edelweiss”?
3437,2661,1,17,63,81,1.2345679012345678,0.050526868962175626,614,I hope you have a pencil.
4923,2661,1,17,63,81,1.2345679012345678,0.050526868962175626,614,"Yeah man, keep going. You probably don't want to hear what's going on here."
6432,2661,3,13,65,81,1.2345679012345678,0.05630495926415497,614,So your telling me these hills are not alive ?
6550,2661,3,13,65,81,1.2345679012345678,0.05630495926415497,614,"It's George from Alpine Piano Service, sir."
6569,2661,6,7,68,81,1.2345679012345678,0.06400136220162878,614,"If I did play requests, the song""Ain't no mountain high enough,"" would not be one of them."
280,2661,2,15,64,81,1.2345679012345678,0.05349398529208222,614,Is it finished?
439,2661,3,13,65,81,1.2345679012345678,0.05630495926415497,614,"Nope, you can still play like no one is listening."
493,2661,1,17,63,81,1.2345679012345678,0.050526868962175626,614,You must be the tuner.
571,2661,2,15,64,81,1.2345679012345678,0.05349398529208222,614,"If you play ""My Way,"" I'm leaving."
662,2661,4,11,66,81,1.2345679012345678,0.05898211943501855,614,"How much longer are you gonna sulk up here, Elton?"
888,2661,2,15,64,81,1.2345679012345678,0.05349398529208222,614,Don't even try to tell me your pack is heavy.
903,2661,3,13,65,81,1.2345679012345678,0.05630495926415497,614,Wisdom? Never choose the cut-rate mover.
1014,2661,2,15,64,81,1.2345679012345678,0.05349398529208222,614,"""May I request Jackie Wilson's 'Higher and Higher'?"
1079,2661,1,17,63,81,1.2345679012345678,0.050526868962175626,614,"Okay, ""Life is like a piano."" Now tell me something I don't know."
1096,2661,3,13,65,81,1.2345679012345678,0.05630495926415497,614,Practice!
1177,2661,4,11,66,81,1.2345679012345678,0.05898211943501855,614,Amadeus?
1260,2661,3,13,65,81,1.2345679012345678,0.05630495926415497,614,What is the meaning of riff?
1337,2661,2,15,64,81,1.2345679012345678,0.05349398529208222,614,"I'm following the ""Stein - Way..."
1404,2661,2,15,64,81,1.2345679012345678,0.05349398529208222,614,I don't like that song either.
6713,2661,3,13,65,81,1.2345679012345678,0.05630495926415497,614,"Guru, I don't care if they are the keys to life, this is your last free re-tune."
3335,2661,2,15,64,81,1.2345679012345678,0.05349398529208222,614,"Heart and Soul...? No, but I have memorized all the lyrics to Hamilton."
2984,2661,0,19,62,81,1.2345679012345678,0.047374281121851596,614,They say he's spent a lifetime searching for harmony
6058,2696,2,14,61,77,1.2337662337662338,0.05513949220709001,614,I thought this was the rooftop dining palace
229,2696,4,10,63,77,1.2337662337662338,0.06102368884435136,614,This mountain ain't high enough.
547,2696,2,14,61,77,1.2337662337662338,0.05513949220709001,614,"Sorry, but I think you scaled the wrong flat-teau."
1027,2696,4,10,63,77,1.2337662337662338,0.06102368884435136,614,"Sorry, I'm a seeker, not a tuner."
1534,2696,4,10,63,77,1.2337662337662338,0.06102368884435136,614,"I appreciate the struggling artist thing, but I’ve got a Boy Scout troupe with tents."
4113,2696,3,12,62,77,1.2337662337662338,0.05815605815832067,614,Can you keep it down? Don't make us call the cops.
3973,2702,3,13,66,82,1.2317073170731707,0.05568759508952443,614,I've heard you only play the hugh notes
1989,2702,2,15,65,82,1.2317073170731707,0.05291497070397462,614,Dad!?
135,2702,3,13,66,82,1.2317073170731707,0.05568759508952443,614,"My next piece will be ""Climb Every Mountain."""
2356,2702,4,11,67,82,1.2317073170731707,0.058328572493308625,614,"No, but if you hum a few bars..."
3639,2702,4,11,67,82,1.2317073170731707,0.058328572493308625,614,"Mr. Piano Man, I presume?"
4804,2702,1,17,64,82,1.2317073170731707,0.04998879876882579,614,Could you play just a little quieter?
6393,2702,2,15,65,82,1.2317073170731707,0.05291497070397462,614,"Can you play that one song? You know, the one that goes like duh duh duh bah duh bah duh duh?"
2145,2709,1,16,61,78,1.2307692307692308,0.051365233901656364,614,Have you tried “B natural”?
2250,2709,1,16,61,78,1.2307692307692308,0.051365233901656364,614,Night on Bald Mountain? Could you hum a few bars?
434,2709,4,10,64,78,1.2307692307692308,0.06031076398764044,614,"Sorry, I don't know 'Can You Tell Me the Secret to True Happiness'. Could you hum a few bars?"
799,2709,2,14,62,78,1.2307692307692308,0.05451043557679759,614,They want to know if you can play something besides gospel?
741,2709,3,12,63,78,1.2307692307692308,0.05748380571754565,614,There's more scaling?
665,2709,1,16,61,78,1.2307692307692308,0.051365233901656364,614,"Wow, this is grand!"
788,2709,2,14,62,78,1.2307692307692308,0.05451043557679759,614,B Flat is sticking again.
2116,2709,3,12,63,78,1.2307692307692308,0.05748380571754565,614,Do you play requests?
572,2709,4,10,64,78,1.2307692307692308,0.06031076398764044,614,Are you taking requests?
775,2709,2,14,62,78,1.2307692307692308,0.05451043557679759,614,‘I just hope this will end on a happy note!’
1999,2709,5,8,65,78,1.2307692307692308,0.0630110195582741,614,Only a backpack? Pussy.
1958,2709,3,12,63,78,1.2307692307692308,0.05748380571754565,614,"Is this a plateau?” “No, it’s pronounced pi-an-o."
3158,2709,5,8,65,78,1.2307692307692308,0.0630110195582741,614,"I was wondering if you could play ""Ain't No Mountain High Enough"" for my wife..."
3173,2709,2,14,62,78,1.2307692307692308,0.05451043557679759,614,"I climbed all the way up here for a life lesson, not a piano lesson!"
3194,2709,4,10,64,78,1.2307692307692308,0.06031076398764044,614,Don't tell me -- you were expecting the hills to be alive with the sound of music.
3226,2709,0,18,60,78,1.2307692307692308,0.04801444491787377,614,hi... I am the piano tuner... sorry to keep you waiting...
4467,2709,2,14,62,78,1.2307692307692308,0.05451043557679759,614,"I don't know ""Climb every mountain."""
3337,2709,1,16,61,78,1.2307692307692308,0.051365233901656364,614,"My Uber's waiting, so make it quick."
1120,2709,3,12,63,78,1.2307692307692308,0.05748380571754565,614,"Play 'Misty"" for me."
3576,2709,4,10,64,78,1.2307692307692308,0.06031076398764044,614,I bring apologies from the piano tuner.
3619,2709,1,16,61,78,1.2307692307692308,0.051365233901656364,614,"Timmy, you're late for your lesson"
3628,2709,2,14,62,78,1.2307692307692308,0.05451043557679759,614,You sent for a tuner?
3711,2709,4,10,64,78,1.2307692307692308,0.06031076398764044,614,"Play it again, Sherpa."
1131,2709,4,10,64,78,1.2307692307692308,0.06031076398764044,614,"Time for you to come on home, Alice."
4381,2709,2,14,62,78,1.2307692307692308,0.05451043557679759,614,"If you were my real friend, you would help me move this giant piano."
3785,2709,2,14,62,78,1.2307692307692308,0.05451043557679759,614,How about ‘I’ve Got Friends in Low Places’?
3803,2709,3,12,63,78,1.2307692307692308,0.05748380571754565,614,Huh...God plays on a Black piano..
3857,2709,2,14,62,78,1.2307692307692308,0.05451043557679759,614,I thought the Mountain King lived in a hall?
3859,2709,3,12,63,78,1.2307692307692308,0.05748380571754565,614,Can we do a one hour lesson every two weeks instead of 30 minutes weekly?
3893,2709,1,16,61,78,1.2307692307692308,0.051365233901656364,614,I’m searching for the key to my life...
3934,2709,4,10,64,78,1.2307692307692308,0.06031076398764044,614,I thought for sure I got the address wrong for the free tuning.
3949,2709,1,16,61,78,1.2307692307692308,0.051365233901656364,614,I am your 3:00 lesson. Sorry I am a little late.
391,2709,3,12,63,78,1.2307692307692308,0.05748380571754565,614,Finally. I can only make love to my tonic and gin so many times.
3960,2709,2,14,62,78,1.2307692307692308,0.05451043557679759,614,No wonder lessons are only 2 bucks an hour.
4172,2709,4,10,64,78,1.2307692307692308,0.06031076398764044,614,Who told you I take requests?
4103,2709,2,14,62,78,1.2307692307692308,0.05451043557679759,614,Seven thousand feet and that's your request?
4079,2709,5,8,65,78,1.2307692307692308,0.0630110195582741,614,You called for a lyricist?
3144,2709,3,12,63,78,1.2307692307692308,0.05748380571754565,614,This requiem is sure to kill me.
3061,2709,2,14,62,78,1.2307692307692308,0.05451043557679759,614,Damn! I knew I should have brought sheet music.
3058,2709,3,12,63,78,1.2307692307692308,0.05748380571754565,614,But the ad said today!
3042,2709,2,14,62,78,1.2307692307692308,0.05451043557679759,614,Can you play Piano Man?
1825,2709,1,16,61,78,1.2307692307692308,0.051365233901656364,614,"Yes, I’m the @realPianoMan !"
1720,2709,1,16,61,78,1.2307692307692308,0.051365233901656364,614,"Gimme a song, you're the piano man."
1673,2709,3,12,63,78,1.2307692307692308,0.05748380571754565,614,"Very good. Now, take it from the top."
1562,2709,1,16,61,78,1.2307692307692308,0.051365233901656364,614,Your agent's on the phone...
1510,2709,3,12,63,78,1.2307692307692308,0.05748380571754565,614,"Nice try, but it’s not Nirvana."
1425,2709,3,12,63,78,1.2307692307692308,0.05748380571754565,614,So that's why they're called the Grand Tetons!
1399,2709,4,10,64,78,1.2307692307692308,0.06031076398764044,614,It's completely out of tune up here.
1302,2709,3,12,63,78,1.2307692307692308,0.05748380571754565,614,"No, but if you sing a few lines I can fake it."
2462,2709,2,14,62,78,1.2307692307692308,0.05451043557679759,614,"At last, the Seventh Sonata."
2472,2709,3,12,63,78,1.2307692307692308,0.05748380571754565,614,I came up the Steinway
2512,2709,2,14,62,78,1.2307692307692308,0.05451043557679759,614,"- Hi Dude. K2 ? - Nope, K 466."
2522,2709,2,14,62,78,1.2307692307692308,0.05451043557679759,614,Of all the gin joints and mountaintops . . .
2086,2709,1,16,61,78,1.2307692307692308,0.051365233901656364,614,"No, I didn't bring a tuning fork."
2564,2709,4,10,64,78,1.2307692307692308,0.06031076398764044,614,Are you really saying that the show ended just five minutes ago?
2790,2709,3,12,63,78,1.2307692307692308,0.05748380571754565,614,I forgot my tuning fork.
881,2709,2,14,62,78,1.2307692307692308,0.05451043557679759,614,Your tuner has arrived
2832,2709,4,10,64,78,1.2307692307692308,0.06031076398764044,614,I told you those piano lessons would pay off eventually.
982,2709,3,12,63,78,1.2307692307692308,0.05748380571754565,614,I agree... a keyboard just doesn't have the same presence.
4536,2709,0,18,60,78,1.2307692307692308,0.04801444491787377,614,"Wait no longer, I have finally brought you the missing sheets!"
2867,2709,4,10,64,78,1.2307692307692308,0.06031076398764044,614,"I know, but where would I have plugged in an electric keyboard?"
1219,2709,2,14,62,78,1.2307692307692308,0.05451043557679759,614,"You know what, no one likes taking lessons."
988,2709,3,12,63,78,1.2307692307692308,0.05748380571754565,614,"Hang on, I've got the organ."
2974,2709,1,16,61,78,1.2307692307692308,0.051365233901656364,614,"Gimme a little climbing music, would ya? Something upbeat, not too intense."
1119,2709,2,14,62,78,1.2307692307692308,0.05451043557679759,614,it was okay.... but I expected it to be more elevating....
2443,2709,2,14,62,78,1.2307692307692308,0.05451043557679759,614,Carnegie Hall said to keep practicing.
2996,2709,3,12,63,78,1.2307692307692308,0.05748380571754565,614,"I charge one hundred dollars an hour, including travel time."
2704,2709,4,10,64,78,1.2307692307692308,0.06031076398764044,614,It ain’t no ‘Stairway To Heaven’.
2264,2709,1,16,61,78,1.2307692307692308,0.051365233901656364,614,This must be bass camp.
6057,2709,2,14,62,78,1.2307692307692308,0.05451043557679759,614,I sure hope you're the piano tuner.
138,2709,4,10,64,78,1.2307692307692308,0.06031076398764044,614,"We already did this gag, but it was a restaurant."
5687,2709,3,12,63,78,1.2307692307692308,0.05748380571754565,614,It's about time I got a page turner.
5738,2709,2,14,62,78,1.2307692307692308,0.05451043557679759,614,Do you take questions or requests?
5843,2709,3,12,63,78,1.2307692307692308,0.05748380571754565,614,"I'm sorry, you can't be seated until the first intermission."
5865,2709,4,10,64,78,1.2307692307692308,0.06031076398764044,614,The answer is chopsticks?
6073,2709,2,14,62,78,1.2307692307692308,0.05451043557679759,614,"Again, from the top."
6101,2709,3,12,63,78,1.2307692307692308,0.05748380571754565,614,I hope you've got a tuning fork in there.
6208,2709,4,10,64,78,1.2307692307692308,0.06031076398764044,614,"I forgot my tuning fork, I'll be back next year"
6262,2709,1,16,61,78,1.2307692307692308,0.051365233901656364,614,"There's no money in vinyl, can I interest you in a streaming contract?"
5644,2709,3,12,63,78,1.2307692307692308,0.05748380571754565,614,He says forget setting them to music. No one is obeying them anyway.
6312,2709,3,12,63,78,1.2307692307692308,0.05748380571754565,614,Oh God!
6486,2709,1,16,61,78,1.2307692307692308,0.051365233901656364,614,"Mr. Horowitz, I presume?"
6496,2709,2,14,62,78,1.2307692307692308,0.05451043557679759,614,"I'm the rocket man. And, yes, it's been a long long time."
389,2709,3,12,63,78,1.2307692307692308,0.05748380571754565,614,"Sorry Sir, I'm no longer taking requests."
6576,2709,1,16,61,78,1.2307692307692308,0.051365233901656364,614,"Yeah, it was a typo. They meant to say “raise the score’s attitude”."
6605,2709,2,14,62,78,1.2307692307692308,0.05451043557679759,614,Wait...you're not Led Zeppelin. How am I supposed to get to Heaven now?
6623,2709,3,12,63,78,1.2307692307692308,0.05748380571754565,614,I didn't know hermits played show tunes.
6631,2709,1,16,61,78,1.2307692307692308,0.051365233901656364,614,"Apologies, didn't mean to interrupt your composition of ""The Ten Commandments -The Musical"""
6683,2709,1,16,61,78,1.2307692307692308,0.051365233901656364,614,"Let's face it, every good boy deserves favor."
6472,2709,2,14,62,78,1.2307692307692308,0.05451043557679759,614,I'm starting with major scales.
5553,2709,1,16,61,78,1.2307692307692308,0.051365233901656364,614,Can you play “How high the mountain?”
6559,2709,1,16,61,78,1.2307692307692308,0.051365233901656364,614,So sorry! I forgot to bring the sheet music.
5457,2709,2,14,62,78,1.2307692307692308,0.05451043557679759,614,Could I have a B-flat?
5527,2709,3,12,63,78,1.2307692307692308,0.05748380571754565,614,"You write the lyrics, I’ll do the music"
118,2709,2,14,62,78,1.2307692307692308,0.05451043557679759,614,You want the truth? Truth is that I would have left a long time ago but I can't find a mover for my piano.
69,2709,2,14,62,78,1.2307692307692308,0.05451043557679759,614,"There's no career here, you're just at the pinnacle."
61,2709,4,10,64,78,1.2307692307692308,0.06031076398764044,614,"I wish I could tell you something that will strike a chord, but the atmosphere's not quite right for it."
4554,2709,3,12,63,78,1.2307692307692308,0.05748380571754565,614,Man! Your music really soars.
4570,2709,2,14,62,78,1.2307692307692308,0.05451043557679759,614,Where's your tip jar?
4588,2709,2,14,62,78,1.2307692307692308,0.05451043557679759,614,"Do you know ""Honky Tonk Women?"""
4782,2709,2,14,62,78,1.2307692307692308,0.05451043557679759,614,"Sure it was heavy, but to be fair it's only a baby grand."
4819,2709,5,8,65,78,1.2307692307692308,0.0630110195582741,614,Lessons are $4.00 an hour.
4370,2709,3,12,63,78,1.2307692307692308,0.05748380571754565,614,"""The meaning of life?""....I don't think I know that one."
4977,2709,4,10,64,78,1.2307692307692308,0.06031076398764044,614,I saw Page One down there.
5025,2709,4,10,64,78,1.2307692307692308,0.06031076398764044,614,They told me this was how to get to Carnegie Hall.
5028,2709,2,14,62,78,1.2307692307692308,0.05451043557679759,614,I heard you could recommend a mover.
5156,2709,5,8,65,78,1.2307692307692308,0.0630110195582741,614,"Practice is over, come back tomorrow"
5160,2709,3,12,63,78,1.2307692307692308,0.05748380571754565,614,This is not how you get to Carnegie Hall.
5292,2709,5,8,65,78,1.2307692307692308,0.0630110195582741,614,You just can’t imagine how long it’s taken to get a piano tuner up here!
5348,2709,1,16,61,78,1.2307692307692308,0.051365233901656364,614,It’s a baby Grand Canyon
5445,2709,1,16,61,78,1.2307692307692308,0.051365233901656364,614,I’m searching for an abominable pianist they call Big Hand.
4221,2709,2,14,62,78,1.2307692307692308,0.05451043557679759,614,Oh no no no I specifically requested a female soloist
5449,2709,2,14,62,78,1.2307692307692308,0.05451043557679759,614,I am going to charge you travel time in addition to tuning your piano.
6365,2822,2,13,59,74,1.2297297297297298,0.05625383214490834,614,"Forget your vision; you wanna get women crawling up here? Be a big boy, fake a happy smile, and write a freakin love song."
2251,2822,1,15,58,74,1.2297297297297298,0.05286076412654235,614,Is the kitchen still open?
2417,2822,1,15,58,74,1.2297297297297298,0.05286076412654235,614,Unfinished? Now you tell me!
4625,2822,2,13,59,74,1.2297297297297298,0.05625383214490834,614,"Alp Horn? Oh, that's up on the next ledge."
6054,2826,3,12,64,79,1.2278481012658229,0.05682662691885053,614,What do you mean I still have to ford streams and follow rainbows?
6006,2826,3,12,64,79,1.2278481012658229,0.05682662691885053,614,All this time I thought Elder John was a typo.
5737,2826,1,16,62,79,1.2278481012658229,0.050794937122985086,614,Will you end on a high note?
5710,2826,2,14,63,79,1.2278481012658229,0.0538952278235385,614,"Play it again, Sam? Son, he hasn’t been here for years."
5697,2826,4,10,65,79,1.2278481012658229,0.059614054314375706,614,"I know, Scriabin is a killer."
5534,2826,1,16,62,79,1.2278481012658229,0.050794937122985086,614,I’m waiting for the encore.
5277,2826,2,14,63,79,1.2278481012658229,0.0538952278235385,614,Can you turn down the echo a bit?
5212,2826,4,10,65,79,1.2278481012658229,0.059614054314375706,614,"I know that it's me you've been coming to see, to forget about life for a while."
4637,2826,3,12,64,79,1.2278481012658229,0.05682662691885053,614,So now you know why that symphony is still unfinished!
4480,2826,2,14,63,79,1.2278481012658229,0.0538952278235385,614,Did you call for a piano tuner Mr. Joel?
3890,2826,4,10,65,79,1.2278481012658229,0.059614054314375706,614,Good news! I'm a piano tuner and have my tools with me.
4227,2826,1,16,62,79,1.2278481012658229,0.050794937122985086,614,"No, no, I said play at a higher key."
4178,2826,2,14,63,79,1.2278481012658229,0.0538952278235385,614,The movers say they want a damage waiver.
4045,2826,2,14,63,79,1.2278481012658229,0.0538952278235385,614,Mr Hamlisch is off today.
3958,2826,2,14,63,79,1.2278481012658229,0.0538952278235385,614,Could you play something a little less ominous?
3855,2826,3,12,64,79,1.2278481012658229,0.05682662691885053,614,"Sure I'll tune it, but like I said last month, you should put it inside..."
3277,2826,1,16,62,79,1.2278481012658229,0.050794937122985086,614,ZZ Top?
3241,2826,3,12,64,79,1.2278481012658229,0.05682662691885053,614,You said you wanted to hear Night on Bald Mountain.
2219,2826,2,14,63,79,1.2278481012658229,0.0538952278235385,614,What took you so long?
1495,2826,2,14,63,79,1.2278481012658229,0.0538952278235385,614,"Excuse me, I think I lost my keys..."
1433,2826,1,16,62,79,1.2278481012658229,0.050794937122985086,614,"They sent me up to tell you if you keep playing this loud, the piano will beat you down the mountain"
1129,2826,2,14,63,79,1.2278481012658229,0.0538952278235385,614,So tell the truth: How many notes are supposed to be in a Mozart divertimento?
859,2826,1,16,62,79,1.2278481012658229,0.050794937122985086,614,"So would you play ""Ain't No Mountain High Enough"" for me?"
760,2826,5,8,66,79,1.2278481012658229,0.062276844947544076,614,"""Do you know the Meaning of Life in B flat?"
4402,2826,4,10,65,79,1.2278481012658229,0.059614054314375706,614,Hey I'm your downstairs neighbor. Mind keeping it down up here?
2217,2826,3,12,64,79,1.2278481012658229,0.05682662691885053,614,Will you please learn to play something other that “Chopsticks”. You are driving us all crazy down there.
5797,2826,0,18,61,79,1.2278481012658229,0.04749269093771061,614,Are you in harmony yet?
4623,2853,4,9,62,75,1.2266666666666666,0.06172690021546691,614,The concert was last night...and you're on the wrong line!
1670,2853,2,13,60,75,1.2266666666666666,0.055583176317024995,614,"Sorry, you will have to reschedule your tuning appointment, I dropped my tools on the way up."
1637,2853,2,13,60,75,1.2266666666666666,0.055583176317024995,614,Can you keep it down up there.
1601,2853,2,13,60,75,1.2266666666666666,0.055583176317024995,614,I was told you'd relieve me ten years ago!
1519,2853,3,11,61,75,1.2266666666666666,0.05873542244548726,614,"Sorry, I don't play requests."
1424,2853,3,11,61,75,1.2266666666666666,0.05873542244548726,614,Good morning sir. I'm the piano mover.
1413,2853,4,9,62,75,1.2266666666666666,0.06172690021546691,614,"They say music can take you to another place, but they don’t say anything about it bringing you back."
1228,2853,4,9,62,75,1.2266666666666666,0.06172690021546691,614,"Oh crap, I left the sheet music on the dash..."
1215,2853,3,11,61,75,1.2266666666666666,0.05873542244548726,614,"Of course not! When the ad said, ""Heart and Soul Required,"" I didn't know you were referring to sheet music."
1187,2853,3,11,61,75,1.2266666666666666,0.05873542244548726,614,I'm here to let you know the piano tuner is going to be late.
828,2853,3,11,61,75,1.2266666666666666,0.05873542244548726,614,I know it's time to face the music.
768,2853,1,15,59,75,1.2266666666666666,0.052241067457787733,614,There must be a misunderstanding. I said I was in search of the lost gourd.
684,2853,2,13,60,75,1.2266666666666666,0.055583176317024995,614,Just one more payment and its yours.
1778,2853,2,13,60,75,1.2266666666666666,0.055583176317024995,614,"Are you the piano movers? I'd like to speak to your manager about my wait time, please."
640,2853,1,15,59,75,1.2266666666666666,0.052241067457787733,614,"Words of wisdom? Sorry, I'm just the piano tuner."
532,2853,3,11,61,75,1.2266666666666666,0.05873542244548726,614,I thought I smelled someone de-composing!
498,2853,2,13,60,75,1.2266666666666666,0.055583176317024995,614,The Von Trapp's sent me to fetch you.
212,2853,3,11,61,75,1.2266666666666666,0.05873542244548726,614,"You're too late, the last chord has been struck."
38,2853,3,11,61,75,1.2266666666666666,0.05873542244548726,614,"Sorry Ted, conductor says you're still not playing high enough."
4647,2853,2,13,60,75,1.2266666666666666,0.055583176317024995,614,Ground Support to Major C
4719,2853,3,11,61,75,1.2266666666666666,0.05873542244548726,614,Don't ask me -- I've still to reach the pinnacle of my career.
4825,2853,3,11,61,75,1.2266666666666666,0.05873542244548726,614,"Can you play ""The Meaning of Life""?"
4831,2853,4,9,62,75,1.2266666666666666,0.06172690021546691,614,"You didn’t actually think the Steinway to Heaven was for sale, did you?"
4858,2853,3,11,61,75,1.2266666666666666,0.05873542244548726,614,Are you available for search parties?
4885,2853,1,15,59,75,1.2266666666666666,0.052241067457787733,614,He's out. Can I take a message?
5131,2853,1,15,59,75,1.2266666666666666,0.052241067457787733,614,Grand PIANO?? I thought I was in the Grand CANYON!!!
5318,2853,0,17,58,75,1.2266666666666666,0.04866999865182624,614,Why only one ticket?
589,2853,0,17,58,75,1.2266666666666666,0.04866999865182624,614,Looking for a singer?
5339,2853,2,13,60,75,1.2266666666666666,0.055583176317024995,614,You've just been nominated as Secretary of State. OK?
1981,2853,2,13,60,75,1.2266666666666666,0.055583176317024995,614,American Idol says they need a demo tape.
2096,2853,2,13,60,75,1.2266666666666666,0.055583176317024995,614,"Hey, aren't you the same guy who was in this panel a few months ago, and you were running a mountaintop restaurant? Is that cosmic, or what!"
4434,2853,2,13,60,75,1.2266666666666666,0.055583176317024995,614,As your page turner I would never abandon you at the peak of your career.
4111,2853,4,9,62,75,1.2266666666666666,0.06172690021546691,614,"You really want us to do a duet of ""Ain't No Mountain High Enough""?"
3771,2853,1,15,59,75,1.2266666666666666,0.052241067457787733,614,I seek the meaning of Liszt.
3607,2853,2,13,60,75,1.2266666666666666,0.055583176317024995,614,First time I get a good seat for the show
3529,2853,2,13,60,75,1.2266666666666666,0.055583176317024995,614,Strauss's Alpine Symphony? No I don't have the music.
3411,2853,4,9,62,75,1.2266666666666666,0.06172690021546691,614,Are you done?
3300,2853,2,13,60,75,1.2266666666666666,0.055583176317024995,614,I’m on a quest to find the highest note.
3275,2853,3,11,61,75,1.2266666666666666,0.05873542244548726,614,Hum a few bars and I'll play it.
3185,2853,3,11,61,75,1.2266666666666666,0.05873542244548726,614,Can you give me the number of your moving guy?
3184,2853,4,9,62,75,1.2266666666666666,0.06172690021546691,614,You must be the piano tuner?
3163,2853,2,13,60,75,1.2266666666666666,0.055583176317024995,614,What are they keys to life? It can't all be black and white?
3089,2853,0,17,58,75,1.2266666666666666,0.04866999865182624,614,It's about time. She's been out of tune for eons.
2041,2853,2,13,60,75,1.2266666666666666,0.055583176317024995,614,"I thought the concert starts at 7, there are about 40 hikers behind me?"
3039,2853,4,9,62,75,1.2266666666666666,0.06172690021546691,614,I hope you're bringing the stool!
2830,2853,3,11,61,75,1.2266666666666666,0.05873542244548726,614,You missed the recital.
2827,2853,3,11,61,75,1.2266666666666666,0.05873542244548726,614,Definitely ending this hike on a high note!
2750,2853,3,11,61,75,1.2266666666666666,0.05873542244548726,614,"Nope, sorry. I no longer do ""Take Five."""
2653,2853,4,9,62,75,1.2266666666666666,0.06172690021546691,614,It's hard for the fat lady to sing when there's no music
2632,2853,2,13,60,75,1.2266666666666666,0.055583176317024995,614,"Just One More Time, Sam? For Old Times’ Sake!"
2422,2853,1,15,59,75,1.2266666666666666,0.052241067457787733,614,"Don't look so surprised, kid. You may know him as Skippy the Party Clown, but to us he's Frank Fontone, Detective Frank Fontone."
2319,2853,3,11,61,75,1.2266666666666666,0.05873542244548726,614,"Yes, I can play bass."
2298,2853,1,15,59,75,1.2266666666666666,0.052241067457787733,614,Is this the hall of the Mountain King?
4516,2853,1,15,59,75,1.2266666666666666,0.052241067457787733,614,They weren't kidding when they said the view was grand!
2273,2853,3,11,61,75,1.2266666666666666,0.05873542244548726,614,"Yeah, I know, 'the hills are alive with the sound of music', but this is really taking things too far. Keep it down, please - I'm trying to work on my cliff-hanger."
2223,2853,3,11,61,75,1.2266666666666666,0.05873542244548726,614,They told me if I practiced every day I'd rise to new musical heights. I didn't think they meant this!
2196,2853,3,11,61,75,1.2266666666666666,0.05873542244548726,614,"Victor Borge, I presume?"
3019,2853,3,11,61,75,1.2266666666666666,0.05873542244548726,614,Hey! Can you keep it down? I have an early morning shift tomorrow.
4465,2853,2,13,60,75,1.2266666666666666,0.055583176317024995,614,I'm here to tune your piano but I have much loftier aspirations.
5408,2853,1,15,59,75,1.2266666666666666,0.052241067457787733,614,"Yes, your piano tuner is finally here."
5583,2853,3,11,61,75,1.2266666666666666,0.05873542244548726,614,Yo!
5503,2853,2,13,60,75,1.2266666666666666,0.055583176317024995,614,I hope you remembered to bring the music
6744,2853,3,11,61,75,1.2266666666666666,0.05873542244548726,614,"Hi,can you just go get me another sheet of music?"
6717,2853,2,13,60,75,1.2266666666666666,0.055583176317024995,614,I want to talk with you about the Second Movement.....
6663,2853,0,17,58,75,1.2266666666666666,0.04866999865182624,614,So.... life seems to be going well for Karen. She just started dating Brian.
6599,2853,1,15,59,75,1.2266666666666666,0.052241067457787733,614,Sent for you yesterday. Here you come today.
6580,2853,4,9,62,75,1.2266666666666666,0.06172690021546691,614,Is this the Peak of Creativity?
6467,2853,3,11,61,75,1.2266666666666666,0.05873542244548726,614,"I climbed up her because I am shocked, shocked, that you are playing it again, Sam!"
6460,2853,2,13,60,75,1.2266666666666666,0.055583176317024995,614,Can you tell me the key to life?
6392,2853,2,13,60,75,1.2266666666666666,0.055583176317024995,614,"Do you know “Alone Again, Naturally”?"
6342,2853,3,11,61,75,1.2266666666666666,0.05873542244548726,614,This isn't what I meant when I said you needed a platform.
4466,2853,4,9,62,75,1.2266666666666666,0.06172690021546691,614,"Look buddy, what you do on your time is your business, but my wife is a light sleeper and we can hear you all the way over at Finnigan’s Pass. Do you mind keeping it down after 9PM?"
6192,2853,1,15,59,75,1.2266666666666666,0.052241067457787733,614,You won’t believe who I met atop the last mountain.
6155,2853,1,15,59,75,1.2266666666666666,0.052241067457787733,614,"I know I’m just a Sherpa. But next time, how about I write the music and you carry up the piano?"
6107,2853,1,15,59,75,1.2266666666666666,0.052241067457787733,614,Dang! I forgot my piano tuning back-pack.
6034,2853,2,13,60,75,1.2266666666666666,0.055583176317024995,614,"Relax, it’s the 7th day."
5867,2853,2,13,60,75,1.2266666666666666,0.055583176317024995,614,"What do you mean, the karma isn't right for playing my request?"
5788,2853,2,13,60,75,1.2266666666666666,0.055583176317024995,614,"Hi , when is your next preformance"
5708,2853,2,13,60,75,1.2266666666666666,0.055583176317024995,614,Your teacher called. He has to cancel again.
5668,2853,2,13,60,75,1.2266666666666666,0.055583176317024995,614,Your neighbors are complaining about the noise.
5641,2853,2,13,60,75,1.2266666666666666,0.055583176317024995,614,Our HOA has a noise ordinance. Keep it down.
5631,2853,1,15,59,75,1.2266666666666666,0.052241067457787733,614,"OK, Mr. Joel, the Carlyle was booked, but I got you two weeks at the St. Moritz."
6233,2853,1,15,59,75,1.2266666666666666,0.052241067457787733,614,"OK, I understand you don't take requests- but would a few bars of ""Chariots of Fire"" kill you?"
2278,2936,4,10,66,80,1.225,0.05893302355914539,614,"No, but if you hum a few bars I can fake it."
3924,2936,2,14,64,80,1.225,0.0532934318037197,614,I'm waiting for inspiration.
5622,2936,1,16,63,80,1.225,0.050236781119167954,614,You just missed request hour. Come back tomorrow?
3861,2939,4,9,63,76,1.2236842105263157,0.06098226434871825,614,"Okay, let me get this straight? Turkey Reuben on wheat, hold the pickles, and get you and your piano off this god-forsaken mountain?"
3969,2939,3,11,62,76,1.2236842105263157,0.058034122480782775,614,Why? To be a top destination on European grand tours.
4364,2939,3,11,62,76,1.2236842105263157,0.058034122480782775,614,I always wanted a space big enough for a grand piano
4386,2939,3,11,62,76,1.2236842105263157,0.058034122480782775,614,"I'm a first time visitor, long time listener."
4419,2939,1,15,60,76,1.2236842105263157,0.0516353075535489,614,A major scale and the Baroque composer.
4662,2939,3,11,62,76,1.2236842105263157,0.058034122480782775,614,How about something uplifting?
5833,2939,0,17,59,76,1.2236842105263157,0.048117853164570096,614,I was hoping for a sitar.
4879,2939,1,15,60,76,1.2236842105263157,0.0516353075535489,614,"Greetings, Mr. Gould, I've brought the space heater you requested. NOW are conditions finally perfect?"
5379,2939,5,7,64,76,1.2236842105263157,0.06379430819500599,614,Excuse me. Is this Pachelbel’s Canyon?” “Indeed.
5821,2939,2,13,61,76,1.2236842105263157,0.05492797264720445,614,"Well, I was really looking to buy a baby grand."
3827,2939,2,13,61,76,1.2236842105263157,0.05492797264720445,614,"I know you have come a long way, but I don't do requests."
5868,2939,3,11,62,76,1.2236842105263157,0.058034122480782775,614,what would you like to hear?
6111,2939,3,11,62,76,1.2236842105263157,0.058034122480782775,614,Could you spare some chords?
4811,2939,1,15,60,76,1.2236842105263157,0.0516353075535489,614,Stuck too?
3502,2939,2,13,61,76,1.2236842105263157,0.05492797264720445,614,Wow. Are those Chacos or Tevas?
2360,2939,3,11,62,76,1.2236842105263157,0.058034122480782775,614,So how does this clef-hanger end?
3331,2939,0,17,59,76,1.2236842105263157,0.048117853164570096,614,"I’d ask how you carry a tune up here, but I bet you've heard that a thousand times already."
57,2939,2,13,61,76,1.2236842105263157,0.05492797264720445,614,They said I'd never do it.
321,2939,2,13,61,76,1.2236842105263157,0.05492797264720445,614,Carnegie Hall called. They said you can stop practicing now.
343,2939,2,13,61,76,1.2236842105263157,0.05492797264720445,614,"God, that was more like 'Highway to Hell.'"
359,2939,2,13,61,76,1.2236842105263157,0.05492797264720445,614,"For starters, how’d you get that up here?"
364,2939,5,7,64,76,1.2236842105263157,0.06379430819500599,614,"Sorry, no requests."
1266,2939,4,9,63,76,1.2236842105263157,0.06098226434871825,614,"Can I sit in? I brought my bass and a great arrangement of 'Hello, Dalai.'"
3363,2939,1,15,60,76,1.2236842105263157,0.0516353075535489,614,"Greetings, pilgrim. I’m delighted to welcome you with a song … but I only know ‘Send In The Clowns’."
1401,2939,0,17,59,76,1.2236842105263157,0.048117853164570096,614,The tuner I presume!
1735,2939,3,11,62,76,1.2236842105263157,0.058034122480782775,614,Do you know Nirvana?
1848,2939,4,9,63,76,1.2236842105263157,0.06098226434871825,614,Damn it. It was the F sharp that caused the avalanche.
2763,2939,4,9,63,76,1.2236842105263157,0.06098226434871825,614,"Beats me, it was here when I came in yesterday"
2960,2939,2,13,61,76,1.2236842105263157,0.05492797264720445,614,Piano moving was a bad choice of a profession.
2973,2939,3,11,62,76,1.2236842105263157,0.058034122480782775,614,oh its really not that grand
3203,2939,3,11,62,76,1.2236842105263157,0.058034122480782775,614,On your way up here did you happen to find a tip jar?
1479,2939,4,9,63,76,1.2236842105263157,0.06098226434871825,614,"No, I haven't finished the concerto yet... come back next year"
1252,2939,2,13,61,76,1.2236842105263157,0.05492797264720445,614,"What do you want to hear first, the good news or the bad news?"
4723,2939,2,13,61,76,1.2236842105263157,0.05492797264720445,614,Dangit! I was hoping the music was coming from an elevator.
488,2973,0,16,56,72,1.2222222222222223,0.04933922619854286,614,"Hey there dad, can I borrow a few bucks to tide me over 'til my next job interview?"
5933,2973,1,16,64,81,1.2222222222222223,0.049690399499995326,614,I can't understand why my music has plateaued since I moved here.
2039,2973,1,16,64,81,1.2222222222222223,0.049690399499995326,614,May you have everlasting tuning skills.
6304,2976,3,11,63,77,1.2207792207792207,0.057349096534596404,614,Yes! The hills are still alive with the sound of music.
2666,2976,2,13,62,77,1.2207792207792207,0.05428770923216617,614,Do you deliver?
2514,2976,2,13,62,77,1.2207792207792207,0.05428770923216617,614,I'm sick of people who only come up for the view-- no one ever cares about the piano accompaniment.
3390,2979,0,16,57,73,1.2191780821917808,0.04875378197274571,614,Your agent wants to know if you think you’re ready to play the blues ?
3006,2979,3,10,60,73,1.2191780821917808,0.059316808478386204,614,"Do you know ""Rocky Mountain High""?"
2916,2979,2,12,59,73,1.2191780821917808,0.056017553179841535,614,I knew you'd finish your long career on a high note.
2858,2979,2,12,59,73,1.2191780821917808,0.056017553179841535,614,"sorry I'm late, ran in to some Jehovah's Witnesses"
2855,2979,2,12,59,73,1.2191780821917808,0.056017553179841535,614,I was wondering if you could stop playing the funeral march. It's bringing the group’s spirits down.
2833,2979,4,8,61,73,1.2191780821917808,0.062441983247385126,614,Can't you practice somewhere else?
2810,2979,4,8,61,73,1.2191780821917808,0.062441983247385126,614,A Cliffhanger
2720,2979,2,12,59,73,1.2191780821917808,0.056017553179841535,614,You must be the piano tuner?
2711,2979,3,10,60,73,1.2191780821917808,0.059316808478386204,614,"I have seen the top of the mountain, and it is good!"
3069,2979,2,12,59,73,1.2191780821917808,0.056017553179841535,614,"Sorry, fresh out of enlightenment—unless, of course, you happen to be a librettist."
3087,2979,2,12,59,73,1.2191780821917808,0.056017553179841535,614,"The answer, my friend, was blown away by the wind."
3161,2979,0,16,57,73,1.2191780821917808,0.04875378197274571,614,"Should have guessed. Saint Peter would have played an organ, and probably wouldn't have encored with Bohemian Rhapsody."
3154,2979,2,12,59,73,1.2191780821917808,0.056017553179841535,614,"Well, that's a high C."
2691,2979,2,12,59,73,1.2191780821917808,0.056017553179841535,614,"No Mozart, but they did have the Complete Justin Beiber songbook"
3249,2979,2,12,59,73,1.2191780821917808,0.056017553179841535,614,"Geez, up here I expected no less than a harp."
3285,2979,1,14,58,73,1.2191780821917808,0.05251141552511415,614,"Can you play, “End of the line”?"
5470,2979,1,14,58,73,1.2191780821917808,0.05251141552511415,614,"Oh, so that's where I heard the high notes from."
3317,2979,2,12,59,73,1.2191780821917808,0.056017553179841535,614,"Hi there, I am the piano tuner,"
5423,2979,2,12,59,73,1.2191780821917808,0.056017553179841535,614,"You placed an ad for a page turner? [or: ""I'm answering an ad for a page turner.""]"
5407,2979,3,10,60,73,1.2191780821917808,0.059316808478386204,614,“Keep it simple. Just put the top 10 on two tablets”.
5288,2979,2,12,59,73,1.2191780821917808,0.056017553179841535,614,"No, I don't know ""The Piano Man""."
5221,2979,2,12,59,73,1.2191780821917808,0.056017553179841535,614,"Whew, it looks like I just made it in time. The piano bar's open, right?"
5220,2979,2,12,59,73,1.2191780821917808,0.056017553179841535,614,Getting it up was harder.
3149,2979,2,12,59,73,1.2191780821917808,0.056017553179841535,614,"Sir, we have 20 minutes to disassemble this set and re-do the stage for KISS."
2665,2979,0,16,57,73,1.2191780821917808,0.04875378197274571,614,So this is where the cartoon pianos come from!
2623,2979,3,10,60,73,1.2191780821917808,0.059316808478386204,614,"Do you know ""Do you know the way to San Jose""?"
2618,2979,3,10,60,73,1.2191780821917808,0.059316808478386204,614,Do you know anything from Hamilton?
1664,2979,4,8,61,73,1.2191780821917808,0.062441983247385126,614,You must be here for the alt-étude.
1686,2979,2,12,59,73,1.2191780821917808,0.056017553179841535,614,I see you've taken the tortured artist trope to new heights.
1710,2979,2,12,59,73,1.2191780821917808,0.056017553179841535,614,This was suppose to be a peaceful climb and then I find you.
5769,2979,3,10,60,73,1.2191780821917808,0.059316808478386204,614,I got you a gig in the valley but you have to bring your own piano.
1758,2979,1,14,58,73,1.2191780821917808,0.05251141552511415,614,Looks like we could both use a major lift
1779,2979,0,16,57,73,1.2191780821917808,0.04875378197274571,614,The key to happiness? Can’t you read music?
1815,2979,3,10,60,73,1.2191780821917808,0.059316808478386204,614,Could you use an out-of-work violin player?
1819,2979,3,10,60,73,1.2191780821917808,0.059316808478386204,614,Welcome. You've reached A Rock and a Hard Place.
1872,2979,0,16,57,73,1.2191780821917808,0.04875378197274571,614,I’d like to request Rodgers’ “Climb every Mountain” in C major!
1883,2979,3,10,60,73,1.2191780821917808,0.059316808478386204,614,Go back. It hasn’t been tuned yet.
1905,2979,3,10,60,73,1.2191780821917808,0.059316808478386204,614,I was hoping for David Bowie.
1932,2979,2,12,59,73,1.2191780821917808,0.056017553179841535,614,I'm searching for the Lost Chord. Have you found it?
2057,2979,1,14,58,73,1.2191780821917808,0.05251141552511415,614,This tuning gear seems to get heavier each year!
2063,2979,3,10,60,73,1.2191780821917808,0.059316808478386204,614,"I don't know what they told you kid, but getting high doesn't actually improve the songwriting."
2133,2979,3,10,60,73,1.2191780821917808,0.059316808478386204,614,"Now Mr. Beethoven, you really shouldn't threaten to roll over."
2157,2979,3,10,60,73,1.2191780821917808,0.059316808478386204,614,Play Freebird.
2179,2979,4,8,61,73,1.2191780821917808,0.062441983247385126,614,"I grew tired of requests for ""Old Man River"""
2257,2979,2,12,59,73,1.2191780821917808,0.056017553179841535,614,Come on back...the wait staff is now sharing the tips.
2305,2979,2,12,59,73,1.2191780821917808,0.056017553179841535,614,The Piano Guys left it on their last gig
2313,2979,2,12,59,73,1.2191780821917808,0.056017553179841535,614,"Hi Sir, I think you missed a note?"
2338,2979,3,10,60,73,1.2191780821917808,0.059316808478386204,614,I hear there’s an opening at the restaurant on the other mountain.
2452,2979,2,12,59,73,1.2191780821917808,0.056017553179841535,614,"Just so you know, the E flat ain’t flat."
2483,2979,2,12,59,73,1.2191780821917808,0.056017553179841535,614,I'm taking requests.
2539,2979,2,12,59,73,1.2191780821917808,0.056017553179841535,614,Is there a unified grand theory?
2557,2979,3,10,60,73,1.2191780821917808,0.059316808478386204,614,I brought my flute
2581,2979,1,14,58,73,1.2191780821917808,0.05251141552511415,614,Hi...you called for a piano tuner?
2603,2979,2,12,59,73,1.2191780821917808,0.056017553179841535,614,"I started on the ground floor, but music lifted me to new heights ."
3360,2979,3,10,60,73,1.2191780821917808,0.059316808478386204,614,"Yes, I brought up the tip jar you forgot below"
5210,2979,2,12,59,73,1.2191780821917808,0.056017553179841535,614,"I'm sorry George, I searched all over but I can't find Ira."
5179,2979,3,10,60,73,1.2191780821917808,0.059316808478386204,614,I wish they'd told me at the bottom that you refuse to play 'Piano Man' again.
5150,2979,1,14,58,73,1.2191780821917808,0.05251141552511415,614,You must know Livin on a Prayer by Bon Jovii
4314,2979,2,12,59,73,1.2191780821917808,0.056017553179841535,614,"I don’t see it being a one hit wonder. You haven’t hit rock bottom, yet."
4220,2979,3,10,60,73,1.2191780821917808,0.059316808478386204,614,So it was YOU who wrote the songs that make the whole world sing!
4218,2979,2,12,59,73,1.2191780821917808,0.056017553179841535,614,The bass player is stuck in traffic
4216,2979,2,12,59,73,1.2191780821917808,0.056017553179841535,614,Can you play flute?
4149,2979,1,14,58,73,1.2191780821917808,0.05251141552511415,614,I was sent to find you. We need that jingle today.
4137,2979,3,10,60,73,1.2191780821917808,0.059316808478386204,614,Don’t leave me hanging! Finish the song already.
4081,2979,5,6,62,73,1.2191780821917808,0.06541803096755436,614,Please knock it off. Sound really travels around these parts.
4068,2979,3,10,60,73,1.2191780821917808,0.059316808478386204,614,At last. I will now play the Requiem
4053,2979,2,12,59,73,1.2191780821917808,0.056017553179841535,614,I heard in base camp that you take requests.
4040,2979,3,10,60,73,1.2191780821917808,0.059316808478386204,614,Can you tell me how to get to Carnegie Hall?
4029,2979,0,16,57,73,1.2191780821917808,0.04875378197274571,614,Right. So you don't take requests?
4000,2979,1,14,58,73,1.2191780821917808,0.05251141552511415,614,The grand idea was to focus on my high notes...
3952,2979,3,10,60,73,1.2191780821917808,0.059316808478386204,614,Do you know any Nickelback?
3942,2979,1,14,58,73,1.2191780821917808,0.05251141552511415,614,There will be a slight surcharge for this tuning service.
3850,2979,3,10,60,73,1.2191780821917808,0.059316808478386204,614,"Too late, sorry, I don't do encores."
3800,2979,3,10,60,73,1.2191780821917808,0.059316808478386204,614,"No, but if you hum a few bars I bet I can play it."
3798,2979,2,12,59,73,1.2191780821917808,0.056017553179841535,614,Looks like your career has really hit a plateau
3789,2979,0,16,57,73,1.2191780821917808,0.04875378197274571,614,Do you know any good yodel-alongs?
3714,2979,3,10,60,73,1.2191780821917808,0.059316808478386204,614,I gather you were put here after someone heard you play.
3683,2979,3,10,60,73,1.2191780821917808,0.059316808478386204,614,Have you heard about the exciting opportunities provided by Amway?
3682,2979,2,12,59,73,1.2191780821917808,0.056017553179841535,614,Hi. Sorry I'm late. You called for a page turner?
3653,2979,3,10,60,73,1.2191780821917808,0.059316808478386204,614,Can you tell me the meaning of life in three notes?
3560,2979,3,10,60,73,1.2191780821917808,0.059316808478386204,614,I compose scores for really off Broadway productions.
3541,2979,3,10,60,73,1.2191780821917808,0.059316808478386204,614,Am I late?
3510,2979,3,10,60,73,1.2191780821917808,0.059316808478386204,614,I can only play high notes.
3483,2979,4,8,61,73,1.2191780821917808,0.062441983247385126,614,"Oh, Lord, why didn’t you let me tune it with a prayer from down in the valley?"
1649,2979,2,12,59,73,1.2191780821917808,0.056017553179841535,614,"Steep learning curve, eh?"
4323,2979,2,12,59,73,1.2191780821917808,0.056017553179841535,614,This looks staged.
3385,2979,3,10,60,73,1.2191780821917808,0.059316808478386204,614,"Look, man. Neither one of us wants to be here..."
5647,2979,3,10,60,73,1.2191780821917808,0.059316808478386204,614,"This time, could you play the encore before I go down to clap?"
4523,2979,4,8,61,73,1.2191780821917808,0.062441983247385126,614,Composing something for the end of the world isn’t as easy as you’d think.
5136,2979,2,12,59,73,1.2191780821917808,0.056017553179841535,614,Isn't it grand?
5124,2979,1,14,58,73,1.2191780821917808,0.05251141552511415,614,"Meant Grand Canyon, didn't you? Happens all the time. Damn autocorrect."
5093,2979,2,12,59,73,1.2191780821917808,0.056017553179841535,614,Guess this peak is occupied too. I'll put my flag elsewhere.
5087,2979,1,14,58,73,1.2191780821917808,0.05251141552511415,614,sorry I'm late. had to go back for the tuning hammer.
5078,2979,3,10,60,73,1.2191780821917808,0.059316808478386204,614,Could I hear the meaning of life in C major?
5067,2979,1,14,58,73,1.2191780821917808,0.05251141552511415,614,Fiddle vs violin? What's the difference? Wrong mountain!!! I...only discuss piano vs harpsichords.
5057,2979,5,6,62,73,1.2191780821917808,0.06541803096755436,614,I'm here for The Night on Bald Mountain
5049,2979,2,12,59,73,1.2191780821917808,0.056017553179841535,614,"Pardon me, do you have any Grey Poupon?"
5036,2979,4,8,61,73,1.2191780821917808,0.062441983247385126,614,And here I thought I was carrying a large burden...
5020,2979,2,12,59,73,1.2191780821917808,0.056017553179841535,614,I've been here ever since my career reached a plateau.
4940,2979,3,10,60,73,1.2191780821917808,0.059316808478386204,614,Do you have wi-fi?
5554,2979,1,14,58,73,1.2191780821917808,0.05251141552511415,614,"Just don't ask me to play ""Rocky Mountain High!"""
4882,2979,1,14,58,73,1.2191780821917808,0.05251141552511415,614,I forgot the tuning lever
4853,2979,2,12,59,73,1.2191780821917808,0.056017553179841535,614,You're supposed to figuratively find me
4840,2979,2,12,59,73,1.2191780821917808,0.056017553179841535,614,I thought you might need a piano mover.
4821,2979,2,12,59,73,1.2191780821917808,0.056017553179841535,614,Play something? Maybe if I ever had time to practice and a little inspiration.
4774,2979,2,12,59,73,1.2191780821917808,0.056017553179841535,614,Can my two drinks be water?
4760,2979,2,12,59,73,1.2191780821917808,0.056017553179841535,614,The goats think you've peaked.
4754,2979,2,12,59,73,1.2191780821917808,0.056017553179841535,614,"""Ain't No Mountain High Enough"" is a song, Jim. I was requesting a song."
4738,2979,2,12,59,73,1.2191780821917808,0.056017553179841535,614,"The site is heavenly, but the acoustics......."
4703,2979,4,8,61,73,1.2191780821917808,0.062441983247385126,614,Let me guess: Music begins where words leave off?
4692,2979,0,16,57,73,1.2191780821917808,0.04875378197274571,614,"Sorry, I’m not ready for my lesson yet. I haven’t had time to practice."
4617,2979,3,10,60,73,1.2191780821917808,0.059316808478386204,614,This is not what I meant by learning your scales.
4594,2979,1,14,58,73,1.2191780821917808,0.05251141552511415,614,Sounds a little flat
4569,2979,0,16,57,73,1.2191780821917808,0.04875378197274571,614,Thats it?
4565,2979,3,10,60,73,1.2191780821917808,0.059316808478386204,614,Finally! I was starting to decompose.
4530,2979,1,14,58,73,1.2191780821917808,0.05251141552511415,614,The piano tuner finally arrives.
4521,2979,3,10,60,73,1.2191780821917808,0.059316808478386204,614,Well I guess the hills really are alive with music.
1625,2979,2,12,59,73,1.2191780821917808,0.056017553179841535,614,"Can you play ""There Ain't No Mountain Higher""?"
6148,2979,3,10,60,73,1.2191780821917808,0.059316808478386204,614,So... is life really just a baby grand illusion?
1600,2979,1,14,58,73,1.2191780821917808,0.05251141552511415,614,"Oh Man, I think I got the wrong mountain."
5920,2979,2,12,59,73,1.2191780821917808,0.056017553179841535,614,"Still working on that mixtape, Tom?"
6104,2979,3,10,60,73,1.2191780821917808,0.059316808478386204,614,"Unless you're a piano tuner, don't even ask!"
73,2979,1,14,58,73,1.2191780821917808,0.05251141552511415,614,Does this Middle C sound a little high to you?
174,2979,2,12,59,73,1.2191780821917808,0.056017553179841535,614,"With that clumsy fingerwork, I don't know if I'd call myself 'Master.'"
5902,2979,4,8,61,73,1.2191780821917808,0.062441983247385126,614,I can hum a few bars of 'On Top of Old Smokey'.
333,2979,3,10,60,73,1.2191780821917808,0.059316808478386204,614,The key to life? C-minor...
1614,2979,3,10,60,73,1.2191780821917808,0.059316808478386204,614,I thought I heard something
349,2979,1,14,58,73,1.2191780821917808,0.05251141552511415,614,This orchestra-nosebleed section is truly one of a kind!
368,2979,2,12,59,73,1.2191780821917808,0.056017553179841535,614,Are you the piano tuner?
372,2979,3,10,60,73,1.2191780821917808,0.059316808478386204,614,"If it's a Steinway, I'll hear you out."
431,2979,1,14,58,73,1.2191780821917808,0.05251141552511415,614,Only Beethoven sonatas reach these heights!
494,2979,0,16,57,73,1.2191780821917808,0.04875378197274571,614,"No, this is only A Minor accomplishment."
519,2979,3,10,60,73,1.2191780821917808,0.059316808478386204,614,Where's your piano?
536,2979,2,12,59,73,1.2191780821917808,0.056017553179841535,614,You must know a tune other than 'Ain't No Mountain High Enough'.
357,2979,2,12,59,73,1.2191780821917808,0.056017553179841535,614,You know you could have just streamed my podcast.
5934,2979,3,10,60,73,1.2191780821917808,0.059316808478386204,614,You were expecting inspiration?
5516,2979,4,8,61,73,1.2191780821917808,0.062441983247385126,614,You should try starting from the bottom.
5935,2979,3,10,60,73,1.2191780821917808,0.059316808478386204,614,"I’ve climbed every mountain, played every key, but I just can’t get it."
6161,2979,2,12,59,73,1.2191780821917808,0.056017553179841535,614,Which way to Carnegie Hall?
6180,2979,2,12,59,73,1.2191780821917808,0.056017553179841535,614,I don't suppose you could play Tiny Dancer?
6309,2979,1,14,58,73,1.2191780821917808,0.05251141552511415,614,How long is it to Tipperary?
6311,2979,2,12,59,73,1.2191780821917808,0.056017553179841535,614,Oh no--not another artistic plateau!
6361,2979,2,12,59,73,1.2191780821917808,0.056017553179841535,614,And you still believe in a unified singularity?
6047,2979,2,12,59,73,1.2191780821917808,0.056017553179841535,614,"No, I'm not the piano tuner."
6369,2979,1,14,58,73,1.2191780821917808,0.05251141552511415,614,"Could you play something more dramatic, maybe with a cliffhanger ending?"
6388,2979,3,10,60,73,1.2191780821917808,0.059316808478386204,614,Need some help with your cliff’s notes!?
6461,2979,1,14,58,73,1.2191780821917808,0.05251141552511415,614,I just want to say that you're my favorite soloist.
6466,2979,1,14,58,73,1.2191780821917808,0.05251141552511415,614,"Hey, Moses! Are these lyrics ready to cast into Hard Rock?"
6482,2979,3,10,60,73,1.2191780821917808,0.059316808478386204,614,Towel off. The dinner show's at six.
6495,2979,1,14,58,73,1.2191780821917808,0.05251141552511415,614,What do you mean you haven't practiced?
6554,2979,2,12,59,73,1.2191780821917808,0.056017553179841535,614,"And then she said, “I only pretended to like shopping at REI.” That’s when I knew it was over."
6633,2979,1,14,58,73,1.2191780821917808,0.05251141552511415,614,"You can’t keep Haydn from the nurses like this, Papa."
6635,2979,2,12,59,73,1.2191780821917808,0.056017553179841535,614,So where do you need it moving to?
537,2979,2,12,59,73,1.2191780821917808,0.056017553179841535,614,"I don't think ""Jump"" is appropriate accompaniment for this endeavor."
543,2979,2,12,59,73,1.2191780821917808,0.056017553179841535,614,"You were expecting Eric Clapton, maybe?"
5518,2979,2,12,59,73,1.2191780821917808,0.056017553179841535,614,I'm still waiting for the bass player.
596,2979,1,14,58,73,1.2191780821917808,0.05251141552511415,614,Do you have the lost cord?
585,2979,3,10,60,73,1.2191780821917808,0.059316808478386204,614,I am the piano tuner.
908,2979,3,10,60,73,1.2191780821917808,0.059316808478386204,614,"I climbed this whole way to learn the oracle, and all you have is ""chopsticks?"""
983,2979,2,12,59,73,1.2191780821917808,0.056017553179841535,614,I dunno...”Life is grand?”
1010,2979,0,16,57,73,1.2191780821917808,0.04875378197274571,614,"Somehow, the view is still less grand than I expected."
1065,2979,0,16,57,73,1.2191780821917808,0.04875378197274571,614,The truth is I prefer the violin.
1152,2979,3,10,60,73,1.2191780821917808,0.059316808478386204,614,Are you the one that called for a piano tuner?
1249,2979,2,12,59,73,1.2191780821917808,0.056017553179841535,614,Your late your lesson started at Six
1264,2979,0,16,57,73,1.2191780821917808,0.04875378197274571,614,Have you finished the sonata?
1265,2979,5,6,62,73,1.2191780821917808,0.06541803096755436,614,The gang at the base camp liked that last version and were hoping you could move on to something else.
1289,2979,1,14,58,73,1.2191780821917808,0.05251141552511415,614,"Time, you're a great teacher, but unfortunately you're killing your pupils."
1312,2979,3,10,60,73,1.2191780821917808,0.059316808478386204,614,I came here for piece and quiet.
1390,2979,1,14,58,73,1.2191780821917808,0.05251141552511415,614,I thought I recognized that tune.
5834,2979,2,12,59,73,1.2191780821917808,0.056017553179841535,614,"Is this where you wrote ""Stairway to Heaven""??"
1434,2979,4,8,61,73,1.2191780821917808,0.062441983247385126,614,"Sorry Phil, I still haven't heard back from Carnegie Hall. But keep practicing."
1546,2979,1,14,58,73,1.2191780821917808,0.05251141552511415,614,"Excuse me, is this the Steinway Pass by any chance?"
1261,2979,2,12,59,73,1.2191780821917808,0.056017553179841535,614,A lot of people have trouble resolving the dominant seventh at this altitude.
1550,2979,3,10,60,73,1.2191780821917808,0.059316808478386204,614,"I'm sorry, but the HOA only permits upright pianos."
666,2979,1,14,58,73,1.2191780821917808,0.05251141552511415,614,"Grand Teton? No, this is the Grand Piano Teton."
710,2979,2,12,59,73,1.2191780821917808,0.056017553179841535,614,The key to fulfillment is G mixolydian.
732,2979,4,8,61,73,1.2191780821917808,0.062441983247385126,614,"Do you know ""Chopsticks?"""
897,2979,2,12,59,73,1.2191780821917808,0.056017553179841535,614,Professor Franklin only accepted piano students who could prove their dedication to their art.
779,2979,3,10,60,73,1.2191780821917808,0.059316808478386204,614,hey here is your 5 dollar tip
781,2979,2,12,59,73,1.2191780821917808,0.056017553179841535,614,"""Let me guess. You want to request ""Climb Every Mountain"", right?"
791,2979,1,14,58,73,1.2191780821917808,0.05251141552511415,614,C# or Bb.
766,2979,1,14,58,73,1.2191780821917808,0.05251141552511415,614,"Oh Hell, I was hoping to find the bassoon hermit."
798,2979,1,14,58,73,1.2191780821917808,0.05251141552511415,614,"Tell you what, Maestro - I'll give you the last two beers in my pack for a rousing rendition of Beethoven's Emperor concerto?"
893,2979,2,12,59,73,1.2191780821917808,0.056017553179841535,614,Your music is extremely uplifting.
5777,2979,2,12,59,73,1.2191780821917808,0.056017553179841535,614,"Would you play a ""Stairway to Heaven"" for me?"
874,2979,3,10,60,73,1.2191780821917808,0.059316808478386204,614,Thank god you're here. This piano has been flat for weeks
880,2979,2,12,59,73,1.2191780821917808,0.056017553179841535,614,You might want to consider a resident tuner.
863,2979,3,10,60,73,1.2191780821917808,0.059316808478386204,614,Coachella has everything this year.
1575,2979,5,6,62,73,1.2191780821917808,0.06541803096755436,614,"Master, can you tell me how to get to Carnegie Hall?"
913,3168,1,13,55,69,1.2173913043478262,0.054112876632765046,614,"How about ""Despersito?"""
5191,3168,1,13,55,69,1.2173913043478262,0.054112876632765046,614,Hey Mussorgsky! Did you really spend the night up hete?
165,3170,2,12,60,74,1.2162162162162162,0.05533469992039017,614,"I beg of you, please stop playing 'Let It Go.'"
1098,3170,3,10,61,74,1.2162162162162162,0.05858465893239631,614,"I can't Handel one more day of ""Rocky Mountain High"". I'm leaving and I won't be Bach."
1087,3170,2,12,60,74,1.2162162162162162,0.05533469992039017,614,You're disrupting my ability to be composed.
1074,3170,2,12,60,74,1.2162162162162162,0.05533469992039017,614,Requests? Sure! Anything but 'Happy Birthday.' Or 'Piano Man.'
892,3170,3,10,61,74,1.2162162162162162,0.05858465893239631,614,After 7 years he finally found Plato playing piano on a plateau.
5214,3170,2,12,60,74,1.2162162162162162,0.05533469992039017,614,Sorry to be the one to tell you but—you’ve peaked.
769,3170,3,10,61,74,1.2162162162162162,0.05858465893239631,614,"It took forever to reach the high notes, but they seem a little flat."
5099,3170,0,16,58,74,1.2162162162162162,0.04818155789706759,614,I thought I'd find you here.
715,3170,4,8,62,74,1.2162162162162162,0.06166356711357833,614,Not exactly what I imagined when I thought of God given talents
600,3170,3,10,61,74,1.2162162162162162,0.05858465893239631,614,"No, I don't have an idea for a song, but do you know the way to San Jose?"
484,3170,4,8,62,74,1.2162162162162162,0.06166356711357833,614,HI! I am taking a one-minute rest. Can you please play the Minute Waltz for me?
336,3170,3,10,61,74,1.2162162162162162,0.05858465893239631,614,"Bad news! ""Go tell it on the mountain"" has already been written."
119,3170,0,16,58,74,1.2162162162162162,0.04818155789706759,614,"Ask me anything, just as long as you don't ask me to play ""Feelings""."
326,3170,2,12,60,74,1.2162162162162162,0.05533469992039017,614,Get a haircut.
149,3170,2,12,60,74,1.2162162162162162,0.05533469992039017,614,Piano tuner? I was told you asked for a popular crooner.
1243,3170,2,12,60,74,1.2162162162162162,0.05533469992039017,614,I thought that getting high would facilitate my writing.
2079,3170,1,14,59,74,1.2162162162162162,0.05188155518422758,614,"Sorry, this is just the crescendo. The climax is still ahead."
1612,3170,2,12,60,74,1.2162162162162162,0.05533469992039017,614,"""Ain't no mountain high enough?"" Don't know it."
4951,3170,2,12,60,74,1.2162162162162162,0.05533469992039017,614,"Sorry, I'm on my break."
4761,3170,5,6,63,74,1.2162162162162162,0.0645958880743686,614,"Forgive the intrusion, but your piano needs tuning"
4713,3170,3,10,61,74,1.2162162162162162,0.05858465893239631,614,The meaning of life? No Problem. Of the Rach 3? vey iz mir.
4462,3170,2,12,60,74,1.2162162162162162,0.05533469992039017,614,"Well, my son, the key to a happy life is B-Flat. So stop climbing mountains."
4142,3170,0,16,58,74,1.2162162162162162,0.04818155789706759,614,"Well, do you know anything else from The Sound Of Music?"
3968,3170,4,8,62,74,1.2162162162162162,0.06166356711357833,614,"Just one more request, please."
3440,3170,2,12,60,74,1.2162162162162162,0.05533469992039017,614,"So, this is the pinnacle?"
3426,3170,2,12,60,74,1.2162162162162162,0.05533469992039017,614,I really don't think I've been this high before
3338,3170,1,14,59,74,1.2162162162162162,0.05188155518422758,614,Dang...I forgot your metronome.
5159,3170,4,8,62,74,1.2162162162162162,0.06166356711357833,614,I lost my head playing 'The Messiah.'
4770,3170,3,10,61,74,1.2162162162162162,0.05858465893239631,614,"Well no... I'm sorry, I just didn't think I would really need to pack a tuning kit."
2806,3170,2,12,60,74,1.2162162162162162,0.05533469992039017,614,"I know it’s lonely at the top, so I thought I’d pop in to say hi."
2766,3170,4,8,62,74,1.2162162162162162,0.06166356711357833,614,"Just try taking up an instrument with a baby at home, then you can judge me."
2588,3170,1,14,59,74,1.2162162162162162,0.05188155518422758,614,I guess you musicians really do need to get high.
2470,3170,3,10,61,74,1.2162162162162162,0.05858465893239631,614,"Play it, Sam."
2464,3170,1,14,59,74,1.2162162162162162,0.05188155518422758,614,"Into Thin Air, performed by Jon Krakauer"
2376,3170,3,10,61,74,1.2162162162162162,0.05858465893239631,614,"Oh, lost CHORD! I brought a cord."
1753,3170,4,8,62,74,1.2162162162162162,0.06166356711357833,614,The Baby Grand Tetons.
1755,3170,4,8,62,74,1.2162162162162162,0.06166356711357833,614,Were you expecting Julie Andrews?
1774,3170,1,14,59,74,1.2162162162162162,0.05188155518422758,614,"Guru, is there music after Chopin?"
1893,3170,2,12,60,74,1.2162162162162162,0.05533469992039017,614,Do you know Body and Soul?
2080,3170,2,12,60,74,1.2162162162162162,0.05533469992039017,614,Were you just playing Clair de Lune?
2090,3170,2,12,60,74,1.2162162162162162,0.05533469992039017,614,They were out of G strings.
1488,3170,2,12,60,74,1.2162162162162162,0.05533469992039017,614,"Hey, aren’t you the guy who wrote ‘Ain’t No Mountain High Enough?’"
2111,3170,1,14,59,74,1.2162162162162162,0.05188155518422758,614,"Please tell me you know the Secondo to ""Heart & Soul."""
2148,3170,1,14,59,74,1.2162162162162162,0.05188155518422758,614,I never said getting to Carnegie Hall was easy.
2209,3170,3,10,61,74,1.2162162162162162,0.05858465893239631,614,"Stairway to Heaven, please."
2225,3170,2,12,60,74,1.2162162162162162,0.05533469992039017,614,And don't even think about asking for help getting back down!
2323,3170,3,10,61,74,1.2162162162162162,0.05858465893239631,614,"Yeah, I brought the tuning tools, but for God's sake quit trying to work with 12 tones, Moses. Downsize to 10 for peak inspiration."
2330,3170,3,10,61,74,1.2162162162162162,0.05858465893239631,614,"Huh, I must have passed the gift shop."
2337,3170,1,14,59,74,1.2162162162162162,0.05188155518422758,614,"Well, I can't provide you with wisdom but I can play ""Misty""."
2143,3170,2,12,60,74,1.2162162162162162,0.05533469992039017,614,"Up here, if Beethoven rolls over, it's his worry, not yours."
2841,3170,2,12,60,74,1.2162162162162162,0.05533469992039017,614,"Aahh, it's been a long time since I've heard that concerto played so well!"
5064,3170,0,16,58,74,1.2162162162162162,0.04818155789706759,614,"Mr Russell, Mark Russell? PBS is willing to take another chance on your political satire."
5394,3170,1,14,59,74,1.2162162162162162,0.05188155518422758,614,Were you expecting Buddha on a mountaintop?
5016,3170,1,14,59,74,1.2162162162162162,0.05188155518422758,614,O Moody One.....I come in search of the Lost Chord
6289,3170,0,16,58,74,1.2162162162162162,0.04818155789706759,614,Am I early?
6282,3170,5,6,63,74,1.2162162162162162,0.0645958880743686,614,"Mussorgsky, you got mail."
6274,3170,0,16,58,74,1.2162162162162162,0.04818155789706759,614,I have sad news. Rachmaninov is not coming to hear you play.
6184,3170,4,8,62,74,1.2162162162162162,0.06166356711357833,614,"Sorry it took so long?and then, would you believe?I forgot to bring the tuning fork."
6102,3170,3,10,61,74,1.2162162162162162,0.05858465893239631,614,I asked for Piano for Beginners but He delivered Beethoven.
5341,3170,1,14,59,74,1.2162162162162162,0.05188155518422758,614,At last: an audience for my encore!
5944,3170,2,12,60,74,1.2162162162162162,0.05533469992039017,614,"Finding God is like an arduous climb, reaching a plateau of circular reasoning, and only finding a decrepit man at a piano........."
5964,3170,1,14,59,74,1.2162162162162162,0.05188155518422758,614,Are you the muse I requested?
5835,3170,1,14,59,74,1.2162162162162162,0.05188155518422758,614,I'm sorry but the concert is a sellout.
5807,3170,2,12,60,74,1.2162162162162162,0.05533469992039017,614,"Sorry, I'm late. Let me clock in, then we'll switch shifts."
5870,3170,2,12,60,74,1.2162162162162162,0.05533469992039017,614,"They told me I'd find the key up here, but I wasn't expecting 88 of them..."
5908,3170,3,10,61,74,1.2162162162162162,0.05858465893239631,614,Bad news from the Shire. Gandalf the White Album failed to chart.
817,3236,4,7,59,70,1.2142857142857142,0.06400329036203155,614,They told me you had reached a plateau but I didn’t realize you had come so far.
6497,3236,2,11,57,70,1.2142857142857142,0.057168731202205635,614,"If you're here to complain about the noise, the local yeti already did that."
5271,3236,2,11,57,70,1.2142857142857142,0.057168731202205635,614,Did you call a tuner?
1450,3236,2,11,57,70,1.2142857142857142,0.057168731202205635,614,"Well, Dad . . . did you ever get that pack of cigarettes?"
1140,3236,3,9,58,70,1.2142857142857142,0.06068230798361479,614,I saw your post on Letgo.
5763,3236,1,13,56,70,1.2142857142857142,0.05342457442340369,614,"So this is your hall, Mountain King?"
6662,3242,2,12,61,75,1.2133333333333334,0.054667985042331585,614,They flubbed it! YOU won the Oscar for best song.
1004,3242,2,12,61,75,1.2133333333333334,0.054667985042331585,614,You played...poorly.
1444,3242,2,12,61,75,1.2133333333333334,0.054667985042331585,614,"Mr. Salieri, I presume?"
2585,3242,2,12,61,75,1.2133333333333334,0.054667985042331585,614,Did Mahler cause that?
991,3242,0,16,59,75,1.2133333333333334,0.04762213632196553,614,You were right. It’s Mi before Fa.
2593,3242,3,10,62,75,1.2133333333333334,0.057870104103491554,614,I hope it just needs a tuning.
3049,3242,2,12,61,75,1.2133333333333334,0.054667985042331585,614,Please don’t play “Free Falling”.
3129,3242,2,12,61,75,1.2133333333333334,0.054667985042331585,614,"Do you know ""The Meaning of Life""?"
4125,3242,1,14,60,75,1.2133333333333334,0.051266248431382506,614,Your piano is out of tune.
5158,3242,4,8,63,75,1.2133333333333334,0.06090409928165189,614,I’m the piano tuner you called for.
5307,3242,2,12,61,75,1.2133333333333334,0.054667985042331585,614,Have you tried the accordion?
1606,3242,2,12,61,75,1.2133333333333334,0.054667985042331585,614,"No, I don't know it. Hum a few bars."
973,3242,3,10,62,75,1.2133333333333334,0.057870104103491554,614,"Just to let you know, your vibrato needs work."
1138,3242,1,14,60,75,1.2133333333333334,0.051266248431382506,614,How do you keep your piano tuned at this altitude?
786,3242,1,14,60,75,1.2133333333333334,0.051266248431382506,614,I was born here.
825,3242,2,12,61,75,1.2133333333333334,0.054667985042331585,614,Bach was ahead of his time also.
868,3242,1,14,60,75,1.2133333333333334,0.051266248431382506,614,Sonata for a fallen Wall Climber? I don't think I know that one.
3127,3259,3,9,59,71,1.2112676056338028,0.05989760866882798,614,Is it true that Every Good Boy Does Fine?
3155,3259,3,9,59,71,1.2112676056338028,0.05989760866882798,614,The same way you got here.
3164,3259,2,11,58,71,1.2112676056338028,0.05643854212612625,614,"Certainly, it's the best version of 4'33"" I've heard."
3181,3259,2,11,58,71,1.2112676056338028,0.05643854212612625,614,"I can't stay. Play ""The Minute Waltz?"""
3247,3259,2,11,58,71,1.2112676056338028,0.05643854212612625,614,"I don’t know much about art, but I know what I like."
3282,3259,1,13,57,71,1.2112676056338028,0.05275314730327469,614,Perk up---the market for high altitude classical music is about to take off.
3351,3259,2,11,58,71,1.2112676056338028,0.05643854212612625,614,I am the piano tuner. I'm here to tune your piano.
2243,3259,3,9,59,71,1.2112676056338028,0.05989760866882798,614,So that's why it's called the Grand Canyon !
2155,3259,2,11,58,71,1.2112676056338028,0.05643854212612625,614,"As shown in this concept art, the filmmakers originally wanted Skywalker to take up a new hobby during his self-imposed exile"
3126,3259,2,11,58,71,1.2112676056338028,0.05643854212612625,614,"Windy, huh?"
2154,3259,2,11,58,71,1.2112676056338028,0.05643854212612625,614,"Sorry, I don't do requests."
2151,3259,3,9,59,71,1.2112676056338028,0.05989760866882798,614,"I came for the music, but fell in love with the man."
2134,3259,0,15,56,71,1.2112676056338028,0.048790163593489505,614,I come here when I can't think.
2132,3259,0,15,56,71,1.2112676056338028,0.048790163593489505,614,"Yes, I know you have climbed for three days, but I've also hit a plateau."
2110,3259,1,13,57,71,1.2112676056338028,0.05275314730327469,614,"Yes, I do perform requests--as long as your request is 'Rescue Me.'"
1948,3259,3,9,59,71,1.2112676056338028,0.05989760866882798,614,"Call me crazy, but I believe that rule-breaking will ultimately bring some interesting results."
1935,3259,3,9,59,71,1.2112676056338028,0.05989760866882798,614,"You don't happen to have a tuning fork, do you?"
2238,3259,3,9,59,71,1.2112676056338028,0.05989760866882798,614,Can you tune this damn thing?
2318,3259,4,7,60,71,1.2112676056338028,0.06316753922043811,614,"Can I request ""Stairway to Heaven""?"
3374,3259,2,11,58,71,1.2112676056338028,0.05643854212612625,614,“Hey — do you know ‘Tie a Yellow Ribbon”?
3057,3259,3,9,59,71,1.2112676056338028,0.05989760866882798,614,Are you taking requests?
2343,3259,4,7,60,71,1.2112676056338028,0.06316753922043811,614,Do you know 'Surfin' USA'?
2351,3259,1,13,57,71,1.2112676056338028,0.05275314730327469,614,Do you know the one that goes da da da da da?
2370,3259,4,7,60,71,1.2112676056338028,0.06316753922043811,614,Start spreading the news...
2380,3259,3,9,59,71,1.2112676056338028,0.05989760866882798,614,did you ring for a piano tuner?
2413,3259,0,15,56,71,1.2112676056338028,0.048790163593489505,614,It's a tough crowd.
2296,3259,2,11,58,71,1.2112676056338028,0.05643854212612625,614,Is there a lighter punishment than playing Wagner?
2492,3259,1,13,57,71,1.2112676056338028,0.05275314730327469,614,"Just like your teacher said, the answer is Practice!"
2546,3259,2,11,58,71,1.2112676056338028,0.05643854212612625,614,Is it always that flat?
2575,3259,1,13,57,71,1.2112676056338028,0.05275314730327469,614,Serenade ... now.
3102,3259,4,7,60,71,1.2112676056338028,0.06316753922043811,614,I don’t know. How about ‘Climb every Mountain’.
2636,3259,2,11,58,71,1.2112676056338028,0.05643854212612625,614,Liberace?
2699,3259,3,9,59,71,1.2112676056338028,0.05989760866882798,614,They were out of pencils.
2783,3259,2,11,58,71,1.2112676056338028,0.05643854212612625,614,The moment Roger finds out the lesson is about more than the piano.
2856,3259,1,13,57,71,1.2112676056338028,0.05275314730327469,614,Who were you expecting? Rockmaninov?
2861,3259,2,11,58,71,1.2112676056338028,0.05643854212612625,614,"A nation turns its lonely eyes to you, Mr. Manilow."
2899,3259,0,15,56,71,1.2112676056338028,0.048790163593489505,614,Before I go....... could you play me out?
2969,3259,3,9,59,71,1.2112676056338028,0.05989760866882798,614,Did I miss the show?
2993,3259,2,11,58,71,1.2112676056338028,0.05643854212612625,614,"I thought the program was ""Two pianos, four hands."""
3011,3259,2,11,58,71,1.2112676056338028,0.05643854212612625,614,"I was hoping for Rachmaninov, not Rock Man Enough. Uggh!"
3045,3259,2,11,58,71,1.2112676056338028,0.05643854212612625,614,Is the page-turner position still available?
2640,3259,2,11,58,71,1.2112676056338028,0.05643854212612625,614,Moses plays the piano?!
3114,3259,0,15,56,71,1.2112676056338028,0.048790163593489505,614,"Sorry, I don't know that number."
5760,3259,3,9,59,71,1.2112676056338028,0.05989760866882798,614,"Having moved on from Gregorian chants, God was attempting to learn some Elton John."
3444,3259,1,13,57,71,1.2112676056338028,0.05275314730327469,614,Do you know anything by Kendrick Lamar?
5535,3259,1,13,57,71,1.2112676056338028,0.05275314730327469,614,Elton told me to tell you it's in the key of C.
6742,3259,4,7,60,71,1.2112676056338028,0.06316753922043811,614,Any chance I could convince you to schedule in-home piano lessons?
850,3259,0,15,56,71,1.2112676056338028,0.048790163593489505,614,Don't bother--they gave it to Kendrick Lamar.
5531,3259,1,13,57,71,1.2112676056338028,0.05275314730327469,614,"Some say I'm over the hill when really, I'm at the peak."
5499,3259,2,11,58,71,1.2112676056338028,0.05643854212612625,614,"Sorry, Happy Hour doesn't start 'til 4."
5472,3259,2,11,58,71,1.2112676056338028,0.05643854212612625,614,I've got the reports. The streaming service says you've got forty-seven cents coming.
5443,3259,3,9,59,71,1.2112676056338028,0.05989760866882798,614,It takes a long time to perfect the skill of scaling.
5368,3259,3,9,59,71,1.2112676056338028,0.05989760866882798,614,"Still alive, with the sound of music?"
5268,3259,2,11,58,71,1.2112676056338028,0.05643854212612625,614,You always did like to challenge your audience.
5255,3259,1,13,57,71,1.2112676056338028,0.05275314730327469,614,"It's a long way to the top, If you wanna rock 'n' roll (c)"
5227,3259,2,11,58,71,1.2112676056338028,0.05643854212612625,614,Crescendo!
5215,3259,3,9,59,71,1.2112676056338028,0.05989760866882798,614,"Hi, um, do you take requests?"
5085,3259,3,9,59,71,1.2112676056338028,0.05989760866882798,614,Bad news. People still hate your atonal quote music unquote.
5073,3259,2,11,58,71,1.2112676056338028,0.05643854212612625,614,I forgot the tuning kit
5045,3259,2,11,58,71,1.2112676056338028,0.05643854212612625,614,Want to play Heart and Soul?
5044,3259,2,11,58,71,1.2112676056338028,0.05643854212612625,614,So this is all there is over the rainbow?
5033,3259,2,11,58,71,1.2112676056338028,0.05643854212612625,614,I wanna see money up front before I tune this thing!
5565,3259,1,13,57,71,1.2112676056338028,0.05275314730327469,614,Just checking--would you mind playing that in a lower scale?
5019,3259,1,13,57,71,1.2112676056338028,0.05275314730327469,614,"On a high note, it is time for a rest."
6735,3259,2,11,58,71,1.2112676056338028,0.05643854212612625,614,I know you're old but could you play something a little more uplifting?
6695,3259,2,11,58,71,1.2112676056338028,0.05643854212612625,614,"Mom has been so worried about you, Dad."
5761,3259,3,9,59,71,1.2112676056338028,0.05989760866882798,614,Not bad! That's much closer than I've come to mastering Nirvana.
1916,3259,3,9,59,71,1.2112676056338028,0.05989760866882798,614,Do you know Moonlight Sonata?
5624,3259,3,9,59,71,1.2112676056338028,0.05989760866882798,614,Did you come to tune my piano?
5771,3259,3,9,59,71,1.2112676056338028,0.05989760866882798,614,Encore ! Encore!
5841,3259,2,11,58,71,1.2112676056338028,0.05643854212612625,614,Oops! Dropped my tuning fork!
5901,3259,3,9,59,71,1.2112676056338028,0.05989760866882798,614,Sorry. You’ve taken so long we gave the contract to Lin-Manuel Miranda.
5619,3259,4,7,60,71,1.2112676056338028,0.06316753922043811,614,Something with a good beat that is easy to dance to.
5916,3259,2,11,58,71,1.2112676056338028,0.05643854212612625,614,I thought when I got to the top I'd be done with scales!
5995,3259,3,9,59,71,1.2112676056338028,0.05989760866882798,614,This must be the crescendo!
6150,3259,2,11,58,71,1.2112676056338028,0.05643854212612625,614,"Hello, have you found any keys?"
6190,3259,3,9,59,71,1.2112676056338028,0.05989760866882798,614,I'll play anything except Stairway to Heaven.
5581,3259,0,15,56,71,1.2112676056338028,0.048790163593489505,614,Can’t you play something besides Debussy's 'La Mer'?
6256,3259,2,11,58,71,1.2112676056338028,0.05643854212612625,614,My compositions plateaued years ago.
6387,3259,1,13,57,71,1.2112676056338028,0.05275314730327469,614,"And there he found the long lost musician, decomposing."
6436,3259,2,11,58,71,1.2112676056338028,0.05643854212612625,614,"Yes, I can do a high C."
6621,3259,2,11,58,71,1.2112676056338028,0.05643854212612625,614,Is it just me or does the inspiration feel a bit thin up here?
6637,3259,1,13,57,71,1.2112676056338028,0.05275314730327469,614,"Yes, as it happens, I did pack my metronome."
6726,3259,1,13,57,71,1.2112676056338028,0.05275314730327469,614,I knew the climb wouldn’t just be upright.
4862,3259,1,13,57,71,1.2112676056338028,0.05275314730327469,614,I knew I heard a high E!
4856,3259,2,11,58,71,1.2112676056338028,0.05643854212612625,614,Where too you so long? When I called for a tuner this was a baby grand.
4837,3259,2,11,58,71,1.2112676056338028,0.05643854212612625,614,"In the interest of morale below, would a bit less Adagio Cantabile be too much to ask?"
4049,3259,2,11,58,71,1.2112676056338028,0.05643854212612625,614,"What do you mean, no requests?"
4042,3259,4,7,60,71,1.2112676056338028,0.06316753922043811,614,"Sorry, I was told you'd moved out."
3998,3259,0,15,56,71,1.2112676056338028,0.048790163593489505,614,You didn't bring the lost chord - so beat it.
3979,3259,2,11,58,71,1.2112676056338028,0.05643854212612625,614,welcome to my over the hill party!
3874,3259,2,11,58,71,1.2112676056338028,0.05643854212612625,614,Oh. I misunderstood what you meant by playing with Chopsticks -- I brought sushi.
3868,3259,1,13,57,71,1.2112676056338028,0.05275314730327469,614,"Cheer up, you're still a top tier artist."
3866,3259,1,13,57,71,1.2112676056338028,0.05275314730327469,614,Randy Newman's on the line. He wants his lyrics back.
3808,3259,2,11,58,71,1.2112676056338028,0.05643854212612625,614,I got sick of listening to that giant radiator in church.
3797,3259,4,7,60,71,1.2112676056338028,0.06316753922043811,614,"God, and I though my bag was heavy."
3739,3259,0,15,56,71,1.2112676056338028,0.048790163593489505,614,Did you get me a new tablet?
3662,3259,1,13,57,71,1.2112676056338028,0.05275314730327469,614,"Just wondering, was that Beethoven?"
3648,3259,1,13,57,71,1.2112676056338028,0.05275314730327469,614,"I guess I don't have to ask if 10,000 hours of practice can really substitute for talent."
3521,3259,1,13,57,71,1.2112676056338028,0.05275314730327469,614,You've gotta be kidding me. That can't be all she wrote.
3518,3259,2,11,58,71,1.2112676056338028,0.05643854212612625,614,The hills really are “Alive With Music”.
3499,3259,2,11,58,71,1.2112676056338028,0.05643854212612625,614,"I was hoping to find symphonic enlightenment, but did not expect this level of dis-chord."
3487,3259,2,11,58,71,1.2112676056338028,0.05643854212612625,614,I thought you were going to play Stairway To Heaven
3445,3259,2,11,58,71,1.2112676056338028,0.05643854212612625,614,I guess you don’t like to take requests.
4057,3259,2,11,58,71,1.2112676056338028,0.05643854212612625,614,"No, I will not play ""Freebird"".......again."
4084,3259,2,11,58,71,1.2112676056338028,0.05643854212612625,614,Play me some Anton Berg.
4112,3259,4,7,60,71,1.2112676056338028,0.06316753922043811,614,"I can't thank you enough, kind sir. This has surely been the high note of my trekking expedition."
4120,3259,3,9,59,71,1.2112676056338028,0.05989760866882798,614,Do you accept constructive criticism?
4833,3259,2,11,58,71,1.2112676056338028,0.05643854212612625,614,"Can you play something closer to 120 bpm instead of that ""the hills are alive"" lullaby?"
4705,3259,2,11,58,71,1.2112676056338028,0.05643854212612625,614,Do you know 'How High the Moon?'
4693,3259,5,5,61,71,1.2112676056338028,0.0662763343742479,614,I'm the piano tuner you called.
4691,3259,1,13,57,71,1.2112676056338028,0.05275314730327469,614,It's clear from your playing that you have reached the pinnacle of your profession.
4638,3259,2,11,58,71,1.2112676056338028,0.05643854212612625,614,"I’m warning you, the campers are really gonna snap if you keep practicing “Chop Sticks!”"
4614,3259,2,11,58,71,1.2112676056338028,0.05643854212612625,614,It's a matter of scale.
4609,3259,4,7,60,71,1.2112676056338028,0.06316753922043811,614,I'm guessing you get a lot of requests for 'Stairway to Heaven'.
4605,3259,3,9,59,71,1.2112676056338028,0.05989760866882798,614,"Frankly, I just don't like your tone."
3430,3259,2,11,58,71,1.2112676056338028,0.05643854212612625,614,So Billy Joel does still play at Madison Square Garden.
4582,3259,2,11,58,71,1.2112676056338028,0.05643854212612625,614,Isn't the view grand?
4416,3259,2,11,58,71,1.2112676056338028,0.05643854212612625,614,Is this all there is?
4387,3259,4,7,60,71,1.2112676056338028,0.06316753922043811,614,A-minor clefhanger
5739,3259,0,15,56,71,1.2112676056338028,0.048790163593489505,614,Why did you think it was called the Grand Canyon?
4358,3259,2,11,58,71,1.2112676056338028,0.05643854212612625,614,Finally! Someone to hear my Nickelback covers!
4287,3259,0,15,56,71,1.2112676056338028,0.048790163593489505,614,"So,.... you requested pianotuner.com ??"
4229,3259,4,7,60,71,1.2112676056338028,0.06316753922043811,614,Oh..I'm terribly sorry. I thought you were somebody I recognized.
4194,3259,2,11,58,71,1.2112676056338028,0.05643854212612625,614,If you play Rachmaninoff again I’m jumping.
4144,3259,2,11,58,71,1.2112676056338028,0.05643854212612625,614,I'm sorry I criticized the way you play Bach.
4580,3259,2,11,58,71,1.2112676056338028,0.05643854212612625,614,Are you sure it has to be 'Go Tell It on the Mountain'? I really think 'Go Tell it from the Comfort of Your Own Couch' has a nice ring to it.
1906,3259,1,13,57,71,1.2112676056338028,0.05275314730327469,614,Do you know any Billy Joel?
1604,3259,3,9,59,71,1.2112676056338028,0.05989760866882798,614,Guru-vy.
1833,3259,2,11,58,71,1.2112676056338028,0.05643854212612625,614,Drats! Where can I find the woodwinds?
1032,3259,1,13,57,71,1.2112676056338028,0.05275314730327469,614,"If you hadn't stopped playing 5,000 meters ago, I coda got here sooner."
986,3259,3,9,59,71,1.2112676056338028,0.05989760866882798,614,Are you related to the yodelling kid by any chance?
910,3259,1,13,57,71,1.2112676056338028,0.05275314730327469,614,"How did you and your piano make it to this high peak?"" ""Practice!"
886,3259,2,11,58,71,1.2112676056338028,0.05643854212612625,614,The escalator wasn't working.
854,3259,2,11,58,71,1.2112676056338028,0.05643854212612625,614,"Master, what is the caption for this cartoon?"
785,3259,2,11,58,71,1.2112676056338028,0.05643854212612625,614,“Play it Sam. Play ‘As Time Goes By’.
510,3259,2,11,58,71,1.2112676056338028,0.05643854212612625,614,Can you play any Rock?
483,3259,3,9,59,71,1.2112676056338028,0.05989760866882798,614,He asked me to ask you to play it again.
481,3259,2,11,58,71,1.2112676056338028,0.05643854212612625,614,"We don't pay bands, but it'll be a lot of exposure."
435,3259,1,13,57,71,1.2112676056338028,0.05275314730327469,614,Carnegie Hall called. They said keep practicing.
420,3259,1,13,57,71,1.2112676056338028,0.05275314730327469,614,I wouldn't blame Spotify.
412,3259,1,13,57,71,1.2112676056338028,0.05275314730327469,614,So you're the founder of Classic Rock.
251,3259,4,7,60,71,1.2112676056338028,0.06316753922043811,614,Did someone call for a tuner?
225,3259,3,9,59,71,1.2112676056338028,0.05989760866882798,614,I don't do requests.
201,3259,1,13,57,71,1.2112676056338028,0.05275314730327469,614,Meaning of Life? Do you have the sheet music?
179,3259,4,7,60,71,1.2112676056338028,0.06316753922043811,614,Are you the tuner?
163,3259,2,11,58,71,1.2112676056338028,0.05643854212612625,614,"Sorry,I don't play."
1171,3259,0,15,56,71,1.2112676056338028,0.048790163593489505,614,"Your contract will not be extended any longer, and they want their piano back now."
1175,3259,1,13,57,71,1.2112676056338028,0.05275314730327469,614,I lost more than my hearing on this piece.
1185,3259,2,11,58,71,1.2112676056338028,0.05643854212612625,614,Can I learn the high notes now?
111,3259,1,13,57,71,1.2112676056338028,0.05275314730327469,614,Just as I feared—another anomalous mountain cartoon.
1820,3259,2,11,58,71,1.2112676056338028,0.05643854212612625,614,They want to hear something peppier.
1806,3259,2,11,58,71,1.2112676056338028,0.05643854212612625,614,"Billy, is that you?"
1748,3259,2,11,58,71,1.2112676056338028,0.05643854212612625,614,I can pay you in exposure.
1717,3259,2,11,58,71,1.2112676056338028,0.05643854212612625,614,"Damn, I would, but I'm actually here for the violinist."
1693,3259,3,9,59,71,1.2112676056338028,0.05989760866882798,614,"Oh, did I miss the overture?"
1660,3259,3,9,59,71,1.2112676056338028,0.05989760866882798,614,You better be the piano tuner!
1629,3259,4,7,60,71,1.2112676056338028,0.06316753922043811,614,"Never mind, they want something with guitar."
1619,3259,1,13,57,71,1.2112676056338028,0.05275314730327469,614,You're my muse?
144,3259,3,9,59,71,1.2112676056338028,0.05989760866882798,614,It's still better than learning the bagpipes.
1868,3259,0,15,56,71,1.2112676056338028,0.048790163593489505,614,I brought you the score
1577,3259,2,11,58,71,1.2112676056338028,0.05643854212612625,614,Well that's a surprise. I was expecting Julie Andrews.
1527,3259,0,15,56,71,1.2112676056338028,0.048790163593489505,614,"Mr Liberace, I presume ?"
1521,3259,4,7,60,71,1.2112676056338028,0.06316753922043811,614,It seems a little flat to me.
1498,3259,1,13,57,71,1.2112676056338028,0.05275314730327469,614,Thanks for picking up all the sheets again. It’s just so windy this week.
1458,3259,2,11,58,71,1.2112676056338028,0.05643854212612625,614,Life will have meaning again once I finish tuning that piano for you!
1367,3259,4,7,60,71,1.2112676056338028,0.06316753922043811,614,Do you have a light?
1288,3259,1,13,57,71,1.2112676056338028,0.05275314730327469,614,i knew it... the hill ARE alive with the sound of music.
66,3259,1,13,57,71,1.2112676056338028,0.05275314730327469,614,Maybe if you hum a few bars?
1597,3259,3,9,59,71,1.2112676056338028,0.05989760866882798,614,Talk about elevated music!
115,3259,0,15,56,71,1.2112676056338028,0.048790163593489505,614,Do you know “Climb Every Mountain.” It’s what inspired me.
904,3430,1,14,61,76,1.2105263157894737,0.05066501430945142,614,Can you play anything beside “Ain’t No Mountain High Enough”?
4541,3431,1,12,54,67,1.208955223880597,0.05437575280736467,614,Welcome to the peak. I’ve been here since 16
3768,3431,0,14,53,67,1.208955223880597,0.05004436490749024,614,"Play a little piano for the shoppers, they said. Then the elevator breaks down... for twenty years."
3292,3431,0,14,53,67,1.208955223880597,0.05004436490749024,614,"I've been sent to ask you, please stop playing the theme from Halloween."
2538,3434,1,13,58,72,1.2083333333333333,0.05209800262902861,614,"No, really, that minor chord gave me a major lift!"
2554,3434,1,13,58,72,1.2083333333333333,0.05209800262902861,614,Excuse me. I’m looking for the peak performance guru.
2844,3434,2,11,59,72,1.2083333333333333,0.05572645856918899,614,You may ask me anything... but I will not play “Rocky Top”!
2877,3434,2,11,59,72,1.2083333333333333,0.05572645856918899,614,This still won't help you hit those high notes.
2913,3434,2,11,59,72,1.2083333333333333,0.05572645856918899,614,"Can you play ""Great Balls of Fire?"
2927,3434,2,11,59,72,1.2083333333333333,0.05572645856918899,614,"Thank you for coming tonight, it's been a pleasure. Don't forget to tip your waitress."
6512,3434,1,13,58,72,1.2083333333333333,0.05209800262902861,614,It's more that we're yodelers in these parts
2325,3434,2,11,59,72,1.2083333333333333,0.05572645856918899,614,This certainly will end on a high note!
3012,3434,3,9,60,72,1.2083333333333333,0.05913268547421808,614,I think we just caused an avalanche...
3078,3434,1,13,58,72,1.2083333333333333,0.05209800262902861,614,Can you play a heroic song?
3328,3434,0,15,57,72,1.2083333333333333,0.048197153144195225,614,"Hey, while I'm hanging around, mind playing me a little tune?"
3463,3434,2,11,59,72,1.2083333333333333,0.05572645856918899,614,Do you have any requests?
3509,3434,1,13,58,72,1.2083333333333333,0.05209800262902861,614,Is this the “You Can Achieve Anything” motivational retreat?
2998,3434,1,13,58,72,1.2083333333333333,0.05209800262902861,614,D minor makes for a depressing scale.
3004,3434,2,11,59,72,1.2083333333333333,0.05572645856918899,614,I thought your message said piano tutor!
2149,3434,2,11,59,72,1.2083333333333333,0.05572645856918899,614,The people on the next mountain were wondering if you could play a bit quieter.
2072,3434,2,11,59,72,1.2083333333333333,0.05572645856918899,614,What is the meaning of Bach?
1887,3434,2,11,59,72,1.2083333333333333,0.05572645856918899,614,What do you mean the key to a good life is E-flat?
1855,3434,2,11,59,72,1.2083333333333333,0.05572645856918899,614,Don't quit your day job.
1645,3434,2,11,59,72,1.2083333333333333,0.05572645856918899,614,"So, you expect me to believe the secret of life is ""Chopsitcks""?"
1594,3434,3,9,60,72,1.2083333333333333,0.05913268547421808,614,"OK, fine, Freebird."
1578,3434,1,13,58,72,1.2083333333333333,0.05209800262902861,614,I was hoping you'd know the score...
1518,3434,5,5,62,72,1.2083333333333333,0.06541519016903742,614,"Oh hi, wow. Can you play Piano Man?"
1005,3434,2,11,59,72,1.2083333333333333,0.05572645856918899,614,The rocks aren't the only things around here that are sharp.
683,3434,2,11,59,72,1.2083333333333333,0.05572645856918899,614,I find they retain wisdom if it's a jingle.
670,3434,0,15,57,72,1.2083333333333333,0.048197153144195225,614,"And on the eighth day God wrote ""Piano Man"""
509,3434,3,9,60,72,1.2083333333333333,0.05913268547421808,614,Can you play 'It's Not Unusual'?
497,3434,5,5,62,72,1.2083333333333333,0.06541519016903742,614,A glissando? Seriously?
402,3434,3,9,60,72,1.2083333333333333,0.05913268547421808,614,I told you this piece was my Everest.
365,3434,0,15,57,72,1.2083333333333333,0.048197153144195225,614,"Hey buddy, easy on the tremolo, OK?"
2186,3434,1,13,58,72,1.2083333333333333,0.05209800262902861,614,Still blocked?
3620,3434,1,13,58,72,1.2083333333333333,0.05209800262902861,614,Is this the way to the Peak Music Festival?
3663,3434,2,11,59,72,1.2083333333333333,0.05572645856918899,614,Bravo! You've made it to the highest music school in the world. We pride ourselves on maintaining an acceptance rate of 0.00001%.
3688,3434,0,15,57,72,1.2083333333333333,0.048197153144195225,614,Perhaps-if you hum a few bars.
6509,3434,1,13,58,72,1.2083333333333333,0.05209800262902861,614,Has it always been flat?
6444,3434,2,11,59,72,1.2083333333333333,0.05572645856918899,614,"Sorry, I don't have the answer for you."
6400,3434,3,9,60,72,1.2083333333333333,0.05913268547421808,614,Are you seeking enlightenment or just another groupie?
6376,3434,2,11,59,72,1.2083333333333333,0.05572645856918899,614,Out of tune? what do you mean 'out of tune'??
6368,3434,2,11,59,72,1.2083333333333333,0.05572645856918899,614,I was expecting a burning bush.
6298,3434,4,7,61,72,1.2083333333333333,0.06235311378048466,614,Guinness here to certify 56 years of High Altitude Composer's Block.
6042,3434,5,5,62,72,1.2083333333333333,0.06541519016903742,614,"Hey, could you play 'On Top of Old Smoky'?"
5876,3434,2,11,59,72,1.2083333333333333,0.05572645856918899,614,"Next ridge for Copeland, two more for Horowitz"
5875,3434,1,13,58,72,1.2083333333333333,0.05209800262902861,614,"You don't have to yell. Do you even know what ""piano"" means?"
169,3434,3,9,60,72,1.2083333333333333,0.05913268547421808,614,"Play it again, Sam."
5764,3434,3,9,60,72,1.2083333333333333,0.05913268547421808,614,Did you remember to bring the tip jar?
5613,3434,1,13,58,72,1.2083333333333333,0.05209800262902861,614,You wouldn't believe how much it cost to get the bloody thing up here.
5571,3434,2,11,59,72,1.2083333333333333,0.05572645856918899,614,I’m afraid somebody gave you bad directions mister; you’re nowhere near Carnegie Hall.
5331,3434,1,13,58,72,1.2083333333333333,0.05209800262902861,614,"Excuse me, did you telephone for a piano tuner?"
5327,3434,3,9,60,72,1.2083333333333333,0.05913268547421808,614,I'd like to request a song.
5247,3434,1,13,58,72,1.2083333333333333,0.05209800262902861,614,"Hey, why the long face? I'll have it tuned in a jiffy!"
5161,3434,1,13,58,72,1.2083333333333333,0.05209800262902861,614,Did you bring your tuning forks?
5107,3434,3,9,60,72,1.2083333333333333,0.05913268547421808,614,Oh no! Not the piano man again!
5008,3434,2,11,59,72,1.2083333333333333,0.05572645856918899,614,I thought the hard part would be getting the stupid piano up here.
6669,3434,1,13,58,72,1.2083333333333333,0.05209800262902861,614,I'm sorry but there was no room for the cello.
4976,3434,4,7,61,72,1.2083333333333333,0.06235311378048466,614,I don't play lite jazz.
4868,3434,3,9,60,72,1.2083333333333333,0.05913268547421808,614,Damn. Where's the sax guru?
4269,3434,4,7,61,72,1.2083333333333333,0.06235311378048466,614,"it's a pretty good crowd, for a saterday"
4186,3434,0,15,57,72,1.2083333333333333,0.048197153144195225,614,That was better. Now try the second note.
4033,3434,2,11,59,72,1.2083333333333333,0.05572645856918899,614,Are you finished with that?
3899,3434,2,11,59,72,1.2083333333333333,0.05572645856918899,614,Do I only get one question?
3860,3434,2,11,59,72,1.2083333333333333,0.05572645856918899,614,"Thank goodness....this Avalanche is that of Op.45, No.2."
3809,3434,1,13,58,72,1.2083333333333333,0.05209800262902861,614,"You'd think you would have mastered it by now, you've been taking lessons for an eternity."
3745,3434,3,9,60,72,1.2083333333333333,0.05913268547421808,614,"Sam, you've been playing it again and again..."
3644,3434,3,9,60,72,1.2083333333333333,0.05913268547421808,614,Still too loud -- and please don't make me come up here again!
5816,3434,2,11,59,72,1.2083333333333333,0.05572645856918899,614,What is the meaning of the Mozart Piano Concerto in D Minor?
1740,3434,2,11,59,72,1.2083333333333333,0.05572645856918899,614,Can you please stop playing Piano Man!
603,3500,1,12,55,68,1.2058823529411764,0.053658201636864834,614,I finally found you Mr. Vanclimburn
2098,3500,1,12,55,68,1.2058823529411764,0.053658201636864834,614,You know any good campfire tunes?
2158,3500,3,8,57,68,1.2058823529411764,0.061295723573926195,614,Luke?
2164,3500,2,10,56,68,1.2058823529411764,0.05760368187604684,614,Please tell me you brought the keys and the weed. I need some inspiration. Inspiration is always legal.
2173,3500,0,14,54,68,1.2058823529411764,0.04939859350354098,614,How’s this...”Many a hand has scaled the grand old face of the plateau”.
2174,3500,1,12,55,68,1.2058823529411764,0.053658201636864834,614,"No, I’m not the piano tuner, I’m the composer"
2247,3500,1,12,55,68,1.2058823529411764,0.053658201636864834,614,Don't mind me. Play the last movement.
2265,3500,0,14,54,68,1.2058823529411764,0.04939859350354098,614,Are you looking for a page turner?
2420,3500,0,14,54,68,1.2058823529411764,0.04939859350354098,614,Try it in E flat.
2475,3500,3,8,57,68,1.2058823529411764,0.061295723573926195,614,"Enough Bach, let's rock!"
2526,3500,0,14,54,68,1.2058823529411764,0.04939859350354098,614,"Yes, I've plateaued."
2576,3500,1,12,55,68,1.2058823529411764,0.053658201636864834,614,Fix pianos? Nah! I'm here with the tuna you ordered.
2598,3500,2,10,56,68,1.2058823529411764,0.05760368187604684,614,I've had a long day. Can you play something soothing?
2643,3500,1,12,55,68,1.2058823529411764,0.053658201636864834,614,So this is why they call it the Grand Teton.
2921,3500,1,12,55,68,1.2058823529411764,0.053658201636864834,614,I told you your concerto was on the precipice of greatness.
3037,3500,2,10,56,68,1.2058823529411764,0.05760368187604684,614,You may have three requests.
3043,3500,0,14,54,68,1.2058823529411764,0.04939859350354098,614,Stride or swing?
3071,3500,1,12,55,68,1.2058823529411764,0.053658201636864834,614,"Actually, I have a different question now."
2094,3500,1,12,55,68,1.2058823529411764,0.053658201636864834,614,Seriously...the holy grail is mine if I tune your piano?
3214,3500,2,10,56,68,1.2058823529411764,0.05760368187604684,614,Repo man nightmare.
2002,3500,0,14,54,68,1.2058823529411764,0.04939859350354098,614,I came up here to cure my writer's block
1936,3500,2,10,56,68,1.2058823529411764,0.05760368187604684,614,If you came up here for inspiration you are at the wrong place
676,3500,2,10,56,68,1.2058823529411764,0.05760368187604684,614,Are you Billy Joel's piano man?
708,3500,1,12,55,68,1.2058823529411764,0.053658201636864834,614,"I've heard of nosebleed seats, but this is ridiculous!"
747,3500,1,12,55,68,1.2058823529411764,0.053658201636864834,614,"I'm sorry, you'll have to leave, this is a solo...."
5766,3500,1,12,55,68,1.2058823529411764,0.053658201636864834,614,Welcome. I've just finished this piano piece to celebrate your arrival.
927,3500,2,10,56,68,1.2058823529411764,0.05760368187604684,614,well that was anti-climatic...
957,3500,2,10,56,68,1.2058823529411764,0.05760368187604684,614,"I hope you know the left hand for chopsticks I hope you know,the left hand for chopsticks. Please tell me you know the left hand for chopsticks  play chopstickes"
1059,3500,2,10,56,68,1.2058823529411764,0.05760368187604684,614,Was that Chopin?
1184,3500,0,14,54,68,1.2058823529411764,0.04939859350354098,614,I don't even want to know how you got that up here
1331,3500,1,12,55,68,1.2058823529411764,0.053658201636864834,614,"You’re the tuner, I hope. The hills are alive, but they’re way off key."
1338,3500,1,12,55,68,1.2058823529411764,0.053658201636864834,614,Bravissimo!
1359,3500,1,12,55,68,1.2058823529411764,0.053658201636864834,614,Carnegie Hall is all downhill from here.
5732,3500,2,10,56,68,1.2058823529411764,0.05760368187604684,614,Do you have time for one more song?
1454,3500,3,8,57,68,1.2058823529411764,0.061295723573926195,614,I was surprised when Amazon Prime said they could deliver on the weekend.
1470,3500,3,8,57,68,1.2058823529411764,0.061295723573926195,614,Are your my piano teacher?
1588,3500,1,12,55,68,1.2058823529411764,0.053658201636864834,614,"Your choice, pal. Leave it here or ride it down."
1903,3500,3,8,57,68,1.2058823529411764,0.061295723573926195,614,HELP by the Beatles is not what I'm requesting!
1904,3500,1,12,55,68,1.2058823529411764,0.053658201636864834,614,Can you play me up?'
1961,3500,2,10,56,68,1.2058823529411764,0.05760368187604684,614,I missed the coda??
3264,3500,2,10,56,68,1.2058823529411764,0.05760368187604684,614,Did you have to play Eye of the Tiger the whole time?
3274,3500,2,10,56,68,1.2058823529411764,0.05760368187604684,614,Can you play Requiem for a Mountain Climber again?
3367,3500,2,10,56,68,1.2058823529411764,0.05760368187604684,614,"I'm thinking you should go with the classics, sir."
4568,3500,3,8,57,68,1.2058823529411764,0.061295723573926195,614,"For the last time, nothing rhymes with orange."
4590,3500,1,12,55,68,1.2058823529411764,0.053658201636864834,614,RockManinoff?
4907,3500,2,10,56,68,1.2058823529411764,0.05760368187604684,614,I was told there would be dueling pianos.
4936,3500,0,14,54,68,1.2058823529411764,0.04939859350354098,614,So you must be the Old 'Piano Man' of the Mountain.
4953,3500,3,8,57,68,1.2058823529411764,0.061295723573926195,614,"No, I'm actually not answering an ad for a page turner."
4975,3500,1,12,55,68,1.2058823529411764,0.053658201636864834,614,"Is this the ""oldies-but-goodies"" request line?"
4984,3500,2,10,56,68,1.2058823529411764,0.05760368187604684,614,I’ll have someone call you to schedule the tuning after I take the estimate back to the office.
4995,3500,1,12,55,68,1.2058823529411764,0.053658201636864834,614,I just hope you kept the packing slip and return label with the UPS code.
5015,3500,0,14,54,68,1.2058823529411764,0.04939859350354098,614,I can also ford streams.
5061,3500,1,12,55,68,1.2058823529411764,0.053658201636864834,614,"Last time I tune a piano in the Alps. Hills indeed! Fa, a long-long way to climb."
5114,3500,2,10,56,68,1.2058823529411764,0.05760368187604684,614,I climbed all the way up here for Chopsticks?!
5184,3500,1,12,55,68,1.2058823529411764,0.053658201636864834,614,Ever since the election I just can't compose myself.
5716,3500,2,10,56,68,1.2058823529411764,0.05760368187604684,614,Are these your glasses?
5200,3500,3,8,57,68,1.2058823529411764,0.061295723573926195,614,I expected the hills to be alive with the sound of music.
5251,3500,2,10,56,68,1.2058823529411764,0.05760368187604684,614,You’ve now reached the pianocle!
5334,3500,2,10,56,68,1.2058823529411764,0.05760368187604684,614,Hey there. Could you bring me Bach?
5352,3500,2,10,56,68,1.2058823529411764,0.05760368187604684,614,No wonder you lost your chord
4475,3500,1,12,55,68,1.2058823529411764,0.053658201636864834,614,Yes. I remembered the tuning fork.
4430,3500,2,10,56,68,1.2058823529411764,0.05760368187604684,614,"Okay, double or nothing! This time you won't find the piano."
4429,3500,2,10,56,68,1.2058823529411764,0.05760368187604684,614,"Being alone at the top after success, that's what you achieved!"
4424,3500,3,8,57,68,1.2058823529411764,0.061295723573926195,614,"...Man, what're you doin' here?"" ""Well, after Piano Man, my career kind of plateaued."
3416,3500,2,10,56,68,1.2058823529411764,0.05760368187604684,614,Your piano needs tuning.
3422,3500,0,14,54,68,1.2058823529411764,0.04939859350354098,614,Your violinist isn’t coming. He says it’s too difficult to get a violin up here.
3538,3500,0,14,54,68,1.2058823529411764,0.04939859350354098,614,Sometimes your best option is to plateau.
3596,3500,1,12,55,68,1.2058823529411764,0.053658201636864834,614,I'm the tuner. Hope I haven't kept you waiting too long.
3637,3500,2,10,56,68,1.2058823529411764,0.05760368187604684,614,Yelp said this was a dueling piano bar.
3707,3500,2,10,56,68,1.2058823529411764,0.05760368187604684,614,Where's the bar?
3770,3500,1,12,55,68,1.2058823529411764,0.053658201636864834,614,Thank you Master for using music therapy to cure my acrophobia.
3885,3500,2,10,56,68,1.2058823529411764,0.05760368187604684,614,I think I've been practicing the wrong scales
639,3500,1,12,55,68,1.2058823529411764,0.053658201636864834,614,Is this orchaestra?
3903,3500,2,10,56,68,1.2058823529411764,0.05760368187604684,614,"Sorry to interrupt, is this the way to Mont Everest?"
3980,3500,2,10,56,68,1.2058823529411764,0.05760368187604684,614,"Think YOU had it rough, climbing up here?... I’ve got two hours to come up with a soft drink jingle AND with a word that rhymes with orange!”"
3989,3500,2,10,56,68,1.2058823529411764,0.05760368187604684,614,I'm the piano tuner you called.
4063,3500,2,10,56,68,1.2058823529411764,0.05760368187604684,614,Keep it down up here.
4074,3500,4,6,58,68,1.2058823529411764,0.064777675870824,614,You think two days is bad...
4119,3500,2,10,56,68,1.2058823529411764,0.05760368187604684,614,I'll tune it but your second movement will still stink.
4223,3500,2,10,56,68,1.2058823529411764,0.05760368187604684,614,"Have you brought some food to go with my ""Chopsticks""?"
4252,3500,1,12,55,68,1.2058823529411764,0.053658201636864834,614,Yodel me the song you’re the piano man.
4375,3500,3,8,57,68,1.2058823529411764,0.061295723573926195,614,It's not worth it.
3970,3500,1,12,55,68,1.2058823529411764,0.053658201636864834,614,"Another e'tude, dude?"
611,3500,0,14,54,68,1.2058823529411764,0.04939859350354098,614,There must be some word that rhymes with orange
5417,3500,2,10,56,68,1.2058823529411764,0.05760368187604684,614,Did you happen to pack any nail clippers son?
6217,3500,2,10,56,68,1.2058823529411764,0.05760368187604684,614,"""You finally showed up for your piano recital!'"
5805,3500,3,8,57,68,1.2058823529411764,0.061295723573926195,614,I'm the tuner. Sorry I took so long.
5898,3500,1,12,55,68,1.2058823529411764,0.053658201636864834,614,"I know, I tuned it last month."
6129,3500,2,10,56,68,1.2058823529411764,0.05760368187604684,614,Tune your own piano before you talk to me about harmony.
5359,3500,2,10,56,68,1.2058823529411764,0.05760368187604684,614,"I climbed up here to find the wise, old sage who would give me the keys to life and I find this ... That's great."
6249,3500,3,8,57,68,1.2058823529411764,0.061295723573926195,614,"Do you know ""Long Ago and Far Away""?"
6331,3500,1,12,55,68,1.2058823529411764,0.053658201636864834,614,at least it ended on a high note
6385,3500,4,6,58,68,1.2058823529411764,0.064777675870824,614,Am I late? It was an uphill battle coming here
6394,3500,1,12,55,68,1.2058823529411764,0.053658201636864834,614,What is the meaning of life in C major?
234,3500,2,10,56,68,1.2058823529411764,0.05760368187604684,614,Was that you playing 'Hall of the Mountain King'?
6470,3500,3,8,57,68,1.2058823529411764,0.061295723573926195,614,"At last! My search for the ""Last chord"" has ended."
6578,3500,3,8,57,68,1.2058823529411764,0.061295723573926195,614,"Sir, We've come for the piano..."
6597,3500,2,10,56,68,1.2058823529411764,0.05760368187604684,614,"I do two songs - Down in the valley and ""I climbed the highest mountain"" Pennie from heaven is also done."
6725,3500,1,12,55,68,1.2058823529411764,0.053658201636864834,614,It's a little steep on the riff.
4389,3500,0,14,54,68,1.2058823529411764,0.04939859350354098,614,They’ve really hiked ticket prices.
55,3500,1,12,55,68,1.2058823529411764,0.053658201636864834,614,"Howdy stranger! You wouldn't happen to have tuning fork, would you?"
6409,3500,1,12,55,68,1.2058823529411764,0.053658201636864834,614,I just dropped the tuning fork.
4591,3602,1,13,59,73,1.2054794520547945,0.051458573833719844,614,I looked everywhere in Nepal but couldn't find a bench.
3559,3602,0,15,58,73,1.2054794520547945,0.04761793062697309,614,"Sorry -- they only had Pesi, no Coke"
2825,3602,5,5,63,73,1.2054794520547945,0.06457596175219613,614,I climbed it myyyyyyyyyyy wayyyyyyyyyyyyyyyyyy!
2651,3602,2,11,60,73,1.2054794520547945,0.055031830105908446,614,"My requests? ""Climb Every Mountain,"" ""Impossible Dream"" and ""Sounds of Silence"" - In that order, please."
2486,3602,2,11,60,73,1.2054794520547945,0.055031830105908446,614,I thought I heard a high C
2120,3602,2,11,60,73,1.2054794520547945,0.055031830105908446,614,"Sorry, there's only the encore remaining."
2272,3602,1,13,59,73,1.2054794520547945,0.051458573833719844,614,Are you telling me the opus wasn't worth the climb?
1028,3602,2,11,60,73,1.2054794520547945,0.055031830105908446,614,Are you the piano tuner? This thing sounds terrible.
478,3602,3,9,61,73,1.2054794520547945,0.05838681211207499,614,'Even if you are the very last of the great alpianists........hmm I guess it is all downhill from here.'
150,3602,3,9,61,73,1.2054794520547945,0.05838681211207499,614,We had to check in since you didn't send in your subscription renewal to Maxim.
2364,3602,3,9,61,73,1.2054794520547945,0.05838681211207499,614,"My friend, Kevin, is pretty sure he left his glasses here last night... are you sure?"
804,3602,0,15,58,73,1.2054794520547945,0.04761793062697309,614,"ay, at last, the tuner. i guess dere vas a lotta traffic!"
496,3602,1,13,59,73,1.2054794520547945,0.051458573833719844,614,You're late
4775,3602,1,13,59,73,1.2054794520547945,0.051458573833719844,614,"Unfortunately, the Beyonce concert is the next peak over."
3232,3616,1,12,56,69,1.2028985507246377,0.052958951374245035,614,You lost your wallet? Try to retrace your steps.
3834,3616,0,14,55,69,1.2028985507246377,0.048768771474726615,614,It’s going to be a full house tonight!
3947,3616,2,10,57,69,1.2028985507246377,0.05684107660983553,614,The backers need to know if you finished composing “Phantom of the Chakra.”
4052,3616,0,14,55,69,1.2028985507246377,0.048768771474726615,614,438. Hurry. Curtain in 10 minutes.
4380,3616,1,12,56,69,1.2028985507246377,0.052958951374245035,614,I'm assuming you're here to deliver the rest of the sheet music I ordered?
4394,3616,2,10,57,69,1.2028985507246377,0.05684107660983553,614,"Truly, Ain't no mountain high enough."
4526,3616,3,8,58,69,1.2028985507246377,0.06047450247559489,614,Success! I've found the lost chord.
4802,3616,3,8,58,69,1.2028985507246377,0.06047450247559489,614,I've brought more paper.
4912,3616,2,10,57,69,1.2028985507246377,0.05684107660983553,614,High Notes Piano Tuning?
4982,3616,1,12,56,69,1.2028985507246377,0.052958951374245035,614,"Master, I seek the lost chord."" ""Me too."
5021,3616,3,8,58,69,1.2028985507246377,0.06047450247559489,614,I'm sorry. No encores.
5072,3616,0,14,55,69,1.2028985507246377,0.048768771474726615,614,"So, can I tell the other hipsters I discovered you first?"
5140,3616,2,10,57,69,1.2028985507246377,0.05684107660983553,614,Concert's over.
5143,3616,1,12,56,69,1.2028985507246377,0.052958951374245035,614,How’d you get so flat?
5172,3616,3,8,58,69,1.2028985507246377,0.06047450247559489,614,"No, but if you'll hum a few bars, I'll fake it."
5372,3616,1,12,56,69,1.2028985507246377,0.052958951374245035,614,"Sorry, but would you mind keeping it down, just a bit?"
5466,3616,2,10,57,69,1.2028985507246377,0.05684107660983553,614,So that's why they call it Mount Kilimanjamo.
5486,3616,1,12,56,69,1.2028985507246377,0.052958951374245035,614,I'm the tuner.
5729,3616,3,8,58,69,1.2028985507246377,0.06047450247559489,614,Have you tried SoundCloud?
5957,3616,2,10,57,69,1.2028985507246377,0.05684107660983553,614,Requiem in D Minor?
6045,3616,3,8,58,69,1.2028985507246377,0.06047450247559489,614,"I'm the Piano tuner, but please tell me where the Mens room is located."
6323,3616,3,8,58,69,1.2028985507246377,0.06047450247559489,614,I was lured by your enleiten-motif.
6462,3616,3,8,58,69,1.2028985507246377,0.06047450247559489,614,"Sorry, Pianicus. I know you're the Greek God of the instrument, but I'm still going to take lessons somewhere else. Three virgin sacrifices per hour is just something I can't afford."
6478,3616,2,10,57,69,1.2028985507246377,0.05684107660983553,614,Worst reality show ever!
238,3616,2,10,57,69,1.2028985507246377,0.05684107660983553,614,"No, but I can tell you the meaning of a catchy wiener jingle."
373,3616,3,8,58,69,1.2028985507246377,0.06047450247559489,614,"Big deal -- you still only play ""Chopsticks."
584,3616,2,10,57,69,1.2028985507246377,0.05684107660983553,614,"Do you know ""Henry the VIII"" by Herman's Hermits?"
742,3616,2,10,57,69,1.2028985507246377,0.05684107660983553,614,"I know the secret to tuning it, but it might not make you happier."
2903,3616,1,12,56,69,1.2028985507246377,0.052958951374245035,614,This explains how you stay so composed.
2814,3616,1,12,56,69,1.2028985507246377,0.052958951374245035,614,Don't ask.
2721,3616,2,10,57,69,1.2028985507246377,0.05684107660983553,614,Is this the way to Carnegie Hall?
2663,3616,1,12,56,69,1.2028985507246377,0.052958951374245035,614,"Well, I have to go, but have you considered ""Piano man""?"
2645,3616,1,12,56,69,1.2028985507246377,0.052958951374245035,614,"But I gotta warn you, I don't like classical."
2607,3616,2,10,57,69,1.2028985507246377,0.05684107660983553,614,I knew it sounded flat.
2604,3616,4,6,59,69,1.2028985507246377,0.06390166593427964,614,"So I guess making it up here isn't the key to peak performance after all, is it?"
2565,3616,1,12,56,69,1.2028985507246377,0.052958951374245035,614,. . . I need to charge my phone
2496,3616,2,10,57,69,1.2028985507246377,0.05684107660983553,614,Maybe a minor lift before a major fall?
2460,3616,3,8,58,69,1.2028985507246377,0.06047450247559489,614,Will you play “Hall of the Mountain King”?
2384,3616,2,10,57,69,1.2028985507246377,0.05684107660983553,614,This isn't what I pictured when they said I'd come across the Keeper of the Keys.
3469,3616,1,12,56,69,1.2028985507246377,0.052958951374245035,614,I scaled this mountain just to hear your high notes.
2207,3616,2,10,57,69,1.2028985507246377,0.05684107660983553,614,"Ah, writer's block: I was wondering why you stopped on the seventh day."
2049,3616,1,12,56,69,1.2028985507246377,0.052958951374245035,614,I'm here to help you with your movement. I heard it's been a while.
2011,3616,3,8,58,69,1.2028985507246377,0.06047450247559489,614,"Lost chord, huh? I don't know. OK, sure. Go ahead and play it."
1469,3616,2,10,57,69,1.2028985507246377,0.05684107660983553,614,Weren’t you supposed to be playing harp instead?
1463,3616,1,12,56,69,1.2028985507246377,0.052958951374245035,614,I’ve almost reached the crescendo!
1285,3616,1,12,56,69,1.2028985507246377,0.052958951374245035,614,"My lyrics rhymed Grand Teton with piton, but then my pen rolled off the edge."
1245,3616,2,10,57,69,1.2028985507246377,0.05684107660983553,614,"Climber: ""Looks like you've had a long day, could I get you something?"""
1106,3616,4,6,59,69,1.2028985507246377,0.06390166593427964,614,Can you play a high note please?
1075,3616,2,10,57,69,1.2028985507246377,0.05684107660983553,614,Encore.
1015,3616,1,12,56,69,1.2028985507246377,0.052958951374245035,614,"Excuse me, was that Rocky Mountain High you were playing?"
960,3616,0,14,55,69,1.2028985507246377,0.048768771474726615,614,"Cheer up, it took Richard Strauss 15 years to write his Alpine Symphony."
827,3616,2,10,57,69,1.2028985507246377,0.05684107660983553,614,Hi. I'm from Weisbaden. We'd like to ask if you could stop singing 'Zippety-Do-Dah' after 10:00 p.m..
3751,3616,2,10,57,69,1.2028985507246377,0.05684107660983553,614,They said it’s all about electronic now
3413,3616,2,10,57,69,1.2028985507246377,0.05684107660983553,614,Thank God you're here. My last audience drifted away ages ago.
2311,3616,2,10,57,69,1.2028985507246377,0.05684107660983553,614,It's so hard to get a piano tuner up here!
3195,3616,2,10,57,69,1.2028985507246377,0.05684107660983553,614,"I've got a request from the audience for ""Moon River."""
619,3672,1,13,60,74,1.2027027027027026,0.0508343191224236,614,"They laughed at me, but I knew I’d make it to the top quicker by taking up the flute!"
1882,3672,2,11,61,74,1.2027027027027026,0.05435403616647045,614,I've been enjoying your music all the way up this rock and now you just sit there?
4815,3672,4,7,63,74,1.2027027027027026,0.060785094731168506,614,"NOW, will you play ""Misty"" for me."
4860,3672,3,9,62,74,1.2027027027027026,0.057659296687798345,614,Tuner? I thought you said you needed tuna.
5733,3672,1,13,60,74,1.2027027027027026,0.0508343191224236,614,Turn Bach. Nothing to see here.
6723,3677,1,12,57,70,1.2,0.05227733021739333,614,LIMERICK: There once was a hermit named Stan...A piano playin' mountain man..He'd play you a tune...And howl like a loon...Then ask for a tip in his can.
4557,3677,1,12,57,70,1.2,0.05227733021739333,614,Oh! Hey. You must be the Fool On The Hill.
4826,3677,2,10,58,70,1.2,0.056098109857700425,614,What is the meaning of fugue?
4933,3677,3,8,59,70,1.2,0.05967475684537697,614,My God!! You've GOT to get some new material!
4946,3677,3,7,55,65,1.2,0.06278779891274812,614,"Apologies for the delay, sir. It appears that the other traveling-tuners slipped up on the job."
3749,3677,0,13,52,65,1.2,0.05000000000000002,614,"It had a good beat, but I couldn't descend to it."
4950,3677,1,12,57,70,1.2,0.05227733021739333,614,Are you Sam?
5290,3677,1,12,57,70,1.2,0.05227733021739333,614,"Please, tell me you are the tuning service"
1147,3677,2,9,54,65,1.2,0.05883484054145522,614,The secret of being a great composer is to do it where people can't get to you.
5877,3677,2,10,58,70,1.2,0.056098109857700425,614,Is there wifi here?
4104,3677,0,14,56,70,1.2,0.04815434123430769,614,Someone called about an out of tune piano?
6139,3677,3,8,59,70,1.2,0.05967475684537697,614,Can you play it again?
6165,3677,1,12,57,70,1.2,0.05227733021739333,614,Is this view inspirational enough?
6179,3677,1,12,57,70,1.2,0.05227733021739333,614,Hello. I'm the piano tuner.
6622,3677,2,10,58,70,1.2,0.056098109857700425,614,They told me to take a left at Steinway.
5545,3677,4,6,60,70,1.2,0.06304883249912806,614,"Okay Kanye, I think it may be safe to come down now."
3853,3677,1,12,57,70,1.2,0.05227733021739333,614,"What's it all about, Alfie?"
3700,3677,1,12,57,70,1.2,0.05227733021739333,614,"Actually, I was looking for a different Monk. But as long as I'm here, could you play Misterioso?"
6600,3677,3,8,59,70,1.2,0.05967475684537697,614,Sir—-are your bathrooms unisex?
2467,3677,1,11,53,65,1.2,0.0545964214099169,614,Do you really have to be alone to compose?
134,3677,2,10,58,70,1.2,0.056098109857700425,614,"I would be happy to donate an organ, if you lend me a hand."
490,3677,0,14,56,70,1.2,0.04815434123430769,614,"No, I don't know that one."
2966,3677,1,11,53,65,1.2,0.0545964214099169,614,One request and its chopsticks?!
934,3677,2,10,58,70,1.2,0.056098109857700425,614,"Sorry, I thought you needed rescuing."""
1045,3677,1,12,57,70,1.2,0.05227733021739333,614,"Please play ""Aint No Mountain High Enough"""
856,3677,2,10,58,70,1.2,0.056098109857700425,614,So I’m not the first to summit?
1667,3677,3,8,59,70,1.2,0.05967475684537697,614,You peaked years ago. Give it up.
2089,3677,1,12,57,70,1.2,0.05227733021739333,614,Do you transpose?
2302,3677,4,6,60,70,1.2,0.06304883249912806,614,There’s no point in my tuning your piano if it’s exposed to the elements like this!
3113,3677,1,12,57,70,1.2,0.05227733021739333,614,"Hi, I'm from Speedy Tune."
1324,3677,2,10,58,70,1.2,0.056098109857700425,614,Do you mind if I make a request?
6236,3677,2,10,58,70,1.2,0.056098109857700425,614,Our careers seem to have plateaued.
3146,3709,1,12,58,71,1.1971830985915493,0.051612697538755165,614,Why yes! I have a Swiss Model Tuning Fork...
208,3709,2,10,59,71,1.1971830985915493,0.05537404657552627,614,"I'd love to hear more of your rag time mash-up of Justin Bieber songs, but I have to go--I think I left the stove on."
3084,3711,1,11,54,66,1.196969696969697,0.0538481719921703,614,"I’m waiting on my brother, George."
3082,3711,0,13,53,66,1.196969696969697,0.04932975938212032,614,"First, play me on....then we can talk."
3092,3711,3,7,56,66,1.196969696969697,0.06190336468479953,614,For the last time this is not the 'Grand Canyon Suite'
3096,3711,0,13,53,66,1.196969696969697,0.04932975938212032,614,"No one wanted to help you move that thing, huh?"
3105,3711,1,11,54,66,1.196969696969697,0.0538481719921703,614,I’m looking for the woodwinds.
3060,3711,2,9,55,66,1.196969696969697,0.05801574004611869,614,Ah! You've closed the restaurant then?
1881,3711,1,11,54,66,1.196969696969697,0.0538481719921703,614,"Not to offend, but some of us are wondering if you know any celestial music besides ""Hey, Look Me Over."""
1827,3711,3,7,56,66,1.196969696969697,0.06190336468479953,614,The Loewenthals in 11B ask if you could keep it down a little.
1677,3711,1,11,54,66,1.196969696969697,0.0538481719921703,614,"""Got a request""?"
1653,3711,2,9,55,66,1.196969696969697,0.05801574004611869,614,Sorry to interrupt - do you play weddings?
1640,3711,3,7,56,66,1.196969696969697,0.06190336468479953,614,You have GOT to reduce your lesson fees!
1638,3711,1,11,54,66,1.196969696969697,0.0538481719921703,614,"Sorry, man. I thought it was the music of the spheres."
1909,3711,1,11,54,66,1.196969696969697,0.0538481719921703,614,Well... I was your age when I got here. I was trying to understand why I feel nobody ever listens to me.
1622,3711,3,7,56,66,1.196969696969697,0.06190336468479953,614,What’s the score?
1609,3711,2,9,55,66,1.196969696969697,0.05801574004611869,614,Ain’t no mountain high enough to keep me from you.
1582,3711,0,13,53,66,1.196969696969697,0.04932975938212032,614,I've never heard that piece in A-Sherpa major.
1566,3711,2,9,55,66,1.196969696969697,0.05801574004611869,614,"Please play it again, Sam"
1565,3711,1,11,54,66,1.196969696969697,0.0538481719921703,614,gra-grandma?
1544,3711,0,13,53,66,1.196969696969697,0.04932975938212032,614,They say Amazon Prime doesn't apply to harps and organs.
1541,3711,1,11,54,66,1.196969696969697,0.0538481719921703,614,The mountains say your sharps are flat.
1610,3711,2,9,55,66,1.196969696969697,0.05801574004611869,614,Practice!
1929,3711,1,11,54,66,1.196969696969697,0.0538481719921703,614,"The lost chord? Sorry, it's one peak over to the right"
1939,3711,2,9,55,66,1.196969696969697,0.05801574004611869,614,"I'm Dr. Brahms and you're late, very late!"
2150,3711,4,5,57,66,1.196969696969697,0.06556086504538933,614,The hills were alive. What happened?
3055,3711,2,9,55,66,1.196969696969697,0.05801574004611869,614,"Play it again, Siddhartha."
2990,3711,1,11,54,66,1.196969696969697,0.0538481719921703,614,"Don't get dejected, Rocky Mountain High is just lame on the keyboard."
2931,3711,2,9,55,66,1.196969696969697,0.05801574004611869,614,"Well if you wanted me to move it myself, you should have put that in the ad!"
2860,3711,0,13,53,66,1.196969696969697,0.04932975938212032,614,What was so wrong about being an accountant?
2834,3711,2,9,55,66,1.196969696969697,0.05801574004611869,614,"Sorry, I only know how to tune upright pianos."
2739,3711,2,9,55,66,1.196969696969697,0.05801574004611869,614,"Ah, now I know why the hills haven't been alive with the sound of music for a while now!"
2667,3711,1,11,54,66,1.196969696969697,0.0538481719921703,614,"Ronald, you're late for your lesson again!"
2662,3711,1,11,54,66,1.196969696969697,0.0538481719921703,614,I have finally reached peak performance!
2577,3711,1,11,54,66,1.196969696969697,0.0538481719921703,614,It looks like you need an aria.
2532,3711,1,11,54,66,1.196969696969697,0.0538481719921703,614,"I said you play better than Van Cliburn, not better ven Climbing!"
2497,3711,1,11,54,66,1.196969696969697,0.0538481719921703,614,Any last requests before I bid you a very L O N G g o o d . . B Y y . E .e . .
2474,3711,3,7,56,66,1.196969696969697,0.06190336468479953,614,"Dang it, I have to go back down--this time I forgot my tuning wrench."
2406,3711,1,11,54,66,1.196969696969697,0.0538481719921703,614,It's lonely at the top.
2363,3711,1,11,54,66,1.196969696969697,0.0538481719921703,614,"Before I go, could you play ""Would you Before I go can you play a blues in B Flat ?"
2262,3711,3,7,56,66,1.196969696969697,0.06190336468479953,614,"Franz, the symphony is still unfinished? OK, see you next year."
3125,3711,0,13,53,66,1.196969696969697,0.04932975938212032,614,Was it worth it?
3167,3711,1,11,54,66,1.196969696969697,0.0538481719921703,614,You were right. It is peaceful here.
3290,3711,2,9,55,66,1.196969696969697,0.05801574004611869,614,Really? The meaning of life is 'Chopsticks'?
3263,3711,1,11,54,66,1.196969696969697,0.0538481719921703,614,Stevie Wonder sent me. He said something about you having songs in the key of life.
5711,3711,1,11,54,66,1.196969696969697,0.0538481719921703,614,Hi - you called about getting your piano fixed?
5637,3711,0,13,53,66,1.196969696969697,0.04932975938212032,614,But I ordered the tuner for next week.
5603,3711,1,11,54,66,1.196969696969697,0.0538481719921703,614,"You're the new piano tuner, I presume."
5577,3711,1,11,54,66,1.196969696969697,0.0538481719921703,614,I wouldn't have made the trek if I knew your performance would be so flat.
5525,3711,1,11,54,66,1.196969696969697,0.0538481719921703,614,Looks like someone could use a snack break.
5492,3711,2,9,55,66,1.196969696969697,0.05801574004611869,614,"The missing chord, I presume?"
5460,3711,0,13,53,66,1.196969696969697,0.04932975938212032,614,"It's not you,it's me."
5440,3711,3,7,56,66,1.196969696969697,0.06190336468479953,614,Only time I can play it is when I get electrical connection through lightning strikes.
5433,3711,1,11,54,66,1.196969696969697,0.0538481719921703,614,"So now you know. The hills WERE alive and all that, but once they made it to Vegas, they didn't need an opening act."
5430,3711,2,9,55,66,1.196969696969697,0.05801574004611869,614,"Oh. No, we're not saying YOLO anymore."
5425,3711,2,9,55,66,1.196969696969697,0.05801574004611869,614,"It's a New Yorker contest, play to win"
5391,3711,2,9,55,66,1.196969696969697,0.05801574004611869,614,"We wouldn't be able to pay you in the traditional sense, but think of all the free exposure you'd be getting."
5345,3711,2,9,55,66,1.196969696969697,0.05801574004611869,614,"Can you help me up?"" ""Sorry, that's not in my job description."
5340,3711,0,13,53,66,1.196969696969697,0.04932975938212032,614,The Himalayan Buy Sell Swap Facebook page has its downfalls
5291,3711,0,13,53,66,1.196969696969697,0.04932975938212032,614,You’re 19 years late for your lesson so we really need to get started.
5730,3711,1,11,54,66,1.196969696969697,0.0538481719921703,614,"Well, they say composing yourself is a major key in self realization..."
5775,3711,2,9,55,66,1.196969696969697,0.05801574004611869,614,You sure you don't want fries?
5795,3711,2,9,55,66,1.196969696969697,0.05801574004611869,614,You did? I always thought that was Barry Manilow.
5814,3711,2,9,55,66,1.196969696969697,0.05801574004611869,614,"Fasting for thirty years is understandable, but how have you survived without Lemonade?"
6603,3711,4,5,57,66,1.196969696969697,0.06556086504538933,614,Sorry. I am not taking any more requests.
6527,3711,2,9,55,66,1.196969696969697,0.05801574004611869,614,"So, you're full enlightened except about how the piano got here?"
6488,3711,3,7,56,66,1.196969696969697,0.06190336468479953,614,"Oh God, not you again!"
6481,3711,3,7,56,66,1.196969696969697,0.06190336468479953,614,I finally got the Hamilton tickets.
6405,3711,4,5,57,66,1.196969696969697,0.06556086504538933,614,...your piano is out of tune...you're stepping on your music...how the heck did you get the piano up here...personally I would have gone with a ukelele...
6395,3711,0,13,53,66,1.196969696969697,0.04932975938212032,614,"Hey, which way to Carnegie Hall?"
6295,3711,1,11,54,66,1.196969696969697,0.0538481719921703,614,You must be the Soprano
5096,3711,2,9,55,66,1.196969696969697,0.05801574004611869,614,"Oh wait, did you want fries with that?"
6252,3711,0,13,53,66,1.196969696969697,0.04932975938212032,614,"Sorry, I only tune harpsichords."
6203,3711,1,11,54,66,1.196969696969697,0.0538481719921703,614,I'm your relief! Any movement?
6189,3711,2,9,55,66,1.196969696969697,0.05801574004611869,614,Yes. I am a real page-turner.
6063,3711,2,9,55,66,1.196969696969697,0.05801574004611869,614,"Your first lesson: ""This is down. This is up. Let's go down and up."" Completed. Now, on the scales."
6059,3711,1,11,54,66,1.196969696969697,0.0538481719921703,614,"Goodness no, I wanted viola lessons."
6009,3711,1,11,54,66,1.196969696969697,0.0538481719921703,614,Looks like you and I have both plateaued.
5914,3711,1,11,54,66,1.196969696969697,0.0538481719921703,614,Life is grand
5892,3711,2,9,55,66,1.196969696969697,0.05801574004611869,614,And to think you accomplished so much in the past in just 6 days.
6205,3711,1,11,54,66,1.196969696969697,0.0538481719921703,614,Maybe Do Be Do Be Do is what it's all about?
3183,3711,2,9,55,66,1.196969696969697,0.05801574004611869,614,Goniff! You stole my Steinway!
5076,3711,2,9,55,66,1.196969696969697,0.05801574004611869,614,A Bösendorfer! That explains it.
4957,3711,1,11,54,66,1.196969696969697,0.0538481719921703,614,"Son, you'll have to forgive me for not playing you a celebratory tune. I'm exhausted and the acoustics aren't that great up here."
4089,3711,3,7,56,66,1.196969696969697,0.06190336468479953,614,Is this the “Lost Chord”?
3948,3711,2,9,55,66,1.196969696969697,0.05801574004611869,614,"I thought the job posting said, ""Requires composure."""
3754,3711,2,9,55,66,1.196969696969697,0.05801574004611869,614,Be back soon--I forgot my piano tuning fork.
3740,3711,3,7,56,66,1.196969696969697,0.06190336468479953,614,I'm Opporknockity and I tune but once.
3650,3711,2,9,55,66,1.196969696969697,0.05801574004611869,614,"Wrong range, pal. These are the Spinet Tetons."
3574,3711,1,11,54,66,1.196969696969697,0.0538481719921703,614,"I’m sorry I’m late for my lesson, master."
3543,3711,3,7,56,66,1.196969696969697,0.06190336468479953,614,I ordered a Bosendorfer but they brought me a Steinway. Typical mountain top bait & delivery switch.
3478,3711,1,11,54,66,1.196969696969697,0.0538481719921703,614,Heard you need a tuning.
3475,3711,2,9,55,66,1.196969696969697,0.05801574004611869,614,You know rawhide?
3438,3711,1,11,54,66,1.196969696969697,0.0538481719921703,614,Is that a Steinway?
3419,3711,1,11,54,66,1.196969696969697,0.0538481719921703,614,"I say ""Man, what are you doin' here?"""
3361,3711,1,11,54,66,1.196969696969697,0.0538481719921703,614,Thanks for coming but the piano has tuned itself
3322,3711,3,7,56,66,1.196969696969697,0.06190336468479953,614,That’s not the sort of “Air Supply” I was looking for.
3315,3711,2,9,55,66,1.196969696969697,0.05801574004611869,614,Yeah...but the clime is worth it..the acoustics are great.
1504,3711,1,11,54,66,1.196969696969697,0.0538481719921703,614,"Dammit, I forgot to pack the tuning hammer"
4098,3711,2,9,55,66,1.196969696969697,0.05801574004611869,614,They said this would be the next Woodstock.
4100,3711,2,9,55,66,1.196969696969697,0.05801574004611869,614,Did you call for a piano tuner?
4157,3711,1,11,54,66,1.196969696969697,0.0538481719921703,614,"If you’ve come for inspiration, I’m all out"
4233,3711,2,9,55,66,1.196969696969697,0.05801574004611869,614,"I heard angels were on high, not Moses impersonating pianists."
4937,3711,1,11,54,66,1.196969696969697,0.0538481719921703,614,Just checking to see why the hills aren't alive with the sound of music.
4789,3711,3,7,56,66,1.196969696969697,0.06190336468479953,614,Been a long day huh buddy?
4788,3711,1,11,54,66,1.196969696969697,0.0538481719921703,614,Please stop playing at such ungodly hours! We haven't been able to sleep for the past three nights.
4781,3711,2,9,55,66,1.196969696969697,0.05801574004611869,614,"OK, Mr. Finkelman. I'll be back next year with your tuba."
4736,3711,0,13,53,66,1.196969696969697,0.04932975938212032,614,My grandpa got your tuning request but you never said which mountain.
4661,3711,0,13,53,66,1.196969696969697,0.04932975938212032,614,Can you recommend a good mover?
4573,3711,1,11,54,66,1.196969696969697,0.0538481719921703,614,"Have you tried, ""ford every stream?"""
5024,3711,2,9,55,66,1.196969696969697,0.05801574004611869,614,Gandolf playing the piano?!?! Dang it. I was looking for Dumbledore.
4494,3711,2,9,55,66,1.196969696969697,0.05801574004611869,614,Too late to get that tuned??
4481,3711,1,11,54,66,1.196969696969697,0.0538481719921703,614,"Wait, I know you. You're the guy from Radiohead! Man, where've you guys been?"
4473,3711,0,13,53,66,1.196969696969697,0.04932975938212032,614,You play by ear?
4427,3711,2,9,55,66,1.196969696969697,0.05801574004611869,614,Are you the guy from the Billy Joel song?
4395,3711,3,7,56,66,1.196969696969697,0.06190336468479953,614,There's no private place for a man to play with his organ anymore.
4345,3711,0,13,53,66,1.196969696969697,0.04932975938212032,614,Climbing Everest is the easy part - it's the piano composition that breaks a man.
4315,3711,3,7,56,66,1.196969696969697,0.06190336468479953,614,"Do you know the ""Alpine Symphony""?"
4235,3711,1,11,54,66,1.196969696969697,0.0538481719921703,614,"Keep playing, you encouraged me to continue climbing."
4492,3711,2,9,55,66,1.196969696969697,0.05801574004611869,614,They delivered it to the wrong mountain. You'll have to help me get it back down.
1370,3711,3,7,56,66,1.196969696969697,0.06190336468479953,614,How many octaves to go?
1188,3711,0,13,53,66,1.196969696969697,0.04932975938212032,614,"I heard you were looking for a page turner, and that others just hadn't warmed up to the job."
1310,3711,0,13,53,66,1.196969696969697,0.04932975938212032,614,It was a lot of heavy lifting!
668,3711,2,9,55,66,1.196969696969697,0.05801574004611869,614,"Billy, you've got to be more selective with your venues."
634,3711,3,7,56,66,1.196969696969697,0.06190336468479953,614,"Music is free now, so no need to come up with anything original."
604,3711,2,9,55,66,1.196969696969697,0.05801574004611869,614,"Please tell me you know the left hand for ""Heart and Soul""."
565,3711,2,9,55,66,1.196969696969697,0.05801574004611869,614,"Die for art, or art to die for?"
415,3711,1,11,54,66,1.196969696969697,0.0538481719921703,614,"Tertiary Liszt, I presume."
411,3711,1,11,54,66,1.196969696969697,0.0538481719921703,614,Our good cop is stuck at his kid's birthday party.
1328,3711,1,11,54,66,1.196969696969697,0.0538481719921703,614,You're saying the wind is the only problem?
257,3711,0,13,53,66,1.196969696969697,0.04932975938212032,614,"No, I'm here to tune YOU in."
200,3711,3,7,56,66,1.196969696969697,0.06190336468479953,614,"Man, what are you doin’ here?"
189,3711,1,11,54,66,1.196969696969697,0.0538481719921703,614,You're violating the HOA's noise ordinance.
148,3711,1,11,54,66,1.196969696969697,0.0538481719921703,614,"Hi, I'm Edmund from Acme Piano Movers. I'm afraid we're going to have to reschedule again."
139,3711,1,11,54,66,1.196969696969697,0.0538481719921703,614,Don't you know any NEW songs?
127,3711,2,9,55,66,1.196969696969697,0.05801574004611869,614,Ask SIRI
78,3711,1,11,54,66,1.196969696969697,0.0538481719921703,614,Looks like he's still evolving...
3,3711,3,7,56,66,1.196969696969697,0.06190336468479953,614,Who's the funny guy now?
692,3711,1,11,54,66,1.196969696969697,0.0538481719921703,614,"What's that, you have a request? Well, I must admit, I don't get many of those, but I suppose I could accommodate you if you wait patiently."
727,3711,2,9,55,66,1.196969696969697,0.05801574004611869,614,"Pleased to meet you, Herr Wagner. I thought you might have been sent to the other place."
263,3711,0,13,53,66,1.196969696969697,0.04932975938212032,614,Is this A-Flat Mountain?
849,3711,2,9,55,66,1.196969696969697,0.05801574004611869,614,Sorry I'm late for my first lesson.
1210,3711,2,9,55,66,1.196969696969697,0.05801574004611869,614,Really? You only know You Gave Me A Mountain?
1201,3711,2,9,55,66,1.196969696969697,0.05801574004611869,614,"If you're looking for attunement, you better have a pitchpipe."
1133,3711,0,13,53,66,1.196969696969697,0.04932975938212032,614,"I'm sorry sir, but I'm here to repossess the piano..."
1103,3711,1,11,54,66,1.196969696969697,0.0538481719921703,614,You called for piano tuner?
1099,3711,2,9,55,66,1.196969696969697,0.05801574004611869,614,I had higher expectations
1234,3711,2,9,55,66,1.196969696969697,0.05801574004611869,614,The world isn't listening?
759,3711,1,11,54,66,1.196969696969697,0.0538481719921703,614,"Can you inspire me by taking a stab at ""Rocky Mountain High""?"
1049,3711,1,11,54,66,1.196969696969697,0.0538481719921703,614,Is that song really this old?
939,3711,1,11,54,66,1.196969696969697,0.0538481719921703,614,"So I got to Carnegie Hall, now how do I get to Coachella?"
921,3711,1,11,54,66,1.196969696969697,0.0538481719921703,614,Do you know The Sound of Music?
877,3711,2,9,55,66,1.196969696969697,0.05801574004611869,614,Crap. I was looking for the brass band.
875,3711,2,9,55,66,1.196969696969697,0.05801574004611869,614,Want to hear the love theme from Guru: The Musical?
865,3711,1,11,54,66,1.196969696969697,0.0538481719921703,614,Can you play “ Somewhere over the rainbow”?
1060,3711,2,9,55,66,1.196969696969697,0.05801574004611869,614,You can grow old finding a piano tuner up here!
1251,3711,3,7,56,66,1.196969696969697,0.06190336468479953,614,"What did you expect? A player piano? After all, these are the GRAND Tetons!"
3737,3866,2,10,60,72,1.1944444444444444,0.054668187059789194,614,"Hey, what’s up?"
2897,3866,3,8,61,72,1.1944444444444444,0.05813645141504052,614,So how'd you get the piano up here?
5784,3868,2,9,56,67,1.1940298507462686,0.057218846267874955,614,"Wow, it really is a bald mountain."
244,3868,0,13,54,67,1.1940298507462686,0.04867677371683064,614,What? No theme song?
1089,3868,1,11,55,67,1.1940298507462686,0.053119792298663225,614,You should be grateful! This is the highest paying gig I have ever booked for you.
1506,3868,2,9,56,67,1.1940298507462686,0.057218846267874955,614,So this is what reaching your peak looks like.
1933,3868,4,5,58,67,1.1940298507462686,0.06464181647334705,614,"I just have to ask, are those Chacos?"
2886,3868,2,9,56,67,1.1940298507462686,0.057218846267874955,614,What--a false summit?
3215,3868,1,11,55,67,1.1940298507462686,0.053119792298663225,614,Just what I thought before I started climbing: it's all about harmony.
4280,3868,2,9,56,67,1.1940298507462686,0.057218846267874955,614,Mozart please
3382,3868,3,7,57,67,1.1940298507462686,0.061043266644244185,614,I was hoping to hear some Rock-maninoff.
3456,3868,2,9,56,67,1.1940298507462686,0.057218846267874955,614,"More piano, not so forte. There’s quite an echo in the valley!"
3732,3868,2,9,56,67,1.1940298507462686,0.057218846267874955,614,"I hope you like ""Chopsticks""."
3765,3868,2,9,56,67,1.1940298507462686,0.057218846267874955,614,They said practice would get me to Carnegie Hall. They lied.
3781,3868,1,11,55,67,1.1940298507462686,0.053119792298663225,614,"Did you ever finish that symphony, Mr. Schubert?"
4193,3868,3,7,57,67,1.1940298507462686,0.061043266644244185,614,"Still no Carnegie Hall, huh?"
4674,3868,1,11,55,67,1.1940298507462686,0.053119792298663225,614,Could you quiet down? My baby's trying to sleep.
5196,3868,2,9,56,67,1.1940298507462686,0.057218846267874955,614,I’m not really that into music.... Do you have any regular hermit-guru advice?
4697,3868,1,11,55,67,1.1940298507462686,0.053119792298663225,614,So this is a little awkward... John Cage died in 1992.
3228,3868,0,13,54,67,1.1940298507462686,0.04867677371683064,614,Are you the one I’m supposed to tell it on the mountain?
5965,3868,2,9,56,67,1.1940298507462686,0.057218846267874955,614,The guys at basecamp said you might have an extra toothbrush.
5602,3868,1,11,55,67,1.1940298507462686,0.053119792298663225,614,"Still not finished, Franz?"
6142,3868,2,9,56,67,1.1940298507462686,0.057218846267874955,614,"Come on, play it again, Sam."
5216,3868,2,9,56,67,1.1940298507462686,0.057218846267874955,614,The keys to success are...
6700,3868,1,11,55,67,1.1940298507462686,0.053119792298663225,614,I didn't know it was possible to suck the air out at this altitude.
5974,3868,1,11,55,67,1.1940298507462686,0.053119792298663225,614,I am here to audition for this gig.
323,3892,0,12,50,62,1.1935483870967742,0.05058468130541773,614,Were you playing Rachmaninoff?
2597,3893,4,3,50,57,1.1929824561403508,0.07271410564613537,614,The old man on the mountain again? This is like a New Yorker motif?
503,3894,2,8,53,63,1.1904761904761905,0.05925438255602429,614,There is little difference between a sharp climber and a climber that be flat.
2065,3894,3,6,54,63,1.1904761904761905,0.06342802710311082,614,You missed it you little weasel. My concert was yesterday.
5069,3894,2,8,53,63,1.1904761904761905,0.05925438255602429,614,And they said I'll never carry a tune.
6126,3894,2,8,53,63,1.1904761904761905,0.05925438255602429,614,"FYI, I'm getting a new piano instructor."
2661,3898,1,10,53,64,1.1875,0.053983205795288855,614,You look familiar. Are you from Boesendorf?
2719,3898,2,8,54,64,1.1875,0.058397074018894594,614,"What do you mean, ""Do I know Heart and Soul?"""
2728,3898,1,10,53,64,1.1875,0.053983205795288855,614,Maybe you just need to concentrate harder.
2743,3898,2,8,54,64,1.1875,0.058397074018894594,614,Enough with the Mountain Guru cartoons!
2779,3898,1,10,53,64,1.1875,0.053983205795288855,614,I guess the music went to your head.
2787,3898,0,12,52,64,1.1875,0.0491747370293402,614,I really appreciate your offer to help me move.
4107,3898,1,10,53,64,1.1875,0.053983205795288855,614,Can you play something restorative?
2873,3898,1,10,53,64,1.1875,0.053983205795288855,614,I'm assuming you're here for the alto-tude
2904,3898,1,10,53,64,1.1875,0.053983205795288855,614,Maestro.....I seek harmony. (or) I come in search of harmony....
2569,3898,2,8,54,64,1.1875,0.058397074018894594,614,I don't know any rap.
2930,3898,1,10,53,64,1.1875,0.053983205795288855,614,"At last, the tuner showed up."
2934,3898,2,8,54,64,1.1875,0.058397074018894594,614,But you’ve got to practice if you’re going to get a head!
2946,3898,1,10,53,64,1.1875,0.053983205795288855,614,"I know I said I wanted to learn to play from a piano guru, but we could have done this at your place in town."
2962,3898,2,8,54,64,1.1875,0.058397074018894594,614,"No, I'm afraid I don't know how to find middle C either."
2865,3898,0,12,52,64,1.1875,0.0491747370293402,614,"The secret to happiness? Keep practicing John Cage's 4'33""."
2537,3898,1,10,53,64,1.1875,0.053983205795288855,614,"Hello! My name is Russell, and I’m here to tune your piano."
4152,3898,2,8,54,64,1.1875,0.058397074018894594,614,You could hear me?
2449,3898,1,10,53,64,1.1875,0.053983205795288855,614,You'd think I would find a high note on this mountain.
4508,3898,2,8,54,64,1.1875,0.058397074018894594,614,"Thought it'd be a high-note, didn't you?"
4477,3898,1,10,53,64,1.1875,0.053983205795288855,614,"Its about time you showed up to fix this thing. The lower ""E"" is flat and I have a concert in two hours"
4469,3898,0,12,52,64,1.1875,0.0491747370293402,614,Finished yet?
4455,3898,2,8,54,64,1.1875,0.058397074018894594,614,we heard you were calling all creators
4399,3898,1,10,53,64,1.1875,0.053983205795288855,614,"""So you've finally arrived..."" *final boss music starts*"
4322,3898,2,8,54,64,1.1875,0.058397074018894594,614,What do you mean you only play high notes?
2471,3898,0,12,52,64,1.1875,0.0491747370293402,614,"After 88 long steps, and this? a Bosendorfer?!!"
4286,3898,1,10,53,64,1.1875,0.053983205795288855,614,Could you play 'Homeward Bound'.
4198,3898,1,10,53,64,1.1875,0.053983205795288855,614,"Sure, if you can hum it for me!"
4192,3898,2,8,54,64,1.1875,0.058397074018894594,614,"This was meant to be a mountain-top experience, but I forgot that I can't read music."
2987,3898,3,6,55,64,1.1875,0.0625,614,Are you with the moving company?
2365,3898,1,10,53,64,1.1875,0.053983205795288855,614,Did you bring the new sheet music?
2367,3898,0,12,52,64,1.1875,0.0491747370293402,614,Wanna play four hand?
2377,3898,1,10,53,64,1.1875,0.053983205795288855,614,Play some Stravinsky!
4219,3898,1,10,53,64,1.1875,0.053983205795288855,614,"Alright... if I play 'Heart and Soul' with you, will you tell me how to get back down?"
4115,3898,2,8,54,64,1.1875,0.058397074018894594,614,"I was expecting a chorus, not a singer-songwriter."
3033,3898,1,10,53,64,1.1875,0.053983205795288855,614,Are you the tech from Mobile Tuners?
3077,3898,3,6,55,64,1.1875,0.0625,614,"Hey, play ""Climb every mountain"" I'll sing"
3705,3898,2,8,54,64,1.1875,0.058397074018894594,614,"I can give you the lyrics to the ""Meaning of Life"" but you have to supply the music."
3760,3898,1,10,53,64,1.1875,0.053983205795288855,614,"We lost five souls on this mountain. Do you know ""The End of the Road"" by Boyz 2 Men?"
3814,3898,3,6,55,64,1.1875,0.0625,614,We like it! Will you pay for the shipping?
4134,3898,0,12,52,64,1.1875,0.0491747370293402,614,Could you queue up the theme from 'Rocky?'
3864,3898,2,8,54,64,1.1875,0.058397074018894594,614,"Mr. Grofe, I have been expecting you."
3883,3898,1,10,53,64,1.1875,0.053983205795288855,614,I heard you were decomposing
3884,3898,2,8,54,64,1.1875,0.058397074018894594,614,"If I set up camp here, will you play the Moonlight Sonata for me?"
3888,3898,1,10,53,64,1.1875,0.053983205795288855,614,Grand Tetons? No this is grand piano.
4139,3898,3,6,55,64,1.1875,0.0625,614,"Sorry, I don’t know, “Where are we?” Can you hum a few bars?"
3902,3898,3,6,55,64,1.1875,0.0625,614,The 'End of the Road' piano bar? . . . Do you know 'Climb Ev'ry Mountain'?
3931,3898,1,10,53,64,1.1875,0.053983205795288855,614,"Sorry, the Choir of Angels is in LA this week auditioning for The Voice."
3971,3898,1,10,53,64,1.1875,0.053983205795288855,614,Finally! I'm getting pretty sick of playing 'Bolero'.
3976,3898,2,8,54,64,1.1875,0.058397074018894594,614,"Would you play it again, Sam?"
3996,3898,3,6,55,64,1.1875,0.0625,614,"Why here ? Because the music never rests , the high tunes would help break the ice , and sir Edmond thought the location would be hilarious ."
4030,3898,2,8,54,64,1.1875,0.058397074018894594,614,"Before I share my music, you should try composing yourself."
4131,3898,2,8,54,64,1.1875,0.058397074018894594,614,"Hey, play that again, Sam"
4039,3898,1,10,53,64,1.1875,0.053983205795288855,614,That sounded like Liberace . . . Oh! This is where you’ve been!
4091,3898,2,8,54,64,1.1875,0.058397074018894594,614,Please tell me you know the left hand part of Heart and Soul.
3917,3898,2,8,54,64,1.1875,0.058397074018894594,614,"I can see you're an idiot, but are you a savant?"
3677,3898,3,6,55,64,1.1875,0.0625,614,"Wow, that was the most intense crescendo I've ever climbed."
3652,3898,4,4,56,64,1.1875,0.06634969288573796,614,I lost my glasses. You'll have to nod when you want me to turn the page.
3617,3898,2,8,54,64,1.1875,0.058397074018894594,614,Do you by any chance know Bach's Sonata for 4 Hands in A Major?
3079,3898,2,8,54,64,1.1875,0.058397074018894594,614,Are you the guy who gives piano lessons for three bucks an hour?
3107,3898,1,10,53,64,1.1875,0.053983205795288855,614,Do you know any Cole Porter?
3182,3898,1,10,53,64,1.1875,0.053983205795288855,614,Do you know any Kendrick Lamar?
3201,3898,2,8,54,64,1.1875,0.058397074018894594,614,Would you scheduled my lesson at a happier place if I had wanted to learn Beethoven's Ode to Joy instead of Mozart's Requiem?
3208,3898,1,10,53,64,1.1875,0.053983205795288855,614,"It may be the altitude sickness talking, but you were a little off key."
3216,3898,3,6,55,64,1.1875,0.0625,614,Can you play the Chopsticks Duet?
3222,3898,2,8,54,64,1.1875,0.058397074018894594,614,Men's under garments are on the next summit.
3295,3898,1,10,53,64,1.1875,0.053983205795288855,614,"Oh I'm sorry, I thought this was jukebox mountain."
3357,3898,0,12,52,64,1.1875,0.0491747370293402,614,"Look, a piano's one thing, but a pipe organ?!"
3375,3898,1,10,53,64,1.1875,0.053983205795288855,614,"Do you play requests? Can you play ""Chopsticks"" for me?"
3414,3898,0,12,52,64,1.1875,0.0491747370293402,614,Mind if I sit in on the second set?
3450,3898,2,8,54,64,1.1875,0.058397074018894594,614,"Sure, I take requests....anything but Climb Every Mountain!"
3491,3898,3,6,55,64,1.1875,0.0625,614,"Can you play ""Feelings""?"
3537,3898,0,12,52,64,1.1875,0.0491747370293402,614,"Ehm, is this the way to the top of the charts?"
3544,3898,1,10,53,64,1.1875,0.053983205795288855,614,"Boy: ""We're talking about triple-digit likes!"" Grandpa: ""As long as your grandmother knows that I'm living my best life."""
3545,3898,1,10,53,64,1.1875,0.053983205795288855,614,It's middle C again.
3569,3898,1,10,53,64,1.1875,0.053983205795288855,614,"I know, it was hard; but everything was part of a reality show challenge that was cancelled mid-season."
3591,3898,3,6,55,64,1.1875,0.0625,614,"Sorry, no spare change."
3601,3898,2,8,54,64,1.1875,0.058397074018894594,614,Don't give up. It's a long climb to the top.
3064,3898,0,12,52,64,1.1875,0.0491747370293402,614,Am I too early for requests?
3852,3898,3,6,55,64,1.1875,0.0625,614,So...you came all this way to request ‘Moon River?’
4759,3898,2,8,54,64,1.1875,0.058397074018894594,614,They've cut your funding again. Do you have a reply?
6649,3898,3,6,55,64,1.1875,0.0625,614,The brass section didn't make it.
5395,3898,2,8,54,64,1.1875,0.058397074018894594,614,"Instead of an answer to life and happiness, can I play a few bars from The Beatles “ Let it Be”?"
5412,3898,1,10,53,64,1.1875,0.053983205795288855,614,Please look around — I’m certain Moses lost the commandment: Thou shalt not elect narcissistic sociopaths.
5453,3898,4,4,56,64,1.1875,0.06634969288573796,614,Mom says there's more money in sheep.
5463,3898,1,10,53,64,1.1875,0.053983205795288855,614,"Hey, man, I brought my ax!"
5487,3898,2,8,54,64,1.1875,0.058397074018894594,614,"Hi, can you play ""there is no mountain high enough"" please?"
5524,3898,2,8,54,64,1.1875,0.058397074018894594,614,Are you the one who called to get your piano tuned?
5564,3898,0,12,52,64,1.1875,0.0491747370293402,614,Who is Elise?
5566,3898,2,8,54,64,1.1875,0.058397074018894594,614,You’re right. The dramatic accompaniment really rounds out the experience.
5567,3898,0,12,52,64,1.1875,0.0491747370293402,614,"Of all the gin joints in all the towns in all the world, I walk into yours...so play it again, Swami."
5582,3898,2,8,54,64,1.1875,0.058397074018894594,614,Greetings! Your muse has arrived!
5596,3898,3,6,55,64,1.1875,0.0625,614,"Sorry, am I too late for the recital?"
5598,3898,2,8,54,64,1.1875,0.058397074018894594,614,I couldn’t get a Handel on it.
5657,3898,2,8,54,64,1.1875,0.058397074018894594,614,"Oh, sorry, I was looking for Led Zepplin."
5666,3898,3,6,55,64,1.1875,0.0625,614,I know. Beethoven couldn’t write a third movement to op. 111 either.
5768,3898,1,10,53,64,1.1875,0.053983205795288855,614,"Please, leave me alone, says Franz Schubert, I'm trying to finish this damn symphony."
5793,3898,1,10,53,64,1.1875,0.053983205795288855,614,"Can you play ""Temptation""?"
4675,3898,2,8,54,64,1.1875,0.058397074018894594,614,I'm glad you came Bach for your lesson; I see you can Handel a challenge.
5822,3898,1,10,53,64,1.1875,0.053983205795288855,614,"Sorry for the delay, I forgot my tuning fork at basecamp."
5825,3898,0,12,52,64,1.1875,0.0491747370293402,614,"If music be the food of love, play on!"
5355,3898,0,12,52,64,1.1875,0.0491747370293402,614,Can you do Hallelujah?
5296,3898,1,10,53,64,1.1875,0.053983205795288855,614,"I can't tell you how glad I am to know that I wasn't just imagining hearing ""Sabre Dance"" for the past two hours."
5295,3898,1,10,53,64,1.1875,0.053983205795288855,614,I've filled these hills with the sound of music for a thousand years! Who are you?!
5283,3898,2,8,54,64,1.1875,0.058397074018894594,614,"Sorry, I don’t know that one."
4769,3898,2,8,54,64,1.1875,0.058397074018894594,614,There's a cover; and I don't do any encores.
4777,3898,1,10,53,64,1.1875,0.053983205795288855,614,I'm glad you're here. You wouldn't happen to have a tuning fork would you?
4784,3898,1,10,53,64,1.1875,0.053983205795288855,614,"I'd never thought I'd end up like this."" -""I never thought I'd stumble into this."
4873,3898,1,10,53,64,1.1875,0.053983205795288855,614,I've come to learn how to pronounce 'Bach.'
4889,3898,1,10,53,64,1.1875,0.053983205795288855,614,I was really hoping that deafaning music was in my head this whole climb.
4905,3898,2,8,54,64,1.1875,0.058397074018894594,614,"So the only one you know is ""Melancholy Baby""."
4915,3898,1,10,53,64,1.1875,0.053983205795288855,614,"Piano man,play 'Misty' for me."
4947,3898,3,6,55,64,1.1875,0.0625,614,Gandalf the Ivory?
4993,3898,1,10,53,64,1.1875,0.053983205795288855,614,Not entirely...I had help from a passing helicopter.
5826,3898,3,6,55,64,1.1875,0.0625,614,"Ludwig! What a nice surprise. Hey, I’ve got a case of lager here. You’ll like the strong finish."
5014,3898,1,10,53,64,1.1875,0.053983205795288855,614,I do hope you are the piano tuner I called?
5084,3898,1,10,53,64,1.1875,0.053983205795288855,614,Just like it says: Play to win.
5089,3898,0,12,52,64,1.1875,0.0491747370293402,614,I don't recognize the tune....can you hum a few bars....
5098,3898,2,8,54,64,1.1875,0.058397074018894594,614,Can you play the Paul Simon cover of 'Great balls of Fire'?
5146,3898,1,10,53,64,1.1875,0.053983205795288855,614,Any luck on “Hokey Pokey the Sequel?”
5176,3898,1,10,53,64,1.1875,0.053983205795288855,614,With the right connections you should have no trouble getting signed.
5198,3898,2,8,54,64,1.1875,0.058397074018894594,614,"What do you mean, you forgot the tuner?"
5209,3898,2,8,54,64,1.1875,0.058397074018894594,614,Is this how you get to Carnegie Hall?
5234,3898,1,10,53,64,1.1875,0.053983205795288855,614,"I know the rent is cheap, but we really have to find a new practice space."
5254,3898,1,10,53,64,1.1875,0.053983205795288855,614,"Fine, just play me off with “Pop goes the Weasel.”"
5029,3898,1,10,53,64,1.1875,0.053983205795288855,614,"No, the restaurant that was in the earlier New Yorker cartoon is the next peak over."
6671,3898,1,10,53,64,1.1875,0.053983205795288855,614,I knew I heard music coming from somewhere!
5830,3898,1,10,53,64,1.1875,0.053983205795288855,614,I came to tell you that you are making way too much noise.
5864,3898,0,12,52,64,1.1875,0.0491747370293402,614,You'll need to come back during my office hours.
6370,3898,2,8,54,64,1.1875,0.058397074018894594,614,Can you play It's A Small World?
6386,3898,2,8,54,64,1.1875,0.058397074018894594,614,Play it for me Sam. Play As Time Goes By.
6402,3898,0,12,52,64,1.1875,0.0491747370293402,614,"I was surprised to discover Bach, in a Prelude to Fugue state , where he'd been decomposing for years ."
6418,3898,2,8,54,64,1.1875,0.058397074018894594,614,can your notes not go any higher?
6428,3898,3,6,55,64,1.1875,0.0625,614,You ordered a tuning?
6449,3898,2,8,54,64,1.1875,0.058397074018894594,614,"Great, you're the piano tuner I been waiting for."
6451,3898,2,8,54,64,1.1875,0.058397074018894594,614,"Really? Another ""mountain climber encounters surreal scene"" cartoon?"
6454,3898,2,8,54,64,1.1875,0.058397074018894594,614,"Please Elton! Just one more ""Yellow Brick Road."""
6458,3898,2,8,54,64,1.1875,0.058397074018894594,614,"It was just as Mrs. Hale had always said, one day Hank would regret not TRULY investing in his piano lessons."
6553,3898,2,8,54,64,1.1875,0.058397074018894594,614,Did you remember your clarinet and is the upcoming soprano behind you?
6557,3898,3,6,55,64,1.1875,0.0625,614,‘Are you waiting too see Liberace too’?
6565,3898,2,8,54,64,1.1875,0.058397074018894594,614,"I'm here for the duet, sorry it took 30 years"
6606,3898,1,10,53,64,1.1875,0.053983205795288855,614,John Legend?
4631,3898,0,12,52,64,1.1875,0.0491747370293402,614,Practice? Practice? Practice?
4597,3898,2,8,54,64,1.1875,0.058397074018894594,614,Do you play?
4556,3898,2,8,54,64,1.1875,0.058397074018894594,614,If the mountain won’t come to Mozart...
4726,3898,2,8,54,64,1.1875,0.058397074018894594,614,So you climbed all this way to find Middle C.
4515,3898,1,10,53,64,1.1875,0.053983205795288855,614,Did you work on your scales?
6630,3898,1,10,53,64,1.1875,0.053983205795288855,614,"Well, I thought it would be an easy way to get in my 10,000 hours of practice."""
6327,3898,2,8,54,64,1.1875,0.058397074018894594,614,Can you play me up?'
6316,3898,2,8,54,64,1.1875,0.058397074018894594,614,"Wise guru, did I just hear you playing ""Who let the dogs out?"""
6299,3898,1,10,53,64,1.1875,0.053983205795288855,614,I hope you know how to tune a piano?
6281,3898,1,10,53,64,1.1875,0.053983205795288855,614,"It's cold, I'm tired, and I can't get Chopsticks out of my head."
5912,3898,1,10,53,64,1.1875,0.053983205795288855,614,You called for a page turner?
6026,3898,1,10,53,64,1.1875,0.053983205795288855,614,How 'bout we take it from the top?
6029,3898,1,10,53,64,1.1875,0.053983205795288855,614,Any progress on that symphony?
6038,3898,0,12,52,64,1.1875,0.0491747370293402,614,"Did it ever occur to that I might me joking when I asked if you knew how to play ""Far, far away"""
6053,3898,1,10,53,64,1.1875,0.053983205795288855,614,"I always wanted to play a piece on ""From the Top."""
6083,3898,1,10,53,64,1.1875,0.053983205795288855,614,"Please. I've already been asked five times today to play ""Piano Man."""
6088,3898,3,6,55,64,1.1875,0.0625,614,"Mr. Hameshstein, I would like to ask for your daughter’s hand in marriage."
6105,3898,1,10,53,64,1.1875,0.053983205795288855,614,Looks like you need a vacation.
6120,3898,2,8,54,64,1.1875,0.058397074018894594,614,Finally! I haven't had any inspiration for 27 years. What's it like down there?
5859,3898,1,10,53,64,1.1875,0.053983205795288855,614,"Sorry, I don’t know Chopsticks."
2355,3898,1,10,53,64,1.1875,0.053983205795288855,614,Supertramp?
6124,3898,2,8,54,64,1.1875,0.058397074018894594,614,The secret to life is somewhere in my notes here.
6128,3898,0,12,52,64,1.1875,0.0491747370293402,614,"If you would hum a few notes, maybe I'd remember."""
4657,3898,0,12,52,64,1.1875,0.0491747370293402,614,I probably should have just taken that deal with the devil.
6160,3898,0,12,52,64,1.1875,0.0491747370293402,614,For next week I'll practice my fingering and my finger grips.
6166,3898,1,10,53,64,1.1875,0.053983205795288855,614,That last note went a little flat.
6181,3898,0,12,52,64,1.1875,0.0491747370293402,614,Might I suggest you try something other than show tunes?
6211,3898,2,8,54,64,1.1875,0.058397074018894594,614,"Sorry, no requests. I mostly do topographical parodies."
6228,3898,3,6,55,64,1.1875,0.0625,614,"You know there’s an app for that, right?"
6268,3898,2,8,54,64,1.1875,0.058397074018894594,614,"Sorry, I do not have your climbing chord."
6123,3898,2,8,54,64,1.1875,0.058397074018894594,614,I can't breathe! Play the Londonderry Air.
2347,3898,1,10,53,64,1.1875,0.053983205795288855,614,Your crescendo beats mine!
6240,3898,2,8,54,64,1.1875,0.058397074018894594,614,I thought you played the harp.
2333,3898,1,10,53,64,1.1875,0.053983205795288855,614,"Sooo, do you take requests?"
878,3898,2,8,54,64,1.1875,0.058397074018894594,614,I'm waiting for the piano mover.
885,3898,2,8,54,64,1.1875,0.058397074018894594,614,You don't know 'Stairway To Heaven'?
905,3898,1,10,53,64,1.1875,0.053983205795288855,614,What do you mean you didn't bring your harmonica?
940,3898,2,8,54,64,1.1875,0.058397074018894594,614,"You're the acoustician, right?"
945,3898,3,6,55,64,1.1875,0.0625,614,My sage advice? Get a bachelor of science
969,3898,1,10,53,64,1.1875,0.053983205795288855,614,Damn! I forgot to bring my music.
978,3898,0,12,52,64,1.1875,0.0491747370293402,614,Well then how do we GET it to swing?
984,3898,3,6,55,64,1.1875,0.0625,614,Do you do requests?
1001,3898,1,10,53,64,1.1875,0.053983205795288855,614,Do you play weddings?
1022,3898,0,12,52,64,1.1875,0.0491747370293402,614,It ain't got that swing ...
1080,3898,1,10,53,64,1.1875,0.053983205795288855,614,There isn't just one kind of scaling a mountain.
1090,3898,1,10,53,64,1.1875,0.053983205795288855,614,Need to work on the acoustics.
1094,3898,0,12,52,64,1.1875,0.0491747370293402,614,What do you mean you don’t know that one?!?
1123,3898,0,12,52,64,1.1875,0.0491747370293402,614,Do you know Wonderwall?
1130,3898,3,6,55,64,1.1875,0.0625,614,"Great Guru, how does a mouse get a piano to the top the mountain?"
1156,3898,4,4,56,64,1.1875,0.06634969288573796,614,"Steinway, I presume."
1160,3898,2,8,54,64,1.1875,0.058397074018894594,614,Are we there yet?
784,3898,2,8,54,64,1.1875,0.058397074018894594,614,Move over. We’ll start your lesson with a “Chopsticks” duet.
1199,3898,0,12,52,64,1.1875,0.0491747370293402,614,Can you recommend the piano movers?
776,3898,2,8,54,64,1.1875,0.058397074018894594,614,"Sorry, I thought that you were the piano tuner that I ordered 5 years ago."
755,3898,1,10,53,64,1.1875,0.053983205795288855,614,"Do you know ""The Meaning of Life""?"
25,3898,0,12,52,64,1.1875,0.0491747370293402,614,"Alive with the sound of music? Sorry friend, these hills have retired."
85,3898,1,10,53,64,1.1875,0.053983205795288855,614,"God, not scales!"
2341,3898,1,10,53,64,1.1875,0.053983205795288855,614,"No, you cannot ping my middle C."
260,3898,0,12,52,64,1.1875,0.0491747370293402,614,"I know it's disappointing, but high C is still the same."
270,3898,1,10,53,64,1.1875,0.053983205795288855,614,Let me guess . . . you're the PIANO man on the mountain.
287,3898,1,10,53,64,1.1875,0.053983205795288855,614,We can do this the easy way or the hard way.
418,3898,2,8,54,64,1.1875,0.058397074018894594,614,"I already missed 'Freebird', didn't I?"
423,3898,2,8,54,64,1.1875,0.058397074018894594,614,"You never write, you never call ... but most importantly ... you never play!"""
429,3898,3,6,55,64,1.1875,0.0625,614,Did you buy your ticket from a scalper?
461,3898,1,10,53,64,1.1875,0.053983205795288855,614,It was funnier when we did this with a cafe...
495,3898,1,10,53,64,1.1875,0.053983205795288855,614,I tuned it just last week.
548,3898,1,10,53,64,1.1875,0.053983205795288855,614,Do you know Nirvana?
580,3898,1,10,53,64,1.1875,0.053983205795288855,614,Sorry. I don't take requests.
583,3898,0,12,52,64,1.1875,0.0491747370293402,614,The hard part will be getting this baby back down in one piece.
641,3898,1,10,53,64,1.1875,0.053983205795288855,614,You asked for a tuner?
739,3898,3,6,55,64,1.1875,0.0625,614,I'm Jason from Uber-barber
743,3898,2,8,54,64,1.1875,0.058397074018894594,614,You asked for a tuner?
771,3898,3,6,55,64,1.1875,0.0625,614,"Damn, another false summit!"
1220,3898,0,12,52,64,1.1875,0.0491747370293402,614,Have you seen my keys anywhere?
971,3898,1,10,53,64,1.1875,0.053983205795288855,614,Did you call for an enlightened piano tuner?
1276,3898,0,12,52,64,1.1875,0.0491747370293402,614,Brilliant! Your forté style creates an exceptional cliffhanger atmosphere.
1852,3898,1,10,53,64,1.1875,0.053983205795288855,614,Are you taping a podcast out here?
1857,3898,4,4,56,64,1.1875,0.06634969288573796,614,Holy Moses!
1860,3898,0,12,52,64,1.1875,0.0491747370293402,614,I take all request except the Rocky theme.
1876,3898,3,6,55,64,1.1875,0.0625,614,Can you keep it down? The hermit on the next mountain is trying to sleep!
1885,3898,2,8,54,64,1.1875,0.058397074018894594,614,Finally! I've been following you on Spotify for so long.
1892,3898,1,10,53,64,1.1875,0.053983205795288855,614,You know....one man's mountain top is another man's valley....just saying.
1897,3898,2,8,54,64,1.1875,0.058397074018894594,614,I don't suppose you brought a tuning fork
1908,3898,2,8,54,64,1.1875,0.058397074018894594,614,That's it? Dun dun dun Dah?
1830,3898,1,10,53,64,1.1875,0.053983205795288855,614,"Can you play the bottom part of ""Chopsticks"" ?"
1931,3898,1,10,53,64,1.1875,0.053983205795288855,614,Sorry to bother you again Mr. Borge. Is Victor spelled with a K or a C? And might I sign up for twice weekly lessons?
1241,3898,1,10,53,64,1.1875,0.053983205795288855,614,"In case you were wondering, it's ""dum dum dum Dah, dum dum dum Daah""."
1998,3898,2,8,54,64,1.1875,0.058397074018894594,614,That was terrific! But I don't see a tip jar.
2104,3898,0,12,52,64,1.1875,0.0491747370293402,614,"St. Peter greets Avicii: ""Hey brother, there's an endless road to rediscover."""
2105,3898,0,12,52,64,1.1875,0.0491747370293402,614,It's certainly a unique scale.
2118,3898,2,8,54,64,1.1875,0.058397074018894594,614,"What's the problem, you ask? Simple. It only makes a sound with one hand."
2193,3898,1,10,53,64,1.1875,0.053983205795288855,614,I just knew it would be a FULL grand.
2239,3898,2,8,54,64,1.1875,0.058397074018894594,614,"Do you know ""Mack the Knife""?"
2260,3898,1,10,53,64,1.1875,0.053983205795288855,614,"C'mon Grandpa, don't be absurd! Nobody's gonna shoot you!"
1934,3898,1,10,53,64,1.1875,0.053983205795288855,614,"""Am I too late for Happy Hour?"
1807,3898,2,8,54,64,1.1875,0.058397074018894594,614,"You have truly put your heart, soul, and piano into ""climb every mountain."""
1944,3898,0,12,52,64,1.1875,0.0491747370293402,614,Have you returned for my encore?
1730,3898,2,8,54,64,1.1875,0.058397074018894594,614,Do you play requests?
1805,3898,1,10,53,64,1.1875,0.053983205795288855,614,"Here for the tuneup, but I have to charge for extra travel time. Stormy weather."
1286,3898,1,10,53,64,1.1875,0.053983205795288855,614,A true mountain top experience!
1299,3898,2,8,54,64,1.1875,0.058397074018894594,614,Hey! Hey! Cheer up! I thought of a word that rhymes with Armageddon!!!
1343,3898,2,8,54,64,1.1875,0.058397074018894594,614,"I'm sure you get this a lot, but could you play ""Climb Ev'ry Mountain?"""
1354,3898,3,6,55,64,1.1875,0.0625,614,"‘It’s been a long time ... been a long lonely, loney, lonely, lonely, lonely time.’"
1427,3898,1,10,53,64,1.1875,0.053983205795288855,614,"Yes, I can tune a piano."
1442,3898,3,6,55,64,1.1875,0.0625,614,"You hikers come and go, but the pizza man never shows up on time."
1464,3898,0,12,52,64,1.1875,0.0491747370293402,614,It looked better in the ad.
1475,3898,1,10,53,64,1.1875,0.053983205795288855,614,"Sup, idiot. Ready for some Heart and Soul?"
1416,3898,3,6,55,64,1.1875,0.0625,614,At last! The piano tuner!
1586,3898,1,10,53,64,1.1875,0.053983205795288855,614,"No, sorry, I don't have a tuning fork."
1593,3898,0,12,52,64,1.1875,0.0491747370293402,614,"Climb it again, Sam."
1605,3898,2,8,54,64,1.1875,0.058397074018894594,614,"Yeah, but how'd you get the piano here?"
1647,3898,3,6,55,64,1.1875,0.0625,614,Please don't tell me that the key to happiness really is C#.
1679,3898,0,12,52,64,1.1875,0.0491747370293402,614,I'll be very honest with you...I know two numbers - one is 'Clair de lune' and the other one isn't. Do you have any preferences?
1705,3898,2,8,54,64,1.1875,0.058397074018894594,614,Still struggling with the hook?
1496,3898,3,6,55,64,1.1875,0.0625,614,I hope you're the tuner I've been waiting for!
1724,3898,3,6,55,64,1.1875,0.0625,614,Sorry I’m late. I had A-flat.
3702,4155,0,12,53,65,1.1846153846153846,0.048498154665071104,614,"Huh, I thought Grand Teton meant something else."
3869,4155,1,10,54,65,1.1846153846153846,0.053224432704223244,614,"It sounds flat, how often do you get it tuned?"
3887,4155,2,8,55,65,1.1846153846153846,0.05756395979652216,614,Are you finished with the Fanfare for the Duma Luma?
3922,4155,0,12,53,65,1.1846153846153846,0.048498154665071104,614,So this is where Tupac has been
4354,4155,2,8,55,65,1.1846153846153846,0.05756395979652216,614,Know any Journey songs?
4798,4155,0,12,53,65,1.1846153846153846,0.048498154665071104,614,Finally found the guy who plays the sound of the wind.
4779,4155,1,10,54,65,1.1846153846153846,0.053224432704223244,614,Welcome to the music on high.
5281,4155,2,8,55,65,1.1846153846153846,0.05756395979652216,614,Have you tried ta-ta-ta-daaaa?
5556,4155,1,10,54,65,1.1846153846153846,0.053224432704223244,614,"Yes, my son, A Major accomplishment."
3556,4155,1,10,54,65,1.1846153846153846,0.053224432704223244,614,Oops. I forgot the tip jar.
5424,4155,1,10,54,65,1.1846153846153846,0.053224432704223244,614,"Between you and me, the secret is to stay one lesson ahead of your students."
4749,4155,1,10,54,65,1.1846153846153846,0.053224432704223244,614,Which way Steinway?
3507,4155,1,10,54,65,1.1846153846153846,0.053224432704223244,614,"I don't remember there been a piano in ""Stairway To Heaven"""
2386,4155,2,8,55,65,1.1846153846153846,0.05756395979652216,614,Are you here from the enlightenment hotline? I'm afraid I've hit a musical plateau.
1563,4155,0,12,53,65,1.1846153846153846,0.048498154665071104,614,"I’m sorry sir, does this look like a recital studio to you?"
1650,4155,2,8,55,65,1.1846153846153846,0.05756395979652216,614,"Wait, I'm supposed to give YOU a tip?"
1683,4155,1,10,54,65,1.1846153846153846,0.053224432704223244,614,"What, no tuba?"
1787,4155,1,10,54,65,1.1846153846153846,0.053224432704223244,614,Was that Prokofiev you just played?
1899,4155,3,6,56,65,1.1846153846153846,0.06159852837710371,614,"Hey, what was the name of that song again?"
2020,4155,2,8,55,65,1.1846153846153846,0.05756395979652216,614,"Wow, I thought seeing God would be a little less...sad."
2199,4155,1,10,54,65,1.1846153846153846,0.053224432704223244,614,"I'd love to hear ""Climb Every Mountain..."""
2754,4155,3,6,56,65,1.1846153846153846,0.06159852837710371,614,You want me to tune the piano??? You’ve got some altitude!
2805,4155,1,10,54,65,1.1846153846153846,0.053224432704223244,614,I'm here to finish Shubert's Unfinished.
2945,4155,1,10,54,65,1.1846153846153846,0.053224432704223244,614,I told you to practice your exercises!
5723,4155,0,12,53,65,1.1846153846153846,0.048498154665071104,614,"Hey, sorry I'm late, did I miss the performance?"
3356,4155,0,12,53,65,1.1846153846153846,0.048498154665071104,614,Huh. So the hills aren’t alive.
1381,4155,1,10,54,65,1.1846153846153846,0.053224432704223244,614,"This must be the wrong mountain, I was looking for a grand-MASTER."
6174,4155,0,12,53,65,1.1846153846153846,0.048498154665071104,614,and your wife said to stop by the store on your way home and pick up a carton of 2 percent.
3480,4155,1,10,54,65,1.1846153846153846,0.053224432704223244,614,I don’t know “Mack the Knife.” Is that a show tune?
3435,4155,4,4,57,65,1.1846153846153846,0.06538461538461537,614,"Yes, Herr Wagner, all the members of the next rescue squad will be Jewish, too. And the next one after that..."
1706,4185,1,9,50,60,1.1833333333333333,0.05570131537800454,614,I was expecting Led Zeppelin.
2282,4185,1,9,50,60,1.1833333333333333,0.05570131537800454,614,I don't care about your trek; dueling pianos is out of the question.
220,4185,1,9,50,60,1.1833333333333333,0.05570131537800454,614,Dave's piano moving company was finally beginning to reach new heights.
2849,4188,0,12,54,66,1.1818181818181819,0.047839528325837946,614,"No, but if you hum a few bars..."
852,4188,2,8,56,66,1.1818181818181819,0.05675404305280447,614,"No, I don't offer enlightenment. But I can play an uplifting tune for just $25!"
4668,4190,1,9,51,61,1.180327868852459,0.05486295255961152,614,"Well, looks like we both made it through our scales."
4613,4190,2,7,52,61,1.180327868852459,0.05963548986123849,614,"So, you've come to practice your scales."""
4595,4190,1,9,51,61,1.180327868852459,0.05486295255961152,614,They call it chopsticks where I come from.
4468,4190,1,9,51,61,1.180327868852459,0.05486295255961152,614,"Tired old tune, high moral ground. This must be Mount Superior."
4440,4190,4,3,54,61,1.180327868852459,0.06818568637077188,614,Goddammit! I was trying to find the place all the candies were talking about and instead I found true enlightenment...
4285,4190,1,9,51,61,1.180327868852459,0.05486295255961152,614,I have the finale in my backpack. Have you been waiting long?
4728,4190,1,9,51,61,1.180327868852459,0.05486295255961152,614,I'm here for the cello lessons.
24,4190,1,9,51,61,1.180327868852459,0.05486295255961152,614,"Let me get this straight: you don't know the meaning of life AND you don't know ""Still D.R.E.""?"
35,4190,2,7,52,61,1.180327868852459,0.05963548986123849,614,Hall of the Mountain King got to you huh?
64,4190,2,7,52,61,1.180327868852459,0.05963548986123849,614,It seems I've hit a flat note in my journey.
71,4190,0,11,50,61,1.180327868852459,0.04963361236225398,614,Do you take requests?
99,4190,3,5,53,61,1.180327868852459,0.06405341316761795,614,You the tuner?
4362,4190,1,9,51,61,1.180327868852459,0.05486295255961152,614,"Play ""Papa Was A Rolling Stone"" by The Temptations."
4871,4190,1,9,51,61,1.180327868852459,0.05486295255961152,614,Do you mind taking a photo of me?
5023,4190,0,11,50,61,1.180327868852459,0.04963361236225398,614,"The agency sent me , I'm here for the four hand piano duet."
250,4190,1,9,51,61,1.180327868852459,0.05486295255961152,614,They said the heady atmosphere would inspire me. They were wrong!
6737,4190,1,9,51,61,1.180327868852459,0.05486295255961152,614,I admire that you brought a piano with you.
6703,4190,2,7,52,61,1.180327868852459,0.05963548986123849,614,What is the meaning of Kenny G?
6674,4190,2,7,52,61,1.180327868852459,0.05963548986123849,614,Do I have to be fully present to hear you play?
6573,4190,1,9,51,61,1.180327868852459,0.05486295255961152,614,"He thought he heard the call of the wild, but it turned out to be ""Chopsticks"""
6297,4190,2,7,52,61,1.180327868852459,0.05963548986123849,614,I told you I'd be back to tune it.
6245,4190,0,11,50,61,1.180327868852459,0.04963361236225398,614,"Wait, I think it’s out of tune!"
6243,4190,1,9,51,61,1.180327868852459,0.05486295255961152,614,Have you seen my car keys?
4913,4190,1,9,51,61,1.180327868852459,0.05486295255961152,614,Still out of tune?
6230,4190,1,9,51,61,1.180327868852459,0.05486295255961152,614,"Excuse me, I'm looking for the lobby"
5837,4190,1,9,51,61,1.180327868852459,0.05486295255961152,614,"“It’s true Maestro, Doris’ inner self has awakened yet Offred remains spiritually barren”."
5811,4190,0,11,50,61,1.180327868852459,0.04963361236225398,614,"Hey, Zeus. The people were wondering if you could play something a little less...foreboding."
5523,4190,2,7,52,61,1.180327868852459,0.05963548986123849,614,"Hey, can you play 'I'm on Top of the World?'"
5465,4190,1,9,51,61,1.180327868852459,0.05486295255961152,614,"""You may be crying 'O Sole Mio' but if you want to leave 'Its Now or Never'."
5226,4190,0,11,50,61,1.180327868852459,0.04963361236225398,614,How's music working for you?
5113,4190,1,9,51,61,1.180327868852459,0.05486295255961152,614,Hi. I'm your Steinway Cuchi Repo man.
5059,4190,1,9,51,61,1.180327868852459,0.05486295255961152,614,"Excuse me, but isn't this just like the restaurant-in-the-mountains cartoon a couple months ago? I mean, there is nothing funny about this cartoon... nothing!"
5842,4190,1,9,51,61,1.180327868852459,0.05486295255961152,614,"Elton, am I too late."
254,4190,0,11,50,61,1.180327868852459,0.04963361236225398,614,Do you know any Bieber?
261,4190,2,7,52,61,1.180327868852459,0.05963548986123849,614,"Mose's,try to compose yourself until Icome back with the movers."
275,4190,0,11,50,61,1.180327868852459,0.04963361236225398,614,They say you sold out going full EDM.
2638,4190,1,9,51,61,1.180327868852459,0.05486295255961152,614,Could you keep it down please? I'm trying to hike.
2639,4190,1,9,51,61,1.180327868852459,0.05486295255961152,614,Yeah I take requests but only first-wave ska.
2724,4190,1,9,51,61,1.180327868852459,0.05486295255961152,614,"Yes my son, Ticketmaster sucks!"
2910,4190,1,9,51,61,1.180327868852459,0.05486295255961152,614,"Just my luck, I ask for directions to the Loo and they lead me to the Pianist!!"
2939,4190,1,9,51,61,1.180327868852459,0.05486295255961152,614,I thought you would have finished decomposing by now.
2950,4190,1,9,51,61,1.180327868852459,0.05486295255961152,614,Know anything from the Enlightenment period?
3017,4190,0,11,50,61,1.180327868852459,0.04963361236225398,614,"How many times have I told you, the key change on ""Night-on-Bald-Mountain"" modulates to F# minor not F# major!"
3211,4190,0,11,50,61,1.180327868852459,0.04963361236225398,614,A flat.
3237,4190,2,7,52,61,1.180327868852459,0.05963548986123849,614,"Oops, wrong ivory tower."
3420,4190,1,9,51,61,1.180327868852459,0.05486295255961152,614,Hi ! What would you like to hear?
3497,4190,0,11,50,61,1.180327868852459,0.04963361236225398,614,Sing us a song you’re the piano man.
3522,4190,0,11,50,61,1.180327868852459,0.04963361236225398,614,It's your Uber. Are you ready?
3629,4190,1,9,51,61,1.180327868852459,0.05486295255961152,614,It was reported that you have an extremely high case of writer's block.
3759,4190,1,9,51,61,1.180327868852459,0.05486295255961152,614,I was told you were the man with the high score.
4140,4190,0,11,50,61,1.180327868852459,0.04963361236225398,614,"Piano man? Man, what are you doing here?"
4207,4190,1,9,51,61,1.180327868852459,0.05486295255961152,614,I found grandpa!!!!
4254,4190,2,7,52,61,1.180327868852459,0.05963548986123849,614,Ready with your audition piece?
2555,4190,0,11,50,61,1.180327868852459,0.04963361236225398,614,I should've clarified when I said free solo.
4309,4190,0,11,50,61,1.180327868852459,0.04963361236225398,614,This is the only place the neighbors won’t complain
2540,4190,0,11,50,61,1.180327868852459,0.04963361236225398,614,Gives a whole new meaning to scaling the mountain.
2502,4190,2,7,52,61,1.180327868852459,0.05963548986123849,614,I'm afraid we've peaked.
283,4190,1,9,51,61,1.180327868852459,0.05486295255961152,614,And how long have you been waiting to get the piano tuned?
433,4190,2,7,52,61,1.180327868852459,0.05963548986123849,614,"If it helps at all, the crowd's all over the peak of insanity."
538,4190,3,5,53,61,1.180327868852459,0.06405341316761795,614,"Sorry it took me so long to get here, I was tuning a piano at 4000 feet."
748,4190,1,9,51,61,1.180327868852459,0.05486295255961152,614,"So this explains why Maria thought the ""hills are alive""."
750,4190,2,7,52,61,1.180327868852459,0.05963548986123849,614,Can you play Misty for me?
918,4190,1,9,51,61,1.180327868852459,0.05486295255961152,614,Looks like you could use a friend.
975,4190,2,7,52,61,1.180327868852459,0.05963548986123849,614,"If that's the secret of happiness, I guess I'll have to trade in my guitar."
998,4190,2,7,52,61,1.180327868852459,0.05963548986123849,614,"Yes, I have a request. Play “Georgia on my mind.”"
1318,4190,1,9,51,61,1.180327868852459,0.05486295255961152,614,Play 'Stormy' for me.
1378,4190,1,9,51,61,1.180327868852459,0.05486295255961152,614,I just wanted some 'me time'!
1385,4190,1,9,51,61,1.180327868852459,0.05486295255961152,614,Can't you just respect the creative process and leave me alone?
1775,4190,1,9,51,61,1.180327868852459,0.05486295255961152,614,Is this the ivory tower?
1973,4190,1,9,51,61,1.180327868852459,0.05486295255961152,614,I thought my seats were next to the orchestra pit.
2125,4190,2,7,52,61,1.180327868852459,0.05963548986123849,614,You know what I want to hear.
2218,4190,2,7,52,61,1.180327868852459,0.05963548986123849,614,Glad you made it! I've been waiting for you to tune my piano for some time now.
2288,4190,3,5,53,61,1.180327868852459,0.06405341316761795,614,"You know they have those neat little roll up keyboards, right? Way easier to carry up a mountain."
2332,4190,2,7,52,61,1.180327868852459,0.05963548986123849,614,"Oh, sorry, Lang Lang is two peaks over."
2524,4190,1,9,51,61,1.180327868852459,0.05486295255961152,614,Guess he knows it by heart.
5500,4190,2,7,52,61,1.180327868852459,0.05963548986123849,614,Did you bring the bedpan?
1076,4190,1,9,51,61,1.180327868852459,0.05486295255961152,614,"Well “La la la, di da da” You’ve been the piano man How Long?"
5963,4267,0,12,55,67,1.1791044776119404,0.04719817403236388,614,They said if I played ‘high’ I’d get past this writers block I’m having.
2316,4268,3,5,54,62,1.1774193548387097,0.063078915044636,614,Steinway or my way?
687,4268,1,9,52,62,1.1774193548387097,0.054049126391304346,614,The piano was a bit of a surprise by why in Heaven’s name was the old man wearing sandals?
689,4268,1,9,52,62,1.1774193548387097,0.054049126391304346,614,So I guess you already heard the old joke about how to get to Carnegie Hall.
764,4268,1,9,52,62,1.1774193548387097,0.054049126391304346,614,Is this the Grand Canyon?
866,4268,0,11,51,62,1.1774193548387097,0.04891305893000953,614,No....not James Taylor’s “The Meaning of Life”...
961,4268,1,9,52,62,1.1774193548387097,0.054049126391304346,614,I did what I could but they still don't believe it's in the 'Percussion' family.
1124,4268,2,7,53,62,1.1774193548387097,0.058737796974655074,614,Lose your grip and you'll B flat.
1305,4268,2,7,53,62,1.1774193548387097,0.058737796974655074,614,"No, I can’t think of anything that rhymes with ‘enlightenment’."
1407,4268,2,7,53,62,1.1774193548387097,0.058737796974655074,614,So this is the grand experience?
1472,4268,2,7,53,62,1.1774193548387097,0.058737796974655074,614,I'm here to Yelp....
1478,4268,0,11,51,62,1.1774193548387097,0.04891305893000953,614,I'm ready for some boogie woogie.
1522,4268,1,9,52,62,1.1774193548387097,0.054049126391304346,614,Wow! I just can't get that tune out of my head.
1524,4268,3,5,54,62,1.1774193548387097,0.063078915044636,614,"The village sent me up to tell you the line is ""Makin' love to his tonic and gin."""
1618,4268,2,7,53,62,1.1774193548387097,0.058737796974655074,614,"I'm here because I vowed to leave the country if Hillary lost. Guess I'm a poor loser, too"
1630,4268,1,9,52,62,1.1774193548387097,0.054049126391304346,614,But I just finished my scale!
1675,4268,1,9,52,62,1.1774193548387097,0.054049126391304346,614,"Can you play ""Melancholy Baby?"
1688,4268,0,11,51,62,1.1774193548387097,0.04891305893000953,614,My ex-agent said a 'one-man show' would be killer here!
625,4268,1,9,52,62,1.1774193548387097,0.054049126391304346,614,I thought I heard someone playing a clarinet. Have you heard anything like that around here?
614,4268,1,9,52,62,1.1774193548387097,0.054049126391304346,614,Last time he called me up here he only had ten commands...this third movement is taking forever
551,4268,2,7,53,62,1.1774193548387097,0.058737796974655074,614,Is this the Concert Hall of the Mountain King?
446,4268,2,7,53,62,1.1774193548387097,0.058737796974655074,614,Your Bach?
5450,4268,1,9,52,62,1.1774193548387097,0.054049126391304346,614,I came here for the Ultimate Truth. But I'll settle for a few verses of Piano Man.
5376,4268,0,11,51,62,1.1774193548387097,0.04891305893000953,614,You really should have it tuned.
5316,4268,0,11,51,62,1.1774193548387097,0.04891305893000953,614,It appears that composition remains a cliffhanger...
5284,4268,1,9,52,62,1.1774193548387097,0.054049126391304346,614,I saw you on that Earth map. You appeared to be in the market for a tuning fork.
5275,4268,2,7,53,62,1.1774193548387097,0.058737796974655074,614,You did it in sandles?
5260,4268,2,7,53,62,1.1774193548387097,0.058737796974655074,614,Don't let Trump know your delivery is from Amazon.
5229,4268,0,11,51,62,1.1774193548387097,0.04891305893000953,614,The Summit Bar I presume?
5147,4268,2,7,53,62,1.1774193548387097,0.058737796974655074,614,Sorry I'm late. Did you wait long?
5142,4268,1,9,52,62,1.1774193548387097,0.054049126391304346,614,"Ahh ok, I now see what you mean by ""I've plateaued."""
5103,4268,1,9,52,62,1.1774193548387097,0.054049126391304346,614,"Play: Melancholy Baby, won't cha?"
4920,4268,3,5,54,62,1.1774193548387097,0.063078915044636,614,Thank God I finally found you. I thought you were decomposing.
5374,4268,0,11,51,62,1.1774193548387097,0.04891305893000953,614,"I climb 29,000 feet in 48 hours and all you greet me with is a poor rendition of chopsticks?!!i"
117,4268,3,5,54,62,1.1774193548387097,0.063078915044636,614,"I know, I can't believe Billy Joel is still touring either. Maybe next year, sir."
155,4268,0,11,51,62,1.1774193548387097,0.04891305893000953,614,Did you call for a tune-up?
188,4268,1,9,52,62,1.1774193548387097,0.054049126391304346,614,"Focus, man. I didn't come all this way to listen to some lame arpeggios."
202,4268,0,11,51,62,1.1774193548387097,0.04891305893000953,614,"What do you mean with ""I play requests only on friday nights?"""
337,4268,1,9,52,62,1.1774193548387097,0.054049126391304346,614,Do you know The Climb?
1695,4268,2,7,53,62,1.1774193548387097,0.058737796974655074,614,"Oh, I was hoping you were the tuner."
5497,4268,3,5,54,62,1.1774193548387097,0.063078915044636,614,The duet is off. I left my alpenhorn at the base camp.
1946,4268,1,9,52,62,1.1774193548387097,0.054049126391304346,614,"Hey, the hills ARE alive."
4902,4268,1,9,52,62,1.1774193548387097,0.054049126391304346,614,"I don't care where the hell you came from. I'm not playing ""New York, New York"" one more time tonight!"
3245,4268,3,5,54,62,1.1774193548387097,0.063078915044636,614,I thought my Amazon Prime came with free 2 day delivery?
3288,4268,1,9,52,62,1.1774193548387097,0.054049126391304346,614,Is this the mountain top piano bar?
3348,4268,0,11,51,62,1.1774193548387097,0.04891305893000953,614,"I never liked live music, especially in the hills."
3654,4268,1,9,52,62,1.1774193548387097,0.054049126391304346,614,They only have “Let It Be” in B-flat.
3693,4268,1,9,52,62,1.1774193548387097,0.054049126391304346,614,That's a helluva climb for one lousy request.
3842,4268,1,9,52,62,1.1774193548387097,0.054049126391304346,614,Do you know any Marvin Gaye?
4678,4268,1,9,52,62,1.1774193548387097,0.054049126391304346,614,"Hey! Rock man, enough!"
4025,4268,1,9,52,62,1.1774193548387097,0.054049126391304346,614,I heard you play the piano.
4054,4268,1,9,52,62,1.1774193548387097,0.054049126391304346,614,Did you bring the Zen flute?
4169,4268,2,7,53,62,1.1774193548387097,0.058737796974655074,614,"So, you’re telling me this isn’t Tom’s Piano Bar?"
4187,4268,1,9,52,62,1.1774193548387097,0.054049126391304346,614,What are you doing in my living room?
4188,4268,1,9,52,62,1.1774193548387097,0.054049126391304346,614,"Perhaps you would like to play a little Chopin, just before dinner?"
4263,4268,1,9,52,62,1.1774193548387097,0.054049126391304346,614,The Everst of Civilization
4291,4268,1,9,52,62,1.1774193548387097,0.054049126391304346,614,I suppose I'm not going to get the meaning of life from you.
4298,4268,1,9,52,62,1.1774193548387097,0.054049126391304346,614,Am I late or did you finish the symphony?
4373,4268,3,5,54,62,1.1774193548387097,0.063078915044636,614,Finally... exactly what the brochure said.
4607,4268,2,7,53,62,1.1774193548387097,0.058737796974655074,614,I can't take another second of the muzak. It's like the hills are alive with it.
3177,4268,0,11,51,62,1.1774193548387097,0.04891305893000953,614,"Would you please play the ""Surprise Symphony?"""
2015,4268,1,9,52,62,1.1774193548387097,0.054049126391304346,614,"All right, have it your way—you heard a seal bark!"
3176,4268,1,9,52,62,1.1774193548387097,0.054049126391304346,614,I know but water is not that kind of request
2992,4268,3,5,54,62,1.1774193548387097,0.063078915044636,614,"No, you've got to ford a few streams and follow at least one rainbow before I play that one . . ."
2077,4268,1,9,52,62,1.1774193548387097,0.054049126391304346,614,They said I could enter after the first piece...
2140,4268,2,7,53,62,1.1774193548387097,0.058737796974655074,614,Have you seen any Boy Scouts?
4752,4268,2,7,53,62,1.1774193548387097,0.058737796974655074,614,"Uhhhh.... They're under the piano.... Next time can you look around a little bit before you call me all the way up here? Shit, bro."
2252,4268,0,11,51,62,1.1774193548387097,0.04891305893000953,614,Drop your keys?
2274,4268,1,9,52,62,1.1774193548387097,0.054049126391304346,614,“About your weekly lessons. We have to talk.”l
2283,4268,2,7,53,62,1.1774193548387097,0.058737796974655074,614,"No, sorry, I did not bring the tuning equipment for A=442. However, I would suggest half-stick for Schubert in this acoustic."
4712,4268,3,5,54,62,1.1774193548387097,0.063078915044636,614,I didn't realize I would be meeting the Dalyamaha!
2374,4268,3,5,54,62,1.1774193548387097,0.063078915044636,614,I'm just waiting for a mesa-soprano.
4685,4268,2,7,53,62,1.1774193548387097,0.058737796974655074,614,I have reached this point in my career and I will not do requests.
2567,4268,0,11,51,62,1.1774193548387097,0.04891305893000953,614,I bring good news concerning your copyright infringement case against Joan Baez.
2600,4268,2,7,53,62,1.1774193548387097,0.058737796974655074,614,"he came searching for majesty and adventure, what he found was his high school guidance counselor who still wanted him to pursue a career in music"
2695,4268,3,5,54,62,1.1774193548387097,0.063078915044636,614,I thought the place could do with a bit more atmosphere
2722,4268,1,9,52,62,1.1774193548387097,0.054049126391304346,614,What is Life?” - “I can play that in the Key of G.
2735,4268,1,9,52,62,1.1774193548387097,0.054049126391304346,614,My name is not Sam and I will not play it again!
2765,4268,0,11,51,62,1.1774193548387097,0.04891305893000953,614,Not a tuner? I asked for a tuner.
2809,4268,2,7,53,62,1.1774193548387097,0.058737796974655074,614,"The GPS said follow Moon River to Swan Lake, yet somehow I wound up here."
2961,4268,0,11,51,62,1.1774193548387097,0.04891305893000953,614,"It cost me a grand to set up camp here, so I'll be damned if I'm ever leaving"
3099,4268,2,7,53,62,1.1774193548387097,0.058737796974655074,614,Did you wash your hands before practicing?
4618,4268,2,7,53,62,1.1774193548387097,0.058737796974655074,614,"I usually art in heaven, but I come here when I have writers' block."
5537,4268,1,9,52,62,1.1774193548387097,0.054049126391304346,614,Where’s Bobby Short?
5617,4268,3,5,54,62,1.1774193548387097,0.063078915044636,614,Do you take last requests?
5590,4268,1,9,52,62,1.1774193548387097,0.054049126391304346,614,"How to compose a sonata...you want to know how to compose a sonata. Well, let me tell you about sonatas!"
6711,4268,1,9,52,62,1.1774193548387097,0.054049126391304346,614,Maria von Trapp was right- you are live!
6710,4268,2,7,53,62,1.1774193548387097,0.058737796974655074,614,Actually I’m an abstract lyricist.
6691,4268,3,5,54,62,1.1774193548387097,0.063078915044636,614,...so no torch songs. What about ragtime?
6679,4268,0,11,51,62,1.1774193548387097,0.04891305893000953,614,Do you get any critical reception up here?
6610,4268,1,9,52,62,1.1774193548387097,0.054049126391304346,614,"Could you play that last number again, and take everything down a half-step.?"
6515,4268,0,11,51,62,1.1774193548387097,0.04891305893000953,614,"I'm from ASCAP, one more note of Enter Sandman, and you will owe James Hetfield $600 dollars..."
6483,4268,0,11,51,62,1.1774193548387097,0.04891305893000953,614,Whaddya mean you're not creative any more? You just created an avalanche.
6413,4268,2,7,53,62,1.1774193548387097,0.058737796974655074,614,You'll have to come back. I don't take quests.
6357,4268,0,11,51,62,1.1774193548387097,0.04891305893000953,614,"Pretty good, but take it again, from the top."
4654,4268,2,7,53,62,1.1774193548387097,0.058737796974655074,614,"Man, that lost chord better be CRAZY!"
6276,4268,1,9,52,62,1.1774193548387097,0.054049126391304346,614,"No, the hills are not alive with the sound of music."
6328,4268,1,9,52,62,1.1774193548387097,0.054049126391304346,614,"Bro, you gotta stop playing that classical crap. It's really harshing the vibe over on our peak. Why don't you give it up and come have a brewski?"
5656,4268,1,9,52,62,1.1774193548387097,0.054049126391304346,614,What is the sound of Sam not playing it again?
5884,4268,2,7,53,62,1.1774193548387097,0.058737796974655074,614,"If I hum a few bars, can you fake it?"
5931,4268,1,9,52,62,1.1774193548387097,0.054049126391304346,614,"Huh, what a strange place to find a bearded man in a toga playing piano."
5652,4268,2,7,53,62,1.1774193548387097,0.058737796974655074,614,Do you know how to play Chopsticks?
6022,4268,1,9,52,62,1.1774193548387097,0.054049126391304346,614,I’m here for the yearly tuning.
6025,4268,1,9,52,62,1.1774193548387097,0.054049126391304346,614,"""Sheet music"". ""Did you forget anything else""?"
6210,4268,1,9,52,62,1.1774193548387097,0.054049126391304346,614,"Dude, the Alpine Symphony needs more than a piano!"
5998,4268,2,7,53,62,1.1774193548387097,0.058737796974655074,614,I'm only saying the answer isn't in Trump's First Piano Concerto.
1634,4373,0,10,47,57,1.1754385964912282,0.050825312758579586,614,"Hi, Tuning?"
6659,4374,2,7,54,63,1.1746031746031746,0.057866499516996066,614,"""Billy Joel! Can you please play ""Piano Man""?"
6560,4374,1,9,53,63,1.1746031746031746,0.053258792666124335,614,Moonlight Sonata? Too early.
5387,4374,2,7,54,63,1.1746031746031746,0.057866499516996066,614,Do you know anything by 'Mountain'?
5058,4374,0,11,52,63,1.1746031746031746,0.04821271851032602,614,But I don't like Chopin.
5005,4374,1,9,53,63,1.1746031746031746,0.053258792666124335,614,Do foggy mountain...
3879,4374,0,11,52,63,1.1746031746031746,0.04821271851032602,614,That stage dive last week was lit.
3553,4374,3,5,55,63,1.1746031746031746,0.06213344136974703,614,"Do you know the meaning of life? No, but hum a few bars and maybe I can figure it out."
3454,4374,1,9,53,63,1.1746031746031746,0.053258792666124335,614,"Oh, yeah? well you'll write it and play it like goddam Mozart, or I'll fling you and the piano off the damn edge! Capisce?"
2692,4374,1,9,53,63,1.1746031746031746,0.053258792666124335,614,The acoustics are better in the Alps.
2306,4374,3,5,55,63,1.1746031746031746,0.06213344136974703,614,Sorry. You've missed the deadline for the piano contest.
2013,4374,0,11,52,63,1.1746031746031746,0.04821271851032602,614,It's a little flat
1057,4374,0,11,52,63,1.1746031746031746,0.04821271851032602,614,Your profile pic showed an entire orchestra.
1053,4374,0,11,52,63,1.1746031746031746,0.04821271851032602,614,Where did you think the cartoon pianos fell from?
657,4374,1,9,53,63,1.1746031746031746,0.053258792666124335,614,Do you know any Journey?
54,4374,0,11,52,63,1.1746031746031746,0.04821271851032602,614,Nevermind. I thought you were the tuner.
3466,4374,3,5,55,63,1.1746031746031746,0.06213344136974703,614,"Searching for Nirvana, were you? Cobain is dead to me, I tell you. DEAD!"
2211,4374,1,9,53,63,1.1746031746031746,0.053258792666124335,614,"So it's true, Franz, you're going to finally finish the unfinished."
5077,4391,2,6,50,58,1.1724137931034482,0.06093608879319741,614,You're late. Band practice started 65 years ago.
166,4391,0,10,48,58,1.1724137931034482,0.050032844835173236,614,We can do this the easy way or I can send in the clowns.
1913,4391,3,4,51,58,1.1724137931034482,0.06571276584476107,614,"It wasn't me they weren't coming to see, Piano Man..."
1910,4391,3,4,51,58,1.1724137931034482,0.06571276584476107,614,Could you play something more mountain-y?
887,4391,0,10,48,58,1.1724137931034482,0.050032844835173236,614,Do you know “Rock of Ages?”
2572,4391,1,8,49,58,1.1724137931034482,0.05575164786673556,614,as your piano tuner I'm going to have to charge you double
782,4397,1,9,54,64,1.171875,0.05249096435850378,614,There. I finally did something that sounded like 'Argerich'.
1912,4397,1,9,54,64,1.171875,0.05249096435850378,614,Seating is extremely limit.
2230,4399,0,10,49,59,1.1694915254237288,0.049264267709845745,614,"No, it's too cold for C Major."
2169,4399,0,10,49,59,1.1694915254237288,0.049264267709845745,614,Can you think of a word that rhymes with couquette?
2138,4399,0,10,49,59,1.1694915254237288,0.049264267709845745,614,Is this the lost symphony I have been hearing?
2128,4399,0,10,49,59,1.1694915254237288,0.049264267709845745,614,"Sounds a little flat from down here, Billy"
2056,4399,1,8,50,59,1.1694915254237288,0.054876421247483355,614,"Sorry, but Mr. Cameron says it's now or never for the Avatar II score."
1970,4399,1,8,50,59,1.1694915254237288,0.054876421247483355,614,I'm surprised. I expected something more upright than grand.
1950,4399,2,6,51,59,1.1694915254237288,0.05996561635533429,614,why yes. i am expecting tori amos for a visit. how did you guess?
1829,4399,0,10,49,59,1.1694915254237288,0.049264267709845745,614,"No, my name is not Davy and I'm not still in the Navy"
1842,4399,0,10,49,59,1.1694915254237288,0.049264267709845745,614,all this way to hear Smooth Jazz
1824,4399,1,8,50,59,1.1694915254237288,0.054876421247483355,614,Can you play the one about the meaning of life?
1796,4399,2,6,51,59,1.1694915254237288,0.05996561635533429,614,Sorry. Today's matinee` is SRO.
1722,4399,1,8,50,59,1.1694915254237288,0.054876421247483355,614,"ah, there you are Mr. Joel !"
1694,4399,0,10,49,59,1.1694915254237288,0.049264267709845745,614,We hit a lot of flats up here.
1661,4399,0,10,49,59,1.1694915254237288,0.049264267709845745,614,I honest to God thought climb every mountain was a metaphor.
1643,4399,1,8,50,59,1.1694915254237288,0.054876421247483355,614,I'll be back next year with a tip jar.
1917,4399,0,10,49,59,1.1694915254237288,0.049264267709845745,614,Are you the Master of Scales?
2231,4399,0,10,49,59,1.1694915254237288,0.049264267709845745,614,Can you play anything from Hamilton?
2327,4399,0,10,49,59,1.1694915254237288,0.049264267709845745,614,I would like to request Piano Man.
2389,4399,1,8,50,59,1.1694915254237288,0.054876421247483355,614,"Look, the first episode airs in in one week. Whatever you have for the theme song of ""Happy Days"" will have to do."
3085,4399,0,10,49,59,1.1694915254237288,0.049264267709845745,614,Am I late?
2964,4399,1,8,50,59,1.1694915254237288,0.054876421247483355,614,are you ready for your lesson?
2940,4399,1,8,50,59,1.1694915254237288,0.054876421247483355,614,Piano tuner. Sorry it took so long to get to you.
3086,4399,2,6,51,59,1.1694915254237288,0.05996561635533429,614,This sounds flat.
2803,4399,1,8,50,59,1.1694915254237288,0.054876421247483355,614,Is there any way you have tickets to Hamilton ?
2676,4399,1,8,50,59,1.1694915254237288,0.054876421247483355,614,"I thought Rodgers and Hammerstein wrote ""Climb Ev'ry Mountain."""
2671,4399,2,6,51,59,1.1694915254237288,0.05996561635533429,614,Play Stormy Monday
2658,4399,0,10,49,59,1.1694915254237288,0.049264267709845745,614,I thought climbing stairs was the hardest part of tuning.
2633,4399,0,10,49,59,1.1694915254237288,0.049264267709845745,614,You really hit those high notes!
2591,4399,1,8,50,59,1.1694915254237288,0.054876421247483355,614,Plateaued?
2485,4399,2,6,51,59,1.1694915254237288,0.05996561635533429,614,Are you also here for the Peak of Achievement Award ?
2453,4399,2,6,51,59,1.1694915254237288,0.05996561635533429,614,What exactly did you want a roadie for?
2434,4399,0,10,49,59,1.1694915254237288,0.049264267709845745,614,I can practice in peace and quiet any time I want. But it's very hard to find a Sherpa piano tuner.
2433,4399,0,10,49,59,1.1694915254237288,0.049264267709845745,614,You'd be surprised how much the condo association complained - I just had to get out of there!
2407,4399,1,8,50,59,1.1694915254237288,0.054876421247483355,614,"Don't bother. Once you've hit the top note, the only way forward is down."
3119,4399,0,10,49,59,1.1694915254237288,0.049264267709845745,614,David! So glad to see you!!! I've been looking for that secret chord.
3040,4399,2,6,51,59,1.1694915254237288,0.05996561635533429,614,I've come from the bass.
3344,4399,2,6,51,59,1.1694915254237288,0.05996561635533429,614,Beethoven I presume?
3103,4399,0,10,49,59,1.1694915254237288,0.049264267709845745,614,"I don’t mean to be sharp, but you scaled the wrong peak level."
4234,4399,1,8,50,59,1.1694915254237288,0.054876421247483355,614,Welcome to the new and improved National Endowment for the Arts. How can I help you?
4376,4399,2,6,51,59,1.1694915254237288,0.05996561635533429,614,"Can you play Piano Man, Mr. Joel?"
3204,4399,0,10,49,59,1.1694915254237288,0.049264267709845745,614,I meant to ask...can you recommend a good tuner in the area?
4459,4399,0,10,49,59,1.1694915254237288,0.049264267709845745,614,I forgot the paper clips...
4500,4399,1,8,50,59,1.1694915254237288,0.054876421247483355,614,"So, it’s not all it’s cracked up to be?"
4506,4399,1,8,50,59,1.1694915254237288,0.054876421247483355,614,Oh.... Hello- Can you tell me if this is 'Old Man and his Piano Mountaion' ?
4608,4399,1,8,50,59,1.1694915254237288,0.054876421247483355,614,"Finally! I swore that before I got to heaven, I'd find The Lost Chord!"
4646,4399,1,8,50,59,1.1694915254237288,0.054876421247483355,614,I'm the other guy.
4743,4399,1,8,50,59,1.1694915254237288,0.054876421247483355,614,"I've brought 'The Well-Tempered Clavier,' and I'm a professional tuner."
4794,4399,3,4,52,59,1.1694915254237288,0.06465546133791814,614,"Mr. Joel, when I heard your song ‘I go to Extremes,’ from your 1989 album Storm Front, I just knew I’d find you here!"
1616,4399,2,6,51,59,1.1694915254237288,0.05996561635533429,614,Welcome to Old Smokey.
4903,4399,1,8,50,59,1.1694915254237288,0.054876421247483355,614,Know any Zeppelin?
4967,4399,3,4,52,59,1.1694915254237288,0.06465546133791814,614,So this isn't SoundCloud either?
5011,4399,2,6,51,59,1.1694915254237288,0.05996561635533429,614,"They were right, getting down is the hard part."
5013,4399,0,10,49,59,1.1694915254237288,0.049264267709845745,614,NOW you tell me that you were looking for a piano teacher?
5018,4399,1,8,50,59,1.1694915254237288,0.054876421247483355,614,"Do you take request....""Climb every Mountain""..."
5034,4399,2,6,51,59,1.1694915254237288,0.05996561635533429,614,"Really pulled some strings to get me here,eh?"
5066,4399,1,8,50,59,1.1694915254237288,0.054876421247483355,614,"C'mon, you must know ""There's a Kind of Hush""."
5104,4399,1,8,50,59,1.1694915254237288,0.054876421247483355,614,"When your advice was, Compose Yourself, I didn’t realize this is what you meant."
5108,4399,1,8,50,59,1.1694915254237288,0.054876421247483355,614,It’s not that we hate Chopsticks…
5130,4399,0,10,49,59,1.1694915254237288,0.049264267709845745,614,"It’s 7:00am, it’s time to wake up."
4182,4399,0,10,49,59,1.1694915254237288,0.049264267709845745,614,I’m David.. I’ve got the secret chord. I think you’ll be pleased.
4066,4399,0,10,49,59,1.1694915254237288,0.049264267709845745,614,Can you keep it down? You’re disturbing my climbing chee!
4058,4399,0,10,49,59,1.1694915254237288,0.049264267709845745,614,Still looking for high C.
4035,4399,2,6,51,59,1.1694915254237288,0.05996561635533429,614,I’m hiking to the summit of Writer’s Block.
3349,4399,0,10,49,59,1.1694915254237288,0.049264267709845745,614,You have a question? Sorry. I don’t even take requests.
3370,4399,0,10,49,59,1.1694915254237288,0.049264267709845745,614,My name is Antonio Salieri.
3373,4399,3,4,52,59,1.1694915254237288,0.06465546133791814,614,I just had to come see who was shattering the stillness.
3381,4399,0,10,49,59,1.1694915254237288,0.049264267709845745,614,"""It's a nice place to play but there's to much echo""."
3393,4399,1,8,50,59,1.1694915254237288,0.054876421247483355,614,Don't tell me you lost the chord too.
3443,4399,0,10,49,59,1.1694915254237288,0.049264267709845745,614,"You sound great, but your acoustics could be better."
3532,4399,0,10,49,59,1.1694915254237288,0.049264267709845745,614,"But if I take it off, I won't be unknown any more."
3540,4399,0,10,49,59,1.1694915254237288,0.049264267709845745,614,"Oh, ‘grand’ piano… Sorry boss, that’s not going to fit in the truck."
3563,4399,1,8,50,59,1.1694915254237288,0.054876421247483355,614,"I bring word from civilization...""Give Up!"""
3611,4399,1,8,50,59,1.1694915254237288,0.054876421247483355,614,"Dude, is there, like, even one remote mountaintop that doesn't have some weirdo on it already? I don't climb forbidding peaks to be confronted by inexplicable tableaus, you know?"
5137,4399,1,8,50,59,1.1694915254237288,0.054876421247483355,614,"I have to know, are pianos string or percussion?"
3618,4399,0,10,49,59,1.1694915254237288,0.049264267709845745,614,I'm here to give you an estimate on moving the piano
3627,4399,0,10,49,59,1.1694915254237288,0.049264267709845745,614,"Look play during the day, but Sympathy of Lost Souls freaks us out at night."
3658,4399,0,10,49,59,1.1694915254237288,0.049264267709845745,614,Where's your tip jar?
3715,4399,0,10,49,59,1.1694915254237288,0.049264267709845745,614,"At long last, I can get an answer: What is the sound of one one hand playing?"
3721,4399,1,8,50,59,1.1694915254237288,0.054876421247483355,614,Don't pitch a fit! If you don't know Piano Man you don't know Piano Man!
3831,4399,1,8,50,59,1.1694915254237288,0.054876421247483355,614,"Next time, learn to play the guitar!"
3839,4399,2,6,51,59,1.1694915254237288,0.05996561635533429,614,"I don't mean to criticize, but have you considered B-flat major 7th suspended 4th chord?"
3856,4399,0,10,49,59,1.1694915254237288,0.049264267709845745,614,I thought the G-string needed more air.
3258,4399,0,10,49,59,1.1694915254237288,0.049264267709845745,614,It's not what you think it is.
3865,4399,1,8,50,59,1.1694915254237288,0.054876421247483355,614,That's *not* a Steinway?
4005,4399,2,6,51,59,1.1694915254237288,0.05996561635533429,614,I'm here for the John Cage Festival?
3622,4399,0,10,49,59,1.1694915254237288,0.049264267709845745,614,And you thought Led Zepplin played Stairway to Heaven
3095,4399,2,6,51,59,1.1694915254237288,0.05996561635533429,614,"I can't help you achieve Perfect Harmony with All, but yeah, I can tune it for you."
5144,4399,3,4,52,59,1.1694915254237288,0.06465546133791814,614,Hey man! Pot? ‘Ludes? Acid? Crack? H? Extasy?
3190,4399,0,10,49,59,1.1694915254237288,0.049264267709845745,614,All that effort for just an autograph?
5997,4399,1,8,50,59,1.1694915254237288,0.054876421247483355,614,"Piano tuning? No, no, no... I just wanted to check if you need any help with your front yard... lawn mowing?"
6037,4399,0,10,49,59,1.1694915254237288,0.049264267709845745,614,"Mohammed! So, I suppose the mountain hadn't come to you..."
6074,4399,1,8,50,59,1.1694915254237288,0.054876421247483355,614,"Don't call it elevator music, buddy."
6093,4399,2,6,51,59,1.1694915254237288,0.05996561635533429,614,Dare I ask the length of the intermission?
6173,4399,0,10,49,59,1.1694915254237288,0.049264267709845745,614,"Naw, dog - the music’s been inside you all along."
6176,4399,0,10,49,59,1.1694915254237288,0.049264267709845745,614,Next time call a different piano tuner.
6237,4399,1,8,50,59,1.1694915254237288,0.054876421247483355,614,Play Rachmaninoff's 'Isle of the Dead' again.
6291,4399,0,10,49,59,1.1694915254237288,0.049264267709845745,614,I'll tell you the secret to enlightenment. Next time I'll take up the flute.
6302,4399,2,6,51,59,1.1694915254237288,0.05996561635533429,614,"Could you turn it down a bit, please? The kids are trying to sleep."
6341,4399,2,6,51,59,1.1694915254237288,0.05996561635533429,614,How do I get to Karmagie Hall?
6412,4399,0,10,49,59,1.1694915254237288,0.049264267709845745,614,You promised me! No arrangements allowed!!!
6492,4399,1,8,50,59,1.1694915254237288,0.054876421247483355,614,I have the tuning fork.
6518,4399,0,10,49,59,1.1694915254237288,0.049264267709845745,614,I hope you didn't come all this way to find inspiration. It's used up.
6592,4399,2,6,51,59,1.1694915254237288,0.05996561635533429,614,I will help you find meaning in life by use of string theory.
6624,4399,1,8,50,59,1.1694915254237288,0.054876421247483355,614,Need a sideman?
6634,4399,1,8,50,59,1.1694915254237288,0.054876421247483355,614,The sight struck a chord with Tom.
6641,4399,1,8,50,59,1.1694915254237288,0.054876421247483355,614,"If you play ""Climb Every Mountain"" again I'm going to throw you off of this one."
6709,4399,1,8,50,59,1.1694915254237288,0.054876421247483355,614,"I wish you'd checked for the 'Nearer, My God to Thee' sheet music before you left home."
3188,4399,0,10,49,59,1.1694915254237288,0.049264267709845745,614,Hi! I'm the blind tuner.
3174,4399,2,6,51,59,1.1694915254237288,0.05996561635533429,614,Could you just turn the damn page now?
3280,4399,0,10,49,59,1.1694915254237288,0.049264267709845745,614,"You hit the perfect high ""C,"" so come on down for Christ's sake!"
5959,4399,1,8,50,59,1.1694915254237288,0.054876421247483355,614,"OHHHhhhh. A 10,000 foot PIA-nist. My mistake."
5936,4399,1,8,50,59,1.1694915254237288,0.054876421247483355,614,Do you have anything I can wipe with?
5919,4399,3,4,52,59,1.1694915254237288,0.06465546133791814,614,I thought this was my violin lesson
5881,4399,2,6,51,59,1.1694915254237288,0.05996561635533429,614,I write music that keeps you on the edge.
5186,4399,2,6,51,59,1.1694915254237288,0.05996561635533429,614,The key to life is F sharp
5225,4399,2,6,51,59,1.1694915254237288,0.05996561635533429,614,What’s the best rock song of all time?
5280,4399,1,8,50,59,1.1694915254237288,0.054876421247483355,614,C# Db on the low end badly needs tuning.
5282,4399,1,8,50,59,1.1694915254237288,0.054876421247483355,614,"I know you loved ""The Sound of Music"" but this is taking it too far."
5317,4399,2,6,51,59,1.1694915254237288,0.05996561635533429,614,Air B&B wants a new jingle.
5363,4399,2,6,51,59,1.1694915254237288,0.05996561635533429,614,I thought I heard ‘Mount of Olives.’
5404,4399,2,6,51,59,1.1694915254237288,0.05996561635533429,614,Can you play chopsticks?
5414,4399,2,6,51,59,1.1694915254237288,0.05996561635533429,614,"I lost my sheet music at 3,000 feet."
5421,4399,0,10,49,59,1.1694915254237288,0.049264267709845745,614,My greatest pain in life is that I will never be able to see myself perform live.
5434,4399,2,6,51,59,1.1694915254237288,0.05996561635533429,614,Did you get my DM?
5168,4399,1,8,50,59,1.1694915254237288,0.054876421247483355,614,"""It's badly out of tune - glad you came""."
5458,4399,3,4,52,59,1.1694915254237288,0.06465546133791814,614,Gary Larson owns.
5482,4399,2,6,51,59,1.1694915254237288,0.05996561635533429,614,(9 o'clock. on a Saturday)
5496,4399,3,4,52,59,1.1694915254237288,0.06465546133791814,614,Do you mind keeping it down? We're trying to get some sleep.
5530,4399,1,8,50,59,1.1694915254237288,0.054876421247483355,614,Sorry. The 33 Variations Contest is over.
5600,4399,2,6,51,59,1.1694915254237288,0.05996561635533429,614,We have accepted your entry to the Mt. Everest Jazz festival. You will have to hire your own piano mover.
5616,4399,0,10,49,59,1.1694915254237288,0.049264267709845745,614,"1. Do you know ""Climb Every Mountain""? 2. Any requests? 3. Play it mahatma. 4. Rick sends his regards."
5638,4399,0,10,49,59,1.1694915254237288,0.049264267709845745,614,They said you could be found atop Trouble Cliff.
5704,4399,1,8,50,59,1.1694915254237288,0.054876421247483355,614,"Hi, I'm Phil, I'm the one who called about your Craigslist ad. Sooo ... will you take 450 for it?"
5785,4399,1,8,50,59,1.1694915254237288,0.054876421247483355,614,Wolfgang Mozart I presume.
5820,4399,1,8,50,59,1.1694915254237288,0.054876421247483355,614,"Billy, come home. Your family misses you."
5840,4399,0,10,49,59,1.1694915254237288,0.049264267709845745,614,Ed was doubting the wisdom of his Flat Rate Policy.
5468,4399,1,8,50,59,1.1694915254237288,0.054876421247483355,614,Mind if I play something? All this climbing has left me feeling fugued
1608,4399,0,10,49,59,1.1694915254237288,0.049264267709845745,614,"If you say , “play it again Sam!” I’ll push right back to where you started."
2863,4399,1,8,50,59,1.1694915254237288,0.054876421247483355,614,"Oh, la la la, di da da La la, di da da da dum"
1571,4399,2,6,51,59,1.1694915254237288,0.05996561635533429,614,I think that was worth more than the sound of one hand clapping.
631,4399,0,10,49,59,1.1694915254237288,0.049264267709845745,614,Is there another allegory up here I can talk to?
609,4399,2,6,51,59,1.1694915254237288,0.05996561635533429,614,"Wait, 'Ark' is a euphemism for 'Piano?"" I'm confused..."
562,4399,1,8,50,59,1.1694915254237288,0.054876421247483355,614,I should have been more specific about what kind of teacher I was looking for.
557,4399,1,8,50,59,1.1694915254237288,0.054876421247483355,614,Enlightened Guy is on the next mountain. I'm Plays Heart and Soul Over and Over Guy.
492,4399,1,8,50,59,1.1694915254237288,0.054876421247483355,614,Do you know that one song?
462,4399,0,10,49,59,1.1694915254237288,0.049264267709845745,614,You must be Liberocky.
396,4399,1,8,50,59,1.1694915254237288,0.054876421247483355,614,Heart and Soul?
643,4399,1,8,50,59,1.1694915254237288,0.054876421247483355,614,"No, I didn't come all this way to listen to goddamn music. Yeah, what I really want is to just have a chat with a reclusive weird old man. No, not really. I'm being sarcastic you fucking idiot. Now play me some music."
380,4399,1,8,50,59,1.1694915254237288,0.054876421247483355,614,And I suppose you've never seen THIS before ?
123,4399,1,8,50,59,1.1694915254237288,0.054876421247483355,614,Can I get you anything?
108,4399,0,10,49,59,1.1694915254237288,0.049264267709845745,614,"Some days are symphonies, some are just jingles."
98,4399,2,6,51,59,1.1694915254237288,0.05996561635533429,614,Thou shall not tell anyone.
94,4399,0,10,49,59,1.1694915254237288,0.049264267709845745,614,Finally! My piano bench has arrived!
51,4399,1,8,50,59,1.1694915254237288,0.054876421247483355,614,"Boya, you play ‘Flowing Water’ while I’m swimming, you play ‘High Mountains’ while I’m climbing. You really know my tone"
22,4399,0,10,49,59,1.1694915254237288,0.049264267709845745,614,"Detective Chuckles says you stole his design, Mr. Koons."
1598,4399,2,6,51,59,1.1694915254237288,0.05996561635533429,614,I forgot the metronome.
140,4399,1,8,50,59,1.1694915254237288,0.054876421247483355,614,"No, I haven't seen your lost chord."
675,4399,2,6,51,59,1.1694915254237288,0.05996561635533429,614,I didn't bring the right tools - I'll be back next summer.
316,4399,1,8,50,59,1.1694915254237288,0.054876421247483355,614,"""You'll have to be just a little bit patient until I can thaw my tuning forks"
838,4399,1,8,50,59,1.1694915254237288,0.054876421247483355,614,"Want to hear me play ""Chopsticks?"""
1547,4399,0,10,49,59,1.1694915254237288,0.049264267709845745,614,I can die now!
709,4399,1,8,50,59,1.1694915254237288,0.054876421247483355,614,Can't you play something other than Karma Chameleon?
1537,4399,1,8,50,59,1.1694915254237288,0.054876421247483355,614,Is what John Denver meant when he sang Rocky Mountain high?
1531,4399,0,10,49,59,1.1694915254237288,0.049264267709845745,614,"Oh Tchaikovsky, you are my Everest!"
1493,4399,1,8,50,59,1.1694915254237288,0.054876421247483355,614,Please. For the love of God. Learn to play something other than hot cross buns.
1455,4399,0,10,49,59,1.1694915254237288,0.049264267709845745,614,"We have a request for ""Meditations in C Minor."""
1438,4399,0,10,49,59,1.1694915254237288,0.049264267709845745,614,"While you're here, would you mind helping me get this piano back down the mountain?"
1400,4399,0,10,49,59,1.1694915254237288,0.049264267709845745,614,"Can I get a head, I mean, sorry, can I get a hand?"
1462,4399,2,6,51,59,1.1694915254237288,0.05996561635533429,614,"I understand your frustration, I'll have it tuned as soon as I set up my tent."
1192,4399,1,8,50,59,1.1694915254237288,0.054876421247483355,614,I can't play---my back is killing me.
1155,4399,1,8,50,59,1.1694915254237288,0.054876421247483355,614,Am I the first one to tell you that the Devil has all the good tunes?
1153,4399,1,8,50,59,1.1694915254237288,0.054876421247483355,614,Did you bring the oversized brandy snifter for my tips?
1064,4399,1,8,50,59,1.1694915254237288,0.054876421247483355,614,Sorry I'm late for my lesson!
1042,4399,0,10,49,59,1.1694915254237288,0.049264267709845745,614,"Yeah, well - after two weeks of chafing I’ve gotta pretty sizable organ myself."
944,4399,1,8,50,59,1.1694915254237288,0.054876421247483355,614,Do you know how to play “far far away?”
1301,4399,0,10,49,59,1.1694915254237288,0.049264267709845745,614,Dang . . . left my tuning fork in my other back pack
926,4399,1,8,50,59,1.1694915254237288,0.054876421247483355,614,"Keep it down, you're keeping the whole biosphere awake, dude."
923,4399,2,6,51,59,1.1694915254237288,0.05996561635533429,614,...but the Gershwin concert is the next summit over...
6640,4577,1,8,51,60,1.1666666666666667,0.05402796234942498,614,You should really recycle.
5508,4577,1,8,51,60,1.1666666666666667,0.05402796234942498,614,Uber Eats delivery--sorry it took two weeks longer than expected.
6280,4577,1,8,51,60,1.1666666666666667,0.05402796234942498,614,Can you play something we can sing to?
6354,4577,1,8,51,60,1.1666666666666667,0.05402796234942498,614,I thought they did away with Purgatory.
6581,4577,2,6,52,60,1.1666666666666667,0.059025354442335316,614,Maybe the wife in a pumpkin shell wasn't a great idea for a show.
6530,4577,1,8,51,60,1.1666666666666667,0.05402796234942498,614,My tiny violin was broken.
6595,4577,0,10,50,60,1.1666666666666667,0.04851854247829848,614,"I guess they really were words to live by, not dance to...."
5461,4577,0,10,50,60,1.1666666666666667,0.04851854247829848,614,"What about piano man, can you play piano man?"
6493,4577,1,8,51,60,1.1666666666666667,0.05402796234942498,614,Play “The Bitch is Back”.
5153,4577,1,8,51,60,1.1666666666666667,0.05402796234942498,614,I had hoped the hills would be alive figuratively.
4073,4577,0,10,50,60,1.1666666666666667,0.04851854247829848,614,It seems to me you may have thrown your Bach out.
4928,4577,1,8,51,60,1.1666666666666667,0.05402796234942498,614,Know any trendy songs?
4916,4577,0,10,50,60,1.1666666666666667,0.04851854247829848,614,"If you're taking requests, my teammates below would love to hear Night On Bald Mountain."
4863,4577,0,10,50,60,1.1666666666666667,0.04851854247829848,614,"Great, the Piano Man is here...now where’s my tonic and gin?"
4367,4577,0,10,50,60,1.1666666666666667,0.04851854247829848,614,So what exactly attracted you about The Prelude . . .?
4349,4577,0,10,50,60,1.1666666666666667,0.04851854247829848,614,"Universal truth is to know; without the beer, how much does a stein weigh?"
4230,4577,2,6,52,60,1.1666666666666667,0.059025354442335316,614,aint life grand!
3955,4577,1,8,51,60,1.1666666666666667,0.05402796234942498,614,"Don’t worry, composing a master piece may just take more than 7 days."
3898,4577,0,10,50,60,1.1666666666666667,0.04851854247829848,614,"They sent me to see if you're dead yet, Billy Joel."
3219,4577,0,10,50,60,1.1666666666666667,0.04851854247829848,614,"Lord, am I ready to tune that piano and then head back down for a couple brewskis?"
5040,4577,0,10,50,60,1.1666666666666667,0.04851854247829848,614,Did you finish your practice yet?
2938,4577,2,6,52,60,1.1666666666666667,0.059025354442335316,614,Hardy-Har-Har. Were you the one playing ‘Landslide?’
3273,4577,1,8,51,60,1.1666666666666667,0.05402796234942498,614,We're having a few people over. Would you like to come down and join us?
2778,4577,0,10,50,60,1.1666666666666667,0.04851854247829848,614,Forty days and forty nights and still no ditty for the ad campaign?
3718,4577,2,6,52,60,1.1666666666666667,0.059025354442335316,614,"A monk asked Ummon for a portrait and gave him a blank canvas. Ummon gave it back and said, 'The spaces spell face.'"
480,4577,2,6,52,60,1.1666666666666667,0.059025354442335316,614,"I will grant you one wish, Mr. Joel"
1135,4577,1,8,51,60,1.1666666666666667,0.05402796234942498,614,Thanks. That crescendo kept me going higher and higher.
1535,4577,2,6,52,60,1.1666666666666667,0.059025354442335316,614,My shift was over 30 minutes ago...
2875,4577,0,10,50,60,1.1666666666666667,0.04851854247829848,614,The neighbors couldn't stand the noise.
2382,4577,3,4,53,60,1.1666666666666667,0.06363147191803552,614,Come back at five o clock on a Saturday.
2397,4577,0,10,50,60,1.1666666666666667,0.04851854247829848,614,They want to know if you can play something besides Chopin.
2436,4577,0,10,50,60,1.1666666666666667,0.04851854247829848,614,"Sorry, but I don’t take requests."
2670,4577,0,10,50,60,1.1666666666666667,0.04851854247829848,614,Can you give me a major lift?
1864,4577,2,6,52,60,1.1666666666666667,0.059025354442335316,614,Hi! How much is left to the top?
2682,4577,1,8,51,60,1.1666666666666667,0.05402796234942498,614,"You're in luck! I just composed a new song, ""Climb Every Mountain"". Would you like to listen to it?"
1769,4612,0,10,51,61,1.1639344262295082,0.04779468766266639,614,You're lucky we're charging you as a juvenile.
6156,4612,0,10,51,61,1.1639344262295082,0.04779468766266639,614,I am searching for the key to Liszt.
4528,4612,1,8,52,61,1.1639344262295082,0.05320507735360911,614,"It’ll come to you, shall I hum a few bars?"
3734,4612,1,8,52,61,1.1639344262295082,0.05320507735360911,614,Tell Ron at Interscope I'm going to need a little more time.
387,4612,1,8,52,61,1.1639344262295082,0.05320507735360911,614,Play me off Johnny!
2655,4612,0,10,51,61,1.1639344262295082,0.04779468766266639,614,What is the true meaning of 'Damn'?
2630,4612,3,4,54,61,1.1639344262295082,0.0626392563099764,614,"What do you mean, you're on a break? I want to hear 'Maple Leaf Rag'."
2322,4612,0,10,51,61,1.1639344262295082,0.04779468766266639,614,Not bad. Are you on Spotify?
72,4612,2,6,53,61,1.1639344262295082,0.05811392555691986,614,Do you think this is funny?
2971,4612,0,10,51,61,1.1639344262295082,0.04779468766266639,614,"Cheer up, somethings are never meant to be finished."
2566,4622,1,8,53,62,1.1612903225806452,0.05240664126018632,614,In the valley it sounds like Steve Reich.
2480,4623,1,7,48,56,1.1607142857142858,0.055693885709118325,614,Sorry I'm late. Bad traffic jam down there!
2517,4623,0,9,47,56,1.1607142857142858,0.04952230059306297,614,They said you were playing it up again.
2515,4623,1,7,48,56,1.1607142857142858,0.055693885709118325,614,Wow! You hit a lot of flats up here!
2500,4623,1,7,48,56,1.1607142857142858,0.055693885709118325,614,"Sorry, I'm not dead. I've just been up here for the past 300 years trying to prove that Bach didn't beat me."
2450,4623,0,9,47,56,1.1607142857142858,0.04952230059306297,614,"Yes, I've climbed all the way up here to ask you. Was that piece Mozart or Haydn?"
2245,4623,0,9,47,56,1.1607142857142858,0.04952230059306297,614,"Do you know the words to ""Alfie""?"
2394,4623,1,7,48,56,1.1607142857142858,0.055693885709118325,614,Come back at five o clock on a Saturday.
2301,4623,3,3,50,56,1.1607142857142858,0.0663363415035954,614,How dare you call that piece of trash A Night on Bald Mountain?
2291,4623,1,7,48,56,1.1607142857142858,0.055693885709118325,614,Listen to me. My name is not Sam. And I'm a writer not a piano player.
2126,4623,1,7,48,56,1.1607142857142858,0.055693885709118325,614,Did you ever take lessons?
2403,4623,1,7,48,56,1.1607142857142858,0.055693885709118325,614,Blocked? Don’t sweat it. I’m tone-deaf.
2289,4623,1,7,48,56,1.1607142857142858,0.055693885709118325,614,"Uh-oh, I forgot to bring the sheet music."
2075,4623,1,7,48,56,1.1607142857142858,0.055693885709118325,614,"Hey, can I borrow a chord?"
2528,4623,2,5,49,56,1.1607142857142858,0.06124671056253539,614,How on earth did you get that up there?
1388,4623,1,7,48,56,1.1607142857142858,0.055693885709118325,614,You thought a high note would kill me?
1391,4623,1,7,48,56,1.1607142857142858,0.055693885709118325,614,So these are the keys to world peace.
1409,4623,1,7,48,56,1.1607142857142858,0.055693885709118325,614,The key to happiness is F-Major?
1422,4623,1,7,48,56,1.1607142857142858,0.055693885709118325,614,I'm here to give you some inspiration
1428,4623,2,5,49,56,1.1607142857142858,0.06124671056253539,614,Could you liven it up a tad? We’re trying to get down.
1452,4623,1,7,48,56,1.1607142857142858,0.055693885709118325,614,Reverb is the new proverb.
1477,4623,2,5,49,56,1.1607142857142858,0.06124671056253539,614,"A bit far from Casablanca, don’t you think?"
1487,4623,1,7,48,56,1.1607142857142858,0.055693885709118325,614,Trolling your performances has been a lot better exercise since you went off the grid.
1497,4623,0,9,47,56,1.1607142857142858,0.04952230059306297,614,The mountain goats were wondering if you take requests.
1567,4623,1,7,48,56,1.1607142857142858,0.055693885709118325,614,Come on ... you don't know ANY Pharrell Williams?
1591,4623,1,7,48,56,1.1607142857142858,0.055693885709118325,614,"Yes, I do have a question. How did you get that thing up here?"
2085,4623,1,7,48,56,1.1607142857142858,0.055693885709118325,614,Can you play some Edvard Grieg?
1632,4623,2,5,49,56,1.1607142857142858,0.06124671056253539,614,I thought this was the restaurant cartoon.
1725,4623,1,7,48,56,1.1607142857142858,0.055693885709118325,614,hi 'c'
1732,4623,1,7,48,56,1.1607142857142858,0.055693885709118325,614,"If your hands are dirty, I teach only black keys."
1785,4623,0,9,47,56,1.1607142857142858,0.04952230059306297,614,"You're tired? But ""Steinway to Heaven"" is a classic."
1789,4623,0,9,47,56,1.1607142857142858,0.04952230059306297,614,So you're sure I have the day off?
1795,4623,3,3,50,56,1.1607142857142858,0.0663363415035954,614,Start cooperating or we bring in the mime.
1867,4623,0,9,47,56,1.1607142857142858,0.04952230059306297,614,What if I hum a few bars?
1947,4623,0,9,47,56,1.1607142857142858,0.04952230059306297,614,"I find it ""VERY"" hard to believe that you think I'm giving you a tip for ""THAT"" medley of Kanye's greatest hits!"
1955,4623,1,7,48,56,1.1607142857142858,0.055693885709118325,614,Martha Argerich says you stink.
1979,4623,1,7,48,56,1.1607142857142858,0.055693885709118325,614,Do you know The Sound of Music songbook?
1987,4623,1,7,48,56,1.1607142857142858,0.055693885709118325,614,From the valley your music is heavenly.
2053,4623,2,5,49,56,1.1607142857142858,0.06124671056253539,614,Sing us a song you’re the piano man.
1689,4623,0,9,47,56,1.1607142857142858,0.04952230059306297,614,I would like to play you on Broadway.
2543,4623,0,9,47,56,1.1607142857142858,0.04952230059306297,614,Why did I come here? This is the weirdest piano lesson ever.
3267,4623,0,9,47,56,1.1607142857142858,0.04952230059306297,614,"Bang, bang, bangin' on heavens door... just doesn't sound right."
2613,4623,1,7,48,56,1.1607142857142858,0.055693885709118325,614,you're a terrible piano player
5555,4623,0,9,47,56,1.1607142857142858,0.04952230059306297,614,"For the third time this week, can you please stop composing up here? We're getting tired of cleaning up ...."
5547,4623,1,7,48,56,1.1607142857142858,0.055693885709118325,614,Late again for your piano lesson?
5428,4623,1,7,48,56,1.1607142857142858,0.055693885709118325,614,"No, I can't play the piano, but I've got tons of views on You Tube."
5396,4623,0,9,47,56,1.1607142857142858,0.04952230059306297,614,Are you Grand Master Flash?
5357,4623,0,9,47,56,1.1607142857142858,0.04952230059306297,614,Why are my achievements always overshadowed?
5333,4623,0,9,47,56,1.1607142857142858,0.04952230059306297,614,"Do you know ""Old Man From The Mountain"" by Merle Haggard?"
5294,4623,0,9,47,56,1.1607142857142858,0.04952230059306297,614,It's a long way to the top if you wanna'...play the piano?
5286,4623,0,9,47,56,1.1607142857142858,0.04952230059306297,614,I keep the hills alive with the sound of music.
5662,4623,1,7,48,56,1.1607142857142858,0.055693885709118325,614,I'm your reliever.
5231,4623,1,7,48,56,1.1607142857142858,0.055693885709118325,614,Don't despair. Ready for your lesson?
5190,4623,0,9,47,56,1.1607142857142858,0.04952230059306297,614,It's called 'the secret chord' for a reason.
5080,4623,1,7,48,56,1.1607142857142858,0.055693885709118325,614,"What took you so long, this thing needs to be tuned?"
4893,4623,1,7,48,56,1.1607142857142858,0.055693885709118325,614,Is this the right class? I'm supposed to be in Modern Lit.
4887,4623,2,5,49,56,1.1607142857142858,0.06124671056253539,614,‘Climb Every Mountain’ was not a request.
4823,4623,1,7,48,56,1.1607142857142858,0.055693885709118325,614,Where's the nearest Starbucks?
4799,4623,1,7,48,56,1.1607142857142858,0.055693885709118325,614,"Hey you, piano man, do you happen to be in need of a lyricist?"
4574,4623,1,7,48,56,1.1607142857142858,0.055693885709118325,614,"And you thought you'll get a drumroll, didn't you?"
4549,4623,2,5,49,56,1.1607142857142858,0.06124671056253539,614,Your playing takes all the oxygen out of the room!
5197,4623,0,9,47,56,1.1607142857142858,0.04952230059306297,614,"sorry this is the piano floor, you go up there for the meaning of god."
4503,4623,0,9,47,56,1.1607142857142858,0.04952230059306297,614,"At this altitude, it can take years for the human body to decompose."
5707,4623,0,9,47,56,1.1607142857142858,0.04952230059306297,614,"Excuse me sir, do you know where I can find the Mountain Top Piano Bar?"
5781,4623,0,9,47,56,1.1607142857142858,0.04952230059306297,614,"Sorry I am late, I was a little flat this morning."
6732,4623,2,5,49,56,1.1607142857142858,0.06124671056253539,614,Was it my new song that took your breath away
6707,4623,1,7,48,56,1.1607142857142858,0.055693885709118325,614,I shouldn't have lived life thinking in black and white.
6685,4623,1,7,48,56,1.1607142857142858,0.055693885709118325,614,"If it helps, I could hum a few bars."
6407,4623,1,7,48,56,1.1607142857142858,0.055693885709118325,614,Could you play something by Chopin?
6366,4623,2,5,49,56,1.1607142857142858,0.06124671056253539,614,"Sorry for the delay, I forgot my tuning fork at basecamp."
6334,4623,0,9,47,56,1.1607142857142858,0.04952230059306297,614,you got stuck with the piano?
6279,4623,1,7,48,56,1.1607142857142858,0.055693885709118325,614,"Okay, as the winner, you're entitled to a peak performance"
6231,4623,2,5,49,56,1.1607142857142858,0.06124671056253539,614,"Is this the peak?"" ""You missed it by about 25 years."
5742,4623,1,7,48,56,1.1607142857142858,0.055693885709118325,614,I heard your piano needed tuning.
6157,4623,2,5,49,56,1.1607142857142858,0.06124671056253539,614,Are you the replacement Sherpa?
5985,4623,2,5,49,56,1.1607142857142858,0.06124671056253539,614,I take requests. Just nothing by Kanye.
5927,4623,1,7,48,56,1.1607142857142858,0.055693885709118325,614,It was my experiential education final.
5900,4623,0,9,47,56,1.1607142857142858,0.04952230059306297,614,"Moses, what are you doing? The Promised Land needs faster peace, not a masterpiece."
5832,4623,0,9,47,56,1.1607142857142858,0.04952230059306297,614,One more slog!
5818,4623,0,9,47,56,1.1607142857142858,0.04952230059306297,614,Why does the piano man have to sing a song?
5798,4623,0,9,47,56,1.1607142857142858,0.04952230059306297,614,how long is the intermezzo?
5791,4623,1,7,48,56,1.1607142857142858,0.055693885709118325,614,Do you know 'Feelings' or 'Downtown?'
5787,4623,1,7,48,56,1.1607142857142858,0.055693885709118325,614,Turns out you can sling a piano pretty far.
6140,4623,0,9,47,56,1.1607142857142858,0.04952230059306297,614,"Don't worry, it's only downhill from here."
2612,4623,2,5,49,56,1.1607142857142858,0.06124671056253539,614,Did you bring your sheet music?
4476,4623,1,7,48,56,1.1607142857142858,0.055693885709118325,614,I thought I heard the Pathetique!
4405,4623,1,7,48,56,1.1607142857142858,0.055693885709118325,614,Hold me closer tiny climber
3464,4623,1,7,48,56,1.1607142857142858,0.055693885709118325,614,We're got a fabulous offer for a reunion tour and album !
3283,4623,1,7,48,56,1.1607142857142858,0.055693885709118325,614,"I heard you needed someone to play you a memory, because you're not really sure how it goes."
1372,4623,0,9,47,56,1.1607142857142858,0.04952230059306297,614,"I'm sorry, I don't know that one."
3266,4623,1,7,48,56,1.1607142857142858,0.055693885709118325,614,They were out of manuscript paper; you'll have to draw in the lines again. . .
3187,4623,1,7,48,56,1.1607142857142858,0.055693885709118325,614,Play me an Oldie.
3171,4623,2,5,49,56,1.1607142857142858,0.06124671056253539,614,It’s my turn now! You’ve been at it for millennia!
3128,4623,1,7,48,56,1.1607142857142858,0.055693885709118325,614,"Play ""mystery of life"" for me?"
3117,4623,1,7,48,56,1.1607142857142858,0.055693885709118325,614,"Play it, Sam... For old time's sake... Play ""As Time Goes By."""
3495,4623,1,7,48,56,1.1607142857142858,0.055693885709118325,614,"C'mon play something, like, ""The Hermit Songs"" of Samuel Barber. Are you sure you've never heard of it?"
3050,4623,2,5,49,56,1.1607142857142858,0.06124671056253539,614,"Do you know, ""I'd Climb the Highest Mountain""?"
2994,4623,0,9,47,56,1.1607142857142858,0.04952230059306297,614,"Hey, do you know the words to ""Climb Every Mountain"" ?"
2953,4623,0,9,47,56,1.1607142857142858,0.04952230059306297,614,"Of course I can’t promise anything, but, I’ll try to get you a few weeks in Las Vegas"
2909,4623,2,5,49,56,1.1607142857142858,0.06124671056253539,614,The only piece they had in stock was Bach's Sonata in G Major for two pianos. Shall I go back and get it?
2891,4623,1,7,48,56,1.1607142857142858,0.055693885709118325,614,All this way and I find out the choir is on strike..
2878,4623,1,7,48,56,1.1607142857142858,0.055693885709118325,614,You're lucky I got here when I did or you'd be de-composing
2847,4623,2,5,49,56,1.1607142857142858,0.06124671056253539,614,"Hand me those sheets of paper, I’ve got a bag here for recycling"
2819,4623,1,7,48,56,1.1607142857142858,0.055693885709118325,614,"""Life is a cabaret old chum?"" That's it?"
2755,4623,0,9,47,56,1.1607142857142858,0.04952230059306297,614,You'd better know the bass part to chopsticks.
3048,4623,0,9,47,56,1.1607142857142858,0.04952230059306297,614,Was that the unfinished symphony?
4439,4623,0,9,47,56,1.1607142857142858,0.04952230059306297,614,"I have a request, please."
3498,4623,1,7,48,56,1.1607142857142858,0.055693885709118325,614,Whaddya mean you're burned out on Burt Bacharach?
3564,4623,1,7,48,56,1.1607142857142858,0.055693885709118325,614,The folks at base camp wanted me to ask you to get that thing tuned.
4384,4623,2,5,49,56,1.1607142857142858,0.06124671056253539,614,"Wow, that was a grueling climb but I made it! So...um...I really hope you take requests?"
4382,4623,0,9,47,56,1.1607142857142858,0.04952230059306297,614,She's not doing too good in Wisconsin.
4330,4623,1,7,48,56,1.1607142857142858,0.055693885709118325,614,I’m gonna kick your ass.
4306,4623,0,9,47,56,1.1607142857142858,0.04952230059306297,614,"No. It's a baby grand, only five years old."
4238,4623,2,5,49,56,1.1607142857142858,0.06124671056253539,614,How does it get out of tune so quickly? I was just here ten years ago.
4217,4623,1,7,48,56,1.1607142857142858,0.055693885709118325,614,did you ring for a piano tuner?
4173,4623,2,5,49,56,1.1607142857142858,0.06124671056253539,614,Is this what they meant by the high note of the trip?
4099,4623,1,7,48,56,1.1607142857142858,0.055693885709118325,614,Say hello to my neighbors.
3524,4623,0,9,47,56,1.1607142857142858,0.04952230059306297,614,"Oh it's you, I like your stuff but I think you peaked in the 80's"
4059,4623,2,5,49,56,1.1607142857142858,0.06124671056253539,614,Sorry I dont have any Bitcoins
4037,4623,2,5,49,56,1.1607142857142858,0.06124671056253539,614,"Now I will play John Cage's 4'33"""
4028,4623,2,5,49,56,1.1607142857142858,0.06124671056253539,614,I'm a bit hungry after that long time. I've heard that your Trout Quintet is very nice.
4004,4623,1,7,48,56,1.1607142857142858,0.055693885709118325,614,"Too late, it's out of tune."
3840,4623,0,9,47,56,1.1607142857142858,0.04952230059306297,614,Do you know anything besides Melancholy Baby?
3786,4623,0,9,47,56,1.1607142857142858,0.04952230059306297,614,How the hell do I know? Can't you see I've got composer's block?
3766,4623,0,9,47,56,1.1607142857142858,0.04952230059306297,614,"Play it again, Samsara."
3598,4623,2,5,49,56,1.1607142857142858,0.06124671056253539,614,"They said to tell you - ""unless you're ready now, the whales will be going a'cappella"""
3582,4623,0,9,47,56,1.1607142857142858,0.04952230059306297,614,"Do you know ""Piano Man""?"
4055,4623,1,7,48,56,1.1607142857142858,0.055693885709118325,614,"Could you play, ""I'm Climbing Up the Rough Side of the Mountain""?"
1336,4623,0,9,47,56,1.1607142857142858,0.04952230059306297,614,"They liked ‘Ten Commandments of Love,’ what’s next?"
2920,4623,0,9,47,56,1.1607142857142858,0.04952230059306297,614,I was waiting for someone to tune it.
1132,4623,0,9,47,56,1.1607142857142858,0.04952230059306297,614,"Summit, peak, perfection... bah! Does that tune have a great musical hook?"
75,4623,1,7,48,56,1.1607142857142858,0.055693885709118325,614,You should have seen the look on the moving guys faces when I asked them to bring it up here.
154,4623,0,9,47,56,1.1607142857142858,0.04952230059306297,614,I am usually not this late. Just finished tuning at Everest.
187,4623,0,9,47,56,1.1607142857142858,0.04952230059306297,614,"Sorry, I don't smoke."
253,4623,0,9,47,56,1.1607142857142858,0.04952230059306297,614,Maybe you should stick with producing.
298,4623,1,7,48,56,1.1607142857142858,0.055693885709118325,614,Next time I'll try a canyon floor for inspiration.
345,4623,0,9,47,56,1.1607142857142858,0.04952230059306297,614,"On my cue, drop the piano. Then we'll see who's out of tune"
448,4623,1,7,48,56,1.1607142857142858,0.055693885709118325,614,"That's it, Rhapsody in Blue!"
453,4623,1,7,48,56,1.1607142857142858,0.055693885709118325,614,How do you get to Carnegie Hall?
475,4623,1,7,48,56,1.1607142857142858,0.055693885709118325,614,I was hoping to hear something a little edgier!
554,4623,1,7,48,56,1.1607142857142858,0.055693885709118325,614,Please....... just don't tell Aaron.
27,4623,1,7,48,56,1.1607142857142858,0.055693885709118325,614,So...I'm not the only instrument in the hands of God.
606,4623,2,5,49,56,1.1607142857142858,0.06124671056253539,614,Did you expect a restaurant?
660,4623,1,7,48,56,1.1607142857142858,0.055693885709118325,614,"Oh, I forgot to ask... how much does that Stein weigh?"
740,4623,0,9,47,56,1.1607142857142858,0.04952230059306297,614,FREE BIRD!!!
1218,4623,2,5,49,56,1.1607142857142858,0.06124671056253539,614,A fossil and a stein on a rock.
770,4623,1,7,48,56,1.1607142857142858,0.055693885709118325,614,"Rach 3? No, this is only Rach 2."
807,4623,1,7,48,56,1.1607142857142858,0.055693885709118325,614,"it's a pretty good crowd, for a saterday"
847,4623,2,5,49,56,1.1607142857142858,0.06124671056253539,614,"Oh boy, another arriviste!"
907,4623,1,7,48,56,1.1607142857142858,0.055693885709118325,614,"Could you play ""The Flight of The Bumblebee"" at 600 BPM? I'd like to check my climbing heart rate."
967,4623,1,7,48,56,1.1607142857142858,0.055693885709118325,614,I always take the high note.
1007,4623,2,5,49,56,1.1607142857142858,0.06124671056253539,614,I could tell from halfway up that that your enharmonics are drifting apart. You called me just in time.
1033,4623,1,7,48,56,1.1607142857142858,0.055693885709118325,614,That was some crescendo!
1104,4623,1,7,48,56,1.1607142857142858,0.055693885709118325,614,Do you know Rocky Top?
1109,4623,0,9,47,56,1.1607142857142858,0.04952230059306297,614,Can you play “Climb Every Mountain” in F?
1113,4623,0,9,47,56,1.1607142857142858,0.04952230059306297,614,"Yea, he's a clown and a balloon twister, but you won't be laughing when he twists the truth out of you."
44,4623,1,7,48,56,1.1607142857142858,0.055693885709118325,614,"My father asked me to play 'Far, Far Away', and to pack a lunch."
37,4623,2,5,49,56,1.1607142857142858,0.06124671056253539,614,Beethoven?
1369,4780,1,8,54,63,1.1587301587301588,0.05163159310171238,614,"Well, glad to tune it - now that I'm here."
6474,4781,1,7,49,57,1.1578947368421053,0.054780684196477185,614,"Damn it, Oliver! You told me you'd work on your scales!"
2446,4781,1,7,49,57,1.1578947368421053,0.054780684196477185,614,I thought you said STENCILS....
2490,4781,0,9,48,57,1.1578947368421053,0.04872737367223956,614,"They told me it might get sharp at the top, but this is absurd."
2571,4781,2,5,50,57,1.1578947368421053,0.06022864581803467,614,"Please give me the meaning of ""American Pie"""
2629,4781,1,7,49,57,1.1578947368421053,0.054780684196477185,614,I’ve been looking all over for a piano!
2706,4781,1,7,49,57,1.1578947368421053,0.054780684196477185,614,The right metaphor eludes me— but you just need to keep practicing.
2774,4781,0,9,48,57,1.1578947368421053,0.04872737367223956,614,"Heard melodies are sweet, those unheard -even sweeter."
6570,4781,0,9,48,57,1.1578947368421053,0.04872737367223956,614,Please! Anything but another polka.
2799,4781,1,7,49,57,1.1578947368421053,0.054780684196477185,614,""" How do I get to Carnegie Hall?"" ""Practice practice, practice"
2862,4781,1,7,49,57,1.1578947368421053,0.054780684196477185,614,"So, you hit that last note a little high."
2942,4781,1,7,49,57,1.1578947368421053,0.054780684196477185,614,I brought my tuning fork.
2999,4781,3,3,51,57,1.1578947368421053,0.06522312621390028,614,Sorry I’m late. I got Staccato Clef!
3070,4781,0,9,48,57,1.1578947368421053,0.04872737367223956,614,I just shagged a tip jar that blew off from this direction.
3108,4781,0,9,48,57,1.1578947368421053,0.04872737367223956,614,They want it back at at Mar-a-Lago!
3193,4781,0,9,48,57,1.1578947368421053,0.04872737367223956,614,Can you keep it down? I have work in the morning.
3246,4781,0,9,48,57,1.1578947368421053,0.04872737367223956,614,What happened to the hills' sound of music.
2405,4781,1,7,49,57,1.1578947368421053,0.054780684196477185,614,Cheer up! You could be another John Denver.
3319,4781,0,9,48,57,1.1578947368421053,0.04872737367223956,614,They’ll never believe this down at Bass Camp.
2182,4781,2,5,50,57,1.1578947368421053,0.06022864581803467,614,"You can stay as long as you want, grandpa. But the Steinway’s coming down with me right now!"
1813,4781,2,5,50,57,1.1578947368421053,0.06022864581803467,614,"How's things in the Grand Canyon? It's a Grand View from here! If you want words of wisdom, Life is Grand if you Play it Right!"
28,4781,0,9,48,57,1.1578947368421053,0.04872737367223956,614,How’d you get that thing up here?
381,4781,2,5,50,57,1.1578947368421053,0.06022864581803467,614,Your on candid camera!
465,4781,2,5,50,57,1.1578947368421053,0.06022864581803467,614,"Do you know ""Funeral For A Friend?"""
602,4781,1,7,49,57,1.1578947368421053,0.054780684196477185,614,Bruce Hornesby????
1040,4781,1,7,49,57,1.1578947368421053,0.054780684196477185,614,I don't do encores.
1195,4781,0,9,48,57,1.1578947368421053,0.04872737367223956,614,“Play it Sam. Play ‘As Time Goes By’.
1238,4781,1,7,49,57,1.1578947368421053,0.054780684196477185,614,"Don’t worry, play sappy."
1253,4781,1,7,49,57,1.1578947368421053,0.054780684196477185,614,Sorry...it said I was on the fastest route.
1329,4781,2,5,50,57,1.1578947368421053,0.06022864581803467,614,Do you have any extra chords?
1344,4781,0,9,48,57,1.1578947368421053,0.04872737367223956,614,Forget the meaning of life. I want to know how you got that up here.
1398,4781,1,7,49,57,1.1578947368421053,0.054780684196477185,614,I have a burning question and a song request.
1441,4781,1,7,49,57,1.1578947368421053,0.054780684196477185,614,"Oh that, it's just a little ditty I taught myself."
1602,4781,2,5,50,57,1.1578947368421053,0.06022864581803467,614,"So you can can move this up to the penthouse, right?"
1697,4781,1,7,49,57,1.1578947368421053,0.054780684196477185,614,"At long last I can play ""Heart and Soul."""
1719,4781,0,9,48,57,1.1578947368421053,0.04872737367223956,614,"I suppose you want a song, too?"
2083,4781,1,7,49,57,1.1578947368421053,0.054780684196477185,614,"Now! can we get married, already?!"
3353,4781,1,7,49,57,1.1578947368421053,0.054780684196477185,614,"Yes, I suppose I did recommend a 'new direction.'"
3371,4781,1,7,49,57,1.1578947368421053,0.054780684196477185,614,"Having heard that you are the top soloist in the world, I had to come see for myself."
3372,4781,2,5,50,57,1.1578947368421053,0.06022864581803467,614,"Yes, this is the perfect place to write your ""Symphony in F."" But if it was in A or B would you write it down there in the flats?"
5056,4781,1,7,49,57,1.1578947368421053,0.054780684196477185,614,I'm feeling a bit decomposed.
5117,4781,2,5,50,57,1.1578947368421053,0.06022864581803467,614,"If you had let down your hair, I would have recorded you"
5228,4781,0,9,48,57,1.1578947368421053,0.04872737367223956,614,Are you here to tune it again?
5406,4781,0,9,48,57,1.1578947368421053,0.04872737367223956,614,I have to cancel any further lessons. I'm taking free lessons from a guy named Brad on youtube. His random floating smile emojis make me feel better about myself than your honest critiques.
5579,4781,0,9,48,57,1.1578947368421053,0.04872737367223956,614,Your first SRO?
5634,4781,1,7,49,57,1.1578947368421053,0.054780684196477185,614,I’m off now.
5726,4781,0,9,48,57,1.1578947368421053,0.04872737367223956,614,So that *was* theme music I was hearing!
5740,4781,0,9,48,57,1.1578947368421053,0.04872737367223956,614,"Oh master, can you teach me to play chopsticks?"
5753,4781,1,7,49,57,1.1578947368421053,0.054780684196477185,614,Getting it up here was easy. Getting it down is going to suck dicks.
5857,4781,0,9,48,57,1.1578947368421053,0.04872737367223956,614,Can you chant middle C? I dropped my tuning fork.
5950,4781,1,7,49,57,1.1578947368421053,0.054780684196477185,614,So you ????”Climb Every Mountain”???? with a piano on your back?
6172,4781,1,7,49,57,1.1578947368421053,0.054780684196477185,614,I guess we all have our hobbies.
6285,4781,2,5,50,57,1.1578947368421053,0.06022864581803467,614,I'm trying to study for an exam. Could you try using the soft pedal?
6351,4781,2,5,50,57,1.1578947368421053,0.06022864581803467,614,Turns out it’s harder to get this thing down the mountain than up!
6380,4781,1,7,49,57,1.1578947368421053,0.054780684196477185,614,Mind if I take a shit in your piano?
5017,4781,2,5,50,57,1.1578947368421053,0.06022864581803467,614,Did you finish it Schubert?
4805,4781,2,5,50,57,1.1578947368421053,0.06022864581803467,614,Do you mind grabbing the pool table next?
4552,4781,1,7,49,57,1.1578947368421053,0.054780684196477185,614,I knew the mountains were calling.
4433,4781,0,9,48,57,1.1578947368421053,0.04872737367223956,614,"Just a sec, I dropped my music! I like to play the Jeopardy tune while you wait for your answer."
3400,4781,1,7,49,57,1.1578947368421053,0.054780684196477185,614,Could you please stop that infernal racket!
3418,4781,1,7,49,57,1.1578947368421053,0.054780684196477185,614,"If I have to keep climbing this mountain every time we practice, by the time we finish the mixtape I'll be as old as you."
3458,4781,0,9,48,57,1.1578947368421053,0.04872737367223956,614,Dad. You can come out of your room now.
3539,4781,0,9,48,57,1.1578947368421053,0.04872737367223956,614,May I borrow one of your pianos?
3548,4781,1,7,49,57,1.1578947368421053,0.054780684196477185,614,Madonna is ready for your solo now.
3580,4781,0,9,48,57,1.1578947368421053,0.04872737367223956,614,I knew it! You were trying to play close to the edge.
3673,4781,2,5,50,57,1.1578947368421053,0.06022864581803467,614,I've been waiting for someone to tickle my ivories.
6546,4781,0,9,48,57,1.1578947368421053,0.04872737367223956,614,I hope the cellist isn’t too far behind you.
3684,4781,2,5,50,57,1.1578947368421053,0.06022864581803467,614,So the secret to happiness is a good piano tuner?
3744,4781,2,5,50,57,1.1578947368421053,0.06022864581803467,614,do you know freebird?
3828,4781,2,5,50,57,1.1578947368421053,0.06022864581803467,614,We need that jingle yesterday.
3978,4781,0,9,48,57,1.1578947368421053,0.04872737367223956,614,I'm seeking life-altering lessons.
19,4781,0,9,48,57,1.1578947368421053,0.04872737367223956,614,"So, this is the meaning of life?"
4260,4781,2,5,50,57,1.1578947368421053,0.06022864581803467,614,"The restaurant is one plateau over. I thought I would get spillover because of their long wait, but Uber and Lyft have changed everything."
4311,4781,4,1,52,57,1.1578947368421053,0.06986145295622233,614,"Apparently by mistake you did not get my entry for the last submission. Here it is again: ""OK, let's call this one the mouse that floored"" I think it's considerably funnier than the three finalist entries"
4420,4781,1,7,49,57,1.1578947368421053,0.054780684196477185,614,You need to get out more.
3690,4781,0,9,48,57,1.1578947368421053,0.04872737367223956,614,Um.... I forgot your tip jar again.
4156,4781,1,7,49,57,1.1578947368421053,0.054780684196477185,614,Did you bring batteries?
2796,4781,1,7,49,57,1.1578947368421053,0.054780684196477185,614,Maybe try it in B Flat?
3259,4858,3,2,46,51,1.1568627450980393,0.07069708383262725,614,Cartoon staff why is it that I can't view contest cartoon???????
180,4859,1,7,50,58,1.1551724137931034,0.05389670015798332,614,I'm guessing that was F-clef.
2937,4859,1,7,50,58,1.1551724137931034,0.05389670015798332,614,Finally you're back from your bathroom break!
2948,4859,0,9,49,58,1.1551724137931034,0.04795720603166536,614,"You know those colorful Sing for Hope pianos all over the city anyone can just play? Well, this isn't one of them. It's a Steinway."
3028,4859,0,9,49,58,1.1551724137931034,0.04795720603166536,614,"I said, no TV til you learn the whole thing."
3533,4859,1,7,50,58,1.1551724137931034,0.05389670015798332,614,They wanna know if Pepsi’s okay?
3542,4859,2,5,51,58,1.1551724137931034,0.05924369135592007,614,"You're late, so I went ahead with the concert without the piano being tuned."
3586,4859,0,9,49,58,1.1551724137931034,0.04795720603166536,614,Could you play louder
3725,4859,2,5,51,58,1.1551724137931034,0.05924369135592007,614,"Can you play ""Nearer My God To Thee"" or ""Feelin' Guru-vey?"""
3910,4859,0,9,49,58,1.1551724137931034,0.04795720603166536,614,The Neighbors said it was out of tune.
4161,4859,0,9,49,58,1.1551724137931034,0.04795720603166536,614,On top of Old Smokey I presume.
5349,4859,1,7,50,58,1.1551724137931034,0.05389670015798332,614,"Wow. You really do exist, more flat than we thought down there but hey, here you are"
5413,4859,1,7,50,58,1.1551724137931034,0.05389670015798332,614,Are the one that called for a mover?
5665,4859,1,7,50,58,1.1551724137931034,0.05389670015798332,614,"I’m responding to your craigslist ad, do you have the pair of Hamilton tickets?"
6103,4859,1,7,50,58,1.1551724137931034,0.05389670015798332,614,"Sorry,I played that last week"
6207,4859,2,5,51,58,1.1551724137931034,0.05924369135592007,614,Can you hum a few bars?
6464,4859,2,5,51,58,1.1551724137931034,0.05924369135592007,614,"OMG, DON'T play it again, Sam!"
6475,4859,1,7,50,58,1.1551724137931034,0.05389670015798332,614,Are you the top dog here?
6476,4859,0,9,49,58,1.1551724137931034,0.04795720603166536,614,Yo!
2882,4859,1,7,50,58,1.1551724137931034,0.05389670015798332,614,wonder if you can help me---is this the right way to carnegie hall
2771,4859,1,7,50,58,1.1551724137931034,0.05389670015798332,614,The President will see you now.
2294,4859,1,7,50,58,1.1551724137931034,0.05389670015798332,614,Julie Andrews you ain't. Julie Andrews you ain't.
2266,4859,2,5,51,58,1.1551724137931034,0.05924369135592007,614,"Manuscript paper? Sorry, I don't have any."
331,4859,0,9,49,58,1.1551724137931034,0.04795720603166536,614,So this is where they hid Beethoven.
362,4859,1,7,50,58,1.1551724137931034,0.05389670015798332,614,"We didn't have to climb to the mountaintop, just google ""Writer's Block Rehab."" It's a cocktail bar in a Philadelphia alleyway. Who knew?"
505,4859,1,7,50,58,1.1551724137931034,0.05389670015798332,614,No Autumn Sonata doesn't translate to summit this fall.
527,4859,1,7,50,58,1.1551724137931034,0.05389670015798332,614,So this is why they call them the grand tetons.
644,4859,0,9,49,58,1.1551724137931034,0.04795720603166536,614,Ending on a high note
698,4859,0,9,49,58,1.1551724137931034,0.04795720603166536,614,I offer the meaning of life through a musical.
810,4859,2,5,51,58,1.1551724137931034,0.05924369135592007,614,Not exactly the high note ending I was expecting
821,4859,1,7,50,58,1.1551724137931034,0.05389670015798332,614,"Ahh, THAT kind of Key Master..."
6740,4859,1,7,50,58,1.1551724137931034,0.05389670015798332,614,Life may be grand for you but what about me ?
902,4859,0,9,49,58,1.1551724137931034,0.04795720603166536,614,"Excuse me, but it's that f sharp..."
953,4859,1,7,50,58,1.1551724137931034,0.05389670015798332,614,"If you don't start talking, things are going to get serious."
1142,4859,0,9,49,58,1.1551724137931034,0.04795720603166536,614,Do you know how to finish it?
1146,4859,2,5,51,58,1.1551724137931034,0.05924369135592007,614,"Actually, I requested ‘New York State of Mind’."
1165,4859,1,7,50,58,1.1551724137931034,0.05389670015798332,614,I'm impressed you made it. It's nearly impossible to get good seats for this performance.
1313,4859,1,7,50,58,1.1551724137931034,0.05389670015798332,614,Rock. Man. (In). Off.
1699,4859,2,5,51,58,1.1551724137931034,0.05924369135592007,614,"Do you know ""It's a long way to Tipperary?"""
1984,4859,2,5,51,58,1.1551724137931034,0.05924369135592007,614,"This may seem like a silly question, but how do you get to Carnegie Hall?"" This may be a silly question, ""but how do you get to Carnegie Hall."""
2234,4859,3,3,52,58,1.1551724137931034,0.06414651699844254,614,It'll sound better after I tune it.
950,4859,0,9,49,58,1.1551724137931034,0.04795720603166536,614,Don't B so flat. The view is amazing!
68,4859,1,7,50,58,1.1551724137931034,0.05389670015798332,614,"Sorry, I thought these were the Baby Grand Tetons."
291,4859,1,7,50,58,1.1551724137931034,0.05389670015798332,614,"Sorry, but I think you're using the wrong clef."
3929,4902,1,6,45,52,1.1538461538461537,0.05750346166126171,614,"Sorry, wrong instrumental mountain. Do you know where the nearest clarinet is?"
6021,4903,2,5,52,59,1.152542372881356,0.058290267645485117,614,"Play it, Sam."
460,4903,1,7,51,59,1.152542372881356,0.05304056717493127,614,"No, I didn't bring you a tip snifter."
824,4903,0,9,50,59,1.152542372881356,0.04721067919755555,614,So that's why they're called the Grand Tetons!
6154,4903,1,7,51,59,1.152542372881356,0.05304056717493127,614,"Do you know how to play ""Danny Boy?"""
2192,4903,0,9,50,59,1.152542372881356,0.04721067919755555,614,I told my wife that a free follow-up tuning was a bad idea.
5157,4903,1,7,51,59,1.152542372881356,0.05304056717493127,614,The meaning of life!! Haven't you ever listened to Frank Sinatra down there?
3565,4903,1,7,51,59,1.152542372881356,0.05304056717493127,614,"Practice, practice, practice. Now you tell me the meaning of life."
3003,4903,1,7,51,59,1.152542372881356,0.05304056717493127,614,"""Sorry, I forgot to tell Mobile Tuning that there was not room for the helicopter."
2702,4903,1,7,51,59,1.152542372881356,0.05304056717493127,614,I could have gone to the jazz bar next door for this.
2505,4903,1,7,51,59,1.152542372881356,0.05304056717493127,614,Could you show me the way to Carnegie Hall?
2030,4913,2,4,47,53,1.150943396226415,0.06257782623312075,614,"man: god? god: oh man how I'm glad to see you, do you have a second verse for ""...high on a mountaintop..."" ?"
1549,4913,0,8,45,53,1.150943396226415,0.049644793545680896,614,Damn it! You broke my muse!
704,4913,1,6,46,53,1.150943396226415,0.056482695855704056,614,Do you have any water up here?
6644,4916,1,7,52,60,1.15,0.05221100171960861,614,Secret of Life? You must B Sharp!
4820,4916,1,7,52,60,1.15,0.05221100171960861,614,I just can't trust someone who prefers the Suzuki method to know the meaning of life.
95,4916,2,5,53,60,1.15,0.05736689334430969,614,I think you are taking this artistic recluse thing a bit too far.
3793,4916,0,9,51,60,1.15,0.046486739497974515,614,I’m looking for the wise man who can also dance.
3913,4916,0,9,51,60,1.15,0.046486739497974515,614,"You've finally arrived, Dr. Strange. I have so much to show you."
4170,4916,2,5,53,60,1.15,0.05736689334430969,614,"At first, Jim was confused when his yogi told him to dive the deepest mountain and climb the highest C."
2488,4922,0,8,46,54,1.1481481481481481,0.04879689797371372,614,Dang! I forgot my Allen wrenches.
2469,4922,0,8,46,54,1.1481481481481481,0.04879689797371372,614,Is it helping?
2466,4922,3,2,49,54,1.1481481481481481,0.06691467186318137,614,Where are the choirs of angels?
2459,4922,1,6,47,54,1.1481481481481481,0.05549729066741694,614,"Summiting Piano Mountain,,,,,who would have guessed?"
2445,4922,0,8,46,54,1.1481481481481481,0.04879689797371372,614,"Aw shoot, God! You removed the peak! There goes my chance to have an amazing experience..."""
2435,4922,1,6,47,54,1.1481481481481481,0.05549729066741694,614,No stairway?!? Denied!
2432,4922,1,6,47,54,1.1481481481481481,0.05549729066741694,614,"""Oh Lewis, if you had asked for directions for once in your life you would have known to go ""up-right""."
2392,4922,0,8,46,54,1.1481481481481481,0.04879689797371372,614,What took you so long?
2342,4922,1,6,47,54,1.1481481481481481,0.05549729066741694,614,So this is where pianists go when they die!
2541,4922,3,2,49,54,1.1481481481481481,0.06691467186318137,614,You're late
2214,4922,1,6,47,54,1.1481481481481481,0.05549729066741694,614,Hi! I'll have a highball on the rocks!
2144,4922,1,6,47,54,1.1481481481481481,0.05549729066741694,614,my piano tuner quit
2123,4922,2,4,48,54,1.1481481481481481,0.06147162996855134,614,"Are you sure you have the passion, the stamina, the determination? Believe me, it's all uphill from here."
2081,4922,0,8,46,54,1.1481481481481481,0.04879689797371372,614,Where’s the restroom for the pianist?
2078,4922,0,8,46,54,1.1481481481481481,0.04879689797371372,614,Don't worry about it. We just want to hear your hits.
2034,4922,1,6,47,54,1.1481481481481481,0.05549729066741694,614,Nordstroms only needs you as Santa this year. They already have a piano player. Sorry.
1968,4922,0,8,46,54,1.1481481481481481,0.04879689797371372,614,I hope I am not too late. I am here to apply for the page turner position.
1918,4922,0,8,46,54,1.1481481481481481,0.04879689797371372,614,"Sorry, the concert was called off due to adverse wind conditions"
2357,4922,2,4,48,54,1.1481481481481481,0.06147162996855134,614,Might have known you'd reach the pinnacle first by practicing your head off!
2553,4922,1,6,47,54,1.1481481481481481,0.05549729066741694,614,You're just the inspiration I need for my writer's block.
2625,4922,1,6,47,54,1.1481481481481481,0.05549729066741694,614,I'm slipping! Play 'In the Hall of the Mountain King'!
3494,4922,0,8,46,54,1.1481481481481481,0.04879689797371372,614,Jim says if you don't come down now you're out of piano club.
3489,4922,1,6,47,54,1.1481481481481481,0.05549729066741694,614,You wouldn't happen to have a pen on you? Mine went dry.
3476,4922,1,6,47,54,1.1481481481481481,0.05549729066741694,614,Do you have any handi wipes?
3341,4922,0,8,46,54,1.1481481481481481,0.04879689797371372,614,"“Grand Oracle, anything note worthy to share?"
3323,4922,0,8,46,54,1.1481481481481481,0.04879689797371372,614,Ms. Gradova I presume.
3293,4922,0,8,46,54,1.1481481481481481,0.04879689797371372,614,Seriously? I climbed this mountain to hear you play and you have an Artist Authenticity crisis?
3202,4922,1,6,47,54,1.1481481481481481,0.05549729066741694,614,"Look, I know you have waiting for awhile, but, there must be something for you to play!"
3196,4922,1,6,47,54,1.1481481481481481,0.05549729066741694,614,What is the meaning of Chopin's études?
3098,4922,0,8,46,54,1.1481481481481481,0.04879689797371372,614,"You and me, we could make some beautiful music together."
3052,4922,1,6,47,54,1.1481481481481481,0.05549729066741694,614,Steinway is the piano manufacturer not a suggested method of exercise.
3021,4922,1,6,47,54,1.1481481481481481,0.05549729066741694,614,Have you seen a large round rock?
3002,4922,1,6,47,54,1.1481481481481481,0.05549729066741694,614,"No, the restaurant from the previous New Yorker cartoon was 3 mountain peaks over to the left."
2977,4922,0,8,46,54,1.1481481481481481,0.04879689797371372,614,Need help getting that piano bach down?
2929,4922,1,6,47,54,1.1481481481481481,0.05549729066741694,614,I'm sorry I'm late for my music lesson. I ran into a herd of wild yaks that wouldn't let me pass.
2868,4922,0,8,46,54,1.1481481481481481,0.04879689797371372,614,I've been in a state of contemplative meditation for 40 years to decipher the meaning of self and to understand what it is to be...and you want to hear chopsticks?
3762,4922,1,6,47,54,1.1481481481481481,0.05549729066741694,614,Hey do you know any Billy Joel?
2770,4922,0,8,46,54,1.1481481481481481,0.04879689797371372,614,I'll do anything for a good seat.
2703,4922,0,8,46,54,1.1481481481481481,0.04879689797371372,614,I've been working on a thirty-third variation.
2672,4922,2,4,48,54,1.1481481481481481,0.06147162996855134,614,"Sorry for the intrusion, but it really sounded like you needed help."
2637,4922,1,6,47,54,1.1481481481481481,0.05549729066741694,614,Care to accompany me on some scales?
2559,4922,0,8,46,54,1.1481481481481481,0.04879689797371372,614,Sorry. I'll try to keep the noise down.
2958,4922,0,8,46,54,1.1481481481481481,0.04879689797371372,614,I am looking for The Lost Cord and was told you might have it.
6219,4922,3,2,49,54,1.1481481481481481,0.06691467186318137,614,I’m sure that I could be a movie star if I could get out of this place
3516,4922,0,8,46,54,1.1481481481481481,0.04879689797371372,614,You sound a little flat.
3774,4922,2,4,48,54,1.1481481481481481,0.06147162996855134,614,They call me Van Climburn.
5987,4922,2,4,48,54,1.1481481481481481,0.06147162996855134,614,What I have to pay to play?
5977,4922,1,6,47,54,1.1481481481481481,0.05549729066741694,614,You still accomplished greatness. Who cares if I were the one whom achieved it first?
5940,4922,1,6,47,54,1.1481481481481481,0.05549729066741694,614,Don't tell me you're in treble again
5939,4922,1,6,47,54,1.1481481481481481,0.05549729066741694,614,No more excuses - I'm tired of looking into the audience and seeing that empty seat.
5903,4922,0,8,46,54,1.1481481481481481,0.04879689797371372,614,"Man, what are you doin' here?"" Oh, la la la, di da da..."
5883,4922,0,8,46,54,1.1481481481481481,0.04879689797371372,614,"It doesn't have to be a masterpiece. She's dead, anyway."
5858,4922,0,8,46,54,1.1481481481481481,0.04879689797371372,614,I’ve arrived with the meaning of life—the perfect chorus!
5765,4922,0,8,46,54,1.1481481481481481,0.04879689797371372,614,You cannot use a transitive verb to get out of practicing your scales.
5706,4922,0,8,46,54,1.1481481481481481,0.04879689797371372,614,I'm all that's left of the Everest Pops.
6001,4922,0,8,46,54,1.1481481481481481,0.04879689797371372,614,How about we get some thicker air for that writer’s block?
5696,4922,1,6,47,54,1.1481481481481481,0.05549729066741694,614,Enlightenment? Is that by Beyoncé?
5685,4922,1,6,47,54,1.1481481481481481,0.05549729066741694,614,Please just tune it to 440. I came here to get away from the 432 people.
5684,4922,2,4,48,54,1.1481481481481481,0.06147162996855134,614,"I came here to complain about your music, if you can hear me."
5569,4922,1,6,47,54,1.1481481481481481,0.05549729066741694,614,I need something to lift me up. If you could play it again?
5541,4922,1,6,47,54,1.1481481481481481,0.05549729066741694,614,Play me a song piano man.
5514,4922,1,6,47,54,1.1481481481481481,0.05549729066741694,614,"Dad, it’s about time you finished that perfect concerto?"
5511,4922,2,4,48,54,1.1481481481481481,0.06147162996855134,614,"I need water soon, but Chopin immediately!"
5507,4922,0,8,46,54,1.1481481481481481,0.04879689797371372,614,"Remember, you compose beautiful stuff. Just don’t wait another 40 years between tunings."
5479,4922,0,8,46,54,1.1481481481481481,0.04879689797371372,614,"No, I DON'T know ""Up On The Roof""!"
5475,4922,0,8,46,54,1.1481481481481481,0.04879689797371372,614,"I am your muse, but not one with wings."
5390,4922,1,6,47,54,1.1481481481481481,0.05549729066741694,614,"Enlightenment, it's not a tune, and no, I can't hum a few bars of it."
5693,4922,0,8,46,54,1.1481481481481481,0.04879689797371372,614,"Well, they're out of Wagner."
6032,4922,0,8,46,54,1.1481481481481481,0.04879689797371372,614,I've come for piano lessons.
6060,4922,1,6,47,54,1.1481481481481481,0.05549729066741694,614,"So that's how it is, eh, wise guy? Well we have ways of making you laugh."
3552,4922,1,6,47,54,1.1481481481481481,0.05549729066741694,614,Sure I have inner harmony but I don’t play by ear.
6232,4922,0,8,46,54,1.1481481481481481,0.04879689797371372,614,"Glad I could help, but now if you'll excuse me - I'm going to go rest high on THAT mountain."
6242,4922,0,8,46,54,1.1481481481481481,0.04879689797371372,614,They don’t call it “Eroica” for nothing.
6259,4922,1,6,47,54,1.1481481481481481,0.05549729066741694,614,You mean you forgot my Mozart again!
6263,4922,1,6,47,54,1.1481481481481481,0.05549729066741694,614,"How do you interpret Chopin - so many musical choices to make about rubato, pedaling, and tempo."
6265,4922,1,6,47,54,1.1481481481481481,0.05549729066741694,614,Sorry to keep you waiting. My tuning fork fell into a crevasse and I hiked to Katmandu for a replacement
6278,4922,0,8,46,54,1.1481481481481481,0.04879689797371372,614,"If convenience was what you were after, you should’ve let Dan Smith teach you guitar."
6332,4922,0,8,46,54,1.1481481481481481,0.04879689797371372,614,"I would have thought by now you would have mastered something besides ""Chopsticks."""
6408,4922,2,4,48,54,1.1481481481481481,0.06147162996855134,614,"To tell you the truth, I'm on a quest for the harpist."
6423,4922,0,8,46,54,1.1481481481481481,0.04879689797371372,614,"Huh, so this is where pianists come when they die?"
6426,4922,1,6,47,54,1.1481481481481481,0.05549729066741694,614,I wish my brother George were here.
6448,4922,1,6,47,54,1.1481481481481481,0.05549729066741694,614,Ain’t no mountain high enough
6457,4922,1,6,47,54,1.1481481481481481,0.05549729066741694,614,I’m here ’til eternity. Don’t forget to try the veal.
6525,4922,1,6,47,54,1.1481481481481481,0.05549729066741694,614,"You mean you want an alto, not a soprano? I climbed up here for nothing?"
6555,4922,1,6,47,54,1.1481481481481481,0.05549729066741694,614,Can you do Freebird?
6574,4922,0,8,46,54,1.1481481481481481,0.04879689797371372,614,"I got your note, your career has reached a crescendo and plateaued out. Time to face the music."
6651,4922,1,6,47,54,1.1481481481481481,0.05549729066741694,614,"Ironically, hundreds have found composer then lost their grip."
3645,4922,1,6,47,54,1.1481481481481481,0.05549729066741694,614,Do you have any hot cross buns?
6654,4922,1,6,47,54,1.1481481481481481,0.05549729066741694,614,"I know you said you wouldn’t come down until it was done, but how much longer until you’re finished with “Mount Sinai Sonata”?"
3632,4922,1,6,47,54,1.1481481481481481,0.05549729066741694,614,Do you take special request?
6697,4922,0,8,46,54,1.1481481481481481,0.04879689797371372,614,Is this the Stairway to Heaven? Do I look like Led Zepplin?
3600,4922,0,8,46,54,1.1481481481481481,0.04879689797371372,614,"We can't afford to pay musicians, but the crowds are huge and it'll be great exposure!"
3595,4922,0,8,46,54,1.1481481481481481,0.04879689797371372,614,Call the tuner!
3572,4922,0,8,46,54,1.1481481481481481,0.04879689797371372,614,Haven't you finished that symphony yet?
5351,4922,1,6,47,54,1.1481481481481481,0.05549729066741694,614,"Play ""Melancholy Baby,"" willya?"
6164,4922,1,6,47,54,1.1481481481481481,0.05549729066741694,614,Have you seen any other evidence that the von Trapp family used this route to escape?
5337,4922,0,8,46,54,1.1481481481481481,0.04879689797371372,614,My lucky day! Can you help me gahaul this off the mountain?
5207,4922,1,6,47,54,1.1481481481481481,0.05549729066741694,614,Your on top of the World when you play Carnegie Hall ! Not here
4426,4922,1,6,47,54,1.1481481481481481,0.05549729066741694,614,How long has it been out of tune?
4411,4922,2,4,48,54,1.1481481481481481,0.06147162996855134,614,"Of course they all grab harps and stick the one guy who can’t fly with the piano... anyway, here’s Wonderwall"
4390,4922,1,6,47,54,1.1481481481481481,0.05549729066741694,614,"Bad news God, I forgot the tuning fork."
4378,4922,0,8,46,54,1.1481481481481481,0.04879689797371372,614,"No, I don't know ""Melancholy Baby."""
3733,4922,0,8,46,54,1.1481481481481481,0.04879689797371372,614,"I know a drone delivered it, but I still need your signature."
4372,4922,1,6,47,54,1.1481481481481481,0.05549729066741694,614,"Wow, so you're Rock Maninov. I was delighted to hear piano concerto No. 2 down in the valley solo!"
4359,4922,1,6,47,54,1.1481481481481481,0.05549729066741694,614,I was summoned to fix your lid...
4353,4922,1,6,47,54,1.1481481481481481,0.05549729066741694,614,Me? I’m scaling the Terr’ble Cliff. And you?
4290,4922,0,8,46,54,1.1481481481481481,0.04879689797371372,614,"Hey, I'll show you how to tune it so you can do it yourself."
4277,4922,1,6,47,54,1.1481481481481481,0.05549729066741694,614,I don't know. It came with the condo.
4446,4922,1,6,47,54,1.1481481481481481,0.05549729066741694,614,Could you play 'Climb Every Mountain' one more time?
4268,4922,1,6,47,54,1.1481481481481481,0.05549729066741694,614,Is your orchestra arriving by parachute?
4240,4922,2,4,48,54,1.1481481481481481,0.06147162996855134,614,I’ll give you a 5 to do “Stand by me”. It’s her favorite.
4213,4922,1,6,47,54,1.1481481481481481,0.05549729066741694,614,Rock on.
4166,4922,0,8,46,54,1.1481481481481481,0.04879689797371372,614,Don't tell me you can't play 'On Top of Old Smokey.'
4007,4922,1,6,47,54,1.1481481481481481,0.05549729066741694,614,"I don’t know any Messiaen, how about “Louie Louie”?"
3995,4922,0,8,46,54,1.1481481481481481,0.04879689797371372,614,"Do you know ""The Road Home?"""
3988,4922,1,6,47,54,1.1481481481481481,0.05549729066741694,614,Don't stop. I loved your 3rd concerto!!
3940,4922,1,6,47,54,1.1481481481481481,0.05549729066741694,614,"Got your metronome delivery, mister."
3906,4922,0,8,46,54,1.1481481481481481,0.04879689797371372,614,It's difficult to find a reliable piano tuner in these parts.
3886,4922,1,6,47,54,1.1481481481481481,0.05549729066741694,614,"It's a little pitchy, dawg."
3838,4922,2,4,48,54,1.1481481481481481,0.06147162996855134,614,Heading off somewhere?
4257,4922,0,8,46,54,1.1481481481481481,0.04879689797371372,614,"You want ""Big Rock Candy Mountain"" or ""Rocky Mountain High"" ?"
4509,4922,1,6,47,54,1.1481481481481481,0.05549729066741694,614,What? You might know the meaning of life if I could hum a few bars?
4553,4922,0,8,46,54,1.1481481481481481,0.04879689797371372,614,"Oh sorry, I was looking for Coachella"
4599,4922,1,6,47,54,1.1481481481481481,0.05549729066741694,614,Oh shoot! Which one of these mountains has the upright bass master so I can learn at HIS feet.
5182,4922,2,4,48,54,1.1481481481481481,0.06147162996855134,614,Sure hope you're not in search of the lost chord.
5177,4922,1,6,47,54,1.1481481481481481,0.05549729066741694,614,"How about a few bars of ""Life is Just a Bowl of Cherries."""
5169,4922,1,6,47,54,1.1481481481481481,0.05549729066741694,614,Now I have completed the twelve major scales.
5133,4922,0,8,46,54,1.1481481481481481,0.04879689797371372,614,"Tell me, what is the key to life?"
5110,4922,2,4,48,54,1.1481481481481481,0.06147162996855134,614,Do you know Rocky Top?
5086,4922,0,8,46,54,1.1481481481481481,0.04879689797371372,614,"Sorry, my repertoire does not include Beethoven's 'Moonlight Sinatra'."
5082,4922,0,8,46,54,1.1481481481481481,0.04879689797371372,614,"Maestro, with respect, your recital has been cancelled on account of height and minimum oxygen."
4978,4922,1,6,47,54,1.1481481481481481,0.05549729066741694,614,I thought you were playing by ear. I guess not.
4958,4922,1,6,47,54,1.1481481481481481,0.05549729066741694,614,You mean there is no sound of one part harmony?
4949,4922,0,8,46,54,1.1481481481481481,0.04879689797371372,614,Apologies for the delay. That last piano tuning was a doozy.
4938,4922,2,4,48,54,1.1481481481481481,0.06147162996855134,614,Good news is your tuner is here. Bad news is I mistook the tuning fork for a piton.
4925,4922,1,6,47,54,1.1481481481481481,0.05549729066741694,614,"""I've come a long. long way? Not sure I know that one. Hum a few bars."
4909,4922,2,4,48,54,1.1481481481481481,0.06147162996855134,614,"Do you know "" I Climb All The Way Up Here to Get Away from The World and All I Find Is An Old Guy Playing Melancholy Baby""?"
3656,4922,1,6,47,54,1.1481481481481481,0.05549729066741694,614,Madame *** établit un piano dans les Alpes.
4883,4922,1,6,47,54,1.1481481481481481,0.05549729066741694,614,The New York Philharmonic sent me to see if you've finished yet.
4830,4922,0,8,46,54,1.1481481481481481,0.04879689797371372,614,How much further to the crescendo?
4796,4922,2,4,48,54,1.1481481481481481,0.06147162996855134,614,Does it look like I know Despacito?
4751,4922,0,8,46,54,1.1481481481481481,0.04879689797371372,614,How's the monotasking going?
4720,4922,1,6,47,54,1.1481481481481481,0.05549729066741694,614,The map says to stop when I C-flat
4708,4922,1,6,47,54,1.1481481481481481,0.05549729066741694,614,You can't? And I don't suppose you can tune a fish either.
4690,4922,0,8,46,54,1.1481481481481481,0.04879689797371372,614,Not sure if I do; can you hum a few bars?
4651,4922,0,8,46,54,1.1481481481481481,0.04879689797371372,614,"Hey, I came just to hear you play!"
4601,4922,0,8,46,54,1.1481481481481481,0.04879689797371372,614,Are you going to play me in?
5308,4922,0,8,46,54,1.1481481481481481,0.04879689797371372,614,"Dad, I think it’s time you start thinking about your retirement."
1871,4922,1,6,47,54,1.1481481481481481,0.05549729066741694,614,"Mr.Mussorgsky, you've been up here for months. If you don't finish that piece soon it might lose all credibility. [I'm not sure if it's supposed to be 'it' might lose...or 'you' might lose...Please correct is needed.]"
1811,4922,0,8,46,54,1.1481481481481481,0.04879689797371372,614,"Sorry it took me so long. No, the music doesn’t don’t accept Amex."
1816,4922,1,6,47,54,1.1481481481481481,0.05549729066741694,614,"Sorry, I thought this was Billy Joel's place."
800,4922,0,8,46,54,1.1481481481481481,0.04879689797371372,614,And I was just looking for the lost chord.
772,4922,0,8,46,54,1.1481481481481481,0.04879689797371372,614,"Can you play the Westworld theme?"""
751,4922,1,6,47,54,1.1481481481481481,0.05549729066741694,614,Its too edgy
749,4922,0,8,46,54,1.1481481481481481,0.04879689797371372,614,"Sorry, I don't play requests."
738,4922,0,8,46,54,1.1481481481481481,0.04879689797371372,614,"Oh, God... You've just been improvising for the past year."
720,4922,0,8,46,54,1.1481481481481481,0.04879689797371372,614,"Well done, Mr Cage, 4 minutes 33 seconds. Now as soon as you've repaired my piano you can go home."
706,4922,2,4,48,54,1.1481481481481481,0.06147162996855134,614,Play 'Piano Man'.
633,4922,1,6,47,54,1.1481481481481481,0.05549729066741694,614,Hey.....Save it for the cleft divers.......
806,4922,1,6,47,54,1.1481481481481481,0.05549729066741694,614,I'm still a novice clef-climber.
587,4922,0,8,46,54,1.1481481481481481,0.04879689797371372,614,Can I get a descending Shepard tone for the trip down?
542,4922,2,4,48,54,1.1481481481481481,0.06147162996855134,614,I'm winded... start off with an instrumental!
383,4922,1,6,47,54,1.1481481481481481,0.05549729066741694,614,"And it gives me absolutely no pleasure to say it, but 'I told you so'."
371,4922,0,8,46,54,1.1481481481481481,0.04879689797371372,614,It looked like it sounded good from afar.
340,4922,0,8,46,54,1.1481481481481481,0.04879689797371372,614,I peaked too early.
327,4922,1,6,47,54,1.1481481481481481,0.05549729066741694,614,I had to eat my dead son to survive
219,4922,2,4,48,54,1.1481481481481481,0.06147162996855134,614,Your Music is a Cliff Hanger
215,4922,1,6,47,54,1.1481481481481481,0.05549729066741694,614,it's true! The major chord you find on the mountain top is the major chord you bring with you.
63,4922,2,4,48,54,1.1481481481481481,0.06147162996855134,614,"The Meaning of Life? What, as a sequel to ‘The Circle of Life’?"
573,4922,0,8,46,54,1.1481481481481481,0.04879689797371372,614,"If you're here to pray for more show tunes, you're in luck."
834,4922,1,6,47,54,1.1481481481481481,0.05549729066741694,614,I assume you take requests?
851,4922,2,4,48,54,1.1481481481481481,0.06147162996855134,614,I can't sing in this high a key.
946,4922,1,6,47,54,1.1481481481481481,0.05549729066741694,614,"Obviously, I misunderstood the term ""geological composition""."
1794,4922,2,4,48,54,1.1481481481481481,0.06147162996855134,614,How do you get to the Taj Mahal? PRACTICE!
1792,4922,1,6,47,54,1.1481481481481481,0.05549729066741694,614,"Your head is in the clouds again, eh?"
1776,4922,1,6,47,54,1.1481481481481481,0.05549729066741694,614,I'm a reviewer for the Times.
1772,4922,1,6,47,54,1.1481481481481481,0.05549729066741694,614,"Do you know ""Chopsticks?"""
1768,4922,1,6,47,54,1.1481481481481481,0.05549729066741694,614,Art intimidates life.
1665,4922,1,6,47,54,1.1481481481481481,0.05549729066741694,614,"""Ohhh, I thought they said a Grand Canyon"" [Canyon is in italics]"
1557,4922,1,6,47,54,1.1481481481481481,0.05549729066741694,614,"No, the restaurant reservations desk is next peak along."
1543,4922,0,8,46,54,1.1481481481481481,0.04879689797371372,614,"You know, ""Piccolo on the Plateau"" would have the same ring to it..."
1456,4922,2,4,48,54,1.1481481481481481,0.06147162996855134,614,Knock it off! I'm trying to sleep.
1414,4922,1,6,47,54,1.1481481481481481,0.05549729066741694,614,Can you please be a bit more piano? I'm tired as hell!
1346,4922,0,8,46,54,1.1481481481481481,0.04879689797371372,614,I'm NOT playing it again...and my name is not SAM !
1332,4922,0,8,46,54,1.1481481481481481,0.04879689797371372,614,I am here to tune a Pontiac.
1287,4922,0,8,46,54,1.1481481481481481,0.04879689797371372,614,"Just two octaves higher, somewhere in the high C range, and I can get those angels jammin'."
1217,4922,1,6,47,54,1.1481481481481481,0.05549729066741694,614,Is that a Bosendorfer?
1211,4922,0,8,46,54,1.1481481481481481,0.04879689797371372,614,Can't afford the extra-distance tuning fee. Would you take enlightenment?
1191,4922,0,8,46,54,1.1481481481481481,0.04879689797371372,614,In the grand scheme of things... I'd say it looks like you lost your compos-ure...
1166,4922,1,6,47,54,1.1481481481481481,0.05549729066741694,614,Are you the one with the advertisement for a jazz piano player?
981,4922,1,6,47,54,1.1481481481481481,0.05549729066741694,614,Play 'My Melancholy Baby'.
948,4922,1,6,47,54,1.1481481481481481,0.05549729066741694,614,"I don't even want to know. Wrong Cartoon, I'm out of here. Oh, wait, you DO have a head."
49,4922,2,4,48,54,1.1481481481481481,0.06147162996855134,614,Do you have any waffles
1862,4922,1,6,47,54,1.1481481481481481,0.05549729066741694,614,This is the hardest tuning gig I've ever had.
5392,5116,1,7,53,61,1.1475409836065573,0.051406797055264415,614,I heard you were Hip Hop
4701,5117,0,8,47,55,1.1454545454545455,0.04797713974560777,614,"Yes, composing cosmic rhythms tuned to the infinite is omniscient, but at the end of the month,the piano goes back to the rental service."
4851,5117,0,8,47,55,1.1454545454545455,0.04797713974560777,614,Am I in treble?
4532,5117,0,8,47,55,1.1454545454545455,0.04797713974560777,614,Only the best music makes it to the top.
4097,5117,0,8,47,55,1.1454545454545455,0.04797713974560777,614,Climb every mountain...Ford every stream...Follow every rainbow...'Till you find your dream...A dream that will need...All the love you can give...Every day of your life...For as long as you live...Climb every mountain...
4002,5117,1,6,48,55,1.1454545454545455,0.05454545454545457,614,"Gee, I did't expect to hear the same old tune."
442,5117,0,8,47,55,1.1454545454545455,0.04797713974560777,614,"Do you know ""We Are the Champions?"""
3005,5117,1,6,48,55,1.1454545454545455,0.05454545454545457,614,this is a long climb for piano lessons
2824,5117,1,6,48,55,1.1454545454545455,0.05454545454545457,614,"Sorry, old white men can't save jazz from dying."
455,5117,1,6,48,55,1.1454545454545455,0.05454545454545457,614,Do you know any songs in the Key of Life?
3410,5117,0,8,47,55,1.1454545454545455,0.04797713974560777,614,"This next song is entitled, “I love you madly even though you treat me badly.”"
2609,5127,0,7,42,49,1.1428571428571428,0.050507627227610534,614,"I hate this for both you and me, but I forget my tuning fork."
4118,5127,0,8,48,56,1.1428571428571428,0.047184161362558326,614,"No Mountain High Enough, You Are My Rock"
2918,5127,2,4,50,56,1.1428571428571428,0.059372101042402405,614,You owe my client 43 years of royalty payments for use of that tune.
2258,5130,1,5,44,50,1.14,0.057214241127145085,614,How did you get that up here?
6066,5130,2,3,45,50,1.14,0.06395151224456967,614,"Teacher, will you teach us ""climb every mountain"""
1734,5132,0,7,44,51,1.1372549019607843,0.048665386847023,614,"Mister Anderson, meet Special Agent Juggles. Thanks to his brilliant undercover work, we've foiled your plot to kidnap Eric Trump."
1698,5132,0,7,44,51,1.1372549019607843,0.048665386847023,614,"Are you telling me that the signs pointing to the ""Steinway"" are not pointing to a way up the mountain?"
6665,5132,0,7,44,51,1.1372549019607843,0.048665386847023,614,"I’m your only muse and I’m here to tell you classical music will never be your strong suit. Yodeling, on the other hand..."
1570,5132,2,3,46,51,1.1372549019607843,0.06274509803921571,614,I'm guessing the elevator is still out of order?
1770,5132,1,5,45,51,1.1372549019607843,0.05614831789520141,614,"Hmm, this is not what I was expecting."
1626,5132,1,5,45,51,1.1372549019607843,0.05614831789520141,614,Shhhhh! It was 4 in the morning!
1791,5132,1,5,45,51,1.1372549019607843,0.05614831789520141,614,America's Got Talent want their piano back and I want to know how on earth did you do it?
2308,5132,1,5,45,51,1.1372549019607843,0.05614831789520141,614,Sixty-three years? Can’t say I hear it.
2005,5132,1,5,45,51,1.1372549019607843,0.05614831789520141,614,It has been a long wait. Please tell me you can play Chopsticks.
2042,5132,1,5,45,51,1.1372549019607843,0.05614831789520141,614,Maybe you should use a little less echo.
2076,5132,0,7,44,51,1.1372549019607843,0.048665386847023,614,Rock. Man. (In). Off.
2290,5132,0,7,44,51,1.1372549019607843,0.048665386847023,614,"If it'll help any, I always carry a drum kit in my backpack."
1548,5132,1,5,45,51,1.1372549019607843,0.05614831789520141,614,I'm actually looking for eastern wisdom
2561,5132,0,7,44,51,1.1372549019607843,0.048665386847023,614,Just don't say it was a grand idea.
1927,5132,1,5,45,51,1.1372549019607843,0.05614831789520141,614,Sorry about the avalanche.
1445,5132,1,5,45,51,1.1372549019607843,0.05614831789520141,614,"Kal-El! Unfortunately, the ""fortress of solitude"" was foreclosed during the 2008 housing crisis...but I am sure Jor-El would have have appreciated the craftsmanship of this piano I was able to acquire for you."
1031,5132,1,5,45,51,1.1372549019607843,0.05614831789520141,614,"Grand Tetons, grand piano. Makes sense to me."
1232,5132,0,7,44,51,1.1372549019607843,0.048665386847023,614,I didn't climb all the way up here to listen to rock & roll.
183,5132,0,7,44,51,1.1372549019607843,0.048665386847023,614,I'm teaching myself patience. What do you want?
256,5132,1,5,45,51,1.1372549019607843,0.05614831789520141,614,Moist towlette?
278,5132,0,7,44,51,1.1372549019607843,0.048665386847023,614,"I need a muse, not a cello."
297,5132,0,7,44,51,1.1372549019607843,0.048665386847023,614,That song is as old as the hills.
437,5132,0,7,44,51,1.1372549019607843,0.048665386847023,614,"No, I am not Liberace ! !"
441,5132,0,7,44,51,1.1372549019607843,0.048665386847023,614,There have been some noise complaints from the strata downstairs.
1298,5132,1,5,45,51,1.1372549019607843,0.05614831789520141,614,You should really invest in an elevator.
818,5132,0,7,44,51,1.1372549019607843,0.048665386847023,614,"hey, your piano needs tuning."
1029,5132,0,7,44,51,1.1372549019607843,0.048665386847023,614,Is it in tune?
2712,5132,1,5,45,51,1.1372549019607843,0.05614831789520141,614,An audience at last.
1107,5132,0,7,44,51,1.1372549019607843,0.048665386847023,614,Paganini? How 'bout a little John Denver?
1112,5132,1,5,45,51,1.1372549019607843,0.05614831789520141,614,"Do you know ""Melancholy Baby""?"
1136,5132,1,5,45,51,1.1372549019607843,0.05614831789520141,614,No wonder tickets were so cheap!
1200,5132,1,5,45,51,1.1372549019607843,0.05614831789520141,614,How about “Chopsticks”?
822,5132,1,5,45,51,1.1372549019607843,0.05614831789520141,614,"Okay, so do want the Rocky Theme or the Theme from 2001?"
2751,5132,1,5,45,51,1.1372549019607843,0.05614831789520141,614,Play me up
2753,5132,0,7,44,51,1.1372549019607843,0.048665386847023,614,A magical Pianist?! Damn lisp.
3106,5132,0,7,44,51,1.1372549019607843,0.048665386847023,614,It looks like you could use a little inspiration!
5007,5132,0,7,44,51,1.1372549019607843,0.048665386847023,614,Thanks! Your tinkling the ivories has trickled down to base camp.
5022,5132,0,7,44,51,1.1372549019607843,0.048665386847023,614,Play me “ What is the meaning of life?”
5062,5132,0,7,44,51,1.1372549019607843,0.048665386847023,614,Kanye West wants me to ask if you will play on his next CD.
5205,5132,1,5,45,51,1.1372549019607843,0.05614831789520141,614,"Ah, my muse. Took you long enough!"
5230,5132,0,7,44,51,1.1372549019607843,0.048665386847023,614,You need to wipe down the keys before you leave
5342,5132,0,7,44,51,1.1372549019607843,0.048665386847023,614,"I climbed all this way just to hear ""She'll Be Coming 'Round the Mountain""?"
5377,5132,1,5,45,51,1.1372549019607843,0.05614831789520141,614,"The piano tuner says he doesn't make house calls anymore, but he lent me his tools."
5452,5132,0,7,44,51,1.1372549019607843,0.048665386847023,614,"I thought I heard ""Climb Any Mountain."""
5557,5132,2,3,46,51,1.1372549019607843,0.06274509803921571,614,"Do you know anything from ""The Sound Of Music?"
5593,5132,1,5,45,51,1.1372549019607843,0.05614831789520141,614,"I would name your piece ""Climb Every Mountain""."
5606,5132,2,3,46,51,1.1372549019607843,0.06274509803921571,614,I guess getting there is really the fun part.
5782,5132,1,5,45,51,1.1372549019607843,0.05614831789520141,614,"Sorry, but I think I prefer the Walmart yodeling kid."
5792,5132,1,5,45,51,1.1372549019607843,0.05614831789520141,614,Move over and let's run thru Schubert's sonata in C major for piano four hands.
5850,5132,2,3,46,51,1.1372549019607843,0.06274509803921571,614,"What, you were expecting the Mahavishnu Orchestra?"
5917,5132,0,7,44,51,1.1372549019607843,0.048665386847023,614,"This clef has been giving me treble since the bridge, and I heard you're the guy to talk to."
6023,5132,0,7,44,51,1.1372549019607843,0.048665386847023,614,Just thought I should let you know your C sharp is a little out of tune
6162,5132,1,5,45,51,1.1372549019607843,0.05614831789520141,614,Keep going. It's very uplifting.
6544,5132,1,5,45,51,1.1372549019607843,0.05614831789520141,614,Your tunes aren't hits anymore--even here.
6551,5132,1,5,45,51,1.1372549019607843,0.05614831789520141,614,Is it the climb?
6632,5132,2,3,46,51,1.1372549019607843,0.06274509803921571,614,"Oh, please. Not again."
6646,5132,0,7,44,51,1.1372549019607843,0.048665386847023,614,"Working outside the office has its perks, but my music has really plateaued since I’ve been here."
4980,5132,1,5,45,51,1.1372549019607843,0.05614831789520141,614,I moved here to find inspiration for my Grand Canyon suite. It's a work in progress.
6712,5132,0,7,44,51,1.1372549019607843,0.048665386847023,614,What's the key?
4892,5132,1,5,45,51,1.1372549019607843,0.05614831789520141,614,"Excuse me, but the folks at your brother's restaurant are requesting that you play louder. The place needs more atmosphere."
4864,5132,1,5,45,51,1.1372549019607843,0.05614831789520141,614,I'm trying to finish this aerie-ah.
3242,5132,1,5,45,51,1.1372549019607843,0.05614831789520141,614,4’33”. I’d recognize it anywhere.
3329,5132,0,7,44,51,1.1372549019607843,0.048665386847023,614,You really play the extreme of uplifting music.
3415,5132,0,7,44,51,1.1372549019607843,0.048665386847023,614,A common mistake -- this is Hopeless Mountain. Inspiration Ledge's next mountain over. Need a hand with that piano?
3448,5132,0,7,44,51,1.1372549019607843,0.048665386847023,614,"Just to confirm your ad, no neighbors complain about practicing?"
3459,5132,0,7,44,51,1.1372549019607843,0.048665386847023,614,Nice to see you finally made it to the top of your class!
3473,5132,1,5,45,51,1.1372549019607843,0.05614831789520141,614,"Excuse me, I seem to have misplaced my keys."
3612,5132,1,5,45,51,1.1372549019607843,0.05614831789520141,614,"""How in hell did you get that piano up here""?"
3769,5132,0,7,44,51,1.1372549019607843,0.048665386847023,614,Did you really think you survived that fall Kevin?
3877,5132,1,5,45,51,1.1372549019607843,0.05614831789520141,614,It was a Major B scaling this
4075,5132,0,7,44,51,1.1372549019607843,0.048665386847023,614,"Sorry, we are no longer accepting applications for the Spring recital."
4108,5132,3,1,47,51,1.1372549019607843,0.06871143320758917,614,"I came to learn the meaning of life, but now I'm not sure I can Handel it."
4124,5132,0,7,44,51,1.1372549019607843,0.048665386847023,614,The tuning is free but the portal to portal charge is a different matter
4165,5132,1,5,45,51,1.1372549019607843,0.05614831789520141,614,Your last paper boy quit and I got here as fast as I could!
4191,5132,0,7,44,51,1.1372549019607843,0.048665386847023,614,"Open mic night, right?"
4250,5132,1,5,45,51,1.1372549019607843,0.05614831789520141,614,"Now that I am here, I think we are both a little out of tune."
4289,5132,0,7,44,51,1.1372549019607843,0.048665386847023,614,Time to go back down buddy. This is a private concert.
4356,5132,1,5,45,51,1.1372549019607843,0.05614831789520141,614,"""Hi, I'm Adam Levine""."
4393,5132,0,7,44,51,1.1372549019607843,0.048665386847023,614,A one and a two and a you know what to do!
4412,5132,1,5,45,51,1.1372549019607843,0.05614831789520141,614,No excuses! I managed to get here on time.
4585,5132,0,7,44,51,1.1372549019607843,0.048665386847023,614,No... I climbed the Octave Scale...
4663,5132,1,5,45,51,1.1372549019607843,0.05614831789520141,614,I was absolutely transported by your playing.
4880,5132,0,7,44,51,1.1372549019607843,0.048665386847023,614,"Oh, sorry... I was looking for the restroom."
4828,5132,0,7,44,51,1.1372549019607843,0.048665386847023,614,"Yes, I remembered to bring more pencils."
1320,5132,0,7,44,51,1.1372549019607843,0.048665386847023,614,Honkywhat? Honky Cat? I think that's Elton John you're looking for. I'm Meltin' John. He's one flight up.
193,5217,0,7,45,52,1.1346153846153846,0.04779328093727965,614,Can we trade backpacks?
2707,5217,1,5,46,52,1.1346153846153846,0.055121189353288455,614,"Where'd you find it? Down in the Valley, the Valley so Low?"
2821,5217,0,7,45,52,1.1346153846153846,0.04779328093727965,614,"Could you tell me the meaning of life, in D minor?"
2853,5217,1,5,46,52,1.1346153846153846,0.055121189353288455,614,I thought you were an echo
3007,5217,0,7,45,52,1.1346153846153846,0.04779328093727965,614,"No, I don't take requests. I can only play ""Climb Every Mountain."
3013,5217,1,5,46,52,1.1346153846153846,0.055121189353288455,614,"Yes, but the reverb of the first movement is just mind blowing, during the second movement."
3022,5217,0,7,45,52,1.1346153846153846,0.04779328093727965,614,"OK, You carried it up, you got chops, but I think I deserve a few keys."
3178,5217,1,5,46,52,1.1346153846153846,0.055121189353288455,614,I know the stage manager
3252,5217,1,5,46,52,1.1346153846153846,0.055121189353288455,614,Melancholy baby? Can you hum a few bars?
3343,5217,0,7,45,52,1.1346153846153846,0.04779328093727965,614,Hey--could you hold off on the crashing sforzandos for a minute?
3403,5217,0,7,45,52,1.1346153846153846,0.04779328093727965,614,The audience is breathless in anticipation.
3551,5217,2,3,47,52,1.1346153846153846,0.0615832227858564,614,"No, I don’t know how to tune a piano."
3633,5217,1,5,46,52,1.1346153846153846,0.055121189353288455,614,"Could we have he ""Moonlight"" sonata, followed by the Hallelujah chorus, please?"
3755,5217,1,5,46,52,1.1346153846153846,0.055121189353288455,614,"I heard you play Ludwig van Beethoven Concerto No. 5, Emperor in E-flat mi bemol majeur"
3775,5217,0,7,45,52,1.1346153846153846,0.04779328093727965,614,"""Climb Every Mountain"" would be appropriate at this time!"
3907,5217,1,5,46,52,1.1346153846153846,0.055121189353288455,614,Is this a high enough note for you?
3972,5217,1,5,46,52,1.1346153846153846,0.055121189353288455,614,John Denver! I always knew you were still alive!
4032,5217,0,7,45,52,1.1346153846153846,0.04779328093727965,614,"Oh, good, you’re still here... An old man with an oboe fell past me, and I was afraid you had given up on your dream."
4041,5217,0,7,45,52,1.1346153846153846,0.04779328093727965,614,"Damn, I was expecting a fanfare!"
4148,5217,0,7,45,52,1.1346153846153846,0.04779328093727965,614,I can't believe its not butter
4371,5217,1,5,46,52,1.1346153846153846,0.055121189353288455,614,I really will practice more this week.
4417,5217,0,7,45,52,1.1346153846153846,0.04779328093727965,614,Hallelujah!
4498,5217,0,7,45,52,1.1346153846153846,0.04779328093727965,614,I heard you needed help--I'm a piano tuner.
4529,5217,0,7,45,52,1.1346153846153846,0.04779328093727965,614,You ever think of doing a hologram performance?
2430,5217,1,5,46,52,1.1346153846153846,0.055121189353288455,614,I'm going to have to charge you a little extra for your lesson.
2326,5217,0,7,45,52,1.1346153846153846,0.04779328093727965,614,So... Chopsticks?
2201,5217,2,3,47,52,1.1346153846153846,0.0615832227858564,614,"Can you play ""Melancholy Baby?"
2171,5217,1,5,46,52,1.1346153846153846,0.055121189353288455,614,Are you sure the IRS wants me?
511,5217,1,5,46,52,1.1346153846153846,0.055121189353288455,614,Does this venue validate parking?
156,5217,0,7,45,52,1.1346153846153846,0.04779328093727965,614,I’ve been waiting a long time to tickle the keys for someone.
126,5217,2,3,47,52,1.1346153846153846,0.0615832227858564,614,I heard you had hard clefts to scale to get here.
74,5217,0,7,45,52,1.1346153846153846,0.04779328093727965,614,I presume there was a free delivery offer?
40,5217,0,7,45,52,1.1346153846153846,0.04779328093727965,614,Very few can keep their heads when the reach the top.
730,5217,1,5,46,52,1.1346153846153846,0.055121189353288455,614,"Trust me, you'll be higher at Burning Man."
761,5217,0,7,45,52,1.1346153846153846,0.04779328093727965,614,"Hi, Are the Scream?"
900,5217,0,7,45,52,1.1346153846153846,0.04779328093727965,614,"Can you play Chopin’s Polonaise in A-flat major, Op.53"
914,5217,0,7,45,52,1.1346153846153846,0.04779328093727965,614,"And everyone thought if you were this isolated, Herr Schubert, you’d finally finish it."
943,5217,1,5,46,52,1.1346153846153846,0.055121189353288455,614,I hit a lot of flats.
972,5217,0,7,45,52,1.1346153846153846,0.04779328093727965,614,"I'm sorry, but I don't take requests."
4566,5217,1,5,46,52,1.1346153846153846,0.055121189353288455,614,The lengths some hipsters go to find obscure music.
1056,5217,1,5,46,52,1.1346153846153846,0.055121189353288455,614,Can you play any new tunes? Mine are from the 18th century.
1209,5217,0,7,45,52,1.1346153846153846,0.04779328093727965,614,"Do you know, 'What's the meaning of life?'"
1572,5217,1,5,46,52,1.1346153846153846,0.055121189353288455,614,I've been working on an unaccompanied solo at the top
1623,5217,2,3,47,52,1.1346153846153846,0.0615832227858564,614,"REALLY ""you're concert is Sold Out !"""
1624,5217,1,5,46,52,1.1346153846153846,0.055121189353288455,614,Just wanted to say it's not tuned to 440Hz
1737,5217,0,7,45,52,1.1346153846153846,0.04779328093727965,614,Do you know Kelly Clarkson's The Meaning of Life?
1826,5217,2,3,47,52,1.1346153846153846,0.0615832227858564,614,Chopsticks? Really?
1839,5217,0,7,45,52,1.1346153846153846,0.04779328093727965,614,"Thanks for the offer, but there's not much point in gathering my sheet music until I find my head."
1915,5217,2,3,47,52,1.1346153846153846,0.0615832227858564,614,Wanna play chopsticks?
1964,5217,0,7,45,52,1.1346153846153846,0.04779328093727965,614,Perhaps you can help me. I'm searching for the lost chord.
1997,5217,0,7,45,52,1.1346153846153846,0.04779328093727965,614,The next on the repertoire is an aria from the maestro himself!
2071,5217,1,5,46,52,1.1346153846153846,0.055121189353288455,614,Ain't no mountain high enough. Ain't no valley low enough to keep me from hearing your poor piano playing.
1117,5217,1,5,46,52,1.1346153846153846,0.055121189353288455,614,Crescendo infinitivo?
324,5217,3,1,48,52,1.1346153846153846,0.06742878570509606,614,"Judy leaves the mountaintop after the sixth performance of ""She'll Be Coming 'Round The Mountain"""
4688,5217,1,5,46,52,1.1346153846153846,0.055121189353288455,614,I first saw you at the Rachmaninoff concert in the Austrian Alps.
4711,5217,0,7,45,52,1.1346153846153846,0.04779328093727965,614,"I'm still working on the ""Hall"" and ""King"" bits."
6736,5217,2,3,47,52,1.1346153846153846,0.0615832227858564,614,"Keep going, you’ve only scaled to a flat minor ledge."
6638,5217,1,5,46,52,1.1346153846153846,0.055121189353288455,614,How many times do I have to tell you? F-SHARP in measure 3!
6584,5217,1,5,46,52,1.1346153846153846,0.055121189353288455,614,"Amadou, dear, don’t be so dramatic. I do wish I’d packed some extra sandwiches, though."
6422,5217,0,7,45,52,1.1346153846153846,0.04779328093727965,614,"You know, that dramatic shift to minor when I slipped was really distracting."
4696,5217,1,5,46,52,1.1346153846153846,0.055121189353288455,614,Whew...what a day...I’d sure love to hear Piano Man right about now.
6305,5217,1,5,46,52,1.1346153846153846,0.055121189353288455,614,It is somewhat derivative of Philip Glass.
6224,5217,1,5,46,52,1.1346153846153846,0.055121189353288455,614,The meaning of life? Nope . . . I'm the tuner.
6222,5217,0,7,45,52,1.1346153846153846,0.04779328093727965,614,"Hey Padre, could you bust out some Freebird?"
6159,5217,1,5,46,52,1.1346153846153846,0.055121189353288455,614,"The line (pant) you're looking for (pant) is ""only fools rush in"" (pant)."
6134,5217,1,5,46,52,1.1346153846153846,0.055121189353288455,614,"Gee, the least you could do is play TA-DAH !!"
6097,5217,1,5,46,52,1.1346153846153846,0.055121189353288455,614,Looks like only one of us kept our composure.
5961,5217,2,3,47,52,1.1346153846153846,0.0615832227858564,614,Your mind went blank again?
5905,5217,0,7,45,52,1.1346153846153846,0.04779328093727965,614,Did you come for the grand view?
5803,5217,2,3,47,52,1.1346153846153846,0.0615832227858564,614,I climbed all this way to help YOU out?
5698,5217,1,5,46,52,1.1346153846153846,0.055121189353288455,614,No tuning fork?
6337,5217,0,7,45,52,1.1346153846153846,0.04779328093727965,614,Sorry-wrong mountain. I'm the violin instructor.
5620,5217,0,7,45,52,1.1346153846153846,0.04779328093727965,614,The hall is just up ahead.
5645,5217,0,7,45,52,1.1346153846153846,0.04779328093727965,614,You've made a mess of things down there...and this is how you choose to focus your energy?
4773,5217,2,3,47,52,1.1346153846153846,0.0615832227858564,614,When does Cardi B start?
4813,5217,1,5,46,52,1.1346153846153846,0.055121189353288455,614,We agreed to 20 minute sets
4900,5217,0,7,45,52,1.1346153846153846,0.04779328093727965,614,"How about ""A Night on Bald Mountain""?"
4919,5217,0,7,45,52,1.1346153846153846,0.04779328093727965,614,damn bitch you live like this?
4971,5217,1,5,46,52,1.1346153846153846,0.055121189353288455,614,Schubert??
5129,5217,1,5,46,52,1.1346153846153846,0.055121189353288455,614,"Sorry to be the bearer of bad news but there already is an ""Ain't No Mountain High Enough."""
375,5217,1,5,46,52,1.1346153846153846,0.055121189353288455,614,Now I know why it's called the Grand Canyon.
5243,5217,0,7,45,52,1.1346153846153846,0.04779328093727965,614,"I was once a great pianist - but, then my career plateaued."
5245,5217,0,7,45,52,1.1346153846153846,0.04779328093727965,614,Do you take requests? Maybe some boogie woogie?
5300,5217,1,5,46,52,1.1346153846153846,0.055121189353288455,614,""" I am seeking the conclusion of the Unfinished Symphony""."
5148,5217,0,7,45,52,1.1346153846153846,0.04779328093727965,614,Can you play something more upbeat?
5309,5217,0,7,45,52,1.1346153846153846,0.04779328093727965,614,"No offense, sir, but I was actually looking for the mountain hermit with the restaurant from a few cartoons ago."
5312,5217,0,7,45,52,1.1346153846153846,0.04779328093727965,614,"It's OK, Shubert. We love it the way it is."
5313,5217,0,7,45,52,1.1346153846153846,0.04779328093727965,614,Ten granola bars if you play the theme to “Rocky”?
6411,5305,1,5,47,53,1.1320754716981132,0.05413078722488102,614,"Thank God you showed up - I was just about to call this ""Unfinished Symphony Number 2"""
4648,5305,1,5,47,53,1.1320754716981132,0.05413078722488102,614,Dr. Beattie? I lost my father in my early childhood and was hoping you might teach me to sight-read.
4572,5305,0,7,46,53,1.1320754716981132,0.04695159976668159,614,I usually just bring my upright.
2976,5305,1,5,47,53,1.1320754716981132,0.05413078722488102,614,You did indeed reach a very high note
2631,5305,0,7,46,53,1.1320754716981132,0.04695159976668159,614,Summit Sonata interrupted
2428,5305,1,5,47,53,1.1320754716981132,0.05413078722488102,614,These hills don’t look so alive with the sound of music
4428,5305,0,7,46,53,1.1320754716981132,0.04695159976668159,614,"Sorry, I'm more of a harmonica guy"
6335,5312,2,3,49,54,1.1296296296296295,0.059383604691421,614,I couldn't get ivory keys.
3647,5312,0,7,47,54,1.1296296296296295,0.04613879568230499,614,"So, how did you get to Carnegie Hill?"
3192,5312,1,5,48,54,1.1296296296296295,0.053175186756420724,614,hey SCIENCE whys the aaaaaaaaa i go to the store n
5456,5315,2,2,43,47,1.127659574468085,0.06535338561028699,614,The Lost Chord? The Moody Blues scored that from Arthur Sullivan.
6301,5315,0,6,41,47,1.127659574468085,0.04920290896196927,614,I only did practice on Tuesday.
1214,5317,0,6,42,48,1.125,0.04824031156174748,614,"Man, what are you doing here... la, la, la, de-de-da!"
1182,5317,0,6,42,48,1.125,0.04824031156174748,614,"Did you say ""Rachmaninoff"" or ""I'm off on a rock""?"
1167,5317,1,4,43,48,1.125,0.056689086094851654,614,A couple more practices … you’re at Carnegie!
1151,5317,1,4,43,48,1.125,0.056689086094851654,614,"Well. to be perfectly honest, I was expecting a Leopard......"
1114,5317,0,6,42,48,1.125,0.04824031156174748,614,Do you know “Stairway to Heaven”?
1110,5317,0,6,42,48,1.125,0.04824031156174748,614,I play to win.
1018,5317,1,4,43,48,1.125,0.056689086094851654,614,"Our national park regulations do not permit Bach to be played above 3,000 feet. Inspiration will have to come from somewhere else."
1003,5317,0,6,42,48,1.125,0.04824031156174748,614,Sorry. Proper tuning gear was not quickly found.
911,5317,0,6,42,48,1.125,0.04824031156174748,614,The suits want it now.
1380,5317,0,6,42,48,1.125,0.04824031156174748,614,Are you responding to the ad?
1186,5317,0,6,42,48,1.125,0.04824031156174748,614,Really....a baby grand?
1448,5317,1,4,43,48,1.125,0.056689086094851654,614,Ah. I see. Now it all makes sense.
6733,5317,1,4,43,48,1.125,0.056689086094851654,614,Many seek the Grail unaware of its heavy burden.
2813,5317,2,2,44,48,1.125,0.06403262687852607,614,My climb fell flat.
2822,5317,0,6,42,48,1.125,0.04824031156174748,614,We can do this the hard way or the funny way.
2866,5317,0,6,42,48,1.125,0.04824031156174748,614,"Ah,I see y Ah,you've have made it to the musical interlude of your climb."
2872,5317,0,6,42,48,1.125,0.04824031156174748,614,Well....sing us a song already....
2908,5317,0,6,42,48,1.125,0.04824031156174748,614,"So you want to tickle these keys? Again! A minor, from the top."
2947,5317,0,6,42,48,1.125,0.04824031156174748,614,"I've got a score for ""We Shall Overcome""."
3056,5317,0,6,42,48,1.125,0.04824031156174748,614,"They told me, ""Practice, practice, practice."" But this is as close as I came to Carnegie Hall."
846,5317,0,6,42,48,1.125,0.04824031156174748,614,"No, sir. No battery operated metronome."
3075,5317,0,6,42,48,1.125,0.04824031156174748,614,"Lordy, I hope there's a tape of that last composition."
3076,5317,1,4,43,48,1.125,0.056689086094851654,614,is it true? are you johann sebastian backpack?
2798,5317,1,4,43,48,1.125,0.056689086094851654,614,"Do you know: ""After the fall?"""
3132,5317,0,6,42,48,1.125,0.04824031156174748,614,"Sorry, I’m just a lyricist. I don’t do orchestrations."
3197,5317,0,6,42,48,1.125,0.04824031156174748,614,I never thought I’d find the headless piano man up here.
3218,5317,1,4,43,48,1.125,0.056689086094851654,614,"Byron Janis, I presume?"
3238,5317,0,6,42,48,1.125,0.04824031156174748,614,"Pfft, so much for ‘Stairway to heaven’"
3276,5317,1,4,43,48,1.125,0.056689086094851654,614,"A little more yodeling and a little less ""Rocky Mountain High"" and you might have something."
3378,5317,0,6,42,48,1.125,0.04824031156174748,614,I see you lost your head to music. Do you have any other qualifications?
3482,5317,1,4,43,48,1.125,0.056689086094851654,614,Good! Now do it again in E.
3504,5317,0,6,42,48,1.125,0.04824031156174748,614,Excuse me. Which way to the Florida Keys?
3554,5317,1,4,43,48,1.125,0.056689086094851654,614,God I hate scales.
3567,5317,0,6,42,48,1.125,0.04824031156174748,614,Dont talk to me about tired! You should have seen me lugging this Piano up here
3655,5317,2,2,44,48,1.125,0.06403262687852607,614,Do you have any sugar?
3150,5317,0,6,42,48,1.125,0.04824031156174748,614,Can you play heart and soul?
2717,5317,1,4,43,48,1.125,0.056689086094851654,614,"*catches breathe* ""Play 'Free Bird!'"""
2700,5317,2,2,44,48,1.125,0.06403262687852607,614,"If I'm being honest, a bit heavy-handed."
2693,5317,0,6,42,48,1.125,0.04824031156174748,614,Could you play something by Barry Manilow?
1439,5317,0,6,42,48,1.125,0.04824031156174748,614,"They sent me up to ask you to knock off the “China Doll”, OK?"
1421,5317,0,6,42,48,1.125,0.04824031156174748,614,I couldn't get it to fit in my studio apartment.
1382,5317,2,2,44,48,1.125,0.06403262687852607,614,Wrong mountaintop. Where can I find the keys to success?
1507,5317,0,6,42,48,1.125,0.04824031156174748,614,Steinway or Bechstein?
1520,5317,1,4,43,48,1.125,0.056689086094851654,614,"Play ""do you know the way to San Jose?"""
1542,5317,2,2,44,48,1.125,0.06403262687852607,614,My coffee had better still be hot!
1574,5317,0,6,42,48,1.125,0.04824031156174748,614,I would like to make a key change.
1674,5317,0,6,42,48,1.125,0.04824031156174748,614,Doesn't the weather throw that thing out of tune?
1761,5317,0,6,42,48,1.125,0.04824031156174748,614,So can you play the lost chord for me?
1783,5317,2,2,44,48,1.125,0.06403262687852607,614,I'll be right back with a tuning lever.
1835,5317,0,6,42,48,1.125,0.04824031156174748,614,"Ohhhh! *Pianist*! That makes more sense, now that I think of it."
1901,5317,1,4,43,48,1.125,0.056689086094851654,614,It has altitude sickness. I can only play the high notes up here.
1919,5317,0,6,42,48,1.125,0.04824031156174748,614,"Do you have all the verses to ""Hallelujah""?"
1966,5317,0,6,42,48,1.125,0.04824031156174748,614,"Come back later, I'm still trying to write the next hit for Billy Joel"
2032,5317,1,4,43,48,1.125,0.056689086094851654,614,I'm not here to entertain you
2092,5317,0,6,42,48,1.125,0.04824031156174748,614,"It goes, ""It's nine o'clock on a Saturday..."""
2229,5317,0,6,42,48,1.125,0.04824031156174748,614,Good. I'm stuck on C Major.
2241,5317,1,4,43,48,1.125,0.056689086094851654,614,It took you way too long to bring the remaining sheet music.
2259,5317,1,4,43,48,1.125,0.056689086094851654,614,What’s the meaning of clef?
2361,5317,1,4,43,48,1.125,0.056689086094851654,614,You'll feel much better once I get it tuned.
2547,5317,1,4,43,48,1.125,0.056689086094851654,614,No dice. Show me those quotes. I bet you told all the other removalists the piano wasn't upstairs.
2619,5317,0,6,42,48,1.125,0.04824031156174748,614,All I said was one more time with feeling.
2669,5317,2,2,44,48,1.125,0.06403262687852607,614,I am a 'functioning' alcoholic!
3703,5317,1,4,43,48,1.125,0.056689086094851654,614,Rihanna? I don’t know that one.
1468,5317,0,6,42,48,1.125,0.04824031156174748,614,"Another intrepid explorer who doesn't know ""chopsticks""."
3716,5317,0,6,42,48,1.125,0.04824031156174748,614,"It's a lot of flights up, but at least it's rent-controlled."
3806,5317,1,4,43,48,1.125,0.056689086094851654,614,"Wait, so you're telling me all dogs DON'T go to heaven?"
5520,5317,0,6,42,48,1.125,0.04824031156174748,614,"Thanks, I forgot my headphones."
5601,5317,0,6,42,48,1.125,0.04824031156174748,614,I decided to scrap the rock opera.
5612,5317,0,6,42,48,1.125,0.04824031156174748,614,Do you take requests? I made it all this way.
5615,5317,2,2,44,48,1.125,0.06403262687852607,614,Great thoughts require a grand piano
5629,5317,0,6,42,48,1.125,0.04824031156174748,614,"Sorry mate, already played Top of the World today."
5672,5317,1,4,43,48,1.125,0.056689086094851654,614,"No, this is the Tetons’ Grand. The peak you’re looking for is the next range over."
5678,5317,1,4,43,48,1.125,0.056689086094851654,614,Congratulations! Your piano solo has just been nominated in the Mountain Music category.
5700,5317,0,6,42,48,1.125,0.04824031156174748,614,Somehow I pictured a different venue for ‘Rocky Mountain High’!
5735,5317,1,4,43,48,1.125,0.056689086094851654,614,"You're gonna send us Bach, aren't you?"
5776,5317,0,6,42,48,1.125,0.04824031156174748,614,"No, this idea was definitely more fartsy."
5446,5317,1,4,43,48,1.125,0.056689086094851654,614,"Sweet Jesus that was one hell of a climbing to this so called Mt. Grandpaiano oh wait, now I see they haven't misspelled it's name after all"
5783,5317,0,6,42,48,1.125,0.04824031156174748,614,Where to now Mr. Horowitz ?
5922,5317,0,6,42,48,1.125,0.04824031156174748,614,I saw your add in the paper...
5947,5317,0,6,42,48,1.125,0.04824031156174748,614,"Can you play, 'Climb the Highest Mountain'?"
6000,5317,1,4,43,48,1.125,0.056689086094851654,614,"Don't stop now, 'play that funky music white boy' !"
6011,5317,0,6,42,48,1.125,0.04824031156174748,614,Have you seen my keys?
6055,5317,0,6,42,48,1.125,0.04824031156174748,614,You've scaled the mountain. Now let's hear some scales.
6089,5317,2,2,44,48,1.125,0.06403262687852607,614,"B natural [note to editor- I would write it in musical notation: a ‘b natural’ whole note on a treble clef, maybe a fermata above? Or if that’s too confusing just a capital B with the musical notation for ‘natural’ after it]"
6185,5317,0,6,42,48,1.125,0.04824031156174748,614,Can you play some recent hits?
6374,5317,0,6,42,48,1.125,0.04824031156174748,614,Is this where one relaxes on the axis of the wheel of life?
6541,5317,0,6,42,48,1.125,0.04824031156174748,614,They said you can help me find composer.
6591,5317,1,4,43,48,1.125,0.056689086094851654,614,"I've got the changes. And he says the discrimination squad won't like calling it ""Gypsy""."
5851,5317,0,6,42,48,1.125,0.04824031156174748,614,So THIS is how you get to Carnegie Hall.
5371,5317,1,4,43,48,1.125,0.056689086094851654,614,"No no no, I’m the Mountain Man. You need to go into space to find that other guy."
5314,5317,1,4,43,48,1.125,0.056689086094851654,614,Holy Moses! That was a long way up.
5119,5317,2,2,44,48,1.125,0.06403262687852607,614,You're not as tiny as I was led to believe.
3821,5317,0,6,42,48,1.125,0.04824031156174748,614,I have the Extreme subscription package.
3841,5317,1,4,43,48,1.125,0.056689086094851654,614,"""You think that was an uphill battle? Well, it's all downhill from here."" ??? Happy 20th Jasper! ???"
3846,5317,0,6,42,48,1.125,0.04824031156174748,614,"So this is where I've been hearing Billy Joel's ""Piano Man"" coming from all day. Thank god, I thought I was hearing things."
3983,5317,0,6,42,48,1.125,0.04824031156174748,614,"Three days ago, you trashed the middle eight of ""Ain’t No Mountain High Enough,"" again!"
3994,5317,0,6,42,48,1.125,0.04824031156174748,614,Roll over Beethoven and tell Tchaikovsky the news.
4012,5317,1,4,43,48,1.125,0.056689086094851654,614,"Can you do ""Out of My Head""??? I really like the Little Anthony and the Imperial version with that choppy piano."
4051,5317,1,4,43,48,1.125,0.056689086094851654,614,Do you accept drop-in lessons?
4174,5317,0,6,42,48,1.125,0.04824031156174748,614,"But I only know the “Soul” half of “Heart and Soul,” too."
4195,5317,1,4,43,48,1.125,0.056689086094851654,614,And I thought I could find an easy job in the heights
4208,5317,0,6,42,48,1.125,0.04824031156174748,614,Not a bone! Fetch the piano stool.
4228,5317,1,4,43,48,1.125,0.056689086094851654,614,Welcome to Section A#. Would you care to listen to some Old MacDonald?
4274,5317,0,6,42,48,1.125,0.04824031156174748,614,"Play me another one, Sam."
4329,5317,1,4,43,48,1.125,0.056689086094851654,614,"Oh, that's why it's called the B-flat Trail."
4495,5317,0,6,42,48,1.125,0.04824031156174748,614,No word from Beyonce?
4537,5317,0,6,42,48,1.125,0.04824031156174748,614,Did you try playing ‘Hallelujah’’?
4542,5317,0,6,42,48,1.125,0.04824031156174748,614,"I know you wanted to get away so you could write your own music, but did you really hav to go this far?"
4547,5317,0,6,42,48,1.125,0.04824031156174748,614,"Nope, you still haven't found the lost chord."
4589,5317,0,6,42,48,1.125,0.04824031156174748,614,"So, you played your head off, and now you need relief?"
4707,5317,2,2,44,48,1.125,0.06403262687852607,614,You're telling me I've reached this scaling the musical climb?
4877,5317,1,4,43,48,1.125,0.056689086094851654,614,"Hey . . . hello . . . sorry . . . out of breath. Found your musical scores uplifting! If you take requests, love to hear Rock Mountain High."
4943,5317,0,6,42,48,1.125,0.04824031156174748,614,Greetings! I came all this way to tune the piano...
5071,5317,1,4,43,48,1.125,0.056689086094851654,614,Tom Dooley ???
5083,5317,0,6,42,48,1.125,0.04824031156174748,614,And I thought I was playing it by ear...
3726,5317,1,4,43,48,1.125,0.056689086094851654,614,"Mountain rescue? No, I need a writer's block rescue."
819,5317,2,2,44,48,1.125,0.06403262687852607,614,"The New Yorker says ""Play to win."""
3072,5317,1,4,43,48,1.125,0.056689086094851654,614,"Everyone at base camp wants to hear Mancini's theme to the ""Pink Panther."""
638,5317,0,6,42,48,1.125,0.04824031156174748,614,I can hit the high!
789,5317,1,4,43,48,1.125,0.056689086094851654,614,"Trump sent me. Aside from playing the piano, do you give legal advice?"
8,5317,1,4,43,48,1.125,0.056689086094851654,614,Try it in C Sharp.
92,5317,1,4,43,48,1.125,0.056689086094851654,614,Tell us where the chow is or the dog gets it.
184,5317,1,4,43,48,1.125,0.056689086094851654,614,Cut out the racket. You're disturbing our migration.
206,5317,1,4,43,48,1.125,0.056689086094851654,614,Beethoven is your second mountain top to your left.
58,5317,1,4,43,48,1.125,0.056689086094851654,614,The key to reaching this alto-tude from the bass was the first meter.
294,5317,0,6,42,48,1.125,0.04824031156174748,614,Would you mind practicing 'Für Elise' a little further away still?
378,5317,0,6,42,48,1.125,0.04824031156174748,614,Do you know how the Unfinished Symphony ends?
426,5317,0,6,42,48,1.125,0.04824031156174748,614,Is this the zenith?
489,5317,2,2,44,48,1.125,0.06403262687852607,614,Hiking was never my forte.
588,5317,1,4,43,48,1.125,0.056689086094851654,614,"The time? Sure, old man, it's--AAAAAARRRRRGGGGHHHH!"
292,5317,1,4,43,48,1.125,0.056689086094851654,614,Play some Skynyrd!
3471,5448,0,6,43,49,1.1224489795918366,0.04731438007905969,614,The F sharp above middle C sticks.
2648,5448,1,4,44,49,1.1224489795918366,0.055578689246150295,614,It might’ve been easier to send up a flare than compose an original concerto?
2835,5448,0,6,43,49,1.1224489795918366,0.04731438007905969,614,Life is a fugue. Deal with it.
2967,5448,0,6,43,49,1.1224489795918366,0.04731438007905969,614,I guess 'There ain't no mountain high enough' is my request.
3180,5448,1,4,44,49,1.1224489795918366,0.055578689246150295,614,Where have you been Haydn?
3271,5448,1,4,44,49,1.1224489795918366,0.055578689246150295,614,The only place FBI can't raid.
3377,5448,1,4,44,49,1.1224489795918366,0.055578689246150295,614,You should play louder...the heavens can't hear you.
3685,5448,0,6,43,49,1.1224489795918366,0.04731438007905969,614,How about playing my new piece?
4262,5448,0,6,43,49,1.1224489795918366,0.04731438007905969,614,How about a piece by Rockmaninoff?
3945,5448,0,6,43,49,1.1224489795918366,0.04731438007905969,614,"Listen, I didn't climb all the way up here to be told you don't know how to play ""White Houses""."
3961,5448,1,4,44,49,1.1224489795918366,0.055578689246150295,614,What song is it you want to hear?
4048,5448,0,6,43,49,1.1224489795918366,0.04731438007905969,614,"Hey Muhammad, practice may make perfect, but it's definitely time to move on."
4094,5448,0,6,43,49,1.1224489795918366,0.04731438007905969,614,"""Play That Funky Music""."
2431,5448,0,6,43,49,1.1224489795918366,0.04731438007905969,614,Now I wish I'd taken up the violin.
4331,5448,1,4,44,49,1.1224489795918366,0.055578689246150295,614,And you were impressed with John Tesh at Red Rocks!?
4368,5448,0,6,43,49,1.1224489795918366,0.04731438007905969,614,Don't your fingers get cold?
4379,5448,0,6,43,49,1.1224489795918366,0.04731438007905969,614,How long have you been here?
4540,5448,1,4,44,49,1.1224489795918366,0.055578689246150295,614,Writer's block....everything I write turns into 'Somewhere Over the Rainbow'...
3799,5448,0,6,43,49,1.1224489795918366,0.04731438007905969,614,Well damn! I was searching for the Grand Plan.
2424,5448,1,4,44,49,1.1224489795918366,0.055578689246150295,614,"Oh dear, can’t ever escape them..."
1489,5448,0,6,43,49,1.1224489795918366,0.04731438007905969,614,Do you get cell reception here?
2208,5448,0,6,43,49,1.1224489795918366,0.04731438007905969,614,I thought I heard something that would blow someone's mind.
84,5448,0,6,43,49,1.1224489795918366,0.04731438007905969,614,I see the hills are alive with the sound of music!
158,5448,0,6,43,49,1.1224489795918366,0.04731438007905969,614,A piano g-string? You should have been more specific on your order.
266,5448,1,4,44,49,1.1224489795918366,0.055578689246150295,614,Please tell me we're not gonna practice 'Chopsticks' again.
363,5448,0,6,43,49,1.1224489795918366,0.04731438007905969,614,I want to live forever. I want to learn how to fly (high).
533,5448,0,6,43,49,1.1224489795918366,0.04731438007905969,614,But did you practice?
552,5448,0,6,43,49,1.1224489795918366,0.04731438007905969,614,I just lose my head over piano music!!
680,5448,2,2,45,49,1.1224489795918366,0.06276408873212902,614,Welcome to Nordstroms
688,5448,0,6,43,49,1.1224489795918366,0.04731438007905969,614,"And after Detective Giggles, there are 20 more clowns waiting to burst through that door."
745,5448,1,4,44,49,1.1224489795918366,0.055578689246150295,614,How heavy is a tuning fork? Think about the poor guys who had to haul this piano up here!
796,5448,1,4,44,49,1.1224489795918366,0.055578689246150295,614,"Do you really need any sheet music for ""Climb Every Mountain""?"
814,5448,0,6,43,49,1.1224489795918366,0.04731438007905969,614,"Man, what are you doin’ here?"
958,5448,0,6,43,49,1.1224489795918366,0.04731438007905969,614,Is THIS the Last Waltz?
1102,5448,0,6,43,49,1.1224489795918366,0.04731438007905969,614,"Look, it's just not that kind of party, dude!"
1122,5448,0,6,43,49,1.1224489795918366,0.04731438007905969,614,"Irwin, you've got to ask the director for more time"
1269,5448,0,6,43,49,1.1224489795918366,0.04731438007905969,614,So... Chopsticks?
1631,5448,0,6,43,49,1.1224489795918366,0.04731438007905969,614,Oh CRAP! I was told that you were taking requests.
1879,5448,1,4,44,49,1.1224489795918366,0.055578689246150295,614,Is this really the best way to practice scales?
1890,5448,0,6,43,49,1.1224489795918366,0.04731438007905969,614,What do you mean you don't know On Top of Old Smokey?
2068,5448,0,6,43,49,1.1224489795918366,0.04731438007905969,614,"If you play ??Eye of the Tiger?? right now, there's some water in it for ya!"
2368,5448,0,6,43,49,1.1224489795918366,0.04731438007905969,614,Looks like we could both use some tips
4567,5448,0,6,43,49,1.1224489795918366,0.04731438007905969,614,Dumbledore?
4861,5448,0,6,43,49,1.1224489795918366,0.04731438007905969,614,"I was told I would C minor when I got up here, but..."
4768,5448,1,4,44,49,1.1224489795918366,0.055578689246150295,614,"Jeez, it feels like I've been waiting since the beginning of time."
6719,5448,1,4,44,49,1.1224489795918366,0.055578689246150295,614,"Even now, I can't smile without you, for I am music, and I write the songs."
6547,5448,0,6,43,49,1.1224489795918366,0.04731438007905969,614,You can 'sign' outside your knees. Nobody's watching!
6427,5448,0,6,43,49,1.1224489795918366,0.04731438007905969,614,Cause baby there ain't no.......What the?
6287,5448,2,2,45,49,1.1224489795918366,0.06276408873212902,614,Eternal peace is duets?
5986,5448,0,6,43,49,1.1224489795918366,0.04731438007905969,614,"""I think you need to put a little more ""soul"" into it."
5849,5448,0,6,43,49,1.1224489795918366,0.04731438007905969,614,"I'm a huge fan of your work, but let's try something upbeat for a change."
5713,5448,0,6,43,49,1.1224489795918366,0.04731438007905969,614,It's too bad I'm tone deaf...
4698,5448,1,4,44,49,1.1224489795918366,0.055578689246150295,614,Playing by ear?
5642,5448,1,4,44,49,1.1224489795918366,0.055578689246150295,614,"You wouldn't happen to have a tuning key in there, would you?"
5674,5448,1,4,44,49,1.1224489795918366,0.055578689246150295,614,What do you mean am I chiropractor??
5366,5448,0,6,43,49,1.1224489795918366,0.04731438007905969,614,"Yes, Carl, I'm POSITIVE that Taylor Swift wasn't singing about you in her last album."
5353,5448,0,6,43,49,1.1224489795918366,0.04731438007905969,614,Do you know Swanee River?
5306,5448,1,4,44,49,1.1224489795918366,0.055578689246150295,614,Hey! Have you heard of noise cancelling headphones?
5305,5448,0,6,43,49,1.1224489795918366,0.04731438007905969,614,"No, Siri didn't say anything about practice, practice, practice."
5217,5448,0,6,43,49,1.1224489795918366,0.04731438007905969,614,They didn't have any blank sheet music.
5166,5448,1,4,44,49,1.1224489795918366,0.055578689246150295,614,"The Pianist didn't like my composition, so I sent her on her way. Sorry, no concert."
5002,5448,1,4,44,49,1.1224489795918366,0.055578689246150295,614,Play something other than Rocky Top.
4884,5448,2,2,45,49,1.1224489795918366,0.06276408873212902,614,Hope I'm not too late to deliver the paper you requested!
5512,5448,1,4,44,49,1.1224489795918366,0.055578689246150295,614,It looks like you need help composing a new hymn
6615,5512,0,6,44,50,1.12,0.046423076597919784,614,What do you mean you're not a Julliard graduate?
6033,5512,0,6,44,50,1.12,0.046423076597919784,614,Whatever you have already is probably fine. I'm not sure you can even call it music anymore.
5328,5512,0,6,44,50,1.12,0.046423076597919784,614,Are you the one who has Beethoven's lost sonata?
5393,5512,1,4,45,50,1.12,0.05451081150953976,614,"Your music is not cliché. The New Yorker, on the other hand . . ."
4247,5512,0,6,44,50,1.12,0.046423076597919784,614,"Sorry, but I think you have the wrong address."
3897,5512,0,6,44,50,1.12,0.046423076597919784,614,I'm from the Rockies Talent Agency but I see you've already been headhunted.
3447,5512,0,6,44,50,1.12,0.046423076597919784,614,Humm a few bars... I’ll try to wing it
1971,5512,0,6,44,50,1.12,0.046423076597919784,614,"I thought your ""Ain't No Mountain High Enough"" recital was next Tuesday."
4857,5512,1,4,45,50,1.12,0.05451081150953976,614,I hate to tell you but if you're looking for the 'stairway to heaven'...
161,5521,1,4,46,51,1.1176470588235294,0.05348306547837592,614,You guys and your mounts.
1426,5521,0,6,45,51,1.1176470588235294,0.04556450995538139,614,Would you happen to know if I should still be expecting Julie Andrews?
1703,5523,0,5,40,45,1.1111111111111112,0.047377936967913425,614,Tom's enthusiasm for his craigslist purchase was short-lived.
1590,5523,1,3,41,45,1.1111111111111112,0.057050590894718936,614,The lost chord?
1406,5523,1,3,41,45,1.1111111111111112,0.057050590894718936,614,"Sure, I can play Free Bird."
1345,5523,0,5,40,45,1.1111111111111112,0.047377936967913425,614,Can't beat the acoustics up here.
1339,5523,0,5,40,45,1.1111111111111112,0.047377936967913425,614,I’ve been working on a solo
1322,5523,0,5,40,45,1.1111111111111112,0.047377936967913425,614,I didn't expect to see you three sheets of music to the wind....
1311,5523,0,5,40,45,1.1111111111111112,0.047377936967913425,614,"No, I mean literally turn the page. For me. While I play."
648,5523,1,3,41,45,1.1111111111111112,0.057050590894718936,614,"Maestro, you've taken 'Chopsticks' to new heights!"
695,5523,0,5,40,45,1.1111111111111112,0.047377936967913425,614,Now I know why the symphony's unfinished.
842,5523,0,5,40,45,1.1111111111111112,0.047377936967913425,614,This is really a grand view from up here.
808,5523,0,5,40,45,1.1111111111111112,0.047377936967913425,614,"I can't believe you came all the way up here just to make a joke about a 10,000 ft pianist."
829,5523,1,3,41,45,1.1111111111111112,0.057050590894718936,614,"""Ethiopian Melody"" also known as ""Way Down upon the Swanee River"" music and lyrics by Stephen Foster, 1851. Did I win?"
894,5523,0,5,40,45,1.1111111111111112,0.047377936967913425,614,"Now play ""Classical Gas""!"
917,5523,0,5,40,45,1.1111111111111112,0.047377936967913425,614,It needs tuning.
999,5523,1,3,41,45,1.1111111111111112,0.057050590894718936,614,I Was Hoping For A Keyboard
1176,5523,1,3,41,45,1.1111111111111112,0.057050590894718936,614,"Ace Electronics Service. You called, said the microphone smells like a seer?"
1222,5523,1,3,41,45,1.1111111111111112,0.057050590894718936,614,Do you know how to tune a piano? The altitude has messed with strings.
1235,5523,1,3,41,45,1.1111111111111112,0.057050590894718936,614,Sorry I'm late. Mountain piano tuning can't be rushed.
1300,5523,0,5,40,45,1.1111111111111112,0.047377936967913425,614,You called for a piano mover?
712,5523,1,3,41,45,1.1111111111111112,0.057050590894718936,614,Shall I empty the tip jar?
1756,5523,1,3,41,45,1.1111111111111112,0.057050590894718936,614,Your years up here seem to have baroquen you
2060,5523,0,5,40,45,1.1111111111111112,0.047377936967913425,614,I'm here about the page turner ad. Are you EOE?
1992,5523,0,5,40,45,1.1111111111111112,0.047377936967913425,614,"""Well, yes. I'd love to hear your version of 4'33""."
5252,5523,1,3,41,45,1.1111111111111112,0.057050590894718936,614,"So, tell everyone no new revelation until November 2020?"
5235,5523,1,3,41,45,1.1111111111111112,0.057050590894718936,614,"Oh, a grand piano! I'll need more help to move it to your new retirement home."
5208,5523,0,5,40,45,1.1111111111111112,0.047377936967913425,614,Gee... I see you dropped all the flat.
5170,5523,0,5,40,45,1.1111111111111112,0.047377936967913425,614,"I believe you now. It DOES feel bad to miss someone's recital, dad."
5134,5523,1,3,41,45,1.1111111111111112,0.057050590894718936,614,"Free Bird!"" ""I only know ZZ Top."
5122,5523,0,5,40,45,1.1111111111111112,0.047377936967913425,614,Tell me you know “Heart & Soul.
4991,5523,0,5,40,45,1.1111111111111112,0.047377936967913425,614,"Can you play ""The Sound of Music""?"
4990,5523,0,5,40,45,1.1111111111111112,0.047377936967913425,614,"I thought that if I climbed this hard, I could get ahead."
4987,5523,0,5,40,45,1.1111111111111112,0.047377936967913425,614,Wonderboy?
4930,5523,0,5,40,45,1.1111111111111112,0.047377936967913425,614,The brochure said Piano Bar!
4876,5523,0,5,40,45,1.1111111111111112,0.047377936967913425,614,"Not sure if this is the right mountain, but did you by any chance order a piano tuning?"
4867,5523,1,3,41,45,1.1111111111111112,0.057050590894718936,614,"Gee, Clef... I think we climbed the wrong mountain."
4843,5523,1,3,41,45,1.1111111111111112,0.057050590894718936,614,Any tuning tools in that backpack?
4756,5523,0,5,40,45,1.1111111111111112,0.047377936967913425,614,"Sorry son I really can' ""Sorry son I don't play, I just think a piano looks fabulous."
4716,5523,1,3,41,45,1.1111111111111112,0.057050590894718936,614,Welcome to The Venue. We perform superlatively when here above the High C's!
4548,5523,0,5,40,45,1.1111111111111112,0.047377936967913425,614,Did yuh lose that chord again?
4497,5523,1,3,41,45,1.1111111111111112,0.057050590894718936,614,You've lived here for years and you still can't play 'In the Hall of the Mountain King'?
4456,5523,0,5,40,45,1.1111111111111112,0.047377936967913425,614,"Scaling new heights, Leopold?"
4444,5523,1,3,41,45,1.1111111111111112,0.057050590894718936,614,Can you keep it down up there.
4415,5523,1,3,41,45,1.1111111111111112,0.057050590894718936,614,“Every” mountain? I always thought it was “Any”.
4392,5523,0,5,40,45,1.1111111111111112,0.047377936967913425,614,They couldn't find a tuner so they sent a DJ instead
5401,5523,1,3,41,45,1.1111111111111112,0.057050590894718936,614,That was great. How much to play my daughter’s wedding next June?
4347,5523,0,5,40,45,1.1111111111111112,0.047377936967913425,614,You’re a little flat around middle ‘C.’
5416,5523,0,5,40,45,1.1111111111111112,0.047377936967913425,614,Composer's slump?
5515,5523,1,3,41,45,1.1111111111111112,0.057050590894718936,614,You didn’t happen to bring a pair of nose hair trimmers with you... did you?
6706,5523,0,5,40,45,1.1111111111111112,0.047377936967913425,614,Ain’t no mountain high enough
6668,5523,0,5,40,45,1.1111111111111112,0.047377936967913425,614,So your'e saying even God can get writer's block?
6620,5523,1,3,41,45,1.1111111111111112,0.057050590894718936,614,"I can’t help you with your spiritual quest, but I do take special requests."
6465,5523,0,5,40,45,1.1111111111111112,0.047377936967913425,614,This backpack is a lot heavier than it looks.
6446,5523,0,5,40,45,1.1111111111111112,0.047377936967913425,614,What's the meaning of Liszt?
6406,5523,0,5,40,45,1.1111111111111112,0.047377936967913425,614,Do you do Chopin ?
6371,5523,0,5,40,45,1.1111111111111112,0.047377936967913425,614,How'd you get that piano up here?
6325,5523,0,5,40,45,1.1111111111111112,0.047377936967913425,614,"You're so cool, not even hipsters see you."
6253,5523,0,5,40,45,1.1111111111111112,0.047377936967913425,614,Joleen did say it was a hike to get to these piano lessons
6247,5523,0,5,40,45,1.1111111111111112,0.047377936967913425,614,Your way or th Is it your way or the Steinway?
6196,5523,0,5,40,45,1.1111111111111112,0.047377936967913425,614,Having trouble with the low notes?
6170,5523,0,5,40,45,1.1111111111111112,0.047377936967913425,614,"Hi again Doc-I presume it's you. I have to say, traipsing through Africa was nothing compared to this ghastly climb."
6044,5523,1,3,41,45,1.1111111111111112,0.057050590894718936,614,"When I said 10 years ago that I would climb the highest mountain for you if you were ever lonely, I assumed you wouldn’t have Bach for company, Dad."
6012,5523,1,3,41,45,1.1111111111111112,0.057050590894718936,614,Did you bring that extra realm of paper I told you about?
6008,5523,1,3,41,45,1.1111111111111112,0.057050590894718936,614,Can you play 'Chopsticks' on that thing?
5891,5523,0,5,40,45,1.1111111111111112,0.047377936967913425,614,What's the final verdict- Key of A in 440 or 442 cps?
5887,5523,0,5,40,45,1.1111111111111112,0.047377936967913425,614,We're all done for today. Major scales was the first lesson.
5882,5523,0,5,40,45,1.1111111111111112,0.047377936967913425,614,I thought this was a dual piano gig.
5852,5523,0,5,40,45,1.1111111111111112,0.047377936967913425,614,Four minutes and thirty-three seconds
5770,5523,0,5,40,45,1.1111111111111112,0.047377936967913425,614,"Hi, thanks to my show. I'm going to play music from my new album."
5715,5523,0,5,40,45,1.1111111111111112,0.047377936967913425,614,What's a Grammy?
5513,5523,0,5,40,45,1.1111111111111112,0.047377936967913425,614,What happened to the other dinner guests?
1873,5523,0,5,40,45,1.1111111111111112,0.047377936967913425,614,"Overrated cultural icon? Well, you don't look like no Alan Lomax, neither."
4337,5523,0,5,40,45,1.1111111111111112,0.047377936967913425,614,Come back down to earth! You reached your peak at half the age you are now and it wasn't on a Steinway Grand.
4317,5523,2,1,42,45,1.1111111111111112,0.06530597929391763,614,Can you tell me how to achieve enlightenment and get tickets to Hamilton?
2587,5523,0,5,40,45,1.1111111111111112,0.047377936967913425,614,I brought your head but your audience decided to stay down in base camp.
2584,5523,0,5,40,45,1.1111111111111112,0.047377936967913425,614,Where's Luke?
2542,5523,1,3,41,45,1.1111111111111112,0.057050590894718936,614,"Sorry, I can't help you with John Cage."
2513,5523,0,5,40,45,1.1111111111111112,0.047377936967913425,614,This is Carnegie Hall?
2481,5523,0,5,40,45,1.1111111111111112,0.047377936967913425,614,Recreational pilgrimaging strikes chord with creative types.
2468,5523,0,5,40,45,1.1111111111111112,0.047377936967913425,614,Sorry. I forgot to call the tuner.
2465,5523,0,5,40,45,1.1111111111111112,0.047377936967913425,614,What do you mean you're not on spotify??
2439,5523,0,5,40,45,1.1111111111111112,0.047377936967913425,614,I actually came here to forget about life for awhile.
2411,5523,0,5,40,45,1.1111111111111112,0.047377936967913425,614,Is this the path to Perfectionist Peak?
2402,5523,0,5,40,45,1.1111111111111112,0.047377936967913425,614,Hi oldtimer! I bet that a few rounds of Chopsticks would cheer you up!
2315,5523,1,3,41,45,1.1111111111111112,0.057050590894718936,614,"Oh, great Guru. Finally, I am here, humbled by your omniscient knowledge and wisdom. After years of study, I seek only one answer which I hope will make us one ... may I turn your pages?"
2312,5523,0,5,40,45,1.1111111111111112,0.047377936967913425,614,"When you said you had a grand view, I wasn't sure what you meant."
2256,5523,0,5,40,45,1.1111111111111112,0.047377936967913425,614,Not cliff! Chef!!
2197,5523,1,3,41,45,1.1111111111111112,0.057050590894718936,614,"I had hoped to get to Carnegie Hall, but I forgot to practice."
2082,5523,0,5,40,45,1.1111111111111112,0.047377936967913425,614,"Mr. Williams, you know you can't hide from Disney."
2067,5523,1,3,41,45,1.1111111111111112,0.057050590894718936,614,I was hoping for harp music.
2062,5523,0,5,40,45,1.1111111111111112,0.047377936967913425,614,They exiled me back to earth to polish up on my piano playing skills. They are all getting bored with harp music.
608,5523,1,3,41,45,1.1111111111111112,0.057050590894718936,614,"If you have a request, Venmo me @CliffThePianoGuy"
2036,5523,1,3,41,45,1.1111111111111112,0.057050590894718936,614,I play to win.
2027,5523,0,5,40,45,1.1111111111111112,0.047377936967913425,614,What do you mean you can't play 'Melancholy Baby?'
2017,5523,1,3,41,45,1.1111111111111112,0.057050590894718936,614,The piano tune up is free - its getting me down that will cost you.
2592,5523,1,3,41,45,1.1111111111111112,0.057050590894718936,614,I  Know the feeling. This is the tenth ledge I've reached.
4327,5523,0,5,40,45,1.1111111111111112,0.047377936967913425,614,I can only play the crescendo so many times
2595,5523,1,3,41,45,1.1111111111111112,0.057050590894718936,614,Am I in Heaven?
2792,5523,1,3,41,45,1.1111111111111112,0.057050590894718936,614,Sorry ! The last ten piano teachers couldn't make it.
4284,5523,1,3,41,45,1.1111111111111112,0.057050590894718936,614,Can you play “Pathetique”???
4272,5523,0,5,40,45,1.1111111111111112,0.047377936967913425,614,"OMG, I’ve had the theme from ”Mahogany” in my head the whole way up here! You wouldn’t happen to take requests, would you?"
4243,5523,0,5,40,45,1.1111111111111112,0.047377936967913425,614,I hope you can play Heart and Soul
4135,5523,1,3,41,45,1.1111111111111112,0.057050590894718936,614,Can you hand me one of those sheets of paper? I forgot toilet paper.
4072,5523,1,3,41,45,1.1111111111111112,0.057050590894718936,614,It's out of tune.
4018,5523,1,3,41,45,1.1111111111111112,0.057050590894718936,614,"Ivory poachers, you say?"
3867,5523,0,5,40,45,1.1111111111111112,0.047377936967913425,614,Can you teach me to play that on the kazoo?
3819,5523,0,5,40,45,1.1111111111111112,0.047377936967913425,614,"How about ""It's a Long Way to Tipperary""?"
3642,5523,0,5,40,45,1.1111111111111112,0.047377936967913425,614,oh wow! wow wow wow wow wow. big mood.
3592,5523,1,3,41,45,1.1111111111111112,0.057050590894718936,614,"To quote the great Frank Sinatra, I did it my way!"
3511,5523,1,3,41,45,1.1111111111111112,0.057050590894718936,614,I came all this way to hear you play.
3460,5523,0,5,40,45,1.1111111111111112,0.047377936967913425,614,You mean life is not a Moonlight Sonata?
3407,5523,2,1,42,45,1.1111111111111112,0.06530597929391763,614,This is the grand you promised in your ad for a lift home?
3270,5523,0,5,40,45,1.1111111111111112,0.047377936967913425,614,Try 'Da Da Da Dum'.
3165,5523,1,3,41,45,1.1111111111111112,0.057050590894718936,614,The Disney thugs are going to take my thumbs if I can't come up with a catchy theme for Frozen - The Reimagining.
3162,5523,0,5,40,45,1.1111111111111112,0.047377936967913425,614,Do you have time to play the 'Minute Waltz'?
3160,5523,1,3,41,45,1.1111111111111112,0.057050590894718936,614,Finale!
3157,5523,0,5,40,45,1.1111111111111112,0.047377936967913425,614,Is this Beethoven’s fifth step?
3112,5523,1,3,41,45,1.1111111111111112,0.057050590894718936,614,"I can't hit a high note any more,"
2985,5523,1,3,41,45,1.1111111111111112,0.057050590894718936,614,"Yes, the hills are alive with the sound of Music and no, I’m not Julie Andrews."
2893,5523,0,5,40,45,1.1111111111111112,0.047377936967913425,614,"When I said could you play far far away, I meant a little farther."
2701,5523,0,5,40,45,1.1111111111111112,0.047377936967913425,614,Note to self- don't buy cacti infused water from the hippie down the road.
592,5523,1,3,41,45,1.1111111111111112,0.057050590894718936,614,"Fine, if that doesn't scare you enough to talk then we're bringing in Alex Jones and making you watch InfoWars."
1738,5523,0,5,40,45,1.1111111111111112,0.047377936967913425,614,"Do you know ""Mr. Wise Guy?"""
528,5523,1,3,41,45,1.1111111111111112,0.057050590894718936,614,I only play notes in the higher register.
579,5523,0,5,40,45,1.1111111111111112,0.047377936967913425,614,Finally at this old age someone has come to hear me play.
18,5523,0,5,40,45,1.1111111111111112,0.047377936967913425,614,I’ve forgotten the the tuning forks
90,5523,1,3,41,45,1.1111111111111112,0.057050590894718936,614,They probably thought you said STEINway.
100,5523,0,5,40,45,1.1111111111111112,0.047377936967913425,614,I just had to see what that music was coming from.
113,5523,1,3,41,45,1.1111111111111112,0.057050590894718936,614,"Nice, so what does that have to do with chopsticks?"
142,5523,1,3,41,45,1.1111111111111112,0.057050590894718936,614,"At this altitude, I’m often confused with an illusion of grandeur."
152,5523,1,3,41,45,1.1111111111111112,0.057050590894718936,614,"Sorry, I don't work on that brand of piano."
60,5523,0,5,40,45,1.1111111111111112,0.047377936967913425,614,"Yea Dave, you're gunna wanna stay out here practicing a few more years..."
195,5523,0,5,40,45,1.1111111111111112,0.047377936967913425,614,How did that piano get you up here?
164,5523,0,5,40,45,1.1111111111111112,0.047377936967913425,614,"Sorry, Sonny. I've been searching for the key as well. But I see you're good with scaling."
447,5523,1,3,41,45,1.1111111111111112,0.057050590894718936,614,"So, hitting the high note is not the answer to life's question."
513,5523,0,5,40,45,1.1111111111111112,0.047377936967913425,614,"I told you to 'Take 5', not 50"
347,5523,1,3,41,45,1.1111111111111112,0.057050590894718936,614,Just practice my scales? Really?
207,5523,0,5,40,45,1.1111111111111112,0.047377936967913425,614,Now that's a crescendo!
367,5523,0,5,40,45,1.1111111111111112,0.047377936967913425,614,Welcome to the Grand Illusion.
1942,5661,0,5,41,46,1.108695652173913,0.04639945099589022,614,Pardon me sir. Is this the Chattanooga choo-choo?
3236,5661,0,5,41,46,1.108695652173913,0.04639945099589022,614,There better be more that just freeze dried food in that back pack buddy
3199,5661,0,5,41,46,1.108695652173913,0.04639945099589022,614,"I don't think clapping with one hand is going to help keep time, but I'll give it a shot."
2941,5661,0,5,41,46,1.108695652173913,0.04639945099589022,614,The critics thought your last piece sounded a little too airy.
2884,5661,0,5,41,46,1.108695652173913,0.04639945099589022,614,"Now, you must complete the minor scale..."
2491,5661,0,5,41,46,1.108695652173913,0.04639945099589022,614,It’s not entertainment.
2441,5661,0,5,41,46,1.108695652173913,0.04639945099589022,614,I'll play the song only after you also ford every stream
2378,5661,1,3,42,46,1.108695652173913,0.05584883729854405,614,"Sure your platform seems safe, but will it survive a movement?"
2354,5661,0,5,41,46,1.108695652173913,0.04639945099589022,614,Didn't I run into you last month? We've got to stop meeting like this!
2248,5661,0,5,41,46,1.108695652173913,0.04639945099589022,614,"Quick, play something atmospheric."
2102,5661,0,5,41,46,1.108695652173913,0.04639945099589022,614,If only someone had told me
1707,5661,1,3,42,46,1.108695652173913,0.05584883729854405,614,"So, you were finally Rock-man-enough to get here."
843,5661,0,5,41,46,1.108695652173913,0.04639945099589022,614,I don't wanna get ahead of myself but have you seen A minor around here?
1350,5661,0,5,41,46,1.108695652173913,0.04639945099589022,614,"Sure you're on TOP NOW, but Corporate AMERICA says you're THROUGH !!"
1172,5661,0,5,41,46,1.108695652173913,0.04639945099589022,614,"Don't stop, I'm reviewing this for Yalps."
1137,5661,0,5,41,46,1.108695652173913,0.04639945099589022,614,"Oh, I was hoping to find Liberace."
1086,5661,1,3,42,46,1.108695652173913,0.05584883729854405,614,Steinway or Bechstein?
1071,5661,0,5,41,46,1.108695652173913,0.04639945099589022,614,"No, this is the Baby Grant Tetons."
1020,5661,0,5,41,46,1.108695652173913,0.04639945099589022,614,"Okay... 'Where have all the flowers gone?', 'What's so funny 'bout Peace, Love, and Understanding?', and, ""Should I stay or should I go?'."
3311,5661,0,5,41,46,1.108695652173913,0.04639945099589022,614,"If I needed a music-playing know-it-all, I would have gotten Alexa!"
837,5661,0,5,41,46,1.108695652173913,0.04639945099589022,614,I think you misunderstood. I asked if you could play it FOR a higher range.
594,5661,1,3,42,46,1.108695652173913,0.05584883729854405,614,"Do you know ""The Way Down""?"
482,5661,0,5,41,46,1.108695652173913,0.04639945099589022,614,And I thought I was light and fast.
346,5661,0,5,41,46,1.108695652173913,0.04639945099589022,614,I'm the best deaf piano tuner in the Valley!
1351,5661,1,3,42,46,1.108695652173913,0.05584883729854405,614,Needed some privacy?
3336,5661,0,5,41,46,1.108695652173913,0.04639945099589022,614,"Play ""Misty"" for me; the Father John version."
4445,5661,0,5,41,46,1.108695652173913,0.04639945099589022,614,Is it Rachmaninoff or Rachmaninov?
3694,5661,0,5,41,46,1.108695652173913,0.04639945099589022,614,I SEEK A HIGHER NOTE!
6542,5661,1,3,42,46,1.108695652173913,0.05584883729854405,614,I saw your ad for a high strung piano.
6502,5661,0,5,41,46,1.108695652173913,0.04639945099589022,614,"I too am surprised that even hymnals would wake up the baby. But, it turns out, they do."
6214,5661,0,5,41,46,1.108695652173913,0.04639945099589022,614,Do I lose points on the musical segment if I keep my mitts on?
6109,5661,0,5,41,46,1.108695652173913,0.04639945099589022,614,I must say you look very composed.
6036,5661,0,5,41,46,1.108695652173913,0.04639945099589022,614,I was told the view of the bay'd be grand up here ...
5943,5661,0,5,41,46,1.108695652173913,0.04639945099589022,614,"Hey, why are you playing up here?"" ""Because I can't see!"
5873,5661,0,5,41,46,1.108695652173913,0.04639945099589022,614,Enlightenment! You want enlightenment!?! What I want is a piano tuner.
5718,5661,0,5,41,46,1.108695652173913,0.04639945099589022,614,At least my soul can get fed.
5689,5661,0,5,41,46,1.108695652173913,0.04639945099589022,614,"Please play ""Misty"" for me."
5529,5661,0,5,41,46,1.108695652173913,0.04639945099589022,614,Can you play Beethoven’s 5.10th?
5464,5661,0,5,41,46,1.108695652173913,0.04639945099589022,614,How did you get that up here?
5240,5661,1,3,42,46,1.108695652173913,0.05584883729854405,614,"Yes, I offer the keys to true enlightenment. In fact, 88 of them."
3442,5661,0,5,41,46,1.108695652173913,0.04639945099589022,614,Welcome to the plateau. Perhaps you can help me finish composing this tune.
5213,5661,1,3,42,46,1.108695652173913,0.05584883729854405,614,"Can you play ""Big Rock Candy Mountain""?"
5109,5661,0,5,41,46,1.108695652173913,0.04639945099589022,614,Sorry I'm late! My Uber driver thought I said 'bridge'.
5039,5661,0,5,41,46,1.108695652173913,0.04639945099589022,614,I’ve traveled great distances to find the secret of the C minor seventh.
4762,5661,0,5,41,46,1.108695652173913,0.04639945099589022,614,I could’ve sworn I heard more than 10 lines on the way up.
4666,5661,1,3,42,46,1.108695652173913,0.05584883729854405,614,Now I remember...The Entertainer.
4642,5661,1,3,42,46,1.108695652173913,0.05584883729854405,614,I saw your post on Letgo.
4489,5661,1,3,42,46,1.108695652173913,0.05584883729854405,614,"So, do you want to say it or should I?"
272,5661,0,5,41,46,1.108695652173913,0.04639945099589022,614,They sent me up to tell you that you're flat on the high notes.
4397,5661,0,5,41,46,1.108695652173913,0.04639945099589022,614,"Oh, hi. Have you heard about the ultralight backpacking movement?"
4266,5661,0,5,41,46,1.108695652173913,0.04639945099589022,614,"Care to slide over? I play a mean ""Heart and Soul."""
4146,5661,1,3,42,46,1.108695652173913,0.05584883729854405,614,"Climber- “ugh, there’s no piano in stairway to heaven!"
3843,5661,0,5,41,46,1.108695652173913,0.04639945099589022,614,Maybe it would help if I hummed a few bars.
3776,5661,1,3,42,46,1.108695652173913,0.05584883729854405,614,I can almost see it- that dream I'm dreamin'.
5162,5661,0,5,41,46,1.108695652173913,0.04639945099589022,614,Is this how you get to Carnegie Hall?
258,5661,0,5,41,46,1.108695652173913,0.04639945099589022,614,Huh... I always thought the cinematic music was added in post
694,5661,0,5,41,46,1.108695652173913,0.04639945099589022,614,"Yes, I am the last surviving Von Trapp Family member. Is this the last of the mountains?"
3320,5718,0,5,42,47,1.1063829787234043,0.04546036031565445,614,When does the concert start.
3966,5718,1,3,43,47,1.1063829787234043,0.05469656058869374,614,How do you get to Carnegie Mountain? Practice! Practice! Practice!
3928,5718,1,3,43,47,1.1063829787234043,0.05469656058869374,614,I'd help you move it but we're just not that good enough of friends.
3844,5718,0,5,42,47,1.1063829787234043,0.04546036031565445,614,"Yeah, yeah, he's good.... but I prefer Bearlios myself."
3710,5718,0,5,42,47,1.1063829787234043,0.04546036031565445,614,"I'm sorry Trevor, the label thinks your career has plateaued."
5003,5718,0,5,42,47,1.1063829787234043,0.04546036031565445,614,"Oh guru, what is the key to life?"
3260,5718,0,5,42,47,1.1063829787234043,0.04546036031565445,614,Can you play “Free Bird”?
3008,5718,1,3,43,47,1.1063829787234043,0.05469656058869374,614,"G Flat?"" ""No, F Sharp!"
1157,5718,1,3,43,47,1.1063829787234043,0.05469656058869374,614,"Hey God, we can’t wait for you to finish writing ‘Hamilton 2: Hamiltonier,’ but there’s some stuff you might want to take a look at..."
992,5718,0,5,42,47,1.1063829787234043,0.04546036031565445,614,I wish I'd done you when I tuned that one over on Everest last week.
826,5718,0,5,42,47,1.1063829787234043,0.04546036031565445,614,"Watch who you're calling Bozo, buster."
702,5718,0,5,42,47,1.1063829787234043,0.04546036031565445,614,whose man is this
48,5718,0,5,42,47,1.1063829787234043,0.04546036031565445,614,"Now, here’s the deal, either you tell me where you hid my pencil, or the balloon animal gets it"
5203,5718,0,5,42,47,1.1063829787234043,0.04546036031565445,614,"Hey, why are you playing you piano up here? Because it's where most people play their piano."
5462,5718,0,5,42,47,1.1063829787234043,0.04546036031565445,614,"Brilliant sonata, but instead of a new rondo I just wanted a new ringtone."
5681,5718,1,3,43,47,1.1063829787234043,0.05469656058869374,614,Was it worth the struggle to hear an old geezer work on his unfinished symphony?
5958,5718,0,5,42,47,1.1063829787234043,0.04546036031565445,614,That's not what I meant when I asked for 'Air Supply'!
5966,5718,1,3,43,47,1.1063829787234043,0.05469656058869374,614,Do you know any Nirvana?
4171,5718,0,5,42,47,1.1063829787234043,0.04546036031565445,614,Can you play the minute waltz??
4199,5718,1,3,43,47,1.1063829787234043,0.05469656058869374,614,Let me take a peak at what you've composed so far.
935,5738,2,1,45,48,1.1041666666666667,0.06130657275434796,614,"If you have a request, write it on a cocktail napkin, crumple it up in a ball and stick it in your ear. Bad-dum-dum-ching. I got a million of 'em."
4606,5738,1,3,44,48,1.1041666666666667,0.053590773834580184,614,I'm looking for Audrey Luna.
3719,5740,0,4,38,42,1.0952380952380953,0.045843796413450766,614,It’s all been done.
4615,5740,0,4,38,42,1.0952380952380953,0.045843796413450766,614,It would make me quite happy Maestro if you could play a few bars of the theme song from the Shangri-La movie.
3230,5742,0,4,39,43,1.0930232558139534,0.04481972612369448,614,Somewhere over the rainbow....
3153,5742,0,4,39,43,1.0930232558139534,0.04481972612369448,614,"Apparently, immortality is now digital"
3140,5742,0,4,39,43,1.0930232558139534,0.04481972612369448,614,Refund granted; I lost my head.
3023,5742,0,4,39,43,1.0930232558139534,0.04481972612369448,614,"Entrance into Heaven: After scaling the mountain to get here, you must play all major scales before entering into Heaven!"
4733,5742,0,4,39,43,1.0930232558139534,0.04481972612369448,614,Guten Tag! The hills were alive with the sound of music…
6747,5742,0,4,39,43,1.0930232558139534,0.04481972612369448,614,"Yes, I am done too."
6692,5742,1,2,40,43,1.0930232558139534,0.055823181223160837,614,Play In the Hall of the Mountain King for me.
6626,5742,0,4,39,43,1.0930232558139534,0.04481972612369448,614,"So you're the guy whose Reddit story got 30,000 votes!"
6625,5742,0,4,39,43,1.0930232558139534,0.04481972612369448,614,Who the hell is Steinway and where is the other half of this contraption?
6532,5742,1,2,40,43,1.0930232558139534,0.055823181223160837,614,It's just not resonating with these New Atheists.
6447,5742,0,4,39,43,1.0930232558139534,0.04481972612369448,614,Have you tried writing something a little edgier?
6433,5742,0,4,39,43,1.0930232558139534,0.04481972612369448,614,I don't know why I told you to play me a song.
6430,5742,0,4,39,43,1.0930232558139534,0.04481972612369448,614,~Only the likes of Vladimir Horowitz and Oscar Peterson play here.~
6404,5742,0,4,39,43,1.0930232558139534,0.04481972612369448,614,What was that thing you played three months ago?
6396,5742,0,4,39,43,1.0930232558139534,0.04481972612369448,614,I was told there are TWO performance antiques at this level.
6260,5742,0,4,39,43,1.0930232558139534,0.04481972612369448,614,I don't hear the sound of music.
6246,5742,0,4,39,43,1.0930232558139534,0.04481972612369448,614,"Heaven, for real has sinkholes, and my 'pick-up' notes seeking rescue weren't deemed uplifting."
6206,5742,0,4,39,43,1.0930232558139534,0.04481972612369448,614,How do you find your bliss? Follow the Stein Way.
3015,5742,0,4,39,43,1.0930232558139534,0.04481972612369448,614,"Me too I am from Coshocton, Ohio."
2968,5742,1,2,40,43,1.0930232558139534,0.055823181223160837,614,How do you still suck at this?
2954,5742,0,4,39,43,1.0930232558139534,0.04481972612369448,614,It's the singer not the song.
2943,5742,0,4,39,43,1.0930232558139534,0.04481972612369448,614,"Yep, that’s it, I’m afraid: ‘Practice, practice, practice” . . . but the piano’s grand."
2084,5742,0,4,39,43,1.0930232558139534,0.04481972612369448,614,"Hi, I'm your tuner. Can you play Grieg's Piano Concerto in A minor ?"
2074,5742,0,4,39,43,1.0930232558139534,0.04481972612369448,614,Stairway!
2029,5742,0,4,39,43,1.0930232558139534,0.04481972612369448,614,"Can you do ""High on a Windy Plain""?"
2003,5742,0,4,39,43,1.0930232558139534,0.04481972612369448,614,So this is where the pop stars go for their ghost writers.
1972,5742,0,4,39,43,1.0930232558139534,0.04481972612369448,614,"I climbed the mountains running from a nightmare... Please, tell that piano is not for playing reggaeton."
1802,5742,1,2,40,43,1.0930232558139534,0.055823181223160837,614,We have ways to make you laugh.
1798,5742,1,2,40,43,1.0930232558139534,0.055823181223160837,614,"Hello, Schubert! Have you finished yet?"
1781,5742,0,4,39,43,1.0930232558139534,0.04481972612369448,614,Use 'Alfie'.
1723,5742,0,4,39,43,1.0930232558139534,0.04481972612369448,614,What do you charge for tuning?
6750,5742,0,4,39,43,1.0930232558139534,0.04481972612369448,614,"""Why not title it 'Nature Old Goat?""'"
1644,5742,0,4,39,43,1.0930232558139534,0.04481972612369448,614,Did you bring the tuning hammer???
1580,5742,1,2,40,43,1.0930232558139534,0.055823181223160837,614,Forget your mommy. Better call Giuliani.
1529,5742,0,4,39,43,1.0930232558139534,0.04481972612369448,614,"Man, what are you doing here? La, la, la, de-de-daaah..."
1481,5742,0,4,39,43,1.0930232558139534,0.04481972612369448,614,"Ok so David says it goes like this: the fourth, the fifth, the minor fall, and then the hyper-kinetic drop."
1334,5742,0,4,39,43,1.0930232558139534,0.04481972612369448,614,Can you give me the meaning of life in B-flat?
1330,5742,0,4,39,43,1.0930232558139534,0.04481972612369448,614,I think you ought to aim for a higher note.
1317,5742,1,2,40,43,1.0930232558139534,0.055823181223160837,614,Are you sure the neighbors will not complain if I accompany you with my bagpipes?
1271,5742,0,4,39,43,1.0930232558139534,0.04481972612369448,614,"What the hell kind of advice is, “Dum, dum, dum, dum?”"
1257,5742,0,4,39,43,1.0930232558139534,0.04481972612369448,614,"Well, isn't this just Grand?"" ""I knew I was climbing the Grand Tetons, but, still..."
2100,5742,0,4,39,43,1.0930232558139534,0.04481972612369448,614,"""Rocky Mountain High"" would be guru-vy."
6153,5742,0,4,39,43,1.0930232558139534,0.04481972612369448,614,I've come all this way just to hear you play your piano
2136,5742,0,4,39,43,1.0930232558139534,0.04481972612369448,614,Oh! How grand it is!
2222,5742,0,4,39,43,1.0930232558139534,0.04481972612369448,614,Can you play tea for two?
2919,5742,1,2,40,43,1.0930232558139534,0.055823181223160837,614,Please invest in my ICO.
2887,5742,0,4,39,43,1.0930232558139534,0.04481972612369448,614,The melody of the mountains have always attracted me....
2837,5742,0,4,39,43,1.0930232558139534,0.04481972612369448,614,So that's why they call it the Grand Canyon...
2823,5742,0,4,39,43,1.0930232558139534,0.04481972612369448,614,"Which Hall is this, Carnegie or Taj Ma?"
2811,5742,0,4,39,43,1.0930232558139534,0.04481972612369448,614,"Let me guess, someone requested you play ""Far, far away""?"
2650,5742,0,4,39,43,1.0930232558139534,0.04481972612369448,614,So this is what they meant by grand entrance.
2642,5742,0,4,39,43,1.0930232558139534,0.04481972612369448,614,Sweet Caroline?...No never heard of her
2624,5742,0,4,39,43,1.0930232558139534,0.04481972612369448,614,I didn't climb up here for a pedant or a piano.
2589,5742,0,4,39,43,1.0930232558139534,0.04481972612369448,614,"How about you play and sing, 'Melancholy Baby'?"
2568,5742,1,2,40,43,1.0930232558139534,0.055823181223160837,614,Did I miss the crescendo?
2560,5742,0,4,39,43,1.0930232558139534,0.04481972612369448,614,"Yes, the piano lessons were an anniversary gift from my husband."
2507,5742,0,4,39,43,1.0930232558139534,0.04481972612369448,614,The scales sound good; next let's have you move on to chords.
2388,5742,0,4,39,43,1.0930232558139534,0.04481972612369448,614,I've gotta think my harmonica choice was a better decision.
2387,5742,0,4,39,43,1.0930232558139534,0.04481972612369448,614,I call it Für Everest
2379,5742,0,4,39,43,1.0930232558139534,0.04481972612369448,614,"Did you think I was the ""bad cop""? Well, meet Bubbles."
2369,5742,0,4,39,43,1.0930232558139534,0.04481972612369448,614,Would you play 'On Rocky Top' for me?
2307,5742,0,4,39,43,1.0930232558139534,0.04481972612369448,614,That was a gurugeous concerto.
2304,5742,0,4,39,43,1.0930232558139534,0.04481972612369448,614,"We found your head. Unfortunately, you won't be able to sight read anymore!"
2253,5742,0,4,39,43,1.0930232558139534,0.04481972612369448,614,"Charlie, we could've been standing on the Great Wall of China."
2178,5742,1,2,40,43,1.0930232558139534,0.055823181223160837,614,"Sorry, I still think the pipe organ would have been a better choice."
6090,5742,0,4,39,43,1.0930232558139534,0.04481972612369448,614,You really did take it away.
6031,5742,1,2,40,43,1.0930232558139534,0.055823181223160837,614,You left society to learn how to play ‘Chopsticks’?
6013,5742,0,4,39,43,1.0930232558139534,0.04481972612369448,614,"No, thank you. I'll put the lid down"
4177,5742,0,4,39,43,1.0930232558139534,0.04481972612369448,614,This piano tuning is going to cosy you big time
4102,5742,0,4,39,43,1.0930232558139534,0.04481972612369448,614,"Sorry, I have to leave now if I want to find parking for my daughter's recital on Kilimanjaro..."
4061,5742,0,4,39,43,1.0930232558139534,0.04481972612369448,614,Would this happen to be Steinway Peak?
4022,5742,0,4,39,43,1.0930232558139534,0.04481972612369448,614,I told you he was on the edge of glory
4019,5742,0,4,39,43,1.0930232558139534,0.04481972612369448,614,Hey the hills are suppose to be alive with the sound of music so start playing......change it up. Maybe something with a Latin beat.
4001,5742,0,4,39,43,1.0930232558139534,0.04481972612369448,614,I'm tired of playing this piano. There's no audience up here. Do you play?
3916,5742,0,4,39,43,1.0930232558139534,0.04481972612369448,614,"My son, ""It's the journey, not the final score, that counts!"""
3876,5742,0,4,39,43,1.0930232558139534,0.04481972612369448,614,"Actually, it's a baby grand."
3870,5742,0,4,39,43,1.0930232558139534,0.04481972612369448,614,"Practice, Practice."
3849,5742,0,4,39,43,1.0930232558139534,0.04481972612369448,614,"Sorry, you'll need a ticket to watch the performance."
3835,5742,0,4,39,43,1.0930232558139534,0.04481972612369448,614,"I have enlightened you, Muhammad."
3818,5742,0,4,39,43,1.0930232558139534,0.04481972612369448,614,"Huh, Writer's block"
3743,5742,0,4,39,43,1.0930232558139534,0.04481972612369448,614,Forget it. Somebody already wrote a musical about public bathrooms.
3696,5742,1,2,40,43,1.0930232558139534,0.055823181223160837,614,">Just play it one more time Sam"""
3630,5742,0,4,39,43,1.0930232558139534,0.04481972612369448,614,Are you interested in trying out a dueling pianos act?
3626,5742,1,2,40,43,1.0930232558139534,0.055823181223160837,614,"I'm not sure what's harder, climbing that cliff or climbing the keys."
3577,5742,0,4,39,43,1.0930232558139534,0.04481972612369448,614,You have run dry?
3573,5742,0,4,39,43,1.0930232558139534,0.04481972612369448,614,Time is money old chap. Get your head out of the clouds and create something.
3492,5742,0,4,39,43,1.0930232558139534,0.04481972612369448,614,"So, what inspired you to write 'Damned by Gravity'?"
4190,5742,0,4,39,43,1.0930232558139534,0.04481972612369448,614,"I knew with ""Music on High"" had to be you, Jesus."
3467,5742,1,2,40,43,1.0930232558139534,0.055823181223160837,614,They said this was the way to Carnegie Hall.
4212,5742,0,4,39,43,1.0930232558139534,0.04481972612369448,614,I figured you'd be accompanied by a fat lady singing.
4273,5742,0,4,39,43,1.0930232558139534,0.04481972612369448,614,"My editor sent me up here to find out how you get your ideas, Mr. Grofe."
4724,5742,0,4,39,43,1.0930232558139534,0.04481972612369448,614,Would you mind if I play you off?
4714,5742,0,4,39,43,1.0930232558139534,0.04481972612369448,614,"No, but om a few bars and I'll fake it."
4639,5742,0,4,39,43,1.0930232558139534,0.04481972612369448,614,It looks like you are having more trouble with the clef than me?
4604,5742,0,4,39,43,1.0930232558139534,0.04481972612369448,614,I said to whistle when you were ready.
4561,5742,0,4,39,43,1.0930232558139534,0.04481972612369448,614,Take Five? Taking five?
4555,5742,0,4,39,43,1.0930232558139534,0.04481972612369448,614,I've never climbed a 5.10b minor before.
4543,5742,1,2,40,43,1.0930232558139534,0.055823181223160837,614,"Hey man, Hall of the Mountain King was a little on the nose, don't you think?"
4533,5742,1,2,40,43,1.0930232558139534,0.055823181223160837,614,Sorry. It's just that the folks in the valley decided they can't hear themselves think.
4531,5742,0,4,39,43,1.0930232558139534,0.04481972612369448,614,Never mind. The song isn't finished yet.
1202,5742,1,2,40,43,1.0930232558139534,0.055823181223160837,614,I think it just roled past me on my right.
4527,5742,0,4,39,43,1.0930232558139534,0.04481972612369448,614,I've been listening to you since I was a kid.
4461,5742,1,2,40,43,1.0930232558139534,0.055823181223160837,614,"Oh, great. You’re a Hoodoo Guru."
4435,5742,0,4,39,43,1.0930232558139534,0.04481972612369448,614,"I'm here to tune your piano, but only if you promise to play ""Kitten on the Keys."""
4403,5742,0,4,39,43,1.0930232558139534,0.04481972612369448,614,"Just because it’s nine o’clock on a Saturday doesn’t mean anything,"
4365,5742,0,4,39,43,1.0930232558139534,0.04481972612369448,614,"Next week, we shall work on advanced minor chords!"
4355,5742,0,4,39,43,1.0930232558139534,0.04481972612369448,614,Do you have cappuccino?
4339,5742,1,2,40,43,1.0930232558139534,0.055823181223160837,614,So that's where my Steinway is!
4295,5742,1,2,40,43,1.0930232558139534,0.055823181223160837,614,hi 'c'
4278,5742,0,4,39,43,1.0930232558139534,0.04481972612369448,614,"How about these lyrics, ""Climb Ev'ry Mountain..."""
4226,5742,0,4,39,43,1.0930232558139534,0.04481972612369448,614,"Oh, it's you again, still trying to get into the restaurant? Well, it went out of business the day before they delivered this piano."
4767,5742,0,4,39,43,1.0930232558139534,0.04481972612369448,614,"No, I won't play ""Freebird"". Again."
3387,5742,1,2,40,43,1.0930232558139534,0.055823181223160837,614,"Dude, would you keep it down a bit. The birds are flying away!"
3310,5742,0,4,39,43,1.0930232558139534,0.04481972612369448,614,Anything but piano man.
5444,5742,0,4,39,43,1.0930232558139534,0.04481972612369448,614,Who cares if you can't play an arpeggio!!
5495,5742,0,4,39,43,1.0930232558139534,0.04481972612369448,614,Postmates?
5539,5742,0,4,39,43,1.0930232558139534,0.04481972612369448,614,Welcome to my pedestal. You must be stunning and brilliant.
5550,5742,0,4,39,43,1.0930232558139534,0.04481972612369448,614,"So, nada?"
5559,5742,0,4,39,43,1.0930232558139534,0.04481972612369448,614,Will you stick around to hear my chords?
5570,5742,1,2,40,43,1.0930232558139534,0.055823181223160837,614,"If you're taking requests, how about a few bars of ""Climb every mountain."""
5630,5742,0,4,39,43,1.0930232558139534,0.04481972612369448,614,Hum a few bars. I'll get it.
5648,5742,0,4,39,43,1.0930232558139534,0.04481972612369448,614,I’m into the other kind of ‘grand scale’.
5670,5742,0,4,39,43,1.0930232558139534,0.04481972612369448,614,Ugh! Already too much Rock and Roll.
5682,5742,0,4,39,43,1.0930232558139534,0.04481972612369448,614,"Thanks for stopping by. Anyway, here's ""Wonderwall."""
5683,5742,0,4,39,43,1.0930232558139534,0.04481972612369448,614,You should have payed the convenience fee
5734,5742,1,2,40,43,1.0930232558139534,0.055823181223160837,614,I was told that there was a rock concert up here.
5749,5742,0,4,39,43,1.0930232558139534,0.04481972612369448,614,So your saying you don't know 'Piano Man'...oh well...goodbye.
5772,5742,0,4,39,43,1.0930232558139534,0.04481972612369448,614,"Ive been trying to compose ""The Pioneers Ballad"""
5810,5742,0,4,39,43,1.0930232558139534,0.04481972612369448,614,We really should have come to an agreement on the duration of our grand pause.
5828,5742,0,4,39,43,1.0930232558139534,0.04481972612369448,614,well that was anti-climatic...
5829,5742,0,4,39,43,1.0930232558139534,0.04481972612369448,614,I thought it was dueling pianos up here.
5894,5742,0,4,39,43,1.0930232558139534,0.04481972612369448,614,So practice really is the path to Nirvana.
5949,5742,0,4,39,43,1.0930232558139534,0.04481972612369448,614,I'm hoping for a Vegas residency.
5426,5742,0,4,39,43,1.0930232558139534,0.04481972612369448,614,"I said, play ""Melancholy Baby"" for me."
3376,5742,1,2,40,43,1.0930232558139534,0.055823181223160837,614,Alas! The Grand Piano!
5389,5742,0,4,39,43,1.0930232558139534,0.04481972612369448,614,"The piece sounded pretty good, but your intonation was a little too high."
5383,5742,1,2,40,43,1.0930232558139534,0.055823181223160837,614,Have you by chance seen that snarky jerk Patrick Radden Keefe from the New Yorker?
3248,5742,0,4,39,43,1.0930232558139534,0.04481972612369448,614,Interdisciplinary Scalers Seek Dialogue
3235,5742,0,4,39,43,1.0930232558139534,0.04481972612369448,614,Duet or menage a trois?
4800,5742,0,4,39,43,1.0930232558139534,0.04481972612369448,614,Hey! I'm trying to sleep down here
4808,5742,0,4,39,43,1.0930232558139534,0.04481972612369448,614,"""Can you play Country Roads by John Denver?"" Joe Pitts, Washington, DC"
4834,5742,1,2,40,43,1.0930232558139534,0.055823181223160837,614,You're climbing up the wrong rock boy
4835,5742,0,4,39,43,1.0930232558139534,0.04481972612369448,614,God has hobbies too
4894,5742,1,2,40,43,1.0930232558139534,0.055823181223160837,614,"I’ve got bad news, the estates of Freddie Mercury and David Bowie are sueing you for ripping off “Under Pressure”."
4898,5742,0,4,39,43,1.0930232558139534,0.04481972612369448,614,Can you play As Time Goes By?
4969,5742,0,4,39,43,1.0930232558139534,0.04481972612369448,614,"Can you play Beethoven's Fifth? If not, you can go back."
5001,5742,0,4,39,43,1.0930232558139534,0.04481972612369448,614,What do you mean you forgot your truss?
5173,5742,1,2,40,43,1.0930232558139534,0.055823181223160837,614,It certainly took you long enough...
5175,5742,1,2,40,43,1.0930232558139534,0.055823181223160837,614,"John Kerry is requesting "" You've Got A Friend ""."
5211,5742,0,4,39,43,1.0930232558139534,0.04481972612369448,614,I sure could use a bit of 'Rocky Mountain High.'
5326,5742,0,4,39,43,1.0930232558139534,0.04481972612369448,614,I don’t play; I just “SCREAMED” when I found it.
5329,5742,0,4,39,43,1.0930232558139534,0.04481972612369448,614,"I’ve heard people put flags in the top, but this looks dope."
5346,5742,1,2,40,43,1.0930232558139534,0.055823181223160837,614,Is there a cover aftet soltice?
5361,5742,1,2,40,43,1.0930232558139534,0.055823181223160837,614,"John will be right back, Ringo... where's Paul?"
5373,5742,0,4,39,43,1.0930232558139534,0.04481972612369448,614,"And now, please, some Scarlotti."
5381,5742,0,4,39,43,1.0930232558139534,0.04481972612369448,614,"Gee, Mr. Sharp...Your teaching methods are a bit unorthodox. I've done everything you've asked. I've climbed two vocal ranges and hiked a flat top. It's best I leave your musical boot camp on a high note."
5384,5742,0,4,39,43,1.0930232558139534,0.04481972612369448,614,I could help you with the tuning!
1193,5742,0,4,39,43,1.0930232558139534,0.04481972612369448,614,Hands down – you're the funkiest mirage I've ever had!
1716,5742,0,4,39,43,1.0930232558139534,0.04481972612369448,614,"When you finish playing Schubert's Unfinished Symphony, could you give me directions to Sleepy Hollow?"
1174,5742,0,4,39,43,1.0930232558139534,0.04481972612369448,614,Are they still playing rap?
546,5742,0,4,39,43,1.0930232558139534,0.04481972612369448,614,"So, THIS is how Trump imagines himself tweeting!"
529,5742,0,4,39,43,1.0930232558139534,0.04481972612369448,614,"Oh, I thought my ears were popping."
521,5742,0,4,39,43,1.0930232558139534,0.04481972612369448,614,I think you should just call it Morning Mood.
459,5742,1,2,40,43,1.0930232558139534,0.055823181223160837,614,"My son, the only music at the top of a mountain is...not very good."
438,5742,1,2,40,43,1.0930232558139534,0.055823181223160837,614,"hey lady,keep the noise down sherpas need our rest"
407,5742,0,4,39,43,1.0930232558139534,0.04481972612369448,614,"So you’re telling me... the secret to happiness and enlightenment is just banging out chopsticks as loud as fucking possible??? Damn, I left my wife and kids for this trip"
406,5742,1,2,40,43,1.0930232558139534,0.055823181223160837,614,And I thought the climb was a challenge *without* the piano.
382,5742,0,4,39,43,1.0930232558139534,0.04481972612369448,614,Just the facts kid. Just the facts.
361,5742,1,2,40,43,1.0930232558139534,0.055823181223160837,614,You appear to be an old man with a piano on a mountainside.
304,5742,0,4,39,43,1.0930232558139534,0.04481972612369448,614,Have you tried G major?
296,5742,0,4,39,43,1.0930232558139534,0.04481972612369448,614,I heard you were having trouble with a fugue.
214,5742,0,4,39,43,1.0930232558139534,0.04481972612369448,614,Is this scales practise?
211,5742,1,2,40,43,1.0930232558139534,0.055823181223160837,614,How long does it take you to get a tuning wrench?
141,5742,1,2,40,43,1.0930232558139534,0.055823181223160837,614,"If you want my opinion, I’d say it was anything but flat."
137,5742,0,4,39,43,1.0930232558139534,0.04481972612369448,614,They say music calms the savage breast or (beast)!
109,5742,0,4,39,43,1.0930232558139534,0.04481972612369448,614,Will you please play Like a Rolling Stone again?
96,5742,0,4,39,43,1.0930232558139534,0.04481972612369448,614,How much did you tip your movers?
67,5742,1,2,40,43,1.0930232558139534,0.055823181223160837,614,The good news is you made it to the summit and the bad news is I have songwriters block and you're not leaving until you help unblock me!
46,5742,1,2,40,43,1.0930232558139534,0.055823181223160837,614,Does it really matter if I tune your piano?
30,5742,1,2,40,43,1.0930232558139534,0.055823181223160837,614,Maybe try a smaller instrument next time? At least for the sake of the delivery guys.
4,5742,0,4,39,43,1.0930232558139534,0.04481972612369448,614,"We are still dangerous, even after we had to cut back on surveillance after the Facebook debacle."
1,5742,0,4,39,43,1.0930232558139534,0.04481972612369448,614,"What, you need him to squeeze out a gun to remember?"
1179,5742,0,4,39,43,1.0930232558139534,0.04481972612369448,614,I shouldn't have brought my iPod
549,5742,0,4,39,43,1.0930232558139534,0.04481972612369448,614,Rock man in off I presume.
561,5742,1,2,40,43,1.0930232558139534,0.055823181223160837,614,"So after Billy Joel's song, you retired here?"
42,5742,0,4,39,43,1.0930232558139534,0.04481972612369448,614,"No, you've got it backwards...Supertramp stole the idea from ME."
612,5742,1,2,40,43,1.0930232558139534,0.055823181223160837,614,Are you the grand Poobah?
1150,5742,0,4,39,43,1.0930232558139534,0.04481972612369448,614,"Hey Gandalf, is it me or am I over-reacting, didn't The New Yorker recently have a caption contest just like this?"
564,5742,0,4,39,43,1.0930232558139534,0.04481972612369448,614,No mountain is too high for me to climb to listen to the oldies.
1141,5742,0,4,39,43,1.0930232558139534,0.04481972612369448,614,My partner takes his good-cop role seriously.
1095,5742,0,4,39,43,1.0930232558139534,0.04481972612369448,614,Excuse me. Have you seen Davy who's still in the Navy and probably will be for life?
1084,5742,0,4,39,43,1.0930232558139534,0.04481972612369448,614,Are we at the crescendo?
1072,5742,0,4,39,43,1.0930232558139534,0.04481972612369448,614,Cliff Notes: The Beginning.
1035,5742,1,2,40,43,1.0930232558139534,0.055823181223160837,614,I guess I'll be sitting in the nosebleeds.
1019,5742,0,4,39,43,1.0930232558139534,0.04481972612369448,614,"Oh, sorry. God helped me tune it. Thanks."
996,5742,0,4,39,43,1.0930232558139534,0.04481972612369448,614,E train is Very slow
987,5742,0,4,39,43,1.0930232558139534,0.04481972612369448,614,Hope you didn’t come up here to hear the piano man.
976,5742,0,4,39,43,1.0930232558139534,0.04481972612369448,614,What are the keys to give up?
1121,5742,0,4,39,43,1.0930232558139534,0.04481972612369448,614,I'm here from Billboard magazine. Give me twenty minutes and I'll be on my way.
933,5742,0,4,39,43,1.0930232558139534,0.04481972612369448,614,What! You and your grand piano got before me?! What’s the trick?
954,5742,0,4,39,43,1.0930232558139534,0.04481972612369448,614,"no piece, no peace"
733,5742,0,4,39,43,1.0930232558139534,0.04481972612369448,614,How about some Cole Porter?
726,5742,0,4,39,43,1.0930232558139534,0.04481972612369448,614,"Ya got a permit, hermit??"
734,5742,0,4,39,43,1.0930232558139534,0.04481972612369448,614,"The piano movers are back again, finished or not, the rental is up."
754,5742,0,4,39,43,1.0930232558139534,0.04481972612369448,614,I decided to just duet.
682,5742,0,4,39,43,1.0930232558139534,0.04481972612369448,614,Play me the New World Symphony
882,5742,0,4,39,43,1.0930232558139534,0.04481972612369448,614,Man: God? What are you doing here? God: Contemplating a career switch.
895,5742,0,4,39,43,1.0930232558139534,0.04481972612369448,614,That's it? Seven flats?
899,5742,0,4,39,43,1.0930232558139534,0.04481972612369448,614,Yes I do know the overture to ‘Phantom of the Opera.
915,5742,0,4,39,43,1.0930232558139534,0.04481972612369448,614,"I'm the piano tuner. Yeah, it takes a certain knack---not just anybody can tune a piano."
811,5742,0,4,39,43,1.0930232558139534,0.04481972612369448,614,"No, this is the bass of the camp"
1920,5953,1,2,41,44,1.0909090909090908,0.054580679253385125,614,I knew the whole tablet thing was probably fake news!
1986,5953,0,4,40,44,1.0909090909090908,0.04384025656094653,614,Now don't you feel silly for quitting those lessons in fourth grade?
1993,5953,0,4,40,44,1.0909090909090908,0.04384025656094653,614,"Hi, I'm Technician Opperknockety and I'll tune but once"
2007,5953,0,4,40,44,1.0909090909090908,0.04384025656094653,614,Is this fringe soundscape performance?
2129,5953,1,2,41,44,1.0909090909090908,0.054580679253385125,614,See you in two weeks for another tuning. And you might want to reconsider the location of your piano... against an inside wall is much better.
2146,5953,0,4,40,44,1.0909090909090908,0.04384025656094653,614,"Whew, do you think I'm rock-man-enough?"
2215,5953,0,4,40,44,1.0909090909090908,0.04384025656094653,614,Breasts? That’s why you thought they were called the Grand Tetons?
2421,5953,0,4,40,44,1.0909090909090908,0.04384025656094653,614,Play 'My Melancholy Baby'.
2678,5953,0,4,40,44,1.0909090909090908,0.04384025656094653,614,What do you mean you don't know any Lady Gaga?
2503,5953,0,4,40,44,1.0909090909090908,0.04384025656094653,614,Your telling me I won't find the key because I did the wrong scale?
2506,5953,0,4,40,44,1.0909090909090908,0.04384025656094653,614,There was better money in IT.
2516,5953,0,4,40,44,1.0909090909090908,0.04384025656094653,614,Welcome to life's plateau.
2681,5953,0,4,40,44,1.0909090909090908,0.04384025656094653,614,I've been told my playing is tops in the world
2767,5953,0,4,40,44,1.0909090909090908,0.04384025656094653,614,This is where you have been hiding for the past 40 days - What are you composing now?
2782,5953,0,4,40,44,1.0909090909090908,0.04384025656094653,614,I worked on my scales all the way up here.
3024,5953,0,4,40,44,1.0909090909090908,0.04384025656094653,614,Who’s the wise one now?
1866,5953,0,4,40,44,1.0909090909090908,0.04384025656094653,614,"Hey, no offense, but your piano is out of tune."
3074,5953,0,4,40,44,1.0909090909090908,0.04384025656094653,614,Who's your movers?
2457,5953,0,4,40,44,1.0909090909090908,0.04384025656094653,614,Debating on solitary confinement
1847,5953,0,4,40,44,1.0909090909090908,0.04384025656094653,614,I blame my off key yodeling on the poorly tuned piano.
815,5953,0,4,40,44,1.0909090909090908,0.04384025656094653,614,Just waiting to get paid.
1763,5953,0,4,40,44,1.0909090909090908,0.04384025656094653,614,The hills really are “Alive With Music”.
3172,5953,1,2,41,44,1.0909090909090908,0.054580679253385125,614,WOW. Excellent rendition of Pacabel's Canon in D!
59,5953,0,4,40,44,1.0909090909090908,0.04384025656094653,614,You look like you take requests.
398,5953,0,4,40,44,1.0909090909090908,0.04384025656094653,614,"Just an FYI, it needs to be tuned."
458,5953,0,4,40,44,1.0909090909090908,0.04384025656094653,614,"For the love of God, lower the key!"
545,5953,0,4,40,44,1.0909090909090908,0.04384025656094653,614,"Sorry, no requests please."
623,5953,0,4,40,44,1.0909090909090908,0.04384025656094653,614,Maybe you could try playing the old stuff.
701,5953,0,4,40,44,1.0909090909090908,0.04384025656094653,614,You've really hit rock bottom.
752,5953,0,4,40,44,1.0909090909090908,0.04384025656094653,614,"anyway, here's wonderwall"
792,5953,0,4,40,44,1.0909090909090908,0.04384025656094653,614,"Rock Man Enough, Trifonov? Yannick?"
1845,5953,0,4,40,44,1.0909090909090908,0.04384025656094653,614,Did you level the playing field?
794,5953,0,4,40,44,1.0909090909090908,0.04384025656094653,614,"Actually, I was really hoping NOT to be asked to play 'Melancholy Baby.'"
985,5953,1,2,41,44,1.0909090909090908,0.054580679253385125,614,I really thought this would get my music to new heights.
1009,5953,1,2,41,44,1.0909090909090908,0.054580679253385125,614,I was trying to reach a higher note . . .
1047,5953,0,4,40,44,1.0909090909090908,0.04384025656094653,614,"Play ""Mistaken"" for me."
1128,5953,1,2,41,44,1.0909090909090908,0.054580679253385125,614,"Eh, tune, Brute?"
1204,5953,1,2,41,44,1.0909090909090908,0.054580679253385125,614,"I’m from Costco, did you want to return an Electric Piano?"
1239,5953,0,4,40,44,1.0909090909090908,0.04384025656094653,614,Would you please keep it down? Some of us are trying to get some sleep downstairs...
1486,5953,0,4,40,44,1.0909090909090908,0.04384025656094653,614,Did you bring the metronome?
1533,5953,0,4,40,44,1.0909090909090908,0.04384025656094653,614,That was very soothing Mr. Congreve. Please play it again.
1654,5953,0,4,40,44,1.0909090909090908,0.04384025656094653,614,"Come here often?/ Or ""On Top of old Smokey"""
809,5953,0,4,40,44,1.0909090909090908,0.04384025656094653,614,Play me up
3350,5953,0,4,40,44,1.0909090909090908,0.04384025656094653,614,"Could you please play Mussorgsky's ""Night on Bald Mountain""?"
5319,5953,0,4,40,44,1.0909090909090908,0.04384025656094653,614,"Perfect acoustics for 4'33""."
3398,5953,0,4,40,44,1.0909090909090908,0.04384025656094653,614,Hold on. I have the transplant.
5354,5953,0,4,40,44,1.0909090909090908,0.04384025656094653,614,Free for local pickup.
5415,5953,1,2,41,44,1.0909090909090908,0.054580679253385125,614,I assumed the ‘no view’ on my ticket referred to me.
5544,5953,0,4,40,44,1.0909090909090908,0.04384025656094653,614,Did you lose your piece?
5578,5953,0,4,40,44,1.0909090909090908,0.04384025656094653,614,"Mozart's Piano Concerto No 24 in C minor, please."
5580,5953,0,4,40,44,1.0909090909090908,0.04384025656094653,614,I just have to get away; I heard ABBA is having a reunion.
5649,5953,0,4,40,44,1.0909090909090908,0.04384025656094653,614,A pitch fork is not a tuning fork?
5790,5953,0,4,40,44,1.0909090909090908,0.04384025656094653,614,"Well, I might just have the right hook for you."
5813,5953,0,4,40,44,1.0909090909090908,0.04384025656094653,614,"Excuse me, which way does the trail continue?"
5925,5953,1,2,41,44,1.0909090909090908,0.054580679253385125,614,"Master, I come seeking bass camp!"
15,5953,1,2,41,44,1.0909090909090908,0.054580679253385125,614,Does this outfit make me look fat?
5971,5953,1,2,41,44,1.0909090909090908,0.054580679253385125,614,"Climb it again, Sam."
6085,5953,0,4,40,44,1.0909090909090908,0.04384025656094653,614,"Do you have any Händel’s Water Music, please?"
6186,5953,0,4,40,44,1.0909090909090908,0.04384025656094653,614,S’up dude.
6199,5953,0,4,40,44,1.0909090909090908,0.04384025656094653,614,Ok! I’ll be right back with the pipe organ.
6229,5953,0,4,40,44,1.0909090909090908,0.04384025656094653,614,"Excuse me, do you know the way to Shangri La? No, but if you hum a few bars, I'll fake it."
6234,5953,0,4,40,44,1.0909090909090908,0.04384025656094653,614,"After his arduous climb, Bill realised this was definitely not the Grand Canyon!"
6375,5953,0,4,40,44,1.0909090909090908,0.04384025656094653,614,"Was that Led Zeppelin you were playing?” “Welcome to heaven, most people take the stairs."
6468,5953,0,4,40,44,1.0909090909090908,0.04384025656094653,614,"They decided to drop the mountain inspiration part, but thanks anyway."
6596,5953,0,4,40,44,1.0909090909090908,0.04384025656094653,614,"To be honest, it still sounds a bit clichéd."
6708,5953,0,4,40,44,1.0909090909090908,0.04384025656094653,614,Maybe you should start with Chopsticks.
6049,5953,0,4,40,44,1.0909090909090908,0.04384025656094653,614,"Do you know ""Argy-Bargy"" by the Big-Eyed Boobs?"
3386,5953,0,4,40,44,1.0909090909090908,0.04384025656094653,614,"Hey piano man, Billy Joel is looking for you."
5285,5953,0,4,40,44,1.0909090909090908,0.04384025656094653,614,Acme piano tuning at your service.
4934,5953,0,4,40,44,1.0909090909090908,0.04384025656094653,614,"Holy sheet music! Ironically,I’m the one seeking guidance."
3431,5953,0,4,40,44,1.0909090909090908,0.04384025656094653,614,I wondered where that sound was coming from.
3468,5953,0,4,40,44,1.0909090909090908,0.04384025656094653,614,Well done...I suppose you Shall Pass
3535,5953,0,4,40,44,1.0909090909090908,0.04384025656094653,614,"Bud, you need to record it. Otherwise it is just never going to mutate into the celestial sound."
3605,5953,0,4,40,44,1.0909090909090908,0.04384025656094653,614,do you know freebird?
3728,5953,0,4,40,44,1.0909090909090908,0.04384025656094653,614,Lack of inspiration. I was waiting for someone...
3741,5953,0,4,40,44,1.0909090909090908,0.04384025656094653,614,"Nope, your Muse ain't here either."
3742,5953,0,4,40,44,1.0909090909090908,0.04384025656094653,614,Are we cool? The reservation website said ‘No music allowed after ten P.M.’
3757,5953,0,4,40,44,1.0909090909090908,0.04384025656094653,614,Well hi there! What's app?
3810,5953,0,4,40,44,1.0909090909090908,0.04384025656094653,614,"I scale these heights, and you still won't play my song?"
5135,5953,0,4,40,44,1.0909090909090908,0.04384025656094653,614,What do you mean you don't know any Lady Gaga songs?
3882,5953,2,0,42,44,1.0909090909090908,0.06353056744742798,614,You just had to end it on a high note.
4205,5953,1,2,41,44,1.0909090909090908,0.054580679253385125,614,I’d give up if I were you.
4246,5953,0,4,40,44,1.0909090909090908,0.04384025656094653,614,"No, the secret to life is not music."
4255,5953,0,4,40,44,1.0909090909090908,0.04384025656094653,614,That's great but the 3rd movement didn't quite work.
4283,5953,0,4,40,44,1.0909090909090908,0.04384025656094653,614,"The least you can do is to play ""Ain't No Mountain High Enough""."
4559,5953,0,4,40,44,1.0909090909090908,0.04384025656094653,614,Did you not bring your bass?
4676,5953,0,4,40,44,1.0909090909090908,0.04384025656094653,614,Two weeks ago I saved NYC. Can I register a disability?
4677,5953,0,4,40,44,1.0909090909090908,0.04384025656094653,614,"Hey man, don't be so down on yourself, you produced a Top 10 hit back in the day."
4792,5953,0,4,40,44,1.0909090909090908,0.04384025656094653,614,Look I know the piano's free but you really should have met me halfway.
4899,5953,0,4,40,44,1.0909090909090908,0.04384025656094653,614,Are you a sight for sore eyes! “She’s been coming round the mountain” has been stuck in my head all day and my iPod’s dead. Do you know any indie pop?
4163,5953,0,4,40,44,1.0909090909090908,0.04384025656094653,614,"I'd like to start with my first major hit, ""Piano Man""."
2,5953,0,4,40,44,1.0909090909090908,0.04384025656094653,614,Depends are now necessary!
342,5953,1,2,41,44,1.0909090909090908,0.054580679253385125,614,"Wow, that is a quite a story you have just told me about how that piano came to be here."
5027,6046,0,4,41,45,1.0888888888888888,0.042902546629485463,614,I’m guessing I missed the trail to Hamilton.
5854,6046,0,4,41,45,1.0888888888888888,0.042902546629485463,614,Of all the things I find on top of mountains...
5435,6046,0,4,41,45,1.0888888888888888,0.042902546629485463,614,My signature song is 'Karma Chameleon.'
4038,6046,0,4,41,45,1.0888888888888888,0.042902546629485463,614,"I really hope that doubles up as a toilet, because i'm bursting!"
3643,6046,1,2,42,45,1.0888888888888888,0.05339222337940409,614,"If you're the piano tuner, problem is, It only plays high notes."
3602,6046,1,2,42,45,1.0888888888888888,0.05339222337940409,614,"Can you play ""The Climb"" by Miley Cyrus?"
1403,6046,0,4,41,45,1.0888888888888888,0.042902546629485463,614,I love this place. Lots of sun. I don't have to flush. No identity politics or any sign of Felonia Milhous von Pantsuit. Paradise.
485,6046,0,4,41,45,1.0888888888888888,0.042902546629485463,614,"Congratulations! You get three requests, but no fair requesting a medley."
2130,6054,0,4,42,46,1.0869565217391304,0.04200399056866503,614,Try making the rondo a little more vivace.
268,6054,0,4,42,46,1.0869565217391304,0.04200399056866503,614,Did you come up here to admire my music?
1081,6054,0,4,42,46,1.0869565217391304,0.04200399056866503,614,Climber: You’re not Elton John God: haven’t heard that one before...him and his damn cloud
3681,6057,0,3,36,39,1.0769230769230769,0.04322703745761662,614,So where’s that score for the alpenhorn ?
2113,6057,0,3,36,39,1.0769230769230769,0.04322703745761662,614,"Finally, a page turner I can trust."
3609,6059,0,3,37,40,1.075,0.04217636961434866,614,When you get to the top you'll see a defeated musician. That's when you'll take a right.
3570,6059,0,3,37,40,1.075,0.04217636961434866,614,I guess you'll never decompose in this climate
3727,6059,0,3,37,40,1.075,0.04217636961434866,614,Know any Elton John?
3527,6059,0,3,37,40,1.075,0.04217636961434866,614,"Hi, I'm Steve, I'm from the town in the Valley. Would you mind not playing the piano anymore? That would be great..."
3525,6059,1,1,38,40,1.075,0.055325377864931344,614,"No, but hum a few bars and I’ll pick it up."
3484,6059,0,3,37,40,1.075,0.04217636961434866,614,My partner will be continuing your interrogation. He’s no one to laugh at.
3441,6059,0,3,37,40,1.075,0.04217636961434866,614,"Do you know ""Me and My Shadow?"""
3433,6059,0,3,37,40,1.075,0.04217636961434866,614,Could you play “You are the Wind Beneath My Wings”?
3352,6059,0,3,37,40,1.075,0.04217636961434866,614,Your tip jar almost hit me as I was climbing up.
3291,6059,0,3,37,40,1.075,0.04217636961434866,614,You're the top! You're a baby grand.
3286,6059,1,1,38,40,1.075,0.055325377864931344,614,It’s not an upright? I didn’t bring the baby grand tuner. Be back in 4 years.
3579,6059,0,3,37,40,1.075,0.04217636961434866,614,Are you an act of God?
3679,6059,0,3,37,40,1.075,0.04217636961434866,614,"Is that you, Lee? The candles wouldn't stay lit up here, would they?"
4020,6059,0,3,37,40,1.075,0.04217636961434866,614,Colonel Forbin dragged his weary shit-ass up the mountain only to find Icculus lacking in motivation and discarded pages of the Helping Friendly Book strewn across the ground. No mockingbirds in sight.
6749,6059,0,3,37,40,1.075,0.04217636961434866,614,I knew you were going to have trouble turning the pages.
6345,6059,1,1,38,40,1.075,0.055325377864931344,614,They said you could play the Transcendental Etudes.
6381,6059,0,3,37,40,1.075,0.04217636961434866,614,Can you play Julia's Suite?
6390,6059,1,1,38,40,1.075,0.055325377864931344,614,"Look, Mr. Stravinsky, if you don't start playing something less dissonant, the HOA has given me the authority to confiscate your piano."
6403,6059,0,3,37,40,1.075,0.04217636961434866,614,Your dad is still stuck in traffic.
6424,6059,0,3,37,40,1.075,0.04217636961434866,614,I've brought your new Real ID.
6445,6059,0,3,37,40,1.075,0.04217636961434866,614,Moses Smoses! Let's hear what ya got.
3251,6059,0,3,37,40,1.075,0.04217636961434866,614,"Oh, I was told you had a grand theory. [with theory italicized]"
6534,6059,0,3,37,40,1.075,0.04217636961434866,614,How did you get a piano up here!?
6614,6059,0,3,37,40,1.075,0.04217636961434866,614,"""You wanted to contact ""America's Got Talent""?"
6618,6059,0,3,37,40,1.075,0.04217636961434866,614,This isn’t the piano in the woods.
6643,6059,0,3,37,40,1.075,0.04217636961434866,614,"So, you say, this is sort of how Elton and Bernie did it, huh? Well, I'm out!"
6664,6059,0,3,37,40,1.075,0.04217636961434866,614,"But, I'm tone deaf."
6686,6059,0,3,37,40,1.075,0.04217636961434866,614,And I thought I needed a bridge.
6718,6059,0,3,37,40,1.075,0.04217636961434866,614,Is F-sharp truly the key to happiness?
6548,6059,0,3,37,40,1.075,0.04217636961434866,614,Gonna bang these keys like I banged your wife!
6336,6059,0,3,37,40,1.075,0.04217636961434866,614,"You don't seem very pleased with this ""secret chord"""
3191,6059,0,3,37,40,1.075,0.04217636961434866,614,Know any Elton John?
3141,6059,0,3,37,40,1.075,0.04217636961434866,614,"Play it, play it again Old Wise One."
2340,6059,1,1,38,40,1.075,0.055325377864931344,614,Then riff is solid but the climax escapes me.
2261,6059,0,3,37,40,1.075,0.04217636961434866,614,Duuuude! Nice jam on the keys!!!
2246,6059,0,3,37,40,1.075,0.04217636961434866,614,"On my way up I heard you playing ""Some Heads Are Gonna Roll"" by Judas Priest"
2200,6059,0,3,37,40,1.075,0.04217636961434866,614,"God, that climb was wicked."" ""Thanks, but I prefer 'crescendo.'"
2191,6059,0,3,37,40,1.075,0.04217636961434866,614,We all know it’s tough to rhyme “pee tape.” Maybe give iambic pentameter a shot?
2122,6059,1,1,38,40,1.075,0.055325377864931344,614,"I’m sorry, Mr Denver, but Rocky Mountain hip hop is never going to take off."
2073,6059,1,1,38,40,1.075,0.055325377864931344,614,"Schubert, did I just miss the finish?"
2051,6059,0,3,37,40,1.075,0.04217636961434866,614,"All the kids in third grade called me gay for taking piano lessons. While it is not my favorite memory, they were definitely right!"
2352,6059,0,3,37,40,1.075,0.04217636961434866,614,"You don't happen to have any paper on you, do you?"
2048,6059,0,3,37,40,1.075,0.04217636961434866,614,"So, did you ever finish that symphony?"
2037,6059,0,3,37,40,1.075,0.04217636961434866,614,"Dr. Albanoni, I presume."
1995,6059,1,1,38,40,1.075,0.055325377864931344,614,That certainly was a thunderous chord
1965,6059,0,3,37,40,1.075,0.04217636961434866,614,Am I too late for the concert?
1856,6059,0,3,37,40,1.075,0.04217636961434866,614,"You can run, but you cannot hide. The Donald needs that piano concerto."
1834,6059,1,1,38,40,1.075,0.055325377864931344,614,"Wow, what happened to your head?"
1804,6059,0,3,37,40,1.075,0.04217636961434866,614,That ends our 'What is Truth?' concerto. You've been very kind. Dive safely. See you next year.
1777,6059,0,3,37,40,1.075,0.04217636961434866,614,"Climber: My climbing has finally payed off, I've finally found the fabled pianist! Why have you abandoned your pupils? Old Man: I didn't abandon them! I was exiled once my pupils told their parents they had played with the pianist."
1764,6059,0,3,37,40,1.075,0.04217636961434866,614,I got the only ticket on StubHub...
2044,6059,0,3,37,40,1.075,0.04217636961434866,614,So this isn't Grand Teton then?
2447,6059,0,3,37,40,1.075,0.04217636961434866,614,"I think full stick is a bit overpowering for Scarlatti, but it did help me find you."
2479,6059,1,1,38,40,1.075,0.055325377864931344,614,Wait... I thought Nirvana was grunge not classical....
2499,6059,0,3,37,40,1.075,0.04217636961434866,614,Your pitch is sharp.
3122,6059,0,3,37,40,1.075,0.04217636961434866,614,Oops! Left my tuning fork back at the shop! Got one handy?
3101,6059,0,3,37,40,1.075,0.04217636961434866,614,"What is it you can’t face, bearded Maria?"
3062,6059,0,3,37,40,1.075,0.04217636961434866,614,"Oops! I thought the words were ""Climb ANY mountain."" Can you give me directions to the other musical?"
3027,6059,0,3,37,40,1.075,0.04217636961434866,614,Really? It's been eons since your last hit?
3020,6059,0,3,37,40,1.075,0.04217636961434866,614,"Good news, I've got your Lost Chord, but I'd give up on those piano movers if I were you, just sayin'."
2892,6059,0,3,37,40,1.075,0.04217636961434866,614,'You are late: i have just forgotten how an overture starts'
2890,6059,0,3,37,40,1.075,0.04217636961434866,614,"Is this world returning to the ""Twilight zone"" ""Spookey"""
2857,6059,0,3,37,40,1.075,0.04217636961434866,614,"Okay, Vladimir, I made it. Now, start with the D minor and keep going."
2852,6059,1,1,38,40,1.075,0.055325377864931344,614,You want to know the heck did I get up here on Carnegie Mountain? Practice practice practice.
2842,6059,0,3,37,40,1.075,0.04217636961434866,614,This be flat.
2812,6059,0,3,37,40,1.075,0.04217636961434866,614,I thought I called 5 Men with a Van.
2781,6059,0,3,37,40,1.075,0.04217636961434866,614,"I hope you really enjoy the sheet music to ""Hamilton""."
2761,6059,0,3,37,40,1.075,0.04217636961434866,614,"Excuse... me, sir I--HACK HACK--am in--th-the--WHEEZE--mood... for a melody!"
2747,6059,0,3,37,40,1.075,0.04217636961434866,614,Do you know Wonderwall?
2689,6059,0,3,37,40,1.075,0.04217636961434866,614,I've come for a taste of high art.
2685,6059,1,1,38,40,1.075,0.055325377864931344,614,Getting it up here was actually the least dangerous part.
2594,6059,0,3,37,40,1.075,0.04217636961434866,614,Oh. Your Craigslist ad said it was a baby grand. I guess I'll keep looking.
2590,6059,0,3,37,40,1.075,0.04217636961434866,614,People said my backpack was a bit much.
2534,6059,0,3,37,40,1.075,0.04217636961434866,614,I couldn't find the last page.
3168,6059,0,3,37,40,1.075,0.04217636961434866,614,"I'm sorry, we are not allowed to perform after 11:00"
4050,6059,0,3,37,40,1.075,0.04217636961434866,614,What’s with the beard?
6333,6059,0,3,37,40,1.075,0.04217636961434866,614,"Wow, a piano player at 6,000 meters - I think we both may have some stage fright."
6314,6059,0,3,37,40,1.075,0.04217636961434866,614,I'll come back next week.
4432,6059,0,3,37,40,1.075,0.04217636961434866,614,I can now tell the world that the Old Man of the Mountain is Mr. Steinway.
4447,6059,0,3,37,40,1.075,0.04217636961434866,614,Rock n’ Roll would have been a mistake
4448,6059,0,3,37,40,1.075,0.04217636961434866,614,What do you you don't have Wi - Fi?
4458,6059,0,3,37,40,1.075,0.04217636961434866,614,Thot by now you would be tired of playing around.
4460,6059,0,3,37,40,1.075,0.04217636961434866,614,Do you have any chop sticks?
4479,6059,0,3,37,40,1.075,0.04217636961434866,614,You hum it...I'll play it...
4511,6059,0,3,37,40,1.075,0.04217636961434866,614,"Can you play ""Enlightenment""?"
4626,6059,0,3,37,40,1.075,0.04217636961434866,614,That thing looks really heavy. I'm sure you must be exhausted.
4408,6059,0,3,37,40,1.075,0.04217636961434866,614,"You go ahead set up your tent first. BTW, have you seen my missing notes on the way up?"
4632,6059,0,3,37,40,1.075,0.04217636961434866,614,Billy Joel and ASCAP sent me.
4699,6059,0,3,37,40,1.075,0.04217636961434866,614,What is the true meaning of 'Damn'?
4722,6059,0,3,37,40,1.075,0.04217636961434866,614,Your wisdom is a musical?
4735,6059,1,1,38,40,1.075,0.055325377864931344,614,"Such a hard climb, just to hear your highly touted Rachmaninoff 2."
4744,6059,0,3,37,40,1.075,0.04217636961434866,614,"Play it Sam. Play ""I Left my Head in Crested Butte."""
4780,6059,0,3,37,40,1.075,0.04217636961434866,614,What are the keys to your piece?
4790,6059,0,3,37,40,1.075,0.04217636961434866,614,You played it for her. You can play it for me.
4806,6059,1,1,38,40,1.075,0.055325377864931344,614,"Sorry about the wait, I was caught up in traffic."
4829,6059,0,3,37,40,1.075,0.04217636961434866,614,Not working on a Grand Unified Theory??
4680,6059,0,3,37,40,1.075,0.04217636961434866,614,"They have helicopters, you know. How do you think I got this piano up here?"
4396,6059,0,3,37,40,1.075,0.04217636961434866,614,I see that you are highly skilled.
4338,6059,0,3,37,40,1.075,0.04217636961434866,614,"Sorry, but you haven’t reached the crescendo yet."
4332,6059,0,3,37,40,1.075,0.04217636961434866,614,It's a tad sharp
3962,6059,0,3,37,40,1.075,0.04217636961434866,614,So did you come up with a hit song yet?
3938,6059,0,3,37,40,1.075,0.04217636961434866,614,Where's the waitress?
3909,6059,0,3,37,40,1.075,0.04217636961434866,614,"I can offer you total enlightenment, or something that is even more elusive: the number for a good piano mover"
3905,6059,0,3,37,40,1.075,0.04217636961434866,614,"I’ve lost the score for ‘Edelweiss’, how about a rousing chorus of ‘Honey Bun’?"
3871,6059,0,3,37,40,1.075,0.04217636961434866,614,Ready to make some magic? Key of C.
3863,6059,0,3,37,40,1.075,0.04217636961434866,614,Is this where I can get some HIGH notes?
3825,6059,0,3,37,40,1.075,0.04217636961434866,614,"The New Yorker said your playing is ""infinitely abominable."""
3805,6059,0,3,37,40,1.075,0.04217636961434866,614,"DID it work for Kanye, though?"
3790,6059,1,1,38,40,1.075,0.055325377864931344,614,The maestro requests more oomph in the 4th measure.
3763,6059,0,3,37,40,1.075,0.04217636961434866,614,"Sorry, this mountain is occupied."
3730,6059,0,3,37,40,1.075,0.04217636961434866,614,"Listen, I misunderstood the situation, ok? - that's why I didn't say, 'break a leg'..."
3729,6059,0,3,37,40,1.075,0.04217636961434866,614,"Hi, any chance you know ""High on the Mountain of Love?"""
4085,6059,0,3,37,40,1.075,0.04217636961434866,614,"Have you considered 'Edelweiss?' I just think it will scan better 'Mädel, Hogweed.'"
4151,6059,0,3,37,40,1.075,0.04217636961434866,614,"You lured me with your generational music, got more?"
4245,6059,0,3,37,40,1.075,0.04217636961434866,614,"Having trouble sleeping? or ""stay composed>"""
1728,6059,0,3,37,40,1.075,0.04217636961434866,614,Mind if I put on Pandora for a while?
4296,6059,0,3,37,40,1.075,0.04217636961434866,614,"I'm just starting, but I think I'm getting the hang of it."
4313,6059,0,3,37,40,1.075,0.04217636961434866,614,"Oh, I was actually looking for a chord of wood."
4324,6059,0,3,37,40,1.075,0.04217636961434866,614,Was that the double fugue from Mysterious Mountain.?
4872,6059,0,3,37,40,1.075,0.04217636961434866,614,I shall play the scales for he who scales...
6320,6059,0,3,37,40,1.075,0.04217636961434866,614,The last thing i thought i would see here is a wrinkled pianist
4878,6059,0,3,37,40,1.075,0.04217636961434866,614,Yodeling is out of the question.
5035,6059,1,1,38,40,1.075,0.055325377864931344,614,"Yes, I figured you could play ""Far, Far Away."""
5731,6059,0,3,37,40,1.075,0.04217636961434866,614,I thought I just ordered a large latte.
5752,6059,0,3,37,40,1.075,0.04217636961434866,614,I'm starving. Do you have any hot cross buns?
5757,6059,0,3,37,40,1.075,0.04217636961434866,614,"Can you play, 'What's it all about, Alfie'?"
5789,6059,0,3,37,40,1.075,0.04217636961434866,614,"God: ""Tom, so happy your here, The music has been a free falling in heaven for years!"
5812,6059,1,1,38,40,1.075,0.055325377864931344,614,You understand the human condition but you can't rock n' roll to save your soul.
5866,6059,0,3,37,40,1.075,0.04217636961434866,614,Do you happen to have an extra g-string?
5872,6059,0,3,37,40,1.075,0.04217636961434866,614,"Wise pianist, reveal the mystery of the B-sharp."
5879,6059,1,1,38,40,1.075,0.055325377864931344,614,I can name that tune in three steps.
5679,6059,0,3,37,40,1.075,0.04217636961434866,614,Know any rumbas?
5880,6059,0,3,37,40,1.075,0.04217636961434866,614,Play it again for god’s sake!
5951,6059,1,1,38,40,1.075,0.055325377864931344,614,Teach me how to play ‘Shimmy Shimmy Ya’
5955,6059,0,3,37,40,1.075,0.04217636961434866,614,B sharp or B natural just don't B flat
5970,6059,0,3,37,40,1.075,0.04217636961434866,614,"I am really hoping you hold the key to the universe, not my heart."
5982,6059,0,3,37,40,1.075,0.04217636961434866,614,My client has lodged a copyright complaint regarding the material of the songs you are covering. Please cease and desist.
5999,6059,0,3,37,40,1.075,0.04217636961434866,614,"I like Tom Petty as much as anyone, but did it have to be ""Free Falling""?"
6119,6059,0,3,37,40,1.075,0.04217636961434866,614,"Oh, Perfect Master, I've heard tell that you do a mind-blowing version of ""Beat Me Daddy Eight to the Bar""..."
6130,6059,0,3,37,40,1.075,0.04217636961434866,614,I though I was on the rise but I've hit this plateau
6182,6059,0,3,37,40,1.075,0.04217636961434866,614,They tell me you know the sound of one hand clapping.
5921,6059,0,3,37,40,1.075,0.04217636961434866,614,"You went with Itsy Bitsy Spider again. Good, good."
5671,6059,1,1,38,40,1.075,0.055325377864931344,614,Where is your mind?
5659,6059,0,3,37,40,1.075,0.04217636961434866,614,Well this is my nightmare.
5653,6059,0,3,37,40,1.075,0.04217636961434866,614,"Well, here's another fine mess you've gotten us into."
5041,6059,0,3,37,40,1.075,0.04217636961434866,614,Can you hum a few bars?
5074,6059,0,3,37,40,1.075,0.04217636961434866,614,"Trust me, I'm as disappointed as you are."
5120,6059,0,3,37,40,1.075,0.04217636961434866,614,"Hey old man, is this the mountain top where it's living, loving, and laughing a lot?"
5155,6059,0,3,37,40,1.075,0.04217636961434866,614,I take it this is not Bass Guitar 101.
5239,6059,0,3,37,40,1.075,0.04217636961434866,614,Have you seen Tupac?
5253,6059,0,3,37,40,1.075,0.04217636961434866,614,Which way did the man go who requested 14 renditions of “the Piano Man”?
5276,6059,0,3,37,40,1.075,0.04217636961434866,614,Is that a real Steinway?
5279,6059,0,3,37,40,1.075,0.04217636961434866,614,I forgot to take the da Capo.
5289,6059,1,1,38,40,1.075,0.055325377864931344,614,"Hey Gramps, can you lay some Thelonius Monk on me?"
5297,6059,0,3,37,40,1.075,0.04217636961434866,614,Dedicate ten thousand hours and you get ahead.
5299,6059,0,3,37,40,1.075,0.04217636961434866,614,This is really divine music!
5358,6059,0,3,37,40,1.075,0.04217636961434866,614,Still think the “use by date” is just a scam?
5367,6059,1,1,38,40,1.075,0.055325377864931344,614,"No, I said, a headless PIANIST !"
5370,6059,0,3,37,40,1.075,0.04217636961434866,614,"Doctor Gradus, I presume."
5504,6059,0,3,37,40,1.075,0.04217636961434866,614,You should have quit when you were a head
5505,6059,0,3,37,40,1.075,0.04217636961434866,614,"For my first number, I will play ""Ooooom in D Minor."""
5528,6059,0,3,37,40,1.075,0.04217636961434866,614,No room for banjo players!
5614,6059,0,3,37,40,1.075,0.04217636961434866,614,"Rachmaninoff, I presume.."
5646,6059,0,3,37,40,1.075,0.04217636961434866,614,Need a vocal accompanist to match your talents?
4944,6059,1,1,38,40,1.075,0.055325377864931344,614,Do you know any rock?
1713,6059,0,3,37,40,1.075,0.04217636961434866,614,I understand you wanted to purchase a paper shredder?
4812,6059,1,1,38,40,1.075,0.055325377864931344,614,I knew I heard Beethoven 5th!
1583,6059,0,3,37,40,1.075,0.04217636961434866,614,Who put the bop in the bop-shu-bop?
582,6059,0,3,37,40,1.075,0.04217636961434866,614,"Sorry to bother, but how did you get the piano up here?"
576,6059,0,3,37,40,1.075,0.04217636961434866,614,"I thought the hills were alive with the sound of music, not a wannabe Gandolf- looking dude."
558,6059,0,3,37,40,1.075,0.04217636961434866,614,"If you're taking requests, how about 'Gimme Shelter'?"
491,6059,0,3,37,40,1.075,0.04217636961434866,614,Who farted?
456,6059,0,3,37,40,1.075,0.04217636961434866,614,No wonder. Your G# is out of tune.
444,6059,0,3,37,40,1.075,0.04217636961434866,614,Ease in with the Mozart. Then play the Liszt.
427,6059,0,3,37,40,1.075,0.04217636961434866,614,My mom was tired of Heart and Soul.
422,6059,0,3,37,40,1.075,0.04217636961434866,614,The cargo cult has not been immune to inflation.
400,6059,0,3,37,40,1.075,0.04217636961434866,614,You think I’m the bad cop? Wait till you see what my friend Mr. Tickles does with his little balloon.
393,6059,0,3,37,40,1.075,0.04217636961434866,614,Beyonce sent me.
360,6059,0,3,37,40,1.075,0.04217636961434866,614,This time keep the parking brake on till I'm back.
358,6059,0,3,37,40,1.075,0.04217636961434866,614,"Have you been decomposing?"""
315,6059,0,3,37,40,1.075,0.04217636961434866,614,"Don't worry, it took Bryan Wilson 25 years to record ""Smiley Smile"""
295,6059,0,3,37,40,1.075,0.04217636961434866,614,"Piano man""? ""No thanks, that song was ruined by everyone"" ""fuck ted cruz am right?"" ""YEAH"
265,6059,0,3,37,40,1.075,0.04217636961434866,614,Which way is the cafeteria
264,6059,0,3,37,40,1.075,0.04217636961434866,614,Maybe you could give me a head's up when you want me to play.
249,6059,0,3,37,40,1.075,0.04217636961434866,614,"Quit stalling pal, or the dog gets it."
247,6059,0,3,37,40,1.075,0.04217636961434866,614,Finally an Instagram-worthy hike.
241,6059,0,3,37,40,1.075,0.04217636961434866,614,I’ve always wanted to hike to the Canyon Grand.
240,6059,0,3,37,40,1.075,0.04217636961434866,614,Hi. I told you I make the recital.
199,6059,0,3,37,40,1.075,0.04217636961434866,614,"Well, it is the Grand Teton, after all."
197,6059,0,3,37,40,1.075,0.04217636961434866,614,High notes higher though coffee colder.
130,6059,0,3,37,40,1.075,0.04217636961434866,614,I didn't care for the piano bar scene.
120,6059,0,3,37,40,1.075,0.04217636961434866,614,Oh. I thought I would be greeted by a bigger orchestra.
106,6059,0,3,37,40,1.075,0.04217636961434866,614,It's not that your DOO-Wap isn't any good it's just dated.
0,6059,0,3,37,40,1.075,0.04217636961434866,614,Another weiner dog. That means Officer Chuckles still thinks you’re holding something back.
1648,6059,0,3,37,40,1.075,0.04217636961434866,614,"Please don't play me off, Johnny!"
656,6059,0,3,37,40,1.075,0.04217636961434866,614,"Hey, do you know how to play 'Old Man from the Mountain'?"
664,6059,1,1,38,40,1.075,0.055325377864931344,614,I'm all in favor of it. I always felt it could use a little more atmosphere around here.
281,6059,1,1,38,40,1.075,0.055325377864931344,614,Got gum?
679,6059,0,3,37,40,1.075,0.04217636961434866,614,"Do you know Mountain Greenery? no, but hum a few bars and I'll fake it!"
1536,6059,0,3,37,40,1.075,0.04217636961434866,614,Sanctus.
677,6059,0,3,37,40,1.075,0.04217636961434866,614,I don't know why you won't just get a keyboard and practice with headphones on...
1523,6059,0,3,37,40,1.075,0.04217636961434866,614,"Don’t let me stop you, but please play something lively in a flat key..."
1431,6059,0,3,37,40,1.075,0.04217636961434866,614,I seek the unfathomable opening chord to A Hard Day’s Night.
1363,6059,0,3,37,40,1.075,0.04217636961434866,614,Your life is a suspended chord. It has no resolution.
1361,6059,0,3,37,40,1.075,0.04217636961434866,614,"I wasn't expecting much of an audience,but, this is ridiculous."
1325,6059,0,3,37,40,1.075,0.04217636961434866,614,"Yes, it was a pretty big bang. But who did it?"
1290,6059,0,3,37,40,1.075,0.04217636961434866,614,Drone. Is that your only question?
1280,6059,0,3,37,40,1.075,0.04217636961434866,614,Did I climbed on a bad time?
1272,6059,0,3,37,40,1.075,0.04217636961434866,614,Do you know “Up Town Girl”?
1225,6059,0,3,37,40,1.075,0.04217636961434866,614,"I really appreciate your original stuff, but I'd love to hear you do ""Rocky Mountain High""?"
1068,6059,0,3,37,40,1.075,0.04217636961434866,614,I just need one lesson
1062,6059,0,3,37,40,1.075,0.04217636961434866,614,Maestro ! I was conducted to seek you out to learn the Harmony of life - and take Notes to help me settle the final Score .....
1292,6059,0,3,37,40,1.075,0.04217636961434866,614,"Elton, I have reached the pinnacle; hearing that last, 'it's a sad, sad situation' has piqued the peak of my life."
836,6059,0,3,37,40,1.075,0.04217636961434866,614,"I'm looking for Cliff Notes for the book, The Piano Teacher."
1021,6059,0,3,37,40,1.075,0.04217636961434866,614,"Yes, well, how much did you PRACTICE today?"
1000,6059,0,3,37,40,1.075,0.04217636961434866,614,"For you, its reaching a new height; for me, this is a humiating descent from much greater heights."
962,6059,0,3,37,40,1.075,0.04217636961434866,614,"Liberace, I wondered where you went."
951,6059,0,3,37,40,1.075,0.04217636961434866,614,Don't quit while you're on top - I know some great open mikes in Kathmandu.
941,6059,0,3,37,40,1.075,0.04217636961434866,614,"sorry, no requests on Tuesdays!"
925,6059,0,3,37,40,1.075,0.04217636961434866,614,I see you needed some fresh air too.
721,6059,0,3,37,40,1.075,0.04217636961434866,614,Can you keep it down we're trying to get some sleep at the base camp ?
924,6059,0,3,37,40,1.075,0.04217636961434866,614,"The climb wasn't too bad, it was the drive that got to me."
879,6059,0,3,37,40,1.075,0.04217636961434866,614,I heard your piano playing down in the valley and it mind blowing.
758,6059,0,3,37,40,1.075,0.04217636961434866,614,"Totally outasite, man. Any gigs coming up?"
757,6059,0,3,37,40,1.075,0.04217636961434866,614,"Cheer up, you haven't hit rock bottom."
729,6059,0,3,37,40,1.075,0.04217636961434866,614,"Wow, I didn’t know you were going to play the piano. Is there an admission price?"
1025,6059,0,3,37,40,1.075,0.04217636961434866,614,How do you keep it in tune?
3823,6286,0,3,38,41,1.0731707317073171,0.04117547077105886,614,"I guess Scott Stapp felt threatened, but we had a couple good tours together."
5626,6286,0,3,38,41,1.0731707317073171,0.04117547077105886,614,"No! I can't play the ""Beer barrel polka!"""
3603,6286,0,3,38,41,1.0731707317073171,0.04117547077105886,614,"""It"", I presume?"
4003,6286,0,3,38,41,1.0731707317073171,0.04117547077105886,614,Sheet music? What sheet music?
3557,6286,1,1,39,41,1.0731707317073171,0.05399010639311867,614,"Please play it again, Sam"
3796,6286,0,3,38,41,1.0731707317073171,0.04117547077105886,614,Duh. Of course Sonata in D major is a duet.
4211,6286,0,3,38,41,1.0731707317073171,0.04117547077105886,614,"Hi, am I too early for ""Name that Tune?"""
5350,6286,0,3,38,41,1.0731707317073171,0.04117547077105886,614,"Tuner here. You'll have to wait for the new piano a while longer, Maestro."
4740,6286,0,3,38,41,1.0731707317073171,0.04117547077105886,614,“ Was that “Climb Every. Mountain” you were playing?
4755,6286,0,3,38,41,1.0731707317073171,0.04117547077105886,614,I can't even see this - what's that hanging on the edge of the cliff?
5256,6286,0,3,38,41,1.0731707317073171,0.04117547077105886,614,"I brought the granola bars. Now enlighten me, my piano teacher!"
5272,6286,1,1,39,41,1.0731707317073171,0.05399010639311867,614,Well then...can you play ‘Rhapsody in Blue’?
5510,6286,1,1,39,41,1.0731707317073171,0.05399010639311867,614,Plumbing services--your wife said you had a blockage.
3436,6286,0,3,38,41,1.0731707317073171,0.04117547077105886,614,"Can you play ""The Meaning of Life""?"
4600,6286,1,1,39,41,1.0731707317073171,0.05399010639311867,614,"Yes, we have no Nirvana, just Chopin."
3225,6286,0,3,38,41,1.0731707317073171,0.04117547077105886,614,Know any Jerry Lee Lewis?
833,6286,0,3,38,41,1.0731707317073171,0.04117547077105886,614,Free lessons don’t come free!
3115,6286,0,3,38,41,1.0731707317073171,0.04117547077105886,614,‘Oh hell. I knew it . . . I should have practiced more.”
5660,6286,0,3,38,41,1.0731707317073171,0.04117547077105886,614,"I'm here for my piano lessons sir."" ""Bach, humbug!"
369,6286,0,3,38,41,1.0731707317073171,0.04117547077105886,614,You just missed the last call ... try again in a decade or 2.
700,6286,0,3,38,41,1.0731707317073171,0.04117547077105886,614,"Oh, I thought the ad said ""piano turner."""
790,6286,0,3,38,41,1.0731707317073171,0.04117547077105886,614,I don't think you understand which one of us is the bad cop...
871,6286,0,3,38,41,1.0731707317073171,0.04117547077105886,614,I said B-flat not C major
1480,6286,0,3,38,41,1.0731707317073171,0.04117547077105886,614,Play something in a high key of C.
3133,6286,0,3,38,41,1.0731707317073171,0.04117547077105886,614,I'm here to offer you a role in The Tune Commandments.
1745,6286,0,3,38,41,1.0731707317073171,0.04117547077105886,614,"""I heard you playing, 'Go and Climb that Mountain' but it doesn't hold a candle to Johnny Cash' version""."
2016,6286,0,3,38,41,1.0731707317073171,0.04117547077105886,614,Have you lost your mind?
2185,6286,0,3,38,41,1.0731707317073171,0.04117547077105886,614,Are you billy Joel?
2269,6286,0,3,38,41,1.0731707317073171,0.04117547077105886,614,"I think the composer is Bach and the popular tune is “Turkey in the Straw.” If not, I think I’ll just let go!"
2570,6286,0,3,38,41,1.0731707317073171,0.04117547077105886,614,Have you tried anything by Jerry Lee Lewis?
2817,6286,0,3,38,41,1.0731707317073171,0.04117547077105886,614,Out of tunes?
3059,6286,0,3,38,41,1.0731707317073171,0.04117547077105886,614,"So before we even start, get it out of your head, we're not gonna play good cop bad cop tonight."
1896,6286,0,3,38,41,1.0731707317073171,0.04117547077105886,614,Mark Russell? Do you have a song for what is going on down in the valley?
5669,6286,0,3,38,41,1.0731707317073171,0.04117547077105886,614,Why didn’t you tell me your name was Godoy when you signed up for the piano lessons?
7,6286,0,3,38,41,1.0731707317073171,0.04117547077105886,614,"Yes, you have the right to your own clown!"
6010,6286,1,1,39,41,1.0731707317073171,0.05399010639311867,614,"Gramma, it’s time for dinner."
352,6286,1,1,39,41,1.0731707317073171,0.05399010639311867,614,FREE BIRD!!!
6731,6286,0,3,38,41,1.0731707317073171,0.04117547077105886,614,Tomorrow we’ll start with C Major. And don’t be late this time.
5745,6286,0,3,38,41,1.0731707317073171,0.04117547077105886,614,"Thanks, but I’m more of an EDM guy."
6587,6286,0,3,38,41,1.0731707317073171,0.04117547077105886,614,They promised a BMW.
6505,6286,0,3,38,41,1.0731707317073171,0.04117547077105886,614,“Maybe composition isn’t your thing”.
6720,6286,0,3,38,41,1.0731707317073171,0.04117547077105886,614,"Sorry, I thought that was Louis Armstrong top hill tribute"
1037,6328,0,3,39,42,1.0714285714285714,0.04022089331224806,614,ASCAP sent me. I'm looking for Johnny OneNote.
1082,6328,1,1,40,42,1.0714285714285714,0.05271774316741633,614,I can smell your cunt!
1801,6328,0,3,39,42,1.0714285714285714,0.04022089331224806,614,Mozart asked to look after the piano. He is in the washroom.
3946,6328,0,3,39,42,1.0714285714285714,0.04022089331224806,614,"You don't have an egg salad sandwich on whole wheat, by any chance, do you?"
4167,6328,1,1,40,42,1.0714285714285714,0.05271774316741633,614,"Seriously, finding a needle in a haystack is easier"
4360,6328,0,3,39,42,1.0714285714285714,0.04022089331224806,614,Can you play Stormy Monday?
4709,6328,0,3,39,42,1.0714285714285714,0.04022089331224806,614,"It was hard to hear you from below - I HAD to climb up top... so play it again, Sam ! Louder this time."
4715,6328,0,3,39,42,1.0714285714285714,0.04022089331224806,614,Can you play 'A Hazy Shade of Winter' -- the Bangles version?
4921,6328,1,1,40,42,1.0714285714285714,0.05271774316741633,614,"Jesus Christ....They're under the piano. The fuck, bro?"
6019,6328,1,1,40,42,1.0714285714285714,0.05271774316741633,614,I was sent to inform you that your tenure as pianist in residence is now over.
3200,6328,0,3,39,42,1.0714285714285714,0.04022089331224806,614,"Oh wise one, can you recommend a good piano tuner?"
3753,6339,1,1,41,43,1.069767441860465,0.051503946641122844,614,Do you know 'The Bear Went Over the Mountain'?
920,6339,0,3,40,43,1.069767441860465,0.03930950021993099,614,I finally found the organ donor.
1559,6341,0,2,35,37,1.054054054054054,0.03768738858261605,614,"What, you were expecting Billy Joel?"
1615,6341,0,2,35,37,1.054054054054054,0.03768738858261605,614,The answer to your question is unimportant. I want to know what Yuja Wang was wearing.
1628,6341,0,2,35,37,1.054054054054054,0.03768738858261605,614,Could you pickup where you left off?
1797,6341,0,2,35,37,1.054054054054054,0.03768738858261605,614,Thank God you made it...I've been waiting decades for an audience.
1956,6341,0,2,35,37,1.054054054054054,0.03768738858261605,614,"Please play God Save Us, Trump will meet Kim Jong-in: Two Not Yet Exploded Bombs."
1957,6341,0,2,35,37,1.054054054054054,0.03768738858261605,614,That's a fine way to treat a Steinway!
2008,6341,0,2,35,37,1.054054054054054,0.03768738858261605,614,I'm back again to see if you've succeeded in your quest to write a song better than
2009,6341,0,2,35,37,1.054054054054054,0.03768738858261605,614,I started this gig right out of Julliard and it has given me long time security.
2045,6341,0,2,35,37,1.054054054054054,0.03768738858261605,614,Nobody can hear you! You got to move higher!
2058,6341,0,2,35,37,1.054054054054054,0.03768738858261605,614,You the clown who wanted this voiced for the Gtand Canyon Suite?
2121,6341,0,2,35,37,1.054054054054054,0.03768738858261605,614,"Confess, or the mime will be next."
2141,6341,0,2,35,37,1.054054054054054,0.03768738858261605,614,You're one minute and 32 seconds late.
2213,6341,0,2,35,37,1.054054054054054,0.03768738858261605,614,"I know, I know. Your piano needs tuning?"
1556,6341,0,2,35,37,1.054054054054054,0.03768738858261605,614,"Am I safe in saying it's no longer a ""baby"" grand piano!"
2035,6341,0,2,35,37,1.054054054054054,0.03768738858261605,614,"After months of practice, I finally scaled the Treble Cleft."
1492,6341,0,2,35,37,1.054054054054054,0.03768738858261605,614,Didn't expect to find God today did you Sonny. So do you know any tunes we can sing?
2227,6341,0,2,35,37,1.054054054054054,0.03768738858261605,614,"If necessity is the mother of invention, I guess no one needs your rock opera?"
674,6341,0,2,35,37,1.054054054054054,0.03768738858261605,614,your career has plateaued
787,6341,0,2,35,37,1.054054054054054,0.03768738858261605,614,Welcome to base camp.
795,6341,0,2,35,37,1.054054054054054,0.03768738858261605,614,I forgot my drum kit at base camp.
797,6341,0,2,35,37,1.054054054054054,0.03768738858261605,614,Where are our heads?
947,6341,0,2,35,37,1.054054054054054,0.03768738858261605,614,"Bark, bark"
1085,6341,0,2,35,37,1.054054054054054,0.03768738858261605,614,"Welcome, Ludwig. I assume you're here about some unfinished business?"
1528,6341,0,2,35,37,1.054054054054054,0.03768738858261605,614,"No! I mean, I want to stay! Only - my aunt - is - is - and - she is a --- cactus! I mean, she has a cactus, and I have to water my aunt! Water her cactus! I need to water my cactus, because my aunt gave it too me. She really loves music."
1088,6341,0,2,35,37,1.054054054054054,0.03768738858261605,614,"Sorry I'm late.Can you play it again, Sam?"
1246,6341,0,2,35,37,1.054054054054054,0.03768738858261605,614,"I O great guru,Is this the “Grand” plan iv’e been seeking?"
1308,6341,0,2,35,37,1.054054054054054,0.03768738858261605,614,What the fuck?
1314,6341,0,2,35,37,1.054054054054054,0.03768738858261605,614,How about something by Fats Waller.
1386,6341,0,2,35,37,1.054054054054054,0.03768738858261605,614,Can you spare a square?
1482,6341,0,2,35,37,1.054054054054054,0.03768738858261605,614,"Is that a Canyon Suite grand you've been working on? Took me a longtime, too!"
1484,6341,0,2,35,37,1.054054054054054,0.03768738858261605,614,"?The missus and I are tenting up down there, and as much as I want you to play the pianissimo, my wife’s irritated about your music. Please don’t take it personal. Getting angry is her forte. Hey: did you hear about that pudding?"
1101,6341,0,2,35,37,1.054054054054054,0.03768738858261605,614,How about a little Billy Joel?
2321,6341,0,2,35,37,1.054054054054054,0.03768738858261605,614,Are you the wise men in G major?
3914,6341,0,2,35,37,1.054054054054054,0.03768738858261605,614,I thought I asked for a rhymer....
2393,6341,0,2,35,37,1.054054054054054,0.03768738858261605,614,Does this strike the right note middle-aged whimsy?
5586,6341,0,2,35,37,1.054054054054054,0.03768738858261605,614,"""Always make the audience suffer as much as possible."" - Alfred Hitchcock"
5481,6341,0,2,35,37,1.054054054054054,0.03768738858261605,614,That was the slowest Minute Waltz I ever heard!
5454,6341,0,2,35,37,1.054054054054054,0.03768738858261605,614,IS THAT ALL THERE IS? IS THAT ALL THERE IS?
5447,6341,0,2,35,37,1.054054054054054,0.03768738858261605,614,Now play Beethoven's 5th!
5418,6341,0,2,35,37,1.054054054054054,0.03768738858261605,614,What's your pleasure? Climb Every Mountain? The Bear Went Over the Mountain? or Fur Elise?
5385,6341,0,2,35,37,1.054054054054054,0.03768738858261605,614,It took me 38 days and 3 broken bones to climb this mountain and get here. What do you mean your last performance before retirement just ended!!
5265,6341,0,2,35,37,1.054054054054054,0.03768738858261605,614,test
5264,6341,0,2,35,37,1.054054054054054,0.03768738858261605,614,I don’t have you in the list.
5667,6341,0,2,35,37,1.054054054054054,0.03768738858261605,614,"I'm sorry, but I can't reach the High C's at sea level."
5259,6341,0,2,35,37,1.054054054054054,0.03768738858261605,614,"Hmm, it sounds different up here."
5126,6341,0,2,35,37,1.054054054054054,0.03768738858261605,614,I was told Carnegie Hall was this way.
5101,6341,0,2,35,37,1.054054054054054,0.03768738858261605,614,I’m searching for a musical mentor with staying power.
5030,6341,0,2,35,37,1.054054054054054,0.03768738858261605,614,I hope you found the missing notes. I've been feeling frustrated for at least a millennium.
5009,6341,0,2,35,37,1.054054054054054,0.03768738858261605,614,I can't keep making these climbs to give you piano lessons to help with your search for the meaning of life?
4974,6341,0,2,35,37,1.054054054054054,0.03768738858261605,614,"I don't care what you think, I AM the good cop!"
4955,6341,0,2,35,37,1.054054054054054,0.03768738858261605,614,You can go now.
4935,6341,0,2,35,37,1.054054054054054,0.03768738858261605,614,He is the bad cop.
4931,6341,0,2,35,37,1.054054054054054,0.03768738858261605,614,"As your new agent, I have some thoughts."
5165,6341,1,0,36,37,1.054054054054054,0.05405405405405408,614,Life is grand
5675,6341,0,2,35,37,1.054054054054054,0.03768738858261605,614,"Well, you'd think you'd have at least a house up here"
5695,6341,0,2,35,37,1.054054054054054,0.03768738858261605,614,"Just wanted to tell you how much I enjoyed your version of ""Climb Ev'ry Mountain."""
5886,6341,0,2,35,37,1.054054054054054,0.03768738858261605,614,"Great master, what is the key signature of life?"
6681,6341,0,2,35,37,1.054054054054054,0.03768738858261605,614,believe me your at the highest point of the profession.
6660,6341,0,2,35,37,1.054054054054054,0.03768738858261605,614,The producers say they want another number for the second act - something warm and intimate.
6612,6341,0,2,35,37,1.054054054054054,0.03768738858261605,614,"Who are you, and what have you done with Elton John?"
6588,6341,0,2,35,37,1.054054054054054,0.03768738858261605,614,Phew! That's quite a pitch.
6537,6341,0,2,35,37,1.054054054054054,0.03768738858261605,614,Any prophquests?
6523,6341,0,2,35,37,1.054054054054054,0.03768738858261605,614,They said I'd find the key to life up here...
6511,6341,0,2,35,37,1.054054054054054,0.03768738858261605,614,Cheer up - it’s just that the applause was muffled by that darn avalanche.
6501,6341,0,2,35,37,1.054054054054054,0.03768738858261605,614,Hey! How about “The Secret of Life”?
6318,6341,0,2,35,37,1.054054054054054,0.03768738858261605,614,No wonder you play flat notes
6315,6341,0,2,35,37,1.054054054054054,0.03768738858261605,614,Please don't push me over---but your melodies keep getting worse.
6191,6341,0,2,35,37,1.054054054054054,0.03768738858261605,614,"No, the lines are Every Good Boy Does Fine."
6187,6341,0,2,35,37,1.054054054054054,0.03768738858261605,614,Suddenly... There's a piano hanging over me??
6108,6341,0,2,35,37,1.054054054054054,0.03768738858261605,614,I came for the show.
6087,6341,0,2,35,37,1.054054054054054,0.03768738858261605,614,"Instead of music, why not write some Hip-Hop?"
6061,6341,0,2,35,37,1.054054054054054,0.03768738858261605,614,You have poor time management skills
6003,6341,0,2,35,37,1.054054054054054,0.03768738858261605,614,Excuse me. Is this the isolationist summit?
5991,6341,0,2,35,37,1.054054054054054,0.03768738858261605,614,"Excuse me sir, are you familiar with 'Freebird?'"
5976,6341,0,2,35,37,1.054054054054054,0.03768738858261605,614,"Give it up Anton, the world’s not ready for Cliff-Bangerz."
5954,6341,0,2,35,37,1.054054054054054,0.03768738858261605,614,I would have helped pull you up but I was out of chords
4910,6341,0,2,35,37,1.054054054054054,0.03768738858261605,614,"Hey daddy, grandma says dinner is ready."
4869,6341,0,2,35,37,1.054054054054054,0.03768738858261605,614,At last: The Lost Chord!
4771,6341,0,2,35,37,1.054054054054054,0.03768738858261605,614,"Once the virtuoso had peaked, they had to repossess his piano."
4758,6341,0,2,35,37,1.054054054054054,0.03768738858261605,614,Now you have reached enlightenment.
3530,6341,1,0,36,37,1.054054054054054,0.05405405405405408,614,"Bill, I believe this is killing me."
3505,6341,0,2,35,37,1.054054054054054,0.03768738858261605,614,Sorry it took me so long to get here. I'm your altopiano replacement.
3474,6341,0,2,35,37,1.054054054054054,0.03768738858261605,614,"Can you play ""Bohemian Rhapsody"" by Queen?"
3409,6341,0,2,35,37,1.054054054054054,0.03768738858261605,614,Have you considered d Sharp?
3297,6341,0,2,35,37,1.054054054054054,0.03768738858261605,614,"Aren’t you supposed to be playing “Ah, sweet mystery of life at last I’ve found thee”?"
3287,6341,0,2,35,37,1.054054054054054,0.03768738858261605,614,It’s like you just appeared out of thin air
3279,6341,0,2,35,37,1.054054054054054,0.03768738858261605,614,My instructor said I should relocate here if I were to ever hit the high notes
3135,6341,0,2,35,37,1.054054054054054,0.03768738858261605,614,I recommend dropping the bass in the canon
3030,6341,0,2,35,37,1.054054054054054,0.03768738858261605,614,It's unfinished - so...
2965,6341,0,2,35,37,1.054054054054054,0.03768738858261605,614,"Ok, what'd you bring me this time?"
2776,6341,0,2,35,37,1.054054054054054,0.03768738858261605,614,"Too late, I'm on to my next lesson."
2740,6341,0,2,35,37,1.054054054054054,0.03768738858261605,614,Grand Tetons?
2579,6341,0,2,35,37,1.054054054054054,0.03768738858261605,614,Everyone told me this would be a mind blowing accomplishment.
2552,6341,0,2,35,37,1.054054054054054,0.03768738858261605,614,""" It was 5 o'clock on a Saturday the regular crowd shuffles in""."
2518,6341,0,2,35,37,1.054054054054054,0.03768738858261605,614,"Great piece Mr. Behr. You should call it "" The Echo Waltz ""."
2509,6341,0,2,35,37,1.054054054054054,0.03768738858261605,614,Ok so I have a cliff palate. What does that have to do with my playing?
2455,6341,0,2,35,37,1.054054054054054,0.03768738858261605,614,Where are the others? This was supposed to be a nonet in the ninth cloud!
2429,6341,0,2,35,37,1.054054054054054,0.03768738858261605,614,"Play me off-stage, motherfucker."
2423,6341,0,2,35,37,1.054054054054054,0.03768738858261605,614,I brought the lyrics. Let’s start there this time.
3546,6341,0,2,35,37,1.054054054054054,0.03768738858261605,614,"Expect no sympathy. I told you it was not finished,"
2362,6341,0,2,35,37,1.054054054054054,0.03768738858261605,614,"So, the piano man was the real deal?!"
3616,6341,0,2,35,37,1.054054054054054,0.03768738858261605,614,They only had turquoise ink.
3695,6341,0,2,35,37,1.054054054054054,0.03768738858261605,614,The problem is the pitch is too high.
4650,6341,0,2,35,37,1.054054054054054,0.03768738858261605,614,"After climbing 19,341 vertical feet, Billy was surprisingly disappointed to realize his pilgrimage to discover the reincarnation of Mozart was actually Mose's art."
4593,6341,0,2,35,37,1.054054054054054,0.03768738858261605,614,"Duct Tape? Now, just don't tell me to read The Alchemist..."
4441,6341,0,2,35,37,1.054054054054054,0.03768738858261605,614,NO! I won’t play Sweet Caroline no more!
4431,6341,0,2,35,37,1.054054054054054,0.03768738858261605,614,Do you have a metronome?
4385,6341,0,2,35,37,1.054054054054054,0.03768738858261605,614,"Do you happen to know ""Open Up Your Mouth and Let the Moonshine In""?"
4328,6341,0,2,35,37,1.054054054054054,0.03768738858261605,614,I didn't realize I was supposed to bring my own tuning fork.
4312,6341,0,2,35,37,1.054054054054054,0.03768738858261605,614,""" How do I get to Carnegie Hall?"" ""Practice practice, practice"
4275,6341,0,2,35,37,1.054054054054054,0.03768738858261605,614,"Okay, T. Swift is booked, but I got a ""maybe"" from Cardi B."
4258,6341,0,2,35,37,1.054054054054054,0.03768738858261605,614,"No, I don't know ""In A Gadda Da Vida""."
4251,6341,0,2,35,37,1.054054054054054,0.03768738858261605,614,Can you play chopsticks?
4127,6341,0,2,35,37,1.054054054054054,0.03768738858261605,614,But you were playing the New World symphony...
4117,6341,0,2,35,37,1.054054054054054,0.03768738858261605,614,Is that a Steinway or a Bosendorfer?
4083,6341,0,2,35,37,1.054054054054054,0.03768738858261605,614,"Bollywood's remake of Mr Holland's Opus: ""My Highland's Sourpuss."""
4071,6341,0,2,35,37,1.054054054054054,0.03768738858261605,614,How's the LP doing?
4046,6341,0,2,35,37,1.054054054054054,0.03768738858261605,614,"That's it! ""O DUO Mio!"""
655,6341,0,2,35,37,1.054054054054054,0.03768738858261605,614,"Well, manifest the fugue like you did the piano. We'll work on the reviews later."
3777,6341,0,2,35,37,1.054054054054054,0.03768738858261605,614,Ok... what about in the baby grand scheme of things?
3756,6341,0,2,35,37,1.054054054054054,0.03768738858261605,614,"whenever someone mentions the word ""fan"" to me it's super manipulative. It's like ""don't do or say this because of your fans"" My fans are fans of themselves"
3748,6341,1,0,36,37,1.054054054054054,0.05405405405405408,614,"Not a caption: I am a piano tech and posted this cartoon to our FB discussion group. Tell me how, & I’ll send you many great captions. We’ve had lots of fun, thanks."
3678,6341,0,2,35,37,1.054054054054054,0.03768738858261605,614,"Do you know a shorter version of ""Stairway to Heaven""?"
652,6341,0,2,35,37,1.054054054054054,0.03768738858261605,614,And I thought I carried a piano on my back up here.
1937,6341,0,2,35,37,1.054054054054054,0.03768738858261605,614,Is country music really music ?
581,6341,0,2,35,37,1.054054054054054,0.03768738858261605,614,"Listen, Herr Schubert, if I can scale this cliff, you can finish the damned symphony."
636,6341,0,2,35,37,1.054054054054054,0.03768738858261605,614,Looks like you need an organ.
5,6341,0,2,35,37,1.054054054054054,0.03768738858261605,614,This is Constable McHappy who will spend the rest of the day with you till your lawyer comes.
23,6341,0,2,35,37,1.054054054054054,0.03768738858261605,614,"Detective Chuckles says you stole his design, Mr. Koons."
50,6341,0,2,35,37,1.054054054054054,0.03768738858261605,614,"Restaurants, balance balls, pianos?! Gimme your deliveryman's number!"
198,6341,0,2,35,37,1.054054054054054,0.03768738858261605,614,Really?--Der Ring des Nibelungen? No wonder I'm so exhausted.
221,6341,0,2,35,37,1.054054054054054,0.03768738858261605,614,"Harmony, smarmony."
231,6341,0,2,35,37,1.054054054054054,0.03768738858261605,614,"Can you play some BILLY JOEL ,I FEEL LIKE I JUST DROVE MY MORTORCYCLE IN THE RAIN."
245,6341,0,2,35,37,1.054054054054054,0.03768738858261605,614,Excuse me while I kiss the sky.
45,6341,0,2,35,37,1.054054054054054,0.03768738858261605,614,I never expected to see a man with a beard on top of this mountain.
341,6341,0,2,35,37,1.054054054054054,0.03768738858261605,614,Must be some Fermata
399,6341,0,2,35,37,1.054054054054054,0.03768738858261605,614,"Talk, or the dog gets it."
471,6341,0,2,35,37,1.054054054054054,0.03768738858261605,614,I'd play 'We are the Champions' for you but it's waterlogged.
501,6341,0,2,35,37,1.054054054054054,0.03768738858261605,614,Bach so soon?
507,6341,0,2,35,37,1.054054054054054,0.03768738858261605,614,Hey. Can you play Wonderwall?
515,6341,0,2,35,37,1.054054054054054,0.03768738858261605,614,"Hi Timmy, sorry for keeping you waiting for your lesson."
553,6341,0,2,35,37,1.054054054054054,0.03768738858261605,614,"The meaning of life? If I don't find a hook for this jingle by tomorrow, life is meaningless."
279,6341,0,2,35,37,1.054054054054054,0.03768738858261605,614,So this is why I've been hearing Katy Perry's Teenage Dream for the last two hours.
1532,6484,0,2,36,38,1.0526315789473684,0.0367097806559429,614,"I said ""Musick has Charms to sooth a savage Breast"", not ""savage Beast."""
1473,6484,0,2,36,38,1.0526315789473684,0.0367097806559429,614,Is it A?or G??
1159,6484,0,2,36,38,1.0526315789473684,0.0367097806559429,614,I think you are missing a key or two.
1054,6484,0,2,36,38,1.0526315789473684,0.0367097806559429,614,But which of us is actually scaling the mountain?
121,6484,0,2,36,38,1.0526315789473684,0.0367097806559429,614,"Is this the pinnacle? You mean, for you?"
523,6484,0,2,36,38,1.0526315789473684,0.0367097806559429,614,Hey are you the missing Osbourne Brother?
276,6484,0,2,36,38,1.0526315789473684,0.0367097806559429,614,Well? Are you gonna play me a song?
116,6484,0,2,36,38,1.0526315789473684,0.0367097806559429,614,That is great we will have no stool up here. That would create a problem.
97,6484,0,2,36,38,1.0526315789473684,0.0367097806559429,614,'I really didn't expect Beethoven's grandfather here.'
1658,6484,0,2,36,38,1.0526315789473684,0.0367097806559429,614,So how long have you had this residency?
890,6484,0,2,36,38,1.0526315789473684,0.0367097806559429,614,A classical miscalculation.
1744,6484,0,2,36,38,1.0526315789473684,0.0367097806559429,614,Everybody says they want to save the Rec Center but nobody wants to do the grunt work.
3908,6484,0,2,36,38,1.0526315789473684,0.0367097806559429,614,Now you have to go back down and take some encore requests
1894,6484,0,2,36,38,1.0526315789473684,0.0367097806559429,614,Did you come to hear my Ashford & Simpson diss track?
2698,6484,0,2,36,38,1.0526315789473684,0.0367097806559429,614,I came to finish it.
2742,6484,0,2,36,38,1.0526315789473684,0.0367097806559429,614,"Sorry, wrong peak."
3355,6484,0,2,36,38,1.0526315789473684,0.0367097806559429,614,"After all the work getting this up here, I thought I'd practice ""Clair De Lune"" for once"
3594,6484,0,2,36,38,1.0526315789473684,0.0367097806559429,614,"The air is so thin, I felt like I had a piano on my back."
3872,6484,0,2,36,38,1.0526315789473684,0.0367097806559429,614,"hey, i live beneath you, and i'm not sure if you realize how loud this is for me."
89,6484,0,2,36,38,1.0526315789473684,0.0367097806559429,614,"Is this the Hall of the Mountain King?"" ""No, 'Alpine Symphony.' You like?"
4470,6484,0,2,36,38,1.0526315789473684,0.0367097806559429,614,"'Oxygen', that's not a tune I know."
4891,6484,0,2,36,38,1.0526315789473684,0.0367097806559429,614,Playing for time still means it needs tuning.
5111,6484,0,2,36,38,1.0526315789473684,0.0367097806559429,614,"It’s all improv, isn’t it?"
6313,6484,0,2,36,38,1.0526315789473684,0.0367097806559429,614,"Oops! I understood it to be ""Berggipfel,"" a piece not a place!"
6521,6484,0,2,36,38,1.0526315789473684,0.0367097806559429,614,You were right about keeping my composure climbing up here and enjoying my composer when I got here.
1751,6484,0,2,36,38,1.0526315789473684,0.0367097806559429,614,Summit day always ends on a high note!
82,6484,0,2,36,38,1.0526315789473684,0.0367097806559429,614,What do you mean it's all just tinkling in the wind?
3316,6484,0,2,36,38,1.0526315789473684,0.0367097806559429,614,"The endorphins are telling me to play Jenga, but I know how much you hate the sound of a ruined piece of sheet music."
6715,6512,0,2,37,39,1.0512820512820513,0.03578157512432619,614,"The HILLS are alive with the sound of music?"" I thought it was ""cliffs!"
2926,6512,1,0,38,39,1.0512820512820513,0.05128205128205128,614,"Yeah, the stairway deal fell through; but I'm composing one about an escalator that looks promising."
1162,6512,0,2,37,39,1.0512820512820513,0.03578157512432619,614,"Be a good ole meister, and please pardon my slipperiness in getting here for another exclusive performance of Hill Billy Heaven because your reputation is so highly esteemed."
2686,6515,0,1,32,33,1.0303030303030303,0.030772872744833184,614,You guys must be the Movers. You missed your 3 hour window by about 80 years!!
6,6515,0,1,32,33,1.0303030303030303,0.030772872744833184,614,"Don't make me play Good Clown, Bad Clown with you!"
4737,6515,0,1,32,33,1.0303030303030303,0.030772872744833184,614,I assume grand piano notes in altitude can crack head voices.
4753,6515,0,1,32,33,1.0303030303030303,0.030772872744833184,614,I thought I heard a horse cooking up here.
5004,6515,0,1,32,33,1.0303030303030303,0.030772872744833184,614,Do you have any water please?
5042,6515,0,1,32,33,1.0303030303030303,0.030772872744833184,614,"Hmm, and all those years I thought God played dice..."
5053,6515,0,1,32,33,1.0303030303030303,0.030772872744833184,614,Play the theme song from “The OC.
5266,6515,0,1,32,33,1.0303030303030303,0.030772872744833184,614,"No offense, but not what I meant earlier when I prayed for more hammers and cords."
5650,6515,0,1,32,33,1.0303030303030303,0.030772872744833184,614,Moses? Mozart? Are you playing me?
5744,6515,0,1,32,33,1.0303030303030303,0.030772872744833184,614,Could you keep it down? My kid’s taking a nap.
6220,6515,0,1,32,33,1.0303030303030303,0.030772872744833184,614,"Ya, ya, D.C. al coda, heard it before..."
6303,6515,0,1,32,33,1.0303030303030303,0.030772872744833184,614,"I could barely get myself up here, how the heck did you get a piano here!?"
6321,6515,0,1,32,33,1.0303030303030303,0.030772872744833184,614,It is about time to tune it up.
267,6515,0,1,32,33,1.0303030303030303,0.030772872744833184,614,Would you mind keeping the noise down?
530,6515,0,1,32,33,1.0303030303030303,0.030772872744833184,614,I'm afraid my repertoire is limited to what's glued to the piano.
735,6515,0,1,32,33,1.0303030303030303,0.030772872744833184,614,At last! I’ve been geting to get in tune!
1319,6515,0,1,32,33,1.0303030303030303,0.030772872744833184,614,Your fingers must hurt after all that playin'.
3506,6515,0,1,32,33,1.0303030303030303,0.030772872744833184,614,"Sorry to startle you, but could you sing me a song Mr. Pianoman?"
3380,6515,0,1,32,33,1.0303030303030303,0.030772872744833184,614,Do you know InnaGaddaDaVita?
3253,6515,0,1,32,33,1.0303030303030303,0.030772872744833184,614,I stand corrected. You climb SLOWER than someone with a piano on their back.
3240,6515,0,1,32,33,1.0303030303030303,0.030772872744833184,614,"Headless to say, I prefer the Goldberg Variations"
3010,6515,0,1,32,33,1.0303030303030303,0.030772872744833184,614,My Seventh Album Will Release Exclusively In The Oasis
2951,6515,0,1,32,33,1.0303030303030303,0.030772872744833184,614,"So as I was saying in base camp, ""peak creativity"" is a figure of speech."
2933,6515,0,1,32,33,1.0303030303030303,0.030772872744833184,614,Jazzy
6609,6515,0,1,32,33,1.0303030303030303,0.030772872744833184,614,"Bravo! You crept all the way to the top, past Juilliard and Carnegie Hall. And now you may play with me four hand piano sonatas!"
2795,6515,0,1,32,33,1.0303030303030303,0.030772872744833184,614,"Kyle, you didn't finish Everest, but I've finished your song."
2696,6515,0,1,32,33,1.0303030303030303,0.030772872744833184,614,Do you play Chopin?
3675,6515,0,1,32,33,1.0303030303030303,0.030772872744833184,614,"If you don't give it up, the Mountain Goats will attack at dawn."
2375,6515,0,1,32,33,1.0303030303030303,0.030772872744833184,614,Couldn't you have summoned a nearby muse?
2320,6515,0,1,32,33,1.0303030303030303,0.030772872744833184,614,"Do you know, 'I Climbed the Mountain?'"
1923,6515,0,1,32,33,1.0303030303030303,0.030772872744833184,614,The blacksmith asks that you knock it off already.
1446,6515,0,1,32,33,1.0303030303030303,0.030772872744833184,614,And you thought I was the bad cop.
1395,6515,0,1,32,33,1.0303030303030303,0.030772872744833184,614,I'm here to tune in while you turn on and drop out.
2794,6515,0,1,32,33,1.0303030303030303,0.030772872744833184,614,Can you play something with a little more drama?
3568,6515,0,1,32,33,1.0303030303030303,0.030772872744833184,614,My wife said I should just buy an inspirational app.
3588,6515,0,1,32,33,1.0303030303030303,0.030772872744833184,614,"I mean, it wasn't ""bad""...just a little esoteric for my tastse."
3221,6551,0,1,33,34,1.0294117647058822,0.029854071701326604,614,how long have you been here are you ok.
6035,6551,0,1,33,34,1.0294117647058822,0.029854071701326604,614,Looks like the composing stopped and decomposing started.
5836,6551,0,1,33,34,1.0294117647058822,0.029854071701326604,614,"""Do you know the bridge to ""Indiana""?"" ""Indiana"" is a common traditional jazz song. Bridge is the middle 8 bars of a song."
5677,6551,0,1,33,34,1.0294117647058822,0.029854071701326604,614,"Would you like to hear Grieg's ""In the Hall of the Mountain King"", now?"
5538,6551,0,1,33,34,1.0294117647058822,0.029854071701326604,614,I guess it’s time to ‘Forge every stream’ and ‘Follow Every Byway’.
5506,6551,0,1,33,34,1.0294117647058822,0.029854071701326604,614,You sort of got a head of yourself on that last song.
5455,6551,0,1,33,34,1.0294117647058822,0.029854071701326604,614,Best Wasted
5432,6551,0,1,33,34,1.0294117647058822,0.029854071701326604,614,TFW you have to go see your uncle in his off off off off broadway rendition of Jesus Christ Superstar
5411,6551,0,1,33,34,1.0294117647058822,0.029854071701326604,614,"New Fox series: Extreme Mountain Music. Contestants climb a craggy mountain, perform a concerto, and snowboard an X-games course. Scoring is based on looks, audience reaction, and Trump tweets. Judges: Kid Rock, Tanya Harding, and Jeff Goldblum"
5171,6551,0,1,33,34,1.0294117647058822,0.029854071701326604,614,You are disturbing your neighbours and this is valley is a QUITE ZONE
4897,6551,0,1,33,34,1.0294117647058822,0.029854071701326604,614,Those were literally some steep stairways but glad I made it St. Peter.
4128,6551,0,1,33,34,1.0294117647058822,0.029854071701326604,614,I've got a great idea !
4422,6551,0,1,33,34,1.0294117647058822,0.029854071701326604,614,Do you know any Ricky Nelson?
3974,6551,0,1,33,34,1.0294117647058822,0.029854071701326604,614,Still need a piano tuner? Sorry it took so long--my GPS had trouble finding you.
3455,6551,0,1,33,34,1.0294117647058822,0.029854071701326604,614,"It's safe now Sammy, Mike Tyson has retired from boxing."
3031,6551,0,1,33,34,1.0294117647058822,0.029854071701326604,614,Do you know 'Going out of my head over you' ?
2221,6551,0,1,33,34,1.0294117647058822,0.029854071701326604,614,I’m saved!! I knew playing “Climb every Mountain” would work!!
1569,6551,0,1,33,34,1.0294117647058822,0.029854071701326604,614,How can I get any sleep with you making all this racket!
1525,6551,0,1,33,34,1.0294117647058822,0.029854071701326604,614,"Either you squeak, or we keep squeaking."
1451,6551,0,1,33,34,1.0294117647058822,0.029854071701326604,614,"No, I need a physical rest."
1387,6551,0,1,33,34,1.0294117647058822,0.029854071701326604,614,"The Saint Bernard lost the sled with the acoustic tiles. You will have to bear with the echo for a while longer. I have, however, sifted the brown M&Ms from my trail mix."
830,6551,0,1,33,34,1.0294117647058822,0.029854071701326604,614,I think the mover overcharged me...
793,6551,0,1,33,34,1.0294117647058822,0.029854071701326604,614,Mammy !!
3987,6551,0,1,33,34,1.0294117647058822,0.029854071701326604,614,"They said this time alone, climbing, would bring back old memories. Well I remember him from my first time playing piano. Still has those cool sandals we all loved in school."
1595,6575,0,1,34,35,1.0285714285714285,0.028988551782622423,614,"Ever since our population declined, I not only great you but play the heavily choir upon arrival. Since you didn’t do well with hiking on earth, any interest in music in heaven?"
1465,6575,0,1,34,35,1.0285714285714285,0.028988551782622423,614,"Are you telling me this isn't Plano, Texas?"
1750,6575,0,1,34,35,1.0285714285714285,0.028988551782622423,614,That motivational piece still dosen´t quite cut it.
3635,6575,0,1,34,35,1.0285714285714285,0.028988551782622423,614,How did you get a piano up here!?
4126,6575,0,1,34,35,1.0285714285714285,0.028988551782622423,614,Give us a song?
4706,6575,0,1,34,35,1.0285714285714285,0.028988551782622423,614,"If your piano isn’t prepared, then how can I be?"
5562,6575,0,1,34,35,1.0285714285714285,0.028988551782622423,614,I think it's the draft.
6367,6575,0,1,34,35,1.0285714285714285,0.028988551782622423,614,I said that I wanted help with aptitude not etude.
3244,6575,0,1,34,35,1.0285714285714285,0.028988551782622423,614,Route 80 is two blocks from here!
2233,6584,0,1,35,36,1.0277777777777777,0.028171808490950554,614,"What, I came up the treble Clef in high G?"
2494,6584,0,1,35,36,1.0277777777777777,0.028171808490950554,614,"Just when God deemed it fit to rest on the seventh day, he was devastated to not bequeath the Mountaineer his Klondike Bar."
1907,6586,0,0,32,32,1.0,0.031750031750047626,614,"oh shit sorry, assumed that was a rhetorical question. no, you don’t come to where I work and slap the dicks out of my mouth."
4093,6586,0,0,30,30,1.0,0.03390317518104052,614,Sorry I'm late. Mom got stuck in traffic.
3824,6586,0,0,30,30,1.0,0.03390317518104052,614,"What is love?"" ""Baby don't hurt me, don't hurt me, no more."
3668,6586,0,0,31,31,1.0,0.032791291789197645,614,"Sorry, I'm afraid my inspiration is all played out."
3305,6586,0,0,31,31,1.0,0.032791291789197645,614,"If your Horowitz, then I'm Kempff."
3137,6586,0,0,30,30,1.0,0.03390317518104052,614,"Bewitched, bothered and bewildered are you? How lyrical! I think you may have a hit on your hands."
2885,6586,0,0,30,30,1.0,0.03390317518104052,614,Gimme Five - and a High C!
2956,6586,0,0,31,31,1.0,0.032791291789197645,614,"I meant to ask you the true meaning of life. But, what I really want to know is when do I get my hiking pole back?"
2912,6586,0,0,32,32,1.0,0.031750031750047626,614,"Man on Ledge: ""Hi Jon, the Pulitzer went to Kendrick Lamar."" Jon: ""Son of a b*tch!"""
4253,6586,0,0,30,30,1.0,0.03390317518104052,614,Our A is 442.
2840,6586,0,0,30,30,1.0,0.03390317518104052,614,"Oscar, it's me, Richard! Did you hear that nun singing? Soimething about 'the hills being alive....'"
2963,6586,0,0,30,30,1.0,0.03390317518104052,614,Did I seriously come all this way just to get Rick-Rolled?!?
4398,6586,0,0,30,30,1.0,0.03390317518104052,614,"No no no, this is the Grand Piano Canyon. Common misconception"
5051,6586,0,0,30,30,1.0,0.03390317518104052,614,Captain Fantastic?
4929,6586,0,0,31,31,1.0,0.032791291789197645,614,Four days of hard climbing and she plays her head off before I get here.
2784,6586,0,0,31,31,1.0,0.032791291789197645,614,"Oh Guru, we need a jingle to save Facebook"
5273,6586,0,0,30,30,1.0,0.03390317518104052,614,Age of Creativity
5888,6586,0,0,30,30,1.0,0.03390317518104052,614,I’ll trade you some iambic pentameter and improvisation for divine inspiration.
5937,6586,0,0,30,30,1.0,0.03390317518104052,614,Are you kidding me?
5981,6586,0,0,30,30,1.0,0.03390317518104052,614,"Try Lenny Bernstein's ""Age of Anxiety."""
6024,6586,0,0,32,32,1.0,0.031750031750047626,614,"What are you doing up here? To make a cover version of ""On Top of Old Smokey""? or maybe ""Rocky Mountain High""?"
6071,6586,0,0,31,31,1.0,0.032791291789197645,614,Ughh... the PCT hasn’t been the same since the success of „Wild“.
6218,6586,0,0,30,30,1.0,0.03390317518104052,614,"I thought that was 5'33""."
6425,6586,0,0,30,30,1.0,0.03390317518104052,614,"""Doo wah, doo wah, doo wah, doo wah, doo wah, doo wah, doo wah, doo wah""?"
6453,6586,0,0,32,32,1.0,0.031750031750047626,614,Can you play 'The Well-Tempered Clavier'?
6504,6586,0,0,31,31,1.0,0.032791291789197645,614,"The Plateau: ""Make yourself comfortable, you'll be here a while."""
4575,6586,0,0,31,31,1.0,0.032791291789197645,614,Your love asked me to bring you some actual food.
2628,6586,0,0,30,30,1.0,0.03390317518104052,614,Are you “The One” that can Orchestrate OUR Enlightenment?
2309,6586,0,0,30,30,1.0,0.03390317518104052,614,"CAN YOU PLAY "" MELANCHOLY BABY"" FOR ME?"
2444,6586,0,0,31,31,1.0,0.032791291789197645,614,Hi Elton! Having a bad day?
145,6586,0,0,30,30,1.0,0.03390317518104052,614,The ta-da was catchy.
218,6586,0,0,30,30,1.0,0.03390317518104052,614,test
290,6586,0,0,30,30,1.0,0.03390317518104052,614,"I said in D major, not B!"
384,6586,0,0,30,30,1.0,0.03390317518104052,614,"I get that it's stressful, but you must keep one's head."
395,6586,0,0,31,31,1.0,0.032791291789197645,614,"I told him, it doesn't pay to get ahead."
410,6586,0,0,30,30,1.0,0.03390317518104052,614,Perhaps it’s time to explore an alternative to the sonata form?
756,6586,0,0,31,31,1.0,0.032791291789197645,614,The mountain IS called the 'Grand Teton' after all. What else did you expect?
994,6586,0,0,30,30,1.0,0.03390317518104052,614,"Now I know why they call this mountain ""The Grand Teton."""
1002,6586,0,0,30,30,1.0,0.03390317518104052,614,Are you ready for the rhapsody?
1105,6586,0,0,30,30,1.0,0.03390317518104052,614,I’ve come all this treacherous way and you tell me you’re stuck in completing your opera “The Secret Of Life”!
1223,6586,0,0,30,30,1.0,0.03390317518104052,614,"I was expecting a bucket, a mop, and an illustrated book about birds."
1877,6586,0,0,31,31,1.0,0.032791291789197645,614,"The great discovery of the headless piano man, on music mountain!"
2601,6586,0,0,32,32,1.0,0.031750031750047626,614,Don’t tell me you lost your lease.
1226,6586,0,0,30,30,1.0,0.03390317518104052,614,Wow! Tracy Dartt? Well I never....
1389,6586,0,0,30,30,1.0,0.03390317518104052,614,"Oh, was there an earthquake here? I didn’t feel it climbing."
1402,6586,0,0,30,30,1.0,0.03390317518104052,614,"I am here to inform you that ""Stairway to Heaven"" is no on the mandatory play list."
1603,6586,0,0,31,31,1.0,0.032791291789197645,614,What are you doing here?
1607,6586,0,0,30,30,1.0,0.03390317518104052,614,Are you my shelf date? You look nothing like your photo.
1656,6586,0,0,31,31,1.0,0.032791291789197645,614,What's So grand about this piano?
1759,6586,0,0,30,30,1.0,0.03390317518104052,614,Admission was twenty bucks. Where's the rest of the orchestra?
2018,6586,0,0,31,31,1.0,0.032791291789197645,614,"I brought the weed, so will you play “Rocky Mountain High”?"
2070,6586,0,0,30,30,1.0,0.03390317518104052,614,I am here to collect the handcrafted piano that you are selling
2106,6586,0,0,30,30,1.0,0.03390317518104052,614,"I have to ask, why atonal at this altitude"
2286,6586,0,0,30,30,1.0,0.03390317518104052,614,Can I camp in your suite?
2300,6586,0,0,31,31,1.0,0.032791291789197645,614,"Fermi, meet God."
2350,6586,0,0,30,30,1.0,0.03390317518104052,614,"Plink plonk, plink plonk. Oh hello! Wanna hear a song?"
1263,6586,0,0,30,30,1.0,0.03390317518104052,614,"Come join the lookout point and enjoy ""Rhapsody in Blue""."
1850,6586,0,0,31,31,1.0,0.032791291789197645,614,"Did ya see how many movies that Grieg song, hall of the mountain king is in?"
5633,6586,0,0,83,83,1.0,0.012121434739137725,614,"'SORRY IT TOOK SO LONG. I HAVE YOUR COFFEE."""
3848,6586,0,0,52,52,1.0,0.019418390934515434,614,"Could play ""Misty""?"
5127,6586,0,0,98,98,1.0,0.010256545123110545,614,"Surprisingly, I don't know any John Denver."
3813,6586,0,0,98,98,1.0,0.010256545123110545,614,"No, I refuse to play ""Mountain Rocky High""!"
2401,6586,0,0,98,98,1.0,0.010256545123110545,614,Is this OK? The acoustics are good here and it wouldn't fit in the living room.
4624,6586,0,0,100,100,1.0,0.01005037815259212,614,"Do you know Cole Porter's ""You're The Tops""?"
4855,6586,0,0,103,103,1.0,0.009756213637973549,614,What do you mean this isn’t the way to Carnegie Hall!
1169,6586,0,0,103,103,1.0,0.009756213637973549,614,I can't believe you're late to my piano recital.
4106,6586,0,0,108,108,1.0,0.009302426203099127,614,Getting high hasn't helped.
468,6586,0,0,108,108,1.0,0.009302426203099127,614,"I forgot, which page number are you missing?"
5911,6586,0,0,104,104,1.0,0.009661948493603892,614,Can you play something uplifting?
5248,6586,0,0,104,104,1.0,0.009661948493603892,614,I can book you in a smaller venue.
4634,6586,0,0,104,104,1.0,0.009661948493603892,614,Wow if I knew the key to life was C major I'd have stayed in bed.
2759,6586,0,0,104,104,1.0,0.009661948493603892,614,You're not clapping.
2359,6586,0,0,104,104,1.0,0.009661948493603892,614,“Stick with mouth organs.” That’s the secret to a happy life?
2026,6586,0,0,104,104,1.0,0.009661948493603892,614,To ensure uninterrupted enlightenment all pilgrims must leave their cell phones at the foot of the mountain.
4303,6586,0,0,107,107,1.0,0.009389774844349512,614,"""Ain't No Mountain High Enough"" in key of G. Hit it."
6688,6586,0,0,106,106,1.0,0.00947877943928333,614,I have to ask you to keep it down. The Yeti are complaining.
6209,6586,0,0,106,106,1.0,0.00947877943928333,614,The Yeti is requesting ‘A lot less Gershwin.’
6125,6586,0,0,106,106,1.0,0.00947877943928333,614,"Will you play it NOW, Sam?"
4517,6586,0,0,109,109,1.0,0.009216687726822183,614,Do you mind? That’s a bit distracting.
129,6586,0,0,111,111,1.0,0.009049866402333346,614,May I request 'Climb Every Mountain?'
6016,6586,0,0,113,113,1.0,0.008888976681684724,614,No! I prayed you’d listen at the summit not play Listz on the summit.
6014,6586,0,0,112,112,1.0,0.00896870004167719,614,"Sorry, the concert ended 20 minutes ago"
4522,6586,0,0,112,112,1.0,0.00896870004167719,614,How's the jingle coming?
5167,6586,0,0,98,98,1.0,0.010256545123110545,614,Anything but rock and roll.
3895,6586,0,0,112,112,1.0,0.00896870004167719,614,"Ultimately, you will have to find your own Steinway in life."
5403,6586,0,0,98,98,1.0,0.010256545123110545,614,“Debora! I told you I heard a piano somewhere... Debora?
6082,6586,0,0,95,95,1.0,0.010582158705422128,614,What was the high note of your career?
2205,6586,0,0,83,83,1.0,0.012121434739137725,614,It certainly takes you tuners long enough...
6086,6586,0,0,82,82,1.0,0.012270169563871839,614,"Dad, where'd you hide the car keys?"
3346,6586,0,0,82,82,1.0,0.012270169563871839,614,One of us is off key.
1554,6586,0,0,82,82,1.0,0.012270169563871839,614,What is the meaning of Leibniz?
1024,6586,0,0,85,85,1.0,0.011834526708278772,614,"You're too flat, by the way."
6734,6586,0,0,84,84,1.0,0.011976262619132589,614,"I tell you what, you don’t like it send it back for a full refund, just pay return shipping"
6384,6586,0,0,84,84,1.0,0.011976262619132589,614,I promise to climb back down when you play 'Ain't No Mountain High Enough.'
5494,6586,0,0,84,84,1.0,0.011976262619132589,614,"when you were studying music, did you ever think it would turn out this way?"
5293,6586,0,0,84,84,1.0,0.011976262619132589,614,Am I too late for the final act?
2317,6586,0,0,84,84,1.0,0.011976262619132589,614,Please tell me you know how to play something besides Chopsticks
4954,6586,0,0,87,87,1.0,0.01156088678177274,614,Your complaints about the acoustics here have been noted.
2746,6586,0,0,87,87,1.0,0.01156088678177274,614,Do you have a special request
1980,6586,0,0,87,87,1.0,0.01156088678177274,614,Oh. I thought this was Grand Pinion Mesa.
1259,6586,0,0,87,87,1.0,0.01156088678177274,614,"Oh, finally I have enough for a concert. You're the third guy this month."
997,6586,0,0,87,87,1.0,0.01156088678177274,614,I cannot find the high notes
284,6586,0,0,87,87,1.0,0.01156088678177274,614,'Any requests?'
2054,6586,0,0,89,89,1.0,0.011299615367639217,614,"im so sorry, this performance has been sold out."
6306,6586,0,0,91,91,1.0,0.011049892402196598,614,A major chord would be nice.
4689,6586,0,0,91,91,1.0,0.011049892402196598,614,The really hard part is finding a tuner.
3926,6586,0,0,91,91,1.0,0.011049892402196598,614,"I am sorry, all the seats are taken."
143,6586,0,0,91,91,1.0,0.011049892402196598,614,I'd love to hear you play 'Rocky Mountain High'.
2788,6586,0,0,94,94,1.0,0.010695340092890231,614,You don't know the key either.
4067,6586,0,0,96,96,1.0,0.010471347707292388,614,"I can give you the key to Life, but don't ask me to play ""Piano Man!"""
5478,6586,0,0,95,95,1.0,0.010582158705422128,614,"I'm the piano tuner. Sorry I'm late, but I got caught up at base camp 1."
4179,6586,0,0,71,71,1.0,0.01418475390906605,614,"Hey,buddy, all those other hills are not alive with the sound of music!"
3073,6586,0,0,118,118,1.0,0.008510715353136088,614,Your ad said $500 for the piano. how much to deliver?
2535,6586,0,0,131,131,1.0,0.007662891493956463,614,Could I have 2 tickets please? My wife’s running late
428,6586,0,0,81,81,1.0,0.012422599874998832,614,Do you offer clarinet lessons as well?
884,6586,0,0,81,81,1.0,0.012422599874998832,614,My concerto has reached its peak!
4679,6586,0,0,81,81,1.0,0.012422599874998832,614,Don't make us repossess it.
2843,6586,0,0,78,78,1.0,0.012903494352312729,614,"Are you up for Beethoven Sonata in C sharp minor, Op 27, No 2?"
3333,6586,0,0,78,78,1.0,0.012903494352312729,614,It looks like you need inspiration more than me
3738,6586,0,0,78,78,1.0,0.012903494352312729,614,Scaling a mountain: two schools of thought.
4824,6586,0,0,78,78,1.0,0.012903494352312729,614,Can't you see I'm rehearsing? The concert is not till next week.
5655,6586,0,0,78,78,1.0,0.012903494352312729,614,You know that piece that makes your amygdalae swell up like cantaloupes... she wants to hear it.
965,6586,0,0,79,79,1.0,0.012739111916124871,614,It's an unfinished piece.
2275,6586,0,0,75,75,1.0,0.013423121104280487,614,"Can you teach me how to play ""Heart and Soul""?"
289,6586,0,0,73,73,1.0,0.013793431476706131,614,Excuse me. I need a little inspiration. Do you know the theme from Rocky?
1419,6586,0,0,73,73,1.0,0.013793431476706131,614,Of all the gin joints in all the towns in all the world...
1552,6586,0,0,73,73,1.0,0.013793431476706131,614,Close. It’s Pearl Jam.
1727,6586,0,0,73,73,1.0,0.013793431476706131,614,Sorry I had treble making our lesson on time today.
4518,6586,0,0,73,73,1.0,0.013793431476706131,614,"Moonlight Sonata, please."
4924,6586,0,0,73,73,1.0,0.013793431476706131,614,Can you play that in a lower key?
778,6586,0,0,74,74,1.0,0.013605756997417963,614,I heard you were the best tuner within miles. Can I pick it up next Tuesday?
3147,6586,0,0,74,74,1.0,0.013605756997417963,614,"Gee Cliff, you scaled up. Now get your bass down. Just don't jump off the clef."
4963,6586,0,0,74,74,1.0,0.013605756997417963,614,Do I still get front row?
5287,6586,0,0,74,74,1.0,0.013605756997417963,614,The guy at river deep says he's in.
1197,6586,0,0,71,71,1.0,0.01418475390906605,614,Do you know I’m lost?
2425,6586,0,0,71,71,1.0,0.01418475390906605,614,Did you bring the kazoo bagpipes and the tambourine? And what about my snicker's bars?
6531,6586,0,0,30,30,1.0,0.03390317518104052,614,Did you find it yet?
4628,6586,0,0,80,80,1.0,0.01257886513566569,614,What moving company did you use?
53,6586,0,0,123,123,1.0,0.008163333305850111,614,I know how you feel. My kids don't like my taste in music either.
4409,6586,0,0,80,80,1.0,0.01257886513566569,614,"Swell, a old bearded guy on a mountaintop. What is this, a New Yorker cartoon?"
2525,6586,0,0,80,80,1.0,0.01257886513566569,614,Rachmaninoff is the key to enlightenment.
3964,6586,0,0,133,133,1.0,0.007547223547528769,614,"I feel your pain, dude. I'm pretty sure you were sent up here for Ten Commandments, not Ten Concertos."
4224,6586,0,0,129,129,1.0,0.007782160079558629,614,"Pachelbel's Canyon?"" ""Indeed."
1596,6586,0,0,129,129,1.0,0.007782160079558629,614,Will there be an intermission?
4175,6586,0,0,148,148,1.0,0.006779699969660707,614,"When you called me to tune your piano, you did realize I charge for mileage, didn’t you?"
1432,6586,0,0,68,68,1.0,0.014815221273648994,614,I can't believe I climbed all this way just to find the headless grand piano man
4407,6586,0,0,142,142,1.0,0.007067181930127675,614,I'm Bach-packing through Europe.
1943,6586,0,0,69,69,1.0,0.014598929061844594,614,"If you want to sing out, sing out, if you want to be free be free......"
3667,6586,0,0,69,69,1.0,0.014598929061844594,614,"Well, since you’re asking, I guess I do have one more question before I go."
2668,6586,0,0,150,150,1.0,0.006689000620906512,614,"“You’re late, my concert is over”."
3047,6586,0,0,70,70,1.0,0.014388861576723854,614,"Oh wait... modern? Yeah, never mind."
1061,6586,0,0,66,66,1.0,0.015267620413811482,614,"Hey you, keep it down, some of the other wise men are complaining!"
3223,6586,0,0,66,66,1.0,0.015267620413811482,614,"""Ten Commandments the Musical"" doesn't inspire me."
128,6586,0,0,64,64,1.0,0.015748519708717802,614,"No, Nixon isn't president anymore. I don't know how to tell you this but..."
4069,6586,0,0,64,64,1.0,0.015748519708717802,614,Your late what kept you?
4994,6586,0,0,64,64,1.0,0.015748519708717802,614,"Right, I perform solo but with the wind and the echo sometimes it sounds there is a duet or even a trio or quartet playing here."
5448,6586,0,0,64,64,1.0,0.015748519708717802,614,This is the last time I'm cleaning up your mess!!
39,6586,0,0,61,61,1.0,0.016529490122682157,614,Another fugue?
2635,6586,0,0,61,61,1.0,0.016529490122682157,614,"I'm no dramaturg, but I think the 1st part of your double aria, was a bit lengthy..."
2188,6586,0,0,62,62,1.0,0.016260700012185932,614,This looks like a classic case of Creation versus Evolution.
2448,6586,0,0,62,62,1.0,0.016260700012185932,614,You'd be wise to stick to your day job.
3894,6586,0,0,62,62,1.0,0.016260700012185932,614,Did you bring any blank paper with you? I'm all out.
5092,6586,0,0,63,63,1.0,0.01600051202457731,614,Don't be discouraged. Once I get it tuned your creative slump will be gone in a flash.
1502,6586,0,0,56,56,1.0,0.01801874925391118,614,"They didn't say you'd plateaued, but low-key suggested you come down a half step on Rocky Mountain."
3746,6586,0,0,80,80,1.0,0.01257886513566569,614,Gimme a C! Gimme a bouncy C!
6629,6586,0,0,30,30,1.0,0.03390317518104052,614,Who is your tuner??
