target_id,rank,funny,somewhat_funny,unfunny,count,score,precision,contest,caption
3671,1,3409,4130,2930,10469,2.045754131244627,0.007592308755500284,621,She’ll appreciate you’re wearing protection.
6284,2,1084,2425,926,4435,2.0356257046223223,0.010095885438516833,621,Our welder comes in on Wednesdays if you’re interested in complimentary alterations.
6424,3,3825,3616,3573,11014,2.0228799709460685,0.007806610377272637,621,It’s off the rack.  The guy on the rack doesn’t need it anymore.
5715,4,3099,3340,3212,9651,1.9882913687700756,0.00823102170287088,621,It does make you look slightly middle-aged.
5168,5,2291,1982,2470,6743,1.9734539522467744,0.010228484787071952,621,"Yes, of course you’ll have the only key, Mrs. Trump."
308,6,3087,4052,3391,10530,1.9711301044634377,0.007638680248457591,621,"May I say, sir: quite riveting."
4609,7,2718,3203,3024,8945,1.9657909446618222,0.008464070929405062,621,"If you like it, I'd suggest going ahead before the steel tariffs hit."
3991,8,1555,2090,1838,5483,1.9483859201167244,0.010601723163942164,621,Can I interest you in some Under Armour to go with that?
1551,9,2500,3164,3118,8782,1.9296287861534958,0.008502265596039182,621,Perfect for a knight on the town.
360,10,3157,2992,3905,10054,1.925601750547046,0.008325851028651075,621,LIMERICK: When buying a nice suit of steel...No matter how good it may feel...You do have to watch...If it's tight in the crotch...Cause it'll make you scream when you kneel.
6841,11,1996,1807,2485,6288,1.922232824427481,0.010601291691877816,621,Will you be billing this to the E.P.A. as well sir?
2663,12,2192,3347,2909,8448,1.9151278409090908,0.008404142106777564,621,"It says ""old money, really old money."""
340,13,1926,2693,2572,7191,1.9101654846335698,0.009266821056297309,621,Oh a 'suit of Armani?' Our mistake sir.
1310,14,1300,2107,1798,5205,1.9043227665706053,0.010611970176969335,621,It also comes in stainless.
1999,15,2346,2754,3167,8267,1.9006894883270835,0.008915318565188323,621,"Congratulations on becoming the new White House Press Secretary, by the way."
5303,16,2171,3308,3195,8674,1.8819460456536776,0.008349933795470017,621,"May I inquire what the bride is wearing, sir?"
5253,17,2097,3111,3134,8342,1.8756892831455287,0.008563077905429116,621,"Dressed to kill, eh?"
5682,18,1215,1717,1819,4751,1.8728688697116396,0.011447271108562784,621,All you need is a little altercation.
2670,19,1051,1633,1905,4589,1.8139028110699498,0.011526067725698669,621,"Of course, it's no iron"
51,20,900,1713,1723,4336,1.8101937269372694,0.011455837705974364,621,"As a matter of fact, there is a silver lining."
3307,21,1137,1945,2132,5214,1.8091676256233218,0.010643490025451917,621,"If I may ask, sir, Renaissance fair or confirmation hearing?"
6647,22,438,876,867,2181,1.8033012379642366,0.016022618445475843,621,"I agree, the belt would be too much."
201,23,847,1779,1708,4334,1.8013382556529764,0.011267043656339312,621,It's popular among Middle Age men.
7210,24,1207,2523,2558,6288,1.78514631043257,0.009375246640636634,621,It works for a casual joust or that formal crusade.
4021,25,1447,1521,2670,5638,1.7830791060659807,0.01100880039923529,621,"A word of caution, Sir:  always lift the visor before you fart."
3176,26,383,557,800,1740,1.7603448275862068,0.018919192828397276,621,"And if the FBI comes, just stand quietly against the wall. They’ll never know, Mr. President."
5623,27,1315,1994,2834,6143,1.7527266807748656,0.010000478686087895,621,It comes with an assortment of refrigerator magnets too.
6180,28,524,883,1208,2615,1.738432122370937,0.015073334397579689,621,We also have it available in imported steel for 25% more.
6317,29,720,1942,1996,4658,1.726062687848862,0.010444709249092797,621,"Of course, it may slow you down a bit at airport security."
5375,30,605,1436,1618,3659,1.7231484012025144,0.012047112692193771,621,I haven't sold one of these in ages.
5669,31,963,2134,2574,5671,1.7159231176159409,0.00978607015601725,621,"A bit snug in the codpiece, but we can hammer that out."
2464,32,383,931,1075,2389,1.7103390539974885,0.014846982388022114,621,Every fashion comes around again if you wait long enough.
2203,33,872,2143,2491,5506,1.7059571376679985,0.009759385209157805,621,....and we'll throw in 2 years of WD-40
5602,34,269,441,692,1402,1.6982881597717547,0.020598110893852183,621,You're not the first woman to come here looking for something more appropriate for the workplace.
6431,35,335,587,895,1817,1.6917996697853606,0.017901353643208637,621,"Will this be the usual EPA billing, Secretary Pruitt"
6312,36,853,1449,2280,4582,1.6885639458751638,0.011317587325185783,621,You should have thought of that before you tried it on.
699,37,735,1879,2270,4884,1.6857084357084358,0.010284656080996973,621,"Sir, the power suit never goes out of style."
4456,38,733,1717,2211,4661,1.6829006650933276,0.010675391126691263,621,Are you sure that that 'knight in shining armor' wasn't just a metaphor she was using?
871,39,226,364,622,1212,1.6732673267326732,0.02212709566773107,621,Medieval and self-righteous. Perfect for border security.
5557,40,376,824,1146,2346,1.671781756180733,0.015189445300115978,621,"I don't think that's what she meant by ""protection,"" sir."
1430,41,350,865,1123,2338,1.6693755346449957,0.014926909730084054,621,"I like it, but do you think it makes me look stiff?"
5376,42,125,258,378,761,1.6675427069645203,0.026912249046380222,621,Can I interest you in a coat of arms?
6200,43,801,1242,2228,4271,1.6658862093186608,0.011829878884775737,621,"It normally would come with a sword, but it was recently stuck into a desk for another cartoon."
4866,44,188,311,537,1036,1.6631274131274132,0.023801185575568064,621,"Sorry, ma’am, only our men’s version has pockets."
4302,45,569,839,1588,2996,1.6598798397863819,0.014204307268532054,621,"From the same era as your policies, Mr. Ryan."
1039,46,335,676,1034,2045,1.6581907090464547,0.016442452295506445,621,"Believe me, all Republicans will be wearing them soon."
5301,47,612,972,1754,3338,1.65787896944278,0.013316651020440877,621,It's thee!
1654,48,547,1220,1768,3535,1.6545968882602546,0.012310550364656565,621,Have you thought about moving to a safer neighborhood?
1945,49,279,554,906,1739,1.6394479585968948,0.01781228569044074,621,"For 25% more, you can get it in Canadian steel."
981,50,548,1532,2056,4136,1.6353965183752417,0.010959506776605048,621,If it's too heavy I can show you something in aluminum.
1614,51,660,1369,2249,4278,1.628564749883123,0.011257465813669607,621,"Sure, let me get the blowtorch and I'll let the crotch out a little."
3581,52,203,539,771,1513,1.6245869134170523,0.018236017788082398,621,"It says, ""I'm a disruptor, but I value tradition, too."""
577,53,290,793,1127,2210,1.6212669683257919,0.015010751561119478,621,It always feels a little stiff when you first put it on.
266,54,164,328,568,1060,1.618867924528302,0.022691934038932767,621,"Sir, all you need now is a heart."
7255,55,138,339,517,994,1.618712273641851,0.02274189412297803,621,It's the ideal suit for a knight out on the town.
5572,56,225,415,765,1405,1.6156583629893237,0.019916274905483054,621,Just think of it: you'll be among the first to be appropriately dressed for the dark age that we have entered!
4214,57,266,623,1001,1890,1.6111111111111112,0.016577708991269723,621,"Dress for the job you want, not for the job you have."
7300,58,306,689,1153,2148,1.605679702048417,0.01561871021710692,621,Best of luck on your first day as new Press Secretary.
7392,59,126,357,525,1008,1.6041666666666667,0.02203971556351648,621,Maybe something a little more Camelot and a little less Crusades?
594,60,342,598,1183,2123,1.6038624587847385,0.016265327377237983,621,"Of course, you'll still be vulnerable to crippling self-doubt."
6973,61,327,647,1193,2167,1.6003691739732349,0.01581468385129653,621,Now you've got mail.
3824,62,137,342,554,1033,1.5963213939980638,0.022142269086796344,621,It's a hard look to pull off
485,63,105,265,437,807,1.5885997521685253,0.02496581116944538,621,It's what all the press secretaries are wearing.
5338,64,420,926,1666,3012,1.5863213811420982,0.013159637086919248,621,"Its called Over Armor, and its the next big thing"""
5204,65,143,453,668,1264,1.5846518987341771,0.01927218629395992,621,"With what you save on dry cleaning, it pays for itself."
7429,66,87,276,409,772,1.5829015544041452,0.024651025643117715,621,Splendid.  Would you like rustproofing?
1518,67,151,534,758,1443,1.5793485793485793,0.01772399762206748,621,Our on-site welder can have it ready in an hour.
3759,68,189,524,850,1563,1.5770953294945618,0.017637314225676985,621,First crusade?
2179,69,79,218,356,653,1.5758039816232772,0.02730800069670155,621,It's no iron.
1806,70,89,301,445,835,1.5736526946107785,0.023427753460791817,621,It's a riveting look.
3762,71,182,306,681,1169,1.5731394354148844,0.02181859888430331,621,"Irony suits you, sir."
6432,72,82,233,379,694,1.5720461095100864,0.026348770676410546,621,It's very popular with Middle Aged men right now.
1906,73,318,728,1342,2388,1.5711892797319933,0.014635120036275867,621,We also offer an exquisite selection of non-iron suits.
1662,74,210,395,822,1427,1.5711282410651717,0.019446487322466056,621,"Oh, and don't lick the inside of it when it's cold."
3556,75,134,218,499,851,1.5710928319623971,0.02566456537524089,621,"It's you, Mr. Secretary, but if it seems extravagant, I can bill it as ""personal security"" to your EPA account."
6565,76,258,621,1115,1994,1.570210631895687,0.015899944241158093,621,"No sir, it doesn’t make you look middle aged."
2028,77,83,261,406,750,1.5693333333333332,0.02495727249179958,621,Polished. Timeless. And right off The Rack.
1608,78,269,615,1143,2027,1.5688209176122347,0.015876506287198378,621,Can we add you to our chain mail list?
6142,79,281,727,1259,2267,1.56859285399206,0.014753038197057818,621,I'll throw in a can of WD-40.
6756,80,145,324,615,1084,1.566420664206642,0.021766747421221727,621,"Well, it pretty much settles the ""Flight or Fight,"" question, sir."
379,81,134,235,522,891,1.5645342312008979,0.02478267261485617,621,Yes you do look like an idiot but that’s pretty much the only downside.
535,82,133,344,609,1086,1.561694290976059,0.02127566182130663,621,"I have it in rust, too."
3011,83,94,207,403,704,1.5610795454545454,0.02702179573545913,621,"So, finally decided to attend the White House Correspondents' Dinner?  Very good sir."
2477,84,208,702,1088,1998,1.5595595595595595,0.01508880185597296,621,"Tailoring is free, but the rust-proofing is extra."
6185,85,72,210,353,635,1.55748031496063,0.027327539723560883,621,The welder is on his way to fix the fly.
2555,86,173,385,757,1315,1.555893536121673,0.019700840661938755,621,It’s LA. You don’t really need a tie.
7197,87,163,371,732,1266,1.5505529225908372,0.0199792056219528,621,It’s also guaranteed to protect you from the slings and arrows of outrageous fortune.
2728,88,211,439,916,1566,1.549808429118774,0.01817549333657031,621,"This season, imported Italian is out, domestic steel is in."
6314,89,97,286,496,879,1.546075085324232,0.02310179596154201,621,"If you pay cash, I'll cover the tariff..."
3809,90,89,313,498,900,1.5455555555555556,0.022266024066664128,621,And the best part is that it's wrinkle free.
5461,91,153,318,673,1144,1.5454545454545454,0.02123518271488184,621,I believe your drawbridge is down.
3266,92,94,179,403,676,1.5428994082840237,0.02792227703875648,621,Not functional? Surely you joust.
1929,93,96,178,410,684,1.54093567251462,0.02783095870120224,621,"Thinking the customer was driving a hard bargain, Phil continued to sell to the empty suit until well after lunch."
817,94,138,330,653,1121,1.5405887600356825,0.021013628544378115,621,It's the latest from our Ready To War collection.
1070,95,74,226,394,694,1.5389048991354466,0.02581270347824629,621,"And if you want to look approachable, just flip up the visor!"
3018,96,93,244,461,798,1.5388471177944862,0.02458114894733084,621,This year is all about feudalism
4764,97,186,418,864,1468,1.5381471389645776,0.018497605555157205,621,"Ready to meet with your constituents, Senator?"
1943,98,148,400,749,1297,1.5366229760986894,0.019182314958091546,621,Wear it straight into battle or shall I box it?
1184,99,173,368,793,1334,1.535232383808096,0.019524140019248126,621,"Oh, absolutely!  We provide free altercations."
2528,100,79,179,377,635,1.5307086614173229,0.028023082974918487,621,"I’ll sell it to you, but I’m pretty sure she meant it figuratively."
643,101,164,370,783,1317,1.5299924069855733,0.01945596166515578,621,Does Sir joust right or left?
5465,102,169,293,729,1191,1.529806884970613,0.021161775428508514,621,Your father hand picked this prom dress.
1400,103,90,197,426,713,1.5287517531556802,0.026543047362018256,621,"May I say sir, this really accentuates your diminished sense of self."
236,104,87,235,456,778,1.525706940874036,0.024672619341434457,621,It's vintage
7169,105,135,358,706,1199,1.5237698081734778,0.019904250194185884,621,A slimming fit. Makes you look 700 years younger.
3500,106,56,159,303,518,1.5231660231660231,0.030012233211382404,621,I’d buy it now before the tariffs kick in.
1074,107,76,194,399,669,1.5171898355754858,0.026719582090351975,621,Is this a personal crusade or a biblical one?
544,108,86,207,441,734,1.5163487738419619,0.025698035094621506,621,"Oh, could you possibly have meant Armani?"
2718,109,70,194,384,648,1.5154320987654322,0.02683198721553602,621,"Don’t worry, that part is velcro."
71,110,82,141,369,592,1.5152027027027026,0.02985571351015764,621,"About forty seconds, with practice. Longer for number two."""
5949,111,104,210,500,814,1.5135135135135136,0.024931533318367925,621,Family reunion?
4567,112,114,199,519,832,1.5132211538461537,0.025107797980103166,621,You’re the 3rd Trump personal attorney we’ve fitted this week.”
5934,113,102,291,577,970,1.5103092783505154,0.021792789946058565,621,You may have taken her dating profile a bit too literally.
326,114,94,142,411,647,1.510046367851623,0.028924770059721275,621,And you can always dress it down with flip-flops.
4967,115,86,238,480,804,1.5099502487562189,0.024033790575461678,621,It's meant to be untucked.
4579,116,119,268,607,994,1.5090543259557343,0.022199195228234422,621,Do you joust to the right or to the left?
6437,117,71,134,340,545,1.5064220183486239,0.03063390375958205,621,Perhaps you should just get divorced.
5539,118,54,156,312,522,1.5057471264367817,0.029612452711468843,621,It comes with an extra gauntlet in case you throw one down.
1022,119,121,222,579,922,1.5032537960954446,0.023588544530234155,621,"Perfect! I believe you're ready for your meeting with Mr. Weinstein, Ma'am!"
7269,120,31,96,187,314,1.5031847133757963,0.03780909195134881,621,"Dressed to kill, I'd say."
6930,121,97,240,526,863,1.5028968713789108,0.02346910955725235,621,... and nobody will know you’re naked.
3978,122,94,254,534,882,1.5011337868480725,0.022928369976734923,621,Will this be your first time at a roundtable discussion?
3897,123,93,257,534,884,1.501131221719457,0.022834426934013163,621,The suit adds 100 pounds even without the mirror.
609,124,66,183,385,634,1.496845425867508,0.02690431061283986,621,"I’m sorry, but the sale ended June 17, 1218."
4370,125,96,228,523,847,1.4958677685950412,0.02373676894519746,621,"It is made of aluminum so it is much lighter.However, you are subject to a 25% tariff if you re- enter the U.S."
1353,126,102,206,519,827,1.4957678355501813,0.024520999961745372,621,"And, it's no iron"
2016,127,82,224,477,783,1.4955300127713922,0.024238553587068126,621,"""Well it's your fairytale wedding too…"""
1296,128,77,239,483,799,1.4918648310387985,0.023552712309252054,621,You sacrifice a little comfort but it holds a crease like forever.
6112,129,76,237,478,791,1.4917825537294565,0.023656141495437207,621,Will you be needing something for the horse?
2285,130,62,167,363,592,1.491554054054054,0.02788021651375221,621,"Yes, sire. It does, alas, make your butt look big."
6981,131,56,173,351,580,1.4913793103448276,0.027661572204630846,621,...but now imagine it adorned with the blood of your enemies.
7015,132,69,227,448,744,1.4905913978494623,0.02420736318283272,621,"It's from our ""Chivalry Is Not Dead"" collection."
905,133,78,216,465,759,1.4901185770750989,0.024512017254127706,621,Of course it usually isn't worn with brown shoes.
2710,134,81,209,472,762,1.4868766404199476,0.02465067914746473,621,"Not only does it wear like iron, it's also permanent press."
3689,135,89,188,475,752,1.4867021276595744,0.025452634641377956,621,It'll go perfectly with her chastity belt.
2217,136,70,209,442,721,1.4840499306518724,0.024830546615715068,621,I agree. Definitely cut back on the eight glasses of water a day.
4246,137,63,157,365,585,1.4837606837606838,0.028221266754838718,621,I SAID IT FITS YOU PERFECTLY.
5512,138,47,142,299,488,1.4836065573770492,0.030138428260709862,621,Staying alive never goes out of fashion.
4026,139,79,193,455,727,1.4828060522696012,0.025363361231094,621,It takes 700 years off you.
4732,140,63,207,420,690,1.482608695652174,0.025048754729056346,621,"Sir, some may say it makes you look standoffish, but I say it makes you look positively impenetrable."
3949,141,84,178,455,717,1.4825662482566249,0.025999723025252063,621,It comes with a catheter.
267,142,76,192,445,713,1.482468443197756,0.02549720119117773,621,We call it Over Armour.
3641,143,90,163,458,711,1.4824191279887482,0.026612913044349835,621,Is that your happy voice or is it still a bit tight in the crotch?
2207,144,44,171,322,537,1.4823091247672253,0.02777711138685452,621,We also have that one in 'relaxed fit'.
2430,145,70,206,442,718,1.4818941504178273,0.02490311073292168,621,"Yes, it’s iron and no iron."
4251,145,80,186,452,718,1.4818941504178273,0.025671277923660512,621,It's just the thing for a knight on the town!
6825,147,76,176,433,685,1.4788321167883212,0.026253647224744558,621,And it's on sale for one knight only.
1793,148,74,160,411,645,1.4775193798449613,0.027271125097179993,621,Your sword is still stuck in the desk from last week's cartoon.
3242,149,52,209,395,656,1.4771341463414633,0.024958400140249255,621,"Plus, it's recyclable"
942,150,61,166,380,607,1.4744645799011533,0.02726039966253257,621,"Not many guys can pull this off. I mean, it's literally almost impossible to pull off."
114,151,43,122,275,440,1.4727272727272727,0.03182779489725903,621,"I don't know about 'I'm in charge,' but it definitely screams 'Charge.'"
6244,152,61,165,382,608,1.4720394736842106,0.027224011342621306,621,"Dress for the job you want, not the job you have."
87,153,52,189,380,621,1.4718196457326893,0.025924135201275948,621,"Just dare them to call you an empty suit, now."
5511,154,60,173,390,623,1.4703049759229534,0.026649281583214852,621,I suggest you buy now. The price should go up 50% once the tariffs are in place.
4446,155,56,176,382,614,1.4690553745928339,0.026529950252066566,621,Alterations are over in Hardware.
5728,156,46,118,284,448,1.46875,0.0318827753724832,621,"It says, ""I'm a capitalist with feudalist ambitions."""
234,157,61,167,389,617,1.4683954619124797,0.026929806225285097,621,"Yes, wash separately, sir."
4189,157,63,163,391,617,1.4683954619124797,0.02712450524966068,621,"The question you want her to ask herself is ""Why is this knight different from every other knight?"""
4889,159,56,163,369,588,1.467687074829932,0.027360675885505083,621,"I think you can pull off shining, but we also carry brushed nickel."
4583,160,32,102,222,356,1.4662921348314606,0.03474815065398834,621,This one gives you abs of steel.
5721,161,41,136,291,468,1.4658119658119657,0.03013335292184898,621,"It’s clanky, but not clunky."
5630,162,56,98,297,451,1.4656319290465631,0.03323839361420509,621,I would still recommend using a condom ...
3010,163,58,158,373,589,1.465195246179966,0.02753268317412482,621,It's the perfect thing to wear for a knight out on the town.
2439,164,56,159,368,583,1.4648370497427101,0.027522978339464647,621,And you never have to iron it.
6465,164,49,173,361,583,1.4648370497427101,0.026762915493923647,621,"A most fitting suit for your middle ages, Sir."
6533,166,64,148,382,594,1.4646464646464648,0.027979706661563717,621,"On the plus side, no one will ever ask you to talk about your feelings."
3209,167,55,165,372,592,1.464527027027027,0.027116109278461597,621,This is the last suit you'll ever need.
6602,168,54,156,359,569,1.4639718804920914,0.027785288848364766,621,It fits you well. Would you like to see it with a horse underneath?
5053,169,55,160,368,583,1.463121783876501,0.027411815574498566,621,It’s what all the Republicans are wearing these days.
2070,170,44,172,348,564,1.4609929078014185,0.026804562572324747,621,I can also recommend a good blacksmith if you need to have it tailored.
860,171,63,133,366,562,1.4608540925266904,0.029026599338094327,621,"Yes, it is wrinkle free, but it does make a hell-of-a racket in the dryer."
6014,172,57,147,363,567,1.4603174603174602,0.028180497764318833,621,And it'll never wrinkle--wears like iron.
5980,173,59,139,362,560,1.4589285714285714,0.028655857717393096,621,I think the colander adds a nice touch.
7262,174,47,145,329,521,1.4587332053742803,0.02871341540306145,621,You can jazz it up with some fridge magnets.
6793,175,51,153,352,556,1.45863309352518,0.027891101505121033,621,"Beautiful fit, Sir. The key is to measure twice, weld once."
1739,176,66,120,364,550,1.4581818181818182,0.029821913425282252,621,It makes you look six feet. No one can tell that the eye holes are in your breast plate
5013,177,49,132,321,502,1.4581673306772909,0.029751772495657452,621,This is perfect if you freelance a lot.
7178,178,52,145,347,544,1.4577205882352942,0.02844622473241088,621,And you’re sure the invitation said knight time attire?
7003,179,53,140,345,538,1.4572490706319703,0.028793180845619864,621,"And, it has a cell phone pocket."
4470,180,52,142,346,540,1.4555555555555555,0.028591463233852206,621,"Now, all you need is a heart."
6045,180,51,144,345,540,1.4555555555555555,0.02847104378855574,621,And our blacksmith does alterations.
1451,182,47,151,340,538,1.4553903345724908,0.028057242874718766,621,"It's not the mirror, the breastplate really does add 10 lbs."
6551,183,60,119,346,525,1.4552380952380952,0.030157594983961023,621,"No sir, you still need to use a condom."
5648,184,35,145,294,474,1.4535864978902953,0.028917214772220392,621,"It won’t wrinkle, but it might dent."
3283,185,53,125,332,510,1.4529411764705882,0.02991896732610222,621,It also comes with collision coverage and roadside assistance.
6003,186,53,130,339,522,1.4521072796934866,0.02941435472354952,621,It says: “I really don’t care. Do you”?
4404,187,58,119,343,520,1.4519230769230769,0.03011748135435339,621,We call this particular cut the 'Modern Republican'
5848,188,46,129,315,490,1.4510204081632654,0.02983787486279577,621,Just don't think of things that make you feel itchy.
7220,189,53,125,335,513,1.4502923976608186,0.02978296606354293,621,It offsets M’Lady’s chastity belt.
2226,190,35,156,313,504,1.4484126984126984,0.027710073786838374,621,"Why yes Sir, it's perfect for a knight out on the town."
5797,190,40,146,318,504,1.4484126984126984,0.028412920542731847,621,It’s your time to shine.
6952,192,42,141,319,502,1.448207171314741,0.028768751766783247,621,Your fly is unlatched.
192,193,30,89,214,333,1.4474474474474475,0.03588042429503224,621,"If you’re going through a middle age crisis, then this is the suit for you"
4362,194,42,133,311,486,1.4465020576131686,0.029426738536460786,621,I assure you this style is very popular among Middle-Aged men.
6521,194,53,111,322,486,1.4465020576131686,0.030972051453320153,621,And on which side does the gentleman wear his lance?
4956,196,43,121,302,466,1.444206008583691,0.03046014094761242,621,"Yes, sir, you're dressed to kill."
6002,197,40,134,308,482,1.4439834024896265,0.029296578122428862,621,I’d say it’s riveting.
1316,198,45,123,312,480,1.44375,0.030112383011764145,621,"Best of all, it's fully recyclable."
3301,199,45,117,305,467,1.443254817987152,0.030710452792639974,621,It's looks great on men in their Middle Ages.
3391,200,39,128,299,466,1.44206008583691,0.02983917251424443,621,They don't call you a Renaissance man for nothing.
6655,200,47,112,307,466,1.44206008583691,0.03105180217595463,621,"Enjoy your trip to Canada, Mr. President."
6822,200,41,124,301,466,1.44206008583691,0.030146903105373615,621,"And may I suggest a horse""?"
449,203,28,111,239,378,1.4417989417989419,0.03235909200627582,621,Now that's what I call a power suit.
1101,204,43,115,297,455,1.4417582417582417,0.030976006296756373,621,Our welder can have it ready this afternoon.
5972,205,38,130,299,467,1.4411134903640257,0.029635600848313255,621,You will find airport security inconvenient.
7314,206,38,99,260,397,1.4408060453400504,0.033254901818131066,621,"Yes, sir, I agree that a white linen pocket square might send mixed signals."
6654,207,42,107,286,435,1.439080459770115,0.03181861966458542,621,"Now, what size sword are you?"
3264,208,39,116,287,442,1.4389140271493213,0.030961137668141726,621,"But you understand, this still will not protect you from the slings and arrows of outrageous fortune."
7025,209,38,99,262,399,1.4385964912280702,0.03312477551215052,621,It’s very 1350s
7105,209,41,118,297,456,1.4385964912280702,0.030600372421564923,621,"Oh, absolutely - all the senators are wearing these to their town hall meetings these days."
6149,211,39,118,291,448,1.4375,0.03066018167220441,621,"If I may be so bold, sir, the wenches will go crazy."
35,212,34,127,285,446,1.437219730941704,0.029925938751853936,621,"The classics are always in style, sir."
6651,213,41,111,290,442,1.4366515837104072,0.03128058014496103,621,"Anticipating a hostile takeover, are we, sir?"
352,214,45,105,297,447,1.436241610738255,0.03166802116173853,621,It's from our midterm collection: bespoke retro-industrial with a soupçon of irony.
419,215,34,103,255,392,1.4362244897959184,0.03275117662724236,621,"Alternatively, you could go with linen and a better lawyer."
2874,216,45,104,296,445,1.4359550561797754,0.03177005772701954,621,"So, when DO you start as White House Press Secretary?"
1914,217,47,99,297,443,1.435665914221219,0.0321918296335885,621,So you're the new Press Secretary.
361,218,39,116,291,446,1.4349775784753362,0.030745785390380732,621,"Take it, and I’ll throw in the horse."
6818,219,49,92,297,438,1.4337899543378996,0.03277272551933035,621,"Oh, and one last thing... Remember to avoid Mexican food."
4871,220,25,123,251,399,1.4335839598997493,0.030527283818746576,621,"It’s a bit dated, sir."
1682,221,35,115,277,427,1.4332552693208431,0.031003542397788093,621,It does a really great job at hiding your problem areas.
3996,222,36,115,281,432,1.4328703703703705,0.030923912292764897,621,"I think it's riveting, sir."
5838,223,38,110,282,430,1.4325581395348836,0.031370995375092026,621,Oh... you mean an Armani suit.
3271,224,31,114,263,408,1.4313725490196079,0.03124174809125906,621,It makes you look a thousand years younger.
1817,224,43,90,275,408,1.4313725490196079,0.033475011278443975,621,Medieval is the new black.
6957,226,45,93,287,425,1.4305882352941177,0.032828410124879394,621,It comes with a matching oil can.
2135,226,41,101,283,425,1.4305882352941177,0.032145130187792095,621,Fat? Surely you joust.
5742,226,36,111,278,425,1.4305882352941177,0.03127004155927245,621,"I know it feels heavy, but the mirror adds ten pounds."
5653,229,37,105,274,416,1.4302884615384615,0.031927059822217004,621,It has an ironclad guarantee.
3142,230,43,96,284,423,1.4302600472813238,0.032598593857463644,621,"Yes sir, it is absolutely wrinkle free"
3309,230,39,104,280,423,1.4302600472813238,0.031903791322463675,621,"I'm sorry, sir. That coupon expired during the Inquisition."
2924,232,39,103,279,421,1.4299287410926367,0.032010533155585434,621,To offset the steel tariff I’ll give you a ten percent discount.
5566,233,31,117,269,417,1.4292565947242206,0.030762600051640113,621,Its also available in rust.
1544,234,47,79,278,404,1.4282178217821782,0.03442258860105689,621,"So, you’re a schoolteacher."
2255,235,27,81,208,316,1.4272151898734178,0.036322560542048896,621,A pair of magnetic cuff links and voila!
7002,236,38,99,273,410,1.4268292682926829,0.03242489526518657,621,And I believe we have the matching codpiece in stock.
1616,237,34,104,265,403,1.4267990074441688,0.03206709795341906,621,"It's a real chic magnet, which reminds me, stay away from magnets."
6411,238,31,110,263,404,1.4257425742574257,0.03142406583795985,621,"It's a little stiff, but it wears like iron."
4368,239,30,107,256,393,1.424936386768448,0.03182530478611508,621,If you order now before the tariffs you save twenty-five percent.
3587,240,32,76,222,330,1.4242424242424243,0.03649541686072489,621,It really makes you look tin.
3615,241,46,78,277,401,1.4239401496259352,0.03441080255807349,621,"Yes, I think that will be stunning, Madam Press Secretary!"
2868,242,35,99,265,399,1.4235588972431077,0.03246936531828436,621,You should have thought of that before you got dressed.
1748,243,43,74,261,378,1.4232804232804233,0.03536949089404552,621,I wouldn't call it 'Retro' as much as I would 'Apocalypse  Now'.
7014,244,38,88,262,388,1.422680412371134,0.03371479291136254,621,"If you buy now, you avoid the steel tariffs."
3490,245,23,93,213,329,1.4224924012158056,0.034207499949199895,621,Of course you may have a little trouble getting through airport security.
2145,246,33,100,260,393,1.4223918575063612,0.03241613620593023,621,One of our excellent old-world welders can let that out for you.
4232,247,29,106,254,389,1.4215938303341902,0.03182396529475573,621,Cotton would be more breathable but would offer less protection.
2127,248,41,75,257,373,1.420911528150134,0.03530147258920911,621,As you can see this prototype for a new school uniform is the best solution for keeping our children safe.
1681,249,31,94,246,371,1.4204851752021563,0.033320446429730824,621,If you meant pajamas why did you ask for knight wear?
742,250,27,85,219,331,1.4199395770392749,0.03510729539279739,621,You look at least six hundred years younger.
3617,251,32,96,254,382,1.418848167539267,0.03284232781542569,621,"Yes, heavy metal is definitely making a comeback."
4373,251,23,114,245,382,1.418848167539267,0.030902149703773796,621,... and the alterations will be completed well in advance of your first day as Press Secretary.
4122,253,47,63,265,375,1.4186666666666667,0.03634547377669312,621,"No, Secretary Pruitt, it does not come in gold."
3807,254,36,87,257,380,1.418421052631579,0.03379351234191455,621,This one’s appropriate for a knight on the town.
6326,255,36,86,256,378,1.417989417989418,0.03391948865546882,621,You look absolutely magnetic!
5761,256,30,90,239,359,1.4178272980501392,0.03385718305384637,621,You’ll find it particularly adept at deflecting the slings and arrow of outrageous fortune.
5640,257,42,73,261,376,1.4175531914893618,0.03527442053709965,621,"Between you and me, I'm really going to miss the swimsuit competition."
4954,258,25,109,247,381,1.4173228346456692,0.031388821431635475,621,The old classics never go out of style.
661,259,38,79,255,372,1.4166666666666667,0.03472481851773963,621,You've got mail
802,259,39,77,256,372,1.4166666666666667,0.034932857234747816,621,"I think it's perfect for submitting your report, Mr. Mueller."
2685,259,31,93,248,372,1.4166666666666667,0.03323210144779769,621,That’s a perfect outfit for a knight out.
1462,262,36,77,245,358,1.4162011173184357,0.03526987056199095,621,It’s guaranteed to survive lightning strikes even if you don’t.
1078,263,30,90,241,361,1.4155124653739612,0.0337090015443616,621,This suit comes with two sets of Depends
3830,263,24,102,235,361,1.4155124653739612,0.032310380401681084,621,No problem.  Our welder is in Tuesday.
5032,265,30,94,247,371,1.4150943396226414,0.03306488691261674,621,"I've found your sword, Sir. It's in caption contest #619."
6883,265,33,88,250,371,1.4150943396226414,0.03371937461187374,621,This model includes Bluetooth and the Find My Armor app.
7361,267,31,82,234,347,1.414985590778098,0.03490063938537092,621,For the price.....It's a steel....
1491,268,32,81,237,350,1.4142857142857144,0.03491743040077038,621,The tag says Easy Care but it makes a racket in the dryer.
994,269,28,95,242,365,1.4136986301369863,0.03298254329711692,621,You have to remember the mirror adds ten pounds.
2375,270,33,82,243,358,1.4134078212290502,0.03457866995557744,621,"So young lady, you say this is your first blind date since the #metoo movement began?"
3221,271,26,98,239,363,1.4132231404958677,0.03264239800325425,621,"I would wear it untucked, sir."
1035,272,32,85,244,361,1.4127423822714682,0.03414313932662746,621,You'll like the extra room when you pillage.
7071,273,32,80,237,349,1.4126074498567336,0.03497715309340042,621,"If this is out of your budget, we do have a sale on the emperor’s new clothes."
5747,274,32,79,236,347,1.4121037463976944,0.035117979887969795,621,"Yes, Madam First Lady, they are both strong choices, but this sends a subtler message"
1632,275,32,83,242,357,1.411764705882353,0.034408576208974126,621,Gender fluid for sure.
7345,275,38,71,248,357,1.411764705882353,0.03575429914173743,621,"Sure, we can spray paint your back with any uncaring message you like, Melania."
4297,277,31,84,240,355,1.4112676056338027,0.03431222746236882,621,This should handle anything they throw at you
4434,277,34,78,243,355,1.4112676056338027,0.03500104348584472,621,Ready to wash the cat sir
1766,279,37,67,239,343,1.4110787172011663,0.03658829126371414,621,"It's called a codpiece, President Trump.  And yes, we can make yours larger than Henry the 8th's."
5223,279,28,85,230,343,1.4110787172011663,0.03442757936621643,621,"Perfect for a knight on the town, don’t you think?"
1312,281,22,39,141,202,1.4108910891089108,0.04783269891468382,621,"No, it doesn't come with a back-up camera."
7463,282,25,95,233,353,1.4107648725212465,0.03301515455722291,621,"The fit is perfect, sir, but I still wonder if you’re taking her dating profile too literally."
5316,283,33,81,244,358,1.410614525139665,0.034558754369841696,621,And it comes with an iron-clad guarantee.
1531,283,29,89,240,358,1.410614525139665,0.03364093686633411,621,It's you. Whoever you are.
3460,285,34,71,234,339,1.4100294985250736,0.0361822833892478,621,It's definitely your strong suit.
3462,285,26,87,226,339,1.4100294985250736,0.03419824034574092,621,"You said, ""appropriate for a Middle-Aged man."""
4182,287,30,85,239,354,1.4096045197740112,0.03413521615294997,621,"I'm sorry sir, but two goats and one fat laying hen is the sale price"
6459,288,33,74,235,342,1.409356725146199,0.03570678294911428,621,It also comes with a year supply of WD-40.
6539,289,34,74,239,347,1.4092219020172911,0.035568250552729254,621,"It’s what we recommend for the 2020 Presidental Election, Madame."
4532,290,25,93,232,350,1.4085714285714286,0.033192067577909115,621,On Casual Fridays you can open the visor.
4114,291,24,88,221,333,1.4084084084084083,0.03408684534514635,621,"It's aluminum. You know, for summer."
5730,292,27,84,227,338,1.4082840236686391,0.034510201188036146,621,It's stainless steel so it goes with the refrigerator and dishwasher.
5849,293,28,86,234,348,1.4080459770114941,0.034056403371800846,621,It's the last suit you'll ever need.
243,294,33,75,238,346,1.407514450867052,0.03539417246262245,621,Surely you joust.
1911,294,33,75,238,346,1.407514450867052,0.03539417246262245,621,"I guess this means I’m wearing the princess costume again, Sweetheart?"
5947,296,35,70,239,344,1.4069767441860466,0.03601243087820399,621,"It also comes in green with 'I really don't care about the king, do u?' written on the back."
7263,296,27,86,231,344,1.4069767441860466,0.03407774587666349,621,"In my humble opinion,sir, you look a thousand years younger."
6552,298,28,83,231,342,1.4064327485380117,0.03446226460716614,621,I hope you have TSA Pre-check.
832,299,27,76,217,320,1.40625,0.03584890520925561,621,"Yes, you'll be more magnetic."
2103,300,23,92,225,340,1.4058823529411764,0.033323124667978966,621,The welder is here if you need any minor alterations.
5542,301,31,66,219,316,1.4050632911392404,0.03725457478912188,621,Will this be cash or CHAAAAARGE?
3428,302,19,94,213,326,1.4049079754601228,0.033167264864706655,621,If you only had a heart.
2281,303,24,88,224,336,1.4047619047619047,0.033847191645779956,621,It’s of course both stain-resistant and wrinkle-free
6215,304,27,77,220,324,1.404320987654321,0.035519679857252066,621,I'm sure you'll be the knight to remember.
3153,305,31,71,227,329,1.4042553191489362,0.03617718945592667,621,"You can easily wear that during the day, then just add a shield  or sword for a more night time look."
6724,305,27,79,223,329,1.4042553191489362,0.035137651557601124,621,"Trust me, you're gonna slay 'em."
5839,307,21,93,220,334,1.404191616766467,0.03317843544634425,621,Its our new No Iron line.
5869,307,21,93,220,334,1.404191616766467,0.03317843544634425,621,"It’s a French design with steel from Canada, made in Germany, for our London and US customers, and tariffs up the yin-yang."
5197,309,33,71,235,339,1.4041297935103245,0.03589511220020002,621,"It goes with your Under Armour, Sir."
6074,310,28,72,217,317,1.4037854889589905,0.03634394937213392,621,Just monitor your liquids intake
2362,311,28,73,219,320,1.403125,0.036095277714347375,621,"Chick magnet, I daresay."
2489,312,33,69,233,335,1.4029850746268657,0.036196528997419306,621,They will still know it's you Mr. President.
48,313,21,86,211,318,1.4025157232704402,0.03428274931499865,621,"…And our automotive department will cover dents and dings, for the first year."
4028,314,31,70,227,328,1.4024390243902438,0.03624189232465787,621,"Oh, yes, Mr. Pruitt, I’d say it’s an excellent choice for flying coach."
5089,315,24,86,223,333,1.4024024024024024,0.03403660560848208,621,And what's great is that you can wear it into your middle ages.
1032,316,26,81,224,331,1.4018126888217524,0.03470476998953621,621,"Of course it makes you LOOK brave, but how does it make you FEEL?"
3501,316,29,75,227,331,1.4018126888217524,0.03548733611194473,621,Another Hostile Takeover Sir?
5545,316,27,79,225,331,1.4018126888217524,0.03496757137870918,621,And what are the groomsmen wearing?
6743,316,22,89,220,331,1.4018126888217524,0.0336330359562229,621,Rust protection is extra.
1408,320,22,84,213,319,1.401253918495298,0.034485447020383496,621,It’s become increasingly popular in the  #MeToo era
1937,321,29,74,226,329,1.4012158054711246,0.03563592477866036,621,Unfortunately we can't accept returns if thou dost recoil before thine enemy.
5365,321,32,68,229,329,1.4012158054711246,0.03640769142352075,621,"I Really Don't Care, Do U?"
3295,323,23,88,223,334,1.401197604790419,0.033690101450320586,621,It’s been our best seller for as long as I can remember
5889,323,34,66,234,334,1.401197604790419,0.03650788310413337,621,"Yes sir, this does make your hands look big."
6809,325,29,69,219,317,1.4006309148264984,0.0365909256145583,621,"Of course, we suggest that you allow yourself extra time for air travel."
5187,326,29,71,222,322,1.4006211180124224,0.03618264766368634,621,We just got it off the rack.
1619,327,29,73,225,327,1.400611620795107,0.035786173970173314,621,"Our rental fees are reasonable, but there is a $100 surcharge if it comes back with any dents, punctures, bloodstains or scorch marks."
4265,328,26,77,220,323,1.3993808049535603,0.03528352287583446,621,It says zero tolerance with a touch of the quixotic.
5641,328,31,67,225,323,1.3993808049535603,0.03662069477312141,621,"Yes,it comes with a USB port."
4665,330,25,80,221,326,1.3987730061349692,0.034779628380457395,621,"Wow, look at those buns of steel"
989,331,26,76,219,321,1.398753894080997,0.035432285573446416,621,The codpiece can be tailored to the size of your ego.
1220,331,24,80,217,321,1.398753894080997,0.03487844679726166,621,"It's just what you wanted: steely, yet quixotic."
2844,331,23,82,216,321,1.398753894080997,0.03459820293028221,621,I'm afraid we have to charge for alterations.
3535,331,23,82,216,321,1.398753894080997,0.03459820293028221,621,All the king's men are wearing it.
632,335,23,80,213,316,1.3987341772151898,0.034974587299782325,621,"Yes, it does come in a matte finish. But, trust me, Sir, no Lady can resist a man in shining armor."
3777,336,19,89,211,319,1.3981191222570533,0.0335875156409285,621,You look riveting.
358,337,25,78,219,322,1.3975155279503106,0.035068976806432686,621,It's perfect for a knight on the town.
1164,337,24,80,218,322,1.3975155279503106,0.03479200574066031,621,I think wingtips would be a little much.
7367,337,29,70,223,322,1.3975155279503106,0.03615564986856147,621,Does the gentleman wear Under Armour under armor?
1589,340,22,68,192,282,1.3971631205673758,0.037514075414089194,621,Well! Don't we look ready for a knight on the town!
4724,341,28,69,218,315,1.3968253968253967,0.03644788527313881,621,It really says 'hostile takeover' to me.
7278,341,24,77,214,315,1.3968253968253967,0.035320910681066235,621,"It is a very traditional cut, but you can always freshen it up with a bold pocket square."
186,343,31,62,220,313,1.3961661341853036,0.03743805119891423,621,"These new school uniforms are marvellous. And NRA approved!"""
1811,343,30,64,219,313,1.3961661341853036,0.037163525467097294,621,The tailor can add rust protection for an additional $89.00.
2636,343,23,78,212,313,1.3961661341853036,0.03518191663541157,621,And you’ll feel what it’s like to be called “ Sir” again.
4030,343,22,80,211,313,1.3961661341853036,0.03488964324426542,621,For alterations we have a welder on call.
4741,343,19,86,208,313,1.3961661341853036,0.03399775063773062,621,Would you care to see something with a little less structure?
5114,343,32,60,221,313,1.3961661341853036,0.03771057848935041,621,"Sir, I'm afraid that's no longer politically correct. We now say, ""There is a 'Chinese American' in your armor."""
2098,349,20,82,206,308,1.396103896103896,0.03467277135126355,621,...and it doesn't need ironing
6834,349,25,72,211,308,1.396103896103896,0.0361657090062488,621,"...and, if you buy today; free undercoating."
1767,351,24,75,212,311,1.3954983922829582,0.035624395863464456,621,Did you want the rustproofing with that?
5222,351,27,69,215,311,1.3954983922829582,0.03648741959506764,621,"Of course, farting can be problematic."
5550,353,26,63,202,291,1.395189003436426,0.03795227552466169,621,I think it makes you look quite chivalrous!
4497,354,28,68,218,314,1.394904458598726,0.03651332971280712,621,"Melania, why not go with just the belt?"
3126,355,20,82,207,309,1.3948220064724919,0.034584144885836235,621,"The 80s are back. The 1380s, to be exact."
6767,355,19,84,206,309,1.3948220064724919,0.03427898034310724,621,It doesn't get any more retro than this
5087,357,21,64,184,269,1.3940520446096654,0.03838672324432182,621,It's the last suit that you'll ever need!
2436,358,23,73,206,302,1.3940397350993377,0.036045850418805425,621,Nothing says 'I'm ready to litigate' like plate armor.
4563,358,28,63,211,302,1.3940397350993377,0.03754080330898884,621,I understand you are going to be joining the presidents legal team.
5460,358,20,79,203,302,1.3940397350993377,0.035118345405404844,621,"Not only is the mask breathable, you become a Wi-Fi Hotspot"
7062,358,19,81,202,302,1.3940397350993377,0.034803684688254795,621,Is this vintage enough for you?
2529,362,26,62,202,290,1.393103448275862,0.03802582768503202,621,We also have mail order.
6487,363,30,61,217,308,1.3928571428571428,0.03756972250040182,621,"I think you've nailed it, Melania."
1636,364,21,66,188,275,1.3927272727272728,0.03778636812042992,621,Pleated!? I thought you said plated.
2531,365,27,61,205,293,1.3924914675767919,0.03804927666374261,621,"The fit depends on which side you""carry your lance"", so to speak."
248,366,21,80,210,311,1.392282958199357,0.03470824343920901,621,Perfect for a knight out.
1630,367,21,76,205,302,1.390728476821192,0.03539678185647708,621,"We call it “dressed to kill,”  sir."
741,367,30,58,214,302,1.390728476821192,0.03809130623908493,621,So...how do you like our new Over Armour line?
2885,369,26,64,207,297,1.3905723905723906,0.03735828055840976,621,Does this make me look Middle-Aged?
3284,370,26,65,209,300,1.39,0.03708587761993209,621,"Yes, Ma'am, it's the very latest in our ""Me too"" line of clothing."
4044,370,23,71,206,300,1.39,0.036172816958782134,621,You'll slay.
5820,372,26,61,203,290,1.389655172413793,0.03799172937916776,621,Excellent choice sir! Our welder will have the alterations ready by 4pm Friday.
4292,373,14,83,188,285,1.3894736842105264,0.03439771260170073,621,This is from our new line for Middle Age men.
460,374,23,70,205,298,1.389261744966443,0.0363345591017172,621,very bespoke sir
4812,374,19,78,201,298,1.389261744966443,0.03506865884207524,621,From our vintage collection.
2485,376,14,82,187,283,1.3886925795053005,0.0345462269943348,621,Or you can soften the look by wearing the visor up.
5323,376,20,70,193,283,1.3886925795053005,0.03665796548885568,621,Did you say you forgot your anniversary or her birthday?
5748,378,27,61,208,296,1.3885135135135136,0.037732474695616754,621,"Alterations are down the hall.  Ask for ""Smith."""
4054,378,24,67,205,296,1.3885135135135136,0.03681068956265519,621,Theres even an inside pocket for your cell phone
427,378,21,73,202,296,1.3885135135135136,0.03586522111323147,621,"We also have this suit in black, grey, or rust"
1442,381,22,70,202,294,1.3877551020408163,0.03634593680563037,621,"Seriously, this suit takes hundreds of years off you."""
6632,382,24,65,203,292,1.3869863013698631,0.03714980658216138,621,It’s Giorgio Armourani...
771,383,13,83,186,282,1.3865248226950355,0.03423396399385714,621,"Actually, this IS the relaxed fit."
1593,383,22,65,195,282,1.3865248226950355,0.03740476652071917,621,My dear. I remember the days when a chastity belt would have been more than sufficient.
5431,383,15,79,188,282,1.3865248226950355,0.03496344623248683,621,This should definitely get you a seat at the round table.
4953,386,24,64,202,290,1.3862068965517242,0.03732251521298175,621,The pocket square can also be used as a cookie sheet.
486,387,24,67,207,298,1.3859060402684564,0.036609523602074055,621,"So, What's the occasion?"
5109,388,23,62,195,280,1.3857142857142857,0.03792203328656734,621,And it’s just the thing for a knight on the town.
1281,389,22,67,199,288,1.3854166666666667,0.036846438918511644,621,Not you sir?! Why surely you joust.
5595,389,18,75,195,288,1.3854166666666667,0.03550877889794401,621,You should see what the bridesmaids have to wear.
3086,391,24,62,200,286,1.3846153846153846,0.03767443911570816,621,To hell with Under Armor.
5624,391,19,72,195,286,1.3846153846153846,0.036009429729899255,621,"Truly the ultimate in power suits, wouldn’t you agree sir?"
34,391,26,58,202,286,1.3846153846153846,0.03832019175274911,621,"They'll never know it's you, Joan."
1425,391,23,64,199,286,1.3846153846153846,0.0373473760261825,621,The power suit is back.
4282,395,21,66,194,281,1.3843416370106763,0.03713341464241031,621,This is the last one we have in stock. We mostly sold out four centuries ago.
3234,395,23,62,196,281,1.3843416370106763,0.03781176171351449,621,I'll check the instruction manual. Number one or number two?
3440,397,24,53,186,263,1.3840304182509506,0.03999334686140927,621,"No, I don't think it's too matchy, matchy."
4587,398,24,61,199,284,1.3838028169014085,0.037853740247115526,621,"Oh, you said Armani!?"
5027,398,19,71,194,284,1.3838028169014085,0.03617297624461527,621,I would wait until after the spring harvest and feasts before making any alterations.
7080,400,13,56,145,214,1.3831775700934579,0.04098825246642429,621,"And of course, it comes with our iron-clad guarantee."
3979,401,21,66,195,282,1.3829787234042554,0.037026593839780124,621,Nothing errant or quixotic about looking your best.
6036,402,27,55,203,285,1.3824561403508773,0.038714244079024185,621,"And, it effortlessly goes from work to a knight out on the town."
2818,403,24,59,197,280,1.3821428571428571,0.038219244214627746,621,....and there's a special pocket for your iPhone.
671,404,21,66,196,283,1.3816254416961131,0.03692033583766927,621,Cuffs?
6398,405,18,67,185,270,1.3814814814814815,0.03705149105265456,621,I say we go with this one and call it a knight.
6920,406,19,68,191,278,1.381294964028777,0.036675952534126574,621,"The lance, shield, horse and damsel in distress can be purchased separately."
1974,406,27,52,199,278,1.381294964028777,0.03940687137719374,621,"It says gallant and chivalrous, but not afraid to go
medieval when necessary."
3623,406,17,72,189,278,1.381294964028777,0.0359608327200888,621,"You can recycle it, too."
1457,406,20,66,192,278,1.381294964028777,0.037028333698225654,621,Not only does it fit well but it is included in our Pre-tariff Sale as well.
342,406,26,54,198,278,1.381294964028777,0.039075945408358875,621,I do think it sets the appropriate tone for a new press secretary.
1512,406,19,68,191,278,1.381294964028777,0.036675952534126574,621,It's a steel.
2054,412,19,69,193,281,1.3807829181494662,0.036401462103730985,621,All the oligarchs are wearing them.
4235,412,22,63,196,281,1.3807829181494662,0.037434271792049126,621,This option can effortlessly take your look from day-to-knight.
6502,412,26,55,200,281,1.3807829181494662,0.03876857472683077,621,"It's currently on sale, sir, for $1299, plus tax and the 25% steel tariff."
967,415,23,59,194,276,1.3804347826086956,0.038251361257148245,621,It's ideal for handling slings and arrows.
5226,415,19,67,190,276,1.3804347826086956,0.03684786009380439,621,It’s what all the smart gentlemen in Washington are wearing these days.
6906,415,20,65,191,276,1.3804347826086956,0.03720369947499377,621,"Our most polished look this season, sir"
1092,418,27,50,197,274,1.3795620437956204,0.0398060771160684,621,It's the first suit designed exclusively for a Trump press secretary.
3071,418,20,64,190,274,1.3795620437956204,0.03738131892092637,621,Too Much Irony
3110,418,25,54,195,274,1.3795620437956204,0.03912862467990836,621,It's the top seller in our maille order catalogue.
1737,421,22,61,194,277,1.3790613718411553,0.03779323100777846,621,"Good luck with the divorce proceedings, sir."
2506,422,18,64,182,264,1.378787878787879,0.03759253515995496,621,This 23 piece suit is an excellent choice.
4769,423,20,63,189,272,1.3786764705882353,0.03756123780918627,621,There's no pocket for my cell phone
199,423,20,63,189,272,1.3786764705882353,0.03756123780918627,621,"I'm sorry, sir. I obviously misunderstood what you meant by 'Fashionably Quixotic'!"
3491,423,27,49,196,272,1.3786764705882353,0.04000968577269982,621,"Sir, it screams ""large penis."""
30,426,23,58,194,275,1.3781818181818182,0.03832406277755852,621,I’m afraid it may clash.
1835,426,22,60,193,275,1.3781818181818182,0.037976189744533595,621,"It says ""regal elegance"" without saying ""tyrant."""
6541,426,24,56,195,275,1.3781818181818182,0.038668806395383795,621,Keep in mind...the mirror adds ten pounds.
175,429,19,64,187,270,1.3777777777777778,0.03737693408037017,621,It’s a full metal jacket.
2527,429,24,54,192,270,1.3777777777777778,0.03917549430195333,621,"This suit is the best for your new role, Mr. Press Secretory"
3901,429,23,56,191,270,1.3777777777777778,0.0388224487029292,621,...and when does your appointment to the Trump Cabinet begin?
7147,429,22,58,190,270,1.3777777777777778,0.03846616295890144,621,For a more polished look.
7393,429,16,70,184,270,1.3777777777777778,0.036254995651853444,621,Is this for a particular battle or everyday use?
5437,434,21,55,181,257,1.377431906614786,0.03944939336300509,621,You don't look too evil. I'd say more mid-evil.
7205,435,18,67,188,273,1.3772893772893773,0.036722840851823,621,The visor comes off easily and it's great for straining pasta.
6760,435,14,75,184,273,1.3772893772893773,0.035225440215493,621,"Very slimming, sir, and it includes our iron-clad guarantee."
888,435,17,69,187,273,1.3772893772893773,0.03635427333567621,621,"Yes, a smidge heavier than the tweed but much more durable."
7066,438,18,65,185,268,1.376865671641791,0.03718393875158169,621,Not bad for off-the-rack.
5729,439,16,51,154,221,1.3755656108597285,0.04152285585782766,621,Do not machine wash.
85,440,21,59,189,269,1.3754646840148699,0.03817794080926439,621,Is it non-iron?
1246,440,20,61,188,269,1.3754646840148699,0.03781286600073753,621,"Oh yes, its timeless, every 600 years it comes back in style."
1764,440,20,61,188,269,1.3754646840148699,0.03781286600073753,621,"Yes, great for stick and stones. However useless for social media attacks."
6293,440,26,49,194,269,1.3754646840148699,0.03995330788139466,621,This suit is perfect for your new job as White House press secretary.
6922,440,18,65,186,269,1.3754646840148699,0.03707193246511173,621,"So, who's the lucky damsel?"
6900,445,17,66,184,267,1.3745318352059925,0.036869948416227386,621,And you'll be an absolute hit at airport security.
6815,446,19,63,188,270,1.374074074074074,0.03733120135355643,621,It’s the original power suit.
5597,447,19,61,185,265,1.3735849056603773,0.03781010418596837,621,"On you sir, it's absolutely riveting."
4193,448,18,60,179,257,1.3735408560311284,0.038226601601417436,621,They come in Aluminum for Summer too.
3680,449,21,58,189,268,1.373134328358209,0.03824920842094556,621,"And on dress down Fridays, the helmut converts to a baseball cap."
3057,450,21,52,179,252,1.373015873015873,0.03994726095755427,621,"It’s iron, but, conveniently, also non-iron."
1660,451,15,68,180,263,1.3726235741444868,0.03643689971817292,621,"If I may say so sir, it’s quite riveting."
2490,451,19,60,184,263,1.3726235741444868,0.037996682164894546,621,"Well, Sir, even with Spanx it’s going to pinch."
2293,453,20,56,182,258,1.372093023255814,0.038889175321159264,621,This look is very ‘business casualty.’
848,453,17,62,179,258,1.372093023255814,0.0377078030214266,621,Your fiancé will have the knight of her life.
2944,455,20,53,177,250,1.372,0.039759114031808825,621,Viagara use will void the warranty
2106,456,23,51,187,261,1.371647509578544,0.03969939201872082,621,"That suit, Sir, is a steel."
7254,456,17,63,181,261,1.371647509578544,0.037405976354892734,621,'These suits are having a renaissance.'
2240,458,22,50,181,253,1.3715415019762847,0.04020835900634522,621,Summer weight titanium is perfect for August battle season.
6010,458,19,56,178,253,1.3715415019762847,0.03902055028087353,621,Heads will turn sir.
6319,458,18,58,177,253,1.3715415019762847,0.03861649579694138,621,"It's an outstanding fit, sir, but metal detectors may be an issue..."
582,461,21,53,182,256,1.37109375,0.03947924144089871,621,...and the suit comes with free altercations.
630,461,15,65,176,256,1.37109375,0.037078119900245884,621,"Yes, it's a little old-fashioned, but you'll get excellent cell phone reception."
789,461,22,51,183,256,1.37109375,0.039865370431625684,621,Perhaps sir would like to try the relaxed fit?
1713,461,13,69,174,256,1.37109375,0.03624241252363159,621,It also comes in summer-weight aluminum.
3116,461,18,59,179,256,1.37109375,0.03829750305232565,621,I still can't believe I found one in the back in your size.
5298,461,22,51,183,256,1.37109375,0.039865370431625684,621,Next time do that before you put it on.
4230,467,16,58,169,243,1.3703703703703705,0.03883017708643366,621,Our blacksmith is always available for alterations.
6998,468,23,48,183,254,1.3700787401574803,0.04046287658098631,621,It’s waterproof if you want to go swimming.
3964,468,21,52,181,254,1.3700787401574803,0.03968625955452624,621,"I can assure you , Sir, she'll have a knight to remember."
6029,468,19,56,179,254,1.3700787401574803,0.03889413855133341,621,It needs a few alterations. I'll call the welder.
3456,471,17,61,179,257,1.3696498054474708,0.03777526816915876,621,"You may be taking her ""knight in shining armor "" comment too literally"
4619,471,13,69,175,257,1.3696498054474708,0.03612998137990883,621,"Airport Security may be a problem,"
121,473,19,54,176,249,1.3694779116465863,0.039430135551281935,621,I think it really brings out your eyes.
660,473,17,58,174,249,1.3694779116465863,0.03860000465855414,621,It hides the problem areas.
1137,473,19,54,176,249,1.3694779116465863,0.039430135551281935,621,We also have this in rust.
2965,473,19,54,176,249,1.3694779116465863,0.039430135551281935,621,"I’m not sure that we have a more prominent codpiece in stock, sir"
4612,473,16,60,173,249,1.3694779116465863,0.038178171049231366,621,"Of course, it also comes with a full metal jacket."
357,478,15,63,174,252,1.369047619047619,0.03744313579562013,621,Riveting!
7099,478,18,57,177,252,1.369047619047619,0.03868910801252675,621,"Sir, you look riveting."
3130,480,18,44,155,217,1.368663594470046,0.042960434321615226,621,It suits you.  But those brown shoes will have to go.
7397,481,23,45,179,247,1.368421052631579,0.041266622589347435,621,Pre-tariff shopping?
7338,481,15,61,171,247,1.368421052631579,0.03794221486221181,621,"It's a bold choice for a wedding, ma'am."
4900,481,12,67,168,247,1.368421052631579,0.03661783365956709,621,You'll just have to hold it.
2549,481,21,49,177,247,1.368421052631579,0.04046113594687242,621,"I don't know. It looks nice, but I still feel empty inside"
852,485,22,44,173,239,1.3682008368200838,0.04184452008715138,621,If you're worried about it just don't drink anything that morning.
1306,485,20,48,171,239,1.3682008368200838,0.040995644230680806,621,Right or left doesn't matter; it hurts either way
5381,485,17,54,168,239,1.3682008368200838,0.03968830208934817,621,"Yes, Mr Cohen.  This will provide you more than enough protection from 'he who must not be named'. Most of the cabinet have one."
992,488,18,57,178,253,1.3675889328063242,0.03856348092592064,621,"No, you're not surrounded by enemies. It's called a mirror."
5658,489,22,46,177,245,1.3673469387755102,0.04109141159531212,621,"May I advise you, sir, to stay inside during thunderstorms!"
5864,489,21,48,176,245,1.3673469387755102,0.040682282403306604,621,Expensive?  100% European Steel.
1996,491,18,51,168,237,1.3670886075949367,0.04034981023762755,621,"It's almost perfect, but let me call the welder."
5996,492,20,52,179,251,1.3665338645418326,0.03957521145801542,621,...and it’s 100% vegan.
6638,492,23,46,182,251,1.3665338645418326,0.040765363874582475,621,"Forgot her birthday, huh? May I suggest an accessory shield?"
3536,494,18,53,172,243,1.3662551440329218,0.039639932160590974,621,And if your face clears up before prom we'll get you a tux.
1558,495,20,51,178,249,1.3654618473895583,0.03978480702546645,621,"It also comes in faded, jaded, rusted, errant and shiny."
3653,495,16,59,174,249,1.3654618473895583,0.03812191509026628,621,This suit comes with an ironclad guarantee.
3959,497,15,58,168,241,1.3651452282157677,0.03853004878921626,621,"This is the most ""heavy metal"" outfit we have, sir."
6867,498,19,47,167,233,1.3648068669527897,0.041252635523551504,621,...and it's green as well; you're looking at 2700 soda cans...
2287,499,20,49,175,244,1.3647540983606556,0.04035046938902555,621,We were able to price it before the tariffs went into effect
3592,499,26,37,181,244,1.3647540983606556,0.04278491042932011,621,"So, you are the new White House press secretary..."
3650,499,15,59,170,244,1.3647540983606556,0.03820344961919198,621,The best part is that it wears like iron.
3815,499,18,53,173,244,1.3647540983606556,0.039505666088186245,621,So you're going to work at The White House.
5930,499,17,55,172,244,1.3647540983606556,0.03907641602871941,621,"So, do you joust on the left or the right?"
6069,499,15,59,170,244,1.3647540983606556,0.03820344961919198,621,"Stunning...and, it comes with an ironclad guarantee!"
5537,505,16,54,166,236,1.3644067796610169,0.0395295579651958,621,"And if you buy now, you avoid the 25 percent tariff."
5684,505,17,52,167,236,1.3644067796610169,0.039983096173379,621,You'll knock 'em dead in this one.
4529,507,19,52,176,247,1.3643724696356276,0.03958377587361085,621,"Okay,you're all ready to teach at any school in America."
6667,507,26,38,183,247,1.3643724696356276,0.042394368432416535,621,Making you look like a fucking idiot is what we do best.
6726,509,20,47,172,239,1.3640167364016735,0.0409381870977068,621,It's what the Republicans are wearing for the midterms.
7330,509,21,45,173,239,1.3640167364016735,0.041365392184343895,621,No worries - this is what all the GOP congressmen will be wearing home for the August recess.
6109,509,15,57,167,239,1.3640167364016735,0.03873154559604084,621,"Best of all, it comes with an iron-clad guarantee!"
4499,509,18,51,170,239,1.3640167364016735,0.04007011539054243,621,It is suitable for Cabinet meetings and dinner out in DC.
5299,509,10,67,162,239,1.3640167364016735,0.03639134630196489,621,"Chivalry was never dead, just out of season"
3111,509,17,53,169,239,1.3640167364016735,0.03962894951539409,621,We find this is trending among candidates in the mid term elections
618,515,22,44,176,242,1.3636363636363635,0.041407956243116086,621,"Yes, you will be safe in coach, Mr Pruitt."
1258,515,16,56,170,242,1.3636363636363635,0.03884410610895813,621,"Ultimately, it’s how you accessorize."
2373,515,20,48,174,242,1.3636363636363635,0.04057134563485101,621,It will protect you from the slings and arrows of outrageous fortune.
3713,515,15,58,169,242,1.3636363636363635,0.03840015888768381,621,I know a decent blacksmith if you need any alterations made.
3822,515,13,62,167,242,1.3636363636363635,0.03749649915645579,621,It looks riveting.
4238,515,20,48,174,242,1.3636363636363635,0.04057134563485101,621,The shining has to come from within.
5314,515,13,62,167,242,1.3636363636363635,0.03749649915645579,621,What it lacks in drape it makes up in durability.
6107,515,18,52,172,242,1.3636363636363635,0.03971711637333797,621,Ready to meet your in-laws?
599,523,17,55,173,245,1.363265306122449,0.038945060804191696,621,"No, I said I needed something for a NIGHT on the town."
3925,523,15,59,171,245,1.363265306122449,0.03807631482084718,621,"Of course, you realize it's not waterproof."
7277,525,18,50,169,237,1.3628691983122363,0.040289938465447164,621,It even comes with an extra gauntlet just for throwing down.
6810,525,17,52,168,237,1.3628691983122363,0.03984371262525522,621,"It’s our full metal jacket...,Sir.”"
6549,525,17,52,168,237,1.3628691983122363,0.03984371262525522,621,...and it comes with a complimentary chastity belt for your wife.
1428,525,16,54,167,237,1.3628691983122363,0.039392432394792856,621,"Of course, it's dry clean only..."
2671,525,19,48,170,237,1.3628691983122363,0.04073127603372027,621,"Of course, sir, it’s non iron.."
1099,525,20,46,171,237,1.3628691983122363,0.04116788254356438,621,It was very popular with the ladies that had meetings with Harvey Weinstein.
5733,525,14,58,165,237,1.3628691983122363,0.03847399535279813,621,"Since society's moving backward so fast,this will soon be the height of fashion."
37,532,15,57,168,240,1.3625,0.03859963741239288,621,I can assure you that it's moth-proof.
1870,532,18,51,171,240,1.3625,0.039931623042752114,621,"The advantage is, it doesn't wrinkle."
3300,532,16,55,169,240,1.3625,0.03904868130750321,621,I'll call the blacksmith to let out the crotch.
4447,532,18,51,171,240,1.3625,0.039931623042752114,621,"It's our finest power suit, pure worsted steel, very flattering, and sure to galvanize attention."
5181,532,19,49,172,240,1.3625,0.04036585218120883,621,It's a real steel.
5360,532,18,51,171,240,1.3625,0.039931623042752114,621,So what's it really like working in The White House?
6798,532,16,55,169,240,1.3625,0.03904868130750321,621,I'd get it before the tariffs.
2456,539,17,54,172,243,1.3621399176954732,0.03914965423046069,621,"It says, ""I'm dashing.....but available."""
1588,539,20,48,175,243,1.3621399176954732,0.040431742869005,621,"Best of all, it comes with a magnetic bowtie."
3506,541,9,67,159,235,1.3617021276595744,0.036248751418931156,621,How long is your mother-in-law staying?
257,542,14,58,166,238,1.361344537815126,0.038342324480127185,621,I also have a leather tunic and skirt for casual Fridays.
7218,542,19,48,171,238,1.361344537815126,0.04058842138904276,621,"The goal is to buy one, and then stay that size"
22,544,18,51,172,241,1.3609958506224067,0.03979402382984198,621,"Oh, you meant NIGHT clothes."
812,544,17,53,171,241,1.3609958506224067,0.03935716181279705,621,"Why yes, it's dishwasher safe, but top rack only."
4138,544,16,55,170,241,1.3609958506224067,0.03891539591662082,621,the mirror adds at least one hundred pounds
6402,544,19,49,173,241,1.3609958506224067,0.04022614173869243,621,Just how hostile are your takeover plans?
7095,548,18,48,167,233,1.3605150214592274,0.04073941466756355,621,"I DON'T CARE, DO YOU?"" added to the back will be extra."
4428,548,16,52,165,233,1.3605150214592274,0.03982088109723078,621,"And when you go to the museum, you’ll blend right in"
3850,548,18,48,167,233,1.3605150214592274,0.04073941466756355,621,Guaranteed for life.
2197,548,14,56,163,233,1.3605150214592274,0.038880653740181514,621,All the republicans are wearing them.
1740,548,14,56,163,233,1.3605150214592274,0.038880653740181514,621,We can have it tailored in a fortnight
2125,548,17,50,166,233,1.3605150214592274,0.0402827660347169,621,Politicians are all wearing them for Town Hall meetings.
670,554,14,57,165,236,1.3601694915254237,0.03854212929539276,621,"Yes sir, you're definitely dressed to kill!"
1210,554,16,53,167,236,1.3601694915254237,0.039466692083256386,621,It's you  madam!
2209,554,17,51,168,236,1.3601694915254237,0.039920944511377385,621,Welcome to the Whitehouse press corps.
2476,554,12,61,163,236,1.3601694915254237,0.03759483577901323,621,"It may be a bit stiff now, but it'll soften up with each battle."
2801,554,18,49,169,236,1.3601694915254237,0.04037008592220695,621,It’s what everyone’s wearing at this year’s Roundtable.
3394,554,24,37,175,236,1.3601694915254237,0.04296645200015671,621,"Perfect for elbowing Mr. Trump at the next G-8 summit, sir."
5478,560,19,48,172,239,1.3598326359832635,0.04044650611600906,621,This outfit takes you effortlessly from day to knight.
5254,560,14,58,167,239,1.3598326359832635,0.03821148149972336,621,I think you are ready to meet her father.
5734,560,14,58,167,239,1.3598326359832635,0.03821148149972336,621,"No, really. Damsels prefer this over pinstripes."
3832,560,21,44,174,239,1.3598326359832635,0.04130666861933822,621,"May I say, sir, the Knight is still young."
1656,560,20,46,173,239,1.3598326359832635,0.040878849845734276,621,"That should be perfect for your meeting with Harvey Weinstein, M'aam."
3853,560,15,56,168,239,1.3598326359832635,0.03866882240412077,621,"Yes, sir.  It is very old school."
7191,566,13,57,161,231,1.3593073593073592,0.03860387981228132,621,No dry cleaning bills.  Just a little 3-in-1 oil and you're good to go.
3297,566,17,49,165,231,1.3593073593073592,0.04050720429971196,621,"It's the latest in executive wear, what with all the back stabbing now a days"
3965,566,12,59,160,231,1.3593073593073592,0.03811320008417918,621,But switch to chainmail after Memorial Day.
3695,569,22,41,174,237,1.358649789029536,0.0419682146824612,621,Congratulations on your promotion to chief spokesperson for President Trump.
4685,570,11,59,156,226,1.3584070796460177,0.03813989323815353,621,Plus we offer a full year of free alterations by our team of skilled welders.
6978,570,18,45,163,226,1.3584070796460177,0.0415929203539823,621,"Yes, but not compared to the cost of a 24/7 security detail."
122,572,14,55,163,232,1.3577586206896552,0.03895035385889221,621,You'll thank me after the meeting.
2333,572,13,57,162,232,1.3577586206896552,0.03846831245189571,621,Your wife already paid for it.
4382,572,15,53,164,232,1.3577586206896552,0.03942650210923058,621,"No sir, it doesn't make you look heavy at all."
6253,572,17,49,166,232,1.3577586206896552,0.04036195082304189,621,And the price includes a lifetime supply of WD-40.
6311,572,14,55,163,232,1.3577586206896552,0.03895035385889221,621,I think you're having a middle age crisis.
592,577,15,54,166,235,1.3574468085106384,0.039077949826825276,621,It’s the Little Black Dress of the Hundred Years’ War.
1042,577,20,44,171,235,1.3574468085106384,0.041339296176264376,621,"No iron? Surely you joust, sir."""
4618,577,19,46,170,235,1.3574468085106384,0.04089703117846942,621,"Truly, sir, I don’t think it makes your ass look bigger."
4511,580,21,38,165,224,1.3571428571428572,0.04324773960420437,621,"If I were you, I wouldn't wait. Once the new steel tariffs kick in there's no telling how much its going to set you back."
4448,581,13,56,161,230,1.3565217391304347,0.038671015680914224,621,"No, it doesn't breathe, but it also doesn't puncture."
2246,581,18,46,166,230,1.3565217391304347,0.041052513381894834,621,"Trust me, it's a best-seller with this administration's former appointees."
1550,583,24,35,174,233,1.3562231759656653,0.04331803043815962,621,"So, who's the lucky horse?"
6693,583,15,53,165,233,1.3562231759656653,0.0392869411969139,621,It's a chick magnet
6842,583,14,55,164,233,1.3562231759656653,0.03881320755312321,621,May I suggest accessorizing with a white stallion?
2999,586,20,38,161,219,1.356164383561644,0.04347094976782645,621,It also comes in white satin.
145,587,11,57,154,222,1.3558558558558558,0.038543714666699216,621,"It's a good fit, but perhaps a little dated"
1283,588,16,50,165,231,1.354978354978355,0.03997264613638957,621,"Yes, I understand they used to go commando."
3206,588,18,46,167,231,1.354978354978355,0.04090353861163837,621,...and how long have you worked for Mr. Trump?
7243,588,21,40,170,231,1.354978354978355,0.042261448373984385,621,"If clothes make the man, this screams chivalry."
530,591,15,50,161,226,1.3539823008849559,0.04007893291865201,621,"Would it be redundant to say it suits you, sir?"
6006,591,14,52,160,226,1.3539823008849559,0.03958521816452213,621,"I trust you'll agree, sir, there's nothing like an English suit."
5695,593,23,35,171,229,1.3537117903930131,0.043401083449943215,621,Once a king always a king...but once a knight is enough
5065,594,10,57,151,218,1.353211009174312,0.03841299411953973,621,This style is having a real renaissance.
6690,595,9,61,154,224,1.3526785714285714,0.0372034486287109,621,"In the current climate, it pays to be seen in American steel"
5897,595,18,43,163,224,1.3526785714285714,0.0417665239392021,621,Remember: strong magnets can result in dismemberment.
251,595,23,33,168,224,1.3526785714285714,0.04409801250012362,621,Now you're ready to be the new White House Press Secretary.
1395,595,13,53,158,224,1.3526785714285714,0.03929695074006156,621,We also carry this in a relaxed fit for the older knight.
3222,595,9,61,154,224,1.3526785714285714,0.0372034486287109,621,It's from our vintage collection.
2297,600,17,46,164,227,1.3524229074889869,0.040897061443693865,621,People will ask why this knight is different from all the other knights
5266,600,11,58,158,227,1.3524229074889869,0.0379296800056885,621,It's our most timeless power suit.
5368,600,9,62,156,227,1.3524229074889869,0.03688754472088753,621,The invite said it was a round table dinner.
6368,600,14,52,161,227,1.3524229074889869,0.03944128712442836,621,"Dress for the job you want, they say."
2620,604,14,47,152,213,1.352112676056338,0.04118439542814909,621,Shall I have my wench wrap it up for you?
4554,604,16,43,154,213,1.352112676056338,0.04224613866472698,621,"I like it, but I better check with my horse first."
572,606,16,33,136,185,1.3513513513513513,0.0466762992779214,621,"But Sir, what did you expect from a mail-order suit?"
6934,606,11,56,155,222,1.3513513513513513,0.038466220613660194,621,"Trust me, it's the perfect suit for a middle-aged man"
4340,608,16,47,162,225,1.3511111111111112,0.04064515000212062,621,"No, really, Sarah—you look great."
3879,608,15,49,161,225,1.3511111111111112,0.04015402444353923,621,Middle age suits you well!
1370,608,13,53,159,225,1.3511111111111112,0.03915329615303502,621,If you should lose a limb we offer free alterations.
3518,608,14,51,160,225,1.3511111111111112,0.03965681705999369,621,"…and it’s no iron!  Well, technically, it’s ALL iron."
1851,612,17,46,165,228,1.3508771929824561,0.040746622002350484,621,......and it's a babe magnet.
3589,612,18,44,166,228,1.3508771929824561,0.04121807937380997,621,"Perfect, Sir, for a knight on the town."
5250,614,16,45,159,220,1.35,0.04126728476686936,621,It comes with free oil changes.
7432,614,13,51,156,220,1.35,0.039729784680823006,621,The classic power suit never goes out of style.
7353,614,11,55,154,220,1.35,0.038670839012805734,621,The shining armor is more expensive
7350,614,15,47,158,220,1.35,0.040761229024831654,621,"No, I don't think you look stiff at all."
7325,614,14,49,157,220,1.35,0.04024881105324315,621,Perhaps a tank top?
7114,614,14,49,157,220,1.35,0.04024881105324315,621,"Funny you should ask, but yes, it has been in inventory for quite some time now."
6711,614,12,53,155,220,1.35,0.0392038874395059,621,Will this be for a crusade or just guarding around the castle?
5776,614,14,49,157,220,1.35,0.04024881105324315,621,And I can throw in free undercoating
5487,614,14,49,157,220,1.35,0.04024881105324315,621,A subtle elegance perfect for an evening with the in-laws.
4670,614,16,45,159,220,1.35,0.04126728476686936,621,The mirrors help you to check for fridge magnets on your ass.
4521,614,17,43,160,220,1.35,0.04176720953624982,621,Yes I took into account that you dress to the left.
4085,614,17,43,160,220,1.35,0.04176720953624982,621,"Perfect for a knight out on the town, sir."
3746,614,16,45,159,220,1.35,0.04126728476686936,621,Trust me.  It's riveting.
3469,614,18,41,161,220,1.35,0.04226122091066594,621,"Voila! The new image you wish to project, Madame Press Secretary."
2674,614,17,43,160,220,1.35,0.04176720953624982,621,It speaks power to truth.
2418,614,9,59,152,220,1.35,0.03758206738757353,621,"For the best view, most people raise the visor, sir."
2012,614,12,53,155,220,1.35,0.0392038874395059,621,You'll want to have an inch and a half of socks showing.
764,614,15,47,158,220,1.35,0.040761229024831654,621,Won't you be the hit of the Witness Protection Prom.
555,614,12,53,155,220,1.35,0.0392038874395059,621,This is more of a traditional look.
5126,614,19,39,162,220,1.35,0.04274952389530459,621,Dry clean only...no iron.
453,634,11,56,156,223,1.3497757847533631,0.03832573722272498,621,We only use Italian steel because of the way it drapes.
6421,634,14,50,159,223,1.3497757847533631,0.039875550958950255,621,"Plus it's guaranteed for life... or 10 weeks, whichever comes first."
6267,634,12,54,157,223,1.3497757847533631,0.038849212053830955,621,And what's the bride wearing?
5547,634,12,54,157,223,1.3497757847533631,0.038849212053830955,621,Fashion is what you buy.  Style is what you do with it.
191,634,12,54,157,223,1.3497757847533631,0.038849212053830955,621,The white horse is extra.
1295,634,16,46,161,223,1.3497757847533631,0.04087612813557752,621,"In this suit, you’ll absolutely slay them, sir!"
1189,634,20,38,165,223,1.3497757847533631,0.04280717726630407,621,Business casual for the White House
2741,634,18,42,163,223,1.3497757847533631,0.04185279128603571,621,This particular retro look is very in with cabinet members and White House staff this year.
4935,642,16,25,122,163,1.3496932515337423,0.05114291883272719,621,And nobody knows you are a dog.
7234,643,12,50,150,212,1.349056603773585,0.040166928835345735,621,"It's versatile for casual, formal or war."
6586,643,16,42,154,212,1.349056603773585,0.04233467914828123,621,Everyone on Wall Street is buying one.  It will help you suffer the slings and arrows of outrageous fortune.
7453,643,15,44,153,212,1.349056603773585,0.04180328141374634,621,"It's true, the medieval cut is a slimmer fit."
4351,643,11,52,149,212,1.349056603773585,0.039606457181028974,621,And what might the bride be wearing?
4547,643,11,52,149,212,1.349056603773585,0.039606457181028974,621,This suit wears like iron.
3346,643,14,46,152,212,1.349056603773585,0.04126504107989986,621,This week we offer pre-tariff pricing for platinum cardholders
1410,643,14,46,152,212,1.349056603773585,0.04126504107989986,621,"This comes in tariff free aluminum and steel,also."
821,643,14,46,152,212,1.349056603773585,0.04126504107989986,621,"If you'd prefer subtly, a matte finish is possible."
238,643,13,48,151,212,1.349056603773585,0.04071968680742493,621,Your third marriage is it?
3939,643,18,38,156,212,1.349056603773585,0.04337794948876689,621,"The material is wrinkle resistant, and wears like iron.  You will, however develop an urge to face north a lot."
3698,653,15,46,157,218,1.348623853211009,0.0409956691588349,621,Does the gentleman foresee any encounters with metal detectors during his quest?
5171,653,20,36,162,218,1.348623853211009,0.04349752367099631,621,"Yes sir, I agree. It’s the perfect suit for your new job as the President’s Press Secretary!"
5724,655,12,53,156,221,1.3484162895927603,0.03905821202251416,621,"Why, yes. It's definitely retro."
3365,655,13,51,157,221,1.3484162895927603,0.039581299393130744,621,And it will wear like iron.
2680,655,12,53,156,221,1.3484162895927603,0.03905821202251416,621,What do you think? Should we see how it looks with the stallion?
5125,655,10,57,154,221,1.3484162895927603,0.03799043637403636,621,Do you want to walk around a bit and see how it clangs?
1883,655,13,51,157,221,1.3484162895927603,0.039581299393130744,621,No sir!  A classic suit never goes out of style.
1015,655,14,49,158,221,1.3484162895927603,0.04009756347836654,621,"The classics never really go out of style, do they, Sir?"
373,655,15,47,159,221,1.3484162895927603,0.04060726452440027,621,"Same thing happens to me.  The minute I put it on, nature calls."
1903,655,10,57,154,221,1.3484162895927603,0.03799043637403636,621,I would stick with a flat front instead of pleats
567,663,16,47,164,227,1.3480176211453745,0.040345330108492145,621,"It's our latest in Sports fashion, 'Over Armor.'"
7456,664,12,49,149,210,1.3476190476190477,0.040396702672134084,621,I trust you can still get to your wallet.
4479,665,13,50,156,219,1.3470319634703196,0.0398000876507419,621,"Would you like me to fetch you a squire or will you wear it out?"""
4916,666,13,51,158,222,1.3468468468468469,0.03943384567346852,621,"You’ll knock them dead, sir."
4842,667,16,40,152,208,1.3461538461538463,0.04285564550507341,621,The price has just been increased by 25%.
3595,668,15,43,153,211,1.3459715639810426,0.04188733958541898,621,"So, you're going to be taking over for Sarah Sanders?"
5518,669,15,44,155,214,1.3457943925233644,0.041475573812239395,621,I told you to go to the bathroom BEFORE you tried on the suit!
394,669,18,38,158,214,1.3457943925233644,0.04303317476077575,621,It's guaranteed to make sexual harassment impossible.
4410,669,16,42,156,214,1.3457943925233644,0.04200119274536738,621,Does this suit make my codpiece look small?
4774,669,15,44,155,214,1.3457943925233644,0.041475573812239395,621,Can I interest you in some white satin?
4834,669,13,48,153,214,1.3457943925233644,0.04040382760452965,621,"So, divorce going well?"
6658,674,13,44,146,203,1.3448275862068966,0.041862595826876486,621,Will you be paying in sacks of gold or credit?
4802,675,11,40,129,180,1.3444444444444446,0.044093900017575155,621,".....it depends what you mean by 'no  iron' """
5320,676,12,49,151,212,1.3443396226415094,0.04008151611501038,621,"Is it for leisure, terror, or both sir?"
5688,676,13,47,152,212,1.3443396226415094,0.04063543596061058,621,Just be careful in the reign
4295,676,15,43,154,212,1.3443396226415094,0.04172121880974929,621,It's a perfect suit sir for your new job in the West Wing.
6034,676,12,49,151,212,1.3443396226415094,0.04008151611501038,621,I wouldn't advise that you wear it to the airport.
4304,680,17,40,158,215,1.344186046511628,0.04235263327953159,621,"It fits you, yes, but frankly, you look quite silly."
3541,680,13,48,154,215,1.344186046511628,0.040247612366430194,621,Three words.  Traditional Power Suit.
792,682,13,43,145,201,1.3432835820895523,0.04211847564835197,621,"Sir, it does wonders for your posture."
2770,683,10,50,144,204,1.3431372549019607,0.039915754565027065,621,Everyone should have a power suit.
4771,683,10,50,144,204,1.3431372549019607,0.039915754565027065,621,It would be perfect for a hostile takeover.
7224,685,13,45,149,207,1.3429951690821256,0.041275380412161985,621,"I agree it's a wonderful choice! Menacing, but not antagonistic; bold, but not insubordinate..."
1344,686,13,46,151,210,1.3428571428571427,0.04087064705519772,621,You will slay them in that suit
2116,686,13,46,151,210,1.3428571428571427,0.04087064705519772,621,Would you like that charged to your taxpayers or a lobbyist?
4822,686,12,48,150,210,1.3428571428571427,0.04030932056099983,621,Oh...and it's SPF 3 million.
6847,686,17,38,155,210,1.3428571428571427,0.043042811910874675,621,"No, sir, it makes you look young, not middle ages."
7035,686,18,36,156,210,1.3428571428571427,0.04356893530734981,621,"It's a perfect fit, Secretary Pruitt."""
7137,686,16,40,154,210,1.3428571428571427,0.04251017749402885,621,"Of course, we can add a zipper!"
3165,692,15,43,155,213,1.3427230046948357,0.041556339182789774,621,"Shall I add it, sir, to the EPA tab?"
6933,692,14,45,154,213,1.3427230046948357,0.04101997590962814,621,I knew the 42Fe would fit you perfectly.
237,694,14,41,147,202,1.3415841584158417,0.04252703456932196,621,The stand up desks are on the second floor.
3400,694,9,51,142,202,1.3415841584158417,0.03952537644621849,621,"It looks a bit tight in the cuirass, but otherwise perfect."
7195,696,11,48,146,205,1.3414634146341464,0.04035280831100412,621,"Style,safety,or price. Pick two."
4335,696,11,48,146,205,1.3414634146341464,0.04035280831100412,621,Pleated or plated?
7355,698,10,51,147,208,1.3413461538461537,0.03937818636778035,621,"With bluetooth,of course,sir."
6860,698,13,45,150,208,1.3413461538461537,0.041109548304969344,621,"I think you are looking very sharp today. (Thomas, age 7)"
6660,698,9,53,146,208,1.3413461538461537,0.03878389392786633,621,Don't worry about that.  Styles always come back again.
6634,698,13,45,150,208,1.3413461538461537,0.041109548304969344,621,"You look dressed to kill today, sir."
6354,698,8,55,145,208,1.3413461538461537,0.038180352208961245,621,Look at it this way. It's the last suit you'll ever need.
6295,698,10,51,147,208,1.3413461538461537,0.03937818636778035,621,"It will  feel stiff at first, but you’ll break it in."
5840,698,13,45,150,208,1.3413461538461537,0.041109548304969344,621,"Oh yes, they are all the rage with White House aids-it provides excellent protection against being stabbed in the back."
5618,698,13,45,150,208,1.3413461538461537,0.041109548304969344,621,"Not only will no one recognize you, Kirstjen, 
that shine is a teflon finish!"
5523,698,12,47,149,208,1.3413461538461537,0.040540644154119614,621,"Ah, I see you're a renaissance man."
5237,698,15,41,152,208,1.3413461538461537,0.042224367711712604,621,Only a barbarian would affect to wear a plumed helmet with this suit sir.
4763,698,16,39,153,208,1.3413461538461537,0.042770882175395604,621,"Look at it this way, you won’t have a problem getting a reservation at the Algonquin."
4647,698,13,45,150,208,1.3413461538461537,0.041109548304969344,621,"And congratulations on your new job, Congressman."
4435,698,11,49,148,208,1.3413461538461537,0.03996364216413836,621,I'm glad we got the order in before the tariffs went into effect.
4378,698,13,45,150,208,1.3413461538461537,0.041109548304969344,621,"And the best part is, it's fully recyclable"
4323,698,20,31,157,208,1.3413461538461537,0.04489045439391535,621,"Businesslike, but in a way that says, 'Yes, I defend the separation of immigrant children from their families.'"
3077,698,12,47,149,208,1.3413461538461537,0.040540644154119614,621,....the three-piece comes with a horse.
3973,698,15,41,152,208,1.3413461538461537,0.042224367711712604,621,"Demagnetized will run a little extra, of course."
151,698,12,47,149,208,1.3413461538461537,0.040540644154119614,621,May I show you a gauntlet in burgundy?
399,698,11,49,148,208,1.3413461538461537,0.03996364216413836,621,It gives you that chiseled look without having to join CrossFit.
436,698,15,41,152,208,1.3413461538461537,0.042224367711712604,621,Double breastplated is in this year.
4317,698,11,49,148,208,1.3413461538461537,0.03996364216413836,621,"It says bespoke, sir, but we strove to stay on this side of belligerent."
1542,698,7,57,144,208,1.3413461538461537,0.03756711542549783,621,the effect is quite riveting.
1592,698,12,47,149,208,1.3413461538461537,0.040540644154119614,621,I'll throw in a non-stick coating.
2176,698,14,43,151,208,1.3413461538461537,0.04167068628240076,621,That's better.  Now best of luck with your Senate hearing sir.
1418,698,15,41,152,208,1.3413461538461537,0.042224367711712604,621,It's very cavalier...
2420,698,11,49,148,208,1.3413461538461537,0.03996364216413836,621,"Should you require alterations, we have our own welder in house."
2810,698,9,53,146,208,1.3413461538461537,0.03878389392786633,621,You said you wanted something more traditional.
2947,698,14,43,151,208,1.3413461538461537,0.04167068628240076,621,It’s the latest in Whitehouse correspondents’ attire.
3084,698,13,45,150,208,1.3413461538461537,0.041109548304969344,621,It's overstock clearance from the Third Crusade.
3417,698,10,51,147,208,1.3413461538461537,0.03937818636778035,621,Just a valet with an Allen wrench and you're good to go.
2390,698,8,55,145,208,1.3413461538461537,0.038180352208961245,621,"The helmet fan is extra, but I think you'll agree it's worth it."
6799,729,15,43,156,214,1.341121495327103,0.04139268814798356,621,Now you don’t have to care!
6013,730,11,45,141,197,1.3401015228426396,0.041410562828917294,621,Keep it lightly oiled and steer clear of magnets.
2043,731,11,46,143,200,1.34,0.04099270679096772,621,You can never go wrong with a classic look.
2771,731,11,46,143,200,1.34,0.04099270679096772,621,"They say the right suit won't win you a joust, but the wrong one can lose it for you."
3566,731,11,46,143,200,1.34,0.04099270679096772,621,It looks simply riveting!
3854,734,16,38,152,206,1.3398058252427185,0.0430358688854681,621,Are you sure that's what she said she was looking for?
6966,734,13,44,149,206,1.3398058252427185,0.04135222992818382,621,May I suggest a good welder ?
5486,734,14,42,150,206,1.3398058252427185,0.041920956774998845,621,"Yes Mr Pruitt, these are the most secure pants we have..."
2779,734,18,34,154,206,1.3398058252427185,0.044122617833975815,621,"I'm sorry, Mr. President, we can not guarantee this suit will protect you from the Mueller Report."
961,734,17,36,153,206,1.3398058252427185,0.043582630802019524,621,It’s our new line of Over Armour!
1626,734,10,50,146,206,1.3398058252427185,0.03959706844375682,621,And with your purchase we throw in 3 free cartons of Depends
3,734,11,48,147,206,1.3398058252427185,0.04019063978387881,621,It's the latest in knightwear.
3636,734,18,34,154,206,1.3398058252427185,0.044122617833975815,621,"No, when it rains you should take an umbrella."
7328,742,14,39,145,198,1.3383838383838385,0.04306142217565334,621,She'll definitely let down her hair when she sees you in this
7154,742,9,49,140,198,1.3383838383838385,0.039973932318992586,621,And it's rated SPF 1500.
6639,742,12,43,143,198,1.3383838383838385,0.04185376630473379,621,"Will the groomsmen be matching, sir?"
6269,742,13,41,144,198,1.3383838383838385,0.042461887815316915,621,"Well, I should alert you to a small problem going through security."
5908,742,11,45,142,198,1.3383838383838385,0.04123667773890108,621,"It is just perfect! When do you start at the White House, sir?"
5874,742,13,41,144,198,1.3383838383838385,0.042461887815316915,621,"You’ll knock them dead, sir. If the flaming arrows don’t first, obviously."
4723,742,14,39,145,198,1.3383838383838385,0.04306142217565334,621,You really polish up nicely.
4391,742,12,43,143,198,1.3383838383838385,0.04185376630473379,621,"And, of course, it’s hand-riveted."
3734,742,7,53,138,198,1.3383838383838385,0.038669974646291405,621,Perfect fit for your first day as the new Press Secretary.
2407,742,11,45,142,198,1.3383838383838385,0.04123667773890108,621,It's the ultimate power suit!
2320,742,15,37,146,198,1.3383838383838385,0.04365272319957987,621,Melania?
1994,742,9,49,140,198,1.3383838383838385,0.039973932318992586,621,"Yes, it’s dry clean only."
1810,742,11,45,142,198,1.3383838383838385,0.04123667773890108,621,We've been selling a lot of these since the election.
1653,742,9,49,140,198,1.3383838383838385,0.039973932318992586,621,This one's a steel.
1574,742,13,41,144,198,1.3383838383838385,0.042461887815316915,621,Our welder can have alerations ready by Wednesday.
784,742,11,45,142,198,1.3383838383838385,0.04123667773890108,621,Do you like how it makes your hands look so large?
3418,742,9,49,140,198,1.3383838383838385,0.039973932318992586,621,"I'm telling you, they just don't make 'em like this anymore."
7308,759,15,39,150,204,1.338235294117647,0.042743996983542636,621,This is the latest in our Press Secretary collection.
6720,759,11,47,146,204,1.338235294117647,0.04042113998349149,621,"Sure. We can engrave ""I don't care. Do U?"" on the back."
5976,759,20,29,155,204,1.338235294117647,0.045481041971729405,621,You also get a pre-Trade war 25% discount for the metal.
5386,759,13,43,148,204,1.338235294117647,0.041598785052535586,621,"Everyone's wearing the two rivet, single breasted breastplate this season."
5629,759,16,37,151,204,1.338235294117647,0.04330524746806239,621,We're closing in 5 minutes
3917,759,14,41,149,204,1.338235294117647,0.04217527827991275,621,"I think it's a better look for you, Mr. Bannon."
3693,759,16,37,151,204,1.338235294117647,0.04330524746806239,621,"I’m afraid this is our only suit with the ironclad return policy you asked for, Sir."
958,759,15,39,150,204,1.338235294117647,0.042743996983542636,621,It fits you very well and will be perfect for your first day of teaching.
4156,759,15,39,150,204,1.338235294117647,0.042743996983542636,621,Perhaps the blazer and simply staying off your phone during dinner might give her the same effect.
2174,768,20,30,157,207,1.3381642512077294,0.04499438505361382,621,"Well I must say, you look perfectly ridiculous"
3217,768,12,46,149,207,1.3381642512077294,0.040611300940374614,621,"Since open carry came in, we sell a lot of them."
1680,770,8,50,138,196,1.336734693877551,0.03954725137960772,621,We’re also offering free engraving.
7232,771,19,30,153,202,1.3366336633663367,0.04524286326371187,621,It's from Georgio Armori
7209,771,11,46,145,202,1.3366336633663367,0.04065522621541901,621,"It’s only my professional opinion, but I think you look riveting."
7076,771,14,40,148,202,1.3366336633663367,0.04243375295980673,621,"Yes madam, this is “defensive” outerwear. The Zara coat was offensive."
6785,771,14,40,148,202,1.3366336633663367,0.04243375295980673,621,You look 10 years younger in that suit.
6020,771,12,44,146,202,1.3366336633663367,0.04125658827188571,621,You look a little stiff in it.
5829,771,9,50,143,202,1.3366336633663367,0.03942499339516602,621,"You know, you’re pretty lucky today. We haven’t gotten a shipment of these in since 1547."
5644,771,11,46,145,202,1.3366336633663367,0.04065522621541901,621,"This will help with the sticks and stones, but you're going to have to learn how to deal with the tweets on your own."
3416,771,10,48,144,202,1.3366336633663367,0.04004483439119069,621,You're doing a great job a Press Secretary.  Now get out there and give 'em hell!
3251,771,14,40,148,202,1.3366336633663367,0.04243375295980673,621,"Yes it is a great timely buy, the latest orders are 25% higher."
2974,771,16,36,150,202,1.3366336633663367,0.04357913152727938,621,"We call it the ""Trump Adviser."
2539,771,13,42,147,202,1.3366336633663367,0.041849309827581414,621,I do apologise – I didn't catch your meaning when you said you wear your sword to the left.
1898,771,9,50,143,202,1.3366336633663367,0.03942499339516602,621,Titanium will run you about 1/3 more.
1721,771,11,46,145,202,1.3366336633663367,0.04065522621541901,621,A lot of our older customers like to remove a few of the rivets for a less tapered look.
978,771,10,48,144,202,1.3366336633663367,0.04004483439119069,621,We're a month behind on alterations. Our riveter just quit.
5407,771,12,44,146,202,1.3366336633663367,0.04125658827188571,621,Does this come in Stainless?
3078,786,13,43,149,205,1.3365853658536586,0.04142823499855611,621,It also comes in a non-iron version.
5534,786,12,45,148,205,1.3365853658536586,0.04084696619632538,621,"Now, if you'll tell me which side you dress to, Sir, I'll pass it along to our blacksmith in alterations."
1163,788,14,42,152,208,1.3365384615384615,0.04158082229699827,621,"Yes, we have one like this with a fly."
6573,789,18,31,151,200,1.335,0.04498883166825265,621,"Now you will be ready for your next Presidential meeting,Mr.Trudeau."
6811,789,17,33,150,200,1.335,0.04442683556807715,621,Say 'Ni'.
4991,789,13,41,146,200,1.335,0.042103903541920396,621,It's our answer to Casual Friday:  Armament Monday.
7131,789,10,47,143,200,1.335,0.04027387397088981,621,"After wearing a bespoke suit of armor, there is no going back to off-the-rack."
6997,789,21,25,154,200,1.335,0.04663420143755646,621,"I'm sure your husband will get excited when you get into bed wearing this, Mrs. Trump"
5489,789,9,49,142,200,1.335,0.039645096397180175,621,"We also have it in summer aluminum, sir."
156,789,10,47,143,200,1.335,0.04027387397088981,621,"You know, abstinence works too"
5030,789,10,47,143,200,1.335,0.04027387397088981,621,No iron? Well...let's just say it's wrinkle resistant.
2040,789,18,31,151,200,1.335,0.04498883166825265,621,"Are you sure you really want to run again, Hillary?"
1201,789,8,51,141,200,1.335,0.039006184279679314,621,And with TSA Pre-check you can keep it on.
765,789,13,41,146,200,1.335,0.042103903541920396,621,"Ready for your press conference, Mr. President?"
5230,789,16,35,149,200,1.335,0.04385763858567351,621,The beauty is that it wipes clean.
575,801,14,40,149,203,1.3349753694581281,0.04225675327111898,621,"You'll love it, it wears like iron!"
1580,801,15,38,150,203,1.3349753694581281,0.042829972533935314,621,You want it in gold?! Surely you joust?
3461,801,11,46,146,203,1.3349753694581281,0.040488432252829214,621,"Not only can you deflect questions, but arrows and swords too."
6189,801,14,40,149,203,1.3349753694581281,0.04225675327111898,621,"Do you dress to the left or the right, sir?"
4679,805,13,39,143,195,1.3333333333333333,0.0428107532711957,621,It will never require ironing.
4708,805,13,39,143,195,1.3333333333333333,0.0428107532711957,621,And we throw in a free pair of Under Armour.
4992,805,16,34,148,198,1.3333333333333333,0.04414089025011859,621,It's the perfect suit for a knight out on the town
5180,805,11,41,137,189,1.3333333333333333,0.04244046760528202,621,Heavy metal is quite popular these days.
5399,805,13,39,143,195,1.3333333333333333,0.0428107532711957,621,It's part of our new Mid Life Crisis Collection.
5444,805,6,53,136,195,1.3333333333333333,0.038245051142739246,621,Nobody's going to accuse you of sexual advances in that!
5857,805,15,35,145,195,1.3333333333333333,0.04402836340198904,621,"And best of all, it's non-iron."
6168,805,13,39,143,195,1.3333333333333333,0.0428107532711957,621,"Perfect disguise, Mr. Miller.  Now nobody will recgonize you when you go out to eat."
6061,805,15,35,145,195,1.3333333333333333,0.04402836340198904,621,Never let them see you sweat.
6111,805,12,41,142,195,1.3333333333333333,0.04218877222131483,621,Fit you with a bigger codpiece?!  Are you jousting?
6401,805,13,36,137,186,1.3333333333333333,0.044235681357729775,621,I'd grab it before the steel and aluminum tariffs kick in.
7045,805,12,41,142,195,1.3333333333333333,0.04218877222131483,621,"For summer, may I interest you in something titanium?"
7051,805,9,47,139,195,1.3333333333333333,0.04026522344686992,621,It's from our Warrior In The Boardroom collection.
7322,805,8,49,138,195,1.3333333333333333,0.03960328427190295,621,A power suit if ever I saw one.
5944,805,11,43,141,195,1.3333333333333333,0.04155748317014372,621,It'll be a little stiff for a while
4347,805,13,39,143,195,1.3333333333333333,0.0428107532711957,621,"Most hold it in, but it's guaranteed not to rust."
4632,805,11,43,141,195,1.3333333333333333,0.04155748317014372,621,Now you're ready to meet the in-laws
4078,805,12,41,142,195,1.3333333333333333,0.04218877222131483,621,For a slight upcharge I can put you in something that is rust-proof
29,805,12,43,146,201,1.3333333333333333,0.041329481444656986,621,"If you need it tailored, I can get the blowtorch."
4329,805,12,42,144,198,1.3333333333333333,0.04175310216350223,621,I hear you're applying to be President Trump's new press secretary.
710,805,11,43,141,195,1.3333333333333333,0.04155748317014372,621,Good question.  I suppose we could ask an astronaut.
1339,805,16,33,146,195,1.3333333333333333,0.044624711516858186,621,"I must say, that suit makes you look 500 years older!"
1765,805,9,48,141,198,1.3333333333333333,0.03986852206224838,621,It now also comes in rose gold and antique bronze.
2057,805,9,45,135,189,1.3333333333333333,0.04109280606012816,621,May I suggest that a power tie would be redundant.
2194,805,12,41,142,195,1.3333333333333333,0.04218877222131483,621,It makes you look centuries younger.
55,805,9,49,143,201,1.3333333333333333,0.03948255697318706,621,"With the coming steel tariffs, there's no better time to buy."
2911,805,10,43,136,189,1.3333333333333333,0.04177207201259173,621,It comes with a chastity belt for your wife.
2916,805,14,35,140,189,1.3333333333333333,0.044385303440942284,621,Does it make me look ferrous?
3033,805,12,41,142,195,1.3333333333333333,0.04218877222131483,621,You’re absolutely dressed to kill
3654,805,15,33,141,189,1.3333333333333333,0.04501491366063437,621,It's the latest apparel for the middle age male.
3750,805,12,41,142,195,1.3333333333333333,0.04218877222131483,621,"It says ""retro,"" but also ""alpha dog."""
4001,805,10,45,140,195,1.3333333333333333,0.04091645528795927,621,"That's not a chink, it's a pleat ."
2725,805,9,47,139,195,1.3333333333333333,0.04026522344686992,621,Structured suits are making a comeback.
6725,838,14,37,145,196,1.3316326530612246,0.043235169643025984,621,"Most handsome, sir. But I don’t really care, do u?"
4492,838,11,43,142,196,1.3316326530612246,0.04137987461060812,621,It's perfect for the modern Renaissance man.
4414,838,12,41,143,196,1.3316326530612246,0.04200741180490468,621,It's a very popular look  in Washington these days..
58,838,7,51,138,196,1.3316326530612246,0.03876827991749014,621,"Well, what will she be wearing?"
6188,842,11,42,140,193,1.3316062176165804,0.041810159461167506,621,So how long have you been a journalist?
4840,842,12,40,141,193,1.3316062176165804,0.04245069846677186,621,Don't worry; these mirrors always add 10 pounds.
4432,842,15,34,144,193,1.3316062176165804,0.04431680154030052,621,"If you want alterations, the welder will be in on Wednesday."
3946,842,8,48,137,193,1.3316062176165804,0.03982677912815269,621,The excalibur model comes with bluetooth.
3432,842,12,40,141,193,1.3316062176165804,0.04245069846677186,621,"Appropriate for special occasions like the forgotten birthday or anniversary."""
3336,842,15,34,144,193,1.3316062176165804,0.04431680154030052,621,"If sir desires a skosh more room in the seat, we have a smith on site."
3015,842,13,38,142,193,1.3316062176165804,0.04308171498983436,621,Do you prefer your sword to the right or left?
2020,842,13,38,142,193,1.3316062176165804,0.04308171498983436,621,"Yes,  it has been fitted with what you so elegantly refer to as a poop-chute."
2073,842,10,44,139,193,1.3316062176165804,0.04115965340014081,621,Shall I charge this to your platinum card?
1742,842,14,36,143,193,1.3316062176165804,0.04370362150456013,621,It also comes in pinstripe
1649,842,11,42,140,193,1.3316062176165804,0.041810159461167506,621,Will you be having round tables at your wedding?
1499,842,11,42,140,193,1.3316062176165804,0.041810159461167506,621,Cuffs are back
1059,842,12,40,141,193,1.3316062176165804,0.04245069846677186,621,Suitable for a hostile takeover or renaissance fair.
9,842,10,44,139,193,1.3316062176165804,0.04115965340014081,621,We recommend it for hostile takeovers.
2146,842,14,36,143,193,1.3316062176165804,0.04370362150456013,621,We also have it in Rose Gold.
2880,857,15,35,147,197,1.3299492385786802,0.04364554600668357,621,"It comes in silver, black and white privilege."
6226,858,9,46,139,194,1.3298969072164948,0.040325646128094694,621,"So, what is your fiancée wearing at the wedding?"
4400,858,6,52,136,194,1.3298969072164948,0.038287202635349404,621,Now THAT'S a power suit.
5964,858,12,40,142,194,1.3298969072164948,0.042265891516166214,621,Wonderful choice. This has White House Press Secretary written all over it.
1,858,15,34,145,194,1.3298969072164948,0.044120895680667495,621,You look like a million shillings.
3427,858,9,46,139,194,1.3298969072164948,0.040325646128094694,621,Yes the shoulders are a bit '80s - but the 1380s are back!
7360,863,9,45,137,191,1.3298429319371727,0.040735824779243764,621,"Yes, Don Jr., you can eat anywhere in DC in this suit."
918,863,11,41,139,191,1.3298429319371727,0.04206697781430546,621,"It comes with a matching can opener, in case you overindulge."
971,863,10,43,138,191,1.3298429319371727,0.04140675091621243,621,"Just the very thing, Sir, for those pesky Congressional Hearings."
3269,863,8,47,136,191,1.3298429319371727,0.04005366174837503,621,"It's also an excellent sunblock."""
4249,863,11,41,139,191,1.3298429319371727,0.04206697781430546,621,"For reasons of national security, it's now made with American steel."
4360,863,10,43,138,191,1.3298429319371727,0.04140675091621243,621,"Words, schmerds.  It's sticks and stones you need to worry about."
4704,863,14,35,142,191,1.3298429319371727,0.043988241899458706,621,"When you wear this, they have to call you ""Sir""."
6157,863,12,39,140,191,1.3298429319371727,0.0427170015733932,621,"Now , all we have to do is paint , "" I REALLY DON'T CARE , DO U ? "" , on your back"
6420,863,12,39,140,191,1.3298429319371727,0.0427170015733932,621,"To answer your question, sir, yes, permanent press is the only option."
1877,872,13,35,137,185,1.3297297297297297,0.044327620180693854,621,Dost my butt looketh big?
875,873,12,36,134,182,1.3296703296703296,0.04415291955667881,621,"Pockets?  Oh, you want the men's version."
512,873,14,32,136,182,1.3296703296703296,0.04550720647511476,621,"You should have thought about a suit for your interview with the special counsel before you imposed all those tariffs, Sir."
602,875,16,31,145,192,1.328125,0.045020393926842726,621,Queer Eye for the Squire Guy
1968,875,11,41,140,192,1.328125,0.041882553172568816,621,It's the latest from Georgio Armourani.
2857,875,14,35,143,192,1.328125,0.04379224618237891,621,It's a Giorgio Armorni.
3986,875,13,37,142,192,1.328125,0.0431650704144343,621,Resistance is feudal!
4088,875,8,47,137,192,1.328125,0.039881520718348086,621,You’re all set for your Senate confirmation hearing.
7019,875,10,43,139,192,1.328125,0.041226335496112744,621,"We also have it in a summer weight, if you'd prefer."
5390,881,14,34,141,189,1.3280423280423281,0.04427781654862933,621,"Yes Mr. Trump, all the Kings had their own suits of Armor."
6781,881,11,40,138,189,1.3280423280423281,0.04232804232804232,621,Don’t worry. The mirror adds 10 pounds.
2970,881,11,40,138,189,1.3280423280423281,0.04232804232804232,621,"...And those slings and arrows of outrageous fortune, forget 'em!"
2929,881,14,34,141,189,1.3280423280423281,0.04427781654862933,621,It’s classic.  Chain mail is just a fad.
2011,881,12,38,139,189,1.3280423280423281,0.042987794286918075,621,I think an ascot would be overkill.
1731,881,10,42,137,189,1.3280423280423281,0.041657842922968286,621,The slings and arrows of outrageous fortune don't stand a chance.
407,881,9,44,136,189,1.3280423280423281,0.0409766834512611,621,"Just rinse in cold water, line dry, and no need to iron."
4756,888,12,37,137,186,1.3279569892473118,0.043460666312205805,621,"If you can play harmonica, it sounds really good from inside."
5069,888,15,31,140,186,1.3279569892473118,0.04542243314271375,621,"Our menswear is known for its durable, classic style."
845,890,9,42,132,183,1.3278688524590163,0.04184820317173614,621,And you should always keep the 5th rivet undone.
622,891,9,45,139,193,1.3264248704663213,0.04038460432155413,621,"Don't worry, the mirror adds ten pounds."
2414,891,8,47,138,193,1.3264248704663213,0.03971075295256886,621,Welcome to Lord Taylor’s.
4257,891,14,35,144,193,1.3264248704663213,0.04359791390595596,621,Isn't it time you gave up being a heavy metal fan?
5190,891,12,39,142,193,1.3264248704663213,0.04234186302767138,621,"So,it's just a first date?"
3594,895,8,46,136,190,1.3263157894736841,0.040108603975397075,621,Of  course it is rust-proofed on the inside.  Why do you ask?
3305,895,14,34,142,190,1.3263157894736841,0.04407798620713774,621,It's a lot safer than gmail!
6747,895,10,42,138,190,1.3263157894736841,0.04147396409711801,621,"This is from our fall collection for White House aides. If I may say so, it definitely suits you."
3231,895,7,48,135,190,1.3263157894736841,0.039408188493235005,621,You could say it's vintage.
7402,895,7,48,135,190,1.3263157894736841,0.039408188493235005,621,You can never go wrong with a classic cut.
2074,895,10,42,138,190,1.3263157894736841,0.04147396409711801,621,Funny how fashion goes in cycles.
2067,895,12,38,140,190,1.3263157894736841,0.04279578580891849,621,"An excellent choice for your first State Visit to the U.K., sir."
957,895,12,38,140,190,1.3263157894736841,0.04279578580891849,621,Alterations are done in-house.  We have our own welder.
367,895,13,36,141,190,1.3263157894736841,0.043441616861481194,621,"No, no, it doesn't mak you look heavy at all!"
2292,895,14,34,142,190,1.3263157894736841,0.04407798620713774,621,Yes Mr Pruitt this will protect you 24/7 and it's all  imported steel too.
7286,905,10,41,136,187,1.3262032085561497,0.04191302739336894,621,"I’m telling you, styles return; in a year everyone will be wearing it!"
6474,905,13,35,139,187,1.3262032085561497,0.043922714898786984,621,It's guaranteed to deflect all slings and arrows!
7399,905,14,33,140,187,1.3262032085561497,0.044572479068902306,621,It's a good look for Middle Age men.
5467,905,15,31,141,187,1.3262032085561497,0.04521290630578114,621,It's a good suit for an introvert.
2452,905,9,43,135,187,1.3262032085561497,0.04122136410903557,621,It’s a great power suit.
4123,905,9,43,135,187,1.3262032085561497,0.04122136410903557,621,It’s Italian steel. No longer easy to get in this country.
2273,905,7,47,133,187,1.3262032085561497,0.03980199550869863,621,"Not the most breathable, but it wears like iron."
773,905,16,29,142,187,1.3262032085561497,0.04584438791044061,621,Right or left?
1279,913,13,34,137,184,1.326086956521739,0.04441844009423956,621,We ironed it for you.
2372,913,6,48,130,184,1.326086956521739,0.03946165356022883,621,"Chivalry never really was dead, it just wasn't stylish."
2910,913,12,36,136,184,1.326086956521739,0.0437447287014444,621,"Best part of all, it doesn’t shrink."
2955,913,10,40,134,184,1.326086956521739,0.04236517705236014,621,It really highlights your eyes.
3009,913,14,32,138,184,1.326086956521739,0.04508208459741102,621,It looked different on the hanger.
4096,913,11,38,135,184,1.326086956521739,0.04306047791096143,621,"Remember, before it was toxic, masculinity was chivalrous."
6301,913,10,40,134,184,1.326086956521739,0.04236517705236014,621,It's guaranteed not to wrinkle
280,920,8,39,122,169,1.3254437869822486,0.04324657189207239,621,"Honestly, that's going to be tough to pull off."
7358,921,8,46,137,191,1.324607329842932,0.03993462056668884,621,"Exactly right, sir - the real classics never go out of style."
646,921,11,40,140,191,1.324607329842932,0.04195364969560376,621,"""What do you mean it's a bit stiff and dated?"
73,923,12,37,139,188,1.324468085106383,0.043067421420575666,621,"no,no you don't look stiff at all"
490,923,10,41,137,188,1.324468085106383,0.0417255820923748,621,"No one else will show up to the battle in that exact outfit, I promise."
3098,923,12,37,139,188,1.324468085106383,0.043067421420575666,621,"Yes, and you don't have to iron it!"
5878,926,13,34,138,185,1.3243243243243243,0.04421283734960204,621,"Just to warn you, the crotch sometimes oxidizes."
7434,926,13,34,138,185,1.3243243243243243,0.04421283734960204,621,It's guaranteed no-iron.
7427,926,7,46,132,185,1.3243243243243243,0.04002809696974619,621,"Very flattering, sir. I have just the lance to accent this ensemble."
6817,926,14,32,139,185,1.3243243243243243,0.044872367812305816,621,"Just the thing for a person in your position, Mr. Pence."
6371,926,11,38,136,185,1.3243243243243243,0.04286334300239983,621,It’s great for a knight out on the town
6352,926,15,30,140,185,1.3243243243243243,0.04552234396055801,621,"Yes, Mr. President this is the perfect suit for the next G-7 meeting."
6349,926,8,44,133,185,1.3243243243243243,0.04075540398032999,621,"...and depending on the accessories, it can go from tournament to round table in a flash."""
6320,926,11,38,136,185,1.3243243243243243,0.04286334300239983,621,Straight leg or with cuffs?
5559,926,9,42,134,185,1.3243243243243243,0.04146995732069653,621,"Yes sir, it's the ultimate Power Suit this year."
6546,926,17,26,142,185,1.3243243243243243,0.046795219978373215,621,"Yes, I'm sure Obama didn't wear this when he visited the border."
5084,926,15,30,140,185,1.3243243243243243,0.04552234396055801,621,"You don't find a style, a style finds you"
4041,926,14,32,139,185,1.3243243243243243,0.044872367812305816,621,"Ohhh, evening wear....thought you said night"
3115,926,10,40,135,185,1.3243243243243243,0.04217240527597264,621,Let's see them call you a sissy boy now.
2866,926,10,40,135,185,1.3243243243243243,0.04217240527597264,621,And you can send it in every year for free lubrication.
2552,926,10,40,135,185,1.3243243243243243,0.04217240527597264,621,Of course the mirror adds a hundred pounds.
1754,926,11,38,136,185,1.3243243243243243,0.04286334300239983,621,"This model supports multiple visor positions, hot-swappable gauntlets, and left or right handed sword storage. Also, if I may be so bold, it makes your ass look great."
5543,926,11,38,136,185,1.3243243243243243,0.04286334300239983,621,And it comes with a free can of WD 40
1458,926,9,42,134,185,1.3243243243243243,0.04146995732069653,621,The downside is that alterations are very expensive.
1108,926,11,38,136,185,1.3243243243243243,0.04286334300239983,621,It’s 100% wrinkle free.
1088,926,16,28,141,185,1.3243243243243243,0.046163169369572606,621,Would like to try something in our no-iron collection?
3688,946,9,41,132,182,1.3241758241758241,0.041914603930307166,621,"Take out a plate here and there, fit in some chainmail and it becomes a great tropical blend."
2828,946,10,39,133,182,1.3241758241758241,0.042632696261550355,621,It’s what all freshmen Congress people are wearing this year.
1093,948,11,36,132,179,1.324022346368715,0.04382914307735711,621,And now you're ready to teach at Jr. High....
2161,948,13,32,134,179,1.324022346368715,0.0452386469754699,621,The collection is called Fragile Masculinity
3880,948,8,42,129,179,1.324022346368715,0.04162549323409649,621,For fifty dollars more we can add a zipper.
5865,948,10,38,131,179,1.324022346368715,0.043107111759633866,621,Cuff links are extra.
7158,948,9,40,130,179,1.324022346368715,0.042372778828154385,621,Maybe she asked for amour rather than armor...
7289,948,17,24,138,179,1.324022346368715,0.04793347446954681,621,May I say you look taller and more handsome
5096,954,9,42,135,186,1.3225806451612903,0.04128323827630767,621,I know a good welder if you want to let out the sleeves.
6485,954,10,40,136,186,1.3225806451612903,0.04198128632314873,621,This isnt what I had in mind when I said vintage.
7175,954,13,34,139,186,1.3225806451612903,0.044009048133873505,621,"'Oh yes, the ultimate power suit for these retrograde times. Chic, yet barbaric."""
6066,954,10,40,136,186,1.3225806451612903,0.04198128632314873,621,Planning a knight out?
4501,954,13,34,139,186,1.3225806451612903,0.044009048133873505,621,We also have this in white satin for Moody Blues fans.
3397,954,11,38,137,186,1.3225806451612903,0.042667915816383566,621,They say steel is coming back.
3954,954,10,40,136,186,1.3225806451612903,0.04198128632314873,621,"If the fit is a bit loose, we do offer same day welding"
3665,954,11,38,137,186,1.3225806451612903,0.042667915816383566,621,"It's you, Mister Vice-President."
691,954,13,34,139,186,1.3225806451612903,0.044009048133873505,621,"As with all our Press Secretary ensembles, the trousers are flame retardant."
4300,954,13,34,139,186,1.3225806451612903,0.044009048133873505,621,"That's why I suggested the linen, sir."
4913,964,15,29,139,183,1.3224043715846994,0.04583739889378221,621,It stands out in the mail-dominated workplace.
7009,964,8,43,132,183,1.3224043715846994,0.04099661516159525,621,You ever think she meant that figuratively?
6450,964,11,37,135,183,1.3224043715846994,0.04313780448561643,621,And it comes with a fifty year ironclad guarantee.
6266,964,9,41,133,183,1.3224043715846994,0.0417225561906872,621,It's joust for you.
6031,964,13,33,137,183,1.3224043715846994,0.04450807406070822,621,...and de rigueur for all of President's Trumps friends.
6019,964,9,41,133,183,1.3224043715846994,0.0417225561906872,621,It's very retro and perfect for hostile corporate takeovers!
5805,964,14,31,138,183,1.3224043715846994,0.04517762606612478,621,I can assure Sir that silver is the new black
5366,964,10,39,134,183,1.3224043715846994,0.04243608058553664,621,"And remember, it’s even more slimming when you’re actually on the horse."
5219,964,10,39,134,183,1.3224043715846994,0.04243608058553664,621,What's the bride wearing?
5209,964,11,37,135,183,1.3224043715846994,0.04313780448561643,621,My assistant is getting the can opener.
4530,964,14,31,138,183,1.3224043715846994,0.04517762606612478,621,...and to avoid rust we recommend dry clean only.
761,964,7,45,131,183,1.3224043715846994,0.040257585798589963,621,"Well you asked for a ""power suit."""
3137,964,8,43,132,183,1.3224043715846994,0.04099661516159525,621,If you buy two I will throw in the lance for free.
2567,964,5,49,129,183,1.3224043715846994,0.038737252530046756,621,There. You’re ready to get back into dating.
2493,964,6,47,130,183,1.3224043715846994,0.03950473356388729,621,The clanking will go away after a while.
1709,964,9,41,133,183,1.3224043715846994,0.0417225561906872,621,It's the latest thing for men in their middles ages.
993,964,12,35,136,183,1.3224043715846994,0.0438282946989314,621,"And, ironically enough, you'll never need an iron."
4240,964,9,41,133,183,1.3224043715846994,0.0417225561906872,621,Does the inseam have enough 'rattle' for you?
716,964,11,37,135,183,1.3224043715846994,0.04313780448561643,621,"And the best part is, it never wrinkles."
545,964,11,37,135,183,1.3224043715846994,0.04313780448561643,621,I can always have the blacksmith bring in the waist a little bit.
355,964,10,39,134,183,1.3224043715846994,0.04243608058553664,621,It's the perfect suit for a business man with an active knight life.
180,964,10,39,134,183,1.3224043715846994,0.04243608058553664,621,The tricky thing will be the choice of tie
806,986,13,32,135,180,1.3222222222222222,0.04502262039613309,621,.and the Chevalier deluxe also comes with a catheter and leg bag'
4220,987,8,41,128,177,1.3220338983050848,0.04188210908945813,621,Let me just text a picture to my wench.
17,988,8,39,124,171,1.3216374269005848,0.04282344355053144,621,If you upgrade to the stainless model you’ll never have to dry clean.
4754,988,8,39,124,171,1.3216374269005848,0.04282344355053144,621,And it comes with a rust-free lifetime warranty!
1921,990,12,29,124,165,1.3212121212121213,0.047078647213937314,621,"And with the tariffs, the price will only go up."
3890,990,11,31,123,165,1.3212121212121213,0.04628703051057582,621,"I said I wanted my suit ironed, not a suit of iron."
908,992,10,39,135,184,1.3206521739130435,0.04224117649332069,621,You can us WD-40 instead of deodorant
5718,993,11,36,134,181,1.3204419889502763,0.04341696301842776,621,"Yes, I agree sir. It does bring out your steely blue eyes."
7311,993,9,40,132,181,1.3204419889502763,0.04197925641710982,621,Don't worry about a ticket for pickup we'll remember this one
5280,993,12,34,135,181,1.3204419889502763,0.044118250554034406,621,"C’mon Melania,it’s a statement on its own."
5060,993,13,32,136,181,1.3204419889502763,0.044808563759102915,621,And it’s guaranteed not to wrinkle.
5055,993,12,34,135,181,1.3204419889502763,0.044118250554034406,621,"So, this will be your second wedding?"
5698,993,10,38,133,181,1.3204419889502763,0.04270416049448215,621,"No, it doesn't make your cuirass look big."
4800,993,9,40,132,181,1.3204419889502763,0.04197925641710982,621,May I suggest something a little less Medieval and a bit more Renaissance.
4720,993,9,40,132,181,1.3204419889502763,0.04197925641710982,621,"I'm telling you, tin is in."
1663,993,10,38,133,181,1.3204419889502763,0.04270416049448215,621,It’s from our “Boogie Knights” collection.
136,993,11,36,134,181,1.3204419889502763,0.04341696301842776,621,The classics never go out of style
4910,993,14,30,137,181,1.3204419889502763,0.045488402262100006,621,"It's rare to get THAT nice a fit, with something straight off the rack."
2165,1004,9,39,130,178,1.3202247191011236,0.042440017085156864,621,You look centuries younger.
274,1005,12,29,125,166,1.319277108433735,0.046834172302435126,621,"Yes, we can outfit your whole team, but say good-bye to the 10 minute bathroom break."
6271,1006,11,36,135,182,1.3186813186813187,0.043213632024271524,621,This outfit can really go from day to knight.
4546,1006,8,42,132,182,1.3186813186813187,0.04105215815330396,621,"If I may say, sir, it's a classic."
4069,1006,9,40,133,182,1.3186813186813187,0.041785074571418064,621,"Yes, sir, I'm certain it's vintage."
3701,1006,13,32,137,182,1.3186813186813187,0.044596451972318624,621,"Oh my goodness, no. I don't think it makes your cuirass look big."
3094,1006,12,34,136,182,1.3186813186813187,0.043910485770761336,621,And we throw in a can opener for emergency egress.
3031,1006,12,34,136,182,1.3186813186813187,0.043910485770761336,621,"I asked for Armani, not Armor."
3711,1006,13,32,137,182,1.3186813186813187,0.044596451972318624,621,It's from the fall collection by Helmet Clang.
4355,1013,12,33,134,179,1.318435754189944,0.04441331899467989,621,It comes with it's own concealed carry permit.
3449,1013,15,27,137,179,1.318435754189944,0.04648499758026046,621,The press is ready for your briefing Sarah.
3761,1013,9,39,131,179,1.318435754189944,0.04224015634688827,621,Sir I think you are ready for your press conference.
3990,1013,11,35,133,179,1.318435754189944,0.04370094055607176,621,Made from 100% imported steel wool.
4287,1013,13,31,135,179,1.318435754189944,0.04511445004387252,621,It comes with a straw and a diaper.
4794,1013,9,39,131,179,1.318435754189944,0.04224015634688827,621,It's joust your size.
7425,1013,9,39,131,179,1.318435754189944,0.04224015634688827,621,"Yes, we have it in black with vertical stripes."
5391,1013,11,35,133,179,1.318435754189944,0.04370094055607176,621,It comes with five year's supply of W D-40.
6091,1013,8,41,130,179,1.318435754189944,0.04149048215641377,621,You'll still be called thin skinned.
6522,1013,8,41,130,179,1.318435754189944,0.04149048215641377,621,Perhaps I misunderstood . You said you wanted something special for a Knight out on the town.
6925,1013,15,27,137,179,1.318435754189944,0.04648499758026046,621,"It's to die for, madam. Plus, it's airtight !! Madam ??  MADAM ????"
6976,1013,12,33,134,179,1.318435754189944,0.04441331899467989,621,Excellent choice: It will match her belt.
3376,1013,10,37,132,179,1.318435754189944,0.042976755424850785,621,You'll really slay the ladies with this one.
4831,1013,13,31,135,179,1.318435754189944,0.04511445004387252,621,You're lucky you can buy off the rack.
3277,1013,10,37,132,179,1.318435754189944,0.042976755424850785,621,"No, it absolutely doesn't make you look fat."
842,1013,10,37,132,179,1.318435754189944,0.042976755424850785,621,It's our most popular power suit.
2401,1013,9,39,131,179,1.318435754189944,0.04224015634688827,621,This suit speaks chivalry.
4,1013,9,39,131,179,1.318435754189944,0.04224015634688827,621,All the Republican candidates will be wearing it this fall.
513,1013,10,37,132,179,1.318435754189944,0.042976755424850785,621,"And if you buy today we will waive the steel and aluminum ""Trade War"" surcharge."
712,1013,11,35,133,179,1.318435754189944,0.04370094055607176,621,Shall I wrap it up or would you like to gallop it home?
795,1013,14,29,136,179,1.318435754189944,0.04580485019513703,621,This model has served previous White House press secretaries very well.
3091,1013,8,41,130,179,1.318435754189944,0.04149048215641377,621,It still won't protect you from the tweets.
882,1013,11,35,133,179,1.318435754189944,0.04370094055607176,621,"And with our premium metallurgy, it's no iron."
465,1013,15,27,137,179,1.318435754189944,0.04648499758026046,621,Are you sure I'm not showing too much skin?
1317,1013,11,35,133,179,1.318435754189944,0.04370094055607176,621,...and it also comes with an iron clad guarantee.
1320,1013,12,33,134,179,1.318435754189944,0.04441331899467989,621,Heavy medal is back in.
1434,1013,11,35,133,179,1.318435754189944,0.04370094055607176,621,Facial expression and body language never a problem...
1979,1013,10,37,132,179,1.318435754189944,0.042976755424850785,621,"No, this model does not work with Viagra."
1989,1013,9,39,131,179,1.318435754189944,0.04224015634688827,621,It's what the last Press Secretary recommended.
1176,1013,11,35,133,179,1.318435754189944,0.04370094055607176,621,You can stop worrying about that lion and Dorothy is going to love you in this outfit.
4452,1043,11,34,131,176,1.3181818181818181,0.04420356474056496,621,"It just screams, ""bring it on bitch!"""
4494,1043,7,42,127,176,1.3181818181818181,0.04116084153698826,621,"If you don't like the fit, we have a more form-flattering, feminine cut in stock we call the Iron Maiden."
4639,1043,9,38,129,176,1.3181818181818181,0.04270930818806584,621,Wool gabardine?!  For a job at at the Whitehouse?!
5152,1043,10,36,130,176,1.3181818181818181,0.04346285852125068,621,May I also show you some Under Armour clothing?
7223,1043,17,22,137,176,1.3181818181818181,0.048410386544456625,621,"Very nice choice, Mr. P.   Shall we bill EPA?"
6356,1043,12,32,132,176,1.3181818181818181,0.044932062057158946,621,"It's a lightweight seasonal blend, but it wears like iron."
7271,1043,9,38,129,176,1.3181818181818181,0.04270930818806584,621,"No, it only comes in silver."
7331,1043,11,34,131,176,1.3181818181818181,0.04420356474056496,621,"Quite right, sir. Dress for the job you want."
4422,1043,8,40,128,176,1.3181818181818181,0.04194222145962375,621,"And if you open a store credit card, I can throw in a sword and shield."
6155,1043,9,38,129,176,1.3181818181818181,0.04270930818806584,621,"Best of all, it never needs ironing."
3995,1043,9,38,129,176,1.3181818181818181,0.04270930818806584,621,It's to die in.
3465,1043,11,34,131,176,1.3181818181818181,0.04420356474056496,621,Trust me. Our tailoring warranty is iron-clad.
872,1043,12,32,132,176,1.3181818181818181,0.044932062057158946,621,I think it suits you perfectly Ms. Sanders.
2897,1043,13,30,133,176,1.3181818181818181,0.045648934989147856,621,"Never needs pressing, withstands 50 calibre bullets and it won't let you gain weight."
2837,1043,6,44,126,176,1.3181818181818181,0.04036433835823391,621,"Of course, with this one, alterations take a bit longer."
2707,1043,12,32,132,176,1.3181818181818181,0.044932062057158946,621,Did you mean an Armani suit?
2676,1043,7,42,127,176,1.3181818181818181,0.04116084153698826,621,This suit goes from day to knight wear with a flip of the visor.
2667,1043,14,28,134,176,1.3181818181818181,0.0463547228508435,621,We also have no-iron suits.
1963,1043,12,32,132,176,1.3181818181818181,0.044932062057158946,621,You're now officially middle aged.
1368,1043,12,32,132,176,1.3181818181818181,0.044932062057158946,621,It's well ironed
1159,1043,12,32,132,176,1.3181818181818181,0.044932062057158946,621,It doesn’t have one. You have to remember to go before you put it on.
917,1043,11,34,131,176,1.3181818181818181,0.04420356474056496,621,"Tariffs aside, this is a priceless design."
349,1043,10,36,130,176,1.3181818181818181,0.04346285852125068,621,I assure you this is our most durable material.
3327,1043,7,42,127,176,1.3181818181818181,0.04116084153698826,621,The best part? It's wrinkle free.
7449,1067,11,33,129,173,1.3179190751445087,0.04472228041451216,621,"Yes...but the lining is pure, silent goose down..."
6406,1067,8,39,126,173,1.3179190751445087,0.04240804593585032,621,"Might I say Sir, it's the ultimate power suit."
6232,1067,7,41,125,173,1.3179190751445087,0.04160804038850546,621,It's our most retro ensemble.
5764,1067,8,39,126,173,1.3179190751445087,0.04240804593585032,621,Yes but it's more flattering than chainmail.
1703,1067,10,35,128,173,1.3179190751445087,0.04396440640277733,621,It’s our revival of the “power suit!”
4491,1067,9,37,127,173,1.3179190751445087,0.04319323668380132,621,"It gives you that steely , take no prisoners aura for the board room."
1581,1067,11,33,129,173,1.3179190751445087,0.04472228041451216,621,"This is the only way you’re gonna impress the boss, after Arthur pulled the sword from his desk last week."
5642,1067,6,43,124,173,1.3179190751445087,0.04079234842278406,621,A power tie only gets you so far.
4626,1075,11,32,127,170,1.3176470588235294,0.045257917647239784,621,This year we're doing away with evening wear and going straight to knight.
5213,1075,7,40,123,170,1.3176470588235294,0.04206928253093018,621,They say the feudal system is coming back!
3940,1075,8,38,124,170,1.3176470588235294,0.04288867189528611,621,You look sharp.
5329,1075,9,36,125,170,1.3176470588235294,0.04369269757311607,621,Alterations take one to two years.
5911,1075,8,38,124,170,1.3176470588235294,0.04288867189528611,621,And it’s iron free
6652,1075,8,38,124,170,1.3176470588235294,0.04288867189528611,621,Very popular with business travelers ever since TSA started using their new body scanner.
2603,1075,7,40,123,170,1.3176470588235294,0.04206928253093018,621,When do you start work at the White House?
181,1075,7,40,123,170,1.3176470588235294,0.04206928253093018,621,"Will you be needing anything else?... Lance, a sword, oil."
2113,1075,12,30,128,170,1.3176470588235294,0.046020568814809495,621,I don't think it comes in white satin.
1212,1075,7,40,123,170,1.3176470588235294,0.04206928253093018,621,"If it were up to me, I'd go with the undercoating."
706,1075,9,36,125,170,1.3176470588235294,0.04369269757311607,621,"Now, what say we take a look at some chain mail briefs?"
650,1075,9,36,125,170,1.3176470588235294,0.04369269757311607,621,"No, they don't make any with real pockets."
102,1075,11,32,127,170,1.3176470588235294,0.045257917647239784,621,It's the latest thing from Giorgio Armorani.
12,1075,9,36,125,170,1.3176470588235294,0.04369269757311607,621,"They can’ t stab you in the back, give you the axe and for an extra $100 we throw in some brass balls."
2542,1075,7,40,123,170,1.3176470588235294,0.04206928253093018,621,"Sir, may I suggest a fiery steed."
6621,1090,9,35,123,167,1.3173652694610778,0.044208500132531886,621,Good luck at the airport!
6679,1091,15,27,138,180,1.3166666666666667,0.04625986565805642,621,Are you going for the rescue the maiden or slay the dragon look?
5035,1091,12,33,135,180,1.3166666666666667,0.04420130576588278,621,Ready Sir? The dragon is waiting on the 7th floor.
6969,1091,13,31,136,180,1.3166666666666667,0.04489798077686624,621,Middle age crisis!
2328,1091,10,37,133,180,1.3166666666666667,0.04277392825714615,621,"For a limited time, buy one at regular price and get 40% off any two coats of chain mail."
4560,1091,13,31,136,180,1.3166666666666667,0.04489798077686624,621,Styles have a way of repeating.
966,1096,11,34,132,177,1.3163841807909604,0.04398986300112271,621,Our crusade cut is a perfect fit for the times.
3579,1096,12,32,133,177,1.3163841807909604,0.04471363754208912,621,It's what everyone wears when they go into the White House Press Room.
4464,1096,7,42,128,177,1.3163841807909604,0.04096709295649913,621,All the king’s men are ordering it in aluminum this season.
5000,1096,8,40,129,177,1.3163841807909604,0.04174331132881311,621,I’m thinking that the white satin is a better look on you.
6124,1096,7,42,128,177,1.3163841807909604,0.04096709295649913,621,"Ah, I presume a sporting week-end is in the offing?"
7168,1096,10,36,131,177,1.3163841807909604,0.043253979140303024,621,It never loses its shape plus its wrinkle free.
7181,1096,7,42,128,177,1.3163841807909604,0.04096709295649913,621,"Sorry, swimming voids the warranty"
7204,1096,6,44,127,177,1.3163841807909604,0.040175880449825424,621,Just be sure you limit your dietary fiber.
4872,1104,10,35,129,174,1.3160919540229885,0.04374917732409341,621,...and this is our 'I mean business' suit.
7000,1104,11,33,130,174,1.3160919540229885,0.04450203685889274,621,Our welder can let the waist out a little. He’s in on Tuesdays.
5813,1104,9,37,128,174,1.3160919540229885,0.042983133302258114,621,"What's old is new, Sire."
5159,1104,9,37,128,174,1.3160919540229885,0.042983133302258114,621,It's pretty standard for Game of Thrones-themed weddings.
4796,1104,12,31,131,174,1.3160919540229885,0.045242370104201284,621,Her profile said she's looking for a knight in shining armor.
1219,1104,15,25,134,174,1.3160919540229885,0.04739403292410726,621,"Of course, one shouldn't wear knight after Memorial Day..."
2387,1104,9,37,128,174,1.3160919540229885,0.042983133302258114,621,"... and of course, the sidewalks clear quite fast."
2140,1104,10,35,129,174,1.3160919540229885,0.04374917732409341,621,And that's our steel grey.
1714,1104,8,39,127,174,1.3160919540229885,0.0422031868515212,621,May I show you something in a battle axe?
3214,1104,11,33,130,174,1.3160919540229885,0.04450203685889274,621,"Just think, you'll be her knight in shining armor."
4778,1114,11,32,128,171,1.3157894736842106,0.045030803362789334,621,It’s dark in here.
6681,1114,9,36,126,171,1.3157894736842106,0.04347613543415966,621,No ironing required.
6508,1116,7,38,120,165,1.3151515151515152,0.04281835730789982,621,"Interesting prom theme, sir.
I assume your date will be wearing a chastity belt?"
5936,1116,8,36,121,165,1.3151515151515152,0.0436728926515564,621,The protection it provides against STD's is unmatched.
5843,1116,9,34,122,165,1.3151515151515152,0.044511025404519275,621,"Even if it's pierced or crushed, we'll take it back in 60 days."
5066,1116,10,32,123,165,1.3151515151515152,0.04533366533349307,621,There's also a secure pocket for your smartphone.
2525,1116,9,34,122,165,1.3151515151515152,0.044511025404519275,621,It comes also in relaxed fit sizes.
3492,1116,10,32,123,165,1.3151515151515152,0.04533366533349307,621,... and I assume you'll want to purchase the undercoat.
2280,1116,10,32,123,165,1.3151515151515152,0.04533366533349307,621,"Of course, none of the pockets will hold your phone."
1048,1116,8,36,121,165,1.3151515151515152,0.0436728926515564,621,bathroom privileges will be limited
4387,1116,10,32,123,165,1.3151515151515152,0.04533366533349307,621,You're gonna like the way you storm the castle.  I guarantee it!
7349,1125,10,31,121,162,1.3148148148148149,0.04589775548385575,621,Alterations available by our Master Blacksmith.
3729,1126,11,33,131,175,1.3142857142857143,0.04428386033515415,621,Oh Armani! I thought you said armor on me!
4873,1126,9,37,129,175,1.3142857142857143,0.04277496225831017,621,"No, the pants do not come with pleats."
1962,1126,8,39,128,175,1.3142857142857143,0.04200018989490487,621,"""I myself can't do without pockets."""
3257,1126,9,37,129,175,1.3142857142857143,0.04277496225831017,621,It also comes with rust protection.
7295,1130,9,36,127,172,1.313953488372093,0.04326160448732171,621,This one really brings out your personality.
6156,1130,10,34,128,172,1.313953488372093,0.044040502708550075,621,Won't shrink but may rust
6116,1130,12,30,130,172,1.313953488372093,0.04555836685868481,621,"Actually, no, it does not make you look tin."""
5474,1130,10,34,128,172,1.313953488372093,0.044040502708550075,621,We don't recommend this particular suit if you live in a walk-up.
4915,1130,8,38,126,172,1.313953488372093,0.04246842317314245,621,"It might rust over time, but I can promise you it won't wrinkle"
4891,1130,9,36,127,172,1.313953488372093,0.04326160448732171,621,It's what all the men on Capitol Hill will be wearing this fall.
4775,1130,10,34,128,172,1.313953488372093,0.044040502708550075,621,Turns out it IS the suit that makes the man.
3948,1130,8,38,126,172,1.313953488372093,0.04246842317314245,621,Yes. There is a potential of chafing.
3513,1130,9,36,127,172,1.313953488372093,0.04326160448732171,621,This designer only does ready to wear.
3185,1130,13,28,131,172,1.313953488372093,0.04629864195454184,621,Don't you think you might be taking her too literally?
2612,1130,12,30,130,172,1.313953488372093,0.04555836685868481,621,"You’re quite confident, then, Dennis, that Helen wasn’t speaking metaphorically?"
323,1130,12,30,130,172,1.313953488372093,0.04555836685868481,621,The zipper is extra.
2394,1130,12,30,130,172,1.313953488372093,0.04555836685868481,621,It's Nike's response to UnderArmour
1850,1130,14,26,132,172,1.313953488372093,0.0470272655258544,621,You can wear it out. Or we can put it in the Mail.
1716,1130,13,28,131,172,1.313953488372093,0.04629864195454184,621,"Shall I bring in the waist, Ms. Gaga?"
1693,1130,7,40,125,172,1.313953488372093,0.041660142952332155,621,It'll look slimmer when you're on the horse.
1622,1130,16,22,134,172,1.313953488372093,0.04845165234383569,621,It certainly makes you look great again.
1380,1130,9,36,127,172,1.313953488372093,0.04326160448732171,621,It's from our nights in shining Armani collection.
861,1130,12,30,130,172,1.313953488372093,0.04555836685868481,621,"And today, it's a steel."
624,1130,9,36,127,172,1.313953488372093,0.04326160448732171,621,"It comes in rust, too."
2516,1130,9,36,127,172,1.313953488372093,0.04326160448732171,621,And if you ever desire to alter your gender it comes with a set of interchangeable breast plates.
305,1130,9,36,127,172,1.313953488372093,0.04326160448732171,621,"And this week only, sir, it's available at pre-tariff prices."
152,1130,8,38,126,172,1.313953488372093,0.04246842317314245,621,It is also wrinkle resistant.
3637,1153,10,32,124,166,1.3132530120481927,0.04509972049915211,621,It's what all the Trump supporters will be wearing next year.
3223,1154,6,39,118,163,1.312883435582822,0.04220811337535847,621,"Madam need only say ""Me too"" to activate the body camera."
1073,1155,10,34,129,173,1.3121387283236994,0.043822785237046,621,How does that feel in the crotch?
3975,1155,9,36,128,173,1.3121387283236994,0.043049078629008634,621,All the seams are double welded.
6827,1157,11,31,128,170,1.311764705882353,0.04511518714327072,621,"Prime Minister Trudeau, this is perfect for your meeting with President Trump."
6657,1157,9,35,126,170,1.311764705882353,0.04354483692039487,621,We also have Astronaut and Scuba.
6513,1157,13,27,130,170,1.311764705882353,0.04663268595653584,621,"The A/C option will be an additional $500, sir.”"
5750,1157,11,31,128,170,1.311764705882353,0.04511518714327072,621,For all White House personnel we add Teflon free of charge.
5429,1157,11,31,128,170,1.311764705882353,0.04511518714327072,621,It's our latest power suit. It comes with a 500 year warranty.
4212,1157,13,27,130,170,1.311764705882353,0.04663268595653584,621,This suit has a high rivet count to compensate for the small codpiece.
3977,1157,9,35,126,170,1.311764705882353,0.04354483692039487,621,"Well, Sir, I believe you said you were taking part in a roundtable, right?"
3525,1157,10,33,127,170,1.311764705882353,0.04433696501451201,621,It’s the perfect suit for a hostile takeover.
2543,1157,9,35,126,170,1.311764705882353,0.04354483692039487,621,"Sure, we can do cuffs."
3445,1157,10,33,127,170,1.311764705882353,0.04433696501451201,621,"It makes me look heavy, don’t you think?"
2283,1157,8,37,125,170,1.311764705882353,0.04273802964748733,621,"It’ s retro, but trending"
1939,1157,11,31,128,170,1.311764705882353,0.04511518714327072,621,THEY WILL NEVER KNOW YOU NOW MR. PRESIDENT YOU MAY BE ABLE TO GET INTO CANADA
1298,1157,11,31,128,170,1.311764705882353,0.04511518714327072,621,You should have thought about that before you got in!
1135,1157,12,29,129,170,1.311764705882353,0.045880210932891505,621,"If you prefer, we also have one in white satin."
1033,1157,9,35,126,170,1.311764705882353,0.04354483692039487,621,We will even throw in a free can opener.
541,1157,11,31,128,170,1.311764705882353,0.04511518714327072,621,Taking a cabinet position?
307,1157,10,33,127,170,1.311764705882353,0.04433696501451201,621,It’s quite attractive and it will wear like iron.
124,1157,9,35,126,170,1.311764705882353,0.04354483692039487,621,"It's our 'feudal cut,' sir."
2458,1157,7,39,124,170,1.311764705882353,0.04191569555518825,621,Do you dress right or left?
6397,1176,7,38,122,167,1.311377245508982,0.04238761127101202,621,"It says, ""I am bold and virile, yet reserved and historically conservative..."""
2594,1176,8,36,123,167,1.311377245508982,0.04323024931867899,621,Or would you prefer the summer weight
6626,1178,10,31,123,164,1.3109756097560976,0.04541701793185895,621,The mirror subtracts eight centuries.
5136,1178,8,35,121,164,1.3109756097560976,0.04373867990289973,621,Wrinkle Free.
4823,1178,11,29,124,164,1.3109756097560976,0.04623334529222424,621,I’m glad you decided not to add the spikes. Too ostentatious.
2882,1178,11,29,124,164,1.3109756097560976,0.04623334529222424,621,"Notice how casual you feel while at the same time looking completely menacing."""
1594,1178,7,37,120,164,1.3109756097560976,0.042874880997631794,621,It's on sale this week with two pairs of legs and an oil can.
2254,1178,7,37,120,164,1.3109756097560976,0.042874880997631794,621,I’ll ask the welder to let it out a bit.
2010,1178,4,43,117,164,1.3109756097560976,0.040172195898399425,621,In case they choose the sticks and stones.
931,1178,8,35,121,164,1.3109756097560976,0.04373867990289973,621,"... and, it's wrinkle-free."
2863,1178,5,41,118,164,1.3109756097560976,0.04109284636511099,621,I can give you 10% off because it's from a discontinued line.
7404,1187,8,34,119,161,1.31055900621118,0.04426419206451489,621,"Not to worry, sir.  Our welder can make any necessary alterations while you wait!"
4250,1188,12,29,130,171,1.3099415204678362,0.0456475404627614,621,It also comes in corduroy.
2802,1188,10,33,128,171,1.3099415204678362,0.04411461267075381,621,Women find it magnetic
4952,1188,11,31,129,171,1.3099415204678362,0.044887620795660756,621,"Will you wear it out, or would you like it crated?"
4322,1188,12,29,130,171,1.3099415204678362,0.0456475404627614,621,"Your training is complete. Now get down to the border, those immigrant families are not going to separate themselves."
2560,1188,11,31,129,171,1.3099415204678362,0.044887620795660756,621,"Oh, I told you it was no ordinary knight gown."
268,1188,8,37,126,171,1.3099415204678362,0.04252646413566294,621,Perfect attire for a Knight out on the town
1017,1188,13,27,131,171,1.3099415204678362,0.0463950148173685,621,"You are all ready for court, Mr Cohen."
370,1188,7,39,125,171,1.3099415204678362,0.041709719518086226,621,"It's a poly/metal blend, so it breathes better."
2300,1188,12,29,130,171,1.3099415204678362,0.0456475404627614,621,And it wears like iron.
150,1188,12,29,130,171,1.3099415204678362,0.0456475404627614,621,Fits like a gauntlet.
2647,1198,12,28,128,168,1.3095238095238095,0.046208066519710024,621,It's made of 100% American steel.
4058,1198,7,38,123,168,1.3095238095238095,0.04217529388565521,621,"Congratulations, sir. When will you be leaving for Washington?"
4097,1198,9,34,125,168,1.3095238095238095,0.0438329489448384,621,"In my defense, you really should have said ""EVENING wear"" if that's what you meant."
5661,1198,10,32,126,168,1.3095238095238095,0.044638698599203386,621,It reeks of power
5847,1198,9,34,125,168,1.3095238095238095,0.0438329489448384,621,It comes with a matching sword so you would be dressed to the hilt.
6804,1203,11,29,125,165,1.309090909090909,0.04599092250979998,621,You said you wanted something that was good for day or knight.
5915,1203,8,35,122,165,1.309090909090909,0.04351362388126566,621,Research says 81 percent of ladies on your dating site are looking for a knight in shining armor.
5891,1203,9,33,123,165,1.309090909090909,0.044354766297294866,621,"Of course, you can always wear the codpiece by itself."
438,1203,8,35,122,165,1.309090909090909,0.04351362388126566,621,You're gonna like the way you joust. I guarantee thee.
1454,1203,5,41,119,165,1.309090909090909,0.040886501112935555,621,‘Rust-proofing is extra.’
550,1203,7,37,121,165,1.309090909090909,0.04265589798929173,621,I'm sure Her Majesty will love how seriously you take your knighthood.
2263,1203,9,33,123,165,1.309090909090909,0.044354766297294866,621,"And believe it or not, it No-Iron."
1762,1210,7,36,119,162,1.308641975308642,0.04315232729253137,621,"I'm sorry sir, there is no button fly option available."
2756,1211,6,37,116,159,1.3081761006289307,0.04274410831732929,621,"To help you get in and out of it, a squire is also included."
5019,1212,10,33,129,172,1.308139534883721,0.04389438625157414,621,And I guarantee you won't need a second pair of pants !
1441,1213,15,22,132,169,1.3076923076923077,0.04821409004061605,621,You look hot!
3378,1213,11,30,128,169,1.3076923076923077,0.04519766549176948,621,I understand you're the President's new press secretary.  Would you like that in teflon?
581,1213,9,34,126,169,1.3076923076923077,0.043611285347218524,621,We also have it in Kevlar.
1149,1216,10,31,125,166,1.3072289156626506,0.044945841938954595,621,Are you still in there?
1922,1216,9,33,124,166,1.3072289156626506,0.044126062111565154,621,"If it needs alterations, I can give you the name of a good welder."
2381,1216,8,35,123,166,1.3072289156626506,0.043290761223913836,621,Perhaps you'd prefer something in an alloy?
2907,1216,9,33,124,166,1.3072289156626506,0.044126062111565154,621,Perhaps you'd like to see something from our Kevlar line.
3999,1216,7,37,122,166,1.3072289156626506,0.0424390228117724,621,It's the most classic cut we offer.
4327,1216,12,27,127,166,1.3072289156626506,0.04654210360369476,621,"Yes sir Mr. Pruitt, I suppose it would protect you from the riff-raff in coach."
5215,1222,12,26,125,163,1.3067484662576687,0.04713345306901847,621,"No worries, the suit includes a 30-day 
supply of maximum-absorbency men's briefs"
5885,1222,10,30,123,163,1.3067484662576687,0.04549815022758075,621,But you said you wanted something vintage
5008,1222,6,38,119,163,1.3067484662576687,0.042037129135750737,621,... and of course you can kiss those dry cleaning bills goodbye.
4681,1222,10,30,123,163,1.3067484662576687,0.04549815022758075,621,"For casual Friday, sir, may I recommend something a bit lighter?"
4380,1222,6,38,119,163,1.3067484662576687,0.042037129135750737,621,"Will you be taking it off the rack, or would you like it welded, sir?"
1389,1227,7,35,118,160,1.30625,0.04343439623995663,621,We’ll have to call the blacksmith to let it out a bit
6025,1227,9,31,120,160,1.30625,0.045208179360952755,621,This is the latest in power suits.
231,1229,8,35,124,167,1.3053892215568863,0.04307006257302124,621,Very sharp.
1825,1229,11,29,127,167,1.3053892215568863,0.04551334848945007,621,You're being too literal.
3865,1229,9,33,125,167,1.3053892215568863,0.043899603152382664,621,"Yes, Sir, it does make you look Presidential and it is slimming!"
5057,1229,12,27,128,167,1.3053892215568863,0.046299133443454946,621,I think this is sooo you Mrs. Huckabee.
6907,1233,10,30,124,164,1.3048780487804879,0.045258537727211556,621,Perfect for a knight out on the town
6388,1233,11,28,125,164,1.3048780487804879,0.04607767286107956,621,This is from our “You’ve got mail” collection
7439,1233,8,34,122,164,1.3048780487804879,0.043574095963438635,621,I'd say you're ready for anything the Mueller team can throw at you.
5981,1233,8,34,122,164,1.3048780487804879,0.043574095963438635,621,"As you can see, the soldering is impeccable."
5909,1233,12,26,126,164,1.3048780487804879,0.04688249817767718,621,"When I said I needed protection for my date tonight, this isn't what I meant."
5821,1233,7,36,121,164,1.3048780487804879,0.04270696828321724,621,You would absolutely SLAY in that outfit.
5317,1233,9,32,123,164,1.3048780487804879,0.044424301211366236,621,"Fits great, Mr. President.  I'm just not sure it projects the image you want for your interview by the Mueller team."
3583,1233,5,40,119,164,1.3048780487804879,0.04091762140898773,621,The classic suits never go out of fashion.
2532,1233,9,32,123,164,1.3048780487804879,0.044424301211366236,621,"No, You'd have to wear a diaper."
2223,1233,8,34,122,164,1.3048780487804879,0.043574095963438635,621,"And, of course, it's permanent press."
6943,1243,5,39,117,161,1.3043478260869565,0.041369677005426944,621,"Well, gee, Lance. I like it. I like it a lot."
6899,1243,8,33,120,161,1.3043478260869565,0.0440950045945313,621,First time in menswear Miss Gaga?
6217,1243,7,35,119,161,1.3043478260869565,0.04320566720511258,621,It's specifically designed to protect you from low self esteem.
5738,1243,8,33,120,161,1.3043478260869565,0.0440950045945313,621,It must be fun being an advisor to the President.
3814,1243,8,33,120,161,1.3043478260869565,0.0440950045945313,621,And if you buy it today we throw in a box of brillo pads.
2052,1243,11,27,123,161,1.3043478260869565,0.04666142609104571,621,"On cold battle mornings, nothing beats the ass warmer."
158,1243,5,39,117,161,1.3043478260869565,0.041369677005426944,621,"Eventually, EVERYTHING comes back into fashion."
4229,1243,8,33,120,161,1.3043478260869565,0.0440950045945313,621,You can upgrade your codpiece for an even more eye-catching look.
859,1251,7,34,117,158,1.3037974683544304,0.043721189714101105,621,Just don't wear it in the rain.
4389,1251,8,32,118,158,1.3037974683544304,0.04463371018747902,621,"If you wait until the Bronze Age, you can get a lovely patina at no charge!"
3635,1253,11,28,126,165,1.303030303030303,0.045834822195189424,621,"We can try the space suit again, or we can look at something from Calvin Klein."
6009,1253,10,30,125,165,1.303030303030303,0.04502134044713949,621,It's a new line from UnderArmor.
6439,1253,8,34,123,165,1.303030303030303,0.04334860361813811,621,"Sir shall laugh at maces, lances, arrows, rocks, and swords.  Only, avoid thee microwaves!"
447,1256,7,32,113,152,1.3026315789473684,0.044806498577351,621,Chalices and grails are on the seventh floor.
2809,1257,7,35,120,162,1.3024691358024691,0.04297921719166919,621,Would you like that with a coat of arms?
3187,1257,13,23,126,162,1.3024691358024691,0.04803436818589194,621,"In addition, you'll get a year's worth of oil changes."
3280,1257,6,37,119,162,1.3024691358024691,0.04207768855708624,621,"...and it's one-hundred percent affordable, pre-tariff steel."
3314,1257,8,33,121,162,1.3024691358024691,0.04386222003627037,621,"Better act now, before the steel tariffs start to bite."
6264,1257,11,27,124,162,1.3024691358024691,0.04641053818708393,621,This suit is popular with those working for the current administration.
5240,1257,8,33,121,162,1.3024691358024691,0.04386222003627037,621,Perhaps madame would prefer something with a bit more décolletage?
5344,1257,9,31,122,162,1.3024691358024691,0.044727794296295496,621,It's our middle school teacher special: Stops everything from a spitball to an AR-15 bullet.
6080,1257,12,25,125,162,1.3024691358024691,0.047229432464473906,621,"I’m told, Mr. President, that Putin, Xi and Un have ordered one."
3530,1257,7,35,120,162,1.3024691358024691,0.04297921719166919,621,This is our new no-iron line.
2002,1257,6,37,119,162,1.3024691358024691,0.04207768855708624,621,"You'll do fine.  You're just a little rusty, that's all"
1165,1257,10,29,123,162,1.3024691358024691,0.045576932967382196,621,Alterations are included but rustproofing is extra.
1780,1257,9,31,122,162,1.3024691358024691,0.044727794296295496,621,I can let out the codpiece a little if it's too tight.
1477,1257,9,31,122,162,1.3024691358024691,0.044727794296295496,621,"Sir, we are closing in ten minutes."
1068,1257,11,27,124,162,1.3024691358024691,0.04641053818708393,621,It's a perfect fit. Shall I wrap it or do you plan to wear it to the hearing?
868,1257,11,27,124,162,1.3024691358024691,0.04641053818708393,621,...and in complete compliance with the new Texas school dress codes!
750,1257,7,35,120,162,1.3024691358024691,0.04297921719166919,621,Sure we can custom fit - I'll get the welder.
526,1257,9,31,122,162,1.3024691358024691,0.044727794296295496,621,"We also have this in chainmail for casual occasions."""
220,1257,6,37,119,162,1.3024691358024691,0.04207768855708624,621,Very retro.
193,1257,10,29,123,162,1.3024691358024691,0.045576932967382196,621,Great for jousting or just a knight out on the town.
143,1257,9,31,122,162,1.3024691358024691,0.044727794296295496,621,It's 100 percent stainless steel ... our very best no-iron suit.
1843,1257,8,33,121,162,1.3024691358024691,0.04386222003627037,621,"If you get the extended warranty, I'll throw in the undercoating."
3797,1278,8,29,112,149,1.3020134228187918,0.04636691690987549,621,So who's the lucky maiden?
3459,1279,11,26,122,159,1.3018867924528301,0.04700632443777409,621,"Well, Congressman, looks like it should suit you very well for your first townhall meeting with your constituents!"
3908,1279,10,28,121,159,1.3018867924528301,0.04615173930903655,621,"It will create a diversion, Mr. President"
4046,1279,8,32,119,159,1.3018867924528301,0.04439324328599178,621,"Now, go find a windmill."
4418,1279,8,32,119,159,1.3018867924528301,0.04439324328599178,621,"I know how you like the good-old days, Mr. Trump, and this will also keep your hair from flying around."
4433,1279,6,36,117,159,1.3018867924528301,0.04256215522796323,621,Would you like me to pick out a gauntlet to match?
7261,1279,7,34,118,159,1.3018867924528301,0.04348733785309519,621,All our models come with diapers.
5406,1279,11,26,122,159,1.3018867924528301,0.04700632443777409,621,No.  It absolutely does not make your butt look big.
5604,1279,10,28,121,159,1.3018867924528301,0.04615173930903655,621,It also comes in brush metal for day wear.
5953,1279,10,28,121,159,1.3018867924528301,0.04615173930903655,621,No problem. I can take it in at the nose.
6070,1279,7,34,118,159,1.3018867924528301,0.04348733785309519,621,"Sir, you’re really gonna knock ‘em dead in this suit."
3414,1279,7,34,118,159,1.3018867924528301,0.04348733785309519,621,It’s on sale because it’s an older model
4906,1279,7,34,118,159,1.3018867924528301,0.04348733785309519,621,This suit will protect you from the slings and arrows of outrageous fortune.
7443,1279,9,30,120,159,1.3018867924528301,0.04528102853678637,621,Perhaps the gentleman would like to see the matching tie?
3121,1279,9,30,120,159,1.3018867924528301,0.04528102853678637,621,...like Spanx on steroids.
2994,1279,9,30,120,159,1.3018867924528301,0.04528102853678637,621,A Knight on the town?
3081,1279,10,28,121,159,1.3018867924528301,0.04615173930903655,621,Guaranteed to maintain its shape under all weather conditions.
897,1279,11,26,122,159,1.3018867924528301,0.04700632443777409,621,Ow!  I told you I hang on the left!
1053,1279,12,24,123,159,1.3018867924528301,0.04784564800532318,621,"No, I don't think it makes your ass look too big"
1519,1279,8,32,119,159,1.3018867924528301,0.04439324328599178,621,"Now remember, dry-clean only."
1949,1279,7,34,118,159,1.3018867924528301,0.04348733785309519,621,"If it's not a trade war, why the new border agent uniforms?"
1970,1279,8,32,119,159,1.3018867924528301,0.04439324328599178,621,"""If I may say so, sir, a classic choice if one must gird their loins."""
1909,1279,7,34,118,159,1.3018867924528301,0.04348733785309519,621,"...and this piece is from our avant en garde collection, Sir."
2121,1279,9,30,120,159,1.3018867924528301,0.04528102853678637,621,Not only is it wrinkle-free but it'll send a hell of a message to those varlets in accounting.
2653,1279,9,30,120,159,1.3018867924528301,0.04528102853678637,621,Guaranteed 100% wrinkle free.
2757,1279,11,26,122,159,1.3018867924528301,0.04700632443777409,621,"Which way do you lance, Sir?"
2807,1279,8,32,119,159,1.3018867924528301,0.04439324328599178,621,"It’s down the hall and to the right, but you’ll need to wait until our welder gets back from his lunch hour."
2858,1279,7,34,118,159,1.3018867924528301,0.04348733785309519,621,It's perfect for today's Darker Ages.
2048,1279,8,32,119,159,1.3018867924528301,0.04439324328599178,621,"It fits you to a “T,” Ms. Sanders."
4883,1307,8,28,110,146,1.3013698630136987,0.04698753391366206,621,Alterations might take a while.
5482,1308,8,31,117,156,1.3012820512820513,0.04494263579716196,621,It also comes in brass and aluminum.
7396,1308,6,35,115,156,1.3012820512820513,0.04306291374859299,621,It's perfect for meeting in-laws.
7056,1308,9,29,118,156,1.3012820512820513,0.04585360943628251,621,And it comes with the white horse.
6438,1308,5,37,114,156,1.3012820512820513,0.04209158531797022,621,It also comes in Tarnished Bronze and Battlefield Red.
4839,1308,9,29,118,156,1.3012820512820513,0.04585360943628251,621,Buy 2 and I'll throw in a sword and a shield.
877,1308,5,37,114,156,1.3012820512820513,0.04209158531797022,621,No one will ever know you're not her husband.
3054,1308,9,29,118,156,1.3012820512820513,0.04585360943628251,621,"...And, it is really the best we have for suffering the slings and arrows of outrageous fortune!"
2319,1308,10,27,119,156,1.3012820512820513,0.04674683394919841,621,It’s perfect for the middle-aged man.
2082,1308,9,29,118,156,1.3012820512820513,0.04585360943628251,621,It’s wrinkle-free.
4209,1308,7,33,116,156,1.3012820512820513,0.04401281093565317,621,"It feels a bit stiff until the first washing. After that, you won't even know you have it on."
5501,1318,8,30,115,153,1.3006535947712419,0.04551143393936879,621,"If the waist is too snug, we can hammer it out."
6335,1319,8,33,122,163,1.3006134969325154,0.04363177370362716,621,It's quite versatile... it goes from slay to knight.
6661,1319,13,23,127,163,1.3006134969325154,0.04777482063513356,621,"Girl, you're going to slay."
6611,1319,6,37,120,163,1.3006134969325154,0.04185989670850455,621,It's the last one in your size
7366,1319,8,33,122,163,1.3006134969325154,0.04363177370362716,621,Plated pants are coming back in style.
6554,1319,5,39,119,163,1.3006134969325154,0.0409452144994716,621,You’re going to like the way you look. I guarantee it.
4488,1319,11,27,125,163,1.3006134969325154,0.04616224390821272,621,See? You look stupid.
2824,1319,10,29,124,163,1.3006134969325154,0.04533445048307514,621,It’s knight time attire.
3942,1319,11,27,125,163,1.3006134969325154,0.04616224390821272,621,I think your damsel would be quite distressed if you wear that to the wedding.
3886,1319,7,35,121,163,1.3006134969325154,0.04275501507993653,621,This season's line is stainless.
2559,1319,10,29,124,163,1.3006134969325154,0.04533445048307514,621,"No, Hillary.



































































No, Hillary. I don't think it would have made a difference."
722,1319,7,35,121,163,1.3006134969325154,0.04275501507993653,621,Dry clean only.
4241,1319,10,29,124,163,1.3006134969325154,0.04533445048307514,621,This suit will wear like iron.
7324,1331,8,32,120,160,1.3,0.044155243568473224,621,"Unfortunately, it doesn't breathe as well as linen."
6931,1331,11,26,123,160,1.3,0.04674970150915372,621,"And as a plus, never needs dry cleaning, just a touch of Armor All."
4620,1331,9,30,121,160,1.3,0.04503667268784911,621,"And which side do you usually joust, sir?"
4504,1331,6,36,118,160,1.3,0.04233736919305072,621,CAN YOU HEAR ME NOW?
4154,1331,8,32,120,160,1.3,0.044155243568473224,621,This suit is best for a knight out on the town.
4022,1331,7,34,119,160,1.3,0.04325585720327292,621,Is sir expecting the axe?
3468,1331,9,30,121,160,1.3,0.04503667268784911,621,"Well, Mr. Pruitt, it makes a bold statement, Trump will love it, and you asked for a suit that you can bill to the EPA as a security expense."
3384,1331,9,30,121,160,1.3,0.04503667268784911,621,The suit is free but the alterations are a king’s ransom.
1829,1331,10,28,122,160,1.3,0.045901179058862006,621,"Sorry Sir, I can't protect your feelings."
1967,1331,9,30,121,160,1.3,0.04503667268784911,621,This kind of self-confidence will make a lasting impression.
1500,1331,9,30,121,160,1.3,0.04503667268784911,621,It will help you suffer the slings and arrows of your outrageous fortune.
1249,1331,7,31,112,150,1.3,0.04511977596847296,621,Our welder could always let it out a bit...
1117,1331,9,30,121,160,1.3,0.04503667268784911,621,Of course for this suit tailoring is very expensive.
423,1331,9,30,121,160,1.3,0.04503667268784911,621,It is a classic look
362,1331,8,29,113,150,1.3,0.04610075533066856,621,Alterations on this one are a little extra.
146,1331,9,27,114,150,1.3,0.047061290894652906,621,"And as for the alterations, I have a blacksmith that is a fitter's dream."
2886,1331,9,27,114,150,1.3,0.047061290894652906,621,Our blacksmith is very good with alterations.
5313,1348,6,35,116,157,1.2993630573248407,0.04283075954452274,621,This is a great choice for a knight out on the town.
5343,1348,7,33,117,157,1.2993630573248407,0.04377365966524655,621,Oil it once a week and stay off the good furniture.
5974,1348,9,29,119,157,1.2993630573248407,0.04560100783036541,621,"'Nothing says ""Twitter War"" better, Mr. President.'"
6467,1348,9,29,119,157,1.2993630573248407,0.04560100783036541,621,It's wrinkle-proof.
7121,1348,8,31,118,157,1.2993630573248407,0.04469667322986063,621,It's our most effective male contraceptive.
5024,1348,9,29,119,157,1.2993630573248407,0.04560100783036541,621,"Oh, Armani? I thought you said a Suit of Armor!"
6435,1348,4,39,114,157,1.2993630573248407,0.04087976673740338,621,"crisp, classic lines...."
3997,1348,6,35,116,157,1.2993630573248407,0.04283075954452274,621,"Which side do you hang, sir?"
553,1348,8,31,118,157,1.2993630573248407,0.04469667322986063,621,"No problem, congressman. We can weld the flag pin onto the breastplate."
2872,1348,8,31,118,157,1.2993630573248407,0.04469667322986063,621,We have a 2 for 1 deal if you’re also shopping for a squire.
2079,1348,9,29,119,157,1.2993630573248407,0.04560100783036541,621,An effortless transition from day to knight!
1931,1348,10,27,120,157,1.2993630573248407,0.04648775357524984,621,Folds down to nothing for easy traveling.
1478,1348,8,31,118,157,1.2993630573248407,0.04469667322986063,621,"‘Iconic business attire. Sir, certainly you joust?"
739,1348,8,31,118,157,1.2993630573248407,0.04469667322986063,621,This is our last Medieval in stock. We may have a Largieval in the back.
3934,1348,9,29,119,157,1.2993630573248407,0.04560100783036541,621,"Steely yet at the same time, sartorial, sir."
533,1348,7,33,117,157,1.2993630573248407,0.04377365966524655,621,Of course you can return it after the election.
461,1348,9,29,119,157,1.2993630573248407,0.04560100783036541,621,You said you wanted something for a knight out on the town.
3192,1365,7,35,122,164,1.298780487804878,0.04253303022289477,621,"Upping your game, sir?"
1365,1365,6,37,121,164,1.298780487804878,0.041644230823181784,621,Too bad about that itch!
2243,1365,11,27,126,164,1.298780487804878,0.04591650527087863,621,"Yes, it’s the new Over Armor!"
1166,1368,7,32,115,154,1.2987012987012987,0.04430936428303814,621,"You will not find a more durable fabric, sir."
6504,1369,7,26,101,134,1.2985074626865671,0.04857970501612101,621,We have knightly rental rates.
3724,1370,8,32,121,161,1.2981366459627328,0.043919675850096124,621,"They are very popular now,  Sir. The steel tariff wars will make them very dear, indeed."
5837,1371,7,31,113,151,1.2980132450331126,0.044863985749969956,621,That is an excellent choice for your new job as White House Press Secretary.
7133,1371,12,21,118,151,1.2980132450331126,0.049540673402026614,621,Does it suit you?
6199,1371,7,31,113,151,1.2980132450331126,0.044863985749969956,621,A perfect fit for your new job as White House press secretary.
5804,1371,6,33,112,151,1.2980132450331126,0.04386886135544158,621,Sorry sir but due to the steel tariffs this suit only comes with one pair of pants
4982,1371,8,29,114,151,1.2980132450331126,0.04583751125578329,621,"Trust me, it fits like a gauntlet."
2619,1371,4,37,110,151,1.2980132450331126,0.04180761360233148,621,And if you need alterations we have an in-house blacksmith..
2148,1371,9,27,115,151,1.2980132450331126,0.046790786046770054,621,"Like a true Rennaissance man, if I do say so, sir."
915,1371,7,31,113,151,1.2980132450331126,0.044863985749969956,621,Would you like to see something in a matte finish?
5191,1371,8,29,114,151,1.2980132450331126,0.04583751125578329,621,"Did I mention, 'wrinkle free'."
7029,1380,8,26,107,141,1.297872340425532,0.04800443331758258,621,"Does something for one's posture, don't you think?"
2971,1381,6,35,117,158,1.2974683544303798,0.04260097032711705,621,"Today only, it's ""Forge one, get one free""."
6746,1381,7,33,118,158,1.2974683544303798,0.043536976558959106,621,"Feel okay in the inseam, sir?"
6695,1381,10,27,121,158,1.2974683544303798,0.04623143187427464,621,"I can show you something less trendy, but I think you're going to feel silly."
5811,1381,7,33,118,158,1.2974683544303798,0.043536976558959106,621,"Most customers vary, but if you ask me, I will usually tape my nipples to prevent chafing."
5785,1381,9,29,120,158,1.2974683544303798,0.045351070969297406,621,Metallic is in this year.
5449,1381,10,27,121,158,1.2974683544303798,0.04623143187427464,621,On the contrary.  Everyone is wearing rust this season.
5090,1381,11,25,122,158,1.2974683544303798,0.04709533892254248,621,"That should give you enough protection and is only $34,000, Mr Pruitt."
5037,1381,4,39,115,158,1.2974683544303798,0.04066437461273703,621,"You'll never be errant in one of our suits, sir"
4655,1381,8,31,119,158,1.2974683544303798,0.04445327865274734,621,Our store welder is here daily to make any alterations you may require.
3212,1381,10,27,121,158,1.2974683544303798,0.04623143187427464,621,All the newest Cabinet Members are wearing it.
2806,1381,9,29,120,158,1.2974683544303798,0.045351070969297406,621,"It comes with a free can of oil, in case it rains."
3431,1381,7,33,118,158,1.2974683544303798,0.043536976558959106,621,"Yes Ma'am, it's the latest in #MeToo date wear."
2535,1381,10,27,121,158,1.2974683544303798,0.04623143187427464,621,The welder can take in the shoulders - no problem.
1849,1381,7,33,118,158,1.2974683544303798,0.043536976558959106,621,Manly... yet chivalrous!
1571,1381,9,29,120,158,1.2974683544303798,0.045351070969297406,621,And it it works equally well when storming the castle or for traveling to the crusades.
1533,1381,5,37,116,158,1.2974683544303798,0.04164393134333573,621,It'll loosen up after a wedding or two.
1449,1381,8,31,119,158,1.2974683544303798,0.04445327865274734,621,Perfect fit right off the rack!  Just curious. What was your sleeve length before the rack?
1445,1381,7,33,118,158,1.2974683544303798,0.043536976558959106,621,Dark Ages Mr. Pruitt
1140,1381,9,29,120,158,1.2974683544303798,0.045351070969297406,621,I disagree.  I think your butt looks great in armor.
1076,1381,8,31,119,158,1.2974683544303798,0.04445327865274734,621,And would Sir like something for the weekend?
831,1381,6,35,117,158,1.2974683544303798,0.04260097032711705,621,This would be for formal occasions only Sir.
31,1381,11,25,122,158,1.2974683544303798,0.04709533892254248,621,I think the Excalibur accessary would really take it up a notch.
2614,1381,9,29,120,158,1.2974683544303798,0.045351070969297406,621,"And of course, as with all of our suits, it comes with a can opener."
5626,1404,8,30,117,155,1.2967741935483872,0.04500541656027989,621,"You requested to wear something for a ""knight to remember"", I believe?"
5264,1404,6,34,115,155,1.2967741935483872,0.043103516778118786,621,"Of course it's not fit for a king, but it suits you just fine, sir."
5036,1404,8,30,117,155,1.2967741935483872,0.04500541656027989,621,It was a simple misunderstanding.  They thought you wanted a suit for the knight life.
4981,1404,7,32,116,155,1.2967741935483872,0.0440647289700384,621,Steel is the new black.
4942,1404,8,30,117,155,1.2967741935483872,0.04500541656027989,621,it requires no ironing
4053,1404,8,30,117,155,1.2967741935483872,0.04500541656027989,621,It's the latest style from Over Armour.
4537,1404,9,28,118,155,1.2967741935483872,0.045926840739655604,621,"It's wrinkle-free, non-iron, and 100% dragonbreath-resistant."
4206,1404,7,32,116,155,1.2967741935483872,0.0440647289700384,621,Under Armour is so last year
4152,1404,7,32,116,155,1.2967741935483872,0.0440647289700384,621,All the knights in France are wearing this.
5995,1404,9,28,118,155,1.2967741935483872,0.045926840739655604,621,"Well if this doesn't correct your posture, 
I don't know what else to do"
3926,1404,10,26,119,155,1.2967741935483872,0.04683013859564227,621,Would you like to be added to our chain-mailing list?
3896,1404,8,30,117,155,1.2967741935483872,0.04500541656027989,621,"Just remember, wear it a few times before the big day to break it in."
4617,1404,5,36,114,155,1.2967741935483872,0.04212037485683376,621,Everything that’s Olde is new again.
6092,1404,12,22,121,155,1.2967741935483872,0.048586379181925175,621,JUST  RIVETING SIR
6556,1404,8,30,117,155,1.2967741935483872,0.04500541656027989,621,Would you like to see something in stainless?
6166,1404,9,28,118,155,1.2967741935483872,0.045926840739655604,621,Certainly she'll be looking forward to her wedding knight.
6212,1404,8,30,117,155,1.2967741935483872,0.04500541656027989,621,Buy it now before the tariffs kick in.
6247,1404,8,30,117,155,1.2967741935483872,0.04500541656027989,621,"You want me to scratch, where?"
6562,1404,5,36,114,155,1.2967741935483872,0.04212037485683376,621,"With your new fierce look, no one will know that you're just a lyric poet underneath."
6739,1404,6,34,115,155,1.2967741935483872,0.043103516778118786,621,It's from our  Divorce Court Attire collection.
6783,1404,6,34,115,155,1.2967741935483872,0.043103516778118786,621,The darts at the waist make this our most slimming model
6972,1404,8,30,117,155,1.2967741935483872,0.04500541656027989,621,"Sir, this suit makes you shine."
7067,1404,9,28,118,155,1.2967741935483872,0.045926840739655604,621,Trudeau bought two.
7093,1404,6,34,115,155,1.2967741935483872,0.043103516778118786,621,It's the new 'black'.
7110,1404,7,32,116,155,1.2967741935483872,0.0440647289700384,621,My wife said I should be more chivalrous.
7379,1404,8,30,117,155,1.2967741935483872,0.04500541656027989,621,"Of course, sir, we do have more modern styles available."
7454,1404,9,28,118,155,1.2967741935483872,0.045926840739655604,621,It works best with no socks and a skinny tie.
3721,1404,7,32,116,155,1.2967741935483872,0.0440647289700384,621,"After the steel tariffs, it’s going to be the most decadent look for this fall."
6120,1404,8,30,117,155,1.2967741935483872,0.04500541656027989,621,You'll save a fortune on dry cleaning.
3601,1404,7,32,116,155,1.2967741935483872,0.0440647289700384,621,"It was a mail order, sir"
672,1404,11,24,120,155,1.2967741935483872,0.047716339564644286,621,"We're all scared. Things are happening around us, evil things. We thought we'd never have to face evil, and now we're being forced to deal with it. That's  scary John, but we can't retreat into shells. We can't hide. We have to fight, together."
3367,1404,8,30,117,155,1.2967741935483872,0.04500541656027989,621,"Now, this one comes with an extra pair of gauntlets."
6,1404,7,32,116,155,1.2967741935483872,0.0440647289700384,621,"It's a fine classic look, but if you're going to teach school, you'll need Kevlar."
120,1404,14,18,123,155,1.2967741935483872,0.05028131465199135,621,"Now, you are ready for the slings and arrows of leadership."
422,1404,7,32,116,155,1.2967741935483872,0.0440647289700384,621,"Yes, an excellent choice for both security and privacy Mr. Pruitt."
534,1404,10,26,119,155,1.2967741935483872,0.04683013859564227,621,And you can dress either left or right.
610,1404,12,22,121,155,1.2967741935483872,0.048586379181925175,621,They say to dress for the job you want.
625,1404,5,36,114,155,1.2967741935483872,0.04212037485683376,621,"You can’t justify your wealth, but you can prepare yourself for the revolution."
663,1404,8,30,117,155,1.2967741935483872,0.04500541656027989,621,Coordinating chain mail undergarments are available in our lingerie department.
667,1404,8,30,117,155,1.2967741935483872,0.04500541656027989,621,"That suit really brings out your eyes, sir."
774,1404,6,34,115,155,1.2967741935483872,0.043103516778118786,621,....and it's SPF 1000
1050,1404,6,34,115,155,1.2967741935483872,0.043103516778118786,621,"And you know, it’s better to look good than to feel good."
1204,1404,8,30,117,155,1.2967741935483872,0.04500541656027989,621,The price is stiff but think of how much you'll save in dry cleaning bills.
3371,1404,9,28,118,155,1.2967741935483872,0.045926840739655604,621,"I call it, the Knightgown."""
1472,1404,7,32,116,155,1.2967741935483872,0.0440647289700384,621,Get it now during our pre-tariff  sale
1311,1404,7,32,116,155,1.2967741935483872,0.0440647289700384,621,"If there are any problems, sir, I'm sure we can iron them out."
1991,1404,5,36,114,155,1.2967741935483872,0.04212037485683376,621,Are you looking forward to becoming their son-in-law?
3353,1404,9,28,118,155,1.2967741935483872,0.045926840739655604,621,As a bonus it improves your celluar recption.
3144,1404,9,28,118,155,1.2967741935483872,0.045926840739655604,621,"Sorry, old bean. For some reason, I assumed you dressed left."
3124,1404,5,36,114,155,1.2967741935483872,0.04212037485683376,621,Ideal for Casual Pillage Fridays.
3101,1404,7,32,116,155,1.2967741935483872,0.0440647289700384,621,Shall I have the welder come up for a final fitting?
3019,1404,7,32,116,155,1.2967741935483872,0.0440647289700384,621,It might feel a little stiff at first.
1747,1404,5,36,114,155,1.2967741935483872,0.04212037485683376,621,"This is the closest thing we have to an  ""Under Armour"" suit sir."
2888,1404,9,28,118,155,1.2967741935483872,0.045926840739655604,621,"Son, clearly you’ve misunderstood.  I said, ‘wear protection and have a good night’!’"
2469,1404,4,38,113,155,1.2967741935483872,0.04111373003655615,621,Of course the tariff on aluminum will drive up the price
2188,1404,9,28,118,155,1.2967741935483872,0.045926840739655604,621,Pull down the visor and you've got that perfect day-to-knight look.
2112,1404,7,32,116,155,1.2967741935483872,0.0440647289700384,621,You're free to go commando on the battlefield.
2037,1404,7,32,116,155,1.2967741935483872,0.0440647289700384,621,It won't feel quite as stiff after a few washes.
2019,1404,8,30,117,155,1.2967741935483872,0.04500541656027989,621,"Well, depends what you mean by 'iron free'."
2558,1404,4,38,113,155,1.2967741935483872,0.04111373003655615,621,It's really perfection for a knight on the town.
322,1464,8,32,122,162,1.2962962962962963,0.04368650552737693,621,"If you need any alterations, I can call our welder."
6846,1465,5,35,112,152,1.2960526315789473,0.04261291541603195,621,The suit does make you look more middle aged
7221,1465,9,27,116,152,1.2960526315789473,0.04652326367761186,621,You're going to look fabulous splattered in the blood of your enemies.
6633,1465,4,37,111,152,1.2960526315789473,0.041577905003898616,621,"If you're looking for something lighter, I have the same suit in chain mail."
6759,1465,7,31,114,152,1.2960526315789473,0.04461095506414591,621,Would you like to see it in a summer-weight chain mail?
1506,1465,10,25,117,152,1.2960526315789473,0.04745052622423986,621,That should keep you protected from the old battle-ax
416,1465,11,23,118,152,1.2960526315789473,0.04836001255891019,621,I can also show you something in chain mail.
5962,1465,5,35,112,152,1.2960526315789473,0.04261291541603195,621,"Sir, I don't think the dragon will care."
6046,1472,9,29,121,159,1.2955974842767295,0.0451037593324863,621,"Mr. Vice President, the President is ready for you."""
3630,1472,10,27,122,159,1.2955974842767295,0.0459778272847125,621,We expect prices to increase in July by at least 25% with those new tariffs.
5246,1472,9,29,121,159,1.2955974842767295,0.0451037593324863,621,"Better, but still think that the dragon will get all of the attention."
5603,1472,8,31,120,159,1.2955974842767295,0.04421241465949171,621,"And, of course, it comes in double breasted as well."
5991,1472,10,27,122,159,1.2955974842767295,0.0459778272847125,621,"It's stain resistant, won't shrink, and never needs ironing."
5993,1472,10,27,122,159,1.2955974842767295,0.0459778272847125,621,I don’t think the pocket hankie will work
6516,1472,11,25,123,159,1.2955974842767295,0.046835585805270565,621,"Yes, this tactical armored suit - truly a bargain at $299,000 - will protect you from the angry hordes, but we can't guarantee it will protect you from climate change."
6454,1479,8,28,113,149,1.2953020134228188,0.04616958199434513,621,Let's go over to lances and accessorize.
6494,1479,8,28,113,149,1.2953020134228188,0.04616958199434513,621,Nothing says success like a steel codpiece.
6768,1479,7,30,112,149,1.2953020134228188,0.045176715019635424,621,We have this in a pinstripe.
6698,1479,8,28,113,149,1.2953020134228188,0.04616958199434513,621,"We can let out a few bolts for a more relaxed fit"""
5003,1479,11,22,116,149,1.2953020134228188,0.049027690810746656,621,It's just perfect for someone in their late middle age.
6553,1479,10,24,115,149,1.2953020134228188,0.04809386389828714,621,"A wise choice for riding in you self-driving car, Sir."
4203,1479,5,34,110,149,1.2953020134228188,0.04312245513454612,621,"Formal duels, impromptu pillaging, even standing still, pretending to be a statue—it’s very versatile."
3399,1479,5,34,110,149,1.2953020134228188,0.04312245513454612,621,It's the hottest thing going this summer.
3090,1479,5,34,110,149,1.2953020134228188,0.04312245513454612,621,"Fits perfectly sir, and comes with a free can of WD40."
1745,1479,7,30,112,149,1.2953020134228188,0.045176715019635424,621,"I think you are ready to head back out there, Ms. White House Press Secretary."
1730,1479,8,28,113,149,1.2953020134228188,0.04616958199434513,621,"No laundering or dry cleaning required, and you get a free can of rust treatment in case of rain."
1128,1479,7,30,112,149,1.2953020134228188,0.045176715019635424,621,It comes with a free can of oil.
847,1479,8,28,113,149,1.2953020134228188,0.04616958199434513,621,We also carry a more casual chain mail option for light skirmishes.
118,1479,9,26,114,149,1.2953020134228188,0.047141542434457555,621,"A very good look, Secretary Pruitt."
3845,1479,10,24,115,149,1.2953020134228188,0.04809386389828714,621,"Yes Mr Sessions, it has been rustproofed against children's tears."
2472,1494,10,26,120,156,1.294871794871795,0.046567851825606826,621,Makes you look 600 years younger.
7316,1494,8,30,118,156,1.294871794871795,0.04475643922134656,621,"Mr. Congressman, they're waiting."
6806,1494,4,38,114,156,1.294871794871795,0.04089360473251189,621,Let’s stay with the 42 long and let out the shoulders a bit.
5928,1494,6,34,116,156,1.294871794871795,0.04286855350832943,621,You might find the summer weight more comfortable.
4844,1494,12,22,122,156,1.294871794871795,0.04831139405491481,621,"I said Armani, not armor-on-me!"
3000,1494,8,30,118,156,1.294871794871795,0.04475643922134656,621,Chainmail is so passé.  This is the latest in armor.
2677,1494,12,22,122,156,1.294871794871795,0.04831139405491481,621,"Yes, you can go commando with this beauty."
2307,1494,8,30,118,156,1.294871794871795,0.04475643922134656,621,"And yes, it is permanent press."
1772,1494,9,28,119,156,1.294871794871795,0.04567112695908522,621,"Nice can, Prince Albert"
2129,1494,9,28,119,156,1.294871794871795,0.04567112695908522,621,Slim the rerebraces and lengthen the greaves please...and does the fauld make my butt look big?
1611,1494,5,36,115,156,1.294871794871795,0.0418927188656658,621,"No, you can also wear it during the day."
1124,1494,7,32,117,156,1.294871794871795,0.04382266383773693,621,It's perfect for you -- specifically designed for CEO's who have to fall on their sword.
635,1494,9,28,119,156,1.294871794871795,0.04567112695908522,621,"The last owner died during an MRI, but we won't talk about that."
448,1494,7,32,117,156,1.294871794871795,0.04382266383773693,621,I must remind you that this should be dry cleaned only.
211,1494,9,28,119,156,1.294871794871795,0.04567112695908522,621,Now imagine yourself leading the charge on mergers and acquisitions.
2163,1494,7,32,117,156,1.294871794871795,0.04382266383773693,621,Grab it now before the tariffs take effect.
3788,1510,3,39,111,153,1.2941176470588236,0.040297262462682004,621,This suit is from our vintage collection.
3938,1510,8,29,116,153,1.2941176470588236,0.04531959754911555,621,It’s from our prêt á portcullis collection.
5882,1510,10,25,118,153,1.2941176470588236,0.04717906893978311,621,I told them not to iron it.
4017,1510,8,29,116,153,1.2941176470588236,0.04531959754911555,621,This one comes tariff free.
4814,1510,9,27,117,153,1.2941176470588236,0.046258677391591126,621,"Sure, we can do that in brushed nickel."
5203,1510,8,29,116,153,1.2941176470588236,0.04531959754911555,621,It compliments your steely gaze.
5609,1510,11,23,119,153,1.2941176470588236,0.04808184540999141,621,"Personally, Melania, I think it's too much, don't U?"
5918,1510,7,31,115,153,1.2941176470588236,0.044360642578847934,621,Suits are for daytime.  This is knight attire.
2089,1510,7,31,115,153,1.2941176470588236,0.044360642578847934,621,Armani is out. Armor is in.
6154,1510,8,29,116,153,1.2941176470588236,0.04531959754911555,621,An excellent choice if you're looking to stay off the rack.
6430,1510,10,25,118,153,1.2941176470588236,0.04717906893978311,621,"Sir, there is no inseam."
6589,1510,5,35,113,153,1.2941176470588236,0.04237768264071654,621,They're always a little stiff at first
6604,1510,9,27,117,153,1.2941176470588236,0.046258677391591126,621,And it's a chick magnet.
6686,1510,6,33,114,153,1.2941176470588236,0.04338049444165882,621,I asked for a NIGHT SUIT
6766,1510,7,31,115,153,1.2941176470588236,0.044360642578847934,621,I've sold a lot of these since the current  White House administration has been in power.
7072,1510,8,29,116,153,1.2941176470588236,0.04531959754911555,621,"...plus, no more worries about the slings and arrows of outragerous fortune"
7364,1510,6,33,114,153,1.2941176470588236,0.04338049444165882,621,"And something for daywear, sir?"
3570,1510,6,33,114,153,1.2941176470588236,0.04338049444165882,621,It's also available in seersucker.
6108,1510,7,31,115,153,1.2941176470588236,0.044360642578847934,621,"Yes sir, we pride ourselves on our suits’ durability."
3550,1510,9,27,117,153,1.2941176470588236,0.046258677391591126,621,Single breasted. You made the right choice.
1874,1510,7,31,115,153,1.2941176470588236,0.044360642578847934,621,This outfit comes with lifetime altercations.”
2900,1510,8,29,116,153,1.2941176470588236,0.04531959754911555,621,Of course rust coating will be applied at no additional charge.
39,1510,7,31,115,153,1.2941176470588236,0.044360642578847934,621,"But this IS what trade warriors wear Mr President!"""
41,1510,5,35,113,153,1.2941176470588236,0.04237768264071654,621,"Would you care to browse our selection of lances, sir?"
137,1510,9,27,117,153,1.2941176470588236,0.046258677391591126,621,"And, of course, it's gluten-free."
171,1510,7,31,115,153,1.2941176470588236,0.044360642578847934,621,"And, it's pretty much gender neutral!"
259,1510,6,33,114,153,1.2941176470588236,0.04338049444165882,621,I can throw in rust protection and a year of free maintenance.
418,1510,8,29,116,153,1.2941176470588236,0.04531959754911555,621,"It's part of our Business Feudal line."""
472,1510,9,27,117,153,1.2941176470588236,0.046258677391591126,621,It's from our wrinkle-free collection.
480,1510,8,29,116,153,1.2941176470588236,0.04531959754911555,621,It’s self-ironing.
693,1510,7,31,115,153,1.2941176470588236,0.044360642578847934,621,It really masks my muffin top!  I’ll take it.
1438,1510,6,33,114,153,1.2941176470588236,0.04338049444165882,621,It fits.
1776,1510,8,29,116,153,1.2941176470588236,0.04531959754911555,621,"And the great thing is, it's all pre-tariff."""
1932,1510,9,27,117,153,1.2941176470588236,0.046258677391591126,621,The structured look is coming back in style.
1988,1510,9,27,117,153,1.2941176470588236,0.046258677391591126,621,It works for both formal and casual crusades sir.
2077,1510,10,25,118,153,1.2941176470588236,0.04717906893978311,621,"And if you stand still, it allows you to be invisible."
2164,1510,7,31,115,153,1.2941176470588236,0.044360642578847934,621,Are you ready to be the first Space Force cadet?
2511,1510,9,27,117,153,1.2941176470588236,0.046258677391591126,621,This will be perfect in your new job as the White House press secretary.
3097,1510,10,25,118,153,1.2941176470588236,0.04717906893978311,621,"It's missing something...perhaps an ascot, sir?"
7251,1549,8,28,114,150,1.2933333333333332,0.04590298754409703,621,"Trust me Mr. President, no one else sees you naked. Only you do. Now do what I say."
3068,1549,9,26,115,150,1.2933333333333332,0.046867576469095375,621,"With this new suit, I don't even think Mueller can touch you."
7134,1549,9,26,115,150,1.2933333333333332,0.046867576469095375,621,""" Congratulations on becoming the Presidents new press secretary."""
265,1549,8,28,114,150,1.2933333333333332,0.04590298754409703,621,And your suit comes with our exclusive lifetime warranty against dragon fire.
2192,1549,5,34,111,150,1.2933333333333332,0.04287922445234523,621,It’s an excellent choice for concealed carry  when you pass through airport security
72,1554,8,30,119,157,1.2929936305732483,0.044510096163984346,621,The 1400s are so back in style.
6067,1555,10,21,109,140,1.292857142857143,0.05017587625756677,621,"You'll be the sharpest thing at the round table, sir."
239,1556,7,29,111,147,1.2925170068027212,0.04549491186152165,621,The tricky part is getting the inseam just right.
1912,1556,9,25,113,147,1.2925170068027212,0.04749908341766955,621,I’m sorry sir. Our bathrooms or for customers only
3944,1556,5,33,109,147,1.2925170068027212,0.043398284356141514,621,You can order it in any color you like.....as long as it's gunmetal gray.
5356,1556,9,25,113,147,1.2925170068027212,0.04749908341766955,621,We include a screwdriver so you can make it business casual in no time.
7116,1560,9,27,118,154,1.2922077922077921,0.04599698166169869,621,Chivalry never goes out of style.
5662,1560,11,23,120,154,1.2922077922077921,0.047806769370392244,621,Did you say oil can?
5422,1560,9,27,118,154,1.2922077922077921,0.04599698166169869,621,Just make sure the honeymoon suite comes with a screwdriver.
4993,1560,9,27,118,154,1.2922077922077921,0.04599698166169869,621,"According to the Wizard of Oz, you won't need a heart."
2652,1560,5,35,114,154,1.2922077922077921,0.042144899699633746,621,Feudalism's back
726,1560,8,29,117,154,1.2922077922077921,0.04506484088691572,621,"You asked for European Fit, right?"
324,1560,8,29,117,154,1.2922077922077921,0.04506484088691572,621,It's perfect for a knight out on the town.
1699,1560,6,33,115,154,1.2922077922077921,0.0431401785869716,621,You’ll be slaying more than just dragons in this outfit.”
127,1568,7,28,109,144,1.2916666666666667,0.0460935082154906,621,"Wow, this suit takes like 4 hundred years off you sir."
184,1568,11,20,113,144,1.2916666666666667,0.05013094740887996,621,It's lighter because it's made of e-mail.
4117,1570,7,30,114,151,1.2913907284768211,0.044661497483675136,621,It's the latest in Giorgio Armori.
3677,1570,7,30,114,151,1.2913907284768211,0.044661497483675136,621,"Well, you did ask for a day-to-knight look."
3687,1570,8,28,115,151,1.2913907284768211,0.04563934243867754,621,"Trust me, these are becoming quite popular. People call you ""Sir"" and it never has to be ironed."
4066,1570,7,30,114,151,1.2913907284768211,0.044661497483675136,621,All the candidates will be wearing them this Fall.
4279,1570,7,30,114,151,1.2913907284768211,0.044661497483675136,621,"By iron-free, I meant you don't have to iron it."
3613,1570,3,38,110,151,1.2913907284768211,0.04051479327951844,621,It's supposed to be big through the shoulders.
4947,1570,6,32,113,151,1.2913907284768211,0.043661758287244556,621,"Buy now, during the pre-tariff sale, and the custom welding is free!"
5453,1570,6,32,113,151,1.2913907284768211,0.043661758287244556,621,We all have to dress differently when we hit middle age.
5799,1570,8,28,115,151,1.2913907284768211,0.04563934243867754,621,"On the contrary, I do not think it makes your butt look fat."
6505,1570,9,26,116,151,1.2913907284768211,0.04659667154406444,621,"And it comes with a 90-day, 3-joust warranty."
6600,1570,6,32,113,151,1.2913907284768211,0.043661758287244556,621,"You'll like the way you look.
But you'll need to lift the visor."
3598,1570,5,34,112,151,1.2913907284768211,0.04263858482622537,621,"Not only is it dashing on you, but it will protect you from piercing commentary and lancing criticism"
1192,1570,7,30,114,151,1.2913907284768211,0.044661497483675136,621,And to get it on and off we're running a special this week on squires.
3041,1570,7,30,114,151,1.2913907284768211,0.044661497483675136,621,Chrome is the new black.
3225,1570,9,26,116,151,1.2913907284768211,0.04659667154406444,621,"I'll throw in three mail shirts, two pairs of gauntlets and a codpiece."
218,1570,7,30,114,151,1.2913907284768211,0.044661497483675136,621,"These have been selling rather well ever since the president had the brilliant idea of subsidizing the bulletproof clothing industry instead of controlling guns."""
396,1570,8,28,115,151,1.2913907284768211,0.04563934243867754,621,Dancing may be a problem
1187,1570,10,24,117,151,1.2913907284768211,0.04753472435742082,621,"However, it will not protect you from Trump tweets."
86,1570,7,30,114,151,1.2913907284768211,0.044661497483675136,621,"Yes, but no one will be looking at your ass."
2556,1570,9,26,116,151,1.2913907284768211,0.04659667154406444,621,"Normally at this time of the year I would recommend something with a lighter hand, but for a White House interview, I think you're better off with the more constructed approach."""
2687,1570,7,30,114,151,1.2913907284768211,0.044661497483675136,621,"They’re saying steel is the new bronze, sire."
2920,1570,10,24,117,151,1.2913907284768211,0.04753472435742082,621,"An excellent choice for your grand jury testimony, Mr. President."
2925,1570,6,32,113,151,1.2913907284768211,0.043661758287244556,621,Would you like to see it in a chainmail?
2128,1570,8,28,115,151,1.2913907284768211,0.04563934243867754,621,"If you're headed to Sanders' press briefing, you'll want the shield, too."
4569,1594,9,25,114,148,1.2905405405405406,0.04721843555457532,621,"And just to be clear, it's not actually by TOM Ford; it used to a '65 Fairlane."
6123,1594,9,25,114,148,1.2905405405405406,0.04721843555457532,621,Did I mention that Under Armour is having a sale this weekend in the menswear department?
5904,1594,8,27,113,148,1.2905405405405406,0.046234748759610964,621,You clearly said you wanted something to wear to a knight club.
5672,1594,8,27,113,148,1.2905405405405406,0.046234748759610964,621,"Filing for divorce, eh?"
5655,1594,7,29,112,148,1.2905405405405406,0.04522967310855908,621,"No,really,the armor does NOT make your butt look big."
5326,1594,7,29,112,148,1.2905405405405406,0.04522967310855908,621,And this version qualifies for TSA Pre-Check.
5079,1594,7,29,112,148,1.2905405405405406,0.04522967310855908,621,Tweets just bounce right off.
4599,1594,8,27,113,148,1.2905405405405406,0.046234748759610964,621,It's what everyone in the White House is wearing these days.
3819,1594,8,27,113,148,1.2905405405405406,0.046234748759610964,621,You're right. It looks much less bulky than the Kevlar.
5989,1594,4,35,109,148,1.2905405405405406,0.042070623235642805,621,"No sticks, no stones and 100 percent recyclable."
2467,1594,9,25,114,148,1.2905405405405406,0.04721843555457532,621,"No, it doesn't make your ass look big."
2305,1594,7,29,112,148,1.2905405405405406,0.04522967310855908,621,It makes you look tin.
1761,1594,8,27,113,148,1.2905405405405406,0.046234748759610964,621,"So, where does your D&D group meet?"
1029,1594,7,29,112,148,1.2905405405405406,0.04522967310855908,621,"This week, we're throwing in the rust-proofing for free."
870,1594,7,29,112,148,1.2905405405405406,0.04522967310855908,621,You'll get them this time Hillary.
778,1594,6,31,111,148,1.2905405405405406,0.04420174958245293,621,The Kevlar waistband adds a dashing fashion statement.
586,1594,5,33,110,148,1.2905405405405406,0.04314934533446183,621,You'll slay in this.
496,1594,7,29,112,148,1.2905405405405406,0.04522967310855908,621,… we’re very proud of the new school uniform - it’s the ultimate personal safe space.
2501,1594,11,21,116,148,1.2905405405405406,0.049126754247925356,621,Does this make my cuirass look big?
426,1594,8,27,113,148,1.2905405405405406,0.046234748759610964,621,We also have it in black.
7,1614,7,28,110,145,1.289655172413793,0.04581869293791896,621,It'll soften with time.
5339,1614,7,28,110,145,1.289655172413793,0.04581869293791896,621,"No iron, iron"
6403,1616,8,28,116,152,1.2894736842105263,0.04537860074596002,621,Ideal for a knight on the town!
4581,1616,9,26,117,152,1.2894736842105263,0.046328779191793075,621,"Well, you said you needed a suit for knight activities."
2139,1616,11,22,119,152,1.2894736842105263,0.048172943992279234,621,The fit's much better than the three-piece.
796,1616,8,28,116,152,1.2894736842105263,0.04537860074596002,621,"Well, we think the no-iron fad has run its course."
3672,1616,10,24,118,152,1.2894736842105263,0.04725985777742666,621,"When you said ""knight"" I thought you meant evening wear"
4857,1621,7,27,108,142,1.2887323943661972,0.04642981037575552,621,"Don't worry.  Once you wear it a few times,  you'll get the chinks out"
3388,1621,8,25,109,142,1.2887323943661972,0.047493340716311595,621,The codpiece is expandable.
3496,1621,4,33,105,142,1.2887323943661972,0.04308197916678708,621,"It's not old-fashioned, it's vintage."
3387,1621,6,29,107,142,1.2887323943661972,0.04534134063590939,621,"The material takes some getting used to, but you'll save a fortune on dry cleaning."
3708,1621,6,29,107,142,1.2887323943661972,0.04534134063590939,621,"Looks great, but are you sure they didn't say ""formal night attire""?"
4099,1621,5,31,106,142,1.2887323943661972,0.044226090148175225,621,"As far as power suits go, you could do worsted."
7016,1621,6,29,107,142,1.2887323943661972,0.04534134063590939,621,"It's about as far as I can go.  Horses aren't allowed in the showroom""."
4309,1621,7,27,108,142,1.2887323943661972,0.04642981037575552,621,Comes with a year’s supply of WD-40
4482,1621,7,27,108,142,1.2887323943661972,0.04642981037575552,621,You too?
5258,1621,5,31,106,142,1.2887323943661972,0.044226090148175225,621,"Now remember, it's dry-clean only."
6193,1621,6,29,107,142,1.2887323943661972,0.04534134063590939,621,Guaranteed to protect against the most lethal twitter barbs.
5427,1621,2,37,103,142,1.2887323943661972,0.04069737936518005,621,May I suggest something a little less sporty for the office.
5527,1621,7,27,108,142,1.2887323943661972,0.04642981037575552,621,This just came in--it's off the rack.
5531,1621,6,29,107,142,1.2887323943661972,0.04534134063590939,621,"We include a mount, lance and squire - there's an additional charge for maidens-in-distress"
5851,1621,6,29,107,142,1.2887323943661972,0.04534134063590939,621,"We offer a free lubrication every 200,000 steps."
5879,1621,9,23,110,142,1.2887323943661972,0.048533571198323196,621,"Trust me, fashion is cyclical."
6165,1621,7,27,108,142,1.2887323943661972,0.04642981037575552,621,"Irony is, this is a No Iron one."
6249,1621,5,31,106,142,1.2887323943661972,0.044226090148175225,621,You did say you wanted our most expensive suit.
6318,1621,9,23,110,142,1.2887323943661972,0.048533571198323196,621,"Of course, if you're going for a slightly more modern look, this comes in titanium, as well."
2797,1621,5,31,106,142,1.2887323943661972,0.044226090148175225,621,The opener is extra.
5294,1621,3,35,104,142,1.2887323943661972,0.041906643960837875,621,The draping on this one really hides your hips!
2783,1621,9,23,110,142,1.2887323943661972,0.048533571198323196,621,If you intend to be buried in this suit the sign on the grave will be “Rust in Peace.”
1743,1621,6,29,107,142,1.2887323943661972,0.04534134063590939,621,It costs more but  it's all  American  steel.
2546,1621,4,33,105,142,1.2887323943661972,0.04308197916678708,621,"Trust me, it’ll be perfect for round table meetings."
2569,1621,6,29,107,142,1.2887323943661972,0.04534134063590939,621,You'll find it breathes more than you'd thought...
179,1621,8,25,109,142,1.2887323943661972,0.047493340716311595,621,I also have it in a khaki
301,1621,8,25,109,142,1.2887323943661972,0.047493340716311595,621,"Remember, it should be loose enough in the legs so that you can run after fleeing villagers."
435,1621,10,21,111,142,1.2887323943661972,0.049551969225548984,621,"And you said this is wrinkle free material, correct?"
504,1621,7,27,108,142,1.2887323943661972,0.04642981037575552,621,It also comes in rose gold
597,1621,5,31,106,142,1.2887323943661972,0.044226090148175225,621,And it comes with a lifetime supply of free oil changes.
782,1621,5,31,106,142,1.2887323943661972,0.044226090148175225,621,It's a little old fashioned but it's sure to impress the brides family.
906,1621,9,23,110,142,1.2887323943661972,0.048533571198323196,621,Iron is the new wool
1006,1621,10,21,111,142,1.2887323943661972,0.049551969225548984,621,"I must say sir, looks like a perfect fit for a hostile takeover."
619,1621,8,25,109,142,1.2887323943661972,0.047493340716311595,621,We can't let the seam out.  You'll just have to loose weight.
1496,1621,7,27,108,142,1.2887323943661972,0.04642981037575552,621,It’s coming back.
2354,1621,5,31,106,142,1.2887323943661972,0.044226090148175225,621,Now you're ready to announce your downsizing plans.
1402,1621,7,27,108,142,1.2887323943661972,0.04642981037575552,621,Perhaps you'd like to see something in a late 1400s Japanese instead.
2184,1621,3,35,104,142,1.2887323943661972,0.041906643960837875,621,It's rust proof and comes with a complimentary oil can.
2024,1621,7,27,108,142,1.2887323943661972,0.04642981037575552,621,"And, it won't shrink."
2248,1621,9,23,110,142,1.2887323943661972,0.048533571198323196,621,Trust me. You don’t want to try what the emperor went with.
1562,1621,6,29,107,142,1.2887323943661972,0.04534134063590939,621,We can retrofit it for breastfeeding.
1559,1621,4,33,105,142,1.2887323943661972,0.04308197916678708,621,"And yes, just a cool iron."
1548,1621,5,31,106,142,1.2887323943661972,0.044226090148175225,621,Guaranteed not to wrinkle!
1796,1621,6,29,107,142,1.2887323943661972,0.04534134063590939,621,You’re truly magnetic!
5643,1665,5,33,111,149,1.2885906040268456,0.04290310903920266,621,"This ensemble takes you from ""I don't care"" straight to ""just leave me alone"", I think it's the perfect outfit for you Melania."
7356,1665,7,29,113,149,1.2885906040268456,0.04496739049982912,621,It's all the rage with the Brexit crowd!
7301,1665,6,31,112,149,1.2885906040268456,0.043947371784862375,621,"Well, you did request wrinkle free."
7248,1665,7,29,113,149,1.2885906040268456,0.04496739049982912,621,For an extr $20 you can have this in rust
6493,1665,7,29,113,149,1.2885906040268456,0.04496739049982912,621,#TheeToo?
5875,1665,8,27,114,149,1.2885906040268456,0.045964779232922755,621,Damsels and Fair Maidens find it absolutely irresistible.
5769,1665,8,27,114,149,1.2885906040268456,0.045964779232922755,621,"On my count of three, try a jumping jack."
5127,1665,7,29,113,149,1.2885906040268456,0.04496739049982912,621,Your best defense against outrageous fortune.
495,1665,6,31,112,149,1.2885906040268456,0.043947371784862375,621,And it comes with a lifetime guarantee.
4781,1665,5,33,111,149,1.2885906040268456,0.04290310903920266,621,"Trust me, Sir... You do not want an 'Empire' waist..."
4260,1665,5,33,111,149,1.2885906040268456,0.04290310903920266,621,It’s a look to die for.
3245,1665,5,33,111,149,1.2885906040268456,0.04290310903920266,621,This wasn’t the power suit I was expecting.
2331,1665,6,31,112,149,1.2885906040268456,0.043947371784862375,621,"And in the front, there’s a  generous pocket for your keys, wallet, cell phone..."
2235,1665,8,27,114,149,1.2885906040268456,0.045964779232922755,621,This ensemble is part of our Excalibur collection.
1915,1665,5,33,111,149,1.2885906040268456,0.04290310903920266,621,Remember... the mirror adds 10 pounds!!!
232,1665,8,27,114,149,1.2885906040268456,0.045964779232922755,621,You'll find it very useful on the Subway
5045,1665,9,25,115,149,1.2885906040268456,0.04694098051275167,621,It's a very powerful look.
173,1682,8,22,102,132,1.2878787878787878,0.04990194297647228,621,Buy this today and we'll throw in two free knights.
2928,1683,5,30,104,139,1.2877697841726619,0.04479427867946288,621,Since you dress right we'll have the welder make the proper alterations.
5884,1683,7,26,106,139,1.2877697841726619,0.04706438389614813,621,It's a new cost saving alternative to the federal wtness protection program.
6507,1685,6,30,110,146,1.2876712328767124,0.044497832219482995,621,It looked better on the rack
5564,1685,7,28,111,146,1.2876712328767124,0.04554701289352375,621,"You've really made that armor your bitch, if I may say so Sir."
4766,1685,5,32,109,146,1.2876712328767124,0.0434233089589416,621,"Yes. It does a great job of making you look slimmer while also blocking out the haters, Mr. Trump."
4013,1685,7,28,111,146,1.2876712328767124,0.04554701289352375,621,"Well, if sir find prefers a lightweight material for Summer, it also comes in Titanium"
2219,1685,5,32,109,146,1.2876712328767124,0.0434233089589416,621,You'll steel the show.
2722,1685,7,28,111,146,1.2876712328767124,0.04554701289352375,621,Cuffs or no cuffs?
1993,1685,5,32,109,146,1.2876712328767124,0.0434233089589416,621,"I'm just not sure that it's ""me""."
1585,1685,11,20,115,146,1.2876712328767124,0.04952195097813759,621,It resists wrinkles like crazy.
3716,1685,8,26,112,146,1.2876712328767124,0.04657256375606114,621,"It's still a perfect fit, Mr. Romney."
4770,1694,10,21,112,143,1.2867132867132867,0.04924564167428332,621,"No, I wouldn't say it makes your axe look fat."
5762,1694,11,19,113,143,1.2867132867132867,0.050235707222566754,621,"But, I specifically remember you saying you dress to the right, Sir."
5973,1694,7,27,109,143,1.2867132867132867,0.046148174993094856,621,We recommend it only be worn out on a cool knight
3661,1697,5,33,112,150,1.2866666666666666,0.042659535198193106,621,Can I show you our line of shield accessories as well sir?
5770,1698,5,30,105,140,1.2857142857142858,0.0445206446398571,621,"For this week only, we include a complimentary case of WD-40."
5856,1698,6,30,111,147,1.2857142857142858,0.04423739552038088,621,"Not only is Retro back in, it'll wear like iron."
6367,1698,9,24,114,147,1.2857142857142858,0.04729176506299245,621,This suit makes a statement:  I never go through airport metal detectors because I have my own planes.
6381,1698,6,30,111,147,1.2857142857142858,0.04423739552038088,621,The faire maidens cannot resist a man in uniform.
6423,1698,6,30,111,147,1.2857142857142858,0.04423739552038088,621,"I trust you're satisfied with your new tailor-made irons?"""
7347,1698,6,30,111,147,1.2857142857142858,0.04423739552038088,621,It's kinda like getting a sports car and a suit all in one...
6885,1698,9,26,119,154,1.2857142857142858,0.045801842981455405,621,"""Sorry, I misheard you, next we’ll try on a suit from Armani."""
7237,1698,5,30,105,140,1.2857142857142858,0.0445206446398571,621,I could hammer it in a little.
5327,1698,7,26,107,140,1.2857142857142858,0.046772188798323865,621,Breathable? Sure.
7374,1698,6,30,111,147,1.2857142857142858,0.04423739552038088,621,"It's called a reflection, Arthur."
6456,1698,8,26,113,147,1.2857142857142858,0.046296037440127856,621,I wouldn’t send a suit out on a Knight like this!
5083,1698,7,28,112,147,1.2857142857142858,0.0452784178449531,621,And it's guaranteed to get you standing space in the subway.
5120,1698,6,30,111,147,1.2857142857142858,0.04423739552038088,621,If these catch on the demand for oil has to go up.
4104,1698,9,24,114,147,1.2857142857142858,0.04729176506299245,621,And it comes with two pairs of lance.
464,1698,7,26,107,140,1.2857142857142858,0.046772188798323865,621,When do you start as the President's new Press Secretary?
943,1698,6,30,111,147,1.2857142857142858,0.04423739552038088,621,The best thing about it is the wifi reception.
4463,1698,9,24,114,147,1.2857142857142858,0.04729176506299245,621,"Yes, and it wears like iron."
2200,1698,6,30,111,147,1.2857142857142858,0.04423739552038088,621,"Yes, we can certainly special order it in midknight blue."
2475,1698,5,30,105,140,1.2857142857142858,0.0445206446398571,621,Our tailor can adjust for your small hands.
3423,1698,7,28,112,147,1.2857142857142858,0.0452784178449531,621,You won't find a better price anywhere else. We imported the steel before tariffs were imposed.
1424,1698,10,22,115,147,1.2857142857142858,0.04826695559996328,621,"Don't get defensive with me, sir..."
3699,1698,6,30,111,147,1.2857142857142858,0.04423739552038088,621,As long as you keep it shiny it’s absolutely a chick magnet!!
3831,1698,7,28,112,147,1.2857142857142858,0.0452784178449531,621,"Eventually, everything comes back around."
3868,1698,6,30,111,147,1.2857142857142858,0.04423739552038088,621,The fit is perfect.  Just don't try taking a knee.
3900,1698,8,26,113,147,1.2857142857142858,0.046296037440127856,621,"Of course, it comes with a complementary can of WD40 spray."
4006,1698,8,26,113,147,1.2857142857142858,0.046296037440127856,621,To wear on those occasions for which internal fortitude is insufficient.
3446,1698,4,34,109,147,1.2857142857142858,0.04207815635452091,621,Of course we do alterations. I'll call in the welder.
6576,1725,6,29,109,144,1.2847222222222223,0.04479860229216347,621,And if you buy it today you can avoid the price increase when the tariffs on imported steel go into effect!
6453,1725,5,31,108,144,1.2847222222222223,0.043701140376497465,621,It’s very slimming and bullet proof
6263,1725,5,31,108,144,1.2847222222222223,0.043701140376497465,621,"I'm afraid it's now more than we quoted...the tarrifs, you know."
5690,1725,7,27,110,144,1.2847222222222223,0.04586981430588673,621,"No, I don't think it makes your butt look too big."
5562,1725,11,19,114,144,1.2847222222222223,0.04992534679856435,621,A Codpiece would be the perfect accessory.
3783,1725,5,31,108,144,1.2847222222222223,0.043701140376497465,621,Takes 600 years off you.
5275,1725,8,25,111,144,1.2847222222222223,0.046916574486865814,621,This is our last suit with tactical pants included.
4684,1725,12,17,115,144,1.2847222222222223,0.050888754652496815,621,The President is ordering one for himself and all of his aides.  Even less accountability!
4657,1725,6,29,109,144,1.2847222222222223,0.04479860229216347,621,"No, this armor does not make your ass look big."
3737,1725,9,23,112,144,1.2847222222222223,0.04794048454810115,621,And a dashing figure you'll cut at those Democratic town halls Mr President
5495,1725,7,27,110,144,1.2847222222222223,0.04586981430588673,621,And this one comes with a heart
3157,1725,7,27,110,144,1.2847222222222223,0.04586981430588673,621,I need to put you up on a horse before I make the inseam.
421,1725,8,25,111,144,1.2847222222222223,0.046916574486865814,621,Never needs ironing!
659,1725,8,25,111,144,1.2847222222222223,0.046916574486865814,621,"No, I don't think it makes your butt look big."
744,1725,6,29,109,144,1.2847222222222223,0.04479860229216347,621,They say you should dress for the job you want.
1016,1725,6,29,109,144,1.2847222222222223,0.04479860229216347,621,"It’s perfect for where you’re going, Mr. Manafort."
3627,1725,5,31,108,144,1.2847222222222223,0.043701140376497465,621,Perhaps Sir would be more pleased if our welder let the inseam out a bit.
1818,1725,6,29,109,144,1.2847222222222223,0.04479860229216347,621,"A safe choice for any occasion, sir."
2336,1725,10,21,113,144,1.2847222222222223,0.048942978616261415,621,"Well sir, if you wanted an extra small ballsack sheild you should have pre-ordered it."
2893,1725,7,27,110,144,1.2847222222222223,0.04586981430588673,621,Our in-house blacksmith will make the necessary detailed alterations.
3138,1725,8,25,111,144,1.2847222222222223,0.046916574486865814,621,Let's save this for the general election
1527,1725,7,27,110,144,1.2847222222222223,0.04586981430588673,621,"If anything, Sir Lanced-a-lot, I would go with a heavier breast plate."
3393,1747,7,28,113,148,1.2837837837837838,0.04501285851357185,621,Fits like a spoon
3357,1747,8,26,114,148,1.2837837837837838,0.04602266935891564,621,Cufflinks and other accessories are in the blacksmith department.
3038,1747,7,28,113,148,1.2837837837837838,0.04501285851357185,621,Let me bring in our blacksmith to measure you for the alterations.
2926,1747,8,26,114,148,1.2837837837837838,0.04602266935891564,621,"It’s 100% hand-tempered, made from only the finest in fair trade, tariff-free U.S. steel.”"
2496,1747,8,26,114,148,1.2837837837837838,0.04602266935891564,621,And of course our in-house blacksmith can take care of any necessary alterations.
2432,1747,7,28,113,148,1.2837837837837838,0.04501285851357185,621,Alterations included but our blacksmith is out today.
1364,1747,8,26,114,148,1.2837837837837838,0.04602266935891564,621,It will be hard to take in the shoulders
584,1747,10,22,116,148,1.2837837837837838,0.0479785725260198,621,Of course we'll iron it for you.
217,1747,7,28,113,148,1.2837837837837838,0.04501285851357185,621,And will sir be wanting our executive polishing service?
2437,1747,5,32,111,148,1.2837837837837838,0.04292202354093255,621,It's mugging-resistant and you needn't shave.
1505,1747,8,26,114,148,1.2837837837837838,0.04602266935891564,621,"Yes, as advertised, our suits are free.  However, you will have to 'friend us' and pay me $4,500 to get you out of it."
7219,1758,6,28,107,141,1.2836879432624113,0.045380571447692516,621,The oil change is free for the first 6 months.
409,1759,4,26,90,120,1.2833333333333334,0.047608542258559663,621,I'll even throw in free rustproofing.
4440,1760,6,29,110,145,1.282758620689655,0.04453188650071384,621,"No, Sir. it's not the latest thing.  But it will last forever.  It's also grave-ready, Sir."
7139,1760,7,27,111,145,1.282758620689655,0.045594674644364834,621,"It's all the rage in the Village, my Lord."
6372,1760,5,31,109,145,1.282758620689655,0.04344310618152703,621,We get a lot of interest in this line during the jousting season
5783,1760,9,23,113,145,1.282758620689655,0.047649189260170415,621,"So, another wages cut, eh Boss?"
3567,1760,6,29,110,145,1.282758620689655,0.04453188650071384,621,"We can have our welder take out the waist  a little """
3516,1760,5,31,109,145,1.282758620689655,0.04344310618152703,621,Shining is the new slimming.
3021,1760,6,29,110,145,1.282758620689655,0.04453188650071384,621,"Sir, it's Armor-ni."
963,1760,5,31,109,145,1.282758620689655,0.04344310618152703,621,I told you to go before you put it on.
61,1760,8,25,112,145,1.282758620689655,0.04663324775885241,621,It's Armorni
3933,1760,7,27,111,145,1.282758620689655,0.045594674644364834,621,"You look so polished, all ready for a knight on the town!"
3001,1770,6,27,105,138,1.2826086956521738,0.045984569177401784,621,"Yes, it is a bit of a hassle in metal detectors, but on the street or subway you'll be the safest traveler out there."
3668,1770,9,21,108,138,1.2826086956521738,0.04931470542163095,621,"This also comes in tarnished, rust, and splattered."
5632,1770,6,27,105,138,1.2826086956521738,0.045984569177401784,621,You want Guinevere to leave Arthur? Show up at the table wearing this.
5706,1770,7,25,106,138,1.2826086956521738,0.04712077169601795,621,"Hemming is free, but there is a two weeks wait on the forge."""
4973,1774,9,22,111,142,1.2816901408450705,0.0483120301873452,621,The socks tie it all together
4979,1774,7,26,109,142,1.2816901408450705,0.04619818198900105,621,It is durable and wrinkle resistant.
5520,1774,9,22,111,142,1.2816901408450705,0.0483120301873452,621,We have it in silver and also in pink.
5302,1774,8,24,110,142,1.2816901408450705,0.04726692437588792,621,"If  you want to try a different look, I can show you something in a gabardine."
5348,1774,6,28,108,142,1.2816901408450705,0.045104122851706306,621,"Best of all, it's completely wrinkle-free."
4862,1774,7,26,109,142,1.2816901408450705,0.04619818198900105,621,This one's made of brushed steel. Shining armor is sooo last year.
5154,1774,5,30,107,142,1.2816901408450705,0.043982857767029745,621,Asking for a raise today?
5633,1774,5,30,107,142,1.2816901408450705,0.043982857767029745,621,We call this style heavy metal
4228,1774,5,30,107,142,1.2816901408450705,0.043982857767029745,621,But I’m not really into Heavy Metal.
4411,1774,8,24,110,142,1.2816901408450705,0.04726692437588792,621,"By the way, the poleyns are detachable if it's causal vespers."
4266,1774,5,30,107,142,1.2816901408450705,0.043982857767029745,621,"No, sir.  It does not make your butt look big"
4210,1774,7,26,109,142,1.2816901408450705,0.04619818198900105,621,"Needless to say, dry clean only."
4003,1774,6,28,108,142,1.2816901408450705,0.045104122851706306,621,Insults can still get through.
3961,1774,7,26,109,142,1.2816901408450705,0.04619818198900105,621,"...and a suit like this, it'll never go out of style!"
3882,1774,7,26,109,142,1.2816901408450705,0.04619818198900105,621,Maybe something a little less subtle.
3871,1774,8,24,110,142,1.2816901408450705,0.04726692437588792,621,Your Press Conference is ready for you Mr. Sessions.
4624,1774,7,26,109,142,1.2816901408450705,0.04619818198900105,621,We're gearing up for the mid-terms...
5716,1774,6,28,108,142,1.2816901408450705,0.045104122851706306,621,"Best of all, it needs no ironing"
3829,1774,8,24,110,142,1.2816901408450705,0.04726692437588792,621,What you save on dry-cleaning will be more than enough to cover the monthly polishing.
6028,1774,7,26,109,142,1.2816901408450705,0.04619818198900105,621,"At the end of the day, you just remove the helmet and gloves and you are ready for a night out with the Huns."
7433,1774,5,30,107,142,1.2816901408450705,0.043982857767029745,621,Knock ‘em dead Sir!
7417,1774,10,20,112,142,1.2816901408450705,0.04933500158802065,621,Good you bought it before tarrifs
7410,1774,9,22,111,142,1.2816901408450705,0.0483120301873452,621,"Our welder asked whether you dress to the right or the left, sir."
7343,1774,7,26,109,142,1.2816901408450705,0.04619818198900105,621,". . . and, unlike the Tin Man, no oiling is required, ever."
7321,1774,4,32,106,142,1.2816901408450705,0.04283225019173897,621,It's what all the men of tomorrow will be wearing when we rise up against the machines.
7307,1774,8,24,110,142,1.2816901408450705,0.04726692437588792,621,"No, just because you're getting out of your 'Goth' phase does NOT mean you have to move onto 'heavy metal'."
7162,1774,4,32,106,142,1.2816901408450705,0.04283225019173897,621,The mace is a perfect accessory for business meetings.
7055,1774,3,34,105,142,1.2816901408450705,0.04164986837459005,621,And every suit comes with a free Rust-oleum overcoat.
5873,1774,7,26,109,142,1.2816901408450705,0.04619818198900105,621,The WD40 is complimentary
7023,1774,10,20,112,142,1.2816901408450705,0.04933500158802065,621,I can make the codpiece any size you want.
6932,1774,6,28,108,142,1.2816901408450705,0.045104122851706306,621,The stainless steel upgrade is very chic.
6916,1774,8,24,110,142,1.2816901408450705,0.04726692437588792,621,"You are the President, you can wear anything you like."
6687,1774,9,22,111,142,1.2816901408450705,0.0483120301873452,621,I think you're ready for the shareholders' meeting.
6343,1774,4,32,106,142,1.2816901408450705,0.04283225019173897,621,You need a welder not a tailor.
6334,1774,8,24,110,142,1.2816901408450705,0.04726692437588792,621,Those slings and arrows of outrageous fortune will just bounce right off. I guarantee it.
6183,1774,7,26,109,142,1.2816901408450705,0.04619818198900105,621,I can also show you something in chain mail for the summer raids...
6047,1774,6,28,108,142,1.2816901408450705,0.045104122851706306,621,"It's perfect for going out in public or flying coach, Mr. Pruitt."
6035,1774,4,32,106,142,1.2816901408450705,0.04283225019173897,621,We recommend WD-40
6958,1774,5,30,107,142,1.2816901408450705,0.043982857767029745,621,"Well, it DOES add 30 pounds..."
3802,1774,6,28,108,142,1.2816901408450705,0.045104122851706306,621,"Our tailor can take the tasset in, sir, for a more modern look."
5569,1774,6,28,108,142,1.2816901408450705,0.045104122851706306,621,"Wow, I see you are serious about your celibacy pledge!"
3718,1774,6,28,108,142,1.2816901408450705,0.045104122851706306,621,"Classic European, sir. But in a good way."
1475,1774,8,24,110,142,1.2816901408450705,0.04726692437588792,621,Latest preference for WH staffers..
1094,1774,5,30,107,142,1.2816901408450705,0.043982857767029745,621,We also have 'Relaxed Fit' for the long distance crusader.
946,1774,6,28,108,142,1.2816901408450705,0.045104122851706306,621,Comes with a free can of WD40.
866,1774,11,18,113,142,1.2816901408450705,0.05033718806764087,621,It's Ivanka's new crossover line for her family's supporters.
803,1774,8,24,110,142,1.2816901408450705,0.04726692437588792,621,"It's made out of pure platinum -- just as you ordered, Mister Secretary. Will you be paying for it now, or should we just bill the American people?"
779,1774,5,30,107,142,1.2816901408450705,0.043982857767029745,621,"Oh yeah, you will absolutely kill showing up in this."
626,1774,8,24,110,142,1.2816901408450705,0.04726692437588792,621,"It's our top seller, the #Me Too safety suit."
559,1774,5,30,107,142,1.2816901408450705,0.043982857767029745,621,It's a classic cut and wears like iron.
1627,1774,11,18,113,142,1.2816901408450705,0.05033718806764087,621,This fine ensemble will match the anonymity of your online rants!
410,1774,7,26,109,142,1.2816901408450705,0.04619818198900105,621,"Don't worry, blood stains come right out!"
328,1774,7,26,109,142,1.2816901408450705,0.04619818198900105,621,Which side do you dress on?
250,1774,7,26,109,142,1.2816901408450705,0.04619818198900105,621,"Excuse me, I have to see a man about a horse."
216,1774,7,26,109,142,1.2816901408450705,0.04619818198900105,621,We sell a lot of these to Democratic candidates in the red states.
153,1774,5,30,107,142,1.2816901408450705,0.043982857767029745,621,Another grail quest Sir?
110,1774,11,18,113,142,1.2816901408450705,0.05033718806764087,621,This should be fine for any round table event.
96,1774,5,30,107,142,1.2816901408450705,0.043982857767029745,621,"...And since there’s no need for a tie, it’s perfect for casual Fridays"
81,1774,6,28,108,142,1.2816901408450705,0.045104122851706306,621,Her attorney will never expect it.
14,1774,6,28,108,142,1.2816901408450705,0.045104122851706306,621,"Sir, I’d recommend you refrain from drinking liquids."
364,1774,6,28,108,142,1.2816901408450705,0.045104122851706306,621,"When we say we can fit you in any suit, we mean any suit."
1685,1774,4,32,106,142,1.2816901408450705,0.04283225019173897,621,"The classics never go out of style, Sir."
873,1774,4,32,106,142,1.2816901408450705,0.04283225019173897,621,Some things never go out of style.
3725,1774,6,28,108,142,1.2816901408450705,0.045104122851706306,621,I think you’ll find the codpiece surprisingly breathable
3548,1774,6,28,108,142,1.2816901408450705,0.045104122851706306,621,"It's the latest in our ""no wrinkles"" line."
3355,1774,6,28,108,142,1.2816901408450705,0.045104122851706306,621,It's our Saturday Knight special.
3288,1774,11,18,113,142,1.2816901408450705,0.05033718806764087,621,First marriage?
3167,1774,6,28,108,142,1.2816901408450705,0.045104122851706306,621,"If you prefer, we also have teflon"
1701,1774,6,28,108,142,1.2816901408450705,0.045104122851706306,621,It's the last one in stock and they don't even make this particular one anymore.
3146,1774,4,32,106,142,1.2816901408450705,0.04283225019173897,621,The gauntlets are bespoke.
3029,1774,10,20,112,142,1.2816901408450705,0.04933500158802065,621,...Your first babysitting job?
2958,1774,6,28,108,142,1.2816901408450705,0.045104122851706306,621,We also have it in taupe.
2753,1774,7,26,109,142,1.2816901408450705,0.04619818198900105,621,And you get a month of free jousting lessons with it.
3149,1774,3,34,105,142,1.2816901408450705,0.04164986837459005,621,Just make sure you get it dry cleaned.
2739,1774,7,26,109,142,1.2816901408450705,0.04619818198900105,621,"You'll have the Board's attention, and our crossbow enhancer always commands respect."
2349,1774,9,22,111,142,1.2816901408450705,0.0483120301873452,621,and it comes with 2 shirts of maille.....
2267,1774,5,30,107,142,1.2816901408450705,0.043982857767029745,621,You may want to consider the stainless option.
2166,1774,9,22,111,142,1.2816901408450705,0.0483120301873452,621,It's very popular among Trump cabinet members.
1984,1774,6,28,108,142,1.2816901408450705,0.045104122851706306,621,Great durability and it's gauranteed against shrinkage.
1868,1774,9,22,111,142,1.2816901408450705,0.0483120301873452,621,Tariff charges are not included.
1736,1774,6,28,108,142,1.2816901408450705,0.045104122851706306,621,Yesterday’s forgotten fashions are today’s hottest style!
1710,1774,5,30,107,142,1.2816901408450705,0.043982857767029745,621,No no it flatters your physique
2749,1774,8,24,110,142,1.2816901408450705,0.04726692437588792,621,Dry cleaning is recommended.
6213,1857,8,22,105,135,1.2814814814814814,0.04892639732390831,621,Will you be taking it with you or like it mailed?
3443,1858,7,25,107,139,1.2805755395683454,0.046824706304139325,621,It is guaranteed  not to rust-out in the crotch.
5174,1858,9,21,109,139,1.2805755395683454,0.04900083621306406,621,Got a job at the White House?
5287,1858,8,23,108,139,1.2805755395683454,0.04792512425674259,621,"It's not breathable, but it's the price you pay for fashion these days."
5457,1858,6,27,106,139,1.2805755395683454,0.04569779760462853,621,"Trust me, the material will hold up for a hundred years."
6535,1858,7,25,107,139,1.2805755395683454,0.046824706304139325,621,"I could take in the shoulders a bit, but it will take about a month."
5926,1858,10,19,110,139,1.2805755395683454,0.05005343508826184,621,"It’s half off, Mr. Wong, because of a chi… er… I mean a small defect in the armor."
6033,1858,4,31,104,139,1.2805755395683454,0.04335619767464587,621,I can see from the kink you dress to the left.
6325,1858,6,27,106,139,1.2805755395683454,0.04569779760462853,621,"Sir, would you like us to add a pocket for your cellphone?"
3424,1858,4,31,104,139,1.2805755395683454,0.04335619767464587,621,We can always have it soldered.
5636,1858,6,27,106,139,1.2805755395683454,0.04569779760462853,621,You did say you liked a classic style...
2804,1858,6,27,106,139,1.2805755395683454,0.04569779760462853,621,It was the cat's ass just five or six centuries ago.
790,1858,6,27,106,139,1.2805755395683454,0.04569779760462853,621,"Both handsome and practical for your reelection bid, sir!"
2686,1858,7,25,107,139,1.2805755395683454,0.046824706304139325,621,Would you prefer the crotch to the right or to the left?
165,1858,7,25,107,139,1.2805755395683454,0.046824706304139325,621,We call it the Chief of Staff
783,1858,6,27,106,139,1.2805755395683454,0.04569779760462853,621,It's guaranteed Twitter proof.
2738,1858,4,31,104,139,1.2805755395683454,0.04335619767464587,621,Looks very sharp sir.
1507,1858,8,23,108,139,1.2805755395683454,0.04792512425674259,621,We also carry it in light-weight aluminum for summer wear.
519,1858,5,29,105,139,1.2805755395683454,0.04454238758035183,621,It's all the rage at the FBI.
1860,1858,5,29,105,139,1.2805755395683454,0.04454238758035183,621,And you'll definitely want to get our undercoating package
2088,1858,5,29,105,139,1.2805755395683454,0.04454238758035183,621,Board meeting today?
2514,1858,9,21,109,139,1.2805755395683454,0.04900083621306406,621,"Yes sir, I think that's exactly what you had in mind when she called you, saying she was naked and wanted a night to remember."
1634,1858,6,27,106,139,1.2805755395683454,0.04569779760462853,621,Does this make my ego look big?
5372,1880,5,30,108,143,1.2797202797202798,0.04371860360477925,621,"I'm sure we can get the squeak out of the knees and have the suit ready by Thursday, sir"
991,1880,5,30,108,143,1.2797202797202798,0.04371860360477925,621,"Designed in Italy, welded in the good ole USA."
1645,1880,7,26,110,143,1.2797202797202798,0.045916254351056195,621,"Not only is it wrinkle resistant, it's rust-proof too!"
1848,1880,7,26,110,143,1.2797202797202798,0.045916254351056195,621,Does this make me looked dated?
2298,1880,9,22,112,143,1.2797202797202798,0.04801342027089882,621,"We can adjust the cod piece. Which side does Sir ""dress"" on?"
2921,1880,6,28,109,143,1.2797202797202798,0.044830897352064594,621,We call this model the 'White House Press Secretary'.
6996,1880,8,24,111,143,1.2797202797202798,0.04697654169764333,621,"If it's not to your liking, we also have it in sparkling and sterling."
6675,1887,5,23,90,118,1.2796610169491525,0.049458304571739664,621,This should help stave off those self-inflicted wounds.
5665,1887,4,25,89,118,1.2796610169491525,0.04797144295793855,621,"Now let's see if your horse likes it"""
3055,1889,8,23,109,140,1.2785714285714285,0.04762375790338688,621,A knight out on the town I see?
3109,1889,6,27,107,140,1.2785714285714285,0.04541445222616682,621,"Our finest vintage jousting outfit for engaging with 
Fake News Forces...Perfect!"
3735,1889,6,27,107,140,1.2785714285714285,0.04541445222616682,621,There will of course be a modest surcharge for alterations.
3867,1889,4,31,105,140,1.2785714285714285,0.043092025076168945,621,Sure we can take it in a bit. Let me get our Blacksmith.
3955,1889,7,25,108,140,1.2785714285714285,0.046532218880272584,621,Wear that baby to your next next job interview and see if you don't get some respect.
4115,1889,5,29,106,140,1.2785714285714285,0.04426847126436581,621,"On sale this week, each outfit comes with a six pack of WD-40."
4166,1889,7,25,108,140,1.2785714285714285,0.046532218880272584,621,She asked for a knight in shining armor...give her what she wants.
4276,1889,6,27,107,140,1.2785714285714285,0.04541445222616682,621,It's new from our Knight and Shiny collection.
4827,1889,8,23,109,140,1.2785714285714285,0.04762375790338688,621,Trump ordered 3.
5029,1889,6,27,107,140,1.2785714285714285,0.04541445222616682,621,"Yes. It is supposed to be so large in crotch. It is for your protection, Sir."
5374,1889,7,25,108,140,1.2785714285714285,0.046532218880272584,621,"At $3250.00 sir, it's a steel."
5411,1889,7,25,108,140,1.2785714285714285,0.046532218880272584,621,"It's what all the great kings have worn, Mr. President."
5807,1889,5,29,106,140,1.2785714285714285,0.04426847126436581,621,"Anyone ever tell you, you look just like your father?"
5810,1889,5,29,106,140,1.2785714285714285,0.04426847126436581,621,"Well, Mrs. Trump, I doubt it would draw more attention than your Zara jacket, but it might serve as a distraction.  You Trumps do that so well!"
6131,1889,6,27,107,140,1.2785714285714285,0.04541445222616682,621,"Oh, you meant something for NIGHT time..."
6336,1889,6,27,107,140,1.2785714285714285,0.04541445222616682,621,Alterations will be done by our blacksmith.
7144,1889,7,25,108,140,1.2785714285714285,0.046532218880272584,621,On last question Sire. Do you dress to the left or the right?
5270,1889,5,29,106,140,1.2785714285714285,0.04426847126436581,621,It comes with an iron-clad warranty.
2847,1889,7,25,108,140,1.2785714285714285,0.046532218880272584,621,Some sensible metal shoes would really complete the ensemble
7385,1889,5,29,106,140,1.2785714285714285,0.04426847126436581,621,"Yes, our firm fashioned suits for your father and his father before him ..."
2593,1889,10,19,111,140,1.2785714285714285,0.049735019480020515,621,It'll be perfect for your trip to London Mr President - very regal and those rotten tomatoes won't stand a chance.
2692,1889,7,25,108,140,1.2785714285714285,0.046532218880272584,621,Just remember: Dry clean only.
79,1889,5,29,106,140,1.2785714285714285,0.04426847126436581,621,"Sir, would you like this in rust?"
84,1889,8,23,109,140,1.2785714285714285,0.04762375790338688,621,I can’t wait till you tell Giuliana you’re wearing Frank Gehry.
377,1889,6,27,107,140,1.2785714285714285,0.04541445222616682,621,"See, it is more modern looking without the sword."
655,1889,10,19,111,140,1.2785714285714285,0.049735019480020515,621,We’ve taken the vintage look to the next level..
692,1889,6,27,107,140,1.2785714285714285,0.04541445222616682,621,It's the perfect suit for knight-life here in the city...
956,1889,6,27,107,140,1.2785714285714285,0.04541445222616682,621,This is Hell. You're in Hell. We all live in Hell.
1363,1889,8,23,109,140,1.2785714285714285,0.04762375790338688,621,Don't worry . .  most of them will see a suit of shining armor . . . not totally shielded aggressive insensitivity . . .
570,1889,3,33,104,140,1.2785714285714285,0.04188254651100343,621,"Ironically, it's ideal for people who don't like to iron"
1470,1889,6,27,107,140,1.2785714285714285,0.04541445222616682,621,"I would also suggest the ""rust-proofing"" package."
1492,1889,7,25,108,140,1.2785714285714285,0.046532218880272584,621,Would you like to see it in a different color?
1647,1889,5,29,106,140,1.2785714285714285,0.04426847126436581,621,"And may I say, along with the perfect fit and durability, this suit should minimize inappropriate sexual comments, ma'am."
2126,1889,8,23,109,140,1.2785714285714285,0.04762375790338688,621,The mirror adds 80 pounds.
2234,1889,7,25,108,140,1.2785714285714285,0.046532218880272584,621,Wears like iron.
2266,1889,8,23,109,140,1.2785714285714285,0.04762375790338688,621,"You can’t see, since you put it on backwards"
2451,1889,6,27,107,140,1.2785714285714285,0.04541445222616682,621,Over Armor..it’s our response to Too Casual Friday
2548,1889,7,25,108,140,1.2785714285714285,0.046532218880272584,621,And the Depends are included in the deal.
1383,1889,10,19,111,140,1.2785714285714285,0.049735019480020515,621,Nope. She has you listed as Maid of ARMOR.
2769,1928,9,22,113,144,1.2777777777777777,0.047718381612441664,621,"Well, it beats “on the rack”"
820,1928,7,26,111,144,1.2777777777777777,0.04563763523080941,621,It'll wear very well but airport security might be a problem
7431,1930,7,24,106,137,1.2773722627737227,0.04717198442927356,621,It brings out your eyes.
6786,1930,5,28,104,137,1.2773722627737227,0.04483872992273619,621,Iron is our most breathable metal.
6309,1930,5,28,104,137,1.2773722627737227,0.04483872992273619,621,Of course I always recommend that you use the bathroom before you dress for the joust.
6171,1930,5,28,104,137,1.2773722627737227,0.04483872992273619,621,"Yes, Letting it out two inches in the waist will be a problem."
5965,1930,7,24,106,137,1.2773722627737227,0.04717198442927356,621,Don’t worry. Any one of our three blacksmiths can take it in an inch or two for you.
5702,1930,5,28,104,137,1.2773722627737227,0.04483872992273619,621,"Chivalry most certainly is not dead, Sir."
5169,1930,4,30,103,137,1.2773722627737227,0.04362533087700657,621,Very popular since the #Me Too movement.
5077,1930,6,26,105,137,1.2773722627737227,0.04602014676247625,621,What's old is new and this certainly suits you.
4801,1930,6,26,105,137,1.2773722627737227,0.04602014676247625,621,You can bet that all the damsels will act distressed.
4667,1930,4,30,103,137,1.2773722627737227,0.04362533087700657,621,It really looks good on you but tailoring will take three months!
4589,1930,6,26,105,137,1.2773722627737227,0.04602014676247625,621,"This model is resistant to bullets, impervious to thrown eggs, and will resist most slings and arrows characteristic of our present political climate."
3664,1930,4,30,103,137,1.2773722627737227,0.04362533087700657,621,We'll make free alterations if you lose a limb in jousting.
3659,1930,5,28,104,137,1.2773722627737227,0.04483872992273619,621,"It comes with an imaginary dragon, Mr. Quixote."
3444,1930,7,24,106,137,1.2773722627737227,0.04717198442927356,621,I think it makes me look fat.
3154,1930,8,22,107,137,1.2773722627737227,0.048296359303278774,621,"So, this is your third marriage?"
2715,1930,9,20,108,137,1.2773722627737227,0.049395146815321624,621,Armor makes the man.
2497,1930,7,24,106,137,1.2773722627737227,0.04717198442927356,621,"Just so you know, it’s dry-clean only."
1034,1930,4,30,103,137,1.2773722627737227,0.04362533087700657,621,Well...I guess that the dancing part would not be that easy...
113,1930,7,24,106,137,1.2773722627737227,0.04717198442927356,621,"Goodness no, sir. I don't think you look silly at all. She'll love it. This is a very popular part of our ""Damsel in Distress"" wedding package, and comes with a free bottle of our ""Night in Shining Armor"" touchup polish."
5498,1949,8,20,102,130,1.2769230769230768,0.050063030772570245,621,Holy Grail sold separately
5491,1949,5,26,99,130,1.2769230769230768,0.04635218761832849,621,"Yes, that one has been on our clearance rack for some time."
4146,1949,4,28,98,130,1.2769230769230768,0.04504736077316696,621,It'll take you stain-free from the battlefield to the castle feast.
2134,1949,6,24,100,130,1.2769230769230768,0.04762127551191367,621,I actually have two of this exact suit myself.
4765,1949,9,18,103,130,1.2769230769230768,0.051240293075978584,621,"Unfortunately, sir, after #MeToo, this suit no longer comes with a cod piece."
4689,1954,6,27,108,141,1.2765957446808511,0.045134475394886006,621,It's the perfect thing for a knight out on the town!
3310,1954,5,29,107,141,1.2765957446808511,0.04399776979095477,621,It’s great for men living in their Middle Ages.
7287,1954,7,25,109,141,1.2765957446808511,0.046243248066774996,621,"With the upcoming tariffs on imported steel, you won't see a price like this anytime soon."
3508,1954,9,21,111,141,1.2765957446808511,0.048384628105966936,621,The perfect attire for a knight on the town.
3892,1954,6,27,108,141,1.2765957446808511,0.045134475394886006,621,Never mind the maloclusion; the rest of it fits like a charm.
4196,1954,6,27,108,141,1.2765957446808511,0.045134475394886006,621,"A knight she surely won’t forget, sir"
5017,1954,9,21,111,141,1.2765957446808511,0.048384628105966936,621,"Good choice, sir. It was all the rage in 1542."
6945,1954,6,27,108,141,1.2765957446808511,0.045134475394886006,621,"I guarantee you, sir, heavy metal never goes out of style."
5392,1954,6,27,108,141,1.2765957446808511,0.045134475394886006,621,It's Post Empire
5651,1954,10,19,112,141,1.2765957446808511,0.049420535807965946,621,We also carry it in millennial pink
5942,1954,7,25,109,141,1.2765957446808511,0.046243248066774996,621,"Yes sir, you look much better now.  It's like knight and day!"
6530,1954,7,25,109,141,1.2765957446808511,0.046243248066774996,621,You're right. It's so much more understated without the feathers.
6901,1954,9,21,111,141,1.2765957446808511,0.048384628105966936,621,Ill have our blacksmith take in the shoulders.
3080,1954,6,27,108,141,1.2765957446808511,0.045134475394886006,621,It's half price during Crusades season.
5121,1954,8,23,110,141,1.2765957446808511,0.047326051117318114,621,"ActYes, that suit of armor DOES make your ass look fat."
2992,1954,6,27,108,141,1.2765957446808511,0.045134475394886006,621,Transitions seamlessly from day to Knight
3396,1954,6,27,108,141,1.2765957446808511,0.045134475394886006,621,"Oh no, sir. On the contrary, it makes you look thin."
2816,1954,7,25,109,141,1.2765957446808511,0.046243248066774996,621,Will you be renting or bartering?
2957,1954,8,23,110,141,1.2765957446808511,0.047326051117318114,621,"Oh, delicious irony Brother Torquemada; 'Off the Rack"", indeed!"
207,1954,7,25,109,141,1.2765957446808511,0.046243248066774996,621,"Yes, it is a suit befitting a new White House press secretary."
229,1954,6,27,108,141,1.2765957446808511,0.045134475394886006,621,"This is one of our finest wrinkle free, all iron suits."
384,1954,7,25,109,141,1.2765957446808511,0.046243248066774996,621,It's like a magnet for the ladies.
900,1954,6,27,108,141,1.2765957446808511,0.045134475394886006,621,Our blacksmith can make the alterations while you wait.
962,1954,7,25,109,141,1.2765957446808511,0.046243248066774996,621,"It's very popular with the #MeToo crowd, ma'am."
1058,1954,8,23,110,141,1.2765957446808511,0.047326051117318114,621,"Might I suggest, as an accessory, a bright yellow 'power' lance?"
808,1954,9,21,111,141,1.2765957446808511,0.048384628105966936,621,"Plus this suit is SPF 1,000,000"
1181,1954,8,23,110,141,1.2765957446808511,0.047326051117318114,621,"No, your butt does not look too big."
1194,1954,4,31,106,141,1.2765957446808511,0.04283090734486177,621,Perhaps if you raise the visor...
1800,1954,5,29,107,141,1.2765957446808511,0.04399776979095477,621,"Chivalry ready, sir"
1131,1954,5,29,107,141,1.2765957446808511,0.04399776979095477,621,We'll throw in a year's supply of WD-40.
1871,1954,4,31,106,141,1.2765957446808511,0.04283090734486177,621,"Can go from ""Crusades"" to ""Knights of the Round Table"" by just adjusting the helmet."
1992,1954,6,27,108,141,1.2765957446808511,0.045134475394886006,621,"SLIMMING YES, SILENT, NO."
2204,1954,5,29,107,141,1.2765957446808511,0.04399776979095477,621,"Sir, I would venture to say that the young lady's desire for a knight in shining armor was more figurative than literal."
2795,1954,5,29,107,141,1.2765957446808511,0.04399776979095477,621,You're now ready for Twitter.
7192,1988,8,16,92,116,1.2758620689655173,0.05418913916165507,621,"Sorry, only the mens line has pockets."
5308,1989,8,22,108,138,1.2753623188405796,0.047987220104410026,621,"See, I told you! Spanx DO make a big difference."
5362,1989,6,26,106,138,1.2753623188405796,0.04572964298740044,621,Would you like the matching mace? Or will that be all Mrs. Huckabee?
5574,1989,7,24,107,138,1.2753623188405796,0.046872025458178125,621,"Yes sir, you'll be protected from any impeachment proceedings.....for several days."
5708,1989,9,20,109,138,1.2753623188405796,0.04907708035474492,621,"It's this or give up eating at Mexican restaurants, Mr. Miller."
5907,1989,7,24,107,138,1.2753623188405796,0.046872025458178125,621,It’s what we recommend for anybody looking to get into politics.
6105,1989,8,22,108,138,1.2753623188405796,0.047987220104410026,621,I think you'll agree. The perfect attire for your divorce proceedings.
6514,1989,9,20,109,138,1.2753623188405796,0.04907708035474492,621,"It’s the perfect suit for White House Correspondents’ Association Dinner, Mr President."
6631,1989,9,20,109,138,1.2753623188405796,0.04907708035474492,621,"Did I mention they’re buy one, get one half off?"
7260,1989,10,18,110,138,1.2753623188405796,0.050143258160425565,621,Good choice for your first date with Trump
6770,1989,9,20,109,138,1.2753623188405796,0.04907708035474492,621,"Trust me, you won't be seen dead in it"
6879,1989,10,18,110,138,1.2753623188405796,0.050143258160425565,621,Our surgeon will adjust the length of your neck for free.
7047,1989,9,20,109,138,1.2753623188405796,0.04907708035474492,621,Would you like to try that with a jockstrap?
7065,1989,5,28,105,138,1.2753623188405796,0.044557981607767055,621,No worries. It comes with a can of oil.
7111,1989,5,28,105,138,1.2753623188405796,0.044557981607767055,621,It is very popular in D.C. right now.
7215,1989,6,26,106,138,1.2753623188405796,0.04572964298740044,621,I'm sorry a brain does not come with the alterations.
5282,1989,7,24,107,138,1.2753623188405796,0.046872025458178125,621,Have you considered that when she told you what she was looking for in a man she was speaking figuratively?
7265,1989,8,22,108,138,1.2753623188405796,0.047987220104410026,621,"As we like to say, ""The tasset is an asset, but the cuisse is the tease."""
6662,1989,6,26,106,138,1.2753623188405796,0.04572964298740044,621,I take it you've come here for our Hundred Years War Liquidation Sale.
5149,1989,6,26,106,138,1.2753623188405796,0.04572964298740044,621,"And, for a little more, I can adjust the codpiece, if you know what I mean."
4518,1989,6,26,106,138,1.2753623188405796,0.04572964298740044,621,"Look at it this way, you need to look at the inner you."
5107,1989,9,20,109,138,1.2753623188405796,0.04907708035474492,621,It's very popular now among congressmen.
304,1989,4,30,104,138,1.2753623188405796,0.04335466759371027,621,"You are certainly exploring the limits of the 'Dress for the job you want' maxim, Mr. Bennington."
675,1989,7,24,107,138,1.2753623188405796,0.046872025458178125,621,You’ll be killed in a jousting match way before this baby goes out of style.
5132,1989,6,26,106,138,1.2753623188405796,0.04572964298740044,621,"If you’re on the fence, it comes with a very smart pocket square."
704,1989,7,24,107,138,1.2753623188405796,0.046872025458178125,621,"Alfred, when I said ‘Dark Knight’, I had a different look in mind."
987,1989,6,26,106,138,1.2753623188405796,0.04572964298740044,621,Every White House Chief of Staff should have one.
1172,1989,10,18,110,138,1.2753623188405796,0.050143258160425565,621,Everyone at the White house is wearing them.
2256,1989,7,24,107,138,1.2753623188405796,0.046872025458178125,621,"If you take two, I'll throw in a matching lance and shield."
2330,1989,7,24,107,138,1.2753623188405796,0.046872025458178125,621,It's retro
701,1989,7,24,107,138,1.2753623188405796,0.046872025458178125,621,"Well they say “dress for the job you want” and, like, how sick would THIS job be?"
2979,1989,8,22,108,138,1.2753623188405796,0.047987220104410026,621,It's what everyone working in the White House is wearing.
3191,1989,5,28,105,138,1.2753623188405796,0.044557981607767055,621,Does this armor make me look fat?
3385,1989,5,28,105,138,1.2753623188405796,0.044557981607767055,621,"Don't worry, it'll stretch."
3407,1989,6,26,106,138,1.2753623188405796,0.04572964298740044,621,"I’m sorry, sir, but I don’t think we’ll be able to take in the shoulders."
3826,1989,7,24,107,138,1.2753623188405796,0.046872025458178125,621,"For fun, we add a fascinator."
4253,1989,4,30,104,138,1.2753623188405796,0.04335466759371027,621,"It comes with a can opener, just in case."
4361,1989,6,26,106,138,1.2753623188405796,0.04572964298740044,621,"Basically, it protects most of you, but your ass is still exposed."
4658,1989,6,26,106,138,1.2753623188405796,0.04572964298740044,621,"In corporate business attire, the 1190's have never gone out of style."
2919,1989,9,20,109,138,1.2753623188405796,0.04907708035474492,621,It’s popular with both White House staff and White House reporters. And it comes with a second helmet.
7247,2028,7,25,110,142,1.2746478873239437,0.04595773378979546,621,It’s all-American Steel
5005,2028,2,35,105,142,1.2746478873239437,0.04015797169627067,621,And it provides a nice display in your library rather than taking up closet space when you are not wearing it.
3902,2028,8,23,111,142,1.2746478873239437,0.04703194038056216,621,Not what I meant by something suitable to wear for the night.
830,2031,6,19,88,113,1.2743362831858407,0.052207567970408965,621,There is an additional 30% off with proof of pillaging.
5977,2031,6,19,88,113,1.2743362831858407,0.052207567970408965,621,"And it's perfect for a knight on the town, sire."
5337,2033,8,21,106,135,1.2740740740740741,0.04867467349299314,621,Mr. President!  Your uniform for the parade
7387,2033,7,23,105,135,1.2740740740740741,0.04752541972603657,621,The current Press Secretary ordered one last week.
7101,2033,5,27,103,135,1.2740740740740741,0.04513921666476789,621,Who's the lucky lady?
6579,2033,3,31,101,135,1.2740740740740741,0.04261962273509436,621,I think you'll be pleased you paid us a visit before telling your wife about your love affair.
6525,2033,3,31,101,135,1.2740740740740741,0.04261962273509436,621,"It fits you perfectly, but don't wear it on rainy days."
6178,2033,5,27,103,135,1.2740740740740741,0.04513921666476789,621,Not waterproof. But definitely water resistant.
3334,2033,5,27,103,135,1.2740740740740741,0.04513921666476789,621,"It looks sharp, and it won't cost you an arm and a leg."
3471,2033,6,25,104,135,1.2740740740740741,0.046347677402674696,621,"Yep, it does make your ass huge."
3005,2033,7,23,105,135,1.2740740740740741,0.04752541972603657,621,The very latest thing in back-to-school wear.
2853,2033,6,25,104,135,1.2740740740740741,0.046347677402674696,621,"Yes, Sir, this is business castle wear."
2845,2033,5,27,103,135,1.2740740740740741,0.04513921666476789,621,The classics never really die out.
2604,2033,7,23,105,135,1.2740740740740741,0.04752541972603657,621,"If you prefer, we could install zippers both aft and stern"
2446,2033,5,27,103,135,1.2740740740740741,0.04513921666476789,621,"Yes, my lord, in a manner of speaking, this is a permanent press, no iron suit!"
1720,2033,6,25,104,135,1.2740740740740741,0.046347677402674696,621,"""It's also available in chain mail, perfect for the summer months."""
1122,2033,4,29,102,135,1.2740740740740741,0.043897500630392564,621,I'm guessing this is your first Metallica concert.
2553,2048,5,25,98,128,1.2734375,0.046684941138279756,621,It’s a spearsucker suit.
4386,2048,4,27,97,128,1.2734375,0.04534812270669706,621,And we offer free altercations for the life of the suit.
6613,2048,6,23,99,128,1.2734375,0.047984531102717234,621,It really suits you. And there's a furniture store next door with some very nice round tables.
7188,2048,5,25,98,128,1.2734375,0.046684941138279756,621,"Dents maybe, but no wrinkles, guaranteed."
7298,2052,6,26,107,139,1.2733812949640289,0.04544266157650377,621,Don't forget to pee before putting it on!
6960,2052,9,20,110,139,1.2733812949640289,0.04876298529440736,621,"Actually, Knight in Shining Armor Chic is making a comeback"
6495,2052,7,24,108,139,1.2733812949640289,0.04657574374835,621,Honestly.  No one looks any better in it than you.
6210,2052,10,18,111,139,1.2733812949640289,0.049820609684927596,621,You look super cute
5468,2052,7,24,108,139,1.2733812949640289,0.04657574374835,621,Shotgun Wedding? We have just the suit for you
1109,2052,6,26,107,139,1.2733812949640289,0.04544266157650377,621,"Believe me, Mr. Pruitt, your staff will love it."
3823,2052,7,24,108,139,1.2733812949640289,0.04657574374835,621,Perfect for the CEO compensation discussion.
3403,2052,8,22,109,139,1.2733812949640289,0.04768190768276031,621,It goes really well with your eyes.
3249,2052,9,20,110,139,1.2733812949640289,0.04876298529440736,621,"Are you sure this looks say ""Internet security guru""?"
1638,2052,11,16,112,139,1.2733812949640289,0.050856244099748586,621,I guess you didn't understand when I asked for heavy metal gear.
4976,2052,7,24,108,139,1.2733812949640289,0.04657574374835,621,"It will protect you and allow you to be the arrogant SOB you have always been.  Shall I have it wrapped, Don Jr.?"
7252,2063,9,19,108,136,1.2720588235294117,0.04947096127252047,621,There’s also a gently used version that comes in spotted red.
5984,2063,9,19,108,136,1.2720588235294117,0.04947096127252047,621,Do you have it in matte?
5751,2063,6,25,105,136,1.2720588235294117,0.046049740755039065,621,Where it says No Iron it means Wash and Wear
621,2063,7,23,106,136,1.2720588235294117,0.04721769885837242,621,Its not rustproof but its guaranteed to protect you against the slings and arrows of outrageous fortune.
583,2063,6,25,105,136,1.2720588235294117,0.046049740755039065,621,"Clever, but I'll still need to measure the inseam."
4673,2063,7,23,106,136,1.2720588235294117,0.04721769885837242,621,It also comes in chain mail and Press Secretary brass.
6713,2069,5,28,107,140,1.2714285714285714,0.04400651304553963,621,"Yes, it is extremely well suited for family gatherings."
148,2069,4,30,106,140,1.2714285714285714,0.042822870846178,621,Or would you rather go with the power tie?
2071,2069,6,26,108,140,1.2714285714285714,0.04515914207938474,621,"Will that be cash, check, or -- oh, of course."
3715,2069,8,22,110,140,1.2714285714285714,0.04738035414793428,621,I'm afraid this suit makes me look ten pounds heavier.
5322,2069,7,24,109,140,1.2714285714285714,0.046283075051954635,621,You might want to consider accessorizing the outfit with a jeweled scabbard and perhaps an escutcheon in a subdued pattern.
5347,2069,6,26,108,140,1.2714285714285714,0.04515914207938474,621,"Actually Sir, a Suit of Armani was my suggestion..."
6515,2075,4,27,98,129,1.2713178294573644,0.04504511356267232,621,I do think the chest plate makes you look a bit more round
6501,2075,3,29,97,129,1.2713178294573644,0.04367995220769242,621,The pre-tariff price still applied to the material in this suit.
5663,2075,4,27,98,129,1.2713178294573644,0.04504511356267232,621,Alterations and rustproofing are extra.
6379,2075,6,23,100,129,1.2713178294573644,0.047658265997511384,621,"It'll help with the Mace and Axe, but you'll still suffer the slings and arrows of outrageous fortune."
5714,2075,6,23,100,129,1.2713178294573644,0.047658265997511384,621,"Your butt is supposed to look big, Sir Galahad."
6599,2075,9,17,103,129,1.2713178294573644,0.051329157512205535,621,It might be a throwback but it's the latest in K-12 teacher-wear
6405,2075,4,27,98,129,1.2713178294573644,0.04504511356267232,621,It's the perfect suit for a divorce hearing.
6716,2075,4,27,98,129,1.2713178294573644,0.04504511356267232,621,Under Armor is optional.
6874,2075,2,31,96,129,1.2713178294573644,0.042270725021680694,621,It definitely makes you look a few centuries younger.
6797,2075,6,23,100,129,1.2713178294573644,0.047658265997511384,621,"It also comes in seersucker, for those hot, summery days."
6801,2075,4,27,98,129,1.2713178294573644,0.04504511356267232,621,It's sophisticated without being too stuffy.
6820,2075,4,27,98,129,1.2713178294573644,0.04504511356267232,621,This one is from our 'Homeowner's Association Meeting' line.
7135,2075,4,27,98,129,1.2713178294573644,0.04504511356267232,621,The patches of rust just indicate that it's irony.
7326,2075,3,29,97,129,1.2713178294573644,0.04367995220769242,621,It breathes better with a wicking undershirt.
7363,2075,5,25,99,129,1.2713178294573644,0.04637010121707519,621,"No, you don't look fat."
7447,2075,8,19,102,129,1.2713178294573644,0.0501354004661881,621,"No, actually the chain mail made your butt look bigger."
6744,2075,7,21,101,129,1.2713178294573644,0.048912517302806054,621,"Of course, it comes with an ironclad guarantee."
5451,2075,2,31,96,129,1.2713178294573644,0.042270725021680694,621,The accessories department have a lovely selection of lances should you wish to joust later.”
6023,2075,5,25,99,129,1.2713178294573644,0.04637010121707519,621,"And, it comes with a complimentary can of WD40"
4995,2075,5,25,99,129,1.2713178294573644,0.04637010121707519,621,I can let you have it today at a pre-tariff price.
5353,2075,2,31,96,129,1.2713178294573644,0.042270725021680694,621,Well you did ask for something that would ‘make a statement’
285,2075,6,23,100,129,1.2713178294573644,0.047658265997511384,621,"On you, it says, 'I rule the Hamptons.'"
501,2075,4,27,98,129,1.2713178294573644,0.04504511356267232,621,This one's a vintage look but it still shows people who's the boss.
719,2075,7,21,101,129,1.2713178294573644,0.048912517302806054,621,"I said 'armoire', Jerry."
996,2075,8,19,102,129,1.2713178294573644,0.0501354004661881,621,You might have to carry an oil can with you.
1100,2075,5,25,99,129,1.2713178294573644,0.04637010121707519,621,It's guaranteed to last for at least five protest marches.
1404,2075,3,29,97,129,1.2713178294573644,0.04367995220769242,621,Power suits are back in.
1758,2075,3,29,97,129,1.2713178294573644,0.04367995220769242,621,It also comes in chain mail.
2353,2075,6,23,100,129,1.2713178294573644,0.047658265997511384,621,"Yes. This is the newest in our Identity Protection line, but I’m afraid your card has been declined."
223,2075,5,25,99,129,1.2713178294573644,0.04637010121707519,621,You should consider wearing a layer of Under Amour with this suit.
2792,2075,6,23,100,129,1.2713178294573644,0.047658265997511384,621,"Yes, it's a great fit, but you may run into trouble at airport security."
3348,2075,7,21,101,129,1.2713178294573644,0.048912517302806054,621,"Swords and arrows? Yes. Assault weapons? Sorry, no."
3450,2075,5,25,99,129,1.2713178294573644,0.04637010121707519,621,It's off the rack and slightly used  ... but it will kill at the party
4353,2075,7,21,101,129,1.2713178294573644,0.048912517302806054,621,"Yes, these Italian suits are often on the shiny side."
4693,2075,6,23,100,129,1.2713178294573644,0.047658265997511384,621,"I usually recommend this for a first date but as this is your engagement party, may I suggest something a little less insecure?"
4861,2075,6,23,100,129,1.2713178294573644,0.047658265997511384,621,Can you tell if I am a woman?
4874,2075,6,23,100,129,1.2713178294573644,0.047658265997511384,621,"We can't guarantee that it will keep you safe in a typical American urban environment,but we can say it will at least give you a fighting chance."
2697,2075,5,25,99,129,1.2713178294573644,0.04637010121707519,621,This is the last we have that’s wrinkle free.
5059,2113,8,20,105,133,1.2706766917293233,0.04906022675980432,621,We also have it in wool but most people find it's too itchy.
5064,2113,4,28,101,133,1.2706766917293233,0.044172629347962046,621,It does wonders for your posture.
5137,2113,6,24,103,133,1.2706766917293233,0.046680440407283315,621,…and it seamless goes from day to knight.
5409,2113,6,24,103,133,1.2706766917293233,0.046680440407283315,621,"And if I may say so sir, it suits you"
5472,2113,7,22,104,133,1.2706766917293233,0.047885119642438766,621,It's very slimming. But I'd avoid the scale.
5554,2113,7,22,104,133,1.2706766917293233,0.047885119642438766,621,"Mr. President, this will only protect you from sticks and stones."
5605,2113,6,24,103,133,1.2706766917293233,0.046680440407283315,621,"You can wear it to weddings, work events, and even casual battles."
5737,2113,4,28,101,133,1.2706766917293233,0.044172629347962046,621,"It comes with a jousting lance painted to match your coat of arms, 
a matching handkerchief for a fair maiden, and a free visit to 
the emergency room. Even out of your network."
6290,2113,7,22,104,133,1.2706766917293233,0.047885119642438766,621,"Yes sir, this is perfect for your visit to the immigration center."
6262,2113,7,22,104,133,1.2706766917293233,0.047885119642438766,621,You'll never have to go to the dry cleaners again.
6558,2113,3,30,100,133,1.2706766917293233,0.04286373778568188,621,And just a quick accessory swap--briefcase to sword--takes this suit from the boardroom to the battlefield.
6569,2113,9,18,106,133,1.2706766917293233,0.050207838195606126,621,Alterations can be completed over knight.
6595,2113,7,22,104,133,1.2706766917293233,0.047885119642438766,621,We'll throw in two pairs of socks.
6673,2113,7,22,104,133,1.2706766917293233,0.047885119642438766,621,"Okay.  If I throw in the over-coating, do we have a deal?"
6992,2113,8,20,105,133,1.2706766917293233,0.04906022675980432,621,I have a pair of Brown Wigtips that will go great with that
4520,2113,8,20,105,133,1.2706766917293233,0.04906022675980432,621,No one has ever been mugged that wore this suit.
7394,2113,5,26,102,133,1.2706766917293233,0.04544383731668337,621,It’s the perfect look for day to knight.
6118,2113,5,26,102,133,1.2706766917293233,0.04544383731668337,621,"You did mention she'd be in distress, Sir...?"
4453,2113,4,28,101,133,1.2706766917293233,0.044172629347962046,621,We have this in the relaxed fit as well.
3763,2113,5,26,102,133,1.2706766917293233,0.04544383731668337,621,It's moth proof too.
4135,2113,7,22,104,133,1.2706766917293233,0.047885119642438766,621,A perfect fit and this suit easily goes from day to knight.
176,2113,7,22,104,133,1.2706766917293233,0.047885119642438766,621,Would you like to see the matching lance?
1378,2113,4,28,101,133,1.2706766917293233,0.044172629347962046,621,just don't go near any magnets
2061,2113,9,18,106,133,1.2706766917293233,0.050207838195606126,621,You'll be a hit at the Crusades
2397,2113,8,20,105,133,1.2706766917293233,0.04906022675980432,621,There’s a 20 percent surcharge because of Trump’s steel tariff .
2755,2113,5,26,102,133,1.2706766917293233,0.04544383731668337,621,"It's vintage, you know."
2813,2113,7,22,104,133,1.2706766917293233,0.047885119642438766,621,Best-dressed at the Round Table
2834,2113,6,24,103,133,1.2706766917293233,0.046680440407283315,621,You said you dress to the right so that's what I went with. It's a little late to change your mind now.
4308,2113,8,20,105,133,1.2706766917293233,0.04906022675980432,621,Does your lance lie to the left or to the right?
2855,2113,7,22,104,133,1.2706766917293233,0.047885119642438766,621,This really suits you for the school you are teaching in!
2968,2113,5,26,102,133,1.2706766917293233,0.04544383731668337,621,It brings out the color of your eyes!
3870,2113,5,26,102,133,1.2706766917293233,0.04544383731668337,621,"If I may say so, sir, you’ll just slay them when you wear it."
3909,2113,5,26,102,133,1.2706766917293233,0.04544383731668337,621,I think it suits you really well
3921,2113,10,16,107,133,1.2706766917293233,0.051329798195871676,621,"Sure Mr. Trump, this will send the right message to the children"
3967,2113,8,20,105,133,1.2706766917293233,0.04906022675980432,621,"It suits you—a real steel, by the way."
3970,2113,4,28,101,133,1.2706766917293233,0.044172629347962046,621,We could put a collapsible front at the crotch line if you like.
4128,2113,4,28,101,133,1.2706766917293233,0.044172629347962046,621,The latest from the more militant of the Brooks Brothers.
4134,2113,10,16,107,133,1.2706766917293233,0.051329798195871676,621,I would suggest a blazer.
2931,2113,5,26,102,133,1.2706766917293233,0.04544383731668337,621,"No, I’m afraid alterations are not included on clearance items."
498,2152,7,19,96,122,1.2704918032786885,0.050785571419936636,621,Our onsite metallurgist offers free alterations
1207,2152,6,21,95,122,1.2704918032786885,0.04943370578426822,621,Our welder is in Tuesdays and Saturdays.
4217,2154,3,28,95,126,1.2698412698412698,0.04423989209306628,621,It offers uncompromised protection from backstabbers and cupid's arrows.
25,2155,6,23,101,130,1.2692307692307692,0.047336274701534606,621,Game of Thrones themed weddings are very popular these days.
7458,2155,7,21,102,130,1.2692307692307692,0.04857966124826323,621,"You said you’re in mergers and acquisitions, right?"
6342,2155,6,23,101,130,1.2692307692307692,0.047336274701534606,621,"Perfect for a Knight on the town, Sir."
6114,2155,7,21,102,130,1.2692307692307692,0.04857966124826323,621,Nothing quite says 'I'm your Knight in Shining Armor' as this one.
5207,2155,3,29,98,130,1.2692307692307692,0.04339286980010143,621,The late middle ages are very popular right now.
5113,2155,5,25,100,130,1.2692307692307692,0.04605933475683601,621,It's perfect for that Heavy Metal concert.
4751,2155,6,23,101,130,1.2692307692307692,0.047336274701534606,621,Perfect for your next hostile takeover.
4615,2155,6,23,101,130,1.2692307692307692,0.047336274701534606,621,"Believe you me sir, it will wear like iron."
4571,2155,8,19,103,130,1.2692307692307692,0.04979200810745508,621,"And ... there’s a sword waiting for you at your desk, sir"
7351,2155,9,17,104,130,1.2692307692307692,0.050975529970268434,621,Is anyone in there?
2232,2155,6,23,101,130,1.2692307692307692,0.047336274701534606,621,Perhaps a different look for 'a knight on the town'?
1869,2155,5,25,100,130,1.2692307692307692,0.04605933475683601,621,Our classic suits come in steel gray and silver.
1026,2155,6,23,101,130,1.2692307692307692,0.047336274701534606,621,"Yes, you'll be fully protected until the invention of firearms."
1001,2155,5,25,100,130,1.2692307692307692,0.04605933475683601,621,This model comes with a lifetime supply of WD-40.
756,2155,4,27,99,130,1.2692307692307692,0.04474596891190779,621,The fit is joust right
546,2155,6,23,101,130,1.2692307692307692,0.047336274701534606,621,Most people love the blood-wicking technology.
255,2155,7,21,102,130,1.2692307692307692,0.04857966124826323,621,What really will make you stand out is if you get the matching shield and sword!
2588,2155,6,23,101,130,1.2692307692307692,0.047336274701534606,621,I’ll have my Squire summon the Uber.
2009,2173,7,18,94,119,1.26890756302521,0.05160503066370123,621,Everything old is new again.
6897,2174,6,24,104,134,1.2686567164179106,0.04637478281143451,621,I was joust kidding about the under armor remark
6545,2174,6,24,104,134,1.2686567164179106,0.04637478281143451,621,"Oh, you meant evening wear.  I misunderstood when you said knight wear."
6043,2174,6,24,104,134,1.2686567164179106,0.04637478281143451,621,"An added bonus is no dry cleaning, just a squirt of oil."
5583,2174,6,24,104,134,1.2686567164179106,0.04637478281143451,621,We call it butt of steel
4703,2174,7,22,105,134,1.2686567164179106,0.04756933183724331,621,Sticks and stones are just like words now
3678,2174,6,24,104,134,1.2686567164179106,0.04637478281143451,621,They say the 15th century is making a comeback.
47,2174,6,24,104,134,1.2686567164179106,0.04637478281143451,621,First year free alterations for missing limbs.
4893,2174,8,20,106,134,1.2686567164179106,0.04873460969450579,621,Classic fit. It suits you.
3411,2182,7,21,103,131,1.2671755725190839,0.04825118691053638,621,"Sir, this is Brooks Brothers. Alterations are free whether metal or cloth."
6678,2182,7,21,103,131,1.2671755725190839,0.04825118691053638,621,It's  tres hip.  ALL the White House staff is wearing it.
6243,2182,10,15,106,131,1.2671755725190839,0.05177351132156693,621,Sarah Huckabee Sanders wears this at restaurants
5650,2182,5,25,101,131,1.2671755725190839,0.04575256729499358,621,I’ll have the tailor bring the acetylene torch if the inseam is feeling a bit snug.
4218,2182,6,23,102,131,1.2671755725190839,0.04701847749746068,621,And it's SPF 540 and vermin resistant
3174,2182,5,25,101,131,1.2671755725190839,0.04575256729499358,621,"Your daughter only gets married once, Mr. Markle."
155,2182,7,21,103,131,1.2671755725190839,0.04825118691053638,621,I guess you are a politician?
2455,2182,8,19,104,131,1.2671755725190839,0.049453178364709964,621,and it will protect you from the slings and arrows of fake news
1919,2182,7,21,103,131,1.2671755725190839,0.04825118691053638,621,"The beauty of it is, you can suffer the slings and arrows of outrageous fortune all day long, take arms against a sea of troubles in the evening, and never a wrinkle."
1837,2182,7,21,103,131,1.2671755725190839,0.04825118691053638,621,This is the latest look for self-driving cars.
1532,2182,5,25,101,131,1.2671755725190839,0.04575256729499358,621,This is our latest from Over Armour.
1200,2182,6,23,102,131,1.2671755725190839,0.04701847749746068,621,"Indeed, sir, this line is quite popular with current White House staffers."
392,2182,7,21,103,131,1.2671755725190839,0.04825118691053638,621,Guaranteed protection against both slings and arrows over your outrageous fortune
2777,2182,5,25,101,131,1.2671755725190839,0.04575256729499358,621,For when you really need a power suit.
7403,2196,7,18,95,120,1.2666666666666666,0.05122222323491941,621,"'...of course, alterations could take a while...'."
6775,2196,5,22,93,120,1.2666666666666666,0.04841078504124872,621,We're happy to provide alterations if you don't have your own blacksmith.
2199,2196,6,20,94,120,1.2666666666666666,0.049836333439760135,621,"Dressing to the left, sir? No problem. I'll get the welder."
1231,2196,5,22,93,120,1.2666666666666666,0.04841078504124872,621,Very popular choice. Alterations are taking about a year or two.
2695,2196,8,16,96,120,1.2666666666666666,0.05257159095497189,621,Does sir dress to the left or the right?
5948,2201,9,19,111,139,1.2661870503597121,0.04851623868730769,621,This is for the slings and arrows of outrageous fortune.
7059,2202,3,27,94,124,1.2661290322580645,0.044511026059015704,621,This is for when you really have to throw down the gauntlet.
5195,2203,3,28,97,128,1.265625,0.0436470597159808,621,I can always use a hammer if you'd like a more tapered look.
4663,2203,5,24,99,128,1.265625,0.04638026319434138,621,That's what I get for choosing fashion over comfort.
4793,2203,6,22,100,128,1.265625,0.04768815691594056,621,And it comes with a catheter!
5041,2203,4,26,98,128,1.265625,0.04503440149389559,621,Shall we add a spiked mace ball to bring out those broad shoulders ?
5101,2203,8,18,102,128,1.265625,0.050201825685579946,621,"If I may say so sir, you look particularly well-suited for a hostile take-over."
5443,2203,5,24,99,128,1.265625,0.04638026319434138,621,The oil  can is sold separately -  they can help you in the accessory department.
7088,2203,8,18,102,128,1.265625,0.050201825685579946,621,"Melania will LOVE it,sir!!!"
5818,2203,6,22,100,128,1.265625,0.04768815691594056,621,Looks like someone’s in for a big knight.
6705,2203,7,20,101,128,1.265625,0.04896112545788099,621,"This suit only comes in one color, Sir."
6878,2203,4,26,98,128,1.265625,0.04503440149389559,621,We sell a lot of these to White House staffers.
6977,2203,6,22,100,128,1.265625,0.04768815691594056,621,Let me get the blow torch and we'll take it up in the crotch a bit.
4528,2203,9,16,103,128,1.265625,0.051412593770673996,621,And the best part--the suit is 100% moth proof!
5795,2203,5,24,99,128,1.265625,0.04638026319434138,621,"American steel is an excellent choice for your nostalgic trade war, Mr. President."
4421,2203,4,26,98,128,1.265625,0.04503440149389559,621,It’s guaranteed rust proof and wrinkle free.
6273,2203,8,18,102,128,1.265625,0.050201825685579946,621,"It's the finest in ""not me too"" ladies wear."
4140,2203,6,22,100,128,1.265625,0.04768815691594056,621,"Sure, it's dry clean only, but classic lines, and it will wear like iron."
4375,2203,9,16,103,128,1.265625,0.051412593770673996,621,It's the latest addition to the NRA's new Protection clothing line. Overstated and archaic just like the NRA.
203,2203,6,22,100,128,1.265625,0.04768815691594056,621,"Rough G7 summit, Sir?"
1056,2203,4,26,98,128,1.265625,0.04503440149389559,621,"Remember, stay out of the rain."
1242,2203,5,24,99,128,1.265625,0.04638026319434138,621,"Since it’s our yearly sale, it comes with a second pair of greaves and cuisses!"
1273,2203,7,20,101,128,1.265625,0.04896112545788099,621,It’s an Armourani!
1504,2203,4,26,98,128,1.265625,0.04503440149389559,621,"Yes. Very slimming, sir."
1563,2203,9,16,103,128,1.265625,0.051412593770673996,621,I'm thinking you are having doubts about being a school teacher.
2399,2203,4,26,98,128,1.265625,0.04503440149389559,621,Alterations are extra.
2030,2203,4,26,98,128,1.265625,0.04503440149389559,621,We designed it specifically for the modern woman seeking added comfort in her male-dominated place of work.
1746,2203,8,18,102,128,1.265625,0.050201825685579946,621,This suit doesn't require dry cleaning. Just walk through a car wash.
2927,2203,7,20,101,128,1.265625,0.04896112545788099,621,"The school board budget was too small to arm teachers with guns. Instead, these suits should suffice."
3061,2203,4,26,98,128,1.265625,0.04503440149389559,621,...and the musk oil lubricant gives it that manly scent.
3172,2203,5,24,99,128,1.265625,0.04638026319434138,621,"Very nice choice, sir. It's constructed of the finest Canadian Steel,  imported before the Trump Tariffs."
3634,2203,7,20,101,128,1.265625,0.04896112545788099,621,It suggests a certain chivalrous gravitas in negotiations that conveys that you are both gallant and dangerous.
4263,2233,2,26,85,113,1.2654867256637168,0.045355909428392294,621,People will imagine you're ripped.
6582,2234,7,21,104,132,1.2651515151515151,0.04792701155749111,621,As featured in Esquire.
6548,2234,7,21,104,132,1.2651515151515151,0.04792701155749111,621,"Well, now you’re ready to meet the in-laws"
5905,2234,7,21,104,132,1.2651515151515151,0.04792701155749111,621,hmmm...i don’t know. does it make me look fat?
5705,2234,10,15,107,132,1.2651515151515151,0.051419643132208565,621,Mr. Trump will see you now.
4662,2234,5,25,102,132,1.2651515151515151,0.045449726014839965,621,"It’s protection, but it’s not 100%."
5826,2234,6,23,103,132,1.2651515151515151,0.04670479649701895,621,"Ah, there you are, sir! Much more slimming than the chain mail."
3544,2234,6,23,103,132,1.2651515151515151,0.04670479649701895,621,It's Made in America
2488,2234,4,27,101,132,1.2651515151515151,0.044158998786431834,621,Nice fit. Perfect for any hostile takeover.
2142,2234,5,25,102,132,1.2651515151515151,0.045449726014839965,621,Congratulations on your election to Congress!
1228,2234,5,25,102,132,1.2651515151515151,0.045449726014839965,621,"It's Italian, of course, and really fits you like a gauntlet."
926,2234,6,23,103,132,1.2651515151515151,0.04670479649701895,621,Stunning!  And many other young gents decided on this to meet a future father-in-law.
4578,2234,3,29,100,132,1.2651515151515151,0.042829391226308085,621,... and for an additional small fee we can include rust proofing.
7034,2246,6,19,92,117,1.264957264957265,0.05062701807537747,621,Looks great.  Stay right there and I'll bring in the welder to tighten up that inseam.
5570,2246,4,23,90,117,1.264957264957265,0.04762741360339789,621,May I also interest you in some  stay cool underarmor?
938,2248,5,22,94,121,1.2644628099173554,0.048059586295481994,621,"if it needs to be altered, we have a welder on site"
6208,2249,4,25,96,125,1.264,0.04564095500965716,621,It's perfect for a middle aged man like you.
6172,2249,8,17,100,125,1.264,0.050982602978384826,621,It's also available in cashmere.
6129,2249,9,15,101,125,1.264,0.05223272982064148,621,"Personally, I wouldn't be caught dead in it."
6429,2249,4,25,96,125,1.264,0.04564095500965716,621,The fly is made of Velcro
3056,2249,7,19,99,125,1.264,0.049701041723359256,621,"Surely you joust, milady."
2696,2249,6,21,98,125,1.264,0.0483855483623218,621,If that's a concern you can always try Depends.
934,2249,6,21,98,125,1.264,0.0483855483623218,621,Do you want cuffs ?
3646,2249,7,19,99,125,1.264,0.049701041723359256,621,Might I also interest you in anything white satin?
4455,2249,2,29,94,125,1.264,0.042720396277007036,621,The novelty alone is worth the price.
225,2258,5,24,100,129,1.2635658914728682,0.046065365596917485,621,It's the kind of suit that makes people call you Sir.
732,2258,4,26,99,129,1.2635658914728682,0.044731352277456546,621,I beleive she was speaking metaphorically when she said she was looking for a knight in shining armor.
1655,2258,9,16,104,129,1.2635658914728682,0.051054030512866236,621,And ...with the titanium codpiece you can pee in battle and not worry about those telltale rust stains.
4037,2258,8,18,103,129,1.2635658914728682,0.0498536859279324,621,"No, this does not come in white satin."
5842,2258,6,22,101,129,1.2635658914728682,0.047361819418023005,621,"And in autumn, you can wear it in rust."
5998,2258,5,24,100,129,1.2635658914728682,0.046065365596917485,621,Not everyone can carry that off...
7177,2258,6,22,101,129,1.2635658914728682,0.047361819418023005,621,It also comes in Bronze
1338,2265,5,15,75,95,1.263157894736842,0.05641496850082867,621,It's impeccably tailored and comes with WiFi.
5182,2266,6,20,96,122,1.2622950819672132,0.0491125396521135,621,This suit is no iron - it's aluminum.
4777,2266,6,20,96,122,1.2622950819672132,0.0491125396521135,621,... and no one will stop you from using the rest room of your choice.
4536,2266,3,26,93,122,1.2622950819672132,0.044783842626875466,621,So...time for your annual employee evaluation?
2699,2266,3,26,93,122,1.2622950819672132,0.044783842626875466,621,Rain?  Not to worry.  There's a little oil can under the breastplate.
430,2266,4,24,94,122,1.2622950819672132,0.0462717576639643,621,"And, it is wrinkle free."
4506,2271,6,21,99,126,1.2619047619047619,0.0480457076404931,621,Congratulations on being elected to Congress.
4535,2271,7,19,100,126,1.2619047619047619,0.049349510125834724,621,"Been invited to the UN Human Rights Committee, have you?"
4550,2271,5,23,98,126,1.2619047619047619,0.04670552318186373,621,You wouldn't be Jousting me would you ?
4928,2271,5,23,98,126,1.2619047619047619,0.04670552318186373,621,"it's stylish, trendy, and totally in vogue. Of course, the occasional itch can be problematic."
5220,2271,4,25,97,126,1.2619047619047619,0.04532572965444112,621,A classic look never goes out of style.
5245,2271,7,19,100,126,1.2619047619047619,0.049349510125834724,621,"Evening wear? Sir, I understood you requested “knight time” ensemble."
5257,2271,7,19,100,126,1.2619047619047619,0.049349510125834724,621,"Yes, it is a performance fabric."
5286,2271,4,25,97,126,1.2619047619047619,0.04532572965444112,621,It's not often we get a perfect fit on a garment right off the rack.
5692,2271,3,27,96,126,1.2619047619047619,0.043902592653775656,621,We can inscribe a tasteless statement on the back if you so desire.
5746,2271,4,25,97,126,1.2619047619047619,0.04532572965444112,621,All aluminum design...pre-tariff price.
5801,2271,3,27,96,126,1.2619047619047619,0.043902592653775656,621,Armani armor
6085,2271,5,23,98,126,1.2619047619047619,0.04670552318186373,621,I ordered it in time to beat the tariff on coats of armor.
6235,2271,5,23,98,126,1.2619047619047619,0.04670552318186373,621,"No, sir, we don't recommend machine washing."
6322,2271,4,25,97,126,1.2619047619047619,0.04532572965444112,621,I think the 43 Long would be a better fit.
6333,2271,5,23,98,126,1.2619047619047619,0.04670552318186373,621,You'll want to wear boxers
6455,2271,3,27,96,126,1.2619047619047619,0.043902592653775656,621,"Well, yes, linen would breathe more, but this is guaranteed wrinkle-free!"
6577,2271,5,23,98,126,1.2619047619047619,0.04670552318186373,621,And this suit comes with a personalized Phillips Head screwdriver.
6603,2271,7,19,100,126,1.2619047619047619,0.049349510125834724,621,"UPF 50, no laundry expense, and 95% bulletproof with the visor down."
7113,2271,7,19,100,126,1.2619047619047619,0.049349510125834724,621,You'll lose several sizes just walking around in it for a few weeks.
7161,2271,3,27,96,126,1.2619047619047619,0.043902592653775656,621,"Well, it sends a much stronger message than the standard power tie"
4207,2271,4,25,97,126,1.2619047619047619,0.04532572965444112,621,"It's Over Armour, of course."
4175,2271,5,23,98,126,1.2619047619047619,0.04670552318186373,621,Dry cleaning bills will be a thing of the past.
6803,2271,10,13,103,126,1.2619047619047619,0.053069073202876314,621,"Yep, you're still a twat."
4008,2271,4,25,97,126,1.2619047619047619,0.04532572965444112,621,Of course it’s entirely up to if you don’t want to wear the vest.
4150,2271,6,21,99,126,1.2619047619047619,0.0480457076404931,621,I think the new Armorni suits you better sir
314,2271,4,25,97,126,1.2619047619047619,0.04532572965444112,621,Really hides that unwanted belly fat.
801,2271,6,21,99,126,1.2619047619047619,0.0480457076404931,621,I hope you have a nice armoire in which to hang your new suit.
862,2271,4,25,97,126,1.2619047619047619,0.04532572965444112,621,Buy two and I can throw in the lance.
1215,2271,6,21,99,126,1.2619047619047619,0.0480457076404931,621,It never needs irony!
1253,2271,8,17,101,126,1.2619047619047619,0.050619741965403094,621,From our Coat of Armani Collection
1465,2271,8,17,101,126,1.2619047619047619,0.050619741965403094,621,"It complements your stiff upper lip,Sir!"
1786,2271,7,19,100,126,1.2619047619047619,0.049349510125834724,621,You'll slay 'em in this outfit.
2212,2271,8,17,101,126,1.2619047619047619,0.050619741965403094,621,"Our finest suit, sir. Will you be paying with credit or gold?"
2260,2271,4,25,97,126,1.2619047619047619,0.04532572965444112,621,Our smith will measure for alterations.
940,2271,6,21,99,126,1.2619047619047619,0.0480457076404931,621,It should last for many seasons if you don’t get it wet
2343,2271,3,27,96,126,1.2619047619047619,0.043902592653775656,621,"You're gonna like the way it patinas, we guarantee it."
2392,2271,4,25,97,126,1.2619047619047619,0.04532572965444112,621,This is from one of our earliest archival lines.
2426,2271,6,21,99,126,1.2619047619047619,0.0480457076404931,621,"Yes, you do look taller."
2583,2271,6,21,99,126,1.2619047619047619,0.0480457076404931,621,It’s our summer ‘Spearsucker’ model.
2729,2271,5,23,98,126,1.2619047619047619,0.04670552318186373,621,"Well... If this is too much for you, you can always take it down a notch with a pair of sneakers."
3062,2271,7,19,100,126,1.2619047619047619,0.049349510125834724,621,"If I may say, Sir, it's quite the take-no-prisoners look."
3935,2271,4,25,97,126,1.2619047619047619,0.04532572965444112,621,"Trust me, chivalry is making a comeback next season."
2309,2271,6,21,99,126,1.2619047619047619,0.0480457076404931,621,We have it in denim.
3265,2271,8,17,101,126,1.2619047619047619,0.050619741965403094,621,"So, how are you enjoying your job with the Trump Administration?"
3377,2271,4,25,97,126,1.2619047619047619,0.04532572965444112,621,It's our new summer-weight polymer.
3383,2271,8,17,101,126,1.2619047619047619,0.050619741965403094,621,"What time is your appointment with Mr. Weinstein, Miss Wright?"
3898,2317,3,28,99,130,1.2615384615384615,0.043069255642691595,621,Looking good for your knight out.
3004,2317,7,20,103,130,1.2615384615384615,0.04829081816580638,621,"We have our own in-house smithy, so any alterations can be done on site."
7020,2319,4,24,95,123,1.2601626016260163,0.04594353918685369,621,YOU LOOK 400 YEARS YOUNGER!!!!!!!!!
6830,2319,5,22,96,123,1.2601626016260163,0.04737181455611305,621,I think it enhances your best attributes.
6807,2319,5,22,96,123,1.2601626016260163,0.04737181455611305,621,"A fine selection, Sir.  I’ll have our blacksmith get your measurements."
6275,2319,3,26,94,123,1.2601626016260163,0.04446941388965181,621,"This suit offers the utmost protection against duals, dragons, and #MeToo."
5931,2319,3,26,94,123,1.2601626016260163,0.04446941388965181,621,"A daring choice, sir.  Most men stop at underarmours."
5919,2319,6,20,97,123,1.2601626016260163,0.048758269408004706,621,Now you're ready for your grand jury testimony.
5395,2319,4,24,95,123,1.2601626016260163,0.04594353918685369,621,"It’s an older style, but this suit’s a classic."
4336,2319,7,18,98,123,1.2601626016260163,0.05010637541259965,621,...and have ye a Lord and Tailor Rewards Card?
5173,2319,6,20,97,123,1.2601626016260163,0.048758269408004706,621,Which side does your mace hang on?
4760,2319,6,20,97,123,1.2601626016260163,0.048758269408004706,621,"No, a few hours earlier than that. It's ""evening"" wear."
4401,2319,6,20,97,123,1.2601626016260163,0.048758269408004706,621,This is part of our #Metoo collection
4377,2319,5,22,96,123,1.2601626016260163,0.04737181455611305,621,"We have the same style in chainmail, but plate is much more slimming."
3571,2319,7,18,98,123,1.2601626016260163,0.05010637541259965,621,"I'm thinking great for fighting those hostile corporate takeovers, but not so hot for your subway commute."
2136,2319,6,20,97,123,1.2601626016260163,0.048758269408004706,621,You did say that you wanted something traditional
3224,2319,4,24,95,123,1.2601626016260163,0.04594353918685369,621,It's one of those timeless classics you can wear anywhere.
2820,2319,5,22,96,123,1.2601626016260163,0.04737181455611305,621,"Chaste makes waste, they say."
2423,2319,5,22,96,123,1.2601626016260163,0.04737181455611305,621,"Your suit can be forged in 3 days, sir !"
2368,2319,7,18,98,123,1.2601626016260163,0.05010637541259965,621,Thin Man”? I thought you said “Tin Man”
2364,2319,5,22,96,123,1.2601626016260163,0.04737181455611305,621,Trust me.  This is the finish you want. Shiny is so over rated.
1864,2319,4,24,95,123,1.2601626016260163,0.04594353918685369,621,"With a little oil, you can even go out in the rain."
1794,2319,4,24,95,123,1.2601626016260163,0.04594353918685369,621,I see you went for the one with the pleats.  Good choice!
1596,2319,8,16,99,123,1.2601626016260163,0.05141914894582732,621,It looks perfect on you! Should I get a can opener or will you be wearing it home?
909,2319,5,22,96,123,1.2601626016260163,0.04737181455611305,621,"The fit is perfect, but I think the stainless looks better on you."
819,2319,4,24,95,123,1.2601626016260163,0.04594353918685369,621,"Unfortunately, it's our special model for schoolteachers."
786,2319,7,18,98,123,1.2601626016260163,0.05010637541259965,621,It’s a little dated but you’ll never have another dry cleaning bill.
3524,2319,4,24,95,123,1.2601626016260163,0.04594353918685369,621,Looks a little tight in the hinge
5333,2345,6,21,100,127,1.2598425196850394,0.04771048382553092,621,Talk about farts that linger.
4334,2345,8,17,102,127,1.2598425196850394,0.050261904269257536,621,They say the man makes the suit.
19,2345,8,17,102,127,1.2598425196850394,0.050261904269257536,621,"So, is it 'yes' or 'ni'?"
977,2345,4,25,98,127,1.2598425196850394,0.04501468108251446,621,And it's rainproof.
1023,2345,5,23,99,127,1.2598425196850394,0.04638217211292898,621,And the best part is without a belt you will absolutely speed through security.
54,2350,4,26,101,131,1.2595419847328244,0.04413690634167973,621,That armor really suits you.
4712,2351,4,23,93,120,1.2583333333333333,0.046586315378863125,621,"In light of Me Too, the company has decided to update our recommended dress code."
7100,2351,3,25,92,120,1.2583333333333333,0.04505805985803134,621,It also comes in relaxed platinum.
6837,2351,4,23,93,120,1.2583333333333333,0.046586315378863125,621,I'll even throw in a can of WD-40.
6195,2351,6,19,95,120,1.2583333333333333,0.04950148306259951,621,It's the closest we have to a full metal jacket.
5476,2351,5,21,94,120,1.2583333333333333,0.04806600464972997,621,"Honestly, the waist cinch isn’t very mid-friendly—frankly, I’d even daresay it’s mid-evil."
5161,2351,6,19,95,120,1.2583333333333333,0.04950148306259951,621,Fits like a glove.
4664,2351,5,21,94,120,1.2583333333333333,0.04806600464972997,621,We also have that in aluminum for those warm summer jousts.
3786,2351,5,21,94,120,1.2583333333333333,0.04806600464972997,621,"Tight in the crotch is the style, sir."
3260,2351,6,19,95,120,1.2583333333333333,0.04950148306259951,621,Isn't it early to dress for the 2020 primary debates?
2210,2351,5,21,94,120,1.2583333333333333,0.04806600464972997,621,"Wear that to the board meeting, and they will know you are intent on pursuing your agenda."
1490,2351,6,19,95,120,1.2583333333333333,0.04950148306259951,621,And you can also use it as a colander!
1061,2351,5,21,94,120,1.2583333333333333,0.04806600464972997,621,"If this is too plain, we also have a line in herringbone, and one in tweed."
157,2351,6,19,95,120,1.2583333333333333,0.04950148306259951,621,Your next Cabinet meeting with him should be less stressful.
4450,2351,3,25,92,120,1.2583333333333333,0.04505805985803134,621,Your suit comes with a three year shine or an oil can.
5305,2365,6,20,98,124,1.2580645161290323,0.04840894689803205,621,It’s perfect for that Round Table discussion.
7462,2365,3,26,95,124,1.2580645161290323,0.04415920186203535,621,as an added feature it comes with a can opener.
7173,2365,6,20,98,124,1.2580645161290323,0.04840894689803205,621,"If I were the Queen, I'd tap that."
6359,2365,5,22,97,124,1.2580645161290323,0.047035048593734724,621,Dry clean only. No ironing needed.
5068,2365,7,18,99,124,1.2580645161290323,0.04974491414544795,621,We also have it in a cotton wool blend.
4852,2365,6,20,98,124,1.2580645161290323,0.04840894689803205,621,We do have that in an air conditioned version.
2782,2365,5,22,97,124,1.2580645161290323,0.047035048593734724,621,Off the rack isn't a bad thing.
2734,2365,7,18,99,124,1.2580645161290323,0.04974491414544795,621,Admit it. It's you.
2623,2365,4,24,96,124,1.2580645161290323,0.04561979233461597,621,I think a lance will really bring the look together
1617,2365,6,20,98,124,1.2580645161290323,0.04840894689803205,621,It's a very polished look.
3306,2365,5,22,97,124,1.2580645161290323,0.047035048593734724,621,The mirror adds 10 plates.
221,2376,6,21,101,128,1.2578125,0.04737978694937442,621,Nice suit.
1388,2376,4,25,99,128,1.2578125,0.04470773109029495,621,It looks better in middle ages.
4848,2378,6,22,104,132,1.2575757575757576,0.046408374605699396,621,This is what happens when you buy a suit off the rack.
1346,2379,6,17,90,113,1.2566371681415929,0.051492823904971695,621,Now they'll HAVE to call you Sir.
2865,2379,9,11,93,113,1.2566371681415929,0.05590701523416926,621,my wife will hate it- I'll take five
6598,2381,5,20,92,117,1.2564102564102564,0.04879002532739663,621,We call it “practical tactical” Mr Pruitt.
6645,2381,8,14,95,117,1.2564102564102564,0.0531277067115757,621,"Unlike the Armani sir, this one WILL stop both melee attacks and ranged projectiles."
3201,2381,6,18,93,117,1.2564102564102564,0.05027751771692531,621,That will be quite comfortable with your under-armour
5378,2381,5,20,92,117,1.2564102564102564,0.04879002532739663,621,"And in full armor, nobody knows you’re a dog."
7164,2381,5,20,92,117,1.2564102564102564,0.04879002532739663,621,"Next sir, will you be trying on daywear?"
4666,2381,6,18,93,117,1.2564102564102564,0.05027751771692531,621,Fits pretty good for off the rack.
89,2381,2,26,89,117,1.2564102564102564,0.04402703626710301,621,Every teacher gets a  15% discount and free shield.
1444,2381,4,22,91,117,1.2564102564102564,0.047255733568745614,621,We have our own in-house welder for alternations.
1002,2381,3,24,90,117,1.2564102564102564,0.04566992597752418,621,If you INSIST on a zipper I think we can do that for you.
698,2381,4,22,91,117,1.2564102564102564,0.047255733568745614,621,Tailor-made for the summer. The mosquitoes won't  have a chance.
411,2381,4,22,91,117,1.2564102564102564,0.047255733568745614,621,"For alternations, the blacksmith needs 4 to 6 weeks."
284,2381,3,24,90,117,1.2564102564102564,0.04566992597752418,621,It's from an earlier season—but it's a bargain!
2097,2381,3,24,90,117,1.2564102564102564,0.04566992597752418,621,"Chafing? Well, no one has complained about chafing."
5285,2394,5,21,95,121,1.256198347107438,0.04771489828013436,621,Guaranteed to protect you from mosquitoes and sunburn
4623,2394,5,21,95,121,1.256198347107438,0.04771489828013436,621,you'll be erect in every situation
4603,2394,5,21,95,121,1.256198347107438,0.04771489828013436,621,"The ""shining"" option is extra."
4762,2394,7,17,97,121,1.256198347107438,0.05051924001355801,621,We provide an oil can free of charge.
4810,2394,4,23,94,121,1.256198347107438,0.04624900508174865,621,"Scrap metal is the new silk. Doesn't stain, wears well day or night and no one fights you for a taxi."
4969,2394,6,19,96,121,1.256198347107438,0.049137079326263634,621,"It is not a perfect firewall, but it will stop the hackers"
4920,2394,6,19,96,121,1.256198347107438,0.049137079326263634,621,We've had trouble keeping them in stock since Trump was elected.
5014,2394,7,17,97,121,1.256198347107438,0.05051924001355801,621,We could bring down the tail in the back so you don’t get shot in the rear when you are retreating.
5075,2394,8,15,98,121,1.256198347107438,0.05186457999810118,621,And this is the male version of the full body Spanx
4865,2394,5,21,95,121,1.256198347107438,0.04771489828013436,621,I still think holding the door would be enough
4570,2394,4,23,94,121,1.256198347107438,0.04624900508174865,621,It’s a little tight in the groin.
3877,2394,6,19,96,121,1.256198347107438,0.049137079326263634,621,I don’t quite know what to say. Can we just persist with this awkward silence..?
4413,2394,7,17,97,121,1.256198347107438,0.05051924001355801,621,I assure you that it is wash and wear.
4359,2394,5,21,95,121,1.256198347107438,0.04771489828013436,621,It is classic Sir.   It will never go out of style and no dry cleaning!
4337,2394,8,15,98,121,1.256198347107438,0.05186457999810118,621,It's the latest style for Congressional hearings.
4320,2394,6,19,96,121,1.256198347107438,0.049137079326263634,621,"If Sir doesn't like this color, we also offer it in rust."
4306,2394,5,21,95,121,1.256198347107438,0.04771489828013436,621,Mail makes the male.
4148,2394,6,19,96,121,1.256198347107438,0.049137079326263634,621,"'...in shining armor?!?!'  Um, well, ohh-kaaay, Mr. President! Lookin' real good right there! Very noble. Very smart. Very presidential!  For sure! I'd buy it, hahaha."
4141,2394,3,25,93,121,1.256198347107438,0.0447351028189235,621,Everyone will be wearing one come midterms.
4080,2394,4,23,94,121,1.256198347107438,0.04624900508174865,621,"The salesman is saying:
If you don't like it in grey, we can call our Camelot store to see if they have it in your size in silver."
4070,2394,6,19,96,121,1.256198347107438,0.049137079326263634,621,Guaranteed to quell any urge to harass.
4043,2394,7,17,97,121,1.256198347107438,0.05051924001355801,621,Just don’t pass gas.
5351,2394,5,21,95,121,1.256198347107438,0.04771489828013436,621,It has a SPF 50 rating
4527,2394,5,21,95,121,1.256198347107438,0.04771489828013436,621,"Amazingly, it goes undetected by airport screening machines..."
5352,2394,6,19,96,121,1.256198347107438,0.049137079326263634,621,"Sorry Mr. President, did no one tell you the Met Ball was last month?"
6653,2394,7,17,97,121,1.256198347107438,0.05051924001355801,621,We also have it in pinstripe.
5403,2394,3,25,93,121,1.256198347107438,0.0447351028189235,621,"3 years or 30,000 steps, whichever comes first"
7455,2394,9,13,99,121,1.256198347107438,0.0531758940236212,621,This will go perfectly with the right lance.
7424,2394,4,23,94,121,1.256198347107438,0.04624900508174865,621,Not everyone can wear armor – but you look joust wonderful!
7376,2394,7,17,97,121,1.256198347107438,0.05051924001355801,621,"Wear it for a week and if you're not satisfied for any reason, bring it back and we'll give you a full refund after we figure out how to get it off of you."
7136,2394,4,23,94,121,1.256198347107438,0.04624900508174865,621,"It's actually rather slimming on you, my Lord."
6864,2394,5,21,95,121,1.256198347107438,0.04771489828013436,621,"It's definitely a power suit, but it's more for knights."
6819,2394,7,17,97,121,1.256198347107438,0.05051924001355801,621,"Another Thing Sir, it will never need Ironing."
6748,2394,3,25,93,121,1.256198347107438,0.0447351028189235,621,This is from our wrinkle free collection.
6550,2394,8,15,98,121,1.256198347107438,0.05186457999810118,621,It would look great on Throw Back Thursday
6478,2394,3,25,93,121,1.256198347107438,0.0447351028189235,621,"As an added bonus, it's tweet proof."
6472,2394,5,21,95,121,1.256198347107438,0.04771489828013436,621,It's what all our CEO's will be wearing this season
5385,2394,4,23,94,121,1.256198347107438,0.04624900508174865,621,This boardroom crusade is really getting out of hand
6464,2394,5,21,95,121,1.256198347107438,0.04771489828013436,621,And it comes with a wrench to use in the men's room.
6378,2394,3,25,93,121,1.256198347107438,0.0447351028189235,621,The inseam was a bit tricky.
6358,2394,5,21,95,121,1.256198347107438,0.04771489828013436,621,It's on sale during siege week.
6078,2394,5,21,95,121,1.256198347107438,0.04771489828013436,621,I think there's a chink in your armor!
5975,2394,5,21,95,121,1.256198347107438,0.04771489828013436,621,"I’d say you are now all set for that next hearing on Capitol Hill, Mr. Pruitt."
5946,2394,6,19,96,121,1.256198347107438,0.049137079326263634,621,The President will see you now...
5800,2394,5,21,95,121,1.256198347107438,0.04771489828013436,621,"Yes, Mr. Katz, I heard that fart all the way across the room."
5693,2394,6,19,96,121,1.256198347107438,0.049137079326263634,621,"You realize when she called you her ""knight in shining armor"" it was just a figure of speech!"
5561,2394,6,19,96,121,1.256198347107438,0.049137079326263634,621,"It's our ""no iron"" suit."
5455,2394,7,17,97,121,1.256198347107438,0.05051924001355801,621,Most dictators would go for the standard military uniform. But I think this more antiquated look complements your doctrine.
5441,2394,4,23,94,121,1.256198347107438,0.04624900508174865,621,"This baby can withstand the slings and arrows of all your outrageous misfortunes, AND, it won't chafe..!!"""
6415,2394,5,21,95,121,1.256198347107438,0.04771489828013436,621,Its better to look good than to feel good.
3640,2394,6,19,96,121,1.256198347107438,0.049137079326263634,621,"It fits you perfectly, and wears like iron."
7176,2394,2,27,92,121,1.256198347107438,0.043168140768252934,621,This is our ultimate power suit
3299,2394,7,17,97,121,1.256198347107438,0.05051924001355801,621,"I agree, it looks better without the tie."
1245,2394,5,21,95,121,1.256198347107438,0.04771489828013436,621,How's that for durable and long lasting?
1243,2394,5,21,95,121,1.256198347107438,0.04771489828013436,621,"I am sorry sir, it makes you look brighter than you are"
1144,2394,4,23,94,121,1.256198347107438,0.04624900508174865,621,And it will never wrinkle.
1119,2394,3,25,93,121,1.256198347107438,0.0447351028189235,621,Look a little tight in the codpiece.
1064,2394,5,21,95,121,1.256198347107438,0.04771489828013436,621,We have a blacksmith on site if you need any alterations.
1037,2394,3,25,93,121,1.256198347107438,0.0447351028189235,621,The North Koreans have nothing like it.
985,2394,8,15,98,121,1.256198347107438,0.05186457999810118,621,It also comes in relaxed denim
935,2394,7,17,97,121,1.256198347107438,0.05051924001355801,621,"See, I told you it would be a 44 long."
912,2394,6,19,96,121,1.256198347107438,0.049137079326263634,621,"It suits you, sir. You'll be a knight to remember!"
911,2394,5,21,95,121,1.256198347107438,0.04771489828013436,621,Very nice sir. What direction would you like to take with the tie?  I might suggest something in an Italian carbon fiber.
907,2394,4,23,94,121,1.256198347107438,0.04624900508174865,621,Alterations are a bit pricey
636,2394,7,17,97,121,1.256198347107438,0.05051924001355801,621,What would really make it pop is a pocket square.
627,2394,8,15,98,121,1.256198347107438,0.05186457999810118,621,What’s the bathroom etiquette in this bad boy?
521,2394,5,21,95,121,1.256198347107438,0.04771489828013436,621,This is an excellent choice for any reporter covering a Trump rally.
502,2394,4,23,94,121,1.256198347107438,0.04624900508174865,621,What else does your girlfriend call you?
478,2394,3,25,93,121,1.256198347107438,0.0447351028189235,621,this suit shows off your chivalrous side
382,2394,7,17,97,121,1.256198347107438,0.05051924001355801,621,I think it's a killer.
300,2394,6,19,96,121,1.256198347107438,0.049137079326263634,621,It's for those middle-aged.
260,2394,5,21,95,121,1.256198347107438,0.04771489828013436,621,...and it’s just st the thing for a Knight out on the town!
3409,2394,5,21,95,121,1.256198347107438,0.04771489828013436,621,I agree. The chainmail briefs are particularly exquisite.
130,2394,3,25,93,121,1.256198347107438,0.0447351028189235,621,"Of course, seersucker would be more practical for hot and humid days."
97,2394,5,21,95,121,1.256198347107438,0.04771489828013436,621,"Yes, we can do cuffs."
75,2394,7,17,97,121,1.256198347107438,0.05051924001355801,621,"I was joust kidding, Sarah.  It's a great look for the next  press conference."
1282,2394,7,17,97,121,1.256198347107438,0.05051924001355801,621,Teflon is so eighties.
1287,2394,7,17,97,121,1.256198347107438,0.05051924001355801,621,"As a red wine drinker, you'll appreciate that this steel is stainless!"
837,2394,4,23,94,121,1.256198347107438,0.04624900508174865,621,A classic for a date knight.
1321,2394,5,21,95,121,1.256198347107438,0.04771489828013436,621,And you save a lot on ironing.
3268,2394,7,17,97,121,1.256198347107438,0.05051924001355801,621,We can shine that up for you at no additional cost.
3189,2394,4,23,94,121,1.256198347107438,0.04624900508174865,621,For any alterations you may need we have a body shop in the back
3125,2394,6,19,96,121,1.256198347107438,0.049137079326263634,621,Our welder does wonderful custom alterations.
3069,2394,4,23,94,121,1.256198347107438,0.04624900508174865,621,"Well, she did say I was her knight in shining armor."
2945,2394,5,21,95,121,1.256198347107438,0.04771489828013436,621,"It's you, Don Quixote"
2829,2394,6,19,96,121,1.256198347107438,0.049137079326263634,621,I’m not sure if it will protect you from mean Tweets.
2791,2394,7,17,97,121,1.256198347107438,0.05051924001355801,621,It's absolutely the thing today in spokespersonware.
2694,2394,5,21,95,121,1.256198347107438,0.04771489828013436,621,I hate getting sunburned.
2609,2394,6,19,96,121,1.256198347107438,0.049137079326263634,621,"""Naturally, we offer complimentary lubrication."""
2526,2394,4,23,94,121,1.256198347107438,0.04624900508174865,621,THE TIN MAN'S LOOK IS TRENDING
2522,2394,8,15,98,121,1.256198347107438,0.05186457999810118,621,"Hilary, may I ask “Why” you are going to a Trump rally?"
1302,2394,4,23,94,121,1.256198347107438,0.04624900508174865,621,"Trust me.  No panty lines, ever."
2508,2394,4,23,94,121,1.256198347107438,0.04624900508174865,621,We've cleaned up the lines to give this retro look a modern feel.
2503,2394,7,17,97,121,1.256198347107438,0.05051924001355801,621,"I can show you something in our titanium line, it is pricier, but no one will question your good taste ever again!"
2487,2394,6,19,96,121,1.256198347107438,0.049137079326263634,621,It's perfect for hostile takeover wear.
2461,2394,5,21,95,121,1.256198347107438,0.04771489828013436,621,Its perfect for a first date! You'll be her knight in shining armor!
2442,2394,6,19,96,121,1.256198347107438,0.049137079326263634,621,Women go for a man in uniform.
2172,2394,2,27,92,121,1.256198347107438,0.043168140768252934,621,HR is issuing them to all the female employees.
2013,2394,6,19,96,121,1.256198347107438,0.049137079326263634,621,Guaranteed to not wrinkle.
2007,2394,3,25,93,121,1.256198347107438,0.0447351028189235,621,Good knight and good luck.
1774,2394,7,17,97,121,1.256198347107438,0.05051924001355801,621,I can have it done by the next Round Table meeting Mr. Lancelot.
1733,2394,5,21,95,121,1.256198347107438,0.04771489828013436,621,"Really, if you like Frank Gehry you'll love this!"
1704,2394,5,21,95,121,1.256198347107438,0.04771489828013436,621,Maybe a bit too heavy for the season ...?
1401,2394,6,19,96,121,1.256198347107438,0.049137079326263634,621,How do like the elastic waistband?
1978,2498,4,24,97,125,1.256,0.04530043081757682,621,"The lance, of course, is included free of charge."
2577,2498,6,20,99,125,1.256,0.04806447282959729,621,A lance would go nicely with that.
1891,2498,8,16,101,125,1.256,0.05067798402182282,621,Do you think this outfit clashes?
913,2498,6,20,99,125,1.256,0.04806447282959729,621,And no starch ever .
827,2498,5,22,98,125,1.256,0.0467029045169846,621,You'll kill wearing that suit.
1145,2498,4,24,97,125,1.256,0.04530043081757682,621,A coat of Rustoleum and it should last for years
408,2504,4,21,89,114,1.2543859649122806,0.047953626600184374,621,You said you wanted something for a knight on the town.
5500,2504,5,19,90,114,1.2543859649122806,0.049545995794159706,621,We can have the blacksmith let out the seat a bit.
4678,2506,5,21,96,122,1.2540983606557377,0.04736874836158813,621,You might want to cut back your fluid intake.
4838,2506,3,25,94,122,1.2540983606557377,0.044416577170868034,621,It's the latest in school uniforms.
4971,2506,6,19,97,122,1.2540983606557377,0.04877787734442069,621,now you can use any bathroom you choose too
4980,2506,5,21,96,122,1.2540983606557377,0.04736874836158813,621,Could I suggest a nice raincoat to avoid rust?
5354,2506,6,19,97,122,1.2540983606557377,0.04877787734442069,621,"If I may suggest, Sir, a nice accessory from our Excalibur Collection!"
5412,2506,3,25,94,122,1.2540983606557377,0.044416577170868034,621,The perfect look for a knight out!
5638,2506,5,21,96,122,1.2540983606557377,0.04736874836158813,621,"It's all the rage 
for all the rage."
5777,2506,4,23,95,122,1.2540983606557377,0.045916394941889406,621,It offers excellent protection from sticks and stone. We provide earplugs to protect you from the words.
5917,2506,4,23,95,122,1.2540983606557377,0.045916394941889406,621,You can wear it Knight clubbing
6102,2506,7,17,98,122,1.2540983606557377,0.05014742580742545,621,It is a non-iron suit.
6605,2506,5,21,96,122,1.2540983606557377,0.04736874836158813,621,The mechanical fly operates by clicking your heals together three times.
6702,2506,6,19,97,122,1.2540983606557377,0.04877787734442069,621,"Of COURSE she'll be impressed. We call it our ""Knight in Shining Armor"" look."
6758,2506,5,21,96,122,1.2540983606557377,0.04736874836158813,621,"It may seem a little snug, but it's well insulated."
6779,2506,4,23,95,122,1.2540983606557377,0.045916394941889406,621,"Yes of course, we have crossbows and catheters on our second floor."
6961,2506,5,21,96,122,1.2540983606557377,0.04736874836158813,621,It belonged to King Henry VIII...before he gained weight.
7270,2506,4,23,95,122,1.2540983606557377,0.045916394941889406,621,That suit makes you look like a mail model.
7285,2506,4,23,95,122,1.2540983606557377,0.045916394941889406,621,"And if you cut down on the mead, I could probably have it done in a slim fit..."
4502,2506,3,25,94,122,1.2540983606557377,0.044416577170868034,621,With our undercoating protection it will be rust free for life.
6079,2506,3,25,94,122,1.2540983606557377,0.044416577170868034,621,"Nice choice, Sir.  No Tuck is all the rage."
4402,2506,6,19,97,122,1.2540983606557377,0.04877787734442069,621,No ma'am.  This does not make your 'ass look fat'.
1012,2506,3,25,94,122,1.2540983606557377,0.044416577170868034,621,". . . and the warranty is nothing to sneeze at. Really, don't Sneeze."
3779,2506,6,19,97,122,1.2540983606557377,0.04877787734442069,621,You said you wanted something with knight vision.
400,2506,3,25,94,122,1.2540983606557377,0.044416577170868034,621,"Cuffs?  Yes, I suppose we could."
444,2506,8,15,99,122,1.2540983606557377,0.05148055275533792,621,This is our latest anti-harassment wear.
484,2506,5,21,96,122,1.2540983606557377,0.04736874836158813,621,This should work perfectly for the daily press briefings.
508,2506,4,23,95,122,1.2540983606557377,0.045916394941889406,621,"Bold choice, sir."
746,2506,6,19,97,122,1.2540983606557377,0.04877787734442069,621,It comes with a 12 oz can of WD-40.
932,2506,8,15,99,122,1.2540983606557377,0.05148055275533792,621,"Functional, classic, yet understated"
3913,2506,4,23,95,122,1.2540983606557377,0.045916394941889406,621,We offer free alterations but the blacksmith is only in on Thursdays
1387,2506,5,21,96,122,1.2540983606557377,0.04736874836158813,621,"It's definitely a power suit, if that''s what you're going for."
1985,2506,5,21,96,122,1.2540983606557377,0.04736874836158813,621,"Best of all, it is completely Permanent Press."
1358,2506,7,17,98,122,1.2540983606557377,0.05014742580742545,621,"Very slimming, excellent range of motion with built in back support."
2186,2506,4,23,95,122,1.2540983606557377,0.045916394941889406,621,and the brocaded cod piece comes with no extra charge
2220,2506,5,21,96,122,1.2540983606557377,0.04736874836158813,621,"May I say sir,Superman has nothing on you."
2408,2506,8,15,99,122,1.2540983606557377,0.05148055275533792,621,Of course it makes you look fat.
2959,2506,6,19,97,122,1.2540983606557377,0.04877787734442069,621,You're ready for the primaries.
3088,2506,6,19,97,122,1.2540983606557377,0.04877787734442069,621,Does this breastplate make me look fat?
3453,2506,8,15,99,122,1.2540983606557377,0.05148055275533792,621,"Shall I bring the Tesla around, sir?"
3614,2506,5,21,96,122,1.2540983606557377,0.04736874836158813,621,This suit is for knight-wear only. We have day-wear in the upstairs department.
3620,2506,4,23,95,122,1.2540983606557377,0.045916394941889406,621,"Chivalrous, yet commanding. I like the look."
2042,2506,7,17,98,122,1.2540983606557377,0.05014742580742545,621,"Sir, this suit is 100% wrinkle-free."
1082,2547,7,18,101,126,1.253968253968254,0.04903708727530064,621,...and it comes with 3 pairs of pants.
2264,2547,5,22,99,126,1.253968253968254,0.04637529163765117,621,Think of it as day into night wear.
5768,2547,4,24,98,126,1.253968253968254,0.04498537037185613,621,"Think Yiddish, dress Brutish."
6277,2550,2,25,88,115,1.2521739130434784,0.04426444053396394,621,Are you presenting to the shareholders or just the Board of Directors?
1661,2550,5,19,91,115,1.2521739130434784,0.04916306133343397,621,"As long as it doesn't rain, your new school security officer uniform should be quite effective."
6461,2550,3,23,89,115,1.2521739130434784,0.045955369621857575,621,And it comes with a year's supply of rust-oleum.
928,2550,5,19,91,115,1.2521739130434784,0.04916306133343397,621,"If you're going to run for office, you'll have to get used to it."
1171,2550,3,23,89,115,1.2521739130434784,0.045955369621857575,621,For those facing angry shareholders we recommend the matching shield accessory.
3983,2555,5,20,94,119,1.2521008403361344,0.0480624258685221,621,"Unfortunately, this item does not qualify for our ‘no-questions-asked’ return policy."
4120,2555,4,22,93,119,1.2521008403361344,0.04655713615623207,621,"Well sure, you could wear it with a tie, but the current trend is to go without."
4151,2555,7,16,96,119,1.2521008403361344,0.05093973387211289,621,"Yes Sir, I'm afraid that the TSA would require a pat-down screening."
4405,2555,4,22,93,119,1.2521008403361344,0.04655713615623207,621,"It reflects well on you, sir."
4628,2555,4,22,93,119,1.2521008403361344,0.04655713615623207,621,There's no way she won't see you as a knight in shining armor.
4694,2555,4,22,93,119,1.2521008403361344,0.04655713615623207,621,I think the alterations you’re asking about would be feudal.
4710,2555,4,22,93,119,1.2521008403361344,0.04655713615623207,621,"You could go with business casual, but it takes confidence."
4849,2555,4,22,93,119,1.2521008403361344,0.04655713615623207,621,We can weld the sleeves an inch if you like.
4918,2555,5,20,94,119,1.2521008403361344,0.0480624258685221,621,Be ready for the war from within.
4932,2555,3,24,92,119,1.2521008403361344,0.04500152301614558,621,It comes with a lifetime supply of WD-40
4986,2555,3,24,92,119,1.2521008403361344,0.04500152301614558,621,"If you are going to run for a political office, you will need all the protection possible."""
5099,2555,6,18,95,119,1.2521008403361344,0.04952198131804132,621,"Yes, Mr. Weinstein, no one will recognize you."
5513,2555,6,18,95,119,1.2521008403361344,0.04952198131804132,621,It fits you like an iron fist.
5822,2555,4,22,93,119,1.2521008403361344,0.04655713615623207,621,"Besides the sharp look, it comes with the lifetime supply of WD-40."
6179,2555,2,26,91,119,1.2521008403361344,0.04339017423882312,621,...and it's 100% recyclable!
6204,2555,4,22,93,119,1.2521008403361344,0.04655713615623207,621,This suit is a total babe magnet.
6457,2555,5,20,94,119,1.2521008403361344,0.0480624258685221,621,They say all the armed teachers are wearing them this year.
6568,2555,4,22,93,119,1.2521008403361344,0.04655713615623207,621,"This year, steel gray is totally in."
6591,2555,4,22,93,119,1.2521008403361344,0.04655713615623207,621,"Great, I’ll grab the welder to come and take a little off the cuffs"
6881,2555,5,20,94,119,1.2521008403361344,0.0480624258685221,621,I think I liked the day suit better.
6902,2555,4,22,93,119,1.2521008403361344,0.04655713615623207,621,"It's our Hamlet line, impervious to slings and arrows."
7293,2555,5,20,94,119,1.2521008403361344,0.0480624258685221,621,"Nice can, sir."
7428,2555,4,22,93,119,1.2521008403361344,0.04655713615623207,621,Don’t you look sharp!
5247,2555,6,18,95,119,1.2521008403361344,0.04952198131804132,621,It's the ultimate in personal privacy - no facial recognition technology can identify you NOW.
3883,2555,3,24,92,119,1.2521008403361344,0.04500152301614558,621,"Worry not, it comes with an oil can."
4024,2555,6,18,95,119,1.2521008403361344,0.04952198131804132,621,It's the upgrade of last year's You've Got Mail collection.
3405,2555,6,18,95,119,1.2521008403361344,0.04952198131804132,621,We can easily have the shoulders beaten in a little.
103,2555,5,20,94,119,1.2521008403361344,0.0480624258685221,621,Sometimes your Knight in shining armor is just a coward in tin foil.
3663,2555,7,16,96,119,1.2521008403361344,0.05093973387211289,621,I'll remove a few rivets and it should fit fine.
198,2555,7,16,96,119,1.2521008403361344,0.05093973387211289,621,Does this make me look fat?
227,2555,3,24,92,119,1.2521008403361344,0.04500152301614558,621,You look striking in it Sir.
673,2555,6,18,95,119,1.2521008403361344,0.04952198131804132,621,It's the latest style - perfect for when you're fighting the immigrant children.
730,2555,3,24,92,119,1.2521008403361344,0.04500152301614558,621,"It needs to be let out a little, your rivets might start to pop otherwise."
959,2555,4,22,93,119,1.2521008403361344,0.04655713615623207,621,"It may feel heavy, but it's very slimming."
1067,2555,4,22,93,119,1.2521008403361344,0.04655713615623207,621,"forget amour, it's the armor that gets the girls"
1277,2555,3,24,92,119,1.2521008403361344,0.04500152301614558,621,"With cuffs or without, sire?"
1450,2555,6,18,95,119,1.2521008403361344,0.04952198131804132,621,And a pocket square to match your lance?
1606,2555,5,20,94,119,1.2521008403361344,0.0480624258685221,621,A side benefit is that you stay on your diet.
1673,2555,5,20,94,119,1.2521008403361344,0.0480624258685221,621,"....and on the plus side sir, you'll find it's very crease-resistant."
834,2555,6,18,95,119,1.2521008403361344,0.04952198131804132,621,Big visors are back in style this year.
2156,2555,6,18,95,119,1.2521008403361344,0.04952198131804132,621,This is what he said he wants for the cadets in his new Space Patrol.
2247,2555,3,24,92,119,1.2521008403361344,0.04500152301614558,621,You are ready for your exit interview.
2251,2555,7,16,96,119,1.2521008403361344,0.05093973387211289,621,The perfect outfit for a knight on the town.
2351,2555,4,22,93,119,1.2521008403361344,0.04655713615623207,621,I can have my welder adjust the length by tomorrow
2434,2555,5,20,94,119,1.2521008403361344,0.0480624258685221,621,"It comes equipped  with its own crescent wrench. But, there is a zipper fly option available for a piddling extra charge."
2541,2555,5,20,94,119,1.2521008403361344,0.0480624258685221,621,It comes with an option: a long-handled axe or wi-fi.
3169,2555,5,20,94,119,1.2521008403361344,0.0480624258685221,621,"Included is a two year service contract with Ralph's Bump-Out and Detailing."""
2933,2555,5,20,94,119,1.2521008403361344,0.0480624258685221,621,It's pronounced ahrm-wahr.
2938,2555,8,14,97,119,1.2521008403361344,0.05231908198983365,621,I have a lovely diaphanous scarf that would tie it all together.
3082,2555,8,14,97,119,1.2521008403361344,0.05231908198983365,621,It makes you look like a knight in shining armor!
3152,2555,3,24,92,119,1.2521008403361344,0.04500152301614558,621,Fits Like a Tin Can
3160,2555,7,16,96,119,1.2521008403361344,0.05093973387211289,621,"Yes Ms. Markle, the Queen will love it"
1735,2555,3,24,92,119,1.2521008403361344,0.04500152301614558,621,"It says, ""I'm here for the joust AND the ladies."""
7151,2608,6,19,98,123,1.2520325203252032,0.048423770127791824,621,No more worries about office backstabbers.
7042,2608,5,21,97,123,1.2520325203252032,0.04702745466282882,621,It’s part of our new silverwear collection.
3607,2608,5,21,97,123,1.2520325203252032,0.04702745466282882,621,"You know, 80% of knights are wearing the wrong size"
4384,2608,6,19,98,123,1.2520325203252032,0.048423770127791824,621,"For a lighter summer alternative, why not try seersucker?"
4686,2612,5,20,95,120,1.25,0.04770650232563333,621,The Don Quixote look is all the rage.
7157,2612,5,20,95,120,1.25,0.04770650232563333,621,It’s our top seller—all the Republican candidates are wearing it this season
6858,2612,4,22,94,120,1.25,0.04621530419392146,621,A welder will be here shortly to take care of the alterations.
6659,2612,4,19,85,108,1.25,0.04944307347557363,621,A lot of people would kill for that suit.  Mainly the Saxons.
6531,2612,4,22,94,120,1.25,0.04621530419392146,621,"Look how the shoulders are perfect, the waist brought in so that the flare is also perfect.  You look stunning!"
6527,2612,4,22,94,120,1.25,0.04621530419392146,621,I said I wanted a look that would go from day to NIGHT!
6375,2612,4,22,94,120,1.25,0.04621530419392146,621,"See, you are a man of steel!"
4999,2612,4,22,94,120,1.25,0.04621530419392146,621,Alterations may take a little longer than usual
4909,2612,5,20,95,120,1.25,0.04770650232563333,621,It's made out of recycled Humvees.
4508,2612,5,20,95,120,1.25,0.04770650232563333,621,I have it in linen if you want something lighter
1195,2612,6,19,99,124,1.25,0.04807465345971242,621,"Yes, Sir, it comes with two pairs of pants--and free tickets to the Republican convention."
3836,2612,2,17,65,84,1.25,0.05322367527583983,621,You said you wanted a suit that made you look older.
3363,2612,5,20,95,120,1.25,0.04770650232563333,621,My lord!  I've donned Quixote.
3093,2612,8,12,92,112,1.25,0.05455447255899809,621,You look joust perfect.
3074,2612,6,18,96,120,1.25,0.049152480980664874,621,I find this a bit less impersonal than our mail order business.
2416,2612,5,20,95,120,1.25,0.04770650232563333,621,"Marge, as your divorce lawyer, I think you're overdoing this. This is a preliminary hearing;  just everyone getting to know each other."
2361,2612,5,20,95,120,1.25,0.04770650232563333,621,"Casual Fridays"""
1789,2612,4,22,94,120,1.25,0.04621530419392146,621,I t comes with a reversible chain male vest.
1272,2612,5,20,95,120,1.25,0.04770650232563333,621,"I assure you, as long as you are still soft on the inside, women will adore you."
196,2612,5,20,95,120,1.25,0.04770650232563333,621,Just remember it’s dry clean only.
605,2612,3,24,93,120,1.25,0.04467435863364723,621,I'll ask the welder if she can taper the legs.
468,2612,7,17,100,124,1.25,0.04941965852606572,621,You say you're interviewing at The White House?
3884,2612,6,18,96,120,1.25,0.049152480980664874,621,"There are other ways to speak with your shareholders, Elon."
6776,2635,7,16,98,121,1.2479338842975207,0.050180105009647265,621,It's really a shame that nobody gets to see the underwear.
2746,2635,4,22,95,121,1.2479338842975207,0.04587831512036333,621,"Under Armor, under armor, Sir?"
2838,2635,6,18,97,121,1.2479338842975207,0.04878833766329071,621,Perhaps a different helmet
1734,2635,4,22,95,121,1.2479338842975207,0.04587831512036333,621,Damsels fit into armor more easily than most knights and have become their own protectors!
6310,2635,6,18,97,121,1.2479338842975207,0.04878833766329071,621,It's the holy grail of power suits.
7457,2640,5,19,93,117,1.2478632478632479,0.048414263331137096,621,"And with the right tie, I think you’ll look rather imposing."
7213,2640,6,17,94,117,1.2478632478632479,0.049912955334506286,621,Smashing.
6829,2640,3,23,91,117,1.2478632478632479,0.04526827212564247,621,"Arthur, sir, clearly this suits you."
5914,2640,6,17,94,117,1.2478632478632479,0.049912955334506286,621,"It's guaranteed for life, wars and natural disasters excepted."
5490,2640,6,17,94,117,1.2478632478632479,0.049912955334506286,621,"Hart, Schaffer, and U.S. Steel."
4818,2640,5,19,93,117,1.2478632478632479,0.048414263331137096,621,"It’s the ultimate power suit, but it’s definitely not as versatile as a tweed."
4002,2640,5,19,93,117,1.2478632478632479,0.048414263331137096,621,"Perhaps no zipper at all would be more practical, Sire."
5340,2640,7,15,95,117,1.2478632478632479,0.05136794064932088,621,We also have it in a subtle pinstripe.
2444,2640,5,19,93,117,1.2478632478632479,0.048414263331137096,621,It's part of our American steel collection.
2143,2640,2,25,90,117,1.2478632478632479,0.04361025389645748,621,Can I see how it looks at a round table?
2085,2640,7,15,95,117,1.2478632478632479,0.05136794064932088,621,You look chivalrous!
1385,2640,6,17,94,117,1.2478632478632479,0.049912955334506286,621,"Hey, if this armor doesn't withstand penetrating blades, we'll give you your next suit for free."
1202,2640,5,19,93,117,1.2478632478632479,0.048414263331137096,621,All your fellow politicos will soon be following suit.
591,2640,2,25,90,117,1.2478632478632479,0.04361025389645748,621,This one will make you seem confident at the interview.
428,2640,5,19,93,117,1.2478632478632479,0.048414263331137096,621,"Looks sharp."""
406,2640,6,17,94,117,1.2478632478632479,0.049912955334506286,621,It's part of our Avant Guard line
3828,2640,3,23,91,117,1.2478632478632479,0.04526827212564247,621,"My, don't you look sharp!"
318,2640,5,19,93,117,1.2478632478632479,0.048414263331137096,621,Let me tell you about the blood and guts stain protection plan.
7302,2658,3,22,88,113,1.247787610619469,0.04624143316177091,621,All our suits include a can opener in case of emergency.
7201,2658,4,20,89,113,1.247787610619469,0.047919703189289425,621,"The answer is, you don't."
6049,2658,4,20,89,113,1.247787610619469,0.047919703189289425,621,Its the latest thing for Congressional hearings and Mueller interviews
5892,2658,6,16,91,113,1.247787610619469,0.05111118839882061,621,You’ll save a lot on dry cleaning bills.
5870,2658,3,22,88,113,1.247787610619469,0.04624143316177091,621,"Of course, its wrinkle reststant."
5760,2658,3,22,88,113,1.247787610619469,0.04624143316177091,621,"And another nice touch, it comes with a year’s supply of WD-40."
3903,2658,2,24,87,113,1.247787610619469,0.04449991379721377,621,And it comes with two pair of pants!
4500,2658,4,20,89,113,1.247787610619469,0.047919703189289425,621,The cleaning instructions are “power wash only” but I don’t think it will shrink.
4498,2658,4,20,89,113,1.247787610619469,0.047919703189289425,621,May I recommend a plume?
2388,2658,5,18,90,113,1.247787610619469,0.04954115225390569,621,It’s a look that’s hard to beat.
2198,2658,3,22,88,113,1.247787610619469,0.04624143316177091,621,This will never go out of fashion.
2076,2658,4,20,89,113,1.247787610619469,0.047919703189289425,621,It's permanent press and needs no ironing.
93,2658,8,12,93,113,1.247787610619469,0.05411477806782426,621,"I see you dress to the left, sir!"
4742,2658,4,20,89,113,1.247787610619469,0.047919703189289425,621,It doesn't need to be ironed.
6417,2672,4,21,93,118,1.2457627118644068,0.046516242130829305,621,Is it too tight in the crotch?
6363,2672,3,23,92,118,1.2457627118644068,0.04493212915420019,621,We also have it in a summer weight.
1831,2672,5,19,94,118,1.2457627118644068,0.048048156401865744,621,You'll love the clinking of it
3454,2672,7,15,96,118,1.2457627118644068,0.050974056508253075,621,"Of course she'll say ""Yes."""
1028,2672,5,19,94,118,1.2457627118644068,0.048048156401865744,621,Irritating noise? Nothing that a drop of Oil won’t cure.
32,2672,5,19,94,118,1.2457627118644068,0.048048156401865744,621,"Best decide soon, price goes up 25% when the tariffs kick in."
4426,2672,4,21,93,118,1.2457627118644068,0.046516242130829305,621,It's that look on a satisfied customer's face that gets me out of bed in the morning.
5456,2679,6,16,92,114,1.2456140350877194,0.05070746735519953,621,Keep in mind:  You're going to want to use gentle cycle only when you wash it.  And the best part is it never needs ironing.
5208,2679,3,22,89,114,1.2456140350877194,0.04588552124803296,621,"Don't worry, it will ride up with wear."
5205,2679,3,22,89,114,1.2456140350877194,0.04588552124803296,621,"It's fine for now, but after Memorial Day I would switch to a coat of mail."
4888,2679,5,18,91,114,1.2456140350877194,0.04915274000962353,621,"Arthur, with this on you'll be able to get that sword out of the desk way before noon."
4870,2679,4,20,90,114,1.2456140350877194,0.047547202392240334,621,"For light combat, it comes in seersucker."
4711,2679,1,26,87,114,1.2456140350877194,0.042367089467577584,621,May I suggest something a little bit more casual for the occasion ?
4555,2679,6,16,92,114,1.2456140350877194,0.05070746735519953,621,"With the right shield and lance, what fair damsel could resist you?"
4515,2679,5,18,91,114,1.2456140350877194,0.04915274000962353,621,It's perfect for preventing unwanted advances around the office.
4274,2679,6,16,92,114,1.2456140350877194,0.05070746735519953,621,"The metal color defiantly goes with your eyes"""
4191,2679,7,14,93,114,1.2456140350877194,0.05221592324859924,621,"No, different company.  This is Over Armour.  A little less soft."
4184,2679,4,20,90,114,1.2456140350877194,0.047547202392240334,621,"Yes, we can take the crotch."
4179,2679,4,20,90,114,1.2456140350877194,0.047547202392240334,621,It's a little heavier duty than our sharkskin.
4009,2679,6,16,92,114,1.2456140350877194,0.05070746735519953,621,It's very popular with the members of Congress.
3787,2679,6,16,92,114,1.2456140350877194,0.05070746735519953,621,"It's you, Sir."
3726,2679,4,20,90,114,1.2456140350877194,0.047547202392240334,621,Excellent! A perfect fit right off the rack.
3704,2679,6,16,92,114,1.2456140350877194,0.05070746735519953,621,This particular line is guaranteed not to rust for a year!
5509,2679,3,22,89,114,1.2456140350877194,0.04588552124803296,621,Our welder will be in momentarily to do the alterations.
4296,2679,1,26,87,114,1.2456140350877194,0.042367089467577584,621,That EPA guy spent so much more just for the pants.
7097,2679,3,22,89,114,1.2456140350877194,0.04588552124803296,621,"This is a first for me, but I'm afraid cuff links would just be too much."
6664,2679,6,16,92,114,1.2456140350877194,0.05070746735519953,621,We're serious about only serving customers in traditional relationships.
5744,2679,5,18,91,114,1.2456140350877194,0.04915274000962353,621,It's a bit stiff.
7013,2679,4,20,90,114,1.2456140350877194,0.047547202392240334,621,We also carry it in Millennial pink and burnt sienna.
6975,2679,2,24,88,114,1.2456140350877194,0.04416135941157953,621,It's bloodstain resistant.
6967,2679,7,14,93,114,1.2456140350877194,0.05221592324859924,621,A few more adjustments and you'll be ready for your constituents
6927,2679,5,18,91,114,1.2456140350877194,0.04915274000962353,621,"Yes, but you can easily carry it off during the day as well."
6795,2679,6,16,92,114,1.2456140350877194,0.05070746735519953,621,"It's perfect, Lance.  Both slimming and slaying."
6691,2679,5,18,91,114,1.2456140350877194,0.04915274000962353,621,Bad breakups usually require just the cod piece.
6470,2679,3,22,89,114,1.2456140350877194,0.04588552124803296,621,It’s hard to beat the original power tie sir.
6441,2679,6,16,92,114,1.2456140350877194,0.05070746735519953,621,It's the latest in ready wear:  no-iron iron!
5549,2679,5,18,91,114,1.2456140350877194,0.04915274000962353,621,"In a few centuries, I can put you in something a little more forgiving."
6418,2679,7,14,93,114,1.2456140350877194,0.05221592324859924,621,"Looks good. But keep in mind, it won't go everywhere ""."
3606,2679,4,20,90,114,1.2456140350877194,0.047547202392240334,621,It's buff and wear!
6237,2679,4,20,90,114,1.2456140350877194,0.047547202392240334,621,How does the inseam feel?
6227,2679,5,18,91,114,1.2456140350877194,0.04915274000962353,621,It's fake.  But people will think you're tough.
6225,2679,3,22,89,114,1.2456140350877194,0.04588552124803296,621,"Yes, sir.  This is what ALL the West Wing staff are sporting this season.  Would I lie?"
6198,2679,4,20,90,114,1.2456140350877194,0.047547202392240334,621,Care instructions are simple: Don't fight in the rain
6187,2679,4,20,90,114,1.2456140350877194,0.047547202392240334,621,"Looks good.  You know ""Over-Armour"" is the latest fashion trend."
6038,2679,3,22,89,114,1.2456140350877194,0.04588552124803296,621,"Of course, if you're looking for something more formal, there's our Knights of the Round Table collection."
5988,2679,3,22,89,114,1.2456140350877194,0.04588552124803296,621,It needs a little letting out in the Middle Ages.
6393,2679,4,20,90,114,1.2456140350877194,0.047547202392240334,621,You are now ready for your press conference Mr. President.
3526,2679,4,20,90,114,1.2456140350877194,0.047547202392240334,621,"Just the slightest adjustment on the left shoulder, our tinsmith will be here in just a moment."
5521,2679,5,18,91,114,1.2456140350877194,0.04915274000962353,621,"No Sir, notched lapels are not for jousting. I suggest beveled breastplates as a fashionable alternative."
3339,2679,5,18,91,114,1.2456140350877194,0.04915274000962353,621,We can have it re-welded by Thursday.
2034,2679,4,20,90,114,1.2456140350877194,0.047547202392240334,621,I was under the impression that hostile takeovers ended in the Eighties
1966,2679,5,18,91,114,1.2456140350877194,0.04915274000962353,621,You is strong. You is kind. You is important.
1855,2679,4,20,90,114,1.2456140350877194,0.047547202392240334,621,Sure we can let out the waist. Our motto is 'alteration before altercation'!
1601,2679,3,22,89,114,1.2456140350877194,0.04588552124803296,621,I’ll get the blacksmith to come over and mark it up for alteration.
1486,2679,5,18,91,114,1.2456140350877194,0.04915274000962353,621,"It may make you look heavy, but not fat sir, not at all."
1322,2679,5,18,91,114,1.2456140350877194,0.04915274000962353,621,You did say you wanted one that would wear like iron.
1086,2679,6,16,92,114,1.2456140350877194,0.05070746735519953,621,Dare I say it suites you Sir.
1051,2679,4,20,90,114,1.2456140350877194,0.047547202392240334,621,The oil can will be extra of course.
731,2679,5,18,91,114,1.2456140350877194,0.04915274000962353,621,You're going to slay that dragon in this outfit.  SLAY.
709,2679,3,22,89,114,1.2456140350877194,0.04588552124803296,621,I can see you're taking a shine to it already.
666,2679,5,18,91,114,1.2456140350877194,0.04915274000962353,621,This suit has been very popular with the maidens.
612,2679,6,16,92,114,1.2456140350877194,0.05070746735519953,621,This playful number guarantees you'll be the envy of the round table.
494,2679,3,22,89,114,1.2456140350877194,0.04588552124803296,621,We offer free welding in our alterations department.
466,2679,6,16,92,114,1.2456140350877194,0.05070746735519953,621,"That’s right. You’ll be invincible to bee stings, Mr President."
383,2679,2,24,88,114,1.2456140350877194,0.04416135941157953,621,The pants will never lose it's sharp crease with this model!
293,2679,7,14,93,114,1.2456140350877194,0.05221592324859924,621,"The feudalist look is hot this summer."""
200,2679,4,20,90,114,1.2456140350877194,0.047547202392240334,621,Oilcan.
185,2679,4,20,90,114,1.2456140350877194,0.047547202392240334,621,Very popular with the current administration.
3493,2679,3,22,89,114,1.2456140350877194,0.04588552124803296,621,"You might be a tad overdressed for the occasion, Sir."
2080,2679,5,18,91,114,1.2456140350877194,0.04915274000962353,621,I also have this in a double breast plate.
2092,2679,4,20,90,114,1.2456140350877194,0.047547202392240334,621,I can have the undercoating done by Friday.
1169,2679,4,20,90,114,1.2456140350877194,0.047547202392240334,621,"Suit-able"" for mergers and hostile take overs"
2182,2679,5,18,91,114,1.2456140350877194,0.04915274000962353,621,Our blacksmith can let it out for you.
3243,2679,3,22,89,114,1.2456140350877194,0.04588552124803296,621,You'll only need it until the divorce goes through.
2155,2679,5,18,91,114,1.2456140350877194,0.04915274000962353,621,"Would you like it delivered to the Town Hall, Congressman?"
3229,2679,5,18,91,114,1.2456140350877194,0.04915274000962353,621,The classic style and hand workmanship are unmistakable.
3202,2679,6,16,92,114,1.2456140350877194,0.05070746735519953,621,It's what all the Round Table knights will be wearing this year.
3196,2679,6,16,92,114,1.2456140350877194,0.05070746735519953,621,We also carry it in mauve.
3108,2679,5,18,91,114,1.2456140350877194,0.04915274000962353,621,It's sword resistant or your money back.
2988,2679,3,22,89,114,1.2456140350877194,0.04588552124803296,621,This is our latest addition to our truly retro style collection.
2961,2679,3,22,89,114,1.2456140350877194,0.04588552124803296,621,You said you were looking for something vintage...
2954,2679,6,16,92,114,1.2456140350877194,0.05070746735519953,621,Guaranteed to deflect all liberal criticism.
2949,2679,5,18,91,114,1.2456140350877194,0.04915274000962353,621,Alterations? Do I look like a welder?
3236,2679,3,22,89,114,1.2456140350877194,0.04588552124803296,621,"No, Sir, I am afraid that we cannot offer it in a pinstripe."
2835,2679,4,20,90,114,1.2456140350877194,0.047547202392240334,621,Metrosexual out.  Metalsexual in.
2590,2679,3,22,89,114,1.2456140350877194,0.04588552124803296,621,It will help you finally get your seat at the round table.
2536,2679,1,26,87,114,1.2456140350877194,0.042367089467577584,621,"It's a perfect fit, sir, but might I say you should still watch your ass?"
2415,2679,6,16,92,114,1.2456140350877194,0.05070746735519953,621,It really highlights your can.
2413,2679,5,18,91,114,1.2456140350877194,0.04915274000962353,621,Who said armor is only for nights?
2252,2679,5,18,91,114,1.2456140350877194,0.04915274000962353,621,Would you like to try the invisible set?
2250,2679,4,20,90,114,1.2456140350877194,0.047547202392240334,621,"I''ll get our welder. He's an artist. He'll let out a little here and there and with a few tucks, your fair maiden will have a wonderful knight."
2237,2679,6,16,92,114,1.2456140350877194,0.05070746735519953,621,trust me...it will be a knight to remember
2843,2679,3,22,89,114,1.2456140350877194,0.04588552124803296,621,"No, it doesn’t loosen up after a few washings, but it won’t shrink, either."
840,2765,2,23,85,110,1.2454545454545454,0.045086079539041465,621,Never dry clean again!
3764,2765,6,15,89,110,1.2454545454545454,0.05196130535092515,621,It's the latest thing in prêt à tuer.
3998,2765,5,17,88,110,1.2454545454545454,0.050330622710028694,621,Everything eventually comes back into style.
6929,2765,4,19,87,110,1.2454545454545454,0.04864530718359612,621,We also carry chain mail for casual wear.
5679,2769,5,16,85,106,1.2452830188679245,0.051589855237935654,621,Shall I ask the blacksmith to come in to see if you need any alterations?
4436,2769,5,16,85,106,1.2452830188679245,0.051589855237935654,621,"Of course, our machine shop does alterations free of charge."
3674,2769,3,20,83,106,1.2452830188679245,0.04798045565474379,621,"If it's a little tight around the collar, I can bring in the welder."
2064,2769,4,18,84,106,1.2452830188679245,0.049817854672336064,621,Of course without the mirrors you can only see straight ahead.
2836,2769,7,12,87,106,1.2452830188679245,0.054962734667276865,621,"So, how does it feel? Ready to take on 2020?"
2922,2769,5,16,85,106,1.2452830188679245,0.051589855237935654,621,I think it's a little tight in the crotch.
6050,2775,5,20,98,123,1.2439024390243902,0.04666894676742699,621,"You're hot, sir. Very hot."
4975,2776,5,19,95,119,1.2436974789915967,0.0476874207172289,621,"It says, “ I was Iron Man before it was mainstream.”"
6850,2776,5,19,95,119,1.2436974789915967,0.0476874207172289,621,"Mr. Lancelot, would you prefer one in pinstripe?"
3608,2778,6,16,93,115,1.2434782608695651,0.05030995362438918,621,Normally the codpiece is extra but for you we'll throw it in for free.
6128,2778,3,22,90,115,1.2434782608695651,0.04553488256049453,621,Comes with a jousting lance and a year’s supply of silver polish.
6063,2778,2,24,89,115,1.2434782608695651,0.043827733554238336,621,"Blood? Dab the spot first, then launder as usual with like colors."
4503,2778,5,18,92,115,1.2434782608695651,0.048770238182640334,621,No ironing needed.  Get it?
3553,2778,5,18,92,115,1.2434782608695651,0.048770238182640334,621,Oh hush! Of course you look Round Table Ready.
5273,2778,3,22,90,115,1.2434782608695651,0.04553488256049453,621,The other option is knight in shining seersucker.
2279,2778,4,20,91,115,1.2434782608695651,0.04718030130356046,621,"And best of all, it will never show a wrinkle."
1096,2778,6,16,93,115,1.2434782608695651,0.05030995362438918,621,Teflon wears off. This is guaranteed for eight years.
3122,2778,4,20,91,115,1.2434782608695651,0.04718030130356046,621,"And the best thing is, it will wear like iron"
723,2778,7,14,94,115,1.2434782608695651,0.051803925864599386,621,"You see,sir, the order said 'knight of armor'...not 'night of amour.'
Barbara Druskoff   Fallbrook, California"
104,2778,5,18,92,115,1.2434782608695651,0.048770238182640334,621,Buttons or zip sir?
3238,2789,4,19,88,111,1.2432432432432432,0.04825576177861831,621,Undercoating's an extra $50.
3628,2789,6,15,90,111,1.2432432432432432,0.05153851833759958,621,It's what all the incoming Cabinet members are wearing.
111,2791,2,22,83,107,1.2429906542056075,0.04569478044430381,621,Do you think the Instagram filter will capture the sheen?
1844,2791,2,22,83,107,1.2429906542056075,0.04569478044430381,621,"It may seem a bit constricting, but it breathes really well."
6650,2793,2,19,74,95,1.2421052631578948,0.048989313627048496,621,"Just a few chinks but nothing major, Sir"
256,2794,5,19,96,120,1.2416666666666667,0.04733194261577883,621,It's you.
3155,2795,8,12,96,116,1.2413793103448276,0.05283661225399129,621,Perfect!  I didn't know that Sarah Huckabee Sanders was being replaced.
607,2795,5,18,93,116,1.2413793103448276,0.04839351694219841,621,To like what you see in the mirror...is the greatest battle of all.
1749,2795,3,22,91,116,1.2413793103448276,0.04518940591634643,621,We'll need three days for alterations.
4457,2798,5,17,90,112,1.2410714285714286,0.04952401448452785,621,And it's guaranteed tweet-proof!
4846,2798,4,19,89,112,1.2410714285714286,0.04787225553270457,621,It's the shiniest one we have.
4788,2798,6,15,91,112,1.2410714285714286,0.05112243315354703,621,I said Armani not Armour.
4785,2798,7,13,92,112,1.2410714285714286,0.05267236782615763,621,"It's you, sir. Just reeks of power."
4930,2798,4,19,89,112,1.2410714285714286,0.04787225553270457,621,I forgot to tell you I'm mostly worried about cyber attacks
4730,2798,2,23,87,112,1.2410714285714286,0.044384710521059405,621,"This armor fits very well, and could be yours for the low price of an arm and a leg!"
4726,2798,6,15,91,112,1.2410714285714286,0.05112243315354703,621,"But sir, you specifically said you needed something to wear to the Ironman competition."
4676,2798,2,23,87,112,1.2410714285714286,0.044384710521059405,621,You asked for a suit. May I suggest next time be more specific
4577,2798,4,19,89,112,1.2410714285714286,0.04787225553270457,621,"That's our ""He, Too"" special."
4466,2798,6,15,91,112,1.2410714285714286,0.05112243315354703,621,This one is designed for today's shareholder's meeting
4438,2798,2,23,87,112,1.2410714285714286,0.044384710521059405,621,Alterations may take longer than 2 weeks
4039,2798,5,17,90,112,1.2410714285714286,0.04952401448452785,621,"I think you are quite right, silver suits you better."
4390,2798,6,15,91,112,1.2410714285714286,0.05112243315354703,621,You might need to take it in a little in the cuirass.
4376,2798,4,19,89,112,1.2410714285714286,0.04787225553270457,621,"Crime-fighting is not a Halloween costume contest, Master Bruce."
4332,2798,6,15,91,112,1.2410714285714286,0.05112243315354703,621,I hope this is what they meant by Retro...
4264,2798,3,21,88,112,1.2410714285714286,0.04616143075028548,621,"It comes in Classic Gray, and now in Midnight Black for evening joustings!"
4245,2798,8,11,93,112,1.2410714285714286,0.05417797978228061,621,"I am very sorry Sir, the kitchen ran out of cod, and in hindsight, I agree, the Calamari was not the best choice, to serve as a substitute."
5021,2798,4,19,89,112,1.2410714285714286,0.04787225553270457,621,"Of course sir, the rust protection is only $300"
3881,2798,5,17,90,112,1.2410714285714286,0.04952401448452785,621,Not only wrinkle free but rustproof and includes our lifetime free lubrication service.
3804,2798,4,19,89,112,1.2410714285714286,0.04787225553270457,621,"It's rain resistant, but don't go swimming in it."
3605,2798,5,17,90,112,1.2410714285714286,0.04952401448452785,621,We could take in the breastplate a little.
3588,2798,4,19,89,112,1.2410714285714286,0.04787225553270457,621,Do you dress left or right?
3522,2798,3,21,88,112,1.2410714285714286,0.04616143075028548,621,We can have it ready for the joust on Tuesday.
3406,2798,4,19,89,112,1.2410714285714286,0.04787225553270457,621,100% galvanized so you can shower in it.
4416,2798,5,17,90,112,1.2410714285714286,0.04952401448452785,621,I think this one really shows your softer side.
5095,2798,3,21,88,112,1.2410714285714286,0.04616143075028548,621,"So long as it's not too tight in the, er, vestibule."
5699,2798,4,19,89,112,1.2410714285714286,0.04787225553270457,621,Too steely?
5466,2798,3,21,88,112,1.2410714285714286,0.04616143075028548,621,"We can absolutely have it ready for your IRS audit next week, Mr Collins."
3311,2798,6,15,91,112,1.2410714285714286,0.05112243315354703,621,We also have it in seersucker
7419,2798,6,15,91,112,1.2410714285714286,0.05112243315354703,621,We also sell water wings for the moat.
7214,2798,2,23,87,112,1.2410714285714286,0.044384710521059405,621,Ironclad guarantee: her knight in shining armor or your money back...
7186,2798,5,17,90,112,1.2410714285714286,0.04952401448452785,621,"Bespoke? No, this baby is made of spokes!"
7128,2798,4,19,89,112,1.2410714285714286,0.04787225553270457,621,And without the breastplate it's perfect for casual Friday pillaging ...
7098,2798,6,15,91,112,1.2410714285714286,0.05112243315354703,621,It's shinier in the sunlight.
6950,2798,5,17,90,112,1.2410714285714286,0.04952401448452785,621,We also have it in navy
6694,2798,2,23,87,112,1.2410714285714286,0.044384710521059405,621,You’ll find it stretches out half a size after the first battle.
6480,2798,3,21,88,112,1.2410714285714286,0.04616143075028548,621,You may want to try our no-iron suit.
6365,2798,4,19,89,112,1.2410714285714286,0.04787225553270457,621,"Sorry, we can""t do alterations on this."
6330,2798,5,17,90,112,1.2410714285714286,0.04952401448452785,621,It is certainly a better fit than the current POTUS
5157,2798,4,19,89,112,1.2410714285714286,0.04787225553270457,621,And you'll also notice a significant reduction in sexual harassment.
6161,2798,6,15,91,112,1.2410714285714286,0.05112243315354703,621,The steel-gray color matches those gorgeous eyes of yours.- I hope I haven't made you uncomfortable.
6115,2798,4,19,89,112,1.2410714285714286,0.04787225553270457,621,"Lubrication is free, but alterations are out of the question."
6103,2798,5,17,90,112,1.2410714285714286,0.04952401448452785,621,This shows off your strong suit.
5966,2798,8,11,93,112,1.2410714285714286,0.05417797978228061,621,"Mr Trump, the perfect suit to wear for your visit to Pyongyang."
5957,2798,2,23,87,112,1.2410714285714286,0.044384710521059405,621,"If I may say, sir, you look quite chivalrous."
5788,2798,6,15,91,112,1.2410714285714286,0.05112243315354703,621,You'll shine at the round table.
5786,2798,5,17,90,112,1.2410714285714286,0.04952401448452785,621,We also offer  it in a nice pinstripe.
5710,2798,5,17,90,112,1.2410714285714286,0.04952401448452785,621,"With an alteration or two, you'll be her knight in shining armor."
5660,2798,3,21,88,112,1.2410714285714286,0.04616143075028548,621,"If she doesn't believe your her knight in shining armor with that, she never will."
5599,2798,6,15,91,112,1.2410714285714286,0.05112243315354703,621,It’s also a good day suit.
5587,2798,5,17,90,112,1.2410714285714286,0.04952401448452785,621,...and if you're feeling moody there's a white satin cape that comes with it
5484,2798,6,15,91,112,1.2410714285714286,0.05112243315354703,621,It will help your posture.
6140,2798,4,19,89,112,1.2410714285714286,0.04787225553270457,621,The invitation says “vineyard formal?” This would certainly work.
3241,2798,4,19,89,112,1.2410714285714286,0.04787225553270457,621,"You're right, sir, It is a little tight in the waist.  Let me go get my blow torch."
1858,2798,6,15,91,112,1.2410714285714286,0.05112243315354703,621,Stainless AND permanent press!
3170,2798,5,17,90,112,1.2410714285714286,0.04952401448452785,621,"Yes sir, 100 percent virgin steel."
1432,2798,5,17,90,112,1.2410714285714286,0.04952401448452785,621,It looks a little stiff.
1325,2798,5,17,90,112,1.2410714285714286,0.04952401448452785,621,It stretches with wear.
1299,2798,4,19,89,112,1.2410714285714286,0.04787225553270457,621,"Thirty-two dollars fir the suit. Tailoring is forty-two thousand, and a bathroom break will run about eighty grand per incident."
1146,2798,2,23,87,112,1.2410714285714286,0.044384710521059405,621,To avoid rust we recommend dry cleaning only
1045,2798,4,19,89,112,1.2410714285714286,0.04787225553270457,621,It really shows off your figure.
1010,2798,1,25,86,112,1.2410714285714286,0.04253383790775388,621,"A chivalrous choice, sir."
1000,2798,4,19,89,112,1.2410714285714286,0.04787225553270457,621,So you can forget the slings and arrows of outrageous fortune...
995,2798,2,23,87,112,1.2410714285714286,0.044384710521059405,621,"Now that you are CEO, this will make you totally impervious to the slings and arrows of outrageous fortune."
975,2798,5,17,90,112,1.2410714285714286,0.04952401448452785,621,Nothing a good lube job won't fix.
939,2798,6,15,91,112,1.2410714285714286,0.05112243315354703,621,Will it make my horse look fat?
807,2798,3,21,88,112,1.2410714285714286,0.04616143075028548,621,This one also comes in plaid
776,2798,3,21,88,112,1.2410714285714286,0.04616143075028548,621,It flatters you. But don't gain weight. Alterations are terribly expensive.
3199,2798,6,15,91,112,1.2410714285714286,0.05112243315354703,621,I got two outfits for my daughter before she joined the administration.
724,2798,6,15,91,112,1.2410714285714286,0.05112243315354703,621,"Sure, it's slimming, but it might be a little loud."
705,2798,2,23,87,112,1.2410714285714286,0.044384710521059405,621,You're always safe with the classic cut.
697,2798,6,15,91,112,1.2410714285714286,0.05112243315354703,621,A real bargain -- 20% off with a free can-opener!
481,2798,5,17,90,112,1.2410714285714286,0.04952401448452785,621,"The Special Counsel is ready to see you, Sir."""
387,2798,4,19,89,112,1.2410714285714286,0.04787225553270457,621,Most power suits aren't that comfortable.
336,2798,6,15,91,112,1.2410714285714286,0.05112243315354703,621,The suit makes the man
289,2798,5,17,90,112,1.2410714285714286,0.04952401448452785,621,You're gonna knock 'em dead.
270,2798,4,19,89,112,1.2410714285714286,0.04787225553270457,621,"The president will see you now, sir."
134,2798,2,23,87,112,1.2410714285714286,0.044384710521059405,621,It is rather shiny - but that's the style these days.
83,2798,6,15,91,112,1.2410714285714286,0.05112243315354703,621,It also comes with inbuilt WiFi.
63,2798,4,19,89,112,1.2410714285714286,0.04787225553270457,621,It comes with a free can of WD-40
46,2798,4,19,89,112,1.2410714285714286,0.04787225553270457,621,"Yes, well, Lord Vader said the same thing..."
1456,2798,4,19,89,112,1.2410714285714286,0.04787225553270457,621,It also comes in a blue plaid.
1539,2798,3,21,88,112,1.2410714285714286,0.04616143075028548,621,"And, of course, we have a stylish selection of comfortable footwear for you to choose from."
768,2798,8,11,93,112,1.2410714285714286,0.05417797978228061,621,It'll wear like iron.
1677,2798,2,23,87,112,1.2410714285714286,0.044384710521059405,621,"If the shoulders feel a bit loose, we have a wonderful chainmail vest that will snug things right up."
1643,2798,4,19,89,112,1.2410714285714286,0.04787225553270457,621,You look smashing sir!
3036,2798,5,17,90,112,1.2410714285714286,0.04952401448452785,621,You can wear it for daytime as well.
2982,2798,5,17,90,112,1.2410714285714286,0.04952401448452785,621,"It doesn't need ironing, and you'll save a fortune on fabric softeners."
2732,2798,6,15,91,112,1.2410714285714286,0.05112243315354703,621,I see you've decided to dress for the job you want.
2719,2798,5,17,90,112,1.2410714285714286,0.04952401448452785,621,"I think it'll be perfect if we tighten up the bassinet and take a couple of rivets out of the cuirass, don't you?"
2700,2798,6,15,91,112,1.2410714285714286,0.05112243315354703,621,I'd suggest you stay away from the Baked Beans …
2681,2798,5,17,90,112,1.2410714285714286,0.04952401448452785,621,I'm sure you'll be glad to know :The lifetime oiling offer is complimentary. Foul weather gear may be purchased separately.
2633,2798,3,21,88,112,1.2410714285714286,0.04616143075028548,621,I put one on Lancelot last week
2575,2798,6,15,91,112,1.2410714285714286,0.05112243315354703,621,"Like I told you, you'll look great going into battle."
2530,2798,4,19,89,112,1.2410714285714286,0.04787225553270457,621,That's gender neutral if I've ever seen it!
2395,2798,6,15,91,112,1.2410714285714286,0.05112243315354703,621,"It's not only off the rack, it is The Rack."
2357,2798,5,17,90,112,1.2410714285714286,0.04952401448452785,621,"It also comes with a necktie, but some find it a bit restricting."
2453,2798,5,17,90,112,1.2410714285714286,0.04952401448452785,621,But can it block tweets?
2231,2798,3,21,88,112,1.2410714285714286,0.04616143075028548,621,"No I’m sorry, it only comes in grey."
1816,2798,6,15,91,112,1.2410714285714286,0.05112243315354703,621,We believe this will be a smart choice for the entire WH Staff.
1824,2798,3,21,88,112,1.2410714285714286,0.04616143075028548,621,I can have the welder take it in a little in the shoulders.
1846,2798,3,21,88,112,1.2410714285714286,0.04616143075028548,621,"Squeaky yes, but extremely durable."
2278,2798,5,17,90,112,1.2410714285714286,0.04952401448452785,621,"I assure you Sire, it fits you like a glove."
1936,2798,5,17,90,112,1.2410714285714286,0.04952401448452785,621,Slimming!
3070,2798,3,21,88,112,1.2410714285714286,0.04616143075028548,621,"It will work for any occasion- weddings, funerals, crusades, etc."
2045,2798,7,13,92,112,1.2410714285714286,0.05267236782615763,621,"Do you feel safe yet,Sec. Pruitt?"
2086,2798,4,19,89,112,1.2410714285714286,0.04787225553270457,621,You asked for our best wrinkle free material.
2094,2798,6,15,91,112,1.2410714285714286,0.05112243315354703,621,Our alterations are done at U.S. Steel.
2190,2798,5,17,90,112,1.2410714285714286,0.04952401448452785,621,It's perfect for that special knight out on the town.
1987,2798,5,17,90,112,1.2410714285714286,0.04952401448452785,621,It is a great traditional look.
5912,2908,4,18,86,108,1.2407407407407407,0.048995394649344264,621,Our welder will be up in a minute to lengthen the sleeves.
5898,2908,4,18,86,108,1.2407407407407407,0.048995394649344264,621,"No, really.  Medieval is the new skinny jean."
5845,2908,5,16,87,108,1.2407407407407407,0.05073084824220075,621,"Of course a 42 long would be more comfortable, but you wouldn’t look so cavalier."
3915,2908,4,18,86,108,1.2407407407407407,0.048995394649344264,621,"It's the perfect three-season suit. Damsel, dragon, windmill."
3290,2908,5,16,87,108,1.2407407407407407,0.05073084824220075,621,"No, Sir, you don't get three sets of armor...that's just the mirror."
1554,2908,4,18,86,108,1.2407407407407407,0.048995394649344264,621,"Repeat after me.  Mirror, mirror on the wall...."
2213,2908,2,22,84,108,1.2407407407407407,0.0453255795747674,621,Like custom made! No one will guess it's off the rack.
1727,2908,4,18,86,108,1.2407407407407407,0.048995394649344264,621,Wrinkle-resistant and guaranteed to hold its crease.
1107,2908,4,18,86,108,1.2407407407407407,0.048995394649344264,621,"And after the joust, you just flip back the visor for that ""soft metal"" look."
669,2908,3,20,85,108,1.2407407407407407,0.04719616965725907,621,The designer is Armorni.
628,2908,6,14,88,108,1.2407407407407407,0.052408865947484624,621,"Yes, it's a traditional cut, but I wouldn't call it old fashioned."
3102,2908,6,14,88,108,1.2407407407407407,0.052408865947484624,621,Tumble dry on dragon-breath setting
4397,2920,5,17,91,113,1.238938053097345,0.04913013287439456,621,Would you like to see it with the matching shield? It really does completes the look.
5239,2920,3,21,89,113,1.238938053097345,0.045800811460775734,621,"I know it's a bit last season, but it still shines on you."
5359,2920,4,19,90,113,1.238938053097345,0.047494653839780694,621,"It also comes in a matte finish, if you're not feeling particularly heroic."
5373,2920,5,17,91,113,1.238938053097345,0.04913013287439456,621,We also have it in chrome or pewter if you prefer.
5590,2920,5,17,91,113,1.238938053097345,0.04913013287439456,621,It comes with a lovely aluminum garment bag.
5713,2920,4,19,90,113,1.238938053097345,0.047494653839780694,621,Think of all the money you’ll save on dry cleaning.
5773,2920,4,19,90,113,1.238938053097345,0.047494653839780694,621,"I said a suit for night wear, not knight wear"
5780,2920,3,21,89,113,1.238938053097345,0.045800811460775734,621,"Authoritative, unapproachable, and hides the dirt.'"""
6255,2920,4,19,90,113,1.238938053097345,0.047494653839780694,621,"Yes, it’s by a young designer whose answer to #MeToo is to try to bring back chivalry."
6136,2920,6,15,92,113,1.238938053097345,0.05071289549168667,621,"Once again, I'm reminded that if you wait long enough everything comes back in style."
6400,2920,5,17,91,113,1.238938053097345,0.04913013287439456,621,Currentently stylish anywhere except the TSA line.
6517,2920,4,19,90,113,1.238938053097345,0.047494653839780694,621,"Preparing for a hostile takeover, are we?"
6714,2920,3,21,89,113,1.238938053097345,0.045800811460775734,621,Definitely dashing. Especially for knight time. It suits you.
7033,2920,5,17,91,113,1.238938053097345,0.04913013287439456,621,"okay, okay , we'll take it in at the waist and add the cuffs but our welder won't be back 'till Monday"
7041,2920,4,19,90,113,1.238938053097345,0.047494653839780694,621,I want it to be THIS shiny
7340,2920,5,17,91,113,1.238938053097345,0.04913013287439456,621,The double-breasted look really is back.
4103,2920,5,17,91,113,1.238938053097345,0.04913013287439456,621,"The president says he'll put it on his tab, Ms. Sanders."
6058,2920,4,19,90,113,1.238938053097345,0.047494653839780694,621,Our Lancelot model comes with a lifetime supply of WD-40.
3774,2920,6,15,92,113,1.238938053097345,0.05071289549168667,621,Better than a wall.
7445,2920,6,15,92,113,1.238938053097345,0.05071289549168667,621,And we guarantee the life of the suit.
3639,2920,3,21,89,113,1.238938053097345,0.045800811460775734,621,You look positively cavalier!
3772,2920,5,17,91,113,1.238938053097345,0.04913013287439456,621,"The accessories, optional of course, come with a guarantee of a knight to remember"
568,2920,5,17,91,113,1.238938053097345,0.04913013287439456,621,We also have it in carbon fiber!
829,2920,4,19,90,113,1.238938053097345,0.047494653839780694,621,"Watch your diet.  Alterations start at $1,000."
863,2920,4,19,90,113,1.238938053097345,0.047494653839780694,621,"The waist is a little loose, but the blacksmith can take it in."
1332,2920,4,19,90,113,1.238938053097345,0.047494653839780694,621,You can see it gives you a very nice polished presence.
1351,2920,6,15,92,113,1.238938053097345,0.05071289549168667,621,"Works for day OR knight, sir."
1575,2920,5,17,91,113,1.238938053097345,0.04913013287439456,621,"It is our latest, “The Protectionist” cut."
2068,2920,2,23,88,113,1.238938053097345,0.0440418723213541,621,"No, it does not make your butt look fat."
2084,2920,3,21,89,113,1.238938053097345,0.045800811460775734,621,"No sir, it doesn't make your ass look big."
1804,2920,7,13,93,113,1.238938053097345,0.05224773279335481,621,REMEMBER THIS SUIT IS ONLY DRY CLEAN.
2450,2920,5,17,91,113,1.238938053097345,0.04913013287439456,621,Go slay em kid!
2638,2920,1,25,87,113,1.238938053097345,0.04220969917774097,621,"It's neither formal, nor informal. But at any occassion it  will make a statement."
2662,2920,6,15,92,113,1.238938053097345,0.05071289549168667,621,"Well, what did you mean by Esquire?"
2812,2920,6,15,92,113,1.238938053097345,0.05071289549168667,621,"Yes, of course it’s stay-pressed."
3044,2920,4,19,90,113,1.238938053097345,0.047494653839780694,621,This suits you today for all occasions!
3408,2920,5,17,91,113,1.238938053097345,0.04913013287439456,621,There's no way anyone can tell it's you Donald.
3476,2920,6,15,92,113,1.238938053097345,0.05071289549168667,621,It's the latest thing for members of the Trump white house.
3619,2920,4,19,90,113,1.238938053097345,0.047494653839780694,621,"As a gentleman who values his privacy, you'll get a lot of wear our of this suit."
2310,2920,1,25,87,113,1.238938053097345,0.04220969917774097,621,It reflects very well on you sir.
3732,2960,5,16,88,109,1.238532110091743,0.05031177443120517,621,All armor is final sale.
7153,2960,4,18,87,109,1.238532110091743,0.048594032361072494,621,"Of course,you probably can't fly in this."
6242,2960,5,16,88,109,1.238532110091743,0.05031177443120517,621,"No, ma'am, I don't think it makes your derriere look too big."
4672,2960,1,24,84,109,1.238532110091743,0.043031337246086515,621,Hmmm...I mean you DID already get her the princess cut ring.
4145,2960,3,20,86,109,1.238532110091743,0.046813302765362025,621,"Fits quite well for off the rack, don't you think, Sir?"
3457,2960,4,18,87,109,1.238532110091743,0.048594032361072494,621,"May I say sir, you make an excellent knight in shining armor!"
2374,2960,2,22,85,109,1.238532110091743,0.0449621023807155,621,Certainly we have other fabrics but I must say metal looks particularly good on you.
2859,2960,5,16,88,109,1.238532110091743,0.05031177443120517,621,"It keeps you from falling, or getting up if you do fall."
1376,2960,4,18,87,109,1.238532110091743,0.048594032361072494,621,Are you sure you want to get married?
1229,2960,3,20,86,109,1.238532110091743,0.046813302765362025,621,"Smashing  Sir, Absolutely Smashing!"
787,2960,6,14,89,109,1.238532110091743,0.05197277471642225,621,You're lucky to have ordered early.  With the new tariffs on metal we may not be able to get replacement parts.
560,2960,4,18,87,109,1.238532110091743,0.048594032361072494,621,It really suits you.
21,2960,2,22,85,109,1.238532110091743,0.0449621023807155,621,We recommend that you have a little wiggle room.
3319,2960,3,20,86,109,1.238532110091743,0.046813302765362025,621,"Thing is, get it wet and it's gonna rust. But it looks good. Truly a suit for the ages!"
3132,2974,6,16,96,118,1.2372881355932204,0.04915329166657521,621,You're the third Mets fan who's ordered one for this year's Subway Series in the Bronx.
365,2975,6,15,93,114,1.236842105263158,0.05030975558841903,621,Big night?
4495,2975,4,19,91,114,1.236842105263158,0.047122825860897805,621,This one definitely makes your butt look smaller.
6447,2975,4,19,91,114,1.236842105263158,0.047122825860897805,621,"It's you, Sir, and I might add a favorite style among             subway commuters!"
4035,2978,4,18,88,110,1.2363636363636363,0.04819904644226626,621,What's old is new.
4315,2978,3,20,87,110,1.2363636363636363,0.04643643404214962,621,"Sir, it may feel a bit snug, but it will loosen up with wear."""
5010,2978,4,18,88,110,1.2363636363636363,0.04819904644226626,621,Wait till your damsel sees you in this!
5346,2978,4,18,88,110,1.2363636363636363,0.04819904644226626,621,"Most of our clientele never bother to do the research, but I can tell you like a traditional fit."
5369,2978,5,16,89,110,1.2363636363636363,0.04989943636291464,621,Year of wear—I guarantee it. Assuming you manage to stay alive.
7337,2978,5,16,89,110,1.2363636363636363,0.04989943636291464,621,...and wrinkle free as well...
6665,2978,6,14,90,110,1.2363636363636363,0.05154376219029219,621,That's a lovely steed you have parked out front.
6880,2978,4,18,88,110,1.2363636363636363,0.04819904644226626,621,"It protects you from everything, but, no, not Twitter."
7091,2978,6,14,90,110,1.2363636363636363,0.05154376219029219,621,It is made completely of inorganic materials!
4034,2978,2,22,86,110,1.2363636363636363,0.04460422328836234,621,It's also moth-proof and crease-resistant.
6509,2978,3,20,87,110,1.2363636363636363,0.04643643404214962,621,I don't think it makes you look stiff at all.
4033,2978,4,18,88,110,1.2363636363636363,0.04819904644226626,621,It's what all the incumbents are wearing home for the summer.
1453,2978,4,18,88,110,1.2363636363636363,0.04819904644226626,621,If I buy two do I get the third one free?
3869,2978,4,18,88,110,1.2363636363636363,0.04819904644226626,621,Perfect for tonight's Metallica concert!
4029,2978,3,20,87,110,1.2363636363636363,0.04643643404214962,621,I would definitely let out the cuirass. And add a red pocket square.
92,2978,5,16,89,110,1.2363636363636363,0.04989943636291464,621,All it needs is the free lance.
290,2978,4,18,88,110,1.2363636363636363,0.04819904644226626,621,"My apologies. The silent ""k"" threw me."
303,2978,4,18,88,110,1.2363636363636363,0.04819904644226626,621,"It's part of our new vintage range, sir."
1132,2978,5,16,89,110,1.2363636363636363,0.04989943636291464,621,"Oh, yes. Padded shoulders are definitely in this year."
241,2978,5,16,89,110,1.2363636363636363,0.04989943636291464,621,Excellent choice Sir. The Damsels seem to prefer the shining armor.
1779,2978,5,16,89,110,1.2363636363636363,0.04989943636291464,621,"And if it ever wrinkles, once over with a hot iron and it’s good as new."
2233,2978,4,18,88,110,1.2363636363636363,0.04819904644226626,621,Tin is in!
2942,2978,3,20,87,110,1.2363636363636363,0.04643643404214962,621,Built to last!
3485,2978,2,22,86,110,1.2363636363636363,0.04460422328836234,621,I think it was a figure of speech.
3504,2978,2,22,86,110,1.2363636363636363,0.04460422328836234,621,Equally perfect for picking wild blackberries or fending off hostile corporate takeovers.
1560,2978,2,22,86,110,1.2363636363636363,0.04460422328836234,621,Silver is definitely your color.
3521,3004,3,19,84,106,1.2358490566037736,0.04749216002345262,621,You wear that suit like a true renaissance man!
4761,3004,2,21,83,106,1.2358490566037736,0.04556106610227718,621,It's guaranteed to withstand slings and arrows
3547,3004,4,17,85,106,1.2358490566037736,0.049347743443954886,621,Medieval is so hot right now.
3655,3004,3,19,84,106,1.2358490566037736,0.04749216002345262,621,"No ironing, ironic isn’t it."
4288,3004,3,19,84,106,1.2358490566037736,0.04749216002345262,621,My shine man can have it ready for you tomorrow morning.
4369,3004,2,21,83,106,1.2358490566037736,0.04556106610227718,621,You can't go wrong with a classic look.
4461,3004,3,19,84,106,1.2358490566037736,0.04749216002345262,621,You look marvelous in this one of a kind Yves St. Lancelot suit
4735,3004,6,13,87,106,1.2358490566037736,0.05286387066461095,621,And in addition we promise 100% protection from sexually transmitted diseases
4748,3004,3,19,84,106,1.2358490566037736,0.04749216002345262,621,"And for the final detail, may I suggest the Henry the 8th cod piece?"
5671,3004,5,15,86,106,1.2358490566037736,0.05113603721767608,621,You might want to go a size up in case it shrinks in the wash...
6696,3004,4,17,85,106,1.2358490566037736,0.049347743443954886,621,It is monochrome but it projects power.
5950,3004,4,17,85,106,1.2358490566037736,0.049347743443954886,621,"...bold, whimsical, and it gives you that stiff upper lip you’re looking for..."
6331,3004,6,13,87,106,1.2358490566037736,0.05286387066461095,621,"This is our ""slings and arrows of adversity"" model."
6364,3004,4,17,85,106,1.2358490566037736,0.049347743443954886,621,"You may not be able to sit down, but it's guaranteed for life, jousts and dragons excluded."
6566,3004,4,17,85,106,1.2358490566037736,0.049347743443954886,621,It's a no iron suit too!
6735,3004,4,17,85,106,1.2358490566037736,0.049347743443954886,621,"It's you, Mr. President."
6974,3004,3,19,84,106,1.2358490566037736,0.04749216002345262,621,I personally prefer it in peach.
7036,3004,7,11,88,106,1.2358490566037736,0.054536990574855476,621,"Alright, Mrs. Sanders, I think they'll serve you, but I'm not sure how you'll eat it."
7132,3004,2,21,83,106,1.2358490566037736,0.04556106610227718,621,The warranty includes a maximum of 5 duels
3502,3004,3,19,84,106,1.2358490566037736,0.04749216002345262,621,"For a little more, you can have it in stainless."
5812,3004,4,17,85,106,1.2358490566037736,0.049347743443954886,621,Not bad for my  first time working with metal!
2978,3004,1,23,82,106,1.2358490566037736,0.04354441669214217,621,It may not breathe much but it transitions well to knight
1990,3004,2,21,83,106,1.2358490566037736,0.04556106610227718,621,The steel plates are very slimming
2774,3004,4,17,85,106,1.2358490566037736,0.049347743443954886,621,"It’s a little dull, yes, but she’ll appreciate the effort."
2914,3004,5,15,86,106,1.2358490566037736,0.05113603721767608,621,The Teflon application would be extra.
455,3004,7,11,88,106,1.2358490566037736,0.054536990574855476,621,It's also an excellent defense against unwanted sexual advances.
547,3004,3,19,84,106,1.2358490566037736,0.04749216002345262,621,"Trust me, this will be helpful when you need to fire people."
549,3004,4,17,85,106,1.2358490566037736,0.049347743443954886,621,"Yes, I suppose we can rustproof  the inside of the pants for you."
566,3004,4,17,85,106,1.2358490566037736,0.049347743443954886,621,This cut is very chic in the White House intern program this summer.
573,3004,4,17,85,106,1.2358490566037736,0.049347743443954886,621,"Medieval Mondays sounds like a morale-booster, but it may be hard on the furniture."
936,3004,3,19,84,106,1.2358490566037736,0.04749216002345262,621,"Yes, my Liege.  It can be joust-ready by Wednesday."
1123,3004,5,15,86,106,1.2358490566037736,0.05113603721767608,621,It also comes in shining.
1359,3004,4,17,85,106,1.2358490566037736,0.049347743443954886,621,"Don't worry, Hillary, no one will guess that it is you."
1530,3004,4,17,85,106,1.2358490566037736,0.049347743443954886,621,NOW  you are REALLY  ready for your meeting with President Trump!
1333,3004,3,19,84,106,1.2358490566037736,0.04749216002345262,621,"Yes, Mr. President, King John’s armor is much more slimming than Kim Jong Un’s Mao suit."
2630,3004,5,15,86,106,1.2358490566037736,0.05113603721767608,621,It is a great travel suit...especially if you are traveling to the Holy Land.
1950,3004,4,17,85,106,1.2358490566037736,0.049347743443954886,621,"Yes, the material is very breathable."
132,3004,4,17,85,106,1.2358490566037736,0.049347743443954886,621,The retro look is in for this year’s boardroom battles.
2158,3004,5,15,86,106,1.2358490566037736,0.05113603721767608,621,Some riding may occur.
2480,3004,4,17,85,106,1.2358490566037736,0.049347743443954886,621,"You may be 100lbs heavier, but you actually LOOK 30lbs slimmer in our OverArmour suit."
2584,3004,2,21,83,106,1.2358490566037736,0.04556106610227718,621,You’re gonna slay them at the company party in this one!
2598,3004,2,21,83,106,1.2358490566037736,0.04556106610227718,621,May I be so bold as to suggest that you will bring back the glory of Camelot?
1722,3004,3,19,84,106,1.2358490566037736,0.04749216002345262,621,It's very popular for hostile take overs.
2650,3004,3,19,84,106,1.2358490566037736,0.04749216002345262,621,The knees are particularly stylish.
2675,3004,3,19,84,106,1.2358490566037736,0.04749216002345262,621,We offer that personal touch the mail order companies just can't compete with.
2244,3049,2,24,93,119,1.2352941176470589,0.042540533136545704,621,Would you like to see it in the Dark Oxidized Satin Bronz?
5707,3050,5,17,93,115,1.2347826086956522,0.048360511755673,621,Post-paleo look.  Very popular.
3905,3051,5,16,90,111,1.2342342342342343,0.049493677083499193,621,They're bi-gender.
7118,3051,4,18,89,111,1.2342342342342343,0.0478102908111374,621,And you don't have to wear a tie with it.
3808,3051,2,22,87,111,1.2342342342342343,0.04425182007381393,621,"This will be just perfect for your Sweet Sixteen, Joan!"
4059,3051,3,20,88,111,1.2342342342342343,0.046065428942378965,621,"You said she wanted a ""knight in shining armor""."
2848,3051,4,18,89,111,1.2342342342342343,0.0478102908111374,621,You did say you wanted a vintage look.
5073,3051,3,20,88,111,1.2342342342342343,0.046065428942378965,621,Comes with NRA approval
2411,3051,3,20,88,111,1.2342342342342343,0.046065428942378965,621,We can let it out in the crotch.
1629,3051,5,16,90,111,1.2342342342342343,0.049493677083499193,621,This model is also pigeon-resistant
1584,3051,3,20,88,111,1.2342342342342343,0.046065428942378965,621,I think it says wowza.
371,3051,7,12,92,111,1.2342342342342343,0.052699377594484176,621,With that look you're going to slay the hipsters.
0,3051,4,18,89,111,1.2342342342342343,0.0478102908111374,621,"And who says chivalry is dead, sir?"
2568,3051,4,18,89,111,1.2342342342342343,0.0478102908111374,621,If it's too middle-aged for you we can always go renaissance
5217,3063,2,21,84,107,1.233644859813084,0.04518704490270077,621,"This is from our avant ""guard"" selection."
5188,3063,4,17,86,107,1.233644859813084,0.04893404248117062,621,"Yes, it’s SO you!"
4984,3063,4,17,86,107,1.233644859813084,0.04893404248117062,621,"Look big in that? Hardly, sir."
4936,3063,5,15,87,107,1.233644859813084,0.05070380909561104,621,Did you have a different suit in mind?
4790,3063,3,19,85,107,1.233644859813084,0.04709782129030868,621,"It's joust, I mean just perfect."
4786,3063,2,21,84,107,1.233644859813084,0.04518704490270077,621,"Shining is extra, I'm afraid"
4487,3063,4,17,86,107,1.233644859813084,0.04893404248117062,621,Just perfect on a knight like this.
4573,3063,2,21,84,107,1.233644859813084,0.04518704490270077,621,"Which way do you dress, Sir Lancelot?"
4468,3063,4,17,86,107,1.233644859813084,0.04893404248117062,621,This classic is from our line of conservative reignware Sir!
4406,3063,4,17,86,107,1.233644859813084,0.04893404248117062,621,No sir. I'd say it makes your's a hard little tush.
4388,3063,3,19,85,107,1.233644859813084,0.04709782129030868,621,"Hot damn. You make a dragon want to retire, man."
4379,3063,2,21,84,107,1.233644859813084,0.04518704490270077,621,Our expert steel workers can modify the suit to meet your qualifications.
4307,3063,3,19,85,107,1.233644859813084,0.04709782129030868,621,"Well, you  won't look like every Tom, Dick, and Harry."
4743,3063,4,17,86,107,1.233644859813084,0.04893404248117062,621,"What a suit! Why, I hardly know you in it!"
5488,3063,4,17,86,107,1.233644859813084,0.04893404248117062,621,For the formal option we add a bowtie.
6261,3063,3,19,85,107,1.233644859813084,0.04709782129030868,621,"I know $6800 seems like a lot, but it comes with a horse and a jousting pole."
6095,3063,3,19,85,107,1.233644859813084,0.04709782129030868,621,"+ Yes, skillfully accessorized will soften the look."
7437,3063,4,17,86,107,1.233644859813084,0.04893404248117062,621,Metallics are in this year.
7372,3063,4,17,86,107,1.233644859813084,0.04893404248117062,621,Basically all young women in Hollywood wear this now
7313,3063,2,21,84,107,1.233644859813084,0.04518704490270077,621,This is why I measured your crotch.
7246,3063,3,19,85,107,1.233644859813084,0.04709782129030868,621,"No, it's not subpoena-proof, Mr. President."
7184,3063,4,17,86,107,1.233644859813084,0.04893404248117062,621,"If you want, we can throw in a can opener."
4187,3063,3,19,85,107,1.233644859813084,0.04709782129030868,621,It's the old school power suit
5793,3063,5,15,87,107,1.233644859813084,0.05070380909561104,621,"I think you will be very happy with this suit,Mr. Pruitt."
7155,3063,2,21,84,107,1.233644859813084,0.04518704490270077,621,"Left or right, Sir?"
6979,3063,5,15,87,107,1.233644859813084,0.05070380909561104,621,"This style features tactical pants, touchscreen gauntlets, and a visor to crack open on casual Fridays."
6962,3063,5,15,87,107,1.233644859813084,0.05070380909561104,621,And it will never loose its shape...because it's permanently ironed.
6940,3063,3,19,85,107,1.233644859813084,0.04709782129030868,621,We also have this number in a summer weight carbon fiber and kevlar.
6832,3063,1,23,83,107,1.233644859813084,0.043191819639644004,621,"Actually, it's quite slimming."
6324,3063,5,15,87,107,1.233644859813084,0.05070380909561104,621,Just think of what you will save in dry cleaning.
6294,3063,4,17,86,107,1.233644859813084,0.04893404248117062,621,You're going to save a ton on starch!
7152,3063,4,17,86,107,1.233644859813084,0.04893404248117062,621,Its the latest in protest wear !
4127,3063,4,17,86,107,1.233644859813084,0.04893404248117062,621,Prehaps you would like to see something less stiff?
947,3063,1,23,83,107,1.233644859813084,0.043191819639644004,621,Fits you like a glove
3957,3063,4,17,86,107,1.233644859813084,0.04893404248117062,621,"Classic, yet unexpected while maintaining an element of mystery. It's perfect."
4109,3063,4,17,86,107,1.233644859813084,0.04893404248117062,621,"Relax. There's absolutely no chance of any accidental side-boob, I assure you."
1191,3063,3,19,85,107,1.233644859813084,0.04709782129030868,621,It is a perfect outfit to wear when you meet with Kim Jong un.
372,3063,5,15,87,107,1.233644859813084,0.05070380909561104,621,It's a great day-to-knight look.
503,3063,5,15,87,107,1.233644859813084,0.05070380909561104,621,It's in vogue with all the corporate raiders.
678,3063,2,21,84,107,1.233644859813084,0.04518704490270077,621,It's a little stiff.
703,3063,4,17,86,107,1.233644859813084,0.04893404248117062,621,Our blacksmith can take in the breastplate.
1040,3063,2,21,84,107,1.233644859813084,0.04518704490270077,621,"It's just like the one Scott Pruitt bought...only his was solid gold with his name engraved, plus diamond insets over the rivets."
1083,3063,3,19,85,107,1.233644859813084,0.04709782129030868,621,And the nice thing about this suit? It’s wash-and-wear.
1090,3063,3,19,85,107,1.233644859813084,0.04709782129030868,621,The lifetime guarantee of course excludes jousting and battle.
1226,3063,5,15,87,107,1.233644859813084,0.05070380909561104,621,"All business in the front, a little party in the back."
1256,3063,4,17,86,107,1.233644859813084,0.04893404248117062,621,"Yes, it's a real buy before the steel tariffs hit us."
1264,3063,4,17,86,107,1.233644859813084,0.04893404248117062,621,"As you can see, our Medeival fit really broadens the shoulders."
1270,3063,4,17,86,107,1.233644859813084,0.04893404248117062,621,"And, obviously, not to be worn when it rains."
1572,3063,2,21,84,107,1.233644859813084,0.04518704490270077,621,"Best thing is, it never need ironing!"
1576,3063,2,21,84,107,1.233644859813084,0.04518704490270077,621,"No, this suit doesn't need a power tie."
1275,3063,4,17,86,107,1.233644859813084,0.04893404248117062,621,Feels like you’re taking a shine to it sir.
1916,3063,4,17,86,107,1.233644859813084,0.04893404248117062,621,"Will you be getting the same style of armour for your horse, Sire?"
3321,3063,2,21,84,107,1.233644859813084,0.04518704490270077,621,"If the suit fits, bear it."
3066,3063,3,19,85,107,1.233644859813084,0.04709782129030868,621,"It's been on the rack for a while, but if it fits great and you like the style there's no reason to go custom."
3016,3063,2,21,84,107,1.233644859813084,0.04518704490270077,621,You may be interested in something that breathes a little more.
2993,3063,4,17,86,107,1.233644859813084,0.04893404248117062,621,"YES Mr. PRUITT,  THIS SHOULD SERVE YOU WELL IN ECONOMY CLASS."
2554,3063,4,17,86,107,1.233644859813084,0.04893404248117062,621,We could give you a little more room around the kneecaps
1845,3063,4,17,86,107,1.233644859813084,0.04893404248117062,621,It’s our new no-iron suit.
2337,3063,5,15,87,107,1.233644859813084,0.05070380909561104,621,So let me guess--nasty break-up later or bargain hunting before the tariffs kick in?
2466,3063,1,23,83,107,1.233644859813084,0.043191819639644004,621,Does Sir dress right or left?
2282,3063,4,17,86,107,1.233644859813084,0.04893404248117062,621,Trust me—it’s all the rage since “Game of Thrones” caught on.
2168,3063,3,19,85,107,1.233644859813084,0.04709782129030868,621,It also comes double breasted.
2065,3063,4,17,86,107,1.233644859813084,0.04893404248117062,621,"I also have something in a nice summer linen, and a four season chainmail."
2039,3063,4,17,86,107,1.233644859813084,0.04893404248117062,621,"If you wanted night clothes, why did you use mail order?"
2033,3063,5,15,87,107,1.233644859813084,0.05070380909561104,621,A little oil and you're good for both company picnic and casual Fridays.
1927,3063,3,19,85,107,1.233644859813084,0.04709782129030868,621,It certainly projects quiet strength.  Just remember to oil the hinges.
2324,3063,5,15,87,107,1.233644859813084,0.05070380909561104,621,I'm loving the look- it's kind of a mid 14th century chic
4234,3130,2,20,81,103,1.233009708737864,0.046182835261861316,621,"Mayhem and mystery indeed, my lord!"
6849,3130,4,16,83,103,1.233009708737864,0.05013570674702158,621,It's called the Retro fit.
6460,3130,3,18,82,103,1.233009708737864,0.04819980997808791,621,It's a classic look and it wears well.
6396,3130,2,20,81,103,1.233009708737864,0.046182835261861316,621,It's the European cut.
4806,3130,4,16,83,103,1.233009708737864,0.05013570674702158,621,"Uhm.. well you see sir, this was before golf."
3980,3130,3,18,82,103,1.233009708737864,0.04819980997808791,621,"Sir, we do have this in the less cliché matte finish"
1805,3130,5,14,84,103,1.233009708737864,0.05199958173026883,621,You want it shining?  That’ll be an extra twenty bucks.
3466,3130,3,18,82,103,1.233009708737864,0.04819980997808791,621,"Yeah, I'll try anything to get a cartoon in The New Yorker."
2486,3130,5,14,84,103,1.233009708737864,0.05199958173026883,621,“It comes with a pastrami sandwich.”
2015,3130,3,18,82,103,1.233009708737864,0.04819980997808791,621,This style is having a Renaissance.
747,3130,2,20,81,103,1.233009708737864,0.046182835261861316,621,The analogy that the emperor wears no clothes is very close.
163,3130,2,20,81,103,1.233009708737864,0.046182835261861316,621,"I misspelled ""Armani"" on the form...but I think you might make it work anyway."
3834,3130,3,18,82,103,1.233009708737864,0.04819980997808791,621,This is the perfect suit for you if you're being transferred to the Knight shift.
3436,3143,3,19,86,108,1.2314814814814814,0.046709818132625494,621,With a little WD-40 it will last for years
3621,3143,4,17,87,108,1.2314814814814814,0.0485270787963912,621,I'd say it suits you.
3710,3143,4,17,87,108,1.2314814814814814,0.0485270787963912,621,"Oh yes, that fits you joust right"
3864,3143,4,17,87,108,1.2314814814814814,0.0485270787963912,621,Cuffs matter. Your decision.
3904,3143,5,15,88,108,1.2314814814814814,0.0502786996951927,621,It comes in different metals. We can mail order your selection.
4110,3143,3,19,86,108,1.2314814814814814,0.046709818132625494,621,Classic. Reinforced steel look good on you. Would you also like to try our more modern alloys?
4192,3143,3,19,86,108,1.2314814814814814,0.046709818132625494,621,It's what everyone in 14th century Paris is wearing.
4467,3143,2,21,85,108,1.2314814814814814,0.04481893398391732,621,"I'm sorry, sir. It only comes in gray."
4493,3143,4,17,87,108,1.2314814814814814,0.0485270787963912,621,It certainly softens your image.
4557,3143,5,15,88,108,1.2314814814814814,0.0502786996951927,621,It’s suits you sir - it’s great knight wear!
5938,3143,3,19,86,108,1.2314814814814814,0.046709818132625494,621,"Super-light titanium, sir.  And when you ride a motorcycle, you won't have to wear a helmet."
5503,3143,5,15,88,108,1.2314814814814814,0.0502786996951927,621,When is the press briefing Mr. President?
6082,3143,4,17,87,108,1.2314814814814814,0.0485270787963912,621,No.  It doesn't come in any other colors.
6186,3143,4,17,87,108,1.2314814814814814,0.0485270787963912,621,"Yes, sir. It DOES make you look like a very stable genius."
6302,3143,3,19,86,108,1.2314814814814814,0.046709818132625494,621,I'd like to see one just a bit shinier.
6524,3143,4,17,87,108,1.2314814814814814,0.0485270787963912,621,"""I recommend no starch."""
6561,3143,6,13,89,108,1.2314814814814814,0.051971318143448894,621,It’s Roundtable Chic!
6703,3143,4,17,87,108,1.2314814814814814,0.0485270787963912,621,This is the nuts and bolts with a complimentary wrench to undress.
6991,3143,4,17,87,108,1.2314814814814814,0.0485270787963912,621,It comes with a three year rust free warranty
7039,3143,6,13,89,108,1.2314814814814814,0.051971318143448894,621,"Yes, Madam, it's very becoming.  I hear that it's now de rigueur for working in the West Wing."
3104,3143,7,11,90,108,1.2314814814814814,0.05361052299778273,621,We also sell scarecrow and lion suits.
5235,3143,3,19,86,108,1.2314814814814814,0.046709818132625494,621,From smart casual to evening formal the style is acceptable for any event except a TSA full body scan.
2876,3143,4,17,87,108,1.2314814814814814,0.0485270787963912,621,"See? Stainless steel, and not a speck of rust."
604,3143,3,19,86,108,1.2314814814814814,0.046709818132625494,621,"No, I am afraid it is dry-clean-only."
2299,3143,3,19,86,108,1.2314814814814814,0.046709818132625494,621,"Do you dress right, left, or medieval?"
117,3143,3,19,86,108,1.2314814814814814,0.046709818132625494,621,"I'm afraid if you want more breathability, you'll sacrifice security."
261,3143,4,17,87,108,1.2314814814814814,0.0485270787963912,621,"It's the brand new ""Subway Suits"" collection."
369,3143,3,19,86,108,1.2314814814814814,0.046709818132625494,621,"Would you like to try the chainmail collection, sir?"
527,3143,4,17,87,108,1.2314814814814814,0.0485270787963912,621,Alterations are definitely not included.
648,3143,5,15,88,108,1.2314814814814814,0.0502786996951927,621,No one will guess you're a droid.
762,3143,7,11,90,108,1.2314814814814814,0.05361052299778273,621,Very big now....Trump's people all bought one.
785,3143,3,19,86,108,1.2314814814814814,0.046709818132625494,621,"Heavens no, it doesn’t make your butt look fat."
797,3143,5,15,88,108,1.2314814814814814,0.0502786996951927,621,. . . and it comes with a discount coupon for the car wash.
2358,3143,4,17,87,108,1.2314814814814814,0.0485270787963912,621,"It's the latest trend for protecting the chastity of men in power, sir."
1063,3143,4,17,87,108,1.2314814814814814,0.0485270787963912,621,Wait till you mount the horse!
1118,3143,4,17,87,108,1.2314814814814814,0.0485270787963912,621,"Forget concealed carry, everyone ought to have the right to bear armour."
950,3143,2,21,85,108,1.2314814814814814,0.04481893398391732,621,"The cod piece is adjustable.
Does the gentleman dress to the right or left?"
1177,3143,5,15,88,108,1.2314814814814814,0.0502786996951927,621,And this little baby comes with 3 years of free oil changes.
1314,3143,4,17,87,108,1.2314814814814814,0.0485270787963912,621,"I'm telling you, it won't matter if you dress right or left."
1433,3143,3,19,86,108,1.2314814814814814,0.046709818132625494,621,Also available in a light wool worsted.
1712,3143,4,17,87,108,1.2314814814814814,0.0485270787963912,621,"How are you fixed with broadswords, mace and other accessories?"
1782,3143,6,13,89,108,1.2314814814814814,0.051971318143448894,621,It has #MeToo approval
1938,3143,4,17,87,108,1.2314814814814814,0.0485270787963912,621,...and we have a wonderful line of accessories in our Smithy and Stable section
1959,3143,5,15,88,108,1.2314814814814814,0.0502786996951927,621,Our metal unitard is very steampunk
2003,3143,4,17,87,108,1.2314814814814814,0.0485270787963912,621,It comes with a can of 3-in-1 oil and is highly resistant to rusting.
2047,3143,4,17,87,108,1.2314814814814814,0.0485270787963912,621,"Even without the lance, this suit boldly communicates ""I have come to joust!"""
2178,3143,5,15,88,108,1.2314814814814814,0.0502786996951927,621,"See, I told you the chainmail was too distracting from your natural curves"
1153,3143,2,21,85,108,1.2314814814814814,0.04481893398391732,621,"""And all the joints are self lubricating!"""
3324,3191,5,13,82,100,1.23,0.052905480802936666,621,And we also have it in linen...
7290,3192,5,15,89,109,1.2293577981651376,0.0498605386397374,621,Under Armor is a knock-off
6936,3192,3,19,87,109,1.2293577981651376,0.046328004304413195,621,"Well madam, we have it in black, brown, yellow, …and in pink.
or

For an additional fee we can apply another coating of garlic and there will be no reflection."
5836,3192,3,19,87,109,1.2293577981651376,0.046328004304413195,621,The SPF is guaranteed to be 1000.
5306,3192,2,21,86,109,1.2293577981651376,0.04445660038197049,621,"It's our lightweight model, perfect for summer."
4056,3192,4,17,88,109,1.2293577981651376,0.04812669371707594,621,Just a swipe with a damp cloth will remove blood stains.
4921,3192,5,15,89,109,1.2293577981651376,0.0498605386397374,621,It’s all the rage in DC these days.
2964,3192,5,15,89,109,1.2293577981651376,0.0498605386397374,621,"Ready for your town hall, senator?"
1694,3192,5,15,89,109,1.2293577981651376,0.0498605386397374,621,Is it comfortable?
13,3192,4,17,88,109,1.2293577981651376,0.04812669371707594,621,"""It's perfect for when you become the new press secretary."
4963,3192,0,25,84,109,1.2293577981651376,0.04045491301322003,621,"It's the latest in gender-neutral apparel, your Majesty."
4737,3202,3,18,84,105,1.2285714285714286,0.047380354147934275,621,".........and don't forget, it's wrinkle proof!"
4700,3202,3,18,84,105,1.2285714285714286,0.047380354147934275,621,"There, now you're ready to state your opinion on the internet."
4622,3202,5,14,86,105,1.2285714285714286,0.051099885767817904,621,It’s currently the most popular suit in Washington DC.
4604,3202,3,18,84,105,1.2285714285714286,0.047380354147934275,621,It’s so you.
4541,3202,4,16,85,105,1.2285714285714286,0.049275228485861494,621,"And being stainless steel, of course, it's no-iron."
4465,3202,3,18,84,105,1.2285714285714286,0.047380354147934275,621,The chrome finish is much more slimming.
4243,3202,5,14,86,105,1.2285714285714286,0.051099885767817904,621,We can soften the look if you like.
4231,3202,3,18,84,105,1.2285714285714286,0.047380354147934275,621,A little silver polish will do wonders.
4183,3202,3,18,84,105,1.2285714285714286,0.047380354147934275,621,You can't go wrong with the classics - shall we get the blacksmith in to let out that waist a bit?
3813,3202,2,20,83,105,1.2285714285714286,0.04540647284290523,621,"Perfect, I dare say, for your upcoming hostile takeover."
4015,3202,3,18,84,105,1.2285714285714286,0.047380354147934275,621,"We also have this in gold and rose gold,but I think this color best suits your skin tone."
5163,3202,4,16,85,105,1.2285714285714286,0.049275228485861494,621,Finally going to ask for the raise today?
3742,3202,3,18,84,105,1.2285714285714286,0.047380354147934275,621,We like to think of it a the male version of a head scarf.
3673,3202,4,16,85,105,1.2285714285714286,0.049275228485861494,621,Just keep it well oiled !
3624,3202,3,18,84,105,1.2285714285714286,0.047380354147934275,621,"That's a very nice fit,sir.  Might I interest you in a pair of armored wing tips?"
3370,3202,3,18,84,105,1.2285714285714286,0.047380354147934275,621,I  would've thought it was an honor to be the next White House Press Secretary!
3298,3202,4,16,85,105,1.2285714285714286,0.049275228485861494,621,It certainly has that Old-World style.
3286,3202,5,14,86,105,1.2285714285714286,0.051099885767817904,621,"Do you want it wrapping, Melania, or will you wear it home?"
3270,3202,3,18,84,105,1.2285714285714286,0.047380354147934275,621,"Not to worry, Sir. This costume party is with magnates not magnets."
4027,3202,6,12,87,105,1.2285714285714286,0.05286159767387117,621,How much do you charge for alterations?
5193,3202,2,20,83,105,1.2285714285714286,0.04540647284290523,621,"When I said I want a 90s look, it didn't mean 1490s..."
5259,3202,3,18,84,105,1.2285714285714286,0.047380354147934275,621,It's the newest fashion design for teachers and school administrators.
3240,3202,3,18,84,105,1.2285714285714286,0.047380354147934275,621,"...boxers, obviously, are di rigueur_"
7259,3202,4,16,85,105,1.2285714285714286,0.049275228485861494,621,I think she'll love it. I like to refer to it as a suit of amour
7189,3202,2,20,83,105,1.2285714285714286,0.04540647284290523,621,"I must say, it makes you look 20 years younger."
7163,3202,3,18,84,105,1.2285714285714286,0.047380354147934275,621,"And you, sir, thought we were joking?"
7081,3202,4,16,85,105,1.2285714285714286,0.049275228485861494,621,We also offer free polish and buff every 6 weeks!
7008,3202,3,18,84,105,1.2285714285714286,0.047380354147934275,621,No iron necessary.
6765,3202,4,16,85,105,1.2285714285714286,0.049275228485861494,621,"Armour becomes you, Sir."
6537,3202,4,16,85,105,1.2285714285714286,0.049275228485861494,621,"And best of all, nobody will hear you coming"
6353,3202,4,16,85,105,1.2285714285714286,0.049275228485861494,621,"Oh,  just a little SOS once a week"
6265,3202,4,16,85,105,1.2285714285714286,0.049275228485861494,621,Of course you can also dress it down with a pair of jeans for a more casual look.
6143,3202,4,16,85,105,1.2285714285714286,0.049275228485861494,621,"It suits you. I will have the tailor gather his welding materials. May I offer you a cup of mead?"""
6057,3202,6,12,87,105,1.2285714285714286,0.05286159767387117,621,Obviously dry clean only.
6012,3202,6,12,87,105,1.2285714285714286,0.05286159767387117,621,"And, for 20% off you can get a suit for your horse."
5935,3202,3,18,84,105,1.2285714285714286,0.047380354147934275,621,"Sir, might you finally decide on a suit today?  BTW, the Crusades have ended."
5924,3202,5,14,86,105,1.2285714285714286,0.051099885767817904,621,It’s the latest strongman look.  Everyone wants one.
5901,3202,3,18,84,105,1.2285714285714286,0.047380354147934275,621,"As you know, fashion trends always come back"
5621,3202,2,20,83,105,1.2285714285714286,0.04540647284290523,621,"This one doesn't go well with the tie, though."
5611,3202,5,14,86,105,1.2285714285714286,0.051099885767817904,621,It's got babe magnet written all over it.
5536,3202,3,18,84,105,1.2285714285714286,0.047380354147934275,621,It's our finest power suit.  Our tailor is heating up the forge for your alterations.
5447,3202,4,16,85,105,1.2285714285714286,0.049275228485861494,621,"If I take it in any more, thy rivets will  bolt!"
5236,3202,2,20,83,105,1.2285714285714286,0.04540647284290523,621,Fit for a King.
3053,3202,5,14,86,105,1.2285714285714286,0.051099885767817904,621,"Yes, miss, it's our gender-neutral Sartorial Secret number."
3799,3202,4,16,85,105,1.2285714285714286,0.049275228485861494,621,"Ah, Knight in shining armor, 
suits me."
2987,3202,5,14,86,105,1.2285714285714286,0.051099885767817904,621,No one will suspect you're a robot!
1328,3202,5,14,86,105,1.2285714285714286,0.051099885767817904,621,"We do include the club and mace, but you'll need to submit to a background check."
1188,3202,2,20,83,105,1.2285714285714286,0.04540647284290523,621,It really holds a crease well.
1014,3202,3,18,84,105,1.2285714285714286,0.047380354147934275,621,"Yes, I do believe it will be adequate for your meeting with the mothers about your new immigration policies"
933,3202,4,16,85,105,1.2285714285714286,0.049275228485861494,621,"And no deposit, no return!"
923,3202,3,18,84,105,1.2285714285714286,0.047380354147934275,621,Guaranteed?  Certainly.  For life.
841,3202,3,18,84,105,1.2285714285714286,0.047380354147934275,621,I think a peep toe would complete the look bottom to top.
687,3202,4,16,85,105,1.2285714285714286,0.049275228485861494,621,Women really adore a knight in shining armour.
681,3202,5,14,86,105,1.2285714285714286,0.051099885767817904,621,It's all American steel. Very much in this season.
3028,3202,6,12,87,105,1.2285714285714286,0.05286159767387117,621,"It suits you, Mr. Knight."
1375,3202,3,18,84,105,1.2285714285714286,0.047380354147934275,621,Of course it comes with two pairs of pants
654,3202,5,14,86,105,1.2285714285714286,0.051099885767817904,621,"If you like the look, we do have a non-iron option available."
589,3202,4,16,85,105,1.2285714285714286,0.049275228485861494,621,It's very popular with Trump's Cabinet members.
515,3202,6,12,87,105,1.2285714285714286,0.05286159767387117,621,Under Armour takes a look at expanding into business suits.
505,3202,3,18,84,105,1.2285714285714286,0.047380354147934275,621,A little retro but very manly.
446,3202,9,6,90,105,1.2285714285714286,0.05782559172273788,621,Test caption.
429,3202,4,16,85,105,1.2285714285714286,0.049275228485861494,621,I need to make sure that I am prepared for a meeting in the war room tomorrow.
390,3202,3,18,84,105,1.2285714285714286,0.047380354147934275,621,"If you can believe it, these little pups actually outsold our gabardines this year."
376,3202,2,20,83,105,1.2285714285714286,0.04540647284290523,621,"Your  under armour should be quite comfy with this outfit, my lord."
215,3202,4,16,85,105,1.2285714285714286,0.049275228485861494,621,"We call it ""The Humvee."""
183,3202,5,14,86,105,1.2285714285714286,0.051099885767817904,621,"Yes, ventless is back again."
633,3202,3,18,84,105,1.2285714285714286,0.047380354147934275,621,"Our female clients say it's a sure-fire way to cut down on catcalls - except for a very small, specific group of jerks."
1698,3202,6,12,87,105,1.2285714285714286,0.05286159767387117,621,Does my bum look big in this?
657,3202,3,18,84,105,1.2285714285714286,0.047380354147934275,621,A jawline that drops jaws.
1728,3202,7,10,88,105,1.2285714285714286,0.054566461235674844,621,Slightly used by King Harold at The Battle of Hastings.
1700,3202,7,10,88,105,1.2285714285714286,0.054566461235674844,621,"Sir, the office chain mail has gotten out of hand again."
2918,3202,6,12,87,105,1.2285714285714286,0.05286159767387117,621,Non Binary   Hmmm..
2917,3202,5,14,86,105,1.2285714285714286,0.051099885767817904,621,Can I interest you in the rustproofing?
2862,3202,3,18,84,105,1.2285714285714286,0.047380354147934275,621,And when will you begin you position in the Administration sir?
2841,3202,4,16,85,105,1.2285714285714286,0.049275228485861494,621,"Sir, will you being paying with schillings or credit?"
2646,3202,5,14,86,105,1.2285714285714286,0.051099885767817904,621,Did you want a rust belt go with that?
2572,3202,5,14,86,105,1.2285714285714286,0.051099885767817904,621,It makes you look tin years younger!
2505,3202,5,14,86,105,1.2285714285714286,0.051099885767817904,621,The only accessory I recommend is an oil can.
2457,3202,3,18,84,105,1.2285714285714286,0.047380354147934275,621,You're gonna like the way you don't die; I guarantee it.
2969,3202,3,18,84,105,1.2285714285714286,0.047380354147934275,621,"We also carry this in a summer weight, if you prefer."
2335,3202,1,22,82,105,1.2285714285714286,0.04334279170615694,621,"Plus, you'll never have to come out of your shell."
2350,3202,4,16,85,105,1.2285714285714286,0.049275228485861494,621,"Commanding, but with a hint of vulnerability for the ladies."
1792,3202,2,20,83,105,1.2285714285714286,0.04540647284290523,621,And there is a sweat-drain at the heel to minimize corrosion.
1910,3202,2,20,83,105,1.2285714285714286,0.04540647284290523,621,Looks like we'll need to take it in a little bit. Let me get the hacksaw.
1986,3202,5,14,86,105,1.2285714285714286,0.051099885767817904,621,"Codpiece too tight? Yeah, that's what they all say."
1771,3202,4,16,85,105,1.2285714285714286,0.049275228485861494,621,"If you're worried about rust, we sell umbrellas."
2177,3202,7,10,88,105,1.2285714285714286,0.054566461235674844,621,It's our most athletic cut.
2201,3202,4,16,85,105,1.2285714285714286,0.049275228485861494,621,"I tell ya, these suits really sell themselves."
2259,3202,4,16,85,105,1.2285714285714286,0.049275228485861494,621,"Sir, it suits you."
2173,3202,2,20,83,105,1.2285714285714286,0.04540647284290523,621,It's called The Cape Codpiece -- perfect for political conversations at clambakes this season.
6749,3292,4,17,89,110,1.2272727272727273,0.04773273331484981,621,And we'll throw in this year's jousting schedule for free.
4221,3293,5,14,87,106,1.2264150943396226,0.05066142723877443,621,"'Ah, 'Saturday' Night Fever? My mistake, sir."
4944,3293,1,22,83,106,1.2264150943396226,0.042986069052670925,621,Always a sharp choice for middle aged men such as yourself.
4442,3293,4,16,86,106,1.2264150943396226,0.048855764148690535,621,They're wearing the mail shirt a little tighter and shorter this season.
4496,3293,3,18,85,106,1.2264150943396226,0.046980753199957474,621,Consider the tariff before you buy.
4702,3293,6,12,88,106,1.2264150943396226,0.05240491130788026,621,"If the shine is a concern, perhaps Sir would preferred the battered and distressed model with knee gashes for an extra $2000"
4740,3293,1,22,83,106,1.2264150943396226,0.042986069052670925,621,It's you. Really you.
4782,3293,5,14,87,106,1.2264150943396226,0.05066142723877443,621,Just imagine sir: No dry cleaning costs ever!
4829,3293,5,14,87,106,1.2264150943396226,0.05066142723877443,621,The Kevlar lining is quite popular with schoolteachers.
4937,3293,3,18,85,106,1.2264150943396226,0.046980753199957474,621,It does wonders for your figure
5018,3293,3,18,85,106,1.2264150943396226,0.046980753199957474,621,"Why, no madam.  It does not make your posterior appear larger."
5798,3293,4,16,86,106,1.2264150943396226,0.048855764148690535,621,"Looks like you could use a little more space around the neck, Sir."
5144,3293,5,14,87,106,1.2264150943396226,0.05066142723877443,621,"It's the new ""un-tucked"" look..."
5470,3293,3,18,85,106,1.2264150943396226,0.046980753199957474,621,"Spandex, AND it's bullet-proof"
5796,3293,5,14,87,106,1.2264150943396226,0.05066142723877443,621,Plenty of ladies would love a knight out on the town.
6260,3293,4,16,86,106,1.2264150943396226,0.048855764148690535,621,It's from our Ladies-Who-Are-Still-Waiting collection.
6518,3293,4,16,86,106,1.2264150943396226,0.048855764148690535,621,"The shades really do seem to pull the look together rather nicely, sire."
6777,3293,4,16,86,106,1.2264150943396226,0.048855764148690535,621,Knight and day better.
6872,3293,4,16,86,106,1.2264150943396226,0.048855764148690535,621,"It's not Armani, it's Armour Wear."
7380,3293,4,16,86,106,1.2264150943396226,0.048855764148690535,621,"May I suggest a dip in the pool, sir?"
3943,3293,3,18,85,106,1.2264150943396226,0.046980753199957474,621,Jeeves. I think I left my sword at work.
5105,3293,3,18,85,106,1.2264150943396226,0.046980753199957474,621,It breathes and holds up well before a grand jury.
3771,3293,5,14,87,106,1.2264150943396226,0.05066142723877443,621,I think this one suits you.
4443,3293,5,14,87,106,1.2264150943396226,0.05066142723877443,621,"We made an adjustment to the shoulders, so you should feel comfortable dancing with Guinevere."
3479,3293,2,20,84,106,1.2264150943396226,0.045027732031695245,621,"Sir, the suit is perfect for knight or firmal occasions."
3728,3293,2,20,84,106,1.2264150943396226,0.045027732031695245,621,C’est toi!
253,3293,3,18,85,106,1.2264150943396226,0.046980753199957474,621,It is also iron free.
292,3293,2,20,84,106,1.2264150943396226,0.045027732031695245,621,Forget what you’ve heard. Alterations are a breeze.
574,3293,3,18,85,106,1.2264150943396226,0.046980753199957474,621,"Excellent choice, sir. Now let's accessorize it."
990,3293,3,18,85,106,1.2264150943396226,0.046980753199957474,621,"The Silver looks good on you, Sir, but would you also like to try the Rose Gold?"
1138,3293,2,20,84,106,1.2264150943396226,0.045027732031695245,621,It’s what they’re all wearing in Washington these days.
1516,3293,3,18,85,106,1.2264150943396226,0.046980753199957474,621,Fits you like a gauntlet sir..
2053,3293,2,20,84,106,1.2264150943396226,0.045027732031695245,621,Wear it in good health!
2055,3293,1,22,83,106,1.2264150943396226,0.042986069052670925,621,And your dry cleaning bills will go WAY down.
2229,3293,2,20,84,106,1.2264150943396226,0.045027732031695245,621,Try to get giggy with it!
879,3293,2,20,84,106,1.2264150943396226,0.045027732031695245,621,Comes with a peace-time warranty.
2571,3293,4,16,86,106,1.2264150943396226,0.048855764148690535,621,"Quite slimming, Sir, don't you think?"
2634,3293,5,14,87,106,1.2264150943396226,0.05066142723877443,621,"I suggest you try the Museum Employment Office"""
2830,3293,7,10,89,106,1.2264150943396226,0.05409222909535119,621,"No, that suit doesn't make your butt look big."
3035,3293,4,16,86,106,1.2264150943396226,0.048855764148690535,621,It’s also machine washable.
3317,3293,5,14,87,106,1.2264150943396226,0.05066142723877443,621,Now you're suited for the knightly news.
3358,3293,6,12,88,106,1.2264150943396226,0.05240491130788026,621,...And this is from our vintage Kingsman collection.
116,3293,2,20,84,106,1.2264150943396226,0.045027732031695245,621,It’s TSA approved.
3366,3293,4,16,86,106,1.2264150943396226,0.048855764148690535,621,You can never be overdressed in the boardroom. Just don't swim in it.
2274,3293,2,20,84,106,1.2264150943396226,0.045027732031695245,621,A little tuck at the back?
3422,3293,3,18,85,106,1.2264150943396226,0.046980753199957474,621,"No, I would not say you look wooden."
5971,3338,3,17,82,102,1.2254901960784315,0.04807872020202308,621,Would you like to try the slim fit?
5927,3338,3,17,82,102,1.2254901960784315,0.04807872020202308,621,My manager won’t like this but if you buy it today I will throw in the undercoat for free.
5759,3338,3,17,82,102,1.2254901960784315,0.04807872020202308,621,"It's our new titanium line sir, perfect for summer occasions."
5740,3338,2,19,81,102,1.2254901960784315,0.04601550038301792,621,"It's a bit sharp in the edges, otherwise you look pretty relaxed."
5600,3338,4,15,83,102,1.2254901960784315,0.05005697151276056,621,And it will protect you against all sexually transmitted diseases.
5563,3338,4,15,83,102,1.2254901960784315,0.05005697151276056,621,And it can be worn untucked.
5177,3338,5,13,84,102,1.2254901960784315,0.0519599601404218,621,This model comes with a reinforced Codpiece.
5397,3338,5,13,84,102,1.2254901960784315,0.0519599601404218,621,"Now, Jack...You are ready to serve in the Cabinet!"
5349,3338,3,17,82,102,1.2254901960784315,0.04807872020202308,621,Perfect if you're looking to be more conservative.
5118,3338,3,17,82,102,1.2254901960784315,0.04807872020202308,621,We'll have to upgrade the front armor for your board meeting
4957,3338,1,21,80,102,1.2254901960784315,0.043855321395865086,621,You'll cream the candidates that only have Teflon.
6007,3338,3,17,82,102,1.2254901960784315,0.04807872020202308,621,For superior mobility we’re including a convenient pocket sized can of WD40
4898,3338,1,21,80,102,1.2254901960784315,0.043855321395865086,621,"Think about the time you'll save 
on ironing."
5424,3338,4,15,83,102,1.2254901960784315,0.05005697151276056,621,We have some splendid plumes to really bring this together.
6008,3338,4,15,83,102,1.2254901960784315,0.05005697151276056,621,"Ma'm, may I let Harvey in now?"
6939,3338,2,19,81,102,1.2254901960784315,0.04601550038301792,621,"Of course it comes with the industry approved extended 3 year
 anti-rust policy."
6106,3338,1,21,80,102,1.2254901960784315,0.043855321395865086,621,"Very versatile ... rescuing damsel ... jousting with neighbor ... or just for a great knight out”._Jim Hein, Pittsburgh, Pa."
7388,3338,2,19,81,102,1.2254901960784315,0.04601550038301792,621,"Sire, are you ready to look for suitable footwear?"
7346,3338,4,15,83,102,1.2254901960784315,0.05005697151276056,621,The style and the tariff are both medieval.
7141,3338,4,15,83,102,1.2254901960784315,0.05005697151276056,621,Dress Left...That will require a bit more hammering I'm afraid
7119,3338,3,17,82,102,1.2254901960784315,0.04807872020202308,621,This year they're wearing their hauberks a bit on the short side.
7005,3338,5,13,84,102,1.2254901960784315,0.0519599601404218,621,A full body waxing comes complimentary.
6987,3338,3,17,82,102,1.2254901960784315,0.04807872020202308,621,Aluminum is all the rage these days!
6090,3338,3,17,82,102,1.2254901960784315,0.04807872020202308,621,A little retro but it never goes out of style.
4897,3338,3,17,82,102,1.2254901960784315,0.04807872020202308,621,"Chivalry may be dead, but fashion is forever."
6812,3338,4,15,83,102,1.2254901960784315,0.05005697151276056,621,"...and, it’s permanent press!"
6734,3338,6,11,85,102,1.2254901960784315,0.05379567379036276,621,"It will soften with time, sir."
6710,3338,1,21,80,102,1.2254901960784315,0.043855321395865086,621,You mentioned the slings and arrows of outrageous fortune.
6688,3338,3,17,82,102,1.2254901960784315,0.04807872020202308,621,A traditional look is always safest.
6489,3338,3,17,82,102,1.2254901960784315,0.04807872020202308,621,"If this feels a little bulky, we have a lighter version in chain mail"
6126,3338,6,11,85,102,1.2254901960784315,0.05379567379036276,621,"As a matter of fact, I do work on commission."
6892,3338,6,11,85,102,1.2254901960784315,0.05379567379036276,621,It's the latest thing in back-to-school wear.
4757,3338,2,19,81,102,1.2254901960784315,0.04601550038301792,621,Most women are holding out for a guy who shines like you.
5416,3338,4,15,83,102,1.2254901960784315,0.05005697151276056,621,"Nothing says ""power player"" like a nickel and bronze alloy."
4631,3338,6,11,85,102,1.2254901960784315,0.05379567379036276,621,You can pick up your lance tonight.
306,3338,2,19,81,102,1.2254901960784315,0.04601550038301792,621,Now you're ready for that hostile takeover.
420,3338,3,17,82,102,1.2254901960784315,0.04807872020202308,621,And this suit doesn't require any ironing!
479,3338,5,13,84,102,1.2254901960784315,0.0519599601404218,621,Your reputation will never tarnish when you wear this suit.
696,3338,0,23,79,102,1.2254901960784315,0.04158307533083288,621,Your drycleaner can take in the waist if he has a foundry.
944,3338,2,19,81,102,1.2254901960784315,0.04601550038301792,621,"Metal becomes you, sir!"
951,3338,5,13,84,102,1.2254901960784315,0.0519599601404218,621,Now all you need to do is pull that sword out of the desk
1054,3338,2,19,81,102,1.2254901960784315,0.04601550038301792,621,We can take it in a little but our welder is on vacation until next week.
1121,3338,4,15,83,102,1.2254901960784315,0.05005697151276056,621,She’ll see you as her knight in shining armour in this number for sure!
1399,3338,5,13,84,102,1.2254901960784315,0.0519599601404218,621,"Needless to say, you will probably have to strip whenever you pass through airport security."
1841,3338,3,17,82,102,1.2254901960784315,0.04807872020202308,621,And we include a can of WD-40.
1852,3338,4,15,83,102,1.2254901960784315,0.05005697151276056,621,"I don’t care what they say, masculinity is thriving."
1879,3338,4,15,83,102,1.2254901960784315,0.05005697151276056,621,We highly recommend this suit if you are going to the Charlottesville rally.
2119,3338,2,19,81,102,1.2254901960784315,0.04601550038301792,621,We recommend buying your maul at The Mall.
2578,3338,4,15,83,102,1.2254901960784315,0.05005697151276056,621,"No, it doesn’t make you look fat. If anything, it thins you."
2393,3338,4,15,83,102,1.2254901960784315,0.05005697151276056,621,It’s perfect for a knight out.”
3064,3338,5,13,84,102,1.2254901960784315,0.0519599601404218,621,You look really sharp!
4595,3338,4,15,83,102,1.2254901960784315,0.05005697151276056,621,"May I suggest a red ""power lance"" to go with that?"
4574,3338,4,15,83,102,1.2254901960784315,0.05005697151276056,621,You can just say goodbye to a belt or suspenders.
4460,3338,3,17,82,102,1.2254901960784315,0.04807872020202308,621,Under Armour is diversifying
4381,3338,2,19,81,102,1.2254901960784315,0.04601550038301792,621,"And don't worry, sir.  Our in-house blacksmith can finish your alterations in one to two years."
3969,3338,3,17,82,102,1.2254901960784315,0.04807872020202308,621,You don't have to iron it when you take it out of the suitcase.
2887,3338,2,19,81,102,1.2254901960784315,0.04601550038301792,621,Do you have it in red?
3931,3338,4,15,83,102,1.2254901960784315,0.05005697151276056,621,You can't appear more male than that!
3947,3338,3,17,82,102,1.2254901960784315,0.04807872020202308,621,Now for the codpiece... full Henry VIII?
3676,3338,3,17,82,102,1.2254901960784315,0.04807872020202308,621,We find these fittings preferable to ordering by maille.
3610,3338,2,19,81,102,1.2254901960784315,0.04601550038301792,621,It will stretch after a few battles.
3546,3338,2,19,81,102,1.2254901960784315,0.04601550038301792,621,"Yes sir, wrinkles will unfortunately require a very hot iron."
3480,3338,3,17,82,102,1.2254901960784315,0.04807872020202308,621,"It's slenderizing, while at the same time providing a rust-proof guarantee."
3256,3338,3,17,82,102,1.2254901960784315,0.04807872020202308,621,"Classic choice, sir, and it'll never go out of style."
3838,3338,4,15,83,102,1.2254901960784315,0.05005697151276056,621,"Clearly, sir, shiny suits are back!"
4637,3338,3,17,82,102,1.2254901960784315,0.04807872020202308,621,"To be honest, yes, it does make you look fat."
3559,3404,1,20,77,98,1.2244897959183674,0.04477921677257186,621,It seems a bit much for a first date.
3557,3404,5,12,81,98,1.2244897959183674,0.053354962259045804,621,And it comes with a vest.
5613,3406,5,14,88,107,1.2242990654205608,0.05023031282392356,621,"Of course, the alterations will take a bit longer."
1381,3406,4,16,87,107,1.2242990654205608,0.04844325116189109,621,The look is so popular knights are wearing it in the day!
1046,3406,2,20,85,107,1.2242990654205608,0.044655090377511794,621,It's the latest fashion for White House Press Secretaries...
7384,3409,2,19,82,103,1.2233009708737863,0.045619117803674204,621,"If it's too long, we can throw you on the streatcher."
4012,3409,2,19,82,103,1.2233009708737863,0.045619117803674204,621,We have this in medieval ages or the middle ages.
4040,3409,3,17,83,103,1.2233009708737863,0.047659955080602695,621,"I think the 44 regular is perfect for you, sir."
4062,3409,2,19,82,103,1.2233009708737863,0.045619117803674204,621,Fits like a glove; and will never go out of style.
4169,3409,6,11,86,103,1.2233009708737863,0.053315790771438,621,"It's also guaranteed against stocks and stones, Mr. Attorney General."
4171,3409,5,13,85,103,1.2233009708737863,0.051499574138862456,621,It also comes in a matte finish.
4333,3409,6,11,86,103,1.2233009708737863,0.053315790771438,621,It takes 10 pounds off of you.
4403,3409,3,17,83,103,1.2233009708737863,0.047659955080602695,621,It might look better with a matte finish
4441,3409,4,15,84,103,1.2233009708737863,0.049616919769214105,621,Its made with fine imported steel wool.
3993,3409,3,17,83,103,1.2233009708737863,0.047659955080602695,621,I would recommend a drop of oil on the right shoulder before entering Jerusalem
4454,3409,2,19,82,103,1.2233009708737863,0.045619117803674204,621,Whether it costs an arm and a leg is up to you.
4568,3409,5,13,85,103,1.2233009708737863,0.051499574138862456,621,"Best of all, it never needs pressing."
4610,3409,5,13,85,103,1.2233009708737863,0.051499574138862456,621,"Yes, it is quite smashing. Great style & attitude. Looks like it was made for you ... and the tariff on steel will only enhance its value."
4635,3409,3,17,83,103,1.2233009708737863,0.047659955080602695,621,I don’t know if it’s that kind of party.
4727,3409,4,15,84,103,1.2233009708737863,0.049616919769214105,621,"They do fit snugly in the crotch, my Lord"
4820,3409,1,21,81,103,1.2233009708737863,0.043482599969251405,621,"The memory foam lining costs more, but like the ad says, it 'takes the ""drag"" out of dragon-slaying.'"
4978,3409,2,19,82,103,1.2233009708737863,0.045619117803674204,621,If you like the style we also have it in 'surge'!
5033,3409,4,15,84,103,1.2233009708737863,0.049616919769214105,621,"Now I know we're not in Kansas anymore. Hahaha,get it?"
6782,3409,2,19,82,103,1.2233009708737863,0.045619117803674204,621,We have it in metallic blue and metallic red too
6443,3409,2,19,82,103,1.2233009708737863,0.045619117803674204,621,It deflects everything but criticism!
5997,3409,4,15,84,103,1.2233009708737863,0.049616919769214105,621,The lance is extra; alterations can be done by your local machine shop.
5823,3409,4,15,84,103,1.2233009708737863,0.049616919769214105,621,Knights of Columbus members get a discount - a real steel
5703,3409,0,23,80,103,1.2233009708737863,0.04123553189891432,621,It suits your iron will
5593,3409,4,15,84,103,1.2233009708737863,0.049616919769214105,621,"I must say, this is not the protection you want for prom night."
7391,3409,2,19,82,103,1.2233009708737863,0.045619117803674204,621,"No, it doesn’t."
5591,3409,4,15,84,103,1.2233009708737863,0.049616919769214105,621,"Not every customer can get away with a classic suit as well as you do, sir."
5417,3409,4,15,84,103,1.2233009708737863,0.049616919769214105,621,It definitely suits you.
5241,3409,2,19,82,103,1.2233009708737863,0.045619117803674204,621,"Perhaps also an umbrella, sir?"
5228,3409,5,13,85,103,1.2233009708737863,0.051499574138862456,621,It's perfect for those slings and arrows of outrageous fortune.
5201,3409,4,15,84,103,1.2233009708737863,0.049616919769214105,621,It makes you practically unrecognizable.
5158,3409,0,23,80,103,1.2233009708737863,0.04123553189891432,621,Does this come in slim fit?
5102,3409,2,19,82,103,1.2233009708737863,0.045619117803674204,621,Of course I can give you more room in the crotch
5575,3409,3,17,83,103,1.2233009708737863,0.047659955080602695,621,"Sure, it’s expensive and you’ll have to oil it once in a while but think what you’ll save on dry cleaning bills!"
3686,3409,3,17,83,103,1.2233009708737863,0.047659955080602695,621,We refer to this as our antithesis to a Morning suit
2323,3409,2,19,82,103,1.2233009708737863,0.045619117803674204,621,Shotgun Wedding
3638,3409,7,9,87,103,1.2233009708737863,0.0550721431822234,621,Alterations are expensive.
3648,3409,4,15,84,103,1.2233009708737863,0.049616919769214105,621,"It fits like an iron glove"""
288,3409,4,15,84,103,1.2233009708737863,0.049616919769214105,621,Your 100% Iron no Iron suit.
380,3409,5,13,85,103,1.2233009708737863,0.051499574138862456,621,It's a suit of armor.
395,3409,2,19,82,103,1.2233009708737863,0.045619117803674204,621,Yes - blood repellent. Why do you ask?
791,3409,2,19,82,103,1.2233009708737863,0.045619117803674204,621,"Will you be wearing it out, or shall I have one of your squires  deliver it this afternoon, Mr. Pruitt?"
865,3409,4,15,84,103,1.2233009708737863,0.049616919769214105,621,Does this make my hips look big?
867,3409,2,19,82,103,1.2233009708737863,0.045619117803674204,621,"Trust me, your boss' criticisms will bounce right off of you."
1003,3409,5,13,85,103,1.2233009708737863,0.051499574138862456,621,Trust me..everyone's wearing single-breasted this season.
1105,3409,4,15,84,103,1.2233009708737863,0.049616919769214105,621,It’ll look great for a knight on the town!
1223,3409,2,19,82,103,1.2233009708737863,0.045619117803674204,621,Do you prefer paisley or plaid for the lining?
1238,3409,3,17,83,103,1.2233009708737863,0.047659955080602695,621,We can take in the cod.
1240,3409,5,13,85,103,1.2233009708737863,0.051499574138862456,621,"None of Mueller's probes can reach you in there, and of course, the taxpayers cover the cost."
1373,3409,4,15,84,103,1.2233009708737863,0.049616919769214105,621,It also comes in slim fit.
1420,3409,4,15,84,103,1.2233009708737863,0.049616919769214105,621,"Some may think it a touch too flashy, but remember - you have to dress for the job you want."
1421,3409,5,13,85,103,1.2233009708737863,0.051499574138862456,621,"It's self-lubricating, of course."
1334,3409,4,15,84,103,1.2233009708737863,0.049616919769214105,621,"Just think -  no more back stabbing, double crossing, and you will never get the axe.  Plus a 2nd pair of pants."
1598,3409,5,13,85,103,1.2233009708737863,0.051499574138862456,621,Now you can practice safe sex.
3577,3409,3,17,83,103,1.2233009708737863,0.047659955080602695,621,"I suggest that, rather than wearing it, you put it in your checked luggage."
3515,3409,4,15,84,103,1.2233009708737863,0.049616919769214105,621,It's the suits they're wearing in Washington these days.
3166,3409,3,17,83,103,1.2233009708737863,0.047659955080602695,621,"Perhaps ditch the suit and invest more in the car, sir?"
3128,3409,4,15,84,103,1.2233009708737863,0.049616919769214105,621,"If you prefer it with cuffs, I know a great welder."
1436,3409,5,13,85,103,1.2233009708737863,0.051499574138862456,621,Completely shrink proof and comes with rust remover.
2657,3409,1,21,81,103,1.2233009708737863,0.043482599969251405,621,"Your new company has a round board room table, huh?"
2570,3409,4,15,84,103,1.2233009708737863,0.049616919769214105,621,The codpiece is extra.
3123,3409,3,17,83,103,1.2233009708737863,0.047659955080602695,621,"Avant-garde? Yes, of course it is, Ms. Sanders. But I think you'll agree it's quite functional, and the silver tones will coordinate beautifully with the wallpaper in the Press Briefing Room."
2290,3409,3,17,83,103,1.2233009708737863,0.047659955080602695,621,And it's great for traveling - it just will not wrinkle.
2130,3409,4,15,84,103,1.2233009708737863,0.049616919769214105,621,Now you can truly claim to be her Knight in Shining Armor.
1971,3409,1,21,81,103,1.2233009708737863,0.043482599969251405,621,Iron is the new black.
1642,3409,2,19,82,103,1.2233009708737863,0.045619117803674204,621,"Don't take this the wrong way, Sir, but it IS a no-iron fabric."
1618,3409,3,17,83,103,1.2233009708737863,0.047659955080602695,621,Now that really brings out the blue in your eyes
2492,3409,3,17,83,103,1.2233009708737863,0.047659955080602695,621,Never wrinkles no matter how long your Crusade lasts.
442,3476,3,16,80,99,1.2222222222222223,0.048806737446717936,621,One of us needs to see a psychiatrist.
5116,3477,3,17,84,104,1.2211538461538463,0.04724827321830709,621,A fun contrast to the silk and lace undergarments.
7422,3477,3,17,84,104,1.2211538461538463,0.04724827321830709,621,"Sure, its been a Teflon Presidency, but this will get you through the midterms."
7258,3477,3,17,84,104,1.2211538461538463,0.04724827321830709,621,"No, no, I do like the idea of a jousting wedding."
6341,3477,4,15,85,104,1.2211538461538463,0.04918440626354967,621,"By the way, we have swords and saber accessories on sale."
5701,3477,3,17,84,104,1.2211538461538463,0.04724827321830709,621,It's the latest fashion for Republicans running for congress in California
4706,3477,3,17,84,104,1.2211538461538463,0.04724827321830709,621,"For $2,000 more we'll extend your warranty against rust for another three years and throw in warranties against spousal disenchantment and global warming."
6640,3477,2,19,83,104,1.2211538461538463,0.04522933588640989,621,And it comes with chain mail underwear.
4132,3477,4,15,85,104,1.2211538461538463,0.04918440626354967,621,"Actually, vintage is really hot right now."
2891,3477,4,15,85,104,1.2211538461538463,0.04918440626354967,621,"And it comes with Shine-On spray.
Don't let anyone tell you a shine on a suit is a bad thing."
2649,3477,6,11,87,104,1.2211538461538463,0.05284428837887896,621,"...and this bespoke classic is featured in July's ""Gentleman's Quartering""."
1211,3477,3,17,84,104,1.2211538461538463,0.04724827321830709,621,You've got great taste...those classic styles never seem to go out of fashion.
4147,3477,5,13,86,104,1.2211538461538463,0.051047157774787154,621,"All oiled and ready to go, Sir."
98,3489,1,19,75,95,1.2210526315789474,0.04534043768734446,621,Show me where it's tight.
647,3489,0,21,74,95,1.2210526315789474,0.0427994290142577,621,"It’s from our “not so gentle” men’s range, Sir."
965,3489,4,13,78,95,1.2210526315789474,0.0522268875856145,621,Darth Vader had one just like it.
4940,3492,2,18,80,100,1.22,0.046231739501923746,621,"we also have battle to the death or near death damaged versions, depending on the type of battle experience you want to convey"
4860,3492,7,8,85,100,1.22,0.056102359553540586,621,"Good choice, sir. America could really use a knight in shining armor."""
4471,3492,4,14,82,100,1.22,0.05041244034376972,621,Medieval cut is perfect for your body type.
4423,3492,4,14,82,100,1.22,0.05041244034376972,621,It also comes in both linen and Harris tweed.
4294,3492,2,18,80,100,1.22,0.046231739501923746,621,"The sword and shield are only 30 bucks a piece, if you want to give those a whirl."
4227,3492,3,16,81,100,1.22,0.048367281703584904,621,We have it both in silver and rust.
4142,3492,2,18,80,100,1.22,0.046231739501923746,621,Act natural; don't forget to smile. Soon you'll wonder how you ever managed life without it.
4068,3492,2,18,80,100,1.22,0.046231739501923746,621,I think you’re set for a knight on the town.
3987,3492,5,12,83,100,1.22,0.05237780391954538,621,"Perfect fit. Unfortunately,
dry clean only."
4000,3492,4,14,82,100,1.22,0.05041244034376972,621,"We're expecting a new ""Back to School"" line in children's sizes for the fall."
4972,3492,3,16,81,100,1.22,0.048367281703584904,621,Looking good. Now go out there and get on your horse!
3878,3492,3,16,81,100,1.22,0.048367281703584904,621,"Very slimming,  Monsieur.  We like to think of it as a medieval '""Spanx for Men."""
3745,3492,3,16,81,100,1.22,0.048367281703584904,621,"Sorry sir, I have nothing in white satin in your size."
3692,3492,1,20,79,100,1.22,0.04399265319747759,621,They say it gives you buns of steel.
3514,3492,4,14,82,100,1.22,0.05041244034376972,621,Your horse will be proud to have you clatter aboard.
3419,3492,4,14,82,100,1.22,0.05041244034376972,621,For summer I’d suggest something a little lighter.
3313,3492,3,16,81,100,1.22,0.048367281703584904,621,"Shall we try the green, sir?"
4020,3492,3,16,81,100,1.22,0.048367281703584904,621,Alterations are not available.
5141,3492,2,18,80,100,1.22,0.046231739501923746,621,It does accentuate your blue eyes.
5647,3492,1,20,79,100,1.22,0.04399265319747759,621,...and we can have it weaponized in only five working days.
7198,3492,3,16,81,100,1.22,0.048367281703584904,621,They say every trend comes back around.
3308,3492,2,18,80,100,1.22,0.046231739501923746,621,"I know the king has no clothes on, but isn't this carrying it a bit far?"
7145,3492,3,16,81,100,1.22,0.048367281703584904,621,Maybe the invitation read evening wear?
7068,3492,4,14,82,100,1.22,0.05041244034376972,621,It's reversible for casual infighting.
7064,3492,2,18,80,100,1.22,0.046231739501923746,621,It's a classic style.
6877,3492,4,14,82,100,1.22,0.05041244034376972,621,"You look impenetrable, sir."
6722,3492,2,18,80,100,1.22,0.046231739501923746,621,It comes in this steely gray and a matte black. Also a bloody red is occasionally available.
6718,3492,5,12,83,100,1.22,0.05237780391954538,621,Don’t be ridiculous! Think of the money you will save on accessories.
6597,3492,4,14,82,100,1.22,0.05041244034376972,621,The slacks wear like iron!
6497,3492,4,14,82,100,1.22,0.05041244034376972,621,"And, unlike most dress suits, a tie is completely optional."
6426,3492,3,16,81,100,1.22,0.048367281703584904,621,A Little Padding On The Shoulders And It Will Be Perfect !
6394,3492,2,18,80,100,1.22,0.046231739501923746,621,"Kind of puts the ""damn"" in damsel doesn't it?"
6234,3492,3,16,81,100,1.22,0.048367281703584904,621,And it provides guaranteed  SPF of at least 98 !
6053,3492,3,16,81,100,1.22,0.048367281703584904,621,"It's the ultimate in Retro styling."""
5866,3492,2,18,80,100,1.22,0.046231739501923746,621,"I assume, you are single?"
5766,3492,3,16,81,100,1.22,0.048367281703584904,621,"Looking good, Sir, thought it may need some taking in at the seams."
5670,3492,4,14,82,100,1.22,0.05041244034376972,621,We have something in copper.
5533,3492,6,10,84,100,1.22,0.05427204202399745,621,Yes Sir it is the latest in Tactical Wear.....
5300,3492,6,10,84,100,1.22,0.05427204202399745,621,Does this make my mace look big?
3263,3492,2,18,80,100,1.22,0.046231739501923746,621,And tailoring is only a few thousand dollars extra.
5428,3492,3,16,81,100,1.22,0.048367281703584904,621,Is it water proof?
3079,3492,5,12,83,100,1.22,0.05237780391954538,621,So you said that you're attending your ex-wife's wedding?
1515,3492,6,10,84,100,1.22,0.05427204202399745,621,"Unlike our competitors, we offer a lifetime free pressing service."
1513,3492,2,18,80,100,1.22,0.046231739501923746,621,Tapered in all the right places.
1489,3492,2,18,80,100,1.22,0.046231739501923746,621,Who’s the lucky maiden?
1180,3492,3,16,81,100,1.22,0.048367281703584904,621,I think you'll be able to get a lot of use from this suit after the wedding as well.
980,3492,2,18,80,100,1.22,0.046231739501923746,621,"Sir, where would you like me to place your boutonnière?"
894,3492,3,16,81,100,1.22,0.048367281703584904,621,It also protects you from the tailor's roving hands.
885,3492,7,8,85,100,1.22,0.056102359553540586,621,"It's ugly, and it makes me look fat!"
851,3492,3,16,81,100,1.22,0.048367281703584904,621,"A very masculine look, if I may say so, sir."
781,3492,4,14,82,100,1.22,0.05041244034376972,621,"Yes,I prefer metal zippers also"
729,3492,2,18,80,100,1.22,0.046231739501923746,621,We have a special on stainless or brushed nickel
593,3492,2,18,80,100,1.22,0.046231739501923746,621,Given up on your psychiatrist?
440,3492,3,16,81,100,1.22,0.048367281703584904,621,Just the suit for a knight on the town.
398,3492,3,16,81,100,1.22,0.048367281703584904,621,"Looking sharp, sir."
272,3492,2,18,80,100,1.22,0.046231739501923746,621,The sword and shield are extra.
76,3492,3,16,81,100,1.22,0.048367281703584904,621,"We are sorry about the size of the visor sir, but we had to adjust it to account for that nose of yours."
53,3492,3,16,81,100,1.22,0.048367281703584904,621,"You'll be able to check out your behind, as soon as our forklift arrives."
3239,3492,5,12,83,100,1.22,0.05237780391954538,621,So brave!
1566,3492,4,14,82,100,1.22,0.05041244034376972,621,"Now you're wearing our exclusive, limited, forty piece suit."
1770,3492,3,16,81,100,1.22,0.048367281703584904,621,It's very Retro!
982,3492,5,12,83,100,1.22,0.05237780391954538,621,"It's called 'Trumpwear,' and trust me-- all white men in your income bracket are gonna need one of these babies real soon."
1875,3492,3,16,81,100,1.22,0.048367281703584904,621,Wear this and you'll never again worry about office politics; battle stains easily wash off and it never needs to be dry cleaned.
2787,3492,2,18,80,100,1.22,0.046231739501923746,621,"It might seem old fashioned, but it bespoke to me."
2761,3492,3,16,81,100,1.22,0.048367281703584904,621,... an the best is... it does not shrink
2632,3492,2,18,80,100,1.22,0.046231739501923746,621,Under Armor is Passe'
1807,3492,5,12,83,100,1.22,0.05237780391954538,621,It comes with our wrinkle-free guarantee.
2581,3492,4,14,82,100,1.22,0.05041244034376972,621,I see you're being deployed to the Middle Ages.
2495,3492,5,12,83,100,1.22,0.05237780391954538,621,"Keeps you fit, and it prevents excess weight gain."
2484,3492,2,18,80,100,1.22,0.046231739501923746,621,"Don’t worry about aluminum and steel tariffs, Sir, it’s made entirely of tax-free - Amazium."
2429,3492,4,14,82,100,1.22,0.05041244034376972,621,We prefer to call it retro Kevlar.
2332,3492,4,14,82,100,1.22,0.05041244034376972,621,"When you add softener to the wash, you'll see what a difference it makes."
2596,3492,7,8,85,100,1.22,0.056102359553540586,621,You might want to reconsider that MRI.
2215,3492,2,18,80,100,1.22,0.046231739501923746,621,We've had this one in the back for a few centuries. So I can make you a heck of a deal!
2154,3492,1,20,79,100,1.22,0.04399265319747759,621,If it's too snug we could always go up a half-size.
2138,3492,3,16,81,100,1.22,0.048367281703584904,621,"It also comes with steel earplugs to protect you from verbal abuse, Mr. Speaker"
2118,3492,2,18,80,100,1.22,0.046231739501923746,621,Your choice of an Ironman inspired suit is so au curant!
2081,3492,3,16,81,100,1.22,0.048367281703584904,621,"*sings* ""Oh, What A Knight"""
1961,3492,3,16,81,100,1.22,0.048367281703584904,621,100% metal; Dry Clean Only; Use rust-oleum once a year.
1956,3492,3,16,81,100,1.22,0.048367281703584904,621,It’s a little stiff in the shoulders
2306,3492,2,18,80,100,1.22,0.046231739501923746,621,You just pee your pants.
5778,3573,4,15,86,105,1.2190476190476192,0.04875924328817289,621,Armor is the new Armani
5418,3573,3,17,85,105,1.2190476190476192,0.04684350139437753,621,"Mr. President, Would you like to try on a Teflon (TM) suit, too?"
5402,3573,5,13,87,105,1.2190476190476192,0.05060250971231977,621,"We can try  a polyester blend 
 if you want something a little less shiny."
3660,3573,5,13,87,105,1.2190476190476192,0.05060250971231977,621,And it's guaranteed not to shrink in the wash.
3279,3573,5,13,87,105,1.2190476190476192,0.05060250971231977,621,"It comes with a box of adult diapers, so you don't have to worry about that."
4045,3573,4,15,86,105,1.2190476190476192,0.04875924328817289,621,"It seems expensive,but it comes with two pairs of pants."
6382,3579,3,16,82,101,1.2178217821782178,0.04793551856202062,621,This suit is from one of newest suppliers OVER ARMOUR
3602,3579,2,18,81,101,1.2178217821782178,0.04582351075408372,621,"It's not about fashion, it's what suits you."
6373,3579,3,16,82,101,1.2178217821782178,0.04793551856202062,621,"OK Mister President, NOW you're ready for the press conference!"
5756,3579,4,14,83,101,1.2178217821782178,0.04995832004571433,621,This model comes with an oil can... and a heart.
5610,3579,3,16,82,101,1.2178217821782178,0.04793551856202062,621,"Yes sir, we did let it out around ‘the bung hole’, just as you asked."
5281,3579,4,14,83,101,1.2178217821782178,0.04995832004571433,621,"You can upgrade with a number of accessories - lance, shield, mace, even a squire."
3180,3579,6,10,85,101,1.2178217821782178,0.053776141045545636,621,"Unlike my more traditional suit, that one will protect you from the slings and arrows of outrageous fortune."
112,3579,3,16,82,101,1.2178217821782178,0.04793551856202062,621,Its perfect for a long knight
1335,3579,5,12,84,101,1.2178217821782178,0.051902346226063996,621,And it comes with a two year rust protection guarantee
1260,3579,2,18,81,101,1.2178217821782178,0.04582351075408372,621,We're going to change the helmet to look more Star Wars...for the Millennials.
1134,3579,3,16,82,101,1.2178217821782178,0.04793551856202062,621,"It suits you. However,
If the pants are a little long we can have a welder shorten them."
404,3579,4,14,83,101,1.2178217821782178,0.04995832004571433,621,'Fits like a mitten.'
2422,3579,3,16,82,101,1.2178217821782178,0.04793551856202062,621,The men's room? Just down the hall.
235,3579,0,22,79,101,1.2178217821782178,0.04127656155579374,621,And the best thing is: it's absolutely wrinkle-free for life!
5212,3593,2,17,78,97,1.2164948453608246,0.04686660376971086,621,Perfect for fending off a hostile takeover!
5256,3593,2,17,78,97,1.2164948453608246,0.04686660376971086,621,"Sort of takes ""Throwback Thursday"" to a whole new level."
5269,3593,2,17,78,97,1.2164948453608246,0.04686660376971086,621,"You get the government discount, Mr. Pruitt."
5304,3593,3,15,79,97,1.2164948453608246,0.049104533204272306,621,It would look stranger in the Knight.
5325,3593,5,11,81,97,1.2164948453608246,0.053299234945862896,621,"If it's a bit too ""Baroque"", I can fix you another suit."
5380,3593,4,13,80,97,1.2164948453608246,0.051244822309301524,621,...and it comes with an extra pair of trowsers.
5400,3593,4,13,80,97,1.2164948453608246,0.051244822309301524,621,Yes the price includes alterations and rust proofing
5432,3593,4,13,80,97,1.2164948453608246,0.051244822309301524,621,It's our new line in knightwear.
5198,3593,2,17,78,97,1.2164948453608246,0.04686660376971086,621,Do you have the crotchguard in size twelve?
5473,3593,2,17,78,97,1.2164948453608246,0.04686660376971086,621,The suit is free. The lifetime supply of 3-in-1 oil is an affordable $4.99/month
5551,3593,5,11,81,97,1.2164948453608246,0.053299234945862896,621,It’s what all the immigrants are wearing
5612,3593,4,13,80,97,1.2164948453608246,0.051244822309301524,621,The Dent Wizard will handle all your alterations.
5619,3593,5,11,81,97,1.2164948453608246,0.053299234945862896,621,It also comes in blush rose.
5635,3593,3,15,79,97,1.2164948453608246,0.049104533204272306,621,"Perfect nightwear, Sir"
5656,3593,4,13,80,97,1.2164948453608246,0.051244822309301524,621,"Guaranteed to protect you from tweets, e-mails and all electronic  media"
5430,3593,3,15,79,97,1.2164948453608246,0.049104533204272306,621,And free shining service for a year.
5170,3593,4,13,80,97,1.2164948453608246,0.051244822309301524,621,"Oh yes, it's ideal sleepwear for a First Lady."
5076,3593,2,17,78,97,1.2164948453608246,0.04686660376971086,621,"Yes, and today it comes with a matching oil can."
5082,3593,1,19,77,97,1.2164948453608246,0.04451631068052103,621,It also comes in light weight no-iron aluminum
5676,3593,5,11,81,97,1.2164948453608246,0.053299234945862896,621,"Chap, I must say, you'll blend in so well at the Met Gala even with all that bling!"
4627,3593,2,17,78,97,1.2164948453608246,0.04686660376971086,621,We also have one in chain mail ... perfect for the summer months.
4690,3593,3,15,79,97,1.2164948453608246,0.049104533204272306,621,"The model with the ""adjustable comfort waist"" comes with a blowtorch."
4759,3593,2,17,78,97,1.2164948453608246,0.04686660376971086,621,"The fitting is free, but the oil is extra."
4783,3593,4,13,80,97,1.2164948453608246,0.051244822309301524,621,"A perfect fit, so you won't have any alteration charges."
4826,3593,3,15,79,97,1.2164948453608246,0.049104533204272306,621,"Does it make me look thinner?
I’ll take it."
4828,3593,5,11,81,97,1.2164948453608246,0.053299234945862896,621,With this protection you can safely campaign just about anywhere.
4902,3593,2,17,78,97,1.2164948453608246,0.04686660376971086,621,"My, my, that style suits you well. And they say chivalry is dead!"
4598,3593,4,13,80,97,1.2164948453608246,0.051244822309301524,621,I didn't catch that -- you said to let out the crotch?
4948,3593,2,17,78,97,1.2164948453608246,0.04686660376971086,621,"In or out of the saddle, you're going to like the way you look."
4962,3593,3,15,79,97,1.2164948453608246,0.049104533204272306,621,The perfect suit for that special knight out
5020,3593,5,11,81,97,1.2164948453608246,0.053299234945862896,621,People are going to think you're an idiot.
5040,3593,3,15,79,97,1.2164948453608246,0.049104533204272306,621,...and it has advanced diaper technology
5051,3593,3,15,79,97,1.2164948453608246,0.049104533204272306,621,This suit is also available in bronze.
5058,3593,3,15,79,97,1.2164948453608246,0.049104533204272306,621,So you're having one of those castle weddings?
5112,3593,3,15,79,97,1.2164948453608246,0.049104533204272306,621,"We call this "" The Trump Second Term"" suit."
5717,3593,3,15,79,97,1.2164948453608246,0.049104533204272306,621,"It was custom made for the NATO summit in Brussels, Mr. President."
7077,3593,1,19,77,97,1.2164948453608246,0.04451631068052103,621,"You won't be needing a power tie with that suit, sir."
5985,3593,4,13,80,97,1.2164948453608246,0.051244822309301524,621,"A rather novel approach to the slings and arrows, Senator."
6839,3593,5,11,81,97,1.2164948453608246,0.053299234945862896,621,I think we are now ready to face your wife's divorce lawyers.
6854,3593,2,17,78,97,1.2164948453608246,0.04686660376971086,621,"Marriage is a battle, William."
6909,3593,4,13,80,97,1.2164948453608246,0.051244822309301524,621,You never really own it; you are saving it for the next victim.
6915,3593,4,13,80,97,1.2164948453608246,0.051244822309301524,621,I'll bet the damsels are gonna swoon.
6923,3593,3,15,79,97,1.2164948453608246,0.049104533204272306,621,Just relax.  You seem a bit stiff.
6999,3593,3,15,79,97,1.2164948453608246,0.049104533204272306,621,"It's smart,it's simple,it says it!"
7048,3593,3,15,79,97,1.2164948453608246,0.049104533204272306,621,Less than ideal news for the shareholders?
7096,3593,2,17,78,97,1.2164948453608246,0.04686660376971086,621,"This was the only courtesy suit the dry cleaners had, Master Wayne."
7149,3593,3,15,79,97,1.2164948453608246,0.049104533204272306,621,What it lacks in comfort
7194,3593,4,13,80,97,1.2164948453608246,0.051244822309301524,621,... plus 20% on imported Chinese armour.
7203,3593,5,11,81,97,1.2164948453608246,0.053299234945862896,621,"The old ways do find a way of coming 'round again, don't they."
7242,3593,4,13,80,97,1.2164948453608246,0.051244822309301524,621,"Obviously, it’s dty clean only."
7365,3593,3,15,79,97,1.2164948453608246,0.049104533204272306,621,The newest from the 2019 Giorgio Armor fall collection.
7395,3593,4,13,80,97,1.2164948453608246,0.051244822309301524,621,"But you want the back to say, ""I really don't care, do you""?"
4591,3593,4,13,80,97,1.2164948453608246,0.051244822309301524,621,"Trust me, you will need it when you run for president."
6836,3593,2,17,78,97,1.2164948453608246,0.04686660376971086,621,"Perfect, now how about accessorizing with one of our fashionable maces?"
6813,3593,5,11,81,97,1.2164948453608246,0.053299234945862896,621,Too much starch?
6794,3593,1,19,77,97,1.2164948453608246,0.04451631068052103,621,It comes with a free oil can.
6683,3593,3,15,79,97,1.2164948453608246,0.049104533204272306,621,"You know, most brides don’t like to go this traditional."
6119,3593,3,15,79,97,1.2164948453608246,0.049104533204272306,621,We also have it in a nice tweed.
6121,3593,1,19,77,97,1.2164948453608246,0.04451631068052103,621,Do you prefer to wear or remove your suit while the welder is making the final alterations?
6209,3593,4,13,80,97,1.2164948453608246,0.051244822309301524,621,"I told you it wasn't a typo. 
We really do have formalwear for your special knight."
6303,3593,4,13,80,97,1.2164948453608246,0.051244822309301524,621,I guarantee you sir;it will wear like iron.
6337,3593,4,13,80,97,1.2164948453608246,0.051244822309301524,621,"Yes, Sam, the blacksmith, did make the greaves too long."
6347,3593,2,17,78,97,1.2164948453608246,0.04686660376971086,621,This is popular with our lawyer and politician clients.
6380,3593,1,19,77,97,1.2164948453608246,0.04451631068052103,621,This month’s special includes a second pair of tights.”
5735,3593,2,17,78,97,1.2164948453608246,0.04686660376971086,621,"Best of all, it never needs to be pressed."
6399,3593,4,13,80,97,1.2164948453608246,0.051244822309301524,621,"Why, yes, it does come with a detachable cod piece, Mr Trump."
6606,3593,5,11,81,97,1.2164948453608246,0.053299234945862896,621,"""Yeah, it's probably impermeable, but frankly, I don't care, do you?"""
6609,3593,5,11,81,97,1.2164948453608246,0.053299234945862896,621,We have a special on the rustproof undercoat this week.
6615,3593,2,17,78,97,1.2164948453608246,0.04686660376971086,621,"Would Sir like to accessorize with a ball & chain, or perhaps a jousting lance is more to his suiting?"
6635,3593,2,17,78,97,1.2164948453608246,0.04686660376971086,621,You look wonderful Sir. Their words won’t make a dent.
6644,3593,3,15,79,97,1.2164948453608246,0.049104533204272306,621,"So, I  hear you're working for the liberal press."
6656,3593,2,17,78,97,1.2164948453608246,0.04686660376971086,621,You're going to slay.
6668,3593,2,17,78,97,1.2164948453608246,0.04686660376971086,621,"Yes, sir...that's the lying, cheating robber as savior of civilization presidential model."
6448,3593,3,15,79,97,1.2164948453608246,0.049104533204272306,621,"And we have a nice selection of lances, sir."
4513,3593,2,17,78,97,1.2164948453608246,0.04686660376971086,621,You'll especially love the fact that it is wrinkle resistant.
7122,3593,3,15,79,97,1.2164948453608246,0.049104533204272306,621,"It has a secret zipper."""
4224,3593,3,15,79,97,1.2164948453608246,0.049104533204272306,621,Congratulations on your new job at the White house.  That should work out just fine.
1294,3593,4,13,80,97,1.2164948453608246,0.051244822309301524,621,Does it make my ass look fat?
1304,3593,1,19,77,97,1.2164948453608246,0.04451631068052103,621,"Remember sir, don’t wash or dry clean - just oil regularly."
1372,3593,3,15,79,97,1.2164948453608246,0.049104533204272306,621,It’s our new no-iron material.
1447,3593,5,11,81,97,1.2164948453608246,0.053299234945862896,621,It
1448,3593,4,13,80,97,1.2164948453608246,0.051244822309301524,621,And this item is very popular with Republican representatives returning to their district to meet with constituents.
1495,3593,6,9,82,97,1.2164948453608246,0.055277346880224794,621,The steel was imported from the 13th century.
1547,3593,3,15,79,97,1.2164948453608246,0.049104533204272306,621,You should know that our tailor began in metallurgy.
1582,3593,1,19,77,97,1.2164948453608246,0.04451631068052103,621,"If you don't like it in silver, it also comes in rust."
1625,3593,4,13,80,97,1.2164948453608246,0.051244822309301524,621,"We can take in the seat, but you won’t be able to get on your horse."
1856,3593,0,21,76,97,1.2164948453608246,0.042034810387371384,621,No. Rust-proofing is extra.
1942,3593,2,17,78,97,1.2164948453608246,0.04686660376971086,621,"No, I'm sorry, sir, not in pinstripe."
1975,3593,4,13,80,97,1.2164948453608246,0.051244822309301524,621,"It’s perfect for your frame... But I'm sorry, this is the only color we have in this suit."
2031,3593,2,17,78,97,1.2164948453608246,0.04686660376971086,621,This is gonna cost me an arm and a leg.
2110,3593,2,17,78,97,1.2164948453608246,0.04686660376971086,621,"If you buy today, you can probably avoid tomorrow's tariff."
2117,3593,2,17,78,97,1.2164948453608246,0.04686660376971086,621,This style comes with free alterations by our in-house blacksmith and an optional brush finish.
1252,3593,4,13,80,97,1.2164948453608246,0.051244822309301524,621,It can hide an erection better than any waistband.
1216,3593,5,11,81,97,1.2164948453608246,0.053299234945862896,621,"If the gentleman still prefers not to move to a double-vented style, I would suggest a bespoke alternative."
1141,3593,3,15,79,97,1.2164948453608246,0.049104533204272306,621,"These newest line of suits offer mosquito protection, a shield from radiation and a cooling system to protect from global warming."
976,3593,5,11,81,97,1.2164948453608246,0.053299234945862896,621,"Guaranteed to stop anything...except a presidential tweet, of course."
26,3593,4,13,80,97,1.2164948453608246,0.051244822309301524,621,"Yes, it's fully lined, with the skin of the vanquished."
172,3593,3,15,79,97,1.2164948453608246,0.049104533204272306,621,"Alterations, of course, are always free."
177,3593,3,15,79,97,1.2164948453608246,0.049104533204272306,621,"So, the event is black knight and tails?"
206,3593,4,13,80,97,1.2164948453608246,0.051244822309301524,621,"Would you like the greaves cuffed or uncuffed, sir?"
247,3593,6,9,82,97,1.2164948453608246,0.055277346880224794,621,You look very dapper sir!
4451,3593,2,17,78,97,1.2164948453608246,0.04686660376971086,621,"It most certainly DOES NOT make you look fat, Sir."
287,3593,3,15,79,97,1.2164948453608246,0.049104533204272306,621,"And in this get-up, no one can tell you’re a vampire"
2124,3593,3,15,79,97,1.2164948453608246,0.049104533204272306,621,We don't have teflon anymore. It is a carcinogen
298,3593,1,19,77,97,1.2164948453608246,0.04451631068052103,621,Knight out on the town?
338,3593,4,13,80,97,1.2164948453608246,0.051244822309301524,621,Just think - it'll never need starch.....
413,3593,2,17,78,97,1.2164948453608246,0.04686660376971086,621,I said it was a night event.
601,3593,3,15,79,97,1.2164948453608246,0.049104533204272306,621,"It's the perfect all-occasion suit...
except for airport check-ins"
702,3593,2,17,78,97,1.2164948453608246,0.04686660376971086,621,"Would you like to try it in camouflage, Secretary Pruit?"
878,3593,1,19,77,97,1.2164948453608246,0.04451631068052103,621,I guarantee you will stay a virgin on your on your first Knight out
919,3593,6,9,82,97,1.2164948453608246,0.055277346880224794,621,Our blacksmith is in house for any fitting needs
970,3593,3,15,79,97,1.2164948453608246,0.049104533204272306,621,Giving another Earnings Report?
327,3593,3,15,79,97,1.2164948453608246,0.049104533204272306,621,Does it come in black?
2185,3593,5,11,81,97,1.2164948453608246,0.053299234945862896,621,This is the latest from our Siege the Day collection...
187,3593,4,13,80,97,1.2164948453608246,0.051244822309301524,621,Tres chic! Shall I tell our soldering department to take it in a bit in the flank?
2342,3593,1,19,77,97,1.2164948453608246,0.04451631068052103,621,It's from a new company called Over Amour™.
3375,3593,4,13,80,97,1.2164948453608246,0.051244822309301524,621,"Yes miss, I do think it's the perfect accessory for the me-too movement era"
3451,3593,2,17,78,97,1.2164948453608246,0.04686660376971086,621,"Alterations are difficult, but it does come with a can of WD 40"
3483,3593,5,11,81,97,1.2164948453608246,0.053299234945862896,621,That should help you win the battles in the west wing.
3582,3593,2,17,78,97,1.2164948453608246,0.04686660376971086,621,"Looking good, sir.  And during our spring sale that suit is a steel."
3586,3593,3,15,79,97,1.2164948453608246,0.049104533204272306,621,"We can take it in a bit in back, Sir, but not immediately, I'm afraid --  the armorer is on vacation"
3684,3593,3,15,79,97,1.2164948453608246,0.049104533204272306,621,"Of course you could wear it by day, too."
3722,3593,4,13,80,97,1.2164948453608246,0.051244822309301524,621,This is Armani’s latest magnetic attraction line
3747,3593,4,13,80,97,1.2164948453608246,0.051244822309301524,621,"And it's very versatile....job interviews, weddings or funerals."
3842,3593,1,19,77,97,1.2164948453608246,0.04451631068052103,621,Of course She’ll Love it!  It’s a classic look AND no need for a concealed weapon permit!
3851,3593,2,17,78,97,1.2164948453608246,0.04686660376971086,621,This one really does wonders for your lance.
3876,3593,2,17,78,97,1.2164948453608246,0.04686660376971086,621,‘“I see chivalry is not dead.”
3981,3593,3,15,79,97,1.2164948453608246,0.049104533204272306,621,"I must warn you, this one is dry clean only."
4073,3593,3,15,79,97,1.2164948453608246,0.049104533204272306,621,You don't think it's too loud?
4155,3593,3,15,79,97,1.2164948453608246,0.049104533204272306,621,Metal Aged virtual reality.
2202,3593,4,13,80,97,1.2164948453608246,0.051244822309301524,621,Wear it on Passover. You'll get a lot of laughs.
3362,3593,4,13,80,97,1.2164948453608246,0.051244822309301524,621,Here we believe business is war. This is our suit designed for merger negotiations
3230,3593,4,13,80,97,1.2164948453608246,0.051244822309301524,621,"Okay, fine.  You're all set to rescue young men in distress then."
3992,3593,2,17,78,97,1.2164948453608246,0.04686660376971086,621,"Is this the strong, silent look you wanted?"
3135,3593,4,13,80,97,1.2164948453608246,0.051244822309301524,621,I will bring the sheet metal man in to shorten your sleeves
3226,3593,5,11,81,97,1.2164948453608246,0.053299234945862896,621,"Perfect for a Press War, but beware the mud slinging."
2513,3593,5,11,81,97,1.2164948453608246,0.053299234945862896,621,"It is not only stylish, it will make you immune from backstabbing and discrimination based upon your race or gender."
2545,3593,4,13,80,97,1.2164948453608246,0.051244822309301524,621,Does this fauld make me look fat?
2433,3593,2,17,78,97,1.2164948453608246,0.04686660376971086,621,And we'll throw in a can of WD-40
2660,3593,2,17,78,97,1.2164948453608246,0.04686660376971086,621,Does this suit make me look fat?
2669,3593,3,15,79,97,1.2164948453608246,0.049104533204272306,621,Jousting lessons are included with your purchase.
2693,3593,4,13,80,97,1.2164948453608246,0.051244822309301524,621,"You look dashing,sir.  Now,if you only had a heart!"
2748,3593,4,13,80,97,1.2164948453608246,0.051244822309301524,621,It makes you look buffed.
2727,3593,3,15,79,97,1.2164948453608246,0.049104533204272306,621,The new border guard uniform.
2869,3593,3,15,79,97,1.2164948453608246,0.049104533204272306,621,You just tap your heels together to become a real S&P 200 President!
2934,3593,2,17,78,97,1.2164948453608246,0.04686660376971086,621,The sale's price includes a year's supply of  WD40 and Rustoleum.
2940,3593,3,15,79,97,1.2164948453608246,0.049104533204272306,621,"Wrong kind of knight, Alfred."
2948,3593,2,17,78,97,1.2164948453608246,0.04686660376971086,621,"It has ""You"" written all over it, sir."
3006,3593,3,15,79,97,1.2164948453608246,0.049104533204272306,621,That's the look of a man with codfidence.
3046,3593,3,15,79,97,1.2164948453608246,0.049104533204272306,621,Sorry Fred.  You're getting canned.
3059,3593,3,15,79,97,1.2164948453608246,0.049104533204272306,621,It’s a little tight in the crotch.
2860,3593,3,15,79,97,1.2164948453608246,0.049104533204272306,621,"It's hand wash only. But on the upside, it is wrinkle free..."
4505,3745,1,20,81,102,1.2156862745098038,0.043232453504184656,621,"Brooks Brothers has done its best to accommodate the gentleman's concern for personal safety, however a navy business suit is still recommended for the Shareholder's Meeting."
7373,3745,4,14,84,102,1.2156862745098038,0.049512182523962604,621,It  fits you perfectly sir and a can of oil can of oil comes with it.
6833,3745,4,14,84,102,1.2156862745098038,0.049512182523962604,621,"You'll be on the knight shift, Jones"
4481,3745,5,12,85,102,1.2156862745098038,0.05143533103860699,621,"With that suit, sir, you''ll positively shine!"
6144,3745,3,16,83,102,1.2156862745098038,0.04751125295676055,621,"Sir,If I may say... You look magnetic !"
4177,3745,5,12,85,102,1.2156862745098038,0.05143533103860699,621,If it's  a little tight we can always lubricate
3966,3745,2,18,82,102,1.2156862745098038,0.04542226432881113,621,It will look much sexier after we take four inches off the waist.
3564,3745,5,12,85,102,1.2156862745098038,0.05143533103860699,621,"With free alterations, sir, you can get this one for a steel."
4285,3745,3,16,83,102,1.2156862745098038,0.04751125295676055,621,This unique suit has been specially designed for senior management executives who feel threatened on all sides.
684,3754,4,12,77,93,1.2150537634408602,0.05262946228598813,621,Annealing is included.
2327,3754,1,18,74,93,1.2150537634408602,0.04548184284329831,621,"The helmet is an extra 700 bucks, but it's recommended just to save face."
3488,3754,0,20,73,93,1.2150537634408602,0.04283507835554755,621,And it comes with a matching pocket squire.
5951,3754,4,12,77,93,1.2150537634408602,0.05262946228598813,621,It's an inspired choice for a corporate takeover.
2691,3758,3,17,87,107,1.2149532710280373,0.04605402166872554,621,It's from our Remington Steele collection.
4845,3759,4,13,81,98,1.2142857142857142,0.05076730825668095,621,"This will protect you from the slings and arrows, but you can upgrade to the thousand natural shocks model."
4880,3759,3,15,80,98,1.2142857142857142,0.04865106526998212,621,"Light weight for summer wear, yet impenetrable. And it's also available with fire retardant coating, in blue, celadon, or magenta."
4951,3759,1,19,78,98,1.2142857142857142,0.044115068632548333,621,Are you sure you don't just want to wear black like the other ladies?
5128,3759,2,17,79,98,1.2142857142857142,0.04643848313822551,621,I own that very suit.
4564,3759,2,17,79,98,1.2142857142857142,0.04643848313822551,621,It looks even better with a horse and a lance.
5178,3759,3,15,80,98,1.2142857142857142,0.04865106526998212,621,You requested a date etched on the breastplate. Would you like a Medjool or Deglet?
5296,3759,3,15,80,98,1.2142857142857142,0.04865106526998212,621,"Of course, you can wear that with or without the vest."
5394,3759,3,15,80,98,1.2142857142857142,0.04865106526998212,621,"Think how much you'll save on neckties and dry cleaning."""
6685,3759,3,15,80,98,1.2142857142857142,0.04865106526998212,621,It's my fault. I should have been clearer on what type of engagement it was.
6086,3759,4,13,81,98,1.2142857142857142,0.05076730825668095,621,The material is from one of our finest mills.
6596,3759,2,17,79,98,1.2142857142857142,0.04643848313822551,621,Now I think you're ready for the Board meeting
6869,3759,3,15,80,98,1.2142857142857142,0.04865106526998212,621,"No pun intended,but that suits you and it's a steal"
7165,3759,4,13,81,98,1.2142857142857142,0.05076730825668095,621,"I'll talk to my boss. See, they install that TruCoat at the factory, there's nothin' we can do, but I'll talk to my boss."
6898,3759,3,15,80,98,1.2142857142857142,0.04865106526998212,621,And of course black tie is optional.
6964,3759,4,13,81,98,1.2142857142857142,0.05076730825668095,621,"I take it, another one of those parties where all the guests are your wife's friends."
4507,3759,2,17,79,98,1.2142857142857142,0.04643848313822551,621,"---and Sir, it never needs ironing!"
5854,3759,5,11,82,98,1.2142857142857142,0.05279879755594507,621,"We have an in house welder for alterations        Paul  Balstad, Denver, Colo."
4305,3759,4,13,81,98,1.2142857142857142,0.05076730825668095,621,"It's our newest design, but it won't do a thing against anthrax!"
509,3759,4,13,81,98,1.2142857142857142,0.05076730825668095,621,"Yes ma'am, it is expensive, but the unconscious bias is priceless."
3342,3759,2,17,79,98,1.2142857142857142,0.04643848313822551,621,Like it? It's underArmor's mail order line.
44,3759,3,15,80,98,1.2142857142857142,0.04865106526998212,621,It will certainly send a clear message on your wedding day.
348,3759,3,15,80,98,1.2142857142857142,0.04865106526998212,621,"It's guaranteed to withstand trolling, Twitter storms and culture wars."
524,3759,4,13,81,98,1.2142857142857142,0.05076730825668095,621,It's also guaranteed wrinkle free.
585,3759,1,19,78,98,1.2142857142857142,0.044115068632548333,621,You are going to slay this interview.
662,3759,5,11,82,98,1.2142857142857142,0.05279879755594507,621,"You know, fashion is cyclical."
717,3759,3,15,80,98,1.2142857142857142,0.04865106526998212,621,You're guaranteed to slay.
758,3759,3,15,80,98,1.2142857142857142,0.04865106526998212,621,Ask Sarah Huckabee Sanders!
4208,3759,3,15,80,98,1.2142857142857142,0.04865106526998212,621,Old School
941,3759,3,15,80,98,1.2142857142857142,0.04865106526998212,621,Tucked or untucked?
1008,3759,4,13,81,98,1.2142857142857142,0.05076730825668095,621,Carpe diem sir.
1392,3759,2,17,79,98,1.2142857142857142,0.04643848313822551,621,Of course I'm not just saying that sir
1872,3759,3,15,80,98,1.2142857142857142,0.04865106526998212,621,"Yes, rust is a problem but sticks will never break your bones."
1885,3759,5,11,82,98,1.2142857142857142,0.05279879755594507,621,It's also available in black.
2249,3759,2,17,79,98,1.2142857142857142,0.04643848313822551,621,"It's wrinkle-free Mr. Knight, but I don't suggest that you wear it through airport security."""
2731,3759,4,13,81,98,1.2142857142857142,0.05076730825668095,621,That knight in shining armor look is so hot right now!
3233,3759,4,13,81,98,1.2142857142857142,0.05076730825668095,621,"As the saying goes, ""everything old is new again,"" Mr. Chadsworth."
1007,3759,2,17,79,98,1.2142857142857142,0.04643848313822551,621,"Yes, we can have this ready for you by your first day at the White House."
5586,3796,4,14,85,103,1.2135922330097086,0.0490738233325375,621,"No, just the one pair.  But they wear like iron."
2870,3796,3,16,84,103,1.2135922330097086,0.0470942961235598,621,"It'll protect you against pretty much everything, Sir, excellent ridicule on social media."
823,3796,4,14,85,103,1.2135922330097086,0.0490738233325375,621,"This suit comes with two mail skirts, a battle axe and a dagger. Our blacksmith is available now for alterations."
2628,3796,6,10,87,103,1.2135922330097086,0.05281074658317402,621,"Our ""quick release model"" is joust you. You don't have to take it off to use the bathroom."
1274,3800,2,17,80,99,1.2121212121212122,0.046017947241275524,621,"...and when you’re all done no need to donate, it can be recycled!"
2059,3800,2,17,80,99,1.2121212121212122,0.046017947241275524,621,"Sure, TSA may have a problem with it but you'll be well-suited for Wall Street."
5899,3800,3,15,81,99,1.2121212121212122,0.048205752059134375,621,"Yes,sir. Definitely more classic than vintage."
2898,3803,4,10,71,85,1.2117647058823529,0.05574581580323583,621,The fly can be tricky - especially if you've never used a cutting torch before.
2131,3804,3,13,74,90,1.211111111111111,0.05118921460128822,621,You'll be all the rage at the next round table meeting.
5156,3804,4,11,75,90,1.211111111111111,0.05357260103480199,621,Yes Sir it does require some bladder control.
5183,3804,2,15,73,90,1.211111111111111,0.04868929863285577,621,We'll hammer out the dress right/dress left issue at the final fitting.
6500,3804,1,17,72,90,1.211111111111111,0.04605388052294923,621,"Yes, but a breathable, summerweight chain mail."
6623,3804,3,13,74,90,1.211111111111111,0.05118921460128822,621,"In the right pocket you'll find a little bag 
with a polishing cloth and some WD-40"""
6706,3809,3,14,78,95,1.2105263157894737,0.049396666362498,621,You are certain the invitation said optional?
7467,3809,2,16,77,95,1.2105263157894737,0.04707511531578504,621,I'm pretty sure this isn't the 3-piece suit they had in mind.
7435,3809,3,14,78,95,1.2105263157894737,0.049396666362498,621,"This week only, two suits come with a steed and lance."
7012,3809,5,10,80,95,1.2105263157894737,0.05373973370975062,621,"So, does this mean you are saying yes to the dress?"
6886,3809,1,18,76,95,1.2105263157894737,0.04463297341944604,621,"Very popular with the damsels, sir."
6648,3809,3,14,78,95,1.2105263157894737,0.049396666362498,621,"Of course, the cufflinks give the look some more polish."
2075,3809,3,14,78,95,1.2105263157894737,0.049396666362498,621,"It looks a little dated, but we hear this look is making a comeback"
5038,3809,4,12,79,95,1.2105263157894737,0.05161390135865942,621,"Sir, this one takes you from day to knight!"
3723,3809,5,10,80,95,1.2105263157894737,0.05373973370975062,621,"The mace is optional. Try to remember your exact wording when the expression ""a little chunky"" slipped out over breakfast this morning."
3482,3809,2,16,77,95,1.2105263157894737,0.04707511531578504,621,It's what Jeff Sessions wears to work.
3273,3809,5,10,80,95,1.2105263157894737,0.05373973370975062,621,I think the helmet adds a certain 'je ne sais quoi'.
6221,3809,3,14,78,95,1.2105263157894737,0.049396666362498,621,These are pajamas - only for knight-time.
1609,3809,3,14,78,95,1.2105263157894737,0.049396666362498,621,"Alterations are just $1,999"
603,3822,3,13,75,91,1.2087912087912087,0.05067669921031872,621,It really makes your eyes pop.
4807,3822,2,15,74,91,1.2087912087912087,0.048207132238423746,621,"This should cut down on the groping, let me know if you need another session."
6592,3822,3,13,75,91,1.2087912087912087,0.05067669921031872,621,Yes sir perfect for eluding those meddling kids and their pesky dog
5952,3825,3,14,79,96,1.2083333333333333,0.04892857905103333,621,May I suggest a single pleat?
5616,3825,3,14,79,96,1.2083333333333333,0.04892857905103333,621,A 44 Regular is all you. Now may I suggest a feather to complete the outfit.
4394,3825,3,14,79,96,1.2083333333333333,0.04892857905103333,621,you'll have it for years- it wears like iron!
4345,3825,4,12,80,96,1.2083333333333333,0.05112048604588235,621,"Well hell, Frank, what do you *want* me to say?"
4049,3825,2,16,78,96,1.2083333333333333,0.046633760328105456,621,"...and best of all, it's already ironed."""
3670,3825,4,12,80,96,1.2083333333333333,0.05112048604588235,621,Tell me again whose ass you want to get medieval on
4258,3825,3,14,79,96,1.2083333333333333,0.04892857905103333,621,The riveting makes you look riveting.
2315,3825,2,16,78,96,1.2083333333333333,0.046633760328105456,621,"With the direction our country is headed in, it will be fashionable in no time."
2150,3825,4,12,80,96,1.2083333333333333,0.05112048604588235,621,The gauntlets really set off the brigandine!
1812,3825,3,14,79,96,1.2083333333333333,0.04892857905103333,621,"they sure don't make them like they used to, sir"
1624,3825,1,18,77,96,1.2083333333333333,0.04422001081778641,621,Now this suit will really show your co-workers you mean business!
775,3825,4,12,80,96,1.2083333333333333,0.05112048604588235,621,"Preparing for a knight out on the town, huh?"
2776,3825,3,14,79,96,1.2083333333333333,0.04892857905103333,621,It's perfect for going day to knight.
1631,3838,5,11,85,101,1.2079207920792079,0.05135169298966313,621,It's moth-resistant and guaranteed not to shrink!
4780,3839,4,11,77,92,1.2065217391304348,0.052500866778413105,621,Does this loin guard make my butt look big?
4745,3839,2,15,75,92,1.2065217391304348,0.047734242698569566,621,It's the top seller from our new #MeToo Collection
4524,3839,5,9,78,92,1.2065217391304348,0.05472871783373013,621,"I'm telling you, shining is so middle ages."
4729,3839,2,15,75,92,1.2065217391304348,0.047734242698569566,621,And that's not all..it even has a toilet app.
4722,3839,5,9,78,92,1.2065217391304348,0.05472871783373013,621,"Yes, yes. This is the lightweight version. Very popular amongst our customers for the warm summer months."
4634,3839,5,9,78,92,1.2065217391304348,0.05472871783373013,621,"Yes, Donald, this suit is impervious to slings and arrows."
4656,3839,4,11,77,92,1.2065217391304348,0.052500866778413105,621,All the other cabinet members have bought one.
4602,3839,2,15,75,92,1.2065217391304348,0.047734242698569566,621,"No, this suit does not make you look fat."
4544,3839,3,13,76,92,1.2065217391304348,0.050174191266479935,621,"I swear Madonna it is an original, Gaga has never worn it."
4795,3839,2,15,75,92,1.2065217391304348,0.047734242698569566,621,All you need is a little dab of oil.
4668,3839,3,13,76,92,1.2065217391304348,0.050174191266479935,621,I tell ya. It's the 5th one I've sold today.
4875,3839,4,11,77,92,1.2065217391304348,0.052500866778413105,621,"Do you feel safe now, Mr. Pruitt?"
5067,3839,3,13,76,92,1.2065217391304348,0.050174191266479935,621,"Yes, Mr. President. This shall protect you splendidly from the slings and arrows of fake news."
4950,3839,2,15,75,92,1.2065217391304348,0.047734242698569566,621,It’s only good for slings and arrows.
4960,3839,5,9,78,92,1.2065217391304348,0.05472871783373013,621,"In addition to the previous three colors offered on the armor, gold, silver, and space gray – we are now offering a rose gold option."
4965,3839,3,13,76,92,1.2065217391304348,0.050174191266479935,621,Our metallurgist will happily make any alterations.
4983,3839,2,15,75,92,1.2065217391304348,0.047734242698569566,621,We call this model the Over-armor.
4985,3839,2,15,75,92,1.2065217391304348,0.047734242698569566,621,I think the drape is fine.
5001,3839,3,13,76,92,1.2065217391304348,0.050174191266479935,621,"To remind you Sir, shining will be complimentary with your purchase"
5009,3839,3,13,76,92,1.2065217391304348,0.050174191266479935,621,Concentrate hard enough and you can see the corporate raider inside you.
5054,3839,3,13,76,92,1.2065217391304348,0.050174191266479935,621,"Yes, it does look like you’ve gained a little weight. I’ll let out the waist a bit."
4477,3839,2,15,75,92,1.2065217391304348,0.047734242698569566,621,Finally I can relax and be less self conscious at the beach.
5071,3839,5,9,78,92,1.2065217391304348,0.05472871783373013,621,"Dress right or dress left, sir?"
5093,3839,2,15,75,92,1.2065217391304348,0.047734242698569566,621,"I know it's a bit tight in the chest and inseam,but it's what all the members of congress are wearing these days."
4882,3839,2,15,75,92,1.2065217391304348,0.047734242698569566,621,The seat could use a little taking in. We'll have it back to you in six months.
4352,3839,6,7,79,92,1.2065217391304348,0.05686935993101575,621,"It screams, ""Bring it!"""
3929,3839,3,13,76,92,1.2065217391304348,0.050174191266479935,621,No this is very slimming on you sir! “
4289,3839,1,17,74,92,1.2065217391304348,0.04516266580668786,621,"Will that be lined or unlined, sir?"
3474,3839,4,11,77,92,1.2065217391304348,0.052500866778413105,621,Alterations will be extra.
3507,3839,2,15,75,92,1.2065217391304348,0.047734242698569566,621,"Alterations on this suit are more expensive, but we believe they are well worth the price."
3520,3839,5,9,78,92,1.2065217391304348,0.05472871783373013,621,You’re ass looks fantastic
3529,3839,4,11,77,92,1.2065217391304348,0.052500866778413105,621,"Yes, Sirrah, the codpiece is brass-lined."
3569,3839,3,13,76,92,1.2065217391304348,0.050174191266479935,621,You can't get a subpoena past this suit!
3629,3839,4,11,77,92,1.2065217391304348,0.052500866778413105,621,"If I may say so, Sir, it really suits you."
3632,3839,4,11,77,92,1.2065217391304348,0.052500866778413105,621,It’s slimming !
3643,3839,2,15,75,92,1.2065217391304348,0.047734242698569566,621,We have an armorer on site for alterations.
3657,3839,1,17,74,92,1.2065217391304348,0.04516266580668786,621,"Rustproofing, Sir, comes at a slight surcharge."
3675,3839,3,13,76,92,1.2065217391304348,0.050174191266479935,621,For the more adventurous bride-to-be.
3792,3839,2,15,75,92,1.2065217391304348,0.047734242698569566,621,It suits you well.
3800,3839,4,11,77,92,1.2065217391304348,0.052500866778413105,621,This is perfect for a knight on the town!
3906,3839,3,13,76,92,1.2065217391304348,0.050174191266479935,621,"This week only, you get a free lube job every 5,000 miles!"
3916,3839,5,9,78,92,1.2065217391304348,0.05472871783373013,621,"I think you'll find this suit will be 'de rigueur' during the midterms, Congressman."
3919,3839,2,15,75,92,1.2065217391304348,0.047734242698569566,621,This Prom Knight will be one to remember.
3928,3839,3,13,76,92,1.2065217391304348,0.050174191266479935,621,"No, I’m sorry, alterations are not included. Our tailor quit last week."
5103,3839,4,11,77,92,1.2065217391304348,0.052500866778413105,621,Entry requires a clank shaft.
4048,3839,2,15,75,92,1.2065217391304348,0.047734242698569566,621,You're ready for a knight on the town.
4083,3839,3,13,76,92,1.2065217391304348,0.050174191266479935,621,Titanium.
4106,3839,5,9,78,92,1.2065217391304348,0.05472871783373013,621,The perfect suit for a middle aged man.
4172,3839,4,11,77,92,1.2065217391304348,0.052500866778413105,621,"Well, yes that will be a problem.  Think of it as being in church, sitting in your own pew."""
4176,3839,5,9,78,92,1.2065217391304348,0.05472871783373013,621,All we need to do is shorten the sleeves.
4204,3839,3,13,76,92,1.2065217391304348,0.050174191266479935,621,Guaranteed not rust
4239,3839,2,15,75,92,1.2065217391304348,0.047734242698569566,621,"""And it's great for parties because it's 100% stainless."
4283,3839,3,13,76,92,1.2065217391304348,0.050174191266479935,621,You'll slay 'em during Fashion Week.
4341,3839,4,11,77,92,1.2065217391304348,0.052500866778413105,621,"Milady requests that I give you a polish before you meet up this evening with milady, Mr. Knight."
5153,3839,2,15,75,92,1.2065217391304348,0.047734242698569566,621,...and it will deflect all incoming tweets.
5758,3839,5,9,78,92,1.2065217391304348,0.05472871783373013,621,It suits you. The damsels will love it.
5218,3839,4,11,77,92,1.2065217391304348,0.052500866778413105,621,Can you show me something in copper?
6699,3839,2,15,75,92,1.2065217391304348,0.047734242698569566,621,"Medieval is the new sexy. We call it ""50 Shades of Steel""."
6732,3839,1,17,74,92,1.2065217391304348,0.04516266580668786,621,It’s the latest in wrinkle free.
6745,3839,4,11,77,92,1.2065217391304348,0.052500866778413105,621,"""I have a shipment of Crusadewear that just came in."""
6757,3839,2,15,75,92,1.2065217391304348,0.047734242698569566,621,"You say it is for a blind date? My motto is, ""You never have a second chance to make a first impression."""
6769,3839,3,13,76,92,1.2065217391304348,0.050174191266479935,621,"Yes sir, the helmet is rather uncomfortable, but when riding in New Hampshire is not mandatory."
6787,3839,4,11,77,92,1.2065217391304348,0.052500866778413105,621,I’ll call the blacksmith to shorten the inseam
6844,3839,4,11,77,92,1.2065217391304348,0.052500866778413105,621,"Buy this model today and we will attach next year’s codpiece.
Mike Ackley, Moorestown, New Jersey"
6857,3839,5,9,78,92,1.2065217391304348,0.05472871783373013,621,"Yes, it should be entirely appropriate for your next briefing to Congress."
6895,3839,2,15,75,92,1.2065217391304348,0.047734242698569566,621,This suit comes with a lance but there's no steed unless you want to try on our silver model
6896,3839,3,13,76,92,1.2065217391304348,0.050174191266479935,621,I think it’s a little too combative for the condo board meeting
6910,3839,3,13,76,92,1.2065217391304348,0.050174191266479935,621,"Watch out for loose rivets."""
6918,3839,4,11,77,92,1.2065217391304348,0.052500866778413105,621,"And, of course, it comes with a free set of Under Armour briefs and t-shirt."
7054,3839,2,15,75,92,1.2065217391304348,0.047734242698569566,621,If we lengthen the breast plate it will give you a more modern look.
7073,3839,4,11,77,92,1.2065217391304348,0.052500866778413105,621,"Yes, we think retro is in--for fall, of course."
7112,3839,3,13,76,92,1.2065217391304348,0.050174191266479935,621,"You know I'm a big fan of tradition myself, but  perhaps you should consider something in either Kevlar or titanium."
7130,3839,2,15,75,92,1.2065217391304348,0.047734242698569566,621,Wait until you try to take it off.
7239,3839,4,11,77,92,1.2065217391304348,0.052500866778413105,621,Your  fit is our iron clad guaranty
7244,3839,2,15,75,92,1.2065217391304348,0.047734242698569566,621,I have an accent broadsword in the back that would go perfectly with this!
7309,3839,2,15,75,92,1.2065217391304348,0.047734242698569566,621,"Yes of course, Sir Pruitt, we've included the deluxe stealth package upon your command."
7327,3839,4,11,77,92,1.2065217391304348,0.052500866778413105,621,A knight at the opera. Sounds like fun Mr. Marx!
7341,3839,2,15,75,92,1.2065217391304348,0.047734242698569566,621,I'm in the administration and need a new suit to go out to restaurants...
7382,3839,1,17,74,92,1.2065217391304348,0.04516266580668786,621,This is our self-shining model.
7420,3839,4,11,77,92,1.2065217391304348,0.052500866778413105,621,"Trust me, the virtual reality headsets are becoming very life-like"
7436,3839,4,11,77,92,1.2065217391304348,0.052500866778413105,621,"Our tactical coach seating travel suit comes in silver or black, Mr. Pruitt."
3472,3839,3,13,76,92,1.2065217391304348,0.050174191266479935,621,"The suit IS a little clunky, yes, but it's perfect for self-driving car enthusiasts -- it's crash resistant AND fireproof!"
6475,3839,4,11,77,92,1.2065217391304348,0.052500866778413105,621,"Very American-chic. Beautiful metal from Canada, assembled with care in China."
5175,3839,3,13,76,92,1.2065217391304348,0.050174191266479935,621,"I think you look stunningly intimidating, sir. Now, get back to the Hill and PREVAIL!"
6374,3839,3,13,76,92,1.2065217391304348,0.050174191266479935,621,Our alterations man can make it look like it’s bespoke.
6241,3839,2,15,75,92,1.2065217391304348,0.047734242698569566,621,"I beg to differ, sir. Those squeaks fit perfectly at the joints."
5248,3839,2,15,75,92,1.2065217391304348,0.047734242698569566,621,After your first day at the White House you can change into something less obvious.
5332,3839,3,13,76,92,1.2065217391304348,0.050174191266479935,621,"As Press Secretary to the President, you'll define the word ""style""."
5413,3839,2,15,75,92,1.2065217391304348,0.047734242698569566,621,"Very good sir, would you like a Sabre to go with that?"
5423,3839,4,11,77,92,1.2065217391304348,0.052500866778413105,621,"It will most certainly turn heads, sir."
5505,3839,3,13,76,92,1.2065217391304348,0.050174191266479935,621,"While I would agree the suit is 'lit', I should be clear that it is not resistant to dragons."
5508,3839,2,15,75,92,1.2065217391304348,0.047734242698569566,621,"Mr. President , this suit will protect you from all insults, except the verbal ones"
5517,3839,5,9,78,92,1.2065217391304348,0.05472871783373013,621,"No sir, I'm terribly sorry. It does not come in linen."
5579,3839,5,9,78,92,1.2065217391304348,0.05472871783373013,621,Damsels prefer this model 2 to 1 over the Conquistador.
5694,3839,1,17,74,92,1.2065217391304348,0.04516266580668786,621,"Actually, what your where underneath is completely up to you."
5772,3839,2,15,75,92,1.2065217391304348,0.047734242698569566,621,You’ll thank me later.
5794,3839,4,11,77,92,1.2065217391304348,0.052500866778413105,621,"I’m sorry that you don’t like it, Ironman.  My suits are made the old- fashioned way."
5808,3839,4,11,77,92,1.2065217391304348,0.052500866778413105,621,The Look is  sleek...strong ...AND recyclable.
5832,3839,3,13,76,92,1.2065217391304348,0.050174191266479935,621,I don't think taking it in is such a good idea.
5858,3839,4,11,77,92,1.2065217391304348,0.052500866778413105,621,With this you and Wonder Woman will have many nights in shining amour.
5890,3839,2,15,75,92,1.2065217391304348,0.047734242698569566,621,"Instead of a free tie,you get a can of  3-in-1 oil."
5968,3839,2,15,75,92,1.2065217391304348,0.047734242698569566,621,"Between this and a can of silicone spray, this baby'll take you right on through the Apocalypse."
6000,3839,7,5,80,92,1.2065217391304348,0.05893229710610973,621,It’s popular again among the self-driving car set
6022,3839,4,11,77,92,1.2065217391304348,0.052500866778413105,621,"Yes, very busy.  A lot of knights are updating wardrobes before the tariffs start."
6027,3839,3,13,76,92,1.2065217391304348,0.050174191266479935,621,Just needs a little give in the waist — you could pick it up in 5!or 6 months.
6068,3839,5,9,78,92,1.2065217391304348,0.05472871783373013,621,Guaranteed not to bulge when a chick throws you a rose.
6071,3839,3,13,76,92,1.2065217391304348,0.050174191266479935,621,Half the value is seeing the looks on the peasants' faces.
6073,3839,2,15,75,92,1.2065217391304348,0.047734242698569566,621,"Look if you really want to joust with her, you've got to show that chivalry isn't dead."
6202,3839,4,11,77,92,1.2065217391304348,0.052500866778413105,621,"Yes, it is drip dry and wrinkle free."
6211,3839,3,13,76,92,1.2065217391304348,0.050174191266479935,621,Retro really suits you.
6239,3839,5,9,78,92,1.2065217391304348,0.05472871783373013,621,"‘Oil,’ sir?"
6279,3839,3,13,76,92,1.2065217391304348,0.050174191266479935,621,With our finest stainless and a wire whisk you will not only slay your foe but make of him a Velouté.
3464,3839,3,13,76,92,1.2065217391304348,0.050174191266479935,621,"If I might be so bold, would you consider something with a more contemporary look, perhaps fatigues?"
2312,3839,3,13,76,92,1.2065217391304348,0.050174191266479935,621,"additionally, sir, it nobly enhances your stiff upper lip."
3361,3839,0,19,73,92,1.2065217391304348,0.042435537460095915,621,"Actually, it’s good if you spill oil on it."
998,3839,2,15,75,92,1.2065217391304348,0.047734242698569566,621,I see you found a silver lining.
1072,3839,5,9,78,92,1.2065217391304348,0.05472871783373013,621,"Sorry, Sir!  Kevlar has yet to be invented!"
1081,3839,3,13,76,92,1.2065217391304348,0.050174191266479935,621,"If you buy this outfit you'll be the only person who can claim that he's REALLY into heavy metal"""
1133,3839,3,13,76,92,1.2065217391304348,0.050174191266479935,621,"Ah, now the emperor does have new clothes!"
1156,3839,4,11,77,92,1.2065217391304348,0.052500866778413105,621,Tailor made for your next town hall meeting.
1178,3839,4,11,77,92,1.2065217391304348,0.052500866778413105,621,"Just curious, how long have you been out of the workforce?"
1233,3839,5,9,78,92,1.2065217391304348,0.05472871783373013,621,I'm sorry sir. It doesn't come in black.
1244,3839,4,11,77,92,1.2065217391304348,0.052500866778413105,621,"‘It’s you!’ if I may say so, sir."
1250,3839,3,13,76,92,1.2065217391304348,0.050174191266479935,621,It's perfect for working with the Trump administration
1259,3839,5,9,78,92,1.2065217391304348,0.05472871783373013,621,It may not protect your crossing the border but the Goths will be of no concern.
1292,3839,4,11,77,92,1.2065217391304348,0.052500866778413105,621,It's one size fits all; let's hope you'll grow into it.
1303,3839,2,15,75,92,1.2065217391304348,0.047734242698569566,621,The Royals will love it.
1379,3839,3,13,76,92,1.2065217391304348,0.050174191266479935,621,"And with your extra 20% off, it's a steel."
1391,3839,3,13,76,92,1.2065217391304348,0.050174191266479935,621,I just sold one to C-3PO. He's a bit of a Luddite.
1397,3839,3,13,76,92,1.2065217391304348,0.050174191266479935,621,....... and you can stop worrying about the bad guy with a gun
1415,3839,4,11,77,92,1.2065217391304348,0.052500866778413105,621,Fake News andAlternativeFacts Protection Suit. It’s the Art of the Deal that counts!!
1437,3839,5,9,78,92,1.2065217391304348,0.05472871783373013,621,At home you lift the vizier .
1525,3839,2,15,75,92,1.2065217391304348,0.047734242698569566,621,This isn’t exactly what I had in mind when I suggested “vintage.”
1537,3839,3,13,76,92,1.2065217391304348,0.050174191266479935,621,"Oil rubbed bronze, and satin nickle are popular, but polished chrome is coming back."
1567,3839,2,15,75,92,1.2065217391304348,0.047734242698569566,621,"Yes, it's a very traditional look, but one that we're confident is coming back into style."
1568,3839,1,17,74,92,1.2065217391304348,0.04516266580668786,621,We offer free alterations with our in-house welder.
1635,3839,3,13,76,92,1.2065217391304348,0.050174191266479935,621,It's what all the stylish conservative speakers are wearing to their college speaking engagements.
1637,3839,3,13,76,92,1.2065217391304348,0.050174191266479935,621,You mentioned that you were jousting for that senior management position?
1644,3839,2,15,75,92,1.2065217391304348,0.047734242698569566,621,"You sure she didn't mean one ""knight"" stand?"
1665,3839,3,13,76,92,1.2065217391304348,0.050174191266479935,621,Yes...we can let it out a little...but I can't guarantee it will get back to you by the mid terms.
984,3839,4,11,77,92,1.2065217391304348,0.052500866778413105,621,"We can add cuffs, but the welder is extra."
1775,3839,4,11,77,92,1.2065217391304348,0.052500866778413105,621,"Yes, I know I look good in it, but do you think it is right for Prom?"
895,3839,4,11,77,92,1.2065217391304348,0.052500866778413105,621,Insert your lame anti-trump joke here.
838,3839,7,5,80,92,1.2065217391304348,0.05893229710610973,621,"He said he as going to drain the swamp, but he just created a cesspool. You will need all the protection you can get."
11,3839,2,15,75,92,1.2065217391304348,0.047734242698569566,621,"No, your butt looks great in it, Arthur!"
16,3839,4,11,77,92,1.2065217391304348,0.052500866778413105,621,"Being the archenemy to the Dark Knight will not make you any lighter, Sir."
68,3839,6,7,79,92,1.2065217391304348,0.05686935993101575,621,Your ass still looks big.
139,3839,3,13,76,92,1.2065217391304348,0.050174191266479935,621,"It has to be a keeper, there's no way to get u out."
147,3839,3,13,76,92,1.2065217391304348,0.050174191266479935,621,It’s perfect for hostile takeovers and also comes in a summer weight mail.
244,3839,2,15,75,92,1.2065217391304348,0.047734242698569566,621,Quite a popular choice for those first meeting their future in-laws.
252,3839,3,13,76,92,1.2065217391304348,0.050174191266479935,621,I think that would pair nicely with a chain-mail pocket square.
333,3839,4,11,77,92,1.2065217391304348,0.052500866778413105,621,"Sir, being someone's ""knight in shining armor"" is only a figure of speech."
368,3839,4,11,77,92,1.2065217391304348,0.052500866778413105,621,It's a very versatile look.  It can go directly from the subway to the board room.
432,3839,3,13,76,92,1.2065217391304348,0.050174191266479935,621,"With you suitably garbed,your Damsel need not be distressed."
439,3839,2,15,75,92,1.2065217391304348,0.047734242698569566,621,"Yes sir, we do offer complimentary tailoring once our blacksmith returns."
450,3839,3,13,76,92,1.2065217391304348,0.050174191266479935,621,Did I mention our fealty rewards program?
3369,3839,2,15,75,92,1.2065217391304348,0.047734242698569566,621,It's the cut and style El Cid wore.
493,3839,6,7,79,92,1.2065217391304348,0.05686935993101575,621,Interesting choice for a first date.
537,3839,1,17,74,92,1.2065217391304348,0.04516266580668786,621,It’s very popular with members of the current administration...
611,3839,3,13,76,92,1.2065217391304348,0.050174191266479935,621,It's perfect.  We want those pauldrons hugging the shoulders.
613,3839,3,13,76,92,1.2065217391304348,0.050174191266479935,621,Don't worry if it's a little loose in the crotch. It will ride up with wear.
614,3839,3,13,76,92,1.2065217391304348,0.050174191266479935,621,It's all the rage with the White House press corps.
639,3839,1,17,74,92,1.2065217391304348,0.04516266580668786,621,"Remember, the suit adds ten pounds."
651,3839,4,11,77,92,1.2065217391304348,0.052500866778413105,621,This is the perfect power suit for you on windy days Mr. President.
707,3839,3,13,76,92,1.2065217391304348,0.050174191266479935,621,It's tailored specifically to stand up under cross-examination.
735,3839,3,13,76,92,1.2065217391304348,0.050174191266479935,621,This isn't what we meant when we asked if you could work night shifts.
743,3839,4,11,77,92,1.2065217391304348,0.052500866778413105,621,and its never needs ironing
826,3839,3,13,76,92,1.2065217391304348,0.050174191266479935,621,"Of course, this come with a free undercoat."
836,3839,2,15,75,92,1.2065217391304348,0.047734242698569566,621,"If it's too tight, we can use a few squirts of WD40"
876,3839,1,17,74,92,1.2065217391304348,0.04516266580668786,621,"It's not the latest style,but it is a power look."
1820,3839,5,9,78,92,1.2065217391304348,0.05472871783373013,621,"Why, on earth, would you need a rust belt?"
477,3839,2,15,75,92,1.2065217391304348,0.047734242698569566,621,"You certainly are prepared for any situation"""
1888,3839,4,11,77,92,1.2065217391304348,0.052500866778413105,621,Looks great on you! Fits you like a gauntlet.
2712,3839,4,11,77,92,1.2065217391304348,0.052500866778413105,621,"With the price of steel going up, you'll be lucky to even find one of these beauties soon."
2759,3839,4,11,77,92,1.2065217391304348,0.052500866778413105,621,Will she like it?  It's an iron clad sure thing!
2793,3839,3,13,76,92,1.2065217391304348,0.050174191266479935,621,If you need alterations the welder is in on Thursdays.
2808,3839,5,9,78,92,1.2065217391304348,0.05472871783373013,621,I hope this suit meets your requirements for a bespoke suit.
2815,3839,4,11,77,92,1.2065217391304348,0.052500866778413105,621,"Your friend Vaclav decided on something a bit lighter and more flexible, he told me to tell you that ""the Czech's in the mail."""
2905,3839,3,13,76,92,1.2065217391304348,0.050174191266479935,621,"And, best of all, you only have to change the oil every 10,000 miles."
2915,3839,5,9,78,92,1.2065217391304348,0.05472871783373013,621,Its permanent press.
2935,3839,2,15,75,92,1.2065217391304348,0.047734242698569566,621,Looks like it may be pinching on the rise.
2936,3839,5,9,78,92,1.2065217391304348,0.05472871783373013,621,"And this week, our scabbards are 30% off."
2967,3839,4,11,77,92,1.2065217391304348,0.052500866778413105,621,Yes it protects you from face slaps AND in case she throws hot coffee in your face numerous drain holes protect the rest of your body from scalding.
2980,3839,3,13,76,92,1.2065217391304348,0.050174191266479935,621,"I think you're ready to do battle, sir !"
2986,3839,3,13,76,92,1.2065217391304348,0.050174191266479935,621,We have a strict no return policy.
3032,3839,4,11,77,92,1.2065217391304348,0.052500866778413105,621,It's this season's easiest day-to-knight look
3058,3839,5,9,78,92,1.2065217391304348,0.05472871783373013,621,"Its our finest suit ,thanks to the new needle!!"
3075,3839,4,11,77,92,1.2065217391304348,0.052500866778413105,621,That codpiece fits perfectly!
3131,3839,5,9,78,92,1.2065217391304348,0.05472871783373013,621,Good choice.  The last CEO went with a light weight wool.
3143,3839,4,11,77,92,1.2065217391304348,0.052500866778413105,621,"You see, it's my last week after 42 years..."
3178,3839,4,11,77,92,1.2065217391304348,0.052500866778413105,621,"The welder will be here on Wednesday, Sir. Do you dress on the left or right"
3188,3839,3,13,76,92,1.2065217391304348,0.050174191266479935,621,You'll command respect in the boardroom.
3254,3839,2,15,75,92,1.2065217391304348,0.047734242698569566,621,This suit has a very slimming effect on you.
3294,3839,2,15,75,92,1.2065217391304348,0.047734242698569566,621,"It's the new Over Under Armour line."""
3296,3839,2,15,75,92,1.2065217391304348,0.047734242698569566,621,We also have it in camouflage
3332,3839,2,15,75,92,1.2065217391304348,0.047734242698569566,621,"It fits you to a T, Mr. President—and it’ll be perfect for mingling among the populace."
3352,3839,4,11,77,92,1.2065217391304348,0.052500866778413105,621,Of course it'll work! Every girl's waiting for her knight in shining armor.
1887,3839,3,13,76,92,1.2065217391304348,0.050174191266479935,621,"This is the latest in ""I didn't ask for it"" fashion."
2678,3839,2,15,75,92,1.2065217391304348,0.047734242698569566,621,"When I said you have to move away from office casual, I didn't mean so far away."
2624,3839,2,15,75,92,1.2065217391304348,0.047734242698569566,621,It's the perfect outfit for when you disclose your affair!
3220,3839,3,13,76,92,1.2065217391304348,0.050174191266479935,621,"Yes, it's a XXL, but there's been a lot of size inflation since the middle ages."
2599,3839,3,13,76,92,1.2065217391304348,0.050174191266479935,621,It's what everyone will be wearing while awaiting their pardons. It almost makes you look innocent...
1952,3839,3,13,76,92,1.2065217391304348,0.050174191266479935,621,"Trust me. No one can tell, Guinevere."
2618,3839,3,13,76,92,1.2065217391304348,0.050174191266479935,621,I'm sure you're aware that chivalry never goes out of style.
2000,3839,2,15,75,92,1.2065217391304348,0.047734242698569566,621,The King has gotten cheap; they don't make armor like they used to.
2001,3839,4,11,77,92,1.2065217391304348,0.052500866778413105,621,"It also comes in double-breasted, and includes two gauntlets plus your choice of mace, battleaxe, or lance."
2027,3839,1,17,74,92,1.2065217391304348,0.04516266580668786,621,"Of course, the oil can comes with it."
2060,3839,2,15,75,92,1.2065217391304348,0.047734242698569566,621,It's more of a night suit than a day suit
2099,3839,2,15,75,92,1.2065217391304348,0.047734242698569566,621,"If it feels baggy, our welder can take it in for you."
2108,3839,3,13,76,92,1.2065217391304348,0.050174191266479935,621,And it comes with an iron-clad warranty.
2159,3839,3,13,76,92,1.2065217391304348,0.050174191266479935,621,Our tailor is expert with acetylene.
2162,3839,2,15,75,92,1.2065217391304348,0.047734242698569566,621,"You’re going to like the way you joust, I guarantee it."
2183,3839,4,11,77,92,1.2065217391304348,0.052500866778413105,621,"If the breast plate is too snug, we can let it out."
2193,3839,2,15,75,92,1.2065217391304348,0.047734242698569566,621,"Since our last shareholders meeting, the board has thought it best to upgrade your wardrobe"""
2026,3839,3,13,76,92,1.2065217391304348,0.050174191266479935,621,"Sure it's nice... and inexpensive.  But the horse will cost you a kingdom, however."
2291,3839,2,15,75,92,1.2065217391304348,0.047734242698569566,621,You're now well suited to join the Trump administration.
2270,3839,4,11,77,92,1.2065217391304348,0.052500866778413105,621,"Sir, this is our best personal protective attire for married gentlemen."
2403,3839,4,11,77,92,1.2065217391304348,0.052500866778413105,621,Try the left side
2494,3839,3,13,76,92,1.2065217391304348,0.050174191266479935,621,Is this bomb proof too?
2385,3839,2,15,75,92,1.2065217391304348,0.047734242698569566,621,It has the new breathable mail lining.
2383,3839,5,9,78,92,1.2065217391304348,0.05472871783373013,621,It also comes in black.
2400,3839,6,7,79,92,1.2065217391304348,0.05686935993101575,621,Do you prefer the Armoni or the Armour?
2348,3839,4,11,77,92,1.2065217391304348,0.052500866778413105,621,"Really, a great way to make a statement in 2018 and selfies very well. Likes for days guaranteed."
2346,3839,3,13,76,92,1.2065217391304348,0.050174191266479935,621,If the bees can sting through it you get double your money back.
2344,3839,3,13,76,92,1.2065217391304348,0.050174191266479935,621,"We can take in the visor, but I'm afraid we can't do much about the fauld."
2314,3839,5,9,78,92,1.2065217391304348,0.05472871783373013,621,It looks really good on you. It comes with a free umbrella since you won't want to get it rained on.
2459,3839,4,11,77,92,1.2065217391304348,0.052500866778413105,621,It’s made from the finest recycled yacht parts.
6510,4066,3,10,65,78,1.205128205128205,0.05582599374914914,621,"With the new tariff, your suit of armor is going to cost 30% more."
5098,4067,0,18,70,88,1.2045454545454546,0.04324570426746518,621,I need to look sharp for the beheading tomorrow.
4977,4067,5,8,75,88,1.2045454545454546,0.05635916994471799,621,It’s our new ‘Conquistador’ cut.
4998,4067,3,12,73,88,1.2045454545454546,0.05151591984183321,621,"Just perfect for your special knight out, sir!"
5012,4067,2,14,72,88,1.2045454545454546,0.04891479303131595,621,You do realize it will be a bit difficult to take in in the shoulders.
4911,4067,2,14,72,88,1.2045454545454546,0.04891479303131595,621,"No Sir, it certainly does not make your butt look big!"
5052,4067,3,12,73,88,1.2045454545454546,0.05151591984183321,621,I  could take a little off the waist”
5085,4067,3,12,73,88,1.2045454545454546,0.05151591984183321,621,"007, this will get you a seat at the round table"
4939,4067,3,12,73,88,1.2045454545454546,0.05151591984183321,621,"Will you be tilting at Cambridge this summer, sir, or at your wind farm in the North Sea?"
5196,4067,1,16,71,88,1.2045454545454546,0.04616734730784048,621,You can dress it up or dress it down.
5124,4067,2,14,72,88,1.2045454545454546,0.04891479303131595,621,"It's ""Dry Clean Only""--don't put it in the washing machine."
5134,4067,3,12,73,88,1.2045454545454546,0.05151591984183321,621,"Will you be taking your regular table by the door,Ms. Nielson"
5139,4067,1,16,71,88,1.2045454545454546,0.04616734730784048,621,"It's 1 percent spanx, sir.  It will stretch with wear."
5229,4067,2,14,72,88,1.2045454545454546,0.04891479303131595,621,See? No more dad-bod!
5331,4067,2,14,72,88,1.2045454545454546,0.04891479303131595,621,"Bulletproof, maybe, tweed, no, but you never have to check
to see if your fly is open."
5355,4067,2,14,72,88,1.2045454545454546,0.04891479303131595,621,This also comes in black if you need something more evil and slimming.
4904,4067,3,12,73,88,1.2045454545454546,0.05151591984183321,621,"Lance, sword, crossbow, and battle-axe.  I'm afraid you'll need something stronger for tweets."
5367,4067,2,14,72,88,1.2045454545454546,0.04891479303131595,621,As great looking on a steed as in the office.
5426,4067,5,8,75,88,1.2045454545454546,0.05635916994471799,621,"Early Renaissance is definitely making a comeback, and it brings out your dimples sir."
5100,4067,1,16,71,88,1.2045454545454546,0.04616734730784048,621,And it comes with a free one year supply of Rustoleum.
4698,4067,4,10,74,88,1.2045454545454546,0.053991879176445545,621,What side do you dress on? A quite critical question for this particular garment.
4219,4067,3,12,73,88,1.2045454545454546,0.05151591984183321,621,I can assure you no one at Camelot will be wearing this collection.
4636,4067,3,12,73,88,1.2045454545454546,0.05151591984183321,621,"Of course, the visor is extra."
4079,4067,4,10,74,88,1.2045454545454546,0.053991879176445545,621,I told you downing that Big Gulp on the way was a bad idea.
5450,4067,4,10,74,88,1.2045454545454546,0.053991879176445545,621,"This one may shrink an ounce, you may want to try the XL."
4092,4067,4,10,74,88,1.2045454545454546,0.053991879176445545,621,"I don't know, are you sure the culet doesn't make my butt look too big?"
4095,4067,2,14,72,88,1.2045454545454546,0.04891479303131595,621,And it comes with a second pair of pants
4144,4067,2,14,72,88,1.2045454545454546,0.04891479303131595,621,"No, sir, I do not think it makes your butt look fat."
4163,4067,0,18,70,88,1.2045454545454546,0.04324570426746518,621,just look at the way that Italian steel drapes
4170,4067,2,14,72,88,1.2045454545454546,0.04891479303131595,621,..and that's our double-breasted Lancerlot in a 42 long... perfect for any medieval occasion.
4178,4067,1,16,71,88,1.2045454545454546,0.04616734730784048,621,"If you don't forward this to your whole family... no,not that kind of chain mail!"
4211,4067,2,14,72,88,1.2045454545454546,0.04891479303131595,621,"Dress for the job you want. . ."""
4233,4067,1,16,71,88,1.2045454545454546,0.04616734730784048,621,"It even comes  with a cummerbund, sir, for knight-time wear."
4272,4067,0,18,70,88,1.2045454545454546,0.04324570426746518,621,We can have it lubed up for you in a jiffy.
4395,4067,5,8,75,88,1.2045454545454546,0.05635916994471799,621,This is what's recommended at a Black Plague Optional affair.
4398,4067,3,12,73,88,1.2045454545454546,0.05151591984183321,621,A copper chain mail vest would go nicely.
4399,4067,2,14,72,88,1.2045454545454546,0.04891479303131595,621,You're totally slaying it.
4476,4067,0,18,70,88,1.2045454545454546,0.04324570426746518,621,"And,as always,hammering out is no charge."
4558,4067,2,14,72,88,1.2045454545454546,0.04891479303131595,621,With this particular suit a bow tie might be overkill...
4572,4067,3,12,73,88,1.2045454545454546,0.05151591984183321,621,Maybe a little but your knees look great!
4588,4067,2,14,72,88,1.2045454545454546,0.04891479303131595,621,Can I show you a mace to go with that?
4621,4067,2,14,72,88,1.2045454545454546,0.04891479303131595,621,"Expensive, yes, but you qualify for discounts on medical and life insurance premiums."
4645,4067,2,14,72,88,1.2045454545454546,0.04891479303131595,621,So you really think it really suits me?
5458,4067,2,14,72,88,1.2045454545454546,0.04891479303131595,621,"Unfortunately we can't hem this pair, Sir."
6831,4067,3,12,73,88,1.2045454545454546,0.05151591984183321,621,"For a small monthly charge, you can be covered for repairs."
5553,4067,2,14,72,88,1.2045454545454546,0.04891479303131595,621,"Ah, you said Ar-MAN-i."
6808,4067,1,16,71,88,1.2045454545454546,0.04616734730784048,621,"Now, what were you thinking in regards to accessories?"
6823,4067,1,16,71,88,1.2045454545454546,0.04616734730784048,621,"When justice comes, you'll be ready."
6887,4067,1,16,71,88,1.2045454545454546,0.04616734730784048,621,I recommend a red pocket square to complement your bicycle.
6944,4067,3,12,73,88,1.2045454545454546,0.05151591984183321,621,"You’ll be fine, imperviousness is back."
6993,4067,2,14,72,88,1.2045454545454546,0.04891479303131595,621,"I know I said I wanted structure, but isn't this is a bit much?"
6994,4067,2,14,72,88,1.2045454545454546,0.04891479303131595,621,"It also comes ""pre-battered"""
7053,4067,0,18,70,88,1.2045454545454546,0.04324570426746518,621,The price includes a can of WD 40.
7156,4067,2,14,72,88,1.2045454545454546,0.04891479303131595,621,This one comes with a lifetime warranty.
6700,4067,2,14,72,88,1.2045454545454546,0.04891479303131595,621,I know.  I know.  Definitely nothing off the rack.  But you have to admit it.  This is a perfect fit.
7202,4067,2,14,72,88,1.2045454545454546,0.04891479303131595,621,"It takes you from day to knight,effortlessly."
7249,4067,1,16,71,88,1.2045454545454546,0.04616734730784048,621,Guaranteed tweet-proof!
7282,4067,3,12,73,88,1.2045454545454546,0.05151591984183321,621,"With the classic power suit what you sacrifice in comfort and mobility, you more than make up for in intimidation"
7336,4067,3,12,73,88,1.2045454545454546,0.05151591984183321,621,"An excellent choice, sir; a much better look for you than the plaid."
7359,4067,2,14,72,88,1.2045454545454546,0.04891479303131595,621,"We call the short gloves ""snail mail."""
7421,4067,3,12,73,88,1.2045454545454546,0.05151591984183321,621,"For authenticity we omit the zipper, but the firm supplies rubber bands."
7426,4067,2,14,72,88,1.2045454545454546,0.04891479303131595,621,Perfect for the boardroom or just throwing down the gauntlet.
7472,4067,2,14,72,88,1.2045454545454546,0.04891479303131595,621,"-If I were her, I'd say no.
-It's symbolic, Greg."
4055,4067,2,14,72,88,1.2045454545454546,0.04891479303131595,621,Definitely not commando.
7211,4067,4,10,74,88,1.2045454545454546,0.053991879176445545,621,It’s our latest laser cut!
6684,4067,2,14,72,88,1.2045454545454546,0.04891479303131595,621,I'll take one in every color!
6624,4067,1,16,71,88,1.2045454545454546,0.04616734730784048,621,Who said chivalry was dead?
6574,4067,3,12,73,88,1.2045454545454546,0.05151591984183321,621,We can do some alterations.
5560,4067,1,16,71,88,1.2045454545454546,0.04616734730784048,621,Clink something if you are being held against your will.
5712,4067,0,18,70,88,1.2045454545454546,0.04324570426746518,621,"Yes,technically it's a suit,but not one preferable for business attire."
5809,4067,2,14,72,88,1.2045454545454546,0.04891479303131595,621,It is what everyone is wearing this season
5817,4067,2,14,72,88,1.2045454545454546,0.04891479303131595,621,You did ask for a durable fabric; the lance is extra.
5830,4067,3,12,73,88,1.2045454545454546,0.05151591984183321,621,"I'd suggest going right before the event. And frankly, Sir, at your age I wouldn't plan on staying until it's over."
5863,4067,3,12,73,88,1.2045454545454546,0.05151591984183321,621,"We live by our motto that, ""Clothes make the man."""
5887,4067,1,16,71,88,1.2045454545454546,0.04616734730784048,621,"If you're going for the hipster look, Mr. Stormtrooper, you've nailed it."
5893,4067,2,14,72,88,1.2045454545454546,0.04891479303131595,621,It also comes in a shining version.
5967,4067,3,12,73,88,1.2045454545454546,0.05151591984183321,621,No more man boobs!
6065,4067,4,10,74,88,1.2045454545454546,0.053991879176445545,621,Do you dress to the right or to the left?
6097,4067,1,16,71,88,1.2045454545454546,0.04616734730784048,621,It comes in a variety of metals.
6194,4067,1,16,71,88,1.2045454545454546,0.04616734730784048,621,"I recommend the matte, smudge-proof stainless steel to match your kitchen appliances."
6230,4067,3,12,73,88,1.2045454545454546,0.05151591984183321,621,"No, I don’t think it makes your hips look too big."
6231,4067,3,12,73,88,1.2045454545454546,0.05151591984183321,621,THIS IS PERFECT FOR THE COURT ROOM.
6292,4067,4,10,74,88,1.2045454545454546,0.053991879176445545,621,"Yes we can let it out some,if that's the look you're going for."
6357,4067,3,12,73,88,1.2045454545454546,0.05151591984183321,621,This combo is perfect for those late night crusades.
6410,4067,2,14,72,88,1.2045454545454546,0.04891479303131595,621,It's our newest power suit. Let's find you a matching lance or sword.
6490,4067,5,8,75,88,1.2045454545454546,0.05635916994471799,621,"I know it’s this year’s haute couture, but don’t you think the color and horizontal stripes make my ass look fat?"
6572,4067,2,14,72,88,1.2045454545454546,0.04891479303131595,621,"just remember to bring a can of WD40
if you are going knight clubing"
5538,4067,3,12,73,88,1.2045454545454546,0.05151591984183321,621,"I realize it’s uncomfortable, but look at it this way. She gets to marry an accountant and fulfill her fantasy at the same wedding."
4019,4067,3,12,73,88,1.2045454545454546,0.05151591984183321,621,My mother-in-law bought this same suit for Black Friday and she loves it.
3656,4067,4,10,74,88,1.2045454545454546,0.053991879176445545,621,"Does this make my chin look too big?”  “Oh no sir, big chins are in..."
4004,4067,0,18,70,88,1.2045454545454546,0.04324570426746518,621,This week we have a special on matching dragons.
1331,4067,1,16,71,88,1.2045454545454546,0.04616734730784048,621,Yas! Yas! Slay!
1340,4067,4,10,74,88,1.2045454545454546,0.053991879176445545,621,"If  I do say so Sir, any damsel-in-distress would find you irresistible"
1350,4067,4,10,74,88,1.2045454545454546,0.053991879176445545,621,"Our welder can do that over, Knight."
1355,4067,1,16,71,88,1.2045454545454546,0.04616734730784048,621,It's our most popular outfit for marriage proposals.
1361,4067,3,12,73,88,1.2045454545454546,0.05151591984183321,621,We can take the shoulders in a little.
1367,4067,4,10,74,88,1.2045454545454546,0.053991879176445545,621,I love you just the way you are.
1374,4067,2,14,72,88,1.2045454545454546,0.04891479303131595,621,This suit brings out the color of your eyes.
1413,4067,2,14,72,88,1.2045454545454546,0.04891479303131595,621,"A little hammering here, a little riveting there, and it's you -- sir"
1280,4067,0,18,70,88,1.2045454545454546,0.04324570426746518,621,"They are prohibited in airports, but I do have a selection of horses in the back I can show you."
1481,4067,1,16,71,88,1.2045454545454546,0.04616734730784048,621,"No, Ms. Clark. I can assure you. Your sexuality will never be an issue."
1640,4067,3,12,73,88,1.2045454545454546,0.05151591984183321,621,You are sure to be the brightest looking in the entire ball.
1651,4067,1,16,71,88,1.2045454545454546,0.04616734730784048,621,"Sun Block 89,Sir."
1687,4067,3,12,73,88,1.2045454545454546,0.05151591984183321,621,It also comes in Nantucket Red for a more casual look
1697,4067,3,12,73,88,1.2045454545454546,0.05151591984183321,621,Excellent fit and you’re clearly sending the message that you’ve had it with bullying .... far better choice than the double breasted suit.....
1777,4067,1,16,71,88,1.2045454545454546,0.04616734730784048,621,This is part of our nerd's groomsman collection
1797,4067,1,16,71,88,1.2045454545454546,0.04616734730784048,621,I wish I had known about this season’s trend before signing up for that abs-of-steel-personal-training package
1901,4067,1,16,71,88,1.2045454545454546,0.04616734730784048,621,"I love this one because it’s formal, but not quite as stuffy as chainmail."
1981,4067,4,10,74,88,1.2045454545454546,0.053991879176445545,621,"This particular style will always be a bit clanky but if offers a great empire waist profile"""
1639,4067,1,16,71,88,1.2045454545454546,0.04616734730784048,621,Pleats are in fashion”
1170,4067,3,12,73,88,1.2045454545454546,0.05151591984183321,621,"You look just epic, Sire, but might you ad the steel lubed nut cup? You wouldn't want the boys to get rusty."""
1152,4067,3,12,73,88,1.2045454545454546,0.05151591984183321,621,And our in-house blacksmith can iron out those dents in no time.
1120,4067,1,16,71,88,1.2045454545454546,0.04616734730784048,621,Tasteful and very understated.
43,4067,1,16,71,88,1.2045454545454546,0.04616734730784048,621,The ladies won't be able to keep their hands off you.
178,4067,2,14,72,88,1.2045454545454546,0.04891479303131595,621,I suggest we take it in a bit.
189,4067,3,12,73,88,1.2045454545454546,0.05151591984183321,621,We call it the subway suit. Very retro.
202,4067,2,14,72,88,1.2045454545454546,0.04891479303131595,621,Your butt looks fine sir.
212,4067,3,12,73,88,1.2045454545454546,0.05151591984183321,621,A feather on top will get you into Buckingham Palace.
332,4067,0,18,70,88,1.2045454545454546,0.04324570426746518,621,"If you buy now, I'll remove the chinks and throw in a lance."
339,4067,2,14,72,88,1.2045454545454546,0.04891479303131595,621,"It's a bit much for my taste, but this gets the girl every time."
366,4067,2,14,72,88,1.2045454545454546,0.04891479303131595,621,You'll be a hit with the ladies.
402,4067,2,14,72,88,1.2045454545454546,0.04891479303131595,621,Does it make my butt look big?
403,4067,1,16,71,88,1.2045454545454546,0.04616734730784048,621,Platinum or steel?
489,4067,4,10,74,88,1.2045454545454546,0.053991879176445545,621,I don't know...I think it makes your face look fat.
491,4067,2,14,72,88,1.2045454545454546,0.04891479303131595,621,It comes with your choice of a free sword of javelin
507,4067,2,14,72,88,1.2045454545454546,0.04891479303131595,621,"It's very 'metal,' sir."
715,4067,2,14,72,88,1.2045454545454546,0.04891479303131595,621,Have you seen the photos from the MET Gala? I promise this look is in this season.
780,4067,1,16,71,88,1.2045454545454546,0.04616734730784048,621,We have a metalsmith on hand for those who carry left.
810,4067,1,16,71,88,1.2045454545454546,0.04616734730784048,621,Found the perfect knight gown for the Round Table Gala.
880,4067,0,18,70,88,1.2045454545454546,0.04324570426746518,621,It pays for itself because you can sleep in it standing up when you're in between engagements.
892,4067,1,16,71,88,1.2045454545454546,0.04616734730784048,621,You can also get this with low-rider pants.
924,4067,1,16,71,88,1.2045454545454546,0.04616734730784048,621,The suit doesn't make you look fat. The mirror adds 175 pounds.
1983,4067,3,12,73,88,1.2045454545454546,0.05151591984183321,621,"Besides being wrinkle-free, it comes with free oil changes."
2029,4067,3,12,73,88,1.2045454545454546,0.05151591984183321,621,"It's heavy, vulnerable to oxidation, squeaky, and makes a lot of noises. I have no idea why you would want this."
471,4067,3,12,73,88,1.2045454545454546,0.05151591984183321,621,"Of course if your not from Chicago, we can go in another direction entirely."
2102,4067,2,14,72,88,1.2045454545454546,0.04891479303131595,621,"Plumes are out this year, but we carry a wide array of axes, maces and swords."
3034,4067,2,14,72,88,1.2045454545454546,0.04891479303131595,621,Met gallantry!
3063,4067,1,16,71,88,1.2045454545454546,0.04616734730784048,621,This will help you drive through comuuter traffic.
3067,4067,4,10,74,88,1.2045454545454546,0.053991879176445545,621,It's our biggest seller from the Matt Lauer Intern collection.
3095,4067,4,10,74,88,1.2045454545454546,0.053991879176445545,621,"The price includes free alterations, but only for 30 days."
3197,4067,1,16,71,88,1.2045454545454546,0.04616734730784048,621,Who's catering the wedding?
3213,4067,1,16,71,88,1.2045454545454546,0.04616734730784048,621,"Ah yes, that can be a problem."
3347,4067,4,10,74,88,1.2045454545454546,0.053991879176445545,621,And it comes with a money-back guaran-steed.
3478,4067,2,14,72,88,1.2045454545454546,0.04891479303131595,621,"Sir, you're ready for a knight out on the town"
2890,4067,2,14,72,88,1.2045454545454546,0.04891479303131595,621,"It looks great, old boy,  but do you think it might be a bit dated?"
3487,4067,2,14,72,88,1.2045454545454546,0.04891479303131595,621,that suit of armor comes with an extra set of pants.
3554,4067,4,10,74,88,1.2045454545454546,0.053991879176445545,621,"Sorry, you’ll have to go to the mall for your maul."
4007,4067,2,14,72,88,1.2045454545454546,0.04891479303131595,621,I feel like a knight in shining armour!
3798,4067,3,12,73,88,1.2045454545454546,0.05151591984183321,621,"You'll be the rage of the age, sir."
3911,4067,4,10,74,88,1.2045454545454546,0.053991879176445545,621,You mean the blacksmith
3945,4067,4,10,74,88,1.2045454545454546,0.053991879176445545,621,It'll protect you from everything but the trolls on Facebook.
3976,4067,1,16,71,88,1.2045454545454546,0.04616734730784048,621,I would rather get it in green
3982,4067,3,12,73,88,1.2045454545454546,0.05151591984183321,621,You already pulled sword from stone; I'll pull style from glass.
2046,4067,2,14,72,88,1.2045454545454546,0.04891479303131595,621,The great thing is that it works for any medieval occasion.
3512,4067,3,12,73,88,1.2045454545454546,0.05151591984183321,621,Our tailor is quite talented and can even make adjustments for flatulence.
2889,4067,2,14,72,88,1.2045454545454546,0.04891479303131595,621,"No, sir.  Dry cleaning is not necessary."
3749,4067,4,10,74,88,1.2045454545454546,0.053991879176445545,621,It’s a new material...Never needs ironing.
2842,4067,3,12,73,88,1.2045454545454546,0.05151591984183321,621,"Yes, sir, I did have to make the cuirass a bit more full, but with the extra length in the faulds it’s hardly noticeable."
2123,4067,4,10,74,88,1.2045454545454546,0.053991879176445545,621,"Yes, sir, we can add some shine, but the lances are in hardware."
2884,4067,3,12,73,88,1.2045454545454546,0.05151591984183321,621,A Windsor collar?   That may be possible...
2187,4067,4,10,74,88,1.2045454545454546,0.053991879176445545,621,"The best thing is that it never needs ironing.  Now, how about shoes?"
2214,4067,2,14,72,88,1.2045454545454546,0.04891479303131595,621,"""It's from our feudal sport line."
2218,4067,1,16,71,88,1.2045454545454546,0.04616734730784048,621,We can take in the waist and adjust the break. Let me get my soap to mark that inseam and we can get started on the alterations.
2377,4067,1,16,71,88,1.2045454545454546,0.04616734730784048,621,"If you'd like something a little more lightweight for the summer, our seersucker suits are also nice."
2417,4067,4,10,74,88,1.2045454545454546,0.053991879176445545,621,It makes you shine!
2462,4067,3,12,73,88,1.2045454545454546,0.05151591984183321,621,This 44-Long is perfect!
2565,4067,2,14,72,88,1.2045454545454546,0.04891479303131595,621,And we have an in-house blacksmith who can let out the breastplate in case you have to eat the dragon too.
2576,4067,3,12,73,88,1.2045454545454546,0.05151591984183321,621,"Of course, if you desire Grade A American Steel, the cost is five times higher. Usually, we just buy  Canada or China steel  for the cost savings."
2325,4067,3,12,73,88,1.2045454545454546,0.05151591984183321,621,"So, Mr. Chips, what school do you teach at?"
2607,4067,3,12,73,88,1.2045454545454546,0.05151591984183321,621,It's a bit tight but  we can adjust the fit. I just have to contact the tin smith
2621,4067,1,16,71,88,1.2045454545454546,0.04616734730784048,621,10% off for the scuff from the round table
2631,4067,2,14,72,88,1.2045454545454546,0.04891479303131595,621,"Yes, it is slimming, but it's a tad confining."""
2798,4067,2,14,72,88,1.2045454545454546,0.04891479303131595,621,"I think this is very flattering on you, I could never get away with this."
2698,4067,4,10,74,88,1.2045454545454546,0.053991879176445545,621,"Don't be a cad, be a Galahad"
2708,4067,3,12,73,88,1.2045454545454546,0.05151591984183321,621,". . . and best of all, the seat will never wear out!"
2730,4067,1,16,71,88,1.2045454545454546,0.04616734730784048,621,It's our new anti-pickpocket line for safe travel.
2742,4067,2,14,72,88,1.2045454545454546,0.04891479303131595,621,Though you do way a bit more it is really quite slimming!
2789,4067,1,16,71,88,1.2045454545454546,0.04616734730784048,621,Retro 15th century looks good on you.
4303,4244,5,9,79,93,1.2043010752688172,0.05418256454212406,621,The relaxed fit works for you.
4324,4244,4,11,78,93,1.2043010752688172,0.0519807292144392,621,"If  you find that too rigid or stiff, may I suggest you try our ""relaxed fit"" suit?"
4553,4244,5,9,79,93,1.2043010752688172,0.05418256454212406,621,"Your wife called and said you needed an incentive to stay on your diet""."
4590,4244,2,15,76,93,1.2043010752688172,0.04727037156900375,621,We call it the Alibi.
4659,4244,5,9,79,93,1.2043010752688172,0.05418256454212406,621,"Gesundheit!  Yes, our accessories include pocket square and ear plugs."
4687,4244,2,15,76,93,1.2043010752688172,0.04727037156900375,621,"Yeah, but do you think it is too retro?"
4851,4244,2,15,76,93,1.2043010752688172,0.04727037156900375,621,"Do you dress left or right, Sir?"
4767,4244,3,13,77,93,1.2043010752688172,0.04968140616939365,621,I think you might have gotten a little bit carried away when they told you to dress the old fashioned way.
5164,4244,3,13,77,93,1.2043010752688172,0.04968140616939365,621,Even in today's lance-free workplaces this has cachet.
4994,4244,3,13,77,93,1.2043010752688172,0.04968140616939365,621,We finally got rid of that collar gap
5094,4244,4,11,78,93,1.2043010752688172,0.0519807292144392,621,It feels a little tight in the you know where.
4281,4244,2,15,76,93,1.2043010752688172,0.04727037156900375,621,Altercations will take 2 weeks
5129,4244,4,11,78,93,1.2043010752688172,0.0519807292144392,621,She wanted a night in shining armor.
4736,4244,3,13,77,93,1.2043010752688172,0.04968140616939365,621,"Mr. Pruitt, here at Armor Amore we offer more than mere tactical pants"
4087,4244,3,13,77,93,1.2043010752688172,0.04968140616939365,621,Does my butt look fat in this?
3410,4244,2,15,76,93,1.2043010752688172,0.04727037156900375,621,"We are much less protected in the Mall of Mirrors, oiu?"
3972,4244,5,9,79,93,1.2043010752688172,0.05418256454212406,621,We didn't know what to do with all that military funding so hope you like the new uniforms
3003,4244,4,11,78,93,1.2043010752688172,0.0519807292144392,621,"No, Sweetheart.  It does not make your butt look big!"
5234,4244,5,9,79,93,1.2043010752688172,0.05418256454212406,621,"For the prepared gentleman for attack from the front, and nowhere else."
3020,4244,2,15,76,93,1.2043010752688172,0.04727037156900375,621,I can have our blacksmith take in the shoulders just a bit and no damsel in distress will be able to resist you. Should take about a fortnite.
3049,4244,3,13,77,93,1.2043010752688172,0.04968140616939365,621,I met my first wife at a Medieval Times too.
3083,4244,4,11,78,93,1.2043010752688172,0.0519807292144392,621,It's also wrinkle-proof
3354,4244,3,13,77,93,1.2043010752688172,0.04968140616939365,621,"Actually, yes Mr.Rosenstein, it is the latest from the Mueller collection."
4036,4244,3,13,77,93,1.2043010752688172,0.04968140616939365,621,Would the gentleman care to try on our seersucker summer version?
3356,4244,3,13,77,93,1.2043010752688172,0.04968140616939365,621,"Oh Sir, the silver really makes your eyes pop!"
3625,4244,2,15,76,93,1.2043010752688172,0.04727037156900375,621,It also comes in seersucker.
3712,4244,3,13,77,93,1.2043010752688172,0.04968140616939365,621,"Do you dress right or dress left, Sir?"
3846,4244,5,9,79,93,1.2043010752688172,0.05418256454212406,621,It shows a certain imperviousness needed in the Boardroom today
3848,4244,2,15,76,93,1.2043010752688172,0.04727037156900375,621,I trust that you will like our new mail to order service.
3855,4244,3,13,77,93,1.2043010752688172,0.04968140616939365,621,Is the cup included?
3971,4244,2,15,76,93,1.2043010752688172,0.04727037156900375,621,You're going to save thousands on dry cleaning....
3415,4244,1,17,75,93,1.2043010752688172,0.04472956446887328,621,"Yes m'lord, I'll take it in once the welder's back from lunch"
5396,4244,5,9,79,93,1.2043010752688172,0.05418256454212406,621,"Now there's a man gonna get a little somethin, somethin."
6914,4244,4,11,78,93,1.2043010752688172,0.0519807292144392,621,And this is from this season's exclusive Blockchainmaille line.
5507,4244,3,13,77,93,1.2043010752688172,0.04968140616939365,621,Accessorizing with a mace would make it simply smashing!
2943,4244,2,15,76,93,1.2043010752688172,0.04727037156900375,621,And for a small fee we can add rustproofing.
7415,4244,2,15,76,93,1.2043010752688172,0.04727037156900375,621,I'm afraid tailoring it will be a bit difficult.
7412,4244,1,17,75,93,1.2043010752688172,0.04472956446887328,621,"And with a little turtlewax, this suit will look just as great in five years as it does today."
7236,4244,3,13,77,93,1.2043010752688172,0.04968140616939365,621,we can add some shoulder pads for comfort if you like
7225,4244,4,11,78,93,1.2043010752688172,0.0519807292144392,621,It matches your eyes.
7212,4244,2,15,76,93,1.2043010752688172,0.04727037156900375,621,It also comes in aluminum - for the summer.
7183,4244,2,15,76,93,1.2043010752688172,0.04727037156900375,621,"We call it the knight in shining armor series, very popular in spring."
7179,4244,4,11,78,93,1.2043010752688172,0.0519807292144392,621,And it comes with two codpieces
7174,4244,6,7,80,93,1.2043010752688172,0.05629835158384326,621,It’s a perfect fit and you will be steeled-up for  your power lunch
7127,4244,3,13,77,93,1.2043010752688172,0.04968140616939365,621,I dub thee overdressed.
7050,4244,2,15,76,93,1.2043010752688172,0.04727037156900375,621,I thought you asked for a suit of armor not a suit and armoire.
6954,4244,4,11,78,93,1.2043010752688172,0.0519807292144392,621,"Quite right sir, no substitute for Old World style"
6953,4244,4,11,78,93,1.2043010752688172,0.0519807292144392,621,A suit of mail for the casual male
6856,4244,5,9,79,93,1.2043010752688172,0.05418256454212406,621,This particular suit features our finest weave of chainmail
6802,4244,2,15,76,93,1.2043010752688172,0.04727037156900375,621,Agreed. It’s a style change. But these are dangerous times.
6762,4244,3,13,77,93,1.2043010752688172,0.04968140616939365,621,It’s been very popular with guests that will be attending the White House 4th of July picnic.
6669,4244,4,11,78,93,1.2043010752688172,0.0519807292144392,621,They say it's the new black.
5510,4244,2,15,76,93,1.2043010752688172,0.04727037156900375,621,"With the Me Too movement in full swing, the Knight in Shinning Armor is on the cusp of a roaring come back! You look positively gallant!!"
5540,4244,2,15,76,93,1.2043010752688172,0.04727037156900375,621,"It looks blacksmith-made, sir."
5548,4244,3,13,77,93,1.2043010752688172,0.04968140616939365,621,Yes sir it fits well. If you like it Iwould purchase before the tariff takes hold.
5634,4244,4,11,78,93,1.2043010752688172,0.0519807292144392,621,It has a nice Retro look with an old Military flair.
5894,4244,3,13,77,93,1.2043010752688172,0.04968140616939365,621,"Well suited for the Mid-term Campaign, I might add."
6110,4244,1,17,75,93,1.2043010752688172,0.04472956446887328,621,It's from the Knigths in White Satin collection
5499,4244,3,13,77,93,1.2043010752688172,0.04968140616939365,621,And the best part? No starch
6268,4244,2,15,76,93,1.2043010752688172,0.04727037156900375,621,"We'll shine you up, and you'll be ready to go."
6436,4244,2,15,76,93,1.2043010752688172,0.04727037156900375,621,"This is our ""press conference"" line."
6479,4244,3,13,77,93,1.2043010752688172,0.04968140616939365,621,No harm will come to one such fashionably dressed.
6482,4244,2,15,76,93,1.2043010752688172,0.04727037156900375,621,Very good sir. I’ll get the blacksmith to shorten the sleeves.
6547,4244,3,13,77,93,1.2043010752688172,0.04968140616939365,621,It's from the Tony Stark Collection.
6559,4244,4,11,78,93,1.2043010752688172,0.0519807292144392,621,Your suit comes with a chastity belt for your wife.
6564,4244,2,15,76,93,1.2043010752688172,0.04727037156900375,621,We recommend four cans of WD-40.
6362,4244,3,13,77,93,1.2043010752688172,0.04968140616939365,621,"""And the best part? It's wash-and-wear!"""
2896,4244,3,13,77,93,1.2043010752688172,0.04968140616939365,621,"We have to know for the final fitting, do you wear it on the left or the right?"
1522,4244,3,13,77,93,1.2043010752688172,0.04968140616939365,621,"For a casual event, may I suggest the relaxed fit?"
2799,4244,2,15,76,93,1.2043010752688172,0.04727037156900375,621,Add a shield and a lance and this suit will carry you through the Crusades.
1466,4244,4,11,78,93,1.2043010752688172,0.0519807292144392,621,Would you like to see something more shiny?
1452,4244,2,15,76,93,1.2043010752688172,0.04727037156900375,621,Tailoring not included in armor suits.
1429,4244,4,11,78,93,1.2043010752688172,0.0519807292144392,621,"Fortunately, we got it here before the tariffs go into effect!
It's a real bargain!"
1407,4244,5,9,79,93,1.2043010752688172,0.05418256454212406,621,"Sir, I already told you that last time that you cannot wear that in our store. I've called security and... wait... are you peeing in there?"
1265,4244,2,15,76,93,1.2043010752688172,0.04727037156900375,621,"Well, I must say, with this selection you look extremely suspicious."
2856,4244,4,11,78,93,1.2043010752688172,0.0519807292144392,621,"The finest in knightwear, Sir."
1254,4244,2,15,76,93,1.2043010752688172,0.04727037156900375,621,"100 % U.S. steel, so no tariff. 
Form fitting, so no SPANX needed.
Teflon coated, so moral outrage slides right off.
It's just screams ""you"", Mr. Trump."
1227,4244,2,15,76,93,1.2043010752688172,0.04727037156900375,621,"Sir, there's no one here named Sancho and I really don't recommend wearing that to the press conference."
1147,4244,2,15,76,93,1.2043010752688172,0.04727037156900375,621,Makes you look like a million bucks. And it only costs half of that!
1116,4244,4,11,78,93,1.2043010752688172,0.0519807292144392,621,"That’s a hand-smelt steel lacquered with a mace-proof and flame-resistant finish seam sealed to prevent arrow wounds. We’re thought of everything, sir."
1089,4244,1,17,75,93,1.2043010752688172,0.04472956446887328,621,Here's an outfit from our new feudal collection.
1087,4244,3,13,77,93,1.2043010752688172,0.04968140616939365,621,"just look, mind you, at the size of those hands, perfect"
1060,4244,1,17,75,93,1.2043010752688172,0.04472956446887328,621,"Yes, it is a bit snug, but a great incentive to stick to that diet."
1036,4244,1,17,75,93,1.2043010752688172,0.04472956446887328,621,"... and finally,it protects against Lyme."
952,4244,4,11,78,93,1.2043010752688172,0.0519807292144392,621,"Tight in the crotch?
Shall I fetch the Gelder, or will the Mohel do?"
930,4244,5,9,79,93,1.2043010752688172,0.05418256454212406,621,"Yes, but the special price just runs to the end of the Republican Primary season."
920,4244,3,13,77,93,1.2043010752688172,0.04968140616939365,621,"I'm telling you, buddy, these suits wear like iron."
50,4244,4,11,78,93,1.2043010752688172,0.0519807292144392,621,"We call it the ""Teflon Don"" ."
57,4244,3,13,77,93,1.2043010752688172,0.04968140616939365,621,"Yes,it's expensive.  And no,we don't take shillings."
101,4244,4,11,78,93,1.2043010752688172,0.0519807292144392,621,You'll definitely need a power shield to go with that work suit.
115,4244,3,13,77,93,1.2043010752688172,0.04968140616939365,621,Defeating pickpockets since the 15th Century
161,4244,3,13,77,93,1.2043010752688172,0.04968140616939365,621,"It also comes with an Owner's Manual programmed right inside that suit, Sir."
205,4244,4,11,78,93,1.2043010752688172,0.0519807292144392,621,100% tear resistant too.
1469,4244,3,13,77,93,1.2043010752688172,0.04968140616939365,621,I think we should take in the vambraces an inch or two.
313,4244,2,15,76,93,1.2043010752688172,0.04727037156900375,621,How frequent is your frequency?
564,4244,4,11,78,93,1.2043010752688172,0.0519807292144392,621,"Well, it does make it look big."
590,4244,5,9,79,93,1.2043010752688172,0.05418256454212406,621,"It's from a new company, Over Armour and you'll never have to iron it!"
727,4244,3,13,77,93,1.2043010752688172,0.04968140616939365,621,This will end your need for handlers.
814,4244,4,11,78,93,1.2043010752688172,0.0519807292144392,621,This suit uses an old but well established approach to permanent press.
846,4244,3,13,77,93,1.2043010752688172,0.04968140616939365,621,It’s just the thing for those slings and arrows!
904,4244,4,11,78,93,1.2043010752688172,0.0519807292144392,621,"Yes, wed DO have a smaller size, but then where
would you keep your viagra?"
532,4244,2,15,76,93,1.2043010752688172,0.04727037156900375,621,"And in that neighborhood you live in, you won't have to be concerned with taking it off at night."
1514,4244,0,19,74,93,1.2043010752688172,0.042035459398922996,621,"May I suggest an ascot my lord to give you a softer look?"""
1262,4244,3,13,77,93,1.2043010752688172,0.04968140616939365,621,You won't find a more vintage suit.
1540,4244,2,15,76,93,1.2043010752688172,0.04727037156900375,621,It's a versatile style. Looks great with either a mace or a broadside.
2785,4244,2,15,76,93,1.2043010752688172,0.04727037156900375,621,Wrinkle resistant? Of course!
2758,4244,4,11,78,93,1.2043010752688172,0.0519807292144392,621,"It’s great for quests, jousts, and political arguments."
2717,4244,1,17,75,93,1.2043010752688172,0.04472956446887328,621,"This is our new lightweight, breathable armor for your casual battle"
2690,4244,2,15,76,93,1.2043010752688172,0.04727037156900375,621,If you prefer we have it in Corinthian leather.
2682,4244,2,15,76,93,1.2043010752688172,0.04727037156900375,621,"""If you're going to be standing near the hearth, I'd recommend the optional insulation package."""
2672,4244,3,13,77,93,1.2043010752688172,0.04968140616939365,621,and you can say good-bye to your worries about gun control...
2643,4244,3,13,77,93,1.2043010752688172,0.04968140616939365,621,Yes. It makes you look fat.
2586,4244,5,9,79,93,1.2043010752688172,0.05418256454212406,621,The horse and lance are extra!!
2564,4244,1,17,75,93,1.2043010752688172,0.04472956446887328,621,"Look, this is what the rest of the groomsmen are wearing. If you didn't want a higher defense stat, you shouldn't have RSVPed for +1."
2519,4244,2,15,76,93,1.2043010752688172,0.04727037156900375,621,It's also available in a capri.
2515,4244,4,11,78,93,1.2043010752688172,0.0519807292144392,621,"Sir, your butt looks perfectly thin...for now.  You will have to take this off on occasion."
2479,4244,3,13,77,93,1.2043010752688172,0.04968140616939365,621,Yes sir. A splendid choice for the mid-term campaign.
2276,4244,4,11,78,93,1.2043010752688172,0.0519807292144392,621,It is guaranteed to be Mueller proof!
2271,4244,3,13,77,93,1.2043010752688172,0.04968140616939365,621,"The vambraces look fine to me, but the gorget needs to be taken in just a pinch."
2170,4244,2,15,76,93,1.2043010752688172,0.04727037156900375,621,It's designed for corporate America.
2587,4244,2,15,76,93,1.2043010752688172,0.04727037156900375,621,Mid-century medieval is what everyone is wearing.
2151,4244,6,7,80,93,1.2043010752688172,0.05629835158384326,621,The stylish knee cap is particularly fetching.
2144,4244,3,13,77,93,1.2043010752688172,0.04968140616939365,621,#MeToo says this outfit is de rigeuer this season.
2141,4244,4,11,78,93,1.2043010752688172,0.0519807292144392,621,All the school kids are wearing it these days.
2114,4244,4,11,78,93,1.2043010752688172,0.0519807292144392,621,It takes twenty pounds off you. Seriously.
2017,4244,3,13,77,93,1.2043010752688172,0.04968140616939365,621,It's all about making a good first impression
1948,4244,6,7,80,93,1.2043010752688172,0.05629835158384326,621,Looks a bit heavy in the seat.
1934,4244,5,9,79,93,1.2043010752688172,0.05418256454212406,621,"Second press conference, Mr. President?"
1899,4244,5,9,79,93,1.2043010752688172,0.05418256454212406,621,Do you have one in a tweed?
2153,4244,4,11,78,93,1.2043010752688172,0.0519807292144392,621,"Yes sir, it's both breathable and recyclable."
1819,4244,3,13,77,93,1.2043010752688172,0.04968140616939365,621,"In a reflection of the times, we used Medieval attire as inspiration for the new Space Force uniforms."
1809,4244,3,13,77,93,1.2043010752688172,0.04968140616939365,621,It comes with a lifetime money-back guarantee.
1757,4244,2,15,76,93,1.2043010752688172,0.04727037156900375,621,"Yes,it does come with a second air of pants."
1752,4244,4,11,78,93,1.2043010752688172,0.0519807292144392,621,You said you needed a suit to knight.
1711,4244,2,15,76,93,1.2043010752688172,0.04727037156900375,621,"It's on sale, and for a limited time only, rust-proofing is free."
1708,4244,3,13,77,93,1.2043010752688172,0.04968140616939365,621,The helmet adds 10 pounds.
1621,4244,5,9,79,93,1.2043010752688172,0.05418256454212406,621,"Your girl wants chivalry, not wackadoo."
5315,4381,3,14,81,98,1.2040816326530612,0.048018124763472565,621,How about if I throw in free rustproofing?
4158,4382,5,8,76,89,1.202247191011236,0.05576969844624596,621,you look like shit
5097,4382,1,16,72,89,1.202247191011236,0.0457034878880431,621,It's vented...for a more comfortable bleed-out.
6240,4382,3,12,74,89,1.202247191011236,0.050985625768042275,621,"Do we mail the male mail or will you pick it up, Mr. Pruitt?"
4958,4385,2,15,77,94,1.202127659574468,0.046815269577118276,621,"If you like it, I’d suggest a no-iron shirt."
4970,4385,2,15,77,94,1.202127659574468,0.046815269577118276,621,"The bathroom can be a challenge, but you are shining wonderfully, sir!"
5255,4385,4,11,79,94,1.202127659574468,0.05147067771448707,621,"Mademoiselle D'Arc, with this darling ensemble you will be sure to make history."
5687,4385,2,15,77,94,1.202127659574468,0.046815269577118276,621,"To coin a phrase, it suits you!"
5877,4385,3,13,78,94,1.202127659574468,0.04919806972822639,621,"A rivet here, a weld here and there and a few screws- we'll it fitting like a gauntlet"
7473,4385,3,13,78,94,1.202127659574468,0.04919806972822639,621,"Sorry, there's just no getting around that fat ass of yours."
6206,4385,4,11,79,94,1.202127659574468,0.05147067771448707,621,All set for stepping in front of America now Donald.
6218,4385,4,11,79,94,1.202127659574468,0.05147067771448707,621,Buy it today and get a free can of silicone lubricant.
6458,4385,4,11,79,94,1.202127659574468,0.05147067771448707,621,"Stainless steel is the new white.  -Paige Turner, Laurel Maryland
(Markell & Stephen West plus Thomas Potter). markellorhighwater@gmail.com"
7229,4385,4,11,79,94,1.202127659574468,0.05147067771448707,621,...and plus it's wrinkle-free.
7276,4385,3,13,78,94,1.202127659574468,0.04919806972822639,621,We’ve greatly improved toilet accessibility
7370,4385,5,9,80,94,1.202127659574468,0.05364709930456415,621,"A minor adjustment to your codpiece, my liege .... and you'll be ready to run the gauntlet."
4847,4385,1,17,76,94,1.202127659574468,0.04430450164682011,621,"Forget those Italian imports, we’ve got the finest steel and iron suits made right here in the U.S.A.!"
4425,4385,2,15,77,94,1.202127659574468,0.046815269577118276,621,"Actually, it’s evening wear."
2709,4385,2,15,77,94,1.202127659574468,0.046815269577118276,621,Do you mind if I check your inseam?
4100,4385,1,17,76,94,1.202127659574468,0.04430450164682011,621,"Headpiece by Helmut Lang, tee and briefs by Under Armour"
4273,4385,1,17,76,94,1.202127659574468,0.04430450164682011,621,The  price will soon rise due to the administration imposed tariffs on overseas metals.
649,4385,4,11,79,94,1.202127659574468,0.05147067771448707,621,As you see we have quite the extensive knight wear collection.
1343,4385,3,13,78,94,1.202127659574468,0.04919806972822639,621,we call it the Camelot look.
1759,4385,3,13,78,94,1.202127659574468,0.04919806972822639,621,This style still provides some battle-axe protection while offering more sword fighting flexibility.
2225,4385,4,11,79,94,1.202127659574468,0.05147067771448707,621,"We also have this in Zoot, Civil Action and Birthday."
2389,4385,2,15,77,94,1.202127659574468,0.046815269577118276,621,It comes with an iron clad guarantee..
1732,4385,1,17,76,94,1.202127659574468,0.04430450164682011,621,...and have our own welder if you ever need it altered or taken in.
2823,4385,3,13,78,94,1.202127659574468,0.04919806972822639,621,"Yes, two pair of pants are included with cod pieces"
3304,4385,3,13,78,94,1.202127659574468,0.04919806972822639,621,"Anachronistic, maybe. But what the look has got going for it is a strong defensive stance when speaking truth to power."
3380,4385,3,13,78,94,1.202127659574468,0.04919806972822639,621,Wd40 is included as our gift to you
3435,4385,2,15,77,94,1.202127659574468,0.046815269577118276,621,"Besides the cuffs, may I also suggest that the matching battle ax and long sword would make a wonderful summer ensemble?"
3825,4385,3,13,78,94,1.202127659574468,0.04919806972822639,621,You are going to slay when you show up wearing this!
2724,4385,2,15,77,94,1.202127659574468,0.046815269577118276,621,Our welder can have that shortened by Friday
5206,4414,6,6,78,90,1.2,0.05740975657336247,621,Perhaps a pocket square?
5657,4414,2,14,74,90,1.2,0.04792836935744237,621,"It also comes in steel gray or Gothic Green, and Anna in Alternations can firm up that helmet for you, sir."
5646,4414,2,14,74,90,1.2,0.04792836935744237,621,"Sir, alterations are extra."
5615,4414,5,8,77,90,1.2,0.055192320658542765,621,So you dress on the left. Is this comfortable?
5571,4414,3,12,75,90,1.2,0.05046599329648382,621,Don't worry. A poker face is child's play as compared to this!
5328,4414,3,12,75,90,1.2,0.05046599329648382,621,"A sword, I've been told, increases the virility of the bearer."
5078,4414,4,10,76,90,1.2,0.0528819853025402,621,I guess it's a good thing that ALL suits are on sale at Men's Warehouse..
4052,4414,2,14,74,90,1.2,0.04792836935744237,621,It's what all the politicians are wearing this season.
4922,4414,2,14,74,90,1.2,0.04792836935744237,621,"And if things go south, it's also great for divorce proceedings."
4749,4414,5,8,77,90,1.2,0.055192320658542765,621,"Naturally,it's not non-iron."
4738,4414,3,12,75,90,1.2,0.05046599329648382,621,"No sir, it won't bring back civility.  The Age of Camelot is a myth."
4705,4414,3,12,75,90,1.2,0.05046599329648382,621,and each suit comes with a complimentary can of WD-40.
4254,4414,3,13,79,95,1.2,0.04872391770757884,621,"Ah, yes. No one will see between the fireplace and grandfather clock. Thanks Q."
5691,4414,3,12,75,90,1.2,0.05046599329648382,621,"No, I don't think it's too stiff for the occasion."
5046,4414,4,10,76,90,1.2,0.0528819853025402,621,Styles go full circle.
5782,4414,3,12,75,90,1.2,0.05046599329648382,621,"Excellent choice, sir. Our ‘shining armour’ Model attracts ladies while providing solid protection against sexual assault allegations."
6283,4414,4,10,76,90,1.2,0.0528819853025402,621,This suit prevents forward head posture.
6030,4414,4,10,76,90,1.2,0.0528819853025402,621,This suit says you Mr. Trump
7411,4414,4,10,76,90,1.2,0.0528819853025402,621,They’re coming back in style.
7318,4414,2,14,74,90,1.2,0.04792836935744237,621,Wrench and oil can not included.
7180,4414,2,14,74,90,1.2,0.04792836935744237,621,"It's No-Iron, Slim-Fit sir"
7123,4414,3,12,75,90,1.2,0.05046599329648382,621,I think it's very slimming.
7038,4414,3,12,75,90,1.2,0.05046599329648382,621,"It really sets off the blue of your eyes."""
6755,4414,3,12,75,90,1.2,0.05046599329648382,621,It's our new line of Knightwear. Never needs ironing.
5903,4414,3,12,75,90,1.2,0.05046599329648382,621,"Now, doesn't this beat a mail order?"
6366,4414,4,10,76,90,1.2,0.0528819853025402,621,Too literal?
6340,4414,3,12,75,90,1.2,0.05046599329648382,621,Good choice. My mother-in-law plays it pretty medieval as well.
4042,4414,3,12,75,90,1.2,0.05046599329648382,621,You can finally fulfill your fiance’s dreams of  marrying a knight in white and shining armor.
6207,4414,3,12,75,90,1.2,0.05046599329648382,621,It comes complete with a sword and two cans of WD-40.
6191,4414,2,14,74,90,1.2,0.04792836935744237,621,Perhaps madam would like to try something from our signature Badass Collection
6150,4414,2,14,74,90,1.2,0.04792836935744237,621,Excellent choice for your financial presentation to the Board.
6113,4414,4,11,80,95,1.2,0.0509704259596523,621,Its Burberry's latest in 'Joust Casual...
6348,4414,4,10,76,90,1.2,0.0528819853025402,621,Show her chivalry isn't dead.
3702,4414,2,14,74,90,1.2,0.04792836935744237,621,It might be a little TOO vintage.
3791,4414,4,10,76,90,1.2,0.0528819853025402,621,Don't you think this is more of a winter suit?
1162,4414,2,14,74,90,1.2,0.04792836935744237,621,"Thought I should tell you, this one is bullet  AND water proof"
2008,4414,1,16,73,90,1.2,0.045248654113974406,621,It's the latest thing that all the Administration insiders are wearing.
1715,4414,3,12,75,90,1.2,0.05046599329648382,621,Now you can walk proudly down the streets of Canada in your MAGA hat.
1546,4414,3,12,75,90,1.2,0.05046599329648382,621,Expensive? You get what you pay for.
1337,4414,3,12,75,90,1.2,0.05046599329648382,621,The renaissance look is in style now!
1218,4414,4,10,76,90,1.2,0.0528819853025402,621,"Its a bit high-waisted, but it does seem to suit you. Sir."
3683,4414,3,12,75,90,1.2,0.05046599329648382,621,It's from the Harvey Weinstein line.
2018,4414,2,14,74,90,1.2,0.04792836935744237,621,A Dark Ages consumer is our best customer.
1160,4414,4,10,76,90,1.2,0.0528819853025402,621,"Let them try to tell you to grow a thicker skin now, Ms. Taylor."
1066,4414,3,12,75,90,1.2,0.05046599329648382,621,You won't need a cup.
738,4414,5,8,77,90,1.2,0.055192320658542765,621,"If you can't decide, why not try on one of our hazmat suits?"
721,4414,3,12,75,90,1.2,0.05046599329648382,621,We can make any adjustments you need. Our blacksmith is here on Mondays.
708,4414,3,12,75,90,1.2,0.05046599329648382,621,"The classic look suits you, sir."
522,4414,4,10,76,90,1.2,0.0528819853025402,621,"Mr. Manafort, do you really think this attire is necessary for your court appearance?"
295,4414,2,14,74,90,1.2,0.04792836935744237,621,Another plus is no dry-cleaning but do keep a can of WD-40 handy.
1126,4414,3,12,75,90,1.2,0.05046599329648382,621,We also have it in camel hair.
2096,4414,2,14,74,90,1.2,0.04792836935744237,621,Metallic is very on-trend for Spring
1801,4414,2,15,78,95,1.2,0.04636869624047491,621,"And the best part is, cufflinks are included."
2425,4414,4,10,76,90,1.2,0.0528819853025402,621,"Wrinkle free, always keeps its shape , easy to clean"
3532,4414,3,12,75,90,1.2,0.05046599329648382,621,Of course we include a complimentary case of WD-40.
3340,4414,3,12,75,90,1.2,0.05046599329648382,621,This suit comes with a complementary sword and pocket square
3198,4414,4,10,76,90,1.2,0.0528819853025402,621,"Yes, it comes with two solar powered, motion detected mini exits."
3183,4414,5,8,77,90,1.2,0.055192320658542765,621,It comes with a second pair of lance.
2371,4414,2,14,74,90,1.2,0.04792836935744237,621,This fabric doesn't breathe very well.
3051,4414,3,12,75,90,1.2,0.05046599329648382,621,This is our standard issue White House wear for new cabinet and staff members!
2995,4414,3,12,75,90,1.2,0.05046599329648382,621,"Not only is it permanent press and stain-resistant, you can wear it at TSA Pre."
3140,4414,3,12,75,90,1.2,0.05046599329648382,621,The suit comes with a blow torch for at home alterations
2839,4414,5,8,77,90,1.2,0.055192320658542765,621,It's good! I'll wear it to work! I'm an Olympic skateboarder.
2784,4414,3,12,75,90,1.2,0.05046599329648382,621,How’s the fit in the shoulders? Can you still fight Visigoths?
2639,4414,3,12,75,90,1.2,0.05046599329648382,621,Even in this time of #MeToo I'm not sure that this will deter them young lady.
2502,4414,2,14,74,90,1.2,0.04792836935744237,621,And how does it fit in the codpiece?
2499,4414,4,10,76,90,1.2,0.0528819853025402,621,It's all in the accessories -- shall we try it with that sword from last week's contest?
2460,4414,4,10,76,90,1.2,0.0528819853025402,621,Sicks and stones will never be a worry!
2892,4414,2,14,74,90,1.2,0.04792836935744237,621,"Yes, we have it in pink, too."
4943,4483,3,12,76,91,1.1978021978021978,0.049956709512768704,621,It comes with a second set of greaves as well as extra harness straps included. Custom tailoring is extra but the smith is on holiday another two weeks.
3511,4483,3,12,76,91,1.1978021978021978,0.049956709512768704,621,It hides your fear and flab!
3781,4483,3,12,76,91,1.1978021978021978,0.049956709512768704,621,A smart look for a potentially combative board meeting.
4651,4483,1,16,74,91,1.1978021978021978,0.044802592971196056,621,"Well, it would have been a more comfortable fit if you had told me you dress to the left."
4739,4483,3,12,76,91,1.1978021978021978,0.049956709512768704,621,"A tuck here, a tuck there... no charge for alterations !"
4815,4483,2,14,75,91,1.1978021978021978,0.047449684731754656,621,"It deftly conceals the paunch, sir, AND that double chin!"
5034,4483,3,12,76,91,1.1978021978021978,0.049956709512768704,621,It comes with a 10-Quest Warranty.
3382,4483,4,10,77,91,1.1978021978021978,0.05234379685830403,621,You look great. Ladies love a knight in shining armor.
6011,4483,2,14,75,91,1.1978021978021978,0.047449684731754656,621,Sometimes we all need time to reflect.
6355,4483,3,12,76,91,1.1978021978021978,0.049956709512768704,621,"Sure, you’ll be her knight in shining armor—but as a bonus, it’ll also protect you from the daggers your mother-in-law will shoot at you from across the table."
7294,4483,3,12,76,91,1.1978021978021978,0.049956709512768704,621,It only comes in one color
6619,4483,3,12,76,91,1.1978021978021978,0.049956709512768704,621,One size fits all and covers practically everything
6717,4483,2,14,75,91,1.1978021978021978,0.047449684731754656,621,"Actually sir, with all due respect, I believe the face cover is a bit over the top."
6905,4483,3,12,76,91,1.1978021978021978,0.049956709512768704,621,"Yes, I’m sure we can get your order in before the new tariffs go into effect"
7125,4483,3,12,76,91,1.1978021978021978,0.049956709512768704,621,"Of course, jet packs and all that are trendy, but you can't go wrong with this suit, it's a classic"
5755,4483,4,10,77,91,1.1978021978021978,0.05234379685830403,621,"""If you don't mind my saying so,
That suit is you."
3219,4483,2,14,75,91,1.1978021978021978,0.047449684731754656,621,Now did you want cuff links or chain links?
6481,4483,2,14,75,91,1.1978021978021978,0.047449684731754656,621,"With one simple out fit change, you become invisible to #MeToo."
1951,4483,4,10,77,91,1.1978021978021978,0.05234379685830403,621,Lapels optional.
2295,4483,3,12,76,91,1.1978021978021978,0.049956709512768704,621,Mr Trump-The press awaits you!
222,4483,1,16,74,91,1.1978021978021978,0.044802592971196056,621,I could call around to our other stores to see if we have a medium.
525,4483,5,8,78,91,1.1978021978021978,0.054626672182585344,621,"Because you're the very unpopular Cabinet Secretary, this suit should help you last one more conflict of interest."
753,4483,6,6,79,91,1.1978021978021978,0.056817898218289344,621,"I asked for nightwear, not knight-wear!”
“I think it suits you, sir."
757,4483,2,14,75,91,1.1978021978021978,0.047449684731754656,621,It comes with a free lube job every six months.
850,4483,3,12,76,91,1.1978021978021978,0.049956709512768704,621,"Clothes make the man, Mr. Kent"
855,4483,1,16,74,91,1.1978021978021978,0.044802592971196056,621,"Now, Sire, you're all set to join the forces of reaction."
1309,4483,3,12,76,91,1.1978021978021978,0.049956709512768704,621,"I addition to being the height of fashion, it resists wrinkles and has an iron-clad guaranty."
1044,4483,3,12,76,91,1.1978021978021978,0.049956709512768704,621,And matching socks go with it!
1396,4483,3,12,76,91,1.1978021978021978,0.049956709512768704,621,"I think we should take a little off the sleeves, sir."
1535,4483,3,12,76,91,1.1978021978021978,0.049956709512768704,621,No one will tell you it makes you look fat.
1586,4483,2,14,75,91,1.1978021978021978,0.047449684731754656,621,This is from our vintage collection...please hand wash only.
1587,4483,5,8,78,91,1.1978021978021978,0.054626672182585344,621,Can you let it out in the chest plate a little?
1610,4483,2,14,75,91,1.1978021978021978,0.047449684731754656,621,We built special panels that open up for that
1705,4483,4,10,77,91,1.1978021978021978,0.05234379685830403,621,I don't think that your Trump joke shall be taken that badly in Idaho.
1790,4483,2,14,75,91,1.1978021978021978,0.047449684731754656,621,"And this suit comes with a quick release button and storage unit in case you absolutely have to go to the bathroom."""
1342,4483,2,14,75,91,1.1978021978021978,0.047449684731754656,621,"Alterations? … well, …"
4365,4519,3,12,77,92,1.1956521739130435,0.0494574733583754,621,"We can't offer same-day alterations on this one, I'm afraid."
5983,4519,2,14,76,92,1.1956521739130435,0.046980316386280786,621,All the  CEOs are wearing them these days.
4077,4519,3,12,77,92,1.1956521739130435,0.0494574733583754,621,Of course we have it in khaki for casual Friday.
4641,4519,2,14,76,92,1.1956521739130435,0.046980316386280786,621,"Expensive, yes, but it will see you out, sir."
2617,4519,3,12,77,92,1.1956521739130435,0.0494574733583754,621,We also have something in a lighter weight for the summer.
1091,4519,3,12,77,92,1.1956521739130435,0.0494574733583754,621,We sell a lot of these before Thanksgiving.
458,4519,3,12,77,92,1.1956521739130435,0.0494574733583754,621,It is the latest style for your Senate confirmation hearing.
2906,4519,3,12,77,92,1.1956521739130435,0.0494574733583754,621,it's all the rage among border patrol agents. The kids love it.
5074,4527,3,11,73,87,1.1954022988505748,0.051284178358943375,621,"Sir , you will definitely not need tick spray.”"
5115,4527,2,13,72,87,1.1954022988505748,0.04860821683203345,621,"The cuffs are a touch of genius, sir."
5138,4527,2,13,72,87,1.1954022988505748,0.04860821683203345,621,"Sir, We use only the very best plate steel."
5143,4527,1,15,71,87,1.1954022988505748,0.04577609132754833,621,"I see you're meeting with the president today.  Good choice, good choice!"
5151,4527,4,9,74,87,1.1954022988505748,0.05382727149237504,621,Other than a little long in the sleeves it’s perfect.
5227,4527,1,15,71,87,1.1954022988505748,0.04577609132754833,621,Can you come in for a fitting next week?
5278,4527,4,9,74,87,1.1954022988505748,0.05382727149237504,621,It's a little pricey but we'll throw in a shield and a sword for another $50 bucks.
5319,4527,3,11,73,87,1.1954022988505748,0.051284178358943375,621,Our Summer line will be in next week
5410,4527,4,9,74,87,1.1954022988505748,0.05382727149237504,621,It is a timeless classic and projects a certain vulnerability.
5439,4527,3,11,73,87,1.1954022988505748,0.051284178358943375,621,"Man at Arms IS a little understated, but we upgrade with a Deluxe Battle-Axe.  The chicks will notice..."
5792,4527,1,15,71,87,1.1954022988505748,0.04577609132754833,621,Does this one come in ‘stretch’?
5483,4527,3,11,73,87,1.1954022988505748,0.051284178358943375,621,"It's a good fit.  Tight belly tuck.  No more bowlegs, hunched shoulders.  You could be a statue in the park. And get this, we can put your family seal on the breastplate."
5502,4527,4,9,74,87,1.1954022988505748,0.05382727149237504,621,You'll be the envy of everyone at the anti-fa protest.
5546,4527,2,13,72,87,1.1954022988505748,0.04860821683203345,621,Your choice of suit has very hard lines.
5592,4527,1,15,71,87,1.1954022988505748,0.04577609132754833,621,"Certainly you look cool, Mr. President."
5620,4527,4,9,74,87,1.1954022988505748,0.05382727149237504,621,"And Agincourt is so delightful to pronounce."""
5628,4527,3,11,73,87,1.1954022988505748,0.051284178358943375,621,Can I suggest an accessory? I'm thinking a regal stallion will really complete this look.
5652,4527,2,13,72,87,1.1954022988505748,0.04860821683203345,621,it's you. It's definitely you!
5757,4527,1,15,71,87,1.1954022988505748,0.04577609132754833,621,You’ll just love our new summer-weight line.
5790,4527,3,11,73,87,1.1954022988505748,0.051284178358943375,621,Shining Armor was only a Black Friday special.
5043,4527,4,9,74,87,1.1954022988505748,0.05382727149237504,621,"Ready to visit those children at the border? You are safe Mr. President, believe me."
5481,4527,3,11,73,87,1.1954022988505748,0.051284178358943375,621,For a little extra we can put flames on the helmet.
4968,4527,5,7,75,87,1.1954022988505748,0.056255518508638656,621,This montage we're in is getting pretty weird.
4485,4527,3,11,73,87,1.1954022988505748,0.051284178358943375,621,"Now, if you would allow me to show you the perfect accessory from our exclusive “Mace Collection...."
4858,4527,5,7,75,87,1.1954022988505748,0.056255518508638656,621,"Bruce, you're taking the dark knight a little too far."
4165,4527,4,9,74,87,1.1954022988505748,0.05382727149237504,621,The style may be medieval but the security is 21st Century.
4186,4527,2,13,72,87,1.1954022988505748,0.04860821683203345,621,"Il y a mieux, mais c'est plus cher!"
4194,4527,2,13,72,87,1.1954022988505748,0.04860821683203345,621,The president will be pleased.
4200,4527,2,13,72,87,1.1954022988505748,0.04860821683203345,621,They do say it's a brutal job market.
4216,4527,1,15,71,87,1.1954022988505748,0.04577609132754833,621,...and perfect for your divorce court appearance.
4255,4527,2,13,72,87,1.1954022988505748,0.04860821683203345,621,"Lifting the visor might help,Sir1"
4256,4527,3,11,73,87,1.1954022988505748,0.051284178358943375,621,"Wrinkle-free, just as you requested."
4268,4527,1,15,71,87,1.1954022988505748,0.04577609132754833,621,"Steel with spandex.  Gives just a little, in all the right places."
4278,4527,2,13,72,87,1.1954022988505748,0.04860821683203345,621,It' s the latest in Republican Town Hall meeting wear this summer.
4291,4527,2,13,72,87,1.1954022988505748,0.04860821683203345,621,It's the First Amendment of the suit business.
4892,4527,0,17,70,87,1.1954022988505748,0.04275678110973872,621,And it’s guaranteed rust resistant through three crusades.
4350,4527,5,7,75,87,1.1954022988505748,0.056255518508638656,621,"It’s expensive but you’d save money on ballast, sunglasses, and colanders..."
5861,4527,1,15,71,87,1.1954022988505748,0.04577609132754833,621,IT COMES WITH A MATCHING BRIEFCASE
4601,4527,3,11,73,87,1.1954022988505748,0.051284178358943375,621,It's the latest style.  Teflon is so last year.
4654,4527,2,13,72,87,1.1954022988505748,0.04860821683203345,621,But we do charge for alterations.
4660,4527,1,15,71,87,1.1954022988505748,0.04577609132754833,621,Every minority needs one these days.
4709,4527,3,11,73,87,1.1954022988505748,0.051284178358943375,621,We can adjust the fit.
4752,4527,2,13,72,87,1.1954022988505748,0.04860821683203345,621,It's the latest in late knight apparel!
4753,4527,3,11,73,87,1.1954022988505748,0.051284178358943375,621,"We call it a ""non-iron"" suit, sir, but of course it's very much an iron suit."
4811,4527,4,9,74,87,1.1954022988505748,0.05382727149237504,621,"The sleeves are a little long, but they'll ride up with wear."
4843,4527,3,11,73,87,1.1954022988505748,0.051284178358943375,621,This is from our Knight in Shining Armor collection.
4854,4527,3,11,73,87,1.1954022988505748,0.051284178358943375,621,"A real steal, and one of our hottest numbers."
4408,4527,1,15,71,87,1.1954022988505748,0.04577609132754833,621,This is all-weather. With the new technology it won't rust in rain or snow.
5937,4527,4,9,74,87,1.1954022988505748,0.05382727149237504,621,"Well, she has called me her knight in shining armor”"
6503,4527,1,15,71,87,1.1954022988505748,0.04577609132754833,621,Rest assured: You won't meet yourself coming and going.
6017,4527,2,13,72,87,1.1954022988505748,0.04860821683203345,621,It’s a nice alternative to poly.
7024,4527,2,13,72,87,1.1954022988505748,0.04860821683203345,621,It really accentuates your figure.
7060,4527,2,13,72,87,1.1954022988505748,0.04860821683203345,621,I was going for something more along the lines of Kiera Knightley
7086,4527,2,13,72,87,1.1954022988505748,0.04860821683203345,621,"It projects old world strength, Mr. President"
7087,4527,3,11,73,87,1.1954022988505748,0.051284178358943375,621,We also have this model in plaid or herringbone.
7090,4527,4,9,74,87,1.1954022988505748,0.05382727149237504,621,Do you have anything with a little more shine?
7103,4527,5,7,75,87,1.1954022988505748,0.056255518508638656,621,"Might I suggest kevlar, Master Bruce?"
7138,4527,1,15,71,87,1.1954022988505748,0.04577609132754833,621,It's perfect for a shotgun wedding!
7140,4527,3,11,73,87,1.1954022988505748,0.051284178358943375,621,For an extra grand we'll through in a heart.
7172,4527,3,11,73,87,1.1954022988505748,0.051284178358943375,621,"By the way, congratulations on pulling out the sword in
Contest #619.”"
7238,4527,0,17,70,87,1.1954022988505748,0.04275678110973872,621,And it will last you and be in style for ages.
7245,4527,2,13,72,87,1.1954022988505748,0.04860821683203345,621,I think you are all set for your blind date sir
7266,4527,0,17,70,87,1.1954022988505748,0.04275678110973872,621,It's perfect for that corporate take over meeting.
7281,4527,1,15,71,87,1.1954022988505748,0.04577609132754833,621,It’s great for flying as long as your boarding pass says TSA pre
7296,4527,2,13,72,87,1.1954022988505748,0.04860821683203345,621,"It will also protect you from insect bites."""
7315,4527,2,13,72,87,1.1954022988505748,0.04860821683203345,621,Have you signed up for our mailing list?
7400,4527,4,9,74,87,1.1954022988505748,0.05382727149237504,621,This is “Armór” by Knight & Gale.
7401,4527,4,9,74,87,1.1954022988505748,0.05382727149237504,621,"If you buy today, I'll throw in the can of WD-40 for free."
7413,4527,4,9,74,87,1.1954022988505748,0.05382727149237504,621,"I  distinctly said, ""with"" cuffs!"
7464,4527,1,15,71,87,1.1954022988505748,0.04577609132754833,621,"And now, which colour horse? Wait there, I’ll bring one of each."
7470,4527,1,15,71,87,1.1954022988505748,0.04577609132754833,621,"Pissing's a chore, but it doesn't get any more 'knight on the town.'"
4149,4527,4,9,74,87,1.1954022988505748,0.05382727149237504,621,It's a bespoke suit.
6995,4527,3,11,73,87,1.1954022988505748,0.051284178358943375,621,"I know you don't love her, but is this the answer?"
6986,4527,4,9,74,87,1.1954022988505748,0.05382727149237504,621,It comes with a matching hammer and sword
6891,4527,4,9,74,87,1.1954022988505748,0.05382727149237504,621,It also comes in herringbone.
6816,4527,2,13,72,87,1.1954022988505748,0.04860821683203345,621,"You look good! But, can you still tweet in that outfit?"
6087,4527,1,15,71,87,1.1954022988505748,0.04577609132754833,621,I don't really care for armor.  Do you?
6100,4527,2,13,72,87,1.1954022988505748,0.04860821683203345,621,The suit looks just fine.Remember when you have it on dont drink too much water.
6122,4527,0,17,70,87,1.1954022988505748,0.04275678110973872,621,I recently sold the same suit to the new Presidential press secretary.
6138,4527,1,15,71,87,1.1954022988505748,0.04577609132754833,621,And it's perfect for a blind date or a knight on the town.
6236,4527,2,13,72,87,1.1954022988505748,0.04860821683203345,621,"And, of course, it has RFDI protection."
6327,4527,4,9,74,87,1.1954022988505748,0.05382727149237504,621,You'll look great at night.
6332,4527,3,11,73,87,1.1954022988505748,0.051284178358943375,621,Does this armor make my butt look fat?
6376,4527,3,11,73,87,1.1954022988505748,0.051284178358943375,621,"Well yes, it does make you look heavier..."
6383,4527,1,15,71,87,1.1954022988505748,0.04577609132754833,621,Think how much you will save on dry cleaning.
6492,4527,4,9,74,87,1.1954022988505748,0.05382727149237504,621,"I see London, I see France....how about some Under Armor underpants?"
5961,4527,0,17,70,87,1.1954022988505748,0.04275678110973872,621,It comes with a matching sword.
6519,4527,4,9,74,87,1.1954022988505748,0.05382727149237504,621,It's a wonderful fit. And it comes with 2 pairs of pants.
6583,4527,2,13,72,87,1.1954022988505748,0.04860821683203345,621,Impeccable fit!
6616,4527,1,15,71,87,1.1954022988505748,0.04577609132754833,621,You say you were just an uptight kid before you got into metal
6618,4527,3,11,73,87,1.1954022988505748,0.051284178358943375,621,No-Iron? No. Dry-Clean Only.
6636,4527,6,5,76,87,1.1954022988505748,0.05858320210638645,621,"Oh god, I never expected such a hard role in modelling."
6663,4527,3,11,73,87,1.1954022988505748,0.051284178358943375,621,"This is our least popular suit, aside from pinstripe of course."
6715,4527,2,13,72,87,1.1954022988505748,0.04860821683203345,621,You're going to like the way you look in our shining armor.
6729,4527,4,9,74,87,1.1954022988505748,0.05382727149237504,621,"Sir, we would be happy to let the seat out for you. However, you must stand quite still during the fitting. The armor welder we have on staff is somewhat superannuated, and trembles just a bit."
6736,4527,1,15,71,87,1.1954022988505748,0.04577609132754833,621,"...plus, ironing will be a relic of the past"
6796,4527,1,15,71,87,1.1954022988505748,0.04577609132754833,621,This number is a favorite with White House Press Secretaries
6800,4527,2,13,72,87,1.1954022988505748,0.04860821683203345,621,It's a good reflection of a period piece.
6536,4527,1,15,71,87,1.1954022988505748,0.04577609132754833,621,And we offer free alterations should your ideology drift to the right.
4094,4527,2,13,72,87,1.1954022988505748,0.04860821683203345,621,You look good pal.  The Wizard is sure to give you a heart.
3481,4527,5,7,75,87,1.1954022988505748,0.056255518508638656,621,"I’d advise against a stiffy, if you’ll pardon the iron’y..."
3968,4527,4,9,74,87,1.1954022988505748,0.05382727149237504,621,"I'm sure you're the Knight in shining armour she's been looking for all her life, sir."
937,4527,2,13,72,87,1.1954022988505748,0.04860821683203345,621,She'll love the way you look
1025,4527,3,11,73,87,1.1954022988505748,0.051284178358943375,621,"Ok, Sarah, it may protect you from the slings and arrows of the press but Donald Trump can penetrate it with his super powers."
1043,4527,4,9,74,87,1.1954022988505748,0.05382727149237504,621,"It will ""steel"" the show!"
1183,4527,3,11,73,87,1.1954022988505748,0.051284178358943375,621,"No, I asked if you wanted to get a piece of cod at lunch."
1186,4527,3,11,73,87,1.1954022988505748,0.051284178358943375,621,"Now let's go read those twitter comments, sir."
1289,4527,2,13,72,87,1.1954022988505748,0.04860821683203345,621,I think it will go very well with a black horse.
1426,4527,3,11,73,87,1.1954022988505748,0.051284178358943375,621,People like you are why I'm retiring.
1446,4527,1,15,71,87,1.1954022988505748,0.04577609132754833,621,GQ says it’s the latest look for a knight on the town.
1464,4527,4,9,74,87,1.1954022988505748,0.05382727149237504,621,"It won’t save you, but at least you won’t be able to hear them."
1467,4527,2,13,72,87,1.1954022988505748,0.04860821683203345,621,"Trust me, if you're going to run in a Republican primary, you're going to wsnt this."
1510,4527,2,13,72,87,1.1954022988505748,0.04860821683203345,621,"Goes great with your beard, glasses and soy latte."
1529,4527,2,13,72,87,1.1954022988505748,0.04860821683203345,621,It's called the Spokesperson.
1561,4527,3,11,73,87,1.1954022988505748,0.051284178358943375,621,When will my reflection show who I am inside?
1577,4527,1,15,71,87,1.1954022988505748,0.04577609132754833,621,"It might be a little tight, but I'd advise against it.  Alterations are a nightmare!"
1620,4527,4,9,74,87,1.1954022988505748,0.05382727149237504,621,So you just got one of those self-driving cars?
1671,4527,2,13,72,87,1.1954022988505748,0.04860821683203345,621,For only an additional $9.99 we will provide you with an emergency escape plan and requisite can opener.
1675,4527,3,11,73,87,1.1954022988505748,0.051284178358943375,621,"Ah, a night on the town. Yes, that does make more sense."
1690,4527,3,11,73,87,1.1954022988505748,0.051284178358943375,621,You'll have it just in time for opening school week.
1756,4527,2,13,72,87,1.1954022988505748,0.04860821683203345,621,Working at the White House requires this newly designed uniform!
1784,4527,1,15,71,87,1.1954022988505748,0.04577609132754833,621,"Yes, Mr. Trump, it is you against the world, and your new suit  will protect you from all the slings and arrows aimed at your awful behavior."
1826,4527,4,9,74,87,1.1954022988505748,0.05382727149237504,621,"For an extra hundred dollars, we'll treat it with Ziebart."
921,4527,2,13,72,87,1.1954022988505748,0.04860821683203345,621,It comes with a bespoke lance.
794,4527,1,15,71,87,1.1954022988505748,0.04577609132754833,621,"Dry-clean only, sir."
793,4527,5,7,75,87,1.1954022988505748,0.056255518508638656,621,"Just the thing for a knight on the town, sir."
751,4527,3,11,73,87,1.1954022988505748,0.051284178358943375,621,So you plan to wear this when you binge watch the 'Game of Thrones?'
49,4527,2,13,72,87,1.1954022988505748,0.04860821683203345,621,"I’ll start being off putting to your love interest at 735pm, and you show up in the shining armor by 745pm."
74,4527,3,11,73,87,1.1954022988505748,0.051284178358943375,621,It makes you look a foot taller
90,4527,4,9,74,87,1.1954022988505748,0.05382727149237504,621,"And it comes with free polishing, sir."
245,4527,5,7,75,87,1.1954022988505748,0.056255518508638656,621,It's the latest in shining armor!
309,4527,4,9,74,87,1.1954022988505748,0.05382727149237504,621,"It’s a bit dated, but it’s the finest suit we have in stock"
311,4527,4,9,74,87,1.1954022988505748,0.05382727149237504,621,"For a hundred bucks more, same style pre-oiled and rust resistant."
320,4527,2,13,72,87,1.1954022988505748,0.04860821683203345,621,Or you could just make the company profitable again.
331,4527,3,11,73,87,1.1954022988505748,0.051284178358943375,621,"It's from our new ""Stand your ground"" collection ."
354,4527,2,13,72,87,1.1954022988505748,0.04860821683203345,621,"May I just call you, ""sir""?"
459,4527,2,13,72,87,1.1954022988505748,0.04860821683203345,621,"Sure it's waterproof but, trust me, I wouldn't wear it in the rian"
1833,4527,3,11,73,87,1.1954022988505748,0.051284178358943375,621,"Yes, I'm certain that Mr. Stark will be quite envious when you make a dramatic entrance donning this vintage suit."
474,4527,5,7,75,87,1.1954022988505748,0.056255518508638656,621,They'll never know you're not at an office meeting again.
518,4527,4,9,74,87,1.1954022988505748,0.05382727149237504,621,This classic suit also comes in a matte or satin finish.
520,4527,4,9,74,87,1.1954022988505748,0.05382727149237504,621,"May I recommend a tinny tuck, sir?"
523,4527,4,9,74,87,1.1954022988505748,0.05382727149237504,621,We don't offer tailoring.
563,4527,2,13,72,87,1.1954022988505748,0.04860821683203345,621,"Introducing our fall line, just in time for the Midterms"
578,4527,4,9,74,87,1.1954022988505748,0.05382727149237504,621,"It’s the latest in men’s apparel 
from #Me Too"
579,4527,2,13,72,87,1.1954022988505748,0.04860821683203345,621,"Ladies love it"""
608,4527,4,9,74,87,1.1954022988505748,0.05382727149237504,621,This is our new 'performance' material!
641,4527,2,13,72,87,1.1954022988505748,0.04860821683203345,621,It will really make the crusades worth while.
733,4527,1,15,71,87,1.1954022988505748,0.04577609132754833,621,It suits you perfectly
740,4527,2,13,72,87,1.1954022988505748,0.04860821683203345,621,"This should allow you to attend the Cinco De Mayo celebrations without any discomfort, Mr. Sessions"
514,4527,3,11,73,87,1.1954022988505748,0.051284178358943375,621,"It looks very sharp on you, sir"
1900,4527,7,3,77,87,1.1954022988505748,0.060821869219875646,621,"You're absolutely dressed to kill, Bob."
1161,4527,3,11,73,87,1.1954022988505748,0.051284178358943375,621,Can I wear this to the President’s inauguration?
2014,4527,2,13,72,87,1.1954022988505748,0.04860821683203345,621,"But does it come in paisley?"""
3173,4527,1,15,71,87,1.1954022988505748,0.04577609132754833,621,"This is our most popular suit for the upcoming session, Mr Senator."
3177,4527,4,9,74,87,1.1954022988505748,0.05382727149237504,621,It's the height of mail fashion.
3182,4527,3,11,73,87,1.1954022988505748,0.051284178358943375,621,it just suits you.
3228,4527,1,15,71,87,1.1954022988505748,0.04577609132754833,621,"This, madam, is this season's...""Lady's Political Campaign Running ensemble"". 
Also, versatile enough for office wear..."
3275,4527,4,9,74,87,1.1954022988505748,0.05382727149237504,621,"It says strong and safe, yet risky and exciting!"
3291,4527,4,9,74,87,1.1954022988505748,0.05382727149237504,621,No ioron-ing needed..heh..heh..get the joke?
3292,4527,1,15,71,87,1.1954022988505748,0.04577609132754833,621,Our welder can probably shorten the breast plate and take it in a little.
3323,4527,6,5,76,87,1.1954022988505748,0.05858320210638645,621,As you can tell there's no need to ask which side you dress.
3434,4527,4,9,74,87,1.1954022988505748,0.05382727149237504,621,"You have to stop the late snacking, this is the LAST alteration this suit can handle."
3437,4527,1,15,71,87,1.1954022988505748,0.04577609132754833,621,"Think of it this way, Mr Trump...  It'll protect you from all of those rotten tomatoes."
3497,4527,2,13,72,87,1.1954022988505748,0.04860821683203345,621,It's a gas. It whistles in the wind.
3984,4527,5,7,75,87,1.1954022988505748,0.056255518508638656,621,I think it makes your butt look big.
3572,4527,5,7,75,87,1.1954022988505748,0.056255518508638656,621,"Perfect fit. 
Would you like to try the matching overcoat?"
3719,4527,1,15,71,87,1.1954022988505748,0.04577609132754833,621,The sword and shield would make an exquisite addition to the look.
3754,4527,4,9,74,87,1.1954022988505748,0.05382727149237504,621,"I’d say it's perfect for barnstorming, Mr. P resident"
3767,4527,4,9,74,87,1.1954022988505748,0.05382727149237504,621,"Yes, we do alterations."
3801,4527,6,5,76,87,1.1954022988505748,0.05858320210638645,621,The best part is that it stays permanently ironed.
1977,4527,2,13,72,87,1.1954022988505748,0.04860821683203345,621,"Personally sir, the plate mail is only sufficient for an Instagram post. I’d recommend the Kevlar body suit before firing off a hot take Tweet."
3910,4527,5,7,75,87,1.1954022988505748,0.056255518508638656,621,It comes highly recommended by previous members of his cabinet.
3937,4527,2,13,72,87,1.1954022988505748,0.04860821683203345,621,Nothing says trying too hard like a suit of armor.
3958,4527,1,15,71,87,1.1954022988505748,0.04577609132754833,621,And you can wear it with or without a tie
3168,4527,4,9,74,87,1.1954022988505748,0.05382727149237504,621,"I shall alert the tinker that you dress on the left, sir."
3163,4527,2,13,72,87,1.1954022988505748,0.04860821683203345,621,"It will protect you from sticks and stones, and slings and arrows, but words can still hurt you. However, it does come with a lifetime warranty against rust."
3827,4527,0,17,70,87,1.1954022988505748,0.04275678110973872,621,You'll find that this cut is very European!
3147,4527,6,5,76,87,1.1954022988505748,0.05858320210638645,621,Just the thing for the knight hood!
3150,4527,3,11,73,87,1.1954022988505748,0.051284178358943375,621,You did say something to wear for the knight.
2032,4527,4,9,74,87,1.1954022988505748,0.05382727149237504,621,Suits you perfectly - You’re trans
2090,4527,1,15,71,87,1.1954022988505748,0.04577609132754833,621,"Of course, Mr. Secretary, I'll have to confirm that EPA  will approve this ......"
2196,4527,2,13,72,87,1.1954022988505748,0.04860821683203345,621,and it comes with an extended warranty
2227,4527,3,11,73,87,1.1954022988505748,0.051284178358943375,621,I now pronounce you knight watchman.
2329,4527,2,13,72,87,1.1954022988505748,0.04860821683203345,621,"Sorry, sire, the whole chivalrous, Christian, White knight thing is so Medieval--wouldn't you prefer a medium blue skinny Metro suit with silly striped socks and clownish light brown shoes with greased toes to reflect your Progressive spirit?"
2338,4527,4,9,74,87,1.1954022988505748,0.05382727149237504,621,You can be your own Knight in Shining armor.
2341,4527,4,9,74,87,1.1954022988505748,0.05382727149237504,621,wash on the warm cycle and no ironing.
2355,4527,1,15,71,87,1.1954022988505748,0.04577609132754833,621,It fits you like an iron glove!
2580,4527,3,11,73,87,1.1954022988505748,0.051284178358943375,621,I'd say it's a perfect fit Senator.
2637,4527,4,9,74,87,1.1954022988505748,0.05382727149237504,621,The suit looks sharp on you.
2023,4527,1,15,71,87,1.1954022988505748,0.04577609132754833,621,It looked shinier on the runway.
2658,4527,4,9,74,87,1.1954022988505748,0.05382727149237504,621,This little beauty comes with a matching cod piece
2673,4527,3,11,73,87,1.1954022988505748,0.051284178358943375,621,You will fit right in at the White House meeting
2688,4527,3,11,73,87,1.1954022988505748,0.051284178358943375,621,It comes with a can of WD 40 and flannel underwear.
2796,4527,1,15,71,87,1.1954022988505748,0.04577609132754833,621,No one can touch me in this outfit!
2833,4527,2,13,72,87,1.1954022988505748,0.04860821683203345,621,They say it’s even impervious to fake news.
2854,4527,3,11,73,87,1.1954022988505748,0.051284178358943375,621,This suit is at home on the battlefield or when attending a White House press briefing.
2875,4527,3,11,73,87,1.1954022988505748,0.051284178358943375,621,This off-the-rack special is more of a knight suit...
3026,4527,4,9,74,87,1.1954022988505748,0.05382727149237504,621,It also comes with a limited lifetime guarantee.
3076,4527,3,11,73,87,1.1954022988505748,0.051284178358943375,621,"This suit  from our ""Avant Guard"" collection comes with a ten year no rust warranty."
3037,4527,2,13,72,87,1.1954022988505748,0.04860821683203345,621,"The difference is knight and day, sir."
5216,4727,0,16,66,82,1.1951219512195121,0.044032728480411704,621,"You're not going to slay that dragon until you SLAAAYYY, girl."
5189,4727,1,14,67,82,1.1951219512195121,0.047328588608598864,621,...not to mention the savings in mosquito repellent and sun tan lotion.
6276,4727,2,12,68,82,1.1951219512195121,0.050409417988450604,621,I think on a black horse you would be the talk of the castle
1384,4730,2,11,64,77,1.1948051948051948,0.052415870290318925,621,And we include the rustproofing at no charge.
5031,4731,1,12,59,72,1.1944444444444444,0.050964442209003306,621,"Might I add that you look dashing, like a prince in shining armor"
6346,4732,3,12,78,93,1.1935483870967742,0.04896799509143365,621,We're calling this style Over Armour.
3785,4732,4,10,79,93,1.1935483870967742,0.05129930441995542,621,Your wife Melania will see you now.
5405,4734,3,11,74,88,1.1931818181818181,0.05074665738242957,621,Its Gluten-free!
5288,4734,2,13,73,88,1.1931818181818181,0.04810395218312092,621,"If you think it's hard to find a good tailor these days, try looking for a welder."
4941,4734,4,9,75,88,1.1931818181818181,0.05325839140777163,621,I recommend dry cleaning only.
4805,4734,3,11,74,88,1.1931818181818181,0.05074665738242957,621,"As you can see, it's very slimming."
4444,4734,3,11,74,88,1.1931818181818181,0.05074665738242957,621,"I promise, solid iron is SO in right now. It'll make that chain mail you were wearing last week look SO last century."
4325,4734,3,11,74,88,1.1931818181818181,0.05074665738242957,621,I guarantee it . It's better than perma-press !
4314,4734,5,7,76,88,1.1931818181818181,0.055656888838643434,621,And it will look more streamlined once it's tailored.
3743,4734,1,15,72,88,1.1931818181818181,0.045307363593374915,621,"And not only is it wrinkle-free, but completely stainless..."
4270,4734,2,13,73,88,1.1931818181818181,0.04810395218312092,621,"And of course, it's wrinkle-free."
4199,4734,1,15,72,88,1.1931818181818181,0.045307363593374915,621,The White House advisors are recommending it as a tweet deterrent
4061,4734,4,9,75,88,1.1931818181818181,0.05325839140777163,621,Buy this one and get a second suit free.
4014,4734,2,13,73,88,1.1931818181818181,0.04810395218312092,621,Can I interest you in a matching chainmail shirt?
3534,4734,2,13,73,88,1.1931818181818181,0.04810395218312092,621,Who told you it shines like a cheap suit?
3778,4734,2,13,73,88,1.1931818181818181,0.04810395218312092,621,I think it will be less itchy after you’ve been in a couple of battles.
3757,4734,0,17,71,88,1.1931818181818181,0.042326400460334035,621,"Non-iron is all the rage these days, but I'm more of a traditionalist."
4261,4734,4,9,75,88,1.1931818181818181,0.05325839140777163,621,It is quite in this season.   All the incumbents are wearing it.
5434,4734,3,11,74,88,1.1931818181818181,0.05074665738242957,621,"(muffled) No, I asked for ARMANI."
7190,4734,5,7,76,88,1.1931818181818181,0.055656888838643434,621,It's the Trump brand and made in China!
5709,4734,5,7,76,88,1.1931818181818181,0.055656888838643434,621,This style is quite popular in gang controlled neighborhoods.
3421,4734,3,11,74,88,1.1931818181818181,0.05074665738242957,621,""" I spoke to my manager and he said we will throw in the rust proofing at no additional charge."
7466,4734,0,17,71,88,1.1931818181818181,0.042326400460334035,621,More like sir glance-a-lot.
7414,4734,2,13,73,88,1.1931818181818181,0.04810395218312092,621,Words just aren't enough. You need to show today's woman that chivalry isn't dead!
7407,4734,0,17,71,88,1.1931818181818181,0.042326400460334035,621,Just some oil and silver polish and you’re good to go.  But don’t gain any weight.
6890,4734,2,13,73,88,1.1931818181818181,0.04810395218312092,621,It has a certain chivalrous appeal and really holds a crease.
6821,4734,2,13,73,88,1.1931818181818181,0.04810395218312092,621,"This suit has what everyman needs in today's workforce. The full coverage allows for anonymity in meetings, but it is also lightweight enough to allow for quick and quiet exits."
6721,4734,2,13,73,88,1.1931818181818181,0.04810395218312092,621,May I recommend a muffler to go with it?
5477,4734,2,13,73,88,1.1931818181818181,0.04810395218312092,621,"No, I don't think it makes you look fat in the can!"
6708,4734,4,9,75,88,1.1931818181818181,0.05325839140777163,621,Once it is altered it may not be returned.
6666,4734,4,9,75,88,1.1931818181818181,0.05325839140777163,621,Are we making a fashion statement?
6135,4734,1,15,72,88,1.1931818181818181,0.045307363593374915,621,They call it 'retro.'
6125,4734,5,7,76,88,1.1931818181818181,0.055656888838643434,621,perfect for the press conference!
6088,4734,2,13,73,88,1.1931818181818181,0.04810395218312092,621,It's $ 695 including two small oil cans
6016,4734,0,17,71,88,1.1931818181818181,0.042326400460334035,621,We also have it in baby-blue crochet
5959,4734,1,15,72,88,1.1931818181818181,0.045307363593374915,621,I’m going to be knighted by the Queen!
5910,4734,3,11,74,88,1.1931818181818181,0.05074665738242957,621,"This week only, alterations are included."
6692,4734,1,15,72,88,1.1931818181818181,0.045307363593374915,621,"It’s not dry cleanable, but just jog through a car wash every couple of months."
3329,4734,3,11,74,88,1.1931818181818181,0.05074665738242957,621,Alterations would be extra...but it fits you like a glove!
884,4734,1,15,72,88,1.1931818181818181,0.045307363593374915,621,The beauty of it is - no laundry.  You just hose it down.
3092,4734,5,7,76,88,1.1931818181818181,0.055656888838643434,621,"When you forcibly remove kids from parents, Donald, this is the kind of suit I would personally recommend for you."
1377,4734,5,7,76,88,1.1931818181818181,0.055656888838643434,621,And it comes with a year’s supply of lubricant.
1347,4734,3,11,74,88,1.1931818181818181,0.05074665738242957,621,Now all you need is a long red tie.
3259,4734,2,13,73,88,1.1931818181818181,0.04810395218312092,621,You are now suitably equipped to resist a hostile takeover.
1284,4734,4,9,75,88,1.1931818181818181,0.05325839140777163,621,"OK, Mr. Trump, now you can go to California."
1019,4734,2,13,73,88,1.1931818181818181,0.04810395218312092,621,"Yes, Depends, Sir. The stainless steel is from China, and has been known to show rust sometimes."
955,4734,4,9,75,88,1.1931818181818181,0.05325839140777163,621,"Yes, glad you asked, the wrinkle-free option is  complimentary!"
668,4734,4,9,75,88,1.1931818181818181,0.05325839140777163,621,looks like you haven't been in for a while; that look went out even before wide lapels.
644,4734,3,11,74,88,1.1931818181818181,0.05074665738242957,621,"Might I suggest Sir, an accompanying breastplate in white for after Labor Day."
554,4734,5,7,76,88,1.1931818181818181,0.055656888838643434,621,And this one is special... it is not joust an outfit.
492,4734,2,13,73,88,1.1931818181818181,0.04810395218312092,621,Note the bold use of well-tempered steel.
456,4734,1,15,72,88,1.1931818181818181,0.045307363593374915,621,"You look stunning.  And might I add, it will be PERFECT for the Congressional hearings!"
325,4734,1,15,72,88,1.1931818181818181,0.045307363593374915,621,Actually we've have several of the Administration's nominees in to try this on
197,4734,2,13,73,88,1.1931818181818181,0.04810395218312092,621,"Buying off the rack’s still better than being on it, amirite?"
167,4734,4,9,75,88,1.1931818181818181,0.05325839140777163,621,"Trust me, Under Armour has it all wrong."
123,4734,2,13,73,88,1.1931818181818181,0.04810395218312092,621,The couple alterations will take only 8 months
1463,4734,1,15,72,88,1.1931818181818181,0.045307363593374915,621,"What goes around, comes around."
1497,4734,3,11,74,88,1.1931818181818181,0.05074665738242957,621,"Unfortunately Joseph, this suit isn't part of our buy one get two promotion"
1315,4734,4,9,75,88,1.1931818181818181,0.05325839140777163,621,Of course you'll want a cod piece to complete your outfit.
1613,4734,2,13,73,88,1.1931818181818181,0.04810395218312092,621,Well . . . ?
2960,4734,3,11,74,88,1.1931818181818181,0.05074665738242957,621,And don’t forget the free lancet with each purchase
2901,4734,1,15,72,88,1.1931818181818181,0.045307363593374915,621,"The suit is fully loaded-- AM/FM radio, windshield wipers, power hinges."
2550,4734,3,11,74,88,1.1931818181818181,0.05074665738242957,621,"Yes, it's a bit dated, but the fit is perfect.  And, it'll wear forever!"
1524,4734,2,13,73,88,1.1931818181818181,0.04810395218312092,621,And a supply of WD 40 is included in the price!
2443,4734,3,11,74,88,1.1931818181818181,0.05074665738242957,621,"Feels Like Wearing Nothing At All.
No Pinch, No Stink, No Sweat."
2321,4734,3,11,74,88,1.1931818181818181,0.05074665738242957,621,Avant hard.
2303,4734,3,11,74,88,1.1931818181818181,0.05074665738242957,621,"In your case, the easiest way to lose weight would be switching to aluminum."
2257,4734,2,13,73,88,1.1931818181818181,0.04810395218312092,621,Thick skinned is no longer enough to run for office.
2510,4734,2,13,73,88,1.1931818181818181,0.04810395218312092,621,Oh yes...all of the Presidential appointees will be wearing them at this year's correspondent's dinner...
2036,4734,2,13,73,88,1.1931818181818181,0.04810395218312092,621,The steel plates truly bring out your eyes.
1947,4734,3,11,74,88,1.1931818181818181,0.05074665738242957,621,This is best worn for knight.
1781,4734,2,13,73,88,1.1931818181818181,0.04810395218312092,621,This is from our new fall line for a knight on the town.
1755,4734,2,13,73,88,1.1931818181818181,0.04810395218312092,621,It comes with 2 pairs of pants and an oil can.
1753,4734,2,13,73,88,1.1931818181818181,0.04810395218312092,621,You must work  at the  Justice Dept to want that much protection!
1738,4734,1,15,72,88,1.1931818181818181,0.045307363593374915,621,And today only it's BOGO.
2087,4734,2,13,73,88,1.1931818181818181,0.04810395218312092,621,"Very slimming, Don, and you’ll be safe too."
4548,4808,2,12,69,83,1.1927710843373494,0.04985383079259017,621,It’s also available in a gloss finish if you would prefer to really be seen.
1578,4809,3,12,79,94,1.1914893617021276,0.048487995775374215,621,that will be.......from the middle ages
4084,4810,3,11,75,89,1.1910112359550562,0.0502201600716848,621,Does it come in a three piece variety? I like the no ironing advantage.
4887,4810,2,13,74,89,1.1910112359550562,0.047609892487932244,621,"Mr. President, the Secret Service would like you to wear this suit when you are campaigning in the Blue States."
5211,4810,4,9,76,89,1.1910112359550562,0.052701300672173365,621,It also comes with a survival warranty: satisfied or reimbursed.
7448,4810,3,11,75,89,1.1910112359550562,0.0502201600716848,621,Will that be dragon tails or credit?
6300,4810,2,13,74,89,1.1910112359550562,0.047609892487932244,621,It'll look better when it's ironed.
6676,4810,3,11,75,89,1.1910112359550562,0.0502201600716848,621,We also have it in navy and a gray pinstripe.
5261,4810,3,11,75,89,1.1910112359550562,0.0502201600716848,621,"And even if they DO recognize you, you'll be well-protected Madame Secretary."
2702,4810,2,13,74,89,1.1910112359550562,0.047609892487932244,621,"You can dress either right or left --
but you may not want to."
1393,4810,2,13,74,89,1.1910112359550562,0.047609892487932244,621,A little Turtle Wax will make it really shine.
953,4810,2,13,74,89,1.1910112359550562,0.047609892487932244,621,"Sorry, we don't carry that in a summer weight!"
334,4810,2,13,74,89,1.1910112359550562,0.047609892487932244,621,Keep in on if you are going to work at the White House
276,4810,2,13,74,89,1.1910112359550562,0.047609892487932244,621,May I show you our selection of matching pole axes?
129,4810,3,11,75,89,1.1910112359550562,0.0502201600716848,621,"No, it doesn't make your butt look big."
38,4810,3,11,75,89,1.1910112359550562,0.0502201600716848,621,"And you want armor for your horse, too? Surely, you joust!"
2288,4810,3,11,75,89,1.1910112359550562,0.0502201600716848,621,Now you're ready for the time machine.
6641,4825,2,13,75,90,1.1888888888888889,0.04712573678232538,621,"And best of all, it never needs ironing"
4101,4825,1,15,74,90,1.1888888888888889,0.044397603281480034,621,The price will go way up once the steel tariffs start.
3994,4825,4,9,77,90,1.1888888888888889,0.05215564061107554,621,if nothing else it will explain your weight.
2304,4825,2,13,75,90,1.1888888888888889,0.04712573678232538,621,"And we'll throw in a Round Table, no extra charge."
1482,4825,3,11,76,90,1.1888888888888889,0.04970435551754336,621,"""It comes with a can opener, but for another 10 ounces of silver a zipper can be installed in the front."""
5345,4830,1,14,70,85,1.188235294117647,0.045816946845285964,621,"For an additional charge we could include zippers, pockets, a lance, and, of course, the steed."
5384,4830,2,12,71,85,1.188235294117647,0.048778116640986524,621,If you'd like more flexibility I have several options waiting for you on The Rack.
5277,4830,1,14,70,85,1.188235294117647,0.045816946845285964,621,"See, now you ready for the meeting with Susan."
5244,4830,2,12,71,85,1.188235294117647,0.048778116640986524,621,"It's an additional $5,000 for alterations."
4833,4830,2,12,71,85,1.188235294117647,0.048778116640986524,621,And for a limited time you can take advantage of our pre steel tariff pricing!
4728,4830,1,14,70,85,1.188235294117647,0.045816946845285964,621,Can I interest you in any accessories?
4090,4830,5,6,74,85,1.188235294117647,0.05674187869198083,621,"I can show you something in a ""modern"" trend, but it won't be nearly as flashy."
4252,4830,1,14,70,85,1.188235294117647,0.045816946845285964,621,"You'll shine, sir"
4222,4830,2,12,71,85,1.188235294117647,0.048778116640986524,621,The tailor is accustomed to men who dress right.
4139,4830,3,10,72,85,1.188235294117647,0.051569532748121864,621,Our tailor prefers sharp lines.
5606,4830,1,14,70,85,1.188235294117647,0.045816946845285964,621,Yes MR. Pruitt...this is our latest and highest quality of protection.
4064,4830,3,10,72,85,1.188235294117647,0.051569532748121864,621,It gets less stiff and heavy with wear.
3962,4830,1,14,70,85,1.188235294117647,0.045816946845285964,621,Shiny I can do... but white will cost you extra.
4607,4830,3,10,72,85,1.188235294117647,0.051569532748121864,621,You'll just fine on the White House staff....
5784,4830,3,10,72,85,1.188235294117647,0.051569532748121864,621,You never need to have it dry-cleaned.
6056,4830,3,10,72,85,1.188235294117647,0.051569532748121864,621,Have you considered a French tuck?
5855,4830,3,10,72,85,1.188235294117647,0.051569532748121864,621,Splendid! You'll be the envy of the West wing.
5888,4830,3,10,72,85,1.188235294117647,0.051569532748121864,621,"I think the green jacket with words on the back is a better choice for the occasion, Ms. Trump."
6024,4830,1,14,70,85,1.188235294117647,0.045816946845285964,621,“We even fashioned a hidden pocket for your WD-40.”
6072,4830,2,12,71,85,1.188235294117647,0.048778116640986524,621,"If you're looking for something more fashion-forward, I can show you our new Space Force collection."
6257,4830,5,6,74,85,1.188235294117647,0.05674187869198083,621,"It also comes in white, Mr. Bloomberg."
6286,4830,3,10,72,85,1.188235294117647,0.051569532748121864,621,It’s a little tight around the arms.
6306,4830,3,10,72,85,1.188235294117647,0.051569532748121864,621,Our Knight in shining armour collection is a big hit on first dates
6413,4830,3,10,72,85,1.188235294117647,0.051569532748121864,621,"If you need it hemmed, our blacksmith can hammer it while you wait."
6828,4830,1,14,70,85,1.188235294117647,0.045816946845285964,621,If you are ever feeling vulnerable this could be just the thing!
6951,4830,3,10,72,85,1.188235294117647,0.051569532748121864,621,Would sir care to accessorize with one of our prancing steeds?
6968,4830,2,12,71,85,1.188235294117647,0.048778116640986524,621,They say clothes makes the man. And man are you made.
7074,4830,3,10,72,85,1.188235294117647,0.051569532748121864,621,With this cod piece they'll call you Sir LotofLance.
3941,4830,4,8,73,85,1.188235294117647,0.0542174211179169,621,"Oh yes, it's all the rage among political candidates doing speaking engagements these days."
7143,4830,3,10,72,85,1.188235294117647,0.051569532748121864,621,We'll toss in a bow tie and cummerbund.
5791,4830,2,12,71,85,1.188235294117647,0.048778116640986524,621,This should get you through the divorce just fine.
3936,4830,1,14,70,85,1.188235294117647,0.045816946845285964,621,"We can always give you a bit more room in the inseam, if it seems too confining..."
475,4830,0,16,69,85,1.188235294117647,0.04265068080823368,621,It's the trendiest look of the #MeToo moment.
3498,4830,3,10,72,85,1.188235294117647,0.051569532748121864,621,And it hangs especially nicely over your nether parts.
15,4830,2,12,71,85,1.188235294117647,0.048778116640986524,621,It also comes in a looser fit cotton blend.
273,4830,1,14,70,85,1.188235294117647,0.045816946845285964,621,"WWD calls it, “The perfect unisex office wear for the “#MeToo era”."
329,4830,2,12,71,85,1.188235294117647,0.048778116640986524,621,You'll be her knight in shining armor—I guarantee it.
3612,4830,3,10,72,85,1.188235294117647,0.051569532748121864,621,It’ll ride up with wear.
529,4830,3,10,72,85,1.188235294117647,0.051569532748121864,621,There’s even a little dock for charging your electric steed.
558,4830,1,14,70,85,1.188235294117647,0.045816946845285964,621,"We can't put it back on the rack if you don't have chain mail on underneath, Sir."
718,4830,4,8,73,85,1.188235294117647,0.0542174211179169,621,They'll have to fight you off with a stick.
788,4830,5,6,74,85,1.188235294117647,0.05674187869198083,621,Shorter jackets are the current style!
883,4830,1,14,70,85,1.188235294117647,0.045816946845285964,621,This look is making quite a comeback.
891,4830,1,14,70,85,1.188235294117647,0.045816946845285964,621,"No, it doesn't make you look fat."
902,4830,0,16,69,85,1.188235294117647,0.04265068080823368,621,"Well, it'l certainly make you standout."
1052,4830,1,14,70,85,1.188235294117647,0.045816946845285964,621,They do run small.
1307,4830,2,12,71,85,1.188235294117647,0.048778116640986524,621,The cufflinks are on the house.
1318,4830,1,14,70,85,1.188235294117647,0.045816946845285964,621,Not to worry...your derrière is safe!
281,4830,1,14,70,85,1.188235294117647,0.045816946845285964,621,"It's an ironclad option for evening wear, Sir."
1658,4830,2,12,71,85,1.188235294117647,0.048778116640986524,621,It's hand wash only.
1440,4830,1,14,70,85,1.188235294117647,0.045816946845285964,621,"This is pre-tariff steel. If you buy today, you'll beat the price jump."
3398,4830,2,12,71,85,1.188235294117647,0.048778116640986524,621,It's the Boogie Knights model from the Chivalry series.
2873,4830,2,12,71,85,1.188235294117647,0.048778116640986524,621,All the 1%-ers are wearing them post-tariff.
2849,4830,2,12,71,85,1.188235294117647,0.048778116640986524,621,"This product is guaranteed to protect you from anything  by Trudeau and all other Canadians, Mr. President."
2811,4830,3,10,72,85,1.188235294117647,0.051569532748121864,621,"Gotta say Art, its better than your birthday suit."
2790,4830,3,10,72,85,1.188235294117647,0.051569532748121864,621,"The suit looks great on you, it really brings out the color in your eyes."
3359,4830,3,10,72,85,1.188235294117647,0.051569532748121864,621,"Cuirass looks great, I gotta say"
2435,4830,0,16,69,85,1.188235294117647,0.04265068080823368,621,Take my word - it is either this suit or Stark naked
2069,4830,0,16,69,85,1.188235294117647,0.04265068080823368,621,"Yes, well, the collar does seem a little over-starched but we can fix that."
1905,4830,2,12,71,85,1.188235294117647,0.048778116640986524,621,I personally see no need for a plume of any color.
1878,4830,1,14,70,85,1.188235294117647,0.045816946845285964,621,"Well suited for your new job in the Trump administration"""
1840,4830,3,10,72,85,1.188235294117647,0.051569532748121864,621,"I agree, Sir. 'Going commando' would be a tad uncomfortable."
2655,4830,1,14,70,85,1.188235294117647,0.045816946845285964,621,"You know, Mr. McNamara, I think ""Camelot"" is just a nickname."
1729,4830,3,10,72,85,1.188235294117647,0.051569532748121864,621,It’s a fabulous day-to-night suit.
5225,4894,3,9,68,80,1.1875,0.053644841199706916,621,"Sure, I’ve got one with a little more shine in the back."
5092,4894,2,11,67,80,1.1875,0.050609418996262354,621,Perhaps you would prefer the relaxed-fit.
5023,4894,1,13,66,80,1.1875,0.0473799281862764,621,It will definitely go with the new round boardroom table.
4914,4894,1,13,66,80,1.1875,0.0473799281862764,621,"This will serve for formal occasions.   But for all else,  may I suggest our more casual Knight Lite?"
4318,4894,1,13,66,80,1.1875,0.0473799281862764,621,"And if you gain a little bit of weight, we will always chop it off for free..."
4427,4894,0,15,65,80,1.1875,0.04391357305815797,621,"Believe me, it's coming back in style."
4107,4894,1,13,66,80,1.1875,0.0473799281862764,621,"It fits perfectly, but you STILL won't get across the border."
4051,4894,3,9,68,80,1.1875,0.053644841199706916,621,Are you sure you wouldn't prefer shining armour?
5361,4894,3,9,68,80,1.1875,0.053644841199706916,621,"We also have it in dark, Mr Wayne"
3509,4894,1,13,66,80,1.1875,0.0473799281862764,621,You will be a big hit at the next storming of the castle
4611,4894,2,11,67,80,1.1875,0.050609418996262354,621,"This suit’s style is enduring, but alterations can be expensive."
5471,4894,1,13,66,80,1.1875,0.0473799281862764,621,"I don't think anyone will recognize you now, Mr. Depp."
6838,4894,1,13,66,80,1.1875,0.0473799281862764,621,"Bespoke, wrinkle free, stain proof and you never have to shave or worry about your hair."
6018,4894,3,9,68,80,1.1875,0.053644841199706916,621,"This line's been discontinued, so we're offering it at 50% off."
6130,4894,1,13,66,80,1.1875,0.0473799281862764,621,"Hmm...I don' know, sir: but a pocket square may be over the top."
6233,4894,1,13,66,80,1.1875,0.0473799281862764,621,Today you also get free matching sword!
6389,4894,1,13,66,80,1.1875,0.0473799281862764,621,It's active shooter couture.
6742,4894,4,7,69,80,1.1875,0.05651747237398629,621,This is our 'Recluse' model.
6784,4894,3,9,68,80,1.1875,0.053644841199706916,621,Just imagine how your board will react to your new suit!
7026,4894,4,7,69,80,1.1875,0.05651747237398629,621,"It's also available in teal, eggshell white and salmon."
7032,4894,1,13,66,80,1.1875,0.0473799281862764,621,The rivets  are warrantied for 500 years for the original purchaser.
7040,4894,3,9,68,80,1.1875,0.053644841199706916,621,"It's the perfect disguise, Iron Man."
7046,4894,0,15,65,80,1.1875,0.04391357305815797,621,"Quite adequate for every day wear, you'll see."
7171,4894,2,11,67,80,1.1875,0.050609418996262354,621,That’s a mighty Space Force uniform.
3050,4894,1,13,66,80,1.1875,0.0473799281862764,621,"Very Presidential, indeed, and perfect for your next State of the Union."
5741,4894,2,11,67,80,1.1875,0.050609418996262354,621,Not only does it look like it was made for you--it has great safety features when campaigning.
3042,4894,3,9,68,80,1.1875,0.053644841199706916,621,Joust wait til she sees you in this!
1217,4894,2,11,67,80,1.1875,0.050609418996262354,621,"You will find it's easy on the joints, and we'll throw in a broadsword at no extra charge."
2666,4894,4,7,69,80,1.1875,0.05651747237398629,621,Please have this costume back by next Friday.  We're shooting another Bud Knight commercial.  Dilly!  Dilly
8,4894,1,13,66,80,1.1875,0.0473799281862764,621,Our mechanic will let the waist out.
64,4894,0,15,65,80,1.1875,0.04391357305815797,621,We won't be able to let it out if you gain weight.
67,4894,1,13,66,80,1.1875,0.0473799281862764,621,"The feminists want hijab's equivalent for men, this is what they came up with."
149,4894,2,11,67,80,1.1875,0.050609418996262354,621,"But sir, you shouldn't wear White Knight after Labor Day."
345,4894,0,15,65,80,1.1875,0.04391357305815797,621,You don't like the fit? Surely you joust!
497,4894,2,11,67,80,1.1875,0.050609418996262354,621,"Oh, the stockholders are fine. It's just for getting to the meeting."
511,4894,2,11,67,80,1.1875,0.050609418996262354,621,It comes with a VR option that can be integrated with the helmet.
569,4894,2,11,67,80,1.1875,0.050609418996262354,621,We take the idea of a permanent crease very seriously.
679,4894,1,13,66,80,1.1875,0.0473799281862764,621,Girdles are in this year.
1130,4894,1,13,66,80,1.1875,0.0473799281862764,621,"In addition, an Armorani discourages weight gain. Alterations are dreadfully expensive"
1185,4894,1,13,66,80,1.1875,0.0473799281862764,621,I said I wanted something easy to iron.
2736,4894,2,11,67,80,1.1875,0.050609418996262354,621,Want to see it with a cock ring?
7319,4894,1,13,66,80,1.1875,0.0473799281862764,621,Trust me the medieval look is coming back
1405,4894,1,13,66,80,1.1875,0.0473799281862764,621,May I suggest something more flexible for a Culture War?
1417,4894,1,13,66,80,1.1875,0.0473799281862764,621,"It's  $399, with tax and tariffs."
1717,4894,1,13,66,80,1.1875,0.0473799281862764,621,It's a classic design and very durable
1744,4894,1,13,66,80,1.1875,0.0473799281862764,621,Of course we can let a little out in the shoulders.  When did you say NFL 2028 training camp starts?
1773,4894,2,11,67,80,1.1875,0.050609418996262354,621,"The colors to choose from are fetching pewter, pearly sterling,  or frippery gray - my favorite."
1783,4894,1,13,66,80,1.1875,0.0473799281862764,621,This cut on you is drop-dead chivalrous.
1886,4894,1,13,66,80,1.1875,0.0473799281862764,621,"It's very slimming, don't you think?"
2268,4894,2,11,67,80,1.1875,0.050609418996262354,621,It's right off the rack so expect some shrinkage.
2326,4894,1,13,66,80,1.1875,0.0473799281862764,621,"Ehhh, what else do you have?"
2483,4894,2,11,67,80,1.1875,0.050609418996262354,621,No on the shining armor? Can I show you something in white satin?
2665,4894,2,11,67,80,1.1875,0.050609418996262354,621,No I don't have any bubble gum and why are you even asking?
1327,4894,1,13,66,80,1.1875,0.0473799281862764,621,We also have it in chain mail--if you prefer a truly classic look.
7459,4894,1,13,66,80,1.1875,0.0473799281862764,621,"This one is exceptionally lance-resistant, and comes with a lifetime guarantee."
4510,4949,3,11,77,91,1.1868131868131868,0.04919892568609763,621,It's very versatile. Suitable for either hostile takeovers or defense work.
5276,4949,4,9,78,91,1.1868131868131868,0.05162106675444049,621,Don't eat too much Taco Bell!
3494,4949,3,11,77,91,1.1868131868131868,0.04919892568609763,621,This heavy duty model is perfect for the Washington DC as well as the Southern District Court questioning.
5723,4952,2,12,72,86,1.186046511627907,0.048257256089076536,621,Don't worry ! It won't ride up with wear.
7227,4952,2,12,72,86,1.186046511627907,0.048257256089076536,621,"Sire, you are battle ready!"""
7070,4952,2,12,72,86,1.186046511627907,0.048257256089076536,621,You look more like a midcentury modern kind of person to me.
6863,4952,2,12,72,86,1.186046511627907,0.048257256089076536,621,"Of course if you pay cash, your identity will be hack-proof too."
6468,4952,2,12,72,86,1.186046511627907,0.048257256089076536,621,I think you’ll be safe in a size 42.
6412,4952,1,14,71,86,1.186046511627907,0.04533392718515796,621,We’re have a King Arthur’s Day Sale. Buy one suit of armor at the regular price and get the second one for half off.
6005,4952,2,12,72,86,1.186046511627907,0.048257256089076536,621,It’s the latest in wrinkle-free technology.
5401,4952,3,10,73,86,1.186046511627907,0.051013337241002224,621,"I promise you, it's like a gray flannel suit- it will never go out of style."
5025,4952,2,12,72,86,1.186046511627907,0.048257256089076536,621,"It's only $500, but the alterations are 4,000 bucks."
4248,4952,3,10,73,86,1.186046511627907,0.051013337241002224,621,"Of course, we'll shorten the pants so that your hip, brightly colored socks show."
3810,4952,1,14,71,86,1.186046511627907,0.04533392718515796,621,I’m afraid the claymore is sold separately.
4136,4952,2,12,72,86,1.186046511627907,0.048257256089076536,621,I understand it is a real girl-getter.
3558,4952,3,10,73,86,1.186046511627907,0.051013337241002224,621,It's a much better fit than what you'd get from a mail catalog.
3578,4952,1,14,71,86,1.186046511627907,0.04533392718515796,621,Might I suggest something a little less constructed?
3227,4952,1,14,71,86,1.186046511627907,0.04533392718515796,621,It comes with a matching mace and sword.
316,4952,3,10,73,86,1.186046511627907,0.051013337241002224,621,"This athletic fit suits you well, sir."
388,4952,0,16,70,86,1.186046511627907,0.04220861455688511,621,This fabric is so unforgiving.
516,4952,3,10,73,86,1.186046511627907,0.051013337241002224,621,We're going for a more subdued look
3401,4952,3,10,73,86,1.186046511627907,0.051013337241002224,621,We can have those cuffs for you by tomorrow
1115,4952,2,12,72,86,1.186046511627907,0.048257256089076536,621,"That's right Mr. President. The new White House will be ready 2020. It will have a moat, a round table, dungeons, and a jousting field for your coronation. Unfortunately we're having trouble finding a real fire-breathing dragon."
890,4952,1,14,71,86,1.186046511627907,0.04533392718515796,621,This one also comes with a coat of mail.
2468,4952,2,12,72,86,1.186046511627907,0.048257256089076536,621,"Breathable armor, just in by Burberry."
2894,4952,4,8,74,86,1.186046511627907,0.053627962740362745,621,Guess you're taking the 405?
3030,4952,4,8,74,86,1.186046511627907,0.053627962740362745,621,A squire is available for a small additional fee.
3043,4952,2,12,72,86,1.186046511627907,0.048257256089076536,621,And the kids toady are accessorizing it with a footman's mace and long sword.
1997,4952,1,14,71,86,1.186046511627907,0.04533392718515796,621,"Don’t worry about the shoulders, they’ll ride up with wear."
4817,4978,3,9,69,81,1.1851851851851851,0.05302896690102354,621,Alterations will be extra. A lot extra.
4808,4978,3,9,69,81,1.1851851851851851,0.05302896690102354,621,The  codpiece can be altered.
4881,4978,0,15,66,81,1.1851851851851851,0.043429775553920656,621,It comes with a pint of Three In One Oil.
5048,4978,0,15,66,81,1.1851851851851851,0.043429775553920656,621,These will be very popular during the run-up to the midterm elections.
5135,4978,2,11,68,81,1.1851851851851851,0.0500342818003937,621,Perfect fit! No one will guess it was off-the-rack.
7469,4978,2,11,68,81,1.1851851851851851,0.0500342818003937,621,I told you this one would set off your eyes better.
5194,4978,2,11,68,81,1.1851851851851851,0.0500342818003937,621,"At the price, it's a steal. And it never needs ironing!"
5231,4978,1,13,67,81,1.1851851851851851,0.046848557928420444,621,You'd look good if anyone could see you!
5232,4978,1,13,67,81,1.1851851851851851,0.046848557928420444,621,"Silver is the new ""white."""
5279,4978,2,11,68,81,1.1851851851851851,0.0500342818003937,621,We also have it in Skinny.
4804,4978,0,15,66,81,1.1851851851851851,0.043429775553920656,621,"Mr. Buckler, it fit's like a glove & doesn't need to be let out.  Shall we box it or would you like to wear it now."
5312,4978,0,15,66,81,1.1851851851851851,0.043429775553920656,621,It makes a bold surface impression while masking any appearance of vulnerability.
5179,4978,1,13,67,81,1.1851851851851851,0.046848557928420444,621,"A riveting pose, sir."
4799,4978,2,11,68,81,1.1851851851851851,0.0500342818003937,621,"Sure, it feels a little stiff right now but, trust me, it will soften with ware"
3953,4978,1,13,67,81,1.1851851851851851,0.046848557928420444,621,"No, Mr. Lancelot.  That suit certainly does not make your ass look big."
4630,4978,1,13,67,81,1.1851851851851851,0.046848557928420444,621,"No sir, the suit does not make you look fat."
4597,4978,2,11,68,81,1.1851851851851851,0.0500342818003937,621,"I’d ask what you think, but I know these are hard to see out of."
4561,4978,2,11,68,81,1.1851851851851851,0.0500342818003937,621,"With this outfit and a little Armor All,  you’re sure to be her knight in shining armour"
4556,4978,2,11,68,81,1.1851851851851851,0.0500342818003937,621,"Sir or Madam: the net, net is unfortunately 
jest rather than joust!"
4429,4978,1,13,67,81,1.1851851851851851,0.046848557928420444,621,"If you buy today, we will throw in unlimited wash and polishes for the first year."
4385,4978,1,13,67,81,1.1851851851851851,0.046848557928420444,621,Would you like to see it in black?
4348,4978,1,13,67,81,1.1851851851851851,0.046848557928420444,621,"The pocket square is being galvanized, sir."
4280,4978,0,15,66,81,1.1851851851851851,0.043429775553920656,621,The  fit and bright luster will convince doubters of your knight in shining armor claim.
4269,4978,3,9,69,81,1.1851851851851851,0.05302896690102354,621,"I know teflon is a current trend for political fashion statements, but nothing protects like traditional armor."
4113,4978,1,13,67,81,1.1851851851851851,0.046848557928420444,621,It comes with a lifetime guarantee of a free oil change every three months
4067,4978,1,13,67,81,1.1851851851851851,0.046848557928420444,621,Naw...you look strong!  It's one of those tinny mirrors.
5370,4978,1,13,67,81,1.1851851851851851,0.046848557928420444,621,Protect yourself from “identity fraud”
3907,4978,1,13,67,81,1.1851851851851851,0.046848557928420444,621,Popular with politicians.
3803,4978,0,15,66,81,1.1851851851851851,0.043429775553920656,621,"No, that's a cell-phone pocket, and you're welcome."
4776,4978,2,11,68,81,1.1851851851851851,0.0500342818003937,621,It'll never need ironing.
5387,4978,1,13,67,81,1.1851851851851851,0.046848557928420444,621,We'll just bring in our welder and take a bit off the coat.
6250,4978,0,15,66,81,1.1851851851851851,0.043429775553920656,621,"I can assure you, sir, this should scare off any meddling kids."
5448,4978,1,13,67,81,1.1851851851851851,0.046848557928420444,621,A fly? I'm sorry that was optional at an additional cost.
3755,4978,2,11,68,81,1.1851851851851851,0.0500342818003937,621,Don't forget to use armor-piercing bullets
7444,4978,2,11,68,81,1.1851851851851851,0.0500342818003937,621,The new shade of Rose Gold really suits your complexion.
7339,4978,2,11,68,81,1.1851851851851851,0.0500342818003937,621,No need to iron. Just hang it on your knight stand.
7335,4978,3,9,69,81,1.1851851851851851,0.05302896690102354,621,Now there's a suit that should be good more than just one knight.
7250,4978,1,13,67,81,1.1851851851851851,0.046848557928420444,621,Buy one suit of armor and get one free!
7226,4978,1,13,67,81,1.1851851851851851,0.046848557928420444,621,"It comes with a lifetime guarantee against rust, that's your lifetime."
7217,4978,1,13,67,81,1.1851851851851851,0.046848557928420444,621,All the dragons will absolutely LOVE it!
7200,4978,1,13,67,81,1.1851851851851851,0.046848557928420444,621,"Perfect,  you're  ready to  do 
battle  in  the  chamber."
6990,4978,0,15,66,81,1.1851851851851851,0.043429775553920656,621,The cost savings over hiring personal body guards is incredible.
6989,4978,2,11,68,81,1.1851851851851851,0.0500342818003937,621,Alterations must first be approved by the zoning committee.
6959,4978,1,13,67,81,1.1851851851851851,0.046848557928420444,621,"Shall I wrap it up sir, or would you like to wear it home?"
6955,4978,3,9,69,81,1.1851851851851851,0.05302896690102354,621,This is part of our back to school special
6935,4978,3,9,69,81,1.1851851851851851,0.05302896690102354,621,"Oh, yes, indeed, 'dress for the job you want.'"
6643,4978,1,13,67,81,1.1851851851851851,0.046848557928420444,621,We recommend dry cleaning.
5445,4978,2,11,68,81,1.1851851851851851,0.0500342818003937,621,It’s 20% off this week and comes with a complementary skate board”
6473,4978,2,11,68,81,1.1851851851851851,0.0500342818003937,621,"Indeed, the gentleman looks far slimmer than in the chainmail."
7474,4978,2,11,68,81,1.1851851851851851,0.0500342818003937,621,I think this may be pushing past semi-medieval sir.
6345,4978,2,11,68,81,1.1851851851851851,0.0500342818003937,621,For the man that wants to get medieval on they ass.
6285,4978,2,11,68,81,1.1851851851851851,0.0500342818003937,621,"Last week during the Flu vaccination shortage, I couldn't keep these suits in stock..."
6196,4978,3,9,69,81,1.1851851851851851,0.05302896690102354,621,"I'm sorry, Sir Whoever-you-are, I said the floor display is not for sale!"
6184,4978,1,13,67,81,1.1851851851851851,0.046848557928420444,621,It’s come into vogue for retro rage.
6117,4978,2,11,68,81,1.1851851851851851,0.0500342818003937,621,"The fit is perfect, but it may not go with the golden parachute."
5954,4978,1,13,67,81,1.1851851851851851,0.046848557928420444,621,A classy outfit never goes out of fashion.
5886,4978,1,13,67,81,1.1851851851851851,0.046848557928420444,621,The suit will keep you strong on the outside but we’ll have to work on your transverse abdominis should you seek to balance that pelvic tilt.
5816,4978,1,13,67,81,1.1851851851851851,0.046848557928420444,621,"Sir, chivalry is quite becoming on you."
5774,4978,2,11,68,81,1.1851851851851851,0.0500342818003937,621,You'll fit right in with your mail-order bride.
5696,4978,1,13,67,81,1.1851851851851851,0.046848557928420444,621,Melania: “I should have worn this instead.”
5678,4978,3,9,69,81,1.1851851851851851,0.05302896690102354,621,Pinstripes are so last year.
5601,4978,2,11,68,81,1.1851851851851851,0.0500342818003937,621,Perfect for Marauding Mondays.
5524,4978,0,15,66,81,1.1851851851851851,0.043429775553920656,621,What of anniversary is this for again?
6463,4978,2,11,68,81,1.1851851851851851,0.0500342818003937,621,"It's an Armorani, designed exclusively for members of the G-7"
3658,4978,0,15,66,81,1.1851851851851851,0.043429775553920656,621,"I'll make some calls. TSA knows me, don't worry about it."
6351,4978,2,11,68,81,1.1851851851851851,0.0500342818003937,621,"This color really compliments your eyes,sir."
3543,4978,2,11,68,81,1.1851851851851851,0.0500342818003937,621,"Of course, a zipper would be extra."
1795,4978,3,9,69,81,1.1851851851851851,0.05302896690102354,621,The advantage is that dandruff doesn't show on the collar.
1787,4978,2,11,68,81,1.1851851851851851,0.0500342818003937,621,"Ladies certainly love a Knight in shining armor, Sir."
1750,4978,1,13,67,81,1.1851851851851851,0.046848557928420444,621,It just needs the right pocket square.
1650,4978,1,13,67,81,1.1851851851851851,0.046848557928420444,621,"This is going to be just great! Now the criticism, insults, and jokes will just bounce right off me."
1605,4978,3,9,69,81,1.1851851851851851,0.05302896690102354,621,"Even in Medieval Times, I don't think they got married in armor."
1569,4978,2,11,68,81,1.1851851851851851,0.0500342818003937,621,... and our blacksmith does free fittings
1557,4978,1,13,67,81,1.1851851851851851,0.046848557928420444,621,"Sorry, sir, but this is the only color it comes in."
1366,4978,2,11,68,81,1.1851851851851851,0.0500342818003937,621,You said you take the subway.......
1352,4978,2,11,68,81,1.1851851851851851,0.0500342818003937,621,"Sir,can I tell you about our Ironclad™ Extended Service Plan?"
1291,4978,1,13,67,81,1.1851851851851851,0.046848557928420444,621,It's sling-and-arrow-proof and it repels dirt.
1237,4978,2,11,68,81,1.1851851851851851,0.0500342818003937,621,"Shall I bring on the white satin now, sir?"
1102,4978,1,13,67,81,1.1851851851851851,0.046848557928420444,621,"""This suit has a sliming effect but also leaves much to the imagination of  the viewer!"""
1084,4978,3,9,69,81,1.1851851851851851,0.05302896690102354,621,Men's fashion has come a long way since the power tie.
1047,4978,2,11,68,81,1.1851851851851851,0.0500342818003937,621,It is the latest in teacher attire.
1038,4978,2,11,68,81,1.1851851851851851,0.0500342818003937,621,"Have a heart, that's the best I can do on the price. But let me talk to my manager. Maybe I can give you a break if we forgo the undercoating."
1030,4978,1,13,67,81,1.1851851851851851,0.046848557928420444,621,"You're joustin' time, we have a great sale on that suit."
734,4978,1,13,67,81,1.1851851851851851,0.046848557928420444,621,That suit is a bargain- it'll only cost you an arm and a leg.
700,4978,1,13,67,81,1.1851851851851851,0.046848557928420444,621,The suit adds 50 pounds.”
690,4978,3,9,69,81,1.1851851851851851,0.05302896690102354,621,"It may be uncomfortable, but at least you aren't showing those distracting shoulders the school system is so worried about."
664,4978,2,11,68,81,1.1851851851851851,0.0500342818003937,621,"you're looking fucken baller, homey. you look like a total pimp, dude."
561,4978,1,13,67,81,1.1851851851851851,0.046848557928420444,621,Good luck with your new teaching position.
517,4978,1,13,67,81,1.1851851851851851,0.046848557928420444,621,"Alfred...
You’ve really outdone yourself this time."
463,4978,0,15,66,81,1.1851851851851851,0.043429775553920656,621,Am I to understand this is not the type of a nightgown you are looking for?
425,4978,0,15,66,81,1.1851851851851851,0.043429775553920656,621,"Today only, I'll throw in a free pike."
374,4978,1,13,67,81,1.1851851851851851,0.046848557928420444,621,"Those cuffs will protect you from a sword strike plus local maidens say, they're all the rage!"
310,4978,1,13,67,81,1.1851851851851851,0.046848557928420444,621,Will you be looking at lances today sir?
278,4978,2,11,68,81,1.1851851851851851,0.0500342818003937,621,"No, we don't have it pin stripe."
159,4978,3,9,69,81,1.1851851851851851,0.05302896690102354,621,And I'll throw in a crossbow and a shield.
119,4978,0,15,66,81,1.1851851851851851,0.043429775553920656,621,The suit adds at least 30 lbs of pure bulk to your frame.
1823,4978,1,13,67,81,1.1851851851851851,0.046848557928420444,621,Slayyy!
1865,4978,3,9,69,81,1.1851851851851851,0.05302896690102354,621,You are going to have to wake up earlier to get your new school uniform on.
1876,4978,3,9,69,81,1.1851851851851851,0.05302896690102354,621,"Yes sir, I assure you that it's wrinkle resistant."
1908,4978,2,11,68,81,1.1851851851851851,0.0500342818003937,621,"With all due respect Sir, every president of Armour Foods has donned this suit at the company picnic dating back to Philip Danforth Armour in 1867."
3442,4978,1,13,67,81,1.1851851851851851,0.046848557928420444,621,Perfect for those boisterous shareholder meetings.
3390,4978,2,11,68,81,1.1851851851851851,0.0500342818003937,621,"Yes, it does make you look thinner."
3374,4978,1,13,67,81,1.1851851851851851,0.046848557928420444,621,"Along with great protection against broadswords, it also comes with velvet interior so you can stay comfortable all day."
3373,4978,3,9,69,81,1.1851851851851851,0.05302896690102354,621,Now stay there and guard the portal.
3343,4978,2,11,68,81,1.1851851851851851,0.0500342818003937,621,"Very sporting, Sir, I am sure you will garner many a lady’s token."
3330,4978,0,15,66,81,1.1851851851851851,0.043429775553920656,621,The say silver is quite slimming.
3316,4978,4,7,70,81,1.1851851851851851,0.055863344922216146,621,"Just so you know, this style also comes in blood-red accents for battle season."
3303,4978,2,11,68,81,1.1851851851851851,0.0500342818003937,621,Indeed it is very flattering.
3215,4978,3,9,69,81,1.1851851851851851,0.05302896690102354,621,This seems to reflect a lot about you.
3203,4978,1,13,67,81,1.1851851851851851,0.046848557928420444,621,The sleeves need shortening.
2956,4978,1,13,67,81,1.1851851851851851,0.046848557928420444,621,And it's guaranteed not to shrink
2939,4978,2,11,68,81,1.1851851851851851,0.0500342818003937,621,"Made of celestial bronze, it's stylish, waterproof and self-oiling."
2867,4978,3,9,69,81,1.1851851851851851,0.05302896690102354,621,"Now get the princess, bring her back here and we'll call it square."
2772,4978,2,11,68,81,1.1851851851851851,0.0500342818003937,621,I believe Sir Madalot that you are ready to build that wall.
108,4978,0,15,66,81,1.1851851851851851,0.043429775553920656,621,"Made in the US, so no extra for tariff."
2744,4978,2,11,68,81,1.1851851851851851,0.0500342818003937,621,I can also get you this in a lightweight titanium that doesn't show the dirt quite so much and breathes a little easier.
2573,4978,3,9,69,81,1.1851851851851851,0.05302896690102354,621,We dress the man who isn't interested in being vulnerable.
2562,4978,3,9,69,81,1.1851851851851851,0.05302896690102354,621,"I know it's Halloween,sir,but don't you think this is a bit drastic?"
2561,4978,1,13,67,81,1.1851851851851851,0.046848557928420444,621,Use some club soda for the blood stains.
2507,4978,2,11,68,81,1.1851851851851851,0.0500342818003937,621,I'm glad it's a perfect fit because our welder is out today.
2498,4978,2,11,68,81,1.1851851851851851,0.0500342818003937,621,"Others who have bought this item have also made purchases from our extensive collection of warhorses, lances and underarm deodorants."
2405,4978,1,13,67,81,1.1851851851851851,0.046848557928420444,621,Much better than the plaid version.
2345,4978,1,13,67,81,1.1851851851851851,0.046848557928420444,621,"A popular choice,sir. Domestic steel is becoming very fashionable."
2311,4978,2,11,68,81,1.1851851851851851,0.0500342818003937,621,"I'm sorry, sir...I thought you said LEFT dress."
2258,4978,1,13,67,81,1.1851851851851851,0.046848557928420444,621,"No, it doesn't make you look fat at all."
2245,4978,0,15,66,81,1.1851851851851851,0.043429775553920656,621,It’s classic and goes effortlessly from day to evening.
2242,4978,2,11,68,81,1.1851851851851851,0.0500342818003937,621,"It's stain free, static free and you can get it in any color."
2236,4978,2,11,68,81,1.1851851851851851,0.0500342818003937,621,Easy Iron Sir.
2169,4978,1,13,67,81,1.1851851851851851,0.046848557928420444,621,Holy shit dude what's with the armor?
1976,4978,2,11,68,81,1.1851851851851851,0.0500342818003937,621,And this will be on the Medieval Times corporate credit card?
2713,4978,2,11,68,81,1.1851851851851851,0.0500342818003937,621,"I know this feudal;  but, do you have this in a different size?"
3626,4978,1,13,67,81,1.1851851851851851,0.046848557928420444,621,You’ll be the belle of the Met gala.
1526,5110,2,10,64,76,1.1842105263157894,0.052013919580258215,621,It really is the latest in middle-age attire
59,5111,3,10,74,87,1.1839080459770115,0.050468893694394994,621,Keep in mind that it will be hard to change your silhouette.
6224,5111,3,10,74,87,1.1839080459770115,0.050468893694394994,621,Amour? Not what I heard.
1615,5113,1,11,59,71,1.1830985915492958,0.050390264281685394,621,"My, it does suit you, sir."
4098,5114,2,11,69,82,1.1829268292682926,0.04947191399330266,621,See...if he manages to whack the globe in just the right place
5238,5114,2,11,69,82,1.1829268292682926,0.04947191399330266,621,"Actually, the buns are made of aluminum. For stretch."
5283,5114,2,11,69,82,1.1829268292682926,0.04947191399330266,621,You said ‘Hide my wrinkles.’
5341,5114,3,9,70,82,1.1829268292682926,0.05242694342046911,621,This classic suit has been making a comeback due to its resistance to hacking.
5515,5114,2,11,69,82,1.1829268292682926,0.04947191399330266,621,We also have a matching raincoat to prevent you from getting stiff!
5552,5114,2,11,69,82,1.1829268292682926,0.04947191399330266,621,"I joust you not,you'll be impenetrable in the boardroom."
5573,5114,3,9,70,82,1.1829268292682926,0.05242694342046911,621,Adds weight? Not in the slightest.
5607,5114,2,11,69,82,1.1829268292682926,0.04947191399330266,621,I feel it shows you really care.  Don't you?
5185,5114,0,15,67,82,1.1829268292682926,0.04295628044484378,621,"Would you like to purchase our optional protection plan? It includes a 3-year, 100-joust warranty for only $99."
5625,5114,2,11,69,82,1.1829268292682926,0.04947191399330266,621,"A fine fit for battle with the Mrs., Sir."
5771,5114,2,11,69,82,1.1829268292682926,0.04947191399330266,621,"It's a perfect fit, but no room to gain an ounce."
5775,5114,3,9,70,82,1.1829268292682926,0.05242694342046911,621,"To be honest, I think the red baseball cap would date this look"
5789,5114,4,7,71,82,1.1829268292682926,0.05522407553472854,621,Looks great on you. I'll even throw in a month's supply of disposable urinary catheters and bags.
5580,5114,3,9,70,82,1.1829268292682926,0.05242694342046911,621,And it comes with a free set of ten nappies.
5130,5114,2,11,69,82,1.1829268292682926,0.04947191399330266,621,"This guarantees you year round party gear, freeing you of bee and bug bites and accusations of frottage."
4987,5114,2,11,69,82,1.1829268292682926,0.04947191399330266,621,Extra charge if it comes back charred by dragon fire.
5867,5114,2,11,69,82,1.1829268292682926,0.04947191399330266,621,And it comes with a 5 year ironclad guarantee against rust
4917,5114,1,13,68,82,1.1829268292682926,0.04632878319045733,621,This particular outfit is very popular in Washington.
4886,5114,3,9,70,82,1.1829268292682926,0.05242694342046911,621,"I say sir, if the crotch isn't scratchy I believe  you are the finest at the joust."
4841,5114,1,13,68,82,1.1829268292682926,0.04632878319045733,621,And can I interest the gentleman in a lighter weight suit for the summer months?
4824,5114,1,13,68,82,1.1829268292682926,0.04632878319045733,621,Simonizing will keep it brand new.
4819,5114,3,9,70,82,1.1829268292682926,0.05242694342046911,621,"Gluten-Free,Non-GMO,No MSG,Vegan,Tariff Free"
4699,5114,4,7,71,82,1.1829268292682926,0.05522407553472854,621,"Fits you like a T, and  it will definitely be able to deflect Donald's tweets..."
4697,5114,3,9,70,82,1.1829268292682926,0.05242694342046911,621,What do you mean it has a metallic odor ?
4616,5114,3,9,70,82,1.1829268292682926,0.05242694342046911,621,"I wouldn’t say it’s clunky. In fact, it’s rather kinky!"
4613,5114,0,15,67,82,1.1829268292682926,0.04295628044484378,621,Our welder is here Tuesdays and Thursdays for alterations.
4584,5114,4,7,71,82,1.1829268292682926,0.05522407553472854,621,Armor is really passè. Maybe a nice Burberry will suit you better
4566,5114,2,11,69,82,1.1829268292682926,0.04947191399330266,621,Stay out of the rain.
4565,5114,2,11,69,82,1.1829268292682926,0.04947191399330266,621,We have a special promotion this week. A free can opener with every purchase of a suit of armor.
4174,5114,3,9,70,82,1.1829268292682926,0.05242694342046911,621,"Sorry, it only comes in gray"
5022,5114,1,13,68,82,1.1829268292682926,0.04632878319045733,621,I’m not sure it suits me as well as the others.
5902,5114,3,9,70,82,1.1829268292682926,0.05242694342046911,621,"And the best part is, you can program it to order all of your essentials; you’ll never run out of toilet paper again!"
5992,5114,3,9,70,82,1.1829268292682926,0.05242694342046911,621,This makes a no-nonsense strong statement.
7416,5114,3,9,70,82,1.1829268292682926,0.05242694342046911,621,"One and done, you're out the door."
7390,5114,2,11,69,82,1.1829268292682926,0.04947191399330266,621,It's a Calvin Clang
7389,5114,1,13,68,82,1.1829268292682926,0.04632878319045733,621,"Plays right into the ladies' ""knight in shining armor"" fantasies."
7357,5114,2,11,69,82,1.1829268292682926,0.04947191399330266,621,Was it something I said?
7317,5114,2,11,69,82,1.1829268292682926,0.04947191399330266,621,You’ll be the hit of the round table.
7273,5114,3,9,70,82,1.1829268292682926,0.05242694342046911,621,It's plate mail to die for!
7208,5114,2,11,69,82,1.1829268292682926,0.04947191399330266,621,It’s gonna be perfect. Hold on while I get my rivet gun.
7196,5114,4,7,71,82,1.1829268292682926,0.05522407553472854,621,We can have the welder nip in the waist a bit.
7170,5114,2,11,69,82,1.1829268292682926,0.04947191399330266,621,Best bespoke blacksmith in the city
7167,5114,2,11,69,82,1.1829268292682926,0.04947191399330266,621,It'll be great for watching Game of Thrones.
7126,5114,1,13,68,82,1.1829268292682926,0.04632878319045733,621,I think you'll find our new Over-Armour brand a distinctive addition to your  wardrobe.
7089,5114,2,11,69,82,1.1829268292682926,0.04947191399330266,621,Appropriate for any domestic or international political climate
7044,5114,1,13,68,82,1.1829268292682926,0.04632878319045733,621,Feel free to bring it back in 30 days if you need it fitted
7037,5114,4,7,71,82,1.1829268292682926,0.05522407553472854,621,Excellent media protection suit.
7018,5114,2,11,69,82,1.1829268292682926,0.04947191399330266,621,IT  COMES WITH A YEARS SUPPLY OF WD-40
7001,5114,3,9,70,82,1.1829268292682926,0.05242694342046911,621,"They will all wonder, ""Who is that masked man?"""
6926,5114,1,13,68,82,1.1829268292682926,0.04632878319045733,621,Lancelot ordered 12 of these.
6875,5114,2,11,69,82,1.1829268292682926,0.04947191399330266,621,..and for a slight additional cost we'll provide a can opener.
6862,5114,2,11,69,82,1.1829268292682926,0.04947191399330266,621,"It's dated, but in some circles very effective."
6751,5114,2,11,69,82,1.1829268292682926,0.04947191399330266,621,And the blacksmith will adjust the length by Friday
6563,5114,4,7,71,82,1.1829268292682926,0.05522407553472854,621,It's from our feudal-slim collection.
6496,5114,2,11,69,82,1.1829268292682926,0.04947191399330266,621,"Alterations, of course ; but not while you wait ."
6428,5114,2,11,69,82,1.1829268292682926,0.04947191399330266,621,Just look at that brass.
6287,5114,2,11,69,82,1.1829268292682926,0.04947191399330266,621,It does NOT make your butt look too big!
6214,5114,1,13,68,82,1.1829268292682926,0.04632878319045733,621,It may be a little warm in August but this suit will really protect you from snowballs during winter.
6182,5114,2,11,69,82,1.1829268292682926,0.04947191399330266,621,How soon do you need it? The alterations may take awhile...
6104,5114,2,11,69,82,1.1829268292682926,0.04947191399330266,621,Feudalism will never go out of style.
6083,5114,3,9,70,82,1.1829268292682926,0.05242694342046911,621,This comes in a lighter gage for summerware.
6051,5114,1,13,68,82,1.1829268292682926,0.04632878319045733,621,"We call it our ""oh what a knight suit"""
6026,5114,4,7,71,82,1.1829268292682926,0.05522407553472854,621,"Sir, let me take those shoulders in a couple of rivets."
5943,5114,3,9,70,82,1.1829268292682926,0.05242694342046911,621,"The faucet-switch is under the kneecap. The shower-head, under heels. Soap suds, under the visor. The towel, under the underwear. Don't break the glass."
3963,5114,2,11,69,82,1.1829268292682926,0.04947191399330266,621,It's also available in suede.
3714,5114,3,9,70,82,1.1829268292682926,0.05242694342046911,621,Does this make my butt look fat?
3817,5114,3,9,70,82,1.1829268292682926,0.05242694342046911,621,These are buy one cut on half off.
1957,5114,3,9,70,82,1.1829268292682926,0.05242694342046911,621,"On the contrary, dear Sir, the underbite is the very cutting edge of fashion this season..."
1935,5114,1,13,68,82,1.1829268292682926,0.04632878319045733,621,"Joust in the nick of time, sir."
1930,5114,2,11,69,82,1.1829268292682926,0.04947191399330266,621,This is our latest #metoo model. That cute little hidden pocket for your AV recording device was my daughter's idea. Sweet!
1913,5114,1,13,68,82,1.1829268292682926,0.04632878319045733,621,"Monsieur, I do think your style is passé, but the mirror does remove a couple pounds."
1785,5114,1,13,68,82,1.1829268292682926,0.04632878319045733,621,"If it's a little tight in the waist, I have a can opener."
1684,5114,2,11,69,82,1.1829268292682926,0.04947191399330266,621,"We can't get enough of them, sir - we have to import them direct from the Holy Roman Empire"
1511,5114,1,13,68,82,1.1829268292682926,0.04632878319045733,621,It suits you very well sir!
1483,5114,4,7,71,82,1.1829268292682926,0.05522407553472854,621,"We call it the ""Faraday"". 
It's the latest in the new low-tech movement."
1455,5114,3,9,70,82,1.1829268292682926,0.05242694342046911,621,We must protect ourselves at the next stockholders meeting.
1431,5114,1,13,68,82,1.1829268292682926,0.04632878319045733,621,We’ll throw in a year’s supply of WD-40 for half price.
1297,5114,2,11,69,82,1.1829268292682926,0.04947191399330266,621,"We also offer an all season chainmail trench you might like, my lord"
1271,5114,2,11,69,82,1.1829268292682926,0.04947191399330266,621,If the suit fits
1236,5114,2,11,69,82,1.1829268292682926,0.04947191399330266,621,"They're waiting for you in the press room, President Trump, sir, before you lead the military into to battle personally against the North Korean Army."
1225,5114,2,11,69,82,1.1829268292682926,0.04947191399330266,621,If you buy it we’ll throw in the anti-rust treatment for free!
1106,5114,3,9,70,82,1.1829268292682926,0.05242694342046911,621,. . . . and I’ll throw-in the undercoating.
749,5114,4,7,71,82,1.1829268292682926,0.05522407553472854,621,"It's so you, Mr. Comey."
682,5114,2,11,69,82,1.1829268292682926,0.04947191399330266,621,"You'll be wanting it to knight, sir?"
476,5114,5,5,72,82,1.1829268292682926,0.05788620423656863,621,Our blacksmith can alter that tight crotch while you wait.
467,5114,2,11,69,82,1.1829268292682926,0.04947191399330266,621,You look like a knight in shinning armour!
457,5114,3,9,70,82,1.1829268292682926,0.05242694342046911,621,"This is the latest from our vintage-inspired line, a pre-Renaissance classic!"
397,5114,1,13,68,82,1.1829268292682926,0.04632878319045733,621,It's called Over Armour.
375,5114,1,13,68,82,1.1829268292682926,0.04632878319045733,621,May I offer you a cup of mead?
283,5114,0,15,67,82,1.1829268292682926,0.04295628044484378,621,And they say chivalry is dead.
249,5114,2,11,69,82,1.1829268292682926,0.04947191399330266,621,I can also show you something from our non-iron collection.
174,5114,2,11,69,82,1.1829268292682926,0.04947191399330266,621,It's wax-and-wear.
142,5114,2,11,69,82,1.1829268292682926,0.04947191399330266,621,I might recommend Brass-o for the tougher battle stains.
52,5114,4,7,71,82,1.1829268292682926,0.05522407553472854,621,It's dry clean only.
27,5114,1,13,68,82,1.1829268292682926,0.04632878319045733,621,Well well! That suits you Sir!
3837,5114,3,9,70,82,1.1829268292682926,0.05242694342046911,621,It's arrow-deflecting properties are very popular with Administration personnel.
2006,5114,3,9,70,82,1.1829268292682926,0.05242694342046911,621,"Look, nothing, not even a full suit of armor, will protect you from your grandkids."
2093,5114,1,13,68,82,1.1829268292682926,0.04632878319045733,621,"Think of the upside, no more hand sanitizer."
10,5114,1,13,68,82,1.1829268292682926,0.04632878319045733,621,"Yes, we here at Joust. A. Bank take our work very seriously."
2222,5114,2,11,69,82,1.1829268292682926,0.04947191399330266,621,Don't know whether an event is Black Tie or Semi Formal? That's when you break out this little number. Or as we like to call it: Schrodinger's Suit.
2189,5114,3,9,70,82,1.1829268292682926,0.05242694342046911,621,And the best part is that it will never shrink.
3795,5114,1,13,68,82,1.1829268292682926,0.04632878319045733,621,I think the belt will clash.
3730,5114,1,13,68,82,1.1829268292682926,0.04632878319045733,621,"A suit of armor does not a camelot make, sir."
3685,5114,2,11,69,82,1.1829268292682926,0.04947191399330266,621,It's the perfect outfit to take you through any emotionally-wrenching situation.
3682,5114,4,7,71,82,1.1829268292682926,0.05522407553472854,621,The oil companies will make sure you don’t squeak if you play ball.
3593,5114,2,11,69,82,1.1829268292682926,0.04947191399330266,621,"The iron grail is extra, but on you it would look smashing."
3575,5114,1,13,68,82,1.1829268292682926,0.04632878319045733,621,Alterations...the Tin Smith is here on Wednesdays.
3568,5114,4,7,71,82,1.1829268292682926,0.05522407553472854,621,"Perfect for Cabinet meetings, Mr. Secretary."
3246,5114,3,9,70,82,1.1829268292682926,0.05242694342046911,621,Just a drop of oil here and there and it will fit perfectly.
2966,5114,1,13,68,82,1.1829268292682926,0.04632878319045733,621,It's also good for daytime.
2909,5114,3,9,70,82,1.1829268292682926,0.05242694342046911,621,"Seriously , your asking me where our men’s room is?"
2803,5114,2,11,69,82,1.1829268292682926,0.04947191399330266,621,"I like the stilettos over the converse, but I'm an old-fashioned guy myself."
2781,5114,1,13,68,82,1.1829268292682926,0.04632878319045733,621,It comes with a service option to polish it every 30 days
2760,5114,4,7,71,82,1.1829268292682926,0.05522407553472854,621,Tailoring takes about 4 weeks.
3216,5114,2,11,69,82,1.1829268292682926,0.04947191399330266,621,A perfect fit right off the rack!  Not even a custom tailor could make you look more masculine.
2721,5114,2,11,69,82,1.1829268292682926,0.04947191399330266,621,It’s made from recycled aluminum. Midevil earth conscious chic is so “in” right now
2261,5114,3,9,70,82,1.1829268292682926,0.05242694342046911,621,I think this should be enough protection for your date with Stormy.
2284,5114,1,13,68,82,1.1829268292682926,0.04632878319045733,621,Does this suit of armor make me look fat?
2735,5114,4,7,71,82,1.1829268292682926,0.05522407553472854,621,"While you're breaking it in, I still recommend a news and social-media sabbatical."
2363,5114,2,11,69,82,1.1829268292682926,0.04947191399330266,621,"Yes, pin stripes are an available option."
2419,5114,1,13,68,82,1.1829268292682926,0.04632878319045733,621,I think Sir you'll find it'll take you from day to Knight.
2440,5114,3,9,70,82,1.1829268292682926,0.05242694342046911,621,It’s so ‘Game On.’
2313,5114,4,7,71,82,1.1829268292682926,0.05522407553472854,621,"With this suit, you're gonna like the way you cook."
2518,5114,3,9,70,82,1.1829268292682926,0.05242694342046911,621,"Perfect,Sir, for a “knight of Amour”!"
2591,5114,2,11,69,82,1.1829268292682926,0.04947191399330266,621,Let's see if I have another size.
2720,5114,2,11,69,82,1.1829268292682926,0.04947191399330266,621,Can I see this in a black?
2600,5114,2,11,69,82,1.1829268292682926,0.04947191399330266,621,This is from Rihanna’s ready-to-wear collection
2616,5114,1,13,68,82,1.1829268292682926,0.04632878319045733,621,"Our smithy could take it in at the waist if you’d like, but honestly it suits you."
2517,5114,4,7,71,82,1.1829268292682926,0.05522407553472854,621,Too Tight?
5140,5243,0,14,63,77,1.1818181818181819,0.044242205762935236,621,It’s made from 100% tin!
3861,5243,1,12,64,77,1.1818181818181819,0.0479493093842668,621,Mr. Stark believes that all entry-level employees should start with a manual suit.
922,5243,2,10,65,77,1.1818181818181819,0.05138968544451671,621,It doesn't even need to be altered before battle.
4779,5246,3,9,71,83,1.180722891566265,0.05183831390483617,621,"This suit, Mr. Shumer, is perfect to wear at the Trump rally."
4755,5246,2,11,70,83,1.180722891566265,0.04892190131450311,621,Do you do tailoring?
4855,5246,2,11,70,83,1.180722891566265,0.04892190131450311,621,It puts the 'haute' in White House Communications Director couture.
5142,5246,3,9,71,83,1.180722891566265,0.05183831390483617,621,Great for going out for the night.
5421,5246,2,11,70,83,1.180722891566265,0.04892190131450311,621,"Sir, if I may, it fits like it was made for you."
5700,5246,1,13,69,83,1.180722891566265,0.04582023644587216,621,"This is the "" costume de rigueur"" to meet President Trump."
6041,5246,2,11,70,83,1.180722891566265,0.04892190131450311,621,Preparing for the the next news cycle?
5994,5246,3,9,71,83,1.180722891566265,0.05183831390483617,621,It shows off your jawline
6158,5246,3,9,71,83,1.180722891566265,0.05183831390483617,621,"Sir, I think this is the solution to your halitosis and general b.o."
7320,5246,2,11,70,83,1.180722891566265,0.04892190131450311,621,"Given our President's politically backward agenda, you're setting yourself up for success."
6390,5246,3,9,71,83,1.180722891566265,0.05183831390483617,621,"On reflection, I would like to cancel my order."
6414,5246,3,9,71,83,1.180722891566265,0.05183831390483617,621,That crotch will loosen up after you wear it a couple times.
6570,5246,2,11,70,83,1.180722891566265,0.04892190131450311,621,"Not to worry, it will soften up after a few washes."
6738,5246,2,11,70,83,1.180722891566265,0.04892190131450311,621,Sir -you certainly Entertain a dazzling look in that suit!
6904,5246,5,5,73,83,1.180722891566265,0.057226982351308985,621,"Perhaps you would like to  see something in a double breasted 
pin-striped chain mail ?"
6908,5246,0,15,68,83,1.180722891566265,0.04249277241702737,621,"Soldier, You look fine. Now lets go protect the president like asked."
6913,5246,3,9,71,83,1.180722891566265,0.05183831390483617,621,Joust the thing for the business roundtable
7240,5246,1,13,69,83,1.180722891566265,0.04582023644587216,621,All the off-the-armor-rack suits can be hammered to fit by our in-house blacksmith.
7280,5246,2,11,70,83,1.180722891566265,0.04892190131450311,621,"Far more distinguished than mail order, I dare say."
4469,5246,3,9,71,83,1.180722891566265,0.05183831390483617,621,"Tell you what, I’ll throw in an extra loin guard and shield with purchase."
6167,5246,2,11,70,83,1.180722891566265,0.04892190131450311,621,Now this is our most popular suit with businesswoman—it projects power and stops groping
4363,5246,2,11,70,83,1.180722891566265,0.04892190131450311,621,I don't see why you couldn't wear it to your ex's wedding.
2629,5246,3,9,71,83,1.180722891566265,0.05183831390483617,621,Seems like you forgot to comb your hair!
4131,5246,4,7,72,83,1.180722891566265,0.054599168022660204,621,Fits like a glove -- now go out and make that suit proud!
4167,5246,3,9,71,83,1.180722891566265,0.05183831390483617,621,It looks good on you!
451,5246,3,9,71,83,1.180722891566265,0.05183831390483617,621,Treat yo self
510,5246,1,13,69,83,1.180722891566265,0.04582023644587216,621,"And what for your horse, sire?"
844,5246,3,9,71,83,1.180722891566265,0.05183831390483617,621,"If you purchase today, we will include a complimentary one year lubrication program."
1011,5246,4,7,72,83,1.180722891566265,0.054599168022660204,621,"For guys who are even more of a jerk, Miss, it comes with a mace and chain."""
1324,5246,0,15,68,83,1.180722891566265,0.04249277241702737,621,"The thought had occurred to me, Mr. Cheng, but I'd never wish to be accused of racism."
1443,5246,3,9,71,83,1.180722891566265,0.05183831390483617,621,this fits perfectly with being a tin pot dictator
1890,5246,3,9,71,83,1.180722891566265,0.05183831390483617,621,And this is from our 2019 Back to School Collection.
2041,5246,2,11,70,83,1.180722891566265,0.04892190131450311,621,And it suits you so well.
194,5246,1,13,69,83,1.180722891566265,0.04582023644587216,621,This ensemble does a nice job of hiding your overbite.
2404,5246,1,13,69,83,1.180722891566265,0.04582023644587216,621,We call it the Sarah Huckabee Sanders
2557,5246,2,11,70,83,1.180722891566265,0.04892190131450311,621,It’s what all the teachers and students will be wearing to school.
2814,5246,4,7,72,83,1.180722891566265,0.054599168022660204,621,"Its so you, Mr. Knight"
2821,5246,3,9,71,83,1.180722891566265,0.05183831390483617,621,Will it rust if I throw it in the dryer?
3505,5246,2,11,70,83,1.180722891566265,0.04892190131450311,621,but do you think this makes my butt look big?
3691,5246,4,7,72,83,1.180722891566265,0.054599168022660204,621,"...you don't LOVE it, I'll grab the can opener."
3796,5246,3,9,71,83,1.180722891566265,0.05183831390483617,621,"We call it The Internet Suit. As long as you're wearing it, no one will ever know you're a dog."
3895,5246,1,13,69,83,1.180722891566265,0.04582023644587216,621,"Well, obviously, it suits you."
2365,5246,3,9,71,83,1.180722891566265,0.05183831390483617,621,I think it suits you.
6557,5289,0,14,64,78,1.1794871794871795,0.04373348027807394,621,"Yes sir, the hemming is complimentary."
5056,5289,1,12,65,78,1.1794871794871795,0.04738794815386097,621,Nothing beats a bespoke double breasted.
4372,5289,0,14,64,78,1.1794871794871795,0.04373348027807394,621,"No, , you can't return it if you gain weight!"
4125,5289,3,8,67,78,1.1794871794871795,0.05395941341632321,621,"Shall I wrap it up, sir, or will you wear it outside right now?"
2597,5289,4,6,68,78,1.1794871794871795,0.05696155395733173,621,"Of course, alterations are extra."
1725,5289,2,10,66,78,1.1794871794871795,0.05078009416329737,621,And my tinsmith can have it ready for you in time for the joust.
254,5289,1,12,65,78,1.1794871794871795,0.04738794815386097,621,This is our most fire-resistant suit available.
2912,5289,3,8,67,78,1.1794871794871795,0.05395941341632321,621,We have an auto body guy who can adjust your codpiece.
4137,5297,2,11,71,84,1.1785714285714286,0.048383846887362136,621,"Here at JoS A. Bank, it's buy 1 suit, get 1 free. Plus a free stone tablet. Deal expires 6/25/1618."
6575,5297,2,11,71,84,1.1785714285714286,0.048383846887362136,621,Our Tinsmith could take the waist in a bit.
6252,5297,3,9,72,84,1.1785714285714286,0.051262641097241254,621,It's all the rage on Bleeker St.
5622,5297,2,11,71,84,1.1785714285714286,0.048383846887362136,621,We also have it in titanium.
5006,5297,4,7,73,84,1.1785714285714286,0.05398814781884477,621,"Didn't you say, ""Armor me?"""
7304,5297,2,11,71,84,1.1785714285714286,0.048383846887362136,621,"The damsels love our knight wear, sire."
4559,5297,4,7,73,84,1.1785714285714286,0.05398814781884477,621,And we ship for free
4328,5297,2,11,71,84,1.1785714285714286,0.048383846887362136,621,Our last one and it fits you perfectly
3922,5297,3,9,72,84,1.1785714285714286,0.051262641097241254,621,Most gentlemen find it’s ideal for three-season wear.
1861,5297,5,5,74,84,1.1785714285714286,0.056582522368256956,621,There's a can of WD-40 in the breast pocket!!
3207,5297,4,7,73,84,1.1785714285714286,0.05398814781884477,621,"If it’s a little snug in the waist, we can let it out a bit"
2500,5297,2,11,71,84,1.1785714285714286,0.048383846887362136,621,"When I hit my middle ages, I opted for casual with pockets."
1973,5297,2,11,71,84,1.1785714285714286,0.048383846887362136,621,Every man ought to own a good suit.
893,5297,2,11,71,84,1.1785714285714286,0.048383846887362136,621,With all the new tariffs on steel expect the cost of alterations to triple!
694,5297,2,11,71,84,1.1785714285714286,0.048383846887362136,621,Be patient it's the latest style change
204,5297,3,9,72,84,1.1785714285714286,0.051262641097241254,621,"It comes in one other color -- what we call ""Rust""."
3820,5297,1,13,70,84,1.1785714285714286,0.04532256509703348,621,"You will enjoy the ""no password"" feature."
1893,5314,2,9,62,73,1.178082191780822,0.052857702752466776,621,"Do you know that you're strong on the inside, too?"
4367,5314,3,7,63,73,1.178082191780822,0.05634229533905509,621,"I know you're used to being a knight in shining armor, but matte tones are so this season."
6988,5314,1,11,61,73,1.178082191780822,0.0491265634505708,621,Truly wrinkle free.
7369,5314,0,13,60,73,1.178082191780822,0.045087711548245424,621,It will rust but never goes out of style.
6307,5318,1,13,71,85,1.1764705882352942,0.04483543075566802,621,"Yes Sir, we can tac-weld it for a double breasted."
5753,5318,2,11,72,85,1.1764705882352942,0.0478573703400451,621,"I’ve talored this outfit for empowering your Twitter crusades the old way,"
4959,5318,3,9,73,85,1.1764705882352942,0.05069950631596087,621,Does this suit of armour make my culet look fat?
3918,5318,4,7,74,85,1.1764705882352942,0.05339056082773511,621,"Wear it to ANY party? Well, we have placed exemption requests for most of the original parts. But when you're done with it you can let your other friends confiscate it to be melted down for the 30 foot wall through the canyons of the Rio Grande."
3484,5318,4,7,74,85,1.1764705882352942,0.05339056082773511,621,My tailor can work wonders with a grinder.
2625,5318,3,9,73,85,1.1764705882352942,0.05069950631596087,621,"Not only is it on sale, the best part is no alterations necessary."
2262,5318,2,11,72,85,1.1764705882352942,0.0478573703400451,621,And no one will complain about the length of your tie.
1702,5318,3,9,73,85,1.1764705882352942,0.05069950631596087,621,We find that a uniform dress code enhances our total transparency communication policy.
983,5318,1,13,71,85,1.1764705882352942,0.04483543075566802,621,The fabric seems a bit stiff
3679,5327,2,10,68,80,1.175,0.04960285312333035,621,"We don't have a tailor in the store, but we can send your suit to our mail order partner."
3840,5327,0,14,66,80,1.175,0.0427496391279461,621,This suit is perfect for a Knight out on the town.
4161,5327,3,8,69,80,1.175,0.05269628766978955,621,"Yas, queen."
4205,5327,2,10,68,80,1.175,0.04960285312333035,621,This is our stain-free armor guard fabric.
4293,5327,1,12,67,80,1.175,0.04630321092291712,621,"Sir, it'll cost an arm and a leg more if you don't get it."
4331,5327,4,6,70,80,1.175,0.05561793263309727,621,"Ah, Secretary Pruitt, these new tactical pants are a perfect fit."
4358,5327,2,10,68,80,1.175,0.04960285312333035,621,You'll never go wrong with a classic cut!
4396,5327,1,12,67,80,1.175,0.04630321092291712,621,Does this suit make my butt look big?
4562,5327,2,10,68,80,1.175,0.04960285312333035,621,It's the perfect suit for a Senate confirmation hearing.
4582,5327,2,10,68,80,1.175,0.04960285312333035,621,This flanking mirror really shows how intimidating this suit can be.
4717,5327,1,12,67,80,1.175,0.04630321092291712,621,"Yes, we can put a fly in it, but it's extra."
4718,5327,1,12,67,80,1.175,0.04630321092291712,621,There's nothing better looking than an immaculately hand tailored suit.
7094,5327,2,10,68,80,1.175,0.04960285312333035,621,This will look great with heels
4894,5327,0,14,66,80,1.175,0.0427496391279461,621,The choice piece of our conservative / radicalist collection. Vintage of course.
4929,5327,3,8,69,80,1.175,0.05269628766978955,621,It worked like a charm for Jay-Z.
5110,5327,0,14,66,80,1.175,0.0427496391279461,621,It’s from the new Medieval Views collection.
6499,5327,2,10,68,80,1.175,0.04960285312333035,621,The ferrier says he can have the alterations ready for the millenium celebration.
6612,5327,1,12,67,80,1.175,0.04630321092291712,621,No we don't do alterations in-house.
6689,5327,4,6,70,80,1.175,0.05561793263309727,621,"Stop being so stiff, you metalhead!"
6788,5327,2,10,68,80,1.175,0.04960285312333035,621,So this big new promotion of yours just requires that you pull a sword out of a desk?
7085,5327,1,12,67,80,1.175,0.04630321092291712,621,The men's room is to your left.
3616,5327,2,10,68,80,1.175,0.04960285312333035,621,Excuse me - Are you the knight watchman
7104,5327,0,14,66,80,1.175,0.0427496391279461,621,It also comes with lion crest.
7297,5327,3,8,69,80,1.175,0.05269628766978955,621,"Mrs Trump, may I suggest engraving a message on the back?"""
4744,5327,2,10,68,80,1.175,0.04960285312333035,621,The fit is perfect.  Would you like to see it in another color?
3341,5327,2,10,68,80,1.175,0.04960285312333035,621,"Pray tell,Sir Knight,on which side do you dress?"
1867,5327,1,12,67,80,1.175,0.04630321092291712,621,I can let it out a bit across the chest.
3024,5327,1,12,67,80,1.175,0.04630321092291712,621,It's the very latest in West Wing couture.
5,5327,1,12,67,80,1.175,0.04630321092291712,621,It's our Classic Cut so it will feel a bit snug in the waist and thighs.
36,5327,1,12,67,80,1.175,0.04630321092291712,621,It suits you!
160,5327,2,10,68,80,1.175,0.04960285312333035,621,Don't worry I always carry a monkey wrench to make adjustments.
240,5327,1,12,67,80,1.175,0.04630321092291712,621,'Does sir want to try the classic fit?'
246,5327,2,10,68,80,1.175,0.04960285312333035,621,Its Italian with a nod to Gaul.
296,5327,4,6,70,80,1.175,0.05561793263309727,621,"With Trump's attack on Canadian price supports for dairy products, it will protect you from spilled milk."
386,5327,2,10,68,80,1.175,0.04960285312333035,621,You would see it looks great on you​ if you could see.
401,5327,2,10,68,80,1.175,0.04960285312333035,621,It’s very slimming on you.
822,5327,2,10,68,80,1.175,0.04960285312333035,621,It will loosen up with time.
1021,5327,2,10,68,80,1.175,0.04960285312333035,621,"Yes, it makes your butt look big.  I guarantee it !!!"
3312,5327,4,6,70,80,1.175,0.05561793263309727,621,I think the armor fits perfectly Mr. Wayne.
1027,5327,3,8,69,80,1.175,0.05269628766978955,621,"Trust me, sir. This is the one the ladies love."
1221,5327,0,14,66,80,1.175,0.0427496391279461,621,It's the latest in ready-to-joust wear.
1403,5327,3,8,69,80,1.175,0.05269628766978955,621,"The lance is extra, of course, and the steed,
you'll have to contact animal rights people."
1538,5327,0,14,66,80,1.175,0.0427496391279461,621,It comes with a free can of  W D - 40.
7368,5327,1,12,67,80,1.175,0.04630321092291712,621,It’s from Under Armour’s new ‘Meta’ collection.
2022,5327,1,12,67,80,1.175,0.04630321092291712,621,You'll no doubt catch the fairest maiden's eye in this suit.
2115,5327,2,10,68,80,1.175,0.04960285312333035,621,"If you buy the Jouster today, we can offer free lube jobs for your first thirty matches."
2149,5327,2,10,68,80,1.175,0.04960285312333035,621,"Buy one suit of armor, get one sword free."
2180,5327,1,12,67,80,1.175,0.04630321092291712,621,"Au contraire, it makes your butt look fab!"
2540,5327,3,8,69,80,1.175,0.05269628766978955,621,"Besides being dreadfully out of style, chain mail simply does not flatter the physique of a knight over forty.”"
2751,5327,3,8,69,80,1.175,0.05269628766978955,621,Your sword is in the desk in the back room - just go in and pull it out.
2826,5327,2,10,68,80,1.175,0.04960285312333035,621,"And for an extra bonus, it comes with a can opener."
1167,5327,2,10,68,80,1.175,0.04960285312333035,621,You're gonna like the way you look
4198,5379,3,9,74,86,1.1744186046511629,0.05014850849499494,621,Wear this to the joust and the fair maidens will swoon.
3866,5379,2,11,73,86,1.1744186046511629,0.0473421069773523,621,"Okay, it's my turn, it's my turn now, you got to wear it for awhile and now it's my turn, it's only fair that I get a turn."
6903,5379,4,7,75,86,1.1744186046511629,0.052805972346791324,621,Tailoring is extra.
2726,5379,3,9,74,86,1.1744186046511629,0.05014850849499494,621,........and it is completely dent proof.
2989,5383,2,9,64,75,1.1733333333333333,0.05154664932909856,621,Perfect fit Rusty!
4016,5383,2,9,64,75,1.1733333333333333,0.05154664932909856,621,No Wrinkles. This is permanent press
6674,5383,2,9,64,75,1.1733333333333333,0.05154664932909856,621,It's Teflon coated and includes a can of WD40 for stiffening joints.
4326,5386,3,8,70,81,1.1728395061728396,0.05208647681414566,621,It's from our line of crusade wear.
7028,5386,2,10,69,81,1.1728395061728396,0.04903426446477902,621,"Yes, Ms Clinton. It does sort of say “ WOKE”"
6984,5386,4,6,71,81,1.1728395061728396,0.05496947373060047,621,This should solve your vulnerability complex.... sir!
6608,5386,3,8,70,81,1.1728395061728396,0.05208647681414566,621,Not even a skosh.’
4758,5386,2,10,69,81,1.1728395061728396,0.04903426446477902,621,"And how do we address your prefer dress, right or left, in this suit of shining armor?"
4065,5386,4,6,71,81,1.1728395061728396,0.05496947373060047,621,No Sire. This suite does not offer you protection from your own feelings of inadequacy.
2111,5386,2,10,69,81,1.1728395061728396,0.04903426446477902,621,"Of course, it won’t las as long as wool"
1179,5386,3,8,70,81,1.1728395061728396,0.05208647681414566,621,Shiny armor really shines when reflected!
1085,5386,3,8,70,81,1.1728395061728396,0.05208647681414566,621,You said you wanted it for a night out.
770,5386,3,8,70,81,1.1728395061728396,0.05208647681414566,621,The perfect suit for meetings with Board of Directors fighting hostile takeovers!
269,5386,2,10,69,81,1.1728395061728396,0.04903426446477902,621,The ladies just love this suit.
2704,5386,2,10,69,81,1.1728395061728396,0.04903426446477902,621,"No, you can’t lean forward, but chivalry goes a long way."
4478,5398,3,9,75,87,1.1724137931034482,0.04960926328218618,621,Don't take it in. Take it off!
1791,5398,2,11,74,87,1.1724137931034482,0.04683770700022932,621,"The snug feel around the waist and shoulders will improve after the break-in period."""
6580,5400,1,11,64,76,1.1710526315789473,0.047344048310574156,621,That suit makes you look just like Sean Connery.
6587,5400,0,13,63,76,1.1710526315789473,0.04348082011015344,621,How's it hangin'?
6422,5400,1,11,64,76,1.1710526315789473,0.047344048310574156,621,"Sorry, rustproofing is extra."
7075,5400,1,11,64,76,1.1710526315789473,0.047344048310574156,621,"Do you dress to the left or right,  Sir?"
5497,5400,2,9,65,76,1.1710526315789473,0.050914988985724385,621,"You look splendid sir, plate adds 50 lbs to everyone."
6859,5400,3,7,66,76,1.1710526315789473,0.05425138981075869,621,Never needs pressing and bloodstains wash right off
4896,5400,2,9,65,76,1.1710526315789473,0.050914988985724385,621,IT'S WHAT EVERYONE ON WALL STREET IS WEARING
1031,5400,2,9,65,76,1.1710526315789473,0.050914988985724385,621,Of course you'll want some  coordinating steed accessories.
3272,5400,0,13,63,76,1.1710526315789473,0.04348082011015344,621,I must say you're looking mighty Trump proof sir.
3100,5400,1,11,64,76,1.1710526315789473,0.047344048310574156,621,We also offer jouster’s insurance for an additional fee.
1435,5400,4,5,67,76,1.1710526315789473,0.05739416772966874,621,For the decerning knight stain and rust proof  in recyclable aluminum.
856,5400,1,11,64,76,1.1710526315789473,0.047344048310574156,621,Looks great and wears like iron
3338,5400,1,11,64,76,1.1710526315789473,0.047344048310574156,621,"You will be the snazziest knight at the round table, sir."
210,5413,3,8,71,82,1.170731707317073,0.051490514905149054,621,And it will never be a victim of the vagaries of style.
5999,5414,2,9,66,77,1.1688311688311688,0.05029848501568073,621,"It comes with disposable filters for ragweed, cat dander, and pollen."
4945,5414,1,11,65,77,1.1688311688311688,0.0467779231605511,621,"You look very dashing, sir."
5697,5414,3,7,67,77,1.1688311688311688,0.05358825519207446,621,"Of course this was never meant to be a football uniform, but we can add a Giants 'ny' logo to both sides of the helmet if you'd like."
5377,5414,3,7,67,77,1.1688311688311688,0.05358825519207446,621,"It was previously worn by the tin man in ""The Wizard of Oz"""
5192,5414,1,11,65,77,1.1688311688311688,0.0467779231605511,621,"Sure it gets hot in there, but think of all the dough you'll save on sunscreen!"
5162,5414,1,11,65,77,1.1688311688311688,0.0467779231605511,621,"Looking sharp, Sir Doofus!"
5131,5414,4,5,68,77,1.1688311688311688,0.056687428890267476,621,If you prefer a modern look we have Hazmat suit in stock.
4974,5414,1,11,65,77,1.1688311688311688,0.0467779231605511,621,And it's completely wrinkle-free--no ironing ever.
6062,5414,1,11,65,77,1.1688311688311688,0.0467779231605511,621,"Your not fat, it's the quilted jacket that makes you feel that way."
4648,5414,4,5,68,77,1.1688311688311688,0.056687428890267476,621,"Don't worry, we will iron out the wrinkles."
7383,5414,4,5,68,77,1.1688311688311688,0.056687428890267476,621,No !  Sorry this suit does not come with an extra pair of pants
4551,5414,1,11,65,77,1.1688311688311688,0.0467779231605511,621,"I know it rides tight in the crotch, but that’s the style these days."
4534,5414,2,9,66,77,1.1688311688311688,0.05029848501568073,621,We can have it shined for you by Tuesday.
4517,5414,1,11,65,77,1.1688311688311688,0.0467779231605511,621,"You're awfully reflective today, sir."
4512,5414,2,9,66,77,1.1688311688311688,0.05029848501568073,621,"A perfect vintage suit for your date with Ms. Dragon, Sir!"
4430,5414,1,11,65,77,1.1688311688311688,0.0467779231605511,621,Objects in mirror are shinier than they appear.
4185,5414,2,9,66,77,1.1688311688311688,0.05029848501568073,621,If there's a chink in the armor then she a hoe.
4116,5414,2,9,66,77,1.1688311688311688,0.05029848501568073,621,That's hand-ticking on the gauntlets.
3843,5414,1,11,65,77,1.1688311688311688,0.0467779231605511,621,I’m afraid this is our least metrosexual option.
6094,5414,2,9,66,77,1.1688311688311688,0.05029848501568073,621,"It may not be sexy, but hands down your best SPF for the Summer!"
3194,5414,3,7,67,77,1.1688311688311688,0.05358825519207446,621,And you never need to get it dry-cleaned.
4638,5414,1,11,65,77,1.1688311688311688,0.0467779231605511,621,"Trust me, the fad of two-button wool suits has finally run its course."
6163,5414,2,9,66,77,1.1688311688311688,0.05029848501568073,621,"Just keep it shining, sir, and the girls will come running."
6949,5414,2,9,66,77,1.1688311688311688,0.05029848501568073,621,Do you dress to the left or the right
6274,5414,1,11,65,77,1.1688311688311688,0.0467779231605511,621,No I don’t thank nj your hips look too big
3136,5414,1,11,65,77,1.1688311688311688,0.0467779231605511,621,Your fit is great.  Keep it dry or you'll start squeaking
7362,5414,2,9,66,77,1.1688311688311688,0.05029848501568073,621,"With a little nip and tuck, no one would know it's off the rack."
7333,5414,1,11,65,77,1.1688311688311688,0.0467779231605511,621,I see you take that 'knight in shining armor' thing seriously.
7323,5414,3,7,67,77,1.1688311688311688,0.05358825519207446,621,It might be a little heavy but it virtually eliminates any chance of identity theft.
7102,5414,2,9,66,77,1.1688311688311688,0.05029848501568073,621,"Sir, a new suit will do wonders for your career and they'll forget all about that dreadful nickname, Rusty!"
6985,5414,2,9,66,77,1.1688311688311688,0.05029848501568073,621,It's particularly useful when the Pope declares a holy war.
6965,5414,4,5,68,77,1.1688311688311688,0.056687428890267476,621,"May I suggest, Sir, a paisley bow tie?"
6917,5414,3,7,67,77,1.1688311688311688,0.05358825519207446,621,We also have it in copper and aluminum.
6840,5414,2,9,66,77,1.1688311688311688,0.05029848501568073,621,"And we have matching shirts, ties, and shoes."
6164,5414,3,7,67,77,1.1688311688311688,0.05358825519207446,621,You're sure to make GQ's Best Dressed Men of the Week.
6771,5414,1,11,65,77,1.1688311688311688,0.0467779231605511,621,It is also available in a very handsome burnished bronze.
6719,5414,2,9,66,77,1.1688311688311688,0.05029848501568073,621,You'll slay 'em dead.
6701,5414,3,7,67,77,1.1688311688311688,0.05358825519207446,621,We have it in paisley of reflective silver isn't your thing.
6697,5414,1,11,65,77,1.1688311688311688,0.0467779231605511,621,"This time, tell your wife to wash it cold and air dry."
6682,5414,3,7,67,77,1.1688311688311688,0.05358825519207446,621,A little too Kinky for me.
6630,5414,3,7,67,77,1.1688311688311688,0.05358825519207446,621,"Just in case Trump's Way Back Machine doesn't stop at ""Home On The Range."""
6584,5414,3,7,67,77,1.1688311688311688,0.05358825519207446,621,Sorry you didn't get it here; we can't alter mail order.
6377,5414,2,9,66,77,1.1688311688311688,0.05029848501568073,621,"That  will almost  certainly make a big impression on the judge, counsellor"
7408,5414,3,7,67,77,1.1688311688311688,0.05358825519207446,621,"It's lightweight to combat metal fatigue.
You can wear it to work and for a knight out on the town."
6329,5414,2,9,66,77,1.1688311688311688,0.05029848501568073,621,"...I see your point. Yes, of course, we can get it in black."
6764,5414,3,7,67,77,1.1688311688311688,0.05358825519207446,621,This comes with a pair of coconuts.
3073,5414,2,9,66,77,1.1688311688311688,0.05029848501568073,621,I guarantee THIS one won't wear out.
1257,5414,2,9,66,77,1.1688311688311688,0.05029848501568073,621,I can get the blacksmith to blow torch a little nip here and tuck there.
2723,5414,4,5,68,77,1.1688311688311688,0.056687428890267476,621,Don’t let the weight influence you; once you get your gait going it will flow.
1488,5414,2,9,66,77,1.1688311688311688,0.05029848501568073,621,"Now you’re dressed for war, Burgman. First, get your barings then over the banks to sach the citi and rabo the royals’ gold, man! Lynch the hornblower! Cie the paine!! Parry? Bah! Chase the fire-breathing lazard! Trust that red shield, brother..."
1414,5414,4,5,68,77,1.1688311688311688,0.056687428890267476,621,It crosses borders.
1224,5414,4,5,68,77,1.1688311688311688,0.056687428890267476,621,"It's wash and wear. No drying, No ironing."
1057,5414,2,9,66,77,1.1688311688311688,0.05029848501568073,621,It's not just for work! You can replace that cuisse and  greave with some tan cargos and you're good for dinner!
1013,5414,1,11,65,77,1.1688311688311688,0.0467779231605511,621,Not just anyone can pull this look off.
916,5414,2,9,66,77,1.1688311688311688,0.05029848501568073,621,"Trust me, as the new Chief of Staff, you will want to wear this daily."
887,5414,1,11,65,77,1.1688311688311688,0.0467779231605511,621,It does not make your ass look big.
881,5414,4,5,68,77,1.1688311688311688,0.056687428890267476,621,The perfcct ensemble for your wedding day.
874,5414,1,11,65,77,1.1688311688311688,0.0467779231605511,621,"It's our only rust-free model, and we only built one."
1602,5414,0,13,64,77,1.1688311688311688,0.0429698800970655,621,Slings and arrows of outrageous fortune? We're got that covered.
815,5414,3,7,67,77,1.1688311688311688,0.05358825519207446,621,"Might I say it accents your waist nicely, Mr. Trump."
653,5414,2,9,66,77,1.1688311688311688,0.05029848501568073,621,So you're planning a trip to Saudi Arabia?
600,5414,3,7,67,77,1.1688311688311688,0.05358825519207446,621,Winter is here... but our spring line will be great also.
598,5414,1,11,65,77,1.1688311688311688,0.0467779231605511,621,"She simply won't be able to resist you, sir."
415,5414,3,7,67,77,1.1688311688311688,0.05358825519207446,621,"Now nobody has to look at your weird, bulbous ass."
233,5414,3,7,67,77,1.1688311688311688,0.05358825519207446,621,"You look quite chivalrous if I do say so, sir."
188,5414,3,7,67,77,1.1688311688311688,0.05358825519207446,621,"It really brings out your eyes, sir."
162,5414,3,7,67,77,1.1688311688311688,0.05358825519207446,621,Did I tell you that each suit comes with free oil changes and an emergency can opener?
20,5414,2,9,66,77,1.1688311688311688,0.05029848501568073,621,It will fit better with wear.
2941,5414,1,11,65,77,1.1688311688311688,0.0467779231605511,621,We can have it ready by 2021.
728,5414,0,13,64,77,1.1688311688311688,0.0429698800970655,621,This one is great for storming the castle or even a nice brunch.
1628,5414,4,5,68,77,1.1688311688311688,0.056687428890267476,621,Now your wife will really see you as knight in shining armour
813,5414,1,11,65,77,1.1688311688311688,0.0467779231605511,621,It's impervious to radiation and Presidential tweets.
1679,5414,2,9,66,77,1.1688311688311688,0.05029848501568073,621,The nice thing is that it works at both casual and formal events.
2656,5414,2,9,66,77,1.1688311688311688,0.05029848501568073,621,"I think it suits you, sir."
2642,5414,1,11,65,77,1.1688311688311688,0.0467779231605511,621,It's definitely you.
2641,5414,3,7,67,77,1.1688311688311688,0.05358825519207446,621,It's supposed to be a snug fit.
2635,5414,1,11,65,77,1.1688311688311688,0.0467779231605511,621,"You'll slay her in this one, for sure."
2626,5414,2,9,66,77,1.1688311688311688,0.05029848501568073,621,Can i at least get a light saber to fight in the Space Force!!!!
2608,5414,2,9,66,77,1.1688311688311688,0.05029848501568073,621,"Fits like a glove, washable with 5 per cent spandex.
Anne Desmond"
2606,5414,3,7,67,77,1.1688311688311688,0.05358825519207446,621,It also comes in rust.
2491,5414,2,9,66,77,1.1688311688311688,0.05029848501568073,621,It compliments your color!
2668,5414,2,9,66,77,1.1688311688311688,0.05029848501568073,621,"Metal's in, and I'm all in for metal!"
2438,5414,4,5,68,77,1.1688311688311688,0.056687428890267476,621,That suit fits you perfectly Mr. Pruitt!
2406,5414,2,9,66,77,1.1688311688311688,0.05029848501568073,621,Slings and arrows protection never goes out of style.
2370,5414,3,7,67,77,1.1688311688311688,0.05358825519207446,621,"Hey Pal, you said you wanted something for foreplay."
2253,5414,3,7,67,77,1.1688311688311688,0.05358825519207446,621,"I think if we let out the crotch, that should permit your codpiece breath a bit."
2221,5414,0,13,64,77,1.1688311688311688,0.0429698800970655,621,Iron plating is the new black.
2147,5414,1,11,65,77,1.1688311688311688,0.0467779231605511,621,Arms at sides make you appear more open.
2025,5414,3,7,67,77,1.1688311688311688,0.05358825519207446,621,It comes with a lifetime warrantee.
1998,5414,4,5,68,77,1.1688311688311688,0.056687428890267476,621,"If you're really looking for the 'wow factor,' I've got a double-plated suit from King Arthur's couture line you might want to try."
1726,5414,3,7,67,77,1.1688311688311688,0.05358825519207446,621,talk about buff !
1719,5414,1,11,65,77,1.1688311688311688,0.0467779231605511,621,If you can't close the deal in this suit than i don't know what to tell you
2664,5414,1,11,65,77,1.1688311688311688,0.0467779231605511,621,"Prince Harry, your wofe awaits."
1652,5414,3,7,67,77,1.1688311688311688,0.05358825519207446,621,Would you like lighter on the starch next time?
3561,5508,1,12,70,83,1.1686746987951808,0.044764959391397526,621,No washing or ironing. Just buff it now and then.
7460,5509,2,9,67,78,1.1666666666666667,0.04969660420745535,621,"No windmills, please."
3847,5509,1,11,66,78,1.1666666666666667,0.04622501635210242,621,These clothes really DO make the man...
3988,5509,3,8,73,84,1.1666666666666667,0.05033830852372419,621,Well I can't claim that it's iron-free!
4223,5509,1,11,66,78,1.1666666666666667,0.04622501635210242,621,"No, it doesn't make cuirass look big."
4298,5509,3,7,68,78,1.1666666666666667,0.05294103137220508,621,"I see you're dressed for the quarterly shareholder meeting, Art.  You'll be needing Excalibur."
4989,5509,1,11,66,78,1.1666666666666667,0.04622501635210242,621,I can also show you one in a low-rise waist—it’s what the young kids are wearing today
5004,5509,1,11,66,78,1.1666666666666667,0.04622501635210242,621,It’s such a versatile look - you can easily wear it as day OR knight wear....
5435,5509,2,9,67,78,1.1666666666666667,0.04969660420745535,621,"If you pay cash, I'll throw in a white charger for free."
5485,5509,3,7,68,78,1.1666666666666667,0.05294103137220508,621,It'll never go out of style.
5558,5509,2,9,67,78,1.1666666666666667,0.04969660420745535,621,It looks like  you are all suited up for the meeting!
5765,5509,2,9,67,78,1.1666666666666667,0.04969660420745535,621,The David Bowie exhibit is at the Brooklyn Museum.
5933,5509,3,7,68,78,1.1666666666666667,0.05294103137220508,621,We're wearing beavers down this year.
6001,5509,1,11,66,78,1.1666666666666667,0.04622501635210242,621,"It's our number one seller
in boardroom battlewear."
6054,5509,1,11,66,78,1.1666666666666667,0.04622501635210242,621,"No sir, your cuirass does not look too big."
6567,5509,1,11,66,78,1.1666666666666667,0.04622501635210242,621,"And our tailor, Mr. Procrustes does free alterations."
6628,5509,1,11,66,78,1.1666666666666667,0.04622501635210242,621,They're all still looking for a knight in shining armour
6884,5509,2,9,67,78,1.1666666666666667,0.04969660420745535,621,Been in Congress long?
7022,5509,2,9,67,78,1.1666666666666667,0.04969660420745535,621,And the best part is that it comes with a lifetime money-back guarantee against being killed by it being pierced by a sword or a lance.
7043,5509,0,13,65,78,1.1666666666666667,0.042470599286468784,621,"It's a popular item with the jousters, but for some reason we don't sell many to the wooers."
7106,5509,3,7,68,78,1.1666666666666667,0.05294103137220508,621,I left your sword on my office desk. I'll be right back!
7299,5509,1,11,66,78,1.1666666666666667,0.04622501635210242,621,"And with your purchase, we'll include absolutely free of charge three chain mail shirts, a doublet, and a scabbard."
3794,5509,2,9,67,78,1.1666666666666667,0.04969660420745535,621,Why Kim Jong Un gave me this present?
7329,5509,2,9,67,78,1.1666666666666667,0.04969660420745535,621,This style has proven to be a real chick magnet.
3776,5509,1,11,66,78,1.1666666666666667,0.04622501635210242,621,NO-wash and wear!  WD-40 only!
69,5509,1,11,66,78,1.1666666666666667,0.04622501635210242,621,"Jost"" remember to dry clean only - water tends to rust it"
3696,5509,1,11,66,78,1.1666666666666667,0.04622501635210242,621,Bespoke and non-iron!
7465,5509,4,5,69,78,1.1666666666666667,0.05599779581155972,621,The suit puts on 75 pounds.
291,5509,4,5,69,78,1.1666666666666667,0.05599779581155972,621,Running for Congress are we? This model is guaranteed against both tweets and falsehoods. If I'm not repeating myself.
294,5509,3,7,68,78,1.1666666666666667,0.05294103137220508,621,"It'll be perfect for the shareholders' meeting, sir."
631,5509,2,9,67,78,1.1666666666666667,0.04969660420745535,621,You can dress it up or dress it down....very versatile!
688,5509,2,9,67,78,1.1666666666666667,0.04969660420745535,621,You’ll be the talk of the town at the Met Gala.”
772,5509,3,7,68,78,1.1666666666666667,0.05294103137220508,621,It comes with an Iron Clad Anti Shrink warranty.
800,5509,2,9,67,78,1.1666666666666667,0.04969660420745535,621,"I can assure you sir, this is our finest power suit!"
910,5509,2,9,67,78,1.1666666666666667,0.04969660420745535,621,You can wear it anywhere...except the airport.
969,5509,3,7,68,78,1.1666666666666667,0.05294103137220508,621,Quite joustable.
1150,5509,1,11,66,78,1.1666666666666667,0.04622501635210242,621,"Sire, I recommend a gaudy golden armor. And make sure your hair is accessorized appropriately in case the helmet falls off."
3751,5509,2,9,67,78,1.1666666666666667,0.04969660420745535,621,It's sustainable.  All the metal is recycled from the dungeon.
1666,5509,3,7,68,78,1.1666666666666667,0.05294103137220508,621,"Will there be anything additional, Sir Charge?"
2294,5509,4,5,69,78,1.1666666666666667,0.05599779581155972,621,In that suit you'll be the best-looking knight watchman in town.
2605,5509,2,9,67,78,1.1666666666666667,0.04969660420745535,621,They’re coming back.
2689,5509,2,9,67,78,1.1666666666666667,0.04969660420745535,621,"Trust me, it'll wear like iron."
2832,5509,2,9,67,78,1.1666666666666667,0.04969660420745535,621,"Oz never gave nothing to the Tin Man, you know!"""
2895,5509,1,11,66,78,1.1666666666666667,0.04622501635210242,621,It's our latest line: star war meets game of thrones
3204,5509,3,7,68,78,1.1666666666666667,0.05294103137220508,621,It's a Dame Zaha Hadid exclusive.
3537,5509,1,11,66,78,1.1666666666666667,0.04622501635210242,621,It's become very popular for the outdoor summer concert festivals.
3585,5509,1,11,66,78,1.1666666666666667,0.04622501635210242,621,"Really, the underbite is just not that obvious."
3591,5509,2,9,67,78,1.1666666666666667,0.04969660420745535,621,"Your butt might look big, but no one will know it's you."
3666,5509,0,13,65,78,1.1666666666666667,0.042470599286468784,621,Our Hundred Years' Wardrobe line is all the rage.
1763,5509,2,9,67,78,1.1666666666666667,0.04969660420745535,621,"The suit will repel all of that ""fake news.""  You'll never hear or see another word of it."
4354,5558,3,7,69,79,1.1645569620253164,0.05230915683958439,621,"If I may say, sir, it brings out the idealist in you."
5072,5558,1,11,67,79,1.1645569620253164,0.04568487714355834,621,"It so suits you, sir.  And all the best people are wearing this style."
6159,5558,2,9,68,79,1.1645569620253164,0.04910883774276407,621,And... you’re ready for a night on social media.
5722,5558,1,11,67,79,1.1645569620253164,0.04568487714355834,621,"It also comes in matte, if you prefer."
4313,5558,2,9,68,79,1.1645569620253164,0.04910883774276407,621,don't tell me we have to try to put another one on you
5404,5558,0,13,66,79,1.1645569620253164,0.04198259228297974,621,"It is endorsed by the Tin Man from ""the wizard of Oz' and comes with a free oil can and a heart."
4190,5558,2,9,68,79,1.1645569620253164,0.04910883774276407,621,And it's 100% wrinkle-free.  Guaranteed!
7078,5558,1,11,67,79,1.1645569620253164,0.04568487714355834,621,Very popular with the Gentrifiers these days.
2773,5558,1,11,67,79,1.1645569620253164,0.04568487714355834,621,"On sale today before prices go up with the next Crusade."""
2592,5558,1,11,67,79,1.1645569620253164,0.04568487714355834,621,They'll Still Know It's YOU
1300,5558,2,9,68,79,1.1645569620253164,0.04910883774276407,621,"The President has one just like it, covered with  Teflon."
1230,5558,1,11,67,79,1.1645569620253164,0.04568487714355834,621,A weld here and a weld there and it is you!
1173,5558,1,11,67,79,1.1645569620253164,0.04568487714355834,621,Once you break it in it’ll last a lifetime.
3255,5558,0,13,66,79,1.1645569620253164,0.04198259228297974,621,Just a little snug around the shoulders.  We can fix that for you while you wait.
5896,5572,2,8,63,73,1.1643835616438356,0.051660769401756894,621,Our blacksmith can take it in by Poitiers.
5504,5572,0,12,61,73,1.1643835616438356,0.043678370935408654,621,I think you left your sword in last weeks contest.
5268,5572,2,8,63,73,1.1643835616438356,0.051660769401756894,621,With this suit you'll be ready for anything they throw at you in the board meeting.
5016,5572,0,12,61,73,1.1643835616438356,0.043678370935408654,621,Can't help but wonder how you'll answer that citizenship question in the 2020 Census.
4934,5572,1,10,62,73,1.1643835616438356,0.04783636264784695,621,Is it left or right? I honestly don't know.
4542,5572,1,10,62,73,1.1643835616438356,0.04783636264784695,621,They'll never know you're trans!
4596,5572,2,8,63,73,1.1643835616438356,0.051660769401756894,621,This might be too much for the round table
5925,5572,2,8,63,73,1.1643835616438356,0.051660769401756894,621,"It comes with a 5 year or lifetime supply, whichever is shorter, of lubricating oil at no extra charge, my Lord."
4472,5572,2,8,63,73,1.1643835616438356,0.051660769401756894,621,Restraint without exclusion.  It's our current bestseller.
4339,5572,0,12,61,73,1.1643835616438356,0.043678370935408654,621,"Would you prefer to see something from our ""no-iron""  collection?"
4650,5572,1,10,62,73,1.1643835616438356,0.04783636264784695,621,This is our self-driving car line.
6139,5572,1,10,62,73,1.1643835616438356,0.04783636264784695,621,"Of course, we’ll need to correct the underbite!"
6219,5572,1,10,62,73,1.1643835616438356,0.04783636264784695,621,All our products are 0% cotton
6203,5572,1,10,62,73,1.1643835616438356,0.04783636264784695,621,"No Sir, I'm afraid you cannot remove the pocket welding without  purchase."
4301,5572,0,12,61,73,1.1643835616438356,0.043678370935408654,621,You are a perfect fit off the rack. You've made my week.
6386,5572,2,8,63,73,1.1643835616438356,0.051660769401756894,621,The perfect suit for a knight away from the kids.
6477,5572,2,8,63,73,1.1643835616438356,0.051660769401756894,621,I think this new over amor trend will really protect us from the next global recession.
6538,5572,1,10,62,73,1.1643835616438356,0.04783636264784695,621,Cod pieces are out of stock.
6677,5572,2,8,63,73,1.1643835616438356,0.051660769401756894,621,But how do I go to the bathroom?
6855,5572,1,10,62,73,1.1643835616438356,0.04783636264784695,621,You'll blend right in at the Met Gala
7120,5572,1,10,62,73,1.1643835616438356,0.04783636264784695,621,"Yes, it's definitely Tin Man-ish !!"
7378,5572,0,12,61,73,1.1643835616438356,0.043678370935408654,621,The stainless steel underwear is free.
7452,5572,2,8,63,73,1.1643835616438356,0.051660769401756894,621,Fits you like a chainmail glove!
7468,5572,1,10,62,73,1.1643835616438356,0.04783636264784695,621,The gray really matches your eyes.
6153,5572,2,8,63,73,1.1643835616438356,0.051660769401756894,621,The only sharp-looking thing getting into this armor is you.
4262,5572,2,8,63,73,1.1643835616438356,0.051660769401756894,621,"Of course not dear, it looks just fine from back here."
5956,5572,3,6,64,73,1.1643835616438356,0.05522094348149691,621,"It takes +20 hit points, but for you? +22."
4081,5572,2,8,63,73,1.1643835616438356,0.051660769401756894,621,I think the helmet is a bit too much.
42,5572,1,10,62,73,1.1643835616438356,0.04783636264784695,621,Do you like the heavy metal look?
133,5572,2,8,63,73,1.1643835616438356,0.051660769401756894,621,I recommend this suit to all my customers looking to fight to the death to defend their nation’s honor.
228,5572,1,10,62,73,1.1643835616438356,0.04783636264784695,621,"It projects confidence, while still capturing the vulnerability of the knight-in-shining-armor."
258,5572,2,8,63,73,1.1643835616438356,0.051660769401756894,621,You want it let out in the waist?
412,5572,1,10,62,73,1.1643835616438356,0.04783636264784695,621,It’s machine washable. It’s stainless.
656,5572,2,8,63,73,1.1643835616438356,0.051660769401756894,621,"I see zero trace of a beer gut, sir."
1142,5572,2,8,63,73,1.1643835616438356,0.051660769401756894,621,"You know what they say, if you keep something long enough, it always comes back in style."
1174,5572,1,10,62,73,1.1643835616438356,0.04783636264784695,621,Fits you perfectly and it will always stay iron.
1329,5572,1,10,62,73,1.1643835616438356,0.04783636264784695,621,IT'S PERFECT FOR THE HEAVY METAL CONCERT...AND YOU CAN WEAR IT TO SCHOOL.
1423,5572,2,8,63,73,1.1643835616438356,0.051660769401756894,621,"No, this doesn’t make your butt look big!"
1528,5572,3,6,64,73,1.1643835616438356,0.05522094348149691,621,"Jush Hand wash it in lukewarm water,then hangit outto dry"
1480,5572,2,8,63,73,1.1643835616438356,0.051660769401756894,621,"A litttle tip, taking a piss is a bitch."
1953,5572,1,10,62,73,1.1643835616438356,0.04783636264784695,621,I don't think it's the right anti-Trump move.
2050,5572,2,8,63,73,1.1643835616438356,0.051660769401756894,621,"Our blacksmith only works on Tuesdays and Thursdays, so I'm afraid you'll have to leave it or come back then."
2208,5572,1,10,62,73,1.1643835616438356,0.04783636264784695,621,Really critical this time to know whether you dress right or dress left.
2239,5572,2,8,63,73,1.1643835616438356,0.051660769401756894,621,The new Flex technology makes this suit perfect for  that  transition  from  active wear to evening wear.
2743,5572,0,12,61,73,1.1643835616438356,0.043678370935408654,621,"It’s a little heavy round the neck, for obvious reasons"
2831,5572,0,12,61,73,1.1643835616438356,0.043678370935408654,621,"Personally, I find it delightfully retro."
3089,5572,1,10,62,73,1.1643835616438356,0.04783636264784695,621,We also have it in copper and brass.
3368,5572,3,6,64,73,1.1643835616438356,0.05522094348149691,621,"He turned once again toward the mirror, because it had to appear as though he were admiring himself in all his glory.
""Yes, I am ready!"" said Emperor Trump, ""Don't they fit well?"""
3425,5572,0,12,61,73,1.1643835616438356,0.043678370935408654,621,Guaranteed to withstand the slings and arrows of fake news.
3463,5572,0,12,61,73,1.1643835616438356,0.043678370935408654,621,It’s the ultimate in metrosexual.
3782,5572,0,12,61,73,1.1643835616438356,0.043678370935408654,621,We also have this style in stainless steel.
4244,5572,1,10,62,73,1.1643835616438356,0.04783636264784695,621,"We also have this in tweed, spandex, and brick."
4625,5624,0,13,67,80,1.1625,0.0415054899525657,621,"If we take in the side plates an inch or so, it will be the perfect suit."
5589,5624,3,7,70,80,1.1625,0.05169209596069913,621,It's all the rage on the Syrian catwalks
4695,5624,3,7,70,80,1.1625,0.05169209596069913,621,This style is for those hard-hitting business questions.
6076,5624,3,7,70,80,1.1625,0.05169209596069913,621,"This material is guaranteed not to wrinkle, rust and is chink-free!"
2932,5624,3,7,70,80,1.1625,0.05169209596069913,621,It's at the top of our 'Guilty of Adultery' line of  suits
1232,5624,4,5,71,80,1.1625,0.054667435288411496,621,Yes it does slim you down nicely in the can!
528,5624,1,11,68,80,1.1625,0.04515707466615905,621,Say yes to the joust !
1565,5624,2,9,69,80,1.1625,0.0485346998405017,621,"It's definitely you, Mr. Asimov."
3519,5632,1,10,63,74,1.162162162162162,0.047237758050578095,621,You'll save a fortune in starch.
3697,5632,1,10,63,74,1.162162162162162,0.047237758050578095,621,this outfit is for night time activity
3839,5632,1,10,63,74,1.162162162162162,0.047237758050578095,621,"Well,they do say you should dress for the job you want...."
4124,5632,2,8,64,74,1.162162162162162,0.05100626464063538,621,"It is now de rigueur  for a cabinet post.



Stephen Paeplow
Granger,Indiana"
4160,5632,1,10,63,74,1.162162162162162,0.047237758050578095,621,We’re partnering with J&M Welding for any custom tailoring  needs that may arise.
4162,5632,1,10,63,74,1.162162162162162,0.047237758050578095,621,"And if you purchase the 'Jousting Package',  I'll throw in the undercoating."
4338,5632,3,6,65,74,1.162162162162162,0.05451488126682573,621,"My lord, I promise this armor doesn't make your butt look big"
4342,5632,2,8,64,74,1.162162162162162,0.05100626464063538,621,"Yes, this is our mid-alloy edition, perfect for the gentleman experiencing a mid-kinght crisis."
4733,5632,3,6,65,74,1.162162162162162,0.05451488126682573,621,Congressional hearings ain't what they used to be!
5081,5632,3,6,65,74,1.162162162162162,0.05451488126682573,621,"Yes, sir. If she asked for a knight in shining armour, then this is the perfect outfit for her birthday."
5310,5632,3,6,65,74,1.162162162162162,0.05451488126682573,621,This is our most popular athletic jousting cut.
5530,5632,2,8,64,74,1.162162162162162,0.05100626464063538,621,It's the newest wrinkle from Under Armour . . . Non-wrinkle!
5596,5632,2,8,64,74,1.162162162162162,0.05100626464063538,621,"Sir, I think that is just the look you need to do go out and do business.  No, invisible is not available."
5767,5632,1,10,63,74,1.162162162162162,0.047237758050578095,621,"Rust inhibitor is, of course, an additional $29.95..."
5883,5632,1,10,63,74,1.162162162162162,0.047237758050578095,621,Mr Trump. It’s exactly what you need
6281,5632,3,6,65,74,1.162162162162162,0.05451488126682573,621,You've probably stopped growing.
6542,5632,1,10,63,74,1.162162162162162,0.047237758050578095,621,I'm not saying she'll think of you as such but it could get her to look twice.
6763,5632,2,8,64,74,1.162162162162162,0.05100626464063538,621,The color really brings out your eyes.
6805,5632,1,10,63,74,1.162162162162162,0.047237758050578095,621,"You’ll find a good selection of lances in the men’s accessories department down on the first floor, sir."
7082,5632,3,6,65,74,1.162162162162162,0.05451488126682573,621,It's our top seller for guys why really hate ticks.
7199,5632,2,8,64,74,1.162162162162162,0.05100626464063538,621,"No, Sir Randall, the culet doesn't make your bum look big."
7310,5632,2,8,64,74,1.162162162162162,0.05100626464063538,621,"Of course, it does come with one of are own complementary oil cans!"
3448,5632,3,6,65,74,1.162162162162162,0.05451488126682573,621,It will just the think when the other 99% catch on
7423,5632,3,6,65,74,1.162162162162162,0.05451488126682573,621,"If you buy two, I’ll throw in a joust."
5736,5632,2,8,64,74,1.162162162162162,0.05100626464063538,621,I think it is a little tight in the knees.
3315,5632,1,10,63,74,1.162162162162162,0.047237758050578095,621,It's perfect for the aspiring Crusader.
1866,5632,1,10,63,74,1.162162162162162,0.047237758050578095,621,Retro is in again.
2977,5632,3,6,65,74,1.162162162162162,0.05451488126682573,621,How does it feel around the waist?
95,5632,1,10,63,74,1.162162162162162,0.047237758050578095,621,Good knight!
128,5632,2,8,64,74,1.162162162162162,0.05100626464063538,621,"It comes with free tailoring and a can of oil, sir."
242,5632,3,6,65,74,1.162162162162162,0.05451488126682573,621,We can accessorize with something from our fine lance collection.
488,5632,1,10,63,74,1.162162162162162,0.047237758050578095,621,Our TinMan is considered the best in the business!
615,5632,2,8,64,74,1.162162162162162,0.05100626464063538,621,You'd better buy it fast.  They're selling like hotcakes.
3164,5632,2,8,64,74,1.162162162162162,0.05100626464063538,621,Shining armour is out.  Nowadays women want matted.
686,5632,0,12,62,74,1.162162162162162,0.043141308959040406,621,"The entire suit fits you like a glove and comes with a free case
 of Armor-all."
857,5632,1,10,63,74,1.162162162162162,0.047237758050578095,621,You will definitely get more use out of this one..
898,5632,1,10,63,74,1.162162162162162,0.047237758050578095,621,"You can wear it at night, and it never needs ironing."
1018,5632,3,6,65,74,1.162162162162162,0.05451488126682573,621,Yes ! Yes! So to not get stabbed in the arse...Don't stand turn and wave....Sir
1182,5632,1,10,63,74,1.162162162162162,0.047237758050578095,621,"Wear it before a fight, not flight."
680,5632,3,6,65,74,1.162162162162162,0.05451488126682573,621,Squire included at small additional cost.
1336,5632,3,6,65,74,1.162162162162162,0.05451488126682573,621,"Completely traditional, but still very distinctive."
1345,5632,2,8,64,74,1.162162162162162,0.05100626464063538,621,"In addition to Under Armor, we also offer Nike and Adidas."
1493,5632,2,8,64,74,1.162162162162162,0.05100626464063538,621,"The ladies are going to love how you look, Harvey.  I guarantee it!"
1920,5632,3,6,65,74,1.162162162162162,0.05451488126682573,621,"And of course, it comes with a three-joust warranty."
2289,5632,1,10,63,74,1.162162162162162,0.047237758050578095,621,And  it comes with a can of WD 40 in case of inclement weather
2441,5632,2,8,64,74,1.162162162162162,0.05100626464063538,621,"This takes the iron butt to a whole new level, Sir"
2711,5632,1,10,63,74,1.162162162162162,0.047237758050578095,621,Do you have anything in a gray chain mail?
2825,5632,2,8,64,74,1.162162162162162,0.05100626464063538,621,It looks great with the black wing tips.
2962,5632,2,8,64,74,1.162162162162162,0.05100626464063538,621,It's from our Outrageous Fortune Collection.
2972,5632,3,6,65,74,1.162162162162162,0.05451488126682573,621,"Why yes, we do offer a three year extended protection option."
1285,5632,3,6,65,74,1.162162162162162,0.05451488126682573,621,Perfect for Battle or a Knight on the town.
5941,5683,3,7,71,81,1.1604938271604939,0.05108933752236682,621,We can throw in the lance but not the horse.
5335,5683,4,5,72,81,1.1604938271604939,0.054025571572940904,621,You’ll see a similar cut on all the knights in the jousting arenas in Milan.
5111,5683,3,7,71,81,1.1604938271604939,0.05108933752236682,621,I said I needed a nice suit.
3349,5683,3,7,71,81,1.1604938271604939,0.05108933752236682,621,This look is popular among my middle-aged clients.
4682,5683,4,5,72,81,1.1604938271604939,0.054025571572940904,621,"Shiny, Mal."
5252,5688,2,8,65,75,1.16,0.05036801501882853,621,"Don't forget, it comes with a 10-year, 
10,000 tournament anti-rust thru warranty."
5293,5688,2,8,65,75,1.16,0.05036801501882853,621,It just shouts big knight on the town.
5172,5688,2,8,65,75,1.16,0.05036801501882853,621,"No, not drycleaning, but it is somewhat high maintenance."
5091,5688,3,6,66,75,1.16,0.0538265482573172,621,Dilly. Dilly.
4990,5688,1,10,64,75,1.16,0.04665379487862243,621,"If you're looking for something more summery, it also comes in khaki!"
4949,5688,1,10,64,75,1.16,0.04665379487862243,621,It's supposed to be snug in the crotch.
4890,5688,1,10,64,75,1.16,0.04665379487862243,621,"In that suit, you'll knock them dead!"
4885,5688,4,4,67,75,1.16,0.05707589384019892,621,Picking up a suit for the imminent Hunger Games world?
4674,5688,2,8,65,75,1.16,0.05036801501882853,621,"Batman
Your new suit is very becoming"
3596,5688,2,8,65,75,1.16,0.05036801501882853,621,"And, you get a free can of WD-40!"
4519,5688,3,6,66,75,1.16,0.0538265482573172,621,I’ll take it!
4349,5688,2,8,65,75,1.16,0.05036801501882853,621,We do have slimmer versions but they leave rather vulnerable areas at a greater disadvantage than I think you'd be comfortable with
4173,5688,2,8,65,75,1.16,0.05036801501882853,621,"Will you be wearing it home sir?"" ""Or shall we deliver it?"
3888,5688,4,4,67,75,1.16,0.05707589384019892,621,Just think how many damsels in distress you’ll meet in this.
3862,5688,2,8,65,75,1.16,0.05036801501882853,621,Includes oil can for those squeaky places.
3784,5688,2,8,65,75,1.16,0.05036801501882853,621,Do you think I will clear TSA?
3769,5688,3,6,66,75,1.16,0.0538265482573172,621,"I'm afraid we don't carry any no-iron suits, sir."
5318,5688,4,4,67,75,1.16,0.05707589384019892,621,Returning to the ways of the past is very en vogue lately.
3560,5688,2,8,65,75,1.16,0.05036801501882853,621,The donkey has gone rogue but we've arranged for you to kick some asses.
4642,5688,2,8,65,75,1.16,0.05036801501882853,621,"Sir, are you ready for the knightlife?"
5389,5688,3,6,66,75,1.16,0.0538265482573172,621,"Perhaps you meant an EVENING jacket, sir."
6445,5688,2,8,65,75,1.16,0.05036801501882853,621,This one's on sale for $1999.  But I still don't think that's what she meant.
5565,5688,1,10,64,75,1.16,0.04665379487862243,621,"Never needs dry cleaning, just a hose."
3549,5688,1,10,64,75,1.16,0.04665379487862243,621,It’s from our Summer Crusade 2018 collection.
7442,5688,2,8,65,75,1.16,0.05036801501882853,621,It's guaranteed to protect you from immigrants.
7268,5688,2,8,65,75,1.16,0.05036801501882853,621,I hear Yanni and see a blue dress
7256,5688,3,6,66,75,1.16,0.0538265482573172,621,"""I'm terribly orry, Mr, G"
6942,5688,1,10,64,75,1.16,0.04665379487862243,621,I know it's a bit heavy but it protects your private parts really well.
6754,5688,1,10,64,75,1.16,0.04665379487862243,621,Stain resistance is a given.
6727,5688,1,10,64,75,1.16,0.04665379487862243,621,Metallics are very in this season.
6555,5688,2,8,65,75,1.16,0.05036801501882853,621,"So,  do you think you can charm her in this armor?"
6344,5688,1,10,64,75,1.16,0.04665379487862243,621,"Unfortunately, we have to charge to redo the hem."
6316,5688,1,10,64,75,1.16,0.04665379487862243,621,It'll look better when it's tailored a little bit
6305,5688,3,6,66,75,1.16,0.0538265482573172,621,"Excuse me sir, but do you dress to the right or to the left?"
6297,5688,2,8,65,75,1.16,0.05036801501882853,621,"Dry cleaning only, or else it would rust"
6201,5688,2,8,65,75,1.16,0.05036801501882853,621,Guarenteed not to shrink or require ironing.
6127,5688,2,8,65,75,1.16,0.05036801501882853,621,What'e thereto think about? It's the last one we have and it's your size.
6015,5688,3,6,66,75,1.16,0.0538265482573172,621,"That suit fits you to a ""T"", but don't gain any weight."
5815,5688,1,10,64,75,1.16,0.04665379487862243,621,"I promise you, it’s the very latest in street chic."
5781,5688,4,4,67,75,1.16,0.05707589384019892,621,Cuirass looks great in that.
5752,5688,1,10,64,75,1.16,0.04665379487862243,621,"Weapons and mounts are all on the third floor. As for a maiden...well, our cosmetics department is yours to pillage, Mr. Lancelot."
5568,5688,4,4,67,75,1.16,0.05707589384019892,621,Against Goliath I could instead offer five smooth stones and a sling.
5436,5688,1,10,64,75,1.16,0.04665379487862243,621,"Relax, full armor never goes out of style."
3258,5688,1,10,64,75,1.16,0.04665379487862243,621,"Shining included, Sir, as always."
7430,5688,1,10,64,75,1.16,0.04665379487862243,621,"On the contrary, I don't think it makes you look fat at all."
3113,5688,2,8,65,75,1.16,0.05036801501882853,621,This should help your phantom body syndrome.
1348,5688,2,8,65,75,1.16,0.05036801501882853,621,Alterations are in the basement foundry.
1222,5688,2,8,65,75,1.16,0.05036801501882853,621,"Yeah, alternations are expensive, but it wears like iron."
1103,5688,3,6,66,75,1.16,0.0538265482573172,621,Once it’s fully oiled it’ll fit you like a glove.
1079,5688,2,8,65,75,1.16,0.05036801501882853,621,Under Armour’s new Goth collection is flying off the rack.
1024,5688,2,8,65,75,1.16,0.05036801501882853,621,It's our best deal on carry-over stock.
988,5688,2,8,65,75,1.16,0.05036801501882853,621,We have one in a navy pinstripe in the window. I can have it sent up if you like.
964,5688,1,10,64,75,1.16,0.04665379487862243,621,And it comes with our best wishes as the next press secretary.
927,5688,2,8,65,75,1.16,0.05036801501882853,621,Take the whole outfit and we'll throw in the steel toed boots for free
903,5688,2,8,65,75,1.16,0.05036801501882853,621,"They call it ""cabinet-wear""... as in Trump cabinet-wear..."""
766,5688,1,10,64,75,1.16,0.04665379487862243,621,Over here sir I've laid out some lovely shirts and ties to go with the suit.
562,5688,1,10,64,75,1.16,0.04665379487862243,621,And it’s perfect for casual Friday’s.
557,5688,1,10,64,75,1.16,0.04665379487862243,621,"We can certainly take it in a bit, but it will take a week because our welder is on vacation."
417,5688,2,8,65,75,1.16,0.05036801501882853,621,"The kinks really are what make this suit, sir."
190,5688,2,8,65,75,1.16,0.05036801501882853,621,It puts the male back into the mail.
154,5688,2,8,65,75,1.16,0.05036801501882853,621,Brand new accessory.  We call it the modpiece.
107,5688,2,8,65,75,1.16,0.05036801501882853,621,You won't meet yourself coming and going.
105,5688,4,4,67,75,1.16,0.05707589384019892,621,It also comes in Papa.
23,5688,1,10,64,75,1.16,0.04665379487862243,621,"I'll tell you what, she'll never call you underdressed again."
3148,5688,1,10,64,75,1.16,0.04665379487862243,621,"‘Is it machine washable? Well, I’m glad you asked...’"
1494,5688,2,8,65,75,1.16,0.05036801501882853,621,I know what you're thinking. It's a bit tight but it'll stretch out with time.
1523,5688,1,10,64,75,1.16,0.04665379487862243,621,It matches your magnetic personality.
869,5688,1,10,64,75,1.16,0.04665379487862243,621,I see you're recognizing your remaining vulnerabilities.
1555,5688,3,6,66,75,1.16,0.0538265482573172,621,"WILL YOU BE WANTING THE BATMOBILE, SIR?"
1549,5688,2,8,65,75,1.16,0.05036801501882853,621,"That armor really suits you, sir."
3107,5688,2,8,65,75,1.16,0.05036801501882853,621,"The no-iron material gives the suit an aggressive elegance, don’t you think?"
2871,5688,2,8,65,75,1.16,0.05036801501882853,621,"Don't worry, we can take it in."
2819,5688,2,8,65,75,1.16,0.05036801501882853,621,"Yes... as stiff as the COMPETITION, I like to say!"
2775,5688,1,10,64,75,1.16,0.04665379487862243,621,"When I said I was looking for an a suit for tonight, I meant evening attire"
2574,5688,2,8,65,75,1.16,0.05036801501882853,621,"Let me get our blacksmith. He can tighten up that breast plate, and cuff those greaves, for a minimal alterations charge."
2382,5688,1,10,64,75,1.16,0.04665379487862243,621,It's our top-of-the-line summer model. Has air conditioning.
2339,5688,1,10,64,75,1.16,0.04665379487862243,621,"Do you dress right or left, sir?"
2277,5688,1,10,64,75,1.16,0.04665379487862243,621,Fits like a horseshoe.
2211,5688,1,10,64,75,1.16,0.04665379487862243,621,"Nothing says 'woke' like our signature, handcrafted, medieval codpiece, sir."
2448,5688,2,8,65,75,1.16,0.05036801501882853,621,"And with it's 26D Satin Chromium plated finish, along with the optional Polarized visor, you won't have to worry about having glare from it interfering with your vision."
1982,5688,2,8,65,75,1.16,0.05036801501882853,621,"This is one of our more versatile suits, capable of withstanding the rigors of battle, while stylish enough for rescuing a damsel in distress."
1706,5688,1,10,64,75,1.16,0.04665379487862243,621,We call this suit ‘Outer Armour’ for those really tough negations
1769,5688,3,6,66,75,1.16,0.0538265482573172,621,"This will silence those complaining about your armor’s sheen, Mr. Conquistador."
1821,5688,2,8,65,75,1.16,0.05036801501882853,621,"Wrinkle free, stain resistant and doesn't require dry cleaning!"
1933,5688,4,4,67,75,1.16,0.05707589384019892,621,"It's very popular, it's for encountering Trump supporters
Keith McLeod"
1579,5688,2,8,65,75,1.16,0.05036801501882853,621,Thr Press Corps is assembled .
1972,5688,1,10,64,75,1.16,0.04665379487862243,621,"And it’s  totally easy care - no washer, no dryer, no iron!"
1980,5688,1,10,64,75,1.16,0.04665379487862243,621,Any chance you can get me into this wedding?
1964,5688,2,8,65,75,1.16,0.05036801501882853,621,It's never out of fashion
658,5777,2,9,71,82,1.1585365853658536,0.04742547425474254,621,please stop LARPing in this clothes store
5148,5778,2,8,66,76,1.1578947368421053,0.049745427644764306,621,It's sustainable fashion.
4514,5778,3,6,67,76,1.1578947368421053,0.0531552891492741,621,"Superman, man of steel, how about another costume for special occasions?"
4552,5778,1,10,65,76,1.1578947368421053,0.0460839492511007,621,"And for the final trousers, do you dress left or right?"
4716,5778,0,12,64,76,1.1578947368421053,0.04210526315789474,621,"Very nice, Sir. A few spot welds and it'll be perfect."
4923,5778,2,8,66,76,1.1578947368421053,0.049745427644764306,621,Does this suit make my butt look Chivalrous?
5002,5778,2,8,66,76,1.1578947368421053,0.049745427644764306,621,"Oh sir, that suit is you!"
5042,5778,2,8,66,76,1.1578947368421053,0.049745427644764306,621,"Are you sure nobody in Gotham will recognize me, Alfred?"
5062,5778,3,6,67,76,1.1578947368421053,0.0531552891492741,621,....and this will  keep the mosquitoes away!
5311,5778,1,10,65,76,1.1578947368421053,0.0460839492511007,621,"Yes, it's a little pricy, but it's highly sustainable"
6924,5778,1,10,65,76,1.1578947368421053,0.0460839492511007,621,Alterations are a little more expensive with this style as we will need to send it out to the machine shop.
5438,5778,2,8,66,76,1.1578947368421053,0.049745427644764306,621,"The answer to your question is, I assure you it will not wear out."
5689,5778,1,10,65,76,1.1578947368421053,0.0460839492511007,621,I think it really brings out the blue in your eyes.
5819,5778,3,6,67,76,1.1578947368421053,0.0531552891492741,621,...and you get a year's supply of WD 40...
6444,5778,3,6,67,76,1.1578947368421053,0.0531552891492741,621,It's lighter than it looks -- it's annodized kevlar.
6529,5778,1,10,65,76,1.1578947368421053,0.0460839492511007,621,"If it pinches, we can let out the Bevor and the Plackart a bit without spoiling its classic lines."
6617,5778,1,10,65,76,1.1578947368421053,0.0460839492511007,621,And it's great for deflecting criticism…
6671,5778,1,10,65,76,1.1578947368421053,0.0460839492511007,621,It doesn’t make you look fat!!
6773,5778,4,4,68,76,1.1578947368421053,0.05635922247090881,621,Arm yourself with the latest fashions.
7354,5778,4,4,68,76,1.1578947368421053,0.05635922247090881,621,"Me Too, FOMO, Nuclear Attack . . .Any occasion."
4242,5778,2,8,66,76,1.1578947368421053,0.049745427644764306,621,And it's exclusively made with recycled Soyuz space capsule fibers
5364,5778,2,8,66,76,1.1578947368421053,0.049745427644764306,621,"I know it’s shiny, but is it slimming?"
4202,5778,3,6,67,76,1.1578947368421053,0.0531552891492741,621,It comes with two pairs of gauntlets.
3331,5778,3,6,67,76,1.1578947368421053,0.0531552891492741,621,Our finest in non-iron-able.
3707,5778,2,8,66,76,1.1578947368421053,0.049745427644764306,621,"Actually, your left hand is covering the hole for air-conditioning"
4126,5778,3,6,67,76,1.1578947368421053,0.0531552891492741,621,"No, I don't think it makes you look fat."
126,5778,3,6,67,76,1.1578947368421053,0.0531552891492741,621,"And might I add, it's very sliming."
769,5778,3,6,67,76,1.1578947368421053,0.0531552891492741,621,Back to school?
960,5778,3,6,67,76,1.1578947368421053,0.0531552891492741,621,"Your reputation is forever intact, it's made of teflon."
1390,5778,2,8,66,76,1.1578947368421053,0.049745427644764306,621,... and it will de rigueur for years to come.
1641,5778,3,6,67,76,1.1578947368421053,0.0531552891492741,621,We all go through a mid-life crisis.
1814,5778,4,4,68,76,1.1578947368421053,0.05635922247090881,621,"Perfect for Mr Rogers' ""It's What's On the Inside That Counts"" Party"
1834,5778,2,8,66,76,1.1578947368421053,0.049745427644764306,621,it comes with a matching set
1904,5778,2,8,66,76,1.1578947368421053,0.049745427644764306,621,You just keep referring all your medieval reenactment buffs and I’ll be sure to joust ‘em a good deal.
1822,5778,2,8,66,76,1.1578947368421053,0.049745427644764306,621,"May I show you the matching flail, sir?"
2216,5778,1,10,65,76,1.1578947368421053,0.0460839492511007,621,"That makes you look really buff, sir."
2265,5778,3,6,67,76,1.1578947368421053,0.0531552891492741,621,"This is Prague, heh heh, so the Czech's in the mail."
2384,5778,2,8,66,76,1.1578947368421053,0.049745427644764306,621,Now turn around and bend forward. This is the latest convenience for waste elimination.
2985,5778,3,6,67,76,1.1578947368421053,0.0531552891492741,621,The board thinks it will become as popular as Under Armour with the teens.
3171,5778,3,6,67,76,1.1578947368421053,0.0531552891492741,621,This is our newest model the material is very durable and won't wrinkle.
3181,5778,2,8,66,76,1.1578947368421053,0.049745427644764306,621,Does this come in carbon fibre?
3200,5778,1,10,65,76,1.1578947368421053,0.0460839492511007,621,And does monsieur feel the matching gauntlets are suitable for throwing down?
3644,5778,3,6,67,76,1.1578947368421053,0.0531552891492741,621,"At this price, it is a steel. No alterations though."
2175,5778,2,8,66,76,1.1578947368421053,0.049745427644764306,621,"Sir, I'm afraid this only comes in ONE SIZE FITS ALL."
6220,5821,1,10,66,77,1.155844155844156,0.04552772158797496,621,You said you wanted something daring and charming Madam...
7124,5821,0,12,65,77,1.155844155844156,0.04160540750111606,621,It's perfect for casual Friday'!
6888,5821,1,10,66,77,1.155844155844156,0.04552772158797496,621,"You wanna break through the glass ceiling, Mrs Davis? Then go for the suit."
6871,5821,2,8,67,77,1.155844155844156,0.04913793781438531,621,Cuffs or unhemmed?
6534,5821,2,8,67,77,1.155844155844156,0.04913793781438531,621,It looks a little tight around the waist.
4832,5821,3,6,68,77,1.155844155844156,0.0525004803055042,621,"It's perfect for Congress, sir!"
6792,5821,2,8,67,77,1.155844155844156,0.04913793781438531,621,"I think there has been a misunderstanding, Mr. Manafort. This armor will not protect you from your ties to Trump. However, at only $100,000 it’s a steal and a must have for any versatile wardrobe.”"
3805,5821,2,8,67,77,1.155844155844156,0.04913793781438531,621,"Yes, but the chain mail is SO last year.   I assure that this Roundtable style is quite dashing!"
1583,5821,0,12,65,77,1.155844155844156,0.04160540750111606,621,You will get used to the squeaking after a while.
1193,5821,1,10,66,77,1.155844155844156,0.04552772158797496,621,Quite the opposite! I think it takes ten pounds off your posterior.
1114,5821,2,8,67,77,1.155844155844156,0.04913793781438531,621,I wish you had told me you dress on the right!
4267,5821,2,8,67,77,1.155844155844156,0.04913793781438531,621,"Our return policy does not cover rusting, so water coolers are best avoided."
5835,5833,2,7,62,71,1.1549295774647887,0.05172239521306923,621,"The table may be round, but this is the new slimming look."
5727,5833,1,9,61,71,1.1549295774647887,0.0476738049630549,621,"Hmm, it’s a bit tight, can you see my helmet?"
5627,5833,1,9,61,71,1.1549295774647887,0.0476738049630549,621,It's the ultimate in our fall retro line.  And no dry cleaning bills.  Just a moist cloth and a can of WD-40 is all you40AdobeOrg
5464,5833,2,7,62,71,1.1549295774647887,0.05172239521306923,621,Do you have anything a little breezier?
5454,5833,2,7,62,71,1.1549295774647887,0.05172239521306923,621,This is the new look. Those vertical stripes are SO 12th Century!
4714,5833,2,7,62,71,1.1549295774647887,0.05172239521306923,621,"Think of it as ""joist casual."""
4876,5833,1,9,61,71,1.1549295774647887,0.0476738049630549,621,"Of course, our deluxe Casanova model features a frontal flap as an option."
4525,5833,1,9,61,71,1.1549295774647887,0.0476738049630549,621,"Life is tough darling, but so are you."
4409,5833,1,9,61,71,1.1549295774647887,0.0476738049630549,621,"And unlike the lumbersexual look, all that attention to personal grooming can take a back seat."
4346,5833,2,7,62,71,1.1549295774647887,0.05172239521306923,621,It's our most popular model.  We have it in regular for hard knocks and heavy duty for slings and arrows.
3974,5833,4,3,64,71,1.1549295774647887,0.05899182265721229,621,You're all set for the modern times of this administration with the extra goodie of foiling those facial recognition cameras.
5133,5833,2,7,62,71,1.1549295774647887,0.05172239521306923,621,Our very best volcano suit.
5881,5833,3,5,63,71,1.1549295774647887,0.055476307136456515,621,"I'm sorry sir,this suit does not have a zipper opening.
We only use buttons."
6040,5833,1,9,61,71,1.1549295774647887,0.0476738049630549,621,"Yes, its our new the type ""A"" personality line.  Would you like to see the matching sword stick pin?"
6137,5833,0,11,60,71,1.1549295774647887,0.04324785766640781,621,"Very good sir, I will summon the tailor.  Did you bring a pair of dress sollerets; or would you like me retrieve a house pair for the fitting?"
6270,5833,1,9,61,71,1.1549295774647887,0.0476738049630549,621,"Just apply a few drops of oil weekly to the joints, Sir."
6532,5833,3,5,63,71,1.1549295774647887,0.055476307136456515,621,You'll be her knight in shining armor.
6672,5833,2,7,62,71,1.1549295774647887,0.05172239521306923,621,It goes well with a solid red power tie.
6704,5833,2,7,62,71,1.1549295774647887,0.05172239521306923,621,"Alterations are included, we have a machinist at the store."
6893,5833,1,9,61,71,1.1549295774647887,0.0476738049630549,621,"Lancelot, that suits you!"
6912,5833,2,7,62,71,1.1549295774647887,0.05172239521306923,621,"Sir, I still say Stormy's going to recognize you."
7092,5833,2,7,62,71,1.1549295774647887,0.05172239521306923,621,"Thanks to Trump, I'll soon be able to serve a King again."
7206,5833,3,5,63,71,1.1549295774647887,0.055476307136456515,621,It's the latest trend in mail attire.
7216,5833,1,9,61,71,1.1549295774647887,0.0476738049630549,621,"Yes, this is our latest line for those who prefer to dress defensively."
7303,5833,1,9,61,71,1.1549295774647887,0.0476738049630549,621,I’m sure it will come back into fashion.
7471,5833,3,5,63,71,1.1549295774647887,0.055476307136456515,621,This is our top of the line power suit...can I show you some accessories?
5895,5833,2,7,62,71,1.1549295774647887,0.05172239521306923,621,It's all the rage at the White House
3912,5833,4,3,64,71,1.1549295774647887,0.05899182265721229,621,I told you that you’re not in Oz.  youewyorker.com/cartoons/contest#thisweek?reload=true
3412,5833,2,7,62,71,1.1549295774647887,0.05172239521306923,621,"That's the out the door, in the box  with every rebate price....
rustproofing included!!"
3609,5833,4,3,64,71,1.1549295774647887,0.05899182265721229,621,"It's what all the new Trump hires are wearing..... It is supposed to increase their job security when dealing with the press, Congress and their boss!"
3738,5833,3,5,63,71,1.1549295774647887,0.055476307136456515,621,Now this suit is 100% organic
226,5833,1,9,61,71,1.1549295774647887,0.0476738049630549,621,We also have it in three buttons.
319,5833,5,1,65,71,1.1549295774647887,0.06230930610544074,621,It's the latest fashion must for those raking in outrageous fortune!
506,5833,2,7,62,71,1.1549295774647887,0.05172239521306923,621,I cannot give you any guarantee if you could have this tomorrow. It is the last one.
725,5833,1,9,61,71,1.1549295774647887,0.0476738049630549,621,"Sir, I realize family gatherings can be awkward, but is this really the best suit choice for your ex-wife's wedding?"
748,5833,2,7,62,71,1.1549295774647887,0.05172239521306923,621,"This is our top of the line jouster.  When Lenny finishes welding the final changes, I guarantee you'll win that damsel."
1095,5833,2,7,62,71,1.1549295774647887,0.05172239521306923,621,It comes with one year of unlimited hardware repair and a link to online instruction in use of the battle axe and longbow.
1319,5833,1,9,61,71,1.1549295774647887,0.0476738049630549,621,"I believe it is: ""Mirror, mirror, on the glass..."""
1534,5833,2,7,62,71,1.1549295774647887,0.05172239521306923,621,"Now, none of your family can find your weak spots."
1603,5833,2,7,62,71,1.1549295774647887,0.05172239521306923,621,It's exactly the same model as Mr. Zuckerberg's. Cloaking device activation is on the wrist modem.
1691,5833,1,9,61,71,1.1549295774647887,0.0476738049630549,621,"M 16? Look, its for show."
1707,5833,1,9,61,71,1.1549295774647887,0.0476738049630549,621,"It's very popular nowadays.  Rust proof stainless, and instead of dry cleaning just walk slowly through a carwash."
737,5833,0,11,60,71,1.1549295774647887,0.04324785766640781,621,And it's wrinkle-resistant.
1960,5833,2,7,62,71,1.1549295774647887,0.05172239521306923,621,Did I mention it's non-iron.
2056,5833,3,5,63,71,1.1549295774647887,0.055476307136456515,621,I like it but can you bring out the waist a tad?
2091,5833,1,9,61,71,1.1549295774647887,0.0476738049630549,621,There is a surcharge for chivalry...
2544,5833,1,9,61,71,1.1549295774647887,0.0476738049630549,621,You look like a million rivets!
2602,5833,0,11,60,71,1.1549295774647887,0.04324785766640781,621,"The Knight in Shining Armour look, always a classic."
2659,5833,2,7,62,71,1.1549295774647887,0.05172239521306923,621,"That Mad Men episode with the lawnmower really did a number on you, huh?"
2817,5833,3,5,63,71,1.1549295774647887,0.055476307136456515,621,"I'll check to see if we have it in pink, Sir."
2904,5833,4,3,64,71,1.1549295774647887,0.05899182265721229,621,"..."" it suits you, Sir Lancelot! """
2996,5833,0,11,60,71,1.1549295774647887,0.04324785766640781,621,"Yes, you do qualify for our Veterans Day sale."
3008,5833,3,5,63,71,1.1549295774647887,0.055476307136456515,621,The rivets are slimming.
3211,5833,2,7,62,71,1.1549295774647887,0.05172239521306923,621,"Yes, you wear the visor down, when you want a more formal declaration of war."
1813,5833,0,11,60,71,1.1549295774647887,0.04324785766640781,621,I hear the dress code for the next Royal Wedding is going to be medieval white tie.
3335,5833,2,7,62,71,1.1549295774647887,0.05172239521306923,621,"Going into the midterms, Mr. Senator, I think you'll need something more durable."""
6328,5889,1,10,67,78,1.1538461538461537,0.04498463524619038,621,Don't wear it swimming!
1239,5889,2,8,68,78,1.1538461538461537,0.048545007377001466,621,It also comes with optional wi-fi surround-sound ...
4653,5891,1,9,62,72,1.1527777777777777,0.04705623039870244,621,With your chivalric demeanor the ladies will find you irrestible when you wear this suit.
6486,5891,2,7,63,72,1.1527777777777777,0.051044344702082634,621,"Edna, I like it."
6469,5891,0,11,61,72,1.1527777777777777,0.0426972190266123,621,Just throw it in the dryer and it self polishes.
6291,5891,2,7,63,72,1.1527777777777777,0.051044344702082634,621,We'll bring in the shoulders so you'll be less of a target.
6246,5891,1,9,62,72,1.1527777777777777,0.04705623039870244,621,And your mother will sleep better.
6039,5891,1,9,62,72,1.1527777777777777,0.04705623039870244,621,Armour All will keep it looking like new!
5726,5891,1,9,62,72,1.1527777777777777,0.04705623039870244,621,No ironing needed.
5584,5891,1,9,62,72,1.1527777777777777,0.04705623039870244,621,“I’m a shell of my former self.“
5146,5891,2,7,63,72,1.1527777777777777,0.051044344702082634,621,A canister of W-2 comes with the purchase.
5026,5891,1,9,62,72,1.1527777777777777,0.04705623039870244,621,Women do quite like a man in uniform!
4997,5891,2,7,63,72,1.1527777777777777,0.051044344702082634,621,We’ll show them.
4784,5891,1,9,62,72,1.1527777777777777,0.04705623039870244,621,"Notice the inseam.  If done incorrectly, it can be a real problem."
4721,5891,1,9,62,72,1.1527777777777777,0.04705623039870244,621,The seams have GorTex so it won’t rust when you joust in the rain
6614,5891,1,9,62,72,1.1527777777777777,0.04705623039870244,621,I hear it'll be sunny and dry for the rest of the summer.
4594,5891,1,9,62,72,1.1527777777777777,0.04705623039870244,621,Perfect atire for your new Presidential Spokesperson job.
286,5891,1,9,62,72,1.1527777777777777,0.04705623039870244,621,Fits you like a gauntlet.
3951,5891,2,7,63,72,1.1527777777777777,0.051044344702082634,621,Now I wasn't exactly sure what you meant by a silver suit but now I realize you didn't mean a suit of silver.
3748,5891,2,7,63,72,1.1527777777777777,0.051044344702082634,621,"Certainly, our blacksmith will be happy to take that in a few inches."
3565,5891,2,7,63,72,1.1527777777777777,0.051044344702082634,621,This one looks nice on you!
3452,5891,1,9,62,72,1.1527777777777777,0.04705623039870244,621,Our tailor has a Masters in metallurgy.
3103,5891,2,7,63,72,1.1527777777777777,0.051044344702082634,621,I noticed your stallion was perusing the chain mail.
3048,5891,2,7,63,72,1.1527777777777777,0.051044344702082634,621,"Once broken in, it is even sexier!"
2937,5891,3,5,64,72,1.1527777777777777,0.05474268382893093,621,At least your will a little more protected from the current administration
2878,5891,1,9,62,72,1.1527777777777777,0.04705623039870244,621,"Er, no sir.  I don't know of any distressed damsels at the moment."
2703,5891,2,7,63,72,1.1527777777777777,0.051044344702082634,621,"Yes sir, this is the ultimate in protection against electronic intrusion, and may I say, sir, that it hangs very well and is very flattering."
2610,5891,1,9,62,72,1.1527777777777777,0.04705623039870244,621,The perfect suit for the gentleman who hates to iron.
1498,5891,1,9,62,72,1.1527777777777777,0.04705623039870244,621,It's very popular on the campaign trail this season.
1468,5891,2,7,63,72,1.1527777777777777,0.051044344702082634,621,Free Rust proofing for the Knights at the Round Table this week only.
6707,5891,2,7,63,72,1.1527777777777777,0.051044344702082634,621,We can take it in at the nose.
4330,5891,1,9,62,72,1.1527777777777777,0.04705623039870244,621,Looks great!  Now what about those work clothes you were thinking about?
6774,5891,1,9,62,72,1.1527777777777777,0.04705623039870244,621,May I suggest a more breathable fabric sir?
6835,5922,1,9,63,73,1.1506849315068493,0.0464543149529128,621,"We're having a special; buy one, get one free."
6446,5922,3,5,65,73,1.1506849315068493,0.05402812587305586,621,It’s the new look in Asian-American wear.
4549,5922,2,7,64,73,1.1506849315068493,0.050383736280168755,621,Make it work.
3528,5925,1,9,64,74,1.1486486486486487,0.04586747660388901,621,It's our Knight in Shining Armor line.
7049,5925,3,5,66,74,1.1486486486486487,0.053331903246550814,621,This suit comes with special Kevlar sleeves that are breathable and sword and fire resistant.
6778,5927,4,3,68,75,1.1466666666666667,0.055970820368587894,621,It's from the new female line.
483,5927,3,5,67,75,1.1466666666666667,0.05265332251978381,621,"We have two other coats, one that comes with with dents and rusting; the other with pin stripes and executive collar."
1069,5927,2,7,66,75,1.1466666666666667,0.049112238922818546,621,It suits you to a T
1098,5927,2,7,66,75,1.1466666666666667,0.049112238922818546,621,No protection against tasers Bro.
1501,5927,2,7,66,75,1.1466666666666667,0.049112238922818546,621,It also comes in oil-rubbed bronze.
2877,5927,2,7,66,75,1.1466666666666667,0.049112238922818546,621,I’ve groped every actress in this town. You’re the last holdout.
3179,5927,3,5,67,75,1.1466666666666667,0.05265332251978381,621,Is this helmet designed for Australian knights?
4713,5934,2,6,61,69,1.144927536231884,0.05171962876419153,621,I'm sure your mother would approve.
4789,5934,3,4,62,69,1.144927536231884,0.055688216518499936,621,"And remember, take your elbows off at the movie."
4825,5934,2,6,61,69,1.144927536231884,0.05171962876419153,621,I don't think it makes you look fat at all!
4835,5934,4,2,63,69,1.144927536231884,0.05939221260836197,621,"So on trend.
It's the latest in vintage style."
4925,5934,1,8,60,69,1.144927536231884,0.04742006474057418,621,It's our feel safe in the workplace model
3875,5934,1,8,60,69,1.144927536231884,0.04742006474057418,621,... and it'll be great for verbal jousting as well!
5104,5934,3,4,62,69,1.144927536231884,0.055688216518499936,621,Preppy? I thought you said vintage prepper.
5119,5934,0,10,59,69,1.144927536231884,0.04268963668731212,621,Your Armani suit will be ready tonight.
4696,5934,3,4,62,69,1.144927536231884,0.055688216518499936,621,"Excuse me madam, I feel that this outfit does not come in your color."
5155,5934,0,10,59,69,1.144927536231884,0.04268963668731212,621,I think we should take a photo of you and we can post it on tin-der.
5063,5934,2,6,61,69,1.144927536231884,0.05171962876419153,621,"I think you may be taking this ‘Dark Knight’ thing a bit to far, Master Wayn"
4691,5934,3,4,62,69,1.144927536231884,0.055688216518499936,621,"In fact I'd say it will really enhance your messaging, Dr. Peterson."
4366,5934,2,6,61,69,1.144927536231884,0.05171962876419153,621,Haha you look like a metal condom you dweeb
4633,5934,2,6,61,69,1.144927536231884,0.05171962876419153,621,You'll be impervious to Trump insults!
4539,5934,2,6,61,69,1.144927536231884,0.05171962876419153,621,And it is guaranteed stainless steel.
4489,5934,0,10,59,69,1.144927536231884,0.04268963668731212,621,It is not too heavy. Steve Bannon is back.
5309,5934,1,8,60,69,1.144927536231884,0.04742006474057418,621,"It's the latest light-weight, aluminum fashion that won't rust in the rain or at the beach, and provides full protection from the sun."
4357,5934,1,8,60,69,1.144927536231884,0.04742006474057418,621,Does this suit make me look too shiny?
4271,5934,2,6,61,69,1.144927536231884,0.05171962876419153,621,I like you in steel gray and blood red.
4201,5934,1,8,60,69,1.144927536231884,0.04742006474057418,621,It's perfect for your trip to Constantinople!
4157,5934,2,6,61,69,1.144927536231884,0.05171962876419153,621,"Slightly retro with a classic cut, the perfect power suit for powering down 5th avenue."
4089,5934,1,8,60,69,1.144927536231884,0.04742006474057418,621,I meant night not knight.
4075,5934,3,4,62,69,1.144927536231884,0.055688216518499936,621,I'd like to show some more sock.
4005,5934,2,6,61,69,1.144927536231884,0.05171962876419153,621,Looks good but we may need to alter it especially around the hips
4649,5934,1,8,60,69,1.144927536231884,0.04742006474057418,621,May I suggest that you don't travel  to countries with Monsoon seasons?
5433,5934,2,6,61,69,1.144927536231884,0.05171962876419153,621,This is our new jousting cut.
5685,5934,2,6,61,69,1.144927536231884,0.05171962876419153,621,"You,ll cut a fine figure at the next joust."
5519,5934,1,8,60,69,1.144927536231884,0.04742006474057418,621,It’s got pockets!
7231,5934,1,8,60,69,1.144927536231884,0.04742006474057418,621,"If I may say so,  Sire, the polished chest plates and reduced sized knee protectors make this look so au currant."
7182,5934,1,8,60,69,1.144927536231884,0.04742006474057418,621,It's almost new. The last owner was known as Sir Coward.
7079,5934,3,4,62,69,1.144927536231884,0.055688216518499936,621,Do you have anything in a navy blue ??
7069,5934,1,8,60,69,1.144927536231884,0.04742006474057418,621,"suitable for press briefings and boardroom, sir"
7063,5934,2,6,61,69,1.144927536231884,0.05171962876419153,621,It comes with a year of free wash and wax at the Car Palace.
6851,5934,1,8,60,69,1.144927536231884,0.04742006474057418,621,It's a real statement piece.
6824,5934,1,8,60,69,1.144927536231884,0.04742006474057418,621,We can send it out for tailoring but it could take a millenium.
6620,5934,1,8,60,69,1.144927536231884,0.04742006474057418,621,It comes with a no iron shirt!
6427,5934,1,8,60,69,1.144927536231884,0.04742006474057418,621,"Knowing the missus, I recommend the optional asbestos shorts."
6407,5934,2,6,61,69,1.144927536231884,0.05171962876419153,621,It’s perfect for when your ideology trumps your decency.
6391,5934,3,4,62,69,1.144927536231884,0.055688216518499936,621,I'm getting it for my medieval times interview
6339,5934,1,8,60,69,1.144927536231884,0.04742006474057418,621,"It's called Over Armor and very popular with the senior crowd.  Practically dentless."""
6222,5934,2,6,61,69,1.144927536231884,0.05171962876419153,621,Don't even think about trying to use the restroom in this thing.
6132,5934,2,6,61,69,1.144927536231884,0.05171962876419153,621,As you ordered: the Renaissance-time travel suit.
6089,5934,1,8,60,69,1.144927536231884,0.04742006474057418,621,"It's a bit medieval, but I promise you look good."
6075,5934,2,6,61,69,1.144927536231884,0.05171962876419153,621,This shiny suit suits you well.  Good luck on the blind date.
5850,5934,1,8,60,69,1.144927536231884,0.04742006474057418,621,A little chainmail off the shoulders and I think we have ...
5841,5934,2,6,61,69,1.144927536231884,0.05171962876419153,621,"You say it feels a little tight?  No problem, we'll just let it out a little."
5720,5934,1,8,60,69,1.144927536231884,0.04742006474057418,621,This suit will pay for itself; good-bye to expensive dry cleaning bills.
5711,5934,1,8,60,69,1.144927536231884,0.04742006474057418,621,And this one comes with an extra pair of lance.
5704,5934,2,6,61,69,1.144927536231884,0.05171962876419153,621,It will be more comfy in battle with a few squirts of WD-40.
5674,5934,3,4,62,69,1.144927536231884,0.055688216518499936,621,A tummy tuck perhaps?
5608,5934,2,6,61,69,1.144927536231884,0.05171962876419153,621,IT'S A PERFECT DISGUISE!
5496,5934,0,10,59,69,1.144927536231884,0.04268963668731212,621,It's from the new Scott Pruitt Collection.
3793,5934,0,10,59,69,1.144927536231884,0.04268963668731212,621,Lubrication is included
6256,5934,2,6,61,69,1.144927536231884,0.05171962876419153,621,"We thought it would be sentimental for you, Elbert Arryn."
3611,5934,2,6,61,69,1.144927536231884,0.05171962876419153,621,It comes in your choice of colors.
1600,5934,0,10,59,69,1.144927536231884,0.04268963668731212,621,I believe the alteration in the waist worked.
1590,5934,0,10,59,69,1.144927536231884,0.04268963668731212,621,A tie is optional!
1570,5934,1,8,60,69,1.144927536231884,0.04742006474057418,621,"Perfect - as Sir will know, the fashion is for a stiffer suit this year..."
1521,5934,2,6,61,69,1.144927536231884,0.05171962876419153,621,In the age of Antifa it's a fraternity must-have.
1508,5934,1,8,60,69,1.144927536231884,0.04742006474057418,621,It comes with a case of WD-40.
1502,5934,1,8,60,69,1.144927536231884,0.04742006474057418,621,It flatters your posture.  That's about it.
1474,5934,1,8,60,69,1.144927536231884,0.04742006474057418,621,Loosen up!
1416,5934,2,6,61,69,1.144927536231884,0.05171962876419153,621,You’ve gone this far sir. No cuffs.
1341,5934,3,4,62,69,1.144927536231884,0.055688216518499936,621,"For this suit we take 50% off on there days out of the year: Halloween, Tax Day... and Trump's birthday."
1308,5934,0,10,59,69,1.144927536231884,0.04268963668731212,621,It's LGBTQ-approved!
1290,5934,1,8,60,69,1.144927536231884,0.04742006474057418,621,Orthodonture would help with the overbite.
1125,5934,2,6,61,69,1.144927536231884,0.05171962876419153,621,It comes with a lifetime rustproof guarantee.
3740,5934,2,6,61,69,1.144927536231884,0.05171962876419153,621,That will be a total of $450 per gram including taxes.
1097,5934,1,8,60,69,1.144927536231884,0.04742006474057418,621,"Voila! Its bee-utifell monsieur, nobody ever shall touch wearing dees ensemble."
1071,5934,1,8,60,69,1.144927536231884,0.04742006474057418,621,"I mean obviously, I'd have to taper it at the knees."
1049,5934,1,8,60,69,1.144927536231884,0.04742006474057418,621,I think it'll really give that 'knight in shining armour' look you're going for.
973,5934,1,8,60,69,1.144927536231884,0.04742006474057418,621,. . . and our accessories department has a fine assortment of the latest in lances.
811,5934,1,8,60,69,1.144927536231884,0.04742006474057418,621,The damsels go wild for this look.
755,5934,0,10,59,69,1.144927536231884,0.04268963668731212,621,"""It's definitely not your father's suit."
536,5934,1,8,60,69,1.144927536231884,0.04742006474057418,621,Don't worry. The sleeves will ride up with wear.
391,5934,1,8,60,69,1.144927536231884,0.04742006474057418,621,You can accessorize with any color of chain link.
65,5934,1,8,60,69,1.144927536231884,0.04742006474057418,621,I think it's fitting given we specialize in hostile take overs.
33,5934,2,6,61,69,1.144927536231884,0.05171962876419153,621,"Classic styling, but with 3D printers we can give you materials that are both breathable and impermeable."
1607,5934,2,6,61,69,1.144927536231884,0.05171962876419153,621,"It suits you, sir."
1692,5934,0,10,59,69,1.144927536231884,0.04268963668731212,621,It has day-to-knight appeal
1005,5934,1,8,60,69,1.144927536231884,0.04742006474057418,621,It really brings out the color in your eyes.
1924,5934,2,6,61,69,1.144927536231884,0.05171962876419153,621,"I'd say it's more onlooker-with-a-conscience."""
3545,5934,2,6,61,69,1.144927536231884,0.05171962876419153,621,The price may seem to be a bitsteep but the suit is rust resistant sir.
3441,5934,1,8,60,69,1.144927536231884,0.04742006474057418,621,Friday’s casual day.
3438,5934,1,8,60,69,1.144927536231884,0.04742006474057418,621,It certainly suits your personality.
3350,5934,1,8,60,69,1.144927536231884,0.04742006474057418,621,We'll shorten the visor if you want to see.
3281,5934,1,8,60,69,1.144927536231884,0.04742006474057418,621,You're what she always wanted.
3250,5934,2,6,61,69,1.144927536231884,0.05171962876419153,621,It's the latest thing to wear to a shareholders meeting.
3186,5934,2,6,61,69,1.144927536231884,0.05171962876419153,621,"Even for you, it may be just a tad overbearing."
3184,5934,1,8,60,69,1.144927536231884,0.04742006474057418,621,We usually recommend dry cleaning
3127,5934,2,6,61,69,1.144927536231884,0.05171962876419153,621,You are a knight in shining armor.
3014,5934,1,8,60,69,1.144927536231884,0.04742006474057418,621,Pshaw. It's a classic look. It doesn't date you at all.
1799,5934,1,8,60,69,1.144927536231884,0.04742006474057418,621,"Well, at least it covers up that hair!"
2983,5934,1,8,60,69,1.144927536231884,0.04742006474057418,621,We also have it in burnished silver
2990,5934,1,8,60,69,1.144927536231884,0.04742006474057418,621,"No my Lord, it doesn't make you look fat."
2946,5934,2,6,61,69,1.144927536231884,0.05171962876419153,621,And if you're looking for even more protection you should know that we also offer a complete line of base garments from Under Armour
2903,5934,2,6,61,69,1.144927536231884,0.05171962876419153,621,"It’s a mad, mad, mad world out there."
2850,5934,1,8,60,69,1.144927536231884,0.04742006474057418,621,"Add a shawl, and this one works year-round"
2794,5934,1,8,60,69,1.144927536231884,0.04742006474057418,621,A rivet here and a rivet there and it will fit very snugly
2640,5934,1,8,60,69,1.144927536231884,0.04742006474057418,621,"No sir, we do not have it in plaid!"
2352,5934,2,6,61,69,1.144927536231884,0.05171962876419153,621,We called it Medieval-Sexual
2318,5934,1,8,60,69,1.144927536231884,0.04742006474057418,621,Shotgun wedding?Shotgun Wedding?
2104,5934,2,6,61,69,1.144927536231884,0.05171962876419153,621,Are you sure they said *knight* wedding?
2066,5934,1,8,60,69,1.144927536231884,0.04742006474057418,621,I preferred last year's school uniforms
2063,5934,1,8,60,69,1.144927536231884,0.04742006474057418,621,It’s carwashable and wrinkle free
1926,5934,1,8,60,69,1.144927536231884,0.04742006474057418,621,"Of course, we can get this in navy and charcoal grey as well."
2963,5934,1,8,60,69,1.144927536231884,0.04742006474057418,621,The Secret Service guys are saying it has become absolutely necessary
5567,6041,3,5,68,76,1.144736842105263,0.0519917246060963,621,You look so handsome--everyone will want to Tango with you!
3885,6041,4,3,69,76,1.144736842105263,0.05526315789473685,621,Sir! Are you saying yes to the dress?
3872,6041,3,5,68,76,1.144736842105263,0.0519917246060963,621,"I also have this in a double-crested jacket, if you're interested."
2752,6041,2,7,67,76,1.144736842105263,0.048500126129049435,621,"See,no tailoring needed, they're ""Ready to Wear"""
3486,6041,3,5,68,76,1.144736842105263,0.0519917246060963,621,Try the other profile!
974,6041,3,5,68,76,1.144736842105263,0.0519917246060963,621,"Well Sir, even with Spanx it’s gonna punch!"
2316,6041,4,3,69,76,1.144736842105263,0.05526315789473685,621,We use Acme Metals for alterations.
645,6041,2,7,67,76,1.144736842105263,0.048500126129049435,621,"This is Wall Street, sir. You're our third white knight this week."
4750,6049,2,6,62,70,1.1428571428571428,0.051017450372708696,621,Sometimes I feel hallow inside.
4836,6049,2,6,62,70,1.1428571428571428,0.051017450372708696,621,"You can dress it up or down, depending on the occasion."
4869,6049,2,6,62,70,1.1428571428571428,0.051017450372708696,621,Will you be wanting sunscreen to pair with this?
4938,6049,1,8,61,70,1.1428571428571428,0.04678356086900135,621,It comes with a can of oil
4966,6049,1,8,61,70,1.1428571428571428,0.04678356086900135,621,"For the LAST time, I'm not making a hole for your ""little jousting sword!"""
5015,6049,1,8,61,70,1.1428571428571428,0.04678356086900135,621,"Of course, we can have our blacksmith take it in if required."
6096,6049,2,7,68,77,1.1428571428571428,0.04790300390810151,621,No extra charge for cuffs
5186,6049,2,6,62,70,1.1428571428571428,0.051017450372708696,621,"Trump fights on twitter, but is too scared to joust."
5267,6049,3,4,63,70,1.1428571428571428,0.054925940296730785,621,"You said looking strong was a priority, and you look strong in metallic."
5290,6049,2,6,62,70,1.1428571428571428,0.051017450372708696,621,"I must say, the polished steel really complements your magnetic personality."
5667,6049,2,6,62,70,1.1428571428571428,0.051017450372708696,621,"I assure you, with this tin- you won't need a heart."
5828,6049,1,8,61,70,1.1428571428571428,0.04678356086900135,621,Do you hang to the right or left?  It's a very important consideration with this suit.
6093,6049,1,8,61,70,1.1428571428571428,0.04678356086900135,621,Of course we can adjust the inseam.
5147,6049,2,6,62,70,1.1428571428571428,0.051017450372708696,621,We even have a great welder for alterations.
6146,6049,1,8,61,70,1.1428571428571428,0.04678356086900135,621,"It’s a little tight, but it’s perfect for knight life."
6190,6049,1,8,61,70,1.1428571428571428,0.04678356086900135,621,I’d say your well suited for a Board of Director’s attack.
6433,6049,2,6,62,70,1.1428571428571428,0.051017450372708696,621,"Sir, I think it really suits you."
6506,6049,2,6,62,70,1.1428571428571428,0.051017450372708696,621,You'll be a hit at the Congressional Ball.
6544,6049,0,10,60,70,1.1428571428571428,0.04212627318711346,621,You won't ever have to worry about ironing again.
6753,6049,1,8,61,70,1.1428571428571428,0.04678356086900135,621,Perhaps you’d prefer something in our Arthurian line.
6870,6049,1,8,61,70,1.1428571428571428,0.04678356086900135,621,Okay you've made your point.  Now let me try it on.
6956,6049,1,8,61,70,1.1428571428571428,0.04678356086900135,621,"Sorry, we only carry metric fasteners"
7166,6049,1,8,61,70,1.1428571428571428,0.04678356086900135,621,That also come in a pinstripe.
7288,6049,1,8,61,70,1.1428571428571428,0.04678356086900135,621,"It's a very slimming look on you, Sir."
7332,6049,1,8,61,70,1.1428571428571428,0.04678356086900135,621,The next model up is 100% carbon fiber with an aero helmet.
7375,6049,1,8,61,70,1.1428571428571428,0.04678356086900135,621,Studies show that wearing a nice suit like this one makes you feel more powerful.
4677,6049,2,6,62,70,1.1428571428571428,0.051017450372708696,621,"Yes Sir, you can absolutely get customized wardrobe malfunctions for both your breastplate and caboose...but any alterations in the nether regions is dependent on local, state a federal law."
7398,6049,1,8,61,70,1.1428571428571428,0.04678356086900135,621,"Don't bother about keeping still, they can't see you."
6176,6049,1,8,61,70,1.1428571428571428,0.04678356086900135,621,"So, tell me again how you got that invitation to a medieval costume party."
4576,6049,0,10,60,70,1.1428571428571428,0.04212627318711346,621,It sends a quiet Renaissance man message.
6338,6049,2,6,62,70,1.1428571428571428,0.051017450372708696,621,It's the newest rage for White House employees trying to get a date in Washington.
4473,6049,1,8,61,70,1.1428571428571428,0.04678356086900135,621,The inseam looks a bit rusted.
135,6049,1,8,61,70,1.1428571428571428,0.04678356086900135,621,I don’t think ‘looking for my knight in shining armor’ was literal.”
168,6049,3,4,63,70,1.1428571428571428,0.054925940296730785,621,It's the newest in fashion: Transgeneration
344,6049,2,6,62,70,1.1428571428571428,0.051017450372708696,621,Not having a tailored suit is simply medieval.
389,6049,1,8,61,70,1.1428571428571428,0.04678356086900135,621,"Airports are a problem, but we throw in a second pair of pants and lifetime lubrication."
556,6049,1,8,61,70,1.1428571428571428,0.04678356086900135,621,I think it should be taken in a little at the shoulders
606,6049,3,4,63,70,1.1428571428571428,0.054925940296730785,621,May I suggest a day suit as well?
752,6049,2,6,62,70,1.1428571428571428,0.051017450372708696,621,You'll never need to dry clean your suit again.
816,6049,1,8,61,70,1.1428571428571428,0.04678356086900135,621,"Of course, you will need a can opener to go to the bathroom..."
864,6049,3,5,69,77,1.1428571428571428,0.05134648267484176,621,"Does it make me look fat, Alfred?"
4484,6049,0,10,60,70,1.1428571428571428,0.04212627318711346,621,We’ll even throw in a matching shield free of charge.
1543,6049,1,8,61,70,1.1428571428571428,0.04678356086900135,621,"Mirror, mirror, on the the wall, can this one against #metoo stand tall?!"
1556,6049,1,8,61,70,1.1428571428571428,0.04678356086900135,621,It comes with vacuum attachments!
1646,6049,1,8,61,70,1.1428571428571428,0.04678356086900135,621,"It also comes in polished silver, and the copper version has an exquisite weathered  patina. Will you be wanting a matching mace?"
1669,6049,1,8,61,70,1.1428571428571428,0.04678356086900135,621,As always
1112,6049,2,6,62,70,1.1428571428571428,0.051017450372708696,621,It really compliments your figure.
1969,6049,3,4,63,70,1.1428571428571428,0.054925940296730785,621,"Well yes, it is made of iron, but no, it won’t make you fly."
4383,6049,1,8,61,70,1.1428571428571428,0.04678356086900135,621,"Looks great, perfect fit, just avoid unabashed sprays of water"
1695,6049,2,6,62,70,1.1428571428571428,0.051017450372708696,621,It looks like it barely adds a pound!
3700,6049,1,8,61,70,1.1428571428571428,0.04678356086900135,621,Gorgeous. They'll hardly recognize you walking down the aisle.
3662,6049,1,8,61,70,1.1428571428571428,0.04678356086900135,621,"You’ll definitely save on dry cleaning, it’s wrinkle resistant!"
3642,6049,1,8,61,70,1.1428571428571428,0.04678356086900135,621,It's from our 'Middle Ages' Collection.
3562,6049,1,8,61,70,1.1428571428571428,0.04678356086900135,621,"If  you insist on running as a Democrat in Trump-leaning counties, we suggest that you wear it for door-to-door campaigning."
3753,6049,2,6,62,70,1.1428571428571428,0.051017450372708696,621,It also comes in wool and linen.
3360,6049,1,8,61,70,1.1428571428571428,0.04678356086900135,621,"As a bonus, this suit comes with a Homeland  Security authorization to allow you to bypass all airline security."
3333,6049,1,8,61,70,1.1428571428571428,0.04678356086900135,621,They say it is all the rage
3112,6049,1,8,61,70,1.1428571428571428,0.04678356086900135,621,This is what all the Trump cabinet members are wearing
2998,6049,0,10,60,70,1.1428571428571428,0.04212627318711346,621,"This suit works very well for the thin-skinned, young executive."
2579,6049,2,6,62,70,1.1428571428571428,0.051017450372708696,621,The ultimate Trump shiny object...the public won't be able to concentrate on the Administration's grifting and atrocities.
3364,6049,2,6,62,70,1.1428571428571428,0.051017450372708696,621,"My, that really suits you!"
4168,6110,1,8,62,71,1.1408450704225352,0.046163800079517044,621,"Titanium is both lightweight and strong, and still not discovered by others."
4821,6110,1,8,62,71,1.1408450704225352,0.046163800079517044,621,The formal look is always good.
4919,6110,3,4,64,71,1.1408450704225352,0.05418418045541223,621,"You look sharp in that suit, but maybe you'd look better in somethong a little more modern."
4961,6110,2,6,63,71,1.1408450704225352,0.05033399372892188,621,"Jeff, we've been having sessions since March, no need to be so guarded."
5080,6110,1,8,62,71,1.1408450704225352,0.046163800079517044,621,"It’s a little loose in the seat, but we can’t take it in."
6434,6110,0,10,61,71,1.1408450704225352,0.04157742116654289,621,The classic knight in shining armor look is always in style.
6278,6110,1,8,62,71,1.1408450704225352,0.046163800079517044,621,It will never wear out but be careful of any rust.
6622,6110,1,8,62,71,1.1408450704225352,0.046163800079517044,621,"It's on sale already.   Additional chiropractic benefits are not included."""
6868,6110,0,10,61,71,1.1408450704225352,0.04157742116654289,621,It’s trending retro right now.
3694,6110,1,8,62,71,1.1408450704225352,0.046163800079517044,621,Did you want to try it in seersucker?
5541,6110,1,8,62,71,1.1408450704225352,0.046163800079517044,621,You look stylish in your over armor.
3395,6110,2,6,63,71,1.1408450704225352,0.05033399372892188,621,Play to win.
4018,6110,1,8,62,71,1.1408450704225352,0.046163800079517044,621,"This is our new retro ""never needs dry cleaning"" power suit. A little WD-40 an you are always good to go!"
3039,6110,2,6,63,71,1.1408450704225352,0.05033399372892188,621,"The Sheen is UV Protective, it also comes in Sharkskin"""
3105,6110,1,8,62,71,1.1408450704225352,0.046163800079517044,621,"It's slim fit and the silver-gray sheen is a classic chameleon color for all occasions, daily battles and date night."
78,6110,1,8,62,71,1.1408450704225352,0.046163800079517044,621,"I know it might be a little old fashion, but you know how style always comes around"
767,6110,0,10,61,71,1.1408450704225352,0.04157742116654289,621,It's like looking into a mirror
968,6110,1,8,62,71,1.1408450704225352,0.046163800079517044,621,"To me, it looks perfect.   But we do have a tailor available to make fine adjustments.  No charge!"
1136,6110,2,6,63,71,1.1408450704225352,0.05033399372892188,621,May I suggest a broadsword to go with your outfit? It's sure to impress the ladies.
843,6110,1,8,62,71,1.1408450704225352,0.046163800079517044,621,This material has just the right amount of give.
1313,6110,2,6,63,71,1.1408450704225352,0.05033399372892188,621,I’ll add some shoulder padding
2589,6110,1,8,62,71,1.1408450704225352,0.046163800079517044,621,It protects the vulnerable you
2716,6110,3,4,64,71,1.1408450704225352,0.05418418045541223,621,"Ma'am, I'm not sure this is appropriate for your wedding."
2750,6110,1,8,62,71,1.1408450704225352,0.046163800079517044,621,It’s specially reinforced against Senate Hearings
1301,6110,1,8,62,71,1.1408450704225352,0.046163800079517044,621,It's very slimming
7461,6135,1,7,58,66,1.1363636363636365,0.04772866020849245,621,How does it breath?
5011,6135,0,9,57,66,1.1363636363636365,0.042565532289603344,621,I'm not sure this would be considered looking at yourself in the mirror.
5028,6135,2,5,59,66,1.1363636363636365,0.052385355506078195,621,"One of its best features is that it actually does not interfere with ""no collusion""."
5044,6135,1,7,58,66,1.1363636363636365,0.04772866020849245,621,It will be three weeks for alteration. Our smithy is backlogged.
5061,6135,0,9,57,66,1.1363636363636365,0.042565532289603344,621,These shareholder meetings are a lot of fun huh!
5088,6135,2,5,59,66,1.1363636363636365,0.052385355506078195,621,Good luck.  You are now best dressed for Dragon Quest.  Or is it Monster Hunter?  or Slayer of Resident Evil?
5199,6135,2,5,59,66,1.1363636363636365,0.052385355506078195,621,It's perfect for daytime to night-wear.
5383,6135,2,5,59,66,1.1363636363636365,0.052385355506078195,621,"Yes, sir, that cut CAN hide even George Wendt's beer belly."
5289,6135,1,7,58,66,1.1363636363636365,0.04772866020849245,621,we also have it in copper or gold.
5334,6135,2,5,59,66,1.1363636363636365,0.052385355506078195,621,"And the versatility! You can wear it day to . . . well, you know."
5363,6135,1,7,58,66,1.1363636363636365,0.04772866020849245,621,We'll polish it for you before you go so you really will be her knight in shining armor!
4964,6135,1,7,58,66,1.1363636363636365,0.04772866020849245,621,I suppose you’re right; she didn’t specify what kind of suit...
5493,6135,1,7,58,66,1.1363636363636365,0.04772866020849245,621,It's the rage of Seville Row!
5516,6135,0,9,57,66,1.1363636363636365,0.042565532289603344,621,"Well, yes, we did advertise for a night watchman, but..."
5555,6135,0,9,57,66,1.1363636363636365,0.042565532289603344,621,"Yes, some people just wear the hat."
5214,6135,1,7,58,66,1.1363636363636365,0.04772866020849245,621,We can weld on cuffs—-if you wish?
4946,6135,1,7,58,66,1.1363636363636365,0.04772866020849245,621,We have one with stripes will make you look positively ferocious.
4608,6135,2,5,59,66,1.1363636363636365,0.052385355506078195,621,The deluxe model comes with a heart.
4868,6135,2,5,59,66,1.1363636363636365,0.052385355506078195,621,It's from the Sir Lancelot collection.
5639,6135,1,7,58,66,1.1363636363636365,0.04772866020849245,621,Is this suit for a hot knight on the town?
3899,6135,1,7,58,66,1.1363636363636365,0.04772866020849245,621,Hell no - I gave you an oil-rub yesterday!
4025,6135,0,9,57,66,1.1363636363636365,0.042565532289603344,621,"Sometimes, a return to old traditions is the most effective way to stand out."
4031,6135,1,7,58,66,1.1363636363636365,0.04772866020849245,621,"In this case, 'off the rack' is preferred."
4050,6135,2,5,59,66,1.1363636363636365,0.052385355506078195,621,We also have a sale on loincloths
4105,6135,2,5,59,66,1.1363636363636365,0.052385355506078195,621,Left or right?
4290,6135,0,9,57,66,1.1363636363636365,0.042565532289603344,621,"Sorry, we don't get any more modern."
4933,6135,0,9,57,66,1.1363636363636365,0.042565532289603344,621,This week only it’s buy one get one free.
4319,6135,2,5,59,66,1.1363636363636365,0.052385355506078195,621,SLAAYYY KNIGHT!
4417,6135,1,7,58,66,1.1363636363636365,0.04772866020849245,621,Comes with a carton of WD 40
4522,6135,0,9,57,66,1.1363636363636365,0.042565532289603344,621,"""I agree, Sir, you should have an upper hand on the Bachelorette."
3873,6135,0,9,57,66,1.1363636363636365,0.042565532289603344,621,You do look ready to conquer the board meeting
4586,6135,1,7,58,66,1.1363636363636365,0.04772866020849245,621,But what if she hurts my feelings?
4688,6135,0,9,57,66,1.1363636363636365,0.042565532289603344,621,This one does not need ironing
4803,6135,1,7,58,66,1.1363636363636365,0.04772866020849245,621,"As a special promotion this week, Sir, each suit comes with a complimentary sheath for your sword."
4830,6135,1,7,58,66,1.1363636363636365,0.04772866020849245,621,You'll find it quite slimming.
4344,6135,1,7,58,66,1.1363636363636365,0.04772866020849245,621,It's the perfect back to school outfit.
5675,6135,2,5,59,66,1.1363636363636365,0.052385355506078195,621,"Trust me, this is what everyone will be wearing next year, after society collapses."
6894,6135,2,5,59,66,1.1363636363636365,0.052385355506078195,621,"And for the fall 2018 collection, the suit comes with extra protection against your friends who keep sending you memes."
5686,6135,0,9,57,66,1.1363636363636365,0.042565532289603344,621,It also comes in the brass and antique gold.
6526,6135,0,9,57,66,1.1363636363636365,0.042565532289603344,621,"Mr. President, this is perfect for the war room."
6543,6135,1,7,58,66,1.1363636363636365,0.04772866020849245,621,"It comes in polished steel, a lite summer aluminum, titanium, and what we like to call “The Trump”."
6625,6135,0,9,57,66,1.1363636363636365,0.042565532289603344,621,I think the nipped waist works well with the tapered leg.
6790,6135,0,9,57,66,1.1363636363636365,0.042565532289603344,621,"Apologies Sir,we cannot tailor for a right or left dress..."
6882,6135,2,5,59,66,1.1363636363636365,0.052385355506078195,621,"Madam, I almost didn't recognize you without your glasses."
7011,6135,3,3,60,66,1.1363636363636365,0.056660620696376625,621,"Your presence shall be displayed in a pleasing manner. 
This promise I  uphold!"
7129,6135,0,9,57,66,1.1363636363636365,0.042565532289603344,621,"An excellent choice, sir. But my suit protects me from reflection."
6520,6135,0,9,57,66,1.1363636363636365,0.042565532289603344,621,"Honestly, Herb, you've never looked better."
7185,6135,1,7,58,66,1.1363636363636365,0.04772866020849245,621,That looks knight on you.
7241,6135,0,9,57,66,1.1363636363636365,0.042565532289603344,621,"Sorry, but I do have to follow protocol.  Do you dress right or do you dress left?"
7253,6135,0,9,57,66,1.1363636363636365,0.042565532289603344,621,The wrinkle-free fabric is my favorite part.
7275,6135,1,7,58,66,1.1363636363636365,0.04772866020849245,621,"It also comes in brass, Mr. President. Since you dress on the right, you might find that a more comfortable fit."
7291,6135,1,7,58,66,1.1363636363636365,0.04772866020849245,621,"The suit is $1500
and comes with a free horse."
7342,6135,3,3,60,66,1.1363636363636365,0.056660620696376625,621,That’s the Knight fit!
7409,6135,1,7,58,66,1.1363636363636365,0.04772866020849245,621,"No Sir, it does not make your butt look fat"
3859,6135,2,5,59,66,1.1363636363636365,0.052385355506078195,621,What happens if it gets wet?
7233,6135,2,5,59,66,1.1363636363636365,0.052385355506078195,621,"If sir will tell me whether he dresses left or right, I can have the armorer and blacksmith let things out a bit if the fit us too tight"
5677,6135,1,7,58,66,1.1363636363636365,0.04772866020849245,621,Think of it as the original power suit
6419,6135,0,9,57,66,1.1363636363636365,0.042565532289603344,621,"Once we let the greaves out an inch or two, the fit will be perfect."
6369,6135,3,3,60,66,1.1363636363636365,0.056660620696376625,621,We unfortunately can't let out this jacket for you.
5754,6135,0,9,57,66,1.1363636363636365,0.042565532289603344,621,May I suggest adding an overly long necktie . wir.
5763,6135,0,9,57,66,1.1363636363636365,0.042565532289603344,621,A little too casual for a Tinder date
5803,6135,2,5,59,66,1.1363636363636365,0.052385355506078195,621,No one will notice that it's non-iron.
5876,6135,2,5,59,66,1.1363636363636365,0.052385355506078195,621,She’ll definitely find you manly in this one.
5916,6135,0,9,57,66,1.1363636363636365,0.042565532289603344,621,Dry clean. Light starch.
5921,6135,1,7,58,66,1.1363636363636365,0.04772866020849245,621,"Your 3-D chess game is looking better already, sir."
5929,6135,0,9,57,66,1.1363636363636365,0.042565532289603344,621,"Yes, yes, Cole!  This is the perfect suit for you to wear tomorrow evening when you accompany  Miss Doris."
6370,6135,1,7,58,66,1.1363636363636365,0.04772866020849245,621,It's you!  Any alterations will take six months.
5955,6135,1,7,58,66,1.1363636363636365,0.04772866020849245,621,You're a lucky model to walk in this outfit!  It's our top designers' latest work.
6052,6135,0,9,57,66,1.1363636363636365,0.042565532289603344,621,It'll cost you a king's ransom.
6064,6135,1,7,58,66,1.1363636363636365,0.04772866020849245,621,"A stylish fix for your latex allergies, sir.”"
6101,6135,2,5,59,66,1.1363636363636365,0.052385355506078195,621,Make sure you dry clean only...alterations are extra.
6197,6135,1,7,58,66,1.1363636363636365,0.04772866020849245,621,It's really Under Armour going back to its roots.
6229,6135,1,7,58,66,1.1363636363636365,0.04772866020849245,621,Perfect for budget time!
6298,6135,1,7,58,66,1.1363636363636365,0.04772866020849245,621,"As PETA says, ""Wearing vegan is easy once you know what to look for.""  
Mary Ellen Doyle, Charleston, South Carolina"
6323,6135,0,9,57,66,1.1363636363636365,0.042565532289603344,621,And this is the ‘I really don’t care’ style for men.
5979,6135,1,7,58,66,1.1363636363636365,0.04772866020849245,621,It’s wash and warfare.
3844,6135,0,9,57,66,1.1363636363636365,0.042565532289603344,621,It comes with a can opener included.
5184,6135,1,7,58,66,1.1363636363636365,0.04772866020849245,621,Would you like to try it in a white?
3741,6135,2,5,59,66,1.1363636363636365,0.052385355506078195,621,". . . a perfect fit!  And our tailor can make adjustments, if need be . . ."
1255,6135,0,9,57,66,1.1363636363636365,0.042565532289603344,621,"Wonderful choice, sir. Would you care to sign up for our chain mail notifications?"
1266,6135,0,9,57,66,1.1363636363636365,0.042565532289603344,621,Notice they're showing a little more cuff at the sleeve this year in the Armor-Mani collection.
1293,6135,0,9,57,66,1.1363636363636365,0.042565532289603344,621,...and it comes with a lifetime supply of WD-40.
1326,6135,1,7,58,66,1.1363636363636365,0.04772866020849245,621,It's wash 'n wear too!
1360,6135,0,9,57,66,1.1363636363636365,0.042565532289603344,621,I think a full break.
1369,6135,1,7,58,66,1.1363636363636365,0.04772866020849245,621,It’s actually quite important to know whether you dress left or right.
1386,6135,1,7,58,66,1.1363636363636365,0.04772866020849245,621,"It fits doesn't it? Do keep out of the rain, rust, you know."
1427,6135,2,5,59,66,1.1363636363636365,0.052385355506078195,621,This is armor sophisticated knightwear. She'll get the point.
1473,6135,1,7,58,66,1.1363636363636365,0.04772866020849245,621,"""Mr. Wayne, this comes in Black and Very Dark Grey. Bat ears can be custom tailored by our in-house haberdasher."""
1520,6135,2,5,59,66,1.1363636363636365,0.052385355506078195,621,"No sir, no chinks in your armor.  Border Patrol stopped 'em."
1536,6135,2,5,59,66,1.1363636363636365,0.052385355506078195,621,It was all the rage with the ladies working at Miramax.
1545,6135,0,9,57,66,1.1363636363636365,0.042565532289603344,621,"We, of course, will do necessary alterations. Do you dress on the right side or the left side?"
1623,6135,1,7,58,66,1.1363636363636365,0.04772866020849245,621,Do you dress to the left or to the right?
1678,6135,1,7,58,66,1.1363636363636365,0.04772866020849245,621,"Hey Luck...you're back, star wars await again."
1788,6135,1,7,58,66,1.1363636363636365,0.04772866020849245,621,It's very popular among middle age men and it comes with a life time guarantee
1154,6135,1,7,58,66,1.1363636363636365,0.04772866020849245,621,The most rewarding part of this job is a satisfied customer. The second most rewarding part is playing with dudes' junk.
1080,6135,1,7,58,66,1.1363636363636365,0.04772866020849245,621,"Just think Mr. Spicey, in 896 days you’ll be able to show your face again."
1041,6135,2,5,59,66,1.1363636363636365,0.052385355506078195,621,"Sorry. the only ""Reduced Clang"" outfit we have is in the loincloth department."
949,6135,2,5,59,66,1.1363636363636365,0.052385355506078195,621,"Perfect for the boardroom,or holidays with the in-laws."
91,6135,1,7,58,66,1.1363636363636365,0.04772866020849245,621,Big knight out?
138,6135,2,5,59,66,1.1363636363636365,0.052385355506078195,621,It just came back from the cleaners.
170,6135,2,5,59,66,1.1363636363636365,0.052385355506078195,621,I want to cosplay as a sexy Pikachu so I don’t judge you for walking around like a broke-ass Scooby Doo villain.
282,6135,0,9,57,66,1.1363636363636365,0.042565532289603344,621,It also comes in seersucker for the summer months.
321,6135,1,7,58,66,1.1363636363636365,0.04772866020849245,621,"No, I don’t think a bow tie would complete the power statement you’re looking for."
393,6135,1,7,58,66,1.1363636363636365,0.04772866020849245,621,Our cast-iron suits never need ironing.
540,6135,0,9,57,66,1.1363636363636365,0.042565532289603344,621,This one is designed with the heavy-set bachelor in mind.
1832,6135,2,5,59,66,1.1363636363636365,0.052385355506078195,621,"You do shine up nicely, sir."
571,6135,0,9,57,66,1.1363636363636365,0.042565532289603344,621,"I think you might be mislead,i think your father meant a condom."
637,6135,3,3,60,66,1.1363636363636365,0.056660620696376625,621,"this is for last weeks - 1 day late 
""It was his idea - He's Donald Trumps Guardian Angel""

thank you"
665,6135,0,9,57,66,1.1363636363636365,0.042565532289603344,621,"Dry clean only ?
No Sir, it is wash, wax and bluff...with occasional oiling."
674,6135,2,5,59,66,1.1363636363636365,0.052385355506078195,621,"It should protect you against tweets and immigration policies.  It comes in children's sizes,too."
714,6135,3,3,60,66,1.1363636363636365,0.056660620696376625,621,The single breasted works very well for your figure.
828,6135,0,9,57,66,1.1363636363636365,0.042565532289603344,621,"I think it will look better at night, sir."
853,6135,1,7,58,66,1.1363636363636365,0.04772866020849245,621,and it is very affordable
914,6135,1,7,58,66,1.1363636363636365,0.04772866020849245,621,I have no doubt this bight will be special!
634,6135,3,3,60,66,1.1363636363636365,0.056660620696376625,621,It doesn’t actually look like it adds 10 pounds.
1873,6135,0,9,57,66,1.1363636363636365,0.042565532289603344,621,"If anything, I think a cummerbund would add to the effect you're going for!"""
335,6135,1,7,58,66,1.1363636363636365,0.04772866020849245,621,Ooh! Suit you sire.
1897,6135,1,7,58,66,1.1363636363636365,0.04772866020849245,621,"Riveting presentation, sir."
2991,6135,0,9,57,66,1.1363636363636365,0.042565532289603344,621,It’s designed to never go out of style.
3040,6135,1,7,58,66,1.1363636363636365,0.04772866020849245,621,"Listen, this suit is our hottest trend. It's this or suit shorts, your choice."
3072,6135,3,3,60,66,1.1363636363636365,0.056660620696376625,621,"Of course, alterations are a little extra."
3096,6135,1,7,58,66,1.1363636363636365,0.04772866020849245,621,The waist fit perfectly.  We just have to raise the left shoulder a little bit.
3161,6135,1,7,58,66,1.1363636363636365,0.04772866020849245,621,The theme of this wedding is red.
3261,6135,0,9,57,66,1.1363636363636365,0.042565532289603344,621,It'd sasabelt and guaranteed not to wrinkle!
3287,6135,2,5,59,66,1.1363636363636365,0.052385355506078195,621,Is it a bit fey for you?
2902,6135,1,7,58,66,1.1363636363636365,0.04772866020849245,621,"Well, it's a faster way to get rid of Trump"
3372,6135,0,9,57,66,1.1363636363636365,0.042565532289603344,621,Fabrications are included.
3467,6135,2,5,59,66,1.1363636363636365,0.052385355506078195,621,"It's 17th Century blue steel. We'll shine it up for you, no charge, and throw in a box of Viagra."
3523,6135,2,5,59,66,1.1363636363636365,0.052385355506078195,621,I’m fresh out of chalk.
3576,6135,1,7,58,66,1.1363636363636365,0.04772866020849245,621,"It also comes with a year's supply of oil, Sir."
3600,6135,0,9,57,66,1.1363636363636365,0.042565532289603344,621,"Marvellous, Sir! Not a joint out of place. And a wonderful posture, as ever. The only problem for gentlemen these days is, of course, that one has to plan one's route to the loo, beforehand."
3631,6135,1,7,58,66,1.1363636363636365,0.04772866020849245,621,We also carry this in a lovely mauve with salmon-pink highlights!
3705,6135,1,7,58,66,1.1363636363636365,0.04772866020849245,621,They enforce a strict dress code in night school these days.
1894,6135,0,9,57,66,1.1363636363636365,0.042565532289603344,621,"Yes, sir.  Is the Dark Knight rising?"
3381,6135,1,7,58,66,1.1363636363636365,0.04772866020849245,621,You know we’re not in Kansas anymore?  Perhaps it’s time for a new look !
2864,6135,0,9,57,66,1.1363636363636365,0.042565532289603344,621,We'll throw in the undercoating for free
3765,6135,0,9,57,66,1.1363636363636365,0.042565532289603344,621,"No, madame, it gives your derriere a certain je ne sais quoi,"
2765,6135,2,5,59,66,1.1363636363636365,0.052385355506078195,621,"Most bounty hunters can't pull this off, but look at you!"
2788,6135,0,9,57,66,1.1363636363636365,0.042565532289603344,621,Did you say this suit was Armani?
1958,6135,1,7,58,66,1.1363636363636365,0.04772866020849245,621,We also have it in chainmail.
2021,6135,2,5,59,66,1.1363636363636365,0.052385355506078195,621,Your Ex will never recognize you.
1941,6135,1,7,58,66,1.1363636363636365,0.04772866020849245,621,It's imported and impervious. It's Teflon!
2107,6135,0,9,57,66,1.1363636363636365,0.042565532289603344,621,"If I may say so myself, Sir, you shine up like a new penny."
2181,6135,2,5,59,66,1.1363636363636365,0.052385355506078195,621,This should take care of the tomatoes at the end of the performances ...
2228,6135,1,7,58,66,1.1363636363636365,0.04772866020849245,621,It's a sensible choice for today's business world.
2376,6135,1,7,58,66,1.1363636363636365,0.04772866020849245,621,"Senator, no need to worry. I’m quite sure your constituents at next week’s Town Hall meeting will understand the need for the image change."
2083,6135,0,9,57,66,1.1363636363636365,0.042565532289603344,621,Quit being so defensive.
2473,6135,1,7,58,66,1.1363636363636365,0.04772866020849245,621,No ironing needed... that's a joke.”
2701,6135,0,9,57,66,1.1363636363636365,0.042565532289603344,621,They say nothing ever really goes out of style
2504,6135,2,5,59,66,1.1363636363636365,0.052385355506078195,621,A little tight? Not to worry; it will stretch.
2537,6135,1,7,58,66,1.1363636363636365,0.04772866020849245,621,It’s simply you Audrey!
2601,6135,1,7,58,66,1.1363636363636365,0.04772866020849245,621,The fit is perfect. It will also shield you when the missus has one of her moments.
2644,6135,1,7,58,66,1.1363636363636365,0.04772866020849245,621,"For the boutonnière, I’d suggest a blood red rose over a carnation."
2654,6135,1,7,58,66,1.1363636363636365,0.04772866020849245,621,Shall I wrap it up for you
2379,6135,2,5,59,66,1.1363636363636365,0.052385355506078195,621,I'm told metallic is trending...
6152,6290,3,4,67,74,1.135135135135135,0.05207406625449038,621,Our blacksmith unveils at Paris Fashion Week in September.
4119,6291,1,7,59,67,1.1343283582089552,0.04705493189919477,621,If it is too tight we have a metal worker on staff.
4093,6291,2,5,60,67,1.1343283582089552,0.0516376863386756,621,There's still time to do pleats and cuffs.
4356,6291,1,7,59,67,1.1343283582089552,0.04705493189919477,621,It's designed by Tommy Armour.
4486,6291,1,7,59,67,1.1343283582089552,0.04705493189919477,621,And this look is so versatile that it easily transitions from day to Knight
4533,6291,1,7,59,67,1.1343283582089552,0.04705493189919477,621,Would go great with our 12 foot jousting poll.
4707,6291,0,9,58,67,1.1343283582089552,0.041974785069899656,621,We also offer free alterations and a rust protection plan.
4719,6291,2,5,60,67,1.1343283582089552,0.0516376863386756,621,"""No, Sir. It doesn't make your booty look too big."""
5379,6291,2,5,60,67,1.1343283582089552,0.0516376863386756,621,I don't know.. looks a little rusty
4275,6291,3,3,61,67,1.1343283582089552,0.05584563263841704,621,My son is also a 42 long
5514,6291,2,5,60,67,1.1343283582089552,0.0516376863386756,621,"And with the big red tie, it’ll be a hit with your base"
6588,6291,2,5,60,67,1.1343283582089552,0.0516376863386756,621,"Do not worry,  my Templar, you look virile, your boner still will be most appreciated at Cambridge, Oxford and Imperial..."
5683,6291,0,9,58,67,1.1343283582089552,0.041974785069899656,621,Do you have anything with a larger breast plate?
5872,6291,1,7,59,67,1.1343283582089552,0.04705493189919477,621,Trust me. It won't make your lance look fat.
5945,6291,1,7,59,67,1.1343283582089552,0.04705493189919477,621,"Excuse me, sir, that suit is for white people only."
5986,6291,0,9,58,67,1.1343283582089552,0.041974785069899656,621,The boutonniere is sturdy. You could wear a flower every day.
6449,6291,1,7,59,67,1.1343283582089552,0.04705493189919477,621,The latest in reflective armor.
6512,6291,0,9,58,67,1.1343283582089552,0.041974785069899656,621,I see you're going through a Gothic phase...
6585,6291,1,7,59,67,1.1343283582089552,0.04705493189919477,621,Fits you well. With our special buy two and get one free however the shipping is extra.
6712,6291,1,7,59,67,1.1343283582089552,0.04705493189919477,621,You'll grow into it....
6789,6291,2,5,60,67,1.1343283582089552,0.0516376863386756,621,It's really going to protect you during the World Cup.
7084,6291,2,5,60,67,1.1343283582089552,0.0516376863386756,621,Can I interest you in a can of oil that will enhance your very sensible purchase
5617,6291,2,5,60,67,1.1343283582089552,0.0516376863386756,621,Much more practical than white satin in my opinion.
4072,6291,0,9,58,67,1.1343283582089552,0.041974785069899656,621,"Oh, yes Sir, that's definitely you."
3739,6291,0,9,58,67,1.1343283582089552,0.041974785069899656,621,Unfortunately this our last suit in your size.
3420,6291,1,7,59,67,1.1343283582089552,0.04705493189919477,621,"Yes, this alloy is a bit pricey, but its unbeatable clang is worth it."
3920,6291,1,7,59,67,1.1343283582089552,0.04705493189919477,621,The Ant Man armor is really trendy right now
66,6291,0,9,58,67,1.1343283582089552,0.041974785069899656,621,This is not what I meant by Under Armour.
94,6291,0,9,58,67,1.1343283582089552,0.041974785069899656,621,"A little pricy I know, but alterations are included"
224,6291,1,7,59,67,1.1343283582089552,0.04705493189919477,621,"And, of course, our metal shop provides alterations at no extra cost."
713,6291,1,7,59,67,1.1343283582089552,0.04705493189919477,621,"I know it is ahead of it’s time, but the way things are going The Crusades is going to be all the rage."
1143,6291,1,7,59,67,1.1343283582089552,0.04705493189919477,621,"It's medieval all right, but the price is current because of the new iron import duties"
1208,6291,1,7,59,67,1.1343283582089552,0.04705493189919477,621,"And today, we have a special on the matching codpiece!"
1676,6291,1,7,59,67,1.1343283582089552,0.04705493189919477,621,Is it casual enough for you?
1830,6291,2,5,60,67,1.1343283582089552,0.0516376863386756,621,Bitchin'!
2044,6291,1,7,59,67,1.1343283582089552,0.04705493189919477,621,"No Sir, by ""right or left?""  I did not mean your sword"
1928,6291,0,9,58,67,1.1343283582089552,0.041974785069899656,621,Durable yet comfortable.
2402,6291,0,9,58,67,1.1343283582089552,0.041974785069899656,621,Welcome back Mr. Wick.
2547,6291,0,9,58,67,1.1343283582089552,0.041974785069899656,621,Looks like you might have to move up to a 44 long shanks.
2883,6291,1,7,59,67,1.1343283582089552,0.04705493189919477,621,It breaths more than you'd think.
3012,6291,0,9,58,67,1.1343283582089552,0.041974785069899656,621,Artisanal swaging is our passion.
3114,6291,1,7,59,67,1.1343283582089552,0.04705493189919477,621,It is a very popular suit among the Cabinet.
3134,6291,1,7,59,67,1.1343283582089552,0.04705493189919477,621,It makes me look matte!
3282,6291,1,7,59,67,1.1343283582089552,0.04705493189919477,621,Of course our smithy is available for alterations.
3402,6291,1,7,59,67,1.1343283582089552,0.04705493189919477,621,"Donald, they will still know it is you."
1836,6291,1,7,59,67,1.1343283582089552,0.04705493189919477,621,"Sure, you can get it cheaper through chain letters and e-mail, but this way you'll know that it really fits."
6282,6336,2,5,61,68,1.1323529411764706,0.05091098018830443,621,This one really suits you.
5664,6336,2,5,61,68,1.1323529411764706,0.05091098018830443,621,"Check or cash, sir ?"
3647,6336,1,7,60,68,1.1323529411764706,0.0463998528118308,621,"No, your beneficiaries cannot collect on the lifetime guarantee policy."
3552,6336,2,5,61,68,1.1323529411764706,0.05091098018830443,621,"stop calling yourself  Sir, stop it  stop it"
720,6336,1,7,60,68,1.1323529411764706,0.0463998528118308,621,And it is perfect for casual Friday.
2984,6336,1,7,60,68,1.1323529411764706,0.0463998528118308,621,"It’s all the rage with the Millinials, but perhaps you are looking for something more GenX?"
6315,6342,1,7,61,69,1.1304347826086956,0.04576266416505649,621,Still jousting with your ex-wife?
169,6343,0,8,54,62,1.1290322580645162,0.042922525410265526,621,It breathes.
5532,6344,2,4,57,63,1.126984126984127,0.0530293926364563,621,"Dress right or alt-right, Sir?"
4063,6344,2,4,57,63,1.126984126984127,0.0530293926364563,621,And the price includes free pressing for the life of the garment.
4592,6344,1,6,56,63,1.126984126984127,0.04795918799660978,621,And there are accessories for every occasion.
4731,6344,1,6,56,63,1.126984126984127,0.04795918799660978,621,"Left or right, sir, it doesn't matter: The gentleman will always experience a perfect fit."
4772,6344,1,6,56,63,1.126984126984127,0.04795918799660978,621,All the CEO’s are wearing it. Shows you don’t shy from a good battle.
5224,6344,1,6,56,63,1.126984126984127,0.04795918799660978,621,It’s titanium. If you get a dent the doctors will have to amputate.
5243,6344,1,6,56,63,1.126984126984127,0.04795918799660978,621,"Sure you could rent, but every gentleman should own a set of armor."
5260,6344,1,6,56,63,1.126984126984127,0.04795918799660978,621,It makes you look slimmer-in a medieval way.
5414,6344,2,4,57,63,1.126984126984127,0.0530293926364563,621,"""And I hope, sir, that your divorce goes smoothly."""
4415,6344,0,8,55,63,1.126984126984127,0.0422853514020739,621,I think this really captures your true self!
7377,6344,1,6,56,63,1.126984126984127,0.04795918799660978,621,"That's true, no-iron can make one seem less serious."
5922,6344,2,4,57,63,1.126984126984127,0.0530293926364563,621,"No  , I'm afraid it's not wash and wear ."
6141,6344,1,6,56,63,1.126984126984127,0.04795918799660978,621,"Sometimes rules get broken. In this case it’s not just the man, it’s the suit too”."
6173,6344,1,6,56,63,1.126984126984127,0.04795918799660978,621,"It's great, because it never wrinkles."
6175,6344,1,6,56,63,1.126984126984127,0.04795918799660978,621,"Wear it higher on the other hip, Doctor."
6466,6344,1,6,56,63,1.126984126984127,0.04795918799660978,621,"Now you're safe from those ruffians in the back of the plane, Mr. Pruitt."
6483,6344,2,4,57,63,1.126984126984127,0.0530293926364563,621,Headed out to Las Vegas for the Golden Knights game?
6581,6344,1,6,56,63,1.126984126984127,0.04795918799660978,621,Perhaps you would like to try something from our new caveman collection for summer?
6848,6344,1,6,56,63,1.126984126984127,0.04795918799660978,621,"Yes, I suppose the dry-cleaners will balk."
6911,6344,1,6,56,63,1.126984126984127,0.04795918799660978,621,The armor makes you a shell of a man.
3789,6344,2,4,57,63,1.126984126984127,0.0530293926364563,621,"It travels well. The wrinkles just hang out in the closet, even after it's been folded in your suitcase."
5719,6344,2,4,57,63,1.126984126984127,0.0530293926364563,621,The queen told me that would-be knights usually dress in white.
3651,6344,2,4,57,63,1.126984126984127,0.0530293926364563,621,This is the last time you’ll be asked if you dress on the right or the left.
1882,6344,2,4,57,63,1.126984126984127,0.0530293926364563,621,"Reporters can’t touch you while you’re wearing that, Ms Huckabee Sanders."
3603,6344,1,6,56,63,1.126984126984127,0.04795918799660978,621,And you'll find it's ideal for jousting.
82,6344,1,6,56,63,1.126984126984127,0.04795918799660978,621,"We could give you more vent holes, but who falls for that global-warming stuff anyhow?"
835,6344,1,6,56,63,1.126984126984127,0.04795918799660978,621,"Nah, the jury will love you in it!"
1077,6344,2,4,57,63,1.126984126984127,0.0530293926364563,621,"Hello, hello, hello! And how's my favorite empty suit of armor that I have sex with in my walk-in closet doing?"
1129,6344,2,4,57,63,1.126984126984127,0.0530293926364563,621,This suit of armor helped Henry V win at Agincourt.
1357,6344,1,6,56,63,1.126984126984127,0.04795918799660978,621,Some things just never go out of style
1599,6344,1,6,56,63,1.126984126984127,0.04795918799660978,621,.........and it's non leather.
1857,6344,2,4,57,63,1.126984126984127,0.0530293926364563,621,"Looks great...Just so you, we accept plunder."
1881,6344,1,6,56,63,1.126984126984127,0.04795918799660978,621,You can wear it with or without a tie.
1889,6344,0,8,55,63,1.126984126984127,0.0422853514020739,621,Now if only your wife could keep her trap shut.
2100,6344,0,8,55,63,1.126984126984127,0.0422853514020739,621,"Well, I do have it on good authority that the fair damsels out there will adore it."
3604,6344,1,6,56,63,1.126984126984127,0.04795918799660978,621,And it has built in RFID shielding.
2132,6344,2,4,57,63,1.126984126984127,0.0530293926364563,621,The iron is very slimming.
2241,6344,1,6,56,63,1.126984126984127,0.04795918799660978,621,It really is one of our most slimming suits
2421,6344,2,4,57,63,1.126984126984127,0.0530293926364563,621,It's the latest ''Back to School' fashion.
2523,6344,2,4,57,63,1.126984126984127,0.0530293926364563,621,Retro is in this year
2683,6344,1,6,56,63,1.126984126984127,0.04795918799660978,621,This model does wonders for the waistline.
3007,6344,1,6,56,63,1.126984126984127,0.04795918799660978,621,We need to take about two inches of each arm.
3117,6344,2,4,57,63,1.126984126984127,0.0530293926364563,621,And we'll throw in the rustproofing for free.
3386,6344,2,4,57,63,1.126984126984127,0.0530293926364563,621,"As you can see, our mirrors are disgusting."
3429,6344,1,6,56,63,1.126984126984127,0.04795918799660978,621,"In my day, sir, women used to flock to this outfit, now we recommend it only for Halloween."
2105,6344,1,6,56,63,1.126984126984127,0.04795918799660978,621,"Yes, it is for every man who wants a knight on the town."
3811,6390,1,6,57,64,1.125,0.0472455591261534,621,"Those aren't patches, Sir - they're part of the whole ensemble. If we left them off, it wouldn't work."
4480,6390,2,4,58,64,1.125,0.052231930877334055,621,What did you do to piss off the bride?
4490,6390,2,4,58,64,1.125,0.052231930877334055,621,"Now you can go up against anyone, except Trump, of course"""
4669,6390,0,8,56,64,1.125,0.041666666666666664,621,This is what you have wear if you want to play with your friends in Camelot.
5166,6390,1,6,57,64,1.125,0.0472455591261534,621,"Well Sir, this is our most modestly priced suit. Perhaps you'd feel more comfortable viewing our squire section?"
5806,6390,0,8,56,64,1.125,0.041666666666666664,621,"Heavy metal haute couture is all the rage, sir."
5475,6390,0,8,56,64,1.125,0.041666666666666664,621,"knight or day, très chic"
5492,6390,1,6,57,64,1.125,0.0472455591261534,621,That suit fits you like a million dollars!
5578,6390,1,6,57,64,1.125,0.0472455591261534,621,It's replacing the lumberjack beard in Brooklyn....
6523,6390,1,6,57,64,1.125,0.0472455591261534,621,Dress for the job I want. Check.
6814,6390,1,6,57,64,1.125,0.0472455591261534,621,"Yes, the GunzAmok line has been very popular this year."
5307,6390,2,4,58,64,1.125,0.052231930877334055,621,"Yes, Sir, this suit will stand up to the scurrilous slings and arrows you will most assuredly face on "" Hardball ""  !"
3599,6390,1,6,57,64,1.125,0.0472455591261534,621,"The. Suit is perfect for a ""knight"" out."
3690,6390,0,8,56,64,1.125,0.041666666666666664,621,If you are just starting on Wall Street this is what I would go with.
3002,6390,1,6,57,64,1.125,0.0472455591261534,621,The medievalist works well on you and it transitions easily from day to night
3133,6390,0,8,56,64,1.125,0.041666666666666664,621,It may not breathe much but it transitions nicely from day to knight
99,6390,1,6,57,64,1.125,0.0472455591261534,621,It’s a three season suit
804,6390,2,4,58,64,1.125,0.052231930877334055,621,"Why no, I don't think it makes you look fat at all.  In fact, you look quite svelte"
945,6390,1,6,57,64,1.125,0.0472455591261534,621,keep the visor down and no will suspect you're his ex at the masquerade party.
1199,6390,2,4,58,64,1.125,0.052231930877334055,621,"Quite a popular look since ""The Tutors"" aired on PBS."
1248,6390,1,6,57,64,1.125,0.0472455591261534,621,Just wash in in Armor-all;  no ironing.
2058,6390,2,4,58,64,1.125,0.052231930877334055,621,"No Sir, it does not make your butt look big. And yes, it is indeed ‘the suit’ for a night on the town."
1668,6390,1,6,57,64,1.125,0.0472455591261534,621,"Actually, I think it makes your bum look small!"
2038,6390,1,6,57,64,1.125,0.0472455591261534,621,It's the signature suit in our neo-classical line.
2133,6390,2,4,58,64,1.125,0.052231930877334055,621,It's hard to see in the mirror but it's perfect for the Knight's ball
2269,6390,1,6,57,64,1.125,0.0472455591261534,621,It's what all the stylish young press secretaries are wearing this season.
1439,6390,1,6,57,64,1.125,0.0472455591261534,621,We’ll have it welded for you in time for the joust.
6723,6417,1,6,58,65,1.123076923076923,0.046552763218885414,621,"I'm still hoping that Ms. I'm-So-Progressive is going to give up on the whole ""Knight in Shining Armor"" theme."
4955,6417,0,8,57,65,1.123076923076923,0.04106568558473582,621,They say it's the suit that makes the man.
4671,6417,1,6,58,65,1.123076923076923,0.046552763218885414,621,"We call it the ""safe suit""."
3758,6417,0,8,57,65,1.123076923076923,0.04106568558473582,621,Sorry.  We are out of that type in your size…
3475,6417,1,6,58,65,1.123076923076923,0.046552763218885414,621,It's just right for the #me too movement.
3013,6417,1,6,58,65,1.123076923076923,0.046552763218885414,621,It's Iron Man! Only retro.
1672,6417,2,4,59,65,1.123076923076923,0.051458031385614056,621,"As usual, no washing machine and no iron."
1659,6417,1,6,58,65,1.123076923076923,0.046552763218885414,621,"Now you look like a member of the royal family"""
595,6417,0,8,57,65,1.123076923076923,0.04106568558473582,621,Anywhere but a golf course.
482,6417,1,6,58,65,1.123076923076923,0.046552763218885414,621,Its a real bargain -- in the Ladies department the pink version costs an extra $100
6791,6417,1,6,58,65,1.123076923076923,0.046552763218885414,621,It's 20% off this week.
2035,6417,0,8,57,65,1.123076923076923,0.04106568558473582,621,"Since the pen is mightier than the sword, it also comes with a complementary pocket protector."
1940,6429,1,6,59,66,1.121212121212121,0.04587990563775582,621,The helmet’s VR screen comes preloaded with an invigorating joust.
2613,6429,0,8,58,66,1.121212121212121,0.040481665913459045,621,"It's lightweight, breathable and rust proof. The finest mix of Kevlar, plastic and forged steel. I can throw in a free sword from the sporting goods dept."
1476,6429,1,6,59,66,1.121212121212121,0.04587990563775582,621,"Obviously, our blacksmith will take care of any alterations."
1155,6432,1,6,60,67,1.1194029850746268,0.045226141960648454,621,Very classy.
2470,6432,0,8,59,67,1.1194029850746268,0.039913905875911725,621,I promise it’s all the rage in Europe.
3818,6432,0,8,59,67,1.1194029850746268,0.039913905875911725,621,"It's a steal, I'll take it!"
5862,6432,1,6,60,67,1.1194029850746268,0.045226141960648454,621,"...and the bridesmaids will be in a well during the ceremony, sir."
4236,6436,0,7,52,59,1.11864406779661,0.042460458882410665,621,It will give after a few wearings.
6032,6437,2,4,62,68,1.1176470588235294,0.04926773607233785,621,It's all about the angles
3770,6438,1,5,54,60,1.1166666666666667,0.04807989270851719,621,"Mr. Clooney, I'm quite sure you will be the talk of this year's Met Gala."
4538,6438,1,5,54,60,1.1166666666666667,0.04807989270851719,621,"This is the ORIGINAL Iron Man costume, sir."
4575,6438,1,5,54,60,1.1166666666666667,0.04807989270851719,621,And you won’t need to iron it.
4629,6438,2,3,55,60,1.1166666666666667,0.053634390406482234,621,"This outfit will slay them on Lady’s Knight, sir!"
4661,6438,1,5,54,60,1.1166666666666667,0.04807989270851719,621,This material is the ultimate in stain and wrinkle resistance.
4692,6438,1,5,54,60,1.1166666666666667,0.04807989270851719,621,"If a classic look is what you're after for the royal wedding, I'd you really can't do better."
4837,6438,1,5,54,60,1.1166666666666667,0.04807989270851719,621,"No,we can't do cuffs, but we can do WD-40."
4792,6438,1,5,54,60,1.1166666666666667,0.04807989270851719,621,It suits you!I definitely suits you!
4531,6438,2,3,55,60,1.1166666666666667,0.053634390406482234,621,"Acme Corporation doesn't stand a chance, Mr. Ichan."
4905,6438,1,5,54,60,1.1166666666666667,0.04807989270851719,621,And it comes with a personalized can opener.
7438,6438,1,5,54,60,1.1166666666666667,0.04807989270851719,621,"True wash and wear, sir!"
4768,6438,1,5,54,60,1.1166666666666667,0.04807989270851719,621,"You'll be completely protected from the media, no longer able to hear, see or feel it!"
4509,6438,1,5,54,60,1.1166666666666667,0.04807989270851719,621,It's very slimming - as long as the rivets don't pop.
4312,6438,1,5,54,60,1.1166666666666667,0.04807989270851719,621,You're gonna knight the way you look. I guarantee it.
4439,6438,1,5,54,60,1.1166666666666667,0.04807989270851719,621,"It's a very ""New York "" look."
5242,6438,2,3,55,60,1.1166666666666667,0.053634390406482234,621,You don't have to worry about starch anymore!
4213,6438,2,3,55,60,1.1166666666666667,0.053634390406482234,621,The helmet can be worn optionally for board meetings.
4111,6438,1,5,54,60,1.1166666666666667,0.04807989270851719,621,We'll pad you up better than they did the Queen.
4074,6438,1,5,54,60,1.1166666666666667,0.04807989270851719,621,It suits you fine Sir.
4038,6438,1,5,54,60,1.1166666666666667,0.04807989270851719,621,I can have it for you Tuesday..
3932,6438,1,5,54,60,1.1166666666666667,0.04807989270851719,621,"Renaissance Slim is all we carry now, I’m afraid."
3923,6438,0,7,53,60,1.1166666666666667,0.04179359199028118,621,That's just the mirror adding an extra 90 pounds.
3874,6438,1,5,54,60,1.1166666666666667,0.04807989270851719,621,DOES IT  MAKE ME LOOK FAT?
3858,6438,1,5,54,60,1.1166666666666667,0.04807989270851719,621,"And it comes in Teflon, Ms. Nielsen. Pruitt, so it cleans up easily after dinner meetings with the public."
3852,6438,2,3,55,60,1.1166666666666667,0.053634390406482234,621,Best dress list for sure. Form fitting.
4459,6438,1,5,54,60,1.1166666666666667,0.04807989270851719,621,Our tailor will be out as soon as he finds a saw.
5295,6438,1,5,54,60,1.1166666666666667,0.04807989270851719,621,Looks great!  Now let's head to the shoe department.
5577,6438,2,3,55,60,1.1166666666666667,0.053634390406482234,621,Forget dry cleaning-it comes with a year ‘s supply of metal polish
5480,6438,0,7,53,60,1.1166666666666667,0.04179359199028118,621,We have a two for one special this week
7305,6438,1,5,54,60,1.1166666666666667,0.04807989270851719,621,"Actually, I’m leaning towards the blue blazer."
7264,6438,2,3,55,60,1.1166666666666667,0.053634390406482234,621,"Man of Steel!  Fills the shoes of Superman himself, in the old style."
7235,6438,1,5,54,60,1.1166666666666667,0.04807989270851719,621,"Alfred: ""A suit of armor for The Dark Knight!"""
7146,6438,1,5,54,60,1.1166666666666667,0.04807989270851719,621,It will never have to go to the dry cleaner!
7142,6438,1,5,54,60,1.1166666666666667,0.04807989270851719,621,Hemming is extra - that’s why it’s priced so low.
7027,6438,1,5,54,60,1.1166666666666667,0.04807989270851719,621,"Don't worry about the length, we a blacksmith on-site."
6948,6438,1,5,54,60,1.1166666666666667,0.04807989270851719,621,I think the knee and elbow pad accessories are perfect!
6772,6438,1,5,54,60,1.1166666666666667,0.04807989270851719,621,"Of course, you can't wear this suit in the day."
6733,6438,1,5,54,60,1.1166666666666667,0.04807989270851719,621,The zipper can be a bit tricky so we are pleased to offer an alternative button kit for a small surcharge
6680,6438,1,5,54,60,1.1166666666666667,0.04807989270851719,621,You are ready to leave home
6488,6438,0,7,53,60,1.1166666666666667,0.04179359199028118,621,"Man, if you like your collars stiff...."
6451,6438,1,5,54,60,1.1166666666666667,0.04807989270851719,621,"It also comes in 'No Iron' if you want."""
6392,6438,1,5,54,60,1.1166666666666667,0.04807989270851719,621,"And for this bespoke suit , we accessorize with an electric can openert"
6387,6438,0,7,53,60,1.1166666666666667,0.04179359199028118,621,"Your armour isn't so shining any more and hence, no more damsels."
6151,6438,2,3,55,60,1.1166666666666667,0.053634390406482234,621,"Brains are extra, of course!"
6081,6438,1,5,54,60,1.1166666666666667,0.04807989270851719,621,And it comes with a two-year rust proof warranty.
6060,6438,1,5,54,60,1.1166666666666667,0.04807989270851719,621,Guaranteed wrinkle-free. Just use WD-40
6048,6438,1,5,54,60,1.1166666666666667,0.04807989270851719,621,Much better and classier than Tactical pants Sec. Pruitt !
5871,6438,1,5,54,60,1.1166666666666667,0.04807989270851719,621,Definitely for more of a Knight time look.
5852,6438,2,3,55,60,1.1166666666666667,0.053634390406482234,621,"Trust me, in this non-stick copper, jousting has never been more convenient or easy to clean."
5827,6438,1,5,54,60,1.1166666666666667,0.04807989270851719,621,The fit is simply to die for
5802,6438,1,5,54,60,1.1166666666666667,0.04807989270851719,621,In the Middle Ages this was a fashion find!
5731,6438,1,5,54,60,1.1166666666666667,0.04807989270851719,621,"You see the outside, but of course, the inner man makes the outer man"
7406,6438,1,5,54,60,1.1166666666666667,0.04807989270851719,621,and there's a lifetime wrinkle free guarantee.
5528,6438,2,3,55,60,1.1166666666666667,0.053634390406482234,621,"I want something that I can wear to the next board meeting that will suggest power,style, and confidence"
5357,6438,1,5,54,60,1.1166666666666667,0.04807989270851719,621,"And you're sure it wasn't ""...a night in honor..""?"
3727,6438,1,5,54,60,1.1166666666666667,0.04807989270851719,621,"Sir Render, it suits you"
5210,6438,1,5,54,60,1.1166666666666667,0.04807989270851719,621,Cuffs are optional.
3590,6438,1,5,54,60,1.1166666666666667,0.04807989270851719,621,"It breathes better than the latex version, doesn’t it?"
1349,6438,2,3,55,60,1.1166666666666667,0.053634390406482234,621,"Best of all, you’ll never have to iron out any wrinkles!"
1267,6438,1,5,54,60,1.1166666666666667,0.04807989270851719,621,When you pull an all-knighter it reflects well on you!
1263,6438,1,5,54,60,1.1166666666666667,0.04807989270851719,621,Definitely saves on the dry cleaners bill
1198,6438,1,5,54,60,1.1166666666666667,0.04807989270851719,621,"Frankly, Monsieur, Its definitely between this and the Space Suit."
1168,6438,1,5,54,60,1.1166666666666667,0.04807989270851719,621,"It suits you, it's a perfect fit, you can wear it anywhere."
1151,6438,2,3,55,60,1.1166666666666667,0.053634390406482234,621,Adjustment at the arm .. uh .. armor ?
1111,6438,2,3,55,60,1.1166666666666667,0.053634390406482234,621,Slim fit looks good on you. Wanna try classic fit too?
986,6438,1,5,54,60,1.1166666666666667,0.04807989270851719,621,Don't worry.  It relaxes with wear.
886,6438,1,5,54,60,1.1166666666666667,0.04807989270851719,621,Perfect for your Nobel Prize acceptance speech!
833,6438,2,3,55,60,1.1166666666666667,0.053634390406482234,621,"Yes, it's rustproof if an unfortunate event happens."
825,6438,2,3,55,60,1.1166666666666667,0.053634390406482234,621,It's our new lighter metal style-helps you conserve energy.
623,6438,2,3,55,60,1.1166666666666667,0.053634390406482234,621,We have it in a light metallic grey tweed also.
596,6438,1,5,54,60,1.1166666666666667,0.04807989270851719,621,It might rust but in looking at you I think your likely to rust first.
500,6438,2,3,55,60,1.1166666666666667,0.053634390406482234,621,I'll throw in free teflon undercoating and super glide gel if you take it with you today.
470,6438,1,5,54,60,1.1166666666666667,0.04807989270851719,621,Sorry it doesn’t come in short sleeves
431,6438,1,5,54,60,1.1166666666666667,0.04807989270851719,621,"No, I said I needed NIGHT-wear."
424,6438,1,5,54,60,1.1166666666666667,0.04807989270851719,621,And you'll never worry about your fly being open.
350,6438,1,5,54,60,1.1166666666666667,0.04807989270851719,621,And it comes with an all-expense-paid trip to Oz!
330,6438,1,5,54,60,1.1166666666666667,0.04807989270851719,621,"It has a strong firming effect, doesn't it?"
297,6438,2,3,55,60,1.1166666666666667,0.053634390406482234,621,"Our finest iron sir - and with delicate copper and zinc detail, we guarantee your brass won’t look big in this..."
279,6438,1,5,54,60,1.1166666666666667,0.04807989270851719,621,And you'll be happy to know that your round table will be delivered this afternoon.
263,6438,0,7,53,60,1.1166666666666667,0.04179359199028118,621,I think you're ready for the MET Gala.
209,6438,0,7,53,60,1.1166666666666667,0.04179359199028118,621,So when’s the divorce hearing?
141,6438,1,5,54,60,1.1166666666666667,0.04807989270851719,621,"Perfect for your next foreign trip, sir."
3703,6438,1,5,54,60,1.1166666666666667,0.04807989270851719,621,"Who knows, tonight may just be the nigh!"
1382,6438,1,5,54,60,1.1166666666666667,0.04807989270851719,621,It really suits you!  We can shorten the sleeves about an inch and of course oil the joints.  Should be ready by the weekend.
1460,6438,1,5,54,60,1.1166666666666667,0.04807989270851719,621,"You look positively medieval,sir."
1205,6438,1,5,54,60,1.1166666666666667,0.04807989270851719,621,It's a good color for you.
1595,6438,2,3,55,60,1.1166666666666667,0.053634390406482234,621,Women love a man in shining armor !
3573,6438,0,7,53,60,1.1166666666666667,0.04179359199028118,621,Some drops of oil would fix the noise
3539,6438,1,5,54,60,1.1166666666666667,0.04807989270851719,621,"Our built-in Knight's Head accessory will extend your time-in-suit up to 12 consecutive hours"""
3533,6438,2,3,55,60,1.1166666666666667,0.053634390406482234,621,Would you like to try the dress-left?
3351,6438,1,5,54,60,1.1166666666666667,0.04807989270851719,621,"going on a date? well why not search our "" knights in shining honor""
selection?"
3318,6438,2,3,55,60,1.1166666666666667,0.053634390406482234,621,Now you're ready for a night out !
3205,6438,1,5,54,60,1.1166666666666667,0.04807989270851719,621,"You won't need spinach any more, and Olive Oyl will adore it."
3193,6438,0,7,53,60,1.1166666666666667,0.04179359199028118,621,And it's completely No Iron.
1541,6438,0,7,53,60,1.1166666666666667,0.04179359199028118,621,Maybe we can find something to match what your maiden is wearing.
3017,6438,1,5,54,60,1.1166666666666667,0.04807989270851719,621,It's what they're wearing this season in Cannes.
2981,6438,1,5,54,60,1.1166666666666667,0.04807989270851719,621,I guess this is more of a literal approach to prove that chivalry isn't dead.
2923,6438,1,5,54,60,1.1166666666666667,0.04807989270851719,621,"Other than taking in the waist a little, I think it's you."
2851,6438,1,5,54,60,1.1166666666666667,0.04807989270851719,621,"I don't know, Hillary, it might protect you in the impending Comey scandal hearings."
2733,6438,1,5,54,60,1.1166666666666667,0.04807989270851719,621,You have suited up nicely for meeting your Tinder date in real life for the first time.
3065,6438,3,1,56,60,1.1166666666666667,0.05866531842313125,621,"I guarantee, you'll never spend the knight alone!"
2524,6438,1,5,54,60,1.1166666666666667,0.04807989270851719,621,This and some chain mail for the spring?
2705,6438,1,5,54,60,1.1166666666666667,0.04807989270851719,621,"These are all the rage in Washington, Sir!"
1847,6438,1,5,54,60,1.1166666666666667,0.04807989270851719,621,"Sir, it's the new ""space force"" uniform, do you like it?' |"
1892,6438,1,5,54,60,1.1166666666666667,0.04807989270851719,621,Not quite suitable
1923,6438,1,5,54,60,1.1166666666666667,0.04807989270851719,621,It's what all the principals are wearing this year.
2101,6438,0,7,53,60,1.1166666666666667,0.04179359199028118,621,"But, sir, it won't take you to a galaxy far,far away."
1674,6438,1,5,54,60,1.1166666666666667,0.04807989270851719,621,This is a good outfit for the White House press secretary!
2386,6438,2,3,55,60,1.1166666666666667,0.053634390406482234,621,"When? Well, when do you freshmen have to be in D.C., Senator."
2409,6438,2,3,55,60,1.1166666666666667,0.053634390406482234,621,Does this effectively hide my thunder?
2465,6438,1,5,54,60,1.1166666666666667,0.04807989270851719,621,"Costs extra to have it shined."""
2521,6438,2,3,55,60,1.1166666666666667,0.053634390406482234,621,"Good choice, Sir. As you can see, this style is roomy enough to hold all your junk"
2137,6438,1,5,54,60,1.1166666666666667,0.04807989270851719,621,Mr. Smithy would be delighted to let that out for you.
4023,6551,1,5,55,61,1.1147540983606556,0.04732379255652672,621,Shall we see it with the red lance or the blue lance?
4047,6551,2,3,56,61,1.1147540983606556,0.05278247274773007,621,Please refer all of your hipster friends.
4526,6551,1,5,55,61,1.1147540983606556,0.04732379255652672,621,"A lance and steed, priced separately, are very smart accessories for this suit."
4901,6551,1,5,55,61,1.1147540983606556,0.04732379255652672,621,"Tailoring the inseam would, of course, be complimentary."
4912,6551,1,5,55,61,1.1147540983606556,0.04732379255652672,621,"For you, I'll throw in the ""Knight in Boxer Briefs"" and the ""Knight in Striped Pajamas "" ."
5324,6551,1,5,55,61,1.1147540983606556,0.04732379255652672,621,"In addition to aluminum, it also comes in stainless steel."
5529,6551,1,5,55,61,1.1147540983606556,0.04732379255652672,621,"It's the perfect outfit, with the anticipated effect of the EU tariffs to wear to the possibly hostile shareholders' meeting."
5725,6551,1,5,55,61,1.1147540983606556,0.04732379255652672,621,"For Melania's rescue, Sir, might I recommend that you accessorize with our popular pigsticker?"
6408,6551,2,3,56,61,1.1147540983606556,0.05278247274773007,621,The welder can be here by 5 to let out the inseam.
3849,6551,1,5,55,61,1.1147540983606556,0.04732379255652672,621,I recommend this fashionable bullet suit for the days to come.
5047,6551,1,5,55,61,1.1147540983606556,0.04732379255652672,621,"It's innovated with high-speed wifi, cellular data, and a navigation system."
3768,6551,1,5,55,61,1.1147540983606556,0.04732379255652672,621,and a summer weight is available in an aluminum-titanium alloy.
2661,6551,2,3,56,61,1.1147540983606556,0.05278247274773007,621,You'll want to accessorize with some diapers.
208,6551,1,5,55,61,1.1147540983606556,0.04732379255652672,621,Alloy steel is very in this season.
2566,6551,1,5,55,61,1.1147540983606556,0.04732379255652672,621,It comes with a squire and a horse.
2367,6551,0,7,54,61,1.1147540983606556,0.04114721441970865,621,"Yes, we can let it out at the waist, but our armorer won’t be in until next week."
2302,6551,2,3,56,61,1.1147540983606556,0.05278247274773007,621,"And better still, no need for dry cleaning!"
2152,6551,1,5,55,61,1.1147540983606556,0.04732379255652672,621,"It's the ultimate retro look, and it comes with a choice of swords."
1802,6551,1,5,55,61,1.1147540983606556,0.04732379255652672,621,"And yes, it does come in white."
1422,6551,1,5,55,61,1.1147540983606556,0.04732379255652672,621,We can always meld the hems.
1158,6551,1,5,55,61,1.1147540983606556,0.04732379255652672,621,I've always said that you have to dress for the job you want.
642,6551,1,5,55,61,1.1147540983606556,0.04732379255652672,621,"And for $10 extra you get your choice of axe, sword, ball and chain or lance."
499,6551,1,5,55,61,1.1147540983606556,0.04732379255652672,621,"It's very slimming, Mr. President."
3285,6551,1,5,55,61,1.1147540983606556,0.04732379255652672,621,"When I said Dark Knight, I did not mean literally Alfred."
5834,6575,0,7,55,62,1.1129032258064515,0.04052040316035677,621,Every fantasized about a night in shining armor?
7004,6575,0,7,55,62,1.1129032258064515,0.04052040316035677,621,"If it starts to bug you after a couple of days, we'll rivet some pockets on at no charge."
6238,6577,1,5,57,63,1.1111111111111112,0.04588053629154694,621,"Yes, Sir!  A huge, spiky, rainbow colored Mohawk.  Right away, Sir."
5833,6577,0,7,56,63,1.1111111111111112,0.039912289339283334,621,"Who is that? Is that you?
No, it's stranger!"
5598,6577,0,7,56,63,1.1111111111111112,0.039912289339283334,621,It comes with a matching oil can - with or without a handle.
3790,6577,0,7,56,63,1.1111111111111112,0.039912289339283334,621,This fits you well but how are you going to kiss the bride?
3538,6577,2,3,58,63,1.1111111111111112,0.051157173304408075,621,And just for this week we're throwing in a spare pair of pants and undercoating.
6409,6582,0,7,57,64,1.109375,0.039322054350368486,621,"The message speaks for itself, but there's no extra charge if you want  customized graffiti."
2627,6583,1,3,42,46,1.108695652173913,0.05584883729854405,621,It wears like iron and never needs pressing.
4683,6584,0,6,50,56,1.1071428571428572,0.0417053005800816,621,. . . and you can accent the look with mace or man bag . . .
1261,6584,0,6,50,56,1.1071428571428572,0.0417053005800816,621,Is it possible to just purchase the glove? My girlfriend likes it rough.
5446,6586,0,7,59,66,1.106060606060606,0.038192176787049927,621,well sir I'm sorry batman didn't work.
4903,6587,1,4,52,57,1.105263157894737,0.04804583837764614,621,This one really brings out your eyes.
4867,6587,0,6,51,57,1.105263157894737,0.04101019591968312,621,"If it's too tight, we have a lathe operator for alterations."
4859,6587,0,6,51,57,1.105263157894737,0.04101019591968312,621,"Which option would you like to try next sir? Birthday or pinstriped?"""
4791,6587,2,2,53,57,1.105263157894737,0.05417535418851449,621,"And sir, may I recommend the Gucci leather loafers to complete your look?"
4747,6587,0,6,51,57,1.105263157894737,0.04101019591968312,621,Dress Left.
4640,6587,1,4,52,57,1.105263157894737,0.04804583837764614,621,"With some chain mail and good pair of slacks, you're ready for siege and pillage."
4600,6587,0,6,51,57,1.105263157894737,0.04101019591968312,621,...and it's machine washable!
4884,6587,1,4,52,57,1.105263157894737,0.04804583837764614,621,"Sir Galihad, our alterations accent your best body and face features, don’t you agree?"
4580,6587,1,4,52,57,1.105263157894737,0.04804583837764614,621,It brings out the poet in you.
3989,6587,0,6,51,57,1.105263157894737,0.04101019591968312,621,"Prince William, I really think you should reconsider your wedding attire. I believe this is quite a bit outdated sir."
4420,6587,0,6,51,57,1.105263157894737,0.04101019591968312,621,The cuffs are being welded as we speak.
4419,6587,1,4,52,57,1.105263157894737,0.04804583837764614,621,"Our welder has a day job, but I can  bring him in tonight to make the alterations."
4407,6587,1,4,52,57,1.105263157894737,0.04804583837764614,621,"I like it, but dry clean only?”"
4299,6587,1,4,52,57,1.105263157894737,0.04804583837764614,621,"You look stupid. Join the 21st century, Dork."
4226,6587,0,6,51,57,1.105263157894737,0.04101019591968312,621,"Of course, the Body Thimble's warranty is voided by improper use."
4197,6587,0,6,51,57,1.105263157894737,0.04101019591968312,621,Just buff it up and you can be our next Democratic Presidential candidate.
4143,6587,0,6,51,57,1.105263157894737,0.04101019591968312,621,I would say the creases are just about right . What do you think  ?
5070,6587,0,6,51,57,1.105263157894737,0.04101019591968312,621,Great part is any shirt and tie works with it !
4010,6587,0,6,51,57,1.105263157894737,0.04101019591968312,621,"I highly recommend having it thoroughly cleaned, people in the Medieval Ages were DISGUSTING"
4523,6587,0,6,51,57,1.105263157894737,0.04101019591968312,621,We've also got it in eggshell.
5265,6587,2,2,53,57,1.105263157894737,0.05417535418851449,621,What else you got? We’re not going with round tables for the reception anymore.
6670,6587,1,4,52,57,1.105263157894737,0.04804583837764614,621,This material creates a perfect echo chamber
5297,6587,1,4,52,57,1.105263157894737,0.04804583837764614,621,"yes, your ass looks VERY big sir..there's going to be a lot of broken hearts tonight"
7450,6587,0,6,51,57,1.105263157894737,0.04101019591968312,621,"Of course, any alterations are included at no additional fee."
7418,6587,1,4,52,57,1.105263157894737,0.04804583837764614,621,You might want to take precautions against chafing.  Chain mail can be brutal.
7284,6587,0,6,51,57,1.105263157894737,0.04101019591968312,621,Does it come with lead lining? I have a crossover coming up with Superman and I don't want him see me.
7228,6587,1,4,52,57,1.105263157894737,0.04804583837764614,621,we need to take in those shoulders a bit
7160,6587,0,6,51,57,1.105263157894737,0.04101019591968312,621,"After it rusts awhile,

It will be more comfortable."
7031,6587,1,4,52,57,1.105263157894737,0.04804583837764614,621,It's the very latest in our knightwear line.
6970,6587,2,2,53,57,1.105263157894737,0.05417535418851449,621,No extra charge for 'shining'.
6919,6587,0,6,51,57,1.105263157894737,0.04101019591968312,621,I hear our president sleeps in this.
6873,6587,0,6,51,57,1.105263157894737,0.04101019591968312,621,And  impenetrable to the slings and arrows of outraged journalists.
6843,6587,0,6,51,57,1.105263157894737,0.04101019591968312,621,I recommend our red tie with it.
6528,6587,1,4,52,57,1.105263157894737,0.04804583837764614,621,"Over, Under...it's ALL Armour..."
6462,6587,0,6,51,57,1.105263157894737,0.04101019591968312,621,"Tell her, NO BOOGIE, slow tunes only."
6404,6587,1,4,52,57,1.105263157894737,0.04804583837764614,621,"Seems to fit you perfectly across the shoulders,sir."
6313,6587,0,6,51,57,1.105263157894737,0.04101019591968312,621,It looks a bit tight around the shoulders.
5787,6587,1,4,52,57,1.105263157894737,0.04804583837764614,621,We offer complimentary WD40 service
5779,6587,1,4,52,57,1.105263157894737,0.04804583837764614,621,It might look better if you accessorize
5479,6587,0,6,51,57,1.105263157894737,0.04101019591968312,621,And the damsels won't be able to resist you.
5420,6587,1,4,52,57,1.105263157894737,0.04804583837764614,621,I see you ve been invited to the royal weeding.
5408,6587,0,6,51,57,1.105263157894737,0.04101019591968312,621,Perfect for Congress meetings and you don't need to iron it
5292,6587,0,6,51,57,1.105263157894737,0.04101019591968312,621,Nice look.  Throw-back suits are in fashion this year.
3894,6587,2,2,53,57,1.105263157894737,0.05417535418851449,621,"Frankly, I keep telling Corporate: Carry more styles for day and less for Knight."
2745,6587,2,2,53,57,1.105263157894737,0.05417535418851449,621,"It is a little large, but it will shrink in the wash."
3780,6587,1,4,52,57,1.105263157894737,0.04804583837764614,621,All dressed up and nowhere to go !
1597,6587,1,4,52,57,1.105263157894737,0.04804583837764614,621,"Just wear it, it was designed by a Hollywood top ten, red carpet fashion designer."
1553,6587,1,4,52,57,1.105263157894737,0.04804583837764614,621,"Its the next trend for hipsters, guaranteed to protect you against the millennial."
1503,6587,1,4,52,57,1.105263157894737,0.04804583837764614,621,We do offer single-use rentals for men placed on the frontline.
1175,6587,1,4,52,57,1.105263157894737,0.04804583837764614,621,"Now,  may I show you our selection of yeomen?"
1104,6587,1,4,52,57,1.105263157894737,0.04804583837764614,621,"Not to worry, a simple adjustment will deflect a jousting pole and most other weapons away from the heart and vital organs."
763,6587,0,6,51,57,1.105263157894737,0.04101019591968312,621,It comes with or without the underwear.
683,6587,1,4,52,57,1.105263157894737,0.04804583837764614,621,And one of the great perks of our new Lancelot Design is that no sunscreen is ever necessary.
640,6587,0,6,51,57,1.105263157894737,0.04101019591968312,621,It definitely fits you like an armor.
1667,6587,1,4,52,57,1.105263157894737,0.04804583837764614,621,Thick a
551,6587,1,4,52,57,1.105263157894737,0.04804583837764614,621,"This suit can go anywhere -- indictments, grand jury hearings,  appeals court. All the #MeToo men are wearing it."
531,6587,1,4,52,57,1.105263157894737,0.04804583837764614,621,...and its our most durable wrinkle free design.
443,6587,0,6,51,57,1.105263157894737,0.04101019591968312,621,"And for a limited time, it comes with an extra pair of pants!"
353,6587,0,6,51,57,1.105263157894737,0.04101019591968312,621,"I'm telling you, the 1160s are all the rage now."
341,6587,1,4,52,57,1.105263157894737,0.04804583837764614,621,Dress left? Dress right? With this model you'd better be sure.
140,6587,1,4,52,57,1.105263157894737,0.04804583837764614,621,"You will also want a gabardine, in case there's a thunderstorm."
62,6587,0,6,51,57,1.105263157894737,0.04101019591968312,621,What do you gotta write to win this stupid contest anyway?
2,6587,1,4,52,57,1.105263157894737,0.04804583837764614,621,I was told modest was in
3889,6587,0,6,51,57,1.105263157894737,0.04101019591968312,621,"That is a very shiny SUIT of armor, sir. *wink wink*"
542,6587,1,4,52,57,1.105263157894737,0.04804583837764614,621,It does protect you from tweets if you put a large bowl over your head.
1808,6587,1,4,52,57,1.105263157894737,0.04804583837764614,621,And it comes with another set of gauntlets at no extra cost!
182,6587,1,4,52,57,1.105263157894737,0.04804583837764614,621,I hear armour is really in this spring and look how slimming it is on you!
1907,6587,0,6,51,57,1.105263157894737,0.04101019591968312,621,"You do look quite gallant, sir; however, we are unable to accept schillings."
1828,6587,0,6,51,57,1.105263157894737,0.04101019591968312,621,This is the latest in full body protection against viscous tweets Speaker.
3322,6587,0,6,51,57,1.105263157894737,0.04101019591968312,621,"If she says yes,we'll give you a free diamond ring to go with it!"
3208,6587,1,4,52,57,1.105263157894737,0.04804583837764614,621,"You’ll look great on the ,” Knight Shift”, but the new tariffs have raised the cost."
3129,6587,0,6,51,57,1.105263157894737,0.04101019591968312,621,An excellent fit sir. May I also recommend our twenty-five groat rust-guard treatment?
2930,6587,1,4,52,57,1.105263157894737,0.04804583837764614,621,Looks good.  I will iron it.
2764,6587,0,6,51,57,1.105263157894737,0.04101019591968312,621,If it's any consolation -- it flattens your ass.
2754,6587,0,6,51,57,1.105263157894737,0.04101019591968312,621,"Well it seems to fit well, but only you can truly say if it's a good fit."
2740,6587,1,4,52,57,1.105263157894737,0.04804583837764614,621,They don't come any more 'classic' than that! You do need to oil it periodically though.
3162,6587,1,4,52,57,1.105263157894737,0.04804583837764614,621,We can let it out and give you a scootch more room. The color is perfect on you.
2622,6587,2,2,53,57,1.105263157894737,0.05417535418851449,621,"It’s the latest in post-#metoo fashion, sir."
2122,6587,0,6,51,57,1.105263157894737,0.04101019591968312,621,Are you on TSA Pre✓®
2737,6587,0,6,51,57,1.105263157894737,0.04101019591968312,621,The gauntlets will ride up with wear.
2195,6587,0,6,51,57,1.105263157894737,0.04101019591968312,621,I definitely prefer this to the sharkskin and I think a bag would go nicely matching the shoes and gloves
2205,6587,0,6,51,57,1.105263157894737,0.04101019591968312,621,Dost thou perceiveth that this fine apparel enlargens the appearance of mine own posterior?
3540,6587,0,6,51,57,1.105263157894737,0.04101019591968312,621,We can spot weld those cuffs while you wait.
2471,6587,0,6,51,57,1.105263157894737,0.04101019591968312,621,Armor is the new black this season
2534,6587,1,4,52,57,1.105263157894737,0.04804583837764614,621,It's the latest in congressional town hall wear.
2585,6587,1,4,52,57,1.105263157894737,0.04804583837764614,621,Is it is tight in the croctch?
2334,6587,1,4,52,57,1.105263157894737,0.04804583837764614,621,"And why, kids? Because Mommy just leaned over to Daddy and whispered, “Is it just me, or does Mrs. Incredible kind of look like Anastasia in ‘Fifty Shades of Grey?’ You know, the girl in the Red Room, with the whips and all?” And Daddy just rested h-"
4864,6674,0,6,52,58,1.103448275862069,0.04033776909417944,621,It's very breathable
4181,6674,0,6,52,58,1.103448275862069,0.04033776909417944,621,"Stylish, durable, and--at no additional charge--rustproofing in all the right places, in case you can't get it off when nature calls."
4247,6674,1,4,53,58,1.103448275862069,0.04724506633555822,621,Well Bob it sure looks like you’re read for a knight out
4277,6674,0,6,52,58,1.103448275862069,0.04033776909417944,621,"This armor comes with lifetime guarantee, or your money back"
4284,6674,1,4,53,58,1.103448275862069,0.04724506633555822,621,"It is a bit wrinkled, but a little starch should take care that."
4364,6674,0,6,52,58,1.103448275862069,0.04033776909417944,621,It's well suited for political gatherings.
4393,6674,2,2,54,58,1.103448275862069,0.053264030739395375,621,"Today's middle-agers wear it for UV rays, tat-sagging and in-laws jousting."
4431,6674,0,6,52,58,1.103448275862069,0.04033776909417944,621,What a difference a lay makes...
4412,6674,0,6,52,58,1.103448275862069,0.04033776909417944,621,It's what they were all wearing that year.
4445,6674,1,4,53,58,1.103448275862069,0.04724506633555822,621,"They've tried and tried, but no one has come up with a more stylish full body armor."
4540,6674,0,6,52,58,1.103448275862069,0.04033776909417944,621,"It looks great to me, but I have to check with the wife."
4746,6674,0,6,52,58,1.103448275862069,0.04033776909417944,621,"And if you prefer, we can make the shin plates with either cuffs or a full break."
4787,6674,2,2,54,58,1.103448275862069,0.053264030739395375,621,Stylish and it also protects you from the rain.
4091,6674,0,6,52,58,1.103448275862069,0.04033776909417944,621,"Gary, we need to talk...you can't do this every time Peggy asks you to reset her password"
4924,6674,1,4,53,58,1.103448275862069,0.04724506633555822,621,This suit comes with free Stain-Guard Protection Sir.
4543,6674,1,4,53,58,1.103448275862069,0.04724506633555822,621,"Ahhh, your anus."
3736,6674,1,4,53,58,1.103448275862069,0.04724506633555822,621,It fits like a glove and will be perfect for the midterm elections
3952,6674,2,2,54,58,1.103448275862069,0.053264030739395375,621,Is it because you don't want me checking your crotch again?
3344,6674,2,2,54,58,1.103448275862069,0.053264030739395375,621,Is that Speed Stick you're wearing?
5050,6674,0,6,52,58,1.103448275862069,0.04033776909417944,621,The suit is fairly cheap but the alterations will cost you.
3379,6674,0,6,52,58,1.103448275862069,0.04033776909417944,621,Well it’s a bit clunky but it’ll have to do
3413,6674,0,6,52,58,1.103448275862069,0.04033776909417944,621,"We don't do alterations anymore, but I can throw in a can of Three-in-One oil."
3430,6674,2,2,54,58,1.103448275862069,0.053264030739395375,621,Perfect for Halloween celebrations and much safer than a Zoot Suit.
3503,6674,0,6,52,58,1.103448275862069,0.04033776909417944,621,If we let out the seams you’ll be able to keep playing golf
3531,6674,0,6,52,58,1.103448275862069,0.04033776909417944,621,"Non-iron, huh?"
3652,6674,0,6,52,58,1.103448275862069,0.04033776909417944,621,It also comes in white
3717,6674,2,2,54,58,1.103448275862069,0.053264030739395375,621,"With this suit, you don't need a groin cup."
3756,6674,0,6,52,58,1.103448275862069,0.04033776909417944,621,Yes it is pricier than most suits but it will never see the inside of a dry cleaner.
3775,6674,0,6,52,58,1.103448275862069,0.04033776909417944,621,"This is the Tin Man Model, upgraded to aluminum so it does not rust."
3863,6674,1,4,53,58,1.103448275862069,0.04724506633555822,621,"It has a transferable lifetime warranty, obviously."
3914,6674,1,4,53,58,1.103448275862069,0.04724506633555822,621,Ya stay fresh for days and it comes with a free oil can.
3924,6674,0,6,52,58,1.103448275862069,0.04033776909417944,621,"You just did yourself a favor, boy."
3930,6674,1,4,53,58,1.103448275862069,0.04724506633555822,621,We can’t alter it today; the welder won’t be back until Tuesday.
3960,6674,0,6,52,58,1.103448275862069,0.04033776909417944,621,You're in luck! We've got a buy-one-get-one on codpieces this week.
5122,6674,0,6,52,58,1.103448275862069,0.04033776909417944,621,"Actually yes, that suit of armor DOES make your ass look fat."
6245,6674,0,6,52,58,1.103448275862069,0.04033776909417944,621,"Naturally, everything but the codpiece is made of recycled materials."
5176,6674,0,6,52,58,1.103448275862069,0.04033776909417944,621,"If you'd prefer, the tailor can cut a vent."
6299,6674,1,4,53,58,1.103448275862069,0.04724506633555822,621,You look very relaxed.
6350,6674,2,2,54,58,1.103448275862069,0.053264030739395375,621,So.  You say this party's up at Hyannis Port?
6416,6674,2,2,54,58,1.103448275862069,0.053264030739395375,621,Another damned robot who never can see himself as he is!
6637,6674,0,6,52,58,1.103448275862069,0.04033776909417944,621,Or may I show you something in chain mail?
6731,6674,0,6,52,58,1.103448275862069,0.04033776909417944,621,"And, we offer an extended three year warranty that includes annual lubrication and rustproofing."
6761,6674,2,2,54,58,1.103448275862069,0.053264030739395375,621,"How will you be paying for that, Mr. Hoe?"
6865,6674,1,4,53,58,1.103448275862069,0.04724506633555822,621,We call it La Trump à la frontière
6921,6674,1,4,53,58,1.103448275862069,0.04724506633555822,621,"Well Mr. Lancelot, you're now the bravest in the land and the best dressed!"
7010,6674,2,2,54,58,1.103448275862069,0.053264030739395375,621,I dunno... It kinda clashes... I think it’s a tad fashion heavy.
7058,6674,0,6,52,58,1.103448275862069,0.04033776909417944,621,I forgot you were an honorary millennial.
7061,6674,1,4,53,58,1.103448275862069,0.04724506633555822,621,Sir. May I suggest a few accessories? Perhaps an umbrella and lightening rod.
7272,6674,0,6,52,58,1.103448275862069,0.04033776909417944,621,...and it's wash and wear!
7371,6674,0,6,52,58,1.103448275862069,0.04033776909417944,621,You will want to leave a little extra room in the crotch
7440,6674,1,4,53,58,1.103448275862069,0.04724506633555822,621,...and it comes with a can of WD-40.
3337,6674,0,6,52,58,1.103448275862069,0.04033776909417944,621,"Just look at that reflection, you’re shining."
6251,6674,2,2,54,58,1.103448275862069,0.053264030739395375,621,As a matter of fact
5145,6674,2,2,54,58,1.103448275862069,0.053264030739395375,621,Clothes make the man! You are one awesome dude in these retro duds!
6216,6674,2,2,54,58,1.103448275862069,0.053264030739395375,621,It does goes medieval on the hips...
5990,6674,1,4,53,58,1.103448275862069,0.04724506633555822,621,"Like I was saying earlier, sir, if you want to be her knight in shining armor, you better dress like one."
5249,6674,1,4,53,58,1.103448275862069,0.04724506633555822,621,"...and do’nt forget to smile , and make sure you do’nt sound too metallic ."
5274,6674,0,6,52,58,1.103448275862069,0.04033776909417944,621,"You've made a wise choice, senator. The overlapping plates will surely help you in the debate tonight."
5350,6674,1,4,53,58,1.103448275862069,0.04724506633555822,621,"Don't worry, Sir -- I signed the NDA.  
Shall I order another one for ""the lady""?"
5358,6674,0,6,52,58,1.103448275862069,0.04033776909417944,621,This suit also comes with life-time oil can refills.
5452,6674,0,6,52,58,1.103448275862069,0.04033776909417944,621,"It comes with a long pole and for $100 more, it'll be guaranteed rust resistant"
5585,6674,1,4,53,58,1.103448275862069,0.04724506633555822,621,Of course it's a little short in the arms.
5645,6674,1,4,53,58,1.103448275862069,0.04724506633555822,621,Armour lookin' good?
5668,6674,1,4,53,58,1.103448275862069,0.04724506633555822,621,You can always cover it with a silly-ass raincoat
5673,6674,1,4,53,58,1.103448275862069,0.04724506633555822,621,We can take it in a little but  I think it feels you fine in the waist.
5743,6674,1,4,53,58,1.103448275862069,0.04724506633555822,621,"This is our new newyorker.com/cartoons/contest?mbid 
Sir, this is our NEW EVENING WEAR called, 
a Knight to Remember."
5831,6674,1,4,53,58,1.103448275862069,0.04724506633555822,621,"It says ""I'm feudal, but not *too* feudal""."
5859,6674,0,6,52,58,1.103448275862069,0.04033776909417944,621,Does this peplum make my butt look big?
5860,6674,0,6,52,58,1.103448275862069,0.04033776909417944,621,We are out of mink but hope this coat of arms will hold some appeal.
5923,6674,0,6,52,58,1.103448275862069,0.04033776909417944,621,"We'll throw in a lance,if you'd like."
5939,6674,1,4,53,58,1.103448275862069,0.04724506633555822,621,Would you like that with or without cuffs?
6169,6674,2,2,54,58,1.103448275862069,0.053264030739395375,621,It's from the Wayne Industries Summer Collection
3289,6674,0,6,52,58,1.103448275862069,0.04033776909417944,621,You're gonna kill it at the Republican party!
2952,6674,1,4,53,58,1.103448275862069,0.04724506633555822,621,"Can you take in the plackart a smidge, this cuisse is making my thighs look fat."
3253,6674,1,4,53,58,1.103448275862069,0.04724506633555822,621,"Don't worry, it'll come back into fashion"
798,6674,1,4,53,58,1.103448275862069,0.04724506633555822,621,"No, madam, I don't think it makes you look fat at all."
809,6674,1,4,53,58,1.103448275862069,0.04724506633555822,621,How can you see that all parts fit you to a tea? That suit is so tight that you cannot see.  You will have to take off your helmet first
824,6674,1,4,53,58,1.103448275862069,0.04724506633555822,621,"What the manly President with a love for tradition 
will wear to press conferences."
896,6674,1,4,53,58,1.103448275862069,0.04724506633555822,621,Sir. It really isn't necessary to try this on nightly.
901,6674,2,2,54,58,1.103448275862069,0.053264030739395375,621,Well I think that’s the one if you have in mind the upcoming share owners meeting.
948,6674,1,4,53,58,1.103448275862069,0.04724506633555822,621,It's all the rage in Washington.
759,6674,1,4,53,58,1.103448275862069,0.04724506633555822,621,You look like a million bulletproof bucks.
954,6674,3,0,55,58,1.103448275862069,0.05866871098092419,621,Do you think it makes me look fat?
1020,6674,1,4,53,58,1.103448275862069,0.04724506633555822,621,I suggest that you trade the gavel for a mace. Chairing university debates calls for decisive parliamentarism.
1148,6674,1,4,53,58,1.103448275862069,0.04724506633555822,621,"Oh, today is your audition with that famous director!"
1241,6674,1,4,53,58,1.103448275862069,0.04724506633555822,621,"I said dress for a good morning, not a good night!"
1288,6674,0,6,52,58,1.103448275862069,0.04033776909417944,621,Believe me...you'll knock 'em dead!
1323,6674,1,4,53,58,1.103448275862069,0.04724506633555822,621,"If that’s too tight in the crotch, we have some new chain mail leggings."
1356,6674,1,4,53,58,1.103448275862069,0.04724506633555822,621,You said you wanted something you could wear at night.
979,6674,1,4,53,58,1.103448275862069,0.04724506633555822,621,"No, this suit does not make your butt look fat, Sir."
711,6674,2,2,54,58,1.103448275862069,0.053264030739395375,621,"you are sure to impress her, sir."
677,6674,2,2,54,58,1.103448275862069,0.053264030739395375,621,"I can lengthen the back, and have ready by Tuesday."
616,6674,0,6,52,58,1.103448275862069,0.04033776909417944,621,"The material gets a bit shiny after a while, but we will gladly replace it at a discount."
3262,6674,0,6,52,58,1.103448275862069,0.04033776909417944,621,We offer the same suit in bronze or copper.
18,6674,1,4,53,58,1.103448275862069,0.04724506633555822,621,A brigand just walked in; care to test the stain resistance?
45,6674,1,4,53,58,1.103448275862069,0.04724506633555822,621,"Do you have this in Chain Mail, there's a little too much Plates?"
100,6674,1,4,53,58,1.103448275862069,0.04724506633555822,621,"I recommend Armor All, Mr. Knight”"
109,6674,0,6,52,58,1.103448275862069,0.04033776909417944,621,We'll have to special order the lance.
213,6674,1,4,53,58,1.103448275862069,0.04724506633555822,621,"You know what they say....Fashion fades, but armour is forever..."
277,6674,1,4,53,58,1.103448275862069,0.04724506633555822,621,It’s protection from the lower elements.
312,6674,1,4,53,58,1.103448275862069,0.04724506633555822,621,The difference is really Knight and day.
343,6674,1,4,53,58,1.103448275862069,0.04724506633555822,621,Nothing tastes as good as tinny feels.
347,6674,1,4,53,58,1.103448275862069,0.04724506633555822,621,You’d be fashion forward by 2 up and 1 over.
351,6674,0,6,52,58,1.103448275862069,0.04033776909417944,621,I lost ten pounds on that diet.
414,6674,0,6,52,58,1.103448275862069,0.04033776909417944,621,NERD ALERT!
433,6674,0,6,52,58,1.103448275862069,0.04033776909417944,621,"It's the latest thing for White House recruits, total protection."
452,6674,1,4,53,58,1.103448275862069,0.04724506633555822,621,"The Emperor's clothes are lovely, but this is more practical."
588,6674,1,4,53,58,1.103448275862069,0.04724506633555822,621,"... and it was made out of 100% recyclable material, so your no new metal beams  were hurt injured."
1371,6674,0,6,52,58,1.103448275862069,0.04033776909417944,621,"No, these are not trick mirrors."
1394,6674,1,4,53,58,1.103448275862069,0.04724506633555822,621,Does one size fit all?
754,6674,2,2,54,58,1.103448275862069,0.053264030739395375,621,"""And it comes with a free oil and lube after only three months."""
1461,6674,0,6,52,58,1.103448275862069,0.04033776909417944,621,I’m just gonna run out and lighten my stock portfolio...
2478,6674,0,6,52,58,1.103448275862069,0.04033776909417944,621,We call it mid- century medieval. Very trendy right now.
2563,6674,1,4,53,58,1.103448275862069,0.04724506633555822,621,"Bespoke is, hands down, better than off the rack."
2595,6674,2,2,54,58,1.103448275862069,0.053264030739395375,621,"You can take it for $500 now, but if you die you'll have to be buried in it."
2615,6674,1,4,53,58,1.103448275862069,0.04724506633555822,621,It's the prototype for school uniforms.
2767,6674,1,4,53,58,1.103448275862069,0.04724506633555822,621,"And  best of all, it doesn't make your butt look too big."
2822,6674,0,6,52,58,1.103448275862069,0.04033776909417944,621,"Certainly, we’ll have it tailored by dawn."
2431,6674,0,6,52,58,1.103448275862069,0.04033776909417944,621,It's going to be a heck of a knight out on the town.
3022,6674,2,2,54,58,1.103448275862069,0.053264030739395375,621,Perfect for the zombie apocalypse.
3156,6674,1,4,53,58,1.103448275862069,0.04724506633555822,621,Toilet?  There are no toilets.
3158,6674,1,4,53,58,1.103448275862069,0.04724506633555822,621,Never goes out of style.
3175,6674,0,6,52,58,1.103448275862069,0.04033776909417944,621,"Well, they won’t be able to say it’s too revealing."
3195,6674,0,6,52,58,1.103448275862069,0.04033776909417944,621,As the new EPA Administrator that is the perfect suit for the job.
1406,6674,1,4,53,58,1.103448275862069,0.04724506633555822,621,We also have suits of DisArmor.
3210,6674,0,6,52,58,1.103448275862069,0.04033776909417944,621,"No, Sir Lancalittle, this does not make your butt look fat."
3087,6674,0,6,52,58,1.103448275862069,0.04033776909417944,621,It is our latest Armani armor!
2356,6674,0,6,52,58,1.103448275862069,0.04033776909417944,621,I’m afraid we are going to have to charge you to shorten the sleeves.
2679,6674,1,4,53,58,1.103448275862069,0.04724506633555822,621,"As long as it fits in the shoulders, everything else can be fixed."
1670,6674,0,6,52,58,1.103448275862069,0.04033776909417944,621,It’s top-of-the-line stainless steel so no need to carry around an oil can.
1664,6674,0,6,52,58,1.103448275862069,0.04033776909417944,621,"It's gender-neutral, body-positive, and socially nonconformist. The fashion of the future."
2167,6674,0,6,52,58,1.103448275862069,0.04033776909417944,621,This week's special—Sizes XS-XXS come with a free oil can.
1683,6674,0,6,52,58,1.103448275862069,0.04033776909417944,621,Alterations are a little extra.
1696,6674,1,4,53,58,1.103448275862069,0.04724506633555822,621,"There now, this should give those jousting coworkers second thoughts."
1724,6674,1,4,53,58,1.103448275862069,0.04724506633555822,621,To me you’re still a mail Dash man.
1815,6674,0,6,52,58,1.103448275862069,0.04033776909417944,621,You going to the Renaissance Fair this weekend Fred?
1854,6674,1,4,53,58,1.103448275862069,0.04724506633555822,621,"That's a fine selection, sure, but you may find it a bit cumbersome for the beach."
1741,6674,1,4,53,58,1.103448275862069,0.04724506633555822,621,I can loosen the crotch.
1955,6674,2,2,54,58,1.103448275862069,0.053264030739395375,621,You will not be the only one at the Royal Wedding dress like that.
2005,6674,0,6,52,58,1.103448275862069,0.04033776909417944,621,"It's very stylish, but we suggest you always carry an umbrella"
2062,6674,1,4,53,58,1.103448275862069,0.04724506633555822,621,You'll be the Knight on the town!
2095,6674,0,6,52,58,1.103448275862069,0.04033776909417944,621,"I love it, now let's talk about accessories"
2120,6674,1,4,53,58,1.103448275862069,0.04724506633555822,621,A royal court fit in the mail.
1925,6674,2,2,54,58,1.103448275862069,0.053264030739395375,621,"His protect you from everyting, including that clown David Renmick!"
1485,6674,1,4,53,58,1.103448275862069,0.04724506633555822,621,Your enemy will bespokeless by the heft of your weft.
5291,6819,1,4,54,59,1.1016949152542372,0.0464704883270233,621,Do you have anything a little more shining?
5321,6819,1,4,54,59,1.1016949152542372,0.0464704883270233,621,The tailor wants to know--are you a right-dresser or a left-dresser?
4545,6819,0,6,53,59,1.1016949152542372,0.03968693424047915,621,"I'll try,but my needle may break."
4798,6819,1,4,54,59,1.1016949152542372,0.0464704883270233,621,"As you can see,it's rather slimming."
4797,6819,1,4,54,59,1.1016949152542372,0.0464704883270233,621,"Wear it whichever side you like, who's to notice?"
4643,6819,2,2,55,59,1.1016949152542372,0.052382819905918594,621,Would you like to see something in a demi-gaunt glove?  It would lighten up the look a bit.
4614,6819,0,6,53,59,1.1016949152542372,0.03968693424047915,621,"Nonsense, it doesn't make you look fat at all."
3325,6819,1,4,54,59,1.1016949152542372,0.0464704883270233,621,"Don’t worry about that fit, it will ride-up with wear."
4086,6819,1,4,54,59,1.1016949152542372,0.0464704883270233,621,Politics is a verbal jousting tournament!
3495,6819,0,6,53,59,1.1016949152542372,0.03968693424047915,621,"We'll take in a little here, let out a bissell there.  You'll be perfect for the marathon on Tuesday."
3426,6819,1,4,54,59,1.1016949152542372,0.0464704883270233,621,OK - Now can I measure your inseam?
3404,6819,1,4,54,59,1.1016949152542372,0.0464704883270233,621,"No, no, no, don't worry.  No one at the Premiere will think you copied The Tin Man.  Besides, no one who's anyone saw him: he's out in the country skipping around the Yellow Brick Road."""
3326,6819,1,4,54,59,1.1016949152542372,0.0464704883270233,621,This is our best summer-weight suit
5506,6819,0,6,53,59,1.1016949152542372,0.03968693424047915,621,And we can let out the waist a little when the tax cuts kick in.
4102,6819,1,4,54,59,1.1016949152542372,0.0464704883270233,621,"I tried the law, but I really found that fashion is where I  belong."
5556,6819,2,2,55,59,1.1016949152542372,0.052382819905918594,621,The President himself ordered one of these
7187,6819,0,6,53,59,1.1016949152542372,0.03968693424047915,621,Our Finest Suit for a Knight on the Town!
5824,6819,2,2,55,59,1.1016949152542372,0.052382819905918594,621,His horse was named Rocinante.
3247,6819,2,2,55,59,1.1016949152542372,0.052382819905918594,621,"When you take it in to the dry cleaner, remember to ask for heavy starch."
7230,6819,0,6,53,59,1.1016949152542372,0.03968693424047915,621,"It fits perfectly, Sir. Just needs a little ironing."
7006,6819,1,4,54,59,1.1016949152542372,0.0464704883270233,621,"...and, of course, it can be created bespoke by our own artisanal Italian tinsmith."
6889,6819,2,2,55,59,1.1016949152542372,0.052382819905918594,621,"Sir, it suits you and in any weather, day or knight."
6845,6819,1,4,54,59,1.1016949152542372,0.0464704883270233,621,It does come with an extra pair of leg armor.
6709,6819,2,2,55,59,1.1016949152542372,0.052382819905918594,621,A PERFECT FIT WHEN YOU MEET THE PRESIDENT TOMORROW
6610,6819,1,4,54,59,1.1016949152542372,0.0464704883270233,621,"There won't be any alterations needed ,sir."
5814,6819,0,6,53,59,1.1016949152542372,0.03968693424047915,621,"It is rustproof, bullet proof and made from recycled suits."
6593,6819,2,2,55,59,1.1016949152542372,0.052382819905918594,621,No charge for alterations.  We outsource to Pyroflame Welding.
6162,6819,1,4,54,59,1.1016949152542372,0.0464704883270233,621,Shall I have the valet bring around your destier?
6134,6819,2,2,55,59,1.1016949152542372,0.052382819905918594,621,"And on sale from our ‘Antiquated Line’”
Georgienne Hein, Pittsburgh Pa"
6098,6819,0,6,53,59,1.1016949152542372,0.03968693424047915,621,"As you can see, it’s actually more of a matte finish."
6077,6819,0,6,53,59,1.1016949152542372,0.03968693424047915,621,"This will be perfect is the event is 'medieval casual' , you say?"
6037,6819,0,6,53,59,1.1016949152542372,0.03968693424047915,621,This look is a little dark ages.
5982,6819,0,6,53,59,1.1016949152542372,0.03968693424047915,621,It really firms you up.
5844,6819,2,2,55,59,1.1016949152542372,0.052382819905918594,621,...and it comes with a detachable chainmail liner.
6181,6819,1,4,54,59,1.1016949152542372,0.0464704883270233,621,Perfect fit. You are a knockout.
3145,6819,1,4,54,59,1.1016949152542372,0.0464704883270233,621,Its the rage in DC.
4458,6819,2,2,55,59,1.1016949152542372,0.052382819905918594,621,We can have it shined for you by Tuesday and the ladies will love it.
3027,6819,1,4,54,59,1.1016949152542372,0.0464704883270233,621,It’s made of the finest Italian tin.
799,6819,0,6,53,59,1.1016949152542372,0.03968693424047915,621,"On which side do you dress, sir?"
777,6819,2,2,55,59,1.1016949152542372,0.052382819905918594,621,Joust look at you now.
652,6819,0,6,53,59,1.1016949152542372,0.03968693424047915,621,A perfect fit Sir
638,6819,1,4,54,59,1.1016949152542372,0.0464704883270233,621,"I'm sorry sir, but you didn't mention pin-stripes when we sized you and took your specifications."
552,6819,0,6,53,59,1.1016949152542372,0.03968693424047915,621,This one happens to come with an extra pair of slacks!
538,6819,1,4,54,59,1.1016949152542372,0.0464704883270233,621,Very slimming.....
854,6819,1,4,54,59,1.1016949152542372,0.0464704883270233,621,We could add some highlights and piping in gold leaf if you feel your waist is insufficiently defined ...
381,6819,1,4,54,59,1.1016949152542372,0.0464704883270233,621,Allow only 4 weeks for alterations.
299,6819,1,4,54,59,1.1016949152542372,0.0464704883270233,621,Strictly dry clean only.
271,6819,2,2,55,59,1.1016949152542372,0.052382819905918594,621,A knight cant has a Thanos' claw. Now get back to work!
219,6819,2,2,55,59,1.1016949152542372,0.052382819905918594,621,Complete with a twelve year rust proof warranty!
40,6819,0,6,53,59,1.1016949152542372,0.03968693424047915,621,"Working on the suit of armour could be tricky, but I’m more concerned with picking the right hat."
24,6819,0,6,53,59,1.1016949152542372,0.03968693424047915,621,"Sure thing, I'll have that hem done just before The Battle of Bouvines begins"
3099,6819,1,4,54,59,1.1016949152542372,0.0464704883270233,621,And I'll even throw in a free knighthood!
302,6819,0,6,53,59,1.1016949152542372,0.03968693424047915,621,"This is from our medieval collection, it comes with a full box of varnish.  Quite slimming if I say so myself!"
1004,6819,0,6,53,59,1.1016949152542372,0.03968693424047915,621,"Yes, it's a little unorthodox, Mr. Comey, but it will protect you from the slings and arrows."
1214,6819,2,2,55,59,1.1016949152542372,0.052382819905918594,621,We'll throw in a can of oil gratis.
2230,6819,2,2,55,59,1.1016949152542372,0.052382819905918594,621,"Congress might not act, but that doesn't mean you shouldn't."
2762,6819,2,2,55,59,1.1016949152542372,0.052382819905918594,621,"The Horns Of Hattin was quite some time ago, Sir.  I say we hit the heathen for six this time around."
2380,6819,2,2,55,59,1.1016949152542372,0.052382819905918594,621,No it's true.  It's the new fashion
2347,6819,0,6,53,59,1.1016949152542372,0.03968693424047915,621,"Do you have anything in black, I do have a reputation to uphold."
2317,6819,2,2,55,59,1.1016949152542372,0.052382819905918594,621,This model comes with free rust proofing.
2238,6819,0,6,53,59,1.1016949152542372,0.03968693424047915,621,Forgive the cliche but the suit is definitely you!
1234,6819,2,2,55,59,1.1016949152542372,0.052382819905918594,621,"We fixed that, sir. It's great in the rain. Never a wrinkle."
2913,6819,1,4,54,59,1.1016949152542372,0.0464704883270233,621,"You have my personal guarantee, sexual harassment will be a thing of the past."
2171,6819,0,6,53,59,1.1016949152542372,0.03968693424047915,621,A little tight in the crotch?  I'll talk to the blacksmith.
1995,6819,2,2,55,59,1.1016949152542372,0.052382819905918594,621,This suit also comes in black. For your more formal jousting events
1918,6819,2,2,55,59,1.1016949152542372,0.052382819905918594,621,I think the sleeves need a little off.
1853,6819,1,4,54,59,1.1016949152542372,0.0464704883270233,621,"Our signature line features strength with a dash of sexiness; you'll win the fight and look damn good, too."
1591,6819,2,2,55,59,1.1016949152542372,0.052382819905918594,621,"Without one of our expensive umbrellas, you may find it rusts!"
1552,6819,0,6,53,59,1.1016949152542372,0.03968693424047915,621,"Yeah, they trick everyone with that ""sword in the desk"" gimmick and then send 'em over here. So, are you communications director or press secretary?"
1330,6819,0,6,53,59,1.1016949152542372,0.03968693424047915,621,With vertical vents it would be even more slimming.
2004,6819,0,6,53,59,1.1016949152542372,0.03968693424047915,621,The only downside is that you have to polish it a lot.
2953,6819,1,4,54,59,1.1016949152542372,0.0464704883270233,621,It's that Artificial Intelligence look that is trending.
3563,6891,1,4,55,60,1.1,0.04572084295183095,621,"And you dress to the right, of course"
6594,6891,2,2,56,60,1.1,0.05153025549750767,621,We also have this in the shiny version
2275,6891,2,2,56,60,1.1,0.05153025549750767,621,And it sheds stains!
359,6891,2,2,56,60,1.1,0.05153025549750767,621,"Ahh, a fine choice sir. This suit has our signature breathable steel technology to keep you cool and comfortable."
1110,6891,2,2,56,60,1.1,0.05153025549750767,621,"Yes, our popular  ‘Knight’s of the realm’ sale includes: polishing, patchwork and “lifetime” bodyshop  work !"
5117,6896,1,4,56,61,1.098360655737705,0.04499494830653312,621,"Yes Sire, the white satin is an extra option."
7344,6896,1,4,56,61,1.098360655737705,0.04499494830653312,621,Our armourer can take that in for you.
2509,6898,1,3,49,53,1.0943396226415094,0.04866990605836638,621,Alterations are free but rustproofing is extra.
3293,6898,0,5,48,53,1.0943396226415094,0.04053480419091131,621,Everything needs to be let out a bit.
6148,6898,0,5,48,53,1.0943396226415094,0.04053480419091131,621,"I can get it in a larger size, but it'll take a few weeks"
6971,6898,0,5,48,53,1.0943396226415094,0.04053480419091131,621,And it comes with a church key in case of a digestive emergency.
5049,6902,0,5,49,54,1.0925925925925926,0.03981542423923758,621,It’ll be raining damsels.
7348,6902,1,3,50,54,1.0925925925925926,0.04779204982962338,621,Will the gentleman also require a codpiece or steed apron?
5582,6902,0,5,49,54,1.0925925925925926,0.03981542423923758,621,"Sir, it also comes in a mid-knight blue."
5581,6902,0,5,49,54,1.0925925925925926,0.03981542423923758,621,This is the same suit that Harry wore at the wedding afterparty
5494,6902,2,1,51,54,1.0925925925925926,0.054615858928373,621,"And the armoire is ready, sir."
5330,6902,0,5,49,54,1.0925925925925926,0.03981542423923758,621,"Yes, I suppose it does make me look rather tin..."
5425,6902,0,5,49,54,1.0925925925925926,0.03981542423923758,621,Getting ready for the November election?
5419,6902,0,5,49,54,1.0925925925925926,0.03981542423923758,621,Just the thing for the next jousting tournament in Central Park.
5666,6902,0,5,49,54,1.0925925925925926,0.03981542423923758,621,You will be delighted how well it wears.
5272,6902,0,5,49,54,1.0925925925925926,0.03981542423923758,621,"It's an investment for your future, and we are running specials on all our thirty-seven piece suits this week--just two bits of coin."
5106,6902,0,5,49,54,1.0925925925925926,0.03981542423923758,621,We can take the backplate in an inch.  How do the gauntlets feel?
5469,6902,0,5,49,54,1.0925925925925926,0.03981542423923758,621,"And best of all, it never needs pressing."
5906,6902,1,3,50,54,1.0925925925925926,0.04779204982962338,621,Going freelance Perkins?
6055,6902,0,5,49,54,1.0925925925925926,0.03981542423923758,621,Do you think it makes me look too fat?
5960,6902,0,5,49,54,1.0925925925925926,0.03981542423923758,621,"For that intimate occasion, Sir, you've got to be a knight in white satin."
5978,6902,0,5,49,54,1.0925925925925926,0.03981542423923758,621,"If you order a second suit today,we can have it ready for your Aprill trip, at a low price of 19 guineas, 95 pence."
6192,6902,0,5,49,54,1.0925925925925926,0.03981542423923758,621,You have to get your own Round Table.
6248,6902,0,5,49,54,1.0925925925925926,0.03981542423923758,621,Shall I wrap it or will you wear it to the joust?
6258,6902,0,5,49,54,1.0925925925925926,0.03981542423923758,621,"From the joust to the feast, this lightweight armor serves all your needs!"
6361,6902,1,3,50,54,1.0925925925925926,0.04779204982962338,621,Knight suit!
6560,6902,0,5,49,54,1.0925925925925926,0.03981542423923758,621,It's called The Letter Carrier DeLuxe.
6728,6902,0,5,49,54,1.0925925925925926,0.03981542423923758,621,"It's you, definitely you"
6741,6902,0,5,49,54,1.0925925925925926,0.03981542423923758,621,It will be a big hit at the Round Table
6752,6902,0,5,49,54,1.0925925925925926,0.03981542423923758,621,"I can assure you not a single strand of hair will be displaced, Mr. Trump."
7052,6902,1,3,50,54,1.0925925925925926,0.04779204982962338,621,I must say Mr. Hafeez you may be a bit overdressed for the Boy Scout Roundtable.
7222,6902,0,5,49,54,1.0925925925925926,0.03981542423923758,621,And it comes with a 12 battle non-transferrable guarantee.
5958,6902,0,5,49,54,1.0925925925925926,0.03981542423923758,621,"We haven't decided yet whether the targets of sexual abuse should wear them, or the perps."
4879,6902,0,5,49,54,1.0925925925925926,0.03981542423923758,621,"That suit says ""you!""  We'll adjust the cuffs to the tops of your shoes."
2427,6902,0,5,49,54,1.0925925925925926,0.03981542423923758,621,Perfect timing if I may say so sir....before the trade war steel tariffs kick in!
4462,6902,0,5,49,54,1.0925925925925926,0.03981542423923758,621,I think your safe now Mr President......
88,6902,1,3,50,54,1.0925925925925926,0.04779204982962338,621,"The beauty of it is, combining 21st Century technology with the tried-and-true, the joints are nano-lubricated permanently."
4474,6902,0,5,49,54,1.0925925925925926,0.03981542423923758,621,"Sir, your Iron Bank card has been declined. We accept Dragon Glass, but there's a 5% transaction fee. Also, Mastercard."
356,6902,0,5,49,54,1.0925925925925926,0.03981542423923758,621,Everyone is mine to torment Lord Commander
405,6902,0,5,49,54,1.0925925925925926,0.03981542423923758,621,"No zippers, no buttons, and it’s a custom suit you’ll never grow out of."
805,6902,0,5,49,54,1.0925925925925926,0.03981542423923758,621,Our knight-time collection seems to suit you perfectly!
925,6902,0,5,49,54,1.0925925925925926,0.03981542423923758,621,And it comes with free maintenance.
1398,6902,0,5,49,54,1.0925925925925926,0.03981542423923758,621,"This cut suits you nicely, sir, but no, it has no breast pocket."
1689,6902,1,3,50,54,1.0925925925925926,0.04779204982962338,621,"No ma'am, your bum doesn't look big in this..."
1778,6902,0,5,49,54,1.0925925925925926,0.03981542423923758,621,"The double-strength codpiece is extra, but I strongly recommend it."
1827,6902,2,1,51,54,1.0925925925925926,0.054615858928373,621,"While clunky, I do believe the ""fit"" is on ""flick"" as the kids say now in days."
1863,6902,0,5,49,54,1.0925925925925926,0.03981542423923758,621,You don't look a day past 16
1880,6902,0,5,49,54,1.0925925925925926,0.03981542423923758,621,Would you like to see it with our mithril cummerbund?
195,6902,0,5,49,54,1.0925925925925926,0.03981542423923758,621,Rough day in court
2340,6902,0,5,49,54,1.0925925925925926,0.03981542423923758,621,"You, sir, are a knight in shining mirror"
2157,6902,1,3,50,54,1.0925925925925926,0.04779204982962338,621,I tailored this suit to hide your flaws.
3649,6902,0,5,49,54,1.0925925925925926,0.03981542423923758,621,"Sir, now that you have the corner office, I think you can remove those 2 inch heel lifts."
3645,6902,1,3,50,54,1.0925925925925926,0.04779204982962338,621,It's perfect. Shining was so last year.
3633,6902,0,5,49,54,1.0925925925925926,0.03981542423923758,621,It also comes in a royal blue.
3499,6902,0,5,49,54,1.0925925925925926,0.03981542423923758,621,And may I say it's very brave of you to become the new Chief of Staff sir.
4195,6902,1,3,50,54,1.0925925925925926,0.04779204982962338,621,"Fashion is cyclical, it is only a matter of time until shining armor is the next big thing."
3389,6902,0,5,49,54,1.0925925925925926,0.03981542423923758,621,May I suggest a codpiece to complete the ensemble?
3328,6902,0,5,49,54,1.0925925925925926,0.03981542423923758,621,Now you're ready for that interview at Medieval Times.
2973,6902,0,5,49,54,1.0925925925925926,0.03981542423923758,621,And it comes with two pair of chausses.
2861,6902,0,5,49,54,1.0925925925925926,0.03981542423923758,621,"Frankly Sir, which way you ""dress"" will be the least of your worries.."
2359,6902,0,5,49,54,1.0925925925925926,0.03981542423923758,621,"If you are going for the European look, this is definitely the way to go"
3439,6902,0,5,49,54,1.0925925925925926,0.03981542423923758,621,No.  The mirror is not included.
5463,6958,0,5,50,55,1.0909090909090908,0.03912104390108503,621,Step a little closer to the mirror and see how well the back fits.
4118,6958,0,5,50,55,1.0909090909090908,0.03912104390108503,621,I think it suits you just fine.
7117,6958,0,5,50,55,1.0909090909090908,0.03912104390108503,621,Back in the old garment district that suit came with two pair of chain mail pants.
4215,6958,0,5,50,55,1.0909090909090908,0.03912104390108503,621,If you'd like sir we could bring in the lapels a bit.
4449,6958,1,3,51,55,1.0909090909090908,0.04694525268130203,621,We also offer it in a worsted navy.
4715,6958,1,3,51,55,1.0909090909090908,0.04694525268130203,621,It's called IronMan 16th century 2.0
5086,6958,0,5,50,55,1.0909090909090908,0.03912104390108503,621,I think this should grid your loins very well Democracy.  How is the fit? Roomy enough?
5202,6958,0,5,50,55,1.0909090909090908,0.03912104390108503,621,It has a very slimming sheen to it.
5393,6958,1,3,51,55,1.0909090909090908,0.04694525268130203,621,I'm told this is the perfect oufit for new employees heading to the White House
5522,6958,0,5,50,55,1.0909090909090908,0.03912104390108503,621,"It’s the latest from one of our hot new suppliers, Over Armour."
6296,6958,0,5,50,55,1.0909090909090908,0.03912104390108503,621,"Does this make my butt look big?

Kiki Epp Clark"
5987,6958,1,3,51,55,1.0909090909090908,0.04694525268130203,621,The rust-proof version is only $60.00 more and comes with free alterations.
6059,6958,0,5,50,55,1.0909090909090908,0.03912104390108503,621,"Would you like to wear it home, sir? Delivery is $2000."
6160,6958,0,5,50,55,1.0909090909090908,0.03912104390108503,621,The GQ look is long gone - long live GoT!
6205,6958,0,5,50,55,1.0909090909090908,0.03912104390108503,621,Comes with a ' No Rivet-Rash Five-Year Warranty'
6288,6958,0,5,50,55,1.0909090909090908,0.03912104390108503,621,"We call it the our new, multi-option, slenderizer."
6750,6958,0,5,50,55,1.0909090909090908,0.03912104390108503,621,"Like President Trump, you will definitely look like a strong leader."
6876,6958,0,5,50,55,1.0909090909090908,0.03912104390108503,621,"It’s the real you, and completely gluten free."
6963,6958,0,5,50,55,1.0909090909090908,0.03912104390108503,621,Perfect!  It accentuates your best features.
7083,6958,0,5,50,55,1.0909090909090908,0.03912104390108503,621,Mud guards are extra.
4071,6958,0,5,50,55,1.0909090909090908,0.03912104390108503,621,"Like I said, Tekashi, I don't know if it'll save you from one of Keef's hitters with an AK but Supreme only made two suits, so...."
5544,6958,0,5,50,55,1.0909090909090908,0.03912104390108503,621,Doess this make my brain look small?
3821,6958,0,5,50,55,1.0909090909090908,0.03912104390108503,621,And no extra charge for rust-proofing.
4180,6958,0,5,50,55,1.0909090909090908,0.03912104390108503,621,The mirror adds 60 lbs
3473,6958,0,5,50,55,1.0909090909090908,0.03912104390108503,621,"Perfecto, Sir, if I may!"
3551,6958,1,3,51,55,1.0909090909090908,0.04694525268130203,621,It’s a classic seout
214,6958,0,5,50,55,1.0909090909090908,0.03912104390108503,621,"So, will you say ""Yes"" to the cuisse?"
437,6958,0,5,50,55,1.0909090909090908,0.03912104390108503,621,"Sorry, no alterations this week. Our Blacksmith is on holiday in Gaul."
1268,6958,0,5,50,55,1.0909090909090908,0.03912104390108503,621,"In that suit you'll be able to joist anywhere, with anyone and at any time."
1276,6958,0,5,50,55,1.0909090909090908,0.03912104390108503,621,Would you like to see more of our anniversary collection?
1487,6958,0,5,50,55,1.0909090909090908,0.03912104390108503,621,Trump has ordered it for his Cabinet members.
1517,6958,0,5,50,55,1.0909090909090908,0.03912104390108503,621,She said she needed a knight in shining armor.
1803,6958,0,5,50,55,1.0909090909090908,0.03912104390108503,621,"This suit is beyond retro, it's avant garde by virtue of being historic. Enter the room like this and say en garde."
1859,6958,1,3,51,55,1.0909090909090908,0.04694525268130203,621,i suppose i could make it assless…would just need to remove the ass
2322,6958,1,3,51,55,1.0909090909090908,0.04694525268130203,621,I  think it makes you look chinky.
849,6958,0,5,50,55,1.0909090909090908,0.03912104390108503,621,"Believe me, these are all the rage now for hotel room auditions."
2474,6958,1,3,51,55,1.0909090909090908,0.04694525268130203,621,It's really a matter of taste.
2482,6958,1,3,51,55,1.0909090909090908,0.04694525268130203,621,"Yes, Sir Kenneth. Lady Barbara has already selected our matching chainmail snood and wimple."
2551,6958,0,5,50,55,1.0909090909090908,0.03912104390108503,621,"what do you think, does this suit make my hips look big?"
2768,6958,0,5,50,55,1.0909090909090908,0.03912104390108503,621,I don't know how you're set for weapons but we also have a big sale right now on maces and one-handed flails if you want to take a peek.
2827,6958,0,5,50,55,1.0909090909090908,0.03912104390108503,621,"Naw - It just doesn't say ""Let's fly to Paris in my new G5""."
2908,6958,0,5,50,55,1.0909090909090908,0.03912104390108503,621,"Saville Row's finest"""
2950,6958,0,5,50,55,1.0909090909090908,0.03912104390108503,621,"Pewter...um...a wise choice your excellency, one level above tin!"
3023,6958,0,5,50,55,1.0909090909090908,0.03912104390108503,621,"In this line, the mace is extra."
3218,6958,0,5,50,55,1.0909090909090908,0.03912104390108503,621,And for more informal occasions we also offer no-tuck-it chainmail.
3433,6958,1,3,51,55,1.0909090909090908,0.04694525268130203,621,And here's a suit that will never go out of fashion.
2449,6958,0,5,50,55,1.0909090909090908,0.03912104390108503,621,"Medieval, yes, but Roguish. Daring. Says, ""American the First - the Unstoppable."""
7451,7005,0,5,51,56,1.0892857142857142,0.038450387280282515,621,Show me something I can wear to the knightclubs.
7030,7005,1,3,52,56,1.0892857142857142,0.04612789753884693,621,"She'll love it, the ""knight in shining armor"" look never goes out of style!"
6177,7005,0,5,51,56,1.0892857142857142,0.038450387280282515,621,no zipper
4907,7005,0,5,51,56,1.0892857142857142,0.038450387280282515,621,"You’ve had a thousand years to
think about it... should I meet you at the register?”"
4773,7005,0,5,51,56,1.0892857142857142,0.038450387280282515,621,"Of course, the mirror doesn't fully capture the shine."
1055,7005,0,5,51,56,1.0892857142857142,0.038450387280282515,621,"You wanted wrinkle-proof, right?"
2428,7005,2,1,53,56,1.0892857142857142,0.05269851592507146,621,"Perfect for your theme wedding, and it's made out of  self cooling neoprene with a bit of stretch!"
1471,7005,0,5,51,56,1.0892857142857142,0.038450387280282515,621,"Mr. Kennedy, the Democrats are waiting."
144,7005,0,5,51,56,1.0892857142857142,0.038450387280282515,621,"Of course it's machine washable, sir."
4734,7005,1,3,52,56,1.0892857142857142,0.04612789753884693,621,"4D carbon fiber, of course!  But the propulsion system makes Iron Man look like a weenie."
7306,7015,0,5,52,57,1.087719298245614,0.037802263481198896,621,Will sir be wearing it straight to the renaissance fair?
1206,7015,0,5,52,57,1.087719298245614,0.037802263481198896,621,"Left or right, for the cuisses?"
5535,7015,0,5,52,57,1.087719298245614,0.037802263481198896,621,"Yaaaassss, Queen."
5825,7015,1,3,53,57,1.087719298245614,0.04533847748151766,621,They say fashion always comes back around.
4057,7019,0,4,42,46,1.0869565217391304,0.04200399056866503,621,"Trust me, this outfit takes you from day to night."
3392,7019,1,2,43,46,1.0869565217391304,0.0522543663110723,621,It's a suit that never goes out of style.
1075,7019,0,4,42,46,1.0869565217391304,0.04200399056866503,621,…but _our_ Adminstration _supports_ traditional industries.
166,7022,0,5,53,58,1.0862068965517242,0.03717555967998436,621,"I don't know Phil, they might mistake you for security."
1612,7022,1,3,54,58,1.0862068965517242,0.044575586536534074,621,theres a metal ass on it
3320,7022,0,5,53,58,1.0862068965517242,0.03717555967998436,621,Don't quit your day job.
5039,7022,0,5,53,58,1.0862068965517242,0.03717555967998436,621,all the kids are wearing it
6642,7022,0,5,53,58,1.0862068965517242,0.03717555967998436,621,"If you love this, you’ll also love to “boogie”."
1946,7027,0,4,43,47,1.0851063829787233,0.041142194186747603,621,This is a classic suit for date knights.
4483,7027,0,4,43,47,1.0851063829787233,0.041142194186747603,621,"Sir I know you want to make an impression when you meet the President, however I don't think you will make it through the Security Check"
7334,7029,0,4,47,51,1.0784313725490196,0.03802101848953984,621,"May I suggest that you try on the latest model, which is in white?"
5749,7029,0,4,47,51,1.0784313725490196,0.03802101848953984,621,No. This is not the uniform the band Metallica wears.
5262,7029,0,4,47,51,1.0784313725490196,0.03802101848953984,621,Does this make me look too thin
4988,7029,1,2,48,51,1.0784313725490196,0.04722193952467567,621,"We're open, all knight!"
4927,7029,0,4,47,51,1.0784313725490196,0.03802101848953984,621,As a matter of fact it is no-wrinkle - it’ll travel great.
4895,7029,2,0,49,51,1.0784313725490196,0.05490196078431373,621,May I suggest a paisley tie to complement the blood tinged steel?
4605,7029,0,4,47,51,1.0784313725490196,0.03802101848953984,621,"If  you need me I can tweet for you. By they way, they are ready."
4310,7029,2,0,49,51,1.0784313725490196,0.05490196078431373,621,...with this suit you can kiss your insecurities goodbye.
4343,7029,0,4,47,51,1.0784313725490196,0.03802101848953984,621,This medieval European cut offers mobility for jousting while being stylish enough for the finest banquet.
4321,7029,0,4,47,51,1.0784313725490196,0.03802101848953984,621,You will certainly win best dressed of the knight.
5932,7029,0,4,47,51,1.0784313725490196,0.03802101848953984,621,And it's water proof.
4153,7029,0,4,47,51,1.0784313725490196,0.03802101848953984,621,Rust is your colour.
4112,7029,0,4,47,51,1.0784313725490196,0.03802101848953984,621,"Yes,  Mr. Knight, we can offer you a number of shades of green from which to choose."
4593,7029,0,4,47,51,1.0784313725490196,0.03802101848953984,621,Hilfiger flails are half off.
5969,7029,0,4,47,51,1.0784313725490196,0.03802101848953984,621,The extra shine should do the trick.
6174,7029,0,4,47,51,1.0784313725490196,0.03802101848953984,621,"It's all the rage Sir, it protects you from any politically incorrect statement that you make,and yes, we do have it in Gold!"
6084,7029,1,2,48,51,1.0784313725490196,0.04722193952467567,621,It becomes you.
6133,7029,0,4,47,51,1.0784313725490196,0.03802101848953984,621,The medieval armor is all the rage this fall.
4108,7029,0,4,47,51,1.0784313725490196,0.03802101848953984,621,You said you wanted something that makes you shine.
6223,7029,0,4,47,51,1.0784313725490196,0.03802101848953984,621,YOU DID ASK FOR ' NIGHT ' ATTIRE ?
6385,7029,0,4,47,51,1.0784313725490196,0.03802101848953984,621,"Remember, always addresses the magistrate as your honour."
6471,7029,0,4,47,51,1.0784313725490196,0.03802101848953984,621,"Sir, this is our basic model.  After sizing, we then need to block a day to select your options: metal gauge, colors, armament, and family cote of arms.  Mr. Humphreys, are you available for measurements?"
6498,7029,0,4,47,51,1.0784313725490196,0.03802101848953984,621,"Relax, your ass looks fine."
6649,7029,0,4,47,51,1.0784313725490196,0.03802101848953984,621,Would you like to try that in khaki?
6740,7029,0,4,47,51,1.0784313725490196,0.03802101848953984,621,It’s all about protection these days.
6853,7029,0,4,47,51,1.0784313725490196,0.03802101848953984,621,Its the latest in resort ware....
6980,7029,0,4,47,51,1.0784313725490196,0.03802101848953984,621,"Of course, it doesn't cover your tariff."
7107,7029,0,4,47,51,1.0784313725490196,0.03802101848953984,621,They'll call him the Green with Envy Knight.
7193,7029,0,4,47,51,1.0784313725490196,0.03802101848953984,621,It's our most popular Medieval Times costume.
6004,7029,0,4,47,51,1.0784313725490196,0.03802101848953984,621,"I've read there may be a human vaccine very soon, sir."
3956,7029,2,0,49,51,1.0784313725490196,0.05490196078431373,621,Yes sir it needs an alteration. Do you dress left or two the right?
1839,7029,0,4,47,51,1.0784313725490196,0.03802101848953984,621,"Yes, it does feel like the culture wars are back"
3857,7029,0,4,47,51,1.0784313725490196,0.03802101848953984,621,"(No June 18th.  Am a first timer; thought I had til the following Thursday, i.e., tomorrow - UGH - when I'd've submitted:                He said . . . ""because the first Big Bang isn't going that well."""
60,7029,0,4,47,51,1.0784313725490196,0.03802101848953984,621,"Accelerate was their best album in ages, but even so...I mean compare anything on that to ""Driver 8"", for fuck's sake."
315,7029,0,4,47,51,1.0784313725490196,0.03802101848953984,621,And the kitchen comes with a round table.”
317,7029,1,2,48,51,1.0784313725490196,0.04722193952467567,621,"Of course it will help you get the sword out of your desk, Mr. Bezos."
385,7029,1,2,48,51,1.0784313725490196,0.04722193952467567,621,Good strategy for a Zombie Apocalypse.
445,7029,0,4,47,51,1.0784313725490196,0.03802101848953984,621,"A bit of burnishing, a few drops of oil, and you're ready for a knight on the town -- if, sir, I may be permitted a mild guffaw."
462,7029,0,4,47,51,1.0784313725490196,0.03802101848953984,621,"I thought we could share a good laugh if I brought out a suit OF ARMOR instead. But to answer your question, yes, I was sad when they canceled Dennis Miller Live and my hair and my teeth fell out and I had to work at Men's Warehouse."
3893,7029,0,4,47,51,1.0784313725490196,0.03802101848953984,621,It's a strong fit.
1065,7029,1,2,48,51,1.0784313725490196,0.04722193952467567,621,"With the bride dressing as Guinevere, we thought this would be perfect!"
1213,7029,1,2,48,51,1.0784313725490196,0.04722193952467567,621,"It's our best selling suit, Senator."
1286,7029,0,4,47,51,1.0784313725490196,0.03802101848953984,621,"Yes, sir, it is more expensive, but very slenderizing, never needs dry cleaning, and wears like iron."
1305,7029,0,4,47,51,1.0784313725490196,0.03802101848953984,621,"Yes, Mr. President; it´s precisely what you need."
1412,7029,0,4,47,51,1.0784313725490196,0.03802101848953984,621,And this week we're throwing in a second horse.
1509,7029,1,2,48,51,1.0784313725490196,0.04722193952467567,621,Fits Like a Suit...
1604,7029,0,4,47,51,1.0784313725490196,0.03802101848953984,621,We guarantee this suit for life as long as you use armorall after every use.
617,7029,1,2,48,51,1.0784313725490196,0.04722193952467567,621,Looks like someone’s lost their key to the executive wash room.
3669,7029,0,4,47,51,1.0784313725490196,0.03802101848953984,621,It makes you look powerful.
3835,7029,0,4,47,51,1.0784313725490196,0.03802101848953984,621,"It’s so versatile. Day wear for work, then right to a night on the town."
3833,7029,0,4,47,51,1.0784313725490196,0.03802101848953984,621,The good knight has a great night at tire.
3766,7029,0,4,47,51,1.0784313725490196,0.03802101848953984,621,That's the Vintage brand called Under Armour.
3477,7029,0,4,47,51,1.0784313725490196,0.03802101848953984,621,This suit comes with a lifetime supply of can openers.
1633,7029,1,2,48,51,1.0784313725490196,0.04722193952467567,621,"It won't ward off hateful vitriol from the likes of  Michelle Wolf, Samantha Bee, and Kathy Griffin, but it will keep you dry and warm in the winter and bee-proof in the summer."
3120,7029,1,2,48,51,1.0784313725490196,0.04722193952467567,621,Good knight! Your handsome!
3190,7029,0,4,47,51,1.0784313725490196,0.03802101848953984,621,"it's a great fit, just remember not to yell."
2714,7029,0,4,47,51,1.0784313725490196,0.03802101848953984,621,The Middle Ages is back in fashion.
2651,7029,0,4,47,51,1.0784313725490196,0.03802101848953984,621,You’re a vision in sheet metal!
2611,7029,0,4,47,51,1.0784313725490196,0.03802101848953984,621,Metal is slimming.
2447,7029,0,4,47,51,1.0784313725490196,0.03802101848953984,621,It comes pre-ironed.
2424,7029,0,4,47,51,1.0784313725490196,0.03802101848953984,621,Any tailoring is a snap at Arkie the Welder's convenient shop out back.
2805,7029,1,2,48,51,1.0784313725490196,0.04722193952467567,621,"Shall we add a shiny broadsword or, perhaps, a nice petard?"
4725,7091,0,4,48,52,1.0769230769230769,0.03731317308251277,621,"I'm afraid, sir, that this particular suit is particularly difficult to let out."
4475,7091,0,4,48,52,1.0769230769230769,0.03731317308251277,621,Would you like to try our double breasted suit?
4424,7091,0,4,48,52,1.0769230769230769,0.03731317308251277,621,"Eye-catching yet tasteful, sir."
3232,7091,0,4,48,52,1.0769230769230769,0.03731317308251277,621,A suit fit for a knight!
3542,7091,0,4,48,52,1.0769230769230769,0.03731317308251277,621,Do you think my fiancé will like this?
4850,7091,0,4,48,52,1.0769230769230769,0.03731317308251277,621,"But this is our latest night-wear, sir..."
4129,7091,0,4,48,52,1.0769230769230769,0.03731317308251277,621,"If we tuck in the fould, and lengthen the vambrace, I think you'll look nobler."
4899,7091,0,4,48,52,1.0769230769230769,0.03731317308251277,621,Of course this 2 breastplate model holds up so much better in long jousts.
6928,7091,0,4,48,52,1.0769230769230769,0.03731317308251277,621,You'll note that our Sir Galahad model includes foam rubber insoles and a trap door.
5846,7091,0,4,48,52,1.0769230769230769,0.03731317308251277,621,"Sir,I think your prepared for the fight on the Senate floor."
5963,7091,0,4,48,52,1.0769230769230769,0.03731317308251277,621,The War Exercises can go ahead with some changes to our agressive posturing
6042,7091,0,4,48,52,1.0769230769230769,0.03731317308251277,621,"Yes, she won’t know who it is."
6440,7091,1,2,49,52,1.0769230769230769,0.04632947979911816,621,"This is our new corporate model,comes with lubricant,metal polish and dent repair."
6737,7091,1,2,49,52,1.0769230769230769,0.04632947979911816,621,It's deadstock.  I can give you 40% off.
6861,7091,0,4,48,52,1.0769230769230769,0.03731317308251277,621,"Yes, it will protect you against lance, mace, ax, sword and hot dogs"
7257,7091,0,4,48,52,1.0769230769230769,0.03731317308251277,621,"I think you are taking Dark Knight too literally, Mr. Wayne."
5594,7091,0,4,48,52,1.0769230769230769,0.03731317308251277,621,Objection free wedding - Guaranteed!
2778,7091,0,4,48,52,1.0769230769230769,0.03731317308251277,621,Huh. A fellow gamer. Not many of us left.
580,7091,0,4,48,52,1.0769230769230769,0.03731317308251277,621,Nobody dressed in one of these has ever lost a boardroom battle.
2481,7091,0,4,48,52,1.0769230769230769,0.03731317308251277,621,"Well, it’s supposed to feel a bit snug.  This is the popular new slim fit line of armor that all the young and hip knights are wearing these days."
2645,7091,1,2,49,52,1.0769230769230769,0.04632947979911816,621,"Dry-cleaning only, of course."
70,7091,0,4,48,52,1.0769230769230769,0.03731317308251277,621,It brings your inner medievalness.
77,7091,0,4,48,52,1.0769230769230769,0.03731317308251277,621,"'See!! You are the future, a stable future our generation need, feel proud'"
131,7091,0,4,48,52,1.0769230769230769,0.03731317308251277,621,It’s featured in this month’s Under Armour maille order catalogue.
620,7091,0,4,48,52,1.0769230769230769,0.03731317308251277,621,That’s our best selling thumbs up model.
899,7091,0,4,48,52,1.0769230769230769,0.03731317308251277,621,"Not only does it have an iron-clad guarantee against rust, you have free oil change service for as long as you own it."
1247,7091,0,4,48,52,1.0769230769230769,0.03731317308251277,621,The sleeves will ride up with wear.
999,7091,0,4,48,52,1.0769230769230769,0.03731317308251277,621,Why don't you step into the saving room to see how it feels?
1362,7091,1,2,49,52,1.0769230769230769,0.04632947979911816,621,The knights collection is so slimming....
1564,7091,0,4,48,52,1.0769230769230769,0.03731317308251277,621,"No, ma’am. It does not make your butt look fat."
1648,7091,1,2,49,52,1.0769230769230769,0.04632947979911816,621,Maille is so hot this season!
1768,7091,0,4,48,52,1.0769230769230769,0.03731317308251277,621,"Ahhh, this was the Black Knight's lucky suit.  The one day he didn't wear it ... well, we all saw what happened in Holy Grail."
1862,7091,0,4,48,52,1.0769230769230769,0.03731317308251277,621,The @METOO ladies will love it.
2160,7091,0,4,48,52,1.0769230769230769,0.03731317308251277,621,"I promise you, the traditional power suit is the next big thing."
1278,7091,1,2,49,52,1.0769230769230769,0.04632947979911816,621,We've also got it in Swedish.
7352,7126,0,4,49,53,1.0754716981132075,0.03663114503374153,621,"Pacifists may appear uneasy, but they'll nevertheless agree that this suit was made for you."
7381,7126,0,4,49,53,1.0754716981132075,0.03663114503374153,621,"Perhaps the look is slightly dated, but the sheen is something to die for."
5167,7126,0,4,49,53,1.0754716981132075,0.03663114503374153,621,Buy it during the sale and we'll throw in a free jousting lance.
4437,7126,0,4,49,53,1.0754716981132075,0.03663114503374153,621,It also comes in Oriental.
2780,7126,0,4,49,53,1.0754716981132075,0.03663114503374153,621,This is the newest cut for Knightwear in the city.
1657,7126,1,2,50,53,1.0754716981132075,0.045470102170741766,621,"It indeed is a future-projectile-glass, the current blankness indicates our incapacity to decrypt their zettabyte encryption!"
539,7132,1,2,51,54,1.0740740740740742,0.044642002106734975,621,It's the latest from Giorgio Armor.
818,7132,1,2,51,54,1.0740740740740742,0.044642002106734975,621,Yes Mr. Pruitt it looks fine and it will work inside your phone booth as well.
2976,7132,0,4,50,54,1.0740740740740742,0.035973550457676445,621,It's from our new ready-to-wear line.
3985,7132,0,4,50,54,1.0740740740740742,0.035973550457676445,621,Never needs dry cleaning or ironing.
4856,7132,0,4,50,54,1.0740740740740742,0.035973550457676445,621,"Sorry, you can't get it with a vest."
2533,7137,0,4,52,56,1.0714285714285714,0.03472660248602838,621,You know how it is with trends -- styles just keep coming back!
3760,7137,0,4,52,56,1.0714285714285714,0.03472660248602838,621,Add an AR-15 accessory and you'll be the life of the party.
6627,7139,1,2,55,58,1.0689655172413792,0.041610565732650054,621,Does it come in seersucker?
3489,7140,0,3,43,46,1.065217391304348,0.03680702927304431,621,"It’s you, sartorially speaking!”"
6484,7140,1,1,44,46,1.065217391304348,0.04817614532925987,621,"'Turns out the Craigslist ad was supposed to be 'holey pail' - not Holy Grail."""
6308,7140,0,3,43,46,1.065217391304348,0.03680702927304431,621,"Alterations, pressing and oil before pick-up we can do at our foundry."
4863,7140,0,3,43,46,1.065217391304348,0.03680702927304431,621,And this is most popular for hostile takeovers
4813,7140,0,3,43,46,1.065217391304348,0.03680702927304431,621,"I agree that you and the Attorney General will look good in matching outfits, sir.  I don’t guarantee they’ll have the desired effect, though."
3891,7140,0,3,43,46,1.065217391304348,0.03680702927304431,621,Today's CEO deserves the best.
3733,7140,0,3,43,46,1.065217391304348,0.03680702927304431,621,"Besides it being too medieval, on the other hand you will at least be seen at night when crossing the road."
3709,7140,0,3,43,46,1.065217391304348,0.03680702927304431,621,"It's called the Tarantino Look, sir: fully medieval on your ass."
6983,7140,0,3,43,46,1.065217391304348,0.03680702927304431,621,You’ll save a fortune on dry cleaning—just needs a light ironing.
3455,7140,0,3,43,46,1.065217391304348,0.03680702927304431,621,The water bottle is conveniently located with siphon for multi-purpose use.
6511,7140,0,3,43,46,1.065217391304348,0.03680702927304431,621,That armor really suits you well.
3085,7140,0,3,43,46,1.065217391304348,0.03680702927304431,621,"Retro, yes, but useful in many cities even now."
3060,7140,0,3,43,46,1.065217391304348,0.03680702927304431,621,"Excellent choice, sir. Now for accessories, might I interest you in a pocket squire?"
2879,7140,0,3,43,46,1.065217391304348,0.03680702927304431,621,Of course it is available in brass or silver with a glossy or matte finish.
2224,7140,0,3,43,46,1.065217391304348,0.03680702927304431,621,This is our most popular mobile Millennial safe space.”
1484,7140,0,3,43,46,1.065217391304348,0.03680702927304431,621,Can we get the kinks out
1459,7140,0,3,43,46,1.065217391304348,0.03680702927304431,621,"It comes with a one-year ""no creak"" guarantee."
1127,7140,0,3,43,46,1.065217391304348,0.03680702927304431,621,It fits great! Make sure you don’t gain any weight!
28,7140,0,3,43,46,1.065217391304348,0.03680702927304431,621,Now for the matching lance.
3159,7140,0,3,43,46,1.065217391304348,0.03680702927304431,621,This is offered only for the U.S. market.
7283,7160,0,3,44,47,1.0638297872340425,0.03604210867489022,621,"A wise choice, sir; copper is definitely out this year."
7274,7160,0,3,44,47,1.0638297872340425,0.03604210867489022,621,"Depending on how it goes in battle, we can always take it in on the sleeves."
7108,7160,0,3,44,47,1.0638297872340425,0.03604210867489022,621,"Whoops, I forgot -- do you dress right or left?"""
7017,7160,1,1,45,47,1.0638297872340425,0.0471603962868858,621,It's just the ticket for attracting damsels in distress.
6866,7160,0,3,44,47,1.0638297872340425,0.03604210867489022,621,"Unfortunately, it's useless against internet trolls."
4237,7160,0,3,44,47,1.0638297872340425,0.03604210867489022,621,It's what all the kids are wearing to prom this year.
4225,7160,0,3,44,47,1.0638297872340425,0.03604210867489022,621,It comes with $5 off catheters Sir!
5654,7160,0,3,44,47,1.0638297872340425,0.03604210867489022,621,"It also comes in bullet-proof carbon fiber, but with a zipper instead of a crotch sponge"
4011,7160,0,3,44,47,1.0638297872340425,0.03604210867489022,621,This is just getting weird now Mr. Wayne...
3278,7160,0,3,44,47,1.0638297872340425,0.03604210867489022,621,"Only thing is, when you lift her veil for the kiss, you will have to raise the visor too."
1954,7160,0,3,44,47,1.0638297872340425,0.03604210867489022,621,There will be a small charge for alterations.
1884,7160,0,3,44,47,1.0638297872340425,0.03604210867489022,621,The AC on that armor is pretty good. I’m maxed in Dex so I don’t really need it
1196,7160,0,3,44,47,1.0638297872340425,0.03604210867489022,621,It really brings out your eyes.
262,7160,0,3,44,47,1.0638297872340425,0.03604210867489022,621,Metal is very slimming.
4076,7160,0,3,44,47,1.0638297872340425,0.03604210867489022,621,"Would  you like me to wrap that, or do you want to take it as is?"
5342,7175,0,3,45,48,1.0625,0.035308292679127,621,They're saying it's the new power tie.
5284,7175,0,3,45,48,1.0625,0.035308292679127,621,"The fit is perfect, but I’d recommend going with chartreuse."
5108,7175,0,3,45,48,1.0625,0.035308292679127,621,You don't have to iron this one.
4931,7175,0,3,45,48,1.0625,0.035308292679127,621,"Sure it looks great, but it makes me look heavy."
4680,7175,0,3,45,48,1.0625,0.035308292679127,621,"And, if I may say,Sir, it's you!"
4606,7175,0,3,45,48,1.0625,0.035308292679127,621,"May I suggest they, their and them?"
4392,7175,1,1,46,48,1.0625,0.04618658197582853,621,This suit projects a 'real' man status. You look marvelous.
3812,7175,0,3,45,48,1.0625,0.035308292679127,621,Are you sure that this doesn't make me look fat?
4188,7175,0,3,45,48,1.0625,0.035308292679127,621,Don Draper is out. Jaime Lannister is in.
4159,7175,0,3,45,48,1.0625,0.035308292679127,621,The wedding tux has made changes since the Mrs. had me stand at the altar.
4060,7175,0,3,45,48,1.0625,0.035308292679127,621,It's all the rage...and good for rage.
3841,7175,0,3,45,48,1.0625,0.035308292679127,621,"I work in sales, I don't think this is what they meant when they said I needed a prepare for war"
3816,7175,0,3,45,48,1.0625,0.035308292679127,621,Perhaps a little tightening under the arms sire
5398,7175,0,3,45,48,1.0625,0.035308292679127,621,...and it photo-optically turns less shiny for formal nighttime wear.
4286,7175,0,3,45,48,1.0625,0.035308292679127,621,we also have it in blueing or maybe we could interest you in a coat of harms
5526,7175,0,3,45,48,1.0625,0.035308292679127,621,This is very appropriate for your 2019 New Year Message
6540,7175,0,3,45,48,1.0625,0.035308292679127,621,"No, it’s actually rather slimming."
5637,7175,0,3,45,48,1.0625,0.035308292679127,621,It comes with an extra pair of pants...oil can extra
7386,7175,0,3,45,48,1.0625,0.035308292679127,621,This retro Euro look suits you.
3773,7175,0,3,45,48,1.0625,0.035308292679127,621,Does this helmet make my butt look fat
6947,7175,0,3,45,48,1.0625,0.035308292679127,621,Are you sure your name is Lancelot?
6938,7175,0,3,45,48,1.0625,0.035308292679127,621,What do I do? The wedding’s tomorrow and I look like a medieval knight!
6607,7175,0,3,45,48,1.0625,0.035308292679127,621,It also comes in green
6442,7175,0,3,45,48,1.0625,0.035308292679127,621,Looks a little long in the shank.
7441,7175,0,3,45,48,1.0625,0.035308292679127,621,"Don, 
I agree these new uniforms you have selected for your navy are so scary  they make you look so tough no one will doubt who will be the winner of any challenge. We can deliver by Wednesday."
6272,7175,0,3,45,48,1.0625,0.035308292679127,621,This isn’t what I meant when I said “jousting.”
6170,7175,0,3,45,48,1.0625,0.035308292679127,621,Under Armor it is sir. Very Smart!
5913,7175,1,1,46,48,1.0625,0.04618658197582853,621,And once you accessorize with a galant medieval sword you’ll be sure to knock ‘em dead!
5853,7175,0,3,45,48,1.0625,0.035308292679127,621,"This little number is 100% iron, a guaranteed chick magnet.
It's been to attract  damsels -- and other stuff  -- from  20 yards away."
5680,7175,0,3,45,48,1.0625,0.035308292679127,621,that's the same cut that heth ledger chose...
5659,7175,0,3,45,48,1.0625,0.035308292679127,621,I'll throw in the WD-40 for free.
5649,7175,0,3,45,48,1.0625,0.035308292679127,621,It comes with a tie and an awesome 1280-bit frequency jammer to defeat airport scanners.
6254,7175,0,3,45,48,1.0625,0.035308292679127,621,Just need to take the waist in an inch and you'll be runway ready.
3706,7175,0,3,45,48,1.0625,0.035308292679127,621,I prefer a more classic look. Can you add cuffs?
5588,7175,0,3,45,48,1.0625,0.035308292679127,621,Does my helmet look small in this?
3584,7175,0,3,45,48,1.0625,0.035308292679127,621,"The shoulders are a bit 16th century, but we can weld those."
1251,7175,1,1,46,48,1.0625,0.04618658197582853,621,It's called a codpiece.
972,7175,0,3,45,48,1.0625,0.035308292679127,621,It's the latest retro-look in back-to-school wear!
929,7175,0,3,45,48,1.0625,0.035308292679127,621,"Mr. Trump, I believe you'll enjoy that it has been designed to be Mueller and IRS-Proof"
689,7175,1,1,46,48,1.0625,0.04618658197582853,621,"as you can see, this is the latest in fashion technology"
685,7175,0,3,45,48,1.0625,0.035308292679127,621,It is the safest option.
454,7175,0,3,45,48,1.0625,0.035308292679127,621,...and you shall be the talk of the town...
1411,7175,0,3,45,48,1.0625,0.035308292679127,621,It puts the oil on it's tin.
441,7175,0,3,45,48,1.0625,0.035308292679127,621,Maybe something more like The Tin Man style would appeal to you.
346,7175,0,3,45,48,1.0625,0.035308292679127,621,"But does it say ""fun-loving?"""
230,7175,0,3,45,48,1.0625,0.035308292679127,621,A wonderful bespoke look at off the rack prices.
106,7175,0,3,45,48,1.0625,0.035308292679127,621,"Suits you sir, and no, your bum does not look big in it. Lady Guinevere will be most pleased."
80,7175,0,3,45,48,1.0625,0.035308292679127,621,"It's the first of it's kind, we call it the [ Model T ]"
56,7175,1,1,46,48,1.0625,0.04618658197582853,621,Fuck the whole goddamn world in its stupid ass.
3597,7175,1,1,46,48,1.0625,0.04618658197582853,621,You want the crotch loose.
363,7175,0,3,45,48,1.0625,0.035308292679127,621,It's very flattering sir. I think your bride will be quite pleased.
1718,7175,0,3,45,48,1.0625,0.035308292679127,621,"Oh, I thought you said “Knight Wear”"
576,7175,0,3,45,48,1.0625,0.035308292679127,621,This one is definitely more a winter weight suit.
2072,7175,0,3,45,48,1.0625,0.035308292679127,621,Now go march with Dorothy in Munchkinland.
1896,7175,0,3,45,48,1.0625,0.035308292679127,621,He's gonna love it.
3517,7175,0,3,45,48,1.0625,0.035308292679127,621,It's meant to dress left sir.
3274,7175,0,3,45,48,1.0625,0.035308292679127,621,I'd recommend a little break in the cuff.
3235,7175,0,3,45,48,1.0625,0.035308292679127,621,"May I just say, sir, the moon hits my eye like a big pizza pie."
3141,7175,0,3,45,48,1.0625,0.035308292679127,621,"Will you be wearing it home? or, would you like it greased and polished?"
2975,7175,1,1,46,48,1.0625,0.04618658197582853,621,It's from our Jousting Collection.
2852,7175,0,3,45,48,1.0625,0.035308292679127,621,"And no, it does not make you look fat."
3580,7175,0,3,45,48,1.0625,0.035308292679127,621,"If the codpiece is too tight, maybe you need a different suit'"
2445,7175,0,3,45,48,1.0625,0.035308292679127,621,"It's a bit tight around the waist, don't you think?"
2410,7175,0,3,45,48,1.0625,0.035308292679127,621,You'll never need to iron it.
2396,7175,0,3,45,48,1.0625,0.035308292679127,621,It will stretch after the first wash.
2366,7175,0,3,45,48,1.0625,0.035308292679127,621,"This time, I covered the heel."
2360,7175,0,3,45,48,1.0625,0.035308292679127,621,It Suits you to a Tee and Will Last Forever
2301,7175,0,3,45,48,1.0625,0.035308292679127,621,"Yessiree, a classic from the
Knight in Shining Armor Collection."
2463,7175,0,3,45,48,1.0625,0.035308292679127,621,"oh! it truly shows off your smile.
!"
3860,7244,0,3,46,49,1.0612244897959184,0.03460372440370034,621,. . . and it never needs pressing!
3927,7244,0,3,46,49,1.0612244897959184,0.03460372440370034,621,my Uber is pants
4130,7244,1,1,47,49,1.0612244897959184,0.045252158828741736,621,"Sorry, all models are made in China and this is the biggest."
4701,7244,0,3,46,49,1.0612244897959184,0.03460372440370034,621,He doesn't want to have the MRI
4853,7244,1,1,47,49,1.0612244897959184,0.045252158828741736,621,It's our latest . Popular with heavy metal metal bands.
4996,7244,0,3,46,49,1.0612244897959184,0.03460372440370034,621,It's also available in rose gold and space gray.
5371,7244,0,3,46,49,1.0612244897959184,0.03460372440370034,621,"A drain tube is optional, it does come with a funnel."
6289,7244,0,3,46,49,1.0612244897959184,0.03460372440370034,621,"No, it's for a cuddle party."
6145,7244,0,3,46,49,1.0612244897959184,0.03460372440370034,621,"Sir, you did say evening wear."
6304,7244,0,3,46,49,1.0612244897959184,0.03460372440370034,621,The difference in this outfit is knight and day.
6578,7244,0,3,46,49,1.0612244897959184,0.03460372440370034,621,"Here, here, knave.  Sir Lancelot desires a blue suit of armor.  Ignite the blue incandescent filament."
6946,7244,0,3,46,49,1.0612244897959184,0.03460372440370034,621,"No, it only comes with one pair of trousers."
7207,7244,0,3,46,49,1.0612244897959184,0.03460372440370034,621,"if you don't like this one, we have a few more in stock"
3555,7244,0,3,46,49,1.0612244897959184,0.03460372440370034,621,"Believe me, you'll just slay them at the party."
5614,7244,0,3,46,49,1.0612244897959184,0.03460372440370034,621,It goes well with a cavalry twill
3458,7244,0,3,46,49,1.0612244897959184,0.03460372440370034,621,For the gentleman who wants a little more wall in his life.
4646,7244,0,3,46,49,1.0612244897959184,0.03460372440370034,621,"You'll notice how nicely it is nipped in at the waist."""
3118,7244,0,3,46,49,1.0612244897959184,0.03460372440370034,621,But does it make me look fat?
548,7244,0,3,46,49,1.0612244897959184,0.03460372440370034,621,The gauge runs a skosh small.
565,7244,0,3,46,49,1.0612244897959184,0.03460372440370034,621,They’ll love it!
1157,7244,0,3,46,49,1.0612244897959184,0.03460372440370034,621,Looks tremendous. I bought one myself.
1479,7244,0,3,46,49,1.0612244897959184,0.03460372440370034,621,I think it really suits you!
1751,7244,1,1,47,49,1.0612244897959184,0.045252158828741736,621,"And if you're interested, we're having a sale on gorgets this week."
1838,7244,0,3,46,49,1.0612244897959184,0.03460372440370034,621,This suit is guaranteed wrinkle free
1917,7244,1,1,47,49,1.0612244897959184,0.045252158828741736,621,It's the latest in men's evening wear.
543,7244,0,3,46,49,1.0612244897959184,0.03460372440370034,621,...you can also easily get a job in security
2378,7244,0,3,46,49,1.0612244897959184,0.03460372440370034,621,Doesn't fit across the shoulders.
2308,7244,0,3,46,49,1.0612244897959184,0.03460372440370034,621,It’s really flattering to your butt!
3047,7244,0,3,46,49,1.0612244897959184,0.03460372440370034,621,"If you've ever worked for the New Yorker, you've thought about fucking a cartoon. That's just a fact."
2881,7244,1,1,47,49,1.0612244897959184,0.045252158828741736,621,Yeah I can't take this off. This is like.. my skin dude.
3151,7244,0,3,46,49,1.0612244897959184,0.03460372440370034,621,"Tailor: ""Fit for a knight on the townspeople!""

Knight errant: ""Medieval! Code of Force be with us . . ."""
2538,7244,0,3,46,49,1.0612244897959184,0.03460372440370034,621,...and it'll give you a killer slap shot!
2846,7244,1,1,47,49,1.0612244897959184,0.045252158828741736,621,"No, sir, you do not look like Dorothy's Tin Man."
6590,7277,0,3,47,50,1.06,0.033926691677251195,621,It looks like a slim fit.
5415,7277,0,3,47,50,1.06,0.033926691677251195,621,It comes with a complimentary 12-pack of Under Armour skivvies.
5007,7277,0,3,47,50,1.06,0.033926691677251195,621,It's what all the Southampton jousters are wearing this summer.
3267,7277,0,3,47,50,1.06,0.033926691677251195,621,"Sir, your Fiance was adamant that you look like a knight in shining armor!"
2706,7277,0,3,47,50,1.06,0.033926691677251195,621,Our Tailor can shorten the sleeves and tuck in a little at the waist.
3106,7277,0,3,47,50,1.06,0.033926691677251195,621,And you're sure this is appropriate for the occasion?
2272,7277,0,3,47,50,1.06,0.033926691677251195,621,I don't care what your wife says ...it doesn't make you look fat
1197,7277,0,3,47,50,1.06,0.033926691677251195,621,"More than anything, it says ""aspirationally bespoke""."
2512,7277,1,1,48,50,1.06,0.04435478484645721,621,It's the latest on the Milan runway
2296,7277,0,3,47,50,1.06,0.033926691677251195,621,"I'd like to point out that in addition to the fine craftsmanship, the suit is scratch and puncture resistant, which may be of significant interest to you."
3248,7287,1,1,49,51,1.0588235294117647,0.043492300025134954,621,We could add something for underarm protection.
6147,7287,0,3,48,51,1.0588235294117647,0.0332756132323081,621,I guarantee that your steed will love it.
7115,7289,0,3,49,52,1.0576923076923077,0.032649026447198685,621,"No, no, no sir. It's not too boxy at all."
6941,7289,0,3,49,52,1.0576923076923077,0.032649026447198685,621,"Alterations are extra, of course."
6646,7289,0,3,49,52,1.0576923076923077,0.032649026447198685,621,"Besides looking splendid in your cast-off Trump Hotel suit, you'll now be able to lessen your security detail."
4926,7289,0,3,49,52,1.0576923076923077,0.032649026447198685,621,"Better than shoulder pads, eh?"
1686,7289,0,3,49,52,1.0576923076923077,0.032649026447198685,621,Do you also want to try the regular fit?
997,7294,0,3,50,53,1.0566037735849056,0.03204557643805459,621,Your neckline should be flattering but not revealing
5150,7294,0,3,50,53,1.0566037735849056,0.03204557643805459,621,It also comes in tulle
5920,7294,0,3,50,53,1.0566037735849056,0.03204557643805459,621,"Are you saying ""Yes"" to the armor?!"
1902,7297,0,3,51,54,1.0555555555555556,0.031464006330825245,621,"The nicest feature is the 'Quick-Draw Fly.' Now it should only take you a few minutes to take a piss. Pretty big improvement, if I do say so myself."
5525,7297,0,3,51,54,1.0555555555555556,0.031464006330825245,621,That's right--free with the car.
2899,7299,0,3,53,56,1.0535714285714286,0.030361917118846855,621,"Do you think anyone will notice?""

""Absolutely not, that ketchup stain blends in with your tie"
7405,7300,0,2,43,45,1.0444444444444445,0.031067790907534747,621,This suit will make you a hit with the damsels.
5251,7300,1,0,44,45,1.0444444444444445,0.044444444444444446,621,I’m afraid it only comes in this color.
5200,7300,0,2,43,45,1.0444444444444445,0.031067790907534747,621,The perfect poker face.
4816,7300,0,2,43,45,1.0444444444444445,0.031067790907534747,621,"Of horseman, you look grea"
3887,7300,0,2,43,45,1.0444444444444445,0.031067790907534747,621,The armor really sets your eyes off sir
4585,7300,0,2,43,45,1.0444444444444445,0.031067790907534747,621,"Slings and arrows? Bosh. Think of it, Senator, as a classic look."
4082,7300,1,0,44,45,1.0444444444444445,0.044444444444444446,621,How's the crotch fitting?
5382,7300,0,2,43,45,1.0444444444444445,0.031067790907534747,621,Perhaps a bit more metal at the crotch and slightly higher polish.
3752,7300,1,0,44,45,1.0444444444444445,0.044444444444444446,621,Retro is in!
4809,7300,1,0,44,45,1.0444444444444445,0.044444444444444446,621,"Soon, everybody will be wanting one."
5681,7300,1,0,44,45,1.0444444444444445,0.044444444444444446,621,"Couldn't find any Under Armour, how's this instead?"
6601,7300,0,2,43,45,1.0444444444444445,0.031067790907534747,621,Your friend mustache and black rimmed glasses have nothing on this
6321,7300,0,2,43,45,1.0444444444444445,0.031067790907534747,621,Just isn't shiny enough for the front page.
6395,7300,0,2,43,45,1.0444444444444445,0.031067790907534747,621,Imported pre-tariff suit.  Alterations free. Chainmail extra.  Ready at dawn.
6730,7300,0,2,43,45,1.0444444444444445,0.031067790907534747,621,This style is also available in a wool-blend tweed.
6826,7300,1,0,44,45,1.0444444444444445,0.044444444444444446,621,It also makes fine day-ware.
6852,7300,0,2,43,45,1.0444444444444445,0.031067790907534747,621,This suit comes with a lifetime supply of lances.
7446,7300,1,0,44,45,1.0444444444444445,0.044444444444444446,621,"Might I suggest a pinstripe three piece, sir?  Same cowering looks, for the modern man."
7021,7300,0,2,43,45,1.0444444444444445,0.031067790907534747,621,"I assure you, sir, that this is the perfect suit for a night out on the town."
7109,7300,1,0,44,45,1.0444444444444445,0.044444444444444446,621,"It's what all the young ladies are wearing for prom knight, my dear."
3744,7300,1,0,44,45,1.0444444444444445,0.044444444444444446,621,"No, it doesn't come with an umbrella."
6099,7300,1,0,44,45,1.0444444444444445,0.044444444444444446,621,"It certainly suits you, sir"
3731,7300,1,0,44,45,1.0444444444444445,0.044444444444444446,621,"May I say sir,you look marvelous!"
6982,7300,1,0,44,45,1.0444444444444445,0.044444444444444446,621,"If  I may say so sir, it makes you look very dignified and has that certain flair for the coming season."
3527,7300,0,2,43,45,1.0444444444444445,0.031067790907534747,621,"We call it ""BORDER WEAR.""  One size fits most."
3681,7300,0,2,43,45,1.0444444444444445,0.031067790907534747,621,You'll want the chain mail for warmth
125,7300,0,2,43,45,1.0444444444444445,0.031067790907534747,621,"Yes, all our vintage suits are buy one get one half off, but only for today."
469,7300,0,2,43,45,1.0444444444444445,0.031067790907534747,621,"I thought we could share a good laugh if I brought out a suit OF ARMOR instead. But to answer your question, yes, I was sad when Crackle canceled my show The David Spade Zone and my hair and teeth fell out and I had to work at Men’s Warehouse."
587,7300,0,2,43,45,1.0444444444444445,0.031067790907534747,621,Talk about a perfict suit!
1113,7300,0,2,43,45,1.0444444444444445,0.031067790907534747,621,"If you want shining, it's an extra seven hundred dollars."
1354,7300,1,0,44,45,1.0444444444444445,0.044444444444444446,621,It fits despite the glove.
1409,7300,1,0,44,45,1.0444444444444445,0.044444444444444446,621,It’s one of the new synthetic fabrics . . .
1573,7300,1,0,44,45,1.0444444444444445,0.044444444444444446,621,'Regal enough?'
1723,7300,0,2,43,45,1.0444444444444445,0.031067790907534747,621,Personally I go with the model in tin!
2078,7300,1,0,44,45,1.0444444444444445,0.044444444444444446,621,"Looking for the Chinc in your armor Mr Trump?
Where was this made?"
1190,7300,0,2,43,45,1.0444444444444445,0.031067790907534747,621,"As you can see, our titanium model is quite slimming!"
2369,7300,0,2,43,45,1.0444444444444445,0.031067790907534747,621,"They're calling it ""business-protected"".  For the corporate executive who fears the worst."
2454,7300,0,2,43,45,1.0444444444444445,0.031067790907534747,621,"No, I don't think the plackart makes you look fat."
2763,7300,1,0,44,45,1.0444444444444445,0.044444444444444446,621,Cuffing extra.
2786,7300,1,0,44,45,1.0444444444444445,0.044444444444444446,621,"Money-back guarantee, She'll come back."
3025,7300,1,0,44,45,1.0444444444444445,0.044444444444444446,621,It comes in green if you are into greenmail.
3237,7300,1,0,44,45,1.0444444444444445,0.044444444444444446,621,"That suit is made from our ""Sunday's Best"" silver."
3252,7300,0,2,43,45,1.0444444444444445,0.031067790907534747,621,Skinny-dipping in the moat is so Early Middle Ages.
3302,7300,0,2,43,45,1.0444444444444445,0.031067790907534747,621,Our tailor can also rotate your tires.
3470,7300,0,2,43,45,1.0444444444444445,0.031067790907534747,621,Oh yes.  It comes with free oil maintenance.
2109,7300,0,2,43,45,1.0444444444444445,0.031067790907534747,621,No! It doesn't look like Darth Vader.
5271,7346,0,2,44,46,1.0434782608695652,0.030400256468700027,621,Shining enough for your hot date tonight?
5440,7346,0,2,44,46,1.0434782608695652,0.030400256468700027,621,"....and, it requires no dry-cleaning."
5459,7346,1,0,45,46,1.0434782608695652,0.0434782608695652,621,"Its the latest thing, of course, you don't ""have"" to go jousting"
5745,7346,1,0,45,46,1.0434782608695652,0.0434782608695652,621,"If I may say so sir, this suit is definitely...You!"
5868,7346,1,0,45,46,1.0434782608695652,0.0434782608695652,621,Brooks Brothers is trying to expand our variety of suits.  it comes with a tie and your very own sheath!
7159,7346,0,2,44,46,1.0434782608695652,0.030400256468700027,621,"It suits you like a gauntlet, Sir."
6280,7346,0,2,44,46,1.0434782608695652,0.030400256468700027,621,We'll bring it in a little at the waist.
6452,7346,0,2,44,46,1.0434782608695652,0.030400256468700027,621,It's the very lastest in Death-Metal attire
7150,7346,1,0,45,46,1.0434782608695652,0.0434782608695652,621,This particular suit is quite popular among professionals on twitter.
3806,7346,0,2,44,46,1.0434782608695652,0.030400256468700027,621,"Whats the occasion, sir? 
 My wedding."
6044,7346,0,2,44,46,1.0434782608695652,0.030400256468700027,621,"It's a ""smart"" suit"
3618,7346,0,2,44,46,1.0434782608695652,0.030400256468700027,621,"No sir, there's not a chink to be seen..."
4316,7346,0,2,44,46,1.0434782608695652,0.030400256468700027,621,"Haute Couture, functional perfection...for the Met Gala: Renaissance."
2648,7346,0,2,44,46,1.0434782608695652,0.030400256468700027,621,"This is from one of our more historic collections.


Donald Faust, Jr."
2398,7346,0,2,44,46,1.0434782608695652,0.030400256468700027,621,You're never fully dressed without a smile.
2206,7346,0,2,44,46,1.0434782608695652,0.030400256468700027,621,When worn without the codpiece it doesn't poof up so much.
1965,7346,1,0,45,46,1.0434782608695652,0.0434782608695652,621,Very Slimming....And guaranteed to protect against nuclear fallout.
1895,7346,0,2,44,46,1.0434782608695652,0.030400256468700027,621,It suits you but I might have to bring it to the medieval tale-r
1760,7346,0,2,44,46,1.0434782608695652,0.030400256468700027,621,It's perfect for the man looking to downplay his drippiness
839,7346,0,2,44,46,1.0434782608695652,0.030400256468700027,621,"Don't worry, we only look for the elderly who have had knee and hip replacements.  You'll be fine.  They're a pain in the arse - so to speak, ha ha."
676,7346,0,2,44,46,1.0434782608695652,0.030400256468700027,621,"Sorry King Trump, but yes.....the armor does make your ass look fat."
378,7346,1,0,45,46,1.0434782608695652,0.0434782608695652,621,This is our most expensive evening wear.
275,7346,0,2,44,46,1.0434782608695652,0.030400256468700027,621,Nothing says 'six weasels stacked on top of one another' like a full suit of armor in June.
2766,7346,1,0,45,46,1.0434782608695652,0.0434782608695652,621,"And, it doesn't need to be dry cleaned!"
6476,7370,0,2,45,47,1.0425531914893618,0.029760791752350448,621,It’s the benchmark of fitted and wrinkle-free outfit.
3045,7370,0,2,45,47,1.0425531914893618,0.029760791752350448,621,"What do you think, James? Fashion just isn't my strong suit."
2997,7370,0,2,45,47,1.0425531914893618,0.029760791752350448,621,You wouldn't find this at Kleinfeld.
2951,7370,0,2,45,47,1.0425531914893618,0.029760791752350448,621,Can you take it in a little?
1209,7370,0,2,45,47,1.0425531914893618,0.029760791752350448,621,Silver will be THE color this autumn.
2840,7370,0,2,45,47,1.0425531914893618,0.029760791752350448,621,"Unfortunately, sir, this is no longer on clearance."
858,7370,0,2,45,47,1.0425531914893618,0.029760791752350448,621,Are you sure this is the right dress for your wedding Miss?!
487,7370,0,2,45,47,1.0425531914893618,0.029760791752350448,621,It's made for riding into the sunset.
434,7370,0,2,45,47,1.0425531914893618,0.029760791752350448,621,"Yes, Sir, that comes with a discount."
164,7370,0,2,45,47,1.0425531914893618,0.029760791752350448,621,"This silver suit really does accent your eyes, sir."
1203,7370,0,2,45,47,1.0425531914893618,0.029760791752350448,621,"O.K., it's 13th Century middle ages protection, but you'll be grateful when the NY Times reviews your exhibition"
1944,7381,0,2,46,48,1.0416666666666667,0.029147663515556005,621,You said you needed something for hot summer knights
3139,7381,0,2,46,48,1.0416666666666667,0.029147663515556005,621,Do you have anything in a higher crimp?
6491,7381,0,2,46,48,1.0416666666666667,0.029147663515556005,621,It does make a statement indeed sir: Dry clean only.
6571,7381,0,2,46,48,1.0416666666666667,0.029147663515556005,621,We offer free alterations.
7267,7385,0,1,40,41,1.024390243902439,0.02469323991623974,621,Sir- with this suit it doesn't matter if you dress left or right
4877,7385,0,1,40,41,1.024390243902439,0.02469323991623974,621,It's the height of cabinet-level fashion
4908,7385,0,1,40,41,1.024390243902439,0.02469323991623974,621,It's all the rage in King Arthur's Court
5233,7385,0,1,40,41,1.024390243902439,0.02469323991623974,621,When were you gonna tell me you had three more exactly like me?
5263,7385,0,1,40,41,1.024390243902439,0.02469323991623974,621,It comes with a matching lance.
5732,7385,0,1,40,41,1.024390243902439,0.02469323991623974,621,Just don’t put it in the dryer!don=1c1c5d8fd3597ec6:T=1529713367:S=ALNI_MaZT0UV7t7I_fLGBshftMYe3n03Qw
5442,7385,0,1,40,41,1.024390243902439,0.02469323991623974,621,We offer only finest in fashion plate.
5462,7385,0,1,40,41,1.024390243902439,0.02469323991623974,621,Our tailoring is impeccable and impenetrable
4259,7385,0,1,40,41,1.024390243902439,0.02469323991623974,621,"I guarantee you, it has a better success rate than emotion-focused therapy."
6360,7385,0,1,40,41,1.024390243902439,0.02469323991623974,621,"And with this suit, there's no need for a tie, sir."
5388,7385,0,1,40,41,1.024390243902439,0.02469323991623974,621,"It’s perfect and an exclusive model for only you, Sir."
4164,7385,0,1,40,41,1.024390243902439,0.02469323991623974,621,99 strength pure but ur wearing rune plate? fucking idiot
4516,7385,0,1,40,41,1.024390243902439,0.02469323991623974,621,Armour on the behind would be extra.
4121,7385,0,1,40,41,1.024390243902439,0.02469323991623974,621,Now you can go into any neighborhood
3720,7385,0,1,40,41,1.024390243902439,0.02469323991623974,621,This one suits you.
3667,7385,0,1,40,41,1.024390243902439,0.02469323991623974,621,"We call it our ""Iron Man."""
3622,7385,0,1,40,41,1.024390243902439,0.02469323991623974,621,Be your own knight in shining armour
3574,7385,0,1,40,41,1.024390243902439,0.02469323991623974,621,Couldn't find a place for a tie. Sorry!
3276,7385,0,1,40,41,1.024390243902439,0.02469323991623974,621,A men’s diaper comes with it
1842,7385,0,1,40,41,1.024390243902439,0.02469323991623974,621,And we'll throw in a year's supply of lubricating oil for free.
1688,7385,0,1,40,41,1.024390243902439,0.02469323991623974,621,This model comes with matching pyjamas – for a good knight's rest!
1009,7385,0,1,40,41,1.024390243902439,0.02469323991623974,621,"Oh common, bathroom shmathroom."
889,7385,0,1,40,41,1.024390243902439,0.02469323991623974,621,"Sir, may I suggest the Drone Roadside Assistance should you fall down and can't get up?"
4133,7385,0,1,40,41,1.024390243902439,0.02469323991623974,621,Fits like a glove and comes with a no-rust warranty.
7279,7409,0,1,41,42,1.0238095238095237,0.024098134635593994,621,"It's  a prefect fit, and it come with head armor for your steed and two lances."
3345,7409,0,1,41,42,1.0238095238095237,0.024098134635593994,621,"It’s all the rage at the Derby,___but do try and stay out of the rain."
4652,7409,0,1,41,42,1.0238095238095237,0.024098134635593994,621,Buy two and I’ll throw in a chainmail vest.
337,7409,0,1,41,42,1.0238095238095237,0.024098134635593994,621,"...and the modest cost of this formidable suit includes our 5-year, full-service warranty."
1139,7409,0,1,41,42,1.0238095238095237,0.024098134635593994,621,"I guess the Czeck is in the mail, Jakub."
2520,7414,0,1,42,43,1.0232558139534884,0.023531040266750583,621,"OK Mel, Mr. Trump is starting to get suspicious that this might be something other than just 'role playing'."
3950,7414,0,1,42,43,1.0232558139534884,0.023531040266750583,621,"Of course, we would do your own crest in gold, Mr. Pruitt."
5576,7414,0,1,42,43,1.0232558139534884,0.023531040266750583,621,"Honestly, my knight is to full to take it in more."
5900,7414,0,1,42,43,1.0232558139534884,0.023531040266750583,621,"This suit will be perfectly at home in a jousting party, sir."
5336,7418,0,0,37,37,1.0,0.02739983121755955,621,It's very popular with women.
5221,7418,0,0,38,38,1.0,0.02666903735313325,621,"Do you think she'll say,'Yes'?"
5165,7418,0,0,37,37,1.0,0.02739983121755955,621,Do you armor to the left or to the right?
4371,7418,0,0,37,37,1.0,0.02739983121755955,621,"Of course this is the ""skinny"" fit, we can always try you in something a little more ""tapered."""
5160,7418,0,0,37,37,1.0,0.02739983121755955,621,It's the perfect way to embrace your middle age.
4675,7418,0,0,37,37,1.0,0.02739983121755955,621,"I’m telling you, the distressed damsels always fall for this look."
4878,7418,0,0,37,37,1.0,0.02739983121755955,621,We can have the waist taken in by our in-house taylor to give you a more fitted look.
4644,7418,0,0,37,37,1.0,0.02739983121755955,621,Looks good; how does it feel across the shoulders?
4374,7418,0,0,37,37,1.0,0.02739983121755955,621,"shiny, huh?"
5631,7418,0,0,37,37,1.0,0.02739983121755955,621,"You will be the best-dressed man at the Met gala, sir."
5123,7418,0,0,37,37,1.0,0.02739983121755955,621,That color becomes you
5739,7418,0,0,37,37,1.0,0.02739983121755955,621,Aluminum is all the rage this year.
6780,7418,0,0,37,37,1.0,0.02739983121755955,621,These are all the rage with Uber drivers. #GoBucs
5940,7418,0,0,37,37,1.0,0.02739983121755955,621,"The ‘knight in shining armor’ look suits you well, Sir."
5970,7418,0,0,37,37,1.0,0.02739983121755955,621,And would Sir prefer the satin finish?
6021,7418,0,0,40,40,1.0,0.025318484177091666,621,We also have it in tin and aluminum
6228,7418,0,0,37,37,1.0,0.02739983121755955,621,The traditional look never goes out of style.
6259,7418,0,0,37,37,1.0,0.02739983121755955,621,You can wear this anywhere until five o
6384,7418,0,0,37,37,1.0,0.02739983121755955,621,Are you sure women are into the retro look?
6425,7418,0,0,37,37,1.0,0.02739983121755955,621,GOOD FIT
6629,7418,0,0,37,37,1.0,0.02739983121755955,621,Gender neutral clothing has gone too far
4311,7418,0,0,37,37,1.0,0.02739983121755955,621,Too tight on around the shoulders?
6937,7418,0,0,37,37,1.0,0.02739983121755955,621,Triple-breasted is slowly coming back in style.
7007,7418,0,0,37,37,1.0,0.02739983121755955,621,"It will ride up with wear,Sir."
7057,7418,0,0,37,37,1.0,0.02739983121755955,621,"Yes, Mr. President, it's a great, truly great, bathing suit."
7148,7418,0,0,37,37,1.0,0.02739983121755955,621,"I think it's a little bit loose on the waist.""
""I get the spiked mace quick!"
5880,7418,0,0,37,37,1.0,0.02739983121755955,621,You said you wanted to try some knight wear.
4032,7418,0,0,37,37,1.0,0.02739983121755955,621,If you can return on Thursday our welder will be in for alterations.
2412,7418,0,0,37,37,1.0,0.02739983121755955,621,I see you're preparing for Black Friday.
3447,7418,0,0,37,37,1.0,0.02739983121755955,621,"The rivets are thinning, Sir."
7292,7418,0,0,37,37,1.0,0.02739983121755955,621,"""Date nights, Prom nights, Knight nights...in my 40 years in the business I've covered it all."""
3510,7418,0,0,87,87,1.0,0.01156088678177274,621,It comes with a lifetime membership in AAA and half off at Jiffy Car Wash
264,7418,0,0,37,37,1.0,0.02739983121755955,621,The 12th Century is you.
473,7418,0,0,37,37,1.0,0.02739983121755955,621,It will go good with a red tie.
629,7418,0,0,37,37,1.0,0.02739983121755955,621,"Do you prefer this, or the navy?"
695,7418,0,0,37,37,1.0,0.02739983121755955,621,I can also arrange for an EXCELLENT extended warranty!
736,7418,0,0,37,37,1.0,0.02739983121755955,621,"Quite a birthday suit, armor is very in this year."
745,7418,0,0,37,37,1.0,0.02739983121755955,621,"The premade blood stains also come in mahogany, crimson, and scarley, if those are of your liking"
760,7418,0,0,37,37,1.0,0.02739983121755955,621,It brings out the best of you!
1062,7418,0,0,37,37,1.0,0.02739983121755955,621,Alterations are not included
1235,7418,0,0,37,37,1.0,0.02739983121755955,621,It really emphasizes your bust-line.
1269,7418,0,0,37,37,1.0,0.02739983121755955,621,"I agree. It makes you look slim and regal, just like me."
3856,7418,0,0,37,37,1.0,0.02739983121755955,621,"I'm sorry Sir. This is off the rack, and the only adjustment we can do is adjust the inseam. I'd be happy to include a year's supply of lubricant."
1419,7418,0,0,37,37,1.0,0.02739983121755955,621,Very flattering Sir
2049,7418,0,0,37,37,1.0,0.02739983121755955,621,It comes with two pair of pants.
2051,7418,0,0,37,37,1.0,0.02739983121755955,621,"How do you like this suite of armour, sir?"
2191,7418,0,0,37,37,1.0,0.02739983121755955,621,My husband says I should tuck it in at the waist.
2286,7418,0,0,37,37,1.0,0.02739983121755955,621,It makes your ass look nice.
2391,7418,0,0,37,37,1.0,0.02739983121755955,621,Perfect fit and it wears like steel.
2582,7418,0,0,37,37,1.0,0.02739983121755955,621,"Do you need more oil, Sir Bombproof?"
2684,7418,0,0,37,37,1.0,0.02739983121755955,621,"No, I'm afraid it is not guaranteed against the slings and arrows of outrageous Fortune Magazine articles."
2747,7418,0,0,37,37,1.0,0.02739983121755955,621,This McKnigjt Suit Looks Great On You
2800,7418,0,0,37,37,1.0,0.02739983121755955,621,I can barely recognize you in this.
3052,7418,0,0,37,37,1.0,0.02739983121755955,621,This one's ideal for the boardroom and the bedroom.
3119,7418,0,0,37,37,1.0,0.02739983121755955,621,"Remind me, are you a Knight Templar or from Washington? Either way, I hear the Holy Land is very nice this time of year."
3244,7418,0,0,37,37,1.0,0.02739983121755955,621,Nice fit - no chinks anywhere.
1798,7418,0,0,37,37,1.0,0.02739983121755955,621,I've got a nice white satin tie to match
7312,7418,0,0,37,37,1.0,0.02739983121755955,621,This is the most popular of the new Trump fashion line.
