target_id,rank,funny,somewhat_funny,unfunny,count,score,precision,contest,caption
3885,1,7152,7866,5148,20166,2.0993751859565606,0.005455053099190611,625,"No, sir, this is Fenway. You're looking for Jurassic Park."
278,2,5303,6238,5658,17199,1.9793592650735508,0.006085402466842628,625,"Remember, if I catch the ball you stop trying to hit it."
65,3,4852,6917,5668,17437,1.9532029592246372,0.005871632997984985,625,I’d say your timing’s a bit off.
1582,4,5030,6806,5901,17737,1.9508936122230367,0.005883160367401975,625,How long you been with the club?
3730,5,2999,4000,3965,10964,1.9118934695366654,0.0075650174336686915,625,"Yes, I know what an ‘out’ is. I’m a Neanderthal, not a moron."
5005,6,4570,5386,6185,16141,1.8999442413729013,0.0063767722419114815,625,That's not why I'm squatting.
509,7,3432,6232,5252,14916,1.877983373558595,0.006167325798657432,625,"Look, pal,  the game has evolved."
5620,8,3933,5088,5865,14886,1.8702136235388955,0.006564108976433347,625,Is it true you played for Cleveland the year they won the Series?
1650,9,3264,4769,5110,13143,1.8595450049455984,0.006854231779535032,625,"Yeah, I hate the throwback uniforms too."
3136,10,4056,4983,6509,15548,1.8422305119629534,0.006488890948266385,625,This isn't a normal side effect Kenny.. how much of it did you take?!
3821,11,3203,5398,5422,14023,1.84175996577052,0.00648677413543182,625,"When I heard a new batter had been recruited from B.C., I naturally assumed Boston College."
4298,12,3071,5149,5333,13553,1.8330996827270716,0.0066106310299815585,625,The irony here is that millions of guys are watching this game in their man-caves.
1347,13,2727,4987,5033,12747,1.8190946889464188,0.00672265549751762,625,"Spent a while in the minors, eh?"
2803,14,2547,4050,4610,11207,1.8159186222896404,0.007346093327043066,625,"Sorry buddy... this is Fenway Park, not Jurassic Park."
527,15,1953,3498,4510,9961,1.7432988655757453,0.007650333787349333,625,I wouldn't slide if I were you.
5316,16,2004,3237,4576,9817,1.7380055006621167,0.007828806723633426,625,"Don't worry, one day you'll be able to stand upright too."
4903,17,1230,1778,2849,5857,1.7235786238688748,0.010289714172059915,625,You swing like a gatherer.
5115,18,1052,1850,2699,5601,1.705945366898768,0.010205335716716918,625,"Why do you catch it, if you're not gonna eat it?"
630,19,1655,3600,4590,9845,1.701879126460132,0.007443789719620535,625,"Finally got called up, eh?"
2727,20,560,984,1455,2999,1.701567189063021,0.01394294683222854,625,"""There is no point. Just hit the ball."
2320,21,998,2028,2770,5796,1.6942719116632161,0.009800722408888813,625,This explains the artwork in the dugout.
3065,22,1537,3395,4424,9356,1.6914279606669518,0.007611031328602803,625,"Still no shoe endorsement, huh?"
4715,23,1161,2131,3242,6534,1.6815120906029997,0.00936058662352599,625,I'll bet your baseball card is worth a lot.
2240,24,1393,2687,3970,8050,1.6798757763975156,0.008368839713171393,625,"Watch out. His fastball is on fire, if that term means anything to you."
4825,25,1123,1733,3163,6019,1.661073267984715,0.009961767130624886,625,I've been carbon-dating your sister.
469,26,1187,2172,3521,6880,1.6607558139534884,0.009096530570129028,625,"This is Fenway Park, not Jurassic Park."
4734,27,957,1929,2996,5882,1.6533492009520572,0.00968719704158519,625,Maybe the games do last too long.
5532,28,747,1551,2462,4760,1.6397058823529411,0.010694990143711476,625,"When he says ‘strike’, don’t."
981,29,708,1634,2430,4772,1.6391450125733444,0.010513633550917587,625,"Coach has you really taking the Paleo seriously these days, huh?"
4728,30,979,1366,2954,5299,1.6272881675787885,0.010671149159022753,625,Baseball confusing game. How can man walk with four balls?
2349,31,863,1765,2971,5599,1.6235041971780675,0.009848948916713125,625,"Well, well...now look who's standing upright and who isn't."
5032,32,714,1530,2531,4775,1.6194764397905759,0.010583945085906491,625,I see you made the club.
1112,33,276,605,1005,1886,1.6134676564156947,0.016765001086192992,625,Could be worse. Our throwback uniform is a fig leaf.
102,34,180,368,667,1215,1.5991769547325103,0.021021292804947463,625,Other than instant replay it's pretty much the same
2668,35,748,1775,2978,5501,1.5946191601526996,0.009657759659057432,625,A lot has happened since your last at bat.
2846,36,633,1323,2475,4431,1.5842924847664184,0.010923591207070359,625,"Actually, the Cubs did finally win."
4729,37,113,254,462,829,1.5790108564535585,0.024972808791089058,625,Oh so you're the bunter-gatherer everyone's talking about.
1004,38,720,869,2401,3990,1.5786967418546365,0.012312357757041027,625,um...I'm here for the Trump rally
3506,39,937,1961,3803,6701,1.5723026413968064,0.008847228087050893,625,Still eating paleo?
1632,40,410,999,1789,3198,1.568792995622264,0.012526828015602766,625,So you're the mammoth slugger people are talking about.
1139,41,521,1272,2299,4092,1.5654936461388074,0.011059203676677964,625,"Do me a favor, and if you slide into home, come in head-first"
3079,42,279,691,1240,2210,1.565158371040724,0.015018369233228631,625,I was told  I would be fighting against tigers sent in from Detroit.
3958,43,564,1419,2627,4610,1.5524945770065075,0.010331139019881207,625,You got this - he's been throwing rocks all day.
2415,44,467,1086,2151,3704,1.5453563714902807,0.011621246463720071,625,You're back?  I thought you retired like a million years ago!
2403,45,435,1146,2290,3871,1.5207956600361663,0.0110707808223348,625,You know they are going to check you for steroids.
1865,46,456,1366,2553,4375,1.5206857142857142,0.010233099912013167,625,You must have spent a long time in the minors.
5080,47,95,275,537,907,1.5126791620727673,0.022516146941187552,625,"For the last time, you have to hit the ball BEFORE it's in my glove."
4771,48,267,516,1268,2051,1.5119453924914676,0.015776149136115615,625,"You’ll fit in perfectly, as long as you stand for the anthem."
3271,49,193,464,1013,1670,1.5089820359281436,0.01697735861555338,625,They said if I made the club i could play
3690,50,369,877,1940,3186,1.5069052102950409,0.012296580118944678,625,"It looks counterintuitive, but I'm what you evolved to."
4852,51,344,908,1912,3164,1.5044247787610618,0.012156460922806868,625,Isn't this the best Old-Timers' Day ever?
3594,52,199,506,1096,1801,1.5019433647973348,0.01617584899273675,625,You're history.
418,53,318,784,1730,2832,1.5014124293785311,0.012947387984038184,625,Flintstone? He was traded to the Colorado Rockies.
5059,54,332,864,1852,3048,1.5013123359580052,0.012391253873770346,625,Finally. It felt like I was in the minors for a thousand years.
2946,55,349,712,1761,2822,1.4996456413890857,0.013277799485625406,625,We don't get that many bunter-gatherers here in the big leagues.
377,56,261,744,1553,2558,1.4949179046129788,0.01332544193134549,625,I've been sitting on the bench for ages.
3435,57,267,699,1534,2500,1.4932,0.013619680696731196,625,I only hit what I can eat
5508,58,60,157,345,562,1.49288256227758,0.028742897247180398,625,You might want to dial it back a bit on the steroids.
3231,59,176,502,1058,1736,1.4919354838709677,0.016153085028246396,625,They really stepped it up for Old Timers' Day this year
4949,60,239,718,1479,2436,1.4909688013136289,0.013535894244688526,625,"Say what you will, 
being a designated hitter has kept a lot of us old guys in the game."
4219,61,53,107,275,435,1.4896551724137932,0.033723296159019235,625,Let me guess: you’re gonna hit it back to the Stone Age.
1064,62,163,444,978,1585,1.4858044164037856,0.0169572531270301,625,"You gotta retire at some point, Damon."
2146,63,241,529,1327,2097,1.4821173104434906,0.015125625013591775,625,"Look, I don't care if you discovered fire, three strikes means you're out!"
390,64,196,541,1209,1946,1.4794450154162384,0.015227770962899385,625,"When your manager says ‘sacrifice,’ he’s not talking about me."
2431,65,206,496,1198,1900,1.4778947368421054,0.0156709426218103,625,I do believe you are batting out of geological order
823,66,209,494,1210,1913,1.4767381076842656,0.015644518777388785,625,First time with the big club?
2012,67,174,544,1156,1874,1.4759871931696904,0.015241820552385628,625,Strike!” Doesn’t mean hit me
2070,68,187,517,1171,1875,1.4752,0.015476281068221683,625,You're ages late.
5526,69,178,370,991,1539,1.4717348927875245,0.017675740688178104,625,You're early man.
1201,70,186,450,1107,1743,1.4716006884681583,0.01629624230654427,625,My God. How long were you on deck?
5367,71,170,490,1100,1760,1.4715909090909092,0.0158585049219707,625,"Now that you're upright, we're gonna walk you."
2493,72,176,431,1065,1672,1.4683014354066986,0.016583061101468323,625,I hate Old Timers day
229,73,145,484,1025,1654,1.467956469165659,0.016021494548295573,625,"Yeah, the game's evolving too."
767,74,169,391,1009,1569,1.4646271510516253,0.017205477117900814,625,"Bob, maybe it's time to rethink that Paleo Diet."
4537,75,163,392,991,1546,1.464424320827943,0.01724750578022672,625,Do you also talk softly?
1142,76,180,233,864,1277,1.4643696162881754,0.020392719596942086,625,"Ladies and gentleman, next up to bat...President Trump as seen by the rest of the planet!"
3003,77,147,406,955,1508,1.4641909814323608,0.01715841964049329,625,"Just remember, no one wants to see you slide in that thing."
3277,78,160,252,824,1236,1.4627831715210355,0.020271728664304076,625,"If this doesn't work out, you could always get a job at the White House."""
625,79,160,366,961,1487,1.46133154001345,0.01766487675978353,625,These throwback uniforms are getting outta control.
5172,80,28,84,192,304,1.4605263157894737,0.037787505337598906,625,"I just think The Barbarians is an insensitive team name, that's all."
1622,81,75,185,468,728,1.460164835164835,0.025002258926459776,625,"This time, try swinging horizontally."
4671,82,134,379,899,1412,1.458215297450425,0.017619808338603646,625,"Unless you're wearing underwear, I wouldn't slide into any base."
1941,83,137,369,900,1406,1.457325746799431,0.017757921348686194,625,The old timers game is next week.
338,84,138,338,878,1354,1.4534711964549483,0.018271087162527695,625,I'm assuming you came out of left field.
677,85,131,328,845,1304,1.4524539877300613,0.018556082095755985,625,"So, just how long were you in the minors?"
2137,86,104,212,616,932,1.4506437768240343,0.02248617976080584,625,"This this Fenway, you must be looking for Jurassic."
3812,87,134,286,813,1233,1.4493106244931062,0.019423230279750802,625,This is my first time up with the big club
392,88,126,293,797,1216,1.4481907894736843,0.01934211481728041,625,"Gary, you’re a mascot. You can’t actually play."
4111,89,126,297,803,1226,1.4477977161500815,0.019226287578653,625,Ooog's on first? I don't get it...
1604,90,115,317,790,1222,1.4476268412438624,0.018885253999063687,625,"If he yells strike,don't."
918,91,109,318,774,1201,1.4462947543713571,0.01889954034763167,625,"It's round..Like a wheel. Oh, but you don't know that yet."
1590,92,114,295,766,1175,1.4451063829787234,0.01938204713850489,625,The pitcher's on fire? What's fire?
838,93,75,172,477,724,1.4447513812154695,0.025062298879465116,625,How about you call for a fastball down the middle; and I won’t accidentally pound you into the ground
3157,94,100,286,708,1094,1.4442413162705667,0.019827857658400224,625,"There's no time limit in this game.  If it takes 3 million years, it takes 3 million years!"
260,95,112,238,697,1047,1.4412607449856734,0.020981971309399636,625,"Want me to tell you what's coming? How about I tell you what's coming? Fastball, slider, competition with a superior species and mass extinction."
5546,96,122,237,735,1094,1.4396709323583181,0.020723314248566698,625,Be calm. He’s not throwing AT you.
1227,97,72,302,650,1024,1.435546875,0.019436610120574332,625,How long did you say you were in the minors?
2577,98,79,258,621,958,1.4342379958246347,0.0207135584729329,625,"Yes, I do feel like this game is taking forever."
3856,99,76,280,640,996,1.4337349397590362,0.020005511390321196,625,"Yes, you hit it. No, you don't get to eat it."
5145,100,90,253,656,999,1.4334334334334333,0.020654352494077807,625,It makes me VERY nervous that you're looking in the wrong direction.
2172,101,104,224,671,999,1.4324324324324325,0.02132022363609248,625,So have you noticed any side effects from the steroids?
711,102,83,264,649,996,1.4317269076305221,0.02034885330131325,625,"Don't worry, the game hasn't changed much."
223,103,87,242,639,968,1.4297520661157024,0.020959834882080152,625,Speak softly.
5085,103,71,274,623,968,1.4297520661157024,0.020127808857687498,625,"So, how long did you say you were in the minor leagues?"
5307,105,93,212,624,929,1.4284176533907427,0.021900324083052983,625,Just so we’re clear here... I’m not really a tiger.
5366,106,117,170,657,944,1.4279661016949152,0.022857678374810838,625,Cocktails and Opera at the Met after the game?
3744,107,95,208,627,930,1.4279569892473118,0.02198714958562015,625,It really has been a while since Cleveland won the series.
2979,108,80,228,604,912,1.4254385964912282,0.02146856363584211,625,I invented this game
4553,109,81,226,606,913,1.424972617743702,0.021506014884924,625,Let me guess...you also speak softly.
4485,110,85,205,594,884,1.4242081447963801,0.02223531332232327,625,"You built it, so I came"
3874,111,80,220,596,896,1.4241071428571428,0.021735116986064333,625,You have a chance to make prehistory here.
1392,112,75,221,580,876,1.42351598173516,0.02178815068956761,625,"Wow, the designated hitter rule appears to have really extended your career."
789,113,91,195,606,892,1.4226457399103138,0.022424638548097904,625,These throwback jerseys are getting ridiculous.
5609,114,92,156,557,805,1.4223602484472049,0.024243363392789315,625,Republican Party Headquarters? Turn right on Elm Street.
5023,115,76,211,576,863,1.4206257242178448,0.022069009677508838,625,I hear they call you the Natural.
1487,116,74,206,562,842,1.4204275534441806,0.022332483745797552,625,"Oh, great, another hipster ballplayer with a beard and a homemade organic bat."
1920,117,56,247,552,855,1.4198830409356724,0.020943087397491233,625,'Amazing how much the game has evolved.
1453,118,69,214,556,839,1.4195470798569725,0.0220654497599761,625,Remember!  After I catch the ball you have to stop hitting it!
2855,119,31,101,257,389,1.4190231362467867,0.032221278305788296,625,"Actually... most players have beards, you’ll blend right in."
4200,120,77,187,550,814,1.4189189189189189,0.023067766030081642,625,"I'm not pooping, I'm the catcher."
3526,121,76,194,557,827,1.4183796856106408,0.02274010921373359,625,Did you just call me a homosapien?
5541,122,77,197,565,839,1.4183551847437426,0.02257012333325359,625,I'm guessing they'll want a urine test from you after the game.
1482,123,63,201,520,784,1.4170918367346939,0.02271036249651669,625,"Well, I hope you're wearing underwear this time!"
2618,124,86,171,566,823,1.416767922235723,0.02345114286984224,625,We have to wait for someone to invent the ball.
2214,125,77,182,550,809,1.415327564894932,0.023154374465791334,625,"Is it just me, or does a baseball game seem to take ages?"
5616,126,84,160,547,791,1.4146649810366625,0.024001775120785017,625,Lemme guess... First time?
4074,127,69,193,537,799,1.4142678347934918,0.022814658335913084,625,"Sure Buddy, go ahead. Knock it into the Stone Age."
294,128,65,198,530,793,1.4136191677175283,0.02265443013188868,625,Now THAT's a throwback uniform.
5067,129,53,156,425,634,1.413249211356467,0.02543978827186324,625,Three yabadabadoos and you're out.
4789,130,74,175,533,782,1.4130434782608696,0.02351061207383632,625,"This may be difficult for you to grasp, but he's throwing fire tonight."
3653,131,57,179,474,710,1.412676056338028,0.023839434361367998,625,"When the man behind me yells, ""Strike!"" , do not hit me! 
Got it?"
2206,132,70,168,509,747,1.4123159303882196,0.024000889056671887,625,Do you have to drag your wife here to watch you play?
4667,133,56,200,502,758,1.4116094986807388,0.02269621256974033,625,I liked your drawings in the clubhouse.
2531,134,58,152,444,654,1.4097859327217126,0.025337883695116307,625,You're about to learn how to count to three.
3499,135,62,176,499,737,1.4070556309362279,0.023591029897802478,625,It'll be a crime if I don't get Comeback Player of the Year.
1924,136,61,165,482,708,1.405367231638418,0.024179930873518038,625,"Go ahead, call me Fred Flintstone one more time."
5274,137,56,175,479,710,1.404225352112676,0.023709980630878657,625,You must be here for the Really Old Timer's game.
615,138,73,140,495,708,1.4039548022598871,0.0251442798266494,625,I'm going to make baseball great again.
4637,139,55,170,471,696,1.4022988505747127,0.02394539538837718,625,"When the ump says 'Strike', he doesn't mean him with your club."
1361,140,56,167,471,694,1.4020172910662825,0.024078475417494482,625,"Now that you're erect, how would you feel about an intentional walk.."
435,141,59,155,466,680,1.401470588235294,0.024687184811865628,625,We invented fire and this is the best thing you guys could come up with?
2160,142,54,156,448,658,1.4012158054711246,0.024809024647843955,625,I hope that's not real fur.
2002,143,44,106,334,484,1.4008264462809918,0.029557915499171437,625,"Look -- 'strike one' is a statement, not a command."
5089,144,58,150,459,667,1.39880059970015,0.024922454052557084,625,"Slugger, maybe it's time to ease off the paleo diet."
1828,145,46,162,433,641,1.3962558502340094,0.024455408796514637,625,"I see why they call you ""Shoeless Joe."""
357,146,49,159,441,649,1.3959938366718028,0.024538463723010256,625,I hear you speak softly!
1447,147,52,149,438,639,1.3959311424100156,0.02509930048355485,625,"I think you might be taking this Paleo diet a bit too far, Carl."
2764,148,48,159,438,645,1.3953488372093024,0.02454193215490127,625,Bunter and Gatherer
3970,148,52,151,442,645,1.3953488372093024,0.024931223538951785,625,Do you think they’re taking throwback uniforms too far?
4015,150,57,135,438,630,1.3952380952380952,0.02583970780839583,625,Don't argue with the ump. He's a Neanderthal.
2366,151,73,99,448,620,1.3951612903225807,0.027686588785544378,625,It looks like we have a Trump supporter coming to bat.
1170,152,51,148,434,633,1.3949447077409163,0.02516090077346288,625,"Sorry, the rules say you need protective headgear and underwear."
4048,153,52,144,432,628,1.394904458598726,0.02540140342978142,625,"Can you believe it?
5,297,345,498,712,842 innings and we’re STILL tied!"
5056,154,47,152,424,623,1.3948635634028892,0.025034675461565313,625,So you must be the bottom of the order?
2886,155,44,161,427,632,1.393987341772152,0.024475539153156263,625,"We've all tried the vintage uniforms, but the vintage bat is something special."
5653,156,51,143,430,624,1.392628205128205,0.02539994173877457,625,Everybody warned you taking steroids would have side effects.
1463,157,43,157,420,620,1.3919354838709677,0.02467991333883087,625,Love those throwback uniforms.
5150,158,47,134,401,582,1.3917525773195876,0.02623193659214433,625,You're late.
1257,159,43,107,343,493,1.3914807302231238,0.028961207540224153,625,For this I was unfrozen?
3385,160,53,135,428,616,1.3912337662337662,0.02582769133679961,625,"Well, well. The bunter-gatherer returns."
433,161,49,128,401,578,1.3910034602076125,0.026580701073117274,625,Boston No Sox?
2435,162,45,137,399,581,1.3907056798623063,0.02602916425373749,625,You have my vote for Comeback Player of the Year.
2437,163,49,137,416,602,1.3903654485049834,0.02582324929814833,625,"I bet you hit like my great, great, great, great, great, great, great, great, great, great, great, great, great, great, great, great, great, great, great, great, great, great, great, great, great grandmother."
3580,164,27,106,277,410,1.3902439024390243,0.03006353972563131,625,Designated hominoid”. Very funny. Never heard that one before.
3017,165,42,151,410,603,1.3897180762852404,0.02502959643082089,625,Yeah the baseball age is almost over too.
4580,166,55,114,406,575,1.3895652173913045,0.02734183233616038,625,Am I late?
1689,167,41,154,411,606,1.3894389438943895,0.024832988730700268,625,I'm assuming you won't be bunting.
5169,167,46,144,416,606,1.3894389438943895,0.025376224780634643,625,"No worries, with that beard you fit right in."
2545,169,56,100,389,545,1.3889908256880734,0.028542459032120396,625,You should wear a helmet. The pitcher is a creationist.
4516,170,43,146,408,597,1.3886097152428811,0.025305045183676746,625,Smart to wait until the money got good.
410,171,38,137,374,549,1.3879781420765027,0.026190090440491764,625,"Just play by the rules, ok? You're not here to reinvent the wheel."
5406,172,40,120,357,517,1.3868471953578336,0.027560199118916256,625,If you don't swing I will show you how to make fire.
799,173,43,141,403,587,1.3867120954003407,0.025587750267886327,625,The pitcher's gotta see your knees.
696,174,49,128,408,585,1.3863247863247863,0.026321227998546647,625,"Ya know, the Yankees are going to make you shave that beard!"
3811,174,45,136,404,585,1.3863247863247863,0.025872583589175043,625,The ump told me to tell you that you’re out.
4114,176,44,129,391,564,1.3847517730496455,0.026412031510065225,625,Just run to first if you hit it. No need to reinvent the... never mind.
2197,177,36,147,387,570,1.3842105263157896,0.025254716006982793,625,"It may be your turn, but it's not your time."
5554,178,45,102,353,500,1.384,0.028892170479734823,625,"Now remember, after you hit the ball you don't run after it and skin it."""
147,179,39,110,342,491,1.3828920570264767,0.028397513550285643,625,Obviously you made the club.
3538,180,45,121,386,552,1.3822463768115942,0.02691579807476611,625,"Well, if it isn’t the player to be named later."
1334,181,45,108,365,518,1.3822393822393821,0.028156704718401416,625,How’s Wilma?
3463,182,31,148,371,550,1.3818181818181818,0.025204458310430805,625,"Before we get started here, I just want to make sure that your definition of  ""strike""  is the same as mine."
57,183,49,114,393,556,1.381294964028777,0.027251518091140514,625,"You was right, Yogi. The future ain't what it used to be."
1455,183,40,132,384,556,1.381294964028777,0.026159386943576998,625,"I don't care about the rest, but you should wear a cup!"
4764,183,34,144,378,556,1.381294964028777,0.025405230103106826,625,Our owner took throwback​ jersey night a little too far.
575,186,50,97,370,517,1.381044487427466,0.02884310618894889,625,HOMER Erectus!
3944,187,42,127,385,554,1.3808664259927799,0.026468847576132784,625,"""Really, your first old timers game?"""
1967,187,43,125,386,554,1.3808664259927799,0.026591880655350158,625,I’m here for old timers day
1226,187,52,107,395,554,1.3808664259927799,0.02767457569334906,625,I'm on loan from the Smithsonian
1882,190,40,130,382,552,1.3804347826086956,0.026283105302826095,625,"Just making a wild guess here, but you might wanna cut back on the steroids."
4526,191,38,133,379,550,1.38,0.026092933887816937,625,"Beard, hair, the throwback uniform-you're gonna fit right in."
5574,191,40,129,381,550,1.38,0.026345557979210954,625,"These retro uniforms are getting out of hand, if you ask me."
5136,193,43,119,379,541,1.3789279112754158,0.027022159260160293,625,"This is a pastime, not a past time."
5378,194,31,138,360,529,1.3780718336483933,0.025832201490887094,625,Something tells me you're not a bunter
4280,195,40,83,309,432,1.3773148148148149,0.031221591468585237,625,Does this new uniform make me look fat?
1261,196,25,145,347,517,1.377176015473888,0.025351255938208462,625,You guys take this old timers game way too seriously
1175,197,43,113,372,528,1.3768939393939394,0.02747169271811562,625,"I don't care what Coach Rubble told you, Bam-Bam, it's not a regulation bat."
3466,197,40,119,369,528,1.3768939393939394,0.027076392363980344,625,I'm guessing you're not up here to bunt.
5477,199,39,122,370,531,1.3766478342749529,0.026835519217204062,625,"I hope you don't have to slide, bro."
3406,199,50,100,381,531,1.3766478342749529,0.028254509085741668,625,It's the top of the 21st.
5094,199,38,124,369,531,1.3766478342749529,0.026702781292331335,625,I see you're a heavy hitter.
2500,202,38,122,366,526,1.376425855513308,0.02687594508919299,625,I would have done NASCAR but we haven't invented the wheel yet.
1528,203,40,119,370,529,1.3761814744801513,0.027034549520903742,625,You're playing with the wrong club.
2532,204,31,135,358,524,1.3759541984732824,0.02597738573120025,625,They said you were old school.
3145,205,39,112,355,506,1.3754940711462451,0.027741682236025245,625,Sigh. Where do the Yankees find you guys.
156,206,41,112,365,518,1.3745173745173744,0.027555299384765062,625,So you're the pinch hunter-gatherer.
738,207,32,129,355,516,1.374031007751938,0.026371609504395474,625,"So ""strike"" has a COUPLE of meanings..."
1667,208,32,114,330,476,1.3739495798319328,0.027855456730397927,625,That's four.  Walk upright to first.
5066,209,35,122,357,514,1.3735408560311284,0.026863123390871886,625,How did you guys do against the Tigers?
1830,210,36,116,353,505,1.3722772277227724,0.027323065393820727,625,"Well, this is certainly a prehistoric moment."
1519,211,34,113,340,487,1.3716632443531827,0.027709548327349787,625,Ah. So we're back to squatting.
1831,212,35,113,345,493,1.3711967545638946,0.027622511791695916,625,I just learned how to intentionally walk
2965,213,36,112,349,497,1.3702213279678068,0.02760707569048309,625,You're Out! Do I have to draw you a picture?
1364,214,40,101,348,489,1.3701431492842535,0.02851288105250862,625,If he hits me l hit you
2925,215,39,102,346,487,1.3696098562628336,0.028442515901904688,625,Three strikes and I'm out? One strike and you're out.
4465,216,39,100,343,482,1.3692946058091287,0.028647322336819214,625,Someone painted a Bison on my locker know anything about that?
5117,217,31,118,339,488,1.3688524590163935,0.027182911606602512,625,"I already know the answer, but I still have to ask--is that a regulation bat?"
5331,218,27,110,308,445,1.3685393258426966,0.028239101611289317,625,"If you've never seen a wheel, a ball may be a bit of a stretch."
3066,219,32,111,332,475,1.368421052631579,0.02784161892066983,625,Just up from the bush league?
1898,220,34,111,341,486,1.368312757201646,0.027716390087813236,625,I have a feeling you are going to be randomly selected for a drug test after this game.
1625,221,33,108,333,474,1.3670886075949367,0.02802803896983954,625,"Just be careful with the backswing, OK?"
5074,222,38,100,342,480,1.3666666666666667,0.028554440388107533,625,You're the first pro magnon.
1866,222,29,118,333,480,1.3666666666666667,0.027148995665939805,625,"You guys are throwing way, way back with those uniforms."
4880,222,30,116,334,480,1.3666666666666667,0.027308728338576893,625,What’s your bashing average?
784,225,31,111,330,472,1.3665254237288136,0.02778215490170267,625,Just so you understand ... it's the ball you hit ... ok ?
3942,225,35,103,334,472,1.3665254237288136,0.02842241356492451,625,So you're the one not on steroids?
1891,227,28,118,330,476,1.365546218487395,0.027128126381478188,625,"Once I decided to grow the beard, the rest was easy."
2271,228,37,98,336,471,1.365180467091295,0.028766714663347657,625,"The scouting report on you says you carry a big stick, but you have no wheels."
3616,228,32,108,331,471,1.365180467091295,0.027970531513531623,625,They did drug test me.
4551,230,36,101,337,474,1.3649789029535866,0.028480475769596537,625,This 'throwback uniform' thing is getting out of hand.
2468,231,36,94,327,457,1.363238512035011,0.029201565445047307,625,"Dude, I'm so stoned."
3555,232,45,78,340,463,1.3628509719222461,0.03035057047972184,625,Do I look  like I’m about to bunt?
3819,232,27,114,322,463,1.3628509719222461,0.027438274435372768,625,Really? How long have you been in the minors?
5463,234,34,97,324,455,1.3626373626373627,0.028953177121598374,625,"Still walking softly, eh?"
5061,234,36,93,326,455,1.3626373626373627,0.029285668191976193,625,I just got called up from the Pro-Magnon League.
1390,236,32,102,324,458,1.3624454148471616,0.02848534989004765,625,There are no actual tigers. We are the Detroit Tigers.
1628,236,36,94,328,458,1.3624454148471616,0.02914852842906643,625,How long did they keep you in the minors?
3578,236,29,108,321,458,1.3624454148471616,0.02797765170528426,625,Let me guess. You're up from the bush leagues?
3775,236,25,116,317,458,1.3624454148471616,0.027286030193499,625,We're the Tigers. The Mammoths are playing next door.
3715,240,31,96,309,436,1.3623853211009174,0.029292972560176204,625,"My E.R.A.? 10,000 b.c."
3808,241,31,103,322,456,1.361842105263158,0.0283958404476951,625,"Well, it's a metaphorical home."
448,242,30,99,313,442,1.3597285067873304,0.028811314959146236,625,According to Ancestry.com we are related.
3549,242,30,99,313,442,1.3597285067873304,0.028811314959146236,625,The bat says it is legal. Wanna argue with it?
2981,244,32,97,319,448,1.359375,0.02889004659853708,625,My uniform? Beaver. I find wool too itchy and polyester too hot.
1450,244,31,99,318,448,1.359375,0.028716677664775023,625,One of us is having a very strange day.
3196,246,28,102,310,440,1.3590909090909091,0.028533533617666078,625,"This time, don't eat it after you club it."
635,247,24,112,310,446,1.358744394618834,0.027546494804812718,625,The game kinda evolved!
1957,247,33,94,319,446,1.358744394618834,0.029146237898911256,625,You the guy who speaks softly?
2319,249,31,96,314,441,1.3582766439909297,0.029018178453049208,625,Of course I can walk upright!
4532,249,30,98,313,441,1.3582766439909297,0.02884003341830091,625,"So, you're the guy who has to carry the club on his shoulders."
5239,249,26,106,309,441,1.3582766439909297,0.028116168211751922,625,I don’t care how thick your skull is - you still need a batting helmet.
103,252,26,92,285,403,1.3573200992555832,0.02987014616320354,625,"I guess if you count the umpires, yes, you have had two hits today."
1638,252,31,82,290,403,1.3573200992555832,0.030886109187152237,625,"When they shouted  KILL THE UMPIRE, they didn’t mean it literally."
2549,254,29,96,306,431,1.357308584686775,0.029103261451419466,625,"While his baseball career was otherwise undistinguished, Zekk son-of-Krob is widely credited with the first walk in history."
1864,255,32,92,313,437,1.356979405034325,0.029366327478735542,625,"Gonna knock one back to the Stone Age this time, whiffer boy?"
3476,255,31,94,312,437,1.356979405034325,0.0291870564666461,625,Its not the ball I'm worried about.
5390,255,25,106,306,437,1.356979405034325,0.02808741210543052,625,"I don't mean to profile, but I'm guessing you're looking for the clubhouse?"
3167,258,28,97,304,429,1.3566433566433567,0.029001490589376892,625,"Oh, great. Another GEICO commercial."
3800,258,27,99,303,429,1.3566433566433567,0.028813085953238265,625,The most difficult aspect of this was the required change in my swing from the vertical to the horizontal.
948,260,26,101,303,430,1.3558139534883722,0.028568839552131714,625,Yo' mama still livin' in Bedrock?
4660,260,24,105,301,430,1.3558139534883722,0.028186785037344543,625,"Kill the ump"" is just a saying. They didn't mean it."
60,262,25,104,304,433,1.3556581986143188,0.02824491454887653,625,"Wow, how long have we been playing?"
3365,262,33,88,312,433,1.3556581986143188,0.029720549795990703,625,"It's all good,the pitcher is throwing rocks today anyway."
5296,264,28,96,304,428,1.355140186915888,0.029030257817769894,625,I get it: Pinstripes don't work for everybody.
4839,265,28,95,303,426,1.3544600938967135,0.02911532989347423,625,My dad didn’t want me doing cave art anymore.
2134,266,32,84,302,418,1.354066985645933,0.03025921597601357,625,"So you're tellin me, you all get paid to hit things with sticks?"
1258,266,31,86,301,418,1.354066985645933,0.030069021885554933,625,"Aluminium, composite or stegosaurus?"
2585,268,19,111,291,421,1.3539192399049882,0.02755607677300945,625,When the umpire calls a strike DON’T hit me!
2565,269,29,89,298,416,1.3533653846153846,0.029775115610594965,625,"He's going to try to walk you.  You can walk, right?"
349,270,24,101,297,422,1.353080568720379,0.028508395918862974,625,"On this next pitch, try to hit the ball instead."
395,270,24,101,297,422,1.353080568720379,0.028508395918862974,625,"When the man says strike, he doesn’t mean me!"
2852,270,24,101,297,422,1.353080568720379,0.028508395918862974,625,Old school hitter. I like that.
3043,270,33,83,306,422,1.353080568720379,0.030233170854211476,625,"Initially, I just stopped shaving."
3679,270,34,81,307,422,1.353080568720379,0.030418776294206435,625,"Call me a Luddite, but I don’t trust aluminum bats."
3447,275,21,105,291,417,1.3525179856115108,0.028120981759636867,625,Strike one what?
4837,275,24,99,294,417,1.3525179856115108,0.02872938094650943,625,How many contract extensions have you had?
89,277,28,87,291,406,1.3522167487684729,0.03006540792052636,625,You can’t tell me my stance is primitive when you’re only semi-erect.
464,278,31,77,287,395,1.3518987341772153,0.03126065464571303,625,"Homo Erectus, huh? Better watch yourself in the locker room."
2750,279,25,92,289,406,1.3497536945812807,0.029421532262287373,625,That guy you smashed over the head and dragged off the field last inning is called the umpire.
1398,279,24,94,288,406,1.3497536945812807,0.02921409471653677,625,"It's three on and two out in bottom of the ninth, not that you can count."
1308,281,19,105,285,409,1.3496332518337408,0.028018698960109206,625,Up from the bush league?
1414,281,32,79,298,409,1.3496332518337408,0.03067336851254544,625,Are we in a Geico commercial?
5093,281,30,83,296,409,1.3496332518337408,0.0302801100976113,625,"You're not really from the Dominican Republic, are you?"
5476,281,31,81,297,409,1.3496332518337408,0.03047737360264066,625,That was a long inning!
3880,285,26,89,289,404,1.349009900990099,0.029718065675846367,625,"What, were you born yesterday?  Go get a helmet."
4346,285,28,85,291,404,1.349009900990099,0.03012858511711268,625,"What are you, some kind of a Neanderthal? Put on a helmet!"
1278,285,23,95,286,404,1.349009900990099,0.02909142669320532,625,"Listen, you drew a walk. Erect or not is up to you."
3050,288,20,61,209,290,1.3482758620689654,0.03553402874422353,625,"Hey Bamm Bamm,Remember me? Mr Flintstone was our Little League coach ages ago."
3289,289,24,92,286,402,1.3482587064676617,0.029390210124317247,625,I've heard you're a heavy hitter
122,290,33,72,292,397,1.3476070528967254,0.03150369711583203,625,The Natural
4029,291,22,96,285,403,1.347394540942928,0.028905951258730526,625,"It's the thing that looks like a wheel, but rounder."
4587,292,26,84,282,392,1.346938775510204,0.030310639070714525,625,Just try to make contact. You don't have to kill it.
705,293,25,88,285,398,1.3467336683417086,0.029782484848260172,625,"Don't tell me--you bat right, but you hunt left?"
2796,293,23,92,283,398,1.3467336683417086,0.029354401874140287,625,"Normally, the batter wears a protective helmet, but something tells me you're going to be OK."
4450,293,29,80,289,398,1.3467336683417086,0.030620702023851094,625,"No, you can't hit him first to keep him from throwing the ball at you."
4222,296,27,78,276,381,1.3464566929133859,0.03112609060923652,625,Honestly? I'd just tell her how you feel.
4116,297,28,81,287,396,1.345959595959596,0.030509832212144188,625,"He’s throwing fire, but I guess you don’t know what that is."
4390,297,27,83,286,396,1.345959595959596,0.03029956720611262,625,What's your ERA?
1176,299,26,80,276,382,1.3455497382198953,0.030835724717634398,625,I can teach you how to stand upright.
249,300,23,82,267,372,1.3440860215053763,0.03068607879877129,625,How many years were you down in the minors?
1779,301,27,69,262,358,1.3435754189944134,0.032469306311288096,625,we usually don't cave till the ninth inning.
3339,302,29,73,280,382,1.3429319371727748,0.03146310109695124,625,It's for a GEICO ad.
4617,302,23,85,274,382,1.3429319371727748,0.030124347361495087,625,Let me guess...you thought I was gonna be a leftie.
1114,304,22,88,275,385,1.3428571428571427,0.029738085706659038,625,"Throwback uniform day is tomorrow, Frank."
3592,304,32,68,285,385,1.3428571428571427,0.031931726022531005,625,"What's the point of anything, really?"
3732,304,26,80,279,385,1.3428571428571427,0.030634397262050916,625,There's no grunting in baseball.
2574,307,25,80,275,380,1.3421052631578947,0.030676118935493567,625,So you're the living proof ....the games are too long.
3977,307,22,86,272,380,1.3421052631578947,0.02998938799827822,625,"Not to make you nervous, but Fred and Wilma are in the bleachers."
2241,307,20,90,270,380,1.3421052631578947,0.02952269418976569,625,Back in my day the catcher didn't wear a mask.
2950,310,24,78,267,369,1.3414634146341464,0.031056901315654167,625,When was the last time you played?
4859,311,24,81,273,378,1.3412698412698412,0.03054712685997715,625,I don't much care for the throwback uniforms either!
1018,311,22,85,271,378,1.3412698412698412,0.030084181321972225,625,"Paleo diet? Yeah, I know a place."
3206,311,19,91,268,378,1.3412698412698412,0.029376086795792764,625,Welcome to Old Timer's Day.
3855,311,24,81,273,378,1.3412698412698412,0.03054712685997715,625,I suppose you are going to tell me you found that in the club house.
4639,311,26,77,275,378,1.3412698412698412,0.03100316037093271,625,"oh, I get it...you plan on hitting the next ball back to the stone age"
5644,311,25,79,274,378,1.3412698412698412,0.030775988305701166,625,You're taking 'Throwback Night' a bit too seriously
4983,317,26,71,264,361,1.3407202216066483,0.03200148753159786,625,...here for the Ken Burns prequel.
4754,318,28,68,268,364,1.3406593406593406,0.032289014589483585,625,Am I allowed to drag the pitcher around the bases by his hair?
2404,319,18,93,268,379,1.3403693931398417,0.029073200660920697,625,"Evolution is just a game to you people, isn't it?"
3544,320,24,82,276,382,1.3403141361256545,0.03031570000899519,625,Ken Burns never covered this...
2072,321,21,83,264,368,1.3396739130434783,0.03036678508794045,625,There are two outs and it’s the bottom of the Eocene
3494,321,21,83,264,368,1.3396739130434783,0.03036678508794045,625,"You're supposed to hit the ball, just the ball, only the ball, nothing but the ball!"
4173,321,28,69,271,368,1.3396739130434783,0.032028149186071525,625,"I'm a ""presteroid"" man!"
4275,321,24,77,267,368,1.3396739130434783,0.03108967115381021,625,They call me the home-run erectus
2697,325,22,82,267,371,1.3396226415094339,0.030441680425298226,625,He likes to pitch Neanderthals high and tight .
4141,325,20,86,265,371,1.3396226415094339,0.029959243237018252,625,"Wow, that Paleo diet you're on is really working!"
4982,327,20,87,267,374,1.339572192513369,0.029798914560129435,625,What? No shoe endorsement deal?
1934,327,21,85,268,374,1.339572192513369,0.030038508967329916,625,I heard you paint caves in the off-season.
1485,327,21,85,268,374,1.339572192513369,0.030038508967329916,625,Are you the player to be named later?
4627,330,21,83,265,369,1.3387533875338753,0.030298365403766712,625,You know how Mr. Steinbrenner feels about beards.
2075,331,25,69,258,352,1.3380681818181819,0.03228362293776818,625,"No, that was the umpire. This time, aim for the little ball."
766,332,21,82,264,367,1.337874659400545,0.03039614544647722,625,This your first time at bat?
4735,332,27,70,270,367,1.337874659400545,0.031831795739187124,625,That was a split-seam fastball on the lower outside corner. Any more questions?
4547,334,18,87,260,365,1.336986301369863,0.02974510168582495,625,I don’t think you can use petrified wood.
5177,334,17,89,259,365,1.336986301369863,0.02949097547706912,625,I'm hitting this one back to the Stone Age.
3404,336,22,77,261,360,1.336111111111111,0.031016333836906267,625,"Go ahead, see what happens if you signal for another curve ball."
431,336,25,71,264,360,1.336111111111111,0.03175591629950742,625,These throwback uniforms are really getting out of control.
786,336,23,75,262,360,1.336111111111111,0.03126480528958056,625,I already told you. Dr. Who's on first.
302,339,26,70,267,363,1.3360881542699725,0.03181366655904128,625,"I’m OK with you using the club as a bat, but if you’re gonna wear that getup you gotta promise not to slide feet first into home plate."
1166,339,23,76,264,363,1.3360881542699725,0.03108776872671077,625,…and that's what a wheel is. Now a ball…
1291,339,22,78,263,363,1.3360881542699725,0.0308420064073441,625,"So, I hit ball over fence and I end up at home? Who invented this stupid game?"
1659,339,20,82,261,363,1.3360881542699725,0.03034451101733312,625,Spend a long time in the minor leagues ?
3134,339,25,72,266,363,1.3360881542699725,0.031573554990768145,625,Nope. Never touched 'em. Why do you ask?
4055,339,21,80,262,363,1.3360881542699725,0.030594269954614912,625,You're damn straight I can walk upright!
4214,339,21,80,262,363,1.3360881542699725,0.030594269954614912,625,"Yeah, I’m totally back on steroids."
4507,339,20,82,261,363,1.3360881542699725,0.03034451101733312,625,"Yep, there is no time limit in baseball."
4901,339,19,84,260,363,1.3360881542699725,0.030092679237752315,625,"Just so ya know, I'm gonna ask the ump to check that bat."
3004,348,25,68,259,352,1.3352272727272727,0.03224264322956404,625,Were you with the Hunters or the Gatherers before being called up?
5604,348,13,33,130,176,1.3352272727272727,0.04601721547882955,625,"Man, what's your ERA?"
4086,350,19,81,255,355,1.3352112676056338,0.0305267747253575,625,You come up from the B.C. farm team?
3600,351,28,62,264,354,1.3333333333333333,0.032827746530332845,625,"Hey dude, I see that whole Paleo diet thing is really working for you!!!"
3784,351,25,68,261,354,1.3333333333333333,0.03208810287041699,625,"Ok, Bam Bam, let'e see what you can do."
3266,351,24,68,256,348,1.3333333333333333,0.03221654293867133,625,"After four balls, you drag your knuckles to first."
5354,351,24,70,260,354,1.3333333333333333,0.03183773673399787,625,Why didn’t you stand during the National Anthem?
4976,351,21,75,255,351,1.3333333333333333,0.03125381539589969,625,"Remember, don't take 'sacrifice hit' literally."
2736,351,22,74,258,354,1.3333333333333333,0.031331003006369686,625,Exactly how long have you been in the dugout?
568,351,25,68,261,354,1.3333333333333333,0.03208810287041699,625,Fair warning; you’ll regret it if you slide into home plate in that uniform!
2273,351,24,68,256,348,1.3333333333333333,0.03221654293867133,625,You can't drag the ballgirls by the hair.
258,351,24,69,258,351,1.3333333333333333,0.03202563076101743,625,I called you a Homo because that's your genus.
993,351,22,74,258,354,1.3333333333333333,0.031331003006369686,625,"We stopped using rocks 10,000 years ago"
2491,351,19,80,255,354,1.3333333333333333,0.03055514936876973,625,"You're in luck, he's throwing rocks today."
1636,351,22,69,248,339,1.3333333333333333,0.0322717626469235,625,"Gotta hand it to you, most guys retire after 300,000 years."
1845,351,20,78,256,354,1.3333333333333333,0.03081593773401898,625,No caves...they're called dugouts.
5321,364,18,81,253,352,1.3323863636363635,0.030390544159251277,625,"I am not a big fan of ""Throwback"" uniforms either."
5060,364,19,79,254,352,1.3323863636363635,0.03065571219989707,625,Old Timer's Day has gotten out of hand
4680,364,18,81,253,352,1.3323863636363635,0.030390544159251277,625,"No, no......you play with a club.....not with a club."
5623,364,19,79,254,352,1.3323863636363635,0.03065571219989707,625,I'm hitting the next pitch back to the Stone Age.
1108,364,13,91,248,352,1.3323863636363635,0.02902839288279358,625,"Goin'' ""old school,"" Champ?"
443,364,19,79,254,352,1.3323863636363635,0.03065571219989707,625,"After the game, want to go clubbing?"
85,364,14,89,249,352,1.3323863636363635,0.02930588864964407,625,How long were you in the minors?
4363,364,20,77,255,352,1.3323863636363635,0.030918606156656453,625,I got this.  Been practicing for millennia.
1174,372,18,80,251,349,1.332378223495702,0.030562485573685634,625,"If it does not help with my hitting, I can at least kill dinner with it."
1846,372,18,80,251,349,1.332378223495702,0.030562485573685634,625,It's an old model Louisville Slugger; they never break.
2386,372,18,80,251,349,1.332378223495702,0.030562485573685634,625,"I know he said 'strike,' but he didn't mean me!"
2818,372,21,74,254,349,1.332378223495702,0.0313602894983875,625,"Sorry sir, you misunderstand. Tigers is just the name of our team."
3176,372,25,66,258,349,1.332378223495702,0.032393477760148684,625,"If I hit it, can I eat it?"
3348,372,26,64,259,349,1.332378223495702,0.03264666617575049,625,"Here's the Deal, you strike out and I'll teach you how to make fire."
4657,378,26,63,258,347,1.3314121037463977,0.032764443446922795,625,"When I was a rookie, we used to called this place Shea."
1285,378,13,89,245,347,1.3314121037463977,0.029273776223034235,625,"No, baseball hasn't evolved at all."
3635,380,22,61,234,317,1.3312302839116719,0.03376754324928224,625,"No, Ugs on first, What's on second!"
2891,381,17,49,185,251,1.3306772908366533,0.03777766469713351,625,"You're just supposed to hit the ball, not beat it to death and eat it...."
588,382,17,79,247,343,1.3294460641399417,0.030590519467138606,625,Are you ever going to retire?
1862,382,20,73,250,343,1.3294460641399417,0.03141541277987291,625,I thought the steroid era was over.
2092,382,23,67,253,343,1.3294460641399417,0.032219193642768575,625,"Designated hitter, I presume?"
2471,382,8,97,238,343,1.3294460641399417,0.027970252853489492,625,The game hasn't evolved much.
3810,382,21,71,251,343,1.3294460641399417,0.031685605350326,625,It all started when a disgruntled fan tweeted management that “Any dumb cave man could out hit your entire  team.”
5485,382,21,71,251,343,1.3294460641399417,0.031685605350326,625,You must be the rookie from Bedrock.
417,388,23,66,251,340,1.3294117647058823,0.03241479739784071,625,"Damn, this game is taking forever."
1925,388,27,58,255,340,1.3294117647058823,0.03346830417924142,625,"No, I’m signaling"
4202,388,13,86,241,340,1.3294117647058823,0.02961753458029789,625,... and then they introduced the DH rule.  And now you're up to date.
4036,391,14,55,183,252,1.3293650793650793,0.036368785868405536,625,I don't believe it either.  They finally called me up.
2297,392,21,68,245,334,1.3293413173652695,0.03226318744901907,625,He’s batting .500 B.C.
3518,393,15,67,213,295,1.3288135593220338,0.03311442323928089,625,We seriously need more accurate drug tests
982,394,21,67,244,332,1.3283132530120483,0.03237943871309176,625,"But it was a regulation bat 40,000 years ago!"
1589,395,18,74,244,336,1.3273809523809523,0.03125941155193081,625,'Kill the umpire' doesn't actually mean that.
1857,396,15,79,239,333,1.3273273273273274,0.030570589762715723,625,Congrats on finally being called up.
5317,397,15,73,227,315,1.326984126984127,0.03168835119826357,625,"If the pitcher believes in Darwin, he'll probably walk you."
2378,398,23,62,246,331,1.3262839879154078,0.03297361464974683,625,"Geez. First, politics and now, baseball."
3158,398,26,56,249,331,1.3262839879154078,0.03379629014204846,625,"I see you're taking the divorce well, Gregg."
3726,398,31,46,254,331,1.3262839879154078,0.0351246233838608,625,It takes 4 balls to get to first base? What kinds of men play this game?”
4592,401,37,34,261,332,1.3253012048192772,0.03655777603469077,625,I thought the league banned the use of Neanderthal.
2380,402,16,75,238,329,1.325227963525836,0.03107422138403329,625,"No, it's not a cave, it's called the dugout."
961,403,14,47,170,231,1.3246753246753247,0.03847491443810123,625,I don't care if you are from Louisville. That's not a regulation bat.
4270,404,15,44,169,228,1.3245614035087718,0.0393112647221015,625,Nice. You've taken the beard trend to its logical conclusion.
2048,405,20,67,243,330,1.3242424242424242,0.032162268845852444,625,That's three strikes! Can't you count?
3508,405,22,63,245,330,1.3242424242424242,0.03273001874956643,625,I don't care if you have only two strikes - you're still history
4765,405,19,69,242,330,1.3242424242424242,0.03187460183744812,625,"Gosh, baseball really is an archaic sport."
4990,405,19,69,242,330,1.3242424242424242,0.03187460183744812,625,How long have you been with the club?
49,409,17,72,238,327,1.3241590214067278,0.03147964019288475,625,The game has evolved.
212,409,17,72,238,327,1.3241590214067278,0.03147964019288475,625,Don't slide.
4568,411,12,80,230,322,1.3229813664596273,0.03022236204898425,625,I have no idea where the umpire went. He called “strike three” and I assume he ran for his life.
2756,411,11,82,229,322,1.3229813664596273,0.0299005300459358,625,"Okay, one more time, “kill ‘em” is just an expression."
2673,411,18,68,236,322,1.3229813664596273,0.03208563529948762,625,So I'm guessing you're not into analytics.
2478,411,20,64,238,322,1.3229813664596273,0.03268312919773249,625,I just saved 15% on my car insurance.
2401,411,16,72,234,322,1.3229813664596273,0.03147680179096629,625,"Catcher: ""I've HEARD that steroids could have some side effects."""
4763,411,17,70,235,322,1.3229813664596273,0.031782676441416205,625,"Homie, I literally invented fire...but go ahead, tell your guy to bring the heat."
2014,411,26,52,244,322,1.3229813664596273,0.03441342410902346,625,Why isn’t the New Yorker funny anymore?
1899,411,15,74,233,322,1.3229813664596273,0.03116792550356544,625,"It's a bat, get over it."
1395,411,20,64,238,322,1.3229813664596273,0.03268312919773249,625,The umpire has a bone to pick with you.
351,411,15,74,233,322,1.3229813664596273,0.03116792550356544,625,Designated by who?
235,411,17,70,235,322,1.3229813664596273,0.031782676441416205,625,Love the throwback jersey.
2098,411,22,60,240,322,1.3229813664596273,0.033269894435354344,625,Wow! The METS really have hit rock bottom.
1301,423,17,70,236,323,1.3219814241486068,0.03169990029504955,625,"You Red Sox are taking this ""Fear the Beard"" thing far too seriously!"
4362,423,14,76,233,323,1.3219814241486068,0.030776528381773825,625,"I’m giving baseball a go, hunting and gathering is tough on the joints."
2334,425,18,67,235,320,1.321875,0.03220095037320023,625,we haven't squatted like that in over 66 million years.
3100,425,21,61,238,320,1.321875,0.033101036757243546,625,Last guy that wore that slid into home. Some things you just cant unsee.
4690,425,17,69,234,320,1.321875,0.03189527752580741,625,Did coach just discover you in the dugout?
4824,425,22,59,239,320,1.321875,0.03339567503275561,625,"""Sometimes I think this whole throwback uniform thing has gone a bit too far."""
5215,429,23,57,241,321,1.320872274143302,0.033597592850658865,625,I see that you're with a new club.
1817,430,18,65,232,315,1.3206349206349206,0.03252210823689337,625,Shoeless Joe? Are you reinstated?
2213,430,20,61,234,315,1.3206349206349206,0.03313801938777003,625,"So if I hit you, then we're both out?"
3297,430,21,59,235,315,1.3206349206349206,0.033441721416969994,625,"""This guy's got the perfect pitch for you -- a dragging knuckleball."
554,433,21,59,236,316,1.3196202531645569,0.03335116377097262,625,"I don't care if it's an anachronism, the rules say you gotta wear a helmet."
956,434,15,70,228,313,1.3194888178913737,0.03168668522955732,625,Yo mama wears shoes.
4905,434,19,62,232,313,1.3194888178913737,0.03295400173807095,625,"Heeeyyyy clubber, clubber, clubber..."
5610,434,20,60,233,313,1.3194888178913737,0.03326328731472157,625,"That's ball four pal, try to walk upright to first base."
5671,434,24,52,237,313,1.3194888178913737,0.03447269198506919,625,"Hey Fred, I slept with Wilma."
5208,438,14,68,219,301,1.318936877076412,0.032157912521965266,625,Word is you spent ages in the minors.
4506,439,19,61,231,311,1.3183279742765273,0.03307770764019559,625,I’m the player to be named later.
5340,439,23,53,235,311,1.3183279742765273,0.03430909044004504,625,Hold on. We're inventing the ball.
5611,439,19,61,231,311,1.3183279742765273,0.03307770764019559,625,They say you were frozen in ice for thousands of years.  Take a couple practice swings.
5065,442,18,62,229,309,1.3171521035598706,0.032884661739410175,625,So easy even a caveman can do it.
4474,442,15,68,226,309,1.3171521035598706,0.031911709846877315,625,Just yabba dabba doo it!
1202,442,14,70,225,309,1.3171521035598706,0.03158073211991619,625,I thought we were trying to modernize the sport.
1120,442,17,64,228,309,1.3171521035598706,0.03256357464397984,625,"So, Wilma or Betty?"
540,442,18,62,229,309,1.3171521035598706,0.032884661739410175,625,Sox? What are sox?
2495,447,23,51,232,306,1.3169934640522876,0.034680528159139266,625,"Is that your girlfriend out there, or a mastodon walking backward?"
165,448,14,69,224,307,1.3159609120521172,0.031691673605650915,625,"I don't steal, I take."
794,448,22,53,232,307,1.3159609120521172,0.034273605465799876,625,Still using hand gestures to communicate?
3367,448,14,69,224,307,1.3159609120521172,0.031691673605650915,625,"Dude, TOMORROW is retro uniform night."
80,451,18,60,226,304,1.3157894736842106,0.03322528037792229,625,And you think I look strange?
475,451,19,58,227,304,1.3157894736842106,0.03355043895058745,625,"You’ve never heard of steroids, what do you live in a cave?"
658,451,21,54,229,304,1.3157894736842106,0.03419148064866732,625,You play ball like a gatherer!
2107,451,20,56,228,304,1.3157894736842106,0.03387247630986911,625,You're in the wrong place at the wrong time.
3440,451,17,62,225,304,1.3157894736842106,0.032896908040209484,625,"Sorry, but you're a Neanderthal. You've already got two strikes against you."
4643,451,20,56,228,304,1.3157894736842106,0.03387247630986911,625,"Remember:  the idea is to swing at the ball as hard as you can, without hitting it."
4541,457,9,77,215,301,1.3156146179401993,0.030320658267617286,625,Where's the girl?
4100,457,18,59,224,301,1.3156146179401993,0.03344664207292544,625,Do you speak softly . . . ?”
3058,457,10,75,216,301,1.3156146179401993,0.03068372063526596,625,Did it hurt to have the cleats installed?
3354,460,15,66,224,305,1.3147540983606558,0.032140962738152395,625,"Long time in the minors,huh?"
1275,461,7,81,214,302,1.314569536423841,0.02950157150338498,625,"We know you are doing paleo Scott, but this is a bit much."
2754,461,18,59,225,302,1.314569536423841,0.033352085371709216,625,You forgot your helmet.
4811,461,17,61,224,302,1.314569536423841,0.03302059785206684,625,No Swinging if I catch the ball. Ok?
5407,461,23,49,230,302,1.314569536423841,0.03496241094820367,625,"If nothing else Tebow, you’re not a quitter"
5552,461,20,55,227,302,1.314569536423841,0.03400536767790486,625,Shoeless Joe from Jurassic Mo.
2811,466,19,52,216,287,1.3135888501742161,0.03486512796864904,625,"If you give me just 15 minutes after the game, I think I can save you 15% on your car insurance!"
5639,467,19,56,225,300,1.3133333333333332,0.03381150890632481,625,Best throwback uniforms ever
3832,467,16,62,222,300,1.3133333333333332,0.03280744583803284,625,"Well, the coach said I really needed to learn to use my primal instincts..."
3272,467,27,40,233,300,1.3133333333333332,0.03635368601404647,625,I heard you're the guy they called up from that Triple A team in Bedrock.
3154,467,15,64,221,300,1.3133333333333332,0.03246585834965378,625,I've been designated to make a sacrifice.
416,467,17,60,223,300,1.3133333333333332,0.033145513217494954,625,Who am I supposed to hit?
1869,467,14,66,220,300,1.3133333333333332,0.032120638448575545,625,The lizard stole my Geico gig
1675,467,19,56,225,300,1.3133333333333332,0.03381150890632481,625,I slept with your ancestors.
892,467,12,70,218,300,1.3133333333333332,0.03141882121074501,625,"Okay.  First of all, ""Strike!"" means something a whole lot different here."
581,467,13,68,219,300,1.3133333333333332,0.03177166772941633,625,How's that paleo diet working for you?
2448,467,19,56,225,300,1.3133333333333332,0.03381150890632481,625,"...and, any ball hit into the tar pits is a ground rule double...."
3300,477,20,53,224,297,1.3131313131313131,0.03437473481706595,625,Fig. 1.  Homer erectus
5570,477,16,61,220,297,1.3131313131313131,0.033024571196966584,625,I guess this really is America’s past time.
5308,477,16,61,220,297,1.3131313131313131,0.033024571196966584,625,This is Yankee Stadium fella; put some shoes on.
5305,477,15,63,219,297,1.3131313131313131,0.03267831513394612,625,"Yes,  I’m wearing a dress , I’m also carrying a big stick ."
5092,477,17,59,221,297,1.3131313131313131,0.03336723430992652,625,I heard you hit one out of Jurassic Park.
4898,477,6,81,210,297,1.3131313131313131,0.029378939314469596,625,I heard you were just called up from the Paleolithic era.
4810,477,17,59,221,297,1.3131313131313131,0.03336723430992652,625,For a guy drafted on a jaw fragment and part of a femur you're lucky to even be in the lineup.
4724,477,16,61,220,297,1.3131313131313131,0.033024571196966584,625,"It's the CUBS not the ""Clubs."""
3705,477,15,63,219,297,1.3131313131313131,0.03267831513394612,625,I hunt. I do not bunt.
3373,477,16,61,220,297,1.3131313131313131,0.033024571196966584,625,Mets farm team?
3219,477,14,65,218,297,1.3131313131313131,0.032328350673108415,625,I thought you retired ages ago.
3012,477,19,55,223,297,1.3131313131313131,0.034042214543028526,625,"Just don't throw the bat, alright?"
2755,477,18,57,222,297,1.3131313131313131,0.033706414051980674,625,"You're the designated hunter, not hitter."
560,477,12,69,216,297,1.3131313131313131,0.031616802680590965,625,"Yeah, I was down in the minors a long time.
Why do you ask?"
573,477,17,59,221,297,1.3131313131313131,0.03336723430992652,625,I heard you usually cave.
936,477,18,57,222,297,1.3131313131313131,0.033706414051980674,625,You just come up from the bush leagues?
1181,477,21,51,225,297,1.3131313131313131,0.034704069163336286,625,Did you know 15 minutes could save you 15 percent or more on car insurance?
415,477,12,69,216,297,1.3131313131313131,0.031616802680590965,625,"I know it's not a regulation bat, Luis, but do YOU wanna be the one to tell him?"
1460,477,19,55,223,297,1.3131313131313131,0.034042214543028526,625,Not exactly. They’re Detroit Tigers not saber-tooth tigers.
1690,477,11,71,215,297,1.3131313131313131,0.031254954631120505,625,How long were you on the disabled list?
1756,477,20,53,224,297,1.3131313131313131,0.03437473481706595,625,Do you want to go clubbing after the game?
2087,477,17,59,221,297,1.3131313131313131,0.03336723430992652,625,Whaddya mean this ain't no bat. I got it from the clubhouse!
1197,477,21,51,225,297,1.3131313131313131,0.034704069163336286,625,Why you make signal that lion is coming?
599,500,17,58,220,295,1.311864406779661,0.033495823470576086,625,"Well, this is an old-timers' game for the books."
4405,500,17,58,220,295,1.311864406779661,0.033495823470576086,625,Lookin' good. Paleo diet?
4812,500,19,54,222,295,1.311864406779661,0.034177336539649175,625,I don't like the designated hitter rule either.
4947,500,18,56,221,295,1.311864406779661,0.033838295782415186,625,"This is Comiskey Park, you must be looking for Jurassic Park."
5437,500,19,54,222,295,1.311864406779661,0.034177336539649175,625,LIMERICK: Before Shoeless Joe there was Paul...A legend at hitting the ball...At the pitcher he sneered...While rockin his beard...Then clubbed em out over the wall.
1151,505,15,60,214,289,1.3114186851211074,0.033241713464716494,625,Yooooooouuu'rrreee eeeextiiinct!
3560,506,17,57,219,293,1.310580204778157,0.03362571467945055,625,"I know there's no pine tar on it, but I still don't think it's legal."
4467,507,20,50,220,290,1.3103448275862069,0.03489787126589301,625,ICE didn’t know where else to send me.
5585,507,18,54,218,290,1.3103448275862069,0.03420722755997208,625,You traveled a million years just to strike out!
3995,507,15,60,215,290,1.3103448275862069,0.033144289327318846,625,"Took you awhile to get here, didn't it?"
3980,507,15,60,215,290,1.3103448275862069,0.033144289327318846,625,Repeat after me. Hit ball. Not head.
2991,507,16,58,216,290,1.3103448275862069,0.0335023494069981,625,This game is taking forever.
2062,507,13,64,213,290,1.3103448275862069,0.03241630628961133,625,Ball? Like wheel? But with another axis of rotational symmetry?
344,513,10,71,213,294,1.3095238095238095,0.031009523569933122,625,I hear you spent a lot of time in the minor leagues.
3055,514,14,61,213,288,1.3090277777777777,0.03290530350069607,625,Just remember. You hit the ball not me.
3080,514,17,55,216,288,1.3090277777777777,0.033990425270762986,625,I think they will put an asterisk next to this one.
5527,514,18,53,217,288,1.3090277777777777,0.03434451456383475,625,"Ok, deal. You don't bunt, and I show you Match.com."
1700,517,18,49,209,276,1.3079710144927537,0.035345548843267814,625,"Oh c'mon, weren't you traded like ten thousand years ago?"
18,518,13,62,211,286,1.3076923076923077,0.032655933201985884,625,That's your plan? To walk softly!
71,518,19,50,217,286,1.3076923076923077,0.034837209606186074,625,Three strikes and your extinct!
5197,518,12,64,210,286,1.3076923076923077,0.032278059214432865,625,"Your swing is primitive, but I see promise."
5674,521,16,55,213,284,1.306338028169014,0.033897116057976434,625,"You, sir may expect a walk."
3722,521,17,53,214,284,1.306338028169014,0.03426220607474718,625,It figures. A Trump supporter bats righty.
393,521,20,47,217,284,1.306338028169014,0.035334850067461704,625,"Three strikes, you evolve."
984,521,15,57,212,284,1.306338028169014,0.033528050778227556,625,Talk about a heavy hitter ...
995,521,14,59,211,284,1.306338028169014,0.03315487748321334,625,"Growing your playoff beard already, eh?"
2892,526,17,52,212,281,1.3060498220640568,0.034505681196815505,625,"Whoa, since when are the Red Sox bipeds?"
4797,526,14,58,209,281,1.3060498220640568,0.03338238717564436,625,Baseball? Next thing you'll be wanting fire.
4634,526,17,52,212,281,1.3060498220640568,0.034505681196815505,625,"Don't look at me, hit the ball, and then they'll feed you"
4316,526,17,52,212,281,1.3060498220640568,0.034505681196815505,625,"So, that paleo diet seems to be working for you."
3965,526,12,62,207,281,1.3060498220640568,0.0326120366225447,625,"No, not me.  Hit the ball."
5046,526,14,58,209,281,1.3060498220640568,0.03338238717564436,625,I'm just saying 'three strikes and you're extinct' is a little harsh.
2465,526,16,54,211,281,1.3060498220640568,0.034135357247567416,625,That's some sponsorship you picked up there Ed.
1887,526,19,48,214,281,1.3060498220640568,0.0352346544715667,625,Bamm Bambino. You must be Fred and Wilma’s son?
1459,526,13,60,208,281,1.3060498220640568,0.03299945989114687,625,I see you and our pitcher use the same barber.
1250,526,12,62,207,281,1.3060498220640568,0.0326120366225447,625,I've been in the dug out for ages
497,526,12,62,207,281,1.3060498220640568,0.0326120366225447,625,Time for a mammoth home run.
2136,526,10,66,205,281,1.3060498220640568,0.03182304340875915,625,So how long have you been in the Minors?
827,538,14,57,207,278,1.3057553956834533,0.03361431587291514,625,"Everything else I get. But buddy, no pants?"
2558,538,11,63,204,278,1.3057553956834533,0.03243464544370988,625,"Old Timers' Day was last week, Buddy"
3411,540,16,53,210,279,1.3046594982078854,0.03427236595052568,625,Of  course you can have  unlimited strikes - no problem at all.
5543,541,20,44,213,277,1.3032490974729243,0.03589908432508426,625,Tell Mr. Veeck I like the midget better.
4681,541,17,50,210,277,1.3032490974729243,0.03478884361532425,625,Don't worry. This game hasn't changed since the Stone Age.
4608,541,14,56,207,277,1.3032490974729243,0.033641983068830275,625,I've been traded to the Mets.
4252,541,14,56,207,277,1.3032490974729243,0.033641983068830275,625,So you're the missing link in their pennant hopes?
4053,541,18,48,211,277,1.3032490974729243,0.035162819073383395,625,Wrong Club
3949,541,16,52,209,277,1.3032490974729243,0.03441080404459446,625,Its a Lascaux Slugger.
3674,541,13,58,206,277,1.3032490974729243,0.03325090705089795,625,Now I know why your nickname is Homer Erectus.
3425,541,17,50,210,277,1.3032490974729243,0.03478884361532425,625,"Yes, clubbing me counts as a strike."
3044,541,13,58,206,277,1.3032490974729243,0.03325090705089795,625,No like inside fast ball.
275,541,18,48,211,277,1.3032490974729243,0.035162819073383395,625,Why you dress as turtle ... crouch in dust?
2834,541,13,58,206,277,1.3032490974729243,0.03325090705089795,625,"Wait!  ""Strike"" is just a figure of speech."
2825,541,16,52,209,277,1.3032490974729243,0.03441080404459446,625,"These 'old-timer' games sure get tougher every year, huh?"
2294,541,14,56,207,277,1.3032490974729243,0.033641983068830275,625,He's throwing fire? What is fire?
1764,541,13,58,206,277,1.3032490974729243,0.03325090705089795,625,Who you calling neaderthal?
1470,541,14,56,207,277,1.3032490974729243,0.033641983068830275,625,Your comment about the designated hitter as being a natural result of the evolutionary process of baseball is duly noted.
1442,541,24,36,217,277,1.3032490974729243,0.03732807356084081,625,I've got good news.  I can save you 15% on car insurance.
1233,541,14,56,207,277,1.3032490974729243,0.033641983068830275,625,"I get strike, you get club."
2909,541,15,54,208,277,1.3032490974729243,0.034028564910960776,625,"The email clearly said ""Cubs,"" not ""clubs"""
2535,559,13,57,204,274,1.302919708029197,0.03348226086921724,625,"For the record, if he hits you with the pitch I had nothing to do with it."
3330,559,14,55,205,274,1.302919708029197,0.03387918307646955,625,Sometimes I feel like this game drags on for ages
3803,559,15,53,206,274,1.302919708029197,0.0342715085594954,625,You haven’t made it to the World Series in how long again?
2133,559,15,53,206,274,1.302919708029197,0.0342715085594954,625,"Wow! Moving to DH really is the way to extend your career, isn't it?"
4668,559,18,47,209,274,1.302919708029197,0.035422423095935185,625,"No need to swing, I'm signaling for a walk."
4935,559,17,49,208,274,1.302919708029197,0.035042985103624046,625,"Remember, while it's in the air."
5109,559,10,63,201,274,1.302919708029197,0.032262207517007264,625,"If you're lucky enough to get to third, don't even think about sliding into home."
4212,559,18,47,209,274,1.302919708029197,0.035422423095935185,625,I had it custom made. It's called The Bat Out Of Hell.
2013,559,16,51,207,274,1.302919708029197,0.03465939341590086,625,"No, I’m not taking a knee! Put the club down and go back to your seat."
2805,559,12,59,203,274,1.302919708029197,0.03308057647471837,625,You the guy they called up from Bedrock?
1772,559,12,59,203,274,1.302919708029197,0.03308057647471837,625,This is taking throw-back uniforms to the extreme.
139,559,18,47,209,274,1.302919708029197,0.035422423095935185,625,You weren’t supposed to take ‘hit it back into the Stone Age’ literally
155,559,15,53,206,274,1.302919708029197,0.0342715085594954,625,Don't make the Cubs wait another 100 years
194,559,12,59,203,274,1.302919708029197,0.03308057647471837,625,I agree. Those insurance commercials were cultural appropriation.
862,559,12,59,203,274,1.302919708029197,0.03308057647471837,625,"Awesome throwback uniform, dude."
1915,559,10,63,201,274,1.302919708029197,0.032262207517007264,625,The pine tar ought to be the least of your worries.
1260,559,11,61,202,274,1.302919708029197,0.03267395425847727,625,"I guess in your case, it really is a ball club."
1743,559,13,57,204,274,1.302919708029197,0.03348226086921724,625,Who’s on First?
1050,559,17,49,208,274,1.302919708029197,0.035042985103624046,625,This is the Washington Senators baseball team.  You want the troglodytes in the White House.
3113,578,16,50,205,271,1.3025830258302582,0.03491299870002107,625,One more strike and you're history.
296,579,12,58,202,272,1.3014705882352942,0.0332063528567096,625,"Wow, way to commit to the Old Timers Game Jason."
1548,579,14,54,204,272,1.3014705882352942,0.03401363136419198,625,"All that padding won't help you, if you flip me off again."
1643,579,15,52,205,272,1.3014705882352942,0.03441016917782537,625,Relax a few rules on facial hair and look at what you get.
1917,579,9,64,199,272,1.3014705882352942,0.03195722136297285,625,So . . . just exactly how long had you been in the minors before they called you up?
3397,579,13,56,203,272,1.3014705882352942,0.033612415776193845,625,"Yeah, I agree, the dugout probably did evolve from the cave."
1312,579,12,58,202,272,1.3014705882352942,0.0332063528567096,625,How long have you been on the bench?
1061,585,15,51,203,269,1.3011152416356877,0.034660884684127036,625,"They said the pinch hitter was a thing of the past, but I didn't believe it until now."
5524,585,15,51,203,269,1.3011152416356877,0.034660884684127036,625,Look who they thawed out for the Series
3,587,15,50,201,266,1.300751879699248,0.03491672797157385,625,Do you slide in that thing?
5050,588,18,45,207,270,1.3,0.03572579032262212,625,Now batting for Brooklyn...
4762,588,13,55,202,270,1.3,0.03374385783549236,625,You get three of them. Someone else will count for you.
3299,588,13,55,202,270,1.3,0.03374385783549236,625,These retro uniforms are getting out of hand.
1309,588,15,51,204,270,1.3,0.03455027644814923,625,I see you're classically trained.
2019,588,13,55,202,270,1.3,0.03374385783549236,625,I can’t believe they accused you of using steroids.
2722,593,10,60,197,267,1.299625468164794,0.03271869243583251,625,Can you slide in that?
2791,593,12,56,199,267,1.299625468164794,0.03356833942025297,625,Nice retro uniform !
3146,593,8,64,195,267,1.299625468164794,0.0318463853205964,625,"So, you're coming out of  retirement?"
3569,593,15,50,202,267,1.299625468164794,0.03480394053145947,625,"You guys are 400,000 games back at the end of July, why don't you pack it in already?"
3667,593,17,46,204,267,1.299625468164794,0.035603860089041935,625,It’s not going to be pretty if I have to slide.
2637,593,16,48,203,267,1.299625468164794,0.0352061722554259,625,I think you're taking this paleo-diet thing a little too far!
3929,593,13,54,200,267,1.299625468164794,0.03398519824562837,625,"I still think that ""Nantucket Neanderthals""  perpetuates inappropriate stereotypes."
4013,593,18,44,205,267,1.299625468164794,0.035997154632018157,625,"Remember, after clubbing the ball do NOT drag me to the bases!"
4419,593,14,52,201,267,1.299625468164794,0.03439700551146879,625,You might want to back up.
4774,593,12,56,199,267,1.299625468164794,0.03356833942025297,625,He throws a knuckleball. No offense.
4861,593,11,58,198,267,1.299625468164794,0.03314623844528903,625,Aren't you taking the whole vintage uniforms thing a bit too far?
4902,593,19,42,206,267,1.299625468164794,0.03638619834446543,625,I'd get a helmet if I were you.  Our pitcher's a Neanderthal.
5179,593,9,62,196,267,1.299625468164794,0.032285485072231,625,And I thought pinstripes were old school.
5194,593,16,48,203,267,1.299625468164794,0.0352061722554259,625,Watch out for the umpire.  He's a real  Neanderthal.
5313,593,16,48,203,267,1.299625468164794,0.0352061722554259,625,I've seen cave paintings of your swing. You're history.
5629,593,13,54,200,267,1.299625468164794,0.03398519824562837,625,"I've been playing this sport since before you were born, son."
4726,593,17,46,204,267,1.299625468164794,0.035603860089041935,625,No exceptions. Ump's got to see your knees.
2406,593,12,56,199,267,1.299625468164794,0.03356833942025297,625,"It's 'pastime', not 'past time'."
3798,593,17,46,204,267,1.299625468164794,0.035603860089041935,625,I heard you were called up from the Neanderthals
2154,593,14,52,201,267,1.299625468164794,0.03439700551146879,625,"Don’t worry, the last time this pitcher struck anyone out, everyone looked like you."
2365,593,13,54,200,267,1.299625468164794,0.03398519824562837,625,"It was a regulation bat the last game I played"""
6,593,10,60,197,267,1.299625468164794,0.03271869243583251,625,I think we're just going to walk you.
88,593,16,48,203,267,1.299625468164794,0.0352061722554259,625,You look like you come from a different E.R.A.
582,593,18,44,205,267,1.299625468164794,0.035997154632018157,625,The pitcher has reached a bygone ERA.
791,593,9,62,196,267,1.299625468164794,0.032285485072231,625,"Dude, isn't it about time you retire."
886,593,13,54,200,267,1.299625468164794,0.03398519824562837,625,Which man do I hit?
974,593,12,56,199,267,1.299625468164794,0.03356833942025297,625,Thag no like infield fly rule.
991,593,16,48,203,267,1.299625468164794,0.0352061722554259,625,"No, beating the catcher to death with a runner on third base would definitely NOT be considered a ""sacrifice fly."""
864,593,8,64,195,267,1.299625468164794,0.0318463853205964,625,"Whatever you do, don't slide."
1005,593,14,52,201,267,1.299625468164794,0.03439700551146879,625,Not bat. Pitcher's leg.
1298,593,16,48,203,267,1.299625468164794,0.0352061722554259,625,They're not booing because you drag women around by the hair and club your kids. They're booing because you're hitting .198.
1412,593,14,52,201,267,1.299625468164794,0.03439700551146879,625,"Hit ball, not catcher!"
1838,593,11,58,198,267,1.299625468164794,0.03314623844528903,625,"Yeah, it's a throwback uniform."
1579,593,19,42,206,267,1.299625468164794,0.03638619834446543,625,These throwback jerseys are getting out of hand.
1614,593,12,56,199,267,1.299625468164794,0.03356833942025297,625,I was told there'd be women
1616,593,9,62,196,267,1.299625468164794,0.032285485072231,625,Looks like it took you a while to get called up.
1767,593,15,50,202,267,1.299625468164794,0.03480394053145947,625,"Didn't you strike out 40,000 years ago?"
1001,593,12,56,199,267,1.299625468164794,0.03356833942025297,625,"I'm showing you the signs because you can't read them, anyway."
489,631,17,43,197,257,1.2996108949416343,0.036557955188595385,625,Is it true you speak softly?
4096,632,17,46,205,268,1.2985074626865671,0.03548837595464287,625,"A ball is thrown and you try to  hit it. It's worthless unless you do it frequently, and then you become wealthy beyond your dreams. But yes, it's still worthless. It's hard to explain."
3807,633,16,47,202,265,1.2981132075471697,0.03535514835501974,625,Don't you think your team is getting ridiculous about their throwback uniform days?
4334,633,12,55,198,265,1.2981132075471697,0.033699190753758025,625,I’m old school.
4099,633,15,49,201,265,1.2981132075471697,0.034948515716245146,625,Think maybe you’re taking this Throwback Uniform Day a little too far?
3962,633,14,51,200,265,1.2981132075471697,0.034537095800484044,625,I'm gluten-free and juiced.  Bring it.
3869,633,13,53,199,265,1.2981132075471697,0.034120715436446986,625,Can you tell me how to get to the batter's cave?
2989,633,17,45,203,265,1.2981132075471697,0.035757157040825764,625,"This is my third old timers day, you?"
172,633,14,51,200,265,1.2981132075471697,0.034537095800484044,625,What’s with all the shaggy beards in baseball these days?
2836,633,17,45,203,265,1.2981132075471697,0.035757157040825764,625,"It you're planning to drag me back to your cave, you should know I'm a pitcher not a catcher."
1155,633,19,41,205,265,1.2981132075471697,0.036547911137518076,625,Now batting for the MAGA Mouthbreathers...
1046,633,11,57,197,265,1.2981132075471697,0.03327232623399436,625,"Even for the seventh inning, this is a stretch!"
452,633,16,47,202,265,1.2981132075471697,0.03535514835501974,625,"Yes, it is a very nice dugout."
444,633,14,51,200,265,1.2981132075471697,0.034537095800484044,625,Mr. Rocktober?
2982,633,10,59,196,265,1.2981132075471697,0.03283991365068624,625,Interesting. You guys call it a dugout. We call it a cave.
2735,646,14,48,193,255,1.2980392156862746,0.03543963277924318,625,You busy after the game? A bunch of us are going clubbing.
951,647,15,49,202,266,1.2969924812030076,0.034834915373131506,625,Your cave drawing doesn't do you justice.
2529,648,13,52,198,263,1.296577946768061,0.03425759980586777,625,Did you find that in the clubhouse?
4967,648,16,46,201,263,1.296577946768061,0.035505750102058975,625,That's three strikes.  Now put down your club.
4361,648,12,54,197,263,1.296577946768061,0.0338313182693497,625,I asked him to walk you.
4061,648,12,54,197,263,1.296577946768061,0.0338313182693497,625,Throwback uniforms have really gotten out of hand.
3390,648,11,56,196,263,1.296577946768061,0.03339959651290834,625,Going clubbing after the game?
5185,648,9,60,194,263,1.296577946768061,0.03251896292920741,625,You're looking for the Tigers. We're the Yankees.
2055,648,17,44,202,263,1.296577946768061,0.03591216143490694,625,"With global warming, I feel like that uniform is the future."
2551,648,15,48,200,263,1.296577946768061,0.035094632662173636,625,I hear you guys are looking for a heavy hitter.
1262,648,14,50,199,263,1.296577946768061,0.03467864174208598,625,Ehhh batter batter....your mother is a Neanderthal!
33,648,11,56,196,263,1.296577946768061,0.03339959651290834,625,Maybe it's time to lay off the paleo diet for a while.
106,648,9,60,194,263,1.296577946768061,0.03251896292920741,625,I love a player who appreciates the history of the game
733,648,10,58,195,263,1.296577946768061,0.03296222077785601,625,That’s right buddy. They don’t call me Homer erectus for nuthin......
1867,648,15,48,200,263,1.296577946768061,0.035094632662173636,625,There's nothing like the Old-Old-Timers' game.
1113,648,9,60,194,263,1.296577946768061,0.03251896292920741,625,"Is it the seventh eon stretch, already?"
1246,648,12,54,197,263,1.296577946768061,0.0338313182693497,625,I take it you're not an analytics guy.
798,648,13,52,198,263,1.296577946768061,0.03425759980586777,625,"Remember, you hit the ball not the pitcher."
3795,664,14,49,197,260,1.2961538461538462,0.034937288177955224,625,"First club owner, right?"
3950,664,13,51,196,260,1.2961538461538462,0.034509622940992274,625,"No kidding, you met your wife using that same club."
3955,664,15,47,198,260,1.2961538461538462,0.03535978131902853,625,"Dude, you know that your throwback uniforms suck, right?"
4085,664,10,57,193,260,1.2961538461538462,0.033193583512922654,625,"You could bunt and fool everyone."""
4153,664,14,49,197,260,1.2961538461538462,0.034937288177955224,625,"Swear to God, they were over the counter supplements."
4182,664,13,51,196,260,1.2961538461538462,0.034509622940992274,625,"Been playing minor league ball for quite awhile, huh?"
4664,664,12,53,195,260,1.2961538461538462,0.034076590877454724,625,"No, I'm not trying to take away your Second Amendment rights."
4673,664,10,57,193,260,1.2961538461538462,0.033193583512922654,625,The millennials in marketing inisist this plays up the timeless appeal of baseball.
4864,664,10,57,193,260,1.2961538461538462,0.033193583512922654,625,"Sure, I'm sure.  The 'Old Timers Game' is next week!"
3590,664,14,49,197,260,1.2961538461538462,0.034937288177955224,625,You should've seen last week's game against the renaissance men
5199,664,14,49,197,260,1.2961538461538462,0.034937288177955224,625,"Pine tar goes on your club, not your jersey.”"
5283,664,16,45,199,260,1.2961538461538462,0.03577728559616491,625,I've heard your rookie carving is worth a fortune.
5484,664,11,55,194,260,1.2961538461538462,0.03363798472158224,625,"It's pretty simple: see the ball, hit the ball."
5517,664,18,41,201,260,1.2961538461538462,0.036598008470811745,625,We really shouldn’t use the Electoral College to pick who plays in the All-Star Game.
4820,664,16,45,199,260,1.2961538461538462,0.03577728559616491,625,"Going Paleo has definitely helped my game, but man I miss the carbs."
5006,664,9,59,192,260,1.2961538461538462,0.032743151295031775,625,The Yankees finally loosened their appearance policy.
3482,664,11,55,194,260,1.2961538461538462,0.03363798472158224,625,Are you saying that someone BEFORE Doubleday invented baseball?
3444,664,13,51,196,260,1.2961538461538462,0.034509622940992274,625,It's called Baseball.  Have you been living in a cave?
81,664,14,49,197,260,1.2961538461538462,0.034937288177955224,625,Meeting you after the game for clubbing does not sound fun.
115,664,11,55,194,260,1.2961538461538462,0.03363798472158224,625,You do understand that the “hit and run” signal has a different meaning in the bigs?
130,664,12,53,195,260,1.2961538461538462,0.034076590877454724,625,I really hope you're not the catcher for your team.
3460,664,15,47,198,260,1.2961538461538462,0.03535978131902853,625,I hear you not like Trump. That right?
790,664,17,43,200,260,1.2961538461538462,0.036189973671302646,625,First Tebow. Now this? The Mets will do anything...
968,664,17,43,200,260,1.2961538461538462,0.036189973671302646,625,"That may have worked in Lascaux, but this is the major leagues, pal."
1012,664,11,55,194,260,1.2961538461538462,0.03363798472158224,625,Can I hit?  They don’t call me “Bam Bam” for nothing.
277,664,6,65,189,260,1.2961538461538462,0.03135305196674244,625,Stop whining--the strike zone isn't written in stone!
1597,664,13,51,196,260,1.2961538461538462,0.034509622940992274,625,"Grok do hit, squatman live."
1669,664,13,51,196,260,1.2961538461538462,0.034509622940992274,625,These 'Turn Back The Clock Day' uniforms are getting a little ridiculous.
1847,664,11,55,194,260,1.2961538461538462,0.03363798472158224,625,"Look, I don't like these time-travel leagues anymore than you do, but we gotta play ball."
1996,664,14,49,197,260,1.2961538461538462,0.034937288177955224,625,Where'd they dig you up?
2245,664,7,63,190,260,1.2961538461538462,0.03182316604816814,625,Back out of retirement again?
3155,664,15,47,198,260,1.2961538461538462,0.03535978131902853,625,You're going to need a bigger mitt.
1486,664,11,55,194,260,1.2961538461538462,0.03363798472158224,625,"How’s that Paleo Diet working for you, Mike?"
988,697,17,39,191,247,1.2955465587044535,0.03749529033865869,625,"Just visualize a mammoth's testicle - swing for all you're worth, then run like Hell !"
3110,698,0,75,179,254,1.295275590551181,0.028678944926860787,625,Don't cave in
4740,699,11,54,193,258,1.2945736434108528,0.03376914818378208,625,"Hey bud, the old-timer's game was yesterday."
4060,700,12,51,193,256,1.29296875,0.03435044661201442,625,Can't believe the Yankees didn't make you shave that thing
5195,700,13,49,194,256,1.29296875,0.03479354016691624,625,Hit ball. Not me!
4470,700,11,53,192,256,1.29296875,0.03390156231713949,625,What's the name of your Club?
4353,700,13,49,194,256,1.29296875,0.03479354016691624,625,You say you're batting a thousand...B.C.?
4009,700,11,53,192,256,1.29296875,0.03390156231713949,625,“It’s four balls and three strikes. Have you been living in a cave?”
2784,700,10,55,191,256,1.29296875,0.0334466541322287,625,"Look all you want pal, we use numbers now!"
3937,700,15,45,196,256,1.29296875,0.03566321560306551,625,"Kind of taking the whole 'throwback uniform' theme to a new level, huh Terrence?"
2655,700,13,49,194,256,1.29296875,0.03479354016691624,625,Do I wait till you catch the ball before hitting it?
2314,700,11,53,192,256,1.29296875,0.03390156231713949,625,He's got a wicked caveball.
2291,700,13,49,194,256,1.29296875,0.03479354016691624,625,I'm pinch-hitting for Homo erectus.
2284,700,9,57,190,256,1.29296875,0.03298547282879193,625,We haven't seen a hitter like you in ages.
1574,700,15,45,196,256,1.29296875,0.03566321560306551,625,What? Never seen facial hair on a ballplayer?
2768,712,12,50,191,253,1.2924901185770752,0.03460670806102499,625,I see you found the clubhouse.
2903,712,13,48,192,253,1.2924901185770752,0.03505700842068529,625,I think it’s great that you’re team has casual Fridays
3525,712,15,44,194,253,1.2924901185770752,0.03594068770324207,625,I started the Paleo diet and one thing led to another...
3974,712,7,60,186,253,1.2924901185770752,0.03226106414683298,625,The guy on First Base is kinda worried you won't drop the bat after you hit the ball.
5105,712,10,54,189,253,1.2924901185770752,0.03368805499946585,625,At least you get to play with you favorite club.
4358,712,11,52,190,253,1.2924901185770752,0.03415047065904105,625,How long since you last hit.
2443,712,13,48,192,253,1.2924901185770752,0.03505700842068529,625,I knew this was going to happen after we implemented sabertoothmetrics.
5175,712,19,36,198,253,1.2924901185770752,0.0376458685506116,625,"-	Ug had blended in surprisingly well since the thawing, but it was the nuances of modern life which finally gave him away."
5342,712,10,54,189,253,1.2924901185770752,0.03368805499946585,625,"Just because you invented the bat, doesn't mean that you get to play."
5439,712,11,52,190,253,1.2924901185770752,0.03415047065904105,625,Sure you’re not supposed to be playing in the old timers game?
4296,712,10,54,189,253,1.2924901185770752,0.03368805499946585,625,I'm not implyin' nuttin'; I'm sayin' you got the look of a guy who's on the juice.
2395,712,4,66,183,253,1.2924901185770752,0.03076796174797916,625,Careful with the backswing.
2223,712,14,46,193,253,1.2924901185770752,0.03550159765411957,625,"You are new to this game, aren't  you."
5479,712,8,58,187,253,1.2924901185770752,0.03274363841226354,625,No drawings on the dugout wall please
2192,712,13,48,192,253,1.2924901185770752,0.03505700842068529,625,Don't throw the club.
2085,712,15,44,194,253,1.2924901185770752,0.03594068770324207,625,I came straight from the bat cave.
1895,712,11,52,190,253,1.2924901185770752,0.03415047065904105,625,Haven’t seen a bat like that in ages!
1798,712,13,48,192,253,1.2924901185770752,0.03505700842068529,625,It felt like I was in the minors for ages.
1183,712,9,56,188,253,1.2924901185770752,0.033219203076835666,625,I dare you to bunt.
1057,712,13,48,192,253,1.2924901185770752,0.03505700842068529,625,You come up from the minors?
1000,712,10,54,189,253,1.2924901185770752,0.03368805499946585,625,You can put that down. You're out Flinstone.
687,712,9,56,188,253,1.2924901185770752,0.033219203076835666,625,"Remember, the strike zone is between your armpit hair and your knee hair."
237,712,12,50,191,253,1.2924901185770752,0.03460670806102499,625,"I find it offensive that you call that pitch the knuckle-dragger."""
40,712,15,44,194,253,1.2924901185770752,0.03594068770324207,625,No do that here. Here home!
11,712,15,44,194,253,1.2924901185770752,0.03594068770324207,625,"'Let me guess...Moneyball?"""
2228,712,13,48,192,253,1.2924901185770752,0.03505700842068529,625,"Hey Bob, I think it's time for an intentional walk."
5572,712,11,52,190,253,1.2924901185770752,0.03415047065904105,625,The scouting report says your swing is primitive.
1960,739,10,53,187,250,1.292,0.03393449868206709,625,Did you just get called up from the Neanderthals?
4535,740,19,32,190,241,1.2904564315352698,0.038931983502363064,625,"Bat, club, tomato, tomahto."
230,741,6,60,183,249,1.2891566265060241,0.031986504395756454,625,What are you looking at? All the other batters have beards!
5605,741,13,46,190,249,1.2891566265060241,0.03535321439829735,625,Seems like ages since I last saw you
5568,741,15,42,192,249,1.2891566265060241,0.03625775776636009,625,It's just like the Red Sox to bring up some ancient history.
4944,741,17,38,194,249,1.2891566265060241,0.0371402777075793,625,"Quite a year buddy. First you invent the wheel, and now a chance for the cycle."
4299,741,16,40,193,249,1.2891566265060241,0.036701670441821564,625,I assume you're not going to bunt.
4287,741,10,52,187,249,1.2891566265060241,0.03395124332574404,625,"Now, don’t hit me.  Hit the ball!"
4171,741,6,60,183,249,1.2891566265060241,0.031986504395756454,625,"The game's changed a lot since you started, hasn't it?"
4083,741,9,54,186,249,1.2891566265060241,0.0334708725369962,625,"Back in my day, we called it ""home rock""."
3512,741,10,52,187,249,1.2891566265060241,0.03395124332574404,625,"So when they said The Neanderthal is up next, I thought it was a nickname!"
3431,741,11,50,188,249,1.2891566265060241,0.03442491159523743,625,"So, is this the year you finally retire?"
2831,741,13,46,190,249,1.2891566265060241,0.03535321439829735,625,It’s a throwback uniform.
3461,741,14,44,191,249,1.2891566265060241,0.03580834236973295,625,I don't care if you do work for POTUS.  You can't stand there.
2477,741,11,50,188,249,1.2891566265060241,0.03442491159523743,625,If you hear 'STRIKE' it doesn't mean you're supposed to slug me with your bat!
2460,741,14,44,191,249,1.2891566265060241,0.03580834236973295,625,At least you developed the right tool for the job.
2453,741,13,46,190,249,1.2891566265060241,0.03535321439829735,625,I was told this was a club sport.
1731,741,12,48,189,249,1.2891566265060241,0.034892150310864276,625,Am I in the wrong cartoon-I was looking for Fred Flintstone.
1671,741,13,46,190,249,1.2891566265060241,0.03535321439829735,625,"You're right 10,000 years in the minors does seem like a long time."
1207,741,12,48,189,249,1.2891566265060241,0.034892150310864276,625,"Think you’re taking the Paleo thing a bit far, Bruce?"
835,741,13,46,190,249,1.2891566265060241,0.03535321439829735,625,You just get called up from B.C.?
496,741,15,42,192,249,1.2891566265060241,0.03625775776636009,625,"You were DH for the Mastadons? Who did the Mets have to give up?"""
251,741,12,48,189,249,1.2891566265060241,0.034892150310864276,625,I don't think you understand the concept of a baseball club.
2677,741,15,42,192,249,1.2891566265060241,0.03625775776636009,625,I knew that once they allowed facial hair it would eventually come to this.
3850,763,14,43,189,246,1.2886178861788617,0.036091648656248435,625,Let's see you knock it into the Stone Age slugger!
5290,763,16,39,191,246,1.2886178861788617,0.03699966369232241,625,WHAT KIND OF SIGNING BONUS DID YOU GET?
5277,763,16,39,191,246,1.2886178861788617,0.03699966369232241,625,"No, mostly mastodons. What's a slider?"
4463,763,10,51,185,246,1.2886178861788617,0.034203378217484835,625,Jurassic is good but I prefer Fenway.
4136,763,14,43,189,246,1.2886178861788617,0.036091648656248435,625,I'm guessing this isn't your first Old Timers' Day.
3669,763,12,47,187,246,1.2886178861788617,0.035160191866757465,625,Have you got the stones for this
127,763,12,47,187,246,1.2886178861788617,0.035160191866757465,625,"Please, I know he's throwing the 'knuckledragger.'"
2227,763,13,45,188,246,1.2886178861788617,0.03562896430457443,625,I won't be bunting.
1981,763,10,51,185,246,1.2886178861788617,0.034203378217484835,625,If ya not wearin' underwear I suggest ya try to get 'im to walk ya.
1243,763,13,45,188,246,1.2886178861788617,0.03562896430457443,625,"Sorry about the heckling, but some fans are uncivilized."
944,763,12,47,187,246,1.2886178861788617,0.035160191866757465,625,Uh . . . that's not a regulation bat . . .
75,763,15,41,190,246,1.2886178861788617,0.03654847613834974,625,Maybe they should have explained your duties as a mascot better.
3088,763,10,51,185,246,1.2886178861788617,0.034203378217484835,625,Congratulations on Bedrock getting an expansion team franchise.
4648,776,9,51,180,240,1.2875,0.03421833355767688,625,What was it like before the designated hitter ruined the game?
420,777,10,50,184,244,1.2868852459016393,0.03433970423333191,625,"Throwback uniforms are tomorrow, Brandon."
624,777,10,50,184,244,1.2868852459016393,0.03433970423333191,625,"I meant ""wasn't."" It wasn't a strike."
5226,777,10,50,184,244,1.2868852459016393,0.03433970423333191,625,Farm League or Hunter-Gatherer?
1210,777,16,38,190,244,1.2868852459016393,0.037169926921679176,625,"Mr. President, what are you doing here?"
2008,777,11,48,185,244,1.2868852459016393,0.03482738362631369,625,When do they start throwing the women?
2063,777,10,50,184,244,1.2868852459016393,0.03433970423333191,625,You look much better without the mullet.
2181,777,15,40,189,244,1.2868852459016393,0.036713377724492485,625,"Hey Roy, how’s that paleo diet working for you?"
2254,777,13,44,187,244,1.2868852459016393,0.03578280840149138,625,So.  The paleo diet finally reaches the big leagues.
2636,777,12,46,186,244,1.2868852459016393,0.035308327823278925,625,So you actually are a bunch of Neanderthals.
2789,777,12,46,186,244,1.2868852459016393,0.035308327823278925,625,I see you've been on the paleo diet.
3421,777,13,44,187,244,1.2868852459016393,0.03578280840149138,625,How’s the sensitivity training going?
371,777,12,46,186,244,1.2868852459016393,0.035308327823278925,625,Johnny Damon! That looks like it's a little longer than 42 inches.
863,777,10,50,184,244,1.2868852459016393,0.03433970423333191,625,That's not what BYOB means.
3867,790,9,51,181,241,1.2863070539419088,0.034096928104884044,625,You couldn't hit the side of a mammoth.
289,790,12,45,184,241,1.2863070539419088,0.035585600262236075,625,These throwback uniforms are becoming a bit ridiculous.
15,790,10,49,182,241,1.2863070539419088,0.034600269548097064,625,I’m a catcher. Not a gatherer.
5561,793,10,48,181,239,1.284518828451883,0.0347409303245757,625,"I said Jurassic Park, not Fenway Park."
5383,793,10,48,181,239,1.284518828451883,0.0347409303245757,625,You must be the designated hunter
5133,793,9,50,180,239,1.284518828451883,0.03423115148661073,625,I hope you’re wearing a cup. He’s throwing low and inside.
4555,793,11,46,182,239,1.284518828451883,0.03524333621459176,625,I hear you're from the BC league ...
4539,793,9,50,180,239,1.284518828451883,0.03423115148661073,625,“Where’s your helmet Gorth ?”
3919,793,11,46,182,239,1.284518828451883,0.03524333621459176,625,"Wait. When the ump calls strike one, it's about the ball, right?"
3550,793,11,46,182,239,1.284518828451883,0.03524333621459176,625,I guess the bunt sign is off.
3522,793,11,46,182,239,1.284518828451883,0.03524333621459176,625,Twelve years in the minors will do this to you.
3257,793,10,48,181,239,1.284518828451883,0.0347409303245757,625,Please tell me you plan to bunt.
2356,793,12,44,183,239,1.284518828451883,0.035738680099473265,625,"The beard, the hair, OK I get it. But is the caveman outfit even legal?"
4999,793,14,40,185,239,1.284518828451883,0.03670932130519372,625,Looks like you keep getting it backwards. You rubbed the steroid on the bat and injected the pine tar again!
2332,793,10,48,181,239,1.284518828451883,0.0347409303245757,625,I hear the Yankees want you to shave your beard.
2139,793,13,42,184,239,1.284518828451883,0.03622725166183902,625,"Yeah, you can eat it, but only if it goes over the fence."
1713,793,10,48,181,239,1.284518828451883,0.0347409303245757,625,"Quite whining.  People have been complaining about the size of the strike zone since the Stone Age."""
1433,793,14,40,185,239,1.284518828451883,0.03670932130519372,625,"I speak softly, but carry a big stick."
1096,793,9,50,180,239,1.284518828451883,0.03423115148661073,625,Neanderthals win games; Cro-magnons win championships.
1026,793,10,48,181,239,1.284518828451883,0.0347409303245757,625,"So, you've been at this for a while, Zog. Ever think about retiring?"
1025,793,11,46,182,239,1.284518828451883,0.03524333621459176,625,"I may be a Neanderthal, but I know something about bat size."
943,793,10,48,181,239,1.284518828451883,0.0347409303245757,625,"Hit ball, BAD! Miss ball, GOOD!"
2336,793,7,54,178,239,1.284518828451883,0.03318811107405526,625,"Nice throwback uniform, Ted"
441,793,8,52,179,239,1.284518828451883,0.03371366524692266,625,Can we at least agree that the Mets suck?
285,793,10,48,181,239,1.284518828451883,0.0347409303245757,625,I went Paleo.
179,793,9,50,180,239,1.284518828451883,0.03423115148661073,625,"No, I will not teach you how to read my signs."
4739,816,11,45,181,237,1.2827004219409284,0.03539174815216008,625,GEICO laid me off
5287,816,11,45,181,237,1.2827004219409284,0.03539174815216008,625,"So long as there's no cork in your bat, you'll be Ok."
4736,816,11,45,181,237,1.2827004219409284,0.03539174815216008,625,"So, you’re telling me it’s more than just a diet now?"
4908,816,17,33,187,237,1.2827004219409284,0.03830302954048814,625,Use your words.
3865,816,8,51,178,237,1.2827004219409284,0.03384232143203442,625,"Send message: Me hit ball, or me hit you."
768,816,14,39,184,237,1.2827004219409284,0.036876129875879286,625,I passed the drug screen.
1302,816,11,45,181,237,1.2827004219409284,0.03539174815216008,625,I said we're playing the Cubs - not with clubs
1048,816,10,47,180,237,1.2827004219409284,0.03488292034048081,625,"Your first old-timer’s game, huh?"
353,816,11,45,181,237,1.2827004219409284,0.03539174815216008,625,"‘Old Timer’s Day’ again, eh?"
110,816,11,45,181,237,1.2827004219409284,0.03539174815216008,625,You live in the dugout?
1304,816,10,47,180,237,1.2827004219409284,0.03488292034048081,625,"Okay, ten strikes"
1813,827,11,44,179,234,1.2820512820512822,0.035673498558538186,625,You know the fans are right. Baseball games are really too long.
4884,827,11,44,179,234,1.2820512820512822,0.035673498558538186,625,It's a rebuilding year.
4806,827,9,48,177,234,1.2820512820512822,0.03462995263026204,625,"You know, that club makes you look like a neanderthal."
3523,827,12,42,180,234,1.2820512820512822,0.03618398733586367,625,"Yeah, wouldn't be here without the DH rule."
3273,827,5,56,173,234,1.2820512820512822,0.0324423158654022,625,That paleo thing working out for you?
2799,827,8,50,176,234,1.2820512820512822,0.03409620476032892,625,Congrats on passing Pete Rose for most plate appearances.
1443,827,9,48,177,234,1.2820512820512822,0.03462995263026204,625,I'd hate to be your teams equipment manager.
1092,827,13,40,181,234,1.2820512820512822,0.03668737357235946,625,Watch me hit a mammoth homerun.
1323,827,10,46,178,234,1.2820512820512822,0.03515559783718817,625,I think the Paleo diet might be affecting your game.
1160,827,13,40,181,234,1.2820512820512822,0.03668737357235946,625,"I suggest that if you are going to slide, go head first."
1791,827,14,38,182,234,1.2820512820512822,0.037183945725995454,625,"So, how much is Bill Veeck paying you for this gig?"
731,827,11,44,179,234,1.2820512820512822,0.035673498558538186,625,I guess they weren't kidding about an Old Timer's game.
665,827,11,44,179,234,1.2820512820512822,0.035673498558538186,625,"Remember, it's just a game!"
576,827,7,52,175,234,1.2820512820512822,0.03355396755887983,625,You sure you’re off the steroids?
917,841,5,55,171,231,1.2813852813852813,0.03267079856192887,625,You must be the gatherer.
4957,842,10,45,177,232,1.2801724137931034,0.035302203608676565,625,"I said slugger, not slug her"
3926,842,6,53,173,232,1.2801724137931034,0.03312053091789864,625,"Watch the attitude, buddy; the umpire has a spear."
3412,842,12,41,179,232,1.2801724137931034,0.03634396215743332,625,It's not that kind of past time
2686,842,14,37,181,232,1.2801724137931034,0.037356680673922754,625,I hit.
1872,842,14,37,181,232,1.2801724137931034,0.037356680673922754,625,The umpire just quit
1344,842,15,35,182,232,1.2801724137931034,0.0378528809182297,625,How long were you down in the minor leagues?
1040,842,9,47,176,232,1.2801724137931034,0.0347696214646092,625,"No, not me, the ball."
521,842,11,43,178,232,1.2801724137931034,0.03582686955993645,625,Would you like to go clubbing with us after the game?
2627,842,8,49,175,232,1.2801724137931034,0.03422875361382544,625,You seem like more of an unwritten rules guy to me.
3143,851,12,40,178,230,1.2782608695652173,0.03650564256923768,625,"Hey, you throw back; me throwback,"
5322,851,11,42,177,230,1.2782608695652173,0.03598179621916491,625,I can't believe you walked that Neanderthal to pitch to me.
5501,851,13,38,179,230,1.2782608695652173,0.037022077462351664,625,You the guy that hit the mammoth shot last night?
5192,851,10,44,176,230,1.2782608695652173,0.03545020985723614,625,I thought millennials weren't into baseball!
4730,851,11,42,177,230,1.2782608695652173,0.03598179621916491,625,"3,547,243 hits, eh? 
That's probably one record that never will be broken."
4695,851,14,36,180,230,1.2782608695652173,0.037531406846317325,625,"No, I am not going Number 1 or Number 2."
3168,851,12,40,178,230,1.2782608695652173,0.03650564256923768,625,I’d rather you speak softly
3036,851,10,44,176,230,1.2782608695652173,0.03545020985723614,625,"Just saying, a cup can come in pretty handy around here”"
1868,851,12,40,178,230,1.2782608695652173,0.03650564256923768,625,"I got it from the clubhouse, why?"
2849,851,12,40,178,230,1.2782608695652173,0.03650564256923768,625,"Frozen how long? Wow. No, actually, the game hasn't evolved much."
2613,851,8,48,174,230,1.2782608695652173,0.03436237504089649,625,You must be the heavy hitter.
2400,851,11,42,177,230,1.2782608695652173,0.03598179621916491,625,They said it was a club sport.
2363,851,7,50,173,230,1.2782608695652173,0.03380533298483832,625,"Ball four, walk upright."
2190,851,9,46,175,230,1.2782608695652173,0.03491052991128399,625,"Man, these games are lasting forever!"
2147,851,13,38,179,230,1.2782608695652173,0.037022077462351664,625,You hit. Me catch.
318,851,8,48,174,230,1.2782608695652173,0.03436237504089649,625,I thought you got traded to the Giants.
2889,851,12,40,178,230,1.2782608695652173,0.03650564256923768,625,Now that’s what I call a major league ball club!
4147,868,11,41,175,227,1.277533039647577,0.03627724799003086,625,I’m going for the club record
3623,868,13,37,177,227,1.277533039647577,0.03733642178260588,625,So you're Joe Jackson!
4750,868,11,41,175,227,1.277533039647577,0.03627724799003086,625,Next inning I hunt and you gather.
2521,868,11,41,175,227,1.277533039647577,0.03627724799003086,625,Professional sports: so easy a caveman could do it
5021,868,8,47,172,227,1.277533039647577,0.03462779543997171,625,"Before you slide into home plate, please tell me you have underwear on."""
5551,868,12,39,176,227,1.277533039647577,0.036810644610349094,625,Has Pebbles started T-ball?
5565,868,10,43,174,227,1.277533039647577,0.03573589073789786,625,I thought it only felt like time went backwards when I watched baseball.
4879,868,14,35,178,227,1.277533039647577,0.03785489699402009,625,Scouting report say you have a killer batting average.
2256,868,10,43,174,227,1.277533039647577,0.03573589073789786,625,"Okay, try again, rules are hit the ball, you don't club me."
4556,868,11,41,175,227,1.277533039647577,0.03627724799003086,625,"I don’t care what the rules were in 20,000 B.C., big guy. Now it’s three strikes and you’re out."
1848,868,16,31,180,227,1.277533039647577,0.038871106187325304,625,Throwback uniform day is tomorrow.
1644,868,10,43,174,227,1.277533039647577,0.03573589073789786,625,You're a little late for the old timers game.
1471,868,7,49,171,227,1.277533039647577,0.03406023168055822,625,I'm embracing the Paleo thing>
2164,868,11,41,175,227,1.277533039647577,0.03627724799003086,625,"He means strike as a noun, not as a command. Please stop hitting me over the head."
1430,868,9,45,173,227,1.277533039647577,0.03518620542104178,625,"yep, still not using technology for balls & strikes, just the same visually impaired old guy behind me!"
1270,868,9,45,173,227,1.277533039647577,0.03518620542104178,625,So your team scout has a DeLorean?
940,868,4,55,168,227,1.277533039647577,0.03229775344254812,625,They haven't retired you yet?
736,868,7,49,171,227,1.277533039647577,0.03406023168055822,625,Me catch...you hit.
698,868,8,47,172,227,1.277533039647577,0.03462779543997171,625,"Without the designated hitter rule, I would have retired years ago."
5016,887,8,47,173,228,1.2763157894736843,0.03449706701174493,625,Guess it took awhile to get called up.
3639,888,11,40,174,225,1.2755555555555556,0.036437475136955645,625,You ball club. Me club ball.
4155,888,9,44,172,225,1.2755555555555556,0.035331636177669185,625,Take it easy on the scratching...
5057,888,11,40,174,225,1.2755555555555556,0.036437475136955645,625,"Okay, that's strike number 2,999,999. One more and you're out."
2596,891,10,41,171,222,1.2747747747747749,0.036184775179721004,625,You still have to wear a helmet.
2986,891,7,47,168,222,1.2747747747747749,0.034453500763574875,625,"You guys take this ""baseball club"" thing pretty serious, huh?"
3034,891,5,51,166,222,1.2747747747747749,0.03324927400066737,625,I love your throwback uniform.
3185,891,9,43,170,222,1.2747747747747749,0.03561703536455348,625,I don't mean to be intrusive but your left heel is out of the batter's box.
4030,891,9,43,170,222,1.2747747747747749,0.03561703536455348,625,This throwback-uniform fad is getting a bit extreme.
4310,891,13,35,174,222,1.2747747747747749,0.037836915766857264,625,Club rules
5666,891,13,35,174,222,1.2747747747747749,0.037836915766857264,625,I took the off-season beard too far.
4434,891,10,41,171,222,1.2747747747747749,0.036184775179721004,625,"Ahh, so you’re the Neanderthal to be named later."
4655,891,8,45,169,222,1.2747747747747749,0.03504009790957716,625,It's how you use it that counts.
4885,891,11,39,172,222,1.2747747747747749,0.03674374370493639,625,Because I don't need two hands!
5253,891,11,39,172,222,1.2747747747747749,0.03674374370493639,625,Know any Yogi Berra stories?
2421,891,10,41,171,222,1.2747747747747749,0.036184775179721004,625,"To  be honest, it doesn't  matter what he pitches, I am going to kill it."
4423,891,10,41,171,222,1.2747747747747749,0.036184775179721004,625,You use plates?
2394,891,9,43,170,222,1.2747747747747749,0.03561703536455348,625,"I'm telling you, size doesn't matter."
2338,891,10,41,171,222,1.2747747747747749,0.036184775179721004,625,"Well, well, well...look who finally made it to the big club."
32,891,9,43,170,222,1.2747747747747749,0.03561703536455348,625,You think I look weird the way I am dressed ?
2239,891,6,49,167,222,1.2747747747747749,0.03385674184292627,625,Those steroids are really changing your appearance.
36,891,7,47,168,222,1.2747747747747749,0.034453500763574875,625,New away uniforms?
689,891,14,33,175,222,1.2747747747747749,0.03837182483796348,625,Seems like the game started centuries ago!
775,891,10,41,171,222,1.2747747747747749,0.036184775179721004,625,"I'm trying to get traded, myself."
1691,891,10,41,171,222,1.2747747747747749,0.036184775179721004,625,I'm guessing you're not gonna bunt.
1709,891,15,31,176,222,1.2747747747747749,0.038899379018725366,625,Don't patronize me. Grog know difference between grunt and bunt.
1432,891,12,37,173,222,1.2747747747747749,0.03729433533529123,625,I hope you are wearing underpants.
1993,891,9,43,170,222,1.2747747747747749,0.03561703536455348,625,"No, I don't want to go clubbing with you after the game!"
2009,891,8,45,169,222,1.2747747747747749,0.03504009790957716,625,I hear your mama’s a vegan.
2038,891,9,43,170,222,1.2747747747747749,0.03561703536455348,625,You are taking the playoff beard to another level.
2089,891,11,39,172,222,1.2747747747747749,0.03674374370493639,625,I'm jealous. When did you begin standing upright?
2116,891,12,37,173,222,1.2747747747747749,0.03729433533529123,625,I’d lost track of how long this game is.
2125,891,12,37,173,222,1.2747747747747749,0.03729433533529123,625,I'm from the Trump farm team.
1992,891,15,31,176,222,1.2747747747747749,0.038899379018725366,625,Just so you know - I don't take kindly to strike calls.
3175,921,8,44,168,220,1.2727272727272727,0.03518213407160473,625,Old timers game was yesterday
2699,921,12,36,172,220,1.2727272727272727,0.03746767352655901,625,"No, I don't have any naked cave drawings of my wife. Why?"
2743,921,9,42,169,220,1.2727272727272727,0.03576721345376909,625,I thought we were going clubbing
3060,921,11,38,171,220,1.2727272727272727,0.036909559182923074,625,you're right. it's not actually a plate.
3104,921,12,36,172,220,1.2727272727272727,0.03746767352655901,625,That’s the best throwback uniform I’ve ever seen!
3314,921,16,28,176,220,1.2727272727272727,0.03962159210775421,625,WATCH THE BUNT!
2678,921,10,40,170,220,1.2727272727272727,0.036342874936672126,625,Wow! I didn't know the Yankees' dugout went so deep.
3878,921,14,32,174,220,1.2727272727272727,0.03855967531402502,625,"If the man on the little hill throws the white rock at me again, I'm going to take it out on you."
4245,921,7,46,167,220,1.2727272727272727,0.03458715885147638,625,I guess this is America's favorite past time.
4622,921,8,44,168,220,1.2727272727272727,0.03518213407160473,625,I'm going to make a wild guess that bunting is not an option.
4687,921,9,42,169,220,1.2727272727272727,0.03576721345376909,625,Just called up from the Magnon Crows?
5448,921,9,42,169,220,1.2727272727272727,0.03576721345376909,625,I heard you were picked to keep your team in the hunt.
3356,921,8,44,168,220,1.2727272727272727,0.03518213407160473,625,That's pretty old-school. No batting gloves.
2527,921,10,40,170,220,1.2727272727272727,0.036342874936672126,625,"Hey, man, the game's evolved in the last few thousand years."
366,921,5,50,165,220,1.2727272727272727,0.03336539459660324,625,That not home.  No way in.
2066,921,9,42,169,220,1.2727272727272727,0.03576721345376909,625,"Do you really have to scream ""bamm-bamm"" every time you hit the ball?"
254,921,10,40,170,220,1.2727272727272727,0.036342874936672126,625,Who's on first man?
301,921,9,42,169,220,1.2727272727272727,0.03576721345376909,625,"Finding players who would accept nuts and berries as payment wasn’t easy, but the Yankees were serious about staying under the luxury-tax threshold this year."
645,921,10,40,170,220,1.2727272727272727,0.036342874936672126,625,I don't know where the ump went.
669,921,6,48,166,220,1.2727272727272727,0.03398176800877422,625,"No, there is no such thing as a ""clubbing average."""
1187,921,9,42,169,220,1.2727272727272727,0.03576721345376909,625,Do you think you’re the missing link to end the losing streak?
820,921,9,42,169,220,1.2727272727272727,0.03576721345376909,625,You might want to move back a bit - I sometimes throw the bat a little.
1249,921,7,46,167,220,1.2727272727272727,0.03458715885147638,625,"Now remember, even though I'm on the other team, you're supposed to hit the ball, not me."
1595,921,7,46,167,220,1.2727272727272727,0.03458715885147638,625,You hunter. Me gatherer.
1621,921,8,44,168,220,1.2727272727272727,0.03518213407160473,625,The ball.  Not me.
1930,921,7,46,167,220,1.2727272727272727,0.03458715885147638,625,I was told to crush the umpire. Are you the umpire?
1990,921,12,36,172,220,1.2727272727272727,0.03746767352655901,625,"Well, I cant read or write but I sure can hit!"
1199,921,10,40,170,220,1.2727272727272727,0.036342874936672126,625,We don't use a rock anymore.
2331,921,11,38,171,220,1.2727272727272727,0.036909559182923074,625,Old timer's game?
4713,950,9,40,164,213,1.272300469483568,0.036514404372518516,625,‘Is that a bat in your hand or are you just happy to be me.’
1281,951,13,33,171,217,1.271889400921659,0.038356347124988546,625,Why did they give the gecko a British accent?
4174,951,9,41,167,217,1.271889400921659,0.03606288638947509,625,"When the man behind me yelled ball three, he was not making fun of you."
1101,951,10,39,168,217,1.271889400921659,0.036649709033610284,625,"You've never heard of me? What, have you been living in a cave?"
760,951,10,39,168,217,1.271889400921659,0.036649709033610284,625,It's old technology; but it works!
187,955,7,44,164,215,1.2697674418604652,0.03499727948320653,625,Do you slide feet first in that?
732,955,10,38,167,215,1.2697674418604652,0.03681325854375996,625,Is that bat regulation?
2674,955,16,26,173,215,1.2697674418604652,0.040199861584062815,625,"NEVER, EVER THREATEN THE UNITED STATES AGAIN OR YOU WILL SUFFER CONSEQUENCES THE LIKES OF WHICH FEW THROUGHOUT HISTORY HAVE EVER SUFFERED BEFORE!"
3200,955,11,36,168,215,1.2697674418604652,0.03739899484929683,625,No! Who’s the name of the guy on first. What’s on second.
3438,955,8,42,165,215,1.2697674418604652,0.03561289629268707,625,Just pretend it’s a ptarmigan.
5521,955,9,40,166,215,1.2697674418604652,0.036218050658224275,625,How long have you been sitting in the dugout?
1782,961,9,36,156,201,1.2686567164179106,0.037817490923343064,625,"I told you that side effects included Shrinking of the testicles, Impotence and Stunted evolution!"
5655,962,9,40,167,216,1.2685185185185186,0.036071612046714885,625,"You know that the point of the game is to hit the ball, right?"
3953,963,7,43,163,213,1.267605633802817,0.035135892394933275,625,I like THIS bat
4250,963,10,37,166,213,1.267605633802817,0.036978421306677195,625,Strike? I'll show you a strike.
4209,963,7,43,163,213,1.267605633802817,0.035135892394933275,625,The team needed some big timber in the lineup.
4151,963,12,33,168,213,1.267605633802817,0.0381573773683584,625,"You know, the ball? The round thing, like a wheel? Oh."
4135,963,7,43,163,213,1.267605633802817,0.035135892394933275,625,So you were rookie of the year - what year?
4974,963,10,37,166,213,1.267605633802817,0.036978421306677195,625,"They said you could JOIN the club, not use the club."
3720,963,11,35,167,213,1.267605633802817,0.037572523803741396,625,You better hope I don't strike out.
2537,963,9,39,165,213,1.267605633802817,0.036374616694688645,625,"Yeah, I just got called up from the Bush League"
2775,963,5,47,161,213,1.267605633802817,0.03385187039280308,625,They took a long time calling you up!
1294,963,7,43,163,213,1.267605633802817,0.035135892394933275,625,"Sure kid, they call you 'The Natural.' Like I never heard that before."
1228,963,12,33,168,213,1.267605633802817,0.0381573773683584,625,"Actually, I don't know how tasty I look."
785,963,10,37,166,213,1.267605633802817,0.036978421306677195,625,Who's throwing the rock today?
618,963,6,45,162,213,1.267605633802817,0.03449985553215743,625,I've been in a slump since the Stone Age.
3675,963,12,33,168,213,1.267605633802817,0.0381573773683584,625,You stink.
4160,977,8,40,162,210,1.2666666666666666,0.03605856690980201,625,I'm hoping for a strikeout so you can hit the showers.
4076,977,7,42,161,210,1.2666666666666666,0.035421064085760755,625,This IS a wooden bat!
4031,977,11,34,165,210,1.2666666666666666,0.03790680212642532,625,"I've heard of old timers day, but this is ridiculous"
3864,977,13,30,167,210,1.2666666666666666,0.03909044103990334,625,I heard you faced Colon during his prime.
3734,977,9,38,163,210,1.2666666666666666,0.0366849930381589,625,Wow! That must be some endorsement deal you got.
4495,977,10,36,164,210,1.2666666666666666,0.03730090053645977,625,"Well, at least the beard is regulation."
3617,977,7,42,161,210,1.2666666666666666,0.035421064085760755,625,You have one of those multi-year contracts?
3576,977,14,28,168,210,1.2666666666666666,0.03966901873395985,625,"Ok fire doesn't do us any good ,
we need you to invent the ball."
3382,977,11,34,165,210,1.2666666666666666,0.03790680212642532,625,This paleo thing is getting crazy.
3773,977,10,36,164,210,1.2666666666666666,0.03730090053645977,625,He's throwing fire.  But I don't suppose you know about that.
4510,977,13,30,167,210,1.2666666666666666,0.03909044103990334,625,"It's a bit smaller than a skull, and almost as much fun."
4836,977,7,42,161,210,1.2666666666666666,0.035421064085760755,625,I've always wondered what happened to Bam Bam.
4758,977,6,44,160,210,1.2666666666666666,0.03477187533548445,625,"When I hear ""Strike"" I hit you,Right?"
3220,977,7,42,161,210,1.2666666666666666,0.035421064085760755,625,Our team has reached the salary cap'
4929,977,5,46,159,210,1.2666666666666666,0.034110333444945594,625,This guy throws fire.
5075,977,5,46,159,210,1.2666666666666666,0.034110333444945594,625,...analytics says you can really “crush the ball”?...
5114,977,5,46,159,210,1.2666666666666666,0.034110333444945594,625,Not much has changed really. People still love you if you hit a big one!
5116,977,10,36,164,210,1.2666666666666666,0.03730090053645977,625,Here's your chance to rewrite history and take the lead away from those pennant-hogging Homo sapiens!
5332,977,12,32,166,210,1.2666666666666666,0.03850317018211697,625,He throws a mean knuckle-dragger ball
5365,977,8,40,162,210,1.2666666666666666,0.03605856690980201,625,Think you're some kind of mammoth slugger?
5440,977,9,38,163,210,1.2666666666666666,0.0366849930381589,625,"It don't mean a thing, if you ain't got that swing."
5499,977,9,38,163,210,1.2666666666666666,0.0366849930381589,625,Retro night again?
5627,977,8,40,162,210,1.2666666666666666,0.03605856690980201,625,So basically I hang out in that cave until it’s my turn to hit something really hard.
5657,977,8,40,162,210,1.2666666666666666,0.03605856690980201,625,"Welcome to the Major League, kid. You never gave up the dream, did you?"
4609,977,10,36,164,210,1.2666666666666666,0.03730090053645977,625,"Remember, do not carry me off the field this time."
3085,977,7,42,161,210,1.2666666666666666,0.035421064085760755,625,"Ted, it’s over now.  Carol chose me."
4065,977,10,36,164,210,1.2666666666666666,0.03730090053645977,625,Shoeless Joe. Welcome back to oldtimers’ Day.
2898,977,12,32,166,210,1.2666666666666666,0.03850317018211697,625,"after all our hard work getting ourselves evolved enough to stand, there you crouching again."
3005,977,7,42,161,210,1.2666666666666666,0.035421064085760755,625,Nice try Bailey. Now go get a regulation bat.
42,977,11,34,165,210,1.2666666666666666,0.03790680212642532,625,"Pal, if you hit a homer, just take it easy with the bat flip."
107,977,11,34,165,210,1.2666666666666666,0.03790680212642532,625,"I need a hit, or else they’re sending me back."
149,977,6,44,160,210,1.2666666666666666,0.03477187533548445,625,"No, it's not that - I just didn't see you as a leadoff guy."
348,977,8,40,162,210,1.2666666666666666,0.03605856690980201,625,Took me a while to get to the big leagues too.
361,977,6,44,160,210,1.2666666666666666,0.03477187533548445,625,"Been in the dugout a while, eh?"
446,977,8,40,162,210,1.2666666666666666,0.03605856690980201,625,It's been ages since I played
895,977,10,36,164,210,1.2666666666666666,0.03730090053645977,625,Why you show him throw me curve rock?
1054,977,7,42,161,210,1.2666666666666666,0.035421064085760755,625,So they call you Babe because you wear a dress?
1215,977,6,44,160,210,1.2666666666666666,0.03477187533548445,625,How long you been in the minors?
1223,977,9,38,163,210,1.2666666666666666,0.0366849930381589,625,I love Old Timers’ Day.
1409,977,6,44,160,210,1.2666666666666666,0.03477187533548445,625,"Neanderthal is an insult now, not a compliment."
577,977,7,42,161,210,1.2666666666666666,0.035421064085760755,625,Aren't you a little old for this game?
1854,977,8,40,162,210,1.2666666666666666,0.03605856690980201,625,"No signal pitcher for slider, or Ug brain you."
1696,977,5,46,159,210,1.2666666666666666,0.034110333444945594,625,I love these new throwback uniforms.
2690,977,8,40,162,210,1.2666666666666666,0.03605856690980201,625,Thought you retired a few years ago.
2547,977,13,30,167,210,1.2666666666666666,0.03909044103990334,625,Why you squatting? You pooping?
2510,977,10,36,164,210,1.2666666666666666,0.03730090053645977,625,"Hey Bush Leaguer, this must be your first at bat with the big club."
2459,977,8,40,162,210,1.2666666666666666,0.03605856690980201,625,Throwback uniforms are getting ridiculous.
2428,977,7,42,161,210,1.2666666666666666,0.035421064085760755,625,So can you save me 15% on my car insurance?
2766,977,11,34,165,210,1.2666666666666666,0.03790680212642532,625,I’m with the Chicago Clubs
2339,977,9,38,163,210,1.2666666666666666,0.0366849930381589,625,"""Well, at least you don't need tattoos to look threatening."""
2313,977,11,34,165,210,1.2666666666666666,0.03790680212642532,625,You hunter-gatherers don’t seem to get that in this game home never moves.
2202,977,11,34,165,210,1.2666666666666666,0.03790680212642532,625,Hey... didn't you play for the Dodgers before they moved to L.A.?
2052,977,11,34,165,210,1.2666666666666666,0.03790680212642532,625,Remember -- hit ONLY the ball.
2369,977,10,36,164,210,1.2666666666666666,0.03730090053645977,625,'Catchers'? We call them 'Gatherers'.
4137,1031,9,37,162,208,1.2644230769230769,0.036846854679449356,625,"I thought you were out about 20,000 years ago."
4101,1031,11,33,164,208,1.2644230769230769,0.038086650766164375,625,"I realize that you eat with your hands, but someday you'll understand dishware and wonder why it's called a ""plate"""
4094,1031,8,39,161,208,1.2644230769230769,0.036211042050192425,625,I just don't think the shift and analytics have a place in baseball
3923,1031,9,37,162,208,1.2644230769230769,0.036846854679449356,625,Congrats; I saw you in this morning's cave painting.
3894,1031,12,31,165,208,1.2644230769230769,0.03869165413873416,625,"Oh, so were playing the old rules."""
3658,1031,7,41,160,208,1.2644230769230769,0.035563864145409574,625,I found it in the clubhouse.
3706,1031,4,47,157,208,1.2644230769230769,0.03354750412072682,625,You can’t play for the Yankees with hair like that
3642,1031,7,41,160,208,1.2644230769230769,0.035563864145409574,625,Should I move closer?  And then what do I do?
3204,1031,9,37,162,208,1.2644230769230769,0.036846854679449356,625,"Don't beat yourself up, nobody understands the infield fly rule."
3078,1031,8,39,161,208,1.2644230769230769,0.036211042050192425,625,I saw your stats on the cave wall. Pretty impressive.
3771,1031,6,43,159,208,1.2644230769230769,0.03490468879026847,625,No. I never use pine tar.
4239,1031,10,35,163,208,1.2644230769230769,0.03747188056631418,625,Good to see you're off the juice
2882,1031,8,39,161,208,1.2644230769230769,0.036211042050192425,625,I thought you had retired.
4286,1031,10,35,163,208,1.2644230769230769,0.03747188056631418,625,"Look, I saw you dip the bat in the tar pit!"
4341,1031,9,37,162,208,1.2644230769230769,0.036846854679449356,625,OK.  Don't overthink this.
4593,1031,7,41,160,208,1.2644230769230769,0.035563864145409574,625,"Say, is that your woolly mammoth in the parking lot?"
4649,1031,5,45,158,208,1.2644230769230769,0.034232822935566364,625,It took me awhile to make the majors
4809,1031,8,39,161,208,1.2644230769230769,0.036211042050192425,625,Haven't you retired yet?
4848,1031,13,29,166,208,1.2644230769230769,0.03928734189785661,625,"...I said, ""Stand for the National Anthem!"""
5124,1031,7,41,160,208,1.2644230769230769,0.035563864145409574,625,You're taking the 'playoff beard' tradition too far.
5271,1031,9,37,162,208,1.2644230769230769,0.036846854679449356,625,You mean it wasn’t Abner Doubleday ?
5297,1031,10,35,163,208,1.2644230769230769,0.03747188056631418,625,Where's the clubhouse?
5355,1031,11,33,164,208,1.2644230769230769,0.038086650766164375,625,"Of course back then we didn't call it ""Tommy John surgery"" ... we called it ""having your arm eaten by a dinosaur."""
5443,1031,8,39,161,208,1.2644230769230769,0.036211042050192425,625,I'm just saying I think they've gone too far with the throwback jerseys
4260,1031,6,43,159,208,1.2644230769230769,0.03490468879026847,625,"I'm sorry Pal, we STILL can't explain the infield fly rule!"
2272,1031,6,43,159,208,1.2644230769230769,0.03490468879026847,625,I think they've taken these retro uniforms a bit too far.
1877,1031,8,39,161,208,1.2644230769230769,0.036211042050192425,625,Which archaeologist scouted you?
2198,1031,8,39,161,208,1.2644230769230769,0.036211042050192425,625,"Sir, for the last time, your seats are in section 702."
79,1031,14,27,167,208,1.2644230769230769,0.039874131549248,625,You must be the rookie from Alabama.
225,1031,10,35,163,208,1.2644230769230769,0.03747188056631418,625,"No, no, this is Dodger Stadium.  You want the Paramount lot over on Melrose.  Take Sunset to Alvarado, then get on the 101..."
335,1031,11,33,164,208,1.2644230769230769,0.038086650766164375,625,They told me I could find good game here!
528,1031,11,33,164,208,1.2644230769230769,0.038086650766164375,625,"Okay Slugger, when he throws the coconut try to break it open."
662,1031,9,37,162,208,1.2644230769230769,0.036846854679449356,625,"Not surprisingly, your differing interpretation of the game isn’t the strangest thing I’ve learned today."
721,1031,9,37,162,208,1.2644230769230769,0.036846854679449356,625,"Remember, you must remain upright as you round the bases."
865,1031,8,39,161,208,1.2644230769230769,0.036211042050192425,625,"I've seen curve balls, fast balls, and knuckle balls but you're my first odd ball!"
887,1031,9,37,162,208,1.2644230769230769,0.036846854679449356,625,You give the Old-Timers Game a new twist.
2501,1031,7,41,160,208,1.2644230769230769,0.035563864145409574,625,"I don't know if you can hit, but you bring new meaning to the words 'baseball club.' """
1130,1031,10,35,163,208,1.2644230769230769,0.03747188056631418,625,Baseball club? Baseball bat? What's the difference?
1173,1031,9,37,162,208,1.2644230769230769,0.036846854679449356,625,You’re the only guy out here who can actually pull off that beard.
1295,1031,11,33,164,208,1.2644230769230769,0.038086650766164375,625,I see you brought your own bat.
960,1031,5,45,158,208,1.2644230769230769,0.034232822935566364,625,"Yeah, I spent a very long time in the minors."
1429,1031,8,39,161,208,1.2644230769230769,0.036211042050192425,625,"Point taken, but I don't believe his hyper-realism is derivative at all.  If anything it could be an expression of irony given the material.
Oh!  Let's go Uggg.  Pitcher is ready."
2064,1031,12,31,165,208,1.2644230769230769,0.03869165413873416,625,I thought Boston was next week.
1341,1031,12,31,165,208,1.2644230769230769,0.03869165413873416,625,Is that pine tar on the bat?
2015,1031,13,29,166,208,1.2644230769230769,0.03928734189785661,625,I see by your uniform that you swing both ways.
1822,1031,8,39,161,208,1.2644230769230769,0.036211042050192425,625,You do know your career stats have long since been written in stone?
2030,1031,6,43,159,208,1.2644230769230769,0.03490468879026847,625,You're lucky. They won't let us grow beards.
1567,1031,8,39,161,208,1.2644230769230769,0.036211042050192425,625,What glacier did you melt out of?
1553,1031,7,41,160,208,1.2644230769230769,0.035563864145409574,625,It’s called a Pleistocene Slugger
1544,1031,12,31,165,208,1.2644230769230769,0.03869165413873416,625,I’m guessing you were recruited based on sabertoothtigermetrics?
1539,1031,6,43,159,208,1.2644230769230769,0.03490468879026847,625,The strike zone is between the letters and the knees. Can't see either.
1748,1031,11,33,164,208,1.2644230769230769,0.038086650766164375,625,I don’t care what the Commissioner says. The game moves too slowly.
3480,1083,10,33,158,201,1.263681592039801,0.03831814828650688,625,"Spitting, slapping butts, and swearing. Do you know what you're acting like?"
2597,1083,5,43,153,201,1.263681592039801,0.03492168766255802,625,We don't have designated hunters in this league.
1410,1083,5,43,153,201,1.263681592039801,0.03492168766255802,625,It’s a mastodon leg bone.
1009,1086,5,39,142,186,1.2634408602150538,0.03659886383145832,625,"Yogi said ‘90% of baseball is half mental,’ so you’ve actually got an advantage on us."
681,1087,10,34,161,205,1.2634146341463415,0.037806806387005794,625,It started with letting my hair grow during a hitting streak.
806,1087,10,34,161,205,1.2634146341463415,0.037806806387005794,625,Everybody knows you're juicing.
4407,1087,11,32,162,205,1.2634146341463415,0.0384340814491043,625,These throwback jerseys are getting completely out of hand.
3472,1090,9,36,161,206,1.2621359223300972,0.03701017139895763,625,Is your club corked?
5049,1091,9,34,156,199,1.2613065326633166,0.03783788451849511,625,Your team nutritionist has taken this paleo diet thing a bit too far..
852,1091,7,38,154,199,1.2613065326633166,0.03647173995544473,625,"Look, pal, at the college level the bat WILL be aluminum, regardless of the tariff."
4552,1093,10,33,160,203,1.2610837438423645,0.0379839198671201,625,"Forget it.  By the time you lift that off your shoulder, the ball will be in my mitt."
5403,1093,12,29,162,203,1.2610837438423645,0.03924697273618256,625,Poor guy hasn't learned to stand upright yet.
3369,1093,10,33,160,203,1.2610837438423645,0.0379839198671201,625,"Hold your pelt when you slide, ok?"
1952,1093,8,37,158,203,1.2610837438423645,0.036677397235749226,625,"10,000 years and the only evolution is that the Club got smaller?"
3931,1093,9,35,159,203,1.2610837438423645,0.03733637392986058,625,That ump is a real Neanderthal !
1663,1093,7,39,157,203,1.2610837438423645,0.03600636218430733,625,You're the designated hitter?  I thought you were the mascot.
937,1099,5,41,150,196,1.260204081632653,0.03533853317066927,625,"Called up from the pre-farm system, eh?"
3452,1100,4,44,152,200,1.26,0.034173662314418395,625,"God, I hate these old-timer's day games."
3498,1100,11,30,159,200,1.26,0.03898202136818651,625,Turn back the clock night is getting a little out of hand - no?
3630,1100,5,42,153,200,1.26,0.034901152592161006,625,"Quit calling it ""My Cave."" It's a dugout."
3969,1100,7,38,155,200,1.26,0.03631243540199584,625,"It's our pastime,not your past time!"
4246,1100,8,36,156,200,1.26,0.03699789481991547,625,Your shoelaces are untied.
4272,1100,7,38,155,200,1.26,0.03631243540199584,625,"Batting in the third position, Mel Brooks!"
4318,1100,10,32,158,200,1.26,0.038332058823761894,625,"Remember, it’s three bonks you’re out."
4709,1100,8,36,156,200,1.26,0.03699789481991547,625,Are you wearing a cup?
4504,1100,7,38,155,200,1.26,0.03631243540199584,625,Just up from the minors; Paleolithic League.
4995,1100,10,32,158,200,1.26,0.038332058823761894,625,Did nobody tell you? It’s Throwback Day.
5231,1100,10,32,158,200,1.26,0.038332058823761894,625,I wondered why the bat was so big.  Then it hit me.
5280,1100,9,34,157,200,1.26,0.037670883682055234,625,A bigger bat doesn't mean a bigger strike zone!
5318,1100,11,30,159,200,1.26,0.03898202136818651,625,I see you've exercised your club option.
5441,1100,8,36,156,200,1.26,0.03699789481991547,625,"When you were invited to bring your ball club to the game, that's not what they had in mind."
5466,1100,6,40,154,200,1.26,0.03561378537227844,625,"No, you may not look between my legs!"
5512,1100,9,34,157,200,1.26,0.037670883682055234,625,"Hey, you forgot your helmet."
5596,1100,8,36,156,200,1.26,0.03699789481991547,625,"So the rumors are true, you do carry a big stick."
4488,1100,4,44,152,200,1.26,0.034173662314418395,625,"I'm sorry, they consider extra chromosomes a ""performance enhancer"" nowadays."
3342,1100,8,36,156,200,1.26,0.03699789481991547,625,Juicing? I just barely discovered fire.
2127,1100,8,36,156,200,1.26,0.03699789481991547,625,It's amazing what we have to put up with on promotion nights in baseball.
3183,1100,8,36,156,200,1.26,0.03699789481991547,625,"Remember, swing at the ball not my head."
93,1100,8,36,156,200,1.26,0.03699789481991547,625,An August call up from the Paleolithic League.
3316,1100,10,32,158,200,1.26,0.038332058823761894,625,I got it from the clubhouse; where else?
268,1100,7,38,155,200,1.26,0.03631243540199584,625,Promise me you won't be sliding into home plate.
428,1100,7,38,155,200,1.26,0.03631243540199584,625,"This time hit the ball, not the pitcher."
564,1100,9,34,157,200,1.26,0.037670883682055234,625,Squatting hole is behind dugout.
566,1100,8,36,156,200,1.26,0.03699789481991547,625,America's pastime not past time
622,1100,11,30,159,200,1.26,0.03898202136818651,625,"Is this your first time up, with the big club?"
927,1100,3,46,151,200,1.26,0.03343034459437253,625,I don't care how long you've been hitting Tyrannosaur eggs into orbit; don't take your strikes out on me!
975,1100,6,40,154,200,1.26,0.03561378537227844,625,It's about time the National League agreed on the DH.
1016,1100,11,30,159,200,1.26,0.03898202136818651,625,Abner just CLAIMS to be the one who invented baseball.
514,1100,10,32,158,200,1.26,0.038332058823761894,625,A bunch of us are going clubbing after the game.
1164,1100,8,36,156,200,1.26,0.03699789481991547,625,Pretend it's a pigeon!
1191,1100,11,30,159,200,1.26,0.03898202136818651,625,"Barney?
Fred?"
1489,1100,9,34,157,200,1.26,0.037670883682055234,625,Are you sure you can run in that?
1652,1100,8,36,156,200,1.26,0.03699789481991547,625,"No, off the Mammoth is a ground-rule double."
1790,1100,10,32,158,200,1.26,0.038332058823761894,625,You must be on the paleo diet.
1815,1100,11,30,159,200,1.26,0.03898202136818651,625,I hate dinosaur bobblehead night.
2105,1100,5,42,153,200,1.26,0.034901152592161006,625,"Yes, fire is bad."
1049,1100,9,34,157,200,1.26,0.037670883682055234,625,"No, not sabre tooth.  Detroit."
2606,1100,8,36,156,200,1.26,0.03699789481991547,625,"The rules only say ""Bat""."
48,1141,10,29,150,189,1.2592592592592593,0.03980430864946988,625,"So, you want to go out clubbing after this?"
4184,1142,13,25,160,198,1.2575757575757576,0.04046328272300262,625,"Yes it's good for catching food, but the rules say standard size."
4105,1142,7,37,154,198,1.2575757575757576,0.03646412306673373,625,Make baseball great again!
3991,1142,7,37,154,198,1.2575757575757576,0.03646412306673373,625,Now would be a good time to invent an umpire.
3875,1142,7,37,154,198,1.2575757575757576,0.03646412306673373,625,"So you were in the minors for a long time, huh?"
3820,1142,4,43,151,198,1.2575757575757576,0.03429008285463938,625,"So I get to bash anything in the ""strike zone?"""
3484,1142,10,31,157,198,1.2575757575757576,0.03851564305413805,625,You definitely smell like foul balls.
3533,1142,8,35,155,198,1.2575757575757576,0.03716054943048061,625,"Welcome to the big leagues, old timer."
3265,1142,12,27,159,198,1.2575757575757576,0.03982465424548407,625,Just don't drop the bat.
3529,1142,5,41,152,198,1.2575757575757576,0.03502975799413013,625,I've been in the minors for ages.
3328,1142,10,31,157,198,1.2575757575757576,0.03851564305413805,625,So you're the Mighty Casey.
3276,1142,7,37,154,198,1.2575757575757576,0.03646412306673373,625,Didn't you hit one over the fence at Jurassic Park?
4293,1142,6,39,153,198,1.2575757575757576,0.035754134139657376,625,They'll do anything to put fans in the seats these days.
3817,1142,8,35,155,198,1.2575757575757576,0.03716054943048061,625,There's no Cro-Magnon in Baseball.
4300,1142,6,39,153,198,1.2575757575757576,0.035754134139657376,625,Better not be any La Brea Tar on your club.
5423,1142,5,41,152,198,1.2575757575757576,0.03502975799413013,625,'I promised you a hot dog AFTER the game'
4549,1142,9,33,156,198,1.2575757575757576,0.03784416199263082,625,"Hate to tell you, but Old-Timers' Day is tomorrow."
4761,1142,10,31,157,198,1.2575757575757576,0.03851564305413805,625,"When you’re done taking a dump, would you mind tossing me a few balls?"
4770,1142,7,37,154,198,1.2575757575757576,0.03646412306673373,625,That gives throw-back a whole different meaning.
4956,1142,8,35,155,198,1.2575757575757576,0.03716054943048061,625,I like the vintage uniform
5010,1142,7,37,154,198,1.2575757575757576,0.03646412306673373,625,"I think you're taking the ""throw back jersey"" a bit too far,buddy."
5607,1142,8,35,155,198,1.2575757575757576,0.03716054943048061,625,Someday they'll call both of us traditionalists.
5264,1142,12,27,159,198,1.2575757575757576,0.03982465424548407,625,"Well, well, if it isn't Bamm Bamm Rubble all grow'd up."
5278,1142,6,39,153,198,1.2575757575757576,0.035754134139657376,625,Are you the dude who hits them back to the Stone Age?
5450,1142,9,33,156,198,1.2575757575757576,0.03784416199263082,625,Gleg was disappointed there weren't more clubs in the clubhouse.
5471,1142,3,45,150,198,1.2575757575757576,0.033534096368155554,625,"You can hit it with the club, but you don't get to eat it for dinner."
5578,1142,10,31,157,198,1.2575757575757576,0.03851564305413805,625,Try not to cave.
5583,1142,8,35,155,198,1.2575757575757576,0.03716054943048061,625,Don’t overthink it.
3218,1142,8,35,155,198,1.2575757575757576,0.03716054943048061,625,Good to see baseball return to its roots
4379,1142,6,39,153,198,1.2575757575757576,0.035754134139657376,625,Wrong ball club. Flintstones play Tuesday.
3074,1142,8,35,155,198,1.2575757575757576,0.03716054943048061,625,I hope you are wearing underwear
104,1142,8,35,155,198,1.2575757575757576,0.03716054943048061,625,"Nice dress, Alice."
2890,1142,8,35,155,198,1.2575757575757576,0.03716054943048061,625,You can’t think and hit at the same time. But that will not be a problem in your case.
92,1142,12,27,159,198,1.2575757575757576,0.03982465424548407,625,Strike doesn't mean what you think it means.
126,1142,8,35,155,198,1.2575757575757576,0.03716054943048061,625,"And I thought it was just footballers who were Neanderthals!"""
164,1142,8,35,155,198,1.2575757575757576,0.03716054943048061,625,"Hey, you can't bat with a mastodon leg!"
2916,1142,8,35,155,198,1.2575757575757576,0.03716054943048061,625,These throwback uniform nights are getting old. Really old.
493,1142,7,37,154,198,1.2575757575757576,0.03646412306673373,625,I think your bat has too much tar on it.
517,1142,10,31,157,198,1.2575757575757576,0.03851564305413805,625,These throwback uniforms are getting ridiculous.
569,1142,10,31,157,198,1.2575757575757576,0.03851564305413805,625,"Finally, a “turn back the clock” uniform that matches the idiotic beards half the league is wearing."
740,1142,6,39,153,198,1.2575757575757576,0.035754134139657376,625,"I don't think it's not ""regulation"".  Babe Ruth had a pretty heavy bat too."
903,1142,8,35,155,198,1.2575757575757576,0.03716054943048061,625,"I've heard of guys being called up from the bush leagues, but this is ridiculous!"
978,1142,9,33,156,198,1.2575757575757576,0.03784416199263082,625,So you’re on the paleo diet?
987,1142,8,35,155,198,1.2575757575757576,0.03716054943048061,625,Did they call you up from the Jurassic league?
1087,1142,7,37,154,198,1.2575757575757576,0.03646412306673373,625,Didn't they tell you to wait in the clubhouse?
1422,1142,10,31,157,198,1.2575757575757576,0.03851564305413805,625,"Is it just me, or does it feel like the world has really started to change?"
1491,1142,8,35,155,198,1.2575757575757576,0.03716054943048061,625,How's that paleo conditioning program working out?
476,1142,6,39,153,198,1.2575757575757576,0.035754134139657376,625,Throw back uniform?
1878,1142,10,31,157,198,1.2575757575757576,0.03851564305413805,625,Now you run the bases.
1560,1142,7,37,154,198,1.2575757575757576,0.03646412306673373,625,Yogi Cave Berra I presume?
2617,1142,5,41,152,198,1.2575757575757576,0.03502975799413013,625,My backswing is a killer.
2385,1142,6,39,153,198,1.2575757575757576,0.035754134139657376,625,"With the pension rates in this league, I don’t think I’ll ever be able to retire."
2384,1142,10,31,157,198,1.2575757575757576,0.03851564305413805,625,I hate playing games at Jurassic Park.
2316,1142,7,37,154,198,1.2575757575757576,0.03646412306673373,625,"This is my 10,000th Old Timers' Day."
2196,1142,9,33,156,198,1.2575757575757576,0.03784416199263082,625,No. Getting to first base has a different meaning here.
2514,1142,9,33,156,198,1.2575757575757576,0.03784416199263082,625,Watch out for his knuckle dragger.
2117,1142,10,31,157,198,1.2575757575757576,0.03851564305413805,625,So what did you do before the designated hitter rule?
2097,1142,7,37,154,198,1.2575757575757576,0.03646412306673373,625,"You know La Brea pine tar is illegal, right?"
2032,1142,9,33,156,198,1.2575757575757576,0.03784416199263082,625,The dugout must feel just like home.
1958,1142,10,31,157,198,1.2575757575757576,0.03851564305413805,625,"Gave the steroids to your bat as well, eh?"
1890,1142,6,39,153,198,1.2575757575757576,0.035754134139657376,625,You must be the Sabertooth Slugger.
2186,1142,5,41,152,198,1.2575757575757576,0.03502975799413013,625,I haven't seen you in ages
1879,1142,6,39,153,198,1.2575757575757576,0.035754134139657376,625,They're going to make you pee into a cup first.
51,1204,4,41,146,191,1.256544502617801,0.03498979080789986,625,Do I smell pine tar?
3179,1204,1,47,143,191,1.256544502617801,0.03254152205728194,625,Is that one of those Neanderville sluggers?
4676,1206,8,34,153,195,1.2564102564102564,0.037493320289564945,625,There has been some rules added since the last time you played
4364,1206,3,44,148,195,1.2564102564102564,0.033784739096371086,625,"No offense, but I hate the DH."
4294,1206,7,36,152,195,1.2564102564102564,0.03678153031387757,625,These throwback uniforms play tribute to the Mets' prehistory.
3976,1206,4,42,149,195,1.2564102564102564,0.03455830855112953,625,"So this is what they really meant when they said ""watch out when you play against that club"""
4108,1206,2,46,147,195,1.2564102564102564,0.0329930371700554,625,"It's still 3 strikes, but you can pick your own walk-up music, and they have sushi at the concessions."
3793,1206,7,36,152,195,1.2564102564102564,0.03678153031387757,625,"Ask the pitcher to walk me, my feet are killing me."
4685,1206,6,38,151,195,1.2564102564102564,0.03605569134166598,625,It's like the wheel. Only three-dimensional and it flies.
4264,1206,6,38,151,195,1.2564102564102564,0.03605569134166598,625,It's pronounced Neander-thal.
4747,1206,7,36,152,195,1.2564102564102564,0.03678153031387757,625,"Billy, TOMORROW is throwback uniform day."
5379,1206,10,30,155,195,1.2564102564102564,0.03887782471469202,625,Let's just hope they don't notice you're not using a regulation bat.
4896,1206,5,40,150,195,1.2564102564102564,0.035314937123266686,625,"Remember, go for the ball, not for the guy."
5013,1206,9,32,154,195,1.2564102564102564,0.0381918467796611,625,The guy on the mound's a beast.
5160,1206,7,36,152,195,1.2564102564102564,0.03678153031387757,625,"If you are going to use that thing, remember to speak softly."
5241,1206,6,38,151,195,1.2564102564102564,0.03605569134166598,625,"Let me guess, you hold the record for most at bats."
5246,1206,7,36,152,195,1.2564102564102564,0.03678153031387757,625,I'm subbing for the pinch hitter. Got a problem with that?
5575,1206,7,36,152,195,1.2564102564102564,0.03678153031387757,625,"I’ve seen better bats in a cave. Oh, sorry."
5640,1206,9,32,154,195,1.2564102564102564,0.0381918467796611,625,You must be a New Yorker.
5663,1206,6,38,151,195,1.2564102564102564,0.03605569134166598,625,There’ve been some changes since you called “time out.”
4784,1206,7,36,152,195,1.2564102564102564,0.03678153031387757,625,"Move it along, pal.  I don't have all epoch."
3308,1206,10,30,155,195,1.2564102564102564,0.03887782471469202,625,I think that fastball did something funky to the space-time continuum.
3336,1206,10,30,155,195,1.2564102564102564,0.03887782471469202,625,You forgot your shoes
3116,1206,6,38,151,195,1.2564102564102564,0.03605569134166598,625,The game has really evolved!
3270,1206,9,32,154,195,1.2564102564102564,0.0381918467796611,625,Wait! Let me guess. You're just up from Trump's farm club.
129,1206,6,38,151,195,1.2564102564102564,0.03605569134166598,625,"Now batting, the 2018 Comeback Player of the Year."
498,1206,7,36,152,195,1.2564102564102564,0.03678153031387757,625,"Baseball?  It's so easy, even a caveman can do it!"
678,1206,6,38,151,195,1.2564102564102564,0.03605569134166598,625,I see you're new to the club.
896,1206,7,36,152,195,1.2564102564102564,0.03678153031387757,625,Long trip from the minors?
921,1206,7,36,152,195,1.2564102564102564,0.03678153031387757,625,"Whachew expect, Buddy? We're the Flint Stones."
1021,1206,11,28,156,195,1.2564102564102564,0.03955190701662215,625,"So, you're the designated hunter?"
1251,1206,5,40,150,195,1.2564102564102564,0.035314937123266686,625,The other team might have an issue with that bat
1547,1206,9,32,154,195,1.2564102564102564,0.0381918467796611,625,"So, is hatred of the Red Sox really primordial?"
959,1206,6,38,151,195,1.2564102564102564,0.03605569134166598,625,Manager wants me to focus on fundamentals.
1750,1206,8,34,153,195,1.2564102564102564,0.037493320289564945,625,"You need to join the baseball club, not club the baseball."
3023,1206,7,36,152,195,1.2564102564102564,0.03678153031387757,625,"No one's asking you to put the ""L"" in Cubs."
1676,1206,8,34,153,195,1.2564102564102564,0.037493320289564945,625,I promise there is no cork in this
2626,1206,8,34,153,195,1.2564102564102564,0.037493320289564945,625,"Sorry, wrong sport.  The Alley Oop is football"
2503,1206,7,36,152,195,1.2564102564102564,0.03678153031387757,625,I think this designated hitter rule has gone too far.
2927,1206,3,44,148,195,1.2564102564102564,0.033784739096371086,625,Watch out. The game is evolving.
2308,1206,9,32,154,195,1.2564102564102564,0.0381918467796611,625,Any word yet on those doping charges?
2281,1206,9,32,154,195,1.2564102564102564,0.0381918467796611,625,"I told you to go look for the Cubs, not clubs."
2264,1206,9,32,154,195,1.2564102564102564,0.0381918467796611,625,Your game hasn't  evolved much since your rookie season.
2447,1206,6,38,151,195,1.2564102564102564,0.03605569134166598,625,Teddy Roosevelt I presume.
1287,1248,7,38,158,203,1.2561576354679802,0.035842506052214514,625,The game has evolved since your rookie year.
329,1249,8,32,148,188,1.2553191489361701,0.038364816776803,625,Which way is home?
5315,1249,8,32,148,188,1.2553191489361701,0.038364816776803,625,You look like a natural to me.
1776,1251,5,40,151,196,1.2551020408163265,0.03515864395673702,625,"Yeah, you just watch the ball go by three times..."
5039,1252,8,33,152,193,1.2538860103626943,0.03766142053084029,625,No I am not illegal. I was given a green card due to my outstanding skill in clubbing.
5300,1252,8,33,152,193,1.2538860103626943,0.03766142053084029,625,And up at the plate now is GRRRRGHFN! Did I say that right?
5127,1252,10,29,154,193,1.2538860103626943,0.03906823938569363,625,"They thawed out another one, George."
4712,1252,7,35,151,193,1.2538860103626943,0.03693792401113342,625,Even your mother knows you're going to bunt.
2025,1252,5,39,149,193,1.2538860103626943,0.035446657077292956,625,Strike?
3702,1252,7,35,151,193,1.2538860103626943,0.03693792401113342,625,"How's that 30,000-year option working out?"
3693,1252,7,35,151,193,1.2538860103626943,0.03693792401113342,625,You want to know his ERA?
1903,1252,9,31,153,193,1.2538860103626943,0.03837127783315706,625,'Stand for anthem' or what?
1888,1252,10,29,154,193,1.2538860103626943,0.03906823938569363,625,"When they said the guy batting clean-up was a Neanderthal, I didn't think they meant it literally!"
3847,1252,8,33,152,193,1.2538860103626943,0.03766142053084029,625,You're Out! That's all there is to it.
401,1252,6,37,150,193,1.2538860103626943,0.03619997049865835,625,Me swing.  Me hit home run.  Me get paid ten million clam shells.  Me retire in Key Biscayne.  Me buy new cave with in ground pool.
4161,1263,8,32,150,190,1.2526315789473683,0.03800719721467117,625,"Why yes, Roger Clemens is my father. How did you know?"
4067,1263,5,38,147,190,1.2526315789473683,0.035741609679814566,625,Me no understand why one need mask to poop?
4021,1263,11,26,153,190,1.2526315789473683,0.04014512943964188,625,"I don't believe they were referring  to baseball when they said , it's so easy a caveman could do it"""
4018,1263,7,34,149,190,1.2526315789473683,0.03726730802698271,625,Remember three strikes and you're extinct... Now play ball!
3907,1263,7,34,149,190,1.2526315789473683,0.03726730802698271,625,So I heard you were in the minors for the last three million years.
3802,1263,11,26,153,190,1.2526315789473683,0.04014512943964188,625,"We're the Tigers, why?"
3785,1263,9,30,151,190,1.2526315789473683,0.0387329553823589,625,"Well, Lascaux!"
3540,1263,8,32,150,190,1.2526315789473683,0.03800719721467117,625,Wanna go clubbing after the game?
3517,1263,6,36,148,190,1.2526315789473683,0.03651242877488585,625,"I'm a bit concerned that you may have misunderstood what I meant by ""Strike!"""
3488,1263,7,34,149,190,1.2526315789473683,0.03726730802698271,625,Throw back is not meant to insult you.
3467,1263,7,34,149,190,1.2526315789473683,0.03726730802698271,625,You forgot your batting helmet.
3254,1263,6,36,148,190,1.2526315789473683,0.03651242877488585,625,"Well, look who's up, the guy they named foul balls after!"
3234,1263,7,34,149,190,1.2526315789473683,0.03726730802698271,625,I'm getting tired of these Old Timers Days.
3216,1263,9,30,151,190,1.2526315789473683,0.0387329553823589,625,Exactly how many steroids did you take?
4201,1263,7,34,149,190,1.2526315789473683,0.03726730802698271,625,I'm up from the minors.
3650,1263,6,36,148,190,1.2526315789473683,0.03651242877488585,625,Sliding is going to suck in that dress
4203,1263,8,32,150,190,1.2526315789473683,0.03800719721467117,625,"If you're going to go paleo, you have to fully embrace it, you know"
5548,1263,11,26,153,190,1.2526315789473683,0.04014512943964188,625,"If you hit it, don't chase it and eat it"
4325,1263,8,32,150,190,1.2526315789473683,0.03800719721467117,625,"Clubs are for golf, man."
5595,1263,6,36,148,190,1.2526315789473683,0.03651242877488585,625,You're going to set this game back a thousand years.
3202,1263,6,36,148,190,1.2526315789473683,0.03651242877488585,625,Dont'cha think this retro-look uniform thing has gone too far?
5505,1263,8,32,150,190,1.2526315789473683,0.03800719721467117,625,I’ve been taking a lot of Flintstones vitamins.
5500,1263,2,44,144,190,1.2526315789473683,0.03332233912698088,625,You're gonna need a bigger mitt.
5445,1263,7,34,149,190,1.2526315789473683,0.03726730802698271,625,Bruce takes old timers day way too seriously
5262,1263,8,32,150,190,1.2526315789473683,0.03800719721467117,625,"How's that Paleo diet working out, Greg?"
5070,1263,11,26,153,190,1.2526315789473683,0.04014512943964188,625,Remember I invented fire.
4303,1263,7,34,149,190,1.2526315789473683,0.03726730802698271,625,Activated from the bush league?
5014,1263,6,36,148,190,1.2526315789473683,0.03651242877488585,625,It's nice to see the league is becoming more inclusive.
4945,1263,7,34,149,190,1.2526315789473683,0.03726730802698271,625,Was your rookie card a cave drawing?
4860,1263,8,32,150,190,1.2526315789473683,0.03800719721467117,625,Never do an endorsement deal for a paleo diet.
4855,1263,9,30,151,190,1.2526315789473683,0.0387329553823589,625,This is why we shouldn't have the Designated Hitter rule.
4808,1263,10,28,152,190,1.2526315789473683,0.03944536253083122,625,No knuckle balls!
4752,1263,10,28,152,190,1.2526315789473683,0.03944536253083122,625,"Geez, Rick. Don’t you think you’re taking the paleo diet thing a bit far?"
4438,1263,9,30,151,190,1.2526315789473683,0.0387329553823589,625,Back from retirement?
4420,1263,9,30,151,190,1.2526315789473683,0.0387329553823589,625,This is first base. You want the club house.
5004,1263,10,28,152,190,1.2526315789473683,0.03944536253083122,625,That was a mammoth home run you hit last time.
3163,1263,11,26,153,190,1.2526315789473683,0.04014512943964188,625,You sure you're not related to Johnny Damon?
3697,1263,6,36,148,190,1.2526315789473683,0.03651242877488585,625,Bro...how are ya gonna slide in that get up??
518,1263,8,32,150,190,1.2526315789473683,0.03800719721467117,625,"Don't throw your bat, okay?"
1231,1263,7,34,149,190,1.2526315789473683,0.03726730802698271,625,"No, 'Kill the ump' is just an expression. Like 'have a nice day.'"
1105,1263,9,30,151,190,1.2526315789473683,0.0387329553823589,625,Not me-- the ball.
970,1263,9,30,151,190,1.2526315789473683,0.0387329553823589,625,You on that Paleolithic Diet?
933,1263,6,36,148,190,1.2526315789473683,0.03651242877488585,625,I'd appreciate it if you'd knock off the Old Timers jokes.
915,1263,5,38,147,190,1.2526315789473683,0.035741609679814566,625,Let me guess. You're making your old timers day debut!
644,1263,7,34,149,190,1.2526315789473683,0.03726730802698271,625,"Yes, but are you willing to kneel for the anthem?"
611,1263,7,34,149,190,1.2526315789473683,0.03726730802698271,625,Don't worry. I'll keep an eye on it while you run the bases.
1354,1263,7,34,149,190,1.2526315789473683,0.03726730802698271,625,"Cal. Just between you and me, aren't you taking your Hair Club For Men endorsement a little too seriously?"
536,1263,11,26,153,190,1.2526315789473683,0.04014512943964188,625,That’s not what Coach meant when he said we have to get back to basics.
495,1263,7,34,149,190,1.2526315789473683,0.03726730802698271,625,Nice pedicure.
419,1263,10,28,152,190,1.2526315789473683,0.03944536253083122,625,I wish coaches would stop trying to reinvent the wheel.
332,1263,8,32,150,190,1.2526315789473683,0.03800719721467117,625,"OK, then, dugout man."
304,1263,10,28,152,190,1.2526315789473683,0.03944536253083122,625,It figures you're on the Clubs
271,1263,6,36,148,190,1.2526315789473683,0.03651242877488585,625,"Are you sure that's what they meant by ""baseball club"""
197,1263,10,28,152,190,1.2526315789473683,0.03944536253083122,625,Ball club means something different these days.
17,1263,7,34,149,190,1.2526315789473683,0.03726730802698271,625,You don't happen to know a guy named Flintstone? He played for the Rockies.
3046,1263,6,36,148,190,1.2526315789473683,0.03651242877488585,625,This is my first Old Timer’s Game. How about you?
1640,1263,7,34,149,190,1.2526315789473683,0.03726730802698271,625,I wouldn't be squatting so close to home plate if I were you.
1472,1263,6,36,148,190,1.2526315789473683,0.03651242877488585,625,New to the club?
2499,1263,7,34,149,190,1.2526315789473683,0.03726730802698271,625,It's not actually so easy a caveman could do it.
3040,1263,6,36,148,190,1.2526315789473683,0.03651242877488585,625,You just make the club?
2945,1263,5,38,147,190,1.2526315789473683,0.035741609679814566,625,"You know you’re supposed to hit the ball, right?"
2936,1263,9,30,151,190,1.2526315789473683,0.0387329553823589,625,"Sure the game has evolved, but hitting is timeless."
2823,1263,7,34,149,190,1.2526315789473683,0.03726730802698271,625,I wish we did casual Fridays.
2651,1263,8,32,150,190,1.2526315789473683,0.03800719721467117,625,The Paleolithic Era is my second-favorite past time.
2641,1263,6,36,148,190,1.2526315789473683,0.03651242877488585,625,Last week you learned to make fire. So you think this week you’re going to learn to hit a curve ball?
2629,1263,9,30,151,190,1.2526315789473683,0.0387329553823589,625,Your bat has pine tar on it. It’s illegal. You can’t use it!
1705,1263,6,36,148,190,1.2526315789473683,0.03651242877488585,625,My Manager says I should speak softly.
2469,1263,11,26,153,190,1.2526315789473683,0.04014512943964188,625,"No shirt, no shoes, no service."
2464,1263,9,30,151,190,1.2526315789473683,0.0387329553823589,625,Now batting for Old Timers Day...
2305,1263,4,40,146,190,1.2526315789473683,0.03495379621682481,625,"C’mon George, don’t you think your taking this throwback jersey thing a little far?"
2282,1263,8,32,150,190,1.2526315789473683,0.03800719721467117,625,"Just remember to slide head-first, buddy."
2259,1263,6,36,148,190,1.2526315789473683,0.03651242877488585,625,...but a dugout is not the same as a cave.
2208,1263,5,38,147,190,1.2526315789473683,0.035741609679814566,625,"I gotta say, your home run last night was truly mammoth"
2131,1263,5,38,147,190,1.2526315789473683,0.035741609679814566,625,"Ooog have big stick, but Max throw fire!"
2130,1263,5,38,147,190,1.2526315789473683,0.035741609679814566,625,I'm just guessing that's not a regulation Louisville Slugger.
1897,1263,8,32,150,190,1.2526315789473683,0.03800719721467117,625,"That's funny; where we come from, home plate is still a circle."
2907,1339,6,34,143,183,1.2513661202185793,0.03733976493894721,625,Your swing has really evolved.
3724,1339,8,30,145,183,1.2513661202185793,0.03891473405344112,625,"Yes, I get paid to squat down like this and catch small white balls. What do you do for a living?"
5426,1341,10,27,151,188,1.25,0.03964299094595663,625,Ya might have some trouble. He’s got a fantastic cave ball.
1448,1341,7,33,148,188,1.25,0.037428583339959215,625,Manager tell Glonk must knock ball out of park.
124,1341,5,37,146,188,1.25,0.03587645835316415,625,Can you count to three? That's all you need to do is count to three.
191,1341,10,27,151,188,1.25,0.03964299094595663,625,"So easy to hit, a caveman could do it !"
558,1341,8,31,149,188,1.25,0.038180991923616237,625,Sweet walk-up music... Theme from 2001 is a solid choice.
4210,1346,7,32,146,185,1.2486486486486486,0.03777063025753962,625,"Me hit, you sit."
4278,1346,8,30,147,185,1.2486486486486486,0.038540561965703886,625,You just get called up?
4306,1346,10,26,149,185,1.2486486486486486,0.04003603039504851,625,"No, you don't get to actually kill the umpire."
4439,1346,6,34,145,185,1.2486486486486486,0.036984673899755745,625,I love how you bagged that T-Rex in the on deck circle.
4520,1346,4,38,143,185,1.2486486486486486,0.03536039154633736,625,"Can you believe, I finally passed the drug test?"
4633,1346,6,34,145,185,1.2486486486486486,0.036984673899755745,625,I think you're taking this Paleo thing a bit too far.
4682,1346,7,32,146,185,1.2486486486486486,0.03777063025753962,625,"Finally called you up from Triple-A.D., huh?"
4842,1346,7,32,146,185,1.2486486486486486,0.03777063025753962,625,Still on the paleo diet?
4950,1346,7,32,146,185,1.2486486486486486,0.03777063025753962,625,"When they said they were looking for a player 
with some experience ..."
5027,1346,6,34,145,185,1.2486486486486486,0.036984673899755745,625,"One more time Ugg. He throw, you hit. You miss, I catch."
5288,1346,10,26,149,185,1.2486486486486486,0.04003603039504851,625,Just don't hurl your 'Neanderthal Slugger' when you strike out.
4146,1346,8,30,147,185,1.2486486486486486,0.038540561965703886,625,Let's see if you can hit it outta the Jurassic.
5320,1346,2,42,141,185,1.2486486486486486,0.033657814503459664,625,"so, how's the new club working out for ya?"
5464,1346,5,36,144,185,1.2486486486486486,0.0361816486204095,625,Hit a grounder.  I want to watch you run to first in that thing.
5475,1346,6,34,145,185,1.2486486486486486,0.036984673899755745,625,Please remember if you have to slide we have a PG audience.
4887,1346,8,30,147,185,1.2486486486486486,0.038540561965703886,625,You misunderstand what we mean by club.
4019,1346,4,38,143,185,1.2486486486486486,0.03536039154633736,625,"You're up next, the Neanderthal just struck out."
807,1346,10,26,149,185,1.2486486486486486,0.04003603039504851,625,"Yeah, my wife also went on the paleo diet; I have to wear this gear at home, too."
3861,1346,9,28,148,185,1.2486486486486486,0.03929541096887466,625,Watch out for his fast rock.
5601,1346,7,32,146,185,1.2486486486486486,0.03777063025753962,625,"Listen BamBam, we need you to knock one into the Stone Age!"
256,1346,9,28,148,185,1.2486486486486486,0.03929541096887466,625,"Helmet, Man, Helmet!"
539,1346,7,32,146,185,1.2486486486486486,0.03777063025753962,625,"I hate game delays too but when an umpire calls a strike next time, don't club him."
844,1346,7,32,146,185,1.2486486486486486,0.03777063025753962,625,Paleo Diet been working for you?
925,1346,7,32,146,185,1.2486486486486486,0.03777063025753962,625,"After going 0 for 26 last week, I shaved mine."
969,1346,7,32,146,185,1.2486486486486486,0.03777063025753962,625,"When the season's over, I'm going to taking a painting course and spend time with the kids."
1274,1346,6,34,145,185,1.2486486486486486,0.036984673899755745,625,Why the ball?
3893,1346,7,32,146,185,1.2486486486486486,0.03777063025753962,625,"Louisville? No, it's from Lascaux."
1949,1346,6,34,145,185,1.2486486486486486,0.036984673899755745,625,What? You thought only the fans are Neanderthals?
2746,1346,6,34,145,185,1.2486486486486486,0.036984673899755745,625,I get it with the bat but you’re telling me the Rules Committee approved the off-the-shoulder uniform too?
2749,1346,5,36,144,185,1.2486486486486486,0.0361816486204095,625,"Speaking softly, I see."
2941,1346,7,32,146,185,1.2486486486486486,0.03777063025753962,625,I understand that you're a caveman but you still need to wear a batting helmet.
2968,1346,5,36,144,185,1.2486486486486486,0.0361816486204095,625,I'm assuming we can rule out a bunt.
3031,1346,4,38,143,185,1.2486486486486486,0.03536039154633736,625,Great throwback uniform.
3214,1346,6,34,145,185,1.2486486486486486,0.036984673899755745,625,I'm literally gonna hit this ball into the Stone Age.
3677,1346,6,34,145,185,1.2486486486486486,0.036984673899755745,625,"For the last time, the count is one ball and more than one strike, there's more than one man on base, and the score is more than one to more than one."
1983,1346,5,36,144,185,1.2486486486486486,0.0361816486204095,625,It doesn't look like a Louisville Slugger.
5598,1382,3,39,139,181,1.2486187845303867,0.03495685084498524,625,"OK.  Yes, I can see it your way."
1911,1382,4,37,140,181,1.2486187845303867,0.03582413676843559,625,What do you mean I need a helmet?
5040,1384,5,34,139,178,1.247191011235955,0.036996517661824525,625,We're not going to be as easy to eliminate as the Mammoths.
1161,1385,7,31,145,183,1.2459016393442623,0.03793696009826397,625,I'm with the Clubs.
2427,1385,10,25,148,183,1.2459016393442623,0.040241280578885666,625,"Strike"" is not a command"
3071,1385,8,29,146,183,1.2459016393442623,0.03872030709943275,625,Looks like we're gonna need a bigger ball.
4650,1385,7,31,145,183,1.2459016393442623,0.03793696009826397,625,I was told this was a club team.
598,1385,10,25,148,183,1.2459016393442623,0.040241280578885666,625,I'm not doing what you think I'm doing.
3281,1390,8,28,144,180,1.2444444444444445,0.03909451710500634,625,You lookin' for meat? We'll serve you up a slider.
3288,1390,6,32,142,180,1.2444444444444445,0.03747312069753541,625,Huh. Thorg learn how stand upright eons ago.
3303,1390,7,30,143,180,1.2444444444444445,0.0382924016123675,625,"I'd get farther back,if I were you."
3409,1390,7,30,143,180,1.2444444444444445,0.0382924016123675,625,"I don't care if you did invent fire, step in the box."
3459,1390,6,32,142,180,1.2444444444444445,0.03747312069753541,625,I was in the minor leagues for a very long tine.
3492,1390,7,30,143,180,1.2444444444444445,0.0382924016123675,625,"Sorry! No shoes, no shirt . . . no service!!"
3614,1390,9,26,145,180,1.2444444444444445,0.039880502931939336,625,"Alright, let's see you knock it out of the Jurassic Park!"
3260,1390,5,34,141,180,1.2444444444444445,0.0366355227665891,625,Let's see if you can hit it straight back to the Stone Age.
3839,1390,6,32,142,180,1.2444444444444445,0.03747312069753541,625,"I've heard of waiting for a pitch, but you sir are ridiculous!"
3930,1390,9,26,145,180,1.2444444444444445,0.039880502931939336,625,You're the designated WHAT?
4624,1390,8,28,144,180,1.2444444444444445,0.03909451710500634,625,Coconut or Cantaloupe ?
4705,1390,5,34,141,180,1.2444444444444445,0.0366355227665891,625,"Hey, you need a helmet... AND shoes... AND pants..."
4964,1390,9,26,145,180,1.2444444444444445,0.039880502931939336,625,I'm jealous of you guys that were grandfathered in.
5024,1390,7,30,143,180,1.2444444444444445,0.0382924016123675,625,How do you like the paleo diet?
5273,1390,4,36,140,180,1.2444444444444445,0.035778321396489246,625,You from the Pro-Magnon League?
5497,1390,5,34,141,180,1.2444444444444445,0.0366355227665891,625,"Hi there!  If there's a bench clearing brawl, just want you to know, I'm an incredibly amicable person."
3615,1390,6,32,142,180,1.2444444444444445,0.03747312069753541,625,It's my first Old-timers Game - you?
3246,1390,8,28,144,180,1.2444444444444445,0.03909451710500634,625,But what's wrong with calling it a cave run?
3595,1390,7,30,143,180,1.2444444444444445,0.0382924016123675,625,It's deja vu all over again
3224,1390,3,38,139,180,1.2444444444444445,0.03490007214204137,625,"Yes, and yes, I am on  the Paleo diet."
125,1390,5,34,141,180,1.2444444444444445,0.0366355227665891,625,"Just a jock strap, but  then I'm not a catcher."
137,1390,3,38,139,180,1.2444444444444445,0.03490007214204137,625,You Cleveland guys really take throw-back Tuesdays seriously.
343,1390,7,30,143,180,1.2444444444444445,0.0382924016123675,625,"Wow, you actually look the way that you smell."
828,1390,7,30,143,180,1.2444444444444445,0.0382924016123675,625,And I'M saying you didn't invent it!
870,1390,8,28,144,180,1.2444444444444445,0.03909451710500634,625,Is this your first at club?
1123,1390,3,38,139,180,1.2444444444444445,0.03490007214204137,625,"Give new meaning to the term ""baseball club"""
1185,1390,4,36,140,180,1.2444444444444445,0.035778321396489246,625,You do know it's the ball you have to hit?
1216,1390,7,30,143,180,1.2444444444444445,0.0382924016123675,625,So... you're the one they call  Yabba Dabba Doo...
1441,1390,7,30,143,180,1.2444444444444445,0.0382924016123675,625,You'll need to think of the strike zone a little differently...
3244,1390,3,38,139,180,1.2444444444444445,0.03490007214204137,625,They said they’d LET you steal second this time so long as you promise not to slide.
1729,1390,4,36,140,180,1.2444444444444445,0.035778321396489246,625,"Oh alright, you were safe."
2842,1390,3,38,139,180,1.2444444444444445,0.03490007214204137,625,You're never gonna catch up to his fastball with that.
2329,1390,8,28,144,180,1.2444444444444445,0.03909451710500634,625,We call him Early Man around here because he swings too soon
2293,1390,4,36,140,180,1.2444444444444445,0.035778321396489246,625,I went along with the lucky beard thing but this is getting ridiculous.
3030,1390,5,34,141,180,1.2444444444444445,0.0366355227665891,625,No collusion.
1977,1390,9,26,145,180,1.2444444444444445,0.039880502931939336,625,Been down in the minors for awhile?
1923,1390,7,30,143,180,1.2444444444444445,0.0382924016123675,625,It feels like an eon since our last out.
1516,1390,9,26,145,180,1.2444444444444445,0.039880502931939336,625,"Well that's a coincidence, because he calls his best pitch his Alley Oop."
1988,1390,3,38,139,180,1.2444444444444445,0.03490007214204137,625,I'll explain it one more time.  You're ON a baseball club.
3627,1429,2,39,135,176,1.2443181818181819,0.03442209262158015,625,"Buy me some peanuts and crackerjack, I won't care if I never get back."
2103,1430,7,28,138,173,1.2427745664739884,0.03923393848818495,625,"We don't hit and run, we continue to hit it until it is dead!"
3751,1431,6,31,141,178,1.2415730337078652,0.03762971789818171,625,"Now, this is what I call an 'Old Timers Game'"
5325,1431,9,25,144,178,1.2415730337078652,0.04008036408645976,625,But can you eat it?
5042,1431,7,29,142,178,1.2415730337078652,0.038463952490163426,625,Just up from the Asia Minors?
4677,1431,5,33,140,178,1.2415730337078652,0.03677656450822894,625,"So you’re the first, first draft pick huh?"
4243,1431,5,33,140,178,1.2415730337078652,0.03677656450822894,625,This Paleo diet craze is ruining the game.
3648,1431,2,39,137,178,1.2415730337078652,0.03408923262294837,625,"I heard that your team is anti-analytics, but you guys are more old school than I thought."
4953,1431,7,29,142,178,1.2415730337078652,0.038463952490163426,625,Jeez! How long did they keep you in the dugout?
2790,1431,4,35,139,178,1.2415730337078652,0.03590314366401795,625,My guess is that you are not going to bunt.
2757,1431,7,29,142,178,1.2415730337078652,0.038463952490163426,625,"Mr. Teebow, it's 2050, how long have you been stuck in the minors?"
2061,1431,6,31,141,178,1.2415730337078652,0.03762971789818171,625,I think you are taking this whole Paleo thing a little too far.
597,1431,10,23,145,178,1.2415730337078652,0.04086460029624646,625,"As designated hitter you hit the ball, not me."
450,1431,7,29,142,178,1.2415730337078652,0.038463952490163426,625,"OK Rocky, you swing at the ball, not me."
70,1431,8,27,143,178,1.2415730337078652,0.03928047368902724,625,That apple you just ate was the last baseball. Head for home.
3263,1431,9,25,144,178,1.2415730337078652,0.04008036408645976,625,"Well, since the Geico commercials and sitcom spin-off, I've been trying to cover all my bases."
4523,1445,9,24,142,175,1.24,0.04048961431027807,625,They are going a little too far with these throwback uniforms.
4522,1445,6,30,139,175,1.24,0.037978474587846534,625,Not my favorite throwback uniform.
4483,1445,4,34,137,175,1.24,0.036207756655668756,625,Haven't you heard? It's a whole new ball game.
4468,1445,2,38,135,175,1.24,0.03434586950497171,625,"No, they moved to L.A. in '58.'"
4179,1445,9,24,142,175,1.24,0.04048961431027807,625,"Why, yes! I opted not to circumcise, too. Good eye!"
3960,1445,9,24,142,175,1.24,0.04048961431027807,625,He called me off the bench.  I hope the rules haven't changed much.
3846,1445,8,26,141,175,1.24,0.039670233450325,625,"I think you should know, I have an anger management problem."
3838,1445,5,32,138,175,1.24,0.037103680235630467,625,"Get with the times,man. We use aluminum bats now."
3685,1445,7,28,140,175,1.24,0.03883356765752401,625,It’s  not in your DNA.
3756,1445,12,18,145,175,1.24,0.04285385865905711,625,Who are you wearing?  Let me guess.  Wilma?
3636,1445,8,26,141,175,1.24,0.039670233450325,625,"Remember, you are going for RBIs, not RIBs."
3570,1445,7,28,140,175,1.24,0.03883356765752401,625,What are you waiting for — a knuckledragger ball?
3554,1445,7,28,140,175,1.24,0.03883356765752401,625,Kill the ump wasn't meant literally.
3503,1445,7,28,140,175,1.24,0.03883356765752401,625,Watch out. this pitcher is a real Neanderthal.
3485,1445,8,26,141,175,1.24,0.039670233450325,625,"If its a close play, slide feet-first.  Baseball is a family game."
4542,1445,7,28,140,175,1.24,0.03883356765752401,625,Pull out all the stops to break that the slump!
3824,1445,9,24,142,175,1.24,0.04048961431027807,625,"Same old shit, bro - waiting for the kill."
4588,1445,4,34,137,175,1.24,0.036207756655668756,625,"Listen, you gotta hang on to your bat."
5184,1445,5,32,138,175,1.24,0.037103680235630467,625,It’s called playing the long game.
4618,1445,9,24,142,175,1.24,0.04048961431027807,625,"I promise you Thag, it's ""to the ballgame,"" not ""at the ballgame"""
5618,1445,7,28,140,175,1.24,0.03883356765752401,625,Don't you just love these old-timers' games?
5600,1445,6,30,139,175,1.24,0.037978474587846534,625,Let me guess.  The bunt sign's not on?
5582,1445,7,28,140,175,1.24,0.03883356765752401,625,"Yeah, I think the whole ""throwback player"" thing has just jumped the shark."
5536,1445,6,30,139,175,1.24,0.037978474587846534,625,WOW! It took you a long time  to get here  from the  minors.
5481,1445,5,32,138,175,1.24,0.037103680235630467,625,When they said this was America's Greatest Pastime - they weren't kidding.
5480,1445,5,32,138,175,1.24,0.037103680235630467,625,"First they let us grow beards, then the whole Yankee culture regressed."
5337,1445,5,32,138,175,1.24,0.037103680235630467,625,You forgot to grab a batting helmet.
3462,1445,6,30,139,175,1.24,0.037978474587846534,625,"Same stuff as always, nothing new"
5125,1445,4,34,137,175,1.24,0.036207756655668756,625,"It may be none of my business, but aren't you taking this paleo diet a bit too far?"
5104,1445,9,24,142,175,1.24,0.04048961431027807,625,Do you think the game needs to be shortened?
5073,1445,6,30,139,175,1.24,0.037978474587846534,625,"Man, you gotta ease up on that caveman diet."
5035,1445,8,26,141,175,1.24,0.039670233450325,625,One more curve ball and you lose a finger.
4938,1445,5,32,138,175,1.24,0.037103680235630467,625,"No jockstrap, huh?"
4910,1445,5,32,138,175,1.24,0.037103680235630467,625,"Uhmm unga bunga buga buga?

It’s alright dude, I speak english. I just dress like this for the gram."
4780,1445,7,28,140,175,1.24,0.03883356765752401,625,Hi Donald. When did you get traded to the Republicans?
4679,1445,10,22,143,175,1.24,0.041292739216318215,625,OK - four strikes and you're out - if you say so.
4678,1445,5,32,138,175,1.24,0.037103680235630467,625,"Wow, the shift is really changing the game."
4599,1445,7,28,140,175,1.24,0.03883356765752401,625,"I heard you guys haven’t made it to the World Series in over  4,000 years."
3458,1445,7,28,140,175,1.24,0.03883356765752401,625,If you promise not to hit me I will call for a walk.
5285,1445,7,28,140,175,1.24,0.03883356765752401,625,"Hey batta, batta, Evolve, batta, batta!"
3252,1445,8,26,141,175,1.24,0.039670233450325,625,Found it in the bat cave.
1362,1445,8,26,141,175,1.24,0.039670233450325,625,I was told to swing for the lights.  What are lights?
1315,1445,9,24,142,175,1.24,0.04048961431027807,625,Why you hide brow ridge behind mask?
1271,1445,10,22,143,175,1.24,0.041292739216318215,625,"no, you can’t play. Clubbing your wife is only ok in football."
977,1445,6,30,139,175,1.24,0.037978474587846534,625,Trust me. Pine tar's the last thing you should be worried about.
642,1445,3,36,136,175,1.24,0.035289094590883675,625,You wearing a cup under that pelt?
571,1445,4,34,137,175,1.24,0.036207756655668756,625,"Wait a minute, isn’t that a mastodon femur?"
542,1445,8,26,141,175,1.24,0.039670233450325,625,Your Leopard Print from last time looked better
405,1445,3,36,136,175,1.24,0.035289094590883675,625,"Take it easy, buddy. You're playing like a bunch of Neanderthals."
386,1445,12,18,145,175,1.24,0.04285385865905711,625,"Hey clubber, clubber! Hey clubber, clubber! No clubber! No clubber!"
336,1445,4,34,137,175,1.24,0.036207756655668756,625,"Just my opinion, but I think your team has taken the retro look a little too far."
239,1445,8,26,141,175,1.24,0.039670233450325,625,This paleo diet coach put me on has really gotten out of hand.
211,1445,7,28,140,175,1.24,0.03883356765752401,625,Watch your toes--he throws a wicked sinker.
193,1445,5,32,138,175,1.24,0.037103680235630467,625,"You're really committed to this 'beard look,' Dombrowski."
131,1445,7,28,140,175,1.24,0.03883356765752401,625,If you’re hunting for home plate you’ve found it.
100,1445,4,34,137,175,1.24,0.036207756655668756,625,Wait till you see his curve stone.
38,1445,6,30,139,175,1.24,0.037978474587846534,625,"Catcher: ""Finally got the call to the big leagues?""
Batter: ""It's been a long time coming!"""
3445,1445,8,26,141,175,1.24,0.039670233450325,625,damn right I choke up
1415,1445,7,28,140,175,1.24,0.03883356765752401,625,"I’m a Pro-Magnon, if that’s what you’re asking...."
1494,1445,5,32,138,175,1.24,0.037103680235630467,625,He takes an old-school approach to the game.
171,1445,9,24,142,175,1.24,0.04048961431027807,625,You play for a baseball 'club'. You hit with a baseball bat.
1533,1445,7,28,140,175,1.24,0.03883356765752401,625,"I know facial hair is big in baseball now,  but this is ridiculous."
2988,1445,8,26,141,175,1.24,0.039670233450325,625,whatchu say about my momma?
2962,1445,6,30,139,175,1.24,0.037978474587846534,625,"turn back the clock"" night has gone too fa"
2782,1445,6,30,139,175,1.24,0.037978474587846534,625,"Yeah, he throws mean a knuckle-dragger ball."
2691,1445,4,34,137,175,1.24,0.036207756655668756,625,"You do realize, of course, that a strike doesn't mean what you might think it means?"
2564,1445,6,30,139,175,1.24,0.037978474587846534,625,"Listen wise-guy, the strike zone is not between your knuckles and your knees."
3000,1445,6,30,139,175,1.24,0.037978474587846534,625,"Don't freeze up again, Carl."
2523,1445,8,26,141,175,1.24,0.039670233450325,625,"You realize that a strike out is not a comment on you as a person, right?"
2498,1445,6,30,139,175,1.24,0.037978474587846534,625,I've got some ideas about speeding up the game.
2612,1445,8,26,141,175,1.24,0.039670233450325,625,I just came up from the Miocene League.
2278,1445,2,38,135,175,1.24,0.03434586950497171,625,Exactly how long were you in the minors?
2343,1445,8,26,141,175,1.24,0.039670233450325,625,For distance I might go with a lighter club.
1759,1445,3,36,136,175,1.24,0.035289094590883675,625,"Now batting for Rodriguez, number 7, Cro-Magnon"
1760,1445,7,28,140,175,1.24,0.03883356765752401,625,"So, what's your idea to speed up the game?"
1573,1445,5,32,138,175,1.24,0.037103680235630467,625,"I know this is a pro club team, but you still have to wear shoes."
2115,1445,7,28,140,175,1.24,0.03883356765752401,625,"Don't take it personally, but my wife keeps saying baseball is an old man's game and I'm starting to realize she might have a point."
2119,1445,4,34,137,175,1.24,0.036207756655668756,625,"Suit yourself, but you try sliding into second and you'll find yourself having quite a wardrobe malfunction."
1991,1445,7,28,140,175,1.24,0.03883356765752401,625,"No, not much has changed....They throw something at you -- your days a rock, nowadays it's a hard-ball -- and then you hit the thing back at them in a way that makes it impossible for them to catch the thing."
1503,1445,7,28,140,175,1.24,0.03883356765752401,625,You really should cut down on the steroids Gronk
686,1525,5,31,135,171,1.239766081871345,0.03763273293753654,625,"Let me guess, the lumberjack look just wasn’t manly enough?"
307,1525,4,33,134,171,1.239766081871345,0.036707262751988795,625,"Say it ain't so, Zog."
5668,1527,7,27,138,172,1.2383720930232558,0.03921347983474019,625,Time to cast the first stone.
4039,1528,5,31,137,173,1.2369942196531791,0.03724771162880831,625,Just try to hit it.  We can discuss the in-field fly rule later.
5435,1528,5,31,137,173,1.2369942196531791,0.03724771162880831,625,"No, your ERA is Paleozoic, his is 3.2."
5410,1528,5,31,137,173,1.2369942196531791,0.03724771162880831,625,"Caveman hungry, so when you going to buy me some peanuts and CrackerJacks?"
4540,1528,9,23,141,173,1.2369942196531791,0.04069699450924623,625,"So, Barney, tell me … how long were you in Triple-A?"
4323,1528,3,35,135,173,1.2369942196531791,0.03539725061825401,625,You're being way too literal for Old-Timers Day.
2672,1528,6,29,138,173,1.2369942196531791,0.03813928888572191,625,"The Beard works, but the pine tar has to go."
1723,1528,6,29,138,173,1.2369942196531791,0.03813928888572191,625,"Just saying, the plate is shiny."
1351,1528,9,23,141,173,1.2369942196531791,0.04069699450924623,625,"So, I’m guessing you’re not a sabermetrics guy."
1244,1528,6,29,138,173,1.2369942196531791,0.03813928888572191,625,"Ok, so you play with a big club!"
1182,1528,3,35,135,173,1.2369942196531791,0.03539725061825401,625,Are you the owner?
666,1528,6,29,138,173,1.2369942196531791,0.03813928888572191,625,My agent's crunched the numbers. It appeals to the right marketing demographic.
1922,1528,10,21,142,173,1.2369942196531791,0.04151456006284188,625,Designated Neanderthal
4906,1540,6,27,132,165,1.2363636363636363,0.03929431943180782,625,So that's who the Dodgers traded to get Manny Machado.
4320,1541,5,30,135,170,1.2352941176470589,0.037586533316371365,625,You know batting helmets have been required since 1970. That may be 6720 in your parlance.
4329,1541,9,22,139,170,1.2352941176470589,0.04112422721267606,625,I'm from the old school of hard rocks.
4336,1541,8,24,138,170,1.2352941176470589,0.04026895106115291,625,"When he said, 'You're out!', he didn't mean we know you're a caveman."
4501,1541,1,38,131,170,1.2352941176470589,0.03367926527769844,625,"I'm pinch hitting for ""The Natural."""
4569,1541,7,26,137,170,1.2352941176470589,0.03939511105824237,625,"The world's other ""oldest profession""."
4768,1541,9,22,139,170,1.2352941176470589,0.04112422721267606,625,My agent suggested a big shtick.
4822,1541,8,24,138,170,1.2352941176470589,0.04026895106115291,625,So how long were you on the DL?
5007,1541,7,26,137,170,1.2352941176470589,0.03939511105824237,625,Run softly. You're carrying a big stick.
4915,1541,9,22,139,170,1.2352941176470589,0.04112422721267606,625,"R.B.C., 'Runs before Christ'."
5082,1541,6,28,136,170,1.2352941176470589,0.03850144323290976,625,Stengel? He's been dead for years.
5173,1541,6,28,136,170,1.2352941176470589,0.03850144323290976,625,You BOUGHT the club?
5270,1541,7,26,137,170,1.2352941176470589,0.03939511105824237,625,"No, hitting this guy is NOT so easy a caveman can do it."
5326,1541,6,28,136,170,1.2352941176470589,0.03850144323290976,625,"Yeah, sure, Cher’s “Believe” is a great choice for a walk up song."
5408,1541,7,26,137,170,1.2352941176470589,0.03939511105824237,625,Rookie of the year ?  Seriously ...
4149,1541,4,32,134,170,1.2352941176470589,0.036648790463921416,625,"Oh, I get it, Clan of the Bad News Cave Bears?"
5422,1541,5,30,135,170,1.2352941176470589,0.037586533316371365,625,You gotta stop using that Neanderthal growth hormone.  You're gonna get caught.
4858,1541,6,28,136,170,1.2352941176470589,0.03850144323290976,625,"I said:  “I’ve seen better bats in a cave, man.” There’s a comma... “Cave - comma - man.”"
4093,1541,2,36,132,170,1.2352941176470589,0.034697356584037664,625,"Retro uniforms, eh?"
2571,1541,4,32,134,170,1.2352941176470589,0.036648790463921416,625,You're out. Done. It's over. Cro-Magnon won.
3666,1541,3,34,133,170,1.2352941176470589,0.03568641475679701,625,Face it - you're an anachronism.
3739,1541,5,30,135,170,1.2352941176470589,0.037586533316371365,625,The Mets will try anything to sell tickets these days.
472,1541,6,28,136,170,1.2352941176470589,0.03850144323290976,625,"And you, I'm venturing to guess, would be our designated hitter."
854,1541,4,32,134,170,1.2352941176470589,0.036648790463921416,625,"Kickin it old school, I see"
979,1541,6,28,136,170,1.2352941176470589,0.03850144323290976,625,"That's fine, just don't kneel for the anthem."
1651,1541,6,28,136,170,1.2352941176470589,0.03850144323290976,625,What? They said baseball club.
1665,1541,6,28,136,170,1.2352941176470589,0.03850144323290976,625,"Batter oop oop,oop, oop oop"
1820,1541,8,24,138,170,1.2352941176470589,0.04026895106115291,625,Geeeez! Where'd the scouts dig you up?
2018,1541,5,30,135,170,1.2352941176470589,0.037586533316371365,625,Guess you've spent quite a while in the minors.
2005,1541,7,26,137,170,1.2352941176470589,0.03939511105824237,625,I’ll bet that dugout seems like a big step up from that cave you crawled out of.
2552,1541,5,30,135,170,1.2352941176470589,0.037586533316371365,625,"Oh yeah ... he's throwing heat.
But then, what do you know about fire?"
2817,1541,5,30,135,170,1.2352941176470589,0.037586533316371365,625,I guess you won't be bunting.
2922,1541,4,32,134,170,1.2352941176470589,0.036648790463921416,625,"From Hoboken, I take it?"
3045,1541,5,30,135,170,1.2352941176470589,0.037586533316371365,625,Krog no need batting helmet.
3062,1541,7,26,137,170,1.2352941176470589,0.03939511105824237,625,It's our new throwback jersey.
3106,1541,4,32,134,170,1.2352941176470589,0.036648790463921416,625,I guess this puts to rest the legend that Abner Doubleday invented baseball in 1839.
3429,1541,4,32,134,170,1.2352941176470589,0.036648790463921416,625,I'm the one that was to be announced later.
2037,1541,2,36,132,170,1.2352941176470589,0.034697356584037664,625,I heard you came up from the bush league
2914,1578,2,35,129,166,1.2349397590361446,0.03514812415377816,625,"I know this is ""Old Timer's Day"", but this is ridiculous."
4846,1578,2,35,129,166,1.2349397590361446,0.03514812415377816,625,"No, there are no women on my team either."
4115,1580,3,34,134,171,1.2339181286549707,0.035503782486126664,625,The Paleolithic League? Never heard of it.
5670,1581,6,27,134,167,1.2335329341317365,0.03887356631476411,625,"Yeah, we're just gonna call that a home run."
3497,1582,4,30,129,163,1.2331288343558282,0.037503871038797335,625,This is a curve ball I wasn't anticipating.
3664,1582,3,32,128,163,1.2331288343558282,0.036480131316318075,625,As the Designated Hitter I hope you know that you are only allowed to hit the ball.
3302,1584,6,27,135,168,1.2321428571428572,0.03866647826749492,625,It so easy a caveman can do it.
3319,1584,6,27,135,168,1.2321428571428572,0.03866647826749492,625,"Took 15,000 years, but you're finally in the Big Show"
3323,1584,6,27,135,168,1.2321428571428572,0.03866647826749492,625,What's with the squatting and the funny mask? How primitive!
3987,1584,5,29,134,168,1.2321428571428572,0.037733414133642146,625,I see you're back on the steroids.
3326,1584,4,31,133,168,1.2321428571428572,0.03677668477107789,625,"No, no! Hit the ball--not the guy!"
3426,1584,7,25,136,168,1.2321428571428572,0.03957755097325211,625,The rally beard just wasn’t enough huh?
3545,1584,5,29,134,168,1.2321428571428572,0.037733414133642146,625,"This is your first "" Old Timers "" game?"
3843,1584,5,29,134,168,1.2321428571428572,0.037733414133642146,625,"Hey man, I think you got that man cave thing backwards."
3860,1584,5,29,134,168,1.2321428571428572,0.037733414133642146,625,"Wow, that was quite a number you do on our mountain lion mascot."
3862,1584,4,31,133,168,1.2321428571428572,0.03677668477107789,625,"Dude, you know you’re supposed to hit the ball with that thing."
3897,1584,6,27,135,168,1.2321428571428572,0.03866647826749492,625,Are you sure that bat is legal?
3917,1584,6,27,135,168,1.2321428571428572,0.03866647826749492,625,"Me not use regulation bat, but all the people here love me, so your rules don't count."
3964,1584,5,29,134,168,1.2321428571428572,0.037733414133642146,625,It sure looks performance-enhancing to me.
3193,1584,5,29,134,168,1.2321428571428572,0.037733414133642146,625,So you think Roy Hobbs was too old to swing a club?
4020,1584,3,33,132,168,1.2321428571428572,0.035794392624006355,625,Don’t you ever get tired of playing with the same old ball club?
5178,1584,4,31,133,168,1.2321428571428572,0.03677668477107789,625,"I'm glad they changed us from the Redskins and all, I just miss shoes."
4322,1584,5,29,134,168,1.2321428571428572,0.037733414133642146,625,This time try hitting the ball instead of the pitcher.
4414,1584,9,21,138,168,1.2321428571428572,0.04133950338235563,625,Rules state you need a cup.
4536,1584,5,29,134,168,1.2321428571428572,0.037733414133642146,625,Smelling good big boy - are you wearing Brut?
4693,1584,8,23,137,168,1.2321428571428572,0.040468117580017,625,Just called up from Lascaux?
4777,1584,5,29,134,168,1.2321428571428572,0.037733414133642146,625,You must've been on the bench for a while.
4924,1584,3,33,132,168,1.2321428571428572,0.035794392624006355,625,Even the UMPIRE can see you were out clubbing all night!
4940,1584,8,23,137,168,1.2321428571428572,0.040468117580017,625,Is that a whole cork branch?
4955,1584,4,31,133,168,1.2321428571428572,0.03677668477107789,625,You just lost.  Have you been living in a cave?
5001,1584,6,27,135,168,1.2321428571428572,0.03866647826749492,625,"No it's not an ostrich egg; next time don't eat, hit it!"""
5101,1584,3,33,132,168,1.2321428571428572,0.035794392624006355,625,Is that glove regulation?
5311,1584,2,35,131,168,1.2321428571428572,0.03478437212156932,625,Not yet! The credit card commercial starts AFTER the game is over.
5405,1584,7,25,136,168,1.2321428571428572,0.03957755097325211,625,"You must be in some slump."""
5427,1584,5,29,134,168,1.2321428571428572,0.037733414133642146,625,Really? Up 'til now I'd always believed that baseball was invented by Russians.
3186,1584,7,25,136,168,1.2321428571428572,0.03957755097325211,625,"Yeah, it was a long rain delay, but it wasn't that long."
4256,1584,7,25,136,168,1.2321428571428572,0.03957755097325211,625,No gloves?
3006,1584,4,31,133,168,1.2321428571428572,0.03677668477107789,625,Baseball club
980,1584,8,23,137,168,1.2321428571428572,0.040468117580017,625,We still hit against the shift.
2942,1584,5,29,134,168,1.2321428571428572,0.037733414133642146,625,"No, no that's fine with me. You can call me a ""gatherer""."
1517,1584,3,33,132,168,1.2321428571428572,0.035794392624006355,625,The designated hitter will be extinct before you know it.
1394,1584,6,27,135,168,1.2321428571428572,0.03866647826749492,625,Is this where I stand?  I'm a Neanderthal at this game.
1119,1584,7,25,136,168,1.2321428571428572,0.03957755097325211,625,Your wife still got that bone in her lip?
1060,1584,5,29,134,168,1.2321428571428572,0.037733414133642146,625,"I use whatever bat I want, pig face."""
1051,1584,5,29,134,168,1.2321428571428572,0.037733414133642146,625,"No I don’t chew tobacco, I’m not a Neanderthal!"
911,1584,5,29,134,168,1.2321428571428572,0.037733414133642146,625,"If you think the DH rule is silly, wait until you get caught by the Infield Fly rule."
873,1584,5,29,134,168,1.2321428571428572,0.037733414133642146,625,If I don't hit ball I hit you.
872,1584,3,33,132,168,1.2321428571428572,0.035794392624006355,625,"Standing upright was an improvement for Home erectus, but he never got used to the expanded strike zone."
667,1584,4,31,133,168,1.2321428571428572,0.03677668477107789,625,Now batting cleanup…Ted Flintstone.
661,1584,7,25,136,168,1.2321428571428572,0.03957755097325211,625,Frictional unemployment
605,1584,4,31,133,168,1.2321428571428572,0.03677668477107789,625,You passed the drug test?
2966,1584,6,27,135,168,1.2321428571428572,0.03866647826749492,625,In my day we didn't bunt.
483,1584,5,29,134,168,1.2321428571428572,0.037733414133642146,625,We're not caving in just yet!
397,1584,4,31,133,168,1.2321428571428572,0.03677668477107789,625,"Don't worry, they used to call my equipment 'The tools of ignorance.'"
166,1584,8,23,137,168,1.2321428571428572,0.040468117580017,625,You here to play Neander-ball?
1523,1584,7,25,136,168,1.2321428571428572,0.03957755097325211,625,"Whatta mean pine tar, that’s Yak blood"
1639,1584,6,27,135,168,1.2321428571428572,0.03866647826749492,625,The umps are OK with my bat but the Yankees still won't allow facial hair.
572,1584,6,27,135,168,1.2321428571428572,0.03866647826749492,625,"So easy, that a caveman can do it."
1932,1584,3,33,132,168,1.2321428571428572,0.035794392624006355,625,Does it wick sweat as well as they say?
2560,1584,7,25,136,168,1.2321428571428572,0.03957755097325211,625,This time aim for the ball and not my head!
2582,1584,9,21,138,168,1.2321428571428572,0.04133950338235563,625,That thing better not be corked.
2517,1584,7,25,136,168,1.2321428571428572,0.03957755097325211,625,of course I'm scared.
1719,1584,10,19,139,168,1.2321428571428572,0.0421928967876052,625,Dude you need to cut back on the PED's
2776,1584,5,29,134,168,1.2321428571428572,0.037733414133642146,625,Of course it's regulation. Why?
2358,1584,8,23,137,168,1.2321428571428572,0.040468117580017,625,WHY DO YOU THINK THEY CALL IT A CLUB??
2327,1584,9,21,138,168,1.2321428571428572,0.04133950338235563,625,"Is this what he meant by ""Make America Great Again?"""
2311,1584,6,27,135,168,1.2321428571428572,0.03866647826749492,625,"I know baseball is a very old game, but this is ridiculous!"
2516,1584,5,29,134,168,1.2321428571428572,0.037733414133642146,625,"At bat, the original Louisville Slugger."
2725,1584,6,27,135,168,1.2321428571428572,0.03866647826749492,625,"No, you don't get the girl by hitting me!"
2247,1584,7,25,136,168,1.2321428571428572,0.03957755097325211,625,I haven't seen a swing like that in ages.
2246,1584,6,27,135,168,1.2321428571428572,0.03866647826749492,625,"No, it isn't a Louisville Slugger. It came from a T-Rex; I thought that would be obvious."
2200,1584,6,27,135,168,1.2321428571428572,0.03866647826749492,625,"Softball my ass, you bunch of pussies. Back in my day we hit rocks."
2183,1584,6,27,135,168,1.2321428571428572,0.03866647826749492,625,Beer after the game?
2007,1584,5,29,134,168,1.2321428571428572,0.037733414133642146,625,This game is definitely going down in history.
2004,1584,4,31,133,168,1.2321428571428572,0.03677668477107789,625,When you told me about your baseball club I thought you meant your team
2248,1584,9,21,138,168,1.2321428571428572,0.04133950338235563,625,This is nuts even for the Orioles.
3714,1654,3,32,130,165,1.2303030303030302,0.036091616222951366,625,"Don't worry, the rules haven't changed much."
2978,1654,5,28,132,165,1.2303030303030302,0.03808443805020087,625,It’s smaller than a brontosaurus egg.
3087,1654,5,28,132,165,1.2303030303030302,0.03808443805020087,625,The future ain't what it used to be.
3190,1654,5,28,132,165,1.2303030303030302,0.03808443805020087,625,"If you can hit a homer with that thing,you'll make history."
3322,1654,7,24,134,165,1.2303030303030302,0.03997804499490151,625,"If you hit the ball, a pterodactyl will eat your baby."
3694,1654,3,32,130,165,1.2303030303030302,0.036091616222951366,625,I hate these retro promotions.
4008,1654,5,28,132,165,1.2303030303030302,0.03808443805020087,625,Nice throwback jersey.
5037,1654,4,30,131,165,1.2303030303030302,0.03710140956341412,625,"It's like a wheel, only more 3D...Oh, never mind..."
4454,1654,5,28,132,165,1.2303030303030302,0.03808443805020087,625,"Yhea, I recommend the stadium Dino-dog with hot mustard."
4589,1654,6,26,133,165,1.2303030303030302,0.03904272341431856,625,"First you hit and run, then you get uniform."
4623,1654,6,26,133,165,1.2303030303030302,0.03904272341431856,625,I see you've finally made the club.
4714,1654,4,30,131,165,1.2303030303030302,0.03710140956341412,625,"Well, at least you won't be sliding in spikes up."
2779,1654,7,24,134,165,1.2303030303030302,0.03997804499490151,625,We only hit balls. Can you handle that?
5254,1654,6,26,133,165,1.2303030303030302,0.03904272341431856,625,I guess you don't have to wear a batting helmet.
5594,1654,5,28,132,165,1.2303030303030302,0.03808443805020087,625,"The whole ""fire"" thing was starting to get a little boring."
4102,1654,6,26,133,165,1.2303030303030302,0.03904272341431856,625,Congrats on the Fruity Pebbles cereal box cover.
2021,1654,6,26,133,165,1.2303030303030302,0.03904272341431856,625,The beard works but I'm afraid the bat isn't regulation...
3883,1654,6,26,133,165,1.2303030303030302,0.03904272341431856,625,Another call-up from the B.C. affiliate.
1931,1654,5,28,132,165,1.2303030303030302,0.03808443805020087,625,"You gotta drop this attitude. It's not like you're the first Neanderthal to ever make it into American sports, you know."
59,1654,7,24,134,165,1.2303030303030302,0.03997804499490151,625,So the Mariners still haven’t made it to the World Series?
1946,1654,3,32,130,165,1.2303030303030302,0.036091616222951366,625,"I sacrifice fly, then sacrifice ump."
236,1654,8,22,135,165,1.2303030303030302,0.04089197857308644,625,No - clubbing me on the head does not constitute a 'hit' in baseball.
365,1654,5,28,132,165,1.2303030303030302,0.03808443805020087,625,"Remember now, the ball not the pitcher."
399,1654,6,26,133,165,1.2303030303030302,0.03904272341431856,625,I don't care who you voted for. Play ball.
425,1654,6,26,133,165,1.2303030303030302,0.03904272341431856,625,Fastball inside. Shame you’re pre-verbal.
502,1654,1,36,128,165,1.2303030303030302,0.033982129150040376,625,"Hey, don't look at me - I just catch the ball."
1006,1654,4,30,131,165,1.2303030303030302,0.03710140956341412,625,"No Sir , this is not your game"
1010,1654,8,22,135,165,1.2303030303030302,0.04089197857308644,625,I get the extinct feeling everybody's watching me.
1015,1654,5,28,132,165,1.2303030303030302,0.03808443805020087,625,I'd go for the sacrifice bunt if I were you.
246,1654,7,24,134,165,1.2303030303030302,0.03997804499490151,625,"Me catch, you swing."
1194,1654,6,26,133,165,1.2303030303030302,0.03904272341431856,625,"That bat is non-regulation, Og."
1910,1654,9,20,136,165,1.2303030303030302,0.04178592755496941,625,"If you ain't wearin' tighty whitey's, skip the slide home."
1238,1654,5,28,132,165,1.2303030303030302,0.03808443805020087,625,You looked better in your Yankees uniform.
1404,1654,9,20,136,165,1.2303030303030302,0.04178592755496941,625,This game is barbaric.
1464,1654,4,30,131,165,1.2303030303030302,0.03710140956341412,625,"Yup, baseball's going extinct."
1478,1654,7,24,134,165,1.2303030303030302,0.03997804499490151,625,"Unga bunga to you too, pal."
1912,1654,5,28,132,165,1.2303030303030302,0.03808443805020087,625,How long did you say you spent in AAA?
1518,1654,6,26,133,165,1.2303030303030302,0.03904272341431856,625,"Now when the ball comes at you, hit it, don't catch it and eat it."
1066,1654,4,30,131,165,1.2303030303030302,0.03710140956341412,625,"You don't get mad when you strike out, do you?"
3090,1693,8,21,132,161,1.2298136645962734,0.04156156774508471,625,"I can't. hear you, you're speaking too softly"
4688,1693,5,27,129,161,1.2298136645962734,0.03865804778789121,625,How do you like the 84 oz. bat?
3212,1695,4,30,132,166,1.2289156626506024,0.03690331783787857,625,Really? Does it look like I’m going to need a catcher?
4037,1696,5,27,130,162,1.228395061728395,0.038444858678485655,625,We don’t need an ump—we haven’t invented the ball yet.
3936,1696,5,27,130,162,1.228395061728395,0.038444858678485655,625,"OK, we're trying to be inclusive here.  Your bat's approved and we've   wrapped the rock in sabertooth skin.  But, we can't waive the helmet rule."
4045,1696,4,29,129,162,1.228395061728395,0.03743428806197879,625,"Face it! If they didn't allow designated hitters, you'd be out of baseball!"
3899,1696,7,23,132,162,1.228395061728395,0.04039021702110284,625,I Know you waited ages to be in the line-up !
3941,1696,6,25,131,162,1.228395061728395,0.03942953708719213,625,"100,000 years between pitches is quicker than the last batter."
4081,1696,5,27,130,162,1.228395061728395,0.038444858678485655,625,Nice pelt.  Want another?
4113,1696,6,25,131,162,1.228395061728395,0.03942953708719213,625,The Cos Play event today was only for the fans.
4123,1696,7,23,132,162,1.228395061728395,0.04039021702110284,625,"So, you're America's real past time, eh?"
4132,1696,6,25,131,162,1.228395061728395,0.03942953708719213,625,These Retro Night promotions are getting out of hand.
3879,1696,5,27,130,162,1.228395061728395,0.038444858678485655,625,"I said, you should play with our baseball club.....not, play baseball with a club"
4145,1696,5,27,130,162,1.228395061728395,0.038444858678485655,625,"Hey man, you’re taking this hipster thing a little too far."
4062,1696,6,25,131,162,1.228395061728395,0.03942953708719213,625,Whadayya mean I need cleats!
3799,1696,5,27,130,162,1.228395061728395,0.038444858678485655,625,One more strike out and it's back to hunting and gathering
3251,1696,6,25,131,162,1.228395061728395,0.03942953708719213,625,This vintage uniform craze is getting completely out-of-hand.
3672,1696,7,23,132,162,1.228395061728395,0.04039021702110284,625,It’s called a plate.
3671,1696,6,25,131,162,1.228395061728395,0.03942953708719213,625,"No. This is Fenway Park. Jurassic Park is playing down the street."""
2985,1696,7,23,132,162,1.228395061728395,0.04039021702110284,625,"Yeh, well, I'm not a fan of interleague play either."
3469,1696,5,27,130,162,1.228395061728395,0.038444858678485655,625,Are you trying to prove that this is America's oldest sport?
3410,1696,10,17,135,162,1.228395061728395,0.043144099704552456,625,You're not supposed to look at me.
3395,1696,4,29,129,162,1.228395061728395,0.03743428806197879,625,Is that corked?
3394,1696,5,27,130,162,1.228395061728395,0.038444858678485655,625,"Hey Rookie, glad you finally made the Show."
3291,1696,4,29,129,162,1.228395061728395,0.03743428806197879,625,Called back from retirement?
3215,1696,8,21,133,162,1.228395061728395,0.04132857204299843,625,"I said I was good at hitting, but this is a whole new ball game."
3097,1696,4,29,129,162,1.228395061728395,0.03743428806197879,625,Forget your spikes?
3020,1696,7,23,132,162,1.228395061728395,0.04039021702110284,625,"Before there were teams, we had clubs."
2995,1696,4,29,129,162,1.228395061728395,0.03743428806197879,625,"You're laughing now, but I'm about to hit one for the ages."
4163,1696,5,27,130,162,1.228395061728395,0.038444858678485655,625,I see they FINALLY brought you up from Triple A.
3746,1696,2,33,127,162,1.228395061728395,0.03532652615958942,625,"When I was little, I wanted to be a hunter-gatherer."
4211,1696,6,25,131,162,1.228395061728395,0.03942953708719213,625,Sorry Dude.  NFL doesn't start until September.
5513,1696,4,29,129,162,1.228395061728395,0.03743428806197879,625,I think you took the throwback uniform idea too far.
4291,1696,5,27,130,162,1.228395061728395,0.038444858678485655,625,You promise not to swing that thing and I'll promise not to spike your stupid feet.
2976,1696,6,25,131,162,1.228395061728395,0.03942953708719213,625,Our pitcher is on fire ... not that you'd know what that is.
5613,1696,5,27,130,162,1.228395061728395,0.038444858678485655,625,"Remember, the scouts only care about your launch angle."
5580,1696,2,33,127,162,1.228395061728395,0.03532652615958942,625,"New look.  Well, I warn you.  Our pitcher throws fireballs."
5569,1696,5,27,130,162,1.228395061728395,0.038444858678485655,625,Is that really a vintage Louisville slugger ?
5535,1696,4,29,129,162,1.228395061728395,0.03743428806197879,625,I head they call you Babe Rock.
5492,1696,5,27,130,162,1.228395061728395,0.038444858678485655,625,I thought retro night meant something else entirely.
5401,1696,7,23,132,162,1.228395061728395,0.04039021702110284,625,I started with the Giants in New York.
5371,1696,6,25,131,162,1.228395061728395,0.03942953708719213,625,We're going to crush you.  Where do you keep the women?
5327,1696,6,25,131,162,1.228395061728395,0.03942953708719213,625,It's your lucky day. The ump is a total Neanderthal.
5314,1696,5,27,130,162,1.228395061728395,0.038444858678485655,625,Been riding the pine awhile?
5263,1696,6,25,131,162,1.228395061728395,0.03942953708719213,625,"Sorry, you can't hunt and gather until the seventh-inning stretch."
5247,1696,3,31,128,162,1.228395061728395,0.03639566851433947,625,"Why yes, the pitchers mound is a stones throw away"
5234,1696,6,25,131,162,1.228395061728395,0.03942953708719213,625,"You'll do fine, he's throwing rocks."
5201,1696,5,27,130,162,1.228395061728395,0.038444858678485655,625,I'm 'Neandering' up to the plate.
4215,1696,4,29,129,162,1.228395061728395,0.03743428806197879,625,I’ll show you Pinstripes how it’s done.
5107,1696,6,25,131,162,1.228395061728395,0.03942953708719213,625,Watch out for his knuckle-dragger-ball.
5009,1696,6,25,131,162,1.228395061728395,0.03942953708719213,625,"Not sweat, even a caveman can do it."
4986,1696,6,25,131,162,1.228395061728395,0.03942953708719213,625,"You dress like that, and the pitcher will throw stones."
4963,1696,6,25,131,162,1.228395061728395,0.03942953708719213,625,Wow! Wade Boggs! when did you come out of retirement?
4951,1696,6,25,131,162,1.228395061728395,0.03942953708719213,625,"If you've been embracing Paleo only as a diet, boy, you really are just not unlocking your full potential"
4766,1696,5,27,130,162,1.228395061728395,0.038444858678485655,625,It's my first start with this club.
4722,1696,6,25,131,162,1.228395061728395,0.03942953708719213,625,It's a Louisville Clubber
4698,1696,5,27,130,162,1.228395061728395,0.038444858678485655,625,in my days we didn't wear armor
4697,1696,3,31,128,162,1.228395061728395,0.03639566851433947,625,"The ump says he doesn't care if you just escaped from from a dinosaur by coming forward from the past and walked over from La Brea, you're out for excessive tar on your bat."
4696,1696,5,27,130,162,1.228395061728395,0.038444858678485655,625,No biting.
4619,1696,5,27,130,162,1.228395061728395,0.038444858678485655,625,Is that one of those new Louisville sluggers ?
4530,1696,3,31,128,162,1.228395061728395,0.03639566851433947,625,"How’s that whole  Paleo diet thing workin’ out for you, big guy?"
4479,1696,1,35,126,162,1.228395061728395,0.03422400056104823,625,"Pinstripes, are those still in?"
4352,1696,8,21,133,162,1.228395061728395,0.04132857204299843,625,The steroids don't help with the swollen ankles?
4324,1696,0,37,125,162,1.228395061728395,0.03308475446940938,625,Did you just get called up?
5083,1696,8,21,133,162,1.228395061728395,0.04132857204299843,625,"So wait, let me get this straight. I don’t hit you in the head. Some guy throws a head at me and I hit it?"
2944,1696,4,29,129,162,1.228395061728395,0.03743428806197879,625,"Welcome to the Big Leagues, pal. Just relax. I know you been thinkin' about this swing for a million years. And your wife just yelled that you'd never get to first base. Don't cave, man."
3379,1696,6,25,131,162,1.228395061728395,0.03942953708719213,625,Yeah......no.  I actually don’t think you should bunt.
2926,1696,2,33,127,162,1.228395061728395,0.03532652615958942,625,Bet you thought you’d never get called up!
1554,1696,7,23,132,162,1.228395061728395,0.04039021702110284,625,Does that loincloth help prevent jock itch?
1546,1696,5,27,130,162,1.228395061728395,0.038444858678485655,625,"Uhmmmm, I think he said, 'Bunt' not 'Hunt'  !!"
1416,1696,8,21,133,162,1.228395061728395,0.04132857204299843,625,"No, strike doesn't mean clobber."
1376,1696,5,27,130,162,1.228395061728395,0.038444858678485655,625,Can you tell I’m wearing spanks?
1340,1696,5,27,130,162,1.228395061728395,0.038444858678485655,625,"So, how's the wife and dinosaurs?"
1168,1696,3,31,128,162,1.228395061728395,0.03639566851433947,625,That’s a heck of a throwback uniform.
1140,1696,7,23,132,162,1.228395061728395,0.04039021702110284,625,"Remember, if the 3rd base coach starts drawing pictures of aliens on the left field wall, that's the sign to bunt."
1127,1696,9,19,134,162,1.228395061728395,0.042246089797930854,625,"If you sling that bat at me, I'm tackling you at first, Ug."
1099,1696,5,27,130,162,1.228395061728395,0.038444858678485655,625,You built it. So I came by. Who were you expecting?
1081,1696,6,25,131,162,1.228395061728395,0.03942953708719213,625,"What do you mean, where's first base?"
1045,1696,7,23,132,162,1.228395061728395,0.04039021702110284,625,I hear Nike dropped you as a sponsor.
999,1696,6,25,131,162,1.228395061728395,0.03942953708719213,625,I'm guessing that you aren't going to bunt.
857,1696,5,27,130,162,1.228395061728395,0.038444858678485655,625,I don't think the beard and the long hair are the problem.
779,1696,3,31,128,162,1.228395061728395,0.03639566851433947,625,I just got called up.  I spent a LOT of time in the minors.
759,1696,7,23,132,162,1.228395061728395,0.04039021702110284,625,You must be their new switch hitter. That's some switch!
752,1696,7,23,132,162,1.228395061728395,0.04039021702110284,625,"No ""Knock-um head pretty girl, make donk-donk;"" that comes after a batting average of at least .350 and a multimillion, multi-year contract."
672,1696,5,27,130,162,1.228395061728395,0.038444858678485655,625,Grok! You’re finally out of the minors.
2929,1696,8,21,133,162,1.228395061728395,0.04132857204299843,625,One strike.  You're out.
72,1696,4,29,129,162,1.228395061728395,0.03743428806197879,625,I bet you can't bunt!
121,1696,6,25,131,162,1.228395061728395,0.03942953708719213,625,"Holy crap, please don’t kill me."
244,1696,8,21,133,162,1.228395061728395,0.04132857204299843,625,Your outfit isn't like the rest of your team either.
298,1696,6,25,131,162,1.228395061728395,0.03942953708719213,625,One fireball please.
314,1696,6,25,131,162,1.228395061728395,0.03942953708719213,625,You'll begin to notice that your game evolves at this level.
1587,1696,2,33,127,162,1.228395061728395,0.03532652615958942,625,"Don't worry, at our rate of play it'll be the bronze age by the 9th inning."
374,1696,5,27,130,162,1.228395061728395,0.038444858678485655,625,"Well, you're taking throwback uniforms to a new level."
404,1696,5,27,130,162,1.228395061728395,0.038444858678485655,625,"Sorry, that isn't supposed to leave the clubhouse."
411,1696,4,29,129,162,1.228395061728395,0.03743428806197879,625,This is why I hate the pinch hitter rule!
480,1696,7,23,132,162,1.228395061728395,0.04039021702110284,625,It's a baseball club not club baseball
482,1696,7,23,132,162,1.228395061728395,0.04039021702110284,625,You guys must have a great clubhouse.
513,1696,7,23,132,162,1.228395061728395,0.04039021702110284,625,"So, when did you decide to turn Pro-Magnon?"
607,1696,7,23,132,162,1.228395061728395,0.04039021702110284,625,You never know who will suit up for the Mets after the trade deadline
376,1696,3,31,128,162,1.228395061728395,0.03639566851433947,625,I don't suppose you are going to bunt.
1598,1696,7,23,132,162,1.228395061728395,0.04039021702110284,625,"It's good to see you again Mark McGuire. I guess since you had to give up steroids, you moved on to the paleo diet."
3089,1696,6,25,131,162,1.228395061728395,0.03942953708719213,625,Is that a regulation club?
1658,1696,2,33,127,162,1.228395061728395,0.03532652615958942,625,"If you hit this one, you'll make history."
2783,1696,7,23,132,162,1.228395061728395,0.04039021702110284,625,When did you get called up from Single A?
2772,1696,6,25,131,162,1.228395061728395,0.03942953708719213,625,"No, seriously, the pitchers used to bat for themselves."
2769,1696,6,25,131,162,1.228395061728395,0.03942953708719213,625,"Man, I heard you guys have a deep bench, but not this deep!"
2695,1696,7,23,132,162,1.228395061728395,0.04039021702110284,625,"So,  how long were you with the Troglodytes farm team before being called up"
2693,1696,4,29,129,162,1.228395061728395,0.03743428806197879,625,You wanna go clubbing after this?
2619,1696,7,23,132,162,1.228395061728395,0.04039021702110284,625,Hey what was your average last year?
2601,1696,3,31,128,162,1.228395061728395,0.03639566851433947,625,I brought my own bat.
2598,1696,4,29,129,162,1.228395061728395,0.03743428806197879,625,People say I'm the life of the party.
2595,1696,5,27,130,162,1.228395061728395,0.038444858678485655,625,"Hey, Ump, is that ""Pine Tar"" on his bat?"""
2594,1696,7,23,132,162,1.228395061728395,0.04039021702110284,625,"Been waiting a long time, have you?"
2536,1696,7,23,132,162,1.228395061728395,0.04039021702110284,625,I'm going to need a bigger mask
2357,1696,5,27,130,162,1.228395061728395,0.038444858678485655,625,Me corked bat.
1647,1696,8,21,133,162,1.228395061728395,0.04132857204299843,625,"If you ever want to be a Yankee, you better get rid of that beard."
2324,1696,7,23,132,162,1.228395061728395,0.04039021702110284,625,WITH THAT BAT EVEN I COULD HIT 70 HOME RUNS.
2355,1696,7,23,132,162,1.228395061728395,0.04039021702110284,625,"If you strike out, you can't kill the ump."
2279,1696,7,23,132,162,1.228395061728395,0.04039021702110284,625,'Didn't you used to play for the Red Sox?'
1660,1696,6,25,131,162,1.228395061728395,0.03942953708719213,625,How much time did you spend in the minors?
1680,1696,3,31,128,162,1.228395061728395,0.03639566851433947,625,Up from the pleistocene league?
1712,1696,4,29,129,162,1.228395061728395,0.03743428806197879,625,So great that you could make it for the old-timer's game.
1732,1696,7,23,132,162,1.228395061728395,0.04039021702110284,625,Here comes the fast ball.  You're welcome.
2288,1696,5,27,130,162,1.228395061728395,0.038444858678485655,625,Welcome to the club.
1762,1696,3,31,128,162,1.228395061728395,0.03639566851433947,625,Stick to the American League when you hit free agency. The National League doesn't allow the designated crusher.
1735,1696,6,25,131,162,1.228395061728395,0.03942953708719213,625,"If I hit it out of the state, how many extra runs is that?"
1807,1696,4,29,129,162,1.228395061728395,0.03743428806197879,625,Please keep your legs crossed if you slide into home.
1809,1696,7,23,132,162,1.228395061728395,0.04039021702110284,625,Who the hell autographed that bat?
2096,1696,7,23,132,162,1.228395061728395,0.04039021702110284,625,"Alright, I'm a gatherer. I was really hoping we had put that behind us."
2126,1696,7,23,132,162,1.228395061728395,0.04039021702110284,625,Where do I get gum?
2153,1696,8,21,133,162,1.228395061728395,0.04132857204299843,625,Now I know why they say there is no clock in baseball!
2184,1696,4,29,129,162,1.228395061728395,0.03743428806197879,625,"In his later years, bam bam found minor success as a pitch hitter in the MLB"
1786,1696,6,25,131,162,1.228395061728395,0.03942953708719213,625,Just up from the Cro-Magnon League?
2873,1696,4,29,129,162,1.228395061728395,0.03743428806197879,625,"Management made you wear your throwback outfit again, huh."
2707,1827,4,28,126,158,1.2278481012658229,0.03798811877682898,625,"Sorry, you’re out of your league here..."
2424,1827,7,22,129,158,1.2278481012658229,0.04104843643127968,625,I'm not the next batter. I'm the new catching coach.
875,1829,4,27,124,155,1.2258064516129032,0.038344880730526554,625,It's a living!
5118,1829,5,25,125,155,1.2258064516129032,0.039422291394586396,625,You must be the Pleistocene Hammer we’ve heard so much about
3997,1831,6,24,130,160,1.225,0.03960298254443843,625,"You earn RBIs, not ribs."
3905,1831,5,26,129,160,1.225,0.03859766669390569,625,I'm a Detroit tiger not a saber tooth tiger.
3903,1831,4,28,128,160,1.225,0.03756545649945677,625,Let's hope he doesn't misinterpret the hit and run sign.
3892,1831,6,24,130,160,1.225,0.03960298254443843,625,You say 'yaba-daba-do' one more time I club you.
3877,1831,7,22,131,160,1.225,0.040583402748122936,625,That bat is illegal!
3830,1831,4,28,128,160,1.225,0.03756545649945677,625,We used to wear those uniforms back in the day. Not so good in this heat.
3789,1831,6,24,130,160,1.225,0.03960298254443843,625,"No, man. You hit the ball, you don't eat it."
3770,1831,5,26,129,160,1.225,0.03859766669390569,625,"Sorry, pal. The old timers' game was yesterday."
3723,1831,5,26,129,160,1.225,0.03859766669390569,625,The oversized bat isn’t your only problem.
3719,1831,8,20,132,160,1.225,0.04154069006188523,625,How's the wife?
3692,1831,5,26,129,160,1.225,0.03859766669390569,625,Yabba Dabba Strike 2!
3640,1831,4,28,128,160,1.225,0.03756545649945677,625,Bobby's in school but the two year old is home driving Maria crazy.
3604,1831,5,26,129,160,1.225,0.03859766669390569,625,Aren't you guys taking the team's new Geico sponsorship a little too far?
3603,1831,5,26,129,160,1.225,0.03859766669390569,625,I see you're using a Louisville Clobber.
3599,1831,9,18,133,160,1.225,0.04247640854661406,625,"You been juicin’ again, Rubble?"
3564,1831,6,24,130,160,1.225,0.03960298254443843,625,Evolution is overrated.
3507,1831,3,30,127,160,1.225,0.03650407059235067,625,Did you know they say we’re all at least two percent Neanderthal ?
3222,1831,8,20,132,160,1.225,0.04154069006188523,625,Watch me hit the next one back to the stone age.
3201,1831,2,32,126,160,1.225,0.03541088558070898,625,"Going way back for throwback night, huh?"
3138,1831,7,22,131,160,1.225,0.040583402748122936,625,"I'm fine with the new uniform and no shoes, but the bat has to go."
3072,1831,2,32,126,160,1.225,0.03541088558070898,625,I understand your hitting game has evolved.
4058,1831,5,26,129,160,1.225,0.03859766669390569,625,One last time; not me- the ball!
5218,1831,3,30,127,160,1.225,0.03650407059235067,625,"Whatever you do, don't slide into second base."
4221,1831,4,28,128,160,1.225,0.03756545649945677,625,"Gosh, this guy's been playing forever!"
5615,1831,4,28,128,160,1.225,0.03756545649945677,625,No. Me hit you. Not ball.
5587,1831,7,22,131,160,1.225,0.040583402748122936,625,Watch out for his fast boulder.
5490,1831,7,22,131,160,1.225,0.040583402748122936,625,It's so easy even a caveman can do it.
5363,1831,5,26,129,160,1.225,0.03859766669390569,625,How do we know your club's not corked?
5292,1831,4,28,128,160,1.225,0.03756545649945677,625,"So, let me get this straight: you’re here with me and Steve is currently fighting a tyrannosaurus with a baseball bat?"
5223,1831,5,26,129,160,1.225,0.03859766669390569,625,Just give me the sign and we won't have any problems. Okay?
2905,1831,6,24,130,160,1.225,0.03960298254443843,625,"Originally, baseball was called ""club it""."
5165,1831,6,24,130,160,1.225,0.03960298254443843,625,"First, you hit the round thing like it’s dinner, and then you run like a sabertooth tiger."
5041,1831,5,26,129,160,1.225,0.03859766669390569,625,Ballclub. Literally.
4843,1831,4,28,128,160,1.225,0.03756545649945677,625,"Yes, I’ve been in all the games."
4193,1831,5,26,129,160,1.225,0.03859766669390569,625,Do me a favor.  Be careful where you toss that thing.
4803,1831,6,24,130,160,1.225,0.03960298254443843,625,"This is how it works. The pitcher is going to throw baseballs at your club, trying to hit it.  Your job is to swing wildly, making him miss it.”"
4767,1831,4,28,128,160,1.225,0.03756545649945677,625,"Now,remember,Gnork,keep your eye on the ball,not the head. Ball,not head."
4670,1831,4,28,128,160,1.225,0.03756545649945677,625,"No, you're looking for the Paleolithic Era.  We're still in the free agency/arbitration era."
4566,1831,8,20,132,160,1.225,0.04154069006188523,625,Nice ball club.
4446,1831,6,24,130,160,1.225,0.03960298254443843,625,You might just need all that equipment if I strike out.
4430,1831,6,24,130,160,1.225,0.03960298254443843,625,"Me Grok, hate Red Sox!"
4427,1831,6,24,130,160,1.225,0.03960298254443843,625,"I thought, ""getting knocked back to the Stone Age..."" was just an expression."
4425,1831,4,28,128,160,1.225,0.03756545649945677,625,I’ve been waiting years for this
4413,1831,7,22,131,160,1.225,0.040583402748122936,625,You must be the new guy!
4387,1831,3,30,127,160,1.225,0.03650407059235067,625,I presume you don’t have much occasion to slide.
4225,1831,4,28,128,160,1.225,0.03756545649945677,625,"Watch out,this pitcher invented fire."
4769,1831,4,28,128,160,1.225,0.03756545649945677,625,You must be the new guy from the BC league.
2808,1831,3,30,127,160,1.225,0.03650407059235067,625,This old thing? Nike of course.
3192,1831,4,28,128,160,1.225,0.03756545649945677,625,This could be your comeback season!
2794,1831,6,24,130,160,1.225,0.03960298254443843,625,Name is Chuck. Just got called up from the La Brea Sabre Tooth’s AAA.
1084,1831,5,26,129,160,1.225,0.03859766669390569,625,"This is a ball park, not Jurassic Park"
1078,1831,4,28,128,160,1.225,0.03756545649945677,625,"Just watch the backswing. huh, Roc?"
1076,1831,7,22,131,160,1.225,0.040583402748122936,625,"Nice try, Pete."
1073,1831,3,30,127,160,1.225,0.03650407059235067,625,You spend a very long time  in the minors?
1062,1831,5,26,129,160,1.225,0.03859766669390569,625,When's the last time you made the playoffs?
934,1831,3,30,127,160,1.225,0.03650407059235067,625,"Finally, a plan to capture millennials!"
894,1831,8,20,132,160,1.225,0.04154069006188523,625,what would happen if I hit you out of the park?
725,1831,6,24,130,160,1.225,0.03960298254443843,625,"Speak softly, I get it. Speak at all?"
719,1831,6,24,130,160,1.225,0.03960298254443843,625,"Ha, you'll be out if I strike you once!"
603,1831,7,22,131,160,1.225,0.040583402748122936,625,I'm the designated caveman.  Want to make something of it?
522,1831,3,30,127,160,1.225,0.03650407059235067,625,How many Old-Timers' Day games is this for you
1180,1831,5,26,129,160,1.225,0.03859766669390569,625,"Knuckleballer, not knuckle-dragger!"
389,1831,3,30,127,160,1.225,0.03650407059235067,625,"Are we here to play ball, or you gonna take a poo?!"
350,1831,3,30,127,160,1.225,0.03650407059235067,625,"We call them dugouts. But hey, if you say cave I'm fine with that!"""
317,1831,4,28,128,160,1.225,0.03756545649945677,625,These throwback uniforms are getting old.
288,1831,7,22,131,160,1.225,0.040583402748122936,625,You don't need a bat that big; you're facing the Mets bullpen.
266,1831,7,22,131,160,1.225,0.040583402748122936,625,I hate ‘throwback’ jersey night too.
224,1831,5,26,129,160,1.225,0.03859766669390569,625,You really have gone all-in on the Paleo diet.
2801,1831,6,24,130,160,1.225,0.03960298254443843,625,So what if you hit it out of Jurassic Park.
170,1831,5,26,129,160,1.225,0.03859766669390569,625,The game has evolved since you last played.
146,1831,7,22,131,160,1.225,0.040583402748122936,625,You guys are taking this throwback uniform day too far.
116,1831,3,30,127,160,1.225,0.03650407059235067,625,"I thought these rule changes set the game back a few years, but this is ridiculous."
46,1831,6,24,130,160,1.225,0.03960298254443843,625,You can save me how much?
28,1831,6,24,130,160,1.225,0.03960298254443843,625,Bitching throwback jersey.
362,1831,6,24,130,160,1.225,0.03960298254443843,625,I must say it's refreshing to see a guy come up to hit with no batting gloves and arm padding.
1220,1831,5,26,129,160,1.225,0.03859766669390569,625,Well I don't like your ball club either!
201,1831,5,26,129,160,1.225,0.03859766669390569,625,What? So easy a caveman can do it.
1328,1831,5,26,129,160,1.225,0.03859766669390569,625,You did ask me to tell you when you're being inappropriate.
2662,1831,5,26,129,160,1.225,0.03859766669390569,625,"My bat and appearance may be off-putting, but can’t you fix the position of the plate, move back of my swing path and explain how you keep your balance like that?"
1265,1831,5,26,129,160,1.225,0.03859766669390569,625,"I'm thinking, ""intentional walk""."
2472,1831,5,26,129,160,1.225,0.03859766669390569,625,You really are from the bush leagues.
2738,1831,7,22,131,160,1.225,0.040583402748122936,625,This is going to be a little faster than what you're used to!
2270,1831,5,26,129,160,1.225,0.03859766669390569,625,"It's the Cubs, not Clubs!"
2244,1831,4,28,128,160,1.225,0.03756545649945677,625,What do you mean Abner Doubleday didn't invent baseball?
2225,1831,3,30,127,160,1.225,0.03650407059235067,625,"The bat I get, but that dress'll be hell to slide in."
2173,1831,3,30,127,160,1.225,0.03650407059235067,625,What do you mean mammoths were still alive when this game started?
2142,1831,6,24,130,160,1.225,0.03960298254443843,625,Just don't throw your bat.
2077,1831,2,32,126,160,1.225,0.03541088558070898,625,So it's okay to hit one out the park.
2076,1831,4,28,128,160,1.225,0.03756545649945677,625,"Remember, I only catch the ball. The pitcher is the one to take out your frustrations on."
2069,1831,3,30,127,160,1.225,0.03650407059235067,625,"Now that’s what I call
a throwback jersey!"
2367,1831,5,26,129,160,1.225,0.03859766669390569,625,"Uck throw ball, you hit ball... got it? Play Ball!"
1823,1831,5,26,129,160,1.225,0.03859766669390569,625,"So, you made it to the big club."
1405,1831,8,20,132,160,1.225,0.04154069006188523,625,"Well, actually we did stop using boulders a while ago, not so much because of the casualty count as what a nightmare they were to autograph!"
2034,1831,4,28,128,160,1.225,0.03756545649945677,625,"You again??  It's  Fenway, not Jurassic!!"
1406,1831,5,26,129,160,1.225,0.03859766669390569,625,I think that might be an illegal bat.
1420,1831,3,30,127,160,1.225,0.03650407059235067,625,I like to walk softly and carry a big stick!
1469,1831,1,34,125,160,1.225,0.034282859644562985,625,Your team's throwback uniforms are a bit overboard.
1373,1831,7,22,131,160,1.225,0.040583402748122936,625,Are you wearing the Philly Phanatic's fur?
1495,1831,5,26,129,160,1.225,0.03859766669390569,625,Saber-tooth-tiger-metrics has really changed the game.
1509,1831,7,22,131,160,1.225,0.040583402748122936,625,You want to throw me a curve ball? Think again
1610,1831,5,26,129,160,1.225,0.03859766669390569,625,"You've got no balls, man."
1480,1831,6,24,130,160,1.225,0.03960298254443843,625,"Don't worry, you got this. You're a natural."
3733,1933,4,27,126,157,1.2229299363057324,0.037909101286717733,625,We're gonna need bigger balls!
3654,1933,7,21,129,157,1.2229299363057324,0.04101314316595286,625,Archaeologists found him in a dugout.
3563,1933,3,29,125,157,1.2229299363057324,0.03681630947064788,625,There’s no clubbing in baseball.
3552,1933,6,23,128,157,1.2229299363057324,0.040005232095600175,625,It’s ‘America’s Pasttime’—have you heard of America?
3441,1933,7,21,129,157,1.2229299363057324,0.04101314316595286,625,Do you have my rock?
3422,1933,5,25,127,157,1.2229299363057324,0.038971262202996855,625,Are you sure that's no more than 2 3/4 inches in diameter?
3851,1933,5,25,127,157,1.2229299363057324,0.038971262202996855,625,Just picture the face of your worst enemy. Or a woolly mammoth.
3304,1933,3,29,125,157,1.2229299363057324,0.03681630947064788,625,"Two men on, top of the Paleolithic."
3156,1933,3,29,125,157,1.2229299363057324,0.03681630947064788,625,We didn't use protection in my day.
3166,1933,5,25,127,157,1.2229299363057324,0.038971262202996855,625,"So, what's next?"
3033,1933,8,19,130,157,1.2229299363057324,0.0419968716653878,625,"Extinction is not that bad, really. You get used to it after a while."
2971,1933,1,33,123,157,1.2229299363057324,0.03452711989700709,625,I hope they don’t throw me out for having the pine tar too high...
2940,1933,7,21,129,157,1.2229299363057324,0.04101314316595286,625,"Okay guys, I know he struck out last at bat but remember--he's evolved a lot since then."
2911,1933,4,27,126,157,1.2229299363057324,0.037909101286717733,625,I can see you are giving me the finger!
2874,1933,7,21,129,157,1.2229299363057324,0.04101314316595286,625,Been in the minors long...?
2806,1933,2,31,124,157,1.2229299363057324,0.03569007320965327,625,I read about your trade in a cave in France
3952,1933,5,25,127,157,1.2229299363057324,0.038971262202996855,625,Who did you have for breakfast?
2786,1933,6,23,128,157,1.2229299363057324,0.040005232095600175,625,What’s with the beard?
3267,1933,5,25,127,157,1.2229299363057324,0.038971262202996855,625,The spin of the ball creates a partial vacuum on one side so...
4016,1933,5,25,127,157,1.2229299363057324,0.038971262202996855,625,"Hello, plate.”"
4961,1933,1,33,123,157,1.2229299363057324,0.03452711989700709,625,Just what farm team did you say you played for?
4089,1933,5,25,127,157,1.2229299363057324,0.038971262202996855,625,Just up from the minors?
5669,1933,3,29,125,157,1.2229299363057324,0.03681630947064788,625,It will be about 1 million years until you get out of your slump.
2729,1933,6,23,128,157,1.2229299363057324,0.040005232095600175,625,Weren't you in that Geico commercial?
5622,1933,4,27,126,157,1.2229299363057324,0.037909101286717733,625,"You’ve come a long way, dude, considering eighteen months ago you were part of a glacier."
5608,1933,6,23,128,157,1.2229299363057324,0.040005232095600175,625,No hunter-gathering until the seventh-inning stretch.
5581,1933,5,25,127,157,1.2229299363057324,0.038971262202996855,625,I am not going to block your slide this time.
5343,1933,3,29,125,157,1.2229299363057324,0.03681630947064788,625,Wow..did you know Babe Ruth?
5291,1933,3,29,125,157,1.2229299363057324,0.03681630947064788,625,How's the backswing on that thing?
5284,1933,4,27,126,157,1.2229299363057324,0.037909101286717733,625,"The only reason that bat is legal is because 
you contributed DNA to 6% of the ump's genome."
5207,1933,4,27,126,157,1.2229299363057324,0.037909101286717733,625,"You people crazy, why hit little object already dead and call it ""big game."""
4044,1933,5,25,127,157,1.2229299363057324,0.038971262202996855,625,"Although his on-base percentage was terrible, Moog usually ended up hitting 'something' during his at bats."
5174,1933,2,31,124,157,1.2229299363057324,0.03569007320965327,625,It looks out of date.
4994,1933,6,23,128,157,1.2229299363057324,0.040005232095600175,625,Old Timers Day again.
4900,1933,7,21,129,157,1.2229299363057324,0.04101314316595286,625,What! We're getting sponsored by a paleo snack company this season.
4800,1933,6,23,128,157,1.2229299363057324,0.040005232095600175,625,I heard it takes 4 million years to get to first base.
4675,1933,1,33,123,157,1.2229299363057324,0.03452711989700709,625,Between knees and letters -- what are they?
4487,1933,1,33,123,157,1.2229299363057324,0.03452711989700709,625,How many innings is this going to take?
4460,1933,4,27,126,157,1.2229299363057324,0.037909101286717733,625,I was just recalled from the Mesozoic
4449,1933,6,23,128,157,1.2229299363057324,0.040005232095600175,625,It's Babe Ruthless.  What's it to you?
4393,1933,8,19,130,157,1.2229299363057324,0.0419968716653878,625,And you’re telling me that’s not corked?
4131,1933,1,33,123,157,1.2229299363057324,0.03452711989700709,625,Three more rocks and you walk to first base.
5138,1933,3,29,125,157,1.2229299363057324,0.03681630947064788,625,I'm pinch-hitting for the rest of the team.
2726,1933,7,21,129,157,1.2229299363057324,0.04101314316595286,625,"no, it's Iowa..."
1456,1933,4,27,126,157,1.2229299363057324,0.037909101286717733,625,Coach wanted us to get back to basics...
2671,1933,5,25,127,157,1.2229299363057324,0.038971262202996855,625,"Wow!  I thought ""Neanderthals"" was just the team name!"
1039,1933,2,31,124,157,1.2229299363057324,0.03569007320965327,625,I'll tell you what I'm staring at....your'e not wearing a helmet
1030,1933,5,25,127,157,1.2229299363057324,0.038971262202996855,625,"Wow, this really is Old Timers Day."
908,1933,4,27,126,157,1.2229299363057324,0.037909101286717733,625,I hate these Old-Timers' games.
906,1933,3,29,125,157,1.2229299363057324,0.03681630947064788,625,"Sorry you lost that Geico endorsement deal,  but I hear Papa John's is looking for a new spokesman."
879,1933,4,27,126,157,1.2229299363057324,0.037909101286717733,625,They say you're a mammoth striker...
819,1933,6,23,128,157,1.2229299363057324,0.040005232095600175,625,You didn’t hear? It’s throwback jersey night.
792,1933,5,25,127,157,1.2229299363057324,0.038971262202996855,625,Choke up and look for an inside slider.
749,1933,5,25,127,157,1.2229299363057324,0.038971262202996855,625,I don't think I can catch a rock going a hundred miles an hour...
600,1933,5,25,127,157,1.2229299363057324,0.038971262202996855,625,Haven't I seen you in the clubhouse?
548,1933,2,31,124,157,1.2229299363057324,0.03569007320965327,625,Red Sox - ya finally got uniforms to match the beards.
484,1933,6,23,128,157,1.2229299363057324,0.040005232095600175,625,"We thought ""everyone does playoff beards""..."
479,1933,5,25,127,157,1.2229299363057324,0.038971262202996855,625,When I was growing up there was no such thing as 'sexual assault'.
467,1933,2,31,124,157,1.2229299363057324,0.03569007320965327,625,Heck of a streak you're on. You haven't changed uniforms in how long?
283,1933,3,29,125,157,1.2229299363057324,0.03681630947064788,625,Just you wait - our bullpen has a knuckle-baller you CAN'T hit.
210,1933,5,25,127,157,1.2229299363057324,0.038971262202996855,625,"One rock, two strikes"""
203,1933,6,23,128,157,1.2229299363057324,0.040005232095600175,625,"And now, for the inaugural ‘First Hit:’ the 45th President of the United States!"
199,1933,5,25,127,157,1.2229299363057324,0.038971262202996855,625,Yabba Dabba Doo!
134,1933,6,23,128,157,1.2229299363057324,0.040005232095600175,625,"Not me, the round thing."
2682,1933,4,27,126,157,1.2229299363057324,0.037909101286717733,625,You were NOT supposed to eat it!
1068,1933,3,29,125,157,1.2229299363057324,0.03681630947064788,625,"Sorry Grork, that's not what we meant by club sport."
1072,1933,5,25,127,157,1.2229299363057324,0.038971262202996855,625,"You're off to a rocky start, Bam-Bam."
541,1933,8,19,130,157,1.2229299363057324,0.0419968716653878,625,I guess things have loosened up now that George is gone.
1110,1933,3,29,125,157,1.2229299363057324,0.03681630947064788,625,"If I Strike Out, You're Next."
2652,1933,6,23,128,157,1.2229299363057324,0.040005232095600175,625,They just called me up from the Prehistoric League.
1093,1933,6,23,128,157,1.2229299363057324,0.040005232095600175,625,Sorry. You need a bat not a leg bone!
2255,1933,3,29,125,157,1.2229299363057324,0.03681630947064788,625,You couldn't hit the broad side of a brontosaurus with that thing
2203,1933,4,27,126,157,1.2229299363057324,0.037909101286717733,625,I think you overdid it on the Paleo diet.
2112,1933,6,23,128,157,1.2229299363057324,0.040005232095600175,625,That's the slowest trip around the bases I've ever seen.
2006,1933,6,23,128,157,1.2229299363057324,0.040005232095600175,625,Where are the women?
2000,1933,5,25,127,157,1.2229299363057324,0.038971262202996855,625,I hate throwback uniform night.
1826,1933,6,23,128,157,1.2229299363057324,0.040005232095600175,625,Shouldn't you be in the clubhouse?
1806,1933,8,19,130,157,1.2229299363057324,0.0419968716653878,625,"Yup, it's still three strikes and you're out."
2180,1933,5,25,127,157,1.2229299363057324,0.038971262202996855,625,Now THAT’S a “Throwback Jersey.”
1737,1933,4,27,126,157,1.2229299363057324,0.037909101286717733,625,Enough with the “Flintstones” wisecracks. You are really dating yourself.
1673,1933,6,23,128,157,1.2229299363057324,0.040005232095600175,625,"You’ve heard of the Louisville Slugger, well this is the Bedrock Slugger."
1654,1933,4,27,126,157,1.2229299363057324,0.037909101286717733,625,I heard you bought a new place with a helluva man cave.
1585,1933,4,27,126,157,1.2229299363057324,0.037909101286717733,625,"Uh, this time try to remember ""Ogg hit ball, not Catcher!"""
1556,1933,6,23,128,157,1.2229299363057324,0.040005232095600175,625,"Helluva 'Throwback Night,' don't you think"
1493,1933,5,25,127,157,1.2229299363057324,0.038971262202996855,625,Let's try an evolutionary curve...
1366,1933,6,23,128,157,1.2229299363057324,0.040005232095600175,625,"You're supposed to hit the ball, Neanderthal!"
1346,1933,5,25,127,157,1.2229299363057324,0.038971262202996855,625,"Ya know, that beard is why the Yankees will never trade for you, even if your OBP is .419 during the last three seasons."
1254,1933,2,31,124,157,1.2229299363057324,0.03569007320965327,625,It really took ages for you to finally make it to the world series
1758,1933,7,21,129,157,1.2229299363057324,0.04101314316595286,625,Do you know Barney Rubble?
3678,2022,5,24,125,154,1.2207792207792207,0.039355163548769105,625,"Personally, I think the league is going a little overboard with the retro uniforms."
3759,2022,5,24,125,154,1.2207792207792207,0.039355163548769105,625,High and inside? Not a chance!
3896,2022,4,26,124,154,1.2207792207792207,0.03826155328951963,625,I asksed for a plate at the buffet and I can't figure out why they sent me out here.
3973,2022,4,26,124,154,1.2207792207792207,0.03826155328951963,625,No batting gloves--you're old school.
4026,2022,5,24,125,154,1.2207792207792207,0.039355163548769105,625,And I thought Clemens was old...
4674,2022,4,26,124,154,1.2207792207792207,0.03826155328951963,625,You're the Mascot and the Center Fielder?
4187,2022,4,26,124,154,1.2207792207792207,0.03826155328951963,625,"Yeah, you're changing the game, but you're not helping it evolve!"
4269,2022,9,16,129,154,1.2207792207792207,0.04345524881121752,625,I think you've taken that paleo thing too far.
4301,2022,5,24,125,154,1.2207792207792207,0.039355163548769105,625,"What, No Helmet?"
5176,2022,5,24,125,154,1.2207792207792207,0.039355163548769105,625,I think you took the Paleo Diet to the extreme!
3626,2022,3,28,123,154,1.2207792207792207,0.037135751268866715,625,That bat better not be corked.
4164,2022,3,28,123,154,1.2207792207792207,0.037135751268866715,625,"I know it's ""Old Timer's Day"", but how old?"
3456,2022,4,26,124,154,1.2207792207792207,0.03826155328951963,625,"Yeah, they just brought me up."
5087,2022,5,24,125,154,1.2207792207792207,0.039355163548769105,625,So how’s the wife and kids ?
2687,2022,2,30,122,154,1.2207792207792207,0.03597473536357872,625,"I've heard of ""waiting on a fastball,"" but this is ridiculous."""
2863,2022,3,28,123,154,1.2207792207792207,0.037135751268866715,625,Wow.  I thought my ten years to make it to the ‘’Bigs” was an eternity.
30,2022,7,20,127,154,1.2207792207792207,0.04145592567531924,625,"Back ‘em up, fellas. This guy’s got a Louisville Clubber."
158,2022,5,24,125,154,1.2207792207792207,0.039355163548769105,625,Don’t you think you’re taking this Paleo diet a little far Joe?
1337,2022,6,22,126,154,1.2207792207792207,0.040419195140106126,625,"Finally!! I’ve been in the dugout a long, long time."
1423,2022,7,20,127,154,1.2207792207792207,0.04145592567531924,625,"Yup, we still call it home."
1440,2022,7,20,127,154,1.2207792207792207,0.04145592567531924,625,You can't use that! I don't care what the original regulations were!
1019,2022,10,14,130,154,1.2207792207792207,0.044421178361997965,625,Neanderville Slugger
1583,2022,8,18,128,154,1.2207792207792207,0.042467354655325626,625,"We've got just the pitcher for you... his ERA is 150,000 BC."
1601,2022,4,26,124,154,1.2207792207792207,0.03826155328951963,625,"You guys really take that ""pastime"" business seriously, huh?"
1717,2022,5,24,125,154,1.2207792207792207,0.039355163548769105,625,I heard they dug up your old tweets about woolly mammoths being dumb.
1975,2022,7,20,127,154,1.2207792207792207,0.04145592567531924,625,The pre-steroid era!!
2388,2022,4,26,124,154,1.2207792207792207,0.03826155328951963,625,"The guys throwing a baseball fella, not a boulder."
1468,2022,7,20,127,154,1.2207792207792207,0.04145592567531924,625,"You know what the 'ball' is, right? That's the only thing you're allowed to hit."
3741,2050,3,27,120,150,1.22,0.03768466834387587,625,"Just to make sure we're on the same page, you hit the ball, NOT the guy catching the ball."
2888,2050,5,23,122,150,1.22,0.03998881275324226,625,I'm giving the sign for a High Ball. It isn't a pitch. I need one every time you come to bat.
5159,2050,0,33,117,150,1.22,0.03393637948203953,625,"When the ball crosses the plate, you swing and hit it."
3487,2053,3,28,124,155,1.2193548387096773,0.03692287247901823,625,Another asterisk for the record books.
5369,2053,5,24,126,155,1.2193548387096773,0.03912637056033424,625,"You do know how this works, right?"
5097,2053,4,26,125,155,1.2193548387096773,0.03804057955214688,625,Long stint in the minors?
2060,2053,5,24,126,155,1.2193548387096773,0.03912637056033424,625,"George, c’mon man...I can see the pine tar on your jersey."
3490,2053,4,26,125,155,1.2193548387096773,0.03804057955214688,625,"In this case, batter is a noun not a verb."
1543,2053,3,28,124,155,1.2193548387096773,0.03692287247901823,625,"Everyone's about those retro uniforms, hey?"
1727,2053,4,26,125,155,1.2193548387096773,0.03804057955214688,625,Our manager only allows the beard.
447,2053,9,16,130,155,1.2193548387096773,0.043197472095830865,625,"We're not gonna have another La Brea tar incident, are we?"
345,2053,5,24,126,155,1.2193548387096773,0.03912637056033424,625,They said they were bring you over from another club...
1145,2053,5,24,126,155,1.2193548387096773,0.03912637056033424,625,When I said 'go back to the way it was' I meant get rid of Replay Review
1333,2053,4,26,125,155,1.2193548387096773,0.03804057955214688,625,"When I heard that your team was switching to new uniforms, this is the last thing I would have expected."
617,2053,3,28,124,155,1.2193548387096773,0.03692287247901823,625,"And now, pinching hitting for Og,  . ."
4749,2065,2,30,124,156,1.2179487179487178,0.03556802659278222,625,It's past your pastime.
4097,2065,5,24,127,156,1.2179487179487178,0.03890017318112145,625,Yo Fred....Your bat smells like the La Brea Tar Pit.
4028,2065,5,24,127,156,1.2179487179487178,0.03890017318112145,625,Batting cleanup for the Washington Neanderthals and using his own club is Justice Goneawr
3967,2065,3,28,125,156,1.2179487179487178,0.0367123617007086,625,I thought throwback uniform night was tomorrow?!
4601,2065,5,24,127,156,1.2179487179487178,0.03890017318112145,625,It's a beautiful night for baseball here at Jurrasic Park.
3748,2065,4,26,126,156,1.2179487179487178,0.03782208994202261,625,You must be that old school player we’ve heard about.
3315,2065,3,28,125,156,1.2179487179487178,0.0367123617007086,625,So I guess you bat alt-righty.
2337,2065,5,24,127,156,1.2179487179487178,0.03890017318112145,625,"Yeah, I knew beards were in, but that's taking things too far."
1840,2065,3,28,125,156,1.2179487179487178,0.0367123617007086,625,that better not be a cork bat
1052,2065,5,24,127,156,1.2179487179487178,0.03890017318112145,625,Fear the beard.
1027,2065,5,24,127,156,1.2179487179487178,0.03890017318112145,625,Stone clubs are not regulation
3959,2065,6,22,128,156,1.2179487179487178,0.03994917345152504,625,"Designated by who, Barney Rubble?"
4127,2077,7,19,126,152,1.2171052631578947,0.041660551244149774,625,They need to quit it with all these throwback jerseys.
3327,2077,2,29,121,152,1.2171052631578947,0.03605425982131721,625,The balls a little hairy so it works to your benefit
3359,2077,3,27,122,152,1.2171052631578947,0.037243093681966384,625,Just picture the face of a saber-toothed tiger on the ball.
3403,2077,5,23,124,152,1.2171052631578947,0.03951360244884129,625,Some say the game is evolving. But I think it’s the same as it ever was.
3572,2077,4,25,123,152,1.2171052631578947,0.03839513514423931,625,"So, how’s your wife and my kids?"
3835,2077,4,25,123,152,1.2171052631578947,0.03839513514423931,625,"The ""Save Rule"" has been changed again. Other than that, it's the same game."
3890,2077,4,25,123,152,1.2171052631578947,0.03839513514423931,625,How do you swing a bat? It’s so easy even a caveman can do it.
4224,2077,8,17,127,152,1.2171052631578947,0.04269355812891572,625,Time flies
4871,2077,6,21,125,152,1.2171052631578947,0.04060127035236401,625,You! Put slider back on plate.
4331,2077,3,27,122,152,1.2171052631578947,0.037243093681966384,625,It's only an Old Timers Game. Just do your best.
4383,2077,4,25,123,152,1.2171052631578947,0.03839513514423931,625,"Nice oar. Also, this isn't Wack-a-Mole, gramps."
4422,2077,2,29,121,152,1.2171052631578947,0.03605425982131721,625,Home Run Hitter
4594,2077,2,29,121,152,1.2171052631578947,0.03605425982131721,625,You must be part of the evolving rotation.
4669,2077,5,23,124,152,1.2171052631578947,0.03951360244884129,625,After you hit don't throw the bat. Just drop it and run.
4984,2077,6,21,125,152,1.2171052631578947,0.04060127035236401,625,Of course I've heard of Shoeless Joe Jackson.
3258,2077,5,23,124,152,1.2171052631578947,0.03951360244884129,625,"Hey, clubber clubber, hey clubber!"
5230,2077,3,27,122,152,1.2171052631578947,0.037243093681966384,625,"I've got no beef with you identifying as paleo, but you've still got to use a standard issue bat."
5399,2077,5,23,124,152,1.2171052631578947,0.03951360244884129,625,"I know it is you guys’ retro week, but I thought the Louisville Clubber was illegal."
4289,2077,3,27,122,152,1.2171052631578947,0.037243093681966384,625,What!  He is going to try to throw the stone past me and not at me.
3115,2077,5,23,124,152,1.2171052631578947,0.03951360244884129,625,Ya'll have the best uniforms.
2167,2077,3,27,122,152,1.2171052631578947,0.037243093681966384,625,"Laugh, but you don't know my stats in the Neander Valley League."
2990,2077,4,25,123,152,1.2171052631578947,0.03839513514423931,625,"No, the GEICO thing didn't pan out, but I'm batting .785 so far this year and hit a homer to Uzbekistan last week."
117,2077,2,29,121,152,1.2171052631578947,0.03605425982131721,625,So you are the phenom they call Troglodyte.
538,2077,4,25,123,152,1.2171052631578947,0.03839513514423931,625,You're not playing for a club team anymore.
670,2077,7,19,126,152,1.2171052631578947,0.041660551244149774,625,Didn't you used to play with the Tigers?
5577,2077,8,17,127,152,1.2171052631578947,0.04269355812891572,625,"What do you mean, I need to where a batting helmet?"
737,2077,4,25,123,152,1.2171052631578947,0.03839513514423931,625,"Rule #1: You hit the ball,  not me!"
893,2077,3,27,122,152,1.2171052631578947,0.037243093681966384,625,I wish you mascots would learn your place!
1055,2077,8,17,127,152,1.2171052631578947,0.04269355812891572,625,Watch out.  This pitcher throws a mammoth fast ball.
1322,2077,5,23,124,152,1.2171052631578947,0.03951360244884129,625,I'm just not sure it's regulation - any of it.
1500,2077,1,31,120,152,1.2171052631578947,0.034824865764599464,625,"Three squares, two big sticks. Full count."
1501,2077,5,23,124,152,1.2171052631578947,0.03951360244884129,625,"I thought by ""paleo"" you just meant eating more protein, Gary."
1744,2077,6,21,125,152,1.2171052631578947,0.04060127035236401,625,"Remember, you're only supposed to hit the ball."
1855,2077,5,23,124,152,1.2171052631578947,0.03951360244884129,625,"It's called ""the shift""...."
2615,2077,7,19,126,152,1.2171052631578947,0.041660551244149774,625,"Bob, I think you may be taking the Paleo thing a bit too far."
2620,2077,5,23,124,152,1.2171052631578947,0.03951360244884129,625,Just pretend it's prey when it comes at you.
2639,2077,5,23,124,152,1.2171052631578947,0.03951360244884129,625,"You Org, Me Ump"
2737,2077,4,25,123,152,1.2171052631578947,0.03839513514423931,625,I find Old-Timers' Games cheesy.
2821,2077,2,29,121,152,1.2171052631578947,0.03605425982131721,625,"And who are you supposed to be, Shoeless Joe Jackson?"
2885,2077,5,23,124,152,1.2171052631578947,0.03951360244884129,625,Why can't you just accept that the designated hitter is here to stay?
2956,2077,4,25,123,152,1.2171052631578947,0.03839513514423931,625,Aren't you taking this paleo thing a bit too seriously?
3061,2077,4,25,123,152,1.2171052631578947,0.03839513514423931,625,"I'm a bearded woman. Yes, I'm wearing a dress, AND I carry a big stick. Any other questions ump?"
595,2077,4,25,123,152,1.2171052631578947,0.03839513514423931,625,What do you think I'm overcompensating for?
3983,2120,2,30,125,157,1.21656050955414,0.03536800689799933,625,When did they trade you from the Tigers to the Mammoths”
1063,2120,6,22,129,157,1.21656050955414,0.039718171927335184,625,I thought you retired...
3699,2120,7,20,130,157,1.21656050955414,0.040733186698041,625,Charlestown Cavemen.....good name.
3290,2123,3,26,119,148,1.2162162162162162,0.03779710464758923,625,"Hey, No Shirt No Shoes No Swings"
3450,2123,3,26,119,148,1.2162162162162162,0.03779710464758923,625,"Just a heads up, Dave, your manager missed the point of throwback uniform day."
765,2123,6,20,122,148,1.2162162162162162,0.04128446572032289,625,"You know, Slugger is just a nickname?"
2542,2123,1,30,117,148,1.2162162162162162,0.03528121019787079,625,"So you're trying to hit the ball, right?"
490,2127,5,22,122,149,1.2147651006711409,0.039911654648582935,625,"I want to warn you, this pitchers a headhunter and I mean that literally"
4455,2127,4,24,121,149,1.2147651006711409,0.03875881132362739,625,Hey buddy... I bet ya mother was a big hairy ape
4447,2127,4,24,121,149,1.2147651006711409,0.03875881132362739,625,"In the Cave Leagues, catchers need a lot more equipment."
4431,2127,4,24,121,149,1.2147651006711409,0.03875881132362739,625,Three rocks and you’re out.
4355,2127,4,24,121,149,1.2147651006711409,0.03875881132362739,625,Is Barney on deck?
4347,2127,6,20,123,149,1.2147651006711409,0.04103212032487422,625,I’m transitioning.
4317,2127,6,20,123,149,1.2147651006711409,0.04103212032487422,625,Let me guess.  You just came up from the Mets' farm team in Bedrock?
4257,2127,6,20,123,149,1.2147651006711409,0.04103212032487422,625,"Ya, I’ve been with this club for a long time."
4230,2127,7,18,124,149,1.2147651006711409,0.04212279216673749,625,"Crushing the ball"" means hitting it out of the park, not ""beating it into the ground."
4169,2127,4,24,121,149,1.2147651006711409,0.03875881132362739,625,It’s take me out to the ball game. Not take me out at the ball game.
4511,2127,6,20,123,149,1.2147651006711409,0.04103212032487422,625,"Jeez - just how long was that 7th inning stretch, anyway?"
4154,2127,4,24,121,149,1.2147651006711409,0.03875881132362739,625,I don’t care if your diet is paleo. Your uniform still isn’t regulation.
4052,2127,5,22,122,149,1.2147651006711409,0.039911654648582935,625,You have too much pine tar on your club.
3990,2127,5,22,122,149,1.2147651006711409,0.039911654648582935,625,"Please try to hit the ball, not me."
3913,2127,8,16,125,149,1.2147651006711409,0.04318592758630253,625,"You're in trouble for two reasons. One, this pitcher throws heat. Two, you don't know what that means."
3882,2127,4,24,121,149,1.2147651006711409,0.03875881132362739,625,I'll take it from here.
3827,2127,3,26,120,149,1.2147651006711409,0.03757060997180299,625,The old-timers’ game isn’t until next week.
3823,2127,2,28,119,149,1.2147651006711409,0.036343582818513326,625,"As long as I keep hitting, the outfit is OK with management."
3673,2127,4,24,121,149,1.2147651006711409,0.03875881132362739,625,"Let me guess,its Fred!"
3620,2127,3,26,120,149,1.2147651006711409,0.03757060997180299,625,Just how long have you been on the Paleo diet?
3577,2127,2,28,119,149,1.2147651006711409,0.036343582818513326,625,"No, you are not seeing things; I will be hitting the next pitch into the Stone Age."
4098,2127,5,22,122,149,1.2147651006711409,0.039911654648582935,625,Dude! We won! You can shave the beard now.
3536,2127,5,22,122,149,1.2147651006711409,0.039911654648582935,625,I saw Herman Munster do this once.
4513,2127,5,22,122,149,1.2147651006711409,0.039911654648582935,625,"First hire an agent, then discover fire."
4631,2127,4,24,121,149,1.2147651006711409,0.03875881132362739,625,"It's called ""the dugout"" - not ""your cave."""
213,2127,4,24,121,149,1.2147651006711409,0.03875881132362739,625,I hope that you have a high launch angle.
232,2127,3,26,120,149,1.2147651006711409,0.03757060997180299,625,Good thing they haven’t discovered asterisks yet
295,2127,5,22,122,149,1.2147651006711409,0.039911654648582935,625,When did the Mets get new uniforms?
5642,2127,6,20,123,149,1.2147651006711409,0.04103212032487422,625,"Homer off Lefty’s curveball? So easy, even a caveman can do it, right?!"
5591,2127,3,26,120,149,1.2147651006711409,0.03757060997180299,625,"Just got called up from Bedrock, eh?"
5516,2127,3,26,120,149,1.2147651006711409,0.03757060997180299,625,Just got called up from the paleos?
5473,2127,5,22,122,149,1.2147651006711409,0.039911654648582935,625,"From the way he smells, I can tell he's going to hit a foul ball."
5434,2127,4,24,121,149,1.2147651006711409,0.03875881132362739,625,"And it only took you 60,000 years to get your call-up."
5328,2127,4,24,121,149,1.2147651006711409,0.03875881132362739,625,I gather your manager is strong on fundamentals.
4596,2127,5,22,122,149,1.2147651006711409,0.039911654648582935,625,What's it like being called up from retirement after so many years?
5123,2127,7,18,124,149,1.2147651006711409,0.04212279216673749,625,"Next up, Homo Erectus! Looks like he is bringing the heat tonight folks."
5026,2127,6,20,123,149,1.2147651006711409,0.04103212032487422,625,What a surprise! I never dreamed they'd call you up.
5017,2127,6,20,123,149,1.2147651006711409,0.04103212032487422,625,"Is that a ""Simian Slugger""?"
4975,2127,4,24,121,149,1.2147651006711409,0.03875881132362739,625,"Throwing it way back tonight, huh Terry?"
4952,2127,5,22,122,149,1.2147651006711409,0.039911654648582935,625,"The mastodon bone is illegal  but your 
beard is cool, step in pal."
4801,2127,4,24,121,149,1.2147651006711409,0.03875881132362739,625,"Remember, if you get a hit do not throw the bat this time."
4790,2127,4,24,121,149,1.2147651006711409,0.03875881132362739,625,Well this is a curveball.
4723,2127,5,22,122,149,1.2147651006711409,0.039911654648582935,625,"Remember, if you take a base, no knuckle dragging allowed."
4642,2127,7,18,124,149,1.2147651006711409,0.04212279216673749,625,"Just ask the dinosaurs, three strikes and your out."
387,2127,3,26,120,149,1.2147651006711409,0.03757060997180299,625,"No. If you hit it, you can not eat it, and if you miss, return to your cave."
5052,2127,4,24,121,149,1.2147651006711409,0.03875881132362739,625,I love that you have not let the modern game affect your approach
3516,2127,5,22,122,149,1.2147651006711409,0.039911654648582935,625,Wow. Your team took it to far with the vintage uniforms.
4641,2127,2,28,119,149,1.2147651006711409,0.036343582818513326,625,"So where is your helmet, buddy?"
3171,2127,6,20,123,149,1.2147651006711409,0.04103212032487422,625,Truly America's past time.
1330,2127,6,20,123,149,1.2147651006711409,0.04103212032487422,625,The umpire's hiding in the restroom
1288,2127,4,24,121,149,1.2147651006711409,0.03875881132362739,625,I just think comparing yourself to Jackie Robinson is a bit of a stretch.
1286,2127,3,26,120,149,1.2147651006711409,0.03757060997180299,625,Coach asked you to deal with the President’s opening pitch
1211,2127,8,16,125,149,1.2147651006711409,0.04318592758630253,625,Walk softly
1107,2127,5,22,122,149,1.2147651006711409,0.039911654648582935,625,"Shoeless Joe, is that really you?"
1075,2127,6,20,123,149,1.2147651006711409,0.04103212032487422,625,"This is the Majors, kid. If you don't stop crowding the plate, I'll signal him for another brushback, and I don't think you can handle it."
965,2127,3,26,120,149,1.2147651006711409,0.03757060997180299,625,Glad to see you're off the steroids.
890,2127,6,20,123,149,1.2147651006711409,0.04103212032487422,625,"When the catcher said he wanted to go clubbing tonight, this is not what he had in mind."
797,2127,3,26,120,149,1.2147651006711409,0.03757060997180299,625,Maybe these games are getting to be too long.
788,2127,3,26,120,149,1.2147651006711409,0.03757060997180299,625,Watch out. He’s a head hunter too.
770,2127,2,28,119,149,1.2147651006711409,0.036343582818513326,625,"God, I hate the playoffs."
764,2127,5,22,122,149,1.2147651006711409,0.039911654648582935,625,Don't worry.  Even a caveman can get a hit with this guy on the mound.
730,2127,2,28,119,149,1.2147651006711409,0.036343582818513326,625,Who are you calling a knuckleball?
726,2127,5,22,122,149,1.2147651006711409,0.039911654648582935,625,"Okay, Okay, you swing a big stick, but plenty of guys in baseball have a bigger beard these days!"
663,2127,4,24,121,149,1.2147651006711409,0.03875881132362739,625,I hate turn back the clock night.
633,2127,2,28,119,149,1.2147651006711409,0.036343582818513326,625,They call me B.C.
621,2127,4,24,121,149,1.2147651006711409,0.03875881132362739,625,Last thing I remember is a rounded second and felt really cold.
3177,2127,5,22,122,149,1.2147651006711409,0.039911654648582935,625,Didn't you used to play with the Mammoths?
565,2127,3,26,120,149,1.2147651006711409,0.03757060997180299,625,"Farm team? No, they called me up from the hunter and gatherer team."
545,2127,4,24,121,149,1.2147651006711409,0.03875881132362739,625,I see your ERA is Neolithic.
520,2127,4,24,121,149,1.2147651006711409,0.03875881132362739,625,It seems like this game has been going on for ages!
1331,2127,4,24,121,149,1.2147651006711409,0.03875881132362739,625,I think you misunderstood me when I said hit it back to the Stone Age
1473,2127,5,22,122,149,1.2147651006711409,0.039911654648582935,625,"No shoes, no cap, no pitches."
4561,2127,4,24,121,149,1.2147651006711409,0.03875881132362739,625,What do you mean it isn't regulation?  Who cares about regulations anymore?
385,2127,4,24,121,149,1.2147651006711409,0.03875881132362739,625,"Yeah, we all have playoff beards."
3139,2127,5,22,122,149,1.2147651006711409,0.039911654648582935,625,"No, no. Sabermetrics have nothing to do with a tiger."
1620,2127,5,22,122,149,1.2147651006711409,0.039911654648582935,625,Don't look at me that way.  I eat what I bat.
2807,2127,5,22,122,149,1.2147651006711409,0.039911654648582935,625,"The maple club is fine, but you still have to wear a batting helmet."
2714,2127,3,26,120,149,1.2147651006711409,0.03757060997180299,625,"Let's see whatcha got, rookie."
2654,2127,6,20,123,149,1.2147651006711409,0.04103212032487422,625,No..no. BATTING. You start batting. No battering.
2588,2127,4,24,121,149,1.2147651006711409,0.03875881132362739,625,Try calling me out.
2540,2127,3,26,120,149,1.2147651006711409,0.03757060997180299,625,"Johnny Damon, coming out of retirement?"
2444,2127,6,20,123,149,1.2147651006711409,0.04103212032487422,625,"Remember, Grog.  If you strike out, go to the dugout, not the pitcher's mound."
2420,2127,3,26,120,149,1.2147651006711409,0.03757060997180299,625,Finally got called up to the majors?
2295,2127,4,24,121,149,1.2147651006711409,0.03875881132362739,625,"Yes, we can watch Jurassic Park again after the game for the hundredth time."
2642,2127,5,22,122,149,1.2147651006711409,0.039911654648582935,625,"That mask won’t help in this fight, believe me."
2121,2127,6,20,123,149,1.2147651006711409,0.04103212032487422,625,"Uh, yeah.  Brute force will work."
1721,2127,3,26,120,149,1.2147651006711409,0.03757060997180299,625,Not even you can hit the anachronistic curveball... good luck.
1741,2127,2,28,119,149,1.2147651006711409,0.036343582818513326,625,"You have a point - the dugout is like a cave, but that's still not appropriate."
1794,2127,6,20,123,149,1.2147651006711409,0.04103212032487422,625,"Hey, I haven’t seen you in ages, how is Pebbles and Bam-Bam?"
2276,2127,4,24,121,149,1.2147651006711409,0.03875881132362739,625,Old timers day has gone to far.
1843,2127,6,20,123,149,1.2147651006711409,0.04103212032487422,625,Who said you could use the practice bat?
2952,2127,6,20,123,149,1.2147651006711409,0.04103212032487422,625,I'm just moonlighting at this until I can upgrade my man cave.
1998,2127,5,22,122,149,1.2147651006711409,0.039911654648582935,625,"Overdid it with the PEDs, I see."""
2016,2127,6,20,123,149,1.2147651006711409,0.04103212032487422,625,Don't swing.  Just hold it up high and look like you will. The law of averages is on your side.
2043,2127,5,22,122,149,1.2147651006711409,0.039911654648582935,625,"I gotta hand it to you Saber Tooth Ball 
Cats . You really went old school with your new uniforms"
1876,2127,5,22,122,149,1.2147651006711409,0.039911654648582935,625,"It looks like a house, ""Home"" plate?... Yeah...nevermind."
1896,2223,3,26,121,150,1.2133333333333334,0.03734675373997375,625,Just so long as it isn't aluminum.
3511,2224,4,23,120,147,1.2108843537414966,0.038891657713431366,625,He sees you're not wearing a helmet he'll go for your head!
3912,2224,6,19,122,147,1.2108843537414966,0.041218162985870825,625,Is that pine tar from La Brae?
3814,2224,4,23,120,147,1.2108843537414966,0.038891657713431366,625,I beat you to pulp
3787,2224,3,25,119,147,1.2108843537414966,0.03767456807427461,625,"That's one Mammoth bat you got there, buddy"
3703,2224,4,23,120,147,1.2108843537414966,0.038891657713431366,625,Nice bat. You certaintly won't have to worry about striking out as it's widewr than the plate.
3651,2224,2,27,118,147,1.2108843537414966,0.0364168246757951,625,I spent a long time in the minor leagues
3624,2224,4,23,120,147,1.2108843537414966,0.038891657713431366,625,"I said ""Join the club,"" not bring one!"
4007,2224,7,17,123,147,1.2108843537414966,0.04233349643066781,625,I didnt recive a uniform
3621,2224,3,25,119,147,1.2108843537414966,0.03767456807427461,625,"Pal, you gotta look the other way!"
3589,2224,7,17,123,147,1.2108843537414966,0.04233349643066781,625,Steroids? God NO! But this Paleo diet seems to have its own side effects!
3805,2224,6,19,122,147,1.2108843537414966,0.041218162985870825,625,Take it easy! It just means you’re one ball away from a walk.
2832,2224,3,25,119,147,1.2108843537414966,0.03767456807427461,625,Yep. I'm goin' commando.
3355,2224,6,19,122,147,1.2108843537414966,0.041218162985870825,625,Is that a sabre-toothed tiger on first base?
3338,2224,6,19,122,147,1.2108843537414966,0.041218162985870825,625,Of course you can You own the club.
3287,2224,5,21,121,147,1.2108843537414966,0.0400717980606593,625,Are you on the paleo diet?
3132,2224,7,17,123,147,1.2108843537414966,0.04233349643066781,625,"Ok Og, just remember, a called strike doesn't mean you can hit me."
3039,2224,4,23,120,147,1.2108843537414966,0.038891657713431366,625,"Hey kid, I guess the Steinbrenners aren't enforcing the no-beard rule anymore huh ?"
3019,2224,9,13,125,147,1.2108843537414966,0.044480342178050636,625,This is Bob's first game back after his suspension for domestic assault.
2900,2224,5,21,121,147,1.2108843537414966,0.0400717980606593,625,I’m actually undercover for your team.
4047,2224,3,25,119,147,1.2108843537414966,0.03767456807427461,625,"I said, watch for a curve ball, not a cave ball."
2830,2224,6,19,122,147,1.2108843537414966,0.041218162985870825,625,Wanna see why they call it ‘slugging percentage?’
2822,2224,5,21,121,147,1.2108843537414966,0.0400717980606593,625,"Hey, hold on. Didn’t I see you playing at the old-timers games this year?"
2730,2224,4,23,120,147,1.2108843537414966,0.038891657713431366,625,Ugg! Digging the new uniform!
2709,2224,5,21,121,147,1.2108843537414966,0.0400717980606593,625,They told me you were up with the big club
3504,2224,4,23,120,147,1.2108843537414966,0.038891657713431366,625,Please don
4071,2224,2,27,118,147,1.2108843537414966,0.0364168246757951,625,"So, your the Sultan of What from the Neanderthal  League!"
2563,2224,4,23,120,147,1.2108843537414966,0.038891657713431366,625,"No, my head is NOT in the strike zone."
4088,2224,3,25,119,147,1.2108843537414966,0.03767456807427461,625,"I always strike out, but not in the way you think."
5648,2224,5,21,121,147,1.2108843537414966,0.0400717980606593,625,"No, Cubs is the name of the team!"
5662,2224,5,21,121,147,1.2108843537414966,0.0400717980606593,625,Just hit the ball. You don't have to hunt or gather it.
5635,2224,4,23,120,147,1.2108843537414966,0.038891657713431366,625,The key to a successful hitter is not to overthink.
5590,2224,6,19,122,147,1.2108843537414966,0.041218162985870825,625,"It's called ""Remembrance of Things Past"".  You should read it some time."
5567,2224,4,23,120,147,1.2108843537414966,0.038891657713431366,625,"Geez, enough with the steroids already!"
5563,2224,1,29,117,147,1.2108843537414966,0.035114059283313376,625,Doing the full Paleo?
5530,2224,5,21,121,147,1.2108843537414966,0.0400717980606593,625,I think you got too much pine tar on that club.
5229,2224,4,23,120,147,1.2108843537414966,0.038891657713431366,625,Are you sure I’m supposed to hit the ball? We usually hit heads with this.
5163,2224,5,21,121,147,1.2108843537414966,0.0400717980606593,625,This 'Paleo Night' promotion is getting out of hand.
5103,2224,3,25,119,147,1.2108843537414966,0.03767456807427461,625,Have you heard if it's going to be a soft or hard Brexit?
5069,2224,4,23,120,147,1.2108843537414966,0.038891657713431366,625,Sorry to hear it didn’t work out in Hollyrock with Pebbles.
4968,2224,3,25,119,147,1.2108843537414966,0.03767456807427461,625,"Honest, there's not smidgeon of pine tar on this bat."
4077,2224,5,21,121,147,1.2108843537414966,0.0400717980606593,625,Hand signals?  You're such a Neanderthal.
4965,2224,4,23,120,147,1.2108843537414966,0.038891657713431366,625,"Up next, Designated Hitter Ned Anderthal!"
4830,2224,4,23,120,147,1.2108843537414966,0.038891657713431366,625,Is your farm system really a hunter gatherer system now?
4744,2224,2,27,118,147,1.2108843537414966,0.0364168246757951,625,You can't hit.  You are out of uniform.
4731,2224,5,21,121,147,1.2108843537414966,0.0400717980606593,625,I thought you were traded to the Yankees!
4718,2224,4,23,120,147,1.2108843537414966,0.038891657713431366,625,I played for the major club league before.
4692,2224,4,23,120,147,1.2108843537414966,0.038891657713431366,625,Is that a bat out of hell?
4645,2224,4,23,120,147,1.2108843537414966,0.038891657713431366,625,"No, you're IN a club, and that's a bat, but not that KIND of bat."
4577,2224,4,23,120,147,1.2108843537414966,0.038891657713431366,625,They will talk about this game in pre-history!
4326,2224,2,27,118,147,1.2108843537414966,0.0364168246757951,625,These theme nights are getting extreme.
4242,2224,5,21,121,147,1.2108843537414966,0.0400717980606593,625,How will you slide into first?
4241,2224,3,25,119,147,1.2108843537414966,0.03767456807427461,625,I prefer pine tar but some of the old school guys still use the tar pits.
4240,2224,5,21,121,147,1.2108843537414966,0.0400717980606593,625,Oh -- I forgot it's throwback jersey night.
4140,2224,7,17,123,147,1.2108843537414966,0.04233349643066781,625,ME...LIKE...SABERMETRICS
4831,2224,3,25,119,147,1.2108843537414966,0.03767456807427461,625,That's why the walk-up music was 'Alley-Oop?'
5370,2224,3,25,119,147,1.2108843537414966,0.03767456807427461,625,Most of the guys in our league prefer aluminum bats.
5167,2224,8,15,124,147,1.2108843537414966,0.04342018977573587,625,The Great Bamm-Bamm-bino steps up to the plate.
2382,2224,1,29,117,147,1.2108843537414966,0.035114059283313376,625,I can’t wait to tell my kids I met the bat’s inventor.
932,2224,3,25,119,147,1.2108843537414966,0.03767456807427461,625,I don't think bone bats are legal
923,2224,3,25,119,147,1.2108843537414966,0.03767456807427461,625,Beards in baseball is so 2017.
909,2224,5,21,121,147,1.2108843537414966,0.0400717980606593,625,I guess they were serious about getting you up here with the big club.
907,2224,3,25,119,147,1.2108843537414966,0.03767456807427461,625,Wow! They finally sent you up from the sub-minors.
883,2224,6,19,122,147,1.2108843537414966,0.041218162985870825,625,You're taking too many steroids.
866,2224,5,21,121,147,1.2108843537414966,0.0400717980606593,625,SO YOU SAY YOUR 18 AND YOUR'RE FROM RUSSIA?
824,2224,4,23,120,147,1.2108843537414966,0.038891657713431366,625,"No, seriously dude, with a cranium like that you're gonna want a batting helmet."
822,2224,3,25,119,147,1.2108843537414966,0.03767456807427461,625,You might want to start your swing a tad earlier.
679,2224,4,23,120,147,1.2108843537414966,0.038891657713431366,625,I know that's you Sammy - the corked bat gives it away.
602,2224,3,25,119,147,1.2108843537414966,0.03767456807427461,625,The Home Run Derby was last week.
563,2224,3,25,119,147,1.2108843537414966,0.03767456807427461,625,"Back from the Bush League, I see."
458,2224,3,25,119,147,1.2108843537414966,0.03767456807427461,625,You don't bring a club to a bat fight
434,2224,3,25,119,147,1.2108843537414966,0.03767456807427461,625,I'm not sure how I feel about the retro uniforms.
378,2224,1,29,117,147,1.2108843537414966,0.035114059283313376,625,I love retro uniform day.
360,2224,3,25,119,147,1.2108843537414966,0.03767456807427461,625,Peeeeeyeew -- I know why you're not the clean-up batter.
281,2224,4,23,120,147,1.2108843537414966,0.038891657713431366,625,They did tell me we were going to play against some 'mammoth sluggers'...
216,2224,5,21,121,147,1.2108843537414966,0.0400717980606593,625,Some day you'll understand what 3 and 2 means.
174,2224,3,25,119,147,1.2108843537414966,0.03767456807427461,625,I haven't seen you since the La Brea Tar Pits Game.
168,2224,3,25,119,147,1.2108843537414966,0.03767456807427461,625,"They cheer loudest when you swing and miss the ball."""
141,2224,5,21,121,147,1.2108843537414966,0.0400717980606593,625,I've been at this a lot longer than you.
118,2224,4,23,120,147,1.2108843537414966,0.038891657713431366,625,"""Hey batta, batta. You couldn't hit a mastodon if it was sound asleep."
61,2224,6,19,122,147,1.2108843537414966,0.041218162985870825,625,ball club
29,2224,7,17,123,147,1.2108843537414966,0.04233349643066781,625,Fair warning–he throws a mean curve rock.
27,2224,5,21,121,147,1.2108843537414966,0.0400717980606593,625,"I think you're taking ""clubhouse"" too literally."
2391,2224,4,23,120,147,1.2108843537414966,0.038891657713431366,625,"Sorry, this plate doesn't have food."
1171,2224,5,21,121,147,1.2108843537414966,0.0400717980606593,625,America it’s past time.
1177,2224,5,21,121,147,1.2108843537414966,0.0400717980606593,625,I can’t count. Don’t worry.
369,2224,4,23,120,147,1.2108843537414966,0.038891657713431366,625,(catcher signal) ‘knuckle-dragger ball’
1189,2224,1,29,117,147,1.2108843537414966,0.035114059283313376,625,"The ‘Green Monster’ isn’t literal, you know."
2274,2224,6,19,122,147,1.2108843537414966,0.041218162985870825,625,Too much pine tar?
2258,2224,4,23,120,147,1.2108843537414966,0.038891657713431366,625,Have you checked the rules on that?
2177,2224,4,23,120,147,1.2108843537414966,0.038891657713431366,625,You been with my wife?
2156,2224,7,17,123,147,1.2108843537414966,0.04233349643066781,625,"You can bat as long as you don't ""take a knee."""
2084,2224,3,25,119,147,1.2108843537414966,0.03767456807427461,625,Whadda you starin' at?  We invented mom and apple pie too.
2057,2224,2,27,118,147,1.2108843537414966,0.0364168246757951,625,"Watch out for the Brush back pitch,
it's evolutionary"
1950,2224,4,23,120,147,1.2108843537414966,0.038891657713431366,625,"No! We're a baseball ""club"". Use a bat like everyone else."
1842,2224,5,21,121,147,1.2108843537414966,0.0400717980606593,625,Gender neutral uniforms.  How cool.
1837,2224,3,25,119,147,1.2108843537414966,0.03767456807427461,625,It was clearly a strike!
1825,2224,4,23,120,147,1.2108843537414966,0.038891657713431366,625,"Sure, it’s certified. It’s a B.C. Slugger."
1793,2224,2,27,118,147,1.2108843537414966,0.0364168246757951,625,Bunt.
1752,2224,4,23,120,147,1.2108843537414966,0.038891657713431366,625,"He throw chin music, you feel pain from club. Comprende?"
1808,2224,4,23,120,147,1.2108843537414966,0.038891657713431366,625,I was traded years ago.
1694,2224,3,25,119,147,1.2108843537414966,0.03767456807427461,625,This preseason keeps getting earlier and earlier!
1218,2224,5,21,121,147,1.2108843537414966,0.0400717980606593,625,"I'll tell you one last time, you hit the BALL not ME."
1276,2224,4,23,120,147,1.2108843537414966,0.038891657713431366,625,"Where I come from, the curve ball hasn’t been invented yet."
1332,2224,4,23,120,147,1.2108843537414966,0.038891657713431366,625,"What's wrong with my bat? 
You got a problem with my bat?!"
1343,2224,3,25,119,147,1.2108843537414966,0.03767456807427461,625,It's called Free Agency
1400,2224,3,25,119,147,1.2108843537414966,0.03767456807427461,625,"Bush league ball club, eh?"
1715,2224,4,23,120,147,1.2108843537414966,0.038891657713431366,625,"Playing to his base"" is more a figure of speach."
1425,2224,6,19,122,147,1.2108843537414966,0.041218162985870825,625,"No offense, but bringing back the old Hall O’ Famers is NOT going to boost ratings."
1633,2224,5,21,121,147,1.2108843537414966,0.0400717980606593,625,I have a tight swing.
1634,2224,6,19,122,147,1.2108843537414966,0.041218162985870825,625,No helmet?
1685,2224,1,29,117,147,1.2108843537414966,0.035114059283313376,625,Been in the minors a while?
1627,2224,4,23,120,147,1.2108843537414966,0.038891657713431366,625,"Wow, you must've been in the minors forever!"
1188,2224,3,25,119,147,1.2108843537414966,0.03767456807427461,625,"You forgot your cleats, again."
671,2337,2,28,122,152,1.2105263157894737,0.03570675039814121,625,"Throwback uniform day is next week, Harry!"
4857,2338,2,25,112,139,1.20863309352518,0.03748258573711648,625,Old timers day at the old ball park again
5038,2338,3,23,113,139,1.20863309352518,0.03884853469689172,625,"Wrong GAME, dude."
4904,2338,4,21,114,139,1.20863309352518,0.04016806023012453,625,"You give our drugs a bad name, Zug. For heaven’s sake, get a haircut and buy a uniform."
3029,2338,4,21,114,139,1.20863309352518,0.04016806023012453,625,So you were called up from the Bedrock Quarrymen.
4213,2338,1,27,111,139,1.20863309352518,0.036064938915586355,625,It's not your batting average that's got us worried.
2379,2338,6,17,116,139,1.20863309352518,0.04268491410043526,625,"Step aside buddy, no Trump supporters are allowed to bat here."
5631,2338,4,21,114,139,1.20863309352518,0.04016806023012453,625,"Today, maul ball. Tomorrow, woolly mammoth."
3451,2345,3,24,117,144,1.2083333333333333,0.03800968060554863,625,That throwback jersey is a keeper.
3474,2345,3,24,117,144,1.2083333333333333,0.03800968060554863,625,That bat doesn't look regulation.
3509,2345,3,24,117,144,1.2083333333333333,0.03800968060554863,625,I need bigger balls!
3610,2345,4,22,118,144,1.2083333333333333,0.039266536858512446,625,The hard part is the domestic violence policy
3652,2345,3,24,117,144,1.2083333333333333,0.03800968060554863,625,And everyone thought it would be Ted Williams who would make the first icy slumber comeback.
3657,2345,6,18,120,144,1.2083333333333333,0.041666666666666664,625,"That's not quite what we meant by BYOB, but I'm impressed by your spelling"
3889,2345,4,22,118,144,1.2083333333333333,0.039266536858512446,625,I thought the Red Sox traded you?
4436,2345,5,20,119,144,1.2083333333333333,0.04048439222695598,625,So what if  my bat's not regulation. Do you want to make something out of it?
4478,2345,3,24,117,144,1.2083333333333333,0.03800968060554863,625,"This may just be sour grapes, but I sure hope ""Jurassic World Series"" 
is the final sequel in this  whole franchise."
4484,2345,6,18,120,144,1.2083333333333333,0.041666666666666664,625,Well now you're just grandstanding.
4560,2345,3,24,117,144,1.2083333333333333,0.03800968060554863,625,"Rod Serling says, ""Hello."""
4826,2345,3,24,117,144,1.2083333333333333,0.03800968060554863,625,Ready to knock it out of Jurassic Park?
3416,2345,5,20,119,144,1.2083333333333333,0.04048439222695598,625,Can I get your cave drawing after the game?
5286,2345,8,14,122,144,1.2083333333333333,0.04393587720031666,625,Got any naked pictographs of your wife? Wanna see some?
5298,2345,3,24,117,144,1.2083333333333333,0.03800968060554863,625,Not nearly as easy as GEICO.
5356,2345,4,22,118,144,1.2083333333333333,0.039266536858512446,625,The club is a team.  You hit with a bat.
5457,2345,4,22,118,144,1.2083333333333333,0.039266536858512446,625,I didn’t know the Paleo diet came with a uniform.
5461,2345,4,22,118,144,1.2083333333333333,0.039266536858512446,625,"I’m Lief, the Relief."
5523,2345,4,22,118,144,1.2083333333333333,0.039266536858512446,625,I can’t wait to see my rookie card.
5560,2345,3,24,117,144,1.2083333333333333,0.03800968060554863,625,Real tigers don't have pinstripes.
5579,2345,4,22,118,144,1.2083333333333333,0.039266536858512446,625,Just screwballs for you.
5593,2345,7,16,121,144,1.2083333333333333,0.0428163077370785,625,It’s 2-3 and you.
5602,2345,2,26,116,144,1.2083333333333333,0.03670981779593468,625,This ain't the Neanderthal League anymore.
5637,2345,1,28,115,144,1.2083333333333333,0.03536220617390303,625,I got it in the clubhouse. Why do you ask?
5656,2345,3,24,117,144,1.2083333333333333,0.03800968060554863,625,"Yeah, I tried the Paleo diet, but it just didn't work that well for me."
5240,2345,4,22,118,144,1.2083333333333333,0.039266536858512446,625,Ya I was a late-bloomer too.
3360,2345,5,20,119,144,1.2083333333333333,0.04048439222695598,625,"No, we did not steal your mammoth."
459,2345,6,18,120,144,1.2083333333333333,0.041666666666666664,625,"Two things pal, one is your pants are still on, and two is, you need to dig a hole. I'm not the cleanup hitter"
3117,2345,3,24,117,144,1.2083333333333333,0.03800968060554863,625,"Ok old-timer, let's see what you got!"
31,2345,2,26,116,144,1.2083333333333333,0.03670981779593468,625,"Me hunter, you gatherer."
169,2345,4,22,118,144,1.2083333333333333,0.039266536858512446,625,"Just don't throw the bat, pal!"
173,2345,2,26,116,144,1.2083333333333333,0.03670981779593468,625,I've never seen a more natural swing.
234,2345,5,20,119,144,1.2083333333333333,0.04048439222695598,625,"For what it's worth, I miss the Phoenician-ball era, too."
247,2345,4,22,118,144,1.2083333333333333,0.039266536858512446,625,So they finally found someone PEDs negative.”
330,2345,4,22,118,144,1.2083333333333333,0.039266536858512446,625,Hey...move up in the batter's box
368,2345,3,24,117,144,1.2083333333333333,0.03800968060554863,625,I remember the days before the designated hunter-gatherer
427,2345,4,22,118,144,1.2083333333333333,0.039266536858512446,625,How'd you beat the tests?
3294,2345,3,24,117,144,1.2083333333333333,0.03800968060554863,625,You scared away the ump.
534,2345,3,24,117,144,1.2083333333333333,0.03800968060554863,625,I see you haven't played in a long time...
697,2345,3,24,117,144,1.2083333333333333,0.03800968060554863,625,"I could stand erect too, but that would make catching kinda hard."
803,2345,5,20,119,144,1.2083333333333333,0.04048439222695598,625,You got panties on under that sack?
1253,2345,6,18,120,144,1.2083333333333333,0.041666666666666664,625,"Carl, it was fun in the bedroom but not at work."
1476,2345,2,26,116,144,1.2083333333333333,0.03670981779593468,625,The designated hitter rule has certainly extended your career hasn't it.
1121,2345,7,16,121,144,1.2083333333333333,0.0428163077370785,625,"No, you dumbbell, it wasn't the 'middle finger'!"
1565,2345,4,22,118,144,1.2083333333333333,0.039266536858512446,625,"Come on, ya must know Freddie Flintstone? Played catcher, yelled ""yabba dabba dew""  as the batter swung."
2883,2345,4,22,118,144,1.2083333333333333,0.039266536858512446,625,This has been a really long inning.
2853,2345,4,22,118,144,1.2083333333333333,0.039266536858512446,625,I was thinking of going 'paleo'  myself!
2824,2345,4,22,118,144,1.2083333333333333,0.039266536858512446,625,I don’t think Mr Trump wants anybody kneeling anymore... get up!
2685,2345,2,26,116,144,1.2083333333333333,0.03670981779593468,625,"Carl, I know I texted ""past time"" instead of ""pastime"" but could we just play?"
1484,2345,4,22,118,144,1.2083333333333333,0.039266536858512446,625,"Remember, this time swing at the ball and not at my head."
2416,2345,3,24,117,144,1.2083333333333333,0.03800968060554863,625,Name’s Casey. I’m going to bring  joy to Mudville
2409,2345,5,20,119,144,1.2083333333333333,0.04048439222695598,625,Where is your batting helmet?  Have you been living in a cave
2463,2345,1,28,115,144,1.2083333333333333,0.03536220617390303,625,"Traditionally, you should at least be wearing socks."
2317,2345,6,18,120,144,1.2083333333333333,0.041666666666666664,625,I think you may have misunderstood the concept of sabermetrics.
2020,2345,5,20,119,144,1.2083333333333333,0.04048439222695598,625,"Ok, one more time:  the strike zone is not my head..."
1733,2345,4,22,118,144,1.2083333333333333,0.039266536858512446,625,The Yankees chose not to participate in retro jersey night.
1702,2345,3,24,117,144,1.2083333333333333,0.03800968060554863,625,I heard you've had a Mammoth hitting year
1657,2345,2,26,116,144,1.2083333333333333,0.03670981779593468,625,"And you must be the new guy from the Mets’ hunter/gatherer system, right?"
2348,2345,6,18,120,144,1.2083333333333333,0.041666666666666664,625,"Well, I've been a designated hitter for my clan for years."
2,2345,4,22,118,144,1.2083333333333333,0.039266536858512446,625,"I'm not judging – if the Paleo Diet's working for you, great."
4706,2405,4,21,116,141,1.2056737588652482,0.03965112612632209,625,Ever clubbed a 99 mph fast ball before?
3643,2405,2,25,114,141,1.2056737588652482,0.03700780401345189,625,Performance enhancing clubs are not allowed.
3928,2405,4,21,116,141,1.2056737588652482,0.03965112612632209,625,Steroids. Why?
4285,2405,0,29,112,141,1.2056737588652482,0.0341605519965739,625,"You can't be up, you're not on the roster. I don't care if you are the ""missing link""."
4603,2405,3,23,115,141,1.2056737588652482,0.03835224479077833,625,Lemme guess. Another call-up from the originalists?
3335,2405,5,19,117,141,1.2056737588652482,0.04090878787839137,625,Looks Like You've Been In The Minors For Eons
4741,2405,3,23,115,141,1.2056737588652482,0.03835224479077833,625,"Boxers, no. Briefs, no. Leopard skin loincloth, no. I'm telling you, you'll never guess!"
4813,2405,5,19,117,141,1.2056737588652482,0.04090878787839137,625,"""Dude, is that your Flintmobile in the no parking zone?"""
5098,2405,5,19,117,141,1.2056737588652482,0.04090878787839137,625,You are taking this paleo diet too far.
5134,2405,4,21,116,141,1.2056737588652482,0.03965112612632209,625,"Here's a little tip for you, rookie. You need to shorten up on your jawbone."
5362,2405,5,19,117,141,1.2056737588652482,0.04090878787839137,625,Cool. You're the first Pro-Magnon man.
4732,2405,3,23,115,141,1.2056737588652482,0.03835224479077833,625,"But i told you, you have to wear cleats!"
3296,2405,2,25,114,141,1.2056737588652482,0.03700780401345189,625,"That's taking ""throwback"" a little extreme, isn't it?"
1951,2405,4,21,116,141,1.2056737588652482,0.03965112612632209,625,"Sure, I'm only a .220 hitter, but I have a .340 fantasy average in my man-cave."
3180,2405,1,27,113,141,1.2056737588652482,0.03561264431777493,625,Don't you think it's time to retire?
481,2405,6,17,118,141,1.2056737588652482,0.042128921755403836,625,"Somehow, 'The Cleveland Neanderthals' manages to be even more offensive."
3236,2405,5,19,117,141,1.2056737588652482,0.04090878787839137,625,"Mr. Og, it's truly an honor to play alongside a veteran of the game such as yourself."
188,2405,5,19,117,141,1.2056737588652482,0.04090878787839137,625,My wife went hunting with the smaller bat
675,2405,3,23,115,141,1.2056737588652482,0.03835224479077833,625,"Show some respect, I'm a Pro-Magnon"
795,2405,5,19,117,141,1.2056737588652482,0.04090878787839137,625,Okay! Punt and gather! Punt and gather!
867,2405,4,21,116,141,1.2056737588652482,0.03965112612632209,625,Can I interest you in some car insurance.
1365,2405,3,23,115,141,1.2056737588652482,0.03835224479077833,625,"I think you guys are taking ""Throwback Thursday"" a bit too far."
757,2405,4,21,116,141,1.2056737588652482,0.03965112612632209,625,You guys went all out for ‘Retro Day’.
1613,2405,4,21,116,141,1.2056737588652482,0.03965112612632209,625,"""I hope you're not planning to slide in that outfit."""
2170,2405,2,25,114,141,1.2056737588652482,0.03700780401345189,625,"It's simple,  just keep your eye on the  ball."
2702,2405,4,21,116,141,1.2056737588652482,0.03965112612632209,625,I am the designated cave man.
2719,2405,4,21,116,141,1.2056737588652482,0.03965112612632209,625,"Yeah pal, hit it back to the Stone Age."
2913,2405,4,21,116,141,1.2056737588652482,0.03965112612632209,625,No sliding-  this isn't an X-rated game.
1396,2405,4,21,116,141,1.2056737588652482,0.03965112612632209,625,"It's called the designated hitter, not the designated hunter."
2930,2405,4,21,116,141,1.2056737588652482,0.03965112612632209,625,You're really taking this paleo diet too far!
3064,2405,4,21,116,141,1.2056737588652482,0.03965112612632209,625,"Yeah, of course we’ve evolved, Bob — now try to hit the little ball with you big wooden stick."
3750,2436,5,18,115,138,1.2028985507246377,0.04134548201289941,625,We think you're gonna bunt.
3735,2436,3,22,113,138,1.2028985507246377,0.038702400924038254,625,Your team really ought to update your uniforms
3661,2436,4,20,114,138,1.2028985507246377,0.04004575333393034,625,Looks like you got your gear in the clubhouse.
3656,2436,4,20,114,138,1.2028985507246377,0.04004575333393034,625,The fans really love the throwback unis.
3602,2436,5,18,115,138,1.2028985507246377,0.04134548201289941,625,"So Redford's doing a remake of ""The Natural""?"
3568,2436,3,22,113,138,1.2028985507246377,0.038702400924038254,625,Strike = bad. Fire = good.
3763,2436,3,22,113,138,1.2028985507246377,0.038702400924038254,625,My DNA test results say I’m 2.8% Neanderthal. Have any kin in Jersey?
3659,2436,5,18,115,138,1.2028985507246377,0.04134548201289941,625,"You realize that’s a dugout, not a cave..."
3780,2436,3,22,113,138,1.2028985507246377,0.038702400924038254,625,I really hate these 'throwback jersey' promotions.
4110,2436,4,20,114,138,1.2028985507246377,0.04004575333393034,625,"When they said they were sending me back to the minors, I didn't think it would be this far back."
3854,2436,3,22,113,138,1.2028985507246377,0.038702400924038254,625,The next one won't be a rock.
3902,2436,6,16,116,138,1.2028985507246377,0.04260557951343913,625,"The pitcher’s going to ‘fire’ the next one into your ‘wheel’house, if that’s any help."
3982,2436,4,20,114,138,1.2028985507246377,0.04004575333393034,625,"Still got the playoff beard? What’s it been, 7000 years?"
3999,2436,3,22,113,138,1.2028985507246377,0.038702400924038254,625,Grog contemplated how the future ain't what it used to be.
4038,2436,5,18,115,138,1.2028985507246377,0.04134548201289941,625,I will now hit you in the head with a vintage bat
4078,2436,1,26,111,138,1.2028985507246377,0.03586506366495124,625,"Mike, you play for the Tigers...not the Saber-toothed Tigers."
4152,2436,7,14,117,138,1.2028985507246377,0.04382946415909028,625,I have great seats at the Opera after the game.
4158,2436,3,22,113,138,1.2028985507246377,0.038702400924038254,625,Just up from the Cave  League ?
4159,2436,5,18,115,138,1.2028985507246377,0.04134548201289941,625,You can expect a small boulder to be coming your way.
4172,2436,2,24,112,138,1.2028985507246377,0.037310713132932764,625,You're the designated hitter?
4206,2436,5,18,115,138,1.2028985507246377,0.04134548201289941,625,"So let me bring you up to speed.  First of all, WAR doesn't mean what you think it means..."
3794,2436,4,20,114,138,1.2028985507246377,0.04004575333393034,625,Didn't realize we were up against the Texas Rangers today.
3530,2436,3,22,113,138,1.2028985507246377,0.038702400924038254,625,"Your wife is hot. 
Did she invent fire?"
3414,2436,5,18,115,138,1.2028985507246377,0.04134548201289941,625,"That last curve froze you for 40,000 years"
3457,2436,8,12,118,138,1.2028985507246377,0.04502008941872479,625,I assume those are your mammoth skins drying in left field?
2947,2436,3,22,113,138,1.2028985507246377,0.038702400924038254,625,Was the throwback uniform game today?
2970,2436,3,22,113,138,1.2028985507246377,0.038702400924038254,625,Hitting rock with stick seem a bit rudimentary don't you think?
2977,2436,3,22,113,138,1.2028985507246377,0.038702400924038254,625,"So, I gotta ask ya:  Was Fred Flintstone any good at second?"
2998,2436,5,18,115,138,1.2028985507246377,0.04134548201289941,625,Paleo Diet has a few side effects I see.
3002,2436,4,20,114,138,1.2028985507246377,0.04004575333393034,625,You sure that uniform is regulation?
3007,2436,4,20,114,138,1.2028985507246377,0.04004575333393034,625,Looks like you found the clubhouse.
3024,2436,6,16,116,138,1.2028985507246377,0.04260557951343913,625,The Giants traded you to get the Panda?
5573,2436,4,20,114,138,1.2028985507246377,0.04004575333393034,625,You might keep an eye on my follow through.
3048,2436,4,20,114,138,1.2028985507246377,0.04004575333393034,625,"Hey, Old Timer's Day is NEXT Sunday!!"
3120,2436,4,20,114,138,1.2028985507246377,0.04004575333393034,625,"Igor, you've been told before you can only play with a regulation bat."
3124,2436,7,14,117,138,1.2028985507246377,0.04382946415909028,625,"You signaled a 'curveball', didn't you?"
3464,2436,3,22,113,138,1.2028985507246377,0.038702400924038254,625,"Looking good, Jason! I see that the paleo diet your manager has you on is working."
3133,2436,4,20,114,138,1.2028985507246377,0.04004575333393034,625,"Don't worry about the pine tar, it's fossilized."
3195,2436,2,24,112,138,1.2028985507246377,0.037310713132932764,625,Shoeless Joe slugged from the other side
3209,2436,1,26,111,138,1.2028985507246377,0.03586506366495124,625,"Look, baseball may be timeless - but it's not retro."
2901,2436,4,20,114,138,1.2028985507246377,0.04004575333393034,625,How's the wife and troglodytes?
3242,2436,2,24,112,138,1.2028985507246377,0.037310713132932764,625,Take it easy on the backswing.
3310,2436,3,22,113,138,1.2028985507246377,0.038702400924038254,625,"And, now, batting third for the Mets ..."
3321,2436,3,22,113,138,1.2028985507246377,0.038702400924038254,625,"Yes, this is Fenway Park...and you are with the Yankees."
3413,2436,5,18,115,138,1.2028985507246377,0.04134548201289941,625,"For some reason, I don't think you are going to bunt."
5619,2436,3,22,113,138,1.2028985507246377,0.038702400924038254,625,"I love these no-cut contracts."""
3423,2436,5,18,115,138,1.2028985507246377,0.04134548201289941,625,Brings new meaning to the term Clubhouse.
3424,2436,5,18,115,138,1.2028985507246377,0.04134548201289941,625,Even a caveman knows there should never have been a designated hitter rule.
3449,2436,2,24,112,138,1.2028985507246377,0.037310713132932764,625,Is this where I strike?
3181,2436,5,18,115,138,1.2028985507246377,0.04134548201289941,625,"No offense, but the guys and I found your hunting depictions in the dugout a bit derivative."
4226,2436,3,22,113,138,1.2028985507246377,0.038702400924038254,625,So is it true you signed for a hundred shanks of water buffalo?
4409,2436,3,22,113,138,1.2028985507246377,0.038702400924038254,625,I'm trying to put a new twist on minor league clubs.
4247,2436,2,24,112,138,1.2028985507246377,0.037310713132932764,625,"Bro, seriously, I think going commando would be a really bad choice!"
5034,2436,4,20,114,138,1.2028985507246377,0.04004575333393034,625,"'No, I will hit YOU back to the stone age!'"
5072,2436,3,22,113,138,1.2028985507246377,0.038702400924038254,625,#3 on Grog’s bucket list - done!
5077,2436,1,26,111,138,1.2028985507246377,0.03586506366495124,625,"Wait, you’re the guy with that long contract, right?"
5111,2436,1,26,111,138,1.2028985507246377,0.03586506366495124,625,Nice dress... batter up.
5113,2436,6,16,116,138,1.2028985507246377,0.04260557951343913,625,Do you knowt the rues?
5148,2436,5,18,115,138,1.2028985507246377,0.04134548201289941,625,"With that bat, I have to assume that you literally want to kill the ball"
5170,2436,5,18,115,138,1.2028985507246377,0.04134548201289941,625,Steroid free but what about your DNA?
5187,2436,3,22,113,138,1.2028985507246377,0.038702400924038254,625,"Everyone batter needs to wear a helmet, no exceptions!"
5191,2436,5,18,115,138,1.2028985507246377,0.04134548201289941,625,I see you're the big bat in the lineup.
5244,2436,2,24,112,138,1.2028985507246377,0.037310713132932764,625,I think you've taken this superstition thing a bit too far.
5250,2436,5,18,115,138,1.2028985507246377,0.04134548201289941,625,"You do remember the difference between 'foul' and 'fowl', right?"
5323,2436,3,22,113,138,1.2028985507246377,0.038702400924038254,625,"Really committing to the paleo thing eh, Aaron?"
5350,2436,6,16,116,138,1.2028985507246377,0.04260557951343913,625,"So simple, even a caveman could do it."
5416,2436,5,18,115,138,1.2028985507246377,0.04134548201289941,625,"In this instance, ""The Babe"" is meant to be a compliment."
5425,2436,6,16,116,138,1.2028985507246377,0.04260557951343913,625,Did you just eat the rosin bag?
5436,2436,4,20,114,138,1.2028985507246377,0.04004575333393034,625,"Actually you were scheduled for the first pitch, but they couldn't find a regulation size rock."
5458,2436,2,24,112,138,1.2028985507246377,0.037310713132932764,625,Rules Matter! If you win you don't get to eat me.
5459,2436,2,24,112,138,1.2028985507246377,0.037310713132932764,625,Was it tough to be a power hitter in the stone ball era?
5483,2436,6,16,116,138,1.2028985507246377,0.04260557951343913,625,What? I heard this was our greatest past time.
5502,2436,3,22,113,138,1.2028985507246377,0.038702400924038254,625,"Fastball, curve, fastball. Just don't hurt me."
5510,2436,3,22,113,138,1.2028985507246377,0.038702400924038254,625,Have you tried support hose?
5538,2436,4,20,114,138,1.2028985507246377,0.04004575333393034,625,Watch out for his knuckles on the ground ball -just a tip.
5539,2436,2,24,112,138,1.2028985507246377,0.037310713132932764,625,"Baseball bat,not baseball club"
5003,2436,3,22,113,138,1.2028985507246377,0.038702400924038254,625,Are you the designated or the pinch?
4235,2436,4,20,114,138,1.2028985507246377,0.04004575333393034,625,Not only that. I refuse to wear necklaces.
4972,2436,3,22,113,138,1.2028985507246377,0.038702400924038254,625,Looks like we've blown through stupid and have landed in Neanderthal.
4920,2436,3,22,113,138,1.2028985507246377,0.038702400924038254,625,I don't think that mask is going to help you
4255,2436,3,22,113,138,1.2028985507246377,0.038702400924038254,625,You mean the whole Neanderthal team doesn't where batting helmets? Haven't you read the latest reports on brain damage from concussions?
4259,2436,4,20,114,138,1.2028985507246377,0.04004575333393034,625,"Ha, a slugger from the pre-steroid era!"
4266,2436,3,22,113,138,1.2028985507246377,0.038702400924038254,625,"Man, that Paleolithic diet really changed you"
4328,2436,5,18,115,138,1.2028985507246377,0.04134548201289941,625,Your mom wears combat boots.
4340,2436,4,20,114,138,1.2028985507246377,0.04004575333393034,625,Did anyone ever tell you you look like Carl Yastrezemski?
4368,2436,7,14,117,138,1.2028985507246377,0.04382946415909028,625,"Shoeless Joe Jackson didn’t wear shoes, so the commissioner had to approved it."
4432,2436,1,26,111,138,1.2028985507246377,0.03586506366495124,625,You know you don’t need an actual club to get into the clubhouse...
5571,2436,3,22,113,138,1.2028985507246377,0.038702400924038254,625,"Hold on, he's almost done warming up."
4437,2436,2,24,112,138,1.2028985507246377,0.037310713132932764,625,What do I say? Clubber up?
4458,2436,5,18,115,138,1.2028985507246377,0.04134548201289941,625,"Aaron, go back and get your uniform."
4512,2436,2,24,112,138,1.2028985507246377,0.037310713132932764,625,It's not all offense.  You need some gatherers.
4521,2436,6,16,116,138,1.2028985507246377,0.04260557951343913,625,Don't take it amiss if I step bach a little.
4602,2436,4,20,114,138,1.2028985507246377,0.04004575333393034,625,Is baseball still boring?
4620,2436,1,26,111,138,1.2028985507246377,0.03586506366495124,625,I'm not sure that's what they meant by old school.
4625,2436,2,24,112,138,1.2028985507246377,0.037310713132932764,625,"But Fred, getting around the bases is not about the big bat but through the courtesy of your two FEET."
4653,2436,5,18,115,138,1.2028985507246377,0.04134548201289941,625,I think you've got the wrong ball club.
4666,2436,4,20,114,138,1.2028985507246377,0.04004575333393034,625,"Think you can hit his knuckleball, you knucklescraper?"
4786,2436,4,20,114,138,1.2028985507246377,0.04004575333393034,625,We didn't think you'd notice.
4834,2436,8,12,118,138,1.2028985507246377,0.04502008941872479,625,What are we hunting today?
4844,2436,6,16,116,138,1.2028985507246377,0.04260557951343913,625,"Hit the ball, not my head!"
4851,2436,4,20,114,138,1.2028985507246377,0.04004575333393034,625,My upcoming Hall of Fame baseball card is a cave painting.
4862,2436,6,16,116,138,1.2028985507246377,0.04260557951343913,625,This is one for the ages.
4869,2436,5,18,115,138,1.2028985507246377,0.04134548201289941,625,You use saber tooth tiger metrics?
4958,2436,5,18,115,138,1.2028985507246377,0.04134548201289941,625,"At least we managed to teach him ""Swing."""
2894,2436,3,22,113,138,1.2028985507246377,0.038702400924038254,625,You said you were a lefty.
1311,2436,2,24,112,138,1.2028985507246377,0.037310713132932764,625,Can you tell me where the club house is?
2859,2436,4,20,114,138,1.2028985507246377,0.04004575333393034,625,You’re saying Abner Doubleday didn’t invent baseball?
722,2436,6,16,116,138,1.2028985507246377,0.04260557951343913,625,Your uniform is too retro.
782,2436,5,18,115,138,1.2028985507246377,0.04134548201289941,625,"Cleats or bare feet are of no consequence; however, chalks chafes a big toe like nothing else."""
801,2436,3,22,113,138,1.2028985507246377,0.038702400924038254,625,"Home is cave, not flat pentagon."
817,2436,4,20,114,138,1.2028985507246377,0.04004575333393034,625,Great throwback jersey -- we've always just had pinstripes.
830,2436,3,22,113,138,1.2028985507246377,0.038702400924038254,625,"Now that you’re a free agent, Johnny, it looks like you want them to trade you back to Boston."
850,2436,3,22,113,138,1.2028985507246377,0.038702400924038254,625,I'm not the one who said that the designated hitter rule was   invented by Neanderthals.
858,2436,6,16,116,138,1.2028985507246377,0.04260557951343913,625,Self-serving or not . . . BUNT!
876,2436,4,20,114,138,1.2028985507246377,0.04004575333393034,625,I got this.
904,2436,5,18,115,138,1.2028985507246377,0.04134548201289941,625,You were delayed?
916,2436,5,18,115,138,1.2028985507246377,0.04134548201289941,625,"You think I'm a catcher, but I'm actually pooping."
946,2436,6,16,116,138,1.2028985507246377,0.04260557951343913,625,Be sure it's the ball you hit.
1011,2436,6,16,116,138,1.2028985507246377,0.04260557951343913,625,Well just get used to it. You're not in the bush leagues anymore.
1033,2436,4,20,114,138,1.2028985507246377,0.04004575333393034,625,"It probably doesn't matter, but you're facing the wrong way"
1058,2436,1,26,111,138,1.2028985507246377,0.03586506366495124,625,Who say's it not a  league approved bat?
1095,2436,5,18,115,138,1.2028985507246377,0.04134548201289941,625,"Look, the hat's not regulation, and that's all I'm gonna say about it."
1100,2436,3,22,113,138,1.2028985507246377,0.038702400924038254,625,Me Ugh. You Ump.
1144,2436,4,20,114,138,1.2028985507246377,0.04004575333393034,625,"No, Jurassic Park is across town."
1338,2436,3,22,113,138,1.2028985507246377,0.038702400924038254,625,I can see you were  in the  minor leagues for a while.
1371,2436,5,18,115,138,1.2028985507246377,0.04134548201289941,625,I just came from the club house.
1372,2436,3,22,113,138,1.2028985507246377,0.038702400924038254,625,Hi Joe. Where you been?
1397,2436,5,18,115,138,1.2028985507246377,0.04134548201289941,625,Did you just come straight from the clubhouse?
1427,2436,3,22,113,138,1.2028985507246377,0.038702400924038254,625,Batta! Batta! Can't hit the curve. Batta! Batta! Can't hit the curve.
1437,2436,3,22,113,138,1.2028985507246377,0.038702400924038254,625,Just how low will the Red Sox go?
700,2436,2,24,112,138,1.2028985507246377,0.037310713132932764,625,You've got tobacco spit on your tunic.
694,2436,2,24,112,138,1.2028985507246377,0.037310713132932764,625,It’s none of my business but you might want to back off the PEDs.
668,2436,2,24,112,138,1.2028985507246377,0.037310713132932764,625,Have you ever thought of trying an aluminum bat?
650,2436,6,16,116,138,1.2028985507246377,0.04260557951343913,625,Throw one more fastball at my head - go on - try me... I'll have eight balls - two of his - two of yours - two of your father's - and two of your manager's just for fun.
2876,2436,5,18,115,138,1.2028985507246377,0.04134548201289941,625,I find your team’s uniform totally un-American.
7,2436,4,20,114,138,1.2028985507246377,0.04004575333393034,625,I’m the designated clubber.
96,2436,4,20,114,138,1.2028985507246377,0.04004575333393034,625,Today's players have clearly evolved.
99,2436,4,20,114,138,1.2028985507246377,0.04004575333393034,625,"There are no actual cubs, no bulls in the bullpen."
128,2436,4,20,114,138,1.2028985507246377,0.04004575333393034,625,We had to dig deep for our throwback uniforms.
148,2436,4,20,114,138,1.2028985507246377,0.04004575333393034,625,Are you still on that paleo diet?
161,2436,4,20,114,138,1.2028985507246377,0.04004575333393034,625,You couldn't hit the ground if you fell off your woolly mammoth!
176,2436,1,26,111,138,1.2028985507246377,0.03586506366495124,625,Any chance I can get that bat for my man cave?
204,2436,6,16,116,138,1.2028985507246377,0.04260557951343913,625,You were the first to domesticate the Cubs.
231,2436,5,18,115,138,1.2028985507246377,0.04134548201289941,625,"Listen, he doesn't mean ""hit me"". Strike one is a reference to a number based on the Hindu-Arabic numeric system developed in India around 700 AD."
233,2436,3,22,113,138,1.2028985507246377,0.038702400924038254,625,It’s called “throwback millennia.”
1512,2436,3,22,113,138,1.2028985507246377,0.038702400924038254,625,"Forget the fancy stuff, just swing at the ball. You don't have to invent the wheel."
257,2436,3,22,113,138,1.2028985507246377,0.038702400924038254,625,"Man, I thought they kept me down in the minors way too long."
303,2436,5,18,115,138,1.2028985507246377,0.04134548201289941,625,"Well, if it isn't the old bunter-gatherer."
315,2436,6,16,116,138,1.2028985507246377,0.04260557951343913,625,Where's your helmet?
339,2436,4,20,114,138,1.2028985507246377,0.04004575333393034,625,Try to get a hit. I hear they're thinking of trading you for a Millennial.
449,2436,3,22,113,138,1.2028985507246377,0.038702400924038254,625,I remain concerned with the evolution of the game.
532,2436,3,22,113,138,1.2028985507246377,0.038702400924038254,625,I see the league is really embracing America's past time
590,2436,4,20,114,138,1.2028985507246377,0.04004575333393034,625,Don't tell me. You got that from the clubhouse.
593,2436,5,18,115,138,1.2028985507246377,0.04134548201289941,625,"The Phillie Phanatic's got nothing on you, kid."
596,2436,4,20,114,138,1.2028985507246377,0.04004575333393034,625,Can you pitch?
620,2436,7,14,117,138,1.2028985507246377,0.04382946415909028,625,"The growth hormones really aren't too subtle nowadays, are they."
629,2436,3,22,113,138,1.2028985507246377,0.038702400924038254,625,Did you see they traded LeBron?
649,2436,5,18,115,138,1.2028985507246377,0.04134548201289941,625,"That's probably not a regulation bat..."""
269,2436,2,24,112,138,1.2028985507246377,0.037310713132932764,625,Can you hook me up with your steroid doctor?
1520,2436,5,18,115,138,1.2028985507246377,0.04134548201289941,625,"The Stone Age? Where's that, Bloomington?"
924,2436,3,22,113,138,1.2028985507246377,0.038702400924038254,625,Prehistoric Ballers
1526,2436,4,20,114,138,1.2028985507246377,0.04004575333393034,625,"Here's the deal: you always swing that above my head, and I'll always call it a ball."
2235,2436,6,16,116,138,1.2028985507246377,0.04260557951343913,625,"Take your time fielding boys, he's got no wheels!"
2253,2436,3,22,113,138,1.2028985507246377,0.038702400924038254,625,Bringing back the dead-ball era?
2306,2436,3,22,113,138,1.2028985507246377,0.038702400924038254,625,"Uh, Casey couldn't make it. I'm the pinch-hitter."
2309,2436,4,20,114,138,1.2028985507246377,0.04004575333393034,625,Huh! I thought you guys only liked bowling.
2318,2436,7,14,117,138,1.2028985507246377,0.04382946415909028,625,Seriously.  How did you pass your drug test?
2325,2436,3,22,113,138,1.2028985507246377,0.038702400924038254,625,I'm the pinch hitter for the Geicos
2350,2436,3,22,113,138,1.2028985507246377,0.038702400924038254,625,"That's one of those Neanderthal Sluggers, right?"
2368,2436,4,20,114,138,1.2028985507246377,0.04004575333393034,625,I don't care if you invented the game. Your uniform is not acceptable.
2412,2436,6,16,116,138,1.2028985507246377,0.04260557951343913,625,"I know A-Rod, and you're no A-Rod"
2438,2436,3,22,113,138,1.2028985507246377,0.038702400924038254,625,Your wife? Last I saw her she was in the dugout.
2439,2436,4,20,114,138,1.2028985507246377,0.04004575333393034,625,I heard your team doesn't embrace advanced metrics.
1521,2436,4,20,114,138,1.2028985507246377,0.04004575333393034,625,This guy's really going to lower the ERA.
2457,2436,3,22,113,138,1.2028985507246377,0.038702400924038254,625,"Yup, I'm the opposing club."
2539,2436,5,18,115,138,1.2028985507246377,0.04134548201289941,625,Who you calling a bush leaguer?
2557,2436,5,18,115,138,1.2028985507246377,0.04134548201289941,625,Happy Old Timers day. That bat better not be corked.
2589,2436,3,22,113,138,1.2028985507246377,0.038702400924038254,625,You do know about the new steroid policy don’t you?
2645,2436,5,18,115,138,1.2028985507246377,0.04134548201289941,625,One swing and you’re out
2683,2436,3,22,113,138,1.2028985507246377,0.038702400924038254,625,Too Much?  - But it is Neanderthal Night
2688,2436,4,20,114,138,1.2028985507246377,0.04004575333393034,625,"When you live forever, your favorite bat lasts a long time."
2698,2436,7,14,117,138,1.2028985507246377,0.04382946415909028,625,You look familiar.  Did you used to play with a different ball club?
2710,2436,6,16,116,138,1.2028985507246377,0.04260557951343913,625,"I'd say he should try to walk you, but you've been doing that for a couple thousand years."
2770,2436,3,22,113,138,1.2028985507246377,0.038702400924038254,625,Love the retro uniform!
2804,2436,6,16,116,138,1.2028985507246377,0.04260557951343913,625,"Don't call me, ""Babe."""
2175,2436,3,22,113,138,1.2028985507246377,0.038702400924038254,625,And here I thought the Dodgers were an old club.
2165,2436,3,22,113,138,1.2028985507246377,0.038702400924038254,625,"I don't care how many rocks have fallen on your head, you really should be wearing a helmet."
2454,2436,1,26,111,138,1.2028985507246377,0.03586506366495124,625,So. How is playing for Houston?
2074,2436,2,24,112,138,1.2028985507246377,0.037310713132932764,625,You're kidding.  You're batting cleanup?
2086,2436,2,24,112,138,1.2028985507246377,0.037310713132932764,625,I can tell you play the game the right way.
1677,2436,8,12,118,138,1.2028985507246377,0.04502008941872479,625,"Who you callin’ a Leftie, huh?"
1695,2436,4,20,114,138,1.2028985507246377,0.04004575333393034,625,Are you the call up from the Paleolithic league?
1728,2436,0,28,110,138,1.2028985507246377,0.03435864183715663,625,Squint? check. Bat? check. Beard? check. Batter Up!
1736,2436,7,14,117,138,1.2028985507246377,0.04382946415909028,625,Been with the club for a long time?
1745,2436,2,24,112,138,1.2028985507246377,0.037310713132932764,625,Yes......but can you run?
1766,2436,5,18,115,138,1.2028985507246377,0.04134548201289941,625,"You know to try and hit the little white ball and not me, right?"
1785,2436,5,18,115,138,1.2028985507246377,0.04134548201289941,625,What are you overcompensating for this time?
1851,2436,4,20,114,138,1.2028985507246377,0.04004575333393034,625,Could you carry it at least part way to first base?
1859,2436,4,20,114,138,1.2028985507246377,0.04004575333393034,625,"Just look how far we've come, America's favorite pastime in the era of Make America GRATE Again."
1870,2436,2,24,112,138,1.2028985507246377,0.037310713132932764,625,We just need for you to hit the ball. Don't club it to death.
1875,2436,4,20,114,138,1.2028985507246377,0.04004575333393034,625,I was always good at catching things... you?
1682,2436,5,18,115,138,1.2028985507246377,0.04134548201289941,625,Come on it's so easy a caveman can do it.
1630,2436,5,18,115,138,1.2028985507246377,0.04134548201289941,625,Nice uniform ...
1900,2436,6,16,116,138,1.2028985507246377,0.04260557951343913,625,"Ump, stick with me, you could save 15% or more on your next ball to the head by switching to GEICO!"
1907,2436,6,16,116,138,1.2028985507246377,0.04260557951343913,625,Watch it...hurlers gotta wicked curve rock.
1881,2436,2,24,112,138,1.2028985507246377,0.037310713132932764,625,"Now I see why your scouting report says ""possesses evolving skillset but carries a big stick."""
1909,2436,1,26,111,138,1.2028985507246377,0.03586506366495124,625,Heeeey batter batt...nevermind.
1973,2436,6,16,116,138,1.2028985507246377,0.04260557951343913,625,A meditative pause as Thor contemplates the retirement of his jersey after his next home run.
2011,2436,5,18,115,138,1.2028985507246377,0.04134548201289941,625,Anyone seen my batting helmet?
2040,2436,3,22,113,138,1.2028985507246377,0.038702400924038254,625,"The game's evolved a bit since your day, old timer."
2059,2436,3,22,113,138,1.2028985507246377,0.038702400924038254,625,"No more amber, okay?"
2056,2436,1,26,111,138,1.2028985507246377,0.03586506366495124,625,You must be the designated 'killer'.
5258,2648,4,21,118,143,1.2027972027972027,0.03914711808136945,625,The bat doesn’t have tar on it you stupid creature. That catastrophe hasn’t happened yet!
3813,2649,6,15,113,134,1.2014925373134329,0.043394113935632216,625,Are you sure you're playing with the right club?
2664,2650,1,26,112,139,1.2014388489208634,0.035636015029877656,625,What was a good clubbing average in the big-inning?
312,2650,4,20,115,139,1.2014388489208634,0.03978339868432061,625,"I'm telling you Bro... you'll get more traction and power if you wear cleats"""
2591,2652,3,21,112,136,1.1985294117647058,0.03879987891236252,625,And you speak softly.
412,2652,3,21,112,136,1.1985294117647058,0.03879987891236252,625,"Hey Ump, I don’t think that’s a corked bat, but can you check it?"
552,2652,4,19,113,136,1.1985294117647058,0.04017913719192626,625,Stand back. I’m the next Babeous Ruthus.
614,2652,5,17,114,136,1.1985294117647058,0.041512594804002205,625,"Oh ya, the place has Brontosaurus ribs that are to die for! It’s on 7th and Main."
659,2652,2,23,111,136,1.1985294117647058,0.03736974901896393,625,Are you here for the game or just looking for a meal?
1763,2652,2,23,111,136,1.1985294117647058,0.03736974901896393,625,"Dude, you're the team mascot of the Cavemen, not the designated hitter."
3801,2652,4,19,113,136,1.1985294117647058,0.04017913719192626,625,"I don't know about you, but I think this ""throwback uniform"" thing has gone too far."
4305,2652,4,19,113,136,1.1985294117647058,0.04017913719192626,625,Do you only bam bam fastballs?
4498,2660,3,20,110,133,1.1954887218045114,0.03915641355866945,625,You've taken throw-back uniforms to a new level.
4124,2660,5,16,112,133,1.1954887218045114,0.04196506947311113,625,This time swing at the ball and not my head.
3716,2660,4,18,111,133,1.1954887218045114,0.04058504514387409,625,I hope you've got big balls.
2188,2660,5,16,112,133,1.1954887218045114,0.04196506947311113,625,I'm a batavism.
1570,2660,3,20,110,133,1.1954887218045114,0.03915641355866945,625,Your toenail length is against the Yankees' appearance policy.
818,2660,5,16,112,133,1.1954887218045114,0.04196506947311113,625,me yogi!  you fred!
5381,2660,6,14,113,133,1.1954887218045114,0.04330113419341102,625,"My pitcher's a real fireballer.  Oh, do you know what that means?"
5301,2660,3,20,110,133,1.1954887218045114,0.03915641355866945,625,You were given 'time'  How many times!?
778,2660,2,22,109,133,1.1954887218045114,0.03767364538009041,625,"Wooden bat, I presume."
2430,2669,5,15,110,130,1.1923076923076923,0.04243083936873441,625,"So I hit the ball, but don’t run after it?"
2230,2669,3,19,108,130,1.1923076923076923,0.039520310737412155,625,I get four strikes.
2083,2669,2,21,107,130,1.1923076923076923,0.03798150044962351,625,"Hey Grok, have you ever met Fred Flintstone?"
1802,2669,3,19,108,130,1.1923076923076923,0.039520310737412155,625,This expansion team business has gone far enough!
2921,2669,1,23,106,130,1.1923076923076923,0.036377655119975615,625,You guys sure take Old -Timers' Day seriously.
3571,2669,4,17,109,130,1.1923076923076923,0.0410014090630856,625,I hear you needed a slugger.
3575,2669,2,21,107,130,1.1923076923076923,0.03798150044962351,625,I'll be honest. I am a one-tool player.
4228,2669,3,19,108,130,1.1923076923076923,0.039520310737412155,625,Paleo diet
1740,2669,2,21,107,130,1.1923076923076923,0.03798150044962351,625,"Yes, people call them the ‘Tools of Ignorance.’ And, yes, I’m sure you DID use it first."
5612,2669,2,21,107,130,1.1923076923076923,0.03798150044962351,625,Allow me to explain the intent behind Throwback Night.
5051,2669,3,19,108,130,1.1923076923076923,0.039520310737412155,625,I do not understand finger puppets. Can we communicate in Hieroglyphics instead?
4802,2669,2,21,107,130,1.1923076923076923,0.03798150044962351,625,"Hey, Alley Oop, the rules say you gotta wear a helmet."
3389,2669,2,21,107,130,1.1923076923076923,0.03798150044962351,625,Sure baseball has a long season ... but eons!
1357,2669,4,17,109,130,1.1923076923076923,0.0410014090630856,625,I just came from the clubhouse. What's the score?
2423,2669,2,21,107,130,1.1923076923076923,0.03798150044962351,625,Three strikes and I'm out--cold.
1109,2669,1,23,106,130,1.1923076923076923,0.036377655119975615,625,Of course my bat's bigger than yours they call this the Big Leagues for a reason!
832,2669,4,17,109,130,1.1923076923076923,0.0410014090630856,625,Is that a regulation bat?
815,2669,4,17,109,130,1.1923076923076923,0.0410014090630856,625,He can't throw a woolly mammoth and you know it.
673,2669,5,15,110,130,1.1923076923076923,0.04243083936873441,625,"It's Clubs are for Golf, and Bats are for Baseball!"
589,2669,3,19,108,130,1.1923076923076923,0.039520310737412155,625,"Sorry, this is the thinking man's game."
578,2669,3,19,108,130,1.1923076923076923,0.039520310737412155,625,And your mother is a Brontosaurus
308,2669,6,13,111,130,1.1923076923076923,0.0438136589879481,625,Still beating your wife?
205,2669,3,19,108,130,1.1923076923076923,0.039520310737412155,625,I love your throwback jersey.
1152,2669,1,23,106,130,1.1923076923076923,0.036377655119975615,625,"After the game, do you want to go clubbing?"
4418,2693,2,20,103,125,1.192,0.03884792517397268,625,Where'd the umpire go? That bat doesn't look up to regulation.
4391,2694,3,17,100,120,1.1916666666666667,0.041498259106500054,625,"If Bloog no hit homerun, Bloog lose scholarship."
1688,2695,4,17,110,131,1.1908396946564885,0.04071369150638141,625,They told me to put some good wood on it
3496,2695,3,19,109,131,1.1908396946564885,0.03924493424609721,625,Bill Veeck is at it again.
2609,2697,3,18,106,127,1.188976377952756,0.03989155945819073,625,You think season is over?
2809,2697,3,18,106,127,1.188976377952756,0.03989155945819073,625,"I'll be honest, I'm not crazy about these throwback uniforms."
2899,2697,4,16,107,127,1.188976377952756,0.041428503387875924,625,"Wait till you see the Green Monster here in Jurassic Park."""
3169,2697,3,18,106,127,1.188976377952756,0.03989155945819073,625,He could not adapt to the modern strike zone
3829,2697,6,12,109,127,1.188976377952756,0.04434286466687745,625,Cleats? What are those?
3837,2697,4,16,107,127,1.188976377952756,0.041428503387875924,625,Just up from the Neanderthal League?
4195,2697,3,18,106,127,1.188976377952756,0.03989155945819073,625,"No, you may not hit everyone at Home when you hit a Run."
4054,2697,1,22,104,127,1.188976377952756,0.036624687877176564,625,Dry cleaners lose the uniforms again?
4112,2697,5,14,108,127,1.188976377952756,0.04291043311261409,625,"...And up to the plate is Moog McGregor, 
who was grandfathered in before bat size regulation rules"
2553,2697,4,16,107,127,1.188976377952756,0.041428503387875924,625,Intentional Walk
4258,2697,4,16,107,127,1.188976377952756,0.041428503387875924,625,That Paleo Diet is really working.
4907,2697,3,18,106,127,1.188976377952756,0.03989155945819073,625,Attitude is not always everything.
5158,2697,3,18,106,127,1.188976377952756,0.03989155945819073,625,"They wanted an exceptional E.R.A., not era."
3852,2697,3,18,106,127,1.188976377952756,0.03989155945819073,625,"Did you say DH,or was that Duh?"
2548,2697,3,18,106,127,1.188976377952756,0.03989155945819073,625,"Quit grunting, and get in the batter's box."
1143,2697,3,18,106,127,1.188976377952756,0.03989155945819073,625,Was that a cave ball?
1954,2697,2,20,105,127,1.188976377952756,0.03829297767285126,625,"When you say you're up here to hit, you're talking about the ball, right."
1937,2697,5,14,108,127,1.188976377952756,0.04291043311261409,625,"You're hugging the plate, sir."
1929,2697,5,14,108,127,1.188976377952756,0.04291043311261409,625,Did they emphasize it's the ball your supposed to hit and not me?
1789,2697,2,20,105,127,1.188976377952756,0.03829297767285126,625,Did they at least give you a cup to wear under that?
5210,2697,2,20,105,127,1.188976377952756,0.03829297767285126,625,"Word to the wise:  If you argue his calls, you best speak softly."
746,2697,2,20,105,127,1.188976377952756,0.03829297767285126,625,No curve balls—understand?
739,2697,2,20,105,127,1.188976377952756,0.03829297767285126,625,I say the retro look has gone to far back but it is comfortable.
641,2697,2,20,105,127,1.188976377952756,0.03829297767285126,625,Wow! Talk about a 'throwback' uniform.
438,2697,4,16,107,127,1.188976377952756,0.041428503387875924,625,"After the GEICO contract ran out, Frank decided to see what else was so easy."
325,2697,2,20,105,127,1.188976377952756,0.03829297767285126,625,"With all de respect, you were called up from the minors 1,600 years ago."
5417,2697,4,16,107,127,1.188976377952756,0.041428503387875924,625,"Sorry, we don't have club sports any more."
5550,2697,1,22,104,127,1.188976377952756,0.036624687877176564,625,"Look, the game has changed a lot!!"
2489,2697,2,20,105,127,1.188976377952756,0.03829297767285126,625,"There was a time when beards weren't allowed, you know."
5312,2697,5,14,108,127,1.188976377952756,0.04291043311261409,625,I'm guessing you've never seen the forkball.
3398,2727,4,15,103,122,1.1885245901639345,0.04250005732220327,625,"Wait till you see our cleanup hitter, he's a mammoth."""
631,2728,2,20,106,128,1.1875,0.03802131084983996,625,Ringer?
95,2728,3,18,107,128,1.1875,0.03960620626622991,625,Ya Muthas a Tyrannosaurus
947,2730,4,14,100,118,1.1864406779661016,0.04331135159774357,625,Paleo I can understand. It's those Crossfit types that take it too far.
5106,2730,2,18,98,118,1.1864406779661016,0.03982642431771825,625,It's not that kind of clubhouse.
3075,2732,3,18,108,129,1.186046511627907,0.03932485249554849,625,"In the major league, underwear is not optional."
4745,2733,4,15,106,125,1.184,0.04155680139201625,625,"No, you stand here and try to hit that little white thing."
5000,2733,3,17,105,125,1.184,0.0399741852183502,625,"C'mon, Blackmon, you're not fooling anyone."
3434,2733,2,19,104,125,1.184,0.038326273309656024,625,"That's right, this sign means just stand there..."
3368,2733,7,9,109,125,1.184,0.045978957318854374,625,Bludgeonder Up!
3353,2733,3,17,105,125,1.184,0.0399741852183502,625,I guess we're still in the early innings.
3298,2733,0,23,102,125,1.184,0.03479710777747799,625,"Next up, pinch-hitting for Fred Flintstone, is Babe Rock."
3278,2733,2,19,104,125,1.184,0.038326273309656024,625,How's that paleo diet working out for you?
3262,2733,3,17,105,125,1.184,0.0399741852183502,625,You'll wanna strike before the Iron Age gets hot
3243,2733,4,15,106,125,1.184,0.04155680139201625,625,Nice Wheels.
3197,2733,3,17,105,125,1.184,0.0399741852183502,625,You wouldn’t still be playing if this were the National League.
3178,2733,2,19,104,125,1.184,0.038326273309656024,625,"I'm the inspiration for the movie,""The Natural."""
3035,2733,2,19,104,125,1.184,0.038326273309656024,625,"Suddenly, Fred remembered he needed to renew his car insurance."
3470,2733,4,15,106,125,1.184,0.04155680139201625,625,The last player from the Steroid Age
3028,2733,2,19,104,125,1.184,0.038326273309656024,625,"Remember you get 3 strikes at the ball, AT THE BALL."
2961,2733,2,19,104,125,1.184,0.038326273309656024,625,"As far as I know, you're the first from the Pleistocene Epoch."
2954,2733,3,17,105,125,1.184,0.0399741852183502,625,Pangaea? I hardly knew 'er.
2893,2733,1,21,103,125,1.184,0.03660424794667875,625,"Yeah, but what's your strikeout to walk ratio?"
2845,2733,2,19,104,125,1.184,0.038326273309656024,625,At least you get a cup
2837,2733,4,15,106,125,1.184,0.04155680139201625,625,"Good, now the ball. It's the opposite of the umpire, so try to miss all three."
2835,2733,3,17,105,125,1.184,0.0399741852183502,625,I got called up from the Neanderthal League.
2814,2733,6,11,108,125,1.184,0.044553700834661494,625,I can hit you right out of the park!
2765,2733,5,13,107,125,1.184,0.04308131845707603,625,"Yes, you've got quite a Ball Club!"
3114,2733,2,19,104,125,1.184,0.038326273309656024,625,"Has this game really been around, that long?"
3585,2733,4,15,106,125,1.184,0.04155680139201625,625,So you started before the designated hitter rule?
3606,2733,4,15,106,125,1.184,0.04155680139201625,625,Just pretend it's a tiny mastodon.
4647,2733,3,17,105,125,1.184,0.0399741852183502,625,"Oh, Hey Corg - try not to swing so low this time"""
4832,2733,4,15,106,125,1.184,0.04155680139201625,625,Where's the meat of the plate?
2638,2733,0,23,102,125,1.184,0.03479710777747799,625,The wife says algae is the new paleo.
4882,2733,3,17,105,125,1.184,0.0399741852183502,625,Party after the game at my man cave.
4573,2733,3,17,105,125,1.184,0.0399741852183502,625,"Grunt at me like that again, and I'll signal for a pitch very high and very inside."
4572,2733,1,21,103,125,1.184,0.03660424794667875,625,I'm a pinch hunter
4531,2733,4,15,106,125,1.184,0.04155680139201625,625,Three strikes. It's a law.
4527,2733,4,15,106,125,1.184,0.04155680139201625,625,It was either this getup or taking a knee.
4508,2733,1,21,103,125,1.184,0.03660424794667875,625,"So, you're an original slugger, huh?"
4480,2733,3,17,105,125,1.184,0.0399741852183502,625,"Trust me, it's okay. Just hit and run."
4445,2733,1,21,103,125,1.184,0.03660424794667875,625,How long is Aaron Judge out?
4440,2733,3,17,105,125,1.184,0.0399741852183502,625,Stop overthinking it.
4890,2733,4,15,106,125,1.184,0.04155680139201625,625,"Aww...mighty Grog has struck out. Uh, jjjust kiddin'!'"
4410,2733,3,17,105,125,1.184,0.0399741852183502,625,You're only supposed to hit the ball.
4277,2733,2,19,104,125,1.184,0.038326273309656024,625,They sure are taking the retro look back a few years.
4205,2733,4,15,106,125,1.184,0.04155680139201625,625,You might want to choke up a bit.
3956,2733,3,17,105,125,1.184,0.0399741852183502,625,Call-up from the Paleolithic?
3935,2733,2,19,104,125,1.184,0.038326273309656024,625,"So, how do you like your throwback uniforms?"
3774,2733,3,17,105,125,1.184,0.0399741852183502,625,Not a foul ball. Just foul.
3745,2733,4,15,106,125,1.184,0.04155680139201625,625,I'm the cleanup hitter.
3695,2733,2,19,104,125,1.184,0.038326273309656024,625,You don't know what a ball is?  You don't know what a strike is?  Just stand there like that and let him pitch to you three times.
3662,2733,3,17,105,125,1.184,0.0399741852183502,625,Ump! That's a funny name
3605,2733,3,17,105,125,1.184,0.0399741852183502,625,Is that pine tar?
2631,2733,2,19,104,125,1.184,0.038326273309656024,625,These retro uniforms are getting ridiculous.
1506,2733,5,13,107,125,1.184,0.04308131845707603,625,'Cubs' not 'clubs'
2538,2733,2,19,104,125,1.184,0.038326273309656024,625,Your batting stance has really evolved.
1125,2733,4,15,106,125,1.184,0.04155680139201625,625,Nice bat
1085,2733,5,13,107,125,1.184,0.04308131845707603,625,"Hey, Joe! So how’s the Paleo Diet working for you?"
1071,2733,3,17,105,125,1.184,0.0399741852183502,625,That was an inside stoneball
994,2733,3,17,105,125,1.184,0.0399741852183502,625,"You can be confident that the neanderthal on first won't tag you out, he extincts"
728,2733,2,19,104,125,1.184,0.038326273309656024,625,Didn’t realize this is a club team.
706,2733,3,17,105,125,1.184,0.0399741852183502,625,You must be the designated Neanderthal.
695,2733,3,17,105,125,1.184,0.0399741852183502,625,They weren't kidding when they said that your manager was 'old-school'.
5108,2733,1,21,103,125,1.184,0.03660424794667875,625,Looks like that paleo diet is really working for you!
601,2733,4,15,106,125,1.184,0.04155680139201625,625,Now that's a tool of ignorance
592,2733,3,17,105,125,1.184,0.0399741852183502,625,Babe's Roots???
1204,2733,1,21,103,125,1.184,0.03660424794667875,625,"Welcome to the show kid, you finally made it"
546,2733,3,17,105,125,1.184,0.0399741852183502,625,"Alright, alright. So you never used steroids, 
but you're over the top with the Flintstones Vitamins."
355,2733,2,19,104,125,1.184,0.038326273309656024,625,What no batting gloves??
354,2733,4,15,106,125,1.184,0.04155680139201625,625,I never was too happy about the designated hitter rule.
321,2733,3,17,105,125,1.184,0.0399741852183502,625,"Nice bat, man."
109,2733,3,17,105,125,1.184,0.0399741852183502,625,Don't you think you went a little overboard with founders day?
5259,2733,5,13,107,125,1.184,0.04308131845707603,625,"You call curve ball, Me break head."
5243,2733,3,17,105,125,1.184,0.0399741852183502,625,"Coach says ""It's back to the basics"" for us."
5222,2733,0,23,102,125,1.184,0.03479710777747799,625,"Yes, there were four balls Thal.  You can walk softly to first base."
5453,2733,6,11,108,125,1.184,0.044553700834661494,625,"We know you're the club's new Designated Hitter, but you can't use that  fungo bat!"
5002,2733,2,19,104,125,1.184,0.038326273309656024,625,If only you’d work on your social media presence.
5661,2733,2,19,104,125,1.184,0.038326273309656024,625,"And you thought walking was hard."""
421,2733,1,21,103,125,1.184,0.03660424794667875,625,You know you're just supposed to hit the ball -- right?
1326,2733,3,17,105,125,1.184,0.0399741852183502,625,"No, I said, ""You look like a pro minion."""
1327,2733,3,17,105,125,1.184,0.0399741852183502,625,It's called a ball; and it was invented sometime after the wheel.
1439,2733,4,15,106,125,1.184,0.04155680139201625,625,Good luck getting around on the fastball.
2525,2733,1,21,103,125,1.184,0.03660424794667875,625,I'm the DH... Designated Hunter
2490,2733,3,17,105,125,1.184,0.0399741852183502,625,Where have you been all these years?
2351,2733,1,21,103,125,1.184,0.03660424794667875,625,It's a new concept called sports.
2315,2733,4,15,106,125,1.184,0.04155680139201625,625,Have you been talking the roids' or have I?
2234,2733,3,17,105,125,1.184,0.0399741852183502,625,Are you sure that's a regulation bat?
2120,2733,4,15,106,125,1.184,0.04155680139201625,625,"Fine, you've got me. I can't explain the semantic distinction between a bat and a club. But there's no way that thing's regulation."
2101,2733,6,11,108,125,1.184,0.044553700834661494,625,I tried going paleo too but just couldn't give up dairy
1953,2733,5,13,107,125,1.184,0.04308131845707603,625,"Look, if you can’t grasp the infield fly rule, you really shouldn’t be playing catcher. Only a neanderthal wouldn’t understand."
1918,2733,2,19,104,125,1.184,0.038326273309656024,625,I hope you're wearing a cup.  He likes to pitch inside.
1816,2733,3,17,105,125,1.184,0.0399741852183502,625,No women - just a ball.
1805,2733,2,19,104,125,1.184,0.038326273309656024,625,No helmet or cup?  What a Neanderthal.
1775,2733,2,19,104,125,1.184,0.038326273309656024,625,It must not be easy to drag your wife to the playoffs.
1739,2733,4,15,106,125,1.184,0.04155680139201625,625,"With the new beard trend, I thought I would go completely old school."
1730,2733,1,21,103,125,1.184,0.03660424794667875,625,"So what, if a fan called you a Neanderthal"
1674,2733,1,21,103,125,1.184,0.03660424794667875,625,I agree.  Throwback uniform night has gotten out of hand.
1670,2733,3,17,105,125,1.184,0.0399741852183502,625,Do you have any idea how ridiculous you look?
1566,2733,4,15,106,125,1.184,0.04155680139201625,625,I used to play for the  Mets!
1549,2733,3,17,105,125,1.184,0.0399741852183502,625,"... You're a mascot, you can hit, and you're marginally less offensive than your predecessor."
1532,2733,3,17,105,125,1.184,0.0399741852183502,625,You have worthwhile opportunity to defy baseball analytics.
1530,2733,1,21,103,125,1.184,0.03660424794667875,625,the umpire checking the rule for tar on your bat.
1507,2733,3,17,105,125,1.184,0.0399741852183502,625,"League crack down on steroids, so coach make whole team go paleo."
1502,2733,2,19,104,125,1.184,0.038326273309656024,625,Tell the pitcher to let me get a hit or I hit you instead!
1461,2733,2,19,104,125,1.184,0.038326273309656024,625,Try not to slide...it's going to hurt.
2562,2733,4,15,106,125,1.184,0.04155680139201625,625,well now i've seen EVERYTHING!
5100,2733,2,19,104,125,1.184,0.038326273309656024,625,"Wow! You certainly give new meaning to the term ""ball club."""
5402,2835,4,14,102,120,1.1833333333333333,0.04264263153554641,625,“ Now  THAT’S  a throw -back  uniform! “
2561,2836,2,17,96,115,1.182608695652174,0.04018000818902986,625,"Wow, Jim Carrey!"
1701,2837,3,17,106,126,1.1825396825396826,0.03968253968253967,625,Good thing it's a slow game -- I fell asleep in the locker room!
2533,2837,2,19,105,126,1.1825396825396826,0.03804891363327222,625,In what cave did the scout find you?
4581,2839,4,13,99,116,1.1810344827586208,0.043461778915984337,625,I hear you invented the wheelhouse.
5404,2840,2,18,102,122,1.180327868852459,0.038633327561298725,625,I only know how to make tools. Do you know here I can get a batting helmet?
2509,2840,2,18,102,122,1.180327868852459,0.038633327561298725,625,"It's not regulation, but it's all I know."
2656,2840,2,18,102,122,1.180327868852459,0.038633327561298725,625,"This takes the concept of ""Throwback Thursday"" to a whole new level."
3077,2840,2,18,102,122,1.180327868852459,0.038633327561298725,625,After all these years I am finally home
3119,2840,0,22,100,122,1.180327868852459,0.03495093710747713,625,I have medicine to help with that.
3340,2840,1,20,101,122,1.180327868852459,0.036838173157401725,625,"Kill the Umpire"" is just a saying, kid"
3439,2840,4,14,104,122,1.180327868852459,0.04199404710463599,625,"That bat isn’t regulation, you Neanderthal!"
3886,2840,3,16,103,122,1.180327868852459,0.040348692610077154,625,"Yeah, a bunt would sure confuse everyone"""
4262,2840,3,16,103,122,1.180327868852459,0.040348692610077154,625,"No, he said, ""Play ball!"" Not ""Neanderthal!"""
4079,2840,6,10,106,122,1.180327868852459,0.04510505499380495,625,"Sorry--No shirt, no shoes, no service."
2375,2840,2,18,102,122,1.180327868852459,0.038633327561298725,625,And yet this game is still average length at this point.
4529,2840,5,12,105,122,1.180327868852459,0.04357732195890745,625,I improved my launch angle but at the expense of the exit velocity.
4865,2840,2,18,102,122,1.180327868852459,0.038633327561298725,625,Just don't talk_Just don't think_Just hit the ball.
5030,2840,2,18,102,122,1.180327868852459,0.038633327561298725,625,"Watch out when he runs, this guys just discovered his wheels!"
5455,2840,3,16,103,122,1.180327868852459,0.040348692610077154,625,"Hey man, this is totally in compliance with Rule 6.06(d)."
5545,2840,5,12,105,122,1.180327868852459,0.04357732195890745,625,"The game's changed a bit since your syndication days, Bam."
3895,2840,3,16,103,122,1.180327868852459,0.040348692610077154,625,I'm on the paleo diet. You?
2191,2840,4,14,104,122,1.180327868852459,0.04199404710463599,625,Where’s your uniform
3312,2840,1,20,101,122,1.180327868852459,0.036838173157401725,625,Now that's a retro uniform!
1814,2840,1,20,101,122,1.180327868852459,0.036838173157401725,625,BYOB does not mean Bring Your Own Bat.
1687,2840,3,16,103,122,1.180327868852459,0.040348692610077154,625,Are you gonna  bunt ?
1679,2840,3,16,103,122,1.180327868852459,0.040348692610077154,625,Are you Roger Angell's son?
1035,2840,4,14,104,122,1.180327868852459,0.04199404710463599,625,Hey Rookie - careful how you swing that club!
1014,2840,4,14,104,122,1.180327868852459,0.04199404710463599,625,you might want to tuck your skirt up.
1841,2840,3,16,103,122,1.180327868852459,0.040348692610077154,625,You are not really in this for the sport are you?
1013,2840,2,18,102,122,1.180327868852459,0.038633327561298725,625,"If you actually manage to hit the ball, run to that base over there to the right."
930,2840,4,14,104,122,1.180327868852459,0.04199404710463599,625,"Kneeling, eh?"
774,2840,1,20,101,122,1.180327868852459,0.036838173157401725,625,"Yes, another intentional walk.  We're not stupid, y'know."
707,2840,1,20,101,122,1.180327868852459,0.036838173157401725,625,"Wow, how long were you down in AAA?"
391,2840,3,16,103,122,1.180327868852459,0.040348692610077154,625,Me Pro-Ball-Player-Magnon.
140,2840,4,14,104,122,1.180327868852459,0.04199404710463599,625,"Yeah, I love these old-timers' games too."
2171,2871,1,19,97,117,1.1794871794871795,0.03764232176376304,625,That's bogus.  I ain't wearin' those polyester uniforms.
3026,2871,1,19,97,117,1.1794871794871795,0.03764232176376304,625,I guess baseball IS a sports club!
549,2871,1,19,97,117,1.1794871794871795,0.03764232176376304,625,Me tired of carrying whole baseball club on shoulder.
4091,2871,2,17,98,117,1.1794871794871795,0.039551316085490784,625,"Bill, it's Saber-metrics"
2605,2875,3,14,96,113,1.176991150442478,0.04212678866913348,625,It’s all part of the Paleo endorsement deal!
4198,2875,3,14,96,113,1.176991150442478,0.04212678866913348,625,"Ever since GEICO bought the team, we have to wear this stupid uniform.  I hate sliding into second!"
3608,2877,1,19,99,119,1.1764705882352942,0.03706789949518647,625,Do you think that mask will help you?
4464,2877,4,13,102,119,1.1764705882352942,0.04244194544170894,625,Isn't it enough that I invented fire? I have to show you how to play baseball too.
4448,2877,2,17,100,119,1.1764705882352942,0.03894173887081182,625,Nice dress Slugger!
4441,2877,3,15,101,119,1.1764705882352942,0.040729459603335606,625,"The National League is still holding out on the designated hitter rule, I see..."
4307,2877,3,15,101,119,1.1764705882352942,0.040729459603335606,625,I like your dress.
4279,2877,4,13,102,119,1.1764705882352942,0.04244194544170894,625,"Heard you got a raw deal on your signing bonus too. 
I got 1/2 a buffalo and a pelt,
How 'bout you?"
4274,2877,2,17,100,119,1.1764705882352942,0.03894173887081182,625,Don't swing.  He'll walk you.
4249,2877,2,17,100,119,1.1764705882352942,0.03894173887081182,625,I think you'll find there are rules about the use of pine trees as well as pine tar.
3932,2877,2,17,100,119,1.1764705882352942,0.03894173887081182,625,"Hey, did you know that the new rule bans the use of a corked club this era?"
3446,2877,1,19,99,119,1.1764705882352942,0.03706789949518647,625,This facial hair thing is really getting out of control.
3925,2877,3,15,101,119,1.1764705882352942,0.040729459603335606,625,Thanks for wearing the strike zone.
3888,2877,4,13,102,119,1.1764705882352942,0.04244194544170894,625,"Here comes one right in your wheelhouse. Oh, you don't know what that is yet do you?"
3842,2877,3,15,101,119,1.1764705882352942,0.040729459603335606,625,"Bush Leaguer,huh?"
3641,2877,2,17,100,119,1.1764705882352942,0.03894173887081182,625,What's next...a fig leaf?
4528,2877,3,15,101,119,1.1764705882352942,0.040729459603335606,625,I joined club baseball.
4075,2877,0,21,98,119,1.1764705882352942,0.03509414936549957,625,"Except for the beard, you look a heckuva lot like Shoeless Joe Jackson."
4576,2877,2,17,100,119,1.1764705882352942,0.03894173887081182,625,"Just be sure you swing at the ball, not my head."
4392,2877,3,15,101,119,1.1764705882352942,0.040729459603335606,625,Put it back in the clubhouse.
4776,2877,4,13,102,119,1.1764705882352942,0.04244194544170894,625,I don't know how you guys run in those uniforms.
5566,2877,2,17,100,119,1.1764705882352942,0.03894173887081182,625,The Red Sox AND The Cubs?
3351,2877,2,17,100,119,1.1764705882352942,0.03894173887081182,625,Don't look at me. I'm strictly new-school.
5507,2877,4,13,102,119,1.1764705882352942,0.04244194544170894,625,We will walk you if you promise not to hit me.
5487,2877,4,13,102,119,1.1764705882352942,0.04244194544170894,625,Three strikes and you're --   Never mind.
5396,2877,2,17,100,119,1.1764705882352942,0.03894173887081182,625,"It's called baseball, man. There're rules, and that club of yours won't pass as a bat."
5373,2877,3,15,101,119,1.1764705882352942,0.040729459603335606,625,"It's not a big meatball and if you eat another one, you're out."
5303,2877,3,15,101,119,1.1764705882352942,0.040729459603335606,625,I got benched about fifty thousand years ago. I am back on the field now.
5251,2877,6,9,104,119,1.1764705882352942,0.0456747024015647,625,"I   have  not  seen  a  club  like
that  in ages!"
5062,2877,2,17,100,119,1.1764705882352942,0.03894173887081182,625,I guess guess there’s no hiding my steroid use now.
4936,2877,3,15,101,119,1.1764705882352942,0.040729459603335606,625,"First the batter, now me?"
4934,2877,6,9,104,119,1.1764705882352942,0.0456747024015647,625,The league got carried away with our throwback uniforms this year.
4894,2877,1,19,99,119,1.1764705882352942,0.03706789949518647,625,Let me get this right. I kill it
4881,2877,4,13,102,119,1.1764705882352942,0.04244194544170894,625,My team needs a big hit.
4847,2877,2,17,100,119,1.1764705882352942,0.03894173887081182,625,Not good. Either I hit or I'm going down to the Devonian Period.
4821,2877,2,17,100,119,1.1764705882352942,0.03894173887081182,625,Welcome to the Bigs kid: but you ain't in JurrasicPark anymore
4700,2877,4,13,102,119,1.1764705882352942,0.04244194544170894,625,"I know it's not regulation, but my pinstripe bearskins are in the wash."
3264,2877,2,17,100,119,1.1764705882352942,0.03894173887081182,625,Ever read J. D. Salinger?
2299,2877,2,17,100,119,1.1764705882352942,0.03894173887081182,625,"No, we've never met before, this is our team's first time playing against the Piltsdown Pirates."
2908,2877,2,17,100,119,1.1764705882352942,0.03894173887081182,625,It doesn't look regulation.
1209,2877,3,15,101,119,1.1764705882352942,0.040729459603335606,625,"Hey, didn't you used to play in the Neolithic Leagues?"
1172,2877,3,15,101,119,1.1764705882352942,0.040729459603335606,625,You gonna hit the ball or kill it?
1138,2877,1,19,99,119,1.1764705882352942,0.03706789949518647,625,"No pine tar? Yeah, right, you've got half a damn pine tree there."
1129,2877,3,15,101,119,1.1764705882352942,0.040729459603335606,625,But this isn’t the Old Timers game!
584,2877,4,13,102,119,1.1764705882352942,0.04244194544170894,625,"Was the “Pine Tar Incident”
before your time?"
525,2877,0,21,98,119,1.1764705882352942,0.03509414936549957,625,"Finally, someone who looks like he bats cleanup."
491,2877,3,15,101,119,1.1764705882352942,0.040729459603335606,625,Just keep pitching around him--it's going to be years before he learns the strike zone!
342,2877,3,15,101,119,1.1764705882352942,0.040729459603335606,625,"Yes its called dugout ,not a cave."
341,2877,1,19,99,119,1.1764705882352942,0.03706789949518647,625,"No, it's not the batterer's box."
322,2877,3,15,101,119,1.1764705882352942,0.040729459603335606,625,When someone asks if baseball and softball are the same thing
316,2877,4,13,102,119,1.1764705882352942,0.04244194544170894,625,More like Shoeless Joe Jagoff lol. You suck.
300,2877,2,17,100,119,1.1764705882352942,0.03894173887081182,625,"Knuckle, as in ""ball"", not in ""dragger."""
263,2877,3,15,101,119,1.1764705882352942,0.040729459603335606,625,"Sa-wing, early Paleolithic man, early Paleolithic man, early Paleolithic man."
132,2877,2,17,100,119,1.1764705882352942,0.03894173887081182,625,"Your bat doesn't conform to ""homo Sapiens"" standards"
3148,2877,2,17,100,119,1.1764705882352942,0.03894173887081182,625,"Me hit big things to eat, not little white ball."
1213,2877,4,13,102,119,1.1764705882352942,0.04244194544170894,625,Haven't seen you in a while.
1239,2877,3,15,101,119,1.1764705882352942,0.040729459603335606,625,What you really need to try is going keto
25,2877,4,13,102,119,1.1764705882352942,0.04244194544170894,625,Cleveland Indians was simply unacceptable.
1283,2877,3,15,101,119,1.1764705882352942,0.040729459603335606,625,Calling balls and strikes: so easy a Supreme Court Justice could do it? You’ve got to be kidding.
1264,2877,4,13,102,119,1.1764705882352942,0.04244194544170894,625,I suppose a helmet is out of the question...
2425,2877,2,17,100,119,1.1764705882352942,0.03894173887081182,625,"Dude, where’d you get your PEDs?"
2262,2877,2,17,100,119,1.1764705882352942,0.03894173887081182,625,It's going to come in pretty fast but don't cave.
2033,2877,2,17,100,119,1.1764705882352942,0.03894173887081182,625,So the guy over there is gonna throw a ball and you use that bat to... ahh never mind.
1942,2877,1,19,99,119,1.1764705882352942,0.03706789949518647,625,I bat clean up for The Hunters and Gatherers.
1885,2877,3,15,101,119,1.1764705882352942,0.040729459603335606,625,You want caveman to hit ball? Back in my day your head was ball.
1861,2877,3,15,101,119,1.1764705882352942,0.040729459603335606,625,"The Louisville Slugger Museum is looking for 
Neanderthal catchers."
2787,2877,3,15,101,119,1.1764705882352942,0.040729459603335606,625,"Batting cages? No, I said batting ages."
1693,2877,1,19,99,119,1.1764705882352942,0.03706789949518647,625,You've already caved under the pressure.
1648,2877,3,15,101,119,1.1764705882352942,0.040729459603335606,625,"No, I'm not your din din."
1572,2877,4,13,102,119,1.1764705882352942,0.04244194544170894,625,You've got me rethinking this whole 'hey batta batta swing' concept
1355,2877,2,17,100,119,1.1764705882352942,0.03894173887081182,625,"Dude, where's your helmet?"
1316,2877,4,13,102,119,1.1764705882352942,0.04244194544170894,625,"This and fire, baby!"
1757,2877,3,15,101,119,1.1764705882352942,0.040729459603335606,625,A strike is a strike no matter what period your from!
4925,2948,2,16,96,114,1.1754385964912282,0.03988341579297831,625,You're sure giving new meaning to 'ball club'
1192,2948,3,14,97,114,1.1754385964912282,0.041784473796382456,625,. . . and you think you're America's pastime.
5533,2950,2,15,93,110,1.1727272727272726,0.04055307976484437,625,No you can't see our sign for fire.
3541,2951,1,18,97,116,1.1724137931034482,0.037291875366635134,625,Watch your brow ridge.
3551,2951,2,16,98,116,1.1724137931034482,0.03925059242663616,625,"I'm not prehistoric, I am here as brute force!"
3581,2951,2,16,98,116,1.1724137931034482,0.03925059242663616,625,You just up from triple A?
3665,2951,2,16,98,116,1.1724137931034482,0.03925059242663616,625,I just got traded from the club league.
3386,2951,4,12,100,116,1.1724137931034482,0.04290057203353385,625,Your bat's not regulation size...but neither is your dress
3612,2951,0,20,96,116,1.1724137931034482,0.035224408169327544,625,"They can make us skip wearing cleats and arm sleeves, but deodorant is mandatory, buddy."
3625,2951,2,16,98,116,1.1724137931034482,0.03925059242663616,625,What the hell clubhouse are you from?
3629,2951,3,14,99,116,1.1724137931034482,0.04111610442786581,625,Your mother was a neanderthal.
3638,2951,1,18,97,116,1.1724137931034482,0.037291875366635134,625,Give him a second. He's never faced a batter who wasn't chewing something.
3645,2951,3,14,99,116,1.1724137931034482,0.04111610442786581,625,He's been throwing Clovis points all night.
3647,2951,3,14,99,116,1.1724137931034482,0.04111610442786581,625,During regular season I follow the Paleo diet.
3663,2951,3,14,99,116,1.1724137931034482,0.04111610442786581,625,"And now batting for the New York Mets, Ugh!"
3437,2951,1,18,97,116,1.1724137931034482,0.037291875366635134,625,"I just got called up. In ""D"" ball we have to make our own bats and uniforms."
3584,2951,5,10,101,116,1.1724137931034482,0.04461372118850528,625,So you are a Yankee....yabba dabba doo for you
3754,2951,2,16,98,116,1.1724137931034482,0.03925059242663616,625,Kudos to you for havin' the guts to wear a dress out here. A lot of us have been wantin' to do it for years.
3691,2951,2,16,98,116,1.1724137931034482,0.03925059242663616,625,"Regulation uniforms only in this league...I’m gonna have to 
report you to PETA"
4084,2951,4,12,100,116,1.1724137931034482,0.04290057203353385,625,Hard Ball deserves a HARD BAT!
3374,2951,5,10,101,116,1.1724137931034482,0.04461372118850528,625,The cricket field is next door.
4168,2951,1,18,97,116,1.1724137931034482,0.037291875366635134,625,Maybe you guys are taking this retro uniform thing a bit far.
4049,2951,2,16,98,116,1.1724137931034482,0.03925059242663616,625,Got tired of staring at fire all the time?
4003,2951,2,16,98,116,1.1724137931034482,0.03925059242663616,625,"Oh look, another Yankee that likes to mash the ball."""
3992,2951,3,14,99,116,1.1724137931034482,0.04111610442786581,625,My wife's also doing the Paleo diet.
3915,2951,3,14,99,116,1.1724137931034482,0.04111610442786581,625,"Doug, GEICO stadium ok, but even if you are making $50 mil a year, I play for the YANKEES and I'M embarresed!!!"
3857,2951,4,12,100,116,1.1724137931034482,0.04290057203353385,625,"Welcome to The Show, pal. Long time in the minors eh?"
3845,2951,4,12,100,116,1.1724137931034482,0.04290057203353385,625,Tread softly for you tread on my dreams.
3841,2951,2,16,98,116,1.1724137931034482,0.03925059242663616,625,Take a swing.  Last at bat you caved.
3781,2951,2,16,98,116,1.1724137931034482,0.03925059242663616,625,Just don't break the bat..
3729,2951,4,12,100,116,1.1724137931034482,0.04290057203353385,625,I can’t read. Which sign do I need to hit to win a suit?
3728,2951,3,14,99,116,1.1724137931034482,0.04111610442786581,625,"It's not you, I just never liked the designated hitter rule."
3718,2951,2,16,98,116,1.1724137931034482,0.03925059242663616,625,"Look, agreed - the game is Neanderthal, but come on, man..."
3701,2951,2,16,98,116,1.1724137931034482,0.03925059242663616,625,I see you brought your ball club with you.
3686,2951,4,12,100,116,1.1724137931034482,0.04290057203353385,625,Is that bat even legal?
3364,2951,3,14,99,116,1.1724137931034482,0.04111610442786581,625,This is the Field of Dreams. Don't question it.
4828,2951,2,16,98,116,1.1724137931034482,0.03925059242663616,625,"It's the clubhouse,not the club house."
3343,2951,4,12,100,116,1.1724137931034482,0.04290057203353385,625,I wish they just stuck with the gecko.
2972,2951,5,10,101,116,1.1724137931034482,0.04461372118850528,625,You're only allowed to bat because stone throwers aren't classified as pitchers in the American League
2957,2951,4,12,100,116,1.1724137931034482,0.04290057203353385,625,Is that pine tar on your club?
2948,2951,4,12,100,116,1.1724137931034482,0.04290057203353385,625,You're throw back night uniform is way back.
2938,2951,0,20,96,116,1.1724137931034482,0.035224408169327544,625,So you're the new Designated Homo-erectus?
2935,2951,3,14,99,116,1.1724137931034482,0.04111610442786581,625,The Paleo diet has really improved your stance.
2917,2951,0,20,96,116,1.1724137931034482,0.035224408169327544,625,"Happy Halloween,Jayson."
2973,2951,3,14,99,116,1.1724137931034482,0.04111610442786581,625,"Glogball have same rules, but Glog hit by pitch;  you run to first."
2912,2951,1,18,97,116,1.1724137931034482,0.037291875366635134,625,You might want to step back a little.
2865,2951,0,20,96,116,1.1724137931034482,0.035224408169327544,625,I think you're looking for the Oldtimers game.
2861,2951,3,14,99,116,1.1724137931034482,0.04111610442786581,625,You're out of your league.
2854,2951,3,14,99,116,1.1724137931034482,0.04111610442786581,625,You must be the league’s first DH.
4178,2951,1,18,97,116,1.1724137931034482,0.037291875366635134,625,"So you are going old school, eh?"
2829,2951,4,12,100,116,1.1724137931034482,0.04290057203353385,625,At least you're not from the steroid era.
2826,2951,3,14,99,116,1.1724137931034482,0.04111610442786581,625,You called for a batter?
2870,2951,3,14,99,116,1.1724137931034482,0.04111610442786581,625,Big stick!
2975,2951,2,16,98,116,1.1724137931034482,0.03925059242663616,625,"Don't cave, man ... This club's been yours for a long time."
3013,2951,2,16,98,116,1.1724137931034482,0.03925059242663616,625,"I knew the Yankees were old, but I didn't expect this"
3082,2951,4,12,100,116,1.1724137931034482,0.04290057203353385,625,"During your last at bat, when I said your mom sucks pterodactyl dicks, that wasn't cool. I'm sorry, man. I know the dinosaurs had been extinct for millions of years by the time your mom was here on earth, blowing every wooly mammoth she could find."
3313,2951,0,20,96,116,1.1724137931034482,0.035224408169327544,625,Let me try. This seems easier than hunting ptelodactyls.
3283,2951,1,18,97,116,1.1724137931034482,0.037291875366635134,625,You need some spikes.
3282,2951,0,20,96,116,1.1724137931034482,0.035224408169327544,625,Swing high.
3250,2951,5,10,101,116,1.1724137931034482,0.04461372118850528,625,The Incel League plays tomorrow.
3241,2951,2,16,98,116,1.1724137931034482,0.03925059242663616,625,"I think you're taking ""club league"" too literally."
3240,2951,2,16,98,116,1.1724137931034482,0.03925059242663616,625,H. G  Wells said I could come here......
3211,2951,2,16,98,116,1.1724137931034482,0.03925059242663616,625,Are we still following those unwritten rules?
3207,2951,3,14,99,116,1.1724137931034482,0.04111610442786581,625,You sure waited a long time to be called up.
3189,2951,1,18,97,116,1.1724137931034482,0.037291875366635134,625,"They announced the designated ""hitter,"" not ""hunter."""
3172,2951,2,16,98,116,1.1724137931034482,0.03925059242663616,625,It was this or exhibit at the Museum of Natural History.
3127,2951,4,12,100,116,1.1724137931034482,0.04290057203353385,625,They've gone too far with the throwback uniforms.
3102,2951,2,16,98,116,1.1724137931034482,0.03925059242663616,625,I hear it's Bobblehead Day here at Jurassic Park.
3101,2951,2,16,98,116,1.1724137931034482,0.03925059242663616,625,"What’s your batting average?”
“500...400 tigers, 200 wooly mamoths."
3093,2951,2,16,98,116,1.1724137931034482,0.03925059242663616,625,Looks like doping is setting the game back.
3092,2951,1,18,97,116,1.1724137931034482,0.037291875366635134,625,"So I was thinking, why not go complete paleo?"
3362,2951,2,16,98,116,1.1724137931034482,0.03925059242663616,625,"No, my whisk broom isn't edible."
4207,2951,2,16,98,116,1.1724137931034482,0.03925059242663616,625,"Yes,you do use steroids!"
5281,2951,1,18,97,116,1.1724137931034482,0.037291875366635134,625,"Yeah, I did say “Yabba, dabba, do!”"
4237,2951,4,12,100,116,1.1724137931034482,0.04290057203353385,625,One strike and you will be gone.
5238,2951,5,10,101,116,1.1724137931034482,0.04461372118850528,625,"Old timers' day, Flintsone smashes a cave ball to right."
5217,2951,1,18,97,116,1.1724137931034482,0.037291875366635134,625,That paleo diet is really working for you!
5214,2951,1,18,97,116,1.1724137931034482,0.037291875366635134,625,You must be the veteran of the club.
5186,2951,3,14,99,116,1.1724137931034482,0.04111610442786581,625,Paleo pitch catching has improved my posture.
5166,2951,2,16,98,116,1.1724137931034482,0.03925059242663616,625,Your bat is leaking pine tar all over my plate
5164,2951,3,14,99,116,1.1724137931034482,0.04111610442786581,625,"Yes, the game has evolved quite a lot since you last played."
5269,2951,1,18,97,116,1.1724137931034482,0.037291875366635134,625,'Batter' means batter the ball. Don't forget that.
5142,2951,1,18,97,116,1.1724137931034482,0.037291875366635134,625,Only Sapiens are allowed to use loaded bats in the Homo erectus league.
5131,2951,2,16,98,116,1.1724137931034482,0.03925059242663616,625,"At the sight of Urg the Destroyer, the catcher came close to supplying an unrequested urine sample."
5129,2951,1,18,97,116,1.1724137931034482,0.037291875366635134,625,"Even for someone called up from the paleolithic, I can't believe they let you out of the clubhouse without cleats."
5063,2951,5,10,101,116,1.1724137931034482,0.04461372118850528,625,I lived in a curvy cave for a year; I look forward to hitting Corey Kluber.
5025,2951,4,12,100,116,1.1724137931034482,0.04290057203353385,625,"Regulation sportswear only, but I love the club!"
5022,2951,3,14,99,116,1.1724137931034482,0.04111610442786581,625,Your first season up from the minors?
4989,2951,4,12,100,116,1.1724137931034482,0.04290057203353385,625,I can see you’re a big hit.
5135,2951,0,20,96,116,1.1724137931034482,0.035224408169327544,625,"Hobbs, you’re a little old for a rookie."
2797,2951,2,16,98,116,1.1724137931034482,0.03925059242663616,625,"Remember now, you are supposed to hit the ball, the small white thing the man will throw at you."
5294,2951,3,14,99,116,1.1724137931034482,0.04111610442786581,625,"These ""Turn Back the Clock"" days are getting a bit ridiculous"
5295,2951,2,16,98,116,1.1724137931034482,0.03925059242663616,625,"You got pine tar on that bat, Rookie?"
5679,2951,4,12,100,116,1.1724137931034482,0.04290057203353385,625,"No, I swear, two fingers is a fast ball."
5678,2951,6,8,102,116,1.1724137931034482,0.046263475396547384,625,He's throwing Clovis points.
5672,2951,3,14,99,116,1.1724137931034482,0.04111610442786581,625,What I wouldn't give for your pension.
5650,2951,3,14,99,116,1.1724137931034482,0.04111610442786581,625,"So because it’s not technically a bat, you’re telling me regulations don’t apply?"
5589,2951,3,14,99,116,1.1724137931034482,0.04111610442786581,625,these alternate uniforms have gone too far.
5584,2951,3,14,99,116,1.1724137931034482,0.04111610442786581,625,"Nice throwback: uniform, steroids, and corked bat."
5559,2951,1,18,97,116,1.1724137931034482,0.037291875366635134,625,Wrong ball club.
5515,2951,4,12,100,116,1.1724137931034482,0.04290057203353385,625,"What are you, Bush League?"
5419,2951,2,16,98,116,1.1724137931034482,0.03925059242663616,625,I really hate Throwback Thursday night.
5398,2951,3,14,99,116,1.1724137931034482,0.04111610442786581,625,You must have taken the wrong steroids.
5395,2951,1,18,97,116,1.1724137931034482,0.037291875366635134,625,"You're not supposed to tell me that you're going to bunt, I'm on the other team!"
5388,2951,3,14,99,116,1.1724137931034482,0.04111610442786581,625,"Not all talk, huh?"
5376,2951,3,14,99,116,1.1724137931034482,0.04111610442786581,625,You don’t look like you’ve been to the gym recently.
5359,2951,2,16,98,116,1.1724137931034482,0.03925059242663616,625,"Just to clear the air, I don't believe any of those rumors you've used steroids."
5309,2951,3,14,99,116,1.1724137931034482,0.04111610442786581,625,"No stealing our petroglyphs, Buster."
4979,2951,4,12,100,116,1.1724137931034482,0.04290057203353385,625,"You'll be fine, the pitcher's a headhunter."
4232,2951,2,16,98,116,1.1724137931034482,0.03925059242663616,625,Og spend LOOOOOONNNNNNGGGGGG time in minors.
4971,2951,1,18,97,116,1.1724137931034482,0.037291875366635134,625,Word has it you’re looking for another long-term deal.
4876,2951,3,14,99,116,1.1724137931034482,0.04111610442786581,625,"Oh my god, you’re embarrassing me! But yes....I’ll marry you..."
4525,2951,1,18,97,116,1.1724137931034482,0.037291875366635134,625,This one's for the record books.
4514,2951,4,12,100,116,1.1724137931034482,0.04290057203353385,625,I love old timers day. Seems so long ago
4496,2951,2,16,98,116,1.1724137931034482,0.03925059242663616,625,Still proud of our original uniforms.
4482,2951,3,14,99,116,1.1724137931034482,0.04111610442786581,625,"So that's a ""no"" to next Sunday with the Wilkersons?"
4475,2951,5,10,101,116,1.1724137931034482,0.04461372118850528,625,"Yep, a little 6o’s but Bam Bam is all grown up!"
4428,2951,1,18,97,116,1.1724137931034482,0.037291875366635134,625,Are you sure you’re in the right park??
4538,2951,2,16,98,116,1.1724137931034482,0.03925059242663616,625,"For the last time, Pete Rose, the answer is “No!”"
4411,2951,3,14,99,116,1.1724137931034482,0.04111610442786581,625,"I'm all for throwback uniforms, but seriously?"
4389,2951,1,18,97,116,1.1724137931034482,0.037291875366635134,625,You think I’M the monkey?
4375,2951,4,12,100,116,1.1724137931034482,0.04290057203353385,625,"Modern grooming, original uniform. It works, rookie!"
4374,2951,3,14,99,116,1.1724137931034482,0.04111610442786581,625,Hope your R.B.I. is higher than your E.R.A.
4356,2951,3,14,99,116,1.1724137931034482,0.04111610442786581,625,"We know you Judge,even outta uniform"
4284,2951,3,14,99,116,1.1724137931034482,0.04111610442786581,625,I didn’t know we were playing Carlsbad
4265,2951,2,16,98,116,1.1724137931034482,0.03925059242663616,625,"No, the clubhouse is behind you."
4394,2951,1,18,97,116,1.1724137931034482,0.037291875366635134,625,It's about time they called you up to the bigs.
4554,2951,3,14,99,116,1.1724137931034482,0.04111610442786581,625,I hate the throw back uniforms.
4570,2951,3,14,99,116,1.1724137931034482,0.04111610442786581,625,Yankees - no I play for the CLUBS
4571,2951,3,14,99,116,1.1724137931034482,0.04111610442786581,625,"Sorry, the rules say you can't substitute a club for a bat."
4875,2951,3,14,99,116,1.1724137931034482,0.04111610442786581,625,So you're the new heavy hitter they needed for the post-season...
4841,2951,4,12,100,116,1.1724137931034482,0.04290057203353385,625,"You and Tim Tebow, get a life."
4818,2951,2,16,98,116,1.1724137931034482,0.03925059242663616,625,"So, you wanna do ‘old school,’ eh?"
4817,2951,2,16,98,116,1.1724137931034482,0.03925059242663616,625,Homo erectus up!  Get it?
4775,2951,0,20,96,116,1.1724137931034482,0.035224408169327544,625,"I thought you old-timers didn't believe in the designated hitter.""

Michael G. Murphy
Seattle, W"
4742,2951,2,16,98,116,1.1724137931034482,0.03925059242663616,625,"It's on 79th and Central Park West, but don't say I didn't warn you..."
4733,2951,2,16,98,116,1.1724137931034482,0.03925059242663616,625,Coach thought it would be funny...
4725,2951,0,20,96,116,1.1724137931034482,0.035224408169327544,625,"OK- No excitement now . . .
We both embrace the glacial tempo of the Game, right?"
4720,2951,1,18,97,116,1.1724137931034482,0.037291875366635134,625,It's the throwback uniform.
4716,2951,2,16,98,116,1.1724137931034482,0.03925059242663616,625,Slam that ball back to the Stone Age1
4703,2951,3,14,99,116,1.1724137931034482,0.04111610442786581,625,I like the loose fitting uniform! Is that breathable fabric?
4689,2951,2,16,98,116,1.1724137931034482,0.03925059242663616,625,"Stealing signs is low, even for a Neanderthal."
4659,2951,2,16,98,116,1.1724137931034482,0.03925059242663616,625,No you DON'T get to eat what you hit
4612,2951,4,12,100,116,1.1724137931034482,0.04290057203353385,625,"Look, I got no quarrel with the Neanderthals. Winner take all was your idea."
4582,2951,3,14,99,116,1.1724137931034482,0.04111610442786581,625,"The idea is to hit the ball, not me!"
4899,2951,2,16,98,116,1.1724137931034482,0.03925059242663616,625,"He may only have a a .237 batting average, but you should see how he uses that thing on a mammoth."
2751,2951,6,8,102,116,1.1724137931034482,0.046263475396547384,625,"Let me guess, you’re on a Paleo diet?"
3939,2951,4,12,100,116,1.1724137931034482,0.04290057203353385,625,"So, you're the new designated hitter."
2689,2951,1,18,97,116,1.1724137931034482,0.037291875366635134,625,So how long did they keep you waiting in the bull pen?
841,2951,5,10,101,116,1.1724137931034482,0.04461372118850528,625,"No, you're mistaken, I'm not a caveman from the past, I'm a hipster batter from Williamsburg."
839,2951,4,12,100,116,1.1724137931034482,0.04290057203353385,625,I don't think that's a regulation bat.
833,2951,2,16,98,116,1.1724137931034482,0.03925059242663616,625,So it frees your arms for a better swing!
800,2951,2,16,98,116,1.1724137931034482,0.03925059242663616,625,Me think squatting zebra look funny.  Me take him home for dinner.
793,2951,3,14,99,116,1.1724137931034482,0.04111610442786581,625,"Grog say, him hit me with ball, I hit you!"
787,2951,1,18,97,116,1.1724137931034482,0.037291875366635134,625,"Now remember, you’re supposed to go for the ball, not my head."
855,2951,2,16,98,116,1.1724137931034482,0.03925059242663616,625,you know those beards are really in these days
776,2951,3,14,99,116,1.1724137931034482,0.04111610442786581,625,"No!  Repeat after me:  ""Head-bonk, no!  Quaaludes, no!""  Today, it's sensitivity and understanding.  And try a little deodorant, too."
769,2951,3,14,99,116,1.1724137931034482,0.04111610442786581,625,"I like throw-back jerseys, but that's ridiculous."
735,2951,2,16,98,116,1.1724137931034482,0.03925059242663616,625,T-rex thigh bone?
699,2951,3,14,99,116,1.1724137931034482,0.04111610442786581,625,you’re making me feel under-dressed
676,2951,4,12,100,116,1.1724137931034482,0.04290057203353385,625,"Sorry, you can't play.  The MLB now has a dress code."
660,2951,1,18,97,116,1.1724137931034482,0.037291875366635134,625,"No, im a cave man, not a bat boy."
657,2951,3,14,99,116,1.1724137931034482,0.04111610442786581,625,"After the velociraptors, Chapman just can't intimidate me."
773,2951,2,16,98,116,1.1724137931034482,0.03925059242663616,625,fast ball down the middle...I promise.
655,2951,4,12,100,116,1.1724137931034482,0.04290057203353385,625,Your team could use a cleanup.
898,2951,3,14,99,116,1.1724137931034482,0.04111610442786581,625,How many of those bats did you have made?
971,2951,3,14,99,116,1.1724137931034482,0.04111610442786581,625,Don't you think you've taken this whole Paleo thing a little too far?
1208,2951,0,20,96,116,1.1724137931034482,0.035224408169327544,625,"Coming up to bat now is Unga, known for his mammoth home runs."
1200,2951,3,14,99,116,1.1724137931034482,0.04111610442786581,625,Im here to Kill the Umpire!!!
1179,2951,2,16,98,116,1.1724137931034482,0.03925059242663616,625,"Hit it back to the Stone Age, and then join it."
1150,2951,1,18,97,116,1.1724137931034482,0.037291875366635134,625,Yes...I am on the PALEO diet
1147,2951,2,16,98,116,1.1724137931034482,0.03925059242663616,625,Fans prefer me to dress like them.
1106,2951,2,16,98,116,1.1724137931034482,0.03925059242663616,625,"Hmm, I think I' better back up a couple of feet"
938,2951,3,14,99,116,1.1724137931034482,0.04111610442786581,625,He’s coming with the stone ball!
1090,2951,2,16,98,116,1.1724137931034482,0.03925059242663616,625,Im sorry. The designated hitter is only allowed in the American League.
1037,2951,3,14,99,116,1.1724137931034482,0.04111610442786581,625,No...I am not woman... keep your eye on the damn Ball !
1020,2951,2,16,98,116,1.1724137931034482,0.03925059242663616,625,You might reconsider calling for the high inside fastball
1002,2951,2,16,98,116,1.1724137931034482,0.03925059242663616,625,"I suppose if the bats are in the cave, the caveman can come to bat."
990,2951,4,12,100,116,1.1724137931034482,0.04290057203353385,625,"So that hitting guru really changed your style, huh?"
976,2951,3,14,99,116,1.1724137931034482,0.04111610442786581,625,"I'm guessin' you're the rookie they called up from the Pro-Magnon League, huh?"""
973,2951,2,16,98,116,1.1724137931034482,0.03925059242663616,625,You have no idea....
1059,2951,2,16,98,116,1.1724137931034482,0.03925059242663616,625,We’re just past the All-Star break and you guys are 21 games out of first. Don’t you think you’re carrying the stupid post-season beard thing a little too far?
648,2951,2,16,98,116,1.1724137931034482,0.03925059242663616,625,How did you know I was the oldest on the team?
639,2951,3,14,99,116,1.1724137931034482,0.04111610442786581,625,Cool throwback uniform!
638,2951,3,14,99,116,1.1724137931034482,0.04111610442786581,625,I think you're taking paleo a bit too far.
217,2951,3,14,99,116,1.1724137931034482,0.04111610442786581,625,I see you don't wear batting gloves.
215,2951,4,12,100,116,1.1724137931034482,0.04290057203353385,625,Easy out!
192,2951,3,14,99,116,1.1724137931034482,0.04111610442786581,625,You look very familiar.  Did we play together in the minors?
184,2951,4,12,100,116,1.1724137931034482,0.04290057203353385,625,They told me today was Retro Day.
160,2951,2,16,98,116,1.1724137931034482,0.03925059242663616,625,So that is the prehistoric model?  I didn't think they sold those anymore.
153,2951,2,16,98,116,1.1724137931034482,0.03925059242663616,625,How's the new paleo diet goin'?
222,2951,1,18,97,116,1.1724137931034482,0.037291875366635134,625,"Me Catcher, you Batter."
150,2951,5,10,101,116,1.1724137931034482,0.04461372118850528,625,You club ball for ball club?
133,2951,3,14,99,116,1.1724137931034482,0.04111610442786581,625,"Hey, it’s mothing personal but I hear you just got thawed out of ice and have a great batting average so I’m going to start explaining how smartphones work and hope you go Lovecraft-level crazy and have a heart attack before the first pitch comes in"
54,2951,1,18,97,116,1.1724137931034482,0.037291875366635134,625,Me. I’m on first.
44,2951,1,18,97,116,1.1724137931034482,0.037291875366635134,625,I can't explain it! You just have to run to first base first.
10,2951,2,16,98,116,1.1724137931034482,0.03925059242663616,625,You must be the hot new prospect...
4,2951,2,16,98,116,1.1724137931034482,0.03925059242663616,625,Calm down.  We are not vegan.  Hotdogs with mustard are thataway.
2712,2951,2,16,98,116,1.1724137931034482,0.03925059242663616,625,"The coach said ‘any caveman can do it’, so I was hired."
143,2951,1,18,97,116,1.1724137931034482,0.037291875366635134,625,I hate that evolution produced the designated hitter.
240,2951,2,16,98,116,1.1724137931034482,0.03925059242663616,625,I warned you months ago to ease off the 'roids.  Now there's no turning back.
241,2951,3,14,99,116,1.1724137931034482,0.04111610442786581,625,"For the last time Fred, a strike is not a good thing in baseball!"
242,2951,1,18,97,116,1.1724137931034482,0.037291875366635134,625,"Good to see you again, Mr. Werth."
557,2951,2,16,98,116,1.1724137931034482,0.03925059242663616,625,Throwback uniform goes with the beard.
551,2951,3,14,99,116,1.1724137931034482,0.04111610442786581,625,"I think your owner took ""Throwback Uniforms"" day a bit too far Johnny."
529,2951,2,16,98,116,1.1724137931034482,0.03925059242663616,625,"Making it to the Big Leagues is that easy, huh?"
511,2951,3,14,99,116,1.1724137931034482,0.04111610442786581,625,This signal means four balls. That’s what they will pitch to you So you don’t need to swing
473,2951,2,16,98,116,1.1724137931034482,0.03925059242663616,625,"No, you want the hockey rink. H-O-C-K-E-Y."
471,2951,2,16,98,116,1.1724137931034482,0.03925059242663616,625,"These ""throwback uniforms"" are getting out of hand."
460,2951,4,12,100,116,1.1724137931034482,0.04290057203353385,625,"No, you’re “cavepeople” now"
432,2951,4,12,100,116,1.1724137931034482,0.04290057203353385,625,Why pitcher throw balls? Me only hit rocks!
388,2951,3,14,99,116,1.1724137931034482,0.04111610442786581,625,Be careful sliding into s second.
382,2951,2,16,98,116,1.1724137931034482,0.03925059242663616,625,You making fun of my posture?
373,2951,1,18,97,116,1.1724137931034482,0.037291875366635134,625,"Don't swing, and I'll tell you where the mammoths are."
372,2951,4,12,100,116,1.1724137931034482,0.04290057203353385,625,It's so easy even you could do it.
352,2951,1,18,97,116,1.1724137931034482,0.037291875366635134,625,Made your own bat?
313,2951,2,16,98,116,1.1724137931034482,0.03925059242663616,625,Swing for the Mesozoic.
243,2951,1,18,97,116,1.1724137931034482,0.037291875366635134,625,Sorry. That's a Red Sox bat. You can't use that!
1242,2951,2,16,98,116,1.1724137931034482,0.03925059242663616,625,I hear you're the old man on the team.
1279,2951,2,16,98,116,1.1724137931034482,0.03925059242663616,625,They just brought me up.
567,2951,2,16,98,116,1.1724137931034482,0.03925059242663616,625,You were way more attractive on your tinder bio.
1292,2951,5,10,101,116,1.1724137931034482,0.04461372118850528,625,"Hey, what's up Dustin, things not going well on the PGA Tour?"
2073,2951,2,16,98,116,1.1724137931034482,0.03925059242663616,625,"We wear caps and sleeves at this level, Son.” - Lou Brown
(R.I.P. James Gammon"
2082,2951,3,14,99,116,1.1724137931034482,0.04111610442786581,625,I don't think you can use a mastodon leg as a bat.
2090,2951,5,10,101,116,1.1724137931034482,0.04461372118850528,625,I see your team's gone paleo
2108,2951,2,16,98,116,1.1724137931034482,0.03925059242663616,625,"So, big deal, you survived the Ice Age. Now try to make it through the Baseball Glacial Period."
2144,2951,4,12,100,116,1.1724137931034482,0.04290057203353385,625,I'm thinking about giving up clubbing. You?
2152,2951,5,10,101,116,1.1724137931034482,0.04461372118850528,625,This was the way I used to get to first base.
2163,2951,1,18,97,116,1.1724137931034482,0.037291875366635134,625,Time to give 'em something to read about on the cave wall tomorrow.
2205,2951,3,14,99,116,1.1724137931034482,0.04111610442786581,625,"If you strike out, they will send you back to the Paleolithic League."
2211,2951,2,16,98,116,1.1724137931034482,0.03925059242663616,625,"We'd like to welcome fans to
Rip-in-the-Time-Space-Continuum Night 
here at Yankee Stadium. 
Remember, don't feed the raptors!"""
2233,2951,1,18,97,116,1.1724137931034482,0.037291875366635134,625,What was the game like before the unwritten rules of baseball?
2283,2951,5,10,101,116,1.1724137931034482,0.04461372118850528,625,You just up from the bush leagues?
2344,2951,2,16,98,116,1.1724137931034482,0.03925059242663616,625,You wearing a jock strap under that?
2377,2951,1,18,97,116,1.1724137931034482,0.037291875366635134,625,"Grok don't miss ball, step away from the plate or be prepared to be hit!"
2402,2951,4,12,100,116,1.1724137931034482,0.04290057203353385,625,Let's see if it's so easy......
2419,2951,3,14,99,116,1.1724137931034482,0.04111610442786581,625,My manager is truly old-school.
2422,2951,2,16,98,116,1.1724137931034482,0.03925059242663616,625,Let me guess. They told you it was throwback uniform day.
2442,2951,3,14,99,116,1.1724137931034482,0.04111610442786581,625,"Boy, talk about a curveball."
2600,2951,5,10,101,116,1.1724137931034482,0.04461372118850528,625,What do you think of the new Nationals uniform?
2592,2951,1,18,97,116,1.1724137931034482,0.037291875366635134,625,"I'm a career .450 hitter vs. saber-toothed lions, so this Severino guy doesn't scare me a bit."
2578,2951,3,14,99,116,1.1724137931034482,0.04111610442786581,625,Is this  what you call home plate?  Where's the food
2570,2951,4,12,100,116,1.1724137931034482,0.04290057203353385,625,"They're called ""the tools of ignorance."""
2568,2951,5,10,101,116,1.1724137931034482,0.04461372118850528,625,Wouldn't you feel more comfortable playing football?
2567,2951,1,18,97,116,1.1724137931034482,0.037291875366635134,625,Does this guy ever throw wild pitches?
2054,2951,2,16,98,116,1.1724137931034482,0.03925059242663616,625,"Before the Golden Age of Baseball, there was..."
2566,2951,4,12,100,116,1.1724137931034482,0.04290057203353385,625,"Keep growing that beard, we need to make it to the World Series."
2544,2951,1,18,97,116,1.1724137931034482,0.037291875366635134,625,Home plate tectonics has really changed the feel of the game.
2541,2951,3,14,99,116,1.1724137931034482,0.04111610442786581,625,"...and by 'easy out,' I mean it from a skills perspective, not an historical one."
2520,2951,5,10,101,116,1.1724137931034482,0.04461372118850528,625,"Honest, I’m just the catcher."
2511,2951,1,18,97,116,1.1724137931034482,0.037291875366635134,625,"It's the 9th inning, and I finally get up to bat!"
2479,2951,2,16,98,116,1.1724137931034482,0.03925059242663616,625,I heard you’ve been carrying the club this month!
2452,2951,2,16,98,116,1.1724137931034482,0.03925059242663616,625,No worries! It’s so easy even a caveman can do it!
2559,2951,2,16,98,116,1.1724137931034482,0.03925059242663616,625,Speak softly and carry a big stick.
2611,2951,3,14,99,116,1.1724137931034482,0.04111610442786581,625,"Remember, a walk is as good as a hit!"
2632,2951,4,12,100,116,1.1724137931034482,0.04290057203353385,625,"According to the latest sabermetric data, my age demographic lines up with the fan base."
2028,2951,1,18,97,116,1.1724137931034482,0.037291875366635134,625,The Throwback Game is next week.
1656,2951,1,18,97,116,1.1724137931034482,0.037291875366635134,625,Me come up from Double A Pleistocene.
1635,2951,3,14,99,116,1.1724137931034482,0.04111610442786581,625,Remember: Krog no hit catcher - Krog hit ball.
1538,2951,2,16,98,116,1.1724137931034482,0.03925059242663616,625,Designated hitter?
1537,2951,4,12,100,116,1.1724137931034482,0.04290057203353385,625,"No batter no batter no batter, Caveman!"
1536,2951,4,12,100,116,1.1724137931034482,0.04290057203353385,625,"Approaching the plate now is Cav Eman, a terrific slugger and great addition to the  Yankee Club House."
1505,2951,3,14,99,116,1.1724137931034482,0.04111610442786581,625,"Looks like you're overdoing that paleo diet, Shorty."
1668,2951,1,18,97,116,1.1724137931034482,0.037291875366635134,625,"I know paleo is a lifestyle, but I think you've gone too far."
1477,2951,2,16,98,116,1.1724137931034482,0.03925059242663616,625,You’re kidding!..... You are the designated hitter?
1431,2951,4,12,100,116,1.1724137931034482,0.04290057203353385,625,See?  It's not as easy as it looks!
2634,2951,3,14,99,116,1.1724137931034482,0.04111610442786581,625,You guys carry this throw-back uniform thing pretty far.
1424,2951,1,18,97,116,1.1724137931034482,0.037291875366635134,625,Something tells me I need a career change.
1388,2951,3,14,99,116,1.1724137931034482,0.04111610442786581,625,"The third baseman, Number 28, Flintstone, Number 28"
1384,2951,2,16,98,116,1.1724137931034482,0.03925059242663616,625,The fingers are ONLY for the pitcher!
1300,2951,2,16,98,116,1.1724137931034482,0.03925059242663616,625,"Your swing is so bad, you look like a caveman killing his lunch."
1466,2951,2,16,98,116,1.1724137931034482,0.03925059242663616,625,"You've been benched for a while, huh?"
1282,2951,2,16,98,116,1.1724137931034482,0.03925059242663616,625,"Yes, traditionally we're called a ball club, but..."
1678,2951,5,10,101,116,1.1724137931034482,0.04461372118850528,625,"Slow game.  So, you were a starter?"
1704,2951,5,10,101,116,1.1724137931034482,0.04461372118850528,625,I don’t remember you at spring training
1997,2951,2,16,98,116,1.1724137931034482,0.03925059242663616,625,That throwback uniform is timeless!
1966,2951,5,10,101,116,1.1724137931034482,0.04461372118850528,625,Really?  It’s Neanderthal League day?
1961,2951,1,18,97,116,1.1724137931034482,0.037291875366635134,625,"Coach said it was ""throw back"" night."
1955,2951,4,12,100,116,1.1724137931034482,0.04290057203353385,625,Its throwback JERSEY night.. not throwback Homoerectus night
1939,2951,2,16,98,116,1.1724137931034482,0.03925059242663616,625,They just brought me up from single N.
1686,2951,2,16,98,116,1.1724137931034482,0.03925059242663616,625,We're going to pitch you outside.
1893,2951,3,14,99,116,1.1724137931034482,0.04111610442786581,625,"Steroids,  Ugugu?"
1928,2951,2,16,98,116,1.1724137931034482,0.03925059242663616,625,"Been at Scranton long time pal?  Same game here in the big leagues, even a caveman can do it."
1886,2951,2,16,98,116,1.1724137931034482,0.03925059242663616,625,"I know it’s too small to eat, but jut hit it anyway."
1818,2951,3,14,99,116,1.1724137931034482,0.04111610442786581,625,What club are you with?
1796,2951,4,12,100,116,1.1724137931034482,0.04290057203353385,625,"Now I see why they named the stadium ""Pleistocene Park."""
1780,2951,4,12,100,116,1.1724137931034482,0.04290057203353385,625,"I like to hit, but when do I get to pinch?"
1765,2951,4,12,100,116,1.1724137931034482,0.04290057203353385,625,I've been called up from the Neanderthal League
1714,2951,5,10,101,116,1.1724137931034482,0.04461372118850528,625,There had better not be cork in that club.
4816,3237,3,13,95,111,1.1711711711711712,0.042203581858449676,625,Where I come from that signal means a wild boar is in the area!
3486,3237,0,19,92,111,1.1711711711711712,0.03591297579263477,625,"Hit he ball and not me."""
5324,3239,3,14,100,117,1.170940170940171,0.040789797594112734,625,Hunh. Urg remember you. NL Allstars. Squeeze play.
1070,3239,2,16,99,117,1.170940170940171,0.038941563546433924,625,"Y'know, that's not what they mean by ""ball club."""
2432,3239,1,18,98,117,1.170940170940171,0.037001123700682634,625,"Good point. Though controversial in baseball, tar never claimed my entire family."
1576,3242,0,19,93,112,1.1696428571428572,0.03562367850095394,625,Your thrifty team owner buys primitive uniforms & bats but you can at least shave & shower before a game!
1792,3242,2,15,95,112,1.1696428571428572,0.03988479399081371,625,The Mets really are going back to basics.
5232,3242,2,15,95,112,1.1696428571428572,0.03988479399081371,625,"Don't go all Paleolithic on me now, keep it in the strike zone."
5486,3245,4,11,98,113,1.168141592920354,0.04336992640433485,625,The way this guy is today you better wear a helmet.
3607,3245,3,13,97,113,1.168141592920354,0.0415081040692339,625,Me want meatball over the plate.
3637,3245,3,13,97,113,1.168141592920354,0.0415081040692339,625,'Damn basketball players get the shoe contracts.'
3680,3245,4,11,98,113,1.168141592920354,0.04336992640433485,625,Are you here to make America's pastime great again?
3755,3245,0,19,94,113,1.168141592920354,0.03533891997128864,625,"So, doing it 'old school', huh?"
3797,3245,2,15,96,113,1.168141592920354,0.03955875238840682,625,"Okay, maybe I'm going over the paleolithic diet. I admit it, but I'm sure I hit better than a vegan."
3891,3245,3,13,97,113,1.168141592920354,0.0415081040692339,625,This brings the designated hitter position to a whole new level.
3908,3245,2,15,96,113,1.168141592920354,0.03955875238840682,625,"Hey, that thing isn't regulation."
5628,3245,4,11,98,113,1.168141592920354,0.04336992640433485,625,Y'know I'm seeing a real lack of respect for the game from you Hipsters.
3558,3245,0,19,94,113,1.168141592920354,0.03533891997128864,625,"Rock, scissors, paper"
3996,3245,1,17,95,113,1.168141592920354,0.037508226799359806,625,You guys sure are serious about throwback jersey day.
4001,3245,3,13,97,113,1.168141592920354,0.0415081040692339,625,That's not a legal bat.
4027,3245,4,11,98,113,1.168141592920354,0.04336992640433485,625,"You aren't going to go all Caveman on me, are you?"
4072,3245,1,17,95,113,1.168141592920354,0.037508226799359806,625,"This has gotta be, what, your 66 millionth Old -Timer's Day?"
4090,3245,2,15,96,113,1.168141592920354,0.03955875238840682,625,"Wow, the new salary cap is leading to some interesting roster decisions."
4130,3245,1,17,95,113,1.168141592920354,0.037508226799359806,625,"Gronk steps up to the plate. No hits yet this game, but let’s see if he can discover fire in the sixth"
3947,3245,2,15,96,113,1.168141592920354,0.03955875238840682,625,"If you're that old, maybe you should retire."
3454,3245,3,13,97,113,1.168141592920354,0.0415081040692339,625,Who's the new guy?
3436,3245,3,13,97,113,1.168141592920354,0.0415081040692339,625,Congratulations on your GEICO sponsorship!
4138,3245,5,9,99,113,1.168141592920354,0.04515504766039441,625,Not in the face.
2967,3245,2,15,96,113,1.168141592920354,0.03955875238840682,625,Guess you think you are going to club one outta here?
2974,3245,1,17,95,113,1.168141592920354,0.037508226799359806,625,Trust me. It's more popular than 'fire'.
2994,3245,2,15,96,113,1.168141592920354,0.03955875238840682,625,It's barbarian the limits they'll go to get a good pinch hitter.
3047,3245,2,15,96,113,1.168141592920354,0.03955875238840682,625,Take me to your club leader
3054,3245,4,11,98,113,1.168141592920354,0.04336992640433485,625,This guy looks like a real swing and a miss type operator... but he could get nasty after the third strike!
3098,3245,2,15,96,113,1.168141592920354,0.03955875238840682,625,One small step for integration.  One giant step for baseball.
3153,3245,1,17,95,113,1.168141592920354,0.037508226799359806,625,I really hate the retro uniform nights.
3442,3245,5,9,99,113,1.168141592920354,0.04515504766039441,625,"Remember, it's the BALL you're supposed to clobber."
3194,3245,4,11,98,113,1.168141592920354,0.04336992640433485,625,What? It's Old Timers Day.
3229,3245,2,15,96,113,1.168141592920354,0.03955875238840682,625,"I thought this was BYOB: Bring Your Own Bat""
""Kevin, when have we ever done that?"
3237,3245,1,17,95,113,1.168141592920354,0.037508226799359806,625,You'll get the next one. His knuckleball is pretty primitive.
3239,3245,2,15,96,113,1.168141592920354,0.03955875238840682,625,"I'm a catcher, not a throwback... which is more than I can say for you.”"
3347,3245,3,13,97,113,1.168141592920354,0.0415081040692339,625,I'm lookin' for the club house.
3349,3245,3,13,97,113,1.168141592920354,0.0415081040692339,625,"The bat's fine, fella, but that uniform'll be a big problem when you slide."
3352,3245,2,15,96,113,1.168141592920354,0.03955875238840682,625,George Brett told me this bat is legal
3361,3245,2,15,96,113,1.168141592920354,0.03955875238840682,625,Break a leg!
3199,3245,2,15,96,113,1.168141592920354,0.03955875238840682,625,"bunt,man,bunt"
4148,3245,1,17,95,113,1.168141592920354,0.037508226799359806,625,You can't stand there.  You're required to have both feet completely in the batter's box.
4194,3245,4,11,98,113,1.168141592920354,0.04336992640433485,625,Er Ump? Ump?
5542,3245,4,11,98,113,1.168141592920354,0.04336992640433485,625,"OK, Neandrathal...Lets see what you can do in the big league."
4872,3245,2,15,96,113,1.168141592920354,0.03955875238840682,625,Your at bat is one for the ages.
4923,3245,1,17,95,113,1.168141592920354,0.037508226799359806,625,Who designated you?
4943,3245,2,15,96,113,1.168141592920354,0.03955875238840682,625,I've played in many modern eras.
5036,3245,1,17,95,113,1.168141592920354,0.037508226799359806,625,"No, I wasn't signaling that I need to take a dump."
5128,3245,4,11,98,113,1.168141592920354,0.04336992640433485,625,"New Uniform, Charlie Blackmon?"
5196,3245,2,15,96,113,1.168141592920354,0.03955875238840682,625,Wanna see a real man cave?
5233,3245,0,19,94,113,1.168141592920354,0.03533891997128864,625,"As a matter of fact, Bubba, I do have a bone to pick with you!"
5336,3245,3,13,97,113,1.168141592920354,0.0415081040692339,625,I could use an outfit like that.  Where’d you get it?
5353,3245,2,15,96,113,1.168141592920354,0.03955875238840682,625,My genetic testing revealed that I’m part Neanderthal.
5412,3245,1,17,95,113,1.168141592920354,0.037508226799359806,625,Strike. Zone. STRIKE. ZONE.
5431,3245,2,15,96,113,1.168141592920354,0.03955875238840682,625,"It's small and round, kinda like a wheel."
5576,3245,2,15,96,113,1.168141592920354,0.03955875238840682,625,"Tonight's game: Digital Trolls vs. Social Media ""Giants."" Up to bat is I<3Privacy and crouching behind homeplate is Zuckerberg, trying to recover from the Sinker thrown by FakeBot69."
5553,3245,4,11,98,113,1.168141592920354,0.04336992640433485,625,Good luck with the Mets.
5659,3245,1,17,95,113,1.168141592920354,0.037508226799359806,625,"What do you mean, you don’t know what a ball is?"
2920,3245,1,17,95,113,1.168141592920354,0.037508226799359806,625,I love these Old Timers' games.
4849,3245,4,11,98,113,1.168141592920354,0.04336992640433485,625,"We,ve heard you're a five tool guy"
4788,3245,2,15,96,113,1.168141592920354,0.03955875238840682,625,That dress is going to make it hard to slide.
4755,3245,3,13,97,113,1.168141592920354,0.0415081040692339,625,What they pulled you up from the Jurrasic Park league?
4753,3245,1,17,95,113,1.168141592920354,0.037508226799359806,625,"It's o.k., I am a club player"
4223,3245,2,15,96,113,1.168141592920354,0.03955875238840682,625,Just pretend the ball is a saber-toothed tiger.
4267,3245,3,13,97,113,1.168141592920354,0.0415081040692339,625,Johnny Damon?  I thought you were retired.
4281,3245,2,15,96,113,1.168141592920354,0.03955875238840682,625,"Hey, Evan Gattis! How'd you get the approval to not do the uniform standards?"
4288,3245,1,17,95,113,1.168141592920354,0.037508226799359806,625,Throwback Uniform Night is one of our most popular promotions.
4339,3245,3,13,97,113,1.168141592920354,0.0415081040692339,625,There is no joy in Mudville - mighty Caveman has struck out.
4367,3245,3,13,97,113,1.168141592920354,0.0415081040692339,625,"That's ball ""many."" Take your base."
4380,3245,4,11,98,113,1.168141592920354,0.04336992640433485,625,This isn't shirts versus skins.
4183,3245,2,15,96,113,1.168141592920354,0.03955875238840682,625,Cool uniform but where is your number?
4406,3245,2,15,96,113,1.168141592920354,0.03955875238840682,625,We already have a bat boy.
4515,3245,3,13,97,113,1.168141592920354,0.0415081040692339,625,It’s Family Night. I brought the hole clan!
4578,3245,1,17,95,113,1.168141592920354,0.037508226799359806,625,You must be the clean-up hitter.
4635,3245,1,17,95,113,1.168141592920354,0.037508226799359806,625,Just hit the ball!
4640,3245,2,15,96,113,1.168141592920354,0.03955875238840682,625,"Sorry, the association really tightened bat regulations at the turn of the Bronze Age"
4658,3245,3,13,97,113,1.168141592920354,0.0415081040692339,625,"If you strike out, you'll die out."
4683,3245,0,19,94,113,1.168141592920354,0.03533891997128864,625,He's a real old timer
4691,3245,2,15,96,113,1.168141592920354,0.03955875238840682,625,Bats in the cave. Here to clobber.
4417,3245,2,15,96,113,1.168141592920354,0.03955875238840682,625,I expect a mammoth at bat.
2919,3245,3,13,97,113,1.168141592920354,0.0415081040692339,625,"So you’re the 3,000 year old rookie."
1370,3245,5,9,99,113,1.168141592920354,0.04515504766039441,625,"I hate these ""retro"" games, don't you!"
2771,3245,2,15,96,113,1.168141592920354,0.03955875238840682,625,"If i miss, the stone will kill you."
550,3245,3,13,97,113,1.168141592920354,0.0415081040692339,625,"I'm just saying.  Rule 1.10(a): The bat shall be a smooth, round stick not more than 2.61 inches in diameter at the thickest part and not more than 42 inches in length. The bat shall be one piece of solid wood."
574,3245,2,15,96,113,1.168141592920354,0.03955875238840682,625,If they haven't invented cork where you're from yet I don't think there'll be a problem.
604,3245,4,11,98,113,1.168141592920354,0.04336992640433485,625,I hate time travel. Everybody dresses so weird.
610,3245,4,11,98,113,1.168141592920354,0.04336992640433485,625,"Patent or no patent, there's a size limit on bats."
613,3245,3,13,97,113,1.168141592920354,0.0415081040692339,625,That's the dumbest All-Star Game outfit ever!!
653,3245,1,17,95,113,1.168141592920354,0.037508226799359806,625,I always wondered why the call it the dugout
426,3245,2,15,96,113,1.168141592920354,0.03955875238840682,625,"Whassa matta, Chunky? No major league uniforms in your size?"
714,3245,3,13,97,113,1.168141592920354,0.0415081040692339,625,"I may be an old timer, but I can still hit the hide off of anything that moves."
861,3245,3,13,97,113,1.168141592920354,0.0415081040692339,625,"You've taken this role playing too far, Jimmy.  And I know the plate is facing the wrong way."
902,3245,2,15,96,113,1.168141592920354,0.03955875238840682,625,"Buddy you don't stand a chance, our pitcher is a total Cro-Magnon."
910,3245,1,17,95,113,1.168141592920354,0.037508226799359806,625,I'm Bamm-Bamm Hubbell!
942,3245,1,17,95,113,1.168141592920354,0.037508226799359806,625,"Yes, you're right...there really is no purpose."
964,3245,5,9,99,113,1.168141592920354,0.04515504766039441,625,Beards are out this season.
1034,3245,3,13,97,113,1.168141592920354,0.0415081040692339,625,For the last time: What did you just signal the pitcher he should do?
751,3245,1,17,95,113,1.168141592920354,0.037508226799359806,625,What's a ball?
422,3245,2,15,96,113,1.168141592920354,0.03955875238840682,625,Plan on knocking it out of the park again?
346,3245,2,15,96,113,1.168141592920354,0.03955875238840682,625,My life isn't a game for your amusement.
337,3245,3,13,97,113,1.168141592920354,0.0415081040692339,625,These throwback uniform promo nights are getting out of control.
2858,3245,3,13,97,113,1.168141592920354,0.0415081040692339,625,"When they said you were up against the Tigers, that was Detroit, not Bengal."
0,3245,1,17,95,113,1.168141592920354,0.037508226799359806,625,"Yeah, I hate Throwback Uniform Day too."
55,3245,4,11,98,113,1.168141592920354,0.04336992640433485,625,Sign your new contract yet?
56,3245,2,15,96,113,1.168141592920354,0.03955875238840682,625,Are you the forgotten “Bash Brother”?
97,3245,4,11,98,113,1.168141592920354,0.04336992640433485,625,"It's batter up, and not batterer up."
175,3245,2,15,96,113,1.168141592920354,0.03955875238840682,625,Where’d you get that Israeli bat?
185,3245,0,19,94,113,1.168141592920354,0.03533891997128864,625,"It'll be a slider, low and outside. Just remember, you have to take my turn at saber-tooth watch tonight."
190,3245,3,13,97,113,1.168141592920354,0.0415081040692339,625,So what do you guys use for a cup?
196,3245,2,15,96,113,1.168141592920354,0.03955875238840682,625,Old school.
219,3245,2,15,96,113,1.168141592920354,0.03955875238840682,625,"Like we practiced: Krug smash."""
262,3245,1,17,95,113,1.168141592920354,0.037508226799359806,625,"Old school, huh?"
291,3245,1,17,95,113,1.168141592920354,0.037508226799359806,625,"So, I hit the round thing, I run, I slide, and after that I get the steak?"
293,3245,1,17,95,113,1.168141592920354,0.037508226799359806,625,I don't care if it has been in your family for generations.
297,3245,2,15,96,113,1.168141592920354,0.03955875238840682,625,I take it you're the designated hitter?
320,3245,3,13,97,113,1.168141592920354,0.0415081040692339,625,There's no dying in baseball.
1065,3245,2,15,96,113,1.168141592920354,0.03955875238840682,625,"To Hell with your diamond, where I come from, clubs are trumps"
1069,3245,4,11,98,113,1.168141592920354,0.04336992640433485,625,The wife hunt is in the next stadium
966,3245,2,15,96,113,1.168141592920354,0.03955875238840682,625,"Don't tell anyone I said so, but I really like the throwback uniforms."
2210,3245,2,15,96,113,1.168141592920354,0.03955875238840682,625,"The hot dog isn't really an animal, per se."
2207,3245,4,11,98,113,1.168141592920354,0.04336992640433485,625,It's not just your swing - you need swagger.
1165,3245,1,17,95,113,1.168141592920354,0.037508226799359806,625,"Before PEDS, it was known as 'wheezing the juice'...bud-dy"
2229,3245,5,9,99,113,1.168141592920354,0.04515504766039441,625,What he mean I have two balls?
2242,3245,1,17,95,113,1.168141592920354,0.037508226799359806,625,I think it was a Ball ... don’t you?
2333,3245,3,13,97,113,1.168141592920354,0.0415081040692339,625,"It really was a strike, please don't kill the messenger."
2362,3245,1,17,95,113,1.168141592920354,0.037508226799359806,625,"You know, it's a damn shame what metrics have done to this game."
2189,3245,4,11,98,113,1.168141592920354,0.04336992640433485,625,Tell me again.   Whom do I knock out  first?
2383,3245,2,15,96,113,1.168141592920354,0.03955875238840682,625,"It works like this: one, two, many strikes - and you're out."
2414,3245,3,13,97,113,1.168141592920354,0.0415081040692339,625,"Well, baseball is the game of America's past time."
2417,3245,1,17,95,113,1.168141592920354,0.037508226799359806,625,Steroids?
2434,3245,3,13,97,113,1.168141592920354,0.0415081040692339,625,Yea- I've spent a lot of time in the minors waiting for this call-up
2515,3245,5,9,99,113,1.168141592920354,0.04515504766039441,625,"After you sing the Anthem, we need you to leave the field, dude."
2576,3245,1,17,95,113,1.168141592920354,0.037508226799359806,625,This is my home uniform
2581,3245,3,13,97,113,1.168141592920354,0.0415081040692339,625,"If you strike out, I swear to God, I'll send you back to the museum."
2390,3245,2,15,96,113,1.168141592920354,0.03955875238840682,625,I know you hate being a DH but the game evolves.
2733,3245,2,15,96,113,1.168141592920354,0.03955875238840682,625,Did you come up through the drift?
2118,3245,2,15,96,113,1.168141592920354,0.03955875238840682,625,"Nice club. Sorry, I'm already seeing someone."
2080,3245,1,17,95,113,1.168141592920354,0.037508226799359806,625,You too close to plate.
1272,3245,2,15,96,113,1.168141592920354,0.03955875238840682,625,You'll never hit his knuckle-dragger ball.
1296,3245,1,17,95,113,1.168141592920354,0.037508226799359806,625,"Like I always  say ump, there' s  no place like home''"
1299,3245,5,9,99,113,1.168141592920354,0.04515504766039441,625,Three
1350,3245,2,15,96,113,1.168141592920354,0.03955875238840682,625,"It's sort of like gathering, I suppose. But I only do it in the top half of the inning."
1445,3245,2,15,96,113,1.168141592920354,0.03955875238840682,625,Psssst. Bunt.
1492,3245,1,17,95,113,1.168141592920354,0.037508226799359806,625,Name's Alou.
2095,3245,3,13,97,113,1.168141592920354,0.0415081040692339,625,What cave did you play for?
1522,3245,4,11,98,113,1.168141592920354,0.04336992640433485,625,Congress isn't up to bat yet.
1921,3245,5,9,99,113,1.168141592920354,0.04515504766039441,625,"I know Johnny Damon. Johnny Damon is a friend of mine. And you, sir..."
1971,3245,2,15,96,113,1.168141592920354,0.03955875238840682,625,That may be a regulation bat but your uniform gives me pause.
1974,3245,4,11,98,113,1.168141592920354,0.04336992640433485,625,I don't care if you're a pinch hitter. Ump says you still need to use a regulation bat.
2017,3245,0,19,94,113,1.168141592920354,0.03533891997128864,625,Wade?
2045,3245,0,19,94,113,1.168141592920354,0.03533891997128864,625,"We've got your number, dude. Our pitcher's best pitch is a cave ball."
2051,3245,3,13,97,113,1.168141592920354,0.0415081040692339,625,Uh...The Natural History Museum is two blocks down. Right?  Two down!
1666,3245,3,13,97,113,1.168141592920354,0.0415081040692339,625,"This kid on the mound's a real flame-thrower, know what I'm sayin'?"
3473,3394,2,15,97,114,1.1666666666666667,0.03923794084373004,625,Sure. Blame the club.
2703,3395,3,12,94,109,1.165137614678899,0.042263837801483954,625,I'm sorry the Stone Age League game is over 3 blocks and back 3 million years.
3761,3395,2,14,93,109,1.165137614678899,0.040203697844882806,625,Been in the dugout awhile?
5252,3395,4,10,95,109,1.165137614678899,0.04422812059106348,625,Remember you hit the ball and not my head.
4118,3395,3,12,94,109,1.165137614678899,0.042263837801483954,625,Gnursh.
4357,3395,4,10,95,109,1.165137614678899,0.04422812059106348,625,"So, just how long HAVE you been on the road?"
4823,3395,3,12,94,109,1.165137614678899,0.042263837801483954,625,Can you use rocks instead of those funny leather things?
3836,3395,1,16,92,109,1.165137614678899,0.03803212661809914,625,"This time, don't catch the ball and eat it!"
1641,3395,2,14,93,109,1.165137614678899,0.040203697844882806,625,Waiting around for his next pitch can take an ice age.
3140,3395,1,16,92,109,1.165137614678899,0.03803212661809914,625,"No, you can't club the pitcher"
1550,3395,0,18,91,109,1.165137614678899,0.03572881176008539,625,Talk about toxic masculinity...
3742,3395,2,14,93,109,1.165137614678899,0.040203697844882806,625,"So caveman walked onto a baseball field, with one catcher..."
23,3395,4,10,95,109,1.165137614678899,0.04422812059106348,625,You must be the troglodytey Casey.
1022,3407,3,13,100,116,1.1637931034482758,0.04050647405497082,625,"If he doesn't throw me some strikes, I'm going to beat the crap out of him."
2053,3407,2,15,99,116,1.1637931034482758,0.038611519043994694,625,"So here's de straight skinny, kid:  Three strikes an you go back to where you came from.  Understan?"
5382,3409,4,10,96,110,1.1636363636363636,0.043849908399003025,625,My ball club? Rex Sox.
3408,3409,2,14,94,110,1.1636363636363636,0.03986481059550266,625,I don't think this guy can hit a curveball.
3415,3409,3,12,95,110,1.1636363636363636,0.04190475862247781,625,I hear you're getting traded to the Red Socks. You know what that means don't you... I mean the socks?!
3430,3409,1,16,93,110,1.1636363636363636,0.03771468483790463,625,"Actually, in college ball, we use aluminum."
3500,3409,1,16,93,110,1.1636363636363636,0.03771468483790463,625,Clubber up!
3528,3409,2,14,94,110,1.1636363636363636,0.03986481059550266,625,So your the guy they just called up from the Bush Leagues?
3539,3409,4,10,96,110,1.1636363636363636,0.043849908399003025,625,"Sorry, only a bat from a cave."
3567,3409,1,16,93,110,1.1636363636363636,0.03771468483790463,625,"So, you break the ball, you got a home run; you break my knee, you're out for the season—got that?"
3660,3409,2,14,94,110,1.1636363636363636,0.03986481059550266,625,"Hey pal, do me a favor.  Don’t swing at any low pitches."
3743,3409,3,12,95,110,1.1636363636363636,0.04190475862247781,625,Am I walking softly enough for you?
3782,3409,4,10,96,110,1.1636363636363636,0.043849908399003025,625,"Did you play with Shoeless Joe, ol’ timer?"
3853,3409,4,10,96,110,1.1636363636363636,0.043849908399003025,625,"You heard me fella, this ain't no bush league!"""
3906,3409,2,14,94,110,1.1636363636363636,0.03986481059550266,625,"""Whoa. How long you been juicin', bro?"
3946,3409,3,12,95,110,1.1636363636363636,0.04190475862247781,625,You're either in the wrong ball park or in the wrong era.
3954,3409,5,8,97,110,1.1636363636363636,0.04571236307601898,625,I loved you in Moneyball.
3957,3409,1,16,93,110,1.1636363636363636,0.03771468483790463,625,Wow! You guys must have a really deep dugout.
3601,3409,2,14,94,110,1.1636363636363636,0.03986481059550266,625,They told me it was just a matter of hanging around the dugout for long enough to get my shot.
3371,3409,0,18,92,110,1.1636363636363636,0.03543433054298679,625,"Rumor in the clubhouse is, Johnson bulked up in the off-season by adhering to the Paleolithic diet."""
3317,3409,1,16,93,110,1.1636363636363636,0.03771468483790463,625,"No, sorry, I haven't seen a wooly mammoth come through recently."
3259,3409,0,18,92,110,1.1636363636363636,0.03543433054298679,625,I hear you have one hell of a man cave.
2780,3409,3,12,95,110,1.1636363636363636,0.04190475862247781,625,"It’s ok, this isn’t a catchers’ mitt, either."
2815,3409,3,12,95,110,1.1636363636363636,0.04190475862247781,625,"Actually, they're referred to as the tools of ingorance.  What cave did you crawl out of?"
2839,3409,2,14,94,110,1.1636363636363636,0.03986481059550266,625,"Hey, Club rules rule clubs out."
2896,3409,4,10,96,110,1.1636363636363636,0.043849908399003025,625,God damn hipsters...
2910,3409,1,16,93,110,1.1636363636363636,0.03771468483790463,625,What took you so long?
2937,3409,4,10,96,110,1.1636363636363636,0.043849908399003025,625,"Beware : one strike , no balls ."
2958,3409,3,12,95,110,1.1636363636363636,0.04190475862247781,625,"Maybe I'm not the best hitter, but I have had starring roles in all the Jurassic Park/World movies."
3333,3409,3,12,95,110,1.1636363636363636,0.04190475862247781,625,"Strike the ball, not me."
2960,3409,2,14,94,110,1.1636363636363636,0.03986481059550266,625,Overcompensating much?
2997,3409,4,10,96,110,1.1636363636363636,0.043849908399003025,625,Great! Another illegal immigrant who's a member of the MLB-13.
3022,3409,2,14,94,110,1.1636363636363636,0.03986481059550266,625,"No, of course I don't believe in the infield fly rule, that umpire WAS dumb."
3073,3409,2,14,94,110,1.1636363636363636,0.03986481059550266,625,"Jeez, glad to see you finally made it to the big leagues!"
3083,3409,3,12,95,110,1.1636363636363636,0.04190475862247781,625,"One strike, and I will be out!"
3109,3409,2,14,94,110,1.1636363636363636,0.03986481059550266,625,"Speak up, Fungo.  I didn't catch that."
3137,3409,1,16,93,110,1.1636363636363636,0.03771468483790463,625,"Just play along, dude. The fans love Old Timers Day."
3238,3409,4,10,96,110,1.1636363636363636,0.043849908399003025,625,You're still younger than the average baseball fan!
2987,3409,3,12,95,110,1.1636363636363636,0.04190475862247781,625,You’re in my wheelhouse
3985,3409,3,12,95,110,1.1636363636363636,0.04190475862247781,625,"No, it's the ball you are trying to hit.  And no,
if you miss, you can't hit something else."
4032,3409,4,10,96,110,1.1636363636363636,0.043849908399003025,625,"Despite the scouting reports you should know I fashion myself after ""Boog"" Powell."
3993,3409,3,12,95,110,1.1636363636363636,0.04190475862247781,625,"You know what, let's make it 4."
4985,3409,2,14,94,110,1.1636363636363636,0.03986481059550266,625,Now batting... all the way from the Paleolithic....
4998,3409,2,14,94,110,1.1636363636363636,0.03986481059550266,625,This game really rocks.
5008,3409,3,12,95,110,1.1636363636363636,0.04190475862247781,625,Wait till you see whose on deck
5019,3409,4,10,96,110,1.1636363636363636,0.043849908399003025,625,"Hey, Slugger, you forgot your batting helmet."
5044,3409,1,16,93,110,1.1636363636363636,0.03771468483790463,625,Robert Redford was more convincing
5157,3409,4,10,96,110,1.1636363636363636,0.043849908399003025,625,"Hey batter, you're gonna cave, man"
5168,3409,2,14,94,110,1.1636363636363636,0.03986481059550266,625,didn't I tell you it was better than the wheel and fire.
4939,3409,2,14,94,110,1.1636363636363636,0.03986481059550266,625,Why do you even bother trying to read the signs?
5193,3409,4,10,96,110,1.1636363636363636,0.043849908399003025,625,I’m guessing you’re more a power than contact hitter.
5236,3409,2,14,94,110,1.1636363636363636,0.03986481059550266,625,"This isn’t car insurance, Gary. You don’t get to be better than me at everything."
5374,3409,2,14,94,110,1.1636363636363636,0.03986481059550266,625,Gort run home.
5519,3409,4,10,96,110,1.1636363636363636,0.043849908399003025,625,You'll never get around on his fastball with that bat.
5514,3409,2,14,94,110,1.1636363636363636,0.03986481059550266,625,"We play ""on"" ball clubs  We don't play ""with"" ball clubs."
5478,3409,2,14,94,110,1.1636363636363636,0.03986481059550266,625,"""That's funny-you don't look like Teddy Roosevelt.""



'"""
5375,3409,3,12,95,110,1.1636363636363636,0.04190475862247781,625,Our throwback uniforms are from the Steroid Era. What era are yours from?
2660,3409,2,14,94,110,1.1636363636363636,0.03986481059550266,625,"After long and careful consideration, Zugg was confident the crouching, masked man was trying to communicate something."
5227,3409,2,14,94,110,1.1636363636363636,0.03986481059550266,625,Nothing personal but I think this throwback uniform thing has gone too far
4918,3409,4,10,96,110,1.1636363636363636,0.043849908399003025,625,Congrats to your agent. The press is going nuts.
4891,3409,3,12,95,110,1.1636363636363636,0.04190475862247781,625,Your club and mine are very different.
5664,3409,3,12,95,110,1.1636363636363636,0.04190475862247781,625,Just crush it.
4033,3409,2,14,94,110,1.1636363636363636,0.03986481059550266,625,I am really getting tired of this unkempt beard look.
4040,3409,3,12,95,110,1.1636363636363636,0.04190475862247781,625,"Lost the contract negotiations, didn't you?"
4043,3409,0,18,92,110,1.1636363636363636,0.03543433054298679,625,I told you there is more to Life than just hunting and gathering.
4051,3409,3,12,95,110,1.1636363636363636,0.04190475862247781,625,"So what's the strategy here, Dave?""
""Well, with two outs and a base open, I think you take the club out of his hand and take your chances with Oof Boof."
4185,3409,3,12,95,110,1.1636363636363636,0.04190475862247781,625,PEDs are really ruining this game...
4208,3409,3,12,95,110,1.1636363636363636,0.04190475862247781,625,"No balls, strikes, plates?  Just want heads."
4217,3409,3,12,95,110,1.1636363636363636,0.04190475862247781,625,I think your bat is a tad over 2.61 inches in diameter and 42 inches in length.
4268,3409,2,14,94,110,1.1636363636363636,0.03986481059550266,625,It's not rocket science.
4342,3409,0,18,92,110,1.1636363636363636,0.03543433054298679,625,They tell me you're with the Tigers.
4377,3409,2,14,94,110,1.1636363636363636,0.03986481059550266,625,You can take the mask off now. I know its you Yogi. The pinstripes gave you away.
4378,3409,5,8,97,110,1.1636363636363636,0.04571236307601898,625,Do you know the signs?
4452,3409,1,16,93,110,1.1636363636363636,0.03771468483790463,625,hipsters...
4457,3409,1,16,93,110,1.1636363636363636,0.03771468483790463,625,"What, are you some kind of fashionista?"
4473,3409,2,14,94,110,1.1636363636363636,0.03986481059550266,625,"Where's the ""bull pen""?"
4597,3409,1,16,93,110,1.1636363636363636,0.03771468483790463,625,So you're the pinch hitter who's been chilling in the clubhouse.
4626,3409,1,16,93,110,1.1636363636363636,0.03771468483790463,625,"Yes, I understand, but normally we use the ball more than once."
4719,3409,1,16,93,110,1.1636363636363636,0.03771468483790463,625,"I don't care where you came from, the umpire won't let you bat unless you're properly dressed and are carrying a Louisville Slugger."
3986,3409,3,12,95,110,1.1636363636363636,0.04190475862247781,625,What do you mean slugging percentage is over-rated?
2579,3409,1,16,93,110,1.1636363636363636,0.03771468483790463,625,"Sorry, dude, that's not a regulation bat."
4870,3409,3,12,95,110,1.1636363636363636,0.04190475862247781,625,"Trust me, I'm known for the best club hit in town!"
2550,3409,3,12,95,110,1.1636363636363636,0.04190475862247781,625,"Ork, long time no see."
816,3409,2,14,94,110,1.1636363636363636,0.03986481059550266,625,"If I'm supposed to swing at the ball, I'd suggest you move back a bit."
842,3409,3,12,95,110,1.1636363636363636,0.04190475862247781,625,"Just up from Triple A, right?"
882,3409,3,12,95,110,1.1636363636363636,0.04190475862247781,625,I don't think you're taking those human growth hormones correctly!
949,3409,2,14,94,110,1.1636363636363636,0.03986481059550266,625,A curveball? Haven't you heard those went the way of the dinosaur? It's all velocity now.
972,3409,2,14,94,110,1.1636363636363636,0.03986481059550266,625,You’re experiencing what is known as déjà vu.
985,3409,3,12,95,110,1.1636363636363636,0.04190475862247781,625,Let Nate Silver factor in club size.
1023,3409,4,10,96,110,1.1636363636363636,0.043849908399003025,625,I don't think it's your time to bat quite yet
1124,3409,4,10,96,110,1.1636363636363636,0.043849908399003025,625,"I best at hit ball. Everyone know it,"" Donald Thump announced to the catcher"
1136,3409,2,14,94,110,1.1636363636363636,0.03986481059550266,625,"No doubt, folks..the D.H. has extended Kroc's career.."
1141,3409,4,10,96,110,1.1636363636363636,0.043849908399003025,625,"Don't get mad at me if his first pitch is a close shave."""
1184,3409,5,8,97,110,1.1636363636363636,0.04571236307601898,625,I heard you were a throwback kind of player.
1269,3409,2,14,94,110,1.1636363636363636,0.03986481059550266,625,Thats not a regulation bat!
1353,3409,0,18,92,110,1.1636363636363636,0.03543433054298679,625,"You know, I batted .300 in the Triple Cave league last year."
1363,3409,4,10,96,110,1.1636363636363636,0.043849908399003025,625,"So, Pro-Magnon now?"
1381,3409,1,16,93,110,1.1636363636363636,0.03771468483790463,625,Didn't think he would take the paleo diet so seriously
814,3409,3,12,95,110,1.1636363636363636,0.04190475862247781,625,"Yeah, yesh, rock on.
Whatever."
748,3409,2,14,94,110,1.1636363636363636,0.03986481059550266,625,"If you plan on sliding into home, you're going to need to wear something under that."
747,3409,4,10,96,110,1.1636363636363636,0.043849908399003025,625,The guys in the man cave sent me out...they're busy discussing a round thing they call a baseball.
643,3409,2,14,94,110,1.1636363636363636,0.03986481059550266,625,Batter's up.   Finally.   I've been waiting for ages.
5638,3409,4,10,96,110,1.1636363636363636,0.043849908399003025,625,"Look who it is: ‘Wheels’, the fire starting pinch hitter.”"
8,3409,1,16,93,110,1.1636363636363636,0.03771468483790463,625,Is it true you used to play back in the day?
39,3409,3,12,95,110,1.1636363636363636,0.04190475862247781,625,And I'M saying the designated hitter rule makes for more exciting play!
74,3409,1,16,93,110,1.1636363636363636,0.03771468483790463,625,You're out of uniform.
78,3409,2,14,94,110,1.1636363636363636,0.03986481059550266,625,At least your bat got bigger after you switched to paleo.
111,3409,5,8,97,110,1.1636363636363636,0.04571236307601898,625,How long have you been the designated clubber for the New York Neanderthals ?
113,3409,3,12,95,110,1.1636363636363636,0.04190475862247781,625,The designated batter finally comes to the senior league.
2572,3409,2,14,94,110,1.1636363636363636,0.03986481059550266,625,Meathead means something different in our time
282,3409,1,16,93,110,1.1636363636363636,0.03771468483790463,625,Watch out. This next guy’s a real Neanderthal.
394,3409,4,10,96,110,1.1636363636363636,0.043849908399003025,625,Cleveland rebranding?
396,3409,3,12,95,110,1.1636363636363636,0.04190475862247781,625,Wrong place buddy. This is the minors. You're definitely mesolithic league material.
402,3409,1,16,93,110,1.1636363636363636,0.03771468483790463,625,"Right. If you miss the rock 3 times you go back to the dugout-uh, I mean cave."
504,3409,2,14,94,110,1.1636363636363636,0.03986481059550266,625,"Batting helmets are now required?  Boy, the game as evolved."
530,3409,2,14,94,110,1.1636363636363636,0.03986481059550266,625,"No, the pitcher brings the heat - not the fire."
594,3409,2,14,94,110,1.1636363636363636,0.03986481059550266,625,If you get another hit don't club the 1st baseman again.
619,3409,4,10,96,110,1.1636363636363636,0.043849908399003025,625,Aren't you taking Paleo a bit too far?
310,3409,2,14,94,110,1.1636363636363636,0.03986481059550266,625,Throwback day was yesterday.
1389,3409,2,14,94,110,1.1636363636363636,0.03986481059550266,625,"Get used to it, chief--you're not in the bush leagues anymore."
1387,3409,2,14,94,110,1.1636363636363636,0.03986481059550266,625,I understand there is talk of a 20 second pitch clock.
1434,3409,5,8,97,110,1.1636363636363636,0.04571236307601898,625,all balls  no strikes
1408,3409,3,12,95,110,1.1636363636363636,0.04190475862247781,625,"Ah, so you're the opposing team's pinch clubber!"
2159,3409,3,12,95,110,1.1636363636363636,0.04190475862247781,625,"You made the big club now, huh?"
2179,3409,1,16,93,110,1.1636363636363636,0.03771468483790463,625,Any experience hitting things with the bat?
2185,3409,4,10,96,110,1.1636363636363636,0.043849908399003025,625,"You wave hands, say slow throw.  Me hit ball or hit you."
2226,3409,4,10,96,110,1.1636363636363636,0.043849908399003025,625,"I may not know how to play the game, but I know how to use this bat."
2260,3409,4,10,96,110,1.1636363636363636,0.043849908399003025,625,I'm making America's pastime great again.
2287,3409,3,12,95,110,1.1636363636363636,0.04190475862247781,625,Go get 'em Slugger!
2148,3409,2,14,94,110,1.1636363636363636,0.03986481059550266,625,I’m guessing you got here without going through the farm system.
2292,3409,3,12,95,110,1.1636363636363636,0.04190475862247781,625,Since when are you on the Paleo diet?
2345,3409,4,10,96,110,1.1636363636363636,0.043849908399003025,625,C'mon.....This is so easy......
2398,3409,2,14,94,110,1.1636363636363636,0.03986481059550266,625,"It's a fastball, please don't hurt me."
2413,3409,2,14,94,110,1.1636363636363636,0.03986481059550266,625,Show me where it says that in the rule books.
2458,3409,2,14,94,110,1.1636363636363636,0.03986481059550266,625,"Oh please, I invented foul balls."
2462,3409,1,16,93,110,1.1636363636363636,0.03771468483790463,625,The idea is not to club the ball and then eat it.
2483,3409,1,16,93,110,1.1636363636363636,0.03771468483790463,625,Finally brought you up from the less then minimum pay miners leagues.
2526,3409,3,12,95,110,1.1636363636363636,0.04190475862247781,625,I beg your pardon. But I was told that this was going to be a manly game of cricket-whack-em.
2328,3409,3,12,95,110,1.1636363636363636,0.04190475862247781,625,I didn’t know the Mets were this desperate for hitters.
2143,3409,4,10,96,110,1.1636363636363636,0.043849908399003025,625,My records always have an asterisk...
2149,3409,3,12,95,110,1.1636363636363636,0.04190475862247781,625,He has a mean knuckle-dragger ball.
2106,3409,4,10,96,110,1.1636363636363636,0.043849908399003025,625,Your skull may be thick but you STILL have to wear a protective hat!
1438,3409,2,14,94,110,1.1636363636363636,0.03986481059550266,625,Weren't you on the last Red's team to make it to the series?
1488,3409,1,16,93,110,1.1636363636363636,0.03771468483790463,625,I prefer wooden bats.
1515,3409,2,14,94,110,1.1636363636363636,0.03986481059550266,625,"Your uniform is a lot cooler than mine, but I don't your bat is regulation."""
1525,3409,3,12,95,110,1.1636363636363636,0.04190475862247781,625,Wait 'til you see the size of the ball.
1535,3409,4,10,96,110,1.1636363636363636,0.043849908399003025,625,This game is so slow it feels like we're going backwards
2113,3409,1,16,93,110,1.1636363636363636,0.03771468483790463,625,"Sir, I'm not sure that qualifies as a bat..."
1558,3409,3,12,95,110,1.1636363636363636,0.04190475862247781,625,"Hey, welcome back.  I thought you retired about 40,000 years ago."
1600,3409,2,14,94,110,1.1636363636363636,0.03986481059550266,625,I'm definitely asking the ump to check that thing for pine tar.
1552,3409,3,12,95,110,1.1636363636363636,0.04190475862247781,625,Looks like this game just became Pangea's pastime.
1795,3409,4,10,96,110,1.1636363636363636,0.043849908399003025,625,Brain? No need protection!
1800,3409,2,14,94,110,1.1636363636363636,0.03986481059550266,625,"No shoes, no up at bat."
1853,3409,3,12,95,110,1.1636363636363636,0.04190475862247781,625,Global Warming has a lot to answer for.
1880,3409,3,12,95,110,1.1636363636363636,0.04190475862247781,625,That’s a club. Try golf.
1913,3409,4,10,96,110,1.1636363636363636,0.043849908399003025,625,"Some of us come took longer than others to come up from the minors, I signed from the Neanderthal  Prehistorics and you?"
2036,3409,3,12,95,110,1.1636363636363636,0.04190475862247781,625,My ancestors could have used that uniform.
2041,3409,1,16,93,110,1.1636363636363636,0.03771468483790463,625,"That's a really dumb thing to say with you ""squatting"" there!"
1692,3409,2,14,94,110,1.1636363636363636,0.03986481059550266,625,"It's America's National Pastime, not Passst Time."
5658,3409,3,12,95,110,1.1636363636363636,0.04190475862247781,625,Hit what ball? Grob here to hunt cubs and tigers!
3091,3567,2,13,90,105,1.161904761904762,0.04087820183561283,625,That bat is not regulation!
4282,3568,3,12,97,112,1.1607142857142858,0.04120445972681756,625,Don't call me Babe and don't call me Ruth. I walk softly and carry a big stick; they call me Caveman Hank.
4746,3569,1,15,90,106,1.1603773584905661,0.03823790015932914,625,"What are you looking at me for, the ball's coming from the tall guy on the mound over there."
2573,3570,2,13,92,107,1.158878504672897,0.040167021932235245,625,Wow - usually it's just the fans that are prehistoric...
3688,3570,2,13,92,107,1.158878504672897,0.040167021932235245,625,"Yes, “strike” and “hit” do normally mean the same thing.  No, I don’t see any logic in how those terms evolved.  How about you just stick to being a slugger instead of over-thinking everything?"
4376,3572,1,15,92,108,1.1574074074074074,0.03758465013024766,625,48 inch Brontosaurus drumstick. Good luck Neander.
1126,3572,5,7,96,108,1.1574074074074074,0.04587904741301815,625,"Wouldn't you rather play golf, Mr President?
(And they said no one could out-Trump Trump.)"
1588,3572,1,15,92,108,1.1574074074074074,0.03758465013024766,625,I'm amazed the Yankees let you wear your own uniform!
2219,3572,1,15,92,108,1.1574074074074074,0.03758465013024766,625,Sorry. I haven't seen her.
2265,3572,3,11,94,108,1.1574074074074074,0.04193741120371579,625,Aren't you worried about getting athletes foot?
3682,3572,1,15,92,108,1.1574074074074074,0.03758465013024766,625,Just called up from the Mesolithic?
4590,3572,3,11,94,108,1.1574074074074074,0.04193741120371579,625,Me slugger!
4662,3572,2,13,93,108,1.1574074074074074,0.03982054986990179,625,"""I assume you don't know about the new shifts."
2847,3580,2,12,89,103,1.1553398058252426,0.04083014817602034,625,Brushback pitch?  Did you say brushback pitch?
2047,3580,1,14,88,103,1.1553398058252426,0.03842829154381203,625,Let’s see if he can keep this prehistoric performance going.
4005,3580,3,10,90,103,1.1553398058252426,0.04309835738372565,625,I'm the substitute outfielder....so don't give me that stare down!
4087,3583,2,12,91,105,1.1523809523809523,0.04010278091110972,625,"No Zog, I keep telling you, he’s gonna throw you a baseball, not a bison."
4002,3583,1,14,90,105,1.1523809523809523,0.03775026958386235,625,"1.That uniform is Era-ist.
2.Caveman-Schaveman, you players all look the same to me.
3.Let's get going, my dinosaur is double parked.
4.I wasn't challenging you, and yes I have seen the Geico commercials.
5.Sorry, Grog, that isn't a regulation bat."
3972,3583,2,12,91,105,1.1523809523809523,0.04010278091110972,625,"My ""Night at the museum"" costume party is AFTER the game Miles!"
4120,3583,3,10,92,105,1.1523809523809523,0.04232473532055043,625,Me like dead ball era too.
3561,3583,2,12,91,105,1.1523809523809523,0.04010278091110972,625,"Defying geologic time and all his life and death struggles in the minor leagues, Zog steps into the batters box for his first at bat in the major leagues."
4330,3583,0,16,89,105,1.1523809523809523,0.03524106511591413,625,It was a regulation bat when I benched.
3495,3583,4,8,93,105,1.1523809523809523,0.04443572215126961,625,"If you hit it, remember to run!"
3493,3583,2,12,91,105,1.1523809523809523,0.04010278091110972,625,"No, you've made a mistake - this is a BASEBALL club, not a CAVEMAN's club."
3562,3583,3,10,92,105,1.1523809523809523,0.04232473532055043,625,Dad! What are you doing here?!?
4343,3583,3,10,92,105,1.1523809523809523,0.04232473532055043,625,"Um...you gotta face the pitcher, not me"
5045,3583,2,12,91,105,1.1523809523809523,0.04010278091110972,625,"Due to climate change, a lot of the permafrost is melting. Good news: 42 thousand year old frozen worms have come back to life. Bad news: Defrosted caveman don't really get baseball."
4912,3583,0,16,89,105,1.1523809523809523,0.03524106511591413,625,"What mean, ""Fried chicken not welcome on diamond."" ?"
4988,3583,4,8,93,105,1.1523809523809523,0.04443572215126961,625,"You’ve got it all wrong...No clubs, we’re the Cubs!!"
5012,3583,2,12,91,105,1.1523809523809523,0.04010278091110972,625,"Hit... the BALL... Ogg... no, I can not be your mate..."
3174,3583,3,10,92,105,1.1523809523809523,0.04232473532055043,625,A bunt would be nice.
5048,3583,3,10,92,105,1.1523809523809523,0.04232473532055043,625,I wonder what your cup looks like.
5143,3583,1,14,90,105,1.1523809523809523,0.03775026958386235,625,"You had the same issue in Savannah, Fred.  The club needs your bat."
5211,3583,1,14,90,105,1.1523809523809523,0.03775026958386235,625,"We are playing Mudville, right?"
5351,3583,3,10,92,105,1.1523809523809523,0.04232473532055043,625,You need a regulation helmet.
5617,3583,1,14,90,105,1.1523809523809523,0.03775026958386235,625,Did you read the rules? You are supposed to hit the ball out of the park and not out of the country.
4546,3583,1,14,90,105,1.1523809523809523,0.03775026958386235,625,Love your vintage uniform.
2999,3583,2,12,91,105,1.1523809523809523,0.04010278091110972,625,I really think a sacrifice bunt might work.
3128,3583,3,10,92,105,1.1523809523809523,0.04232473532055043,625,You really took the whole Nostalgia Day theme seriously...
2969,3583,4,8,93,105,1.1523809523809523,0.04443572215126961,625,I'm just here for my rehab assignment.
105,3583,1,14,90,105,1.1523809523809523,0.03775026958386235,625,"The game has evolved since you last swung a club"""
636,3583,2,12,91,105,1.1523809523809523,0.04010278091110972,625,Which minor league were you called up from?
868,3583,1,14,90,105,1.1523809523809523,0.03775026958386235,625,This home run doesn't lead to a cave.
2993,3583,3,10,92,105,1.1523809523809523,0.04232473532055043,625,What rule carving have you been reading?
1097,3583,2,12,91,105,1.1523809523809523,0.04010278091110972,625,Just pretend it's a pterodactyl egg.
1221,3583,2,12,91,105,1.1523809523809523,0.04010278091110972,625,"If your the President's phantom pinch hitter for his favorite team, we don't stand a chance of winning this world series."
1391,3583,2,12,91,105,1.1523809523809523,0.04010278091110972,625,"Okay, so you killed the ump - you still have to wear a batting helmet."
1417,3583,2,12,91,105,1.1523809523809523,0.04010278091110972,625,I was told this is where a man could get a piece of cowhide.
1626,3583,4,8,93,105,1.1523809523809523,0.04443572215126961,625,"Are you sure you won't hit me""
""Rahhhhh."
1662,3583,2,12,91,105,1.1523809523809523,0.04010278091110972,625,Two mutton chops say you walk
878,3583,3,10,92,105,1.1523809523809523,0.04232473532055043,625,Couldn’t play til after the stone age.
1965,3583,4,8,93,105,1.1523809523809523,0.04443572215126961,625,If I kill it can I drag it home?
2135,3583,1,14,90,105,1.1523809523809523,0.03775026958386235,625,what's really crazy is were playing basketball.
2215,3583,2,12,91,105,1.1523809523809523,0.04010278091110972,625,That bat looks a little illegal
1749,3583,0,16,89,105,1.1523809523809523,0.03524106511591413,625,I am in uniform.
2405,3583,2,12,91,105,1.1523809523809523,0.04010278091110972,625,"The rose goes in the front, big guy"
2467,3583,3,10,92,105,1.1523809523809523,0.04232473532055043,625,I'm sure your bag will get here tomorrow
2476,3583,3,10,92,105,1.1523809523809523,0.04232473532055043,625,"You may be good with saber-toothed cats, but let’s see how you handle sabermetrics."
2502,3583,1,14,90,105,1.1523809523809523,0.03775026958386235,625,"remember when cavemen were, like, a super common trope and cultural object? but then that stopped, in like the 80s? hahaha you're so played out bitch"
2879,3583,0,16,89,105,1.1523809523809523,0.03524106511591413,625,You missed it.  Old Timers Game was yesterday.
2140,3627,1,13,86,100,1.15,0.03859920970562726,625,Last off the bench doesn't mean you bat with the bench.
3465,3628,1,13,88,102,1.1470588235294117,0.037895161410199434,625,"Leading off for the Stonehenge Giants is shortstop Billy ""Big Stick"" Burns."
3683,3628,2,11,89,102,1.1470588235294117,0.04037549156443755,625,You might want to choke up; he's throwing pretty hard today.
3649,3628,3,9,90,102,1.1470588235294117,0.042712028514633536,625,Did you play for The Cavemen in the minors?
3583,3628,2,11,89,102,1.1470588235294117,0.04037549156443755,625,How long have we been in extra innings?
3547,3628,1,13,88,102,1.1470588235294117,0.037895161410199434,625,Just up from Carlsbad?
3542,3628,3,9,90,102,1.1470588235294117,0.042712028514633536,625,I could really use a safe space right now.
3537,3628,2,11,89,102,1.1470588235294117,0.04037549156443755,625,"Sorry, how far back did you say you could hit it?"
3698,3628,2,11,89,102,1.1470588235294117,0.04037549156443755,625,"Man, who dressed you? Where are your socks?"
3531,3628,2,11,89,102,1.1470588235294117,0.04037549156443755,625,I'm a little bit rusty.
3515,3628,1,13,88,102,1.1470588235294117,0.037895161410199434,625,"Ok, ready — let’s play stone"
3514,3628,1,13,88,102,1.1470588235294117,0.037895161410199434,625,Welcome to Jurassic ball park!
3505,3628,1,13,88,102,1.1470588235294117,0.037895161410199434,625,Let’s paleo ball
3483,3628,2,11,89,102,1.1470588235294117,0.04037549156443755,625,"Charlie, here comes the deuce. When you learn how to speak of me, speak well."
3453,3628,2,11,89,102,1.1470588235294117,0.04037549156443755,625,"Arnold, did you get a new haircut and bat -- you are going all out for the final game."
3455,3628,1,13,88,102,1.1470588235294117,0.037895161410199434,625,Ugh! means strike. Gah! means ball.
3520,3628,2,11,89,102,1.1470588235294117,0.04037549156443755,625,You've got to work harder on the walk softly part
3710,3628,1,13,88,102,1.1470588235294117,0.037895161410199434,625,Hey Oldtimer Wrigley Field's had lights since 1988.
5310,3628,3,9,90,102,1.1470588235294117,0.042712028514633536,625,The original playoff beard.
3758,3628,1,13,88,102,1.1470588235294117,0.037895161410199434,625,This paleo thing has gotten out of hand
4023,3628,1,13,88,102,1.1470588235294117,0.037895161410199434,625,"Back off on the steroids, Bam-Bam."
4011,3628,2,11,89,102,1.1470588235294117,0.04037549156443755,625,"Yea! Just got called up from the Neanderball League"""
4004,3628,3,9,90,102,1.1470588235294117,0.042712028514633536,625,"Look, I appreciate the whole old-school look, but could you at least take a shower before your next at-bat?"
3971,3628,2,11,89,102,1.1470588235294117,0.04037549156443755,625,There's enough  wood in that bat to make a dozen Louisville Sluggers
3938,3628,1,13,88,102,1.1470588235294117,0.037895161410199434,625,"It is America's pastime, after all."
3927,3628,2,11,89,102,1.1470588235294117,0.04037549156443755,625,This club is hardly a performance enhancing instrument.
3922,3628,3,9,90,102,1.1470588235294117,0.042712028514633536,625,So how are the Carlsbad Cavemen doing?
3914,3628,1,13,88,102,1.1470588235294117,0.037895161410199434,625,I've only applied pine tar as delineated by MLB Rule 1.10(c).
3884,3628,2,11,89,102,1.1470588235294117,0.04037549156443755,625,"Please, no more called third strikes!"
3872,3628,1,13,88,102,1.1470588235294117,0.037895161410199434,625,Must have been a really long stint on the DL.
3870,3628,2,11,89,102,1.1470588235294117,0.04037549156443755,625,"Are you aware of the batter's interference rule, or just looking for the clubhouse?"
3858,3628,3,9,90,102,1.1470588235294117,0.042712028514633536,625,Our batting coach is getting back to basics.
3804,3628,3,9,90,102,1.1470588235294117,0.042712028514633536,625,I'll think you'll find that mammoth meat is a banned substance.
3779,3628,3,9,90,102,1.1470588235294117,0.042712028514633536,625,Me no dope
3772,3628,2,11,89,102,1.1470588235294117,0.04037549156443755,625,"Yes, this is Fenway but YOU are so not Mookie Betts !"
3753,3628,0,15,87,102,1.1470588235294117,0.03524068951567447,625,"Ok, it’s three strikes you’re out at the NEW ballgame."
3448,3628,1,13,88,102,1.1470588235294117,0.037895161410199434,625,"When they said to wear our throwbacks tonight, they didn't mean that far back."
3027,3628,3,9,90,102,1.1470588235294117,0.042712028514633536,625,You're no Babe Ruth.
3383,3628,1,13,88,102,1.1470588235294117,0.037895161410199434,625,I’m the one dressed correctly for the game.
3105,3628,2,11,89,102,1.1470588235294117,0.04037549156443755,625,"Remember, just hit the ball, not the pitcher."
3103,3628,1,13,88,102,1.1470588235294117,0.037895161410199434,625,You not want him to pitch inside.
3076,3628,2,11,89,102,1.1470588235294117,0.04037549156443755,625,Why Can't You Wear Pinstripes Like Everyone Else?
3053,3628,2,11,89,102,1.1470588235294117,0.04037549156443755,625,I see you're playing it Old School.
3049,3628,3,9,90,102,1.1470588235294117,0.042712028514633536,625,"Gronk no have regulation bat. There, understand that?"
4035,3628,3,9,90,102,1.1470588235294117,0.042712028514633536,625,We got a new uniform sponsor.  Abercrombie and Caveman.
3009,3628,2,11,89,102,1.1470588235294117,0.04037549156443755,625,"After this series, we play the Tigers."
2897,3628,0,15,87,102,1.1470588235294117,0.03524068951567447,625,Let's see if a knuckle dragger can hit a knuckleball.
2881,3628,1,13,88,102,1.1470588235294117,0.037895161410199434,625,"OK, now the ball. It's the opposite of the umpire, so try to miss three times."
2851,3628,3,9,90,102,1.1470588235294117,0.042712028514633536,625,Hey kid - this is the Show. We wear unis up here.
2774,3628,2,11,89,102,1.1470588235294117,0.04037549156443755,625,Can't you use a regular bat? We're getting complaints out in the parking lot.
2760,3628,1,13,88,102,1.1470588235294117,0.037895161410199434,625,How long have you been in the on deck circle
2744,3628,3,9,90,102,1.1470588235294117,0.042712028514633536,625,A grand says you don't lay one down.
2742,3628,2,11,89,102,1.1470588235294117,0.04037549156443755,625,I can teach you the very base of baseball!
2739,3628,3,9,90,102,1.1470588235294117,0.042712028514633536,625,See this club?  If you kneel you'll feel it on your gimpy legs.
3111,3628,2,11,89,102,1.1470588235294117,0.04037549156443755,625,How on earth can you catch her in that get-up?
3418,3628,2,11,89,102,1.1470588235294117,0.04037549156443755,625,Exactly how big do you think the ball is??
3135,3628,3,9,90,102,1.1470588235294117,0.042712028514633536,625,"Bunt, hunt - either way, it's batter up!"
3149,3628,2,11,89,102,1.1470588235294117,0.04037549156443755,625,"Sir, we need you to leave the field and return to the designated Club Seating."
3380,3628,2,11,89,102,1.1470588235294117,0.04037549156443755,625,It’s a sign of the times.
3377,3628,3,9,90,102,1.1470588235294117,0.042712028514633536,625,Zork want soft down middle - capisce?
3370,3628,3,9,90,102,1.1470588235294117,0.042712028514633536,625,When coach said we were going hack to the basics I didn't know he meant literally!
3346,3628,3,9,90,102,1.1470588235294117,0.042712028514633536,625,The field trials you're looking for are in the Bad Lands of South Dakota.
3324,3628,2,11,89,102,1.1470588235294117,0.04037549156443755,625,Aren't you a bit old to be playing baseball?
3320,3628,4,7,91,102,1.1470588235294117,0.04492721269564548,625,Does the word 'backswing' mean anything to you?
3292,3628,2,11,89,102,1.1470588235294117,0.04037549156443755,625,The umpire has already checked for Pine Tar.
3284,3628,2,11,89,102,1.1470588235294117,0.04037549156443755,625,"These ""theme days"" at the park have really gotten out of hand..."
3269,3628,1,13,88,102,1.1470588235294117,0.037895161410199434,625,It's about time they brought you up to the Big League.
3232,3628,3,9,90,102,1.1470588235294117,0.042712028514633536,625,"Designated Hitter, huh? Do you know what a ball is?"
3217,3628,3,9,90,102,1.1470588235294117,0.042712028514633536,625,Tell your wife you were out hunting
3188,3628,2,11,89,102,1.1470588235294117,0.04037549156443755,625,"I see the beard, but that bat ain't regulation."
3187,3628,3,9,90,102,1.1470588235294117,0.042712028514633536,625,I’ve been in the Minor Leagues forever !
3160,3628,3,9,90,102,1.1470588235294117,0.042712028514633536,625,"You don't hit me, you hit the ball"
3150,3628,1,13,88,102,1.1470588235294117,0.037895161410199434,625,"You silly Neanderthal, you have to dig a hole before you go!"
3147,3628,3,9,90,102,1.1470588235294117,0.042712028514633536,625,Don't give me 'ugga ugga'. You understand strike zones
4129,3628,1,13,88,102,1.1470588235294117,0.037895161410199434,625,We'll pitch you low and away until your stance evolves
4632,3628,1,13,88,102,1.1470588235294117,0.037895161410199434,625,Just call every pitch a ball and you'll be safe.
4167,3628,2,11,89,102,1.1470588235294117,0.04037549156443755,625,Being called up from the minors is tough!
5299,3628,2,11,89,102,1.1470588235294117,0.04037549156443755,625,How many extra innings is this?
5267,3628,2,11,89,102,1.1470588235294117,0.04037549156443755,625,"That ball's a lot harder to hit than a wooly mammoth, slugger."
5225,3628,2,11,89,102,1.1470588235294117,0.04037549156443755,625,Been waiting long?
5219,3628,2,11,89,102,1.1470588235294117,0.04037549156443755,625,You must be their new journeyman player I've heard about.
5216,3628,5,5,92,102,1.1470588235294117,0.04703819194404339,625,"Forget the diet and get back on steroids, man!"
5206,3628,2,11,89,102,1.1470588235294117,0.04037549156443755,625,"Your bat and uniform may be different, but the beard and hairstyle are the same."
5205,3628,3,9,90,102,1.1470588235294117,0.042712028514633536,625,"If you don’t get some shoes, you’re about to experience the agony of defeat"
5202,3628,2,11,89,102,1.1470588235294117,0.04037549156443755,625,Get that left shoulder under your chin big man.
5189,3628,1,13,88,102,1.1470588235294117,0.037895161410199434,625,"I hope it's okay that I brought my own bat...I call it a ""cheeto"""
5181,3628,1,13,88,102,1.1470588235294117,0.037895161410199434,625,Three grunts and you're out!
5121,3628,3,9,90,102,1.1470588235294117,0.042712028514633536,625,"I’ll watch the strikes.
You watch the balls!"
5110,3628,3,9,90,102,1.1470588235294117,0.042712028514633536,625,"""OK, next we'll try an under-handed lob."""
5076,3628,1,13,88,102,1.1470588235294117,0.037895161410199434,625,Just a beard is so mainstream.
5029,3628,3,9,90,102,1.1470588235294117,0.042712028514633536,625,The K is backwards. Not you. Kc. KK...backwards K. ‘K?
4969,3628,2,11,89,102,1.1470588235294117,0.04037549156443755,625,"Sorry, I don't catch boulders."
5304,3628,2,11,89,102,1.1470588235294117,0.04037549156443755,625,And tomorrow is Renaissance day
5319,3628,2,11,89,102,1.1470588235294117,0.04037549156443755,625,Welcome to the Majors.  It is a step up from that Stone Age league you came from.
5329,3628,2,11,89,102,1.1470588235294117,0.04037549156443755,625,Stonewalling the catcher.
5333,3628,1,13,88,102,1.1470588235294117,0.037895161410199434,625,I don't care how thick your skull is.  You need to wear a helmet!
5667,3628,0,15,87,102,1.1470588235294117,0.03524068951567447,625,"Hey...you're the free agent with special dress and equipment clauses. Played last season for the Wooly Mamaths in France.  Let me move back a bit.""th"
5665,3628,2,11,89,102,1.1470588235294117,0.04037549156443755,625,No mammoths here.
5645,3628,2,11,89,102,1.1470588235294117,0.04037549156443755,625,"You look like a sitting duck to me"""
5636,3628,1,13,88,102,1.1470588235294117,0.037895161410199434,625,You know a good spot for beef steak tartare in this town?
5626,3628,3,9,90,102,1.1470588235294117,0.042712028514633536,625,"Next up, The Great Bam-Bam-bino!”"
5592,3628,3,9,90,102,1.1470588235294117,0.042712028514633536,625,"Don't you think you guys are going to far with your throw-back uniforms.
'"
5558,3628,1,13,88,102,1.1470588235294117,0.037895161410199434,625,"Batting cleanup, I believe in walking softly and carrying a big stick."
4966,3628,1,13,88,102,1.1470588235294117,0.037895161410199434,625,So it's true you're having a ball with the baseball club
5493,3628,3,9,90,102,1.1470588235294117,0.042712028514633536,625,Go right ahead- take your base.
5449,3628,0,15,87,102,1.1470588235294117,0.03524068951567447,625,"Yes, it is a solid wood bat, and yes, it is a Louisville Slugger."
5392,3628,1,13,88,102,1.1470588235294117,0.037895161410199434,625,Your retro uniforms sure are serious this year.
5389,3628,2,11,89,102,1.1470588235294117,0.04037549156443755,625,"Geez, I can’t tell whether DH has evolved or devolved!"
5360,3628,3,9,90,102,1.1470588235294117,0.042712028514633536,625,"Anouncer: “and in the top of the 1300bc, from team homosapiens its homo-troglodytes taking on Smilodon of team carnivores”"
5352,3628,3,9,90,102,1.1470588235294117,0.042712028514633536,625,"When man on small hill throw rock, you wait-- three times. Then free wildebeest meat yours."
5345,3628,3,9,90,102,1.1470588235294117,0.042712028514633536,625,We're going to be in big trouble if we have to wait for you to invent running.
5339,3628,4,7,91,102,1.1470588235294117,0.04492721269564548,625,They really got to cap the extra innings rule.
5456,3628,1,13,88,102,1.1470588235294117,0.037895161410199434,625,Is that bat a pleistocine slugger?
4941,3628,2,11,89,102,1.1470588235294117,0.04037549156443755,625,I see the Designated Homo sapien has arrived.
4927,3628,1,13,88,102,1.1470588235294117,0.037895161410199434,625,So this is what they meant by “back to basics”
4913,3628,3,9,90,102,1.1470588235294117,0.042712028514633536,625,"Sorry, pal. Old Timer's Day for your league was 20,000 years ago."
4433,3628,4,7,91,102,1.1470588235294117,0.04492721269564548,625,They said a guy just got called up. I thought they meant ‘minors’ not ‘Paleolithic.’
4421,3628,3,9,90,102,1.1470588235294117,0.042712028514633536,625,"Looks like you lost a few.”

“Thanks, been trying that me diet everyone raves about.”"
4399,3628,3,9,90,102,1.1470588235294117,0.042712028514633536,625,I guess the Mets have completely given up this year.
4382,3628,1,13,88,102,1.1470588235294117,0.037895161410199434,625,Do you know of any good vegan restaurants?
4370,3628,1,13,88,102,1.1470588235294117,0.037895161410199434,625,Why can't you just paint caves like the others?
4365,3628,1,13,88,102,1.1470588235294117,0.037895161410199434,625,the  Denigrated hitter
4359,3628,1,13,88,102,1.1470588235294117,0.037895161410199434,625,Where did you get that? Out of the bat cave?
4462,3628,2,11,89,102,1.1470588235294117,0.04037549156443755,625,Hope the caveman diet pays off.
4351,3628,0,15,87,102,1.1470588235294117,0.03524068951567447,625,"After you hit the ball, you're supposed to run."
4335,3628,2,11,89,102,1.1470588235294117,0.04037549156443755,625,Hey rookie-just up from the bush league?
4327,3628,2,11,89,102,1.1470588235294117,0.04037549156443755,625,"I agree,the throw back uniform thing has gotten out of hand. But at least  the beard craze works with this one.."
4319,3628,1,13,88,102,1.1470588235294117,0.037895161410199434,625,"Hey buddy, You aren't in uniform!"
4290,3628,3,9,90,102,1.1470588235294117,0.042712028514633536,625,I was in the minors FOREVER! I finally got the call to report to Jurassic Park.
4244,3628,1,13,88,102,1.1470588235294117,0.037895161410199434,625,The idiot told me to bunt.
4238,3628,1,13,88,102,1.1470588235294117,0.037895161410199434,625,"Okay, big fella.  Let's see if the cave man diet works."
4191,3628,1,13,88,102,1.1470588235294117,0.037895161410199434,625,Here’s a clue:  we are never safe.
4350,3628,1,13,88,102,1.1470588235294117,0.037895161410199434,625,Don't you hate Throwback Night?
4162,3628,3,9,90,102,1.1470588235294117,0.042712028514633536,625,I am here to speed up the game. This is where I kill you.
4472,3628,1,13,88,102,1.1470588235294117,0.037895161410199434,625,"Yes, the garlic fries are really good here."
4518,3628,2,11,89,102,1.1470588235294117,0.04037549156443755,625,Take a walk!
4895,3628,2,11,89,102,1.1470588235294117,0.04037549156443755,625,Cork in the bat? That's at least a century away!
4892,3628,1,13,88,102,1.1470588235294117,0.037895161410199434,625,"No, I don't know Fred Flintstone."
4829,3628,1,13,88,102,1.1470588235294117,0.037895161410199434,625,"I heard our society was devolving, but this is ridiculous"
4819,3628,3,9,90,102,1.1470588235294117,0.042712028514633536,625,"To recap, it's the bottom of the grunt, there are 2 grunts on, and you're down by 3 grunts."
4805,3628,0,15,87,102,1.1470588235294117,0.03524068951567447,625,I hear they call you the Bamm-Bammbino.
4804,3628,1,13,88,102,1.1470588235294117,0.037895161410199434,625,Love the new uniform but the bat's not regulation.
4796,3628,2,11,89,102,1.1470588235294117,0.04037549156443755,625,Are you a member of the other club?
4492,3628,3,9,90,102,1.1470588235294117,0.042712028514633536,625,"Ghaardurv was on the ice so long, he figured he'd try another sport."
4773,3628,1,13,88,102,1.1470588235294117,0.037895161410199434,625,Not that kinda club.
4652,3628,1,13,88,102,1.1470588235294117,0.037895161410199434,625,You hit me with that thing and you will be out forever!
4644,3628,2,11,89,102,1.1470588235294117,0.04037549156443755,625,Club the ball and then run like your life depends on it.
2731,3628,1,13,88,102,1.1470588235294117,0.037895161410199434,625,"Hey, you're slimming down. Paleo?"
4579,3628,2,11,89,102,1.1470588235294117,0.04037549156443755,625,I'd suggest a bunt.
4564,3628,3,9,90,102,1.1470588235294117,0.042712028514633536,625,"I know you it wouldn’t matter if  you got hit, but you should put on a helmet."
4557,3628,2,11,89,102,1.1470588235294117,0.04037549156443755,625,"The whole 'Fear the Beard' thing was bad enough, but those throwback uniforms are a bit too much, Dustin."
4543,3628,2,11,89,102,1.1470588235294117,0.04037549156443755,625,"If A-Rod makes it in the hall, they’ve gotta let me in... right"
4721,3628,3,9,90,102,1.1470588235294117,0.042712028514633536,625,I never thought I'd get the chance to play against Babe Ruth!
2717,3628,1,13,88,102,1.1470588235294117,0.037895161410199434,625,Love the retro uniform look!
5137,3628,4,7,91,102,1.1470588235294117,0.04492721269564548,625,"You know, this may appear as collusion."
2676,3628,4,7,91,102,1.1470588235294117,0.04492721269564548,625,Does the name “Abner Doubleday” mean anything to you?
1115,3628,2,11,89,102,1.1470588235294117,0.04037549156443755,625,Me think future lame
1103,3628,0,15,87,102,1.1470588235294117,0.03524068951567447,625,Yeah ...the signs haven't evolved much.
1091,3628,3,9,90,102,1.1470588235294117,0.042712028514633536,625,And then I do what?
1056,3628,4,7,91,102,1.1470588235294117,0.04492721269564548,625,I've waited EONS to be intentionally walked with just a nod.
1031,3628,2,11,89,102,1.1470588235294117,0.04037549156443755,625,Ok. So baseball is a game from an earlier era.
997,3628,1,13,88,102,1.1470588235294117,0.037895161410199434,625,"Wow, that Paleo thing is really working for you."
1117,3628,0,15,87,102,1.1470588235294117,0.03524068951567447,625,"Yes, I know they said it's a club sport, but....."
983,3628,2,11,89,102,1.1470588235294117,0.04037549156443755,625,"Yeah, I got it at the clubhouse. Very funny."
899,3628,2,11,89,102,1.1470588235294117,0.04037549156443755,625,I'm pretty sure knocking the ump out of the park will not go over well.
888,3628,2,11,89,102,1.1470588235294117,0.04037549156443755,625,"No cork, right?"
874,3628,3,9,90,102,1.1470588235294117,0.042712028514633536,625,"Is that a leather uniform?""
""Yeah, it fits like a glove."
847,3628,2,11,89,102,1.1470588235294117,0.04037549156443755,625,Yes. You're the big slugger.
840,3628,2,11,89,102,1.1470588235294117,0.04037549156443755,625,You haven't evolved past this.
758,3628,1,13,88,102,1.1470588235294117,0.037895161410199434,625,Told to hit one over the fence.  What is fence?
919,3628,2,11,89,102,1.1470588235294117,0.04037549156443755,625,"Sorry, did we wake you?"
1128,3628,2,11,89,102,1.1470588235294117,0.04037549156443755,625,"Hey, didn't a meteorite take your team out a while back?"
1132,3628,2,11,89,102,1.1470588235294117,0.04037549156443755,625,"The off-the-shoulder fur is a nice look, but the batting helmet is mandatory."
1137,3628,1,13,88,102,1.1470588235294117,0.037895161410199434,625,"Okay, Fred Flintstone, I'm betting you yabba-dabba-don't."
1426,3628,1,13,88,102,1.1470588235294117,0.037895161410199434,625,Is that an ORIGINAL Louisville Slugger?
1419,3628,4,7,91,102,1.1470588235294117,0.04492721269564548,625,"It's called a signal Mr. Trump, it's something we do in sports."""
1402,3628,1,13,88,102,1.1470588235294117,0.037895161410199434,625,"Who's your Doc? I'd like some of  that, too."
1379,3628,3,9,90,102,1.1470588235294117,0.042712028514633536,625,"President Trump would like you to stand for the National Anthem. Are we going to have a problem?"""
1352,3628,1,13,88,102,1.1470588235294117,0.037895161410199434,625,I'm on a winning streak.  I suggest you be careful.
1314,3628,4,7,91,102,1.1470588235294117,0.04492721269564548,625,"I guess you Mets will try anything at this point, huh?"
1307,3628,2,11,89,102,1.1470588235294117,0.04037549156443755,625,"If you don't swat the little round object, it will attack you."
1303,3628,1,13,88,102,1.1470588235294117,0.037895161410199434,625,"Hey buddy, you need to go put on a batting helmet !"
1297,3628,1,13,88,102,1.1470588235294117,0.037895161410199434,625,"I'm afraid your bat isn't the official standard, sir""!
""Where I come from, there are no officials left."""
1284,3628,2,11,89,102,1.1470588235294117,0.04037549156443755,625,Do you know there are bat weight restrictions?
1225,3628,2,11,89,102,1.1470588235294117,0.04037549156443755,625,I only work for football players
1222,3628,4,7,91,102,1.1470588235294117,0.04492721269564548,625,"Yeah, I left that one behind: got my very own bat right here."
1195,3628,2,11,89,102,1.1470588235294117,0.04037549156443755,625,"You look familiar, have we met?"
1158,3628,2,11,89,102,1.1470588235294117,0.04037549156443755,625,That dugout might be a little too deep.
1149,3628,3,9,90,102,1.1470588235294117,0.042712028514633536,625,You didn’t wanna use that other bat?
729,3628,1,13,88,102,1.1470588235294117,0.037895161410199434,625,It’s a fake pitcher.   You can just steal the base.
727,3628,3,9,90,102,1.1470588235294117,0.042712028514633536,625,"He trow ball at me, he dead!"
724,3628,2,11,89,102,1.1470588235294117,0.04037549156443755,625,Catcher your friend—signal only hanging curveballs.
693,3628,2,11,89,102,1.1470588235294117,0.04037549156443755,625,"Remember, this time it's the ball and not my head."
248,3628,3,9,90,102,1.1470588235294117,0.042712028514633536,625,"His fastball is so easy, even you can do it."
208,3628,2,11,89,102,1.1470588235294117,0.04037549156443755,625,"No Gronk, just because their team name is the Wooly Mammoths doesn't mean you get to club and eat them"
198,3628,2,11,89,102,1.1470588235294117,0.04037549156443755,625,"Yeah, I AM on that paleo-diet. Why do you ask?"
151,3628,1,13,88,102,1.1470588235294117,0.037895161410199434,625,I hope you've discovered fire cause this guy's bringing the heat!
145,3628,1,13,88,102,1.1470588235294117,0.037895161410199434,625,You’d make a great Yankee.
119,3628,2,11,89,102,1.1470588235294117,0.04037549156443755,625,They don’t call me a slugger for nothing!
87,3628,3,9,90,102,1.1470588235294117,0.042712028514633536,625,I'LL HAVE THE BBQ WINGS WITH A SIDE OF MASHED POTATOES.
83,3628,2,11,89,102,1.1470588235294117,0.04037549156443755,625,How long have you been their pinch hitter?
82,3628,3,9,90,102,1.1470588235294117,0.042712028514633536,625,Aren’t you a little old for “make a wish “
68,3628,0,15,87,102,1.1470588235294117,0.03524068951567447,625,"The crowd roars as “Cave Ruth”, steps up to bat."
53,3628,0,15,87,102,1.1470588235294117,0.03524068951567447,625,"Remember, try not to kill it"
35,3628,1,13,88,102,1.1470588235294117,0.037895161410199434,625,I don't care how it used to be... you are supposed to take the guys out with the ball.
14,3628,2,11,89,102,1.1470588235294117,0.04037549156443755,625,Here’s a clue. I’m not going to bunt.
5,3628,2,11,89,102,1.1470588235294117,0.04037549156443755,625,You make me feel so overdressed.
2684,3628,3,9,90,102,1.1470588235294117,0.042712028514633536,625,Wanna hang out after the game?
273,3628,2,11,89,102,1.1470588235294117,0.04037549156443755,625,You'll be alright bub. Raptors play a different sport altogether.
1458,3628,2,11,89,102,1.1470588235294117,0.04037549156443755,625,"FIGURES, ALL THOSE PLAYERS WITH BEARDS WOULD RESULT IN THIS"
287,3628,2,11,89,102,1.1470588235294117,0.04037549156443755,625,Could I interest you in an intentional walk?
305,3628,3,9,90,102,1.1470588235294117,0.042712028514633536,625,"Don't swing at me, OK?  Get mad at that other guy and swing at whatever he throws in your general direction."
626,3628,0,15,87,102,1.1470588235294117,0.03524068951567447,625,"Listen, old-timer: when a fan screams 'kill the ball,' they don't mean 'beat it to death.'"
544,3628,3,9,90,102,1.1470588235294117,0.042712028514633536,625,"Hey, You went out ages ago!"
543,3628,1,13,88,102,1.1470588235294117,0.037895161410199434,625,I'm guessing signals will be lost on you.
507,3628,2,11,89,102,1.1470588235294117,0.04037549156443755,625,"If you want to succeed, you have to evolve with the game."
487,3628,2,11,89,102,1.1470588235294117,0.04037549156443755,625,"This sign means, ""Hit him with the first pitch."""
436,3628,5,5,92,102,1.1470588235294117,0.04703819194404339,625,The money must be good to bring you out of retirement.
403,3628,3,9,90,102,1.1470588235294117,0.042712028514633536,625,SABR-toothed metrics are really changing the game.
384,3628,3,9,90,102,1.1470588235294117,0.042712028514633536,625,"No offense, but this is a pea-brain marketing scheme."
383,3628,2,11,89,102,1.1470588235294117,0.04037549156443755,625,"Aim for his head Larry, this guy used to play for the mammoths."
375,3628,0,15,87,102,1.1470588235294117,0.03524068951567447,625,This is the first time an expansion club went backwards.
370,3628,3,9,90,102,1.1470588235294117,0.042712028514633536,625,"Dad, what are you doing off your couch?"
364,3628,0,15,87,102,1.1470588235294117,0.03524068951567447,625,"You really got into this turn-back-the-clock thing, didn’t you?"
334,3628,2,11,89,102,1.1470588235294117,0.04037549156443755,625,What farm team did you come from?
333,3628,3,9,90,102,1.1470588235294117,0.042712028514633536,625,I don't care if you club it or hit it. Just swing at the ball when it comes your way!
323,3628,1,13,88,102,1.1470588235294117,0.037895161410199434,625,"No throwing the club, okay?"
299,3628,0,15,87,102,1.1470588235294117,0.03524068951567447,625,Do I hit you?  Is that why you're wearing protection?
1465,3628,1,13,88,102,1.1470588235294117,0.037895161410199434,625,"No, It doesn't stand for ""Before Curveballs."""
812,3628,2,11,89,102,1.1470588235294117,0.04037549156443755,625,Welcome to the big leagues - you’ve been in the minors forever!
1481,3628,0,15,87,102,1.1470588235294117,0.03524068951567447,625,Everybody's gotta have a gimmick.
2352,3628,3,9,90,102,1.1470588235294117,0.042712028514633536,625,"So, tell me about this sandwich you came up with..."
2302,3628,2,11,89,102,1.1470588235294117,0.04037549156443755,625,Didn't that Time Machine Guy tell you the Wild Card game is in September?
2301,3628,2,11,89,102,1.1470588235294117,0.04037549156443755,625,When are you going to evolve with the game?
2280,3628,2,11,89,102,1.1470588235294117,0.04037549156443755,625,"No, you can't hit the cover off the ball and use it as a hat."
2277,3628,3,9,90,102,1.1470588235294117,0.042712028514633536,625,Take off the pine tar.
2275,3628,1,13,88,102,1.1470588235294117,0.037895161410199434,625,"You know this is not what they mean when they say ""hitting one for the ages"""
2261,3628,2,11,89,102,1.1470588235294117,0.04037549156443755,625,"Whatever it is, you catch it, I'll whack it, and we'll split it 50/50."
2249,3628,1,13,88,102,1.1470588235294117,0.037895161410199434,625,yabadaba-don't
2237,3628,3,9,90,102,1.1470588235294117,0.042712028514633536,625,Our next game is at Giants Stadium..
2224,3628,1,13,88,102,1.1470588235294117,0.037895161410199434,625,I certainly hope you’ve got on at least some boy shorts this time.
2221,3628,2,11,89,102,1.1470588235294117,0.04037549156443755,625,"You know, your really setting back the game!"
2182,3628,1,13,88,102,1.1470588235294117,0.037895161410199434,625,And did you notice that baby was crying through half of the game and I didn't get angry? Not once. Did you notice that? I didn't get angry once because I didn't want to insult the parents for not taking the kid out of the room!
2178,3628,2,11,89,102,1.1470588235294117,0.04037549156443755,625,"I just clobbered me a wild boar, what did you catch?"
2151,3628,1,13,88,102,1.1470588235294117,0.037895161410199434,625,"Just hit the ball instead of hunting, and I promise you'll eat better than a brontosaurus burger."
2100,3628,2,11,89,102,1.1470588235294117,0.04037549156443755,625,You must be that guy brought up from the Pro-Magnon league.
2364,3628,3,9,90,102,1.1470588235294117,0.042712028514633536,625,Just relax and pretend the ball is a charging rhinoceros.
2091,3628,3,9,90,102,1.1470588235294117,0.042712028514633536,625,NOW PINCH-HITTING FOR CHUCK GRANGER IS SHOELESS JOE VROGG
2371,3628,2,11,89,102,1.1470588235294117,0.04037549156443755,625,"As catcher, I WILL continue ""taking a knee"", 45!!!!!!"
2418,3628,2,11,89,102,1.1470588235294117,0.04037549156443755,625,Your team is on fire this year!
2670,3628,2,11,89,102,1.1470588235294117,0.04037549156443755,625,No way you can hit a curve with that.
2659,3628,2,11,89,102,1.1470588235294117,0.04037549156443755,625,I know it's Oldtimers Day but how many years did you play?
2658,3628,4,7,91,102,1.1470588235294117,0.04492721269564548,625,It is Not a corked bat!
2653,3628,3,9,90,102,1.1470588235294117,0.042712028514633536,625,"An ash club works better for me than maple."""
2640,3628,1,13,88,102,1.1470588235294117,0.037895161410199434,625,How do you like those new see-thru spikes?
1475,3628,2,11,89,102,1.1470588235294117,0.04037549156443755,625,"No, no - I'm not gonna catch it so you can kill it."
2608,3628,1,13,88,102,1.1470588235294117,0.037895161410199434,625,I wish these games evolved at a faster pace.
2587,3628,3,9,90,102,1.1470588235294117,0.042712028514633536,625,How can you steal my signs when you can't read yet?
2569,3628,3,9,90,102,1.1470588235294117,0.042712028514633536,625,"""I like strikes not balls."""
2546,3628,1,13,88,102,1.1470588235294117,0.037895161410199434,625,Throwback uniform day is getting out of hand......
2497,3628,0,15,87,102,1.1470588235294117,0.03524068951567447,625,"""This is taking ""Turn Back the Clock"" a bit too far."
2482,3628,1,13,88,102,1.1470588235294117,0.037895161410199434,625,You know you can't use that if it has been corked.
2473,3628,2,11,89,102,1.1470588235294117,0.04037549156443755,625,Don’t kill rock. Make rock fly.
2466,3628,3,9,90,102,1.1470588235294117,0.042712028514633536,625,They just called him up from the stone age league.
2436,3628,1,13,88,102,1.1470588235294117,0.037895161410199434,625,"Yankees under new management, bro?"
2392,3628,2,11,89,102,1.1470588235294117,0.04037549156443755,625,"Wow, these throwback uni's are getting out of  hand."
2050,3628,1,13,88,102,1.1470588235294117,0.037895161410199434,625,"Don't look at me like that. My home run took 200,000 years to extinguish."
2623,3628,0,15,87,102,1.1470588235294117,0.03524068951567447,625,Too many bad calls!  The umpire is a real Neanderthal.
2029,3628,2,11,89,102,1.1470588235294117,0.04037549156443755,625,"OK, I guess it did work for Johnny Damon and Jayson Werth"
1742,3628,4,7,91,102,1.1470588235294117,0.04492721269564548,625,I thought BYOB meant bring your own bat.
1726,3628,4,7,91,102,1.1470588235294117,0.04492721269564548,625,So you were with the Chauvet club before you got traded to Lascaux?
1725,3628,3,9,90,102,1.1470588235294117,0.042712028514633536,625,I take it you're not a big fan of analytics.
1720,3628,3,9,90,102,1.1470588235294117,0.042712028514633536,625,I guess you’ve been in the minors for a long time
1653,3628,1,13,88,102,1.1470588235294117,0.037895161410199434,625,"Yes, his curve ball is magic."
1631,3628,3,9,90,102,1.1470588235294117,0.042712028514633536,625,"See, I'm giving the pitcher the sign for walk."
1619,3628,1,13,88,102,1.1470588235294117,0.037895161410199434,625,"I tell you this every time you're up to bat. He's only allowed to throw baseballs to us... no live animals, no rival clan members..."
1770,3628,1,13,88,102,1.1470588235294117,0.037895161410199434,625,"Yes, that was a third strike."
1611,3628,1,13,88,102,1.1470588235294117,0.037895161410199434,625,"Boy, that Paleo diet has done wonders!"
1602,3628,1,13,88,102,1.1470588235294117,0.037895161410199434,625,What I love about baseball is that any game can go on forever.
1599,3628,1,13,88,102,1.1470588235294117,0.037895161410199434,625,You may want to talk to the union about your throwback uniform.
1592,3628,2,11,89,102,1.1470588235294117,0.04037549156443755,625,"They said ""Batter up"", not ""Beat her up!"""
1561,3628,2,11,89,102,1.1470588235294117,0.04037549156443755,625,I see you're up with the Big Club.
1524,3628,3,9,90,102,1.1470588235294117,0.042712028514633536,625,"They're pin stripes, it's a Yankee thing."
1496,3628,0,15,87,102,1.1470588235294117,0.03524068951567447,625,"Yes you can hit the ball, but there are rules."""
2035,3628,2,11,89,102,1.1470588235294117,0.04037549156443755,625,Have you been in the dugout long?
1607,3628,2,11,89,102,1.1470588235294117,0.04037549156443755,625,"With the way your teammates are hitting, you’re carrying the club."
1771,3628,1,13,88,102,1.1470588235294117,0.037895161410199434,625,"See, there are these things called ""glasses,"" and umpires always need them but never have them."
1591,3628,1,13,88,102,1.1470588235294117,0.037895161410199434,625,Did they bring you up from the minors or just thaw you out?
1799,3628,1,13,88,102,1.1470588235294117,0.037895161410199434,625,"Don't take this personally, but I think it's time we repealed the designated-hitter rule."
1801,3628,2,11,89,102,1.1470588235294117,0.04037549156443755,625,not my call.....it is still strike three....
1986,3628,2,11,89,102,1.1470588235294117,0.04037549156443755,625,"I feel like anyone can grow a playoff beard, you know?”"
1811,3628,2,11,89,102,1.1470588235294117,0.04037549156443755,625,"This team is seriouly wanting a win , hiring a sure hitter."
1812,3628,2,11,89,102,1.1470588235294117,0.04037549156443755,625,"I have no idea where your wife is, but that is not a legal bat."
1833,3628,1,13,88,102,1.1470588235294117,0.037895161410199434,625,"Let's see if I've got it. I club the ball to death, you dress it, and then serve it on the plate."
1849,3628,4,7,91,102,1.1470588235294117,0.04492721269564548,625,Tell me again; why can't we use aluminum bats in the majors.
1852,3628,1,13,88,102,1.1470588235294117,0.037895161410199434,625,You sure? He's got a mean back foot slider.
1781,3628,2,11,89,102,1.1470588235294117,0.04037549156443755,625,So you're the new slugger I've heard about?
1860,3628,3,9,90,102,1.1470588235294117,0.042712028514633536,625,"Now up...Pinch, the Jurassic franchise’s top club hitter...looking toward the centerfield bleachers..."
1889,3628,5,5,92,102,1.1470588235294117,0.04703819194404339,625,"As usual, instead of a home run, you caved."
1968,3628,2,11,89,102,1.1470588235294117,0.04037549156443755,625,Let's hit a home run.
1970,3628,3,9,90,102,1.1470588235294117,0.042712028514633536,625,No aluminum bats in the majors.
1978,3628,3,9,90,102,1.1470588235294117,0.042712028514633536,625,"You may have killed it in the minors , kid...."
1982,3628,4,7,91,102,1.1470588235294117,0.04492721269564548,625,I told the time machine « ump fire »
261,3930,2,11,90,103,1.145631067961165,0.04000705960520683,625,George Brett? Is that you?
1148,3930,3,9,91,103,1.145631067961165,0.0423194072188415,625,It seems like ages since it’s been your turn at bat!
2949,3932,1,12,86,99,1.1414141414141414,0.03801425648577054,625,I bet you're batting a million B.C.!
4176,3932,1,12,86,99,1.1414141414141414,0.03801425648577054,625,Your throwback jerseys are really old school.
4175,3932,4,6,89,99,1.1414141414141414,0.04542590545078555,625,Tough uniform for Though-back Thursdays
4170,3932,1,12,86,99,1.1414141414141414,0.03801425648577054,625,"You do know it's a myth that growing it out will actually help you win the World Series, Flintstone."
4144,3932,1,12,86,99,1.1414141414141414,0.03801425648577054,625,I trust you are aware that Sal the Barber is on the mound.
4139,3932,3,8,88,99,1.1414141414141414,0.043097213630788105,625,"Look, I'm not trying to psych you out. Trust me. If you're allergic to peanuts, don't eat the Cracker Jack."
3994,3932,1,12,86,99,1.1414141414141414,0.03801425648577054,625,"Look, I know this doesn't come easy for you nomads, but your team can't score unless you remember to return home."
3968,3932,2,10,87,99,1.1414141414141414,0.04063528958247828,625,Not me.
3911,3932,2,10,87,99,1.1414141414141414,0.04063528958247828,625,Aren’t you guys taking throwback day a little too far?
3828,3932,2,10,87,99,1.1414141414141414,0.04063528958247828,625,Have you seen my club?
3826,3932,1,12,86,99,1.1414141414141414,0.03801425648577054,625,"I was gonna say, “welcome to the Club”."
3792,3932,2,10,87,99,1.1414141414141414,0.04063528958247828,625,"I'm sorry, but batting helmets aren't optional."
3790,3932,3,8,88,99,1.1414141414141414,0.043097213630788105,625,The day random PED testing stopped being be so random.
3764,3932,3,8,88,99,1.1414141414141414,0.043097213630788105,625,News Flash: he's not intimidated by the caveman schtick.
3760,3932,2,10,87,99,1.1414141414141414,0.04063528958247828,625,"I'd tell you he's throwing real fire tonight, but you have no idea what that means."
3565,3932,1,12,86,99,1.1414141414141414,0.03801425648577054,625,Is that a Louisville Slugger?
2906,3932,1,12,86,99,1.1414141414141414,0.03801425648577054,625,"Dude, great throwback uni."
3502,3932,2,10,87,99,1.1414141414141414,0.04063528958247828,625,I told them I ran from home. They tell me I would be helpful here!
3468,3932,1,12,86,99,1.1414141414141414,0.03801425648577054,625,That’s it. I’m done with Throwback Nights.
3433,3932,0,14,85,99,1.1414141414141414,0.03519858850692776,625,So -- how long were you in the minors ?
3393,3932,2,10,87,99,1.1414141414141414,0.04063528958247828,625,"So, how was your day?"
3331,3932,0,14,85,99,1.1414141414141414,0.03519858850692776,625,Just up from the farm club?
3275,3932,3,8,88,99,1.1414141414141414,0.043097213630788105,625,Why are you speaking so softly?
2884,3932,1,12,86,99,1.1414141414141414,0.03801425648577054,625,Most of my career has been in the minor leagues.
4308,3932,1,12,86,99,1.1414141414141414,0.03801425648577054,625,"Well, if isn’t Fred Flintstone! Glad you finally got called up from the minors!"
2862,3932,0,14,85,99,1.1414141414141414,0.03519858850692776,625,The game ain't what it used to be.
3165,3932,0,14,85,99,1.1414141414141414,0.03519858850692776,625,Throwback uniform day?
3070,3932,2,10,87,99,1.1414141414141414,0.04063528958247828,625,"That last pitch was a hell of a brush-back, huh?"
3016,3932,2,10,87,99,1.1414141414141414,0.04063528958247828,625,Hey catcher. How your wife and Ook's kids?
2964,3932,1,12,86,99,1.1414141414141414,0.03801425648577054,625,We need to get you in the players union.
2868,3932,0,14,85,99,1.1414141414141414,0.03519858850692776,625,"Actually, we don't hit rocks anymore. You'll need a smaller bat."
4315,3932,2,10,87,99,1.1414141414141414,0.04063528958247828,625,The itchy uniform doesn't mean you can club the pitcher.
5126,3932,2,10,87,99,1.1414141414141414,0.04063528958247828,625,I’m all Paleo now.  It’s an Alex Geurrero thing.
4373,3932,1,12,86,99,1.1414141414141414,0.03801425648577054,625,Take it back to the clubhouse.
2844,3932,1,12,86,99,1.1414141414141414,0.03801425648577054,625,"Club level? Sure, behind you."
5673,3932,1,12,86,99,1.1414141414141414,0.03801425648577054,625,Yall are taking this throwback thing too far.
5641,3932,1,12,86,99,1.1414141414141414,0.03801425648577054,625,Ted's Halloween costumes were always guaranteed to be a big hit.
5614,3932,3,8,88,99,1.1414141414141414,0.043097213630788105,625,"Sure it's legal: it's the new ""Me Too"" model from Louisville Slugger."
5564,3932,2,10,87,99,1.1414141414141414,0.04063528958247828,625,I hear you’re ‘batting 1000’ ‘BC
5557,3932,2,10,87,99,1.1414141414141414,0.04063528958247828,625,"Tonight?  Sure, but the bouncer won't approve that outfit."
5549,3932,3,8,88,99,1.1414141414141414,0.043097213630788105,625,Wow! Best throwback uniform ever!
5488,3932,0,14,85,99,1.1414141414141414,0.03519858850692776,625,Hmmph. Rookies...!
5472,3932,2,10,87,99,1.1414141414141414,0.04063528958247828,625,You one arm batters are a disgrace to the game!
5469,3932,3,8,88,99,1.1414141414141414,0.043097213630788105,625,Move up in the box
5361,3932,2,10,87,99,1.1414141414141414,0.04063528958247828,625,"Hey batter batter batter, don't swing batter batter."
5357,3932,1,12,86,99,1.1414141414141414,0.03801425648577054,625,"He’ll throw it again, but this time try hitting it, not him?"
5261,3932,2,10,87,99,1.1414141414141414,0.04063528958247828,625,"Forget this; wait till you see the Jaybirds' new uniforms."""
5183,3932,2,10,87,99,1.1414141414141414,0.04063528958247828,625,Does Paleo really work as well as steroids?
5156,3932,2,10,87,99,1.1414141414141414,0.04063528958247828,625,"You Barbarians really went all out on the uniforms, huh?"
5141,3932,1,12,86,99,1.1414141414141414,0.03801425648577054,625,It’s our Paleo uniform.
5119,3932,3,8,88,99,1.1414141414141414,0.043097213630788105,625,I play for the Washington DC Cavemen
4435,3932,0,14,85,99,1.1414141414141414,0.03519858850692776,625,Can I interest you in the tools of ignorance?
4486,3932,2,10,87,99,1.1414141414141414,0.04063528958247828,625,Purists...
4517,3932,1,12,86,99,1.1414141414141414,0.03801425648577054,625,"Sorry, it’s not Old Timer’s Day."
4598,3932,3,8,88,99,1.1414141414141414,0.043097213630788105,625,The paleo diet seems to be working!
4606,3932,2,10,87,99,1.1414141414141414,0.04063528958247828,625,Wow! I haven't seen a Dick Neanderthal model in years.
4684,3932,1,12,86,99,1.1414141414141414,0.03801425648577054,625,I'm just saying- maybe you've taken the playoff beard concept too far.
4354,3932,3,8,88,99,1.1414141414141414,0.043097213630788105,625,Vyou couldn't hit the broadside of a barn with that thingcouldn't hit the broadside of a barn with that thing
4694,3932,3,8,88,99,1.1414141414141414,0.043097213630788105,625,Didn't I see you in a Geico commercial?
4711,3932,1,12,86,99,1.1414141414141414,0.03801425648577054,625,"So, you're the new pinch hitter I've heard so much about."
4778,3932,1,12,86,99,1.1414141414141414,0.03801425648577054,625,Size queen...
4962,3932,1,12,86,99,1.1414141414141414,0.03801425648577054,625,I’m gonna hit a cave run.
4970,3932,2,10,87,99,1.1414141414141414,0.04063528958247828,625,Man! The guys out there are caveman!
5028,3932,3,8,88,99,1.1414141414141414,0.043097213630788105,625,"Listen Bam-Bam, this ain't Neander-ball"
5079,3932,3,8,88,99,1.1414141414141414,0.043097213630788105,625,"No, the Dead Ball Era came after the Mesozoic Era but before the Live Ball Era"
4710,3932,1,12,86,99,1.1414141414141414,0.03801425648577054,625,You still have a weak ball club.
2820,3932,2,10,87,99,1.1414141414141414,0.04063528958247828,625,I didn’t think The Neanderthals made it to post-season play.
3226,3932,0,14,85,99,1.1414141414141414,0.03519858850692776,625,"Throwback Night, and I'm sincerely glad to be on the Mets."
2732,3932,1,12,86,99,1.1414141414141414,0.03801425648577054,625,It’s an honor to play with a Major League club.
1240,3932,2,10,87,99,1.1414141414141414,0.04063528958247828,625,They said it was casual Friday.
1198,3932,1,12,86,99,1.1414141414141414,0.03801425648577054,625,You can't play without regulation shoes!
1008,3932,2,10,87,99,1.1414141414141414,0.04063528958247828,625,"Sorry, bud, we don't have an alley-oop play in baseball."
928,3932,2,10,87,99,1.1414141414141414,0.04063528958247828,625,I have no idea why my wife left me.
836,3932,3,8,88,99,1.1414141414141414,0.043097213630788105,625,You must be a power hitter.
783,3932,2,10,87,99,1.1414141414141414,0.04063528958247828,625,The clubhouse is behind the dugout.
755,3932,0,14,85,99,1.1414141414141414,0.03519858850692776,625,"So, I guess you’re batting cleanup?"
703,3932,0,14,85,99,1.1414141414141414,0.03519858850692776,625,Watch out -- he's throwing fire today!
674,3932,1,12,86,99,1.1414141414141414,0.03801425648577054,625,This isn't where I parked my car.
609,3932,1,12,86,99,1.1414141414141414,0.03801425648577054,625,Throwback uniforms are the worst
608,3932,3,8,88,99,1.1414141414141414,0.043097213630788105,625,Your team has really gone overboard on these retro uniforms!
531,3932,1,12,86,99,1.1414141414141414,0.03801425648577054,625,"No, the other kind of WAR"
500,3932,3,8,88,99,1.1414141414141414,0.043097213630788105,625,Still no pitch-clock?
499,3932,2,10,87,99,1.1414141414141414,0.04063528958247828,625,I thought the Mets retired that uniform the last time you won a world series?
455,3932,2,10,87,99,1.1414141414141414,0.04063528958247828,625,You have taken this Paleo diet thing way too far.
442,3932,3,8,88,99,1.1414141414141414,0.043097213630788105,625,"I'll give you a slugger, alright."
406,3932,0,14,85,99,1.1414141414141414,0.03519858850692776,625,We were thinking of a different kind of baseball club..
379,3932,1,12,86,99,1.1414141414141414,0.03801425648577054,625,"Well, look who was finally called up from the Paleolithic leagues."
206,3932,3,8,88,99,1.1414141414141414,0.043097213630788105,625,"Jeez, the Yankees really aren't leaving much talent to the other teams."
202,3932,2,10,87,99,1.1414141414141414,0.04063528958247828,625,"Chill:  When I called your manager a Neanderthal, I was just joking!"
162,3932,1,12,86,99,1.1414141414141414,0.03801425648577054,625,Let's see if you can hit a hairy knuckleball.
154,3932,0,14,85,99,1.1414141414141414,0.03519858850692776,625,I'll start a fire right here
136,3932,3,8,88,99,1.1414141414141414,0.043097213630788105,625,You part mammoth? Hair must be blocking eye.
135,3932,1,12,86,99,1.1414141414141414,0.03801425648577054,625,A bat out of hell?  Is that what you are afraid of?
94,3932,2,10,87,99,1.1414141414141414,0.04063528958247828,625,It wasn't a good idea for Johnny to explain to him that he's out after 3 strikes.
16,3932,1,12,86,99,1.1414141414141414,0.03801425648577054,625,Our GM is still using “Barterball” to put together the roster.
2753,3932,3,8,88,99,1.1414141414141414,0.043097213630788105,625,enough of these throwback uniforms !
1245,3932,1,12,86,99,1.1414141414141414,0.03801425648577054,625,"It's ""Old Timers Day"" at Yankee Stadium."
1252,3932,1,12,86,99,1.1414141414141414,0.03801425648577054,625,It'll take a mammoth effort now to win
466,3932,2,10,87,99,1.1414141414141414,0.04063528958247828,625,There's no squatting in baseball!
1321,3932,1,12,86,99,1.1414141414141414,0.03801425648577054,625,As long as it's not corked.
2713,3932,1,12,86,99,1.1414141414141414,0.03801425648577054,625,You sure that bat is regulation?
1313,3932,1,12,86,99,1.1414141414141414,0.03801425648577054,625,"Hey, how's it going, Ook? What did you have in mind today, fast ball? Slider? Curve? I'll order it right up for ya!"
2706,3932,1,12,86,99,1.1414141414141414,0.03801425648577054,625,Threw way back for the throwback uniforms huh?
2657,3932,1,12,86,99,1.1414141414141414,0.03801425648577054,625,So I hear you're a five primitive stone tool player.
2513,3932,1,12,86,99,1.1414141414141414,0.03801425648577054,625,Ball 4. OK.You may take our base.
2507,3932,3,8,88,99,1.1414141414141414,0.043097213630788105,625,What do you mean his high heat is like 'fire'?
2475,3932,3,8,88,99,1.1414141414141414,0.043097213630788105,625,If Steinbrenner was alive to see what happened to the Yankees...?!
2455,3932,2,10,87,99,1.1414141414141414,0.04063528958247828,625,"Tools of ignorance,right?"
2342,3932,3,8,88,99,1.1414141414141414,0.043097213630788105,625,Looks like pine tar on your pine tree.
2326,3932,1,12,86,99,1.1414141414141414,0.03801425648577054,625,Your slugging percentage doesn't go up just because you use a club.
2307,3932,2,10,87,99,1.1414141414141414,0.04063528958247828,625,Okay Ork. He knows the squeeze bunt's coming.
2268,3932,1,12,86,99,1.1414141414141414,0.03801425648577054,625,"Don’t start me with,’Who’s on first...who’s on second...’"
2217,3932,1,12,86,99,1.1414141414141414,0.03801425648577054,625,I thought you were more of an artsy type.
2374,3932,1,12,86,99,1.1414141414141414,0.03801425648577054,625,"No, Moog. That's not what's meant by a ball club."
1531,3932,1,12,86,99,1.1414141414141414,0.03801425648577054,625,Has that bat been tested for corking?
1444,3932,3,8,88,99,1.1414141414141414,0.043097213630788105,625,"Sure, you may have won the Home Run Contest, but Dude, this guy throws some serious junk!"
2046,3932,1,12,86,99,1.1414141414141414,0.03801425648577054,625,Is paleo working for you?
1989,3932,2,10,87,99,1.1414141414141414,0.04063528958247828,625,Throw-back Thursdays has gone too far.
1935,3932,3,8,88,99,1.1414141414141414,0.043097213630788105,625,I’ll bet your Sabermetrics are off the charts.
1933,3932,2,10,87,99,1.1414141414141414,0.04063528958247828,625,Forget your helmet?
1623,3932,2,10,87,99,1.1414141414141414,0.04063528958247828,625,"If we're playing by Lascaux rules, you've gotta at least lose the shin guards, bro."
1606,3932,1,12,86,99,1.1414141414141414,0.03801425648577054,625,How's that throw-back uniform day working for you?
1385,3932,4,6,89,99,1.1414141414141414,0.04542590545078555,625,You can definitely play! Everyone is welcome.
1511,3932,1,12,86,99,1.1414141414141414,0.03801425648577054,625,How about this? You cool it with the 'paleo-diet' jokes and I won't find out how that mask holds up against this bat?
1479,3932,1,12,86,99,1.1414141414141414,0.03801425648577054,625,"If that's not a throwback uniform, than you really are a hipster."
1474,3932,2,10,87,99,1.1414141414141414,0.04063528958247828,625,One more homer and this will be a 500 club.
3849,4058,0,13,83,96,1.1354166666666667,0.035105703998301666,625,"No batter, no batter, seriously, no batter!"
4283,4058,1,11,84,96,1.1354166666666667,0.03810129523822529,625,I won't need cleats.
3866,4058,2,9,85,96,1.1354166666666667,0.04087795181322621,625,"Don't even try reading my signs."""
3833,4058,1,11,84,96,1.1354166666666667,0.03810129523822529,625,"I knew doping was a thing, but didn't realize cryonomics was."
3809,4058,2,9,85,96,1.1354166666666667,0.04087795181322621,625,My pitcher's ERA is 2.19. What's yours?
3844,4058,1,11,84,96,1.1354166666666667,0.03810129523822529,625,Say that again.
3978,4058,1,11,84,96,1.1354166666666667,0.03810129523822529,625,So you just moved up from the Paleo League?
4231,4058,0,13,83,96,1.1354166666666667,0.035105703998301666,625,When do I bat you?
4057,4058,3,7,86,96,1.1354166666666667,0.043477640116023765,625,I think this is the beginning of a beautiful franchise for you and your sidekick Robin.
4166,4058,1,11,84,96,1.1354166666666667,0.03810129523822529,625,"You're supposed to knock the BALL out of the park, not the pitcher."
4177,4058,3,7,86,96,1.1354166666666667,0.043477640116023765,625,"What do you wearing, mister? Where is the cowhide I brought you?"
4309,4058,0,13,83,96,1.1354166666666667,0.035105703998301666,625,"If I told him to fire one over the plate, would you even understand?"
4276,4058,1,11,84,96,1.1354166666666667,0.03810129523822529,625,Really! That's your team's new outfit?
3731,4058,1,11,84,96,1.1354166666666667,0.03810129523822529,625,"One more way inside like that, and you'll get to join my club."
4314,4058,1,11,84,96,1.1354166666666667,0.03810129523822529,625,This is the best player they got?
4050,4058,2,9,85,96,1.1354166666666667,0.04087795181322621,625,"I guess you figured the bare feet took care of the ""walk softly"" part."
3684,4058,1,11,84,96,1.1354166666666667,0.03810129523822529,625,Give me some heat
3144,4058,0,13,83,96,1.1354166666666667,0.035105703998301666,625,"'Well, you know it's not corked."""
3631,4058,3,7,86,96,1.1354166666666667,0.043477640116023765,625,"Remember, you're hitting it OUT not DOWN!"
2959,4058,3,7,86,96,1.1354166666666667,0.043477640116023765,625,The first pitch better be a fastball down the middle or I'm going to knock you back to the Stone Age.
2943,4058,2,9,85,96,1.1354166666666667,0.04087795181322621,625,Is that one of those new Cretaceous Slugger bats?
4332,4058,2,9,85,96,1.1354166666666667,0.04087795181322621,625,"I forgot the sign for ""Wild Batter"""
3008,4058,2,9,85,96,1.1354166666666667,0.04087795181322621,625,Is this the clubbing scene?
3032,4058,0,13,83,96,1.1354166666666667,0.035105703998301666,625,Great. Knocked out in Jurassic Park.
3067,4058,3,7,86,96,1.1354166666666667,0.043477640116023765,625,Did that club keep the Yankees from making you shave and get a haircut?
3173,4058,2,9,85,96,1.1354166666666667,0.04087795181322621,625,When are you going to learn how to walk?
3203,4058,0,13,83,96,1.1354166666666667,0.035105703998301666,625,This where I go to kill ump?
3256,4058,1,11,84,96,1.1354166666666667,0.03810129523822529,625,You must be kidding. Is that pine tar on your jersey?
3286,4058,2,9,85,96,1.1354166666666667,0.04087795181322621,625,"I agree, uniforms hide the real you."
3293,4058,1,11,84,96,1.1354166666666667,0.03810129523822529,625,I'm afraid if you want to fight dinosaurs you need to talk to the rugby coach.
3306,4058,2,9,85,96,1.1354166666666667,0.04087795181322621,625,You look a little under dressed to play this game slugger.  Go to the locker room and get into uniform.
3337,4058,1,11,84,96,1.1354166666666667,0.03810129523822529,625,Wow Damon. You've really let yourself go.
3510,4058,0,13,83,96,1.1354166666666667,0.035105703998301666,625,I know big beards are in right now man but don't you think you're taking it too far with this caveman getup?
3513,4058,1,11,84,96,1.1354166666666667,0.03810129523822529,625,You catch three pound rocks
3634,4058,3,7,86,96,1.1354166666666667,0.043477640116023765,625,"Monkey, no catch!"
4395,4058,0,13,83,96,1.1354166666666667,0.035105703998301666,625,You know 2 fingers used to mean a curveball.
5330,4058,0,13,83,96,1.1354166666666667,0.035105703998301666,625,"Remember -if you are hit with the ball, don't hit me.__"
4471,4058,1,11,84,96,1.1354166666666667,0.03810129523822529,625,Supper at Mama Leone's tonight after the game?
5020,4058,1,11,84,96,1.1354166666666667,0.03810129523822529,625,Judge hit ball
5078,4058,0,13,83,96,1.1354166666666667,0.035105703998301666,625,Really try to hit it this time because my doctor said I need to avoid any more rocks to the face.
5112,4058,2,9,85,96,1.1354166666666667,0.04087795181322621,625,Any cork in that bone?
5147,4058,1,11,84,96,1.1354166666666667,0.03810129523822529,625,Swing before the ball gets to me!
5242,4058,1,11,84,96,1.1354166666666667,0.03810129523822529,625,Org know me not turtle?  He no think I am food because I am over plate?
5265,4058,1,11,84,96,1.1354166666666667,0.03810129523822529,625,"You're going to see a great curve ball, not a cave ball."
2857,4058,1,11,84,96,1.1354166666666667,0.03810129523822529,625,Ok.  But please don’t slide.
5015,4058,3,7,86,96,1.1354166666666667,0.043477640116023765,625,"From Tom Potter: ""Let's see what your back-to-basics approach can do in the big leagues.""

From Stephen West:  ""Dang! I forgot it was Classic Uniform Day.""

email: markellorhighwater@gmail.com
phone: 301 725 9378"
5348,4058,0,13,83,96,1.1354166666666667,0.035105703998301666,625,"Now, up at cudgel, Billy-Bob Cro-Magnon!"
5400,4058,1,11,84,96,1.1354166666666667,0.03810129523822529,625,I think you forgot your batting helmet.
5409,4058,0,13,83,96,1.1354166666666667,0.035105703998301666,625,"If it's over the plate, just swing. Simple."
5432,4058,1,11,84,96,1.1354166666666667,0.03810129523822529,625,I hate the early innings
5555,4058,1,11,84,96,1.1354166666666667,0.03810129523822529,625,I'm making up for my vegan phase.
5588,4058,2,9,85,96,1.1354166666666667,0.04087795181322621,625,"You've been moved up in the order, hub?"
5624,4058,2,9,85,96,1.1354166666666667,0.04087795181322621,625,I'll trade you a Babe Ruth and Ty Cobb for your card.
5625,4058,1,11,84,96,1.1354166666666667,0.03810129523822529,625,So you're the new guy with the ball club.
5384,4058,2,9,85,96,1.1354166666666667,0.04087795181322621,625,He’s gonna walk you to pitch to the Missing Link
4466,4058,2,9,85,96,1.1354166666666667,0.04087795181322621,625,If you hit a home rum make sure you don't flip that bat in my direction.
4973,4058,3,7,86,96,1.1354166666666667,0.043477640116023765,625,"Okay, but if they say you're using too much pine tar, don't bash me."
4946,4058,1,11,84,96,1.1354166666666667,0.03810129523822529,625,"Looks like 'roids are back in, huh?"
4500,4058,3,7,86,96,1.1354166666666667,0.043477640116023765,625,"This time, don’t throw your club at the pitcher. We only have two left."
4519,4058,3,7,86,96,1.1354166666666667,0.043477640116023765,625,Ug like fastball brontosaurus high.
4534,4058,0,13,83,96,1.1354166666666667,0.035105703998301666,625,"Actually, my mother IS a Neanderthal..."
4563,4058,2,9,85,96,1.1354166666666667,0.04087795181322621,625,"Yeah, budget cuts - but on the plus side we picked up more international pool money."
4616,4058,0,13,83,96,1.1354166666666667,0.035105703998301666,625,"You have to tell me every damn time...   ""No DH in the good old days."""
4665,4058,0,13,83,96,1.1354166666666667,0.035105703998301666,625,"No, “strike three” doesn’t mean you hit me three times!  You actually have to take that up with the Ump”"
4727,4058,3,7,86,96,1.1354166666666667,0.043477640116023765,625,Do your knees hurt from squatting?
4954,4058,1,11,84,96,1.1354166666666667,0.03810129523822529,625,Can we switch positions?  I mean in all aspects.
4738,4058,0,13,83,96,1.1354166666666667,0.035105703998301666,625,You ain't got no chance...his knucklerock ia a killer.
4759,4058,2,9,85,96,1.1354166666666667,0.04087795181322621,625,One Cave Run pitch...coming Up!!!
4838,4058,2,9,85,96,1.1354166666666667,0.04087795181322621,625,"Sorry, didn't mean to ice you for that long."
4853,4058,1,11,84,96,1.1354166666666667,0.03810129523822529,625,These new rookies play ball like a bunch of Neanderthals.
4889,4058,1,11,84,96,1.1354166666666667,0.03810129523822529,625,"Great, another ""throwback"" jersey day."
4916,4058,1,11,84,96,1.1354166666666667,0.03810129523822529,625,"Yeah,I go free agent in 25,000 years."
4931,4058,2,9,85,96,1.1354166666666667,0.04087795181322621,625,Nothing like the Flintstones-Yankees game.
4942,4058,1,11,84,96,1.1354166666666667,0.03810129523822529,625,"Look, I'm tired explaining the rules, figure them out yourself."
4743,4058,2,9,85,96,1.1354166666666667,0.04087795181322621,625,Catch her? You'll never catch her like that!
2840,4058,1,11,84,96,1.1354166666666667,0.03810129523822529,625,Go back to your cave and get a batting helmet
2093,4058,2,9,85,96,1.1354166666666667,0.04087795181322621,625,What is it you don't understand --home or plate?
2643,4058,1,11,84,96,1.1354166666666667,0.03810129523822529,625,Don't you like these throwback games?
1310,4058,0,13,83,96,1.1354166666666667,0.035105703998301666,625,I gather you are a power hitter
1268,4058,2,9,85,96,1.1354166666666667,0.04087795181322621,625,"Let me warn you, this pitcher has been known to throw a bean ball that'll knock you back to the Stone Age."
1203,4058,2,9,85,96,1.1354166666666667,0.04087795181322621,625,You swing like your life depends on it.
1162,4058,1,11,84,96,1.1354166666666667,0.03810129523822529,625,I've been waiting for beards to come back.
1157,4058,1,11,84,96,1.1354166666666667,0.03810129523822529,625,Just say’n - your insurance rates might go down if you at least wore a cup.
1133,4058,0,13,83,96,1.1354166666666667,0.035105703998301666,625,Did you eat the umpire?
1047,4058,1,11,84,96,1.1354166666666667,0.03810129523822529,625,I hope you had that weighed first.
998,4058,1,11,84,96,1.1354166666666667,0.03810129523822529,625,"The bat’s OK, but you have to put on a uniform.”"
950,4058,2,9,85,96,1.1354166666666667,0.04087795181322621,625,Aren't you the mascot for the Nashville Neanderthals?
929,4058,2,9,85,96,1.1354166666666667,0.04087795181322621,625,This time I'd appreciate it if you'd swing at the ball and not my head.
810,4058,2,9,85,96,1.1354166666666667,0.04087795181322621,625,Picture the ball as the personification of your life angst at being down in the count 0-2.
808,4058,2,9,85,96,1.1354166666666667,0.04087795181322621,625,"Head's up pal,this is a lot harder than Geico."
772,4058,2,9,85,96,1.1354166666666667,0.04087795181322621,625,"What's your problem, baseball is stuck in the stone ages."
753,4058,3,7,86,96,1.1354166666666667,0.043477640116023765,625,"Gee, and I thought our throwback uniforms were bad."
1324,4058,1,11,84,96,1.1354166666666667,0.03810129523822529,625,We don't use it for something as silly as food anymore.
720,4058,2,9,85,96,1.1354166666666667,0.04087795181322621,625,Swing away. No missing links out there.
656,4058,2,9,85,96,1.1354166666666667,0.04087795181322621,625,You can't keep fighting it. Analytics are here to stay.
640,4058,2,9,85,96,1.1354166666666667,0.04087795181322621,625,Last week we had the Genghis Khans here. We surrendered three times to avoid death by torture. Playing  AA ball blows.
470,4058,1,11,84,96,1.1354166666666667,0.03810129523822529,625,"No kidding?  I used to play for the Carrollton Cavemen, too."
468,4058,1,11,84,96,1.1354166666666667,0.03810129523822529,625,"I'm sorry. Bring your own Woolly Mammoth bat was last week."""
456,4058,2,9,85,96,1.1354166666666667,0.04087795181322621,625,"So, have you read Moneyball?"
445,4058,0,13,83,96,1.1354166666666667,0.035105703998301666,625,They say that baseball's the game you can play no matter how old you are.
439,4058,3,7,86,96,1.1354166666666667,0.043477640116023765,625,"When you're a caveman you swing a big club....it's what you do.  When you need auto insurance,you call Geico....it's what you do."
437,4058,2,9,85,96,1.1354166666666667,0.04087795181322621,625,"Sorry Bruno, dinosaur bats aren’t allowed."
408,4058,1,11,84,96,1.1354166666666667,0.03810129523822529,625,Were you frozen in the Paleolithic or the steroids era?
381,4058,1,11,84,96,1.1354166666666667,0.03810129523822529,625,"So, ya finally up from the farm?"
309,4058,1,11,84,96,1.1354166666666667,0.03810129523822529,625,"Rock, paper or scissors?"
226,4058,2,9,85,96,1.1354166666666667,0.04087795181322621,625,"You be good, you give back."
98,4058,2,9,85,96,1.1354166666666667,0.04087795181322621,625,"You need some head gear, this pitcher really throws a rock."
45,4058,1,11,84,96,1.1354166666666667,0.03810129523822529,625,"""Just how long have you been with the Club?"
2694,4058,1,11,84,96,1.1354166666666667,0.03810129523822529,625,Are you another one of those vintage base ball players?
1329,4058,1,11,84,96,1.1354166666666667,0.03810129523822529,625,I hate throwback uniform day
702,4058,2,9,85,96,1.1354166666666667,0.04087795181322621,625,"Is that the knee you’re taking, or are you just happy to see me?"
1435,4058,2,9,85,96,1.1354166666666667,0.04087795181322621,625,Eyes on the ball!
1411,4058,2,9,85,96,1.1354166666666667,0.04087795181322621,625,Maybe you've spent too much time in your man cave...
2555,4058,1,11,84,96,1.1354166666666667,0.03810129523822529,625,Next at bat... BAM BAMBINO
2519,4058,1,11,84,96,1.1354166666666667,0.03810129523822529,625,"Hey, that's not a regulation bat, buddy!"
2494,4058,2,9,85,96,1.1354166666666667,0.04087795181322621,625,"The Yankees are paying me 
40 million shiny rocks a year"
2426,4058,1,11,84,96,1.1354166666666667,0.03810129523822529,625,I assume you didn't come from the farm team.
2411,4058,3,7,86,96,1.1354166666666667,0.043477640116023765,625,Are you a member of the club?
2396,4058,1,11,84,96,1.1354166666666667,0.03810129523822529,625,Exactly how long were in the minor leagues before they finally called you up?
2387,4058,1,11,84,96,1.1354166666666667,0.03810129523822529,625,"I promise, I won't hurt you!"
2335,4058,1,11,84,96,1.1354166666666667,0.03810129523822529,625,"Thankfully,I'm out of the strike zone."
2298,4058,2,9,85,96,1.1354166666666667,0.04087795181322621,625,"Your team is taking this whole “throwback” thing a little too far, aren’t they?"
2236,4058,2,9,85,96,1.1354166666666667,0.04087795181322621,625,Stop looking at me like that! I told you I'm not an Ankylosaurus!
2194,4058,0,13,83,96,1.1354166666666667,0.035105703998301666,625,"OK slugger, slam it back to the Pleistocene."
2111,4058,1,11,84,96,1.1354166666666667,0.03810129523822529,625,You need to wear pants . . . unwritten rule.
2058,4058,2,9,85,96,1.1354166666666667,0.04087795181322621,625,His batting average has actually improved since he went Paleo.
1947,4058,2,9,85,96,1.1354166666666667,0.04087795181322621,625,Didn't I see you at last year's Old Timers' game?
2451,4058,3,7,86,96,1.1354166666666667,0.043477640116023765,625,You guys must have an awesome clubhouse!
1902,4058,1,11,84,96,1.1354166666666667,0.03810129523822529,625,Go ahead. Clobber it.
1944,4058,2,9,85,96,1.1354166666666667,0.04087795181322621,625,Aren't you a little old for a rookie?
1436,4058,1,11,84,96,1.1354166666666667,0.03810129523822529,625,Spicy nachos.
1449,4058,2,9,85,96,1.1354166666666667,0.04087795181322621,625,Designated hitter from Jeraicic Age uses Trex Femur
1584,4058,0,13,83,96,1.1354166666666667,0.035105703998301666,625,Um. Certain rules have been updated since your were last here.
1646,4058,0,13,83,96,1.1354166666666667,0.035105703998301666,625,Is that your throwback uniform?
1672,4058,1,11,84,96,1.1354166666666667,0.03810129523822529,625,Which Hemsworth are you?
1513,4058,0,13,83,96,1.1354166666666667,0.035105703998301666,625,Okay...but we're using a smaller ball.
1873,4058,2,9,85,96,1.1354166666666667,0.04087795181322621,625,Where's your hat?
1746,4058,1,11,84,96,1.1354166666666667,0.03810129523822529,625,Just give me an extra second to duck
1751,4058,0,13,83,96,1.1354166666666667,0.035105703998301666,625,I guess you don't need pine tar for that bat.
1784,4058,1,11,84,96,1.1354166666666667,0.03810129523822529,625,"Hey, clubber clubber clubber clubber. Sa-wing clubber!"
1819,4058,1,11,84,96,1.1354166666666667,0.03810129523822529,625,"Sorry, wrong stadium. The Trump League plays across town."
1697,4058,2,9,85,96,1.1354166666666667,0.04087795181322621,625,You got any naked pictures of your brontosaurus?  Want to see some?
1892,4058,1,11,84,96,1.1354166666666667,0.03810129523822529,625,Wr’re going to have to expand the strike zone.
744,4201,1,11,85,97,1.134020618556701,0.03773228738143943,625,"Sorry, buddy - cricket tryouts are next door."
1104,4201,2,9,86,97,1.134020618556701,0.04047841577109879,625,Watch out for the Neanderball
2354,4201,2,9,86,97,1.134020618556701,0.04047841577109879,625,"So, you're big on the paleo thing."
3501,4201,1,11,85,97,1.134020618556701,0.03773228738143943,625,Abner Doubleday!  What are you doing here?!
4012,4201,1,11,85,97,1.134020618556701,0.03773228738143943,625,I'm a heavy hitter.
429,4201,3,7,87,97,1.134020618556701,0.043049724454871305,625,"This is an agricultural pastime, pal."
5275,4201,1,11,85,97,1.134020618556701,0.03773228738143943,625,"Hey, Paleo Man, got any hot dogs?"
5506,4201,0,13,84,97,1.134020618556701,0.03476994217327846,625,"Yeah, yeah—next you're going to tell you just came out of the bat-cave."
623,4201,3,7,87,97,1.134020618556701,0.043049724454871305,625,You don't have any protective gear? We sent away the umpire to limit co-lateral damage.
4333,4201,2,9,86,97,1.134020618556701,0.04047841577109879,625,It's not true that the game is always devolving.
3762,4211,3,7,88,98,1.1326530612244898,0.04263011814278531,625,Our new uniforms are woolly mammoth. They're supposed to breathe better.
1642,4212,2,8,82,92,1.1304347826086956,0.041523171204257234,625,I like the throw-back uni.
3708,4212,0,12,80,92,1.1304347826086956,0.035304258388745666,625,"Sorry,aluminum bats only in this league."
4772,4212,0,12,80,92,1.1304347826086956,0.035304258388745666,625,Is this your first Old Timers game?
3309,4212,0,12,80,92,1.1304347826086956,0.035304258388745666,625,Glad you showed up for old-timers day
4585,4212,2,8,82,92,1.1304347826086956,0.041523171204257234,625,"Hey, rookie. They say you're a 5 tool ball player. Too bad none of your ""tools"" involve baseball."
3752,4217,3,6,84,93,1.1290322580645162,0.04384992482710654,625,I want to bring the game back to its basic element.'
3737,4217,2,8,83,93,1.1290322580645162,0.04109819724326491,625,Ball? do I bash the catch or the umpire?
3725,4217,2,8,83,93,1.1290322580645162,0.04109819724326491,625,"Both Ted's (Roosevelt & Williams)
Said walk softly and carry a big stick so here I am!"
3712,4217,0,12,81,93,1.1290322580645162,0.03495073154102977,625,"It wasn't an ethnic slur, I said, ""Stay out of the CAGE, not CAVE!"""
3696,4217,2,8,83,93,1.1290322580645162,0.04109819724326491,625,You're going to need that big bat. Trump is on the mound today and he throws a wicked screwball.
3655,4217,0,12,81,93,1.1290322580645162,0.03495073154102977,625,And people say the Yankees is an old boy's club
3596,4217,3,6,84,93,1.1290322580645162,0.04384992482710654,625,"Get up buddy, it's Homo erectus time."
3588,4217,1,10,82,93,1.1290322580645162,0.03814849572328797,625,"Called up from the Neolithic League, Aye?"
3709,4217,1,10,82,93,1.1290322580645162,0.03814849572328797,625,Let's see if he's ready to discover fire.
3916,4217,1,10,82,93,1.1290322580645162,0.03814849572328797,625,"It’s one,two, three clubs you’re out!"
4109,4217,2,8,83,93,1.1290322580645162,0.04109819724326491,625,"Listen, I'm just happy our team didn't make us wear ""Turn Back the Clock,"" jerseys from the Garden of Eden."
4103,4217,1,10,82,93,1.1290322580645162,0.03814849572328797,625,Has anyone every mentioned to you how softly you walk?
4069,4217,0,12,81,93,1.1290322580645162,0.03495073154102977,625,"Babe, What?"
4022,4217,0,12,81,93,1.1290322580645162,0.03495073154102977,625,Great look. Who's your beardsmith?
4000,4217,2,8,83,93,1.1290322580645162,0.04109819724326491,625,"Wow, it wasn't a type-o on the schedule. You fellas really are The Clubs."
3961,4217,1,10,82,93,1.1290322580645162,0.03814849572328797,625,"Well, you certainly look Robust, but I really think I should compliment you on your Erect posture."
3783,4217,1,10,82,93,1.1290322580645162,0.03814849572328797,625,Don’t tell me we go back to all fours.
3559,4217,2,8,83,93,1.1290322580645162,0.04109819724326491,625,You obviously didn't get the email blast. Luddites rescheduled to play next week.
3940,4217,0,12,81,93,1.1290322580645162,0.03495073154102977,625,It's about time they brought the designated caveman to the National League.
3765,4217,2,8,83,93,1.1290322580645162,0.04109819724326491,625,Tough break Mike. I heard they're sending you back to the Pleistocene League.
3768,4217,2,8,83,93,1.1290322580645162,0.04109819724326491,625,Clan of Cave Bear in last place.
3519,4217,2,8,83,93,1.1290322580645162,0.04109819724326491,625,It's my baseball club...
3052,4217,2,8,83,93,1.1290322580645162,0.04109819724326491,625,"Fast Ball to the head, and don't miss!"
3402,4217,1,10,82,93,1.1290322580645162,0.03814849572328797,625,How long have you been with your club?
3025,4217,1,10,82,93,1.1290322580645162,0.03814849572328797,625,"Whaddya mean ""new club rules""?"
3063,4217,1,10,82,93,1.1290322580645162,0.03814849572328797,625,But We've Always Done It This Way
3015,4217,2,8,83,93,1.1290322580645162,0.04109819724326491,625,"Now up for the Rubble-A, Bedrock No Sox..."
2984,4217,2,8,83,93,1.1290322580645162,0.04109819724326491,625,Got the look of a mammoth hitter.
2867,4217,1,10,82,93,1.1290322580645162,0.03814849572328797,625,"Are you going to step up to the plate this epoch, or are you petrified?"
2798,4217,0,12,81,93,1.1290322580645162,0.03495073154102977,625,"Paleo is a diet plan, not a uniform style."
3084,4217,2,8,83,93,1.1290322580645162,0.04109819724326491,625,Are you the guy they called up from the Paleolithic  League?
4122,4217,0,12,81,93,1.1290322580645162,0.03495073154102977,625,Lucky you. I gotta wear nylon.
3094,4217,2,8,83,93,1.1290322580645162,0.04109819724326491,625,You just got called up from triple A Neanderthal?
3099,4217,0,12,81,93,1.1290322580645162,0.03495073154102977,625,Paleo has been real good to my batting average
3122,4217,1,10,82,93,1.1290322580645162,0.03814849572328797,625,"If you'll promise to bunt, I'll promise to throw the ball into right field."
3130,4217,2,8,83,93,1.1290322580645162,0.04109819724326491,625,Player  named from an earlier date?
3162,4217,2,8,83,93,1.1290322580645162,0.04109819724326491,625,"Before the Yankees and the Red Sox, this was the original baseball club."
3182,4217,0,12,81,93,1.1290322580645162,0.03495073154102977,625,no place like home
3198,4217,1,10,82,93,1.1290322580645162,0.03814849572328797,625,"Designated hitter bad for purity of game, but Thog hits when told."
3230,4217,1,10,82,93,1.1290322580645162,0.03814849572328797,625,"Sorry bud, you struck out 10,000 years ago."
3233,4217,2,8,83,93,1.1290322580645162,0.04109819724326491,625,They were all yelling ‘kill the umpire’.
3245,4217,0,12,81,93,1.1290322580645162,0.03495073154102977,625,"New Jersey Neanderthals? Whatever, you still have to wear proper cleats."
3268,4217,1,10,82,93,1.1290322580645162,0.03814849572328797,625,Home run or strike out. You're the true face of baseball today.
3279,4217,2,8,83,93,1.1290322580645162,0.04109819724326491,625,It’s 2018!  You must have overslept!
3401,4217,3,6,84,93,1.1290322580645162,0.04384992482710654,625,I hit to all fields.
3405,4217,2,8,83,93,1.1290322580645162,0.04109819724326491,625,"I AM THE CAPTAIN OF THE CAVEMAN TEAM. 
WHERE ARE THE ROCKS?"
4133,4217,1,10,82,93,1.1290322580645162,0.03814849572328797,625,Do think a new bat will help my batting average?
845,4217,2,8,83,93,1.1290322580645162,0.04109819724326491,625,I woke up on the wrong side of the bed.
4180,4217,2,8,83,93,1.1290322580645162,0.04109819724326491,625,Throw the rock
4933,4217,1,10,82,93,1.1290322580645162,0.03814849572328797,625,I hate the new DH rules.
5058,4217,1,10,82,93,1.1290322580645162,0.03814849572328797,625,We  made some progress after  the  Yankees forced the  salary cap.
5095,4217,2,8,83,93,1.1290322580645162,0.04109819724326491,625,Nah. We cut it to 154 in favor of one more playoff round—long time ago.
5140,4217,1,10,82,93,1.1290322580645162,0.03814849572328797,625,I'm gonna put you outta business.
5171,4217,1,10,82,93,1.1290322580645162,0.03814849572328797,625,"Yea, well bigger bat, bigger fence."
5200,4217,2,8,83,93,1.1290322580645162,0.04109819724326491,625,Watch the backswing
5248,4217,3,6,84,93,1.1290322580645162,0.04384992482710654,625,Is that the best evolution can do for the game?
5334,4217,0,12,81,93,1.1290322580645162,0.03495073154102977,625,I suggest not sliding.
5346,4217,2,8,83,93,1.1290322580645162,0.04109819724326491,625,"Lefty doesn't walk many batters, ya know."
4833,4217,0,12,81,93,1.1290322580645162,0.03495073154102977,625,"Hi, I assume you are joining the Club."
5358,4217,2,8,83,93,1.1290322580645162,0.04109819724326491,625,Look who just got called up from the Paleo League.
5438,4217,1,10,82,93,1.1290322580645162,0.03814849572328797,625,Move over Rookie
5451,4217,0,12,81,93,1.1290322580645162,0.03495073154102977,625,Been in the minors a long time?
2762,4217,1,10,82,93,1.1290322580645162,0.03814849572328797,625,I see you missed Primal Scream Therapy at practice again.
5454,4217,3,6,84,93,1.1290322580645162,0.04384992482710654,625,These throwback jerseys have really gotten out of control
5504,4217,0,12,81,93,1.1290322580645162,0.03495073154102977,625,You would think with your batting average you'd at least have a shoe contract.
5531,4217,2,8,83,93,1.1290322580645162,0.04109819724326491,625,We’ve done the Sabre-metrics on you.
5606,4217,0,12,81,93,1.1290322580645162,0.03495073154102977,625,Is that an Olduvai Slugger?
5647,4217,1,10,82,93,1.1290322580645162,0.03814849572328797,625,I don't know what game you are playing.
5652,4217,1,10,82,93,1.1290322580645162,0.03814849572328797,625,Snappy uniform. Where can I get one like it?
5433,4217,1,10,82,93,1.1290322580645162,0.03814849572328797,625,You know if the Yankees trade for you you're gonna have to clean up your act a bit.
4827,4217,0,12,81,93,1.1290322580645162,0.03495073154102977,625,"Better watch out, Thog.  Our pitcher has a helluva curve rock."
4799,4217,2,8,83,93,1.1290322580645162,0.04109819724326491,625,"Gee, thanks!  I will indeed join you in the clubhouse after the game."
4756,4217,2,8,83,93,1.1290322580645162,0.04109819724326491,625,Are you evolved enough for this?
4234,4217,1,10,82,93,1.1290322580645162,0.03814849572328797,625,"Some bat ya got there, pal, but I don’t think it’s regulation."
4261,4217,2,8,83,93,1.1290322580645162,0.04109819724326491,625,Whoa.  You need to do a deodorant commercial Cro-Man
4263,4217,2,8,83,93,1.1290322580645162,0.04109819724326491,625,You must be the player to be named later.
4271,4217,1,10,82,93,1.1290322580645162,0.03814849572328797,625,"...and Heather goes, like, ‘Do your zits glow in the dark?’"
4313,4217,0,12,81,93,1.1290322580645162,0.03495073154102977,625,I bet you salary I can hit ball.
4337,4217,2,8,83,93,1.1290322580645162,0.04109819724326491,625,Full count. That means ‘| | |’ and ‘| |’.
4338,4217,2,8,83,93,1.1290322580645162,0.04109819724326491,625,"But why me?""
""I guess because the light was on..."
4372,4217,1,10,82,93,1.1290322580645162,0.03814849572328797,625,"Good luck, Thag, my guy has the eye of the Ilyaxtertheosarus tonight."
4386,4217,1,10,82,93,1.1290322580645162,0.03814849572328797,625,You Rockies have real authentic throwbacks this year!
4401,4217,3,6,84,93,1.1290322580645162,0.04384992482710654,625,I’m guessing you went to college at Prinstone or Shale.
4415,4217,0,12,81,93,1.1290322580645162,0.03495073154102977,625,"Things are a little different now.  You can try to knock the skin off the ball, but not the pitcher."
4444,4217,1,10,82,93,1.1290322580645162,0.03814849572328797,625,"No, it's not throwback Thursday."
4499,4217,1,10,82,93,1.1290322580645162,0.03814849572328797,625,"Don't you recognize me, I am the new Batman, it's me Donald."
4524,4217,3,6,84,93,1.1290322580645162,0.04384992482710654,625,I hate playing in Boston on Fan Appreciation Day
4565,4217,1,10,82,93,1.1290322580645162,0.03814849572328797,625,It’s not my national pastime.
4615,4217,1,10,82,93,1.1290322580645162,0.03814849572328797,625,Paleo league call-up?
4628,4217,0,12,81,93,1.1290322580645162,0.03495073154102977,625,"Don't blame me, skipper's gone old-school."
4638,4217,2,8,83,93,1.1290322580645162,0.04109819724326491,625,Dugout - Cave_Cubs - Clubs_All I want to know is your bat illegally corked?
4646,4217,3,6,84,93,1.1290322580645162,0.04384992482710654,625,Who do you think invented baseball? Abner Doublerock.
4686,4217,2,8,83,93,1.1290322580645162,0.04109819724326491,625,I was just called up from the Jurassic League!
4737,4217,1,10,82,93,1.1290322580645162,0.03814849572328797,625,"Sure, I'm the 'unevolved' one for doping the bat instead."
4150,4217,2,8,83,93,1.1290322580645162,0.04109819724326491,625,You should really cut down on those anabolic steroids!
2747,4217,1,10,82,93,1.1290322580645162,0.03814849572328797,625,I'm going to hammer this Pitcher out of the park...and your next.
503,4217,1,10,82,93,1.1290322580645162,0.03814849572328797,625,Tar pit bats are illegal.
2720,4217,3,6,84,93,1.1290322580645162,0.04384992482710654,625,"I wanted a changeup, not a makeover."
682,4217,3,6,84,93,1.1290322580645162,0.04384992482710654,625,"We've taken the ""throwback jerseys"" too far."
683,4217,1,10,82,93,1.1290322580645162,0.03814849572328797,625,Are you fitting in? With that beard you're perfect.
701,4217,2,8,83,93,1.1290322580645162,0.04109819724326491,625,You're out of the box.
756,4217,2,8,83,93,1.1290322580645162,0.04109819724326491,625,I guess you didn't hear that big barrels are verboten in this tournament.
777,4217,1,10,82,93,1.1290322580645162,0.03814849572328797,625,These throwback nights are getting out of hand.
811,4217,1,10,82,93,1.1290322580645162,0.03814849572328797,625,Watch out this one requires a wide swing.
877,4217,1,10,82,93,1.1290322580645162,0.03814849572328797,625,"I don't mind your team's weird uniforms, but has that bat been checked for pine tar?"
912,4217,1,10,82,93,1.1290322580645162,0.03814849572328797,625,"Splitter high and inside, eh! I plan to walk upright to first!"
913,4217,2,8,83,93,1.1290322580645162,0.04109819724326491,625,"I knew the Mets farm system was thin, but this is ridiculous."
939,4217,0,12,81,93,1.1290322580645162,0.03495073154102977,625,Ogg take your man's ERA  to paleolithic.
945,4217,0,12,81,93,1.1290322580645162,0.03495073154102977,625,Is that a retro uniform?
989,4217,1,10,82,93,1.1290322580645162,0.03814849572328797,625,Welcome back Mr. Bench.
996,4217,1,10,82,93,1.1290322580645162,0.03814849572328797,625,Gonna need a bigger plate.
1098,4217,4,4,85,93,1.1290322580645162,0.046438884547752454,625,"Hi Mike
I haven’t seen you in ages."
1116,4217,1,10,82,93,1.1290322580645162,0.03814849572328797,625,Good to see you again Damon!
1159,4217,1,10,82,93,1.1290322580645162,0.03814849572328797,625,In the Old Days it was 4 strikes and you were out.
1190,4217,2,8,83,93,1.1290322580645162,0.04109819724326491,625,Can you speak up?
591,4217,2,8,83,93,1.1290322580645162,0.04109819724326491,625,"Green monsters are your thing, right?"
1193,4217,2,8,83,93,1.1290322580645162,0.04109819724326491,625,Will you wear that same throwback jersey when confirmed for a Supreme Court judgeship?
562,4217,1,10,82,93,1.1290322580645162,0.03814849572328797,625,Let me guess. You still think RBIs are a telling stat?
523,4217,1,10,82,93,1.1290322580645162,0.03814849572328797,625,I hate classic uniform day
52,4217,2,8,83,93,1.1290322580645162,0.04109819724326491,625,Let's just say my ERA has long since past.
62,4217,1,10,82,93,1.1290322580645162,0.03814849572328797,625,Try not to be nervous. Picture rhem all naked.
101,4217,1,10,82,93,1.1290322580645162,0.03814849572328797,625,Your mom still dating dinosaurs?
157,4217,0,12,81,93,1.1290322580645162,0.03495073154102977,625,Homer.
181,4217,1,10,82,93,1.1290322580645162,0.03814849572328797,625,Football Practice is one field over
214,4217,1,10,82,93,1.1290322580645162,0.03814849572328797,625,I spit at the Green Monster.
220,4217,2,8,83,93,1.1290322580645162,0.04109819724326491,625,"I heard of throwback Thursday, but this is ridiculous!"
250,4217,2,8,83,93,1.1290322580645162,0.04109819724326491,625,"Exhibition season's over, Pal."
270,4217,2,8,83,93,1.1290322580645162,0.04109819724326491,625,You really let yourself go over the All Star Break huh
306,4217,1,10,82,93,1.1290322580645162,0.03814849572328797,625,"Me Despondent Homosapien."""
326,4217,1,10,82,93,1.1290322580645162,0.03814849572328797,625,"Perhaps you're thinking of a different ""old ball game."""
340,4217,2,8,83,93,1.1290322580645162,0.04109819724326491,625,Did anyone check his bat for a cork?
347,4217,1,10,82,93,1.1290322580645162,0.03814849572328797,625,Bring in your corners -- this club is so heavy all I can do is bunt.
367,4217,1,10,82,93,1.1290322580645162,0.03814849572328797,625,"""Your kidding!   A blast from the past ain't happening."""
398,4217,1,10,82,93,1.1290322580645162,0.03814849572328797,625,"Does it look like I lost a bet to you, Charlie?"
423,4217,2,8,83,93,1.1290322580645162,0.04109819724326491,625,you might want to reconsider that signal to the picture.
506,4217,3,6,84,93,1.1290322580645162,0.04384992482710654,625,Petrified wood?  Petrified me!
524,4217,0,12,81,93,1.1290322580645162,0.03495073154102977,625,No rocks and stones just balls and strikes.
1232,4217,1,10,82,93,1.1290322580645162,0.03814849572328797,625,"Right: How can I trump this?
Left: In a million years."
717,4217,1,10,82,93,1.1290322580645162,0.03814849572328797,625,Contestant on Let's Make a Deal?
1277,4217,0,12,81,93,1.1290322580645162,0.03495073154102977,625,You must be the new guy from the Club Team.
2094,4217,4,4,85,93,1.1290322580645162,0.046438884547752454,625,Who said we play like a Neanderthals?
2123,4217,0,12,81,93,1.1290322580645162,0.03495073154102977,625,"Going for the ""Retro"" look with the new uniforms, eh?"
2138,4217,1,10,82,93,1.1290322580645162,0.03814849572328797,625,"No worry, Thag not cork bat."
2145,4217,0,12,81,93,1.1290322580645162,0.03495073154102977,625,Three strikes and you're out.
2162,4217,1,10,82,93,1.1290322580645162,0.03814849572328797,625,The  AL really has no shame—a designated Neanderthal???
2220,4217,1,10,82,93,1.1290322580645162,0.03814849572328797,625,Finally made it to the live ball era?
2222,4217,1,10,82,93,1.1290322580645162,0.03814849572328797,625,I've been on the DL for eons!
2267,4217,0,12,81,93,1.1290322580645162,0.03495073154102977,625,"Hey man, this is the majors, not a club sport."
2323,4217,2,8,83,93,1.1290322580645162,0.04109819724326491,625,Ugg! Ugg ugg uggg. Ugg?
2360,4217,1,10,82,93,1.1290322580645162,0.03814849572328797,625,The de-evolution of man.
2429,4217,2,8,83,93,1.1290322580645162,0.04109819724326491,625,"When I saw we were playing ""The Cavemen"" today, I thought it was a team name. No wonder the scouting report was lacking."
2450,4217,2,8,83,93,1.1290322580645162,0.04109819724326491,625,Oh good! I hate running down bunts.
1236,4217,2,8,83,93,1.1290322580645162,0.04109819724326491,625,Saber Tooth Metrics.. its killing our sport...
2481,4217,0,12,81,93,1.1290322580645162,0.03495073154102977,625,Exactly how long did you say you spent in the minor leagues?
2484,4217,1,10,82,93,1.1290322580645162,0.03814849572328797,625,"He better be good, I’m used to hitting meteorites."
2696,4217,0,12,81,93,1.1290322580645162,0.03495073154102977,625,My nutritionist suggested going Paleo.
2700,4217,1,10,82,93,1.1290322580645162,0.03814849572328797,625,Take me to your leader
2701,4217,1,10,82,93,1.1290322580645162,0.03814849572328797,625,I would suggest a bunt.
2715,4217,2,8,83,93,1.1290322580645162,0.04109819724326491,625,Those old school uniforms are totally pterodactyl
2067,4217,0,12,81,93,1.1290322580645162,0.03495073154102977,625,I went paleo to prepare for this win.
1969,4217,0,12,81,93,1.1290322580645162,0.03495073154102977,625,They'll probably outlaw your bat. but it's worth a try--you never know.
2474,4217,2,8,83,93,1.1290322580645162,0.04109819724326491,625,Batterer up!
1948,4217,3,6,84,93,1.1290322580645162,0.04384992482710654,625,I’m up from the Neanderthal  League.
1348,4217,1,10,82,93,1.1290322580645162,0.03814849572328797,625,The diet worked so well I'm going totally Paleo.
1374,4217,1,10,82,93,1.1290322580645162,0.03814849572328797,625,Is this the new retro-style uniform?
1382,4217,3,6,84,93,1.1290322580645162,0.04384992482710654,625,Our pitching staff is mostly creationists so you'll probably see a lot of forkballs.
1383,4217,1,10,82,93,1.1290322580645162,0.03814849572328797,625,Tap your foot. Tap it again. Tap it again. You're out.
1421,4217,1,10,82,93,1.1290322580645162,0.03814849572328797,625,"I’m telling you, this next hit will be prehistoric!"
1483,4217,2,8,83,93,1.1290322580645162,0.04109819724326491,625,"Don't tell me, you're trying Paleo..."
1581,4217,1,10,82,93,1.1290322580645162,0.03814849572328797,625,Grasping the concept of 'home plate' may take some time.
1637,4217,1,10,82,93,1.1290322580645162,0.03814849572328797,625,"Up to bat, wearing a throwback jersey..."
1661,4217,2,8,83,93,1.1290322580645162,0.04109819724326491,625,No cleats. No play.
2740,4217,2,8,83,93,1.1290322580645162,0.04109819724326491,625,I see that the Paleo diet you're on is really working.
1457,4217,1,10,82,93,1.1290322580645162,0.03814849572328797,625,You're not going to throw off the analytics with this old school crap!
1783,4217,1,10,82,93,1.1290322580645162,0.03814849572328797,625,"All I'm saying is I think they have taken this 'throw back' trend a little too far."""
1839,4217,1,10,82,93,1.1290322580645162,0.03814849572328797,625,"The Babe used a bigger bat than that, you wussie!"
1858,4217,2,8,83,93,1.1290322580645162,0.04109819724326491,625,Do say you Vozzo NOT could park Pence in cheap seats from here
1927,4217,1,10,82,93,1.1290322580645162,0.03814849572328797,625,"I am the clean up hitter.  Me speak softly, carry a big stick and hit 
the ball far"
1940,4217,1,10,82,93,1.1290322580645162,0.03814849572328797,625,Now batting for Lascaux - Grog.
3909,4396,2,8,84,94,1.127659574468085,0.0406817968069462,625,I haven't practiced in a while.
3582,4397,1,9,79,89,1.1235955056179776,0.03855214395662027,625,Rookie?  Who you calling a rookie?
3546,4397,1,9,79,89,1.1235955056179776,0.03855214395662027,625,This interleague experiment has gotten way out of hand.
3491,4397,1,9,79,89,1.1235955056179776,0.03855214395662027,625,"Why is everyone yelling ""Run Home"" ?"
3334,4397,0,11,78,89,1.1235955056179776,0.03508425841796854,625,I've always wondered about Youkilis's ancestry.
3151,4397,2,7,80,89,1.1235955056179776,0.0417328457999829,625,"So, I’m on day 3 of going Paleo"
3123,4397,1,9,79,89,1.1235955056179776,0.03855214395662027,625,How dare you suggest I've been taking steroids!
3014,4397,1,9,79,89,1.1235955056179776,0.03855214395662027,625,It's time we got back to basics!
2953,4397,1,9,79,89,1.1235955056179776,0.03855214395662027,625,I think you are misunderstanding the concept of what a baseball club is...
2269,4397,2,7,80,89,1.1235955056179776,0.0417328457999829,625,"A batter is a . . . oh, never mind!"
2860,4397,1,9,79,89,1.1235955056179776,0.03855214395662027,625,Paleo diet...now paleo baseball?
2604,4397,4,3,82,89,1.1235955056179776,0.047458989121045375,625,Not anatomy lesson.  Not indicating ball zone.
2711,4397,1,9,79,89,1.1235955056179776,0.03855214395662027,625,'Step back' didn't mean that far.
2410,4397,1,9,79,89,1.1235955056179776,0.03855214395662027,625,"No, the game is not being livestreamed."
2554,4397,0,11,78,89,1.1235955056179776,0.03508425841796854,625,"Hey buddy you're in the majors now, the least you can do is shave, a shower wouldn't hurt either."
2584,4397,2,7,80,89,1.1235955056179776,0.0417328457999829,625,Korg like smash home run.
2586,4397,1,9,79,89,1.1235955056179776,0.03855214395662027,625,"The dinosaurs have there money on me, so don't mess it up."
2880,4397,1,9,79,89,1.1235955056179776,0.03855214395662027,625,New to the league?
3788,4397,1,9,79,89,1.1235955056179776,0.03855214395662027,625,"Don’t even think about swinging that club, just run the bases."
4921,4397,1,9,79,89,1.1235955056179776,0.03855214395662027,625,You cannot use that bat.
4165,4397,1,9,79,89,1.1235955056179776,0.03855214395662027,625,"Uh, you're new to this game if I'm guessing correctly."
5198,4397,1,9,79,89,1.1235955056179776,0.03855214395662027,625,"Don't judge me, mister!"
2251,4397,0,11,78,89,1.1235955056179776,0.03508425841796854,625,I've seen monkeys take better swings!
5180,4397,3,5,81,89,1.1235955056179776,0.04468772799637868,625,No. I can't tell you why the song says 'Buy me some peanuts AND Cracker Jack' when Cracker Jack is already loaded with peanuts.
5643,4397,1,9,79,89,1.1235955056179776,0.03855214395662027,625,"Give it up, you're never going to come back from this far behind."
5660,4397,1,9,79,89,1.1235955056179776,0.03855214395662027,625,"Gee, how do you scum of Earth live with that much political correctness?"
5677,4397,2,7,80,89,1.1235955056179776,0.0417328457999829,625,"So we meet again
'
How many 'so we meet again's have you gotten at this point?"
5162,4397,0,11,78,89,1.1235955056179776,0.03508425841796854,625,"Wow. I knew the beard was ""back"" but...that's a bit much."
5153,4397,0,11,78,89,1.1235955056179776,0.03508425841796854,625,I was called up yesterday from the Flintstone League.
5099,4397,1,9,79,89,1.1235955056179776,0.03855214395662027,625,Sorry. You need to wait for the ref. He calls the balls and strikes.
5054,4397,0,11,78,89,1.1235955056179776,0.03508425841796854,625,How many times have you been back to the minors?
4981,4397,0,11,78,89,1.1235955056179776,0.03508425841796854,625,"They tied our salary to number of followers: #CrushedRetroDay, you know what I’m sayin’ dude?"
5394,4397,1,9,79,89,1.1235955056179776,0.03855214395662027,625,That paleo diet’s good for power—but you still can’t hit a curve.
4863,4397,1,9,79,89,1.1235955056179776,0.03855214395662027,625,You said you'd love me if I did
4701,4397,2,7,80,89,1.1235955056179776,0.0417328457999829,625,A vintage Louieville Slugger?
4550,4397,1,9,79,89,1.1235955056179776,0.03855214395662027,625,"Hey, caveman, you never heard of the appearance policy?"
4396,4397,1,9,79,89,1.1235955056179776,0.03855214395662027,625,My exit velocity was clocked at 108 mph at 43 degrees.
4388,4397,2,7,80,89,1.1235955056179776,0.0417328457999829,625,Don't throw nothin' but heat.  He ain't even discovered fire yet.
4006,4397,2,7,80,89,1.1235955056179776,0.0417328457999829,625,Nice Retro! But your helmet strikes out.
2218,4397,1,9,79,89,1.1235955056179776,0.03855214395662027,625,Do you have any paleo options?
2866,4397,0,11,78,89,1.1235955056179776,0.03508425841796854,625,"No, it wasn't a slider."
2042,4397,0,11,78,89,1.1235955056179776,0.03508425841796854,625,This game has been going on for ages!
9,4397,0,11,78,89,1.1235955056179776,0.03508425841796854,625,"Helmet rule waived, but no batting gloves?"
37,4397,0,11,78,89,1.1235955056179776,0.03508425841796854,625,"You do realize that is not what the term Ball Club means don't you?"""
200,4397,2,7,80,89,1.1235955056179776,0.0417328457999829,625,"Before being traded, I was the Yankees' DH"
319,4397,2,7,80,89,1.1235955056179776,0.0417328457999829,625,This shmuck will tear a dactyl before rounding first.
359,4397,0,11,78,89,1.1235955056179776,0.03508425841796854,625,"Lets blow this popstand, I know a club."
488,4397,1,9,79,89,1.1235955056179776,0.03855214395662027,625,Barney made it to second!
516,4397,0,11,78,89,1.1235955056179776,0.03508425841796854,625,I’m pintch hitter
535,4397,1,9,79,89,1.1235955056179776,0.03855214395662027,625,Batter Ugh!
885,4397,1,9,79,89,1.1235955056179776,0.03855214395662027,625,Throwback nights. Another reason I'm proud to be a Yankee.
1028,4397,0,11,78,89,1.1235955056179776,0.03508425841796854,625,How’s the paleo diet going?
627,4397,1,9,79,89,1.1235955056179776,0.03855214395662027,625,"It's baseball, not Neander-ball."
2193,4397,1,9,79,89,1.1235955056179776,0.03855214395662027,625,Hey this ain't the old-timers game!
1985,4397,1,9,79,89,1.1235955056179776,0.03855214395662027,625,He has lost so much off his fastball even a caveman can hit him. By the way I just saved 15% switching to GEICO...
1938,4397,0,11,78,89,1.1235955056179776,0.03508425841796854,625,"Your taking this man cave thing, too far!"
1038,4397,0,11,78,89,1.1235955056179776,0.03508425841796854,625,Just make sure that dress stays down when you swing!
1403,4397,1,9,79,89,1.1235955056179776,0.03855214395662027,625,"Let me know if I get hit by stray pitch, will ya?"
1359,4397,2,7,80,89,1.1235955056179776,0.0417328457999829,625,Can you give me some insurance you are not going to have a big back swing?
1664,4397,1,9,79,89,1.1235955056179776,0.03855214395662027,625,"They invented time travel, and the first thing they did was take me here."
1256,4397,1,9,79,89,1.1235955056179776,0.03855214395662027,625,"Hey Fred, Rubber Arm Rubble has enough problems out there without you cheating."
1135,4397,1,9,79,89,1.1235955056179776,0.03855214395662027,625,Ya know he can throw spitball with a rock!
1043,4397,1,9,79,89,1.1235955056179776,0.03855214395662027,625,I am pinch hitting for Bryce
1349,4397,0,11,78,89,1.1235955056179776,0.03508425841796854,625,"OK buddy, you're safe! Just don't hit me!"
1134,4460,1,9,80,90,1.1222222222222222,0.03814610776373575,625,Your bat isn’t regulation.
5047,4460,0,11,79,90,1.1222222222222222,0.03471941311982696,625,Who's your agent?
3223,4460,2,7,81,90,1.1222222222222222,0.04128938638027779,625,"Yes,I am the new rookie from the Cave league"
3184,4460,0,11,79,90,1.1222222222222222,0.03471941311982696,625,"Hey buddy, it can't be more than 2.61 inches in diameter."
2485,4460,1,9,80,90,1.1222222222222222,0.03814610776373575,625,When the Mets go back to the basics...
1629,4460,1,9,80,90,1.1222222222222222,0.03814610776373575,625,"Don't worry, it's not aluminum"
363,4460,1,9,80,90,1.1222222222222222,0.03814610776373575,625,"The extra innings last night catching up with you, Jim?  You’re looking a little Paleo."
2856,4460,1,9,80,90,1.1222222222222222,0.03814610776373575,625,No one uses hickory anymore.
957,4468,0,11,80,91,1.120879120879121,0.03436202021848665,625,The Ump can't see your knees
1401,4468,1,9,81,91,1.120879120879121,0.03774849238970915,625,I get the feeling you'll be tough to rattle.
1568,4468,1,9,81,91,1.120879120879121,0.03774849238970915,625,"Yep, if you come play for us you'll have to shave that beard"
2924,4468,1,9,81,91,1.120879120879121,0.03774849238970915,625,Pro Magnum Man
5525,4468,1,9,81,91,1.120879120879121,0.03774849238970915,625,Today's my paleo cheat day.
1356,4468,1,9,81,91,1.120879120879121,0.03774849238970915,625,i hate these new uniforms!
4509,4474,1,9,82,92,1.1195652173913044,0.037359040069358376,625,The way you’ve been killing it has some of us thinking about going on the Paleo diet too.
4494,4474,0,11,81,92,1.1195652173913044,0.03401185575155456,625,No DNA test is going to save your team if you strike out one more time!
771,4474,1,9,82,92,1.1195652173913044,0.037359040069358376,625,"For the last time, I'm from the stone age. I never played centerfield for the Colorado Rockies."
3831,4477,0,10,76,86,1.1162790697674418,0.03476953495797218,625,"It doesn't matter how you got here, kid. You're in the big leagues now."
2692,4477,2,6,78,86,1.1162790697674418,0.04190603994209748,625,"No, but I eat pine tar for breakfast. Why would I rub some on my club?"
3619,4477,2,6,78,86,1.1162790697674418,0.04190603994209748,625,Four dusters coming your way.
3609,4477,1,8,77,86,1.1162790697674418,0.03850348519824095,625,[your mother]
3598,4477,1,8,77,86,1.1162790697674418,0.03850348519824095,625,You must be that new kid up from the Cro-Magnon farm team.
3574,4477,3,4,79,86,1.1162790697674418,0.045052347273434934,625,Would you doublecheck your ticket? I think you're in my seat.
3548,4477,0,10,76,86,1.1162790697674418,0.03476953495797218,625,"Man, you've rocked Old-Timers Day!"
3736,4477,0,10,76,86,1.1162790697674418,0.03476953495797218,625,"Hey rookie, which cave did they drag you out of?"
2508,4477,2,6,78,86,1.1162790697674418,0.04190603994209748,625,Flintstone said the same thing and ended up in the hospital.
3901,4477,1,8,77,86,1.1162790697674418,0.03850348519824095,625,How many throwback uniforms do you guys have?
3535,4477,2,6,78,86,1.1162790697674418,0.04190603994209748,625,"Yeah, social media is a bitch..."
3910,4477,1,8,77,86,1.1162790697674418,0.03850348519824095,625,Don't step back!
3918,4477,2,6,78,86,1.1162790697674418,0.04190603994209748,625,"That looks more like stone, than maple, hickory, or ash"
3924,4477,1,8,77,86,1.1162790697674418,0.03850348519824095,625,"No, this isn't a singles club"
3984,4477,2,6,78,86,1.1162790697674418,0.04190603994209748,625,"Still with the same old ball club,I see."
4070,4477,1,8,77,86,1.1162790697674418,0.03850348519824095,625,"Aluminum ?   It's  a wooden, 32 ounce, Louisville Slugger that I carved myself ."
4119,4477,0,10,76,86,1.1162790697674418,0.03476953495797218,625,"When I said you'd have money to burn, I didn't mean literally."
4121,4477,1,8,77,86,1.1162790697674418,0.03850348519824095,625,"Nothing has progressed in one million years, so you should be right at home."
4142,4477,3,4,79,86,1.1162790697674418,0.045052347273434934,625,You'll invent the wheel before this bum gets one past you.
4156,4477,0,10,76,86,1.1162790697674418,0.03476953495797218,625,"Hey buddy, some guy already took that nickname."
4189,4477,0,10,76,86,1.1162790697674418,0.03476953495797218,625,Can’t believe I have to put on cleats.
4227,4477,0,10,76,86,1.1162790697674418,0.03476953495797218,625,"So you’re the guy that came up with the miner’s, huh?"
4273,4477,1,8,77,86,1.1162790697674418,0.03850348519824095,625,So how are things in the bat cave?
3863,4477,0,10,76,86,1.1162790697674418,0.03476953495797218,625,You're the Designated Hitter. The American League made that a position since you played last time.
3481,4477,3,4,79,86,1.1162790697674418,0.045052347273434934,625,Gonna swing this club like I swing my dick!
2992,4477,1,8,77,86,1.1162790697674418,0.03850348519824095,625,"If you think i'm big, i'm the smallest  guy on my team."
3247,4477,1,8,77,86,1.1162790697674418,0.03850348519824095,625,Classic shot or getting struck out?
2741,4477,0,10,76,86,1.1162790697674418,0.03476953495797218,625,You can steal my signals if you'd like.
2802,4477,1,8,77,86,1.1162790697674418,0.03850348519824095,625,"Our own mother told me, Dell, that you would chatter about how I dressed and my bad swing."
2810,4477,1,8,77,86,1.1162790697674418,0.03850348519824095,625,I've been sent for the pitcher.
2827,4477,1,8,77,86,1.1162790697674418,0.03850348519824095,625,It's not PEDs! I am doing the Paleo Diet.
2838,4477,0,10,76,86,1.1162790697674418,0.03476953495797218,625,"You know, beards are so last year."
2647,4477,1,8,77,86,1.1162790697674418,0.03850348519824095,625,They made us wear camouflage yesterday.
2633,4477,1,8,77,86,1.1162790697674418,0.03850348519824095,625,"You know, your dugouts here remind me of my cave."
2843,4477,0,10,76,86,1.1162790697674418,0.03476953495797218,625,Word is that the studio did not have enough money to buy the rights to another Marvel superhero...
2624,4477,0,10,76,86,1.1162790697674418,0.03476953495797218,625,"I promise you, the idea is to swing st the ball not the ref"
2621,4477,1,8,77,86,1.1162790697674418,0.03850348519824095,625,They make us wear retro uniforms just to sell more merchandise.
3307,4477,2,6,78,86,1.1162790697674418,0.04190603994209748,625,Apparently you’re unaware our paraphernalia has advanced.
4297,4477,0,10,76,86,1.1162790697674418,0.03476953495797218,625,"Sorry, I don’t signal Rock."
2575,4477,0,10,76,86,1.1162790697674418,0.03476953495797218,625,Gosh - didn't know you'd come out of retirement Mr Damon?
2543,4477,2,6,78,86,1.1162790697674418,0.04190603994209748,625,"Just because you're the oldest player in the league; you can't use a prehistoric bat"""
2848,4477,1,8,77,86,1.1162790697674418,0.03850348519824095,625,Did you forget that it's Casual Friday?
2878,4477,0,10,76,86,1.1162790697674418,0.03476953495797218,625,"Ok, give me your cell phone to use Google translate to know about this ancient writing."
2887,4477,0,10,76,86,1.1162790697674418,0.03476953495797218,625,What d’ya mean you’re not in the players union?
2928,4477,1,8,77,86,1.1162790697674418,0.03850348519824095,625,Last batter break rock.
2983,4477,2,6,78,86,1.1162790697674418,0.04190603994209748,625,"That’s the way the Ump  called it,”Two strikes, no balls”"
2665,4477,0,10,76,86,1.1162790697674418,0.03476953495797218,625,Busted-I left my cleats in the cave.
3038,4477,1,8,77,86,1.1162790697674418,0.03850348519824095,625,Are you the guy from left field?
3142,4477,3,4,79,86,1.1162790697674418,0.045052347273434934,625,"No, you may not club the other guy! Just hit the ball."
2580,4477,2,6,78,86,1.1162790697674418,0.04190603994209748,625,Read all about it!  Braves Cave on Mascot!
4304,4477,1,8,77,86,1.1162790697674418,0.03850348519824095,625,I'd really appreciated it if you'd stop using the C word.
4877,4477,2,6,78,86,1.1162790697674418,0.04190603994209748,625,Well that's a unique way of eliminating the strike zone.
4371,4477,2,6,78,86,1.1162790697674418,0.04190603994209748,625,"Wow, is that the new primitive clubber?"
5146,4477,1,8,77,86,1.1162790697674418,0.03850348519824095,625,It should be easy. He's trowing stones.
5149,4477,0,10,76,86,1.1162790697674418,0.03476953495797218,625,"Now batting, the Stone-Age-Slugger, Cave Ruth!"
5209,4477,1,8,77,86,1.1162790697674418,0.03850348519824095,625,"Buddy, we said to get a man cave."
5212,4477,1,8,77,86,1.1162790697674418,0.03850348519824095,625,Tell your pitcher - one more inside pitch and I'll knock him back to the Mesozoic Era!
5220,4477,1,8,77,86,1.1162790697674418,0.03850348519824095,625,"They're not yelling at you, I swear"
5221,4477,0,10,76,86,1.1162790697674418,0.03476953495797218,625,Johnny Damon up to bat for the Chicago Clubs.
5255,4477,1,8,77,86,1.1162790697674418,0.03850348519824095,625,"So, where did they call you up from?"
5676,4477,1,8,77,86,1.1162790697674418,0.03850348519824095,625,The team owner's solution to correct the politically incorrect team name of The Toronto Knuckle Draggers.
5646,4477,1,8,77,86,1.1162790697674418,0.03850348519824095,625,You won't run to first unless something's chasing you?
5586,4477,2,6,78,86,1.1162790697674418,0.04190603994209748,625,"I don't know about the rules down in Bedrock, but here a helmet is mandatory!"
5088,4477,2,6,78,86,1.1162790697674418,0.04190603994209748,625,"Introducing the 21,456 BC MVP from the Sabertooths, TJ Hunter"
5562,4477,0,10,76,86,1.1162790697674418,0.03476953495797218,625,"Don’t you think you’ve taken the  throwback jersey concept,  just a little too far?"
5498,4477,1,8,77,86,1.1162790697674418,0.03850348519824095,625,"So are you on the Paleo diet, too?"
5491,4477,1,8,77,86,1.1162790697674418,0.03850348519824095,625,Get called up from the Jurassic League?
5460,4477,2,6,78,86,1.1162790697674418,0.04190603994209748,625,Why don't you just take your base?
5452,4477,1,8,77,86,1.1162790697674418,0.03850348519824095,625,Are you the pinch hitter?
5397,4477,0,10,76,86,1.1162790697674418,0.03476953495797218,625,"Why aren’t you wearing cleats, dude?"
5387,4477,1,8,77,86,1.1162790697674418,0.03850348519824095,625,Bring us something big for the after-game cookout.
5380,4477,2,6,78,86,1.1162790697674418,0.04190603994209748,625,"This guy throws like fire, scared yet?"
5276,4477,1,8,77,86,1.1162790697674418,0.03850348519824095,625,"speak softly, but hit the ball, not the other team

speaking softly is OK, hitting home runs is better"
5260,4477,0,10,76,86,1.1162790697674418,0.03476953495797218,625,Watch that Neanderthal guarding  third base. Acting meek as he trips you up and out.
2492,4477,1,8,77,86,1.1162790697674418,0.03850348519824095,625,Down here in the farms we actually travel a lot.
5518,4477,1,8,77,86,1.1162790697674418,0.03850348519824095,625,Looks like you still haven't invented fire.
5081,4477,2,6,78,86,1.1162790697674418,0.04190603994209748,625,Feeling lucky?
5068,4477,2,6,78,86,1.1162790697674418,0.04190603994209748,625,"(O.S.) The ball, Jeff! Aim for the ball!"
5053,4477,3,4,79,86,1.1162790697674418,0.045052347273434934,625,The bay boys are getting older each season
4384,4477,0,10,76,86,1.1162790697674418,0.03476953495797218,625,I know it isn't regulation but the club is wonderfully balanced.
4412,4477,1,8,77,86,1.1162790697674418,0.03850348519824095,625,"They gave it to me in the clubhouse. One doesen't argue with the clubhouse"""
4416,4477,1,8,77,86,1.1162790697674418,0.03850348519824095,625,Not the national past time...
4426,4477,0,10,76,86,1.1162790697674418,0.03476953495797218,625,"I see nothing has changed with you, Bam Bam."
4442,4477,2,6,78,86,1.1162790697674418,0.04190603994209748,625,"If you hit me with that thing, you are going back to your cave."
4451,4477,1,8,77,86,1.1162790697674418,0.03850348519824095,625,When hockey season start
4491,4477,1,8,77,86,1.1162790697674418,0.03850348519824095,625,See this diamond shape. You’re welcome.
4562,4477,1,8,77,86,1.1162790697674418,0.03850348519824095,625,Are you in the official line-up?
4574,4477,2,6,78,86,1.1162790697674418,0.04190603994209748,625,"Can the wisecracks 'catch', I'm your union rep!"
4575,4477,2,6,78,86,1.1162790697674418,0.04190603994209748,625,No batting gloves??? Are you crazy?
4717,4477,2,6,78,86,1.1162790697674418,0.04190603994209748,625,Those measures to speed up the game aren't working very well
4748,4477,0,10,76,86,1.1162790697674418,0.03476953495797218,625,"Label goes up, buddy!"
4793,4477,1,8,77,86,1.1162790697674418,0.03850348519824095,625,So... you're Charlie Blackmon's brother
4795,4477,2,6,78,86,1.1162790697674418,0.04190603994209748,625,Ring Lardner would have loved you.
4835,4477,1,8,77,86,1.1162790697674418,0.03850348519824095,625,"Look, you Neanderthal, that is not a bat !"
4854,4477,1,8,77,86,1.1162790697674418,0.03850348519824095,625,"If you're not homo sapien, why do they let you play?"
4867,4477,2,6,78,86,1.1162790697674418,0.04190603994209748,625,"Well, if it isn't Club Ned?!"
4878,4477,1,8,77,86,1.1162790697674418,0.03850348519824095,625,Some things never change.
4888,4477,1,8,77,86,1.1162790697674418,0.03850348519824095,625,I can't call it 'The Thinking Man's Game'  anymore with a batting average that high...
4922,4477,2,6,78,86,1.1162790697674418,0.04190603994209748,625,"Lighten up, man. You're the first Neanderthal to make it to the big leagues.""

Tom Pilarzyk, Shorewood, Wi"
4930,4477,0,10,76,86,1.1162790697674418,0.03476953495797218,625,Those throwback uniforms seems a little too far back.
4937,4477,1,8,77,86,1.1162790697674418,0.03850348519824095,625,"Oh yeah, it's Old Timer's night."
4993,4477,0,10,76,86,1.1162790697674418,0.03476953495797218,625,Remind me.  Is it kill the umpire or kill the catcher?
4344,4477,0,10,76,86,1.1162790697674418,0.03476953495797218,625,"So my wife sometimes calls me a Neanderthal, guess that's a good thing?"
2480,4477,1,8,77,86,1.1162790697674418,0.03850348519824095,625,hey batter swing batter batter bash me over the head with your club batter batter and drag me by the hair back to your cave and do fucked up sex shit to me batter
1964,4477,1,8,77,86,1.1162790697674418,0.03850348519824095,625,I'm here to slug anyone who's kneeling or squatting.
2346,4477,2,6,78,86,1.1162790697674418,0.04190603994209748,625,Is that the new Louisville Slugger?
553,4477,1,8,77,86,1.1162790697674418,0.03850348519824095,625,New ball club?
586,4477,0,10,76,86,1.1162790697674418,0.03476953495797218,625,"Look, the younger generation wants faster pace of play. What can I do?"
587,4477,2,6,78,86,1.1162790697674418,0.04190603994209748,625,"I heard this was the place for competitive clubbing & putrified meat. 
Who do I see about that?"
637,4477,1,8,77,86,1.1162790697674418,0.03850348519824095,625,"When the ump yelled, “Play Ball,” he meant ...!"
664,4477,1,8,77,86,1.1162790697674418,0.03850348519824095,625,"No, more than just ""retro"", dude."
690,4477,1,8,77,86,1.1162790697674418,0.03850348519824095,625,Thanks for not wearing spikes!
692,4477,0,10,76,86,1.1162790697674418,0.03476953495797218,625,"Yo, batter I slept with your w...whoa, uh, hey big fella!"
712,4477,1,8,77,86,1.1162790697674418,0.03850348519824095,625,It’s the heaviest one in my bat cave.
537,4477,0,10,76,86,1.1162790697674418,0.03476953495797218,625,I don’t care if the emerald ash borer has killed more than 50 million of the ash trees used to make baseball bats. That stick is non-regulation!
741,4477,1,8,77,86,1.1162790697674418,0.03850348519824095,625,Ogg not leftie.  He switch-hitter.
761,4477,1,8,77,86,1.1162790697674418,0.03850348519824095,625,Can you get around on his fastball with such a heavy bat?
762,4477,2,6,78,86,1.1162790697674418,0.04190603994209748,625,"Coach, you should be talking to the guy on the mound, I'm just catching them. Or trying..."
809,4477,0,10,76,86,1.1162790697674418,0.03476953495797218,625,It's looking to be a prehistoric night
821,4477,2,6,78,86,1.1162790697674418,0.04190603994209748,625,"To clarify, strikes no get fire."
829,4477,1,8,77,86,1.1162790697674418,0.03850348519824095,625,"No, you're an unevolved relic of the past."
856,4477,0,10,76,86,1.1162790697674418,0.03476953495797218,625,You'd best remove your armor if you want to play cavemen.
860,4477,1,8,77,86,1.1162790697674418,0.03850348519824095,625,I hit you or the ball - your choice.
869,4477,1,8,77,86,1.1162790697674418,0.03850348519824095,625,Me told to come here to steal home
742,4477,1,8,77,86,1.1162790697674418,0.03850348519824095,625,"Strikes are good, let me show you."
526,4477,1,8,77,86,1.1162790697674418,0.03850348519824095,625,Well it's..uh...ballasuarus..uh..food..and it's gonna come fast. so....
515,4477,1,8,77,86,1.1162790697674418,0.03850348519824095,625,I called for a mastodon but he shook me off.
501,4477,1,8,77,86,1.1162790697674418,0.03850348519824095,625,"Me just get promoted from the JFT, (Jurassic Farm Team)."
2376,4477,1,8,77,86,1.1162790697674418,0.03850348519824095,625,I'll be Neantherthal over you if you hit one of my balls.
20,4477,0,10,76,86,1.1162790697674418,0.03476953495797218,625,“Many folks don’t know that baseball is really the oldest profession.”
21,4477,1,8,77,86,1.1162790697674418,0.03850348519824095,625,"You know that we’re using sabermetrics on how to pitch to you, right?"
34,4477,1,8,77,86,1.1162790697674418,0.03850348519824095,625,"Ugg, in my day, we no have fancy gear!"
43,4477,1,8,77,86,1.1162790697674418,0.03850348519824095,625,Ball is like wheel?
66,4477,1,8,77,86,1.1162790697674418,0.03850348519824095,625,"These throwback uniforms are really comfortable,"
67,4477,2,6,78,86,1.1162790697674418,0.04190603994209748,625,And you’re the EPA Chief? What a renaissance man.
114,4477,1,8,77,86,1.1162790697674418,0.03850348519824095,625,"Well, it’s definitely not a T-Rex.."
265,4477,1,8,77,86,1.1162790697674418,0.03850348519824095,625,I’m gonna go out on a limb and guess you play left field.
272,4477,2,6,78,86,1.1162790697674418,0.04190603994209748,625,"Looking good, been doing that paleo diet?"
284,4477,1,8,77,86,1.1162790697674418,0.03850348519824095,625,We don't have a signal for wild pitch.
324,4477,0,10,76,86,1.1162790697674418,0.03476953495797218,625,It doe meet the weight requirements.
327,4477,1,8,77,86,1.1162790697674418,0.03850348519824095,625,All we need is that one last cave run.
400,4477,1,8,77,86,1.1162790697674418,0.03850348519824095,625,Didn’t we play Little League together?
430,4477,1,8,77,86,1.1162790697674418,0.03850348519824095,625,"No Bob, I don't think that's what they had in mind for the 'Throw Back' uniforms."
451,4477,1,8,77,86,1.1162790697674418,0.03850348519824095,625,Please explain why your head not part of strike zone.
453,4477,2,6,78,86,1.1162790697674418,0.04190603994209748,625,Is that a regulation sized club?
461,4477,3,4,79,86,1.1162790697674418,0.045052347273434934,625,Ducks on pond? Me eat well tonight.
492,4477,1,8,77,86,1.1162790697674418,0.03850348519824095,625,No bat flipping or we'll all end up in outer space.
889,4477,1,8,77,86,1.1162790697674418,0.03850348519824095,625,That’s your problem.  You should have made a left turn at 2018.
967,4477,2,6,78,86,1.1162790697674418,0.04190603994209748,625,All bat and no chattel.
183,4477,3,4,79,86,1.1162790697674418,0.045052347273434934,625,Are you one of Donald Trump's hit men?
1094,4477,2,6,78,86,1.1162790697674418,0.04190603994209748,625,We don't serve up meatballs.
1724,4477,2,6,78,86,1.1162790697674418,0.04190603994209748,625,I hear there is some great new over the counter drug for those plantars warts.
1803,4477,0,10,76,86,1.1162790697674418,0.03476953495797218,625,"Unless you put on your batting helmet, you can't play."
1827,4477,2,6,78,86,1.1162790697674418,0.04190603994209748,625,How long have you been on the Paleo diet?
1832,4477,1,8,77,86,1.1162790697674418,0.03850348519824095,625,I'll give you $50 to get a bite of that Velociraptor leg!
1850,4477,1,8,77,86,1.1162790697674418,0.03850348519824095,625,So. Will the sports writers again dub your flurry of homers and hits today  yet another 'Oog-gasm'?
1919,4477,1,8,77,86,1.1162790697674418,0.03850348519824095,625,Coach really convinced them the rulebook only applies to Homo sapiens?
1976,4477,0,10,76,86,1.1162790697674418,0.03476953495797218,625,Don't forget your helmet.
2031,4477,2,6,78,86,1.1162790697674418,0.04190603994209748,625,"Batting average low, timing off by 10,000 years."
2330,4477,1,8,77,86,1.1162790697674418,0.03850348519824095,625,Have you seen my wife?
2122,4477,2,6,78,86,1.1162790697674418,0.04190603994209748,625,"Yes, I’m the team’s slugger."
2124,4477,2,6,78,86,1.1162790697674418,0.04190603994209748,625,"Glad you're a part of our ball club, Garf."
2129,4477,3,4,79,86,1.1162790697674418,0.045052347273434934,625,"I beat him, Homie!"
2158,4477,0,10,76,86,1.1162790697674418,0.03476953495797218,625,Look at that dinosaur on the mound.
2209,4477,2,6,78,86,1.1162790697674418,0.04190603994209748,625,"When the Umpire said ""Strike One,"" he didn't mean...never mind, just leave the bat here, and run like hell."
2266,4477,1,8,77,86,1.1162790697674418,0.03850348519824095,625,I know you're a Neanderthal. You still have to wear a batting helmet
2289,4477,1,8,77,86,1.1162790697674418,0.03850348519824095,625,This at bat could set a club record.
2290,4477,1,8,77,86,1.1162790697674418,0.03850348519824095,625,"Sorry, Neand, but here we only use Louisville Slugger bats."
1703,4477,2,6,78,86,1.1162790697674418,0.04190603994209748,625,I told you he can't put a dinosaur in this comic.
1578,4477,2,6,78,86,1.1162790697674418,0.04190603994209748,625,"Again, this inning and all innings will be a 'no hitter.' Understood?"
1883,4477,3,4,79,86,1.1162790697674418,0.045052347273434934,625,Me not hurt you — no need protective gear!
1534,4477,2,6,78,86,1.1162790697674418,0.04190603994209748,625,Are you looking for food on your plate?
1111,4477,1,8,77,86,1.1162790697674418,0.03850348519824095,625,"You ain't gettin a cave run off a me, pal."
1146,4477,2,6,78,86,1.1162790697674418,0.04190603994209748,625,"Back up from the Pleistocene League, eh Flintstone?"
1178,4477,0,10,76,86,1.1162790697674418,0.03476953495797218,625,"Now batting, founding club member, Thag Simmons”."
1214,4477,0,10,76,86,1.1162790697674418,0.03476953495797218,625,"No, this is not the old-timers’ game!"
1563,4477,0,10,76,86,1.1162790697674418,0.03476953495797218,625,Man hit ball now.
1241,4477,1,8,77,86,1.1162790697674418,0.03850348519824095,625,I should have just finished college
1273,4477,2,6,78,86,1.1162790697674418,0.04190603994209748,625,"A unempire  where's my wife.""
Patrick McGuire Waldorf ,MD"
1305,4477,0,10,76,86,1.1162790697674418,0.03476953495797218,625,"So Stephen Hawking finally did invent and a time machine, and this is what we get?"
1336,4477,1,8,77,86,1.1162790697674418,0.03850348519824095,625,He'll get you with his past ball.
1377,4477,1,8,77,86,1.1162790697674418,0.03850348519824095,625,I'm sorry to hear your teammates got stuck in the pine tar.
1229,4477,2,6,78,86,1.1162790697674418,0.04190603994209748,625,What comes after two?
1077,4477,1,8,77,86,1.1162790697674418,0.03850348519824095,625,"When you eat Fruity Pebbles, I guess you don't need a helmet. Right Flinstone?"
1428,4477,1,8,77,86,1.1162790697674418,0.03850348519824095,625,"I know you just came from the clubhouse, but..."
1462,4477,2,6,78,86,1.1162790697674418,0.04190603994209748,625,"Normally I would say 'you're guess is as good as mine', but not this time."
1497,4477,0,10,76,86,1.1162790697674418,0.03476953495797218,625,I thought Neanderthals were opposed to the designated hitter rule.
1498,4477,3,4,79,86,1.1162790697674418,0.045052347273434934,625,"I am here to beat the crap out of that asshole David Remnick, not hit some dumb ball."
1499,4477,2,6,78,86,1.1162790697674418,0.04190603994209748,625,Where are your cleats?
1504,4477,1,8,77,86,1.1162790697674418,0.03850348519824095,625,What cause does your uniform support?
1514,4477,0,10,76,86,1.1162790697674418,0.03476953495797218,625,"We don't club oranges, we just pick 'em."
1386,4477,0,10,76,86,1.1162790697674418,0.03476953495797218,625,Are you new to the majors?
3644,4669,0,9,74,83,1.108433734939759,0.03433618941078538,625,"The color of the sox is not negotiable, man."
3622,4669,1,7,75,83,1.108433734939759,0.03837749683764797,625,You’re with a good club.
3618,4669,1,7,75,83,1.108433734939759,0.03837749683764797,625,"If it's a good hit, then you can finally go home!"
3557,4669,1,7,75,83,1.108433734939759,0.03837749683764797,625,This Neanderthal's gonna blow you away.
3553,4669,2,5,76,83,1.108433734939759,0.042032019030663156,625,I feel the same way! The modern equipment doesn't match up. My shin guards and chest protector are made of tortoise shells.
3524,4669,1,7,75,83,1.108433734939759,0.03837749683764797,625,"Are you really, REALLY sure that wasn't a ball?"
3489,4669,1,7,75,83,1.108433734939759,0.03837749683764797,625,"Hey rube, spent a few years in the minors?"
3376,4669,0,9,74,83,1.108433734939759,0.03433618941078538,625,So you guys are bringing up the big lumber huh?
3443,4669,0,9,74,83,1.108433734939759,0.03433618941078538,625,That's about the biggest Louisville Slugger I have ever seen...
3420,4669,1,7,75,83,1.108433734939759,0.03837749683764797,625,These cross promotional events are getting out of control -- today we are sponsored by a local BBQ restaurant
3391,4669,0,9,74,83,1.108433734939759,0.03433618941078538,625,"Before baseball was invented, what use was the bat?"
3384,4669,1,7,75,83,1.108433734939759,0.03837749683764797,625,I made a home run.
3646,4669,0,9,74,83,1.108433734939759,0.03433618941078538,625,"Wow, cool, Man, could it even knock me back to The Stone Age?"
3381,4669,2,5,76,83,1.108433734939759,0.042032019030663156,625,Even though I'm juicing they still call this the dead ball era.
3471,4669,1,7,75,83,1.108433734939759,0.03837749683764797,625,"Hay, This isn't club ball."
3399,4669,1,7,75,83,1.108433734939759,0.03837749683764797,625,Coach said recruiting was tough this year--your from a farm team?
3963,4669,2,5,76,83,1.108433734939759,0.042032019030663156,625,What's your problem buddy? Never seen a Neanderthal before?
3717,4669,0,9,74,83,1.108433734939759,0.03433618941078538,625,You guys are taking throwback uniforms too far.
4010,4669,2,5,76,83,1.108433734939759,0.042032019030663156,625,"I'm the original splendid splinter.




FREDERICK LORBER
5830 TURTLE VALLEY DRIVE
STOCKTON, CA 95207
LOBO13428@AOL.COM
209-474-8677"
3989,4669,2,5,76,83,1.108433734939759,0.042032019030663156,625,ONE strike and I'm out!
3981,4669,1,7,75,83,1.108433734939759,0.03837749683764797,625,"Looking at you, I""m overcome with nostalgia foe the days before indoor plumbing."
3372,4669,1,7,75,83,1.108433734939759,0.03837749683764797,625,"Y'know, you're throwing us quite a curve ball here."
3921,4669,1,7,75,83,1.108433734939759,0.03837749683764797,625,You have to wear a helmet if you want to bat
3900,4669,2,5,76,83,1.108433734939759,0.042032019030663156,625,Global warming has changed the game as unfrozen caveman comes to the plate.
3887,4669,0,9,74,83,1.108433734939759,0.03433618941078538,625,"Splurge on the club level seating, they said. You won't regret it, they told me."
3681,4669,1,7,75,83,1.108433734939759,0.03837749683764797,625,He won't pitch to you because your not in uniform.
3881,4669,2,5,76,83,1.108433734939759,0.042032019030663156,625,"So, you finally made it to the Show!"
3868,4669,1,7,75,83,1.108433734939759,0.03837749683764797,625,Heads up for the chin music
3834,4669,0,9,74,83,1.108433734939759,0.03433618941078538,625,Is that a regulation uniform?
3818,4669,0,9,74,83,1.108433734939759,0.03433618941078538,625,"Baseballs are too small, we've got a whole evolution to blow out of existence"
3767,4669,0,9,74,83,1.108433734939759,0.03433618941078538,625,"You can drag your knuckles, but not our knuckleball."
3757,4669,0,9,74,83,1.108433734939759,0.03433618941078538,625,Isn't it time the Cleveland Indians change their mascot?
3747,4669,0,9,74,83,1.108433734939759,0.03433618941078538,625,Hit me in the knees so I can get out of this position
3740,4669,0,9,74,83,1.108433734939759,0.03433618941078538,625,"If you don't a homer, your going back to the stone-age!"
3871,4669,0,9,74,83,1.108433734939759,0.03433618941078538,625,Do you think that these throwback uniforms have gone a little too far?
3366,4669,2,5,76,83,1.108433734939759,0.042032019030663156,625,"C'mon Flintsone, let's see you knock it outta the park!"
2963,4669,2,5,76,83,1.108433734939759,0.042032019030663156,625,You hit the ball - not my head!
3350,4669,1,7,75,83,1.108433734939759,0.03837749683764797,625,My wife sent me to get me out of the cave!
2904,4669,0,9,74,83,1.108433734939759,0.03433618941078538,625,Nice to see you Thor.  You’re the only one from the class of 500 BC to make it back to the reunion game.
2872,4669,0,9,74,83,1.108433734939759,0.03433618941078538,625,Concentrate on the ball ... Don't even think about hitting me !
2869,4669,0,9,74,83,1.108433734939759,0.03433618941078538,625,I don't care what you think! I love the throwback uniforms!
2864,4669,0,9,74,83,1.108433734939759,0.03433618941078538,625,"Hey Buddy, the old timers game was last week!"
2841,4669,1,7,75,83,1.108433734939759,0.03837749683764797,625,"Gonna try and hit yourself a caverun there, Fred?"
2816,4669,0,9,74,83,1.108433734939759,0.03433618941078538,625,What club you with again?
2813,4669,1,7,75,83,1.108433734939759,0.03837749683764797,625,15 minutes could save you 15% or more....
2812,4669,0,9,74,83,1.108433734939759,0.03433618941078538,625,Ah...so thats the new uniform from Adidas!
2788,4669,0,9,74,83,1.108433734939759,0.03433618941078538,625,"Our pitcher is Cro-Magnon, carves his own rocks and hates Neanderthals...have a nice at bat."
2778,4669,0,9,74,83,1.108433734939759,0.03433618941078538,625,I take it you're a walk on...
2767,4669,1,7,75,83,1.108433734939759,0.03837749683764797,625,"Catcher: ""you ready for the curveball?""
Caveman: ""what's a curveball?"""
2752,4669,1,7,75,83,1.108433734939759,0.03837749683764797,625,You're the first player I've ever seen who's moved UP to the Bush League
4014,4669,1,7,75,83,1.108433734939759,0.03837749683764797,625,Now that's what I call a major league baseball club!
2705,4669,1,7,75,83,1.108433734939759,0.03837749683764797,625,Now Pinch-hitting for the Home Team...
2680,4669,0,9,74,83,1.108433734939759,0.03433618941078538,625,"Stand in box, and man will throw dinosaur egg at you"""
2915,4669,1,7,75,83,1.108433734939759,0.03837749683764797,625,Grarff frugl moog.
2918,4669,1,7,75,83,1.108433734939759,0.03837749683764797,625,Bob and Oog couldn’t help but maintain eye contact long enough for the bench to notice
2934,4669,1,7,75,83,1.108433734939759,0.03837749683764797,625,Is that heavier than the Babe's?
3001,4669,1,7,75,83,1.108433734939759,0.03837749683764797,625,I hope you never try to steal home.
3325,4669,1,7,75,83,1.108433734939759,0.03837749683764797,625,You must be one of the Late Pleistocene call-ups.
3285,4669,1,7,75,83,1.108433734939759,0.03837749683764797,625,"They call my gear ""the tools of ignorance,"" but your bat is simply archaic."
3255,4669,0,9,74,83,1.108433734939759,0.03433618941078538,625,"OK Slugger, let's see what you've got."
3253,4669,0,9,74,83,1.108433734939759,0.03433618941078538,625,It's usually the pitcher that throw's a curve ball.
3249,4669,1,7,75,83,1.108433734939759,0.03837749683764797,625,Epic throwback jersey bro!
3248,4669,0,9,74,83,1.108433734939759,0.03433618941078538,625,They're really going too far with these retro uniforms.
3228,4669,0,9,74,83,1.108433734939759,0.03433618941078538,625,The old timers game was last week.
3358,4669,2,5,76,83,1.108433734939759,0.042032019030663156,625,You’re playing against the wrong club.
3225,4669,2,5,76,83,1.108433734939759,0.042032019030663156,625,"You're gonna cave,man."
3161,4669,2,5,76,83,1.108433734939759,0.042032019030663156,625,"Sluginski, you've taken 'Throwback Night' to a whole new level."
3152,4669,2,5,76,83,1.108433734939759,0.042032019030663156,625,"when you say ""you'll never club the ball"" whatsa a ball?"
3131,4669,0,9,74,83,1.108433734939759,0.03433618941078538,625,"What?!
They said to bring your own bat and gloves."
3118,4669,1,7,75,83,1.108433734939759,0.03837749683764797,625,And I suppose Fred Flintstone plays First?
3107,4669,0,9,74,83,1.108433734939759,0.03433618941078538,625,You'll make a fine mate.
3068,4669,1,7,75,83,1.108433734939759,0.03837749683764797,625,"""Ball.""  . . . ""Club."""
3057,4669,0,9,74,83,1.108433734939759,0.03433618941078538,625,You’re taking this paleo diet a little too far.
3208,4669,1,7,75,83,1.108433734939759,0.03837749683764797,625,I think there’s a misunderstanding; the TEAM is called a baseball club.
4066,4669,1,7,75,83,1.108433734939759,0.03837749683764797,625,I think you forgot your shoes.
4893,4669,2,5,76,83,1.108433734939759,0.042032019030663156,625,Yeah...this is one long inning all right.
4082,4669,1,7,75,83,1.108433734939759,0.03837749683764797,625,You forgot your clubbing helmet.
5391,4669,0,9,74,83,1.108433734939759,0.03433618941078538,625,"Now batting, Shoeless Joe Jackson—back from the grave."
5377,4669,3,3,77,83,1.108433734939759,0.045393270250824395,625,I'm not loving these new throwback uniforms.
5368,4669,1,7,75,83,1.108433734939759,0.03837749683764797,625,"For your information, that is not a Louisville Slugger."
5347,4669,0,9,74,83,1.108433734939759,0.03433618941078538,625,"scam!  you may be a slugger, but your bat isn't a Louisville slugger!"
5302,4669,2,5,76,83,1.108433734939759,0.042032019030663156,625,Batter up and so's the turf.
5256,4669,0,9,74,83,1.108433734939759,0.03433618941078538,625,"Use a bat, they're running out of balls."
5235,4669,1,7,75,83,1.108433734939759,0.03837749683764797,625,Are  you sure you have the right club?
5154,4669,0,9,74,83,1.108433734939759,0.03433618941078538,625,I know this this is Old Timers’ day but this is taking it a bit too far.
5144,4669,1,7,75,83,1.108433734939759,0.03837749683764797,625,"Excuse me sir, I’m don’t know if the rules have changed since the Stone Age, but the goal of the game is to hit the ball and run around the bases, rather than pound me into oblivion."
5130,4669,1,7,75,83,1.108433734939759,0.03837749683764797,625,"I have steroids for breakfast, lunch, and dinner, so you might as well leave."
5064,4669,2,5,76,83,1.108433734939759,0.042032019030663156,625,Every batter MUST wear a helmet!
4911,4669,1,7,75,83,1.108433734939759,0.03837749683764797,625,How long you been playin' with the Westside Wooly Mammoths?
4897,4669,1,7,75,83,1.108433734939759,0.03837749683764797,625,Only a ball Bud - no Woolly Mamoths here
4873,4669,0,9,74,83,1.108433734939759,0.03433618941078538,625,"Ball!"" ""No, wheel."" ""Ball!"" ""Wheel!"" ""Ba-"" ""WHEEL!"""
4866,4669,1,7,75,83,1.108433734939759,0.03837749683764797,625,What do think of our logo?
5413,4669,1,7,75,83,1.108433734939759,0.03837749683764797,625,"So, how do you pick up girls?"
5680,4669,0,9,74,83,1.108433734939759,0.03433618941078538,625,Been stuck in the dug-out a long time?
5632,4669,0,9,74,83,1.108433734939759,0.03433618941078538,625,Your new manager is really old school.
5630,4669,1,7,75,83,1.108433734939759,0.03837749683764797,625,"Wow, this game has really devolved.”"
2675,4669,2,5,76,83,1.108433734939759,0.042032019030663156,625,"Hey, knuckle dragger, think you're gunna get a knuckle ball?"
5420,4669,1,7,75,83,1.108433734939759,0.03837749683764797,625,Is that a club bat?
5415,4669,0,9,74,83,1.108433734939759,0.03433618941078538,625,"Hey dude, those clothes are inappropriate for going clubbing."
5444,4669,0,9,74,83,1.108433734939759,0.03433618941078538,625,Are you calling a tight strike zone?
5446,4669,2,5,76,83,1.108433734939759,0.042032019030663156,625,Krall Gerk at club!
5462,4669,2,5,76,83,1.108433734939759,0.042032019030663156,625,Look...first take a shower...dude...second...regulation bat...third dude...regulation clothes...and shoes dude...got it...now go!...
5465,4669,0,9,74,83,1.108433734939759,0.03433618941078538,625,I homered and beat a wooly mammoth with this bat.
4856,4669,1,7,75,83,1.108433734939759,0.03837749683764797,625,Knock one out of the ark.
5468,4669,0,9,74,83,1.108433734939759,0.03433618941078538,625,bunt it - don't eat it
5496,4669,1,7,75,83,1.108433734939759,0.03837749683764797,625,I love the retro uniform.  Are you sure the bat is not corked?
5509,4669,0,9,74,83,1.108433734939759,0.03433618941078538,625,"I'm afraid we have a dress code, sir."
5522,4669,1,7,75,83,1.108433734939759,0.03837749683764797,625,Ty Bludgeon.  Good baseball name.
5529,4669,1,7,75,83,1.108433734939759,0.03837749683764797,625,You've got the best throwbacks in the league.
5597,4669,1,7,75,83,1.108433734939759,0.03837749683764797,625,"It's not like with the wild things.
You get three chance here."
5599,4669,0,9,74,83,1.108433734939759,0.03433618941078538,625,"Yea the club is nice, but I'm still going to recommend the cup"
5621,4669,2,5,76,83,1.108433734939759,0.042032019030663156,625,Nobody brought any Cro-Magnon helmets?
5495,4669,1,7,75,83,1.108433734939759,0.03837749683764797,625,"'Pinch hitter' is just an expression, so stop it."
4080,4669,1,7,75,83,1.108433734939759,0.03837749683764797,625,"I swear, ""fireball"" is just a name. There's no actual fire involved."
4850,4669,1,7,75,83,1.108433734939759,0.03837749683764797,625,You'll need a regulation bat.
4794,4669,0,9,74,83,1.108433734939759,0.03433618941078538,625,"Well, at least I won't have to listen to them accuse me of wearing the 'tools of ignorance' anymore."
4456,4669,1,7,75,83,1.108433734939759,0.03837749683764797,625,Checkout New York's latest attraction: The Metropolitan Museum of Natural  History of American Baseball
4443,4669,0,9,74,83,1.108433734939759,0.03433618941078538,625,"You take Halloween way too seriously, Jeremy."
4408,4669,0,9,74,83,1.108433734939759,0.03433618941078538,625,I got it in the club house. What's it to you?
4404,4669,1,7,75,83,1.108433734939759,0.03837749683764797,625,I spent a lotta years on the farm team.
4381,4669,2,5,76,83,1.108433734939759,0.042032019030663156,625,"Remember this time... Harold, my head is not the ball !"
4366,4669,1,7,75,83,1.108433734939759,0.03837749683764797,625,You look like the designated hitter. Could you bunt this time round please?
4349,4669,0,9,74,83,1.108433734939759,0.03433618941078538,625,Didn’t you used to play for the Cro-Magnums?
4253,4669,1,7,75,83,1.108433734939759,0.03837749683764797,625,Last night’s hit-by-pitch really knocked Jeff back to the Stone Age.
4204,4669,1,7,75,83,1.108433734939759,0.03837749683764797,625,"Thanks for removing the spike, Thog. We’ve been going through catchers like crazy!"
4197,4669,1,7,75,83,1.108433734939759,0.03837749683764797,625,"Hey! That's not a regulation bat!  It may be OK for cricket, but not here"""
4196,4669,2,5,76,83,1.108433734939759,0.042032019030663156,625,"Dude, we don’t have an offensive line."
4181,4669,1,7,75,83,1.108433734939759,0.03837749683764797,625,"Step aside, Padre."
4126,4669,1,7,75,83,1.108433734939759,0.03837749683764797,625,What you see is not what's happening!
4106,4669,0,9,74,83,1.108433734939759,0.03433618941078538,625,Shoes!  ... regulations you know.
4095,4669,0,9,74,83,1.108433734939759,0.03433618941078538,625,Your retro-uniform goes a little too far back...
4459,4669,0,9,74,83,1.108433734939759,0.03433618941078538,625,And they said that Neander Bhal was extinct.
4461,4669,2,5,76,83,1.108433734939759,0.042032019030663156,625,Watch out for the high heat.
4481,4669,0,9,74,83,1.108433734939759,0.03433618941078538,625,Which way go at fork?
4505,4669,2,5,76,83,1.108433734939759,0.042032019030663156,625,"Swing batter, batter!"
4792,4669,0,9,74,83,1.108433734939759,0.03433618941078538,625,No evolution here.”
4757,4669,0,9,74,83,1.108433734939759,0.03433618941078538,625,You worry about the pitches and I'll worry about the pictograph
4708,4669,1,7,75,83,1.108433734939759,0.03837749683764797,625,They've taken the uniforms pretty far this year.
4702,4669,1,7,75,83,1.108433734939759,0.03837749683764797,625,So you are the designated cave man
4699,4669,1,7,75,83,1.108433734939759,0.03837749683764797,625,Welcome to the show - I heard you really clobbered the ball down in Bedrock.
4661,4669,2,5,76,83,1.108433734939759,0.042032019030663156,625,So you think you’re  the real Ted Williams ❓” OK!  Show me what you’ve got ‼
4654,4669,1,7,75,83,1.108433734939759,0.03837749683764797,625,What's a Louisville slugger?
4845,4669,0,9,74,83,1.108433734939759,0.03433618941078538,625,"Wow, It's hard to believe that I finally made it to the Big Leagues!"
4651,4669,0,9,74,83,1.108433734939759,0.03433618941078538,625,Throwback Thursday at Fenway Park
4614,4669,1,7,75,83,1.108433734939759,0.03837749683764797,625,"Slugfest! ha, take a good look at the pitcher"
4607,4669,0,9,74,83,1.108433734939759,0.03433618941078538,625,Wanna see a picture of your armadillo?
4586,4669,1,7,75,83,1.108433734939759,0.03837749683764797,625,"No, the bears you're after play football, not baseball."
4583,4669,2,5,76,83,1.108433734939759,0.042032019030663156,625,You hunter and me gatherer.
4558,4669,2,5,76,83,1.108433734939759,0.042032019030663156,625,Hey Batta!  I can see why they don't make you wear a helmet.   Ya outta hike that skirt a bit.   Is that pine tar on the club?
4548,4669,1,7,75,83,1.108433734939759,0.03837749683764797,625,"So, you're dh'ing for Fred Flintstone?"
4544,4669,0,9,74,83,1.108433734939759,0.03433618941078538,625,Looks like mother nature threw someone a curveball.
4630,4669,1,7,75,83,1.108433734939759,0.03837749683764797,625,Be kind.
2669,4669,1,7,75,83,1.108433734939759,0.03837749683764797,625,"Hey, Caveman Carter!  Man, you were in the minors for a long time......."
414,4669,0,9,74,83,1.108433734939759,0.03433618941078538,625,"For a clean-up hitter, you certainly don't smell the part."
2661,4669,0,9,74,83,1.108433734939759,0.03433618941078538,625,"Going the way of politics, I see. Look to the left and hit the next one out of the park . . ."
849,4669,1,7,75,83,1.108433734939759,0.03837749683764797,625,"It's simple. You hit the ball, run counterclockwise -- heck! Just mash it!"
884,4669,0,9,74,83,1.108433734939759,0.03433618941078538,625,Our beards were the inspiration for the retro uniforms.
897,4669,1,7,75,83,1.108433734939759,0.03837749683764797,625,"Know how to autograph it, if it goes into the stands?"
914,4669,0,9,74,83,1.108433734939759,0.03433618941078538,625,"Yes, B.C. could stand for Batter Courageous."
935,4669,2,5,76,83,1.108433734939759,0.042032019030663156,625,I'm not insured. I can't afford to come out without protection.
941,4669,0,9,74,83,1.108433734939759,0.03433618941078538,625,No.  I don't  we have a pine tar pit nearby.
953,4669,0,9,74,83,1.108433734939759,0.03433618941078538,625,Nice throw back uniform !
1017,4669,1,7,75,83,1.108433734939759,0.03837749683764797,625,"You are too early, The ""Hot Stove"" league begins after the world series are over"
1042,4669,0,9,74,83,1.108433734939759,0.03433618941078538,625,Bam Bam in the big leagues
1079,4669,1,7,75,83,1.108433734939759,0.03837749683764797,625,Aren't you a bit too old for this game?
1089,4669,1,7,75,83,1.108433734939759,0.03837749683764797,625,"Good luck, caveman!  He’s been clocked at 
upwards of 5890 cubits per minute...whew!"
1154,4669,0,9,74,83,1.108433734939759,0.03433618941078538,625,"If he's the leadoff hitter, I can't even imagine what the cleanup man looks like."
1186,4669,1,7,75,83,1.108433734939759,0.03837749683764797,625,Who caved and let you play in a dress?
1212,4669,1,7,75,83,1.108433734939759,0.03837749683764797,625,"Look, it's not the uniform. I just don't think your bat meets league specifications."
837,4669,0,9,74,83,1.108433734939759,0.03433618941078538,625,Rumor has it the ump has a small strike zone.
1234,4669,1,7,75,83,1.108433734939759,0.03837749683764797,625,Hit the club last night?
1259,4669,0,9,74,83,1.108433734939759,0.03433618941078538,625,Walk-off home run? You can barely walk upright.
1290,4669,1,7,75,83,1.108433734939759,0.03837749683764797,625,The singles bar is down the street.
1319,4669,1,7,75,83,1.108433734939759,0.03837749683764797,625,Maybe slide headfirst into home this time?
1320,4669,1,7,75,83,1.108433734939759,0.03837749683764797,625,Life was good to Bam-Bam after his folks got over their retro lifestyle.
1380,4669,1,7,75,83,1.108433734939759,0.03837749683764797,625,"Hey Bryce, your beard looks great with the new throwback uniforms."
1446,4669,0,9,74,83,1.108433734939759,0.03433618941078538,625,You got something against our club?
1451,4669,0,9,74,83,1.108433734939759,0.03433618941078538,625,The throwback uniforms craze has gone a bit too far.
1467,4669,2,5,76,83,1.108433734939759,0.042032019030663156,625,How do you think the Cubs finally won the World Series in 2016?
1508,4669,1,7,75,83,1.108433734939759,0.03837749683764797,625,These throwback unis are really getting out of hand.
1555,4669,0,9,74,83,1.108433734939759,0.03433618941078538,625,No. I said knock it into the stone age!
1562,4669,1,7,75,83,1.108433734939759,0.03837749683764797,625,"You have to hit the ball, not the pitcher."
1564,4669,2,5,76,83,1.108433734939759,0.042032019030663156,625,Now batting from the Stone ERA...
1580,4669,1,7,75,83,1.108433734939759,0.03837749683764797,625,I bet you didn’t know the ‘pinch’ in pinch hitter is all about the opposable thumbs.
1608,4669,1,7,75,83,1.108433734939759,0.03837749683764797,625,"If you slide home, its gonna hurt!"
1237,4669,1,7,75,83,1.108433734939759,0.03837749683764797,625,Are you sure he remembers not to knock the catcher out this time?
1609,4669,1,7,75,83,1.108433734939759,0.03837749683764797,625,"Remember, you don't drag a woman by her hair when you run the bases."
834,4669,0,9,74,83,1.108433734939759,0.03433618941078538,625,"Donald, you can not win the game by beating everyone up with a club!"
743,4669,1,7,75,83,1.108433734939759,0.03837749683764797,625,"I'm fluent in grunt-speak, and you're outta here if you insult me again."
12,4669,1,7,75,83,1.108433734939759,0.03837749683764797,625,"Watch out dude, I'm fresh from the man-cave with a brand new dino bat to swing."
26,4669,3,3,77,83,1.108433734939759,0.045393270250824395,625,"I bet cave-chicks dig the long ball too"", huh"
108,4669,0,9,74,83,1.108433734939759,0.03433618941078538,625,You guys don’t have a clean up man?
120,4669,1,7,75,83,1.108433734939759,0.03837749683764797,625,It's time to shave.
167,4669,1,7,75,83,1.108433734939759,0.03837749683764797,625,Thats what she said!
2667,4669,0,9,74,83,1.108433734939759,0.03433618941078538,625,Guess you never heard of George Brett!
280,4669,2,5,76,83,1.108433734939759,0.042032019030663156,625,Are you batting clean-up or clan out
292,4669,1,7,75,83,1.108433734939759,0.03837749683764797,625,Try striking the ball not the batter.
311,4669,0,9,74,83,1.108433734939759,0.03433618941078538,625,cool mammoth hide throwback uniform...
328,4669,0,9,74,83,1.108433734939759,0.03433618941078538,625,The game has really evolved since back in the day
380,4669,1,7,75,83,1.108433734939759,0.03837749683764797,625,You forgot to wear your batting helmet.
407,4669,1,7,75,83,1.108433734939759,0.03837749683764797,625,So you're the cave man slugger everyone is talking about!
424,4669,1,7,75,83,1.108433734939759,0.03837749683764797,625,These PEDs are out of control!
454,4669,1,7,75,83,1.108433734939759,0.03837749683764797,625,"If you ask me, we went too far with the throwback jerseys this year."
796,4669,1,7,75,83,1.108433734939759,0.03837749683764797,625,"Stick,, ball,,but pit not tar"
462,4669,0,9,74,83,1.108433734939759,0.03433618941078538,625,"This isn't Bedrock, rookie. Put a damn helmet on."
465,4669,0,9,74,83,1.108433734939759,0.03433618941078538,625,Sorry there are no dames on the other team.  Try to hit the ball instead.
478,4669,1,7,75,83,1.108433734939759,0.03837749683764797,625,How did a woman as lovely and gracious as your mother raise such a monster?
486,4669,2,5,76,83,1.108433734939759,0.042032019030663156,625,Hey old-timer still think you got some stick.
510,4669,1,7,75,83,1.108433734939759,0.03837749683764797,625,"I like your style.  On the Yankees, beards are forbidden."
570,4669,1,7,75,83,1.108433734939759,0.03837749683764797,625,"This is an old times game,isn't it?"
579,4669,1,7,75,83,1.108433734939759,0.03837749683764797,625,What  club  are  you  with ?
583,4669,1,7,75,83,1.108433734939759,0.03837749683764797,625,Those time-traveling talent scouts weren't kidding when they said your technique was primitive.
616,4669,0,9,74,83,1.108433734939759,0.03433618941078538,625,You must be the franchise player.
634,4669,1,7,75,83,1.108433734939759,0.03837749683764797,625,I call it my “Persuader”
654,4669,1,7,75,83,1.108433734939759,0.03837749683764797,625,I'm pretty sure the League requires shoes.
688,4669,1,7,75,83,1.108433734939759,0.03837749683764797,625,Maybe a ball in the Paleolithic age but at Citi Field it's a strike.
710,4669,0,9,74,83,1.108433734939759,0.03433618941078538,625,Can I play too?
713,4669,0,9,74,83,1.108433734939759,0.03433618941078538,625,So you’re the new prospect...Summers Pastime?
718,4669,1,7,75,83,1.108433734939759,0.03837749683764797,625,So you've been on that Paleo Diet?
463,4669,0,9,74,83,1.108433734939759,0.03433618941078538,625,It's A-Club.
1615,4669,2,5,76,83,1.108433734939759,0.042032019030663156,625,Are they pitching meatballs?
264,4669,1,7,75,83,1.108433734939759,0.03837749683764797,625,Me just learn to walk.
1681,4669,1,7,75,83,1.108433734939759,0.03837749683764797,625,"I didn't say it was a bat.  It's a club, from the clubhouse."
2128,4669,0,9,74,83,1.108433734939759,0.03433618941078538,625,I thought you already got three strikes
2166,4669,0,9,74,83,1.108433734939759,0.03433618941078538,625,Bunt sign
2187,4669,1,7,75,83,1.108433734939759,0.03837749683764797,625,I was just called up from the homo erectus league. I hope I can adjust to your bigger strike zone.
2195,4669,1,7,75,83,1.108433734939759,0.03837749683764797,625,"Didn't they tell you, the old-timers game is next week."
2199,4669,0,9,74,83,1.108433734939759,0.03433618941078538,625,Go back to what you call “the cave” and find a regulation bat.
2204,4669,1,7,75,83,1.108433734939759,0.03837749683764797,625,This is the one time it's okay to swing your club.
2216,4669,1,7,75,83,1.108433734939759,0.03837749683764797,625,"Hey, O'l timer."
2243,4669,1,7,75,83,1.108433734939759,0.03837749683764797,625,Make this one for the prehistory books.
2250,4669,1,7,75,83,1.108433734939759,0.03837749683764797,625,Did they just bring you up from the Developmental League?
2252,4669,1,7,75,83,1.108433734939759,0.03837749683764797,625,"I know this is baseball,but do you have to be such a thug?"
2300,4669,2,5,76,83,1.108433734939759,0.042032019030663156,625,"No shoes, no serve."
2304,4669,1,7,75,83,1.108433734939759,0.03837749683764797,625,"Fortunately, Old Timers' Day comes but once a year."
2340,4669,0,9,74,83,1.108433734939759,0.03433618941078538,625,My next hit is going to be fire.
2347,4669,1,7,75,83,1.108433734939759,0.03837749683764797,625,I hope you’re not disappointed that you can only hit balls instead of heads here.”
2373,4669,0,9,74,83,1.108433734939759,0.03433618941078538,625,"Hey Bob, I'm giving this Paleo diet one more week."
2399,4669,2,5,76,83,1.108433734939759,0.042032019030663156,625,"If you are planning to slide feet first into the bases, I hope you are wearing underwear."
2407,4669,0,9,74,83,1.108433734939759,0.03433618941078538,625,"I think you took ""throwback uniform day"" a little too far."
2433,4669,1,7,75,83,1.108433734939759,0.03837749683764797,625,Play to win.
2441,4669,2,5,76,83,1.108433734939759,0.042032019030663156,625,Me still wait for pitching coach to leave mound!
2449,4669,0,9,74,83,1.108433734939759,0.03433618941078538,625,Aren't you a little old to be a rookie?
2487,4669,0,9,74,83,1.108433734939759,0.03433618941078538,625,where is your batting helmet?
2522,4669,0,9,74,83,1.108433734939759,0.03433618941078538,625,This is the best outfit for ball games.
2524,4669,2,5,76,83,1.108433734939759,0.042032019030663156,625,You guys really know how to do dress down Friday’s.
2556,4669,0,9,74,83,1.108433734939759,0.03433618941078538,625,Geriatric night at Yankee Stadium
2583,4669,1,7,75,83,1.108433734939759,0.03837749683764797,625,What mean 'bat not regulation?'
2610,4669,0,9,74,83,1.108433734939759,0.03433618941078538,625,That's part of the new rules to speed up the game.
2622,4669,0,9,74,83,1.108433734939759,0.03433618941078538,625,You have to hit that round white thing not my head.
2644,4669,0,9,74,83,1.108433734939759,0.03433618941078538,625,"Uhhh
Isn’t this the Coliseum?"
1624,4669,1,7,75,83,1.108433734939759,0.03837749683764797,625,Is this your first time playing the game?
2109,4669,1,7,75,83,1.108433734939759,0.03837749683764797,625,It’s still gonna hurt when I hit you! Ugh
2078,4669,1,7,75,83,1.108433734939759,0.03837749683764797,625,"Aren't you taking ""old school"" a bit far?"
2603,4669,2,5,76,83,1.108433734939759,0.042032019030663156,625,"When I said ""strike"" you didn't have to hit me THAT hard."
2065,4669,0,9,74,83,1.108433734939759,0.03433618941078538,625,"No jockstrap,  not a problem."
1863,4669,1,7,75,83,1.108433734939759,0.03837749683764797,625,They don't wear batting gloves where I come from.
1856,4669,1,7,75,83,1.108433734939759,0.03837749683764797,625,"When I start swingin', yer gonna need a lot more protection."
1821,4669,0,9,74,83,1.108433734939759,0.03433618941078538,625,"I don't know what the MLB rules say, but I do know that the batboy just got a hernia from having to lug that around."
1804,4669,1,7,75,83,1.108433734939759,0.03837749683764797,625,Sorry it's been so long. He specializes in slow balls.
1788,4669,1,7,75,83,1.108433734939759,0.03837749683764797,625,The bat is pine. The tar is on my feet.
1787,4669,0,9,74,83,1.108433734939759,0.03433618941078538,625,Hey!  The pine-tar rubbed off from my uniform.
1874,4669,0,9,74,83,1.108433734939759,0.03433618941078538,625,Have you ever heard of deodorant?
1777,4669,0,9,74,83,1.108433734939759,0.03433618941078538,625,Throwback Thursdays
1768,4669,1,7,75,83,1.108433734939759,0.03837749683764797,625,Neanderball.
1761,4669,0,9,74,83,1.108433734939759,0.03433618941078538,625,"I don’t care how big your bat is.  But, you do have to have a baseball cap on."
1754,4669,0,9,74,83,1.108433734939759,0.03433618941078538,625,I thought you went extinct like the Expos.
1734,4669,1,7,75,83,1.108433734939759,0.03837749683764797,625,"Okay,you can call it a Cave Run"
1706,4669,0,9,74,83,1.108433734939759,0.03433618941078538,625,"Wow, Babe Ruth's bat was only 54 ounces!"
2071,4669,1,7,75,83,1.108433734939759,0.03837749683764797,625,"I thought we were playing the LA Angles, not the Teen Angels"
1774,4669,1,7,75,83,1.108433734939759,0.03837749683764797,625,You gonna wanna back up. I trained swingin' wide bustin' skulls.
1884,4669,2,5,76,83,1.108433734939759,0.042032019030663156,625,Back Up!
1684,4669,0,9,74,83,1.108433734939759,0.03433618941078538,625,It’s simple. Just imagine it’all dinner.
2026,4669,1,7,75,83,1.108433734939759,0.03837749683764797,625,"If I miss that mammoth, you're going to need a bigger mitt."
2024,4669,0,9,74,83,1.108433734939759,0.03433618941078538,625,It's ball or strike.  No mates.
2022,4669,0,9,74,83,1.108433734939759,0.03433618941078538,625,We're not that kind of a club.
2010,4669,1,7,75,83,1.108433734939759,0.03837749683764797,625,You're taking the retro uniform look a little too far!
1901,4669,1,7,75,83,1.108433734939759,0.03837749683764797,625,We have to check that bat for cork.
1999,4669,0,9,74,83,1.108433734939759,0.03433618941078538,625,I don't care what they  told you.  Baseball rules say that you  have to wear a cap.
1995,4669,0,9,74,83,1.108433734939759,0.03433618941078538,625,"I wrote your name in the baseball field, Klossner"
1994,4669,0,9,74,83,1.108433734939759,0.03433618941078538,625,Trade you my bat for your face guard!
1979,4669,1,7,75,83,1.108433734939759,0.03837749683764797,625,"Where's your ball cap, Slugger?"
1962,4669,1,7,75,83,1.108433734939759,0.03837749683764797,625,"Per the scouting report, you can’t bunt, but can hunt."
1945,4669,1,7,75,83,1.108433734939759,0.03837749683764797,625,"Excuse me, did you notice a triceratops run by just now?"
1914,4669,0,9,74,83,1.108433734939759,0.03433618941078538,625,"Remember, the only thing you should hit with that big stick you have is a white ball."
1908,4669,2,5,76,83,1.108433734939759,0.042032019030663156,625,I don't care if our dugout is nicer than your dugout.
1963,4669,1,7,75,83,1.108433734939759,0.03837749683764797,625,That's Really old-school baseball.
5547,4956,1,7,77,85,1.1058823529411765,0.03751201268570391,625,You guys take 'Turn Back the Clock Night' to a new level.
3375,4957,1,6,73,80,1.1,0.03815358702051022,625,"Listen, pal. You’re not getting anything down the middle. You invented the wheelhouse."
3387,4957,0,8,72,80,1.1,0.033752637027780724,625,Repeat after me . . .  Hit. Run. Out. Hit. Run. Out.
3407,4957,2,4,74,80,1.1,0.04209693455269846,625,"Hi, I'm here for the club tryouts."
3417,4957,0,8,72,80,1.1,0.033752637027780724,625,I betcha can't make it to first base.
3822,4957,1,6,73,80,1.1,0.03815358702051022,625,These Minor League promotional nights are getting out of control
3329,4957,0,8,72,80,1.1,0.033752637027780724,625,"Long time, no see, Neander."
3274,4957,1,6,73,80,1.1,0.03815358702051022,625,"Sorry, but the DH is only in the American League.   This is the National League, and pitchers have to bat."
3427,4957,0,8,72,80,1.1,0.033752637027780724,625,Is the inning over yet?
3221,4957,2,4,74,80,1.1,0.04209693455269846,625,"Sir, we don't sell fire here. You can get that up in commissary."
3205,4957,1,6,73,80,1.1,0.03815358702051022,625,Just called up from the millennium league
3170,4957,0,8,72,80,1.1,0.033752637027780724,625,Please don't beat us.
3332,4957,0,8,72,80,1.1,0.033752637027780724,625,That ball took me thirty years to make.
3261,4957,1,6,73,80,1.1,0.03815358702051022,625,I ‘m told you also do anaytics
3593,4957,0,8,72,80,1.1,0.033752637027780724,625,Millennials are taking this retro thing too far
3477,4957,0,8,72,80,1.1,0.033752637027780724,625,Not my fault! I warned that Ump that I have a vicious over-swing!
3479,4957,0,8,72,80,1.1,0.033752637027780724,625,The potential side effects of PEDs
3521,4957,1,6,73,80,1.1,0.03815358702051022,625,Gotta love vintage uniform day.
3532,4957,1,6,73,80,1.1,0.03815358702051022,625,How are things down  in the Neanderthal League?
3534,4957,1,6,73,80,1.1,0.03815358702051022,625,Facial hair is one thing...
3611,4957,2,4,74,80,1.1,0.04209693455269846,625,"Wow ! Your team took old school uniform day, and ran with it."
3689,4957,0,8,72,80,1.1,0.033752637027780724,625,What? I’m trying the paleo diet...
3704,4957,0,8,72,80,1.1,0.033752637027780724,625,I'm pretty sure that's not a regulation bat.
3727,4957,1,6,73,80,1.1,0.03815358702051022,625,Thinking signaling a fast ball.
3738,4957,0,8,72,80,1.1,0.033752637027780724,625,"Where'd you get that ridiculous uniform?  

Now batting for the  Neanderthals, ..... 

The Babe is back!"
3141,4957,0,8,72,80,1.1,0.033752637027780724,625,Time-out's gotta hurt.
3848,4957,1,6,73,80,1.1,0.03815358702051022,625,"Yes, we can tell a home from a plate, you duplex-dwelling dunce."
3815,4957,1,6,73,80,1.1,0.03815358702051022,625,You: immigrant catcher. Me American. I hit ball into your country.
3825,4957,1,6,73,80,1.1,0.03815358702051022,625,It's a Bedrock game again
3432,4957,1,6,73,80,1.1,0.03815358702051022,625,"Sorry, your game is at 1 am."
3777,4957,1,6,73,80,1.1,0.03815358702051022,625,"I get it, fashion is cyclical but Silence of the Lambs is so 90's"""
2819,4957,1,6,73,80,1.1,0.03815358702051022,625,"Good luck dude, this pitcher's ERA is Paleolithic."
3095,4957,0,8,72,80,1.1,0.033752637027780724,625,Old Timers Day is next week!
2456,4957,0,8,72,80,1.1,0.033752637027780724,625,What's all this crap about balls and strikes!
2470,4957,0,8,72,80,1.1,0.033752637027780724,625,Just got here from the minors - couldn't find a uniform that fit ........
2486,4957,0,8,72,80,1.1,0.033752637027780724,625,"Let me guess caveman, your name is Casey..."
2534,4957,1,6,73,80,1.1,0.03815358702051022,625,"Well, it's clear from down here that you're already playing small ball."
3933,4957,2,4,74,80,1.1,0.04209693455269846,625,"Cast-off circus Cave-Man, Erg, tries baseball, having failed miserably at golf."
2593,4957,1,6,73,80,1.1,0.03815358702051022,625,The dress code on your team is so very different than the Yankees.  Just don't bend over too far!
2646,4957,1,6,73,80,1.1,0.03815358702051022,625,I knew extending the season to October 31 would be a problem.
2663,4957,1,6,73,80,1.1,0.03815358702051022,625,Go back to the dugout; you forgot your cleats again.
2666,4957,0,8,72,80,1.1,0.033752637027780724,625,"Jeez, with the Tariffs on Foreign products, we're going back to the Stone Ages"
2679,4957,0,8,72,80,1.1,0.033752637027780724,625,Someone said you needed a pinch-hitter.
2721,4957,1,6,73,80,1.1,0.03815358702051022,625,Call it right down the middle and I promise not to eat you.
2723,4957,1,6,73,80,1.1,0.03815358702051022,625,"You’re not ready yet, rook."
2724,4957,0,8,72,80,1.1,0.033752637027780724,625,Triple A Neanderthal League?
2728,4957,1,6,73,80,1.1,0.03815358702051022,625,You must be just up from the minors.
2745,4957,1,6,73,80,1.1,0.03815358702051022,625,You ready to get some fireballs?
2777,4957,1,6,73,80,1.1,0.03815358702051022,625,Forgetaboutit - Go back to the fantasy league where you belong.
2792,4957,0,8,72,80,1.1,0.033752637027780724,625,I thought you played for the Red Socks.
2871,4957,0,8,72,80,1.1,0.033752637027780724,625,This game is out of your league.
2875,4957,0,8,72,80,1.1,0.033752637027780724,625,You battin' for the Neanderthal or the Denisovan?
2895,4957,1,6,73,80,1.1,0.03815358702051022,625,"Hate to be a buzzkill, chief, but people nowadays expect delivery of customized, even gluten-free, meals in the stands."
2902,4957,0,8,72,80,1.1,0.033752637027780724,625,Don't even THINK of asking for a video replay.
2932,4957,2,4,74,80,1.1,0.04209693455269846,625,Don’t cave in on his fadtball
2939,4957,0,8,72,80,1.1,0.033752637027780724,625,Helmet! You said? That’s an interesting headgear
2980,4957,1,6,73,80,1.1,0.03815358702051022,625,Nice outfit!
3041,4957,1,6,73,80,1.1,0.03815358702051022,625,"The writing's on the wall, you're gonna cave to the pressure"
3042,4957,1,6,73,80,1.1,0.03815358702051022,625,Have you ever played quartz ball before?
3051,4957,0,8,72,80,1.1,0.033752637027780724,625,"Don't worry, I've got this."
3056,4957,0,8,72,80,1.1,0.033752637027780724,625,Your spray painting was dainty
3081,4957,0,8,72,80,1.1,0.033752637027780724,625,Betcha a T Rex thigh bone they told you to take two and hit to right.
3125,4957,0,8,72,80,1.1,0.033752637027780724,625,You been doing the Paleo?
3934,4957,1,6,73,80,1.1,0.03815358702051022,625,"""You up from the minors?"""
4707,4957,1,6,73,80,1.1,0.03815358702051022,625,"One of those pinch hitters from the Pro-Magnon League, I presume?"
3948,4957,1,6,73,80,1.1,0.03815358702051022,625,"For the last time, this isn't a costume party."
5675,4957,0,8,72,80,1.1,0.033752637027780724,625,Talks are going nowhere with management. Time to use some good old union tactics.
4791,4957,0,8,72,80,1.1,0.033752637027780724,625,I hope you didn’t get the “hit and run” sign!
4798,4957,2,4,74,80,1.1,0.04209693455269846,625,Prehistoric Batter UP ?
4815,4957,1,6,73,80,1.1,0.03815358702051022,625,You must be from the new ball club.
4874,4957,0,8,72,80,1.1,0.033752637027780724,625,You must be from the new dugout.
4883,4957,1,6,73,80,1.1,0.03815358702051022,625,You just up from the Minors??
5649,4957,2,4,74,80,1.1,0.04209693455269846,625,Didn't you play for the Rockies?
5634,4957,1,6,73,80,1.1,0.03815358702051022,625,Wanna see how well your helmet works?
5511,4957,2,4,74,80,1.1,0.04209693455269846,625,You're in the wrong stadium. Try the Tigers.
5474,4957,0,8,72,80,1.1,0.033752637027780724,625,"After last night, we couldn't find any willing to call a ball against you."
5470,4957,1,6,73,80,1.1,0.03815358702051022,625,That's a major league ball club.
5467,4957,0,8,72,80,1.1,0.033752637027780724,625,let's start with strike one
5447,4957,1,6,73,80,1.1,0.03815358702051022,625,I understand you picked to help keep your team in the hunt.
4787,4957,2,4,74,80,1.1,0.04209693455269846,625,"I'm just sayin, that better not be filled with cork"
5414,4957,0,8,72,80,1.1,0.033752637027780724,625,"Maybe you are, but I have to tell you I still don't like the designated hitter rule."
5341,4957,0,8,72,80,1.1,0.033752637027780724,625,"No, bring a club. This season doesn’t have too many players."
5335,4957,0,8,72,80,1.1,0.033752637027780724,625,Please know that if they expand the batter's box to accommodate your size you'll find my head at the point of your swing.
5245,4957,1,6,73,80,1.1,0.03815358702051022,625,"Make it count, Neanderthal - this is your last crack at making history!"
5190,4957,2,4,74,80,1.1,0.04209693455269846,625,Two more curveballs and you're out
5188,4957,1,6,73,80,1.1,0.03815358702051022,625,Cro-Mag at the bat.
5071,4957,0,8,72,80,1.1,0.033752637027780724,625,"""This is baseball, not baseline."""
5033,4957,0,8,72,80,1.1,0.033752637027780724,625,"No cleats, again?"
4997,4957,0,8,72,80,1.1,0.033752637027780724,625,You won't be able to hit it. It's not a rock.
4992,4957,0,8,72,80,1.1,0.033752637027780724,625,"Well, you should have some expertise after all these years in the game"""
2440,4957,1,6,73,80,1.1,0.03815358702051022,625,That's not at all what I meant by a 'Meatball'
4978,4957,1,6,73,80,1.1,0.03815358702051022,625,In Baseball; ERAs are irrelevant. What matters is how you approach the current batter.
4991,4957,0,8,72,80,1.1,0.033752637027780724,625,"How’s a bad time, but ... matches."
4960,4957,1,6,73,80,1.1,0.03815358702051022,625,They should've called this game back in the Dark Ages.
5385,4957,1,6,73,80,1.1,0.03815358702051022,625,"""Dude!  Too many mammoth-burgers."""
4785,4957,2,4,74,80,1.1,0.04209693455269846,625,"Sorry , you need a regulation bat!"
4751,4957,0,8,72,80,1.1,0.033752637027780724,625,"A ""K"" could be devastating for you...just sayin'"
4672,4957,2,4,74,80,1.1,0.04209693455269846,625,Is that your rhythm stick?
3975,4957,0,8,72,80,1.1,0.033752637027780724,625,"Dude, you've never hit the curve ball and you never will."
3998,4957,0,8,72,80,1.1,0.033752637027780724,625,Keep on eye out for Flinstone; that guy's gonna be a star!
4017,4957,0,8,72,80,1.1,0.033752637027780724,625,You call it a club. I call it the Paleolithic Slugger.
4034,4957,1,6,73,80,1.1,0.03815358702051022,625,So that's where that look was heading.
4041,4957,0,8,72,80,1.1,0.033752637027780724,625,The old-timers game was yesterday
4046,4957,1,6,73,80,1.1,0.03815358702051022,625,This time they've really gone too far with Turn Back the Clock.
4064,4957,1,6,73,80,1.1,0.03815358702051022,625,"That's not what I meant by ""bring your ball club."""
4107,4957,1,6,73,80,1.1,0.03815358702051022,625,"""With my one strike you will be out!"""
4134,4957,1,6,73,80,1.1,0.03815358702051022,625,"This is the Farm League, son. Time to put on your Homo Erectus pants."
4157,4957,0,8,72,80,1.1,0.033752637027780724,625,"I want a pitcher, not a glass of water."
4188,4957,0,8,72,80,1.1,0.033752637027780724,625,"Uh, I think you went to the wrong clubhouse"
4190,4957,1,6,73,80,1.1,0.03815358702051022,625,"Sorry, sir, this isn't what we meant when we advertised Bat Day."
4236,4957,1,6,73,80,1.1,0.03815358702051022,625,"Let's go, Clubbies"
4248,4957,1,6,73,80,1.1,0.03815358702051022,625,"That's enough, trade me back to the National League."
4251,4957,1,6,73,80,1.1,0.03815358702051022,625,Do you know that you can't use a 'corked' bat?
4254,4957,1,6,73,80,1.1,0.03815358702051022,625,Does that club have cork in it?
4292,4957,0,8,72,80,1.1,0.033752637027780724,625,The beard is fine; it’s the ‘no shoes and no helmet’ rule that has the home-base ump flummoxed.
4295,4957,0,8,72,80,1.1,0.033752637027780724,625,What’s the deal with these uniforms?
4311,4957,0,8,72,80,1.1,0.033752637027780724,625,"Check the pine tar, pal"
4345,4957,1,6,73,80,1.1,0.03815358702051022,625,In. this. league it's all. about eugenics.
4360,4957,0,8,72,80,1.1,0.033752637027780724,625,I'm on the Keto Diet.
4453,4957,0,8,72,80,1.1,0.033752637027780724,625,Judge? Me not
4489,4957,1,6,73,80,1.1,0.03815358702051022,625,"If I call a strike, and you drop the billy club, will you promise to bring back Unions?"
4497,4957,0,8,72,80,1.1,0.033752637027780724,625,"Team Geico really needs a win today, so just hit it out of the park."
4503,4957,0,8,72,80,1.1,0.033752637027780724,625,Got a problem?  I’m the new pitch hitter!
4545,4957,0,8,72,80,1.1,0.033752637027780724,625,The sleaveless retro uniform enhances my launch angle.
4559,4957,0,8,72,80,1.1,0.033752637027780724,625,Hello Mr. Roosevelt.
4591,4957,1,6,73,80,1.1,0.03815358702051022,625,I don't care if it's a Neolithic Slugger. That's not a regulation bat.
4610,4957,2,4,74,80,1.1,0.04209693455269846,625,"See, this is what happens when you don't have a designated hitter."
3943,4957,0,8,72,80,1.1,0.033752637027780724,625,Wow! Is that the new Louisville Slugger?
2372,4957,1,6,73,80,1.1,0.03815358702051022,625,That halloween costume is starting to get old.
123,4957,0,8,72,80,1.1,0.033752637027780724,625,That's  right.  I represent  the dugout club.
2285,4957,0,8,72,80,1.1,0.033752637027780724,625,Me could never be catcher in uniform like this.
512,4957,1,6,73,80,1.1,0.03815358702051022,625,"Oh, you think you invented fire... just wait til you see this heat!"
547,4957,0,8,72,80,1.1,0.033752637027780724,625,The wife said I really needed to get out more.
556,4957,1,6,73,80,1.1,0.03815358702051022,625,"Personally, I feel your attempt to intimidate the pitcher is silly."
606,4957,0,8,72,80,1.1,0.033752637027780724,625,WHAT Team are you on? Cavemen or Dinosaurs?
652,4957,0,8,72,80,1.1,0.033752637027780724,625,Swing hard.  Just in case you hit it.
680,4957,0,8,72,80,1.1,0.033752637027780724,625,No. There will be a ball. You hit the ball.
691,4957,1,6,73,80,1.1,0.03815358702051022,625,The directions on the cave wall?
708,4957,1,6,73,80,1.1,0.03815358702051022,625,Maybe you should let your fingers do the talking.
715,4957,0,8,72,80,1.1,0.033752637027780724,625,I notice you don’t wear batting gloves
716,4957,1,6,73,80,1.1,0.03815358702051022,625,I'll never be able to run home.
734,4957,1,6,73,80,1.1,0.03815358702051022,625,"well, i see the Neanderthals have a new lead off hitter this game. . ."
750,4957,0,8,72,80,1.1,0.033752637027780724,625,Fans can be hard-- don't take the '...not a belly scratcher!' chants too personally.
780,4957,1,6,73,80,1.1,0.03815358702051022,625,What’s a home run!
804,4957,2,4,74,80,1.1,0.04209693455269846,625,"Same rules, but we added a declared walk to speed things up."
813,4957,0,8,72,80,1.1,0.033752637027780724,625,What transgender designation are you?
825,4957,1,6,73,80,1.1,0.03815358702051022,625,"No I said, I am not taking a knee. Have you never heard of a double negative?"
831,4957,1,6,73,80,1.1,0.03815358702051022,625,I'm just here to do anything to help the club.
955,4957,0,8,72,80,1.1,0.033752637027780724,625,So you must be the rookie they called up from the Cro-Magnon League.
962,4957,1,6,73,80,1.1,0.03815358702051022,625,Break a rock!
963,4957,1,6,73,80,1.1,0.03815358702051022,625,Stand back!
1024,4957,1,6,73,80,1.1,0.03815358702051022,625,"You're so old, you live in cave!"
1036,4957,1,6,73,80,1.1,0.03815358702051022,625,"Nice bat, your new uniform not so much."
1041,4957,1,6,73,80,1.1,0.03815358702051022,625,"I am going to request that the Umpire check that bat and see if it is corked!"""
508,4957,0,8,72,80,1.1,0.033752637027780724,625,"homie, I may or may have not soiled myself."
1074,4957,0,8,72,80,1.1,0.033752637027780724,625,"Yeah, I waived my no trade clause when the team changed their uniforms."
494,4957,1,6,73,80,1.1,0.03815358702051022,625,You're out ... of your cave
474,4957,0,8,72,80,1.1,0.033752637027780724,625,"No matter how many times they yell it, I still don't feel 'safe'."
50,4957,0,8,72,80,1.1,0.033752637027780724,625,Why are you wearing so many clothes?
58,4957,1,6,73,80,1.1,0.03815358702051022,625,"Sorry, only regulation equipment allowed."
69,4957,2,4,74,80,1.1,0.04209693455269846,625,"Yes, you could clobber me but you'd  get thrown out of the game, OR you can hit the small ball really hard, many, many times, and receive seven figure endorsements."
77,4957,1,6,73,80,1.1,0.03815358702051022,625,May I suggest a bat with more predictable outcomes?
90,4957,1,6,73,80,1.1,0.03815358702051022,625,Something tells me you never settle for the first weapon out of the rack.
138,4957,1,6,73,80,1.1,0.03815358702051022,625,Strike three. You out.
144,4957,0,8,72,80,1.1,0.033752637027780724,625,"Hey, buddy:  is that uniform regulation?"
159,4957,0,8,72,80,1.1,0.033752637027780724,625,I'm here to skip some stones.
177,4957,0,8,72,80,1.1,0.033752637027780724,625,"Yes, the dugout is sort of like a cave."
180,4957,1,6,73,80,1.1,0.03815358702051022,625,Nowadays everyone wants a bigger bat.
182,4957,0,8,72,80,1.1,0.033752637027780724,625,"I'm on the paleo diet. You got a problem with that?"""
186,4957,1,6,73,80,1.1,0.03815358702051022,625,Babe Ugg. Neandertal. Me hit ball.
189,4957,1,6,73,80,1.1,0.03815358702051022,625,Now batting: baseball's fan demographic.
207,4957,1,6,73,80,1.1,0.03815358702051022,625,This new international player exchange program sure makes the game interesting...
209,4957,0,8,72,80,1.1,0.033752637027780724,625,We did our homework on you.
238,4957,1,6,73,80,1.1,0.03815358702051022,625,"Remember, no one likes a bat flipper."
245,4957,1,6,73,80,1.1,0.03815358702051022,625,Is that a bat or a drumstick?
252,4957,1,6,73,80,1.1,0.03815358702051022,625,Which league did they call you up from?
259,4957,1,6,73,80,1.1,0.03815358702051022,625,"Grog, you know that's not regulation."
274,4957,1,6,73,80,1.1,0.03815358702051022,625,Quit mocking our throwback uniforms!
290,4957,0,8,72,80,1.1,0.033752637027780724,625,Is that bat even allowed?
331,4957,1,6,73,80,1.1,0.03815358702051022,625,Going old school huh ?
356,4957,1,6,73,80,1.1,0.03815358702051022,625,"I've heard of throwback uniforms, but this is ridiculous!"
485,4957,0,8,72,80,1.1,0.033752637027780724,625,I'm guessing you're into Saber-tooth metrics
1080,4957,1,6,73,80,1.1,0.03815358702051022,625,My cave has writing on the wall too!
2322,4957,2,4,74,80,1.1,0.04209693455269846,625,I understand they brought you up from Class A Cave City
1088,4957,0,8,72,80,1.1,0.033752637027780724,625,You must be the pinch hitter from the National Club Baseball Association?
1738,4957,3,2,75,80,1.1,0.045701286578571386,625,Oso Blanco? Really?
1753,4957,0,8,72,80,1.1,0.033752637027780724,625,Club house baseball. Pound the rock basketball
1778,4957,0,8,72,80,1.1,0.033752637027780724,625,"I know the owner disapproves of throwback uniforms, but he wasn't a fan of the beard when I first grew it either."
1824,4957,0,8,72,80,1.1,0.033752637027780724,625,Hit ball-No eat ball
1836,4957,1,6,73,80,1.1,0.03815358702051022,625,Shoulda' worn your cleats.
1844,4957,1,6,73,80,1.1,0.03815358702051022,625,It feels like he's throwing rocks today.
1894,4957,3,2,75,80,1.1,0.045701286578571386,625,Just called up from the menhir leagues?
1904,4957,1,6,73,80,1.1,0.03815358702051022,625,"Me retire from Mammoth bashing, try Double-A baseball."
1905,4957,1,6,73,80,1.1,0.03815358702051022,625,I hear someone here wants to run home.
1916,4957,0,8,72,80,1.1,0.033752637027780724,625,You never played against the New York Neanderthals?
1936,4957,1,6,73,80,1.1,0.03815358702051022,625,Your 1st at bat?
2001,4957,1,6,73,80,1.1,0.03815358702051022,625,Thats not a regulation uniform for this time period
2027,4957,1,6,73,80,1.1,0.03815358702051022,625,Watch yourself. This pitcher is brutal!
2068,4957,2,4,74,80,1.1,0.04209693455269846,625,The scout convinced me that after crushing skulls  swatting  a baseball would be childs play.
2079,4957,0,8,72,80,1.1,0.033752637027780724,625,Oh. I rush the mound cuz he hit me with a pitch and *I’m* the Neanderthal?
2081,4957,2,4,74,80,1.1,0.04209693455269846,625,"I'm tellin' ya, the speed-up rules mean ya gotta change!"
2104,4957,1,6,73,80,1.1,0.03815358702051022,625,I refuse to call it 'Cave Plate'.
2110,4957,0,8,72,80,1.1,0.033752637027780724,625,So your that guy that wants to make baseball great again?
2132,4957,1,6,73,80,1.1,0.03815358702051022,625,What happens to the batter on deck?
2150,4957,1,6,73,80,1.1,0.03815358702051022,625,"If I hear another word about your Paleo diet, I'll get you plunked!"
2169,4957,1,6,73,80,1.1,0.03815358702051022,625,"I'm an ""originator"" okay pal?"
2238,4957,1,6,73,80,1.1,0.03815358702051022,625,"Listen, BAM BAM, I'm saying it's pine tar!"
1086,4957,1,6,73,80,1.1,0.03815358702051022,625,"Listen Pete, you just can't be here."
1707,4957,0,8,72,80,1.1,0.033752637027780724,625,"Today, you can only Club the ball..."
1683,4957,2,4,74,80,1.1,0.04209693455269846,625,The Battle of the Sexes wasn’t good enough for American audiences.
1797,4957,1,6,73,80,1.1,0.03815358702051022,625,"XL only ball, please"
1618,4957,0,8,72,80,1.1,0.033752637027780724,625,Where’s the helment?
1205,4957,1,6,73,80,1.1,0.03815358702051022,625,"You may be from La Brea, but you're still not supposed to have more than 18"" of that stuff on your hat."
1235,4957,0,8,72,80,1.1,0.033752637027780724,625,I hit for the mammoth crowd straight out of the all park every time.
1248,4957,2,4,74,80,1.1,0.04209693455269846,625,I have one of the luckiest beards on the face of my friend Tony’s hubris.
1255,4957,0,8,72,80,1.1,0.033752637027780724,625,"Back in my day, we didn't get helmets."
1266,4957,3,2,75,80,1.1,0.045701286578571386,625,"Yea, that Paleo diet has done wonders for my batting average."
1280,4957,0,8,72,80,1.1,0.033752637027780724,625,"Nope, sorry but you're not up for another several thousand years"
1649,4957,1,6,73,80,1.1,0.03815358702051022,625,What do you mean I’m underprepared...I showed up like this to the helsinki summit and it was just fine!
1325,4957,1,6,73,80,1.1,0.03815358702051022,625,They just brought me up from the Late Pleistocene last week...
1342,4957,0,8,72,80,1.1,0.033752637027780724,625,You’re playing the original version?
1360,4957,0,8,72,80,1.1,0.033752637027780724,625,You can't play with prehistoric pine tar on your bat.
1368,4957,0,8,72,80,1.1,0.033752637027780724,625,"Sorry, Bud. You're in the wrong place. No women on this field ..."
1375,4957,0,8,72,80,1.1,0.033752637027780724,625,I heard they were giving you guys a TV show too. What happened there?
1289,4957,1,6,73,80,1.1,0.03815358702051022,625,"Hey, I thought you guys were extinct. Do you still bunt, move the runner over and hustle after every play?"
1413,4957,2,4,74,80,1.1,0.04209693455269846,625,"No, Trog, don't strike ME!"
1490,4957,1,6,73,80,1.1,0.03815358702051022,625,"Remember, these are just pads; the league is going to penalize you if you make turtle soup out of one more catcher."
1510,4957,1,6,73,80,1.1,0.03815358702051022,625,What league are you from?
1540,4957,1,6,73,80,1.1,0.03815358702051022,625,"Gee, we haven't played your team since ages ago."
1541,4957,1,6,73,80,1.1,0.03815358702051022,625,"Knock it out of the Jurrasic park, buddy."
1557,4957,2,4,74,80,1.1,0.04209693455269846,625,you might not want to crowd that plate..'
1577,4957,0,8,72,80,1.1,0.033752637027780724,625,It's made of mammoth. Carved it myself.
1603,4957,1,6,73,80,1.1,0.03815358702051022,625,Scram! You're in the wrong ball park kid.
1605,4957,2,4,74,80,1.1,0.04209693455269846,625,Nothing but change ups and curve balls. These guys are looking for fire.
1612,4957,0,8,72,80,1.1,0.033752637027780724,625,"You guys are taking 'throw back' jersey night a bit far don't ya think? 
Like reeeeaaaal far!"
1399,4957,0,8,72,80,1.1,0.033752637027780724,625,"Anything to break out of a slump, huh?"
1926,5192,0,8,73,81,1.0987654320987654,0.03335618786692912,625,Who schedules the World Series on Halloween?
2795,5192,0,8,73,81,1.0987654320987654,0.03335618786692912,625,"The bat could put out a few windows across the street, but wouldn’t count in the scoreboard"
754,5192,1,6,74,81,1.0987654320987654,0.037699830826178934,625,"Mean club you got there, Og. Wait'll you see our designated professional wrestler . . ."
952,5192,2,4,75,81,1.0987654320987654,0.04159229759980991,625,It’s called BASEBALL not stone ball...
2716,5196,1,6,75,82,1.0975609756097562,0.037256712967120645,625,"Yabba dabba doo, how’s the bibs with Aaron Boone?"
1710,5196,1,6,75,82,1.0975609756097562,0.037256712967120645,625,Is that back regulation size?
555,5196,0,8,74,82,1.0975609756097562,0.03296890260324238,625,"I know we're suppose to wear retro jerseys for this game, but you look ridiculous."
477,5196,1,6,75,82,1.0975609756097562,0.037256712967120645,625,I am not a member of a baseball club.  I swing a club.
228,5196,0,8,74,82,1.0975609756097562,0.03296890260324238,625,"I don't get it. Your 'Green Monster' doesn't even have any teeth?"""
5084,5196,0,8,74,82,1.0975609756097562,0.03296890260324238,625,Doubled down on the steroids?
409,5202,0,8,75,83,1.0963855421686748,0.03259046872291925,625,"Do me a favor and try to hang onto that bat, will you please?"
2039,5202,1,6,76,83,1.0963855421686748,0.03682386470551302,625,My bat dates to BC and the Stone Age!
4397,5202,0,8,75,83,1.0963855421686748,0.03259046872291925,625,Your bat's too big
2773,5205,0,7,69,76,1.0921052631578947,0.03339099352749875,625,I've been perfecting my launch angle
3700,5205,0,7,69,76,1.0921052631578947,0.03339099352749875,625,"Sorry, not regulation, back to the clubhouse."
3687,5205,1,5,70,76,1.0921052631578947,0.03828623305753544,625,"No, no caveman... you’re ON a club. 

Bryan Mattimore
Stamford, CT
Bmattimore@growth-engine.com"
3668,5205,0,7,69,76,1.0921052631578947,0.03339099352749875,625,Throwback uniform night really brings out the crowds.
3613,5205,0,7,69,76,1.0921052631578947,0.03339099352749875,625,Be careful of your fingers when I bludgeon.
3566,5205,0,7,69,76,1.0921052631578947,0.03339099352749875,625,"Hey slugger, you know how to punt?"
3543,5205,0,7,69,76,1.0921052631578947,0.03339099352749875,625,Kronk designated hitter.
3419,5205,0,7,69,76,1.0921052631578947,0.03339099352749875,625,"Is he still throwing the spitball?_OR_If he brushes me back, I'm using this club."
3344,5205,0,7,69,76,1.0921052631578947,0.03339099352749875,625,That club is no match for our flame-thrower.
3318,5205,0,7,69,76,1.0921052631578947,0.03339099352749875,625,They kept you in the minors a long time.
3213,5205,1,5,70,76,1.0921052631578947,0.03828623305753544,625,"No, Snerg, you’re supposed to hit the banner, not the pitcher !"
3129,5205,0,7,69,76,1.0921052631578947,0.03339099352749875,625,Dawn of the DH ( desigmnated itter )
3126,5205,0,7,69,76,1.0921052631578947,0.03339099352749875,625,You swing bat. You miss ball. Good.
3096,5205,0,7,69,76,1.0921052631578947,0.03339099352749875,625,"This is going in the stands, chump"
3021,5205,0,7,69,76,1.0921052631578947,0.03339099352749875,625,You no want see me get hit by pitch.
3711,5205,2,3,71,76,1.0921052631578947,0.0426229144324784,625,"Hey mac, this ain't The Flintstones."
3011,5205,0,7,69,76,1.0921052631578947,0.03339099352749875,625,You say the pitcher has an ERA of 2.75? He looks at least Neolithic to me.
2931,5205,0,7,69,76,1.0921052631578947,0.03339099352749875,625,I think you'll have trouble with all the tar.
2828,5205,2,3,71,76,1.0921052631578947,0.0426229144324784,625,Can you direct me to the concession stands?
5442,5205,1,5,70,76,1.0921052631578947,0.03828623305753544,625,"Paleo diet, schmaleo diet-you still can’t hit a curve."
2704,5205,0,7,69,76,1.0921052631578947,0.03339099352749875,625,"Baseball, I don't need your stinking ball!!"
2650,5205,1,5,70,76,1.0921052631578947,0.03828623305753544,625,It's what home WILL look like.
2648,5205,0,7,69,76,1.0921052631578947,0.03339099352749875,625,What do you mean what is a bunt?
2614,5205,1,5,70,76,1.0921052631578947,0.03828623305753544,625,Now I understand why they said you were a five stone tool player
2602,5205,0,7,69,76,1.0921052631578947,0.03339099352749875,625,Up from the Minors?
2599,5205,1,5,70,76,1.0921052631578947,0.03828623305753544,625,Cave Ball
2590,5205,0,7,69,76,1.0921052631578947,0.03339099352749875,625,"Sorry, they require a head protector now."
2528,5205,1,5,70,76,1.0921052631578947,0.03828623305753544,625,You'll never be able to catch up with this guys cave ball.
2506,5205,2,3,71,76,1.0921052631578947,0.0426229144324784,625,Where's the beef?
2488,5205,0,7,69,76,1.0921052631578947,0.03339099352749875,625,It’s not time yet.
2370,5205,0,7,69,76,1.0921052631578947,0.03339099352749875,625,You're in the wrong park. He doesn't throw meatballs.
2996,5205,1,5,70,76,1.0921052631578947,0.03828623305753544,625,Fancy a cave run?
3791,5205,0,7,69,76,1.0921052631578947,0.03339099352749875,625,Just keep your eye on the ball.
3816,5205,0,7,69,76,1.0921052631578947,0.03339099352749875,625,"No, Zeb. I have ZERO interest in going on the paleo diet with you."
5430,5205,1,5,70,76,1.0921052631578947,0.03828623305753544,625,This has nothing to do with lunch.
5393,5205,1,5,70,76,1.0921052631578947,0.03828623305753544,625,"Steroid Era?  No, Prehistoric Era"
5386,5205,1,5,70,76,1.0921052631578947,0.03828623305753544,625,Pitching outside - that bothers you?
5349,5205,1,5,70,76,1.0921052631578947,0.03828623305753544,625,Let's trade places.
5338,5205,0,7,69,76,1.0921052631578947,0.03339099352749875,625,"Good grief, it's the bat from Hell. Walk him!"
5282,5205,0,7,69,76,1.0921052631578947,0.03339099352749875,625,"Does the saying ""Knock it out of the park"" mean anything to you?"
5268,5205,0,7,69,76,1.0921052631578947,0.03339099352749875,625,I draw the line at velociraptors.
5266,5205,0,7,69,76,1.0921052631578947,0.03339099352749875,625,Well strike me down! Gives a whole new meaning to Extra Hitter! Normally sent from dugout not nearest cave!!
5249,5205,1,5,70,76,1.0921052631578947,0.03828623305753544,625,Minor leagues. Troglodyte Division.
5120,5205,0,7,69,76,1.0921052631578947,0.03339099352749875,625,"I admire your pitch selection, it comes so naturally."
5090,5205,1,5,70,76,1.0921052631578947,0.03828623305753544,625,You’re the “next big thing”?
4917,5205,1,5,70,76,1.0921052631578947,0.03828623305753544,625,When’d you guys get a new offensive coordinator?
4914,5205,1,5,70,76,1.0921052631578947,0.03828623305753544,625,Does it count if I avoid getting hit by what the guy over there is getting ready to throw at me?
4868,5205,0,7,69,76,1.0921052631578947,0.03339099352749875,625,The coach told me to hit a scary home run
4814,5205,0,7,69,76,1.0921052631578947,0.03339099352749875,625,"I heard going Paleo helps your game, but don’t you miss the carbs?"
4779,5205,0,7,69,76,1.0921052631578947,0.03339099352749875,625,"Just give it some time and ""Cave""man will be replaced by ""Breg""man!"
4656,5205,1,5,70,76,1.0921052631578947,0.03828623305753544,625,Bam Bam go pow pow on helmet
4611,5205,0,7,69,76,1.0921052631578947,0.03339099352749875,625,Don't expect any gathering errors.
3951,5205,0,7,69,76,1.0921052631578947,0.03339099352749875,625,I missed the throwback uniforms email...You guys really go that far back?
4068,5205,0,7,69,76,1.0921052631578947,0.03339099352749875,625,This wouldn't be a boy of summer Punch and Judy hitter?
4117,5205,0,7,69,76,1.0921052631578947,0.03339099352749875,625,Are you in the strike zone?
4125,5205,0,7,69,76,1.0921052631578947,0.03339099352749875,625,I think you have too much La Brea Tar on your bat.
4128,5205,2,3,71,76,1.0921052631578947,0.0426229144324784,625,It's regulation size in my home league.
4143,5205,0,7,69,76,1.0921052631578947,0.03339099352749875,625,"No, you will not hit it out of the cave. You will hit a bat. That is why they call it batting."
2353,5205,0,7,69,76,1.0921052631578947,0.03339099352749875,625,The Yankees wouldn252F%252Fwww.newyorker.com%252Fcartoons%252Fcontest%2523thisweek%253Freload%253Dtrue%22}
4199,5205,1,5,70,76,1.0921052631578947,0.03828623305753544,625,"Hey, Mr. Archetype--will ya take base on balls!"
4469,5205,0,7,69,76,1.0921052631578947,0.03339099352749875,625,"If the clubhouse rumors are for real, Johnny, and Cashman buys your contract from the Red Sox, you're gonna have to clean that up."
4477,5205,1,5,70,76,1.0921052631578947,0.03828623305753544,625,"No spiked slides, corked clubs, or Flintstones' chewable steroids."
4490,5205,0,7,69,76,1.0921052631578947,0.03339099352749875,625,You say the bat's regulatio
4584,5205,0,7,69,76,1.0921052631578947,0.03339099352749875,625,. . . and if I refuse?
4600,5205,1,5,70,76,1.0921052631578947,0.03828623305753544,625,"laugh all you want, but  it 's  jacked up my DRA higher than your  guy's BB9/W-IP, and it's still higher than my own WOBA!"
4605,5205,0,7,69,76,1.0921052631578947,0.03339099352749875,625,I bet you can't even remember your first old timers game.
4312,5205,1,5,70,76,1.0921052631578947,0.03828623305753544,625,I bet you can’t remember the last game we played together!
2263,5205,0,7,69,76,1.0921052631578947,0.03339099352749875,625,Never mind the club... what's your WAR?
2168,5205,0,7,69,76,1.0921052631578947,0.03339099352749875,625,You let the dog play.
2155,5205,1,5,70,76,1.0921052631578947,0.03828623305753544,625,"Sir, that's EXACTLY how I'd answer another snide remark about my bat! Or do I need to draw you a picture?"
926,5205,0,7,69,76,1.0921052631578947,0.03339099352749875,625,I thought Retro Uniform Night was NEXT Saturday.
920,5205,0,7,69,76,1.0921052631578947,0.03339099352749875,625,"Yes, I said, ""No balls and two strikes."""
891,5205,0,7,69,76,1.0921052631578947,0.03339099352749875,625,"Here comes the deuce. And when you speak of me, speak well."
881,5205,1,5,70,76,1.0921052631578947,0.03828623305753544,625,No batter! No batter! He's a Neanderthal! No batter!
880,5205,1,5,70,76,1.0921052631578947,0.03828623305753544,625,I'd like to add you to my LinkedIn network
859,5205,0,7,69,76,1.0921052631578947,0.03339099352749875,625,Watch out! This guy’s got a wicked curve rock.
826,5205,0,7,69,76,1.0921052631578947,0.03339099352749875,625,I was Casey's Great-Great Grandfather.
781,5205,0,7,69,76,1.0921052631578947,0.03339099352749875,625,"What do you MEAN the club's, not ""regulation""?"
5411,5205,1,5,70,76,1.0921052631578947,0.03828623305753544,625,The modern game has no room for people like you.
684,5205,1,5,70,76,1.0921052631578947,0.03828623305753544,625,Me want curveball low and outside.
585,5205,0,7,69,76,1.0921052631578947,0.03339099352749875,625,Are you sure you're up to bat?
561,5205,0,7,69,76,1.0921052631578947,0.03339099352749875,625,I don't think your bat meets MLB regulations.
457,5205,0,7,69,76,1.0921052631578947,0.03339099352749875,625,You bat .225. Me bat .330
358,5205,0,7,69,76,1.0921052631578947,0.03339099352749875,625,'Let's not strike each other out'
253,5205,0,7,69,76,1.0921052631578947,0.03339099352749875,625,Chicks also dig the bunt.
195,5205,2,3,71,76,1.0921052631578947,0.0426229144324784,625,"Grok swing. Grok miss. Swing, miss. Swing, miss. Strikeout this Homo neanderthalensis."
64,5205,0,7,69,76,1.0921052631578947,0.03339099352749875,625,"Hey Og, you know why they call beard-level inside fastballs high heat?  Get ready to discover fire next pitch."""
47,5205,0,7,69,76,1.0921052631578947,0.03339099352749875,625,If you remember correctly I am the one who suggested they scout at the Lascaux caves.
41,5205,1,5,70,76,1.0921052631578947,0.03828623305753544,625,Og hate low-brow pitches.
5520,5205,0,7,69,76,1.0921052631578947,0.03339099352749875,625,The scouting report says you won’t last in this league if you can’t evolve your frontal lobe.
5654,5205,2,3,71,76,1.0921052631578947,0.0426229144324784,625,"Well, you’re the one who called for a curveball."
1007,5205,1,5,70,76,1.0921052631578947,0.03828623305753544,625,"Why you tell Ugg  no use use club?  Coach say Mets is baseball club. 
This MY baseball club"
1029,5205,1,5,70,76,1.0921052631578947,0.03828623305753544,625,"Unfortunately for catcher Fred, this Neanderthal is a Trump supporter and Fred’s Trump shaming hit new lows. Furthermore, Fred’s face mask is no protection against a solid hit to the top of his head."
763,5205,1,5,70,76,1.0921052631578947,0.03828623305753544,625,"'Throwback day' today?"""
1067,5205,0,7,69,76,1.0921052631578947,0.03339099352749875,625,So try smash flying rock into animal called mascot?
1053,5205,0,7,69,76,1.0921052631578947,0.03339099352749875,625,Excellent! I see you brought your own bat.  Now for shoes...I think we have a spare pare in the dugout that will fit perfectly.
2049,5205,0,7,69,76,1.0921052631578947,0.03339099352749875,625,Why is home-plate backwards??  Do you want to make things harder for the pitcher??
1871,5205,1,5,70,76,1.0921052631578947,0.03828623305753544,625,"No batta, no batta!"
1769,5205,0,7,69,76,1.0921052631578947,0.03339099352749875,625,This bat may look prehistoric but your record for rbi's predates the wheel.
1755,5205,0,7,69,76,1.0921052631578947,0.03339099352749875,625,"BIG man, BIG club, little yellow puddle on home plate."
1718,5205,1,5,70,76,1.0921052631578947,0.03828623305753544,625,"No, you idiot, don't hit my head.  Wait for a white ball to come."
1698,5205,2,3,71,76,1.0921052631578947,0.0426229144324784,625,"More like Neander couldn't hit the side of a barn,"
1596,5205,2,3,71,76,1.0921052631578947,0.0426229144324784,625,They changed the intentional walk rule? What about intentional clubbing?
1593,5205,0,7,69,76,1.0921052631578947,0.03339099352749875,625,"Well, look who's just come up from Lascaux."
1529,5205,0,7,69,76,1.0921052631578947,0.03339099352749875,625,"Yeah, that’s not regulation"
2114,5205,0,7,69,76,1.0921052631578947,0.03339099352749875,625,You corking with amber?
1454,5205,1,5,70,76,1.0921052631578947,0.03828623305753544,625,"No, there is no illegal Triceratops Residue on the club; it's in my beard!"
1527,5205,1,5,70,76,1.0921052631578947,0.03828623305753544,625,The League said we can only hit baseballs on Ladies2C%22href%22:%22https://account.newyorker.com/?retURL
1153,5205,0,7,69,76,1.0921052631578947,0.03339099352749875,625,Half amardilo half zebra. Must taste awful!
1163,5205,0,7,69,76,1.0921052631578947,0.03339099352749875,625,With her you'll never get to 1st base.
1230,5205,0,7,69,76,1.0921052631578947,0.03339099352749875,625,How 'bout we give you something fancy?
5494,5205,1,5,70,76,1.0921052631578947,0.03828623305753544,625,I guess PED's now stands for prehistoric enhancing drugs.
5421,5205,1,5,70,76,1.0921052631578947,0.03828623305753544,625,Bro'! Just because you're going old school with the bat doesn't mean you have to dress the part.
1267,5205,1,5,70,76,1.0921052631578947,0.03828623305753544,625,"A Drumstick is not allowed at the Batter's Box, Sorry ?"
1335,5205,0,7,69,76,1.0921052631578947,0.03339099352749875,625,"You guys may have the public on your side,but its just another day at the office for me …"
1339,5205,0,7,69,76,1.0921052631578947,0.03339099352749875,625,Bedrock vs Boston. “Man there ain’t no way that bat’s regulation.”
1378,5205,0,7,69,76,1.0921052631578947,0.03339099352749875,625,"MLB regulations, man."
1263,5205,1,5,70,76,1.0921052631578947,0.03828623305753544,625,Blue Socks vs Sapien Sapians
2088,5323,0,7,70,77,1.0909090909090908,0.0329761931868187,625,Somebody say ‘meatball’?
2141,5323,0,7,70,77,1.0909090909090908,0.0329761931868187,625,"Let me guess, the Teen Angel's are batting 2, 3 and 4?"
2201,5323,0,7,70,77,1.0909090909090908,0.0329761931868187,625,The scouting report says you’re straight outta the dead-ball era.
2393,5323,0,7,70,77,1.0909090909090908,0.0329761931868187,625,"I beg your pardon sir, but I believe you that you’ve forgotten a helmet."
2505,5323,1,5,71,77,1.0909090909090908,0.037804666600204595,625,"Hey, I don't care if you're the president's favorite team, you still get only three strikes."
2625,5323,0,7,70,77,1.0909090909090908,0.0329761931868187,625,"Remember what we taught you, this is where ""Hit and run,"" is good."
2628,5323,0,7,70,77,1.0909090909090908,0.0329761931868187,625,"You’re up, Comrade."
2748,5323,0,7,70,77,1.0909090909090908,0.0329761931868187,625,WANNA JOIN MY CLUB?
3010,5323,0,7,70,77,1.0909090909090908,0.0329761931868187,625,No wonder this job was open.
3069,5323,0,7,70,77,1.0909090909090908,0.0329761931868187,625,Sorry neathdrethal......pitchers only hit in the National league..
3235,5323,0,7,70,77,1.0909090909090908,0.0329761931868187,625,"Your pitcher's having an off day, eh?"
3280,5323,1,5,71,77,1.0909090909090908,0.037804666600204595,625,Baseball's more than smiling pretty for the cover of Nat Geo
3301,5323,1,5,71,77,1.0909090909090908,0.037804666600204595,625,Are we having fun?
3363,5323,0,7,70,77,1.0909090909090908,0.0329761931868187,625,You might want to bunt
3388,5323,0,7,70,77,1.0909090909090908,0.0329761931868187,625,"Back off.  When I swing this, ANYTHING can happen."
3428,5323,0,7,70,77,1.0909090909090908,0.0329761931868187,625,Try to hit the ball with the club when the man out there throws it to me.
3579,5323,2,3,72,77,1.0909090909090908,0.04208273180784324,625,He is a throw back to the time when you just hit the catcher.
3597,5323,0,7,70,77,1.0909090909090908,0.0329761931868187,625,These old-timer uniforms are murder.
3059,5323,0,7,70,77,1.0909090909090908,0.0329761931868187,625,They’re just like us
3357,5323,0,7,70,77,1.0909090909090908,0.0329761931868187,625,I'm on the farm team.
4636,5323,1,5,71,77,1.0909090909090908,0.037804666600204595,625,"When Spielberg bought this field, he should not have changed the name to Jurassic Park."
4704,5323,0,7,70,77,1.0909090909090908,0.0329761931868187,625,"I know, Pete Rose, most hits ever."
4629,5323,0,7,70,77,1.0909090909090908,0.0329761931868187,625,You must hate throwback uniform nights.
4533,5323,1,5,71,77,1.0909090909090908,0.037804666600204595,625,You did it. You took this beard thing to it’s natural conclusion.
4229,5323,1,5,71,77,1.0909090909090908,0.037804666600204595,625,Is that bat quartzed?
4104,5323,0,7,70,77,1.0909090909090908,0.0329761931868187,625,You hit the ball and then drop the club.
4025,5323,0,7,70,77,1.0909090909090908,0.0329761931868187,625,"I call FOUL!
How do you expect us to figure out where the strike zone is, with that ""Mumu"" you're wearing?
OK, we'll call the seamstress out before your next ""up at bat""!"
3979,5323,1,5,71,77,1.0909090909090908,0.037804666600204595,625,"Are the umpires on strike, or is it just me?"
3904,5323,0,7,70,77,1.0909090909090908,0.0329761931868187,625,The injury bug has REALLY hit the METS this season. They have dug deep into the farm system for their next batter.
3840,5323,1,5,71,77,1.0909090909090908,0.037804666600204595,625,"This is a live baseball game, the auditions for Back to prehistoric times, is next block over."
3769,5323,0,7,70,77,1.0909090909090908,0.0329761931868187,625,I won't knock your head into the bleachers if you signal a pitch down the middle
4909,5323,2,3,72,77,1.0909090909090908,0.04208273180784324,625,"Hey, I know you.  I watched you play in the 2003 Canadian Baseball League."
4926,5323,1,5,71,77,1.0909090909090908,0.037804666600204595,625,Yeah the ball’s on fire. We just invented it.
4987,5323,1,5,71,77,1.0909090909090908,0.037804666600204595,625,Let me guess...You also heard a rumor that our Cubs were easy to beat.
5102,5323,1,5,71,77,1.0909090909090908,0.037804666600204595,625,"I will let you use my bat. You are a catcher though, aren’t you?"
5152,5323,0,7,70,77,1.0909090909090908,0.0329761931868187,625,Bunting again?
5155,5323,1,5,71,77,1.0909090909090908,0.037804666600204595,625,Sif’s Sleeping problem
5213,5323,0,7,70,77,1.0909090909090908,0.0329761931868187,625,"Told you that wasn't your Clubhouse, right?"
5228,5323,1,5,71,77,1.0909090909090908,0.037804666600204595,625,You can’t hear a word he says but is batting average has gone way up since he started using the Roosevelt Method.
5237,5323,1,5,71,77,1.0909090909090908,0.037804666600204595,625,"Look, even if it helps to see the ball as a cave woman's head, keep it to yourself."
5279,5323,1,5,71,77,1.0909090909090908,0.037804666600204595,625,Are you the blue wave?
5344,5323,0,7,70,77,1.0909090909090908,0.0329761931868187,625,I guess this is man's big-inning.
5364,5323,0,7,70,77,1.0909090909090908,0.0329761931868187,625,I think they meant a different clubhouse.
1980,5323,1,5,71,77,1.0909090909090908,0.037804666600204595,625,I am not purposefully calling any pitches that might hit you.
5556,5323,0,7,70,77,1.0909090909090908,0.0329761931868187,625,"Hey, you've been around this league a long time."
3707,5323,1,5,71,77,1.0909090909090908,0.037804666600204595,625,"hunkie bat approved by Comish_eat paleo diet , hunt for food."
3713,5323,1,5,71,77,1.0909090909090908,0.037804666600204595,625,"You no worry, Steroids not Paleo"
1747,5323,1,5,71,77,1.0909090909090908,0.037804666600204595,625,Our pitcher has something you’ve never seen before....a fireball.
1711,5323,0,7,70,77,1.0909090909090908,0.0329761931868187,625,"Sorry, I'm already married."
1810,5323,1,5,71,77,1.0909090909090908,0.037804666600204595,625,"Wrong ball club, pal."
1,5323,1,5,71,77,1.0909090909090908,0.037804666600204595,625,"Sorry Gary, you're still not my type."
13,5323,0,7,70,77,1.0909090909090908,0.0329761931868187,625,Ball good... hit bad.
142,5323,0,7,70,77,1.0909090909090908,0.0329761931868187,625,guess there is no cork in your bat since aluminum has not been invented yet
651,5323,0,7,70,77,1.0909090909090908,0.0329761931868187,625,HEY BADDER. Hey bagger...ssssswing batter.
802,5323,1,5,71,77,1.0909090909090908,0.037804666600204595,625,I ‘KL choke up on the bat and throw it the pitcher.
851,5323,0,7,70,77,1.0909090909090908,0.0329761931868187,625,"Dude, analog is dead again."
871,5323,0,7,70,77,1.0909090909090908,0.0329761931868187,625,Wanna see what a real bat can do?
900,5323,0,7,70,77,1.0909090909090908,0.0329761931868187,625,You don't use spikes?
901,5323,0,7,70,77,1.0909090909090908,0.0329761931868187,625,Stonies?
255,5323,0,7,70,77,1.0909090909090908,0.0329761931868187,625,What's that...a Lucyville Slugger?
1082,5323,0,7,70,77,1.0909090909090908,0.0329761931868187,625,"Hey, batter, batter."
1196,5323,1,5,71,77,1.0909090909090908,0.037804666600204595,625,Helmet? Helmet? You'll have met hell when I am done with you.
1217,5323,1,5,71,77,1.0909090909090908,0.037804666600204595,625,"Yep.  Bought out by 20th Century BC Fox, so I’m the new old batter."
1224,5323,0,7,70,77,1.0909090909090908,0.0329761931868187,625,His fast ball comes in low.
1393,5323,0,7,70,77,1.0909090909090908,0.0329761931868187,625,This isn't stick baseball.  You'll need to get a bat.
1407,5323,1,5,71,77,1.0909090909090908,0.037804666600204595,625,"I know we need to find revenue sources where we can Mickey, but this Geico thing is a little over the top."
1559,5323,1,5,71,77,1.0909090909090908,0.037804666600204595,625,There ain't no cavemen in baseball!
1586,5323,0,7,70,77,1.0909090909090908,0.0329761931868187,625,"As an independent thinker, I don't believe in uniformity."
1699,5323,0,7,70,77,1.0909090909090908,0.0329761931868187,625,I'm going to guess you're a 1-tool player.
1044,5323,0,7,70,77,1.0909090909090908,0.0329761931868187,625,"Wait, tell me again, what’s a hit?"
709,5393,0,7,71,78,1.0897435897435896,0.03257153522723106,625,Can’t do it no matter what TR said
1369,5393,0,7,71,78,1.0897435897435896,0.03257153522723106,625,Piltdown Man? You’ll have to hit from the other side of the plate.
2635,5393,0,7,71,78,1.0897435897435896,0.03257153522723106,625,"That's not a regulation size bat, and there's too much tar on it."
4348,5393,0,7,71,78,1.0897435897435896,0.03257153522723106,625,They told me it was a baseball club
3164,5397,0,6,67,73,1.082191780821918,0.032368600179812385,625,"That the same as the ""kilt"" thing?"
2102,5397,0,6,67,73,1.082191780821918,0.032368600179812385,625,You are not in regulation uniform to play
2296,5397,0,6,67,73,1.082191780821918,0.032368600179812385,625,Neanderthal growth hormone?
2310,5397,0,6,67,73,1.082191780821918,0.032368600179812385,625,Is this the varsity team??  I was more interested in the club sport.
2359,5397,0,6,67,73,1.082191780821918,0.032368600179812385,625,"Remember, you have to hit the ball. Not me."
2504,5397,0,6,67,73,1.082191780821918,0.032368600179812385,625,"You'll have a better crack at it if you open your eyes.  Besides, the pitcher's E.R.A. is paleolithic."
2781,5397,1,4,68,73,1.082191780821918,0.03779211268777819,625,"So, you're the one they call ""the Natural""?

He's gonna throw another slider -- don't freeze up this time.

Bam Bam Bednarski -- up for another cup of java, man?


Niall Brennan, Cross River, NY"
2800,5397,1,4,68,73,1.082191780821918,0.03779211268777819,625,"FAST"", not ""PAST"""
2850,5397,1,4,68,73,1.082191780821918,0.03779211268777819,625,Would I be out of Line if I  called you the babe?
3341,5397,1,4,68,73,1.082191780821918,0.03779211268777819,625,I'll make sure he doesn't throw at your head.
5224,5397,1,4,68,73,1.082191780821918,0.03779211268777819,625,"Well, if it isn't Mr. Saber-toothed tigermetrics!"
3920,5397,0,6,67,73,1.082191780821918,0.032368600179812385,625,Steroids? I don't use steroids.
3988,5397,1,4,68,73,1.082191780821918,0.03779211268777819,625,I’m your designated Piltdown Man hitter.
4042,5397,0,6,67,73,1.082191780821918,0.032368600179812385,625,I'll show you my equipment of you'll show you mine!!
4218,5397,0,6,67,73,1.082191780821918,0.032368600179812385,625,"If he strikes me out, I'll beat you to a pulp!"
4302,5397,0,6,67,73,1.082191780821918,0.032368600179812385,625,"There isn't a lightening bolt on that thing, is there?"
4385,5397,0,6,67,73,1.082191780821918,0.032368600179812385,625,They’re taking those throwback uniforms to the limit!
4977,5397,0,6,67,73,1.082191780821918,0.032368600179812385,625,"Yeah, I've been thinking of switching to the Paleo diet, too."
4996,5397,0,6,67,73,1.082191780821918,0.032368600179812385,625,"All I did was to ask them to send me a reliable bat holder with a good bat, not past!"
5018,5397,2,2,69,73,1.082191780821918,0.04252953426985653,625,Me hit ball far watch!
1542,5397,0,6,67,73,1.082191780821918,0.032368600179812385,625,"Yes, Joe, and Grog is one of the fastest players we've seen in years."
5289,5397,0,6,67,73,1.082191780821918,0.032368600179812385,625,Bush league my ass! Where did they find you?
5540,5397,0,6,67,73,1.082191780821918,0.032368600179812385,625,"The ump just called you a ""neanderthal."""
5633,5397,0,6,67,73,1.082191780821918,0.032368600179812385,625,"No, this ain't whack-a-mole but you look like a good fit.""
Arthur Rowse,
7411 Oak Lane, Chevy Chase, MD, 20815
301.656.963"
5651,5397,0,6,67,73,1.082191780821918,0.032368600179812385,625,"In the heat of the game, five seconds feels like an eternity."
3345,5397,1,4,68,73,1.082191780821918,0.03779211268777819,625,"I don't think....""a caveman"" can do this."
931,5397,0,6,67,73,1.082191780821918,0.032368600179812385,625,"I tried paleo soccer, but it was way too hard on my toes."
3859,5397,0,6,67,73,1.082191780821918,0.032368600179812385,625,"Hey man, there is a new rule prohibiting performance enhancing bats -PEDs!"
519,5397,1,4,68,73,1.082191780821918,0.03779211268777819,625,"No Sir, you are in the wrong MET"
112,5397,0,6,67,73,1.082191780821918,0.032368600179812385,625,"You must be their new DH*.


*Designated Hitter"
843,5397,0,6,67,73,1.082191780821918,0.032368600179812385,625,Are you absolutely certain you're in the right millenium?
1645,5428,1,4,69,74,1.0810810810810811,0.03729445336827964,625,Baaaaatttter up!
1956,5428,1,4,69,74,1.0810810810810811,0.03729445336827964,625,Step away from my home!
2099,5428,0,6,68,74,1.0810810810810811,0.031947503894564425,625,"Christ, Kevin, you're really taking that Paleo diet seriously."
2157,5428,0,6,68,74,1.0810810810810811,0.031947503894564425,625,We must be related. I’m number 2 as well...
2231,5428,0,6,68,74,1.0810810810810811,0.031947503894564425,625,Did you go Paleo?
2232,5428,1,4,69,74,1.0810810810810811,0.03729445336827964,625,It‘s called paleo-play.
2512,5428,0,6,68,74,1.0810810810810811,0.031947503894564425,625,"That bat is way out of  a bat from the stone age - Strike one, two and three!  Step away from the game."
3556,5428,0,6,68,74,1.0810810810810811,0.031947503894564425,625,You have Yabba and Dabba down but you need to work on Doo.
3591,5428,1,4,69,74,1.0810810810810811,0.03729445336827964,625,"What, your cave doesn't have bats?"
3628,5428,1,4,69,74,1.0810810810810811,0.03729445336827964,625,Cro-Magnon No Sox Throwback Uniform Day?
3632,5428,1,4,69,74,1.0810810810810811,0.03729445336827964,625,Digging the new uniform.
3633,5428,1,4,69,74,1.0810810810810811,0.03729445336827964,625,I'm not a fan of Old-Timers' Games.
3873,5428,1,4,69,74,1.0810810810810811,0.03729445336827964,625,No monkeying around here.
4398,5428,1,4,69,74,1.0810810810810811,0.03729445336827964,625,Two fingers means I'm going to runaway.
4567,5428,0,6,68,74,1.0810810810810811,0.031947503894564425,625,Was your signing bonus in pelts?
4760,5428,0,6,68,74,1.0810810810810811,0.031947503894564425,625,"Hey, slugger, you think you can clear the bases with that thigh bone"
4807,5428,1,4,69,74,1.0810810810810811,0.03729445336827964,625,"Remember, you are supposed to hit the ball."
4840,5428,1,4,69,74,1.0810810810810811,0.03729445336827964,625,I just wanted to say what am honor it is to catch against THE Solomon Wohlgelernter.
5096,5428,1,4,69,74,1.0810810810810811,0.03729445336827964,625,Betchya never faced a fireballer before.
5204,5428,2,2,70,74,1.0810810810810811,0.04196557516565644,625,How’re the wife and kids?
5306,5428,0,6,68,74,1.0810810810810811,0.031947503894564425,625,Get rid of the sregosaurus. Then you can take some swings.
5372,5428,0,6,68,74,1.0810810810810811,0.031947503894564425,625,We're done with these primitive games.
5489,5428,1,4,69,74,1.0810810810810811,0.03729445336827964,625,"I'm your worst nightmare, buddy. You shouldn't have swatted that fly."
5537,5428,1,4,69,74,1.0810810810810811,0.03729445336827964,625,What's all that pitter-patter going on between  your legs?
5603,5428,2,2,70,74,1.0810810810810811,0.04196557516565644,625,We're taking this paleo thing to the next level.
1617,5428,0,6,68,74,1.0810810810810811,0.031947503894564425,625,I heard you were drafted for your slugging percentage.
1571,5428,1,4,69,74,1.0810810810810811,0.03729445336827964,625,Paleolithic dudes have never seen a FORKball!
3475,5428,0,6,68,74,1.0810810810810811,0.031947503894564425,625,"I SAID, 'I SURELY WASN'T EXPECTING TO SEE YOU IN THIS ROTATION!'... you seen the ump?"
1156,5428,1,4,69,74,1.0810810810810811,0.03729445336827964,625,That’s some ball club
1367,5428,0,6,68,74,1.0810810810810811,0.031947503894564425,625,"“No Spike’s my name, clubbin’s my game.”"
612,5428,0,6,68,74,1.0810810810810811,0.031947503894564425,625,You get'em special?
1318,5459,0,5,65,70,1.0714285714285714,0.031004097581515386,625,We require that you use a regular baseball bat. Why?  Because that club of yours would knock it not just out of the park but out of the city!
2763,5459,1,3,66,70,1.0714285714285714,0.03708547885348615,625,"I must drag her around the bases before heading for the cave, err, dugout?"
2761,5459,0,5,65,70,1.0714285714285714,0.031004097581515386,625,"OK wiggly fingers, here's a strike for you.  Good night."
2759,5459,0,5,65,70,1.0714285714285714,0.031004097581515386,625,"Yeah, I’m a Detroit Tiger of a different stripe."
2758,5459,0,5,65,70,1.0714285714285714,0.031004097581515386,625,How BIG is the Ball? How FAST does he throw it?
2708,5459,0,5,65,70,1.0714285714285714,0.031004097581515386,625,"Old school, my dude.  Respect."
2681,5459,0,5,65,70,1.0714285714285714,0.031004097581515386,625,Spoiler alert.  I’m their switch-hitter.
2630,5459,0,5,65,70,1.0714285714285714,0.031004097581515386,625,"What’s your E.R.A., Paleolithic?"
2616,5459,0,5,65,70,1.0714285714285714,0.031004097581515386,625,Remember - I am NOT a reptile!
2607,5459,0,5,65,70,1.0714285714285714,0.031004097581515386,625,I didn't know the Yankees had relaxed their dress code.
2446,5459,0,5,65,70,1.0714285714285714,0.031004097581515386,625,We hit from close range. We don't really hit from far.
2361,5459,0,5,65,70,1.0714285714285714,0.031004097581515386,625,I thought all troglodytes were lefties.
2286,5459,1,3,66,70,1.0714285714285714,0.03708547885348615,625,now I know what this bat's for!
2212,5459,0,5,65,70,1.0714285714285714,0.031004097581515386,625,"Please  just one more chance, Coach."
1906,5459,0,5,65,70,1.0714285714285714,0.031004097581515386,625,"Be careful, batter--our pitcher's a side-winding  Neanderthal."
1834,5459,0,5,65,70,1.0714285714285714,0.031004097581515386,625,You’re really killing it with the throwback uniform.
5418,5459,1,3,66,70,1.0714285714285714,0.03708547885348615,625,You must be the designated hitter with the ball club.
1722,5459,0,5,65,70,1.0714285714285714,0.031004097581515386,625,"Yes, I know where the bathroom is.  Just try and hit the ball."
1594,5459,0,5,65,70,1.0714285714285714,0.031004097581515386,625,Good luck with a “home run”!
1452,5459,0,5,65,70,1.0714285714285714,0.031004097581515386,625,Yummm baby Stegosouras.
2785,5459,0,5,65,70,1.0714285714285714,0.031004097581515386,625,"No, I don't think the new uniforms are 'cultural appropriation.' Batter up!"
2381,5459,0,5,65,70,1.0714285714285714,0.031004097581515386,625,I was told I could play Neanderball
3191,5459,0,5,65,70,1.0714285714285714,0.031004097581515386,625,I get endless strikes.
3311,5459,0,5,65,70,1.0714285714285714,0.031004097581515386,625,"OK , bat cave!  But is it ABA approved?"
5293,5459,0,5,65,70,1.0714285714285714,0.031004097581515386,625,So you're the guy who's evolving the game?
5151,5459,2,1,67,70,1.0714285714285714,0.042301435161712996,625,"Hey pal, you can't HIT the ball unless you WATCH the ball!  Capische, stone brain?!"
5086,5459,1,3,66,70,1.0714285714285714,0.03708547885348615,625,I like your new uniforms
4948,5459,1,3,66,70,1.0714285714285714,0.03708547885348615,625,Didn’t you get the memo about the new bat size requirement?
4932,5459,0,5,65,70,1.0714285714285714,0.031004097581515386,625,Give me fastballs or I give you death.
4886,5459,0,5,65,70,1.0714285714285714,0.031004097581515386,625,Hit the curve ball or it’s back to the Ice Age.”
4663,5459,0,5,65,70,1.0714285714285714,0.031004097581515386,625,With or without the bones?
4493,5459,1,3,66,70,1.0714285714285714,0.03708547885348615,625,And do you also have Fan Caves?
4429,5459,0,5,65,70,1.0714285714285714,0.031004097581515386,625,You the Designated Neanderthal Hitter?
4424,5459,0,5,65,70,1.0714285714285714,0.031004097581515386,625,"Go for it, don't cave in."
4400,5459,1,3,66,70,1.0714285714285714,0.03708547885348615,625,"Hey, I know you're ""Old School"", but this is ridiculous."
4233,5459,0,5,65,70,1.0714285714285714,0.031004097581515386,625,I would argue my wife would want you to club the base
4073,5459,0,5,65,70,1.0714285714285714,0.031004097581515386,625,So you're telling me you've never roided up before?
4059,5459,1,3,66,70,1.0714285714285714,0.03708547885348615,625,Wow.  I guess the sport is really devolving.
1306,5459,0,5,65,70,1.0714285714285714,0.031004097581515386,625,"The reliever's been icing his shoulder 20,000 years."
4056,5459,0,5,65,70,1.0714285714285714,0.031004097581515386,625,"What do you mean, ""I'm hitting it outta the Jurassic ?"""
3945,5459,0,5,65,70,1.0714285714285714,0.031004097581515386,625,"Ah, Mr. Gattis--just as I thought."
3898,5459,0,5,65,70,1.0714285714285714,0.031004097581515386,625,"Shirts and skins game, right?"
3806,5459,0,5,65,70,1.0714285714285714,0.031004097581515386,625,Don't swing!  Please!  We're gonna do a pitchout.
3776,5459,0,5,65,70,1.0714285714285714,0.031004097581515386,625,"Since you left the Yankees you really haven't stuck with the grooming policy, huh?"
3587,5459,1,3,66,70,1.0714285714285714,0.03708547885348615,625,"Hey Krog, I heard ya went clubbing last night.  Ha! 
Okay, strike that...."
3037,5459,1,3,66,70,1.0714285714285714,0.03708547885348615,625,"Hey Goliath, haven’t  you heard? Pine Tar is no longer tolerated."
1219,5459,0,5,65,70,1.0714285714285714,0.031004097581515386,625,"It's not so easy, Caveman!"
922,5459,0,5,65,70,1.0714285714285714,0.031004097581515386,625,"See you after the game, at the clubhouse."
1167,5459,2,1,67,70,1.0714285714285714,0.042301435161712996,625,"Yeah, no peanuts or Cracker Jacks, but I’m on track to fit back in uniform by the postseason."
22,5459,0,5,65,70,1.0714285714285714,0.031004097581515386,625,"I'm guessing you didn't sign a contract."""
24,5459,1,3,66,70,1.0714285714285714,0.03708547885348615,625,"Ever since you were traded away, we've experienced what they call ""The Curse of the Bam-Bam-bino."""
73,5459,0,5,65,70,1.0714285714285714,0.031004097581515386,625,I think I’m cricket person not baseball.
76,5459,1,3,66,70,1.0714285714285714,0.03708547885348615,625,"Out of the park will take on a whole new meaning.""
 Janice Resnick, Rochester, N"
84,5459,2,1,67,70,1.0714285714285714,0.042301435161712996,625,I don’t think that bat is regulation
1169,5459,1,3,66,70,1.0714285714285714,0.03708547885348615,625,Where's your regulation helmet?
267,5459,0,5,65,70,1.0714285714285714,0.031004097581515386,625,The designated hitter rule has really extended my career.
276,5459,0,5,65,70,1.0714285714285714,0.031004097581515386,625,"Gad, you guys must of partied more then we did."
279,5459,2,1,67,70,1.0714285714285714,0.042301435161712996,625,Your team doesn't stand a chance. I invented this game.
559,5459,0,5,65,70,1.0714285714285714,0.031004097581515386,625,Pangea? Never heard of it. That a Single-A club?
163,5459,0,5,65,70,1.0714285714285714,0.031004097581515386,625,"You're the "" clean up "" hitter?"
647,5459,1,3,66,70,1.0714285714285714,0.03708547885348615,625,This is not vavoom ball. This is baseball.
805,5459,0,5,65,70,1.0714285714285714,0.031004097581515386,625,Boog Powell
853,5459,1,3,66,70,1.0714285714285714,0.03708547885348615,625,"Watch the spikes, slugger."
954,5459,0,5,65,70,1.0714285714285714,0.031004097581515386,625,No wonder you never got a shoe contract.
1003,5459,0,5,65,70,1.0714285714285714,0.031004097581515386,625,"Welcome to the show kid, I heard you hit 620 last season with the Neanderthals Triple-A team!"
1032,5459,0,5,65,70,1.0714285714285714,0.031004097581515386,625,Spent my whole minor league salary on this robe.
1102,5459,1,3,66,70,1.0714285714285714,0.03708547885348615,625,"Sorry  Shoeless, your oversized Louisville Slugger just won't run with us"
1122,5459,0,5,65,70,1.0714285714285714,0.031004097581515386,625,"He man, even in the Cave Man league we would never defecate on home plate."
646,5459,0,5,65,70,1.0714285714285714,0.031004097581515386,625,"I'm still not fully on board with the idea of a Designated Hunter."""
5429,5528,1,2,63,66,1.0606060606060606,0.03663457726224173,625,"You know we play hardball here, don't you?"
4781,5528,1,2,63,66,1.0606060606060606,0.03663457726224173,625,DO YOU KNOW WHAT A BALL IS?
2734,5528,0,4,62,66,1.0606060606060606,0.02959546899413308,625,"Sorry, not a plate you can eat off of."
86,5528,0,4,62,66,1.0606060606060606,0.02959546899413308,625,My wife's glad to hear you ate bread.
3295,5528,0,4,62,66,1.0606060606060606,0.02959546899413308,625,"The signal means, don't cave under pressure."
2161,5533,0,3,59,62,1.0483870967741935,0.027474514461903625,625,I was told there would be a clubhouse...
2023,5533,0,3,59,62,1.0483870967741935,0.027474514461903625,625,"Three rocks, two strikes."
2003,5533,1,1,60,62,1.0483870967741935,0.03582833619762378,625,Knuckle ball for the knuckle dragger!
1987,5533,0,3,59,62,1.0483870967741935,0.027474514461903625,625,Ready to go out clubbing?
1984,5533,1,1,60,62,1.0483870967741935,0.03582833619762378,625,I was just called up from the Bedrock Dodgers.
1345,5533,0,3,59,62,1.0483870967741935,0.027474514461903625,625,Thag see ball. Thag hit ball. Thag get mastodon on first.
1943,5533,0,3,59,62,1.0483870967741935,0.027474514461903625,625,Rules are rules. I can't let you step up to the plate until you put on your cleats.
1835,5533,0,3,59,62,1.0483870967741935,0.027474514461903625,625,I just got called up from the Neanderthal league.
1716,5533,0,3,59,62,1.0483870967741935,0.027474514461903625,625,And batting clean-up .....
1655,5533,0,3,59,62,1.0483870967741935,0.027474514461903625,625,"Hey, ump, I don't think this one's 'regulation.'"
1575,5533,0,3,59,62,1.0483870967741935,0.027474514461903625,625,What?! A caveman playing baseball? That's crazy!
1569,5533,1,1,60,62,1.0483870967741935,0.03582833619762378,625,"Listen, buddy, real baseball players don’t wear dresses!"
1551,5533,0,3,59,62,1.0483870967741935,0.027474514461903625,625,"Hey Pal,you compensating?"
1358,5533,0,3,59,62,1.0483870967741935,0.027474514461903625,625,I don't that uniform is regulation.
2174,5533,0,3,59,62,1.0483870967741935,0.027474514461903625,625,What makes you so special to get a rock . You'd better hit it. I'm not catching that.
1317,5533,0,3,59,62,1.0483870967741935,0.027474514461903625,625,"I knew there was a reason they call them ""sluggers"""
1972,5533,0,3,59,62,1.0483870967741935,0.027474514461903625,625,Would you say I am a big hitter?
2176,5533,0,3,59,62,1.0483870967741935,0.027474514461903625,625,Josh Hader comes up to bat.
2877,5533,0,3,59,62,1.0483870967741935,0.027474514461903625,625,Not a big fan of the DH. I’m definitely old school.
2408,5533,0,3,59,62,1.0483870967741935,0.027474514461903625,625,"Okay Pitch, Let's take these guys one, one + one, one + one + one!"
3786,5533,0,3,59,62,1.0483870967741935,0.027474514461903625,625,You'll catch up quickly.
3778,5533,0,3,59,62,1.0483870967741935,0.027474514461903625,625,Look you Neanderthal keep your eye on the Neander-ball.
3721,5533,0,3,59,62,1.0483870967741935,0.027474514461903625,625,"It’s simple,just hit and run. Even a caveman can do it."
3676,5533,0,3,59,62,1.0483870967741935,0.027474514461903625,625,I'll bet you can't hit one back to the stone age
3670,5533,0,3,59,62,1.0483870967741935,0.027474514461903625,625,"He, throw stinky cheddar. Me, swing mammoth bone."
3573,5533,0,3,59,62,1.0483870967741935,0.027474514461903625,625,You came up from the neanderthal league?
3478,5533,0,3,59,62,1.0483870967741935,0.027474514461903625,625,MLB really sent your team back to the Stone Age.
3305,5533,1,1,60,62,1.0483870967741935,0.03582833619762378,625,"Great bat choice, but the uniform needs work"
3210,5533,0,3,59,62,1.0483870967741935,0.027474514461903625,625,Don't grunt--the guy behind my back is a devil.
3159,5533,0,3,59,62,1.0483870967741935,0.027474514461903625,625,I wouldn't give it a day under 'till death do them part.'
3121,5533,0,3,59,62,1.0483870967741935,0.027474514461903625,625,How're you gonna get endorsement deals in that get-up?
3112,5533,0,3,59,62,1.0483870967741935,0.027474514461903625,625,Come on!  Where’s your uniform?
3086,5533,0,3,59,62,1.0483870967741935,0.027474514461903625,625,"Now thatage/png,image/svg+xml
Now that’s retro."
3018,5533,1,1,60,62,1.0483870967741935,0.03582833619762378,625,You should see what we *pitch* with.
2923,5533,1,1,60,62,1.0483870967741935,0.03582833619762378,625,"Can you just try and hit a ball, your bat ought to be big enough to hit any size!"
1293,5533,0,3,59,62,1.0483870967741935,0.027474514461903625,625,I thought TONIGHT was throwback night
2793,5533,0,3,59,62,1.0483870967741935,0.027474514461903625,625,your feet are outside the batters box
2718,5533,0,3,59,62,1.0483870967741935,0.027474514461903625,625,Can I be in the Clubhouse now?
2649,5533,0,3,59,62,1.0483870967741935,0.027474514461903625,625,The USADA's gonna have a field day with this one.
2530,5533,0,3,59,62,1.0483870967741935,0.027474514461903625,625,over easy
2518,5533,0,3,59,62,1.0483870967741935,0.027474514461903625,625,This ain't the University Women's annual meet!
2496,5533,0,3,59,62,1.0483870967741935,0.027474514461903625,625,"Whatdaya mean "" That bats not legal""?"
2461,5533,0,3,59,62,1.0483870967741935,0.027474514461903625,625,Batman you're Robin' 1st base.
2397,5533,1,1,60,62,1.0483870967741935,0.03582833619762378,625,"Wow, we have a real prehistoric line up"
1206,5533,0,3,59,62,1.0483870967741935,0.027474514461903625,625,Only a baseball game could last this long.
580,5533,0,3,59,62,1.0483870967741935,0.027474514461903625,625,What minor league did you come from?
1118,5533,1,1,60,62,1.0483870967741935,0.03582833619762378,625,You better call this a strike !!!!
5182,5533,0,3,59,62,1.0483870967741935,0.027474514461903625,625,"Catcher: have you always hit high on the batting order?
Caveman: are you kidding me? I used to hit so high on the batting order, I used to to hit before Christ"
5161,5533,0,3,59,62,1.0483870967741935,0.027474514461903625,625,"What clubhouse did you just crawl out of?"""
5132,5533,0,3,59,62,1.0483870967741935,0.027474514461903625,625,Ball four you walk!
5122,5533,0,3,59,62,1.0483870967741935,0.027474514461903625,625,"""This is the last time I'm gonna tell you. Hit the little white ball, not my head.""
Allison O'Connor, Paradise Valley, AZ"
5091,5533,1,1,60,62,1.0483870967741935,0.03582833619762378,625,Will you return home without the hunt?
5055,5533,0,3,59,62,1.0483870967741935,0.027474514461903625,625,Try not to break any more windows in downtown St Louie.
5031,5533,0,3,59,62,1.0483870967741935,0.027474514461903625,625,Whatcha only caught round balls before?
5011,5533,0,3,59,62,1.0483870967741935,0.027474514461903625,625,Taking this “old fashioned fun” thing too far if you ask me.
4980,5533,0,3,59,62,1.0483870967741935,0.027474514461903625,625,You pinch-hitters are sure fat these days.
5257,5533,0,3,59,62,1.0483870967741935,0.027474514461903625,625,Just up from the farm system?
4928,5533,0,3,59,62,1.0483870967741935,0.027474514461903625,625,"I’ve always been told that athletes are cavemen, but this is a bit much."
4613,5533,0,3,59,62,1.0483870967741935,0.027474514461903625,625,"I don't care who you are, you've got to have a batting helmet."
4604,5533,0,3,59,62,1.0483870967741935,0.027474514461903625,625,Have you seen my lady friend?
4595,5533,0,3,59,62,1.0483870967741935,0.027474514461903625,625,Am I supposed to club you?
4403,5533,0,3,59,62,1.0483870967741935,0.027474514461903625,625,"No it’s three strikes and you’re out, not three strikes and you have fire."
4220,5533,0,3,59,62,1.0483870967741935,0.027474514461903625,625,That's not a regulation club
4192,5533,0,3,59,62,1.0483870967741935,0.027474514461903625,625,13 boys in a cave; no man that’s a dugout
4186,5533,0,3,59,62,1.0483870967741935,0.027474514461903625,625,Looks like you're taking the caveman beard thing to a whole new level.
4092,5533,1,1,60,62,1.0483870967741935,0.03582833619762378,625,"Its round, white and has black stitching."
4024,5533,0,3,59,62,1.0483870967741935,0.027474514461903625,625,"I dig the throwback uni man, is your club really that old?"
4919,5533,0,3,59,62,1.0483870967741935,0.027474514461903625,625,Since when did the Devil Socks start allowing full beards?
1131,5533,1,1,60,62,1.0483870967741935,0.03582833619762378,625,Are there any women on the team?  Hungry.
5424,5533,0,3,59,62,1.0483870967741935,0.027474514461903625,625,"No, this is not the way to the Museum of Natural History."
5534,5533,0,3,59,62,1.0483870967741935,0.027474514461903625,625,"They're throwing rocks over at the 
bowling alley"
1083,5533,0,3,59,62,1.0483870967741935,0.027474514461903625,625,Your uniform is out of date
992,5533,0,3,59,62,1.0483870967741935,0.027474514461903625,625,"If everything goes well here, we'll both get a nice meal when this is all over and neither of us will have to drag a thing."
986,5533,0,3,59,62,1.0483870967741935,0.027474514461903625,625,You really didn't say everything you said?
958,5533,0,3,59,62,1.0483870967741935,0.027474514461903625,625,"Okay, but if he starts throwing rocks I’m outta here."
905,5533,0,3,59,62,1.0483870967741935,0.027474514461903625,625,Just remember:  the ball is not a rock!
745,5533,0,3,59,62,1.0483870967741935,0.027474514461903625,625,You're killin' me Gwawl!
723,5533,0,3,59,62,1.0483870967741935,0.027474514461903625,625,"I think you juiced up on the wrong stuff, my man."
704,5533,0,3,59,62,1.0483870967741935,0.027474514461903625,625,J
685,5533,0,3,59,62,1.0483870967741935,0.027474514461903625,625,Nice dress.  Come here often?
5528,5533,0,3,59,62,1.0483870967741935,0.027474514461903625,625,"It looks great on you, Billy, but I still think they’re going too far with these throwback uniforms."
632,5533,0,3,59,62,1.0483870967741935,0.027474514461903625,625,It might be best if you move back a couple of feet.
413,5533,0,3,59,62,1.0483870967741935,0.027474514461903625,625,Maybe you’ll hit a Cave Run!!
286,5533,1,1,60,62,1.0483870967741935,0.03582833619762378,625,"Fire, where's the fire?"
227,5533,0,3,59,62,1.0483870967741935,0.027474514461903625,625,Marketing is taking throwback uniforms to a new level.
221,5533,0,3,59,62,1.0483870967741935,0.027474514461903625,625,Me home run king in Prehistoric Division.
91,5533,0,3,59,62,1.0483870967741935,0.027474514461903625,625,You must be the new designated hitter!
19,5533,0,3,59,62,1.0483870967741935,0.027474514461903625,625,"Amazon Fresh is extincting your job, isn't it?"
505,5533,0,3,59,62,1.0483870967741935,0.027474514461903625,625,Better knock it out of next week.
4063,5533,0,3,59,62,1.0483870967741935,0.027474514461903625,625,Didn’t you use to play for the Patriots?
4402,5623,0,2,56,58,1.0344827586206897,0.02416816013967111,625,Why are you sitting like a cricket wicket keeper - this is baseball.
1545,5624,0,2,57,59,1.0338983050847457,0.02376218743454834,625,"That costume won't help. Can't kneel, dude. We're not the Jets."
178,5624,0,2,57,59,1.0338983050847457,0.02376218743454834,625,You are a caveman baseball player.
2321,5624,0,2,57,59,1.0338983050847457,0.02376218743454834,625,It's corked!
4621,5624,0,2,57,59,1.0338983050847457,0.02376218743454834,625,I prefer my club to yours!
2833,5624,0,2,57,59,1.0338983050847457,0.02376218743454834,625,"1. Yeah, I've been in the minors a long, long time!

2. ""Now batting, Cy Old.""

3. Damn, this has been a long inning."
3108,5624,0,2,57,59,1.0338983050847457,0.02376218743454834,625,'Intimidate the pitcher? You're intimidating the whole team!'
1829,5624,0,2,57,59,1.0338983050847457,0.02376218743454834,625,"It,S a strike when I strike ball. Got it?"
3966,5624,0,2,57,59,1.0338983050847457,0.02376218743454834,625,"bottom of the ninth"" means last chance Neander"
3392,5624,0,2,57,59,1.0338983050847457,0.02376218743454834,625,"Taking the whole ""pastime"" thing to the next level, I see?"
2257,5624,0,2,57,59,1.0338983050847457,0.02376218743454834,625,Let's make baseball great again!
5482,5624,0,2,57,59,1.0338983050847457,0.02376218743454834,625,this week's Open Swim is really veering into Ironic territory. I thought this was something they were trying to avoid? if you need me i'll be preforming self-filatio and reading the Paris Review
2445,5635,0,1,54,55,1.018181818181818,0.018349396085439344,625,"They didn't tell you?? Just hit the ball as hard as you can, then run as fast as you can to third base."""
4783,5636,0,0,51,51,1.0,0.019802950859533486,625,"Caveman: Dude, why are you sporting that getup?"
2933,5636,0,0,51,51,1.0,0.019802950859533486,625,"Don’t forget, if you bunt on the third strike and it goes foul, you’re out."
2951,5636,0,0,51,51,1.0,0.019802950859533486,625,"They're letting anyone into the MLB now... Let me guess, you play for the Yankees?"
2389,5636,0,0,51,51,1.0,0.019802950859533486,625,Makes sense; we hail from the tool-makers' team.
218,5636,0,0,51,51,1.0,0.019802950859533486,625,"Relax, there's no pine tar on this bat"
1959,5636,0,0,51,51,1.0,0.019802950859533486,625,"I suggest the ""molded crown"" helmet-- In this hot weather those vents come in handy."
3227,5636,0,0,51,51,1.0,0.019802950859533486,625,Does your Nike shoe endorsement contract allow this on throwback day?
3400,5636,0,0,51,51,1.0,0.019802950859533486,625,"Hey Flintstone, how do spell ‘whiffer’?"
3527,5636,0,0,51,51,1.0,0.019802950859533486,625,Don’t bother. You’ll get around on his fastball.
3586,5636,0,0,51,51,1.0,0.019802950859533486,625,He throws low on the third pitch.
440,5636,0,0,51,51,1.0,0.019802950859533486,625,It's so easy a caveman could do it...
3796,5636,0,0,51,51,1.0,0.019802950859533486,625,You didn't need to take off your shoes.
4216,5636,0,0,51,51,1.0,0.019802950859533486,625,"Hey Fungo, I see you got rid of the little league bat."
846,5636,0,0,51,51,1.0,0.019802950859533486,625,"Throw the heater, they haven't discovered that one yet!"
4369,5636,0,0,51,51,1.0,0.019802950859533486,625,How’s that throwback uniform working for you?
4476,5636,0,0,51,51,1.0,0.019802950859533486,625,"You realize you have to hit the ball, not the lady."
848,5636,0,0,51,51,1.0,0.019802950859533486,625,Your uniform is a bit-outdated!
3749,5636,0,0,51,51,1.0,0.019802950859533486,625,I said you're OUT! Of your cave again?
3766,5636,0,0,138,138,1.0,0.007272775357351403,625,This throwback uniform craze has got to stop.
3876,5636,0,0,76,76,1.0,0.013245323570650438,625,"That's as close as you get for kneeling, Bud !"
3378,5636,0,0,138,138,1.0,0.007272775357351403,625,Just got called up?
2341,5636,0,0,138,138,1.0,0.007272775357351403,625,"If you want to bat clean-up, stop dragging Coach's wife by the hair."
2312,5636,0,0,147,147,1.0,0.0068259783223928085,625,Hey Brandon. Bill Veeck is qvelling in his grave.
152,5636,0,0,165,165,1.0,0.006079055436800646,625,"You swing at the ball, not me."
5428,5636,0,0,51,51,1.0,0.019802950859533486,625,These old-school uniforms have gone back about as far as they can go
2044,5636,0,0,116,116,1.0,0.008658089785895598,625,Hey Missing Link! You suck!
533,5636,0,0,102,102,1.0,0.009852336290568345,625,"For the last time - hit the ball, not the other players!"
5503,5636,0,0,102,102,1.0,0.009852336290568345,625,"The catcher  asks, ""You aren't from around these parts, are you?"""
3396,5636,0,0,99,99,1.0,0.010152415064552878,625,Is there a good way out of here?
4502,5636,0,0,96,96,1.0,0.010471347707292388,625,Are you from the the Neanderthal league?
628,5636,0,0,125,125,1.0,0.008032193289024988,625,You gotta play by the rules!
1773,5636,0,0,70,70,1.0,0.014388861576723854,625,Gork no cork club.
1708,5636,0,0,93,93,1.0,0.010810968751610264,625,Looks like your team took a deep dive into the retro-uniform trend.
5203,5636,0,0,93,93,1.0,0.010810968751610264,625,You didn't evolve??
1418,5636,0,0,90,90,1.0,0.011173358719233181,625,How else will I make it to Cooperstown?
63,5636,0,0,86,86,1.0,0.011696106429438607,625,I'd like a Smilodon on rye.
5043,5636,0,0,86,86,1.0,0.011696106429438607,625,Atlatler up!
5139,5636,0,0,86,86,1.0,0.011696106429438607,625,"I know it's been a long road to The Show, but experience counts in this league."
2303,5636,0,0,83,83,1.0,0.012121434739137725,625,I see your fans really turned out. Dem rocks idiot
2955,5636,0,0,83,83,1.0,0.012121434739137725,625,You can't slug with a club.
4782,5636,0,0,83,83,1.0,0.012121434739137725,625,My cave mates say that you're holding try outs.
4959,5636,0,0,80,80,1.0,0.01257886513566569,625,"Uh, can someone explain the meaning of “ball club” to Harald the Smiter here?"
5272,5636,0,0,80,80,1.0,0.01257886513566569,625,"Well, if it isn't Wonderboy with a club of his own."
1247,5636,0,0,76,76,1.0,0.013245323570650438,625,WITH MY STONE BAT I CAN PLAY BETTER GAME
4321,5636,0,0,93,93,1.0,0.010810968751610264,625,"They sorry for you, so I'm here on your great,great,great,great,great,great and so on......behalf!"
5544,5636,0,0,51,51,1.0,0.019802950859533486,625,Can't be . . . the scouts said he's a five-tool player.
