target_id,rank,funny,somewhat_funny,unfunny,count,score,precision,contest,caption
2726,1,4268,5040,2610,11918,2.1391173015606646,0.0068413041859156955,627,I recommend the pigeon. It's locally sourced.
3265,2,5254,5439,4424,15117,2.054905073758021,0.006492570219046235,627,Weren't there three of you?
5475,3,4174,5814,3806,13794,2.026678265912716,0.0064723150824161505,627,"Table for two, by the window. Is there a problem?"
3219,4,3834,3892,3839,11565,1.9995676610462603,0.007574529788219679,627,Any dessert before you hit the road?
5601,5,4153,4423,4323,12899,1.986820683773936,0.007136723311800902,627,"Ignore the screams, sir. I’ll get you a new fork."
5406,6,3836,4354,4029,12219,1.9842049267534168,0.007256835672047079,627,Welcome back. The Chef enjoyed reading your pithy critique on Yelp.
3120,7,3184,4183,3389,10756,1.9809408702119746,0.007535673909308177,627,Yes this is the smoking section.
5996,8,3366,4069,3584,11019,1.980215990561757,0.007563714565015215,627,I recommend starting with an order of wings.
4752,9,3460,4278,3841,11579,1.9670956041108905,0.007373364264848471,627,"If you find it too drafty, I can close the window."
659,10,3491,4273,3935,11699,1.9620480382938712,0.007357901928976925,627,Would you like to hear about our fall specials?
537,11,2237,3331,2623,8191,1.9528751068245636,0.00849558810788858,627,"Is that far enough away from the kitchen to suit you, sir?"
3121,12,3418,4420,4002,11840,1.9506756756756756,0.0072614601236170445,627,You must be the couple with the Groupon.
968,13,2893,3734,3665,10292,1.9249902837155073,0.007833955325338109,627,"I'm terribly sorry, I'll send for another violinist right away."
1237,14,1306,1640,1888,4834,1.8796028134050475,0.011563487771978022,627,Might I recommend the pigeon.  It's locally sourced.
2165,15,1818,2798,3082,7698,1.8358015068849052,0.008899185793380789,627,May I suggest a little something to take the edge off?
6170,16,869,1386,1491,3746,1.8339562199679658,0.01268320801657508,627,Would you care to hear about our tipping policy?
2492,17,1318,2195,2310,5823,1.8296410784818822,0.010101038661501728,627,"Sorry, after last night, we no longer serve alcohol at this table."
3359,18,1826,2671,3356,7853,1.8051699987266012,0.008899710636048044,627,The perch is excellent.
2304,19,650,1353,1400,3403,1.7796062297972377,0.012759202332177654,627,"Well, the review did describe it as 'urban edgy.'"
519,20,1341,2464,2861,6666,1.771977197719772,0.009315416788263964,627,"You reserved a table--and I quote--'away from everyone, with an unobstructed view of the city'."""
4621,21,1571,2841,3380,7792,1.7678388090349075,0.008639267768898682,627,Is this far enough from the kitchen for sir's liking?
98,22,1477,2652,3314,7443,1.7531909176407363,0.008849250606490465,627,The maitre d’ thanks you for the two dollars and hopes you enjoy your meal.
993,23,1014,1721,2300,5035,1.7445878848063554,0.010853132509584765,627,What do I recommend?  Don’t look down.
5750,24,1361,1999,2988,6348,1.7436988027725269,0.009878794090826764,627,"You can come back in, sir. Your wife just left."
6167,25,1233,1548,2744,5525,1.7265158371040723,0.010805915800482199,627,Welcome to our Sarah Huckabee Sanders table
1813,26,1332,2671,3382,7385,1.7224102911306702,0.008718426041603255,627,"Yes, Madame, the pigeon is raised locally."
6302,27,783,1436,2000,4219,1.7115430196729082,0.011690122952939032,627,They're not menus—they're waivers.
488,28,305,569,791,1665,1.7081081081081082,0.01855762500259117,627,"Hi, my name is Pierre. I'll be your second waiter this evening."
5914,29,832,1076,1968,3876,1.7069143446852426,0.012816270097984977,627,LIMERICK : A couple named Albert and Flo...Went for pasta before catching a show...While seated on a ledge...He fell over the edge...And Al dente'd the taxi below.
1732,30,255,559,751,1565,1.6830670926517572,0.018622049086288672,627,Rainwater or tap?
4560,31,1216,1865,3221,6302,1.6818470326880355,0.00978130073816642,627,The bird drop soup is excellent.
896,32,812,1519,2305,4636,1.6779551337359793,0.011076218777400004,627,"Since you were talking on your cell phones, we seated you where we have the best reception."
1380,33,460,1205,1562,3227,1.6585063526495196,0.012573038335826698,627,"On the plus side, feel free to smoke."
3291,34,614,1445,2016,4075,1.6559509202453988,0.011373830340918267,627,It was this or 11:00 PM.
2279,35,613,1082,1850,3545,1.6510578279266572,0.012715642669709334,627,"I hope we don't get a pushy waiter."""
561,36,556,994,1768,3318,1.6347197106690778,0.01307422112827838,627,I'd avoid ordering the chicken -- it tends to attract hawks.
2695,37,395,696,1272,2363,1.6288616165890817,0.01550334511500553,627,"Vertigo's.""..sounded Italian to me"
5921,38,261,589,927,1777,1.6252110298255487,0.01724354748057861,627,Today' s Early Bird Special was captured on this ledge this morning.
1615,39,148,367,546,1061,1.6248821866163996,0.022007428673569834,627,You did request a table with a view.
2069,40,404,883,1463,2750,1.6149090909090908,0.013893191313596145,627,Next time don’t show the coupon till later.
3936,41,675,1168,2259,4102,1.613846903949293,0.011749505271400935,627,Never let it be said we don't serve Administration officials.
502,42,633,1031,2140,3804,1.603838065194532,0.012264346964561575,627,Think twice about my tip.
933,43,318,703,1198,2219,1.6034249662009914,0.015398506669595106,627,I’d order quickly. The window closes in 10 minutes.
2250,44,352,792,1348,2492,1.6003210272873194,0.014482089387132793,627,Weren't you a party of three?
2973,45,219,355,792,1366,1.5805270863836018,0.0203298730926463,627,Next time don’t drop Trump’s name.
221,46,258,511,1009,1778,1.577615298087739,0.017338199501425542,627,"Can I start you off with dessert, just in case?"
5739,47,334,896,1478,2708,1.5775480059084195,0.01346317365998588,627,We're the only restaurant in town with a smoking section.
4794,48,318,799,1370,2487,1.5770004020908726,0.014179074428673447,627,I hope you won't mind if we ask you to pay your check in advance...
2990,49,213,516,916,1645,1.572644376899696,0.01750372500943267,627,May I recommend an appetizer as a good jumping off point?
1427,50,228,511,956,1695,1.5705014749262536,0.017420016081363537,627,It’s our take out menu.
6284,51,275,561,1113,1949,1.5700359158542843,0.016452454184250596,627,It's our special pre-fall menu.
1767,52,175,448,778,1401,1.569593147751606,0.01880308390012943,627,Your pigeon should be arriving any moment now.
6413,53,196,441,870,1507,1.5527538155275382,0.018354204181090756,627,My name is Henri and there is no way in God’s creation that I will be your server tonight.
3670,54,211,520,976,1707,1.5518453427065027,0.017025761475239688,627,"Before I take your order, I would like you to take a few minutes to familiarize yourselves with the safety features of this table and chairs."
2418,55,162,418,775,1355,1.54760147601476,0.0189621501763262,627,Tonight we have locally-sourced pigeon.
956,56,179,476,871,1526,1.546526867627785,0.01778626312289023,627,"Yes, the chef is very familiar with your review from last time."
370,57,68,203,350,621,1.5458937198067633,0.027441885127226548,627,"Sparkling, still, or rain?"
1770,58,228,493,1019,1740,1.5454022988505747,0.017125313540886696,627,The manager wants to let you know he appreciated the honesty of your online review.
833,59,229,578,1100,1907,1.5432616675406396,0.016005905110349394,627,We apologize for losing your reservation.  Our manager has informed me that your dinner will be on the house.
214,60,146,418,745,1309,1.5423987776928954,0.018981589951116564,627,I don't recommend anything heavy.
1439,61,219,516,1025,1760,1.5420454545454545,0.01681075172541229,627,"... yes, since we opened the new terrace, we have been losing customers."
1761,62,189,593,1016,1798,1.5400444938820912,0.015975601029825634,627,But we did reserve you the table with the best view.
72,63,207,432,929,1568,1.5395408163265305,0.01808416711514046,627,"Welcome to New York's latest theme restaurant, 'Wall Street 1929.'"
3672,64,130,397,702,1229,1.5345809601301872,0.019361936411915557,627,There you have it.  A table by the window.  Enjoy.
732,65,153,399,768,1320,1.5340909090909092,0.019089510072175943,627,"I recommend the pigeon, it's very fresh."
1233,66,179,482,913,1574,1.5336721728081322,0.01740129154359825,627,Might I suggest an extremely well balanced meal?
5094,67,111,241,518,870,1.532183908045977,0.0240859749347406,627,I say we go for the table side flambé and watch him sweat.
4553,68,207,381,915,1503,1.528942115768463,0.01868890767614126,627,". . . and, of course our pigeon is ledge-to-table."
6124,69,169,472,893,1534,1.5280312907431552,0.017501341478546033,627,"I assure you, there is no better view in the city."
474,70,139,262,624,1025,1.526829268292683,0.022545520414913867,627,I'll be right back with some sugar packets for that wobbly table leg.
6256,71,109,342,613,1064,1.5263157894736843,0.020670662566551982,627,"If you drop a fork, just leave it."
4317,72,183,398,872,1453,1.5258086717136958,0.01857948727430508,627,May I suggest an order of wings?
2834,73,172,441,880,1493,1.5257870060281313,0.01793164717149792,627,"Sir, I would remind you, this a no tipping section."
3675,74,168,437,866,1471,1.5254928619986403,0.018028061223912952,627,Is this far enough from the bathroom for you?
1506,75,166,413,840,1419,1.5250176180408739,0.018462436640603225,627,Too much atmosphere?
5072,76,109,360,634,1103,1.5240253853127834,0.020141639410766392,627,Perhaps a glass of the house wine to take off the edge.
6389,77,127,291,627,1045,1.5215311004784688,0.021721826617455028,627,Do either of you have any food allergies or suicidal tendencies I should be aware of?
139,78,153,317,726,1196,1.5209030100334449,0.020565558139131065,627,"You had to mock his French accent didn't you?"""
2029,79,146,320,709,1175,1.5208510638297872,0.020597461666834772,627,Sometimes I think you’re ashamed to be seen with me.
1971,80,174,350,817,1341,1.5205070842654735,0.019491431134375115,627,"It's haute cuisine, but edgy."
2712,81,143,395,777,1315,1.51787072243346,0.018855598258196247,627,"Good evening sir, and yes, apparently the Maitre D' did remember your last visit."
2166,82,162,356,797,1315,1.5171102661596958,0.019430535672184637,627,The reviews said the view was breathtaking...
4547,83,169,312,777,1258,1.5166931637519874,0.02030792751602212,627,"I and the rest of the waitstaff prefer all ""Make America Great Again"" discussions take place on the patio."
6160,84,149,356,761,1266,1.5165876777251184,0.019582841056468393,627,All of our meals are prepaid.
6415,85,128,314,671,1113,1.5121293800539084,0.02077331105570685,627,Can I start you off with some Xanax?
5769,86,126,349,705,1180,1.509322033898305,0.01982691049416836,627,"The food is ok, but most of our patrons come for the atmosphere"
3562,87,124,320,678,1122,1.5062388591800357,0.020497708684393958,627,"Bottled, tap or rain?"
1470,88,127,289,657,1073,1.5060577819198508,0.02130716151629611,627,"Well, you ordered the perch."
407,89,124,306,666,1096,1.5054744525547445,0.0208549546828504,627,Our specials are listed on the billboard across the street.
5626,90,123,321,679,1123,1.5048975957257347,0.020445835432480006,627,You're lucky we have a smokers table.
4248,91,156,227,689,1072,1.5027985074626866,0.022475984579030363,627,"So, you work for Sarah Huckabee Sanders?"
5609,92,48,115,258,421,1.501187648456057,0.03373662320634478,627,Our wings are very popular.
1623,93,136,240,649,1025,1.4995121951219512,0.02243405300178398,627,Are you enjoying our 'Sarah Huckabee Sanders' table?
5607,94,85,196,455,736,1.497282608695652,0.025580894142065682,627,"If you prefer, a table just opened in the elevator."
5356,95,118,225,587,930,1.4956989247311827,0.023286139351800263,627,"Until you get fired from your Press Secretary job, let's make the reservations in my name."
1676,96,112,255,601,968,1.4948347107438016,0.022311563644191235,627,Would you like our fall menu?
858,97,102,267,588,957,1.4921630094043887,0.022009524511559263,627,I wouldn't order anything too heavy.
5535,98,91,262,552,905,1.4906077348066298,0.02233634577593062,627,"It says, ""Please pay your check before you eat.   
Thank you."""
244,99,85,266,538,889,1.4904386951631046,0.02228841147878055,627,"Just so you know, there's a one-drink maximum."
2968,100,98,243,555,896,1.4899553571428572,0.022882969324011612,627,"A table just opened up near the gargoyle, if you prefer."
2570,101,105,226,562,893,1.4882418812989922,0.023318426494902532,627,"If you will take another look at your Groupon, you will see it clearly states that dinner for two is ""on the house,"" not ""free."""
4359,102,98,223,542,863,1.4855156431054461,0.02352135129943059,627,"If you feel a draft, I can close the window"
3332,103,105,206,547,858,1.4848484848484849,0.024021715096981203,627,Don't tip.
6301,104,104,207,547,858,1.4836829836829837,0.023964140786679973,627,"You must have read the review incorrectly. We’re a five story restaurant, but got a one star review."
4048,105,83,226,502,811,1.4833538840937115,0.023685398955752186,627,I bet that table by the kitchen is looking pretty good now.
3839,106,80,249,518,847,1.4828807556080283,0.02276950333187416,627,This was the only outdoor seating available.
6417,107,81,219,490,790,1.4822784810126581,0.02400753047532118,627,Funny! His late wife used to sit right there.
866,108,89,217,515,821,1.4811205846528623,0.023850457311898443,627,"As you requested, the smoking section."
2386,109,79,236,504,819,1.4810744810744811,0.023259985306196773,627,Is the table by the kitchen still available?
4382,110,92,214,522,828,1.4806763285024154,0.02388628891216161,627,Appetizer? Everyone orders the wings.
4714,111,92,209,518,819,1.47985347985348,0.024078578128336588,627,"Sparkling, Still, Tap or Rain?"
5613,112,82,220,499,801,1.4794007490636705,0.02383064573121843,627,Life is uncertain. May I suggest you eat dessert first?
6004,113,74,209,462,745,1.4791946308724833,0.024544913154099828,627,The couple on the fire escape would like to join you.
5516,114,95,177,494,766,1.4791122715404699,0.02550420901458747,627,There used to be a larger smoking section
430,115,80,150,418,648,1.478395061728395,0.027700283921822964,627,"Welcome back Mr.  ""One star on Yelp""."
5960,116,80,224,499,803,1.4782067247820672,0.02365530353791886,627,"But of course, sir! Our roast pigeon is both locally-sourced and farm-to-table."
2964,117,97,180,506,783,1.4776500638569605,0.02521684693281184,627,Do you think he knows we work in the White House?
1871,118,91,190,499,780,1.476923076923077,0.024895179198193895,627,"...and finally, for $34.95, a giant Andean condor will swoop in and drop a Wild-Caught Pacific Salmon directly onto your plate."
2551,119,99,176,510,785,1.4764331210191082,0.025296050691449534,627,The restrooms are just off to your right. And left.
3591,120,83,192,478,753,1.4754316069057105,0.02499595502609351,627,"Here for the early bird specials, I take it?"
5925,121,73,184,441,698,1.472779369627507,0.025645975454093063,627,I assume the other couple will not be rejoining you?
2701,122,67,208,451,726,1.4710743801652892,0.024459292325511504,627,May I suggest a cocktail to take the edge off?
4987,123,80,170,451,701,1.470756062767475,0.026114860462994976,627,And for dessert we have a Pineapple Upside Don't Look Down Cake.
5993,124,69,186,435,690,1.4695652173913043,0.02552990574000819,627,"If we make it through dinner, let’s have the death by chocolate."
5670,125,71,197,454,722,1.4695290858725762,0.024864331567220354,627,"Would you like still, sparkling, or captured rain water?"
4242,126,66,203,445,714,1.4691876750700281,0.024669613535577103,627,This table opened up because the last couple had a falling out.
4807,127,61,211,438,710,1.4690140845070423,0.024364152577655982,627,"When you asked for a table by the window, did you specify ""inside""?"
5662,127,82,169,459,710,1.4690140845070423,0.026020112339674516,627,I'd recommend the cornice hen.
1775,129,61,210,437,708,1.4689265536723164,0.0244124978170271,627,"So, do you understand ""al fresco"" now?"
3431,130,79,157,436,672,1.46875,0.026861195484009556,627,The chef says you may come in after you quit asking for gluten free options.
4708,131,73,174,436,683,1.4685212298682284,0.02604901476678516,627,"Sparkling, or rain?"
1171,132,69,188,439,696,1.4683908045977012,0.025368555873377927,627,"I assure you Madame, they only look like ants."
3015,133,65,179,416,660,1.4681818181818183,0.026013808060840006,627,I hear the squab here is to die for.
4733,134,76,164,436,676,1.467455621301775,0.02649368714244161,627,And for your final course?
3004,135,65,191,433,689,1.4658925979680697,0.025217539877154714,627,We apologize for the screaming.  I'll be right back with a new knife.
304,136,66,174,417,657,1.4657534246575343,0.026183580723843337,627,"Can you hear the crying baby now, sir?"
1653,137,77,153,430,660,1.465151515151515,0.027047951474441282,627,This was Karl Wallendas' favorite table.
5722,138,68,184,436,688,1.4651162790697674,0.025492458131184188,627,"It's a pleasure to honor your ""free dinner coupon""."
5410,139,63,191,428,682,1.464809384164223,0.025230577028145233,627,"Folks, I wanted to let you know that we’ll be closing the window in about 15 minutes."
3290,140,66,183,430,679,1.4639175257731958,0.025564470807061927,627,"Yes, the Groupon said ""rooftop"" dining."
701,141,74,160,432,666,1.4624624624624625,0.02660807598297083,627,Is this your first time to a ledgetarian restaurant?
2424,142,71,165,429,665,1.4616541353383459,0.026379512097625294,627,"Oh, so NOW you want the table by the kitchen?"
3760,142,76,155,434,665,1.4616541353383459,0.026805328526279527,627,Will the other two guests be rejoining you?
4593,144,64,176,419,659,1.4613050075872533,0.025939384126970517,627,I would suggest a well-balanced meal.
5674,145,68,165,421,654,1.460244648318043,0.026436394884719435,627,"I don't want to push you, but have you folks decided on your order?"
3725,146,64,172,416,652,1.460122699386503,0.026137084532630674,627,Yelp review: Edgy new restaurant brings city dining to new heights
5981,146,63,174,415,652,1.460122699386503,0.02604678924280018,627,"""May I suggest the jumbo wings to start?"""
1411,148,56,173,392,621,1.458937198067633,0.02629448959837625,627,This is the best view we have
530,149,63,141,380,584,1.457191780821918,0.028208999483314404,627,"I’d bring you more bread, but the pigeons will just keep taking it."
3800,150,53,180,393,626,1.4568690095846646,0.025844729943204137,627,"I should mention that our ""No Tipping"" advisory has nothing to do with gratuities."
5199,151,61,161,399,621,1.4557165861513688,0.026775539696678754,627,"Might I suggest the roast pigeon.  It is quite fresh and locally sourced."""
243,152,65,146,397,608,1.4539473684210527,0.027579298416574596,627,"Your drinks will be right out, Sir. 
Also, an Officer Davis on the phone  sends the message that ""you have so much to live for."""
2081,153,50,168,373,591,1.4534686971235196,0.02658658944430679,627,May I suggest the wings?
843,154,62,146,388,596,1.4530201342281879,0.027679030180684513,627,He heard we voted for Trump.
275,155,71,128,398,597,1.4522613065326633,0.028543413406607304,627,This is our VIP table for the current administration's top staffers.
4448,156,68,129,390,587,1.4514480408858603,0.028600139889745597,627,"And if you're feeling more adventurous, we can start with a blind tasting."
6177,157,64,139,389,592,1.4510135135135136,0.028014274230707972,627,You wanted our smoking section.
5658,158,67,127,387,581,1.4492254733218588,0.02870956768573616,627,I am sorry Secretary DeVos. I've checked with the owner; this is our only available table this evening.
363,159,53,151,369,573,1.4485165794066317,0.027492552437185444,627,"Ah, you must be the couple who talked politics with the Maitre D' ."
1675,160,48,160,364,572,1.4475524475524475,0.026961782060894553,627,Both the kitchen and window will be closing in fifteen minutes. Thank you
3078,161,57,137,367,561,1.447415329768271,0.028361298095365837,627,"Don't feel bad, he loved playing the violin..."
1371,162,55,144,369,568,1.4471830985915493,0.027884630888400798,627,"As requested, secluded, good view, not near the kitchen, no annoying music, away from the entrance."
3866,163,52,145,361,558,1.446236559139785,0.027897266673773843,627,"It's not the height which scares most patrons, it's the width."
3097,164,49,149,356,554,1.4458483754512634,0.02768862348613326,627,Best if you don't lean back like that...
5759,165,53,143,363,559,1.445438282647585,0.027973597003545833,627,Is this table close enough to the window for you?
4051,166,61,125,369,555,1.445045045045045,0.029027553596058617,627,"The chef has designated this table for our vegan, gluten, dairy, sodium free patrons"
5736,167,55,135,361,551,1.4446460980036298,0.02849475132298268,627,"No, honey I said "" lets try some place edgy"" not ledgy."
3827,168,50,144,355,549,1.4444444444444444,0.0279814505398511,627,Is this your first high tea?
2256,169,47,143,346,536,1.4421641791044777,0.028086254067951663,627,We recommend a heavy meal - winds are coming from the east and gusting to thirty miles per hour.
157,170,53,134,356,543,1.441988950276243,0.028551969335209374,627,Welcome to our new patio dining experience.
1792,171,51,134,351,536,1.4402985074626866,0.028571413700479227,627,"Outdoor table with view, just as requested in your OpenTable reservation."
5412,171,55,126,355,536,1.4402985074626866,0.029055525714620223,627,"if it's too drafty, I can shut the window"
6265,173,41,150,336,527,1.4402277039848197,0.027646086074970662,627,"Everyone asks for outside seating, and then they complain."
4145,174,65,100,358,523,1.439770554493308,0.0307921713279575,627,We shouldn't have told him we were Trump supporters
3694,175,51,126,343,520,1.4384615384615385,0.029194941887288772,627,"If it gets too breezy, I'll close the window."""
5022,176,45,137,336,518,1.4382239382239381,0.028499852113248045,627,Your profile said that you like to live on the edge.
6102,177,40,146,330,516,1.437984496124031,0.027910844082818458,627,"Enjoy the unobstructed view, but watch your step when you go to the rest rooms."
4728,178,53,119,342,514,1.4377431906614786,0.029694670094433284,627,"For starters, can I interest you in some breadcrumbs?"
1858,179,37,150,325,512,1.4375,0.02764837220023805,627,I wish they would call this something other than the fall menu.
4352,179,50,124,338,512,1.4375,0.029390622797328958,627,"Our specialty is the fresh wild squab, locally sourced, roof-to-table in 15 minutes."
2841,181,38,152,332,522,1.4367816091954022,0.027415803923842047,627,I recommend the wings.
3974,182,23,164,295,482,1.4356846473029046,0.026637601019153648,627,"Due to circumstances beyond our control, the strolling violinist is not available."
2944,183,50,120,335,505,1.4356435643564356,0.029676765642350243,627,"Sir, may I suggest the pigeon?"
2212,184,45,128,328,501,1.435129740518962,0.029169592660773895,627,No chicken tonight...but we do have pigeon.
1696,185,45,117,314,476,1.434873949579832,0.030256246951619954,627,"My apologies - your souffle fell.  Actually, it's still falling."
1832,186,47,121,327,495,1.4343434343434343,0.0296944018390214,627,"...and of course if you have any allergies please let me know, your safety is very important to us."
290,187,53,103,326,482,1.433609958506224,0.031109403049309408,627,"On today's menu, we have a recipe for disaster"
5891,188,35,145,316,496,1.4334677419354838,0.027950262133350962,627,I highly recommend the pigeon
5621,189,43,127,322,492,1.4329268292682926,0.029257545121012724,627,Our waiter seems a little pushy; and that worries me.
1356,190,54,104,332,490,1.4326530612244899,0.03086591336041004,627,"Not only is the view great out here, Mr. and Mrs. DeVos, but we can assure you no protesters will interrupt your dinner."
5767,190,54,104,332,490,1.4326530612244899,0.03086591336041004,627,Would you like some bread crumbs for the table?
2453,192,45,121,322,488,1.4323770491803278,0.029709523429428685,627,Mind if we move you over a little to fit another party in?
5888,193,46,111,313,470,1.4319148936170212,0.03066807995669156,627,May I suggest our term policy for $19.95.
2929,194,46,116,320,482,1.4315352697095436,0.030113573997105167,627,"I believe Monsieur and Madame have discovered that the, ahem, ""wretched little table next to the men's room"" has a newfound appeal, n'est ce pas?"
4810,195,46,112,315,473,1.4312896405919662,0.030524443447687157,627,My name is Adam and I'll be talking you down from the ledge this evening.
3379,196,37,133,311,481,1.4303534303534304,0.02883124423486536,627,"Will you be having the fall special, then?"
6203,196,40,127,314,481,1.4303534303534304,0.029278459148629782,627,May I startle you off with something?
735,198,42,111,301,454,1.4295154185022025,0.030811466509058742,627,A true gentleman would have pulled out my chair.
2703,199,34,136,305,475,1.4294736842105262,0.028617362670947128,627,You must have missed the small print on the Groupon.
198,200,48,105,316,469,1.4285714285714286,0.030994512567128426,627,"For you, I recommend the wings."
1342,200,41,119,309,469,1.4285714285714286,0.02994789080053358,627,"Your reservation specified that you were to be seated in a space, and I quote: ""...where there will be absolutely no children.""  
Bon appetit."
3747,202,38,127,309,474,1.4282700421940928,0.029268472452369163,627,"Have we decided, or are we still up in the air?"
2137,203,43,114,310,467,1.4282655246252676,0.03034169996424265,627,"Maybe you shouldn't have joked that we were reviewers from the ""failing New York Times."""
3287,204,49,101,316,466,1.4270386266094421,0.03128011038596399,627,Restrooms are located directly below you.
5147,204,43,113,310,466,1.4270386266094421,0.03038201201744639,627,Any food allergies or phobias?
5829,204,43,113,310,466,1.4270386266094421,0.03038201201744639,627,Might I suggest the roast pigeon?
273,207,44,110,310,464,1.4267241379310345,0.030626497246490556,627,"No, I am the chef, a drone will deliver your meal."
2593,207,28,142,294,464,1.4267241379310345,0.02808965526018414,627,The squab is quite fresh. It arrives daily.
3529,209,42,112,306,460,1.4260869565217391,0.030505742795038204,627,Your farm-to-table dinners should land any minute now.
448,210,54,87,317,458,1.425764192139738,0.03241878946673851,627,My name is Mario and I'll be throwing your food at you from here tonight.
3865,211,42,108,302,452,1.424778761061947,0.03088432294774542,627,The smoking section sure has changed over the years
907,211,43,106,303,452,1.424778761061947,0.031042751864519783,627,"If you think your table is unsafe, you should try our shrimp scampi."
5122,213,50,91,309,450,1.4244444444444444,0.032233612063378325,627,You have to stop telling people you work for Trump.
1,214,35,122,296,453,1.423841059602649,0.029700764348758495,627,We bring dining alfresco to a new height.
3603,215,38,115,298,451,1.4235033259423504,0.030282472791844796,627,"May I suggest something that's quick. 
There's a high-wind advisory."
5924,215,32,127,292,451,1.4235033259423504,0.029289935035484587,627,This is the table farthest from the kitchen. Bon Appetit
4291,217,35,119,293,447,1.4228187919463087,0.029971683710306833,627,"I dont' want to push you, but the kitchen will be closing soon."
1500,218,36,116,293,445,1.4224719101123595,0.03023135819335249,627,"Next time, please let us know if you will be late."
493,219,38,106,287,431,1.4222737819025522,0.031263796647419156,627,For here?  Or to go?
2143,220,55,77,311,443,1.4221218961625282,0.03337168980263935,627,This is where we seat folks who still ask for Trump Wine.
6486,220,41,105,297,443,1.4221218961625282,0.031155593364824544,627,"Do you have the Groupon with you, sir?"
6000,222,30,126,285,441,1.4217687074829932,0.029385149567264644,627,"Groupon voucher, I presume?"
5331,223,40,105,294,439,1.4214123006833712,0.031188640939409915,627,Would you prefer the window open or closed?
5273,223,36,113,290,439,1.4214123006833712,0.03051435342826094,627,"The pigeon is very, very fresh."
1256,225,32,118,283,433,1.420323325635104,0.030102357488162135,627,You did ask if we had a smoking section.
6412,226,37,102,280,419,1.4200477326968974,0.03170658745017126,627,"May I recommend the '66 Haut Brion.  The scintillating bouquet of dark fruit, forest floor, and smokey cedar pair well with the dumpster fire in the alley."
1826,227,38,107,291,436,1.4197247706422018,0.03099380042409881,627,What? Your profile said 'living on the edge' and 'drinks with a view.'
5642,227,51,81,304,436,1.4197247706422018,0.033131602501566736,627,You may come inside when you finish your vegetables.
749,229,39,94,277,410,1.4195121951219511,0.03256611164447537,627,We find this is less passive aggressive than spitting in your food.
6434,230,34,113,285,432,1.4189814814814814,0.03049641137704771,627,Tonight's special is free range pigeon.
481,231,50,79,299,428,1.4182242990654206,0.03342150069262907,627,"Is this table more comfortable, Secretary DeVos?"
1410,231,39,101,288,428,1.4182242990654206,0.031569251240189264,627,"Try the pigeon,it's locally sourced"
3685,233,31,119,283,433,1.418013856812933,0.029909792590786313,627,Is this far enough from the kitchen to meet your request sir?
5680,234,40,98,288,426,1.4178403755868545,0.031846810657430155,627,"If you don't tip me, I tip you."
4015,234,46,86,294,426,1.4178403755868545,0.03287095043028454,627,You just had to tell them I voted Republican didn't you!
6455,236,33,111,280,424,1.4174528301886793,0.030706663021814976,627,I'll give you a few minutes to decide if you're willing to look down at the menu.
3810,236,37,103,284,424,1.4174528301886793,0.031424579177147874,627,"You ordered take-out, right?"
558,238,39,98,285,422,1.4170616113744077,0.031882926685762966,627,My name’s George. I’ll be your next waiter for the evening.
4235,238,40,96,286,422,1.4170616113744077,0.0320589822886936,627,I see that you have some table reservations.
1503,240,39,97,284,420,1.4166666666666667,0.03198932702642305,627,You said you wanted a table with a killer view
2247,241,39,95,282,416,1.4158653846153846,0.032204967307278086,627,"At Vertigo, you tip us and we don't tip you."""
3519,242,36,94,270,400,1.415,0.032551289777294753,627,Let me know if you want to send your food back again.
1089,243,37,98,280,415,1.4144578313253011,0.03188883886913168,627,Can I start you off with a little something for the vertigo?
122,244,31,107,270,408,1.4142156862745099,0.03113740002276713,627,Next time...Make a reservation.
2645,245,34,103,276,413,1.414043583535109,0.03144035827324246,627,I heard the free-range pigeons are to die for.
5212,245,30,111,272,413,1.414043583535109,0.030683553389733983,627,You should start with the wings.
1485,247,35,100,276,411,1.413625304136253,0.0317327142735206,627,"But you must admit, the view is breathtaking."
5025,248,32,105,272,409,1.41320293398533,0.03126991471074939,627,You just missed the early birds.
4349,248,34,101,274,409,1.41320293398533,0.03165087730854381,627,This table has a two drink maximum.
523,248,33,103,273,409,1.41320293398533,0.0314609726519861,627,Pay no attention to the gathering crowd.
58,248,33,103,273,409,1.41320293398533,0.0314609726519861,627,"No complaints about the view this week, sir?"
1885,252,33,102,272,407,1.4127764127764129,0.03156642101895368,627,I suggest the wings.
66,253,35,96,272,403,1.411910669975186,0.03216629444815615,627,"Appetizer? Wings, perhaps?"
1165,253,33,100,270,403,1.411910669975186,0.03178018336891186,627,"Well, you did say “as far from the kitchen as possible”, didn’t you?"
3504,253,36,94,273,403,1.411910669975186,0.03235762229069667,627,I'm guessing you booked through Open Table?
6120,253,30,106,267,403,1.411910669975186,0.031192056514695123,627,You’re the one that wanted to go to the edgiest restaurant in the city.
3006,257,32,101,268,401,1.4114713216957606,0.03169241512664896,627,"Let me guess, you slipped the maître d' a single."
6067,257,35,95,271,401,1.4114713216957606,0.032277169336086015,627,My name is Marcel and I am here to talk you down.
2078,259,28,104,257,389,1.411311053984576,0.03154497442897894,627,"As you requested, a quiet table in the corner, and a great view."
3819,260,36,92,271,399,1.4110275689223057,0.032582906790120075,627,"This time,tip!"
4851,260,26,112,261,399,1.4110275689223057,0.030589259825870876,627,It’s our early fall menu.
6289,262,34,95,268,397,1.4105793450881612,0.03230569660948122,627,"Well, I see you won't be needing the third menu after all."
6126,263,40,82,273,395,1.410126582278481,0.03358655816290405,627,"If madame and monsieur will follow me, a table has opened up in the stairwell."
1189,264,31,101,266,398,1.4095477386934674,0.03164655575136373,627,"We actually coined the phrase ""Good to the last drop""."
3216,265,38,84,269,391,1.4092071611253196,0.03344072681793569,627,We are known mostly for our atmosphere.
4380,265,43,74,274,391,1.4092071611253196,0.03440727075495764,627,"If you’d like, a table has just opened next to the urinal."
5813,267,30,97,257,384,1.4088541666666667,0.032233743127268136,627,The lady in the room right across from you should be starting her show in five minutes.
1749,268,33,95,266,394,1.4086294416243654,0.032266546987512315,627,"So, is this far enough from the kitchen and restrooms?"
2061,268,25,111,258,394,1.4086294416243654,0.030623502689122284,627,"Well, you did request ""al fresco."""
2147,270,38,84,270,392,1.4081632653061225,0.03337164076147557,627,"I would suggest skipping the bread unless you really, really like pigeons."
3926,270,26,108,258,392,1.4081632653061225,0.030936742463184314,627,The reviews said edgy...
6241,270,28,104,260,392,1.4081632653061225,0.03135569214215056,627,Did you really have to insist on a table with a better view.
5341,273,33,93,264,390,1.4076923076923078,0.032493228844631745,627,Is this far enough away from the band
6262,273,40,79,271,390,1.4076923076923078,0.03388349519993616,627,Chef says your salad will be tossed sweetheart. Your steak too.
3350,273,37,85,268,390,1.4076923076923078,0.03329477597398558,627,Would you like to start with something to take the edge off?
3602,276,29,99,258,386,1.4067357512953367,0.031891082793518204,627,We have a selection of canopies below.
1491,277,38,80,266,384,1.40625,0.03386070391124001,627,Either you tip me or I tip you
4131,277,38,80,266,384,1.40625,0.03386070391124001,627,"I believe they are chanting  at you to skip dessert and jump, sir."
3263,279,9,137,236,382,1.405759162303665,0.027505145467485902,627,Your first responder will be with you shortly
6345,279,35,85,262,382,1.405759162303665,0.03337391510553882,627,The perch special is an excellent choice.
4067,281,26,102,252,380,1.4052631578947368,0.031575475437525126,627,I hope you now understand our smoking policy.
4929,281,27,100,253,380,1.4052631578947368,0.03179461604187377,627,It's down the ledge and to your right.
4888,283,27,99,252,378,1.4047619047619047,0.031906147519394176,627,May I remind you you did ask for the terrace.
5436,283,32,89,257,378,1.4047619047619047,0.032987493592192337,627,"So, I think you'll find kitchen noise a bit less irritating now."
779,285,40,75,268,383,1.4046997389033942,0.03431434395593522,627,The rest of your party is here.
6266,286,33,86,257,376,1.4042553191489362,0.033321259319233215,627,"When you've made up your mind, you can come back inside."
3897,286,35,82,259,376,1.4042553191489362,0.03374426050376311,627,"Tonight, payment in advance will be kindly required."
2710,286,26,100,250,376,1.4042553191489362,0.03179647059781545,627,"Yes sir, this definitely is the Upper East Side!"
4410,289,24,74,204,302,1.403973509933775,0.036441338222095034,627,"When they said this place was edgy, I thought they meant the food."
539,290,30,91,253,374,1.4037433155080214,0.032794855828922206,627,Please be patient. We've lost several waiters recently.
1552,291,35,80,257,372,1.403225806451613,0.033997256844857854,627,"No, Mr. Bond.  I expect you to dine."
4985,291,27,96,249,372,1.403225806451613,0.032247194064424875,627,"As you can see , the pigeon we serve is locally sourced."
898,293,34,81,255,370,1.4027027027027028,0.03391033209147321,627,I did warn all three of you not to push your chairs back too far.
5427,294,31,88,254,373,1.4021447721179625,0.03306250977267761,627,I’ll bring menus as soon as you sign the waivers.
3487,294,32,86,255,373,1.4021447721179625,0.033279773791054255,627,Today's special is perch.
3674,296,27,95,249,371,1.4016172506738545,0.032293978824690185,627,"I said, I like living on the edge, not the ledge."
5752,296,31,87,253,371,1.4016172506738545,0.03318403790818502,627,You said you'd take the last corner table we had available.
3140,296,34,81,256,371,1.4016172506738545,0.03383622097048668,627,"I don’t mean to rush you, but the window will be closing in five minutes."
5047,299,40,68,261,369,1.4010840108401084,0.0352405474186295,627,Please accept our apology.  The chef thought you were with the current Administration.
3540,299,33,82,254,369,1.4010840108401084,0.03374607125709817,627,"Sparkling, still, or rain gutter?"
6307,301,19,107,236,362,1.4005524861878453,0.03091775201587601,627,"Sparkling, tap, or if you wait five minutes, rain?"
247,302,31,83,249,363,1.399449035812672,0.03368231505051197,627,Not what I had in mind when I said 'let's eat out.'
1294,302,32,81,250,363,1.399449035812672,0.033907496993095004,627,We noted your last Yelp review mentioned your table was too close to the kitchen.
2442,302,34,77,252,363,1.399449035812672,0.03435343305531997,627,Dinner is on the house.
4836,302,34,77,252,363,1.399449035812672,0.03435343305531997,627,"If you put a matchbook under the leg, it'll be less tippy."
2507,306,31,77,240,348,1.3994252873563218,0.034709400711379984,627,We're uploading the full menu to the cloud.
345,307,26,92,243,361,1.3988919667590027,0.03265227093275517,627,You're the one who wanted to be reseated as far away from the kitchen as possible!
743,307,21,102,238,361,1.3988919667590027,0.03145193228116547,627,I believe your reservation simply requested outdoor seating.
2854,307,30,84,247,361,1.3988919667590027,0.03358166463032576,627,Our special of the day will be landing shortly.
3600,307,30,84,247,361,1.3988919667590027,0.03358166463032576,627,May I suggest something not too heavy.
4524,307,23,98,240,361,1.3988919667590027,0.03193748182555773,627,"Just think, I had to call two months in advance for the corner table"""
6016,307,37,70,254,361,1.3988919667590027,0.03514902065960749,627,The special tonight is cornice hen.
6368,307,31,82,248,361,1.3988919667590027,0.033810021442067704,627,These prices seem really high.
5730,314,29,85,245,359,1.3983286908077994,0.033477368052076927,627,Yes Sir...this is where we put all the lawyers.
3768,315,34,74,249,357,1.3977591036414565,0.03475528371390005,627,The restrooms are to the gentleman’s left.
6075,316,24,92,236,352,1.3977272727272727,0.03272539312280701,627,"When I said ‘Ideally, a table in a corner location with good views...’"
5137,317,29,82,242,353,1.3966005665722379,0.033861956822018424,627,I recommend the perch special
3765,317,29,82,242,353,1.3966005665722379,0.033861956822018424,627,Your complimentary free-range pigeon appetizers should arrive shortly. Just sit very still.
340,319,26,87,238,351,1.396011396011396,0.03326665075626036,627,The chef says you can come in if you stop ordering well done.
398,319,25,89,237,351,1.396011396011396,0.03302105443893308,627,"Table by the window or nothing"", you said"
928,319,27,85,239,351,1.396011396011396,0.033510447159341435,627,Sorry for the wait. The line is out the fire escape.
4345,319,30,79,242,351,1.396011396011396,0.034231420035678674,627,Is there table service or do we order at the window?
5001,319,33,73,245,351,1.396011396011396,0.03493751803576081,627,"Sir, all of our cuisine is haute."
5500,319,28,83,240,351,1.396011396011396,0.033752482650895935,627,You insisted on a table by the window.
1041,325,21,96,232,349,1.3954154727793697,0.03213682655904535,627,"I'm sorry, there will be no wine pairing tonight. Our sommelier had a slight misstep."
4921,325,31,76,242,349,1.3954154727793697,0.03460418661408759,627,The Yelp review was literally a yelp.
5457,325,37,64,248,349,1.3954154727793697,0.036003530343349105,627,My sister is joining us.
2421,328,29,79,239,347,1.3948126801152738,0.03425856299010541,627,They said al fresco
5279,328,23,91,233,347,1.3948126801152738,0.03276737368378838,627,"You really meant it when you said,  “I’m Going to get us a table no matter what.”"
5311,328,31,75,241,347,1.3948126801152738,0.034741405529305866,627,I wouldn’t recommend anything heavy.
5708,331,31,74,240,345,1.3942028985507247,0.034880073534952385,627,What kind of dive is this?
4703,331,28,80,237,345,1.3942028985507247,0.03414767067478386,627,Try the pidgeon
2259,331,27,82,236,345,1.3942028985507247,0.033900020256878355,627,It's our special Fall menu.
40,331,24,88,233,345,1.3942028985507247,0.03314596892725526,627,How many were you?
4491,331,20,96,229,345,1.3942028985507247,0.03211303628963864,627,"Yes, we are a 3-star restaurant, and you will see them all shortly after sunset."
6432,336,30,72,233,335,1.3940298507462687,0.03537120539217536,627,Why can’t you just admit you forgot about our anniversary again?
1381,337,29,77,237,343,1.3935860058309038,0.03452993750481318,627,Can I get you something to take the edge off?
1519,337,16,103,224,343,1.3935860058309038,0.031155642223485505,627,We were curious if you finally found the temperature to your satisfaction
2242,337,27,81,235,343,1.3935860058309038,0.034032598071741346,627,You HAD to ask for a table with a view.
3409,337,22,91,230,343,1.3935860058309038,0.03275622994299963,627,"We were only able to squeeze you in due to a last minute 
catastro... er cancellation."
5378,337,26,83,234,343,1.3935860058309038,0.033781182709104296,627,"Gratuities are mandatory, if you know what I mean."
5729,337,29,77,237,343,1.3935860058309038,0.03452993750481318,627,The souffle is not available. It fell.
128,343,37,60,244,341,1.3929618768328447,0.036604067511155254,627,"The pidgeon is excellent, and fresh."
1009,343,28,78,235,341,1.3929618768328447,0.03441809177509214,627,"And for dessert, I recommend our pie in the sky."
4038,343,25,84,232,341,1.3929618768328447,0.03365789856479184,627,"Yelp recommended it for its edgy vibe"""
548,346,36,62,244,342,1.391812865497076,0.03627937619366581,627,"We've been over this a thousand times. This is not a restaurant, I am not a waiter, and there is no soup du jour. I'm wearing this for an audition. Now, please come back inside, mom and dad."
5461,347,35,62,240,337,1.3916913946587537,0.03643260164903457,627,"Everything is a little steep here, don’t you think?"
3772,348,31,71,238,340,1.3911764705882352,0.03521993186616547,627,"You dropped the fork, you pick it up."
1554,348,24,85,231,340,1.3911764705882352,0.03345114475840541,627,"You wanted a table in the smoking section, right?"
804,350,26,80,232,338,1.3905325443786982,0.03409982857175389,627,"I would recommend the ""Death by Chocolate"" as a better choice."
5777,350,21,90,227,338,1.3905325443786982,0.03278729358669318,627,"I trust THIS table isn't ""too close to the kitchen."""
1326,352,23,84,226,333,1.3903903903903905,0.03365862783550717,627,"The wind is out of the south at 15 knots this evening, we recommend a heavy dressing on the salad,...Monsieur."
608,353,25,81,230,336,1.3898809523809523,0.033974675342962356,627,The chef recommends a balanced meal.
3887,353,23,85,228,336,1.3898809523809523,0.03344760024215358,627,The reviews said it was edgy.
110,355,30,70,234,334,1.3892215568862276,0.03540282369017657,627,"Welcome to 'You Catch It, We'll Cook It.'"
1740,355,28,74,232,334,1.3892215568862276,0.03489119971306994,627,"Mr Robinson, your wife has gone now. Would you like to come back inside?"
3146,355,33,64,237,334,1.3892215568862276,0.036156687997773246,627,"AND for dessert, we have a spectacular DEATH BY CHOCOLATE"
5844,355,22,86,226,334,1.3892215568862276,0.03330921034723198,627,Is this far enough from the kitchen?
5908,355,21,88,225,334,1.3892215568862276,0.033038181548716454,627,"Next time I would highly recommend making reservations, sir."
4218,360,29,71,232,332,1.3885542168674698,0.03529241818403832,627,Roasted pigeon is our specialty for tonite.....
4188,360,27,75,230,332,1.3885542168674698,0.034772911976799846,627,"I was aware of your fear of heights, but you neglected to mention your fear of widths."
270,362,29,69,229,327,1.3883792048929664,0.03567537811033083,627,"I’m Mario, I’ll be your negotiator today."
5088,363,21,83,218,322,1.3881987577639752,0.03385580863496921,627,"We will begin with the check, obviously"
1565,364,30,68,232,330,1.387878787878788,0.0356974374196559,627,"I see you dropped your napkin, sir."
2724,364,31,66,233,330,1.387878787878788,0.03595453147166973,627,Look down and you'll see our Fall Special is an Egg Drop Soup–it's to die for.
2694,366,25,76,224,325,1.3876923076923078,0.03474923998168235,627,"The usual, Mr. Cruise?"
1408,367,19,88,219,326,1.3865030674846626,0.03298870965310699,627,Reviews called this an “edgy new restaurant”. So far so good.
1424,368,28,68,225,321,1.3862928348909658,0.03586108219850346,627,I recommend the Linguini Afraido or the Petrified Sole.
2469,369,23,77,219,319,1.3855799373040751,0.03461870818851017,627,"On the front of the menu you will see todays specials and if you turn to the back, our insurance policy."
1443,370,29,65,226,320,1.384375,0.036193526299645555,627,Should I tell him I dropped my fork again?
5685,370,20,83,217,320,1.384375,0.03366955683702832,627,"""If you want to see and be seen, this is the table."
5901,372,21,82,220,323,1.3839009287925697,0.033739593077671756,627,"It says terror, not terroir."
4853,373,24,73,219,316,1.3829113924050633,0.03510478609564872,627,"Would that be close enough to a window, sir?"
105,373,29,63,224,316,1.3829113924050633,0.03650764485145314,627,I'm afraid your only options are  tossed salad and the catch of the day. I'll do the tossing and you can do the catching...
172,373,30,61,225,316,1.3829113924050633,0.036781796554213465,627,I recommend you start with dessert.
1203,373,26,69,221,316,1.3829113924050633,0.035672550471373424,627,"Sorry for the delay, my name is Herbert and I'll be your replacement waiter."
1415,373,17,87,212,316,1.3829113924050633,0.03304086909769834,627,"Dining out, are we?"
2049,373,23,75,218,316,1.3829113924050633,0.03481743215209208,627,"Don't worry, you will have that sidewalk table before you know it."
2157,373,27,67,222,316,1.3829113924050633,0.035953070554382426,627,"We read your online review. Rest assured, you will never sit near the kitchen, again."
3080,373,21,79,216,316,1.3829113924050633,0.03423548935467555,627,Tipping is not required but greatly encouraged.
4517,373,19,83,214,316,1.3829113924050633,0.03364348199938095,627,We've brought dining alfresco to a whole new level.
6129,373,21,79,216,316,1.3829113924050633,0.03423548935467555,627,"Greetings. The Specials for this evening are perched on the board behind you."""
6268,373,25,71,220,316,1.3829113924050633,0.03538980689375075,627,Most restaurants don't even have a smoking section.
651,384,29,61,221,311,1.382636655948553,0.03692717428992509,627,"I assure you this is the best table in the whole restaurant, Mrs Clinton, compliments of our new owner, Donald Trump."
5120,385,25,70,219,314,1.3821656050955413,0.03554013724181607,627,We only ask that you please don't tip.
5023,385,23,74,217,314,1.3821656050955413,0.034962868055937325,627,Squab.  See one you like?
3904,385,24,72,218,314,1.3821656050955413,0.03525268427981055,627,My name is Roger and I'll be taking your orders and any last wishes.
6398,385,27,66,221,314,1.3821656050955413,0.03610817868070003,627,I suggest the cornice hen.
669,385,21,78,215,314,1.3821656050955413,0.034375906245896176,627,"No matter what happens, this time we leave a large tip."
1734,385,22,76,216,314,1.3821656050955413,0.03467062930582258,627,"I used a new website,  ""Open Window"", to book our table!"
2600,391,29,61,222,312,1.3814102564102564,0.03682905276235327,627,Please enjoy our special seating area for Trump Administration officials.
2457,391,26,67,219,312,1.3814102564102564,0.03597977010117929,627,Maybe next time Monsieur will think twice about trying to order in French.
464,391,21,77,214,312,1.3814102564102564,0.03451789495034285,627,Will others be joining you?
2730,391,24,71,217,312,1.3814102564102564,0.035402264654134645,627,"Remember folks, our windows close at 9:00 p.m.sharp."
2192,391,23,73,216,312,1.3814102564102564,0.035109949952901225,627,Well you did ask for a table by the window.
3516,391,22,75,215,312,1.3814102564102564,0.034815181009856415,627,We ask that you don't jump when you get your bill.
4433,397,24,70,216,310,1.3806451612903226,0.035553557400970416,627,For a positive Yelp review I can seat you on our patio WITH railing.
781,397,22,74,214,310,1.3806451612903226,0.03496137056159962,627,I see you have selected our discounted Restaurant Week option.
3698,397,21,76,213,310,1.3806451612903226,0.03466148331197293,627,"I know you said this new place was 'edgy,'  Gerald, but really!!!"
357,397,19,80,211,310,1.3806451612903226,0.034053787059115236,627,Well now ... we trust the gentleman finds the table sufficiently private for the important discussion he mentioned the three times he phoned us to confirm his reservation?
14,397,25,68,217,310,1.3806451612903226,0.03584598234144804,627,Tip me or I tip you.
1229,402,22,73,213,308,1.37987012987013,0.03510922729014626,627,I suggest a balanced meal.
2532,402,21,75,212,308,1.37987012987013,0.034806699843013246,627,"Asked for a secluded table without tipping the maitre d' , I see."
3416,402,25,67,216,308,1.37987012987013,0.036001559712875615,627,This place is for the birds.
846,405,29,58,219,306,1.3790849673202614,0.03732542044747716,627,Kitchen and window both close in 15 minutes.
1868,405,19,78,209,306,1.3790849673202614,0.03433502066346653,627,Most of our guests go easy on alcohol.
3775,405,33,50,223,306,1.3790849673202614,0.0384565255662684,627,"I'm sorry Ms. Huckabee-Sanders, this is the best table we have for you."
4747,405,22,72,212,306,1.3790849673202614,0.03525878123598085,627,Our rooftop specialty of the day is cage-free pigeon.
6365,405,27,62,217,306,1.3790849673202614,0.03674681398511838,627,"This IS our ""Romantic, Outdoor Seating With a View To Die For"" table."
4214,410,20,75,209,304,1.3782894736842106,0.034791481410262524,627,Dining out.
6178,411,20,74,208,302,1.3774834437086092,0.03493896075451781,627,First time at a pop-up restaurant?
2460,411,21,72,209,302,1.3774834437086092,0.035252414027121516,627,Of course the pigeon is fresh
909,413,20,73,207,300,1.3766666666666667,0.03508814615711718,627,No little umbrellas in your drinks unless the winds die down.
2882,414,16,58,165,239,1.3765690376569037,0.03935701761841052,627,Care to hear about our Fall specials?
625,415,18,76,204,298,1.3758389261744965,0.03459186748170882,627,The couple with the baby just left.
3692,415,27,58,213,298,1.3758389261744965,0.03741621758241098,627,"Is that far enough from the kitchen, Monsieur?"
5952,415,25,62,211,298,1.3758389261744965,0.0368073180509958,627,"Sorry Congressman, but this is the only table left in Washington where we can assure you that you won't be secretly recorded."
6033,418,28,55,213,296,1.375,0.037892094304891766,627,For starters I recommend our safety railing.
775,419,11,87,193,291,1.3745704467353952,0.032688118781024615,627,They told me the patio wouldn't be crowded.
6424,420,23,64,207,294,1.3741496598639455,0.036512856070645534,627,The catch of the day is pigeon.  Let us know when you’ve caught one.
883,421,25,57,204,286,1.3741258741258742,0.03788166613263678,627,"If you can ""accidentally"" drop your entire lasagne through the sunroof of my ex-girlfriend's Prius, I'll comp your whole meal."
5815,422,23,65,209,297,1.3737373737373737,0.0362489470532733,627,"So, how do you like dating my old girlfriend"
825,423,28,53,211,292,1.3732876712328768,0.03824881498315835,627,Just don't order croutons for your salads
1393,424,18,74,203,295,1.3728813559322033,0.03479164164985616,627,They say the food is to die for.
2814,425,22,63,202,287,1.372822299651568,0.036791604444022116,627,Why do I always get the wobbly table?
2449,426,22,64,204,290,1.3724137931034484,0.03652017017420494,627,"I’m sorry, folks, but the soufflé fell."
2926,426,24,60,206,290,1.3724137931034484,0.03716786019000846,627,I recommend the locally sourced ledge-to-table squab
210,426,24,60,206,290,1.3724137931034484,0.03716786019000846,627,The pigeons should be here shortly with your bread.
384,429,22,62,201,285,1.3719298245614036,0.036961342342105345,627,This is the ‘Air’ part of my B&B.
5703,429,20,66,199,285,1.3719298245614036,0.036286657393249024,627,We have found that fear of imminent death sharpens the senses.
5004,431,24,59,205,288,1.3715277777777777,0.03734020797547058,627,No.  I would recall if I've eaten here before.
6435,431,24,59,205,288,1.3715277777777777,0.03734020797547058,627,Would you like me to tell you about our specials or talk you off the ledge?
5474,431,23,61,204,288,1.3715277777777777,0.03701478706021774,627,The pigeon is locally sourced. It’s ledge-to-table.
5440,431,30,47,211,288,1.3715277777777777,0.03923609505137075,627,"All you said,dear,was to make reservations and to be sure to get a table by the window."
4796,431,25,57,206,288,1.3715277777777777,0.03766281723649375,627,And our pigeon is ledge-to-table.
3973,431,12,83,193,288,1.3715277777777777,0.033225458389520963,627,Mon dieu.  You told me you wanted the table farthest from the kitchen.
3714,431,18,71,199,288,1.3715277777777777,0.0353427659984698,627,The maitre d'  said you used to beat the snot out of him in school.
3457,431,27,53,208,288,1.3715277777777777,0.03829988437666357,627,You can bring your table in when you two start getting along.
2361,431,27,53,208,288,1.3715277777777777,0.03829988437666357,627,"You did say 'first available."""
4072,431,17,73,198,288,1.3715277777777777,0.03499877766271929,627,It's a one drink limit on the ledge.
4756,441,20,66,200,286,1.3706293706293706,0.036182935791801624,627,Gratuity is included for obvious reasons.
6237,441,25,56,205,286,1.3706293706293706,0.03784031151727332,627,"Oh, yeah, that's a typo.  It should say: fingerling potatoes roasted in the drippings of the pigeon."
3981,441,25,56,205,286,1.3706293706293706,0.03784031151727332,627,"If push comes to shove, I'll take mine to go."
6319,441,16,74,196,286,1.3706293706293706,0.03480024965348841,627,I hope this is private enough for you?
1720,441,16,74,196,286,1.3706293706293706,0.03480024965348841,627,"For the safety of our customers and pedestrians below, we don't serve alcohol on the patio."
942,441,22,62,202,286,1.3706293706293706,0.03685483110526894,627,And what would you like for your last meal?
2612,441,18,70,198,286,1.3706293706293706,0.035498325442608974,627,You could’ve at least pulled my chair out.”
1078,448,21,62,198,281,1.3701067615658362,0.036964941826194496,627,Would you like to check your cellphone reception again now.?
6342,449,18,69,197,284,1.369718309859155,0.035655757175636286,627,The window closes at nine
3033,449,24,57,203,284,1.369718309859155,0.03769136171765421,627,The only risk is not tipping well.
6193,451,17,69,193,279,1.3691756272401434,0.0357221885973406,627,Perhaps you’d like to see our Fall menu
1231,452,23,58,201,282,1.3687943262411348,0.037535541333048775,627,"Sir, our ledge seating must pay in advance."
2627,452,13,78,191,282,1.3687943262411348,0.034007726395167345,627,Is this private enough?
3909,452,21,62,199,282,1.3687943262411348,0.03685700179675122,627,"So, you order at the window, yes?"
3924,452,15,74,193,282,1.3687943262411348,0.0347419593041016,627,Should I have slipped him a 20 instead of  a 5?
4419,452,20,64,198,282,1.3687943262411348,0.036513003719032454,627,"Well, you said you wanted a corner table."
4984,452,23,58,201,282,1.3687943262411348,0.037535541333048775,627,May I recommend the in-house special tonight?
5172,452,28,48,206,282,1.3687943262411348,0.039180512598270566,627,I told you not to take the job at the white house!
4224,459,21,60,196,277,1.3682310469314078,0.037312890288477535,627,"Your total is $88.70, we'll see you at the next window."
5872,460,17,69,194,280,1.3678571428571429,0.03561879194401284,627,People come here for the atmosphere.
3809,460,17,69,194,280,1.3678571428571429,0.03561879194401284,627,Enough. Just admit you forgot our anniversary.
3803,460,21,61,198,280,1.3678571428571429,0.03702843358245567,627,"I guess this what they meant by ""To-die-for views of the City."""
1400,460,21,61,198,280,1.3678571428571429,0.03702843358245567,627,The prices include the cost of this fantastic birds-eye view.
1567,460,22,59,199,280,1.3678571428571429,0.03737253713725087,627,"Honey, I need a drink to take the edge off."
57,460,25,53,202,280,1.3678571428571429,0.03838634454581197,627,May I describe our Early Bird Specials?
2309,460,22,59,199,280,1.3678571428571429,0.03737253713725087,627,Did your guest leave?
4278,467,19,51,172,242,1.3677685950413223,0.04020381935836878,627,Well you were the one who insisted on being seated immediately.
436,468,24,54,200,278,1.3669064748201438,0.038234880405653725,627,"Death by Chocolate"" is probably your best choice"
5233,468,23,56,199,278,1.3669064748201438,0.037893720818270075,627,The only safe place White House staffers can eat in peace.
3962,470,28,47,206,281,1.3665480427046264,0.03925551969022008,627,l guess I’ll have the shit on a shingle.
1065,470,21,61,199,281,1.3665480427046264,0.036919640885154315,627,Is this far enough from the kitchen for you?
2451,472,16,68,189,273,1.3663003663003663,0.03583769197432635,627,They say the view here is ledge-endary.
4977,473,22,57,197,276,1.3659420289855073,0.03772863635164577,627,May I start you both off with a Valium?
261,474,20,59,192,271,1.3653136531365313,0.03748881630681904,627,"Unfortunately, this is our only available table away from the crying kid."
266,475,16,68,190,274,1.364963503649635,0.035731675332344094,627,Are there any food allergies or phobias you'd like me to be aware of?
293,475,24,52,198,274,1.364963503649635,0.03860894515747679,627,"This IS our most romantic spot. Its known as ""Lovers Leap"""
4780,475,22,56,196,274,1.364963503649635,0.03791010604237081,627,Sorry about your guest. That happens sometimes.
5349,475,21,58,195,274,1.364963503649635,0.03755581029786435,627,"You may want to try our specialty...""cornice hen""."
6114,475,19,62,193,274,1.364963503649635,0.03683699744957403,627,"Well, the rents in Manhattan are ridiculously high."
6322,475,21,58,195,274,1.364963503649635,0.03755581029786435,627,Tipping is highly discouraged here.”
2529,481,24,50,195,269,1.3643122676579926,0.03911461826411535,627,The restroom is down one flight and through the first window.
2590,481,16,66,187,269,1.3643122676579926,0.0361664862542625,627,"After months of planning, he found the perfect spot to ask her to either 'take the leap' or 'make the plunge'."
3324,483,21,57,194,272,1.3639705882352942,0.03773610855283771,627,"'Forgive me, but the hostess, she inform me you are a party of THREE, no? - Ah, sacré bleu, not again!'"
578,483,18,63,191,272,1.3639705882352942,0.03664172506732309,627,"But you said, 'As far away from the kitchen as possible'."
2283,485,20,58,192,270,1.362962962962963,0.0375538769662732,627,Will anybody else be joining you?
2489,485,21,56,193,270,1.362962962962963,0.03791873554997309,627,"This isn't what I meant when I said, 'Let's go someplace edgy.'"
2567,485,16,66,188,270,1.362962962962963,0.03605754225061314,627,"Yes madam, this seating is the furthest we have from the kitchen."
5647,485,18,62,190,270,1.362962962962963,0.03681331300190691,627,I assume you didn't tip the maitre d.
5890,485,17,64,189,270,1.362962962962963,0.03643738716847793,627,My name is Wallenda- I will be your server tonight.
3229,490,16,65,187,268,1.3619402985074627,0.036223531155277676,627,You're right - the view does take your breath away.
67,490,12,73,183,268,1.3619402985074627,0.03464597612327712,627,You DID ask for a table next to the window.
838,490,25,47,196,268,1.3619402985074627,0.03954358913854952,627,This place is just a little too edgy ... don't you think??
851,490,21,55,192,268,1.3619402985074627,0.03810373858476,627,"I told you to stop complaining about being so close to the kitchen, but no . . ."
2781,490,23,51,194,268,1.3619402985074627,0.03883033824275897,627,May I suggest the upside-down cake.
5159,490,22,53,193,268,1.3619402985074627,0.03846875395813333,627,"And should you need it, the bathroom is one ledge above."
5843,496,19,52,178,249,1.3614457831325302,0.039319471637088405,627,If you're leaning toward the salad...Don't.
4128,497,15,64,183,262,1.3587786259541985,0.03633393125662755,627,Go ahead and choose from the drop-down menu.
3546,497,18,58,186,262,1.3587786259541985,0.03752195289306178,627,We are delighted to accommodate you tonight even without a reservation
6314,497,19,56,187,262,1.3587786259541985,0.03790968757048455,627,Do you have any questions about the liability waiver?
1788,497,17,60,185,262,1.3587786259541985,0.03713016948690841,627,I'm thinking a well balanced meal is in order here.
800,497,20,54,188,262,1.3587786259541985,0.03829349650364086,627,It's either the most exclusive table in New York or the maitre'd found out I made the reservation under D. Trump.
2899,497,19,56,187,262,1.3587786259541985,0.03790968757048455,627,Well at least we're not right by the bathrooms.
713,503,19,54,184,257,1.3579766536964981,0.03841026938303251,627,"Our specialty today is ‘supreme de pigeon,’a free-range bird that Monsieur and Madame may choose directly."
377,504,18,57,185,260,1.3576923076923078,0.03770491294409786,627,"Ah yes, the perch, excellent choice."
479,504,22,49,189,260,1.3576923076923078,0.039248701620844956,627,"``Good evening. My name is Stanley, I'll be your server. And there's no way in hell I'm coming out there."""
1962,504,19,55,186,260,1.3576923076923078,0.03809672544749782,627,We found out the hard way a table for four doesn’t work in this space.
1432,507,25,41,189,255,1.3568627450980393,0.040933504634950664,627,May I recommend starting with a drink with a little parachute?
5828,508,13,66,179,258,1.3565891472868217,0.03584491677828984,627,"I recommend the pigeon, it arrives fresh daily"
5095,508,22,48,188,258,1.3565891472868217,0.03945030676958018,627,"Is the menu edgy enough for you now, sir?"
4758,508,10,72,176,258,1.3565891472868217,0.034559637011770984,627,At least we're not by the bathroom this time.
4270,508,19,54,185,258,1.3565891472868217,0.03828625282992357,627,When I made the reservation I expected that 'edgy ambiance' would be something entirely different.
3821,508,21,50,187,258,1.3565891472868217,0.03906614290398955,627,"Our food is great, but we are mostly known for our atmosphere."
2538,508,24,44,190,258,1.3565891472868217,0.0402076245238647,627,Care to try our wings?
2901,508,25,42,191,258,1.3565891472868217,0.04058098388002855,627,Have you any food allergies or phobias for which the kitchen should be aware?
2194,508,20,52,186,258,1.3565891472868217,0.0386781635884627,627,Would you care for a starter of breadcrumbs?
3588,508,17,58,183,258,1.3565891472868217,0.03749014257266473,627,"As requested, a table near a window."
4739,517,13,64,176,253,1.3557312252964426,0.036294284338622855,627,"Well, honestly, would you rather be here or in front of the men's room?"
4168,518,17,57,182,256,1.35546875,0.03767368758651616,627,"Darling, you win! You’ve found us the edgiest place in the city!"
4746,518,16,59,181,256,1.35546875,0.037264855849237645,627,I'm afraid your meal may be delayed.  The chef just stepped out.
3176,518,23,45,188,256,1.35546875,0.04003910920310524,627,This is not what I meant when I said I wanted to start living on the edge
4586,518,16,59,181,256,1.35546875,0.037264855849237645,627,You the couple who insisted on a table by the window?
228,518,20,51,185,256,1.35546875,0.03887439389974208,627,"We also have some tables by the dumpster, but it's a 20 minute wait."
631,518,17,57,182,256,1.35546875,0.03767368758651616,627,This is our special seating area for yelpers
3934,524,15,58,175,248,1.3548387096774193,0.03763751798445039,627,This is our special table for Groupon customers.
5945,525,16,57,178,251,1.3545816733067728,0.037754128256516764,627,"Boy, do they remember when you don't leave a tip."
1960,525,17,55,179,251,1.3545816733067728,0.03817390090585028,627,We wanted our restaurant to be edgy.
810,527,18,55,184,257,1.3540856031128405,0.03795488737636894,627,"But sir, you asked for something by the window."
3637,528,12,63,171,246,1.353658536585366,0.03648567802299459,627,"Can I get started with cocktails, an appetizer or some Dramamine?"
6489,529,13,62,174,249,1.3534136546184738,0.03663959794019895,627,Have you had a chance to read the waiver?
4342,530,17,55,180,252,1.3531746031746033,0.03804814196047189,627,"Would you like me to recommend something to take the edge off, sir?"
4844,530,14,61,177,252,1.3531746031746033,0.03678046283080882,627,"If it’s not too much of an imposition, would you mind paying before you order?"
5009,530,20,49,183,252,1.3531746031746033,0.039274925426281,627,"Welcome to Ledge and Airy, may I take your order?"
5125,530,14,61,177,252,1.3531746031746033,0.03678046283080882,627,Exclusive enough for you?
6370,530,16,57,179,252,1.3531746031746033,0.03763032757115353,627,With this special seating your food will be delivered by Drone
985,530,18,53,181,252,1.3531746031746033,0.03846141781286964,627,Did that sugar packet help with the table?
312,530,20,49,183,252,1.3531746031746033,0.039274925426281,627,"So, is this table far enough ""away from the riff-raff"" for sir?"
3578,530,21,47,184,252,1.3531746031746033,0.03967542464513566,627,Tell me again: You scored the favorite table of which White House staffer?
6433,538,19,49,179,247,1.3522267206477734,0.03940663617484285,627,Enjoy! Your dinner is on the house.
5935,538,20,47,180,247,1.3522267206477734,0.03982208286273594,627,He said it was the last window table he had.
4695,538,12,63,172,247,1.3522267206477734,0.03636586053216965,627,"Hon, isn’t this carrying al fresco a little to far?"
4313,538,19,49,179,247,1.3522267206477734,0.03940663617484285,627,"Bienvenue au restaurant “L’edge”. I am your waiter, Gaston."
3608,538,16,55,176,247,1.3522267206477734,0.038133148937452184,627,"The fresh air, elevation, and fear for your life will pair nicely with the filet."
5146,538,16,55,176,247,1.3522267206477734,0.038133148937452184,627,Any interest in sharing a bottle of helium?
1265,538,16,55,176,247,1.3522267206477734,0.038133148937452184,627,"So exclusive, nobody gets in."
2764,545,22,44,184,250,1.352,0.0402849289686358,627,She’s not falling for him.
5706,546,16,54,175,245,1.3510204081632653,0.038326537381830054,627,"Hi, I'm Kyle. I'll be taking care of you this evening along with the fire department."
4633,546,22,42,181,245,1.3510204081632653,0.040861467176284576,627,This takes al fresco dining to new heights!
1617,546,21,44,180,245,1.3510204081632653,0.040450012292280214,627,Tonight's special is our chef's exciting take on street food. It comes with no sides.
816,546,16,54,175,245,1.3510204081632653,0.038326537381830054,627,Don't think we don't pay attention to your Yelp reviews.
4435,550,13,59,171,243,1.3497942386831276,0.03717471114789275,627,May I suggest small plates this evening?
6291,550,18,49,176,243,1.3497942386831276,0.039395555891882546,627,"Please, no tipping."
6061,550,19,47,177,243,1.3497942386831276,0.03982486608955111,627,I guess they recognize you as a Trump cabinet member from being on Meet the Press
5656,550,17,51,175,243,1.3497942386831276,0.03896151548656964,627,What would you like to order from the early-bird menu?
5544,550,17,51,175,243,1.3497942386831276,0.03896151548656964,627,For your safety we don't offer thin crust pizza on windy days.
4074,550,16,53,174,243,1.3497942386831276,0.038522584985823186,627,"You did request a table by the window, sir."
2666,550,16,53,174,243,1.3497942386831276,0.038522584985823186,627,"Sir, I believe It was your request to dine al fresco."
3132,550,16,53,174,243,1.3497942386831276,0.038522584985823186,627,We're staying! It took me months to get this table...
1419,550,15,55,173,243,1.3497942386831276,0.03807859528619371,627,May I suggest the bird’s nest soup?
1263,550,15,55,173,243,1.3497942386831276,0.03807859528619371,627,You did say any table will do.
527,550,18,49,176,243,1.3497942386831276,0.039395555891882546,627,"For your first course, we recommend the insurance policy."
396,550,16,53,174,243,1.3497942386831276,0.038522584985823186,627,Is this table far enough away  from the kitchen for you?
195,550,18,49,176,243,1.3497942386831276,0.039395555891882546,627,Next time you ask for 'by the window' I suggest you say 'inside.'
175,550,21,43,179,243,1.3497942386831276,0.040669893399063024,627,Can I start you both off with some Xanax?
2204,550,15,55,173,243,1.3497942386831276,0.03807859528619371,627,"You brought me here so I wouldn’t make a scene, right?"
3877,565,13,58,170,241,1.3485477178423237,0.03735784297711222,627,"As you requested,  a private table with a view.  Just don't look straight down."
3863,565,18,48,175,241,1.3485477178423237,0.039604282154323676,627,And for my ex-wife?
4793,565,16,52,173,241,1.3485477178423237,0.03872134904334555,627,"Our food is just O.K., but the views are killer."
2601,565,15,54,172,241,1.3485477178423237,0.038272244840422624,627,Tonight’s special is roof-to-table pigeon
5938,565,13,58,170,241,1.3485477178423237,0.03735784297711222,627,Next time let’s forget about asking for a table with a view
6446,565,10,64,167,241,1.3485477178423237,0.0359426486512687,627,"I couldn't help but overhear about our ""lack of atmosphere."""
5377,565,17,50,174,241,1.3485477178423237,0.039165303756615234,627,That's why I gave you the take out menu.
2660,565,19,46,176,241,1.3485477178423237,0.04003844791660414,627,This is our safest table for members of the current administration.
2377,565,14,56,171,241,1.3485477178423237,0.03781780769047717,627,Your privacy as requested sir!
1647,565,16,52,173,241,1.3485477178423237,0.03872134904334555,627,"Well, it is BY the window."
1320,565,17,50,174,241,1.3485477178423237,0.039165303756615234,627,For the last time: I didn't mind your mother joining us tonight. I pulled out her chair to be chivalrous
987,565,18,48,175,241,1.3485477178423237,0.039604282154323676,627,"I gather Monsieur that you are the critic from the ""New Yorker""."
259,565,13,58,170,241,1.3485477178423237,0.03735784297711222,627,"For starters, I recommend not looking down."
42,565,16,52,173,241,1.3485477178423237,0.03872134904334555,627,Lately complaints about service have really fallen off.
2634,565,19,46,176,241,1.3485477178423237,0.04003844791660414,627,"Certainly sir, the pigeon is ledge to table."
1167,580,15,53,171,239,1.3472803347280335,0.03846856822317201,627,You did ask for a quiet table for two.
2807,581,19,44,174,237,1.3459915611814346,0.040474879922314536,627,"Make a decision, or I lock the window."
1711,581,17,48,172,237,1.3459915611814346,0.03958156759344666,627,Your garlic onion anchovy pizza and two large bowls of chili with extra beans will be right out.
2836,581,16,50,171,237,1.3459915611814346,0.039127263990330195,627,"Sorry we're running late, but we lost two more servers today."
2877,581,14,54,169,237,1.3459915611814346,0.038202452484072225,627,"Oui. The pigeon is fresh, madame."
5361,581,20,42,175,237,1.3459915611814346,0.04091422259448879,627,Thank you for joining us tonight at L'Edge.
5551,581,12,58,167,237,1.3459915611814346,0.03725469049967537,627,"Since that regrettable incident with the dropped fork, the City only allows us to serve finger food out here."
4420,587,20,43,177,240,1.3458333333333334,0.04054540847948156,627,"I'd like to clarify our policy of ""no tipping"""
5473,587,19,45,176,240,1.3458333333333334,0.040113123105553185,627,This place is very edgy.
1338,587,18,47,175,240,1.3458333333333334,0.0396761281099166,627,"One more try, sir? Or is this far enough from the kitchen?"
2027,587,16,51,173,240,1.3458333333333334,0.038787370816040286,627,I thought you like to eat out.
6308,587,19,45,176,240,1.3458333333333334,0.040113123105553185,627,Far enough from the kitchen for you folks?
6441,592,20,40,172,232,1.3448275862068966,0.04152583898571871,627,LIVES CLOSE TO THE EDGE. I love it when Tinder profiles are so accurate!
5788,592,17,46,169,232,1.3448275862068966,0.040155177685562586,627,You'll find your parachute located in a pouch underneath your seat.
4735,592,15,50,167,232,1.3448275862068966,0.039214796815572245,627,"Again sir, dining alfresco is not an option here.
Now kindly return the table and chairs to the dining room."
4201,592,16,48,168,232,1.3448275862068966,0.039687772576989744,627,Sharon debated if it would be more painful to sit through dinner with her ex or fall to her death.
3543,592,12,56,164,232,1.3448275862068966,0.037760340051142045,627,"I'll happily bring you some wine, but glass bottles are prohibited in this section of the restaurant."
5832,597,14,53,168,235,1.3446808510638297,0.03839876790580103,627,I suggest you stick with the perch.
5277,597,12,57,166,235,1.3446808510638297,0.03743961642980818,627,Feel like pigeon.  What about you?
3879,597,17,47,171,235,1.3446808510638297,0.03979417198651324,627,"The pigeon is ledge-to-fork."""
5060,597,12,57,166,235,1.3446808510638297,0.03743961642980818,627,When we say “al fresco” we mean it.
5027,597,17,47,171,235,1.3446808510638297,0.03979417198651324,627,"You had to insist on a corner table, didn’t you Barbara?"
4539,597,18,45,172,235,1.3446808510638297,0.04024855740555681,627,You have choice of two sides.
6184,597,11,59,165,235,1.3446808510638297,0.03695070539617554,627,We are so glad to be able to seat you so quickly.  This table just became available after the last gust of wind.
3569,597,21,39,175,235,1.3446808510638297,0.04158193262267906,627,The maitre d' asked me to express his appreciation for the $2.
496,597,16,49,170,235,1.3446808510638297,0.039334537940034185,627,"The pigeon is fresh, caught today."
2638,597,18,45,172,235,1.3446808510638297,0.04024855740555681,627,Don't blame me.  You asked for the non-cell phone section.
2277,597,21,39,175,235,1.3446808510638297,0.04158193262267906,627,May I suggest the pigeon? It's a local specialty.
1777,597,14,53,168,235,1.3446808510638297,0.03839876790580103,627,"When you said you were going out on a ledge for me, I thought you were being metaphorical."
1765,597,12,57,166,235,1.3446808510638297,0.03743961642980818,627,I trust this is sufficiently far from the bathroom door.
250,597,18,45,172,235,1.3446808510638297,0.04024855740555681,627,Our Egg Drop Soup is literally the most authentic you will find
22,597,14,53,168,235,1.3446808510638297,0.03839876790580103,627,Don't worry about the pigeons.  They leave when the sun goes down before the bats arrive.
2837,597,15,51,169,235,1.3446808510638297,0.03886946907046431,627,We reserve this special table for restaurant critics like yourselves.
5026,613,18,46,174,238,1.3445378151260505,0.03988866432018647,627,This menu is for the birds.
4683,614,15,49,166,230,1.3434782608695652,0.039424668523126816,627,"We don't actually have any food, it's all about the ambiance."
6346,615,11,58,164,233,1.3433476394849786,0.03713214048383668,627,"I am sorry, but wine is only available by the glass in this section."
5727,615,18,44,171,233,1.3433476394849786,0.04046957540235671,627,May I interest you in anything to drink? Perhaps a bottle of wine to take the edge off?
5139,615,15,50,168,233,1.3433476394849786,0.03907416703018996,627,"Merely a formality, but we do ask that you please pre-pay."
4770,615,15,50,168,233,1.3433476394849786,0.03907416703018996,627,"We ask that all 'ledge' customers pay in advance."""
5364,615,17,46,170,233,1.3433476394849786,0.04000984710292061,627,Our special should be flying in momentarily.
3614,615,16,48,169,233,1.3433476394849786,0.03954477458718325,627,"And yes, the squab is locally sourced."
2362,615,14,52,167,233,1.3433476394849786,0.03859782197294601,627,Your pigeon will be with you shortly.
1660,615,15,50,168,233,1.3433476394849786,0.03907416703018996,627,"Tonight's special is pigeon, locally raised only 2 feet from where you're sitting."
698,615,19,42,172,233,1.3433476394849786,0.0409241395913828,627,Our special appetizer is bird drop soup.
4112,615,16,48,169,233,1.3433476394849786,0.03954477458718325,627,Sidewalk dining is so out.
108,625,17,44,167,228,1.3421052631578947,0.04060077792136317,627,Our special tonight is Pigeon. Very fresh.
2175,625,14,50,164,228,1.3421052631578947,0.039147089033925025,627,The Catch of the Day should be landing shorty.
3045,625,12,54,162,228,1.3421052631578947,0.03814719982519714,627,The special tonight is free range pigeon.
5418,625,16,46,166,228,1.3421052631578947,0.0401220675583473,627,"I’m sorry, but all ledge patrons must pay for dinner upfront."
3348,629,15,49,167,231,1.341991341991342,0.039281779926489915,627,"For what it's worth, monsieur, I thought your review was more than fair."
3414,629,18,43,170,231,1.341991341991342,0.04069384206371208,627,Let me guess...Groupon?
3587,629,14,51,166,231,1.341991341991342,0.03879967420338475,627,FYI there’s a two drink maximum for that table.
4393,629,18,43,170,231,1.341991341991342,0.04069384206371208,627,Is rainwater OK or would you prefer tap?
6386,629,16,47,168,231,1.341991341991342,0.03975804006861469,627,I am so pleased you made a stink about their lack of outdoor seating.
5532,629,16,47,168,231,1.341991341991342,0.03975804006861469,627,"Edgy"". ""Ledgy"". Yes, Myron, words do matter"
5637,629,19,41,171,231,1.341991341991342,0.04115376407827998,627,Would you like to hear about our fall menu?
3135,629,16,47,168,231,1.341991341991342,0.03975804006861469,627,As you can see the pigeon is not only local but free range.
4791,629,10,59,162,231,1.341991341991342,0.03680816016417091,627,I thought there were 3 in your party.
2591,629,14,51,166,231,1.341991341991342,0.03879967420338475,627,Just sign the waiver agreement so we can order.
124,629,16,47,168,231,1.341991341991342,0.03975804006861469,627,Our squab is sourced locally........
2308,629,15,49,167,231,1.341991341991342,0.039281779926489915,627,Our hostess has a long memory for poor tippers.
1936,629,22,35,174,231,1.341991341991342,0.042503680376220175,627,May I recommend the pigeon. It's very fresh.
1456,629,18,43,170,231,1.341991341991342,0.04069384206371208,627,It used to be our smokers table.  Now it’s for Trump fans.
1091,629,13,53,165,231,1.341991341991342,0.03831150222040915,627,You tip me and I won’t tip you.
1086,629,16,47,168,231,1.341991341991342,0.03975804006861469,627,I'd advise going easy on the wine.
988,629,13,53,165,231,1.341991341991342,0.03831150222040915,627,Our souffle is said to be lighter than air--I don't recommend it at  this table.
621,629,18,43,170,231,1.341991341991342,0.04069384206371208,627,"For locally sourced, go with the pigeon."
51,629,20,39,172,231,1.341991341991342,0.04160860264074141,627,And our special tonight is fresh pigeon
2433,629,21,37,173,231,1.341991341991342,0.04205852267519032,627,"Good news, you've just been upgraded to an inside closet."
321,649,13,51,162,226,1.3407079646017699,0.03885416009451524,627,Your order will be served by our drone.
676,649,15,47,164,226,1.3407079646017699,0.03985358817196026,627,"Maybe next time, you'll think to tip the maître d'."
3469,649,16,45,165,226,1.3407079646017699,0.040344018849703185,627,We offer cutting edge cuisine and seating
6309,649,12,53,161,226,1.3407079646017699,0.038344678768836044,627,"I will be your server. Our usual waiter, Alfonse, departed unexpectedly."
4003,653,22,34,173,229,1.3406113537117903,0.042752603153824606,627,"I'm sorry Secretary Nielsen, this is the only non-heckling table we can offer you."
5587,653,15,48,166,229,1.3406113537117903,0.0394923724728952,627,"I don't mean to rush you,but our ambiance may be changing from partly cloudy to high winds..."
3861,653,14,50,165,229,1.3406113537117903,0.039004385819096786,627,I feel like our relationship is really on the brink of something.
708,653,17,44,168,229,1.3406113537117903,0.04045068879962063,627,"The crowd below seems to strongly recommend the ""CHICKEN""."
2292,653,18,42,169,229,1.3406113537117903,0.04092143197368203,627,"If you think the view is terrifying, wait until you get the bill."
1636,653,20,38,171,229,1.3406113537117903,0.04184703496787496,627,Your Groupon includes this scenic table and choice of either a soup or salad
2930,653,19,40,170,229,1.3406113537117903,0.041386821153473696,627,Dining out for a literalist.
46,660,16,45,166,227,1.3392070484581498,0.040193931966742764,627,I know you have reservations.
2120,660,15,47,165,227,1.3392070484581498,0.039706011283531385,627,"Ok, perhaps my 9% gratuity last week didn't go unnoticed afterall."
2542,660,16,45,166,227,1.3392070484581498,0.040193931966742764,627,Tipping is optional but there are consequences.
3207,660,13,51,163,227,1.3392070484581498,0.03871172512623887,627,You did specifically request a table by the window.
4191,660,15,47,165,227,1.3392070484581498,0.039706011283531385,627,Dinner is on the house tonight
3901,665,14,48,163,225,1.3377777777777777,0.03942264096697846,627,I hope it was not difficult finding a place which allowed smoking?
3913,665,19,38,168,225,1.3377777777777777,0.04186355597920447,627,You did ask for an outside corner table
4271,665,17,42,166,225,1.3377777777777777,0.04090467259200233,627,Did you say Alfredo or Alfresco?
6194,665,15,46,164,225,1.3377777777777777,0.03992276494049263,627,25% or I close the window.
5837,665,17,42,166,225,1.3377777777777777,0.04090467259200233,627,"Next time, let’s confirm what “first available” means!"
3027,665,15,46,164,225,1.3377777777777777,0.03992276494049263,627,I told you we should have gotten reservations.
6474,665,20,36,169,225,1.3377777777777777,0.042334853949275955,627,That's either the Hudson you're smelling or the soup de jour.
5724,665,13,50,162,225,1.3377777777777777,0.038916090260055006,627,I recommend the perch.
2945,665,10,56,159,225,1.3377777777777777,0.03735524678115685,627,"Welcome to our ""Smoking"" section."
5563,665,16,44,165,225,1.3377777777777777,0.04041670075818123,627,"In addition to our regular menu, the catch of the day is pigeon."
2754,665,16,44,165,225,1.3377777777777777,0.04041670075818123,627,You are still not allowed to smoke.
2144,665,15,46,164,225,1.3377777777777777,0.03992276494049263,627,The wine list is for inside dining only.
2066,665,12,52,161,225,1.3377777777777777,0.03840285850618686,627,"I was sure he said ""Wedge"" salad"
1333,665,13,50,162,225,1.3377777777777777,0.038916090260055006,627,This is the last time I’ll insist on a quiet table
799,665,13,50,162,225,1.3377777777777777,0.038916090260055006,627,So this is the definition of haute cuisine?
759,665,13,50,162,225,1.3377777777777777,0.038916090260055006,627,I Would Recommend Something That Pigeons Don't Like.
623,665,12,52,161,225,1.3377777777777777,0.03840285850618686,627,May I suggest an aperitif to steady the nerves?
574,665,17,42,166,225,1.3377777777777777,0.04090467259200233,627,Welcome to the Witness Protection Bistro.
2817,665,14,48,163,225,1.3377777777777777,0.03942264096697846,627,I told you we wouldn't need a reservation.
1870,684,12,50,158,220,1.3363636363636364,0.03895402099318881,627,The salmon is delicately seasoned with a lemon dill sauce and the occasional updraft from Fifth Avenue.
5710,685,14,47,162,223,1.336322869955157,0.03963631599962288,627,"Well, you're the ones who demanded an outside table with a view!"
5320,685,15,45,163,223,1.336322869955157,0.04014270406387838,627,Your next waiter will be with you shortly.
4486,685,11,53,159,223,1.336322869955157,0.038076766083892814,627,You two seem a bit on edge.
3272,685,14,47,162,223,1.336322869955157,0.03963631599962288,627,I’m going to go out on a ledge here and order the squab.
2219,685,13,49,161,223,1.336322869955157,0.03912337411936507,627,"'Hi, my name is Karl and I'll be talking you down this evening.'"
1737,685,17,41,165,223,1.336322869955157,0.041136783742004336,627,Well there's no skipping out on this check.
2846,685,15,45,163,223,1.336322869955157,0.04014270406387838,627,"This our, “Let’s hide our affair, but I still want to be seen with you,” section."
2984,692,15,43,160,218,1.334862385321101,0.040750123525709475,627,Had to ask for a table with the best view of the city!
5487,692,17,39,162,218,1.334862385321101,0.041774734441428533,627,The atmosphere is not the same since the garbage strike.
4772,692,10,53,155,218,1.334862385321101,0.03806813485885989,627,"Well, you did ask for a window table."
3611,692,10,53,155,218,1.334862385321101,0.03806813485885989,627,I trust madame and monsieur are enjoying their private table for two?
3248,692,16,41,161,218,1.334862385321101,0.04126560919829281,627,"When I told you that I wanted to live life on the edge, this isn't what I had in mind."
3192,692,10,53,155,218,1.334862385321101,0.03806813485885989,627,Your profile said your best first date would include rooftop dining.
5995,692,17,39,162,218,1.334862385321101,0.041774734441428533,627,You said you wanted someplace edgy.
3076,692,13,47,158,218,1.334862385321101,0.03969907677855098,627,You said you wanted a table overlooking the city.  Perhaps Monsieur should have been more specific.
3035,692,15,43,160,218,1.334862385321101,0.040750123525709475,627,Do you mind paying in advance?
2622,692,14,45,159,218,1.334862385321101,0.0402280329150573,627,"Yes, the pigeon is local."
1693,692,17,39,162,218,1.334862385321101,0.041774734441428533,627,"Your friends have arrived, shall I pull up two more chairs?"
2500,692,11,51,156,218,1.334862385321101,0.038619435868199714,627,If you catch a pigeon the meal is on the house.
2490,692,21,31,166,218,1.334862385321101,0.043752030561271846,627,Let me tell you about our specials. Tonight we have a live pigeon that lands on your plate.
2404,692,15,43,160,218,1.334862385321101,0.040750123525709475,627,"Unfortunately, we are no longer allowed to serve alcohol to our ledge guests."
2389,692,17,39,162,218,1.334862385321101,0.041774734441428533,627,You said you wanted to dine out.
1664,692,21,31,166,218,1.334862385321101,0.043752030561271846,627,"Sir, you asked for something 'on the house'"
877,692,11,51,156,218,1.334862385321101,0.038619435868199714,627,You said that you wanted a secluded corner table.
869,692,14,45,159,218,1.334862385321101,0.0402280329150573,627,Are you ready for the first flight?
406,692,14,45,159,218,1.334862385321101,0.0402280329150573,627,Rooftop dining takes on a whole new meaning.
255,692,18,37,163,218,1.334862385321101,0.042277729040211265,627,"If making America just 'OK' is acceptable, you can move back inside."
2592,692,17,39,162,218,1.334862385321101,0.041774734441428533,627,Do you need more time to make your final decision?
4059,713,14,46,161,221,1.334841628959276,0.03985311354634667,627,The Lady requests you switch seats.
3555,713,11,52,158,221,1.334841628959276,0.03827355031322615,627,At least the cell phone reception is outstanding.
600,715,12,48,156,216,1.3333333333333333,0.039374961547907886,627,It's the only window seat we had left.
1586,715,16,40,160,216,1.3333333333333333,0.041504853757646024,627,It's so noisy. Could you ask the server to close the window?
1845,715,11,50,155,216,1.3333333333333333,0.0388242356623171,627,Perhaps Monsieur et Madam can read their menus now?
4335,715,17,38,161,216,1.3333333333333333,0.04202046177256591,627,And our signature dish is locally-sourced squab.
4397,715,14,44,158,216,1.3333333333333333,0.040453927388714735,627,You did request a window table
4707,715,11,50,155,216,1.3333333333333333,0.0388242356623171,627,"I can hear you just fine from over here, Monsieur.”"
5065,715,15,42,159,216,1.3333333333333333,0.04098275934228311,627,The squab is very fresh: it just flew in.
5756,715,9,54,153,216,1.3333333333333333,0.03769865555283047,627,"Let me guess, you forgot to make a reservation?"
2493,715,15,40,155,210,1.3333333333333333,0.0417946314791198,627,"I respectfully advise that if sir drops his fork again, he's on his own."
6020,724,17,37,160,214,1.3317757009345794,0.04227004010527575,627,"I know it's a bit steep, but..."
3022,724,13,45,156,214,1.3317757009345794,0.04014035892447511,627,I told you that we didn't need a reservation.
3428,724,14,43,157,214,1.3317757009345794,0.040683232216291165,627,"Some customers tip too much, some don’t."
1128,727,12,46,153,211,1.3317535545023698,0.039966486520512046,627,"The perfect table, sir, for our guests wishing to see and be seen ..."
1831,728,11,48,153,212,1.330188679245283,0.039242694870601134,627,Your third party has arrived.
3465,728,9,52,151,212,1.330188679245283,0.038086318507372305,627,who are you and what are you doing outside my window
4109,730,12,45,152,209,1.3301435406698565,0.04019073031693538,627,Maybe next time you'll make a reservation.
4320,730,10,49,150,209,1.3301435406698565,0.039029239724860665,627,Would you care for some bread crumbs? The pigeons swear by them.
4146,730,10,49,150,209,1.3301435406698565,0.039029239724860665,627,You're the ones who insisted on getting a table without a reservation
4193,730,15,39,155,209,1.3301435406698565,0.041872600567323365,627,A table just opened up inside if you're still interested.
4318,730,10,49,150,209,1.3301435406698565,0.039029239724860665,627,Our drone will be with you shortly.
4471,730,7,55,147,209,1.3301435406698565,0.037219103678603836,627,Would you prefer one of our non-smoking tables?
4630,730,17,35,157,209,1.3301435406698565,0.042957280269805206,627,"You requested a table by the window,no?"
4692,730,10,49,150,209,1.3301435406698565,0.039029239724860665,627,"You wanted something different - something outdoors and with a big view. Voilà!"""
5588,730,15,39,155,209,1.3301435406698565,0.041872600567323365,627,Is this table close enough to the window?
5246,730,16,37,156,209,1.3301435406698565,0.042418407598878605,627,May I suggest the locally-sourced roasted pigeon?
5871,730,16,37,156,209,1.3301435406698565,0.042418407598878605,627,May I recommend the pigeon? It is fresh.
6103,730,17,35,157,209,1.3301435406698565,0.042957280269805206,627,"My name is Al Fresco and I'll be your waiter."""
6200,730,16,37,156,209,1.3301435406698565,0.042418407598878605,627,"I'm sorry, but this is also a non-smoking section."
6214,730,16,37,156,209,1.3301435406698565,0.042418407598878605,627,Tonight's fish special is perch.
6297,730,12,45,152,209,1.3301435406698565,0.04019073031693538,627,"I always like my first date to be out in public, for safety sake."
6390,730,17,35,157,209,1.3301435406698565,0.042957280269805206,627,We’re a dive bar.
6467,730,16,37,156,209,1.3301435406698565,0.042418407598878605,627,I highly recommend our rooftop to table bird drop soup.
5205,730,15,39,155,209,1.3301435406698565,0.041872600567323365,627,Not the alfresco you had in mind sir?
3883,730,14,41,154,209,1.3301435406698565,0.041319584379766156,627,"Are you ready to apologize and come inside, or shall I take your order?"
2642,730,13,43,153,209,1.3301435406698565,0.04075906559727078,627,We've read your Yelp reviews.
3482,730,12,45,152,209,1.3301435406698565,0.04019073031693538,627,"I hope my father likes you.
He’s a little pushy."
3687,730,10,49,150,209,1.3301435406698565,0.039029239724860665,627,"May I recommend the locally sourced, free range fricasssee de pigeon?"
19,730,14,41,154,209,1.3301435406698565,0.041319584379766156,627,Would you like to see our Fall Menu?
37,730,16,37,156,209,1.3301435406698565,0.042418407598878605,627,All of our other tables are non-smoking.
55,730,12,45,152,209,1.3301435406698565,0.04019073031693538,627,I suggest you tip more than 10% this time.
626,730,15,39,155,209,1.3301435406698565,0.041872600567323365,627,The fresh pigeon should be arriving any moment now.
857,730,14,41,154,209,1.3301435406698565,0.041319584379766156,627,You'll probably want to leave more than a 5 percent tip this time.
897,730,11,47,151,209,1.3301435406698565,0.03961424211637319,627,I thought it was a party of three.
1298,730,9,51,149,209,1.3301435406698565,0.03843533437537195,627,One wonders who will be tipping whom this evening.
973,730,15,39,155,209,1.3301435406698565,0.041872600567323365,627,The pigeon is nice here.
1490,730,16,37,156,209,1.3301435406698565,0.042418407598878605,627,"The pigeon is locally sourced, madam."
1501,730,14,41,154,209,1.3301435406698565,0.041319584379766156,627,"It said ""intimate space with panoramic views"""
1507,730,11,47,151,209,1.3301435406698565,0.03961424211637319,627,You asked for a window seat.
2091,730,12,45,152,209,1.3301435406698565,0.04019073031693538,627,"I recommend the Squab, it flies in fresh daily."
2110,730,16,37,156,209,1.3301435406698565,0.042418407598878605,627,The food here is to die for.
2515,730,13,43,153,209,1.3301435406698565,0.04075906559727078,627,Welcome to Ledgendary. We are introducing our fall menu!
2598,730,18,33,158,209,1.3301435406698565,0.04348947634925706,627,Our special tonight is local free-range squab.
2847,730,13,43,153,209,1.3301435406698565,0.04075906559727078,627,You wanted edgy.
1312,730,13,43,153,209,1.3301435406698565,0.04075906559727078,627,Separate checks?
5264,769,13,42,152,207,1.328502415458937,0.04099446110057558,627,May I start you out with something cautionary?
6388,769,17,34,156,207,1.328502415458937,0.043222150595131216,627,The menus are also paper airplanes
6169,769,12,44,151,207,1.328502415458937,0.0404183587697621,627,Your profile on the dating site indicated that you were interested in an outdoorsy type.
5051,769,14,40,153,207,1.328502415458937,0.04156257879646069,627,"Would you prefer sparkling, still, or rain?"
2822,769,8,52,147,207,1.328502415458937,0.03802677036640908,627,Is this still too close to the kitchen?
3507,769,13,42,152,207,1.328502415458937,0.04099446110057558,627,You shouldn't have refused the table next to the kitchen.
3496,769,7,54,146,207,1.328502415458937,0.03740498829319705,627,"Still, sparkling, or rainwater?"
3254,769,13,42,152,207,1.328502415458937,0.04099446110057558,627,You go first.
2640,769,8,52,147,207,1.328502415458937,0.03802677036640908,627,"Is this far enough away from the kitchen, sir?"
4250,769,12,44,151,207,1.328502415458937,0.0404183587697621,627,It's an unbeatable view. The only downside is sometimes the soufflé falls.
1033,779,13,42,153,208,1.3269230769230769,0.040827454690602054,627,Your seat cushion will serve as a flotation device in the event of a water landing.
1861,779,14,40,154,208,1.3269230769230769,0.0413924170582103,627,Would you like to see our drop-down menu?
3490,779,15,38,155,208,1.3269230769230769,0.04194977143356653,627,Trust me...you do not want the bread basket.
4504,782,17,33,155,205,1.326829268292683,0.04349135344629863,627,Do you want to eat in or take out?
3475,782,14,39,152,205,1.326829268292683,0.04180939848449566,627,"So, this is what they mean by ""Alfresco dining with a view."""
3512,782,13,41,151,205,1.326829268292683,0.04123350329505737,627,"Oh, so NOW you're having reservations."
3633,782,15,37,153,205,1.326829268292683,0.042377468179295344,627,I see why it's called L'edge
3655,782,12,43,150,205,1.326829268292683,0.04064945001265904,627,"And as a local special we have"" pigeon under glass""."
4265,782,12,43,150,205,1.326829268292683,0.04064945001265904,627,Maybe next time you will tip better...
4426,782,14,39,152,205,1.326829268292683,0.04180939848449566,627,"Welcome to La Tour, where we take haute cuisine very seriously.  Cocktail, perhaps, to take the edge off?"
4795,782,11,45,149,205,1.326829268292683,0.04005688178927342,627,this is  dining al fresco  taken to new heights
3458,782,13,41,151,205,1.326829268292683,0.04123350329505737,627,Our special today is a locally-sourced pigeon.
5110,782,9,49,147,205,1.326829268292683,0.03884463622401608,627,I hear the pigeon is good.
5575,782,13,41,151,205,1.326829268292683,0.04123350329505737,627,Welcome to Chez Acrophobia and our Fall Menu.
5631,782,17,33,155,205,1.326829268292683,0.04349135344629863,627,The roast pigeon is to die for!
5902,782,7,53,145,205,1.326829268292683,0.03759332052469507,627,"For our al fresco diners, the special today is locally sourced Wild Pigeon with Black Truffles."
6202,782,12,43,150,205,1.326829268292683,0.04064945001265904,627,It's the no-drinking section... but smoke all you want.
6381,782,15,37,153,205,1.326829268292683,0.042377468179295344,627,Talk about living on the edge.
6419,782,17,33,155,205,1.326829268292683,0.04349135344629863,627,Welcome back to the Red Hen Mrs. Sanders.
4959,782,13,41,151,205,1.326829268292683,0.04123350329505737,627,I can close the window and give you even more privacy.
3314,782,14,39,152,205,1.326829268292683,0.04180939848449566,627,Would you prefer a table closer to the window?
4386,782,15,37,153,205,1.326829268292683,0.042377468179295344,627,We don’t encourage tipping.
3129,782,11,45,149,205,1.326829268292683,0.04005688178927342,627,Imagine where we would be seated without your connection.
705,782,16,35,154,205,1.326829268292683,0.04293802297427107,627,This is NOT my idea of a patio!
801,782,14,39,152,205,1.326829268292683,0.04180939848449566,627,What wine goes best at this altitude?
1023,782,12,43,150,205,1.326829268292683,0.04064945001265904,627,It was this or the table by the bathroom...
1285,782,15,37,153,205,1.326829268292683,0.042377468179295344,627,"When your wife called to check the reservation, she was very specific concerning the location of your table for this evening."
1360,782,12,43,150,205,1.326829268292683,0.04064945001265904,627,Chef Ramsay would like to know if you have any other complaints?
1486,782,11,45,149,205,1.326829268292683,0.04005688178927342,627,"I said  “edgy” place, not “ledgy” place."
1508,782,13,41,151,205,1.326829268292683,0.04123350329505737,627,"Don't worry, I'm not pushy."
1536,782,11,45,149,205,1.326829268292683,0.04005688178927342,627,Chef gets a bit petulant about 'on the side' requests.
1011,782,15,37,153,205,1.326829268292683,0.042377468179295344,627,Today's special is catch it yourself pigeon tartare.
1940,782,13,41,151,205,1.326829268292683,0.04123350329505737,627,Chef trusts this is far enough away from the kitchen to suit you.
3296,782,16,35,154,205,1.326829268292683,0.04293802297427107,627,Sparkling or sill?
2015,782,17,33,155,205,1.326829268292683,0.04349135344629863,627,Not sure I like the new fall menu.
2366,782,16,35,154,205,1.326829268292683,0.04293802297427107,627,"Trump has left, would you like to come back in?"
2396,782,11,45,149,205,1.326829268292683,0.04005688178927342,627,"The restaurant critic said 'it was 'edgy,' but this isn't what I had in mind."
2414,782,15,37,153,205,1.326829268292683,0.042377468179295344,627,You asked for a seat by the window.
2450,782,12,43,150,205,1.326829268292683,0.04064945001265904,627,We haven’t seen the mother hawk in days.
2541,782,6,55,144,205,1.326829268292683,0.03695177587641247,627,"Just to let you know, we have a no-tipping policy"
1783,782,14,39,152,205,1.326829268292683,0.04180939848449566,627,Please don't tip.
216,820,13,40,150,203,1.3251231527093597,0.041476278918785525,627,"I suppose the table near the restroom doesn't look that bad now, huh?"
2270,820,11,44,148,203,1.3251231527093597,0.0402831852323775,627,Are you two going to order anything ? Or are you just window shopping?
4044,822,13,40,151,204,1.3235294117647058,0.04130322283016014,627,We should consider the tipping here real carefully
4121,822,11,44,149,204,1.3235294117647058,0.04011690237139227,627,All I said was I wanted a table near the window.
4423,822,15,36,153,204,1.3235294117647058,0.04245640795498256,627,Let’s just order something light
4552,822,10,46,148,204,1.3235294117647058,0.03951038693476434,627,My name is James your server. The appetizers are on the house.
4568,822,16,34,154,204,1.3235294117647058,0.043021410443881636,627,We hope you enjoy your table by the window.
6351,822,14,38,152,204,1.3235294117647058,0.04188378440755902,627,Yours is the first seating we have had in this section since last fall.
5171,822,11,44,149,204,1.3235294117647058,0.04011690237139227,627,"Welcome to Chez Balcon, where tipping can go either way."
5347,822,12,42,150,204,1.3235294117647058,0.040714383650214334,627,"The menu looks good, but let's ask if there is anything they can do about the lighting."
5907,822,12,42,150,204,1.3235294117647058,0.040714383650214334,627,Our 'early bird' special flew off about five minutes ago.
6068,822,10,46,148,204,1.3235294117647058,0.03951038693476434,627,I told you to tip the Maitre d’ twenty dollars
3949,822,16,34,154,204,1.3235294117647058,0.043021410443881636,627,Stop complaining!  You wanted a table by the window.  You got a table by the window.
5069,822,9,48,147,204,1.3235294117647058,0.038894414709489775,627,I can recommend the free-range pigeon.
3363,822,12,42,150,204,1.3235294117647058,0.040714383650214334,627,Perhaps you’d prefer something less haute?
6372,822,12,42,150,204,1.3235294117647058,0.040714383650214334,627,This takes haut cuisine to a new level.
2873,822,12,42,150,204,1.3235294117647058,0.040714383650214334,627,"I'm told the pigeon pie is ""to die for""!"
116,822,13,40,151,204,1.3235294117647058,0.04130322283016014,627,Its too late for the early bird.
143,822,18,30,156,204,1.3235294117647058,0.0441297192021768,627,Tipping is not recommended.
323,822,20,26,158,204,1.3235294117647058,0.04521086680373443,627,This IS where the Trump Supporters eat!
528,822,13,40,151,204,1.3235294117647058,0.04130322283016014,627,Well it was described as ‘an edgy restaurant with a view’.
750,822,12,42,150,204,1.3235294117647058,0.040714383650214334,627,‘The New Yorker review said the new menu was edgy.’
1057,822,14,38,152,204,1.3235294117647058,0.04188378440755902,627,"Look, it took MONTHS to get a table here ... whatever you do, don't complain."
3124,822,14,38,152,204,1.3235294117647058,0.04188378440755902,627,The squab is particularly nice and fresh this evening.
2079,822,14,38,152,204,1.3235294117647058,0.04188378440755902,627,"I'm sorry, but wasn't there a third person in your party?"
2559,822,9,48,147,204,1.3235294117647058,0.038894414709489775,627,And how is the lady finding the new smoking-seating area?
2778,822,10,46,148,204,1.3235294117647058,0.03951038693476434,627,This table is to die for.
2783,822,16,34,154,204,1.3235294117647058,0.043021410443881636,627,"The rest room, sir? Just turn left and plummet."
1714,822,10,46,148,204,1.3235294117647058,0.03951038693476434,627,"Well, you asked for a corner table."
5546,849,11,43,147,201,1.3233830845771144,0.040512911614997094,627,The chef would also like you to know that ceviche cannot BE under cooked
4635,849,8,49,144,201,1.3233830845771144,0.038626963072202335,627,The chef recommends that you don't look down.
4398,849,13,39,149,201,1.3233830845771144,0.04172287735867165,627,"I'm sorry, sir. Tipping is not permitted here."
3814,849,17,31,153,201,1.3233830845771144,0.044043200045082255,627,"May I draw your attention to our ""pre mortem"" specials?"
2771,849,7,51,143,201,1.3233830845771144,0.037977506927129756,627,"You said, ""Let's try something new.""  Okay.
You said, "" Let's try something edgy.""  Here we are."
2582,849,3,59,139,201,1.3233830845771144,0.0352602617301093,627,"I'm not going to go out on a ledge here, but the guanciale is perfection."
2326,849,13,39,149,201,1.3233830845771144,0.04172287735867165,627,"Mais Monsieur, you did request a table near ze window!"
1205,849,14,37,150,201,1.3233830845771144,0.04231488791037795,627,Are you okay with a table next to the window?
684,849,12,41,148,201,1.3233830845771144,0.04112234491496881,627,I’m going to go out on the ledge and make a suggestion here...
49,849,13,39,149,201,1.3233830845771144,0.04172287735867165,627,Welcome to Height Cuisine
1274,849,12,41,148,201,1.3233830845771144,0.04112234491496881,627,"Hey, you asked for a corner table with a view"
355,849,15,35,151,201,1.3233830845771144,0.042898729382686206,627,Our cuisine is considered edgy for a reason.
3083,861,11,44,150,205,1.3219512195121952,0.039951913800974244,627,You said you didn't want to be next to the kitchen.
3733,862,11,43,148,202,1.3217821782178218,0.04034362964800941,627,This is what five bucks to the Maitre d gets you...
5684,862,13,39,150,202,1.3217821782178218,0.04154666975334789,627,"Sorry, but we heard that New York always loves ‘edgy’ restaurants.."
5807,862,16,33,153,202,1.3217821782178218,0.04328858670851667,627,You said that you enjoy eavesdropping.
5403,862,12,41,149,202,1.3217821782178218,0.04094956789008583,627,We wanted our dining experience to be more edgy.
4057,862,14,37,151,202,1.3217821782178218,0.04213531090193542,627,"I'm afraid we're still in the non-smoking area, sir."
2657,862,11,43,148,202,1.3217821782178218,0.04034362964800941,627,Please don't lean back when you see our prices.
2398,862,10,45,147,202,1.3217821782178218,0.039728450711885806,627,Our special today is extremely local squab...
1107,862,16,33,153,202,1.3217821782178218,0.04328858670851667,627,I recommend the al-fraido.
142,862,14,37,151,202,1.3217821782178218,0.04213531090193542,627,How did we go from dining on the edge to dining on a ledge.
2581,862,15,35,152,202,1.3217821782178218,0.04271584111324231,627,I'd me more conformable discussing our divorce inside the restaurant.
2412,872,15,34,150,199,1.321608040201005,0.04316576444144852,627,I recommend that you place your order now. It will be dark in 20 minutes.
3493,872,12,40,147,199,1.321608040201005,0.04136431657393289,627,I hate that I keep hitting my head on this window.
468,874,12,39,145,196,1.3214285714285714,0.0417907623512229,627,"Be careful, the table's a little wobbly."
6321,875,10,43,144,197,1.3197969543147208,0.04034606073918639,627,"In order for the Chef to trust you, you must trust the Chef."
6084,875,14,35,148,197,1.3197969543147208,0.04283683102126953,627,I'm afraid I've been told that if we feed you you'll just keep coming back
5639,875,12,39,146,197,1.3197969543147208,0.0416100871731538,627,Welcome to our Value Dining section!
5507,875,16,31,150,197,1.3197969543147208,0.04402940868705983,627,"... and for dessert, I strongly recommend the pineapple don’t-look-down cake."
4926,875,12,39,146,197,1.3197969543147208,0.0416100871731538,627,"Let's not order wine, I don't want to get tipsy."
4834,875,12,39,146,197,1.3197969543147208,0.0416100871731538,627,Is the Squab local?
4111,875,11,41,145,197,1.3197969543147208,0.040982947500927604,627,Abstsaining from alcohol is highly recommended -
4543,875,13,37,147,197,1.3197969543147208,0.042227914029124486,627,"Annie, can you scoot back just a little?"
1719,875,14,35,148,197,1.3197969543147208,0.04283683102126953,627,We're the only restaurant with a true bird's eye view.
1566,875,10,43,144,197,1.3197969543147208,0.04034606073918639,627,I hear the pigeon is locally sourced.
958,875,13,37,147,197,1.3197969543147208,0.042227914029124486,627,Your reservation did not specify which side of the window you prefer..
899,875,10,43,144,197,1.3197969543147208,0.04034606073918639,627,"I wanted to eat in, but you insisted on al fresco."
13,875,11,41,145,197,1.3197969543147208,0.040982947500927604,627,You tip me or I tip you...
3526,875,9,45,143,197,1.3197969543147208,0.03969895777569541,627,It's been over a year since I've lost a customer.
5900,889,13,36,146,195,1.317948717948718,0.042486545113173194,627,‘Squeeze us in anywhere’ and a ten-spot ?? I think we scored !!
1654,889,13,36,146,195,1.317948717948718,0.042486545113173194,627,May I recommend the special?  It comes with a safety harness.
5156,889,12,38,145,195,1.317948717948718,0.041859747031587444,627,This restaurant is to die for
5044,889,10,42,143,195,1.317948717948718,0.040577114650232074,627,I hear the bird's nest soup is to die for.
4643,889,10,42,143,195,1.317948717948718,0.040577114650232074,627,The lavatory is just around the cornice.
3939,889,10,42,143,195,1.317948717948718,0.040577114650232074,627,We're on the leading edge of haute cuisine.
3811,889,10,42,143,195,1.317948717948718,0.040577114650232074,627,al fresco with altitude
3411,889,14,34,147,195,1.317948717948718,0.04310422960405288,627,"Please enjoy our new ""no tipping"" experience."
3388,889,8,46,141,195,1.317948717948718,0.03925259284592119,627,"Before I close this window, I'll ask you a third and final time,
ARE YOU READY TO ORDER?"
1497,889,14,34,147,195,1.317948717948718,0.04310422960405288,627,"Sir, if I serve you from the left tonight, my tip should include hazard pay."
5605,889,13,36,146,195,1.317948717948718,0.042486545113173194,627,The fall off the bone ribs are to die for
1395,889,14,34,147,195,1.317948717948718,0.04310422960405288,627,Consider yourselves lucky...People die for this table.
1412,889,14,34,147,195,1.317948717948718,0.04310422960405288,627,"May I suggest the giant watermelon to start, followed by balloons filled with red paint?"
297,889,11,40,144,195,1.317948717948718,0.04122341964761398,627,Everyone falls for the view.
437,889,12,38,145,195,1.317948717948718,0.041859747031587444,627,So NOW you're ready to sit by the bathroom?
517,889,14,34,147,195,1.317948717948718,0.04310422960405288,627,Your wife says she sees you.
256,889,10,42,143,195,1.317948717948718,0.040577114650232074,627,Would you like to start with a cocktail to take the edge off?
967,889,8,46,141,195,1.317948717948718,0.03925259284592119,627,"There was no misinformation, sir, our terrace does have a view of the East River."
1201,889,11,40,144,195,1.317948717948718,0.04122341964761398,627,"As you desired , sir, as far away from the kitchen as possible. The sommelier will be right over."
1345,889,14,34,147,195,1.317948717948718,0.04310422960405288,627,"So sorry for the wait, the last table went over"
885,889,13,36,146,195,1.317948717948718,0.042486545113173194,627,Tonight's specials are to die for.
4620,910,13,35,144,192,1.3177083333333333,0.04294074908025697,627,I don't suppose dessert or coffee could help save this Yelp review?
3625,910,12,37,143,192,1.3177083333333333,0.04230095045928142,627,I recommend foregoing the five-second rule.
3640,910,15,31,146,192,1.3177083333333333,0.044192566967801356,627,And our special dessert tonight is cobbler on the roof.
3704,910,11,39,142,192,1.3177083333333333,0.04165132516431587,627,The special is pigeon. It'll show up eventually.
4061,910,13,35,144,192,1.3177083333333333,0.04294074908025697,627,May I recommend the egg drop soup?
4210,910,11,39,142,192,1.3177083333333333,0.04165132516431587,627,Oh...that's what the 'avec pigeons' menu means.
4748,910,11,39,142,192,1.3177083333333333,0.04165132516431587,627,This outdoor seating is for the birds
5442,910,14,33,145,192,1.3177083333333333,0.04357115391389811,627,the Hitchcock Hotel is proud to offer terrifying interactions with local birds on our newly renovated Vertigo Veranda.
4916,910,14,33,145,192,1.3177083333333333,0.04357115391389811,627,"You said you wanted a view, so...voila!"
4927,910,9,43,140,192,1.3177083333333333,0.04032068754762938,627,You folks should take the plunge--order the tasting menu
5371,910,17,27,148,192,1.3177083333333333,0.04540988899825262,627,"I would be happy to bring you more silverware, but you keep dropping it!"
3618,910,15,31,146,192,1.3177083333333333,0.044192566967801356,627,"Wow, the prices here are steep!"
5939,910,9,43,140,192,1.3177083333333333,0.04032068754762938,627,First time here? I have a feeling you’re going to fall for this place.
6175,910,11,39,142,192,1.3177083333333333,0.04165132516431587,627,May I bring something for you to drink while you contemplate your mortality?
6439,910,14,33,145,192,1.3177083333333333,0.04357115391389811,627,May I assume youme you’re the gentleman who slipped the Maitre d’ a “one”?
4788,910,13,35,144,192,1.3177083333333333,0.04294074908025697,627,I told you they would remember that you  left a tip of $1.38 in pocket change.
3590,910,8,45,139,192,1.3177083333333333,0.039638621601899154,627,The Specials tonight include a roof-to-table roast pigeon...
2673,910,14,33,145,192,1.3177083333333333,0.04357115391389811,627,"Tonight's specials include a very thick, long strand of linguini."
2468,910,11,39,142,192,1.3177083333333333,0.04165132516431587,627,Tonight’s special is pigeon etoufée wrapped in newsprint and served with roof moss.
424,910,13,35,144,192,1.3177083333333333,0.04294074908025697,627,"How's your ""Table for two, by the window, with a view"""
455,910,9,43,140,192,1.3177083333333333,0.04032068754762938,627,That’s our Fall menu!
763,910,14,33,145,192,1.3177083333333333,0.04357115391389811,627,Great idea to come early. It gets really crowded later on.
807,910,13,35,144,192,1.3177083333333333,0.04294074908025697,627,"Edgy."""
873,910,12,37,143,192,1.3177083333333333,0.04230095045928142,627,I hear the pigeon is supposed to be excellent.
1036,910,15,31,146,192,1.3177083333333333,0.044192566967801356,627,It's the last smoking section table in the city.
556,910,9,43,140,192,1.3177083333333333,0.04032068754762938,627,"Unfortunately, our sidewalk cafe license hasn't come in yet."
1096,910,11,39,142,192,1.3177083333333333,0.04165132516431587,627,"Without going out on a ledge, I hesitate to recommend the veal. The quality seems to have fallen off recently  . . ."
1140,910,11,39,142,192,1.3177083333333333,0.04165132516431587,627,The prices are not listed for obvious reasons.
1234,910,11,39,142,192,1.3177083333333333,0.04165132516431587,627,I'm sorry but our liquor license doesn't yet cover this table.
1459,910,11,39,142,192,1.3177083333333333,0.04165132516431587,627,I had something else in mind when you invited me to an edgy restaurant dear.
2140,910,10,41,141,192,1.3177083333333333,0.04099140600331445,627,"Finally, let me discuss our tipping policy."
2346,910,14,33,145,192,1.3177083333333333,0.04357115391389811,627,Maybe next to the kitchen wasn't so bad after all.
1042,910,9,43,140,192,1.3177083333333333,0.04032068754762938,627,...And our specials include whatever lands on your plate
5053,943,6,48,136,190,1.3157894736842106,0.03843667070211691,627,"Next time, maybe you should tip the maitre d'."
5175,943,11,38,141,190,1.3157894736842106,0.04190288316270685,627,The pigeon is very local.
6496,943,8,44,138,190,1.3157894736842106,0.03985934319249087,627,They said to start without them.
5989,943,11,38,141,190,1.3157894736842106,0.04190288316270685,627,The table by the men's room is still available.
6397,943,12,36,142,190,1.3157894736842106,0.04256226509344115,627,"I know what you're thinking—""$24 for the crab cakes?"""
6190,943,10,40,140,190,1.3157894736842106,0.04123295799249144,627,"Yes, the pigeon is fresh, it just flew in."
6449,943,11,38,141,190,1.3157894736842106,0.04190288316270685,627,"Honey, you always liked living on the edge."
4269,943,8,44,138,190,1.3157894736842106,0.03985934319249087,627,I assure you this has nothing to do with your undertipping
6158,943,10,40,140,190,1.3157894736842106,0.04123295799249144,627,Of course – I will get you a new fork and call an ambulance at once.
3938,943,10,40,140,190,1.3157894736842106,0.04123295799249144,627,Which leg? I'll put a matchbook under it.
5676,943,9,42,139,190,1.3157894736842106,0.04055196705800677,627,"For the last time Susan, I am not gonna sit next to the little league soccer team so just drop it and order some fucking breadsticks!"
3316,943,13,34,143,190,1.3157894736842106,0.04321158643721909,627,"Excuse me, monsieur, but I was concerned about the third member of your party...."
2646,943,13,34,143,190,1.3157894736842106,0.04321158643721909,627,Peggy now realized online dating was much more dangerous than she initially thought.
2483,943,10,40,140,190,1.3157894736842106,0.04123295799249144,627,Looks like your away-from-traffic table request worked perfectly.
1878,943,10,40,140,190,1.3157894736842106,0.04123295799249144,627,For once I'd suggest against tipping too much....
1856,943,8,44,138,190,1.3157894736842106,0.03985934319249087,627,Perhaps this time you will consider leaving a tip.
1752,943,15,30,145,190,1.3157894736842106,0.04448180288044823,627,We have a lovely halibut today or you can just decide life's not worth living.
1517,943,11,38,141,190,1.3157894736842106,0.04190288316270685,627,I think I'll have the cornice hen.
593,943,11,38,141,190,1.3157894736842106,0.04190288316270685,627,"Well, you asked for a table with a view."
3433,943,13,34,143,190,1.3157894736842106,0.04321158643721909,627,Extreme dining
3616,963,10,39,139,188,1.3138297872340425,0.0414782741018841,627,"The Last Supper menu, as you requested."
3835,963,14,31,143,188,1.3138297872340425,0.04413620278423294,627,Would you prefer a table in the non-smoking section?
3996,963,11,37,140,188,1.3138297872340425,0.04215846908873713,627,"Never say you’ll sit
ANYWHERE again."
4841,963,7,45,136,188,1.3138297872340425,0.039367236913023275,627,Rooftop dining is two floors up.
4957,963,10,39,139,188,1.3138297872340425,0.0414782741018841,627,"""Our best corner table, as requested."
5234,963,6,47,135,188,1.3138297872340425,0.038637935358027696,627,Would you like to start with the liability waiver?
5878,963,13,33,142,188,1.3138297872340425,0.04348695324779555,627,"And what can I get for you, Ms. Sanders?"
5616,963,14,31,143,188,1.3138297872340425,0.04413620278423294,627,You are the one who wanted the outdoor table.
5678,963,10,39,139,188,1.3138297872340425,0.0414782741018841,627,"You always make dinner reservations at such edgy restaurants, honey."
3563,963,10,39,139,188,1.3138297872340425,0.0414782741018841,627,"Yes, we're known for our atmosphere."
6125,963,12,35,141,188,1.3138297872340425,0.04282786253528163,627,Just how local is the squab?
6235,963,12,35,141,188,1.3138297872340425,0.04282786253528163,627,"As your replacement waiter, let me first apologize for our earlier mid-step."
6380,963,9,41,138,188,1.3138297872340425,0.040786737170752624,627,This is the best seat not in the house.
6410,963,10,39,139,188,1.3138297872340425,0.0414782741018841,627,"Even without a reservation, he always a place for us."
5408,963,9,41,138,188,1.3138297872340425,0.040786737170752624,627,"I'm sorry, but this is the last table we had with a view."
3240,963,10,39,139,188,1.3138297872340425,0.0414782741018841,627,I'm thinking about the locavore bird's nest soup with fresh caught roast pidgeon
4173,963,9,41,138,188,1.3138297872340425,0.040786737170752624,627,Service is not included.  Tipping is optional.  If you know what I mean.
2972,963,12,35,141,188,1.3138297872340425,0.04282786253528163,627,"How come whenever we come here, I always have to sit on the side nearest the ledge?"
3177,963,8,43,137,188,1.3138297872340425,0.040083271268711064,627,Apparently our reputation for running out on the check has preceded us.
389,963,11,37,140,188,1.3138297872340425,0.04215846908873713,627,"Welcome to Ledge. I’ll be your server this evening. Before I bring you menus, have you had a chance to review and sign the release forms?"
802,963,14,31,143,188,1.3138297872340425,0.04413620278423294,627,"Waiter, there are flies waiting for my soup."
872,963,12,35,141,188,1.3138297872340425,0.04282786253528163,627,We use only locally sourced Pigeon in our soup of the day.
935,963,10,39,139,188,1.3138297872340425,0.0414782741018841,627,Good evening. I am your server tonight. My name is Al Fresco.
1003,963,11,37,140,188,1.3138297872340425,0.04215846908873713,627,"You're the couple who made reservations through Open Table, yes?"
482,963,11,37,140,188,1.3138297872340425,0.04215846908873713,627,We got tired of people skipping out on the cheque.
1907,963,9,41,138,188,1.3138297872340425,0.040786737170752624,627,"The safety net is a great choice, sir."
2227,963,9,41,138,188,1.3138297872340425,0.040786737170752624,627,Tonights special is a select-your-own squab.
2234,963,10,39,139,188,1.3138297872340425,0.0414782741018841,627,Would you prefer sparkling or sill water?
2523,963,10,39,139,188,1.3138297872340425,0.0414782741018841,627,You are seated in the non alcoholic section.
2618,963,15,29,144,188,1.3138297872340425,0.044776039235800064,627,Nothing makes me more uncomfortable than waiters that hover while you are deciding what to order.
1600,963,12,35,141,188,1.3138297872340425,0.04282786253528163,627,"When monsieur learns to pronounce ""beignet,"" you may join the others."
2881,994,10,38,137,185,1.3135135135135134,0.041919364783321075,627,Our food takes you to a whole new level.
1631,995,11,37,141,189,1.312169312169312,0.04196767684215418,627,This is not what I meant when I said let’s get high and have dinner
463,995,14,31,144,189,1.312169312169312,0.04393344705935348,627,I'm Sacha Baron Cohen and I'll be your waiter for the night.
5398,997,8,42,136,186,1.3118279569892473,0.04031046994338786,627,I told you the restaurant has no bar.
6367,997,8,42,136,186,1.3118279569892473,0.04031046994338786,627,Tonight's special is pigeon catch-it-your-way.
6183,997,10,38,138,186,1.3118279569892473,0.041727440187391995,627,After eight o'clock we have dancing.
6101,997,7,44,135,186,1.3118279569892473,0.03958296790652485,627,Our special this evening is roast feral pigeon.
5620,997,12,34,140,186,1.3118279569892473,0.04309784846286386,627,"We have three specials tonight
Flying fish
Roosted pigeon
Ledge of Lamb"
5594,997,9,40,137,186,1.3118279569892473,0.04102507313612709,627,Tonight's special is wild caught pigeon.
4872,997,10,38,138,186,1.3118279569892473,0.041727440187391995,627,Will you be expecting anyone else?
282,997,13,32,141,186,1.3118279569892473,0.04376696449259163,627,Our special this evening is the Harold Lloyd.
4536,997,8,42,136,186,1.3118279569892473,0.04031046994338786,627,Most of our customers were blown away by today's specials.
2639,997,12,34,140,186,1.3118279569892473,0.04309784846286386,627,"You requested the ""No Tipping"" section!"
1892,997,11,36,139,186,1.3118279569892473,0.042418178925552386,627,"Perhaps the lady would be more comfortable inside, Mr. Kent?"
640,997,7,44,135,186,1.3118279569892473,0.03958296790652485,627,The importance of making a reservation cannot be overstated.
4828,997,12,34,140,186,1.3118279569892473,0.04309784846286386,627,We told you up front that those who dine al fresco with us once never dine elsewhere.
3454,1010,5,37,109,151,1.3112582781456954,0.04325133739700127,627,"As we said earlier, outdoor seating is limited"
6456,1011,11,35,138,184,1.309782608695652,0.042682111367661875,627,Our very best early bird table
5384,1011,9,39,136,184,1.309782608695652,0.04126705184910039,627,Would you like to try our Wedge on the Ledge salad?
6109,1011,11,35,138,184,1.309782608695652,0.042682111367661875,627,"A very small menu?  Yes, and there's quite a good reason for that."
5543,1011,8,41,135,184,1.309782608695652,0.04054100439152643,627,"Yes, the pigeon is very local."
6208,1011,10,37,137,184,1.309782608695652,0.04198054429803068,627,Ever tried extreme dining before?
5414,1011,14,29,141,184,1.309782608695652,0.044720825400804236,627,"Would you like to hear the specials, Mr. Kushner?"
5353,1011,13,31,140,184,1.309782608695652,0.04405173882251008,627,The menu is pretty out there.
3247,1011,13,31,140,184,1.309782608695652,0.04405173882251008,627,"I’m sorry Mr. Fresco, we misunderstood!"
3724,1011,13,31,140,184,1.309782608695652,0.04405173882251008,627,I recommend the pan-sautéed scallops and avoiding direct eye contact with the alpha pigeon.
2991,1011,11,35,138,184,1.309782608695652,0.042682111367661875,627,It's usually not this crowded.
2843,1011,10,37,137,184,1.309782608695652,0.04198054429803068,627,"Yes, the prices are exorbitant, but this establishment is really all about 'see and be seen'"
1806,1011,14,29,141,184,1.309782608695652,0.044720825400804236,627,The pigeon is wild caught.
4053,1011,10,37,137,184,1.309782608695652,0.04198054429803068,627,Tonight the Chef's Special is free-range pigeon.
2097,1024,10,37,138,185,1.308108108108108,0.04178657015471458,627,"For dessert we have Don't Jump cheesecake, You Have So Much To Live For brulee, and my favorite, the He Wasn't Good Enough For You Anyway lava cake."
2217,1024,10,37,138,185,1.308108108108108,0.04178657015471458,627,"Mais oui, we accentuate the haute in haute cuisine."
6086,1026,12,32,138,182,1.3076923076923077,0.043651424596715886,627,"If you need any refills on your water, just wait for the AC units above you to drip into your glass"
3338,1026,10,36,136,182,1.3076923076923077,0.0422376767061423,627,Maybe we should have taken the table by the kitchen after all.
4988,1026,11,34,137,182,1.3076923076923077,0.04295036788466059,627,This takes fine ding to new heights.
4840,1026,7,42,133,182,1.3076923076923077,0.0400235309517705,627,I recommend the safety harness and creme brûlée
4136,1026,13,30,139,182,1.3076923076923077,0.04434139868359884,627,I tried to tell you it wasn’t a good idea to insist on a table with a view of the Eieffel Tower in English
3826,1026,12,32,138,182,1.3076923076923077,0.043651424596715886,627,How about a cocktail to take the edge off?
3706,1026,9,38,135,182,1.3076923076923077,0.04151275184371072,627,We have to change your seating.  That’s a table for 4.”
3689,1026,14,28,140,182,1.3076923076923077,0.045020799694285185,627,"Next time, order from the menu."
3466,1026,15,26,141,182,1.3076923076923077,0.04569009928866469,627,We’re experimenting with a new concept: Farm-to-operating table.
5778,1026,7,42,133,182,1.3076923076923077,0.0400235309517705,627,But you asked for a table by the window.
2289,1026,11,34,137,182,1.3076923076923077,0.04295036788466059,627,They won’t let us order wine until we sign a release.
2951,1026,14,28,140,182,1.3076923076923077,0.045020799694285185,627,"If you stiff me, I have options."
1867,1026,10,36,136,182,1.3076923076923077,0.0422376767061423,627,"Well, you did say ""by a window"""
1779,1026,13,30,139,182,1.3076923076923077,0.04434139868359884,627,I think I'll wait until tomorrow to tell her I want a divorc
1635,1026,12,32,138,182,1.3076923076923077,0.043651424596715886,627,Wouldn’t you rather not be facing the sun?
1551,1026,14,28,140,182,1.3076923076923077,0.045020799694285185,627,I hear the pigeon is fresh
1084,1026,11,34,137,182,1.3076923076923077,0.04295036788466059,627,This restaurant really has atmosphere.
1062,1026,11,34,137,182,1.3076923076923077,0.04295036788466059,627,Can I start you off with some complimentary Xanax?
480,1026,12,32,138,182,1.3076923076923077,0.043651424596715886,627,This evening’s special is extremely fresh squab…
230,1026,13,30,139,182,1.3076923076923077,0.04434139868359884,627,I told you asking for a table by the window would upset him.
101,1026,13,30,139,182,1.3076923076923077,0.04434139868359884,627,And today’s fish is a perch.
1929,1026,8,40,134,182,1.3076923076923077,0.040774940806117904,627,"If it starts to rain, we offer complimentary 20 dollar umbrellas underneath your seats"
4104,1048,11,33,135,179,1.3072625698324023,0.04343129088322004,627,Your squab appetizer should be landing any moment.
5103,1048,8,39,132,179,1.3072625698324023,0.041206370039949466,627,The locally sourced pigeon is very fresh.
5308,1048,12,31,136,179,1.3072625698324023,0.044148020639896736,627,"Yes, wonderful view, but first I need your organ donor cards."
5464,1048,9,37,133,179,1.3072625698324023,0.04196112046296096,627,Our special tonight is hickory-roasted pigeon.
5831,1048,10,35,134,179,1.3072625698324023,0.04270253305302856,627,So the third member of your party won’t be joining us any longer?
3849,1048,3,49,127,179,1.3072625698324023,0.03720364819046468,627,I hear the pigeon is delicious.
6073,1048,8,39,132,179,1.3072625698324023,0.041206370039949466,627,Feel free to overtip if you enjoy the service
6118,1048,13,29,137,179,1.3072625698324023,0.04485329893172434,627,"It doesn't meet code, but the view is great."
6480,1048,12,31,136,179,1.3072625698324023,0.044148020639896736,627,It helps distract from the food.
6296,1048,6,43,130,179,1.3072625698324023,0.03965379596701296,627,"When I made the reservation, I demanded outdoor seating."
3736,1048,8,39,132,179,1.3072625698324023,0.041206370039949466,627,"I bet that table near the bathroom is looking pretty nice now, don't you think?"
6028,1048,15,25,139,179,1.3072625698324023,0.04623158900940325,627,Sorry for the wait. My colleague has the shingles.
3303,1048,9,37,133,179,1.3072625698324023,0.04196112046296096,627,So this is haute cuisine.
3432,1048,11,33,135,179,1.3072625698324023,0.04343129088322004,627,Let's not have bird's nest soup
2476,1048,11,33,135,179,1.3072625698324023,0.04343129088322004,627,Moderate chance of rain.  I recommend the one-minute omelet.
2580,1048,10,35,134,179,1.3072625698324023,0.04270253305302856,627,"I would recommend the pidgeon, it's very fresh."
158,1048,9,37,133,179,1.3072625698324023,0.04196112046296096,627,We've gone 40 years without a dine and dash.
208,1048,9,37,133,179,1.3072625698324023,0.04196112046296096,627,People are dying to sit here.
284,1048,12,31,136,179,1.3072625698324023,0.044148020639896736,627,This is now legally the only place you're allowed to smoke.
707,1048,7,41,131,179,1.3072625698324023,0.04043753495493227,627,"You asked for a table by the window, with a view..."
233,1048,10,35,134,179,1.3072625698324023,0.04270253305302856,627,"I recommend the egg drop soup, mountain goat steak with fall vegetables, and mile high apple pie for desert."
1592,1048,12,31,136,179,1.3072625698324023,0.044148020639896736,627,"You wanted al fresco. 
You got al fresco."
1672,1048,7,41,131,179,1.3072625698324023,0.04043753495493227,627,Apparently they have a one Martini rule.
1827,1048,12,31,136,179,1.3072625698324023,0.044148020639896736,627,Welcome to Fresco's. Do you have any last requests?
2090,1048,12,31,136,179,1.3072625698324023,0.044148020639896736,627,Doris suspected being slipped a roofie.
1457,1048,12,31,136,179,1.3072625698324023,0.044148020639896736,627,The sky’s the limit.
2629,1074,6,42,129,177,1.305084745762712,0.03987228573229332,627,"Well, it did say 'panoramic al fresco dining' in the review."
3739,1075,10,34,134,178,1.303370786516854,0.04276439876897956,627,"Tonight's special is mashed acorn squash with crushed garlic, in honor of the approaching fall."
6481,1075,10,34,134,178,1.303370786516854,0.04276439876897956,627,Perhaps you'd prefer a table in the alley?
3845,1075,7,40,131,178,1.303370786516854,0.04047658441452124,627,"Wow! When you said you knew a little, out-of-the-way place where nobody goes, you weren’t just talking."
4185,1075,9,36,133,178,1.303370786516854,0.04201563792212953,627,I told you there was only room for two at that table.
3834,1075,12,30,136,178,1.303370786516854,0.04422390469203195,627,I don't think I made myself clear when I asked for a table next to the window.
3686,1075,9,36,133,178,1.303370786516854,0.04201563792212953,627,Everything OK? You two seem a little on edge.
3095,1075,7,40,131,178,1.303370786516854,0.04047658441452124,627,Most customers find the WiFi speed inside to be more than adequate.
3356,1075,8,38,132,178,1.303370786516854,0.041253289055961054,627,Your meal today will be on the house.
3355,1075,9,36,133,178,1.303370786516854,0.04201563792212953,627,"Well, you insisted on a table with a skyline view."
3134,1075,6,42,130,178,1.303370786516854,0.03968468109733341,627,"To be clear sir, the ad said 'al fresco dining outside the ordinary'."
3098,1075,11,32,135,178,1.303370786516854,0.043500273265131485,627,Welcome to our new white house administration section.
4262,1075,9,36,133,178,1.303370786516854,0.04201563792212953,627,We’re excited to have fresh squab on the menu tonight
3057,1075,10,34,134,178,1.303370786516854,0.04276439876897956,627,"Also, we don't allow tipping."
3622,1075,8,38,132,178,1.303370786516854,0.041253289055961054,627,And our catch of the day is free range Pigeon
6450,1075,10,34,134,178,1.303370786516854,0.04276439876897956,627,I recommend the pigeon tonight... tres bien... tres fraiche.
4892,1075,8,38,132,178,1.303370786516854,0.041253289055961054,627,Your hook and ladder will be with you shortly.
4466,1075,11,32,135,178,1.303370786516854,0.043500273265131485,627,"Hi folks, any allergies or conditions we should be aware of? Gluten? 
Acrophobia? Restless leg syndrome? Visual height intolerance? Vertigo?"
2897,1075,10,34,134,178,1.303370786516854,0.04276439876897956,627,The reviews said there was patio seating.
6300,1075,9,36,133,178,1.303370786516854,0.04201563792212953,627,The fish of the day is perch
6027,1075,7,40,131,178,1.303370786516854,0.04047658441452124,627,This in our only table with a view of the city.
5549,1075,13,28,137,178,1.303370786516854,0.04493588452761042,627,May I suggest the squab?  It is incredibly fresh today.
5390,1075,10,34,134,178,1.303370786516854,0.04276439876897956,627,May I recommended the roast pigeon? It’s locally sourced.
5173,1075,5,44,129,178,1.303370786516854,0.03887665034089536,627,"Well sir, this is the furthest from the kitchen we could seat you."
4367,1075,9,36,133,178,1.303370786516854,0.04201563792212953,627,We prefer to call it squab
5129,1075,5,44,129,178,1.303370786516854,0.03887665034089536,627,"Sorry, folks, but this is the only window seat left."
4966,1075,10,34,134,178,1.303370786516854,0.04276439876897956,627,"Your profile was right, you are an adventurous eater."
4903,1075,8,38,132,178,1.303370786516854,0.041253289055961054,627,"Our menu selections are, of course, quite good, but we are really known for the atmosphere."
4852,1075,12,30,136,178,1.303370786516854,0.04422390469203195,627,Didn’t realize this is what you meant by adventurous eater in your profile.
4806,1075,5,44,129,178,1.303370786516854,0.03887665034089536,627,"I hope you understand that if either of you falls off, the other will still be responsible for the check."
4676,1075,12,30,136,178,1.303370786516854,0.04422390469203195,627,"Although I told you that we are completely booked, YOU insisted on being seated !"
4644,1075,10,34,134,178,1.303370786516854,0.04276439876897956,627,Our apologies. There will be a short wait for the pigeon.
5093,1075,7,40,131,178,1.303370786516854,0.04047658441452124,627,You and your outside dining.
2888,1075,12,30,136,178,1.303370786516854,0.04422390469203195,627,Outside dining has reached new heights.
4295,1075,11,32,135,178,1.303370786516854,0.043500273265131485,627,Any allergies or fears I should know about?
2353,1075,11,32,135,178,1.303370786516854,0.043500273265131485,627,Coo-Coo-Coo. Your dinner should be arriving shortly.
75,1075,8,38,132,178,1.303370786516854,0.041253289055961054,627,"And our special, eat like a bird, is very popular."
204,1075,12,30,136,178,1.303370786516854,0.04422390469203195,627,"As nice as the view is, I would advise against playing footsies.  The last couple kicked a bit too hard."
439,1075,12,30,136,178,1.303370786516854,0.04422390469203195,627,"You two are lucky, that was the last available table."
452,1075,11,32,135,178,1.303370786516854,0.043500273265131485,627,Our veal is to live for.
457,1075,9,36,133,178,1.303370786516854,0.04201563792212953,627,I spoke with the maitre d’ and he assured me you specifically requested a table by the window.
467,1075,11,32,135,178,1.303370786516854,0.043500273265131485,627,"Normally I recommend a drink before dinner, but..."
606,1075,11,32,135,178,1.303370786516854,0.043500273265131485,627,‘I can assure you that our pigeon is 100% free range’
739,1075,8,38,132,178,1.303370786516854,0.041253289055961054,627,"I get a big tip, or you get a big tip, your choice."
795,1075,11,32,135,178,1.303370786516854,0.043500273265131485,627,Is this en plein air enough for you?
813,1075,11,32,135,178,1.303370786516854,0.043500273265131485,627,Might I suggest starting with a tip for the maître d' next time?
1115,1075,10,34,134,178,1.303370786516854,0.04276439876897956,627,"Well, you insisted on dining alfresco."
1151,1075,8,38,132,178,1.303370786516854,0.041253289055961054,627,Here’s the best view in the house.
1195,1075,12,30,136,178,1.303370786516854,0.04422390469203195,627,"May I suggest a double martini, they come with a complimentary parachute."
1250,1075,8,38,132,178,1.303370786516854,0.041253289055961054,627,"The pigeon is always fresh, Sir."
1301,1075,12,30,136,178,1.303370786516854,0.04422390469203195,627,Don't order the fish. The pigeons go crazy for it.
309,1075,7,40,131,178,1.303370786516854,0.04047658441452124,627,"Yes, Stefan Q., we remember you and your three-stars yelp review."
1383,1075,10,34,134,178,1.303370786516854,0.04276439876897956,627,It got really high reviews
1337,1075,4,46,128,178,1.303370786516854,0.038051464750511604,627,Will anyone be joining you?
2253,1075,9,36,133,178,1.303370786516854,0.04201563792212953,627,"When they said a view to die for, they weren't kidding!"
2133,1075,10,34,134,178,1.303370786516854,0.04276439876897956,627,"A little edgy, wouldn't you say?"
2053,1075,10,34,134,178,1.303370786516854,0.04276439876897956,627,"Oh George, a view and atmosphere: it’s perfect."
1939,1075,13,28,137,178,1.303370786516854,0.04493588452761042,627,You’re right. This place is edgy.
1879,1075,13,28,137,178,1.303370786516854,0.04493588452761042,627,Might I suggest the pigeon?
1853,1075,12,30,136,178,1.303370786516854,0.04422390469203195,627,Don’t you think this might be taking alfresco to a whole other level?
2509,1075,10,34,134,178,1.303370786516854,0.04276439876897956,627,"Again, there are no tables ""inside""--I'm standing in the kitchen."
1810,1075,11,32,135,178,1.303370786516854,0.043500273265131485,627,"Today's special is Trout Flambe Au Chablis, served with a side of existential dread."
1794,1075,12,30,136,178,1.303370786516854,0.04422390469203195,627,Is this your first time dining with us?
1629,1075,7,40,131,178,1.303370786516854,0.04047658441452124,627,"Due to insurance regulations I can no longer bring out the ""Specials Board"""
1611,1075,7,40,131,178,1.303370786516854,0.04047658441452124,627,"See Nancy, I told you they'd make room for us."
1433,1075,11,32,135,178,1.303370786516854,0.043500273265131485,627,I told you not to say we wanted a table as far as possible from the bar.
1401,1075,12,30,136,178,1.303370786516854,0.04422390469203195,627,I don't recommend the chicken. The falcons from the 18th floor keep stealing it.
1846,1075,10,34,134,178,1.303370786516854,0.04276439876897956,627,I told you if you can order in French we'll let you eat inside.
1389,1075,13,28,137,178,1.303370786516854,0.04493588452761042,627,Oh. It is no longer table for four?
2318,1143,7,39,130,176,1.3011363636363635,0.04070792893476904,627,"Technically, this is a table by the window."
3387,1143,6,41,129,176,1.3011363636363635,0.03990238605927146,627,May I recommend the free range squab?
5493,1145,5,42,126,173,1.300578034682081,0.03947580565748035,627,And here are our fall...I mean autumn specials.
5117,1145,12,28,133,173,1.300578034682081,0.045042564072074985,627,"Before I tell you the specials, please note that we now have a one-drink maximum for guests enjoying our patio space."
5017,1145,10,32,131,173,1.300578034682081,0.04352477349666052,627,This is not what I had in mind when I made reservations through Open Table
4956,1145,10,32,131,173,1.300578034682081,0.04352477349666052,627,"The special of the day is
free-range pigeon under glass."
2510,1145,11,30,132,173,1.300578034682081,0.04429017095317302,627,Menu du jour is a fine roasted pigeon bred on the floor below.
3824,1145,10,32,131,173,1.300578034682081,0.04352477349666052,627,Squab is a house favorite and is locally raised.
1757,1145,7,38,128,173,1.300578034682081,0.041143236413273755,627,The catch of the day sounds really good right now.
2265,1145,8,36,129,173,1.300578034682081,0.041952106474934296,627,Is it your first time dining with us at Pie in the Sky?
912,1145,7,38,128,173,1.300578034682081,0.041143236413273755,627,Next time I'm in charge of the reservations.
596,1145,7,38,128,173,1.300578034682081,0.041143236413273755,627,Perhaps sir and madam would be more comfortable in our nonsmoking area after all?
1031,1155,7,37,126,170,1.3,0.04159205525356738,627,"Sorry, this is the ""to go"" window."
3099,1156,10,31,130,171,1.2982456140350878,0.043808019147143704,627,"If monsieur prefers, a table for two just opened up in the alley."
4864,1156,10,31,130,171,1.2982456140350878,0.043808019147143704,627,Our outdoor dining area will leave you hanging on the edge of your seats!
4460,1156,12,27,132,171,1.2982456140350878,0.045351311346038446,627,Your goose is cooked.
2374,1156,11,29,131,171,1.2982456140350878,0.04458634310190635,627,"If I forget you're out here, the tablecloth does reach to the top of the dumpster."
2360,1156,14,23,134,171,1.2982456140350878,0.04684378656784827,627,"Sir, the other patrons asked if you could please keep it down."
62,1156,10,31,130,171,1.2982456140350878,0.043808019147143704,627,May I suggest no wine with dinner.
1989,1156,3,45,123,171,1.2982456140350878,0.037914989046097414,627,"No, I’m sorry, this is the only table designated for smoking."
4983,1163,11,28,129,168,1.2976190476190477,0.04512088427766636,627,It said killer terrace on the review.
3815,1163,8,34,126,168,1.2976190476190477,0.04268531597293645,627,May I suggest the squab?  It's locally sourced.
5941,1163,11,28,129,168,1.2976190476190477,0.04512088427766636,627,Would you prefer our SECOND best view of the city?
4935,1163,4,42,122,168,1.2976190476190477,0.039203216730143146,627,Balcony dining is 'Pay in Advance.'
4679,1163,7,36,125,168,1.2976190476190477,0.04184196697431553,627,We do have open seats at the bar.
4570,1163,12,26,130,168,1.2976190476190477,0.045904032474590635,627,I guess the Maitre D’ didn’t share your love of Canadian coins.
4403,1163,9,32,127,168,1.2976190476190477,0.043512322382735856,627,Perhaps next time you'll make a reservation.
5733,1163,8,34,126,168,1.2976190476190477,0.04268531597293645,627,"It was this, or find a seat at the bar."
3321,1163,9,32,127,168,1.2976190476190477,0.043512322382735856,627,They say the latkes here are ledge-ndary.
2903,1163,10,30,128,168,1.2976190476190477,0.04432390098545984,627,Our stuffed pigeon is the freshest in the city
1106,1163,10,30,128,168,1.2976190476190477,0.04432390098545984,627,We promised an 'authentic rooftop experience;' not safety.
1019,1163,6,38,124,168,1.2976190476190477,0.04098126646225077,627,You're lucky to be seated without reservations. We even got you a  window table like you wanted.
563,1163,9,32,127,168,1.2976190476190477,0.043512322382735856,627,It’s terrace seating — very European.
265,1163,4,42,122,168,1.2976190476190477,0.039203216730143146,627,"Yes sir, I'll see if we can do anything about that draft."
3437,1163,8,34,126,168,1.2976190476190477,0.04268531597293645,627,At least it's not revolving.
1976,1178,8,33,125,166,1.2951807228915662,0.042954140865998955,627,I’d recommend something light.
1196,1178,12,25,129,166,1.2951807228915662,0.04622916415042799,627,The pigeon is especially good today.
1961,1178,11,27,128,166,1.2951807228915662,0.04543254635082028,627,You must be patient!  These are free-range pigeons.
3731,1178,10,29,127,166,1.2951807228915662,0.04462170904158254,627,"Well, you did ask for a secluded table by the window."
5032,1178,11,27,128,166,1.2951807228915662,0.04543254635082028,627,"I'm sorry, this table is reserved for the President's press seceratary."
5800,1178,9,31,126,166,1.2951807228915662,0.043795862449138565,627,"Sorry, two's company, three's a crowd gathering."
6295,1184,6,37,124,167,1.2934131736526946,0.04100970870980726,627,Terribly sorry about that. Second Sommelier we've lost this month.
6216,1184,9,31,127,167,1.2934131736526946,0.043568690698039154,627,Its haute cuisine with an edge.
1812,1184,12,25,130,167,1.2934131736526946,0.045985491296925,627,"And if you need to use the bathroom, don't."
3302,1184,8,33,126,167,1.2934131736526946,0.042732726829078936,627,"Ah, un liaison dangereuse?"
5920,1188,9,30,125,164,1.2926829268292683,0.04408411708007125,627,This IS the table with the best view.
317,1188,10,28,126,164,1.2926829268292683,0.04492467114867582,627,Please enjoy our new smoking section.
516,1188,7,34,123,164,1.2926829268292683,0.042352992580866784,627,"Gratuity is included, just in case."
1375,1188,8,32,124,164,1.2926829268292683,0.04322722151193844,627,"As soon as we hire a server, he will be right out."
2084,1188,6,36,122,164,1.2926829268292683,0.04146033383208245,627,Last supper?
3164,1188,10,28,126,164,1.2926829268292683,0.04492467114867582,627,"You said, ""As far from the restroom as possible""."
3842,1188,10,28,126,164,1.2926829268292683,0.04492467114867582,627,The pigeon entree is sourced VERY locally.
3972,1188,10,28,126,164,1.2926829268292683,0.04492467114867582,627,"You might ask,"" Why is this restaurant ledgendary?"""
3977,1188,11,26,127,164,1.2926829268292683,0.045749784446529385,627,"Remember to leave room
for dessert."
5446,1188,9,30,125,164,1.2926829268292683,0.04408411708007125,627,Too haute cuisine for my taste.
6185,1198,8,31,122,161,1.2919254658385093,0.04373813197750449,627,"If you want fresh pigeon, this place is the best."
1529,1198,9,29,123,161,1.2919254658385093,0.04461685713308811,627,"once you catch the pigeon, just knock on the window"
4371,1198,8,31,122,161,1.2919254658385093,0.04373813197750449,627,It's hard to find a restaurant where you can smoke!
3371,1198,8,31,122,161,1.2919254658385093,0.04373813197750449,627,Feel free to openly support the President here.
458,1198,11,25,125,161,1.2919254658385093,0.04632432885147918,627,How are we doing in our plastic straw section?
378,1198,9,29,123,161,1.2919254658385093,0.04461685713308811,627,I recommend the pigeon soup. Its very fresh !
60,1204,6,34,118,158,1.2911392405063291,0.04240587555675055,627,Our specialty is fresh squab.
532,1205,11,26,128,165,1.290909090909091,0.04550625292526283,627,"Here you are then- not by the front door, kitchen, bathroom, or noisy bar."
602,1205,12,24,129,165,1.290909090909091,0.046311217704843206,627,I hear the squab is quite fresh.
5116,1207,8,31,123,162,1.2901234567901234,0.04350464162492643,627,The special this evening is a dizzyingly delicious acrophobia squash drizzled with vertigo vinaigrette.
4972,1207,12,23,127,162,1.2901234567901234,0.04689753498126938,627,"On the plus side, the seating for Democrats at Trump Tower Restaurant does have a nice view."
4745,1207,6,35,121,162,1.2901234567901234,0.04170481232076497,627,I’m sorry to hear that your security clearance was revoked
4715,1207,6,35,121,162,1.2901234567901234,0.04170481232076497,627,I requested a table with a view.
4637,1207,8,31,123,162,1.2901234567901234,0.04350464162492643,627,"I think I will order the ""Tasting Flight"" just in case"
4662,1207,7,33,122,162,1.2901234567901234,0.042614230097606544,627,"Well, we did ask for rooftop seating."
4219,1207,7,33,122,162,1.2901234567901234,0.042614230097606544,627,The review did say “ An outdoor dining experience like no other with a breathe taking view that will keep you on the edge of your seat ! ”
4196,1207,10,27,125,162,1.2901234567901234,0.04523291185758809,627,is everything ledgible on the menu?
3976,1207,12,23,127,162,1.2901234567901234,0.04689753498126938,627,"No, I do not think it has anything to do with the volume setting on my hearing aid.."
4690,1207,10,27,125,162,1.2901234567901234,0.04523291185758809,627,Our special tonight is locally sourced Pigeon Picatta.
5196,1207,7,33,122,162,1.2901234567901234,0.042614230097606544,627,Only in this instance is the gratuity required before  the meal.
5572,1207,7,33,122,162,1.2901234567901234,0.042614230097606544,627,The free range squab is locally sourced
5566,1207,11,25,126,162,1.2901234567901234,0.04607274195462931,627,Sorry this is the only corner table we have.
5747,1207,9,29,124,162,1.2901234567901234,0.04437719097706396,627,"We retrieved the fork, but 5 years for involuntary manslaughter will be added to your bill."
5802,1207,11,25,126,162,1.2901234567901234,0.04607274195462931,627,The food here is top shelf.
5867,1207,10,27,125,162,1.2901234567901234,0.04523291185758809,627,You should know that your husband made the reservation. And he'll be joining you shortly.
5880,1207,5,37,120,162,1.2901234567901234,0.04077511661060828,627,"You know, a danger shared can sometimes bring two people together."
5965,1207,8,31,123,162,1.2901234567901234,0.04350464162492643,627,Do you want to see our fall menu?
5992,1207,9,29,124,162,1.2901234567901234,0.04437719097706396,627,We earned five stars on Yelp.  But only one on Architectural Digest.
6131,1207,7,33,122,162,1.2901234567901234,0.042614230097606544,627,The cocktails come with parachutes.
6409,1207,4,39,119,162,1.2901234567901234,0.03982372281074658,627,Let's go somewhere else for dessert.
6436,1207,11,25,126,162,1.2901234567901234,0.04607274195462931,627,Tonight we're featuring a Ledge Salad with a side of Teeter Tots.
3942,1207,9,29,124,162,1.2901234567901234,0.04437719097706396,627,It's all about the view.
5315,1207,9,29,124,162,1.2901234567901234,0.04437719097706396,627,I guess the mariachi band was a bad idea.
3766,1207,8,31,123,162,1.2901234567901234,0.04350464162492643,627,I recommend our small plates menu.
287,1207,8,31,123,162,1.2901234567901234,0.04350464162492643,627,"The pigeon is locally grown, organic, and cage free"
3391,1207,6,35,121,162,1.2901234567901234,0.04170481232076497,627,I hope you two understand the significance of your tip tonight
125,1207,12,23,127,162,1.2901234567901234,0.04689753498126938,627,Your usual waiter served from the left and picked up from the right.
3419,1207,10,27,125,162,1.2901234567901234,0.04523291185758809,627,"Madame, has anyone told you what tiny feet you have?"
420,1207,6,35,121,162,1.2901234567901234,0.04170481232076497,627,I would advise you to skip the wine.
429,1207,10,27,125,162,1.2901234567901234,0.04523291185758809,627,We've had a dine and dashing problem.
466,1207,7,33,122,162,1.2901234567901234,0.042614230097606544,627,"I'm afraid we're out of quail. The pigeon is superb, though."
572,1207,11,25,126,162,1.2901234567901234,0.04607274195462931,627,The service is gonna be shit here.
582,1207,10,27,125,162,1.2901234567901234,0.04523291185758809,627,We like to call this table “the meal of living dangerously”
615,1207,11,25,126,162,1.2901234567901234,0.04607274195462931,627,Our fall specials are listed on the chalkboard on the sidewalk.
1177,1207,7,33,122,162,1.2901234567901234,0.042614230097606544,627,You should see where the valet parked the car!
1542,1207,7,33,122,162,1.2901234567901234,0.042614230097606544,627,"When you requested a quiet table in the corner, you really should have specified an indoor preference."
1829,1207,8,31,123,162,1.2901234567901234,0.04350464162492643,627,"Well, you asked for it on the side."
1924,1207,11,25,126,162,1.2901234567901234,0.04607274195462931,627,Can't say I'm loving this whole feng shui thing.
212,1207,11,25,126,162,1.2901234567901234,0.04607274195462931,627,I find the pinot noir pairs quite well with the vertigo
2235,1207,7,33,122,162,1.2901234567901234,0.042614230097606544,627,"I'm sorry, but you'll have to pay in advance."
2039,1207,7,33,122,162,1.2901234567901234,0.042614230097606544,627,"Excuse me, I thought you said a table on the corner"
3354,1207,6,35,121,162,1.2901234567901234,0.04170481232076497,627,This is a locavore restaurant.  Would like too see the fall menu?
3346,1207,10,27,125,162,1.2901234567901234,0.04523291185758809,627,The tip is included.
3196,1207,6,35,121,162,1.2901234567901234,0.04170481232076497,627,"Our prices are sky-high, too."
3021,1207,8,31,123,162,1.2901234567901234,0.04350464162492643,627,You said you wanted a corner table.
3361,1207,9,29,124,162,1.2901234567901234,0.04437719097706396,627,Would you prefer the non-smoking section?
2677,1207,8,31,123,162,1.2901234567901234,0.04350464162492643,627,"Sorry sir, but slipping the maitre'd a hundred dollar bill for a seat with a view doesn't go as far as it used to."
2522,1207,8,31,123,162,1.2901234567901234,0.04350464162492643,627,"For fifty I bring you inside, and for a hundred I actually serve you. Welcome to Extreme dining."
2337,1207,7,33,122,162,1.2901234567901234,0.042614230097606544,627,"This is the first and the last time we go to a ""high-end, cutting-edge"" restaurant."
2272,1207,5,37,120,162,1.2901234567901234,0.04077511661060828,627,Will a third be joining you?
2711,1207,8,31,123,162,1.2901234567901234,0.04350464162492643,627,"May I recommend the pigeon?  It is free range, local, and very, very fresh."
3194,1259,9,28,122,159,1.2893081761006289,0.04492021777846088,627,Any room for dessert?
6026,1259,7,32,120,159,1.2893081761006289,0.04311151787474359,627,Your table for two away from the kitchen.
6024,1259,8,30,121,159,1.2893081761006289,0.0440251572327044,627,"Yes, everything is on the house."
5984,1259,8,30,121,159,1.2893081761006289,0.0440251572327044,627,"If you're afraid of falling,we can build a wall -- but you'll have to pay for it."
5454,1259,6,34,119,159,1.2893081761006289,0.04217809238887326,627,Would you like the Last Supper special?
4283,1259,8,30,121,159,1.2893081761006289,0.0440251572327044,627,Edgy...yet elegant.
3679,1259,8,30,121,159,1.2893081761006289,0.0440251572327044,627,The squab should arrive shortly.
3300,1259,6,34,119,159,1.2893081761006289,0.04217809238887326,627,Management hopes you enjoy the view. Do you want to pay your gratuity first to get a different table?
2540,1259,7,32,120,159,1.2893081761006289,0.04311151787474359,627,The policy for this table is Prepay.
854,1259,7,32,120,159,1.2893081761006289,0.04311151787474359,627,We put the “Oh!” in al fresco.
1677,1259,7,32,120,159,1.2893081761006289,0.04311151787474359,627,"I recommend the duck, the house salad and not looking down."
1110,1259,7,32,120,159,1.2893081761006289,0.04311151787474359,627,Eez ZEES far enough from ze restroom for monsieur?
979,1259,10,26,123,159,1.2893081761006289,0.04579778882396355,627,"Good evening, my name is Raul, I will be your server tonight. I'm happy we were able to accommodate your request for a table near a window tonight."
740,1259,11,24,124,159,1.2893081761006289,0.04665885721987165,627,You insisted on outdoor seating.
560,1259,5,36,118,159,1.2893081761006289,0.0412235367437623,627,The buffet is just around the corner.
272,1259,11,24,124,159,1.2893081761006289,0.04665885721987165,627,Would you like to hear the Fall specials?
141,1259,7,32,120,159,1.2893081761006289,0.04311151787474359,627,"When I said you’d be able to watch the game here, I meant the TV in the Katz’ apartment across the way."
20,1259,8,30,121,159,1.2893081761006289,0.0440251572327044,627,They weren’t kidding about the bird’s eye view.
2146,1259,8,30,121,159,1.2893081761006289,0.0440251572327044,627,"Tonight's special is the locally-raised, fresh-caught squab."
5761,1278,4,37,115,156,1.2884615384615385,0.04068236762958046,627,"I know you had reservations, but I have a few of my own."
5383,1278,0,45,111,156,1.2884615384615385,0.0363896014294354,627,May I recommend the braised pigeon?  It's very fresh.
5946,1280,10,27,126,163,1.2883435582822085,0.04498977505112473,627,We can see the Russian Embassy from here.
4738,1280,8,31,124,163,1.2883435582822085,0.04327353850880402,627,"Unfortunately, we don't offer our Bottomless Mimosa Brunch on the terrace."
3697,1280,8,31,124,163,1.2883435582822085,0.04327353850880402,627,I knew we should have made a reservation
5848,1283,8,30,122,160,1.2875,0.043786485235837044,627,"I never thought I would say this, 
just don’t tip over."
6422,1283,5,36,119,160,1.2875,0.04100496595175274,627,"Is this an adequate distance from that noisy kitchen door, Sir?"
6401,1283,10,26,124,160,1.2875,0.045546558527628525,627,I think this menu is a little edgy.
6238,1283,8,30,122,160,1.2875,0.043786485235837044,627,Having second thoughts about the table haute?
201,1283,6,34,120,160,1.2875,0.04195263501742959,627,"Yes, we take elevated dining to a whole new level."
5791,1283,6,34,120,160,1.2875,0.04195263501742959,627,Are you sure this place was reviewed in the New Yorker?
5694,1283,10,26,124,160,1.2875,0.045546558527628525,627,Let's see you dine and dash this time.
5692,1283,9,28,123,160,1.2875,0.04467519044737731,627,Worst. Groupon. Ever.
5135,1283,11,24,125,160,1.2875,0.04640156620106641,627,"May I recommend the prix fixe menu, which starts with an amuse-bouche of Valium?"
4783,1283,9,28,123,160,1.2875,0.04467519044737731,627,You won't find a fresher squab anywhere.
4282,1283,10,26,124,160,1.2875,0.045546558527628525,627,I hear the squab is local
3499,1283,9,28,123,160,1.2875,0.04467519044737731,627,"Ne vous inquiétez pas, Monsieur!  In this preferred seating, you will not hit the ceiling at our prices."
4478,1283,8,30,122,160,1.2875,0.043786485235837044,627,They said the view was to die for.
3063,1283,7,32,121,160,1.2875,0.04287936493357752,627,The Pasta is to die for.
465,1283,12,22,126,160,1.2875,0.04724110178767221,627,Drinks are on the house but you still have to pay for them.
3427,1283,7,32,121,160,1.2875,0.04287936493357752,627,Perhaps you'd prefer a table by the kitchen?
852,1283,7,32,121,160,1.2875,0.04287936493357752,627,Perhaps you know now that there are worse things than a table near the kitchen.
926,1283,8,30,122,160,1.2875,0.043786485235837044,627,Did one of you drop your fork?
1154,1283,9,28,123,160,1.2875,0.04467519044737731,627,This restaurant is ledgendary.
824,1283,11,24,125,160,1.2875,0.04640156620106641,627,Will this be to go?
1241,1283,9,28,123,160,1.2875,0.04467519044737731,627,"I KNOW I KNOW.,  BUT WHAT ABOUT THE VIEW,"
2617,1283,14,18,128,160,1.2875,0.04887693118962894,627,We used to offer this same experience in complete darkness. It did not work very well though.
2907,1283,8,30,122,160,1.2875,0.043786485235837044,627,"We’re know for our pigeon, but our fallen chocolate cake is to die for."
1204,1283,7,32,121,160,1.2875,0.04287936493357752,627,"You requested ""Near the window with a view""."
4720,1307,11,23,123,157,1.286624203821656,0.046999601617262084,627,Would you care to see our tether menu?
4258,1307,8,29,120,157,1.286624203821656,0.044316865866135244,627,What? You said you wanted al fresco seating.
4409,1307,8,29,120,157,1.286624203821656,0.044316865866135244,627,"Sorry, the roof garden is full."
4476,1307,11,23,123,157,1.286624203821656,0.046999601617262084,627,"Yes, it is pigeon. But we refer to it as Ledge Steak."
4535,1307,7,31,119,157,1.286624203821656,0.04338577281631521,627,Did you want that to go?
4556,1307,5,35,117,157,1.286624203821656,0.041460905057809604,627,Of course the pigeon is local.
4628,1307,9,27,121,157,1.286624203821656,0.04522879522522273,627,I’m gonna go out on a ledge and try the fish.
4862,1307,6,33,118,157,1.286624203821656,0.042434254624546065,627,"Pardon madame, did you not ask for ""Haute Cuisine?"""
3378,1307,9,27,121,157,1.286624203821656,0.04522879522522273,627,"The review said, the food here is to die for ."
5144,1307,9,27,121,157,1.286624203821656,0.04522879522522273,627,'To repeat your order - two house salads and you'll share the perch.'
5531,1307,7,31,119,157,1.286624203821656,0.04338577281631521,627,"Bottled, tap, or rain water?"
5608,1307,11,23,123,157,1.286624203821656,0.046999601617262084,627,I just asked for a table by the window!
5721,1307,8,29,120,157,1.286624203821656,0.044316865866135244,627,Tonight's special is roasted breast and confit leg of locally-sourced pigeon.
6100,1307,7,31,119,157,1.286624203821656,0.04338577281631521,627,First time for haute cuisine?
6165,1307,5,35,117,157,1.286624203821656,0.041460905057809604,627,I asked for a quiet table with a window view.
6304,1307,10,25,122,157,1.286624203821656,0.04612269761032238,627,"Before we begin, are either of you on Yelp?"
6494,1307,7,31,119,157,1.286624203821656,0.04338577281631521,627,Welcome back Mr. and Mrs. pigeon.
4979,1307,12,21,124,157,1.286624203821656,0.0478604415933394,627,Do we order at the window?
3209,1307,7,31,119,157,1.286624203821656,0.04338577281631521,627,Go with something light. That roof won’t support anything heavy.
1026,1307,8,29,120,157,1.286624203821656,0.044316865866135244,627,They go out on a ledge here to please patrons
3019,1307,5,35,117,157,1.286624203821656,0.041460905057809604,627,"The atmosphere is a little thin, but it does have a nice view"
3020,1307,5,35,117,157,1.286624203821656,0.041460905057809604,627,Maybe the table by the bar would have been better.
217,1307,7,31,119,157,1.286624203821656,0.04338577281631521,627,Can I interest either of you in a draft?
225,1307,6,33,118,157,1.286624203821656,0.042434254624546065,627,May I recommend one of our well-balanced meals?
342,1307,7,31,119,157,1.286624203821656,0.04338577281631521,627,I thought Ledge Top Cafe was just a name!
1463,1307,10,25,122,157,1.286624203821656,0.04612269761032238,627,Are you enjoying the Chef's Surprise?
1555,1307,8,29,120,157,1.286624203821656,0.044316865866135244,627,I've heard this place is to die for.
1663,1307,8,29,120,157,1.286624203821656,0.044316865866135244,627,I hate it when they hover over.
1243,1307,7,31,119,157,1.286624203821656,0.04338577281631521,627,"Evidently ""plein aire dining"" can have several different meanings."
2030,1307,9,27,121,157,1.286624203821656,0.04522879522522273,627,"our special tonight is pigeon, which you can choose from a great selection on the ledge"
2134,1307,8,29,120,157,1.286624203821656,0.044316865866135244,627,Tonight's special is chicken cordon bleu and Dramamine.
2193,1307,10,25,122,157,1.286624203821656,0.04612269761032238,627,May I offer either of you a drink and a rock-solid alibi?
2223,1307,6,33,118,157,1.286624203821656,0.042434254624546065,627,Didn't you say we never eat out?
2316,1307,9,27,121,157,1.286624203821656,0.04522879522522273,627,I hear the pigeon sashimi is very fresh
2594,1307,7,31,119,157,1.286624203821656,0.04338577281631521,627,"Oh oui monsieur, the pigeon is very fresh!"
1667,1307,8,29,120,157,1.286624203821656,0.044316865866135244,627,The pigeon is quite fresh today.
2793,1307,10,25,122,157,1.286624203821656,0.04612269761032238,627,Chef recommends the bird drop soup...
2215,1344,4,36,114,154,1.2857142857142858,0.04090717090413152,627,It's off the beaten track...
4226,1345,4,36,115,155,1.2838709677419355,0.04068417675126983,627,Bottle or rain?
4238,1345,8,28,119,155,1.2838709677419355,0.04461334957357563,627,"Seriously Monsieur,E Harmony  is going to start noticing a pattern."
4432,1345,10,24,121,155,1.2838709677419355,0.04645347480325674,627,Do you have any allergies or phobias we should be aware of?
4401,1345,9,26,120,155,1.2838709677419355,0.045542706778752565,627,They didn't recognize you.  Your impersonation of a nobody was masterful.
4440,1345,6,32,117,155,1.2838709677419355,0.04269398785603557,627,I told you to tip the Maitre d'
4198,1345,9,26,120,155,1.2838709677419355,0.045542706778752565,627,Tap or gutter?
4305,1345,6,32,117,155,1.2838709677419355,0.04269398785603557,627,I really wish they wouldn't call it their fall menu.
4174,1345,6,32,117,155,1.2838709677419355,0.04269398785603557,627,We push for more adventurous dining.
3677,1345,9,26,120,155,1.2838709677419355,0.045542706778752565,627,I hear the roast pigeon is excellent
4080,1345,6,32,117,155,1.2838709677419355,0.04269398785603557,627,We take the idea of an Open Table reservation quite literally...
4009,1345,10,24,121,155,1.2838709677419355,0.04645347480325674,627,I guess I needed to ask for a window seat looking OUT
3907,1345,7,30,118,155,1.2838709677419355,0.043664216237242676,627,the al fresco seating option looked a bit different online
3776,1345,6,32,117,155,1.2838709677419355,0.04269398785603557,627,Of course this has nothing to do with your lousy tip last time.
3757,1345,7,30,118,155,1.2838709677419355,0.043664216237242676,627,We have one addition tonight. A locally sourced roast pigeon...
3746,1345,6,32,117,155,1.2838709677419355,0.04269398785603557,627,you said you wanted a table by the window
4446,1345,8,28,119,155,1.2838709677419355,0.04461334957357563,627,The reviews said it was the edgiest restaurant in town...
3642,1345,9,26,120,155,1.2838709677419355,0.045542706778752565,627,"May I recommend the ""Making Reservations Sooner."""
3639,1345,5,34,116,155,1.2838709677419355,0.041701192051186484,627,"The gentleman's dissatisfaction with the table is noted."""
3547,1345,7,30,118,155,1.2838709677419355,0.043664216237242676,627,The special? That’s up in the air.
4133,1345,10,24,121,155,1.2838709677419355,0.04645347480325674,627,"I'd suggest the Pigeon Romanaise, but the pigeon's stuck in the 4th floor air conditioner..."
4814,1345,7,30,118,155,1.2838709677419355,0.043664216237242676,627,"You googled small, cozy, en plein air, you got small, cozy en plein air."
5337,1345,4,36,115,155,1.2838709677419355,0.04068417675126983,627,"Madam,I apologize but I must take from your left."
4992,1345,6,32,117,155,1.2838709677419355,0.04269398785603557,627,I thought you said we needed to get out more?
3533,1345,10,24,121,155,1.2838709677419355,0.04645347480325674,627,Our restaurant will begin revolving in 10 minutes.
6343,1345,9,26,120,155,1.2838709677419355,0.045542706778752565,627,This is why we recommend that you make reservations.
6150,1345,4,36,115,155,1.2838709677419355,0.04068417675126983,627,You just had to get the table with a view!
6108,1345,8,28,119,155,1.2838709677419355,0.04461334957357563,627,"Welcome to L’Edge, where we take haute cuisine literally."
6080,1345,9,26,120,155,1.2838709677419355,0.045542706778752565,627,At least this time we got seated above pigeon level.
6077,1345,6,32,117,155,1.2838709677419355,0.04269398785603557,627,This is the best view in the house.
6047,1345,11,22,122,155,1.2838709677419355,0.047346726411212244,627,Our special tonight is wings
6014,1345,6,32,117,155,1.2838709677419355,0.04269398785603557,627,"When you said “edgy cuisine” I took you seriously, not literally."
5919,1345,9,26,120,155,1.2838709677419355,0.045542706778752565,627,"Pardon monsieur,the restaurant policy is that ledge diners must pay at time of order."
4925,1345,7,30,118,155,1.2838709677419355,0.043664216237242676,627,Now is it bright enough for you to read the menu?
5801,1345,5,34,116,155,1.2838709677419355,0.041701192051186484,627,Fresh enough for you?
5661,1345,9,26,120,155,1.2838709677419355,0.045542706778752565,627,The “restrooms” are one ledge up.
5559,1345,10,24,121,155,1.2838709677419355,0.04645347480325674,627,"By placing your order, you agree to be responsible in the event that you drop your fork, knife, or glass.”"
6491,1345,9,26,120,155,1.2838709677419355,0.045542706778752565,627,"And finally our signature dessert, death by chocolate. The choice is yours."
5202,1345,6,32,117,155,1.2838709677419355,0.04269398785603557,627,It’s a new concept in high cuisine
5192,1345,9,26,120,155,1.2838709677419355,0.045542706778752565,627,We  strongly recommend you don't order from the wine list.
5083,1345,9,26,120,155,1.2838709677419355,0.045542706778752565,627,I wouldn’t recommend the falafel. Chef is feeling ironic today.
5067,1345,6,32,117,155,1.2838709677419355,0.04269398785603557,627,"If you’re looking for something even edgier, I’d recommend the pigeon au jus."
5015,1345,9,26,120,155,1.2838709677419355,0.045542706778752565,627,"Well, you did choose the non cannibis smoking area."
4998,1345,3,38,114,155,1.2838709677419355,0.03964107790369972,627,Don't give me that look--you're the one who asked for first available!
6383,1345,8,28,119,155,1.2838709677419355,0.04461334957357563,627,"I promise you, our squab tonight is really fresh."
3524,1345,12,20,123,155,1.2838709677419355,0.048223434991916087,627,How 'bout dis? Dis far enough from the kitchen for ya?!
5518,1345,7,30,118,155,1.2838709677419355,0.043664216237242676,627,"First I'll need to take an imprint of a credit card, to cover any incidentals."
3392,1345,8,28,119,155,1.2838709677419355,0.04461334957357563,627,Hurry it up. There’s a draft inside
1730,1345,8,28,119,155,1.2838709677419355,0.04461334957357563,627,"In New York City, this is what we call a ""table with a view"""
1709,1345,7,30,118,155,1.2838709677419355,0.043664216237242676,627,Don't overthink it. It's not as if it's your last meal.
1616,1345,10,24,121,155,1.2838709677419355,0.04645347480325674,627,You specifically asked for a table for two with a view.
1590,1345,5,34,116,155,1.2838709677419355,0.041701192051186484,627,"Roof-top table for two
With neighborhood view"
1354,1345,7,30,118,155,1.2838709677419355,0.043664216237242676,627,We are happy to accommodate those who still prefer to be seated in the smoking section
1163,1345,6,32,117,155,1.2838709677419355,0.04269398785603557,627,"No complaints about the food, yes?"
1142,1345,7,30,118,155,1.2838709677419355,0.043664216237242676,627,Yes there is a draft but you did ask  for a table with a view
1032,1345,7,30,118,155,1.2838709677419355,0.043664216237242676,627,Corner table with a view?
1029,1345,8,28,119,155,1.2838709677419355,0.04461334957357563,627,They said it was a table to die for.
1848,1345,6,32,117,155,1.2838709677419355,0.04269398785603557,627,And directly below us is where Tom Cruise broke his ankle filming Mission Impossible 6.
1028,1345,10,24,121,155,1.2838709677419355,0.04645347480325674,627,"Ironically, tonight’s special lived on the  edge you’re sitting on."
1005,1345,8,28,119,155,1.2838709677419355,0.04461334957357563,627,"The last time, you didn't tip."
951,1345,6,32,117,155,1.2838709677419355,0.04269398785603557,627,I hope you don't mind if I ask you to please pay your tip first?
895,1345,9,26,120,155,1.2838709677419355,0.045542706778752565,627,I recommend the rock dove - it's very fresh.
889,1345,6,32,117,155,1.2838709677419355,0.04269398785603557,627,Try the free range chicken.
719,1345,6,32,117,155,1.2838709677419355,0.04269398785603557,627,We've had some issues with customers dining and dashing.
314,1345,10,24,121,155,1.2838709677419355,0.04645347480325674,627,'I told you not to wear that MAGA hat again...
137,1345,8,28,119,155,1.2838709677419355,0.04461334957357563,627,"Well, you did request a table by the window."
4,1345,5,34,116,155,1.2838709677419355,0.041701192051186484,627,The last customer who complained about sky-high prices had a falling out with the waitstaff.
3473,1345,9,26,120,155,1.2838709677419355,0.045542706778752565,627,A drink before a crowd gathers?
1006,1345,9,26,120,155,1.2838709677419355,0.045542706778752565,627,"Remember,  bad tips can go both ways."
1948,1345,5,34,116,155,1.2838709677419355,0.041701192051186484,627,"You'll have to come in to get your order, I'm afraid of heights."
1918,1345,7,30,118,155,1.2838709677419355,0.043664216237242676,627,"My apologies sir, but next time you may want to try using ""Open Table."""
2734,1345,9,26,120,155,1.2838709677419355,0.045542706778752565,627,May I recommend something light?
3239,1345,9,26,120,155,1.2838709677419355,0.045542706778752565,627,Perhaps you may have wished to tip the maitre
3161,1345,4,36,115,155,1.2838709677419355,0.04068417675126983,627,This takes haute cuisine to a whole new level.
2912,1345,6,32,117,155,1.2838709677419355,0.04269398785603557,627,"If you are done complaining about the gluten free and vegan options, chef said you can come out of time out..."
2892,1345,5,34,116,155,1.2838709677419355,0.041701192051186484,627,The only qualification to an otherwise outstanding al fresco experience is that our insurance company will only allow one glass of wine at this table.
2856,1345,6,32,117,155,1.2838709677419355,0.04269398785603557,627,No one told me how dangerous dating in our 30s would be.
2810,1345,6,32,117,155,1.2838709677419355,0.04269398785603557,627,I didn’t think it necessary to stipulated which side of the window I wanted a table.
2779,1345,9,26,120,155,1.2838709677419355,0.045542706778752565,627,The squab is especially fresh here.
2760,1345,6,32,117,155,1.2838709677419355,0.04269398785603557,627,We like to provide an authentic early bird experience.
2099,1345,9,26,120,155,1.2838709677419355,0.045542706778752565,627,"Glad we could fit you in, this is our last seating"""
3307,1345,5,34,116,155,1.2838709677419355,0.041701192051186484,627,may I suggest our mai-tais. They come with little parachutes.
2716,1345,5,34,116,155,1.2838709677419355,0.041701192051186484,627,18 plus 6% for the fireman...
2637,1345,11,22,122,155,1.2838709677419355,0.047346726411212244,627,"May I ask, ""Who are your next of kin?"""
2624,1345,5,34,116,155,1.2838709677419355,0.041701192051186484,627,Try not to drop your fork this time
2599,1345,5,34,116,155,1.2838709677419355,0.041701192051186484,627,Look. All I said was that 15% seemed a lot for service.
2577,1345,7,30,118,155,1.2838709677419355,0.043664216237242676,627,"If you prefer, we can move you closer to the sidewalk."
2548,1345,8,28,119,155,1.2838709677419355,0.04461334957357563,627,The pigeon is to die for !
2454,1345,12,20,123,155,1.2838709677419355,0.048223434991916087,627,"A couple of things you should know about me. I handle rejection poorly and I like to plan ahead."""
2257,1345,8,28,119,155,1.2838709677419355,0.04461334957357563,627,NEXT TIME TIP THE WAITER
2161,1345,8,28,119,155,1.2838709677419355,0.04461334957357563,627,"Let's see, what's to die for?"
2119,1345,7,30,118,155,1.2838709677419355,0.043664216237242676,627,This is our most excluded table.
2647,1345,7,30,118,155,1.2838709677419355,0.043664216237242676,627,Hope you're enjoying the smoking seating.
5303,1437,4,34,110,148,1.2837837837837838,0.04183744066612026,627,Is this edgy enough for you?
4069,1438,9,26,121,156,1.2820512820512822,0.045286398422963496,627,I suggest you tip this time.
2273,1438,10,24,122,156,1.2820512820512822,0.04619059285246492,627,The Top of the 666s has sure gone downhill since you-know-who bought the building!
1702,1438,7,30,119,156,1.2820512820512822,0.043421560430802184,627,A better table just opened up in the restroom.
667,1438,10,24,122,156,1.2820512820512822,0.04619059285246492,627,"""I am going to go out a ledge here and suggest our soup
of the day to start."""
1475,1438,7,30,119,156,1.2820512820512822,0.043421560430802184,627,This is not what I had in mind when you said we would be dining Al Fresco.
4369,1443,5,32,112,149,1.2818791946308725,0.042675504733066624,627,you asked for a view of the skyline.
5904,1443,5,32,112,149,1.2818791946308725,0.042675504733066624,627,Let's ask him for the inside menu
3636,1445,6,31,116,153,1.2810457516339868,0.04295732350339832,627,Le maître d' would like to know if zee cheapskates find their table  agréable.
3280,1445,7,29,117,153,1.2810457516339868,0.043946910637508094,627,"Of course, sir. I’ll bring you another fork once I’ve checked on the screaming from the downstairs table."
3418,1445,8,27,118,153,1.2810457516339868,0.04491469989420642,627,We wanted to go out on a limb when ordering but that table was taken.
4513,1445,5,33,115,153,1.2810457516339868,0.04194439569918863,627,I recommend our fresh wings.
4571,1445,4,35,114,153,1.2810457516339868,0.040906393370286384,627,Your table is the only remaining smoking section in the city.
4596,1445,10,23,120,153,1.2810457516339868,0.04679026491266783,627,"You demanded a window seat, you got a window seat."
5006,1445,8,27,118,153,1.2810457516339868,0.04491469989420642,627,"Oui! Ze erroir is Trip Advisor. We are ""Ledgy"", not ""Edgy"""
3252,1445,7,29,117,153,1.2810457516339868,0.043946910637508094,627,"Please note, meals and gratuity are to be paid prior to the consuming of any cocktails."
5151,1445,7,29,117,153,1.2810457516339868,0.043946910637508094,627,You two seem edgy...
5699,1445,7,29,117,153,1.2810457516339868,0.043946910637508094,627,"Living on the edge starts with dinner, Helen."
6224,1445,7,29,117,153,1.2810457516339868,0.043946910637508094,627,You asked to be away from the kitchen.
6293,1445,7,29,117,153,1.2810457516339868,0.043946910637508094,627,It seems you neglected to tip the maitre d'  this evening.
6329,1445,8,27,118,153,1.2810457516339868,0.04491469989420642,627,"May I suggest that your martinis be stirred, not shaken."
4898,1445,8,27,118,153,1.2810457516339868,0.04491469989420642,627,It was nice of them to honor our request for an outside table with a view.
3100,1445,4,35,114,153,1.2810457516339868,0.040906393370286384,627,Well the food here isn’t  so good  but the view is nice
3236,1445,9,25,119,153,1.2810457516339868,0.045862071241845694,627,"We told you Al Fresco is the chef's name, but you kept insisting you wanted to sit outside."
2792,1445,11,21,121,153,1.2810457516339868,0.04770040044489289,627,"This is the ""Yelp Elite"" table; enabling guests to simultaneously review food and look down on people."
385,1445,6,31,116,153,1.2810457516339868,0.04295732350339832,627,"Might I suggest the roast pigeon, with white wine and charlotte potatoes."
607,1445,9,25,119,153,1.2810457516339868,0.045862071241845694,627,"For the last time. If you dont order anything, I'm going to have to ask you to leave"
691,1445,7,29,117,153,1.2810457516339868,0.043946910637508094,627,"You did say, 'Table by the window,' no?"
793,1445,5,33,115,153,1.2810457516339868,0.04194439569918863,627,"Well, you said you wanted edgy."
1034,1445,8,27,118,153,1.2810457516339868,0.04491469989420642,627,The pigeon is locally grown.
2911,1445,8,27,118,153,1.2810457516339868,0.04491469989420642,627,Really? I thought your review said inside was ‘too stuffy.’
1251,1445,6,31,116,153,1.2810457516339868,0.04295732350339832,627,"His hands are so small, why do I keep choosing these guys."
1573,1445,6,31,116,153,1.2810457516339868,0.04295732350339832,627,"Chef Bourdain's mantra, dine on the edge."
1071,1445,8,27,118,153,1.2810457516339868,0.04491469989420642,627,You still have to tip.
2184,1445,6,31,116,153,1.2810457516339868,0.04295732350339832,627,You did request a corner table.
2417,1445,6,31,116,153,1.2810457516339868,0.04295732350339832,627,I suggest tipping the maitre d' next time.
2422,1445,8,27,118,153,1.2810457516339868,0.04491469989420642,627,I Think I'll have the Pigeon
2437,1445,9,25,119,153,1.2810457516339868,0.045862071241845694,627,What? You specified outside and far from both the kitchen and the lavatory.
2519,1445,3,37,113,153,1.2810457516339868,0.039841356735923365,627,The ultimate 'edgy' dining experience.
1750,1445,8,27,118,153,1.2810457516339868,0.04491469989420642,627,We call it extreme al fresco dining
5215,1477,6,29,111,146,1.2808219178082192,0.04426820678301526,627,We've run out of pigeon.
3649,1478,9,24,117,150,1.28,0.0464584681381658,627,We’ll take a rain check.
3738,1478,10,22,118,150,1.28,0.047411757195425085,627,The specials will 'blow you away'
4459,1478,5,32,113,150,1.28,0.042431679524773294,627,It's the edgiest dining experience in town.
4605,1478,6,30,114,150,1.28,0.04347335834630263,627,"For your next visit, I suggest making a reservation."
4477,1478,7,28,115,150,1.28,0.044490654575079204,627,"When I said,""Let's try some place a little more edgy..."""
4813,1478,7,28,115,150,1.28,0.044490654575079204,627,It's our take on take out.
3629,1478,9,24,117,150,1.28,0.0464584681381658,627,Our special today is Pigeon Tatar.
5555,1478,6,30,114,150,1.28,0.04347335834630263,627,Something edgy this evening?
5623,1478,8,26,116,150,1.28,0.04548520422216428,627,I think he remembers your last tip.
5740,1478,10,22,118,150,1.28,0.047411757195425085,627,Everything here is carry out.
6239,1478,6,30,114,150,1.28,0.04347335834630263,627,"We only accept cash, paid in advance."
6312,1478,4,34,112,150,1.28,0.04136377604474826,627,You may want to avoid choosing from the fall menu items.
5214,1478,8,26,116,150,1.28,0.04548520422216428,627,They did say they were at the leading edge of culinary delight.
3551,1478,12,18,120,150,1.28,0.0492630250551455,627,"You're the king of reservations, Harry."
5679,1478,7,28,115,150,1.28,0.044490654575079204,627,"Would you care for sparkling, tap, or rain water?"
2747,1478,5,32,113,150,1.28,0.042431679524773294,627,Of course the prices are sky high!
2798,1478,6,30,114,150,1.28,0.04347335834630263,627,No wonder it was so easy to get a reservation!
27,1478,7,28,115,150,1.28,0.044490654575079204,627,This place is ledgendery
339,1478,7,28,115,150,1.28,0.044490654575079204,627,Next time I will make the reservations!
379,1478,8,26,116,150,1.28,0.04548520422216428,627,We seat our guests based on their Yelp reviews.
399,1478,8,26,116,150,1.28,0.04548520422216428,627,We do offer limited outdoor seating  for those who don't have a fear of heights.
1093,1478,5,32,113,150,1.28,0.042431679524773294,627,Are you still sure you would not like to sit at the bar?
617,1478,7,28,115,150,1.28,0.044490654575079204,627,No crumbs please. The pigeons will swarm.
1296,1478,9,24,117,150,1.28,0.0464584681381658,627,This certainly is a little out of the way place.
1302,1478,8,26,116,150,1.28,0.04548520422216428,627,Dine and dash at your peril.
1431,1478,5,32,113,150,1.28,0.042431679524773294,627,"Oh, so you’re the couple who requested outside seating"
1869,1478,5,32,113,150,1.28,0.042431679524773294,627,Your tipping history is pretty well known hereabouts.
2568,1478,7,28,115,150,1.28,0.044490654575079204,627,Your food is coming right up.
1220,1478,7,28,115,150,1.28,0.044490654575079204,627,My advice...look at the menu. Not down.
5622,1507,8,27,119,154,1.2792207792207793,0.04465939650873419,627,Go ahead.  Ask for ketchup again.
5979,1508,5,31,111,147,1.2789115646258504,0.042935688976236765,627,I miss the days when we could just smoke inside
503,1508,8,25,114,147,1.2789115646258504,0.04607642855312028,627,Would you like water or just to wait for the rain?
2497,1508,5,31,111,147,1.2789115646258504,0.042935688976236765,627,"Today's specials are:  Ledge of Lamb, Smogged Salmon and the Jump Fish.  May I recommend the sauteed pigeon, which is very fresh, to start?"
1558,1508,3,35,109,147,1.2789115646258504,0.04070746206327573,627,No I found this place on “Air” B&B
3802,1508,2,37,108,147,1.2789115646258504,0.03954629574963349,627,"Oh, I guess the restaurant's okay, but don't you find it just a bit edgy, Rupert?"
6083,1513,9,24,118,151,1.2781456953642385,0.04618700867327866,627,The Perch is fantastic tonight!
1882,1513,7,28,116,151,1.2781456953642385,0.04423391604509388,627,Next time read the fine print on the Groupon.
1480,1513,6,30,115,151,1.2781456953642385,0.043224288402862826,627,"Actually, at those prices, we prefer the term: Squab."
741,1513,7,28,116,151,1.2781456953642385,0.04423391604509388,627,Is there a problem with our ledgendary al fresco dining experience?
5087,1513,8,26,117,151,1.2781456953642385,0.045221007833030055,627,"Admittedly, our rooftop view isn't for everyone."
4170,1518,7,27,114,148,1.277027027027027,0.044788060842162865,627,"Yes, this restaurant is on the cutting ledge of rooftop dining..."
4319,1518,6,29,113,148,1.277027027027027,0.04374976263528806,627,"I might advise against the squab, sir. Pigeons are actually quite a bit more perceptive than most people realize."
4827,1518,7,27,114,148,1.277027027027027,0.044788060842162865,627,"The review says this bistro is wonderfully ""edgy."""
4881,1518,6,29,113,148,1.277027027027027,0.04374976263528806,627,you're fortunate we had a rather sudden availability on the table.  I think the EMT's are finishing up down on the sidewalk now.
4955,1518,3,35,110,148,1.277027027027027,0.04047537202512589,627,The pigeon is very fresh this evening.
5014,1518,11,19,118,148,1.277027027027027,0.048720478727432695,627,I'm the dumbwaiter.
5213,1518,7,27,114,148,1.277027027027027,0.044788060842162865,627,I guess you can still get a table in the city.
5523,1518,7,27,114,148,1.277027027027027,0.044788060842162865,627,I hope you enjoy our new terrace dining.
5749,1518,6,29,113,148,1.277027027027027,0.04374976263528806,627,How much should we tip?
5666,1518,7,27,114,148,1.277027027027027,0.044788060842162865,627,Our special tonight is locally sourced free-range squab.
5842,1518,9,23,116,148,1.277027027027027,0.046795595099493624,627,We used to have a strolling violinist but he got carried away with Rondo Capriccioso
5969,1518,5,31,112,148,1.277027027027027,0.042686216361804814,627,"I'm fine.  I said agoraphobia, not acrophobia."
6099,1518,6,29,113,148,1.277027027027027,0.04374976263528806,627,The special today is locally sourced pigeon in a French sorrel sauce.
6195,1518,5,31,112,148,1.277027027027027,0.042686216361804814,627,"Then you shouldn’t have said, ‘next available’.”"
6326,1518,6,29,113,148,1.277027027027027,0.04374976263528806,627,You can fart all you want out here.
3993,1518,5,31,112,148,1.277027027027027,0.042686216361804814,627,"This evening the chef recommends the pigeon, which, of course, is locally raised."
5628,1518,8,25,115,148,1.277027027027027,0.045802828049788774,627,"Honey, this restaurant may be too edgy for me."
3970,1518,6,29,113,148,1.277027027027027,0.04374976263528806,627,And did I mention... we only take cash.
6017,1518,6,29,113,148,1.277027027027027,0.04374976263528806,627,"Smile, the Johnsons can see us."
3575,1518,11,19,118,148,1.277027027027027,0.048720478727432695,627,Do you think the waiter's pushy?
422,1518,6,29,113,148,1.277027027027027,0.04374976263528806,627,"May I suggest chicken wings, sir?"
679,1518,6,29,113,148,1.277027027027027,0.04374976263528806,627,"After all, you said it was an edgy new restaurant."
3966,1518,5,31,112,148,1.277027027027027,0.042686216361804814,627,The chef’s special tonight is pigeon.
683,1518,6,29,113,148,1.277027027027027,0.04374976263528806,627,At least we didn’t have to wait long for the table.
955,1518,9,23,116,148,1.277027027027027,0.046795595099493624,627,I think we'd be inviting trouble with the peanut appetizer.
1030,1518,8,25,115,148,1.277027027027027,0.045802828049788774,627,May I assume this is to go?
89,1518,6,29,113,148,1.277027027027027,0.04374976263528806,627,The squab is local.
1574,1518,8,25,115,148,1.277027027027027,0.045802828049788774,627,"The restroom? Walk along the ledge, up the drainpipe and over the eave."
392,1518,7,27,114,148,1.277027027027027,0.044788060842162865,627,You asked for edgy.
2008,1518,6,29,113,148,1.277027027027027,0.04374976263528806,627,The special is pigeon.
2156,1518,6,29,113,148,1.277027027027027,0.04374976263528806,627,"Allegedly, it’s the best place in town ."
1199,1518,7,27,114,148,1.277027027027027,0.044788060842162865,627,What part of  ' Make a reservation' sill confuses you?
2232,1518,6,29,113,148,1.277027027027027,0.04374976263528806,627,It's the best we can do when you're late but still insist on a table by the window.
2291,1518,6,29,113,148,1.277027027027027,0.04374976263528806,627,"A-ledge-dly, THIS is the new al fresco dining craze,!"
3548,1518,8,25,115,148,1.277027027027027,0.045802828049788774,627,"That toupee isn't fooling anyone, Mr. Miller."
2511,1518,6,29,113,148,1.277027027027027,0.04374976263528806,627,"Don't mind the pigeon in your crotch, he likes the warmth."
2535,1518,6,29,113,148,1.277027027027027,0.04374976263528806,627,But this table has a breathtaking view. Allegedly.
2553,1518,5,31,112,148,1.277027027027027,0.042686216361804814,627,We felt we had to respond to the demand for Dining on the Edge.
3156,1518,4,33,111,148,1.277027027027027,0.041595485379180015,627,Our chef is known for his edgy menu.
3206,1518,6,29,113,148,1.277027027027027,0.04374976263528806,627,May I recommend the Ledge Salad?
2190,1518,5,31,112,148,1.277027027027027,0.042686216361804814,627,You said you wanted a high end restaurant experience.
3257,1518,6,29,113,148,1.277027027027027,0.04374976263528806,627,Let me know if you'd like the bug spray.
672,1560,6,29,114,149,1.2751677852348993,0.04349490401616014,627,Maybe you should have tipped better last time.
2669,1560,9,23,117,149,1.2751677852348993,0.04651764009573785,627,The pigeon-under-glass is superb!
4645,1562,6,28,112,146,1.273972602739726,0.04403003649623462,627,It's haute cuisine.
4693,1562,8,24,114,146,1.273972602739726,0.04612581420895325,627,Why did he give us the Last Supper menu ?
5152,1562,5,30,111,146,1.273972602739726,0.0429438098283116,627,Of course the prices are high...
5081,1562,6,28,112,146,1.273972602739726,0.04403003649623462,627,I thought you said we were going out on a limb.
4768,1562,6,28,112,146,1.273972602739726,0.04403003649623462,627,"The braised pigeon is lovely, locally sourced from this ledge earlier today"""
5013,1562,7,26,113,146,1.273972602739726,0.04509010340583965,627,This is where we seat journalists here at Trump International
5020,1562,9,22,115,146,1.273972602739726,0.04713877435539064,627,I’m in the mood for something edgy.
5111,1562,3,34,109,146,1.273972602739726,0.04068444641372266,627,You said first available table.
4727,1562,8,24,114,146,1.273972602739726,0.04612581420895325,627,I suggest the tenderloin. It pairs quite well with a fall to one's death.
4577,1562,5,30,111,146,1.273972602739726,0.0429438098283116,627,Your early bird dinners should be arriving soon.
3769,1562,6,28,112,146,1.273972602739726,0.04403003649623462,627,Everything just looks so good from here!
4551,1562,5,30,111,146,1.273972602739726,0.0429438098283116,627,We also have a fabulous rooftop bar.
4260,1562,6,28,112,146,1.273972602739726,0.04403003649623462,627,"Yes, there is a glitch in the new reservation app."
4122,1562,7,26,113,146,1.273972602739726,0.04509010340583965,627,Head room we have. Leg room not so much.
3978,1562,7,26,113,146,1.273972602739726,0.04509010340583965,627,We’re especially well known for our pigeon-to-table.
3804,1562,6,28,112,146,1.273972602739726,0.04403003649623462,627,Private enough for you?
6478,1562,6,28,112,146,1.273972602739726,0.04403003649623462,627,The coupon technically only said 'rooftop seating'; it specified nothing else.
3786,1562,9,22,115,146,1.273972602739726,0.04713877435539064,627,"Tonight's special is terror, glazed with a hint of west wind, and finished with a note of car horns."
5270,1562,5,30,111,146,1.273972602739726,0.0429438098283116,627,And today's catch is pigeon.
3713,1562,6,28,112,146,1.273972602739726,0.04403003649623462,627,"Betty,
Nice to finally meet your new husband.  I'll be right back with your drinks and try to be careful this time!"
3703,1562,6,28,112,146,1.273972602739726,0.04403003649623462,627,Our squab is the freshest in town.
3673,1562,5,30,111,146,1.273972602739726,0.0429438098283116,627,"If  you think this is the worst seating we have, then check out our back of the house"
3648,1562,8,24,114,146,1.273972602739726,0.04612581420895325,627,The chicken tastes like pigeon.
4557,1562,8,24,114,146,1.273972602739726,0.04612581420895325,627,I'm gonna go out on a ledge and assume you won't be ordering dessert.
5319,1562,5,30,111,146,1.273972602739726,0.0429438098283116,627,"The food here used to be good, but it really fell off"
5648,1562,7,26,113,146,1.273972602739726,0.04509010340583965,627,Unfortunately I’ll have to answer any wine questions. Our sommelier is acrophobic.
5348,1562,8,24,114,146,1.273972602739726,0.04612581420895325,627,May I suggest the ledge-to-table oven-roasted squab pigeon?
6488,1562,8,24,114,146,1.273972602739726,0.04612581420895325,627,"Yes, the pigeon is quite fresh--it's actually caught right on-site."
6437,1562,7,26,113,146,1.273972602739726,0.04509010340583965,627,"Don't look now. Or ever, really. It's a terrifying view."
3632,1562,3,34,109,146,1.273972602739726,0.04068444641372266,627,Everything on the menus is simply to die for.
6395,1562,5,30,111,146,1.273972602739726,0.0429438098283116,627,May I recommend the roasted pigeon? It’s very fresh.
6276,1562,7,26,113,146,1.273972602739726,0.04509010340583965,627,"They're known for a new level of al fresco dining."""
6271,1562,4,32,110,146,1.273972602739726,0.041829385499677504,627,"Kind of a narrow selection,but lots of atmosphere."
6229,1562,4,32,110,146,1.273972602739726,0.041829385499677504,627,"I recommend the organic, ledge-to-table pigeon soup."
6209,1562,6,28,112,146,1.273972602739726,0.04403003649623462,627,Might I suggest our locally sourced seared pigeon?
6192,1562,8,24,114,146,1.273972602739726,0.04612581420895325,627,May I tell you about our fall specials?
6153,1562,2,36,108,146,1.273972602739726,0.0395063396014046,627,I thought The Ledge was an odd name for a restaurant.
6091,1562,7,26,113,146,1.273972602739726,0.04509010340583965,627,"To be clear, Madam, it was the vote of the kitchen."
5976,1562,6,28,112,146,1.273972602739726,0.04403003649623462,627,May I suggest that Monsieur make a reservation next time?
5932,1562,6,28,112,146,1.273972602739726,0.04403003649623462,627,The chef is raising en plein air to the level of performance art.
5930,1562,3,34,109,146,1.273972602739726,0.04068444641372266,627,"No sir, this isn't the 'first date' section, it's the 'this isn't going to work out' section."
5928,1562,7,26,113,146,1.273972602739726,0.04509010340583965,627,"“Hey, it got great reviews for ‘Edgy Cuisine’.”"
5792,1562,8,24,114,146,1.273972602739726,0.04612581420895325,627,Would you like to start with dessert?
5707,1562,7,26,113,146,1.273972602739726,0.04509010340583965,627,I told you the drinks are on the house.
5638,1562,6,28,112,146,1.273972602739726,0.04403003649623462,627,"The steak is to die for, obviously."
5632,1562,6,28,112,146,1.273972602739726,0.04403003649623462,627,You said you wanted the table furthest away from the kitchen.
5510,1562,9,22,115,146,1.273972602739726,0.04713877435539064,627,"This evening, Chef recommends the fish, wasabi potatoes and not looking down."
5509,1562,6,28,112,146,1.273972602739726,0.04403003649623462,627,"Remember this, we are at the 'cutting edge' of gastronomy."
5471,1562,7,26,113,146,1.273972602739726,0.04509010340583965,627,"I’m going out on a ledge here, but you should order the special."
5458,1562,4,32,110,146,1.273972602739726,0.041829385499677504,627,You said as far away from the kitchen as possible..
5397,1562,5,30,111,146,1.273972602739726,0.0429438098283116,627,No duck...Just pigeon. Lots of pigeon.
5373,1562,7,26,113,146,1.273972602739726,0.04509010340583965,627,Our special today is ledge-to-table pigeon.
5336,1562,7,26,113,146,1.273972602739726,0.04509010340583965,627,Was it worth the wait for an outside table?
3592,1562,4,32,110,146,1.273972602739726,0.041829385499677504,627,"Tonight we’re serving free-range fowl, not necessarily chicken."
5511,1562,6,28,112,146,1.273972602739726,0.04403003649623462,627,"I'm sorry, we don't offer cocktails on the outer balcony"
3430,1562,4,32,110,146,1.273972602739726,0.041829385499677504,627,See anything you like?
1704,1562,3,34,109,146,1.273972602739726,0.04068444641372266,627,Didn’t you ask for our most private table?
1641,1562,9,22,115,146,1.273972602739726,0.04713877435539064,627,"Don't worry. If you fall off, there's no charge."
1090,1562,5,30,111,146,1.273972602739726,0.0429438098283116,627,Isn’t it nice to try out a more edgy restaurant for a change.
994,1562,5,30,111,146,1.273972602739726,0.0429438098283116,627,The wine and appetizer will be delivered by drone in 3 minutes.
932,1562,5,30,111,146,1.273972602739726,0.0429438098283116,627,I wonder what's with the all pigeon menu?
3506,1562,12,16,118,146,1.273972602739726,0.05005480977485697,627,The special today is parachute.
911,1562,6,28,112,146,1.273972602739726,0.04403003649623462,627,I don't recommend ordering side dishes.
828,1562,7,26,113,146,1.273972602739726,0.04509010340583965,627,"Marion, darling, I am a little cramped. Could you just scoot your chair back a tad""? ....Norman Bate"
815,1562,7,26,113,146,1.273972602739726,0.04509010340583965,627,"Yes, the squab is very fresh indeed---several of them were caught on that very table just a few minutes ago!"
792,1562,6,28,112,146,1.273972602739726,0.04403003649623462,627,The pigeon is fresh.
688,1562,5,30,111,146,1.273972602739726,0.0429438098283116,627,"Sir, this is as far from the kitchen as we can go."
661,1562,3,34,109,146,1.273972602739726,0.04068444641372266,627,A special night out?
598,1562,5,30,111,146,1.273972602739726,0.0429438098283116,627,They say the squab is locally sourced
550,1562,2,36,108,146,1.273972602739726,0.0395063396014046,627,You did request the scenic view
540,1562,7,26,113,146,1.273972602739726,0.04509010340583965,627,"Let's cut to the chase: one of us is getting tipped tonight, and you'd better hope it's me."
522,1562,8,24,114,146,1.273972602739726,0.04612581420895325,627,"Your Mom wanted you two love birds to have a private dinner"""
470,1562,7,26,113,146,1.273972602739726,0.04509010340583965,627,"I guess this is the ""on the edge"" culinary experience the guidebook talked baout!"
419,1562,7,26,113,146,1.273972602739726,0.04509010340583965,627,"At the moment we are out of the Squab, but keep your eyes open."
413,1562,4,32,110,146,1.273972602739726,0.041829385499677504,627,Oh Yes! Our roast pigeon is quite fresh!
400,1562,7,26,113,146,1.273972602739726,0.04509010340583965,627,We only serve takeout.
324,1562,7,26,113,146,1.273972602739726,0.04509010340583965,627,"Of course, all flambé tableside service will be suspended."
194,1562,6,28,112,146,1.273972602739726,0.04403003649623462,627,Squab? Yes sir. It's our specialty.
145,1562,8,24,114,146,1.273972602739726,0.04612581420895325,627,Welcome to our ledge to table dining experience.
1780,1562,6,28,112,146,1.273972602739726,0.04403003649623462,627,We no longer serve alcohol to those dining at our outside tables.
1872,1562,7,26,113,146,1.273972602739726,0.04509010340583965,627,Do you need a little time to decide?
39,1562,6,28,112,146,1.273972602739726,0.04403003649623462,627,"The last time here, I forgot to leave a tip."
1883,1562,7,26,113,146,1.273972602739726,0.04509010340583965,627,"To be honest, we don't know if l'Edge is even French."
1880,1562,5,30,111,146,1.273972602739726,0.0429438098283116,627,Our brave al fresco table placement reduces the number of unpaid tabs.
3420,1562,4,32,110,146,1.273972602739726,0.041829385499677504,627,It wasn't quite what I envisioned when you said dinner would dine al fresco.
3293,1562,6,28,112,146,1.273972602739726,0.04403003649623462,627,Would you like to hear about the Early Bird specials?
3201,1562,4,32,110,146,1.273972602739726,0.041829385499677504,627,"Yes sir, I assure you this is how they do it in Paris."
2979,1562,5,30,111,146,1.273972602739726,0.0429438098283116,627,"On second thought, I'd rather sit at the bar."
2871,1562,7,26,113,146,1.273972602739726,0.04509010340583965,627,"Chef tells me we are sold out of the pigeon, unless you can catch one."
2683,1562,6,28,112,146,1.273972602739726,0.04403003649623462,627,I did tell you that this was a really edgy place.
2667,1562,9,22,115,146,1.273972602739726,0.04713877435539064,627,We're the only restaurant that still has a smoking section.
2611,1562,5,30,111,146,1.273972602739726,0.0429438098283116,627,I had no idea this place was so edgy
2604,1562,7,26,113,146,1.273972602739726,0.04509010340583965,627,Our specials include anything that lands on your table.
2597,1562,5,30,111,146,1.273972602739726,0.0429438098283116,627,"I trust this is far enough away from the kitchen door.
Can I interest either of you in a cocktail?"
2464,1562,7,26,113,146,1.273972602739726,0.04509010340583965,627,The other guests found your conversation to be boring.
3276,1562,7,26,113,146,1.273972602739726,0.04509010340583965,627,"For our special tonight we have pole caught pigeon, smoked lightly over the fire escape and finished with a pizza rat jus reduction."
2395,1562,4,32,110,146,1.273972602739726,0.041829385499677504,627,May I suggest the buffet?
2371,1562,3,34,109,146,1.273972602739726,0.04068444641372266,627,You did request a table with a panoramic view.
2311,1562,5,30,111,146,1.273972602739726,0.0429438098283116,627,I might suggest a larger tip to the Maitre D' on your next visit...
2275,1562,5,30,111,146,1.273972602739726,0.0429438098283116,627,Is monsieur far enough away from ze kitchen now?
2254,1562,6,28,112,146,1.273972602739726,0.04403003649623462,627,The mariachi band will be coming to your table as soon as we get their parachutes on.
2195,1562,7,26,113,146,1.273972602739726,0.04509010340583965,627,I told you not to put so much perfume on!
2047,1562,5,30,111,146,1.273972602739726,0.0429438098283116,627,"This is our smoking section, sir."
1997,1562,7,26,113,146,1.273972602739726,0.04509010340583965,627,At least we are nowhere near the kitchen.
1937,1562,4,32,110,146,1.273972602739726,0.041829385499677504,627,"You insisted on a window seat, you got a window seat!"
1953,1562,8,24,114,146,1.273972602739726,0.04612581420895325,627,"Well, I’m certainly not ordering the Chef’s Surprise."
1946,1562,7,26,113,146,1.273972602739726,0.04509010340583965,627,"The chef recommends the squab, of course."
2456,1562,5,30,111,146,1.273972602739726,0.0429438098283116,627,Don't look up! Our pigeon soup has arrived!
6341,1670,6,28,113,147,1.272108843537415,0.04376918552853482,627,Might I recommend the Cornice Hen?
6072,1670,6,28,113,147,1.272108843537415,0.04376918552853482,627,"This table sometimes gets a bit drafty.  If you get cold, I'll be happy to close the window for you."
5326,1670,7,26,114,147,1.272108843537415,0.044821083899732446,627,John and Claire's final attempt to 'bring a little excitement' back to their marriage.
4947,1670,6,28,113,147,1.272108843537415,0.04376918552853482,627,We have nothing further away from the kitchen.
4590,1674,6,26,108,140,1.2714285714285714,0.04515914207938474,627,"- if you don´t tip me, i´ll tip you."
6218,1675,6,27,111,144,1.2708333333333333,0.04431419701966919,627,"And, tonight's chef's special is squab under glass"
6364,1675,6,27,111,144,1.2708333333333333,0.04431419701966919,627,I thought they meant the *food* pushed the dining experience to the edge.
5971,1675,6,27,111,144,1.2708333333333333,0.04431419701966919,627,I would save your complaints for the entrees.
5962,1675,7,25,112,144,1.2708333333333333,0.045396840800028745,627,"If you like the ambiance, you'll love the presentation."
5805,1675,8,23,113,144,1.2708333333333333,0.04645425978043619,627,"Hmm....I think I'll take the free range pigeon, freshly caught and prepared tableside..."
5441,1675,7,25,112,144,1.2708333333333333,0.045396840800028745,627,The squab is perhaps a bit more local than you care to imagine.
5237,1675,4,31,109,144,1.2708333333333333,0.04206539983463682,627,"and, TripAdvisor gives it 5 stars for the view."
4467,1675,5,29,110,144,1.2708333333333333,0.04320443218435998,627,At least it is not raining.
5227,1675,7,25,112,144,1.2708333333333333,0.045396840800028745,627,"They are very rude here, but the atmosphere is great and the food is OK. More important is that its a good break from my work cubicle."""
4964,1675,4,31,109,144,1.2708333333333333,0.04206539983463682,627,"Most people seem to LIKE our ""Dining under the stars"" experience."
4803,1675,5,29,110,144,1.2708333333333333,0.04320443218435998,627,Will that be one parachute or two?
4667,1675,6,27,111,144,1.2708333333333333,0.04431419701966919,627,It's the latest rage in adventure eating
4510,1675,0,39,105,144,1.2708333333333333,0.0371617743756602,627,The good news is that your above the awning.
6136,1675,7,25,112,144,1.2708333333333333,0.045396840800028745,627,Perhaps something from the bar?  You both seem to be on edge tonight.
3857,1675,8,23,113,144,1.2708333333333333,0.04645425978043619,627,He's waiting for us to tip.
1875,1675,4,31,109,144,1.2708333333333333,0.04206539983463682,627,"Yes, but not as dangerous as ordering the steak tartare."
3073,1675,8,23,113,144,1.2708333333333333,0.04645425978043619,627,"I'm sorry, the previous guests ordered the last wings."
3289,1675,4,31,109,144,1.2708333333333333,0.04206539983463682,627,"Really, you don't think this place is too edgy?"
53,1675,5,29,110,144,1.2708333333333333,0.04320443218435998,627,"Chef believes, in order to fully taste the pigeon, first you must become the pigeon."
831,1675,5,29,110,144,1.2708333333333333,0.04320443218435998,627,We provide alfresco dining at the highest level!.
1094,1675,8,23,113,144,1.2708333333333333,0.04645425978043619,627,"I'm Ron, your police negotiator.  Have you decided yet?"
1426,1675,10,19,115,144,1.2708333333333333,0.048499983979362775,627,"The scallops go very well with fear. But if you are feeling more terrified this evening, the soul meuniere is less filling and more last-mealy."""
722,1675,6,27,111,144,1.2708333333333333,0.04431419701966919,627,"You ordered al fresco, well ya got al fresco!"
2151,1675,11,17,116,144,1.2708333333333333,0.04949114610840552,627,Who the hell are you people? How did you get up here?
2248,1675,8,23,113,144,1.2708333333333333,0.04645425978043619,627,The restroom is just around the corner
2435,1675,7,25,112,144,1.2708333333333333,0.045396840800028745,627,The old menu was done in French but somehow Pidgin English made more sense.
2631,1675,5,29,110,144,1.2708333333333333,0.04320443218435998,627,"So, how’s that new WhiteHouse job working out for you?"
2139,1675,7,25,112,144,1.2708333333333333,0.045396840800028745,627,Dining al fresco can be exhilarating.
4669,1703,7,24,110,141,1.2695035460992907,0.0459939565037037,627,Would you like to hear our spatials?
3059,1703,6,26,109,141,1.2695035460992907,0.04487902530437653,627,The fresh catch of the day is Squab
3779,1703,7,24,110,141,1.2695035460992907,0.0459939565037037,627,"What do you mean 'is the pigeon fresh'"""
3806,1703,8,22,111,141,1.2695035460992907,0.04708249311005425,627,"Since you have taken their spot, might I suggest the squab."
3837,1703,2,34,105,141,1.2695035460992907,0.04011057743159522,627,"I recommend the wild caught squab, we get it fresh daily."
3975,1703,6,26,109,141,1.2695035460992907,0.04487902530437653,627,"May I suggest our house specialty, the Ledge of Lamb?"
4126,1703,6,26,109,141,1.2695035460992907,0.04487902530437653,627,The pigeon sounds good.
5021,1703,7,24,110,141,1.2695035460992907,0.0459939565037037,627,"S'il vous plait, the window closes in 15 minutes."
5870,1703,7,24,110,141,1.2695035460992907,0.0459939565037037,627,"Stick to vegetable dishes, Folks.  This is condor country."
5456,1703,9,20,112,141,1.2695035460992907,0.04814642541302546,627,"No, sir, I'm afraid that the little umbrellas would be inadequate in the event of an unfortunate incident."
5468,1703,7,24,110,141,1.2695035460992907,0.0459939565037037,627,Will you be wanting an entree after High Tea?
5567,1703,5,28,108,141,1.2695035460992907,0.04373568096734234,627,Let's eat  till we drop!
5851,1703,4,30,107,141,1.2695035460992907,0.04256163374546885,627,"Honey, I  just dropped my knife."
6130,1703,8,22,111,141,1.2695035460992907,0.04708249311005425,627,May I interest you in a beta blocker?
3024,1703,4,30,107,141,1.2695035460992907,0.04256163374546885,627,May I suggest a well-balanced wine with your dinner?
6198,1703,6,26,109,141,1.2695035460992907,0.04487902530437653,627,This evening we are introducing our Fall menu.
6188,1703,7,24,110,141,1.2695035460992907,0.0459939565037037,627,"Unfortunately, we are all out of sides tonight."""
5160,1703,9,20,112,141,1.2695035460992907,0.04814642541302546,627,"The Precipice"" High Concept Restaurant - Haute Cuisine, really"
2879,1703,4,30,107,141,1.2695035460992907,0.04256163374546885,627,The diver scallops are hit or miss.
1564,1703,8,22,111,141,1.2695035460992907,0.04708249311005425,627,Their smoking section gets worse and worse!
2269,1703,6,26,109,141,1.2695035460992907,0.04487902530437653,627,Bienvenue au cafe pigeon. Can I start you off with bread?
94,1703,4,30,107,141,1.2695035460992907,0.04256163374546885,627,Our special today is wild-caught local pigeon.
296,1703,5,28,108,141,1.2695035460992907,0.04373568096734234,627,would you like to see our take out menu?
416,1703,5,28,108,141,1.2695035460992907,0.04373568096734234,627,Is our smoking section not to your liking?
485,1703,8,22,111,141,1.2695035460992907,0.04708249311005425,627,I'll prepare your order to go.
552,1703,5,28,108,141,1.2695035460992907,0.04373568096734234,627,"My apologies, folks, but we are no longer permitted to serve alcohol on the patio."
594,1703,5,28,108,141,1.2695035460992907,0.04373568096734234,627,I wouldn't recommend anything too heavy.
704,1703,4,30,107,141,1.2695035460992907,0.04256163374546885,627,The pigeon is especially fresh.
718,1703,0,38,103,141,1.2695035460992907,0.03749965568786678,627,"The prices are pretty steep, here."
809,1703,4,30,107,141,1.2695035460992907,0.04256163374546885,627,AirBnb with an AirRestaurant.  What will they think of next?
1126,1703,6,26,109,141,1.2695035460992907,0.04487902530437653,627,Our special today is Free Range Pigeon. Locally sourced.
1334,1703,7,24,110,141,1.2695035460992907,0.0459939565037037,627,"You know, these hipster restaurants are getting to be a bit too much."
1336,1703,6,26,109,141,1.2695035460992907,0.04487902530437653,627,Our wine flights are to die for.
1563,1703,5,28,108,141,1.2695035460992907,0.04373568096734234,627,You are the one that said you liked high-end dining.
2659,1703,6,26,109,141,1.2695035460992907,0.04487902530437653,627,"Actually, not everything on the menu is to die for."
1921,1703,4,30,107,141,1.2695035460992907,0.04256163374546885,627,"At this table, we limit you to one glass of wine."
32,1703,5,28,108,141,1.2695035460992907,0.04373568096734234,627,You did ask for alfresco dining with a great view!
30,1740,7,25,113,145,1.2689655172413794,0.04512134810664488,627,I recommend the buffet.
165,1740,7,25,113,145,1.2689655172413794,0.04512134810664488,627,Is that alfresco enough?
3102,1742,5,27,106,138,1.2681159420289856,0.044286191993398845,627,"Word travels fast, don't even think of telling him your wallets in the car."
1289,1742,4,29,105,138,1.2681159420289856,0.04307528616827969,627,and after dessert you can take a selfie with Dealey Plaza and the grassy knoll in the background
6394,1744,4,30,108,142,1.267605633802817,0.04230343670367706,627,"Please be aware that if you should drop your knife or fork, you may see an extra charge on your bill - for manslaughter."
3325,1744,6,26,110,142,1.267605633802817,0.044602253291466165,627,"The New Yorker review said we were 'edgy'."""
3718,1744,7,24,111,142,1.267605633802817,0.04570832658874256,627,The pigeon tartar is very fresh.
3943,1744,6,26,110,142,1.267605633802817,0.044602253291466165,627,Would you prefer the non smoking area?
4118,1744,4,30,108,142,1.267605633802817,0.04230343670367706,627,Mmm. What goes with guano?
4375,1744,8,22,112,142,1.267605633802817,0.046788259642886874,627,I take it you didn’t tip the maitre’d
4663,1744,4,30,108,142,1.267605633802817,0.04230343670367706,627,"When you said the restaurant was edgy, I thought you were referring to the food."
4885,1744,8,22,112,142,1.267605633802817,0.046788259642886874,627,'You OK? You Seem Edgy.'
5191,1744,10,18,114,142,1.267605633802817,0.04887659442048197,627,"If you drop your utensil, we have to charge you $5. And the NYPD could charge you with involuntary manslaughter."
5208,1744,10,18,114,142,1.267605633802817,0.04887659442048197,627,The chef recommends the pigeon in tarragon jellly
5282,1744,3,32,107,142,1.267605633802817,0.041105846738328664,627,You did request a table with a view of the city
5519,1744,8,22,112,142,1.267605633802817,0.046788259642886874,627,"I have to pee, what should I do?"
5624,1744,4,30,108,142,1.267605633802817,0.04230343670367706,627,Would you care to hear about our locally caught squab?
5931,1744,8,22,112,142,1.267605633802817,0.046788259642886874,627,May I suggest a farm-to-drone-to-table appetizer to start?
5973,1744,5,28,109,142,1.267605633802817,0.04346804432924327,627,"Sir, is this enough fresh air for you at last??"
6230,1744,8,22,112,142,1.267605633802817,0.046788259642886874,627,What did you expect when you came to The Ledge Restaurant?
6270,1744,3,32,107,142,1.267605633802817,0.041105846738328664,627,"Unfortunately, we're all afraid of heights, but the owner's cat will be out with your order shortly."
3200,1744,5,28,109,142,1.267605633802817,0.04346804432924327,627,"Be that as it may sir, we will be serving you from the right side"
5257,1744,6,26,110,142,1.267605633802817,0.044602253291466165,627,I love your idea of a risky relationship honey
3153,1744,9,20,113,142,1.267605633802817,0.047843822603103554,627,How’s that “dining al fresco” working for you?
4706,1744,4,30,108,142,1.267605633802817,0.04230343670367706,627,"I'm going out on a ledge here, but I think you'll really like the chefs special tonight."
2770,1744,2,34,106,142,1.267605633802817,0.039872302607297704,627,"Really helps distract from the feeling of impending doom, don’t you think?"
3103,1744,8,22,112,142,1.267605633802817,0.046788259642886874,627,Thanks for staying at our AirBnB. This is the rooftop dining event. Mom’s cooking the specials in the kitchen.
12,1744,5,28,109,142,1.267605633802817,0.04346804432924327,627,"So this is what they meant by ""edgy""."
52,1744,5,28,109,142,1.267605633802817,0.04346804432924327,627,"I'd recommend the fish, and not looking down."
442,1744,7,24,111,142,1.267605633802817,0.04570832658874256,627,"Here at Cafe Al Fresco, besides the pasta, we specialize in wills and estate planning."
902,1744,5,28,109,142,1.267605633802817,0.04346804432924327,627,Leave a tip this time.
920,1744,6,26,110,142,1.267605633802817,0.044602253291466165,627,The chef recommends that you sit still while I order the crane.
924,1744,7,24,111,142,1.267605633802817,0.04570832658874256,627,Crap. I forgot the ring.
1556,1744,6,26,110,142,1.267605633802817,0.044602253291466165,627,"I don’t care how crowded they are, I reserved a table by the window."
1659,1744,6,26,110,142,1.267605633802817,0.044602253291466165,627,And I'd like to draw especial attention to the liability waiver included with the drinks menu.
218,1744,4,30,108,142,1.267605633802817,0.04230343670367706,627,"Maybe we should not have asked for outdoor seating."""
2062,1744,6,26,110,142,1.267605633802817,0.044602253291466165,627,Would you like a little umbrella in your drink?
2103,1744,6,26,110,142,1.267605633802817,0.044602253291466165,627,The Xanax is very popular tonight.
2245,1744,7,24,111,142,1.267605633802817,0.04570832658874256,627,"Correct! All dishes revolve around locally sourced, free-range pigeon."
2301,1744,6,26,110,142,1.267605633802817,0.044602253291466165,627,You did ask for a private table.
2487,1744,6,26,110,142,1.267605633802817,0.044602253291466165,627,How do you feel about leaving me no tip now?
2675,1744,6,26,110,142,1.267605633802817,0.044602253291466165,627,"As I recall , you specifically requested an out of the way table."
2745,1744,6,26,110,142,1.267605633802817,0.044602253291466165,627,The squab is free range.
1836,1744,5,28,109,142,1.267605633802817,0.04346804432924327,627,"When we say, ""it's on the house"", we mean it!"
4332,1784,7,23,109,139,1.2661870503597121,0.04631734650488074,627,The souffle will blow you away.
4444,1784,3,31,105,139,1.2661870503597121,0.04157209315192029,627,"Gulp! What does ""fall tasting menu"" mean?"
4482,1784,4,29,106,139,1.2661870503597121,0.04280774863955415,627,I'm afraid the service only goes down from here.
4483,1784,5,27,107,139,1.2661870503597121,0.04400872365954917,627,May I suggest the Bird drop soup appetizer
4591,1784,7,23,109,139,1.2661870503597121,0.04631734650488074,627,Don't worry for now. The pigeons only fly this high for dessert.
5290,1784,8,21,110,139,1.2661870503597121,0.047429537229541886,627,Welcome to Cafe Trump! You have the table with the best view and BTW most items on our menu are untrue.
5033,1784,7,23,109,139,1.2661870503597121,0.04631734650488074,627,Your durian will be here shortly.
5224,1784,5,27,107,139,1.2661870503597121,0.04400872365954917,627,Our dessert menu is 'ledge'ndary
5711,1784,7,23,109,139,1.2661870503597121,0.04631734650488074,627,"Sorry, I can't bring the menus until you've signed the waivers."
6272,1784,8,21,110,139,1.2661870503597121,0.047429537229541886,627,le pigeon is complimentary and will arrive momentarily.
4276,1784,5,27,107,139,1.2661870503597121,0.04400872365954917,627,"Try not to drop any silverware.  And oh by the way, the special today is pigeons."
6396,1784,10,17,112,139,1.2661870503597121,0.04957912696810145,627,When Siri makes your reservation for a gable for two
4603,1784,6,25,108,139,1.2661870503597121,0.045177784061393216,627,Our chicken is farm to table. Our table is indoors to ledge.
4148,1784,6,25,108,139,1.2661870503597121,0.045177784061393216,627,"In the event of rain, we ask that you use the fire escape so as not to drip on our hardwood floors"
2416,1784,9,19,111,139,1.2661870503597121,0.04851623868730769,627,"Master Bruce, I'll say it again: If you come back inside, I PROMISE to keep an eye out for the signal."
3605,1784,6,25,108,139,1.2661870503597121,0.045177784061393216,627,"Harold, I know we are on a tight budget but we don't go out that often. You should have tipped the maitre d' and helped me with my chair. Can you see my purse?"
240,1784,7,23,109,139,1.2661870503597121,0.04631734650488074,627,You're just in time for our early bird's-eye view special.
3955,1784,6,25,108,139,1.2661870503597121,0.045177784061393216,627,Dinner to die for
652,1784,4,29,106,139,1.2661870503597121,0.04280774863955415,627,I asked for a table is by the window. Who knew?
1051,1784,6,25,108,139,1.2661870503597121,0.045177784061393216,627,"If you have a quick hand, there's also a fresh squab special."
1512,1784,6,25,108,139,1.2661870503597121,0.045177784061393216,627,Tonight's special is squab.
1668,1784,7,23,109,139,1.2661870503597121,0.04631734650488074,627,Would you like some peanuts to feed the pigeons while you look over the menu?
554,1784,6,25,108,139,1.2661870503597121,0.045177784061393216,627,The special tonight is “Ledge to Table “ squab.
1968,1784,5,27,107,139,1.2661870503597121,0.04400872365954917,627,Look on the bright side:  You can pass gas out here and nobody will notice except yourselves.
2294,1784,10,17,112,139,1.2661870503597121,0.04957912696810145,627,"If you find the wine list unsatisfactory, please feel free to jump to your deaths."
2459,1784,9,19,111,139,1.2661870503597121,0.04851623868730769,627,"Perhaps this evening is turning into a dangerous liaison...May I suggest, starting with dessert?"
2898,1784,7,23,109,139,1.2661870503597121,0.04631734650488074,627,Is there anything you'd like me to start to off you with?
2949,1784,4,29,106,139,1.2661870503597121,0.04280774863955415,627,I recommend the strip steak. The pigeons hate it.
6089,1812,5,27,108,140,1.2642857142857142,0.04373459415815174,627,Feel free to help yourselves to the buffet table just around the corner
5595,1812,7,23,110,140,1.2642857142857142,0.04602460833093375,627,"Yes, sir, the pigeon is quite fresh."
5557,1812,6,25,109,140,1.2642857142857142,0.044894205072559736,627,I don't recommend the meatballs.
5481,1812,9,19,112,140,1.2642857142857142,0.04820595832315205,627,"Well, you're the one who insisted on a table by a window . . ."
5305,1812,4,29,107,140,1.2642857142857142,0.04254338730354498,627,I told you - your brother doesn’t like me.
5131,1812,5,27,108,140,1.2642857142857142,0.04373459415815174,627,"For your first course, might I recommend a soufflé that has not yet fallen?"
4659,1812,5,27,108,140,1.2642857142857142,0.04373459415815174,627,Our special tonight is the egg-drop soup.
4355,1812,6,25,109,140,1.2642857142857142,0.044894205072559736,627,I can’t help but feel a little on edge.
4082,1812,7,23,110,140,1.2642857142857142,0.04602460833093375,627,I'm ready to  move to the suburbs.
3258,1812,5,27,108,140,1.2642857142857142,0.04373459415815174,627,"Yes, the squab is very local."
2544,1812,3,31,106,140,1.2642857142857142,0.041317851835987615,627,I recommend the squab.
2569,1812,5,27,108,140,1.2642857142857142,0.04373459415815174,627,Would you care to adjust your tip?
2512,1812,7,23,110,140,1.2642857142857142,0.04602460833093375,627,I wonder why the menu doesn’t have a kids section
2508,1812,6,25,109,140,1.2642857142857142,0.044894205072559736,627,"The squab is free-range and locally sourced.""  -Stephen Raphaelson West, Laurel MD, markellorhighwater@gmail.com, 301 725 937"
1884,1812,3,31,106,140,1.2642857142857142,0.041317851835987615,627,You requested a table near the window.
565,1812,4,29,107,140,1.2642857142857142,0.04254338730354498,627,I simply asked for corner window table
418,1812,5,27,108,140,1.2642857142857142,0.04373459415815174,627,I recommend the pigeon.
3055,1812,4,29,107,140,1.2642857142857142,0.04254338730354498,627,We take the idea of 'haute cuisine' very seriously.
4602,1830,8,20,109,137,1.2627737226277371,0.04778259701132749,627,It was either this or the kitchen door.
4634,1830,4,28,105,137,1.2627737226277371,0.0430558677687934,627,"Frankly, I was expecting the other sort of haute cuisine."
4636,1830,5,26,106,137,1.2627737226277371,0.044284872770276734,627,"I think the twelfth floor had
better ambiance"
4886,1830,6,24,107,137,1.2627737226277371,0.045480679010271745,627,"In this case, I would support a Wall."
4801,1830,5,26,106,137,1.2627737226277371,0.044284872770276734,627,"Are you ready to make up, or do you still need a few minutes?"
4540,1830,8,20,109,137,1.2627737226277371,0.04778259701132749,627,You did request the no tipping area.
4938,1830,7,22,108,137,1.2627737226277371,0.04664583979511086,627,Reservations are for wimps.
5034,1830,7,22,108,137,1.2627737226277371,0.04664583979511086,627,"The 'Ledge Special' dinner for two includes, Fricassee of Pigeon, wine flights, and a birds-eye view of the city !"
4716,1830,4,28,105,137,1.2627737226277371,0.0430558677687934,627,Yeah. It's up to Code. Enforced by the Law of Gravity.
4495,1830,6,24,107,137,1.2627737226277371,0.045480679010271745,627,I think having Pigeon on the menu is pushing it a little too far.
4161,1830,4,28,105,137,1.2627737226277371,0.0430558677687934,627,The Cabernet would pair nicely with the pigeon pie.
4363,1830,8,20,109,137,1.2627737226277371,0.04778259701132749,627,Perhaps next time you'll leave us a better review?
4304,1830,5,26,106,137,1.2627737226277371,0.044284872770276734,627,You’d be best served to try to ignore those invitations to just jump already.
5107,1830,6,24,107,137,1.2627737226277371,0.045480679010271745,627,This wasn’t what I had in mind when you said high-class dining.
4160,1830,7,22,108,137,1.2627737226277371,0.04664583979511086,627,"Well Harold, this is the last time I let you make the reservations!"
4113,1830,8,20,109,137,1.2627737226277371,0.04778259701132749,627,The Scream Brullet pairs well with the Stag's Leap.
4008,1830,4,28,105,137,1.2627737226277371,0.0430558677687934,627,Drinks? Or shall I talk you off the ledge first?
3968,1830,3,30,104,137,1.2627737226277371,0.041790735125958815,627,I'd recommend the parachute. I packed it myself.
3852,1830,5,26,106,137,1.2627737226277371,0.044284872770276734,627,I recommend the pigeon a l'orange.
3791,1830,5,26,106,137,1.2627737226277371,0.044284872770276734,627,"I’d recommend the soufflé, it requires little movement to consume!"
3705,1830,3,30,104,137,1.2627737226277371,0.041790735125958815,627,Good luck dining and dashing this time ...
4456,1830,6,24,107,137,1.2627737226277371,0.045480679010271745,627,Safety and comfort are so 2015
5247,1830,5,26,106,137,1.2627737226277371,0.044284872770276734,627,"The braciole is baked to perfection, bathed in a fine marinara and then lowered by crane."
5600,1830,6,24,107,137,1.2627737226277371,0.045480679010271745,627,"Due to government overreach, I am prohibited from standing on the ledge to take your dinner order."
5521,1830,4,28,105,137,1.2627737226277371,0.0430558677687934,627,A lot of people feel that way on their first date.
6490,1830,5,26,106,137,1.2627737226277371,0.044284872770276734,627,Our early bird special is straight ahead.
6462,1830,6,24,107,137,1.2627737226277371,0.045480679010271745,627,I heard their chocolate cake is to die for.
6411,1830,6,24,107,137,1.2627737226277371,0.045480679010271745,627,May I suggest Al's Fresco?
6320,1830,3,30,104,137,1.2627737226277371,0.041790735125958815,627,"No, no—generally there’s no tipping until after the meal."
6292,1830,5,26,106,137,1.2627737226277371,0.044284872770276734,627,I trust this table is quiet and intimate enough for Madame et Monsieur.
6273,1830,3,30,104,137,1.2627737226277371,0.041790735125958815,627,"Look, we're just an air b and b."
6123,1830,5,26,106,137,1.2627737226277371,0.044284872770276734,627,"So, you would both like the pigeon?"
6119,1830,4,28,105,137,1.2627737226277371,0.0430558677687934,627,"Oh, I thought you wanted a 'LEDGE Salad.'"
6081,1830,6,24,107,137,1.2627737226277371,0.045480679010271745,627,You want another highball?
5957,1830,3,30,104,137,1.2627737226277371,0.041790735125958815,627,"The view, I'm told, is breathtaking"
5499,1830,8,20,109,137,1.2627737226277371,0.04778259701132749,627,Happy hour is over.  You'll need to come inside and pay full price.
5951,1830,7,22,108,137,1.2627737226277371,0.04664583979511086,627,GIVES NEW MEANING TO LIVING ON THE EDGE”
5909,1830,4,28,105,137,1.2627737226277371,0.0430558677687934,627,the house specialty is roast pigeon- ledge raised and very fresh
5884,1830,8,20,109,137,1.2627737226277371,0.04778259701132749,627,When you reserved a table outside did they tell you they were on the 15th floor?
5869,1830,6,24,107,137,1.2627737226277371,0.045480679010271745,627,You may find the food a little edgy here.
5826,1830,6,24,107,137,1.2627737226277371,0.045480679010271745,627,"You pick the pigeon, we do the cooking."
5812,1830,8,20,109,137,1.2627737226277371,0.04778259701132749,627,"You do realize, Sir, I will not be able to serve Madame."
5771,1830,4,28,105,137,1.2627737226277371,0.0430558677687934,627,"And as your experience comes to a close, feel free to drop any remaining morsels below to our faithful and ever-growing clowder of alley cats!"
5738,1830,6,24,107,137,1.2627737226277371,0.045480679010271745,627,"I hope you don't mind that Linda, party of 20, will be joining you two on the deck this evening."
5672,1830,7,22,108,137,1.2627737226277371,0.04664583979511086,627,Well you did ask for an outside view.
3662,1830,5,26,106,137,1.2627737226277371,0.044284872770276734,627,They take ‘living on the edge’ way too literally.
5541,1830,6,24,107,137,1.2627737226277371,0.045480679010271745,627,They said the restaurant was edgy.
5942,1830,6,24,107,137,1.2627737226277371,0.045480679010271745,627,"Oddly, no, pigeon is not on the menu."
3651,1830,4,28,105,137,1.2627737226277371,0.0430558677687934,627,Did monsieur drop the wine list again?
6171,1830,3,30,104,137,1.2627737226277371,0.041790735125958815,627,Maybe they don't like your last review.
3443,1830,5,26,106,137,1.2627737226277371,0.044284872770276734,627,"Tipping is entirely optional, of course."
1323,1830,6,24,107,137,1.2627737226277371,0.045480679010271745,627,"For once and all, is this edgy enough for you?"
1270,1830,8,20,109,137,1.2627737226277371,0.04778259701132749,627,Don’t look down. It’s bad for your digestion.
1268,1830,8,20,109,137,1.2627737226277371,0.04778259701132749,627,The manager says you must pay in advance for your 3 minute egg!
1144,1830,6,24,107,137,1.2627737226277371,0.045480679010271745,627,"For your own safety, we water down the drinks."
1124,1830,8,20,109,137,1.2627737226277371,0.04778259701132749,627,You pay for the view
1088,1830,3,30,104,137,1.2627737226277371,0.041790735125958815,627,We are known for our edgy cuisine.
1040,1830,6,24,107,137,1.2627737226277371,0.045480679010271745,627,"We find that if patrons are afraid of falling, they won't be glued to their phones the whole meal."
974,1830,5,26,106,137,1.2627737226277371,0.044284872770276734,627,Let's order something edgy!
754,1830,6,24,107,137,1.2627737226277371,0.045480679010271745,627,And how is Mr. Big Tipper enjoying the view from our new al fresco section.
1366,1830,6,24,107,137,1.2627737226277371,0.045480679010271745,627,The special tonight is fresh pigeon dusted with the soot of your choice.
728,1830,5,26,106,137,1.2627737226277371,0.044284872770276734,627,This time please tip at least 20%
206,1830,8,20,109,137,1.2627737226277371,0.04778259701132749,627,"Sorry, we're out of wings."
202,1830,4,28,105,137,1.2627737226277371,0.0430558677687934,627,Would you like to look down at our wine list?
181,1830,5,26,106,137,1.2627737226277371,0.044284872770276734,627,That's the third busboy we've lost this week.
166,1830,7,22,108,137,1.2627737226277371,0.04664583979511086,627,May I make a suggestion that you not move an inch?
148,1830,7,22,108,137,1.2627737226277371,0.04664583979511086,627,"Welcome to our Alfresco dining challenge""!  ""I'm Sergio, I'll be your paramedic this evening!"""
111,1830,7,22,108,137,1.2627737226277371,0.04664583979511086,627,Why is everything downsizing now?
76,1830,7,22,108,137,1.2627737226277371,0.04664583979511086,627,Tonight's specials are Ratatouille and Squab.
7,1830,6,24,107,137,1.2627737226277371,0.045480679010271745,627,Our poultry is locally sourced from that ledge over there.
3537,1830,6,24,107,137,1.2627737226277371,0.045480679010271745,627,NOWAY WE CAN BOLT ON THE BILL
435,1830,9,18,110,137,1.2627737226277371,0.04889293184196156,627,"This evening's specials include locally sourced, popcorn fed pigeon..."
1396,1830,7,22,108,137,1.2627737226277371,0.04664583979511086,627,How are you enjoying the Gluten Free section?
1254,1830,5,26,106,137,1.2627737226277371,0.044284872770276734,627,It's our last rooftop table.
1550,1830,7,22,108,137,1.2627737226277371,0.04664583979511086,627,I guess we'll never take the overflow seating again.
3442,1830,5,26,106,137,1.2627737226277371,0.044284872770276734,627,That's what living on the edge is all about
3268,1830,7,22,108,137,1.2627737226277371,0.04664583979511086,627,The chef asked if you are still unhappy with your meal?
3105,1830,3,30,104,137,1.2627737226277371,0.041790735125958815,627,Haute cuisine in New York......
3031,1830,6,24,107,137,1.2627737226277371,0.045480679010271745,627,Does anyone in your party have allergies or acrophobia?
1448,1830,8,20,109,137,1.2627737226277371,0.04778259701132749,627,"The specials tonight are fall, plunge or quick descent."
2520,1830,7,22,108,137,1.2627737226277371,0.04664583979511086,627,I can't believe we got a table at Lin Manuel Miranda's new restaurant!
2383,1830,7,22,108,137,1.2627737226277371,0.04664583979511086,627,"Not near the kitchen, you said.  I want a table near a window, you said.  And the special today is fresh squab salad."
2261,1830,6,24,107,137,1.2627737226277371,0.045480679010271745,627,"Yelp search ""Edgy restaurants with a view"""
2258,1830,6,24,107,137,1.2627737226277371,0.045480679010271745,627,You asked for a table away from the kitchen!
2186,1830,4,28,105,137,1.2627737226277371,0.0430558677687934,627,Your appetizers this evening shall be Pigeon Tartare. They should be arriving shortly.
2982,1830,7,22,108,137,1.2627737226277371,0.04664583979511086,627,Never worried so much about a tip in my life!
1778,1830,5,26,106,137,1.2627737226277371,0.044284872770276734,627,Tips are not included in the bill.
1772,1830,5,26,106,137,1.2627737226277371,0.044284872770276734,627,I am sorry but we don't allow outside food.
1768,1830,5,26,106,137,1.2627737226277371,0.044284872770276734,627,"Im afraid we no longer offer wine in light of a rather unfortunate insurance history."""
1746,1830,4,28,105,137,1.2627737226277371,0.0430558677687934,627,"The expression is out on a LIMB, Harold."
1708,1830,5,26,106,137,1.2627737226277371,0.044284872770276734,627,So exactly what part of 'al fresco' do you have a problem with?
1597,1830,7,22,108,137,1.2627737226277371,0.04664583979511086,627,You said you wanted a taste of the high life...
1699,1830,5,26,106,137,1.2627737226277371,0.044284872770276734,627,You did say 'somewhere cool and edgy'...
1628,1830,7,22,108,137,1.2627737226277371,0.04664583979511086,627,"I'm just surprised at how pedestrian the wine list is, that's all"
2328,1924,4,29,108,141,1.2624113475177305,0.04228214929529463,627,"Are you ready to order, or do you want to wait for your cat?"
1895,1925,5,24,101,130,1.2615384615384615,0.04575458392739736,627,Next time  - don't forget to slip the maitre d' a few bucks.
6174,1926,4,27,103,134,1.2611940298507462,0.043586678067389806,627,Couldn’t you have written a better review
5978,1926,5,25,104,134,1.2611940298507462,0.04485553873920508,627,Maybe we should have taken the table by the men's room.
6255,1926,5,25,104,134,1.2611940298507462,0.04485553873920508,627,"Any moment now, we'll be featuring our locally sourced pigeon."
3944,1926,6,23,105,134,1.2611940298507462,0.04608948042903473,627,Did you say this was our last supper?
5830,1926,8,19,107,134,1.2611940298507462,0.04846320158106015,627,"If you like the view, you will love the loo."
5577,1926,5,25,104,134,1.2611940298507462,0.04485553873920508,627,I told you we should have come early
4754,1926,4,27,103,134,1.2611940298507462,0.043586678067389806,627,We were lucky to get the last table.
4339,1926,6,23,105,134,1.2611940298507462,0.04608948042903473,627,Should I bring some bread for the pigeons?
4293,1926,5,25,104,134,1.2611940298507462,0.04485553873920508,627,"For that measly $20 tip, this is the best window seat in the house."
4254,1926,9,17,108,134,1.2611940298507462,0.04960748691599403,627,"Yes, I do remember your tip last week."
4195,1926,9,17,108,134,1.2611940298507462,0.04960748691599403,627,Would you care for a cocktail while you wait for the other couple to join you?
3948,1926,4,27,103,134,1.2611940298507462,0.043586678067389806,627,"Yes, our pidgeon is very fresh today."
6505,1926,5,25,104,134,1.2611940298507462,0.04485553873920508,627,"Look, we can see Connecticut from here"
3367,1926,5,25,104,134,1.2611940298507462,0.04485553873920508,627,My little sister said the restaurant was edgy
5911,1926,8,19,107,134,1.2611940298507462,0.04846320158106015,627,"Sorry to interrupt, but this isn't what we meant we when said we're edgy."
2430,1926,5,25,104,134,1.2611940298507462,0.04485553873920508,627,That waiter really has me on edge.
2356,1926,4,27,103,134,1.2611940298507462,0.043586678067389806,627,"Dear,  you've never been so edgy!"
2182,1926,4,27,103,134,1.2611940298507462,0.043586678067389806,627,This section of the restaurant is alcohol-free.
1744,1926,5,25,104,134,1.2611940298507462,0.04485553873920508,627,"It's the best view in the city, though I do recommend you go easy on the wine."
1527,1926,7,21,106,134,1.2611940298507462,0.04729123657563231,627,Your relationship is doomed.  Would you like to hear our special for tonight?
1474,1926,7,21,106,134,1.2611940298507462,0.04729123657563231,627,"We hope your dining experience at Trump Tower is a horrifying, dread-laden and regretful experience. That will be $10,000, plus tip."
1344,1926,6,23,105,134,1.2611940298507462,0.04608948042903473,627,I think these pop-up restaurants are taking themselves too literally
975,1926,4,27,103,134,1.2611940298507462,0.043586678067389806,627,"The Yelp review said something about ""the edgy menu"""
664,1926,6,23,105,134,1.2611940298507462,0.04608948042903473,627,You seem on edge.
417,1926,4,27,103,134,1.2611940298507462,0.043586678067389806,627,May we recommend the free range pigeon?
3023,1926,6,23,105,134,1.2611940298507462,0.04608948042903473,627,Would you like rain water with that?
4116,1952,2,30,99,131,1.2595419847328244,0.04139066171519377,627,"Sir, you specifically requested that you would prefer outside seating."
5080,1953,10,15,110,135,1.2592592592592593,0.05038597618620604,627,Will you be jumping before or after dinner
3060,1953,5,25,105,135,1.2592592592592593,0.04456405500702562,627,I believe you will find our cuisine to be the edgiest in the city.
4971,1953,4,27,104,135,1.2592592592592593,0.04330585040333075,627,"So, smoke then!"
2306,1956,5,24,103,132,1.2575757575757576,0.04514506409940063,627,Don't worry. There's no tipping.
647,1956,5,24,103,132,1.2575757575757576,0.04514506409940063,627,"Our specials today are Caesar salad,steak Diane,baked Alaska,and bananas foster,all prepared ledge side, but before you order, please be aware I have a wife and young children."
1347,1956,7,20,105,132,1.2575757575757576,0.047638195332599,627,"If you fall off, then your next meal is free."
1726,1956,4,26,102,132,1.2575757575757576,0.04384536910022607,627,The view is great but I'm on edge about the prices.
2040,1956,5,24,103,132,1.2575757575757576,0.04514506409940063,627,Will Sir be requiring a net ?
2122,1956,4,26,102,132,1.2575757575757576,0.04384536910022607,627,"Next time, don’t complain about smelling truffle oil until we’re already seated."
2199,1956,5,24,103,132,1.2575757575757576,0.04514506409940063,627,What would you like to drink before taking the plunge?
3619,1956,7,20,105,132,1.2575757575757576,0.047638195332599,627,Just a reminder we need the ledge at 9:30 for pigeons.
3986,1956,6,22,104,132,1.2575757575757576,0.046408374605699396,627,My ex-wife? We had a falling out.
4055,1956,5,24,103,132,1.2575757575757576,0.04514506409940063,627,"A dream of a summer dinner for the urban locavore, this exclusive farm table atop your building is among the most coveted in Manhattan, with a menu that changes daily and ingredients sourced from the organic ground-floor farm."
6375,1956,4,26,102,132,1.2575757575757576,0.04384536910022607,627,"Monsieur said he wanted a special table and his wife, and I quote, ""Eats like a bird."""
2943,1967,5,24,104,133,1.255639097744361,0.044846178122827915,627,The view is good but I've seen better!
3286,1967,3,28,102,133,1.255639097744361,0.04222957919656456,627,You think your table is high?  Wait until you see the specials.
3922,1967,5,24,104,133,1.255639097744361,0.044846178122827915,627,You should have thought twice before giving that one star review.
5897,1967,6,22,105,133,1.255639097744361,0.04609881624051918,627,"Someone named ""Mueller"" said he might be able to get you a better table..."
6112,1967,5,24,104,133,1.255639097744361,0.044846178122827915,627,Does he dare bring us the wine list?
2380,1967,3,28,102,133,1.255639097744361,0.04222957919656456,627,This IS the private corner table with a view you requested.
5668,1967,6,22,105,133,1.255639097744361,0.04609881624051918,627,I am not going to go out on a ledge here but I would recommend the fresh salmon.
2171,1967,7,20,106,133,1.255639097744361,0.04731830539368354,627,This is gargoyle seating.
4654,1967,5,24,104,133,1.255639097744361,0.044846178122827915,627,After all these years darling why do you want to play footsie?
1816,1967,7,20,106,133,1.255639097744361,0.04731830539368354,627,"When you said the maitre d knew you, I should have asked if he liked."
1577,1967,4,26,103,133,1.255639097744361,0.043557531216445955,627,The wild squab was caught locally this morning.
1230,1967,6,22,105,133,1.255639097744361,0.04609881624051918,627,"Sir, by the third martini, the chair will feel entirely normal."
1059,1967,5,24,104,133,1.255639097744361,0.044846178122827915,627,Well - You said  you wanted a table by the window.
785,1967,7,20,106,133,1.255639097744361,0.04731830539368354,627,"Let's start with 
The Sliders"
2101,1967,2,30,101,133,1.255639097744361,0.040858489846862585,627,This table is usually reserved for Batman and Robin.
1823,1982,2,31,104,137,1.2554744525547445,0.04016549742467818,627,Our special tonight is the Parasciutto Cotto.
4529,1983,4,25,101,130,1.2538461538461538,0.044105822846975215,627,Next year we are planning to add a railing
4395,1983,6,21,103,130,1.2538461538461538,0.046731625028052344,627,Why Yes.....pigeon is on the menu this evening
4336,1983,5,23,102,130,1.2538461538461538,0.04543769573146975,627,I’m going to go out on a ledge and say you want to hear tonight’s specials.
4331,1983,4,25,101,130,1.2538461538461538,0.044105822846975215,627,So... How's the view?
4277,1983,4,25,101,130,1.2538461538461538,0.044105822846975215,627,"There's still a corking fee, sir."
4244,1983,5,23,102,130,1.2538461538461538,0.04543769573146975,627,You reserved a rooftop table.
4228,1983,3,27,100,130,1.2538461538461538,0.04273245867758954,627,"Indeed , there is no need for a large menu when senses are heightened"
3344,1983,3,27,100,130,1.2538461538461538,0.04273245867758954,627,One of you will leave here happy. I am 50 / 50 at talking people off this ledge.
3735,1983,6,21,103,130,1.2538461538461538,0.046731625028052344,627,We're known for our atmosphere
3761,1983,4,25,101,130,1.2538461538461538,0.044105822846975215,627,"We recommend the breast of pigeon.  Very fresh.  And apropos, too - a return to its roost on the roof, as it were."
4545,1983,5,23,102,130,1.2538461538461538,0.04543769573146975,627,I'll have the Perch
3647,1983,6,21,103,130,1.2538461538461538,0.046731625028052344,627,Their reservation for Mr. and Mrs. Pigeon makes complete sense now.
3566,1983,7,19,104,130,1.2538461538461538,0.04799067995079202,627,"Indeed, we did see your last Yelp rating..."
3550,1983,6,21,103,130,1.2538461538461538,0.046731625028052344,627,"Yes Mrs. Huckabee-Sanders I want you to feel at home, I mean at the White House, out on a ledge without a net."
3528,1983,5,23,102,130,1.2538461538461538,0.04543769573146975,627,Are you enjoying dining al fresco extreme?
3468,1983,6,21,103,130,1.2538461538461538,0.046731625028052344,627,I dare you to tip over 20%.
3376,1983,3,27,100,130,1.2538461538461538,0.04273245867758954,627,"If it's good enough for Tom Cruise, it's good enough for you."
3788,1983,6,21,103,130,1.2538461538461538,0.046731625028052344,627,"Yes, that's correct. 'Yelp'  describes us an 'edgy restaurant.'"
4610,1983,6,21,103,130,1.2538461538461538,0.046731625028052344,627,Will this be your Last Supper?
5185,1983,5,23,102,130,1.2538461538461538,0.04543769573146975,627,"If you drink responsibly, I can recommend a nice Merlot."
4823,1983,5,23,102,130,1.2538461538461538,0.04543769573146975,627,"Sorry, at this table we only serve decaf."
6466,1983,6,21,103,130,1.2538461538461538,0.046731625028052344,627,This isn't my idea of dining al fresco.
6347,1983,3,27,100,130,1.2538461538461538,0.04273245867758954,627,It's your last meal--order anything you want.
6338,1983,7,19,104,130,1.2538461538461538,0.04799067995079202,627,I'm on the edge about what to order.
6233,1983,4,25,101,130,1.2538461538461538,0.044105822846975215,627,Perhaps we shouldn't have insisted on an outside table.
6140,1983,4,25,101,130,1.2538461538461538,0.044105822846975215,627,This table is reserved for people who are passing gas
6082,1983,4,25,101,130,1.2538461538461538,0.044105822846975215,627,My bad. I thought you said “living on the ledge.”
5991,1983,6,21,103,130,1.2538461538461538,0.046731625028052344,627,How is your bird's nest soup?
5990,1983,10,13,107,130,1.2538461538461538,0.05158378732964401,627,I'm afraid we'll have to turn the table over at 8:00.
5926,1983,6,21,103,130,1.2538461538461538,0.046731625028052344,627,"Welcome to Le Acro'phobia. For this evening I suggest starting with a deep breath, a hard focus on your menu and good weight distribution across your seat."
5665,1983,6,21,103,130,1.2538461538461538,0.046731625028052344,627,Don't order the pigeon.
5580,1983,6,21,103,130,1.2538461538461538,0.046731625028052344,627,Our pigeon pie is to die for.
5525,1983,6,21,103,130,1.2538461538461538,0.046731625028052344,627,"Yes, this IS our ""smoking permitted"" section."
5460,1983,4,25,101,130,1.2538461538461538,0.044105822846975215,627,Might I suggest the freshly-caught pigeon?
5385,1983,6,21,103,130,1.2538461538461538,0.046731625028052344,627,"No worries, hun. The waiter will get you another napkin."
5370,1983,7,19,104,130,1.2538461538461538,0.04799067995079202,627,"Sir, the a party of pigeons has reserved this table."
5335,1983,5,23,102,130,1.2538461538461538,0.04543769573146975,627,Would you prefer separate tables?
5240,1983,6,21,103,130,1.2538461538461538,0.046731625028052344,627,May I suggest some aides?
4790,1983,5,23,102,130,1.2538461538461538,0.04543769573146975,627,"Should the market turn around before you complete your meal, you can always come back in through the window."
3253,1983,2,29,99,130,1.2538461538461538,0.04131346560451004,627,"Yes, the squab is fresh"
3832,1983,4,25,101,130,1.2538461538461538,0.044105822846975215,627,"I do apologize for the draft, but the gentleman did ask for a table with a view."
3179,1983,7,19,104,130,1.2538461538461538,0.04799067995079202,627,You did ask to be seated away from the kitchen.
1436,1983,3,27,100,130,1.2538461538461538,0.04273245867758954,627,What do you mean you’re not hungry? I went out on a limb for you to get this table
1406,1983,3,27,100,130,1.2538461538461538,0.04273245867758954,627,"I thought you said the restaurant was cutting ""edge""."
1317,1983,5,23,102,130,1.2538461538461538,0.04543769573146975,627,"If you can't see your menu dear, push your chair back. I already know what I want."
1215,1983,5,23,102,130,1.2538461538461538,0.04543769573146975,627,Welcome to the Ledge.  As you can see our menu is cutting edge.  May I suggest a high ball to begin?
1159,1983,6,21,103,130,1.2538461538461538,0.046731625028052344,627,Perhaps I underestimated those reviews that warned about the eavesdropping
1138,1983,4,25,101,130,1.2538461538461538,0.044105822846975215,627,It's the freshest pigeon in the city.
961,1983,5,23,102,130,1.2538461538461538,0.04543769573146975,627,Not exactly what I meant when I said I wanted an edgier dining experience.
855,1983,7,19,104,130,1.2538461538461538,0.04799067995079202,627,What would you like for your Last Supper?
747,1983,4,25,101,130,1.2538461538461538,0.044105822846975215,627,At least we're not by the kitchen.
654,1983,4,25,101,130,1.2538461538461538,0.044105822846975215,627,The reviews don't call us edgy for nothing...
288,1983,6,21,103,130,1.2538461538461538,0.046731625028052344,627,Don't sneeze.
253,1983,8,17,105,130,1.2538461538461538,0.0492175369814075,627,Our special for tonight is trampoline.
224,1983,6,21,103,130,1.2538461538461538,0.046731625028052344,627,This is what happens when you ask for free bread a third time. Ask a fourth time. Please. I'm begging you.
127,1983,3,27,100,130,1.2538461538461538,0.04273245867758954,627,A night out on the townhouse?
50,1983,7,19,104,130,1.2538461538461538,0.04799067995079202,627,It must have been a different Open Table that I reserved on
0,1983,8,17,105,130,1.2538461538461538,0.0492175369814075,627,The pidgeon is very fresh.
3226,1983,3,27,100,130,1.2538461538461538,0.04273245867758954,627,"OK, you made your point.... You are a good listener, and yes, I did say I wanted a guy who prefers living on the edge."
1541,1983,5,23,102,130,1.2538461538461538,0.04543769573146975,627,Tonight's special is Roasted Pigeon
1560,1983,9,15,106,130,1.2538461538461538,0.05041454681828528,627,"Next time, don't insist on a table near the window!"
173,1983,6,21,103,130,1.2538461538461538,0.046731625028052344,627,May I recommend the fire escape?
1764,1983,4,25,101,130,1.2538461538461538,0.044105822846975215,627,And please make sure you send compliments to the Chef.
3143,1983,5,23,102,130,1.2538461538461538,0.04543769573146975,627,They asked for straws.
1625,1983,4,25,101,130,1.2538461538461538,0.044105822846975215,627,Just don’t argue with the wine steward.
3142,1983,8,17,105,130,1.2538461538461538,0.0492175369814075,627,You ordered squab.  You'll find the freshest ones land at your feet.  We'll take it from there.
3043,1983,4,25,101,130,1.2538461538461538,0.044105822846975215,627,You said you wanted a table with a great view.
2936,1983,2,29,99,130,1.2538461538461538,0.04131346560451004,627,The best looking couple is always seated out front to encourage street traffic.
2811,1983,7,19,104,130,1.2538461538461538,0.04799067995079202,627,This is the last time I trust a restaurant review from the Ledger.
2784,1983,4,25,101,130,1.2538461538461538,0.044105822846975215,627,Our insurance requires that we give  you paper plates and plastic utensils.
2628,1983,4,25,101,130,1.2538461538461538,0.044105822846975215,627,"Ah, I see you've ordered the Chef's ""surprise."""
2750,1983,2,29,99,130,1.2538461538461538,0.04131346560451004,627,We've taken plein air dining to new heights.
2525,1983,5,23,102,130,1.2538461538461538,0.04543769573146975,627,We were lucky they had a cancellation.
2499,1983,5,23,102,130,1.2538461538461538,0.04543769573146975,627,I strongly recommend one the more well balanced meals
2319,1983,6,21,103,130,1.2538461538461538,0.046731625028052344,627,We have a tip up-front policy for obvious reasons.
2252,1983,7,19,104,130,1.2538461538461538,0.04799067995079202,627,"I guess this is where they put ""Fake News"" people."
2116,1983,4,25,101,130,1.2538461538461538,0.044105822846975215,627,"Well, this is the ONLY table we have with wifi."
2075,1983,2,29,99,130,1.2538461538461538,0.04131346560451004,627,Well Yelp did say it was kind of edgy.
1931,1983,5,23,102,130,1.2538461538461538,0.04543769573146975,627,Enjoying your table by the window?
2621,1983,5,23,102,130,1.2538461538461538,0.04543769573146975,627,I can't believe Bird's Nest Soup is not on the menu.
2072,2063,6,20,101,127,1.2519685039370079,0.047389685263170035,627,"We are out of the pigeons à la crapaudine; however, should one visit your table, the chef will consider your request."
5534,2063,6,20,101,127,1.2519685039370079,0.047389685263170035,627,Ah...no kids to bother us now.
4902,2063,7,18,102,127,1.2519685039370079,0.048690519059619776,627,"Yes, we’re known for being edgy."
3793,2063,4,24,99,127,1.2519685039370079,0.04467452870973071,627,"Honey, I think  he's waiting for us to sign the waiver before he'll take our order."
1137,2063,5,22,100,127,1.2519685039370079,0.046052121475448175,627,We can’t decide.
3381,2063,5,22,100,127,1.2519685039370079,0.046052121475448175,627,Will this be far enough from the kitchen
205,2063,8,16,103,127,1.2519685039370079,0.04995749216331898,627,"Remember, only actors should land on Broadway."
861,2063,8,16,103,127,1.2519685039370079,0.04995749216331898,627,You may only have time for an appetizer
570,2071,2,27,95,124,1.25,0.042268793820328485,627,"For your information, we have implemented a new ‘non-tipping policy."
4990,2071,4,23,97,124,1.25,0.04526490492808352,627,I think I 'll have the perch.
4893,2071,5,21,98,124,1.25,0.04669091947809488,627,"Yes, an oxygen mask to start would be great"
114,2071,2,28,98,128,1.25,0.041502300476984284,627,"And as a special, we have just caught pidgeon..."
5937,2071,7,13,88,108,1.25,0.05444105357444512,627,Have you decided whether to jump or do you need a few more minutes?
6021,2071,4,24,100,128,1.25,0.044367825470805686,627,"Thunderstorms are approaching folks, maybe not safe out there much longer."
3049,2077,3,25,97,125,1.248,0.043486742510718705,627,"Well, there's nothing cutting edge about the menu."
3157,2077,3,25,97,125,1.248,0.043486742510718705,627,"And the martini stirred, not shaken, I presume?"
3480,2077,3,25,97,125,1.248,0.043486742510718705,627,"Momento mori, momento mori, momento mori..."
4041,2077,5,21,99,125,1.248,0.04635904755624927,627,I can’t help but feel our marriage is on the ledge again.
4063,2077,6,19,100,125,1.248,0.04773042581401404,627,My personal recommendation is to eat light.
4202,2077,4,23,98,125,1.248,0.04494584555059639,627,Just don’t get too tipsy.
4498,2077,5,21,99,125,1.248,0.04635904755624927,627,"We will be starting with the check, obviously."
4651,2077,4,23,98,125,1.248,0.04494584555059639,627,Your Limberger Sardine souffle is almost ready.
5210,2077,6,19,100,125,1.248,0.04773042581401404,627,Roasted pigeon!  Pigeon cacciatore!  Pigeon a la mode!  Nothing but pigeon?!
5112,2077,5,21,99,125,1.248,0.04635904755624927,627,Think VERY carefully about how much you tip.
5179,2077,5,21,99,125,1.248,0.04635904755624927,627,I’m thinking the bird’s nest soup.
5238,2077,5,21,99,125,1.248,0.04635904755624927,627,"Not quite what I had in mind about your taking me out for dinner, Fred."
5593,2077,4,23,98,125,1.248,0.04494584555059639,627,Our attorney requires that you pay your check before you get up to dance.
5709,2077,6,19,100,125,1.248,0.04773042581401404,627,"Honey, do you want to start with an appetizer or should we just go ahead and jump?"
5906,2077,5,21,99,125,1.248,0.04635904755624927,627,The buffet table is through the ninth window on your right...watch your step!
6506,2077,6,19,100,125,1.248,0.04773042581401404,627,I thought you would like the sunset dining section
2965,2077,5,21,99,125,1.248,0.04635904755624927,627,"The free range pigeons are off the menu 
but I would recommend the cornice hen."
5070,2077,4,23,98,125,1.248,0.04494584555059639,627,Did you find us on Open Table?
2717,2077,6,19,100,125,1.248,0.04773042581401404,627,"The squab is locally sourced--very locally, in fact."""
4308,2077,4,23,98,125,1.248,0.04494584555059639,627,Next time let's make a reservation.
2482,2077,6,19,100,125,1.248,0.04773042581401404,627,Let’s order something a bit edgy.
2557,2077,4,23,98,125,1.248,0.04494584555059639,627,"Yes, today's specials are edgy."
3,2077,1,29,95,125,1.248,0.040410793831159975,627,We've run out of tonight's special--breast of pigeon--but should have more at any moment.
69,2077,5,21,99,125,1.248,0.04635904755624927,627,"Sir,
did you or did you not request a corner table?"
81,2077,5,21,99,125,1.248,0.04635904755624927,627,We have found that our patrons no longer linger after they have finished dining.
185,2077,6,19,100,125,1.248,0.04773042581401404,627,The finest breakup restaurant
462,2077,4,23,98,125,1.248,0.04494584555059639,627,OK? Is THIS table far enough from the kitchen
649,2077,3,25,97,125,1.248,0.043486742510718705,627,Best seat on the house.
826,2077,3,25,97,125,1.248,0.043486742510718705,627,"Please listen carefully,
as our menu has changed..."
827,2077,3,25,97,125,1.248,0.043486742510718705,627,I hear the squab is quite good here...
746,2077,5,21,99,125,1.248,0.04635904755624927,627,"Now, if the food's as good
as the ambiance."
1008,2077,4,23,98,125,1.248,0.04494584555059639,627,This is a very high end restaurant. They say from here there is no place to go but down.
2287,2077,4,23,98,125,1.248,0.04494584555059639,627,May I suggest our Skydiver Cocktail which comes with a complimentary parachute.
870,2077,2,27,96,125,1.248,0.04197695220152403,627,May I suggest the Trompe L'oeil?
2028,2077,3,25,97,125,1.248,0.043486742510718705,627,They said it was an 'edgy' new restaurant
1890,2077,5,21,99,125,1.248,0.04635904755624927,627,"I would order the pigeon, but I'm worried it's family may show up soon."
2117,2077,5,21,99,125,1.248,0.04635904755624927,627,What do you think? I asked for a table with a view.
1385,2077,5,21,99,125,1.248,0.04635904755624927,627,Tonight Vickie went out on a ledge and asked Adley to order for both of them.
1074,2077,7,17,101,125,1.248,0.04906348750804017,627,"No, dear. There’s no such thing as a “Nose Bleed Anniversary."
4670,2077,5,21,99,125,1.248,0.04635904755624927,627,Trust me. They'll go away if you order the squab.
1710,2077,2,27,96,125,1.248,0.04197695220152403,627,I need to find the men's room .
4221,2118,3,24,94,121,1.2479338842975207,0.0443517615371859,627,Let’s skip the moveable feast.
4012,2119,6,19,101,126,1.246031746031746,0.047390988275359834,627,Our pigeon is the freshest in the city.
5806,2119,2,27,97,126,1.246031746031746,0.041688958511562575,627,Don't you think this is a little over the top?
5677,2119,6,19,101,126,1.246031746031746,0.047390988275359834,627,"You really think I’m a pushover, don’t you, Charley?"
4933,2119,2,27,97,126,1.246031746031746,0.041688958511562575,627,Welcome to Window On The World. Have you dined with us before.
4773,2119,4,23,99,126,1.246031746031746,0.04463112720677173,627,Would you like two parachutes to start with?
3963,2119,4,23,99,126,1.246031746031746,0.04463112720677173,627,"Welcome to our all adult, acoustically acceptable, non-smoking section.”"
4562,2119,1,29,96,126,1.246031746031746,0.040137079300749556,627,Might I recommend the pigeon flambé. The chef sources it locally.
3241,2119,6,19,101,126,1.246031746031746,0.047390988275359834,627,I recommend the fresh pigeon.
3850,2119,6,19,101,126,1.246031746031746,0.047390988275359834,627,May I encourage you to order soon. Another couple has the table at 6:30
299,2119,4,23,99,126,1.246031746031746,0.04463112720677173,627,You'd prefer to be seated somewhere else? But of course.
592,2119,5,21,100,126,1.246031746031746,0.046031746031746035,627,I have to stop telling customers to sit anywhere.
219,2119,3,25,98,126,1.246031746031746,0.04318510609878031,627,I regret to inform you we are out of the roast pigeon for two.
2434,2119,5,21,100,126,1.246031746031746,0.046031746031746035,627,I told you to slip the maitre d' a twenty.
2974,2119,2,27,97,126,1.246031746031746,0.041688958511562575,627,Pigeon is on the menu again.
803,2119,3,25,98,126,1.246031746031746,0.04318510609878031,627,"We provide a live Doppler weather forecast as a courtesy for patrons who dine al fresco in our unique Cityscape seating."""
2752,2134,7,16,99,122,1.2459016393442623,0.04980856920139613,627,"And, yes, I've read your online reviews."
2933,2134,6,18,98,122,1.2459016393442623,0.048429439073835824,627,"Before we order, I must ask..._Have you separated any children from their parents this week?"
4967,2136,3,24,96,123,1.2439024390243902,0.043719910220988874,627,"May I suggest our very fresh, local squab?"
4469,2136,4,22,97,123,1.2439024390243902,0.045218475992188534,627,How about a couple of  highballs?
4737,2136,4,22,97,123,1.2439024390243902,0.045218475992188534,627,"Looking for an easy out to the relationship, John chose a convenient place to propose."
4736,2136,7,16,100,123,1.2439024390243902,0.04944239714081975,627,"I'm sorry that you aren't satisfied, but you should be happy that you didn't ask for a fireplace seat!"
4730,2136,2,26,95,123,1.2439024390243902,0.04216812218259812,627,I thought we seated three guests.
4681,2136,5,20,98,123,1.2439024390243902,0.04666894676742699,627,The squabs are so fresh they were perched on those chairs this morning.
4555,2136,3,24,96,123,1.2439024390243902,0.043719910220988874,627,Would you like some wine? You seem a little on edge.
3368,2136,3,24,96,123,1.2439024390243902,0.043719910220988874,627,I did warn you the menu was edgy.
4544,2136,6,18,99,123,1.2439024390243902,0.04807567590482465,627,Are you going to make me tell him the table’s wobbley?
4434,2136,5,20,98,123,1.2439024390243902,0.04666894676742699,627,Not everyone comes for the view.
4239,2136,7,16,100,123,1.2439024390243902,0.04944239714081975,627,"No substitutions. If you don't like it, you know what you can do."
4351,2136,6,18,99,123,1.2439024390243902,0.04807567590482465,627,and may I recommend the pigeon
4241,2136,2,26,95,123,1.2439024390243902,0.04216812218259812,627,You and your insistence on booking a table with a view
4190,2136,1,28,94,123,1.2439024390243902,0.040557003181715984,627,May I recommend the squab tonight? It's VERY fresh.
4017,2136,7,16,100,123,1.2439024390243902,0.04944239714081975,627,I think you'll find the cuisine as edgy as the ambiance.
3967,2136,4,22,97,123,1.2439024390243902,0.045218475992188534,627,"Could I interest you, possibly, in the squab?"
3930,2136,4,22,97,123,1.2439024390243902,0.045218475992188534,627,I recommend the squab. It’s fresh.
3851,2136,5,20,98,123,1.2439024390243902,0.04666894676742699,627,May I suggest the Tuscan Pigeon...plucked from this very ledge mere moments before you arrived!
3545,2136,5,20,98,123,1.2439024390243902,0.04666894676742699,627,"Now is the atmosphere of our restaurant more to your liking, folks."
3438,2136,4,22,97,123,1.2439024390243902,0.045218475992188534,627,The Times said our chef has become a legend
5098,2136,4,22,97,123,1.2439024390243902,0.045218475992188534,627,I will serve you from over here as I am afraid of heights.
4428,2136,4,22,97,123,1.2439024390243902,0.045218475992188534,627,"I hear pigeon is the house specialty"""
5130,2136,5,20,98,123,1.2439024390243902,0.04666894676742699,627,I think you'll find our wild-caught squab remarkably fresh.
6069,2136,7,16,100,123,1.2439024390243902,0.04944239714081975,627,You strike me as an edgy couple.
5148,2136,4,22,97,123,1.2439024390243902,0.045218475992188534,627,We're best known for our fresh squab.
3366,2136,4,22,97,123,1.2439024390243902,0.045218475992188534,627,The Menu is also a bit on the edge.
6445,2136,6,18,99,123,1.2439024390243902,0.04807567590482465,627,I'll bring you breadsticks; your free-range squab will be along shortly.
6376,2136,4,22,97,123,1.2439024390243902,0.045218475992188534,627,It's for our customers who enjoy living on the edge.
6328,2136,4,22,97,123,1.2439024390243902,0.045218475992188534,627,I want something to take the edge off.
6269,2136,5,20,98,123,1.2439024390243902,0.04666894676742699,627,"...and replacing the Capon this evening is an apricot-glazed Squab, locally sourced."
6253,2136,3,24,96,123,1.2439024390243902,0.043719910220988874,627,"Ah yes, our specialty is squab."
6232,2136,6,18,99,123,1.2439024390243902,0.04807567590482465,627,So is your pigeon local?
6157,2136,5,20,98,123,1.2439024390243902,0.04666894676742699,627,"Oh Herbert, who says a little game of footsies can't still send you over the edge?"
6062,2136,4,22,97,123,1.2439024390243902,0.045218475992188534,627,This is what happens when you insist on outdoor seating.
6482,2136,7,16,100,123,1.2439024390243902,0.04944239714081975,627,The negotiator would like to know if the Mister and Missus will be having dessert this evening.
5949,2136,4,22,97,123,1.2439024390243902,0.045218475992188534,627,A higher level of dining.
5138,2136,4,22,97,123,1.2439024390243902,0.045218475992188534,627,"I requested the best seat in the house, not on the house!!!"
5918,2136,5,20,98,123,1.2439024390243902,0.04666894676742699,627,"I recommend the special, its to die for."
5898,2136,4,22,97,123,1.2439024390243902,0.045218475992188534,627,Please refrain from falling.
5876,2136,2,26,95,123,1.2439024390243902,0.04216812218259812,627,"Two ledge salads, two safety harnesses, anything else?"
5772,2136,6,18,99,123,1.2439024390243902,0.04807567590482465,627,Can I start you off with some fresh Pigeon Soup perhaps?
5667,2136,4,22,97,123,1.2439024390243902,0.045218475992188534,627,The roast pigeon is locally sourced.
5599,2136,3,24,96,123,1.2439024390243902,0.043719910220988874,627,"Should you find yourselves in need of any further assistance,  please  call 911"
5568,2136,7,16,100,123,1.2439024390243902,0.04944239714081975,627,You shouldn't have asked for carry out
5496,2136,4,22,97,123,1.2439024390243902,0.045218475992188534,627,I just cannot sit with my back to the door.
5368,2136,4,22,97,123,1.2439024390243902,0.045218475992188534,627,"When we say haute cuisine, we mean it."
5332,2136,4,22,97,123,1.2439024390243902,0.045218475992188534,627,There is a 20% surcharge for alfresco dining.
5325,2136,3,24,96,123,1.2439024390243902,0.043719910220988874,627,Thank you for your order.  Please pull up to the next window.
5231,2136,3,24,96,123,1.2439024390243902,0.043719910220988874,627,Yes Madam. The squab is highly recommended.
5899,2136,4,22,97,123,1.2439024390243902,0.045218475992188534,627,"When I said I wished that we lived our lives a little more one the edge , this is not what I meant."
3312,2136,4,22,97,123,1.2439024390243902,0.045218475992188534,627,We're out of the squab special.  But we can fix that in a minute.
6420,2136,4,22,97,123,1.2439024390243902,0.045218475992188534,627,This was not what I meant by reserving a table with a window view.
3067,2136,4,22,97,123,1.2439024390243902,0.045218475992188534,627,You said you wanted to live life on the edge.
1981,2136,5,20,98,123,1.2439024390243902,0.04666894676742699,627,Tonight’s journey begins with the dropped crushed clams or the dead fallen duck.
1808,2136,4,22,97,123,1.2439024390243902,0.045218475992188534,627,"Indeed sir, I remember you and the other lady and your tip from the last time you were here."
1712,2136,4,22,97,123,1.2439024390243902,0.045218475992188534,627,And the tablecloth doubles as a parachute!
1547,2136,8,14,101,123,1.2439024390243902,0.050772341450393485,627,Given the pigeon situation if you order the crouton salad we suggest you also order the flaming cheese appetizer.
1518,2136,7,16,100,123,1.2439024390243902,0.04944239714081975,627,Might I recommend the suicide wings?
1462,2136,4,22,97,123,1.2439024390243902,0.045218475992188534,627,"And the special today is the truffled skylark."""
1438,2136,5,20,98,123,1.2439024390243902,0.04666894676742699,627,"Well, they did promise a view of the high line."
1310,2136,4,22,97,123,1.2439024390243902,0.045218475992188534,627,I don't care that it's edgier than Per Se.
906,2136,5,20,98,123,1.2439024390243902,0.04666894676742699,627,Perhaps Monsieur would consider a better Yelp review this visit.
878,2136,5,20,98,123,1.2439024390243902,0.04666894676742699,627,"I think I recognize this from the ""honeymooners""."
849,2136,6,18,99,123,1.2439024390243902,0.04807567590482465,627,Tonight's special is pigeon a la king.
706,2136,3,24,96,123,1.2439024390243902,0.043719910220988874,627,Why did you tell him we wanted to be alone ?
646,2136,3,24,96,123,1.2439024390243902,0.043719910220988874,627,Well folks - you DID say as far away from the kitchen as possible.
329,2136,5,20,98,123,1.2439024390243902,0.04666894676742699,627,Le pigeon is outstanding and our most popular dish.
318,2136,6,18,99,123,1.2439024390243902,0.04807567590482465,627,My last date bailed out on me.
276,2136,4,22,97,123,1.2439024390243902,0.045218475992188534,627,"It is apparent from the shape of the gentleman's head, he has fallen of this ledge before."
249,2136,4,22,97,123,1.2439024390243902,0.045218475992188534,627,"As you can see by our menu, the cuisine here is really cutting edge."
245,2136,5,20,98,123,1.2439024390243902,0.04666894676742699,627,"The reviewer did say it was an ""edgy"" new restaurant!"
242,2136,5,20,98,123,1.2439024390243902,0.04666894676742699,627,Avoid the squab. The pigeons get testy.
213,2136,6,18,99,123,1.2439024390243902,0.04807567590482465,627,How’s the atmosphere?”
177,2136,6,18,99,123,1.2439024390243902,0.04807567590482465,627,I recommend the parachute.
29,2136,5,20,98,123,1.2439024390243902,0.04666894676742699,627,"Actually, could you hand those cocktail menus back?"
3295,2136,5,20,98,123,1.2439024390243902,0.04666894676742699,627,No pigeon tonight.
1983,2136,7,16,100,123,1.2439024390243902,0.04944239714081975,627,The pigeon stew is very fresh.
1992,2136,3,24,96,123,1.2439024390243902,0.043719910220988874,627,I assume you'd like that To Go?
1295,2136,4,22,97,123,1.2439024390243902,0.045218475992188534,627,The manager said I need to apologize for taking things too literally and that your meals are on the house.
2102,2136,7,16,100,123,1.2439024390243902,0.04944239714081975,627,So you like living on the edge?
3041,2136,6,18,99,123,1.2439024390243902,0.04807567590482465,627,Might I suggest the squab? It’s locally sourced.
2007,2136,5,20,98,123,1.2439024390243902,0.04666894676742699,627,I told you we should have made reservations.
2935,2136,8,14,101,123,1.2439024390243902,0.050772341450393485,627,"My I suggest our specialite,Tarte a la pigeon."
2895,2136,6,18,99,123,1.2439024390243902,0.04807567590482465,627,Don't worry: This dinner is on the house.
2890,2136,7,16,100,123,1.2439024390243902,0.04944239714081975,627,"Monsieur et Madame, the free-range squab tonight is magnifique! Just let the chef know when you have caught one."
2852,2136,4,22,97,123,1.2439024390243902,0.045218475992188534,627,I hope you enjoy our edgy ambiance.
2833,2136,3,24,96,123,1.2439024390243902,0.043719910220988874,627,Sorry the inside table is reserved
2664,2136,4,22,97,123,1.2439024390243902,0.045218475992188534,627,The restroom is located right below.
2661,2136,3,24,96,123,1.2439024390243902,0.043719910220988874,627,The pigeon pie might go well.
2602,2136,8,14,101,123,1.2439024390243902,0.050772341450393485,627,Just don't make any abrupt moves when you're eating!
2562,2136,5,20,98,123,1.2439024390243902,0.04666894676742699,627,Welcome to The Alfresco. I recommend the squab. It was locally sourced on this very balcony just this afternoon.
2465,2136,5,20,98,123,1.2439024390243902,0.04666894676742699,627,On today's episode of kitchen nightmares...
2992,2136,3,24,96,123,1.2439024390243902,0.043719910220988874,627,You'll be getting your free-range rock dove any moment now.
2452,2136,5,20,98,123,1.2439024390243902,0.04666894676742699,627,We do ask that you pay in advance at this table.
2455,2136,6,18,99,123,1.2439024390243902,0.04807567590482465,627,Alcohol is not served out on our ledge setting area.
2136,2136,5,20,98,123,1.2439024390243902,0.04666894676742699,627,Would you care to choose your pigeon?
2169,2136,4,22,97,123,1.2439024390243902,0.045218475992188534,627,"Well Dear, these NYC prices could push me over the edge."
2208,2136,5,20,98,123,1.2439024390243902,0.04666894676742699,627,The roast pigeon is part of our new roof-to-table menu.
2210,2136,3,24,96,123,1.2439024390243902,0.043719910220988874,627,The special tonight is pigeon
2121,2136,5,20,98,123,1.2439024390243902,0.04666894676742699,627,Our special tonight is Foie Grahhh!
2332,2136,3,24,96,123,1.2439024390243902,0.043719910220988874,627,I told you that you should tip the maitre d'.
2357,2136,4,22,97,123,1.2439024390243902,0.045218475992188534,627,The pigeon was locally perched.
2406,2136,5,20,98,123,1.2439024390243902,0.04666894676742699,627,Should we have stayed at the table by the kitchen?
2295,2136,6,18,99,123,1.2439024390243902,0.04807567590482465,627,"If you order ""carrier pigeon"" I will push you."
2502,2240,5,20,99,124,1.2419354838709677,0.0463328244815081,627,What can I drone you?
4629,2240,6,18,100,124,1.2419354838709677,0.047726941741491634,627,Our new state of the art security prevents dine and dash
2880,2240,5,20,99,124,1.2419354838709677,0.0463328244815081,627,Please note the tip recommendations.
3137,2240,3,24,97,124,1.2419354838709677,0.04341048188296504,627,Skip the wine tonight?
3160,2240,7,16,101,124,1.2419354838709677,0.04908147625690609,627,"Two orders of coq au vin, s'il vous plait.  And two parachutes."
3483,2240,5,20,99,124,1.2419354838709677,0.0463328244815081,627,"Relax, and enjoy your window of opportunity."
3560,2240,2,26,96,124,1.2419354838709677,0.04187289808157224,627,Next time be more specific than secluded with a view.
3628,2240,3,24,97,124,1.2419354838709677,0.04341048188296504,627,Our Special tonight includes a parachute.
4309,2240,5,20,99,124,1.2419354838709677,0.0463328244815081,627,Are you willing to consider the chefs recommendation now?
4731,2240,9,12,103,124,1.2419354838709677,0.05168415616685869,627,Will this be your last visit to Trump Tower?
5346,2240,2,26,96,124,1.2419354838709677,0.04187289808157224,627,This is New York alfresco with an edge.
5075,2240,3,24,97,124,1.2419354838709677,0.04341048188296504,627,May I interest you in a parachute?
5161,2240,6,18,100,124,1.2419354838709677,0.047726941741491634,627,I thought “edgy” cuisine meant something else!
5287,2240,2,26,96,124,1.2419354838709677,0.04187289808157224,627,How would you like your pigeons prepared?
5545,2240,4,22,98,124,1.2419354838709677,0.04489543719436014,627,"Actually, oysters in August aren't really risky at all."
5582,2240,4,22,98,124,1.2419354838709677,0.04489543719436014,627,Our special tonight is bird nest soup.
5853,2240,3,24,97,124,1.2419354838709677,0.04341048188296504,627,"Sparkling, still, or airborne?"
6006,2240,8,14,102,124,1.2419354838709677,0.050399619592996305,627,"If this doesn’t work for you, our gangplank table has suddenly become available."
6070,2240,3,24,97,124,1.2419354838709677,0.04341048188296504,627,There are three pigeon specials...
2198,2240,2,26,96,124,1.2419354838709677,0.04187289808157224,627,"Unfortunately, I cannot suggest the pigeon."
4960,2240,3,24,97,124,1.2419354838709677,0.04341048188296504,627,The pigeon is especially fresh this evening
2173,2240,4,22,98,124,1.2419354838709677,0.04489543719436014,627,"This rooftop nook is really a special favor but we would like to hold your credit card in advance."""
694,2240,6,18,100,124,1.2419354838709677,0.047726941741491634,627,Big Al Fresco will be out in a minute to take your final order.
2013,2240,4,22,98,124,1.2419354838709677,0.04489543719436014,627,Tonight's special is whatever lands on your table.
207,2240,6,18,100,124,1.2419354838709677,0.047726941741491634,627,"May I not suggest ""throwing back"" a shot!"
2020,2240,6,18,100,124,1.2419354838709677,0.047726941741491634,627,"From the wine list, might I suggest something non-alcoholic.”"
446,2240,3,24,97,124,1.2419354838709677,0.04341048188296504,627,And the Pigeon Piccata is ledge-to-table.
682,2240,6,18,100,124,1.2419354838709677,0.047726941741491634,627,May I suggest the Ledge of Lettuce as your salad.
773,2240,5,20,99,124,1.2419354838709677,0.0463328244815081,627,The last couple to sit there said their meal was to die for.
890,2240,1,28,95,124,1.2419354838709677,0.04027665887568426,627,"Au contraire monsieur, this is a corner table by a window, n'est- ce pas?"
944,2240,6,18,100,124,1.2419354838709677,0.047726941741491634,627,You're already at our quietest table!
971,2240,7,16,101,124,1.2419354838709677,0.04908147625690609,627,When I read about their edgy cuisine I was expecting something a little different.
1061,2240,8,14,102,124,1.2419354838709677,0.050399619592996305,627,Would you like more time to decide whether to jump?
251,2240,2,26,96,124,1.2419354838709677,0.04187289808157224,627,Don't fall for it - the 'exotic game' is pigeon.
1893,2240,5,20,99,124,1.2419354838709677,0.0463328244815081,627,Sky high prices—but you can’t beat the view!
1120,2240,7,16,101,124,1.2419354838709677,0.04908147625690609,627,"If you are breaking up, I hope you let her down easy."
1148,2240,5,20,99,124,1.2419354838709677,0.0463328244815081,627,"Next time, tip the matter-d before he shows us to our table."
1299,2240,4,22,98,124,1.2419354838709677,0.04489543719436014,627,Might I suggest the roasted pigeon? One should be along shortly.
1505,2240,6,18,100,124,1.2419354838709677,0.047726941741491634,627,"Finally, a table by the window"
1532,2240,7,16,101,124,1.2419354838709677,0.04908147625690609,627,The pigeon stew was sourced locally just this morning.
1582,2240,6,18,100,124,1.2419354838709677,0.047726941741491634,627,"I assure you, your bird-drop soups are on the way!"
1758,2240,3,24,97,124,1.2419354838709677,0.04341048188296504,627,Can we discuss my tip once you have choosen your entrees?
1926,2240,4,22,98,124,1.2419354838709677,0.04489543719436014,627,Would you like to see our special 'Fight or Flight' menu?
1079,2240,5,20,99,124,1.2419354838709677,0.0463328244815081,627,You can choose your own pigeon.
4976,2284,5,19,96,120,1.2416666666666667,0.04733194261577883,627,Sorry no take out orders.
4668,2284,5,19,96,120,1.2416666666666667,0.04733194261577883,627,"Oh yes, and our Chef Special starts with Pigeon Foie Gras, moving onto the entreé, Pigeon l'Orange and  finishing with the dessert, Pigeon Pavlova!"
3951,2284,4,21,95,120,1.2416666666666667,0.04582855844748356,627,Local pigeon?
6497,2284,6,17,97,120,1.2416666666666667,0.04878902350111492,627,Please try to not drop your knives and forks again.
3898,2284,7,15,98,120,1.2416666666666667,0.0502038328875526,627,"For a starter, may I suggest a parachute?"
5114,2284,2,25,93,120,1.2416666666666667,0.04266315417964886,627,"Well, you did demand a table as far removed from the kitchen as possible."
3514,2284,3,23,94,120,1.2416666666666667,0.04427415439017953,627,First night without the kids.
3910,2284,4,21,95,120,1.2416666666666667,0.04582855844748356,627,Sorry to move you—your “no phones” dinner was creeping out the other customers.
5186,2284,6,17,97,120,1.2416666666666667,0.04878902350111492,627,You asked for outside seating
5720,2284,1,27,92,120,1.2416666666666667,0.040988885104958954,627,"I assure you, it is haute cuisine."
5583,2284,4,21,95,120,1.2416666666666667,0.04582855844748356,627,"The house special is squab, but the flying squirrel is also popular."
5695,2284,4,21,95,120,1.2416666666666667,0.04582855844748356,627,The wild-caught pigeon is very fresh tonight.
5835,2284,4,21,95,120,1.2416666666666667,0.04582855844748356,627,Don't you think it's suspicious that he won't come out here?
5895,2284,5,19,96,120,1.2416666666666667,0.04733194261577883,627,That's usually where our sniper sits.
6344,2284,5,19,96,120,1.2416666666666667,0.04733194261577883,627,Can I start you off with drinks and a review of your life insurance policies?
6438,2284,3,23,94,120,1.2416666666666667,0.04427415439017953,627,"When you said this restaurant was ‘4 stars,’ I didn’t think it meant you could actually see them!"
35,2284,1,27,92,120,1.2416666666666667,0.040988885104958954,627,"Two orders of birds nest soup, coming right up!"
3349,2284,6,17,97,120,1.2416666666666667,0.04878902350111492,627,Will you be needing another high chair?
5451,2284,2,25,93,120,1.2416666666666667,0.04266315417964886,627,"Well, you said you wanted a quiet spot in the corner."
3068,2284,5,19,96,120,1.2416666666666667,0.04733194261577883,627,You wanted an outdoor table.
5974,2284,3,23,94,120,1.2416666666666667,0.04427415439017953,627,Sorry about the wait... my other section is in the boiler room.
2878,2284,3,23,94,120,1.2416666666666667,0.04427415439017953,627,May I recommend something with wings?
93,2284,5,19,96,120,1.2416666666666667,0.04733194261577883,627,The review said atmospheric.
115,2284,3,23,94,120,1.2416666666666667,0.04427415439017953,627,"Well, the hotel brochure did mention rooftop dining."
497,2284,3,23,94,120,1.2416666666666667,0.04427415439017953,627,And what would the Plein Air diners care to drink this evening?
685,2284,3,23,94,120,1.2416666666666667,0.04427415439017953,627,I told you we had air conditioning.
697,2284,3,23,94,120,1.2416666666666667,0.04427415439017953,627,I don't think this is what is meant by haute cuisine.
1306,2284,7,15,98,120,1.2416666666666667,0.0502038328875526,627,... And tonight’s special is roast pigeon over a bed of steamed vertigo ...
1533,2284,4,21,95,120,1.2416666666666667,0.04582855844748356,627,This is our roof-top dining on a budget as recommended on Trip Advisor.  Obviously you didn’t read the comments.
25,2284,4,21,95,120,1.2416666666666667,0.04582855844748356,627,Is the pigeon fresh?
1991,2284,4,21,95,120,1.2416666666666667,0.04582855844748356,627,"Yes, the pan-fried pigeon is locally sourced."
2177,2284,5,19,96,120,1.2416666666666667,0.04733194261577883,627,"I'm sorry for the confusion, Mr. Fresco."
2239,2284,7,15,98,120,1.2416666666666667,0.0502038328875526,627,We also have a suicide special but you have to move more to your left.
2302,2284,4,21,95,120,1.2416666666666667,0.04582855844748356,627,"And for the special, we have free range pidgeon."
2486,2284,4,21,95,120,1.2416666666666667,0.04582855844748356,627,"And the special today is pigeon, just caught this morning."
2530,2284,4,21,95,120,1.2416666666666667,0.04582855844748356,627,Is this one far enough from the kitchen for you?
2872,2284,3,23,94,120,1.2416666666666667,0.04427415439017953,627,"When we say 'scenic view', we don't kid around."
2100,2284,6,17,97,120,1.2416666666666667,0.04878902350111492,627,I would recommend avoiding the heavier menu items.
2983,2284,8,13,99,120,1.2416666666666667,0.05157984935040302,627,Might I recommend the squab?
44,2323,4,20,92,116,1.2413793103448276,0.046818879146703046,627,"Sorry, not my table."
5322,2323,4,20,92,116,1.2413793103448276,0.046818879146703046,627,My horoscope said I should put myself out there.
3707,2323,4,20,92,116,1.2413793103448276,0.046818879146703046,627,"Madame and Monsieur,welcome to the Height of Al Fresco dining"
477,2326,3,23,95,121,1.2396694214876034,0.043952129902021915,627,Do either of you have any food allergies or vertigo?
2921,2327,4,20,94,118,1.2372881355932204,0.04611200470995581,627,"Well, this IS as far away from the kitchen as possible..."
2925,2327,5,18,95,118,1.2372881355932204,0.04765691481847308,627,"The rent is too damned high, indeed. Ready to order?"
3104,2327,4,20,94,118,1.2372881355932204,0.04611200470995581,627,Now what do think about tipping.
3375,2327,5,18,95,118,1.2372881355932204,0.04765691481847308,627,I need to use the ladies.
3612,2327,4,20,94,118,1.2372881355932204,0.04611200470995581,627,I hear the fall menu is to die for.
3767,2327,5,18,95,118,1.2372881355932204,0.04765691481847308,627,Would you mind placing your order before the pigeons come home to roost?
3931,2327,2,24,92,118,1.2372881355932204,0.042855429936970196,627,"You asked, if you could be seated near a window, for the view..."
4158,2327,6,16,96,118,1.2372881355932204,0.04915329166657521,627,If monsieur would simply call ahead next time . . .
5042,2327,4,20,94,118,1.2372881355932204,0.04611200470995581,627,You said you would take any open table.
5255,2327,6,16,96,118,1.2372881355932204,0.04915329166657521,627,Your pidgeons will be out shortly.
5882,2327,6,16,96,118,1.2372881355932204,0.04915329166657521,627,Would Sir or Madam care to partake of our fall menu?
5956,2327,6,16,96,118,1.2372881355932204,0.04915329166657521,627,Staff appreciation night
6186,2327,4,20,94,118,1.2372881355932204,0.04611200470995581,627,"If you're in a hurry, may I suggest something on the heavier side?"
4843,2327,8,12,98,118,1.2372881355932204,0.05201706628547824,627,These menus are barely legible.
2914,2327,4,20,94,118,1.2372881355932204,0.04611200470995581,627,"I know I reserved a table with a view, but this is a little over the edge for me."
3669,2327,4,20,94,118,1.2372881355932204,0.04611200470995581,627,"I don't mean to be *pushy*, but I think you should consider getting dessert."
2546,2327,4,20,94,118,1.2372881355932204,0.04611200470995581,627,Order...carefully.
2,2327,4,20,94,118,1.2372881355932204,0.04611200470995581,627,"Hi. I'm Steve, but they call me 'The Pusher.'"""
2571,2327,3,22,93,118,1.2372881355932204,0.04451350836236989,627,"The table by the bathroom doesn't sound so bad, now does it?"
403,2327,6,16,96,118,1.2372881355932204,0.04915329166657521,627,You're lucky that Superman and his date had to run.
584,2327,4,20,94,118,1.2372881355932204,0.04611200470995581,627,The locally sourced pigeon is our special today.
805,2327,5,18,95,118,1.2372881355932204,0.04765691481847308,627,"Sir, if you don't like this one, I can offer you a table in the bathroom"
952,2327,5,18,95,118,1.2372881355932204,0.04765691481847308,627,Flies are the only amuse-bouche that we have
1012,2327,7,14,97,118,1.2372881355932204,0.050605440748042345,627,"Yes, the squab is very fresh."
1192,2327,6,16,96,118,1.2372881355932204,0.04915329166657521,627,The tableside guacamole guy is scared to come out.
45,2327,8,12,98,118,1.2372881355932204,0.05201706628547824,627,"Yes, my brother, you are rich and handsome and live on the edge. But I can wiggle my left ear."
1292,2327,5,18,95,118,1.2372881355932204,0.04765691481847308,627,"Never in my life did I tip more than 20%, but...."
1364,2327,6,16,96,118,1.2372881355932204,0.04915329166657521,627,"The Squirrel and Pigeon entrees are part of their new ""Roof to Table"" movement."
1634,2327,5,18,95,118,1.2372881355932204,0.04765691481847308,627,"For you. Mr. Miller, and you Mrs. Nielsen, the best seats in the house. Don't look down."
1799,2327,7,14,97,118,1.2372881355932204,0.050605440748042345,627,"And, how are you enjoying the “reservation for two at 7pm for 8pm on a Friday” section?"
1973,2327,3,22,93,118,1.2372881355932204,0.04451350836236989,627,"But monsieur et madame, this is haute cuisine!"
2528,2327,6,16,96,118,1.2372881355932204,0.04915329166657521,627,"So, the Lover's Leap Lasagna for two, and no dessert..."
2123,2327,7,14,97,118,1.2372881355932204,0.050605440748042345,627,Could be worse.  You should see where he has the Attorney General.
1253,2327,8,12,98,118,1.2372881355932204,0.05201706628547824,627,You know I have plenty of guests waiting who would happily kill for this table.
4572,2361,3,22,94,119,1.2352941176470589,0.04418287918231217,627,"Not quite what I
had in mind when you said ""outdoor seating""."
4503,2361,4,20,95,119,1.2352941176470589,0.04576632677128508,627,May I suggest the free-range all natural squab?
4343,2361,6,16,97,119,1.2352941176470589,0.04877926170751816,627,This menu isn't legible.
4247,2361,6,16,97,119,1.2352941176470589,0.04877926170751816,627,Mais oui! We take pride in our gastronomy with a side of astronomy.
4187,2361,4,20,95,119,1.2352941176470589,0.04576632677128508,627,can we just skip the falling in love and go strait to the kid's
3696,2361,2,24,93,119,1.2352941176470589,0.042540533136545704,627,"Something a little edgy,perhaps?"
3749,2361,3,22,94,119,1.2352941176470589,0.04418287918231217,627,"Sir, they're flying in the Newfoundland duck but you will need to retrieve it yourself."
3577,2361,1,26,92,119,1.2352941176470589,0.040832182237106704,627,Isn’t a little fresh air romantic?
3542,2361,3,22,94,119,1.2352941176470589,0.04418287918231217,627,So this is your private table?
3541,2361,5,18,96,119,1.2352941176470589,0.04729679185138561,627,It was either this or no more free bread.
3449,2361,3,22,94,119,1.2352941176470589,0.04418287918231217,627,I guess I'll have the free-range pigeon.
4704,2361,4,20,95,119,1.2352941176470589,0.04576632677128508,627,The only other vacant table is near the kitchen.
3413,2361,4,20,95,119,1.2352941176470589,0.04576632677128508,627,"My name is Eric and I'll be your waiter and exposure therapist."""
3995,2361,3,22,94,119,1.2352941176470589,0.04418287918231217,627,"If you don't tip, I will."
4913,2361,5,18,96,119,1.2352941176470589,0.04729679185138561,627,We're out of everything.
5875,2361,4,20,95,119,1.2352941176470589,0.04576632677128508,627,The house specialty is squab tartare prepared tableside.
4919,2361,5,18,96,119,1.2352941176470589,0.04729679185138561,627,Ummmm . . . may I suggest a nice bottle of Perrier rather than wine this evening?
3353,2361,5,18,96,119,1.2352941176470589,0.04729679185138561,627,At least it is bigger than our apartment.
6429,2361,5,18,96,119,1.2352941176470589,0.04729679185138561,627,"I do hope that alleviates your concerns about the noise.  If not, I would be happy to place you just a couple steps further."
6379,2361,4,20,95,119,1.2352941176470589,0.04576632677128508,627,May I recommend the hanger steak?
6327,2361,4,20,95,119,1.2352941176470589,0.04576632677128508,627,Is the lovely couple ready to order the edgiest of edgy culinary experiences?
6217,2361,5,18,96,119,1.2352941176470589,0.04729679185138561,627,You had to insist on outdoor seating.
6127,2361,3,22,94,119,1.2352941176470589,0.04418287918231217,627,"From my vantage point, it appears your relationship is on the edge."
4917,2361,4,20,95,119,1.2352941176470589,0.04576632677128508,627,The chef’s special today is pigeon.
6064,2361,0,28,91,119,1.2352941176470589,0.03904916456144793,627,"Today's Special: a complimentary pigeon egg 
appetizer with any entree."
5950,2361,4,20,95,119,1.2352941176470589,0.04576632677128508,627,"May I recommend the locally sourced, free-range squab this evening?"
5782,2361,6,16,97,119,1.2352941176470589,0.04877926170751816,627,"I recommend the smoked pigeon,the pan-fried pigeon,the pigeon pie,or the pigeon casserole."
5529,2361,4,20,95,119,1.2352941176470589,0.04576632677128508,627,"Non, I assure you, zees IZZ ze special American section."
5288,2361,4,20,95,119,1.2352941176470589,0.04576632677128508,627,"This is not what I imagined when you said ""edgie""."
5204,2361,4,20,95,119,1.2352941176470589,0.04576632677128508,627,"Your'e lucky, last year it rained during restaurant week"
5124,2361,3,22,94,119,1.2352941176470589,0.04418287918231217,627,"Your waiter stepped out, so you'll need to pick up your orders at the window."
6043,2361,3,22,94,119,1.2352941176470589,0.04418287918231217,627,Next time can you please not joke with the maitre d' about Haute Cuisine?
3292,2361,2,24,93,119,1.2352941176470589,0.042540533136545704,627,"The smoking area will  be straight ahead, sir."
1964,2361,4,20,95,119,1.2352941176470589,0.04576632677128508,627,"Well, at least it's not near the bathroom."
3221,2361,2,24,93,119,1.2352941176470589,0.042540533136545704,627,"If I may suggest, the squab - locally sourced or course."
1534,2361,4,20,95,119,1.2352941176470589,0.04576632677128508,627,Our specials tonight are to die for.
1521,2361,5,18,96,119,1.2352941176470589,0.04729679185138561,627,"Wow, these prices are right on the edge!"
1101,2361,3,22,94,119,1.2352941176470589,0.04418287918231217,627,"First time in NY? I suggest the squab, a local favorite."
1045,2361,8,12,99,119,1.2352941176470589,0.05161662599710533,627,You should jump for our special tonight. It's to die for.
784,2361,4,20,95,119,1.2352941176470589,0.04576632677128508,627,"""If you had called ahead, we could have put you in the men's room."""
783,2361,1,26,92,119,1.2352941176470589,0.040832182237106704,627,It certainly is haute cuisine!
1646,2361,3,22,94,119,1.2352941176470589,0.04418287918231217,627,This IS our smoking section.
675,2361,3,22,94,119,1.2352941176470589,0.04418287918231217,627,I would have preferred the table near the kitchen!
562,2361,4,20,95,119,1.2352941176470589,0.04576632677128508,627,It’s Fresco.  Al Fresco.
3224,2361,5,18,96,119,1.2352941176470589,0.04729679185138561,627,We hope you like the haute cuisine.
365,2361,2,24,93,119,1.2352941176470589,0.042540533136545704,627,Thanks for reserving with the REALLY Open Table app
348,2361,3,22,94,119,1.2352941176470589,0.04418287918231217,627,Would you care for an umbrella?  It's migratory season.
313,2361,5,18,96,119,1.2352941176470589,0.04729679185138561,627,Forget the fake call to ditch your date -- just push the table over a little.
11,2361,3,22,94,119,1.2352941176470589,0.04418287918231217,627,You asked for a table near a window.
601,2361,2,24,93,119,1.2352941176470589,0.042540533136545704,627,The pigeon is quite popular with the locals.
1729,2361,4,20,95,119,1.2352941176470589,0.04576632677128508,627,"If you fall off, your meal is free"
428,2361,3,22,94,119,1.2352941176470589,0.04418287918231217,627,Pick your pigeon is the early bird special.
1938,2361,4,20,95,119,1.2352941176470589,0.04576632677128508,627,"If either of you are going to jump, may I suggest the house Merlot."
1905,2361,3,22,94,119,1.2352941176470589,0.04418287918231217,627,The tourist guide said top restaurant with city view.
3119,2361,6,16,97,119,1.2352941176470589,0.04877926170751816,627,The squab is delicious according to all the falcons.
3115,2361,4,20,95,119,1.2352941176470589,0.04576632677128508,627,But the Maitre d' said you didn't want anybody eavesdropping.
2844,2361,6,16,97,119,1.2352941176470589,0.04877926170751816,627,This is all we had for a marital discourse section.
2791,2361,4,20,95,119,1.2352941176470589,0.04576632677128508,627,"When you said it's an edgy new restaurant, I didn't think you meant literally."
2738,2361,4,20,95,119,1.2352941176470589,0.04576632677128508,627,Not my idea of haute cuisine
2632,2361,5,18,96,119,1.2352941176470589,0.04729679185138561,627,So you finally found a spot where you’re table doesn’t wobble. I’m still not coming any closer.
2848,2361,6,16,97,119,1.2352941176470589,0.04877926170751816,627,Our “Chef’s Surprise” is on the house.
2474,2361,4,20,95,119,1.2352941176470589,0.04576632677128508,627,Do we have any room for dessert?
2447,2361,5,18,96,119,1.2352941176470589,0.04729679185138561,627,Let me know if it’s too breezy for you.
2367,2361,3,22,94,119,1.2352941176470589,0.04418287918231217,627,You've been acting strange ever since I told you I'd include you in the will.
2312,2361,5,18,96,119,1.2352941176470589,0.04729679185138561,627,"We give a whole new meaning to ""al fresco dining."""
2211,2361,4,20,95,119,1.2352941176470589,0.04576632677128508,627,"If this place is so edgy, how come we're the only ones here?"
2613,2361,3,22,94,119,1.2352941176470589,0.04418287918231217,627,"The chef recommends the fresh pigeon"""
1950,2361,2,24,93,119,1.2352941176470589,0.042540533136545704,627,"We're thinking a well-balanced red, perhaps a tad edgy."
4499,2429,4,19,92,115,1.2347826086956522,0.046756644404553516,627,"When  you said this place had atmosphere, you weren't kidding."
4225,2429,6,15,94,115,1.2347826086956522,0.04991286806593372,627,My apologies. The hostess thought you asked for the table ON the corner.
4162,2429,4,19,92,115,1.2347826086956522,0.046756644404553516,627,"Ha - bet you thought we couldn't spell '""ledgendary."""
4147,2429,5,17,93,115,1.2347826086956522,0.048360511755673,627,I'll give you a few minutes to examine the menu and reflect on the gravity of your situation. Sparkling or Still?
6298,2429,5,17,93,115,1.2347826086956522,0.048360511755673,627,This is not the time for me to be pushy
4097,2429,5,17,93,115,1.2347826086956522,0.048360511755673,627,Dine and Dash is no longer a problem...
3856,2429,4,19,92,115,1.2347826086956522,0.046756644404553516,627,May I offer you some suggestions?
4518,2429,5,17,93,115,1.2347826086956522,0.048360511755673,627,We're giving our regulars a preview of our newly conceived sidewalk dining experience for when the city finally floods.
3426,2429,4,19,92,115,1.2347826086956522,0.046756644404553516,627,"Sir, your text stated you desired a table with our ""ledgendary"" view."
4119,2429,3,21,91,115,1.2347826086956522,0.045095770252620654,627,You said you didn't want to be near the restrooms
4764,2429,4,19,92,115,1.2347826086956522,0.046756644404553516,627,"Hurry up and order, the window washers are due  any minute!"
5552,2429,5,17,93,115,1.2347826086956522,0.048360511755673,627,"I'm not sure I gave you the correct menu, did you say ""Acrophobic"" or ""Agoraphobic"""
4944,2429,3,21,91,115,1.2347826086956522,0.045095770252620654,627,"Is it just me, or are the sky-high prices giving you vertigo?"
5024,2429,7,13,95,115,1.2347826086956522,0.0514183790085221,627,Should we ask him if they have something other than pigeon entrees?
5082,2429,4,19,92,115,1.2347826086956522,0.046756644404553516,627,Our special this evening- 'pigeon' under glass
5109,2429,5,17,93,115,1.2347826086956522,0.048360511755673,627,They say the prices here will send you over the edge.
5188,2429,6,15,94,115,1.2347826086956522,0.04991286806593372,627,I'll be piloting your drone this evening.
5265,2429,3,21,91,115,1.2347826086956522,0.045095770252620654,627,Does this apron make me look fat?
5407,2429,5,17,93,115,1.2347826086956522,0.048360511755673,627,No - this is the last table near a window.
5415,2429,5,17,93,115,1.2347826086956522,0.048360511755673,627,This isn't a mustache. It's far-away birds.
5491,2429,3,21,91,115,1.2347826086956522,0.045095770252620654,627,"Bottled, tap, or rain for the table?"
6052,2429,4,19,92,115,1.2347826086956522,0.046756644404553516,627,"Your idea of romantic, rooftop dining leaves much to be desired."
6211,2429,6,15,94,115,1.2347826086956522,0.04991286806593372,627,It’s so annoying when they give you the Fall menu when its still Summer
4875,2429,2,23,90,115,1.2347826086956522,0.04337134069152608,627,OK. Next time we'll get here earlier.
3214,2429,6,15,94,115,1.2347826086956522,0.04991286806593372,627,"''Depending on your agility, we may have run out of the pigeon.''"
3886,2429,7,13,95,115,1.2347826086956522,0.0514183790085221,627,Our special for the day is pigeon
3187,2429,5,17,93,115,1.2347826086956522,0.048360511755673,627,I’m trying to find out how desperate you are
171,2429,2,23,90,115,1.2347826086956522,0.04337134069152608,627,The reviews said it would be an edgy dining experience.
426,2429,4,19,92,115,1.2347826086956522,0.046756644404553516,627,"Our higher prices,sir, are based on your location."
547,2429,1,25,89,115,1.2347826086956522,0.04157544818860893,627,"WELL, you asked for a table by the window!"
655,2429,4,19,92,115,1.2347826086956522,0.046756644404553516,627,I like a guy who is out front on first dates.
837,2429,4,19,92,115,1.2347826086956522,0.046756644404553516,627,"As you can see, our terrace seating is to die for."
884,2429,4,19,92,115,1.2347826086956522,0.046756644404553516,627,"If you think that drop is alarming, wait until you see our entrees."
1020,2429,6,15,94,115,1.2347826086956522,0.04991286806593372,627,The service is great here the servers never miss a step.
1076,2429,5,17,93,115,1.2347826086956522,0.048360511755673,627,"The chef says everything is vegan except for the bird droppings."""
1267,2429,6,15,94,115,1.2347826086956522,0.04991286806593372,627,"I'm sorry, sir. We only offer the lunch menu up until the 3rd floor."
1391,2429,7,13,95,115,1.2347826086956522,0.0514183790085221,627,"Sir, you did reserve our Ledge ’n’ Dairy™ dinner package.
Will that be skim or whole?"
1585,2429,4,19,92,115,1.2347826086956522,0.046756644404553516,627,Something about this place is making me feel a bit jumpy.
674,2429,7,13,95,115,1.2347826086956522,0.0514183790085221,627,"If you couldn't tell when you sat down, our special today is squab."
2054,2429,6,15,94,115,1.2347826086956522,0.04991286806593372,627,"Well, this is special."
1640,2429,3,21,91,115,1.2347826086956522,0.045095770252620654,627,"Two buffets? Of course, and whom should we notify in case of emergency?"
3065,2429,4,19,92,115,1.2347826086956522,0.046756644404553516,627,I can return you to your seats by the bathroom.
2963,2429,3,21,91,115,1.2347826086956522,0.045095770252620654,627,Tonight's special is Pigeon Sous Vide.
3208,2429,6,15,94,115,1.2347826086956522,0.04991286806593372,627,We'll have what Trump had.
2916,2429,1,25,89,115,1.2347826086956522,0.04157544818860893,627,Tonight's special is fresh squab caught and prepared table side.
2736,2429,3,21,91,115,1.2347826086956522,0.045095770252620654,627,"On Airbnb, it said ""includes rooftop lounge"""
2428,2429,6,15,94,115,1.2347826086956522,0.04991286806593372,627,"This is the ""cutting edge"" in dining"
2338,2429,2,23,90,115,1.2347826086956522,0.04337134069152608,627,"Wow, when you said ""an edgy restaurant"" you really meant it!"
2132,2429,5,17,93,115,1.2347826086956522,0.048360511755673,627,"All these years, I had thought 'en plein air' applied only to painting."
2805,2429,3,21,91,115,1.2347826086956522,0.045095770252620654,627,What may I get startled for you?
3583,2479,5,17,94,116,1.2327586206896552,0.04798450309042525,627,The pigeon is fresh this evening.
4474,2480,5,16,92,113,1.2300884955752212,0.048701290225684514,627,The squab is prepared tableside.
4638,2480,3,20,90,113,1.2300884955752212,0.04534049011486548,627,You did ask for a window table.
4573,2480,5,16,92,113,1.2300884955752212,0.048701290225684514,627,Most people would die for a view like this.
4581,2480,4,18,91,113,1.2300884955752212,0.047050907076817174,627,"No, we don't have Bird's Nest Soup. Why do you ask?"
4617,2480,5,16,92,113,1.2300884955752212,0.048701290225684514,627,"Well, you DID ask to be seated by the window."
4673,2480,2,22,89,113,1.2300884955752212,0.043562968573791494,627,Our catch of the day is sauteed squab.
4877,2480,4,18,91,113,1.2300884955752212,0.047050907076817174,627,This is our quietest table.
4804,2480,6,14,93,113,1.2300884955752212,0.050297549468551875,627,"...but, the view is incredible!"
4849,2480,4,18,91,113,1.2300884955752212,0.047050907076817174,627,We’ve raised fine dining to new heights.
4850,2480,2,22,89,113,1.2300884955752212,0.043562968573791494,627,I’d avoid the pigeon.
5031,2480,4,18,91,113,1.2300884955752212,0.047050907076817174,627,"Let me know when ready to order from your menu, slash liability waivers. Enjoy now."
4439,2480,4,18,91,113,1.2300884955752212,0.047050907076817174,627,Those are the fall specials.
4785,2480,4,18,91,113,1.2300884955752212,0.047050907076817174,627,Yelp said the view was to die for.
4325,2480,5,16,92,113,1.2300884955752212,0.048701290225684514,627,You get to pick your own pigeon.
3716,2480,1,24,88,113,1.2300884955752212,0.04170976406150094,627,"It used to be a 1950s style diner, but the waiters didn't want to wear the roller skates."
4256,2480,3,20,90,113,1.2300884955752212,0.04534049011486548,627,"Yep, this is the table you paid $1000 and waited 6 months for.  On the bright side, it isn't raining out!"
4245,2480,3,20,90,113,1.2300884955752212,0.04534049011486548,627,That's the fourth busboy we lost this week.
4200,2480,2,22,89,113,1.2300884955752212,0.043562968573791494,627,If you'll scoot a bit closer I'll tell you what's on the menu.
4093,2480,5,16,92,113,1.2300884955752212,0.048701290225684514,627,I recommend the sill-to-table squab.
4079,2480,3,20,90,113,1.2300884955752212,0.04534049011486548,627,The menu will blow you away.
4068,2480,4,18,91,113,1.2300884955752212,0.047050907076817174,627,What a view! I hope the food is as good.
4000,2480,2,22,89,113,1.2300884955752212,0.043562968573791494,627,For an appetizer may I suggest the deconstructed egg drop soup. You get to drop it yourself.
3881,2480,3,20,90,113,1.2300884955752212,0.04534049011486548,627,Don’t order too much wine.  It might make you tipsy.
3875,2480,4,18,91,113,1.2300884955752212,0.047050907076817174,627,Can we interest you in our locally sourced squab?
3874,2480,4,18,91,113,1.2300884955752212,0.047050907076817174,627,Dine 'n dash is not an option
5041,2480,4,18,91,113,1.2300884955752212,0.047050907076817174,627,Fran warned me that the waiters are pushy here.
3624,2480,5,16,92,113,1.2300884955752212,0.048701290225684514,627,"The rest of your party would appear to have arrived sir"""
3589,2480,7,12,94,113,1.2300884955752212,0.051844684350823206,627,"And for you Batm...er, Mr. Wayne?"
3573,2480,5,16,92,113,1.2300884955752212,0.048701290225684514,627,You have to stop insisting on the table with the best view every time we try a new restaurant.
4303,2480,2,22,89,113,1.2300884955752212,0.043562968573791494,627,They did say intimate seating available.
5054,2480,4,18,91,113,1.2300884955752212,0.047050907076817174,627,This is as far left as we have.
5528,2480,4,18,91,113,1.2300884955752212,0.047050907076817174,627,I'll have my steak medium-rare and our divorce well-done
5176,2480,4,18,91,113,1.2300884955752212,0.047050907076817174,627,Tonight’s special is locally sourced pigeon
6454,2480,4,18,91,113,1.2300884955752212,0.047050907076817174,627,Welcome to edgy cuisine.
6451,2480,4,18,91,113,1.2300884955752212,0.047050907076817174,627,Today's special is stuffed pigeon.
6210,2480,7,12,94,113,1.2300884955752212,0.051844684350823206,627,"...and, as always, the squab is fresh tonight."
6205,2480,4,18,91,113,1.2300884955752212,0.047050907076817174,627,"Hi, I'm ER Dr. Sanchez and I'll be taking care of you tonight."
6187,2480,3,20,90,113,1.2300884955752212,0.04534049011486548,627,I don't think fresh-air dining is all it is cracked up to be.
6159,2480,4,18,91,113,1.2300884955752212,0.047050907076817174,627,Maybe we should go easy on the cocktails.
6113,2480,5,16,92,113,1.2300884955752212,0.048701290225684514,627,Their Take-Out Is to Die For
6079,2480,5,16,92,113,1.2300884955752212,0.048701290225684514,627,I promise. This is the last time I propose to you.
6045,2480,4,18,91,113,1.2300884955752212,0.047050907076817174,627,This isn't quite what I had in mind when I said let's go 'out' for dinner.
6005,2480,3,20,90,113,1.2300884955752212,0.04534049011486548,627,"Of course, your dinner is on the house."
5896,2480,4,18,91,113,1.2300884955752212,0.047050907076817174,627,"We should've been more specific when we told him ""a table by the window"""
5893,2480,2,22,89,113,1.2300884955752212,0.043562968573791494,627,"Welcome back, Mr. & Mrs. Pidgeon. Might I start you off with some leftover bread?"
5821,2480,6,14,93,113,1.2300884955752212,0.050297549468551875,627,Chef Pierre is known for his edgy approach to cuisine
5819,2480,6,14,93,113,1.2300884955752212,0.050297549468551875,627,"You asked for a table by the window, didn't you?"
5726,2480,5,16,92,113,1.2300884955752212,0.048701290225684514,627,Our specials tonight are ledgendary.
5712,2480,3,20,90,113,1.2300884955752212,0.04534049011486548,627,The patio special tonight is pigeon sous-vide with a very nice cream sauce.
5697,2480,3,20,90,113,1.2300884955752212,0.04534049011486548,627,This restaurant is a ledge end.
5650,2480,4,18,91,113,1.2300884955752212,0.047050907076817174,627,"Yes, it is outdoors and private, but the waiter wants an extra trip for delivery service."
5578,2480,3,20,90,113,1.2300884955752212,0.04534049011486548,627,Might I recommend the hanger-on steak?
3509,2480,5,16,92,113,1.2300884955752212,0.048701290225684514,627,The pigeon is fresh today
5497,2480,7,12,94,113,1.2300884955752212,0.051844684350823206,627,"We demanded a window view, not to be the window view!"
5450,2480,4,18,91,113,1.2300884955752212,0.047050907076817174,627,Where'd your son go?
5376,2480,5,16,92,113,1.2300884955752212,0.048701290225684514,627,Due to high winds there is no tableside service today.
5340,2480,5,16,92,113,1.2300884955752212,0.048701290225684514,627,Aren’t window seats usually on the inside?
5281,2480,2,22,89,113,1.2300884955752212,0.043562968573791494,627,Can I recommend the steak à la précipice? Perhaps well done?
5245,2480,7,12,94,113,1.2300884955752212,0.051844684350823206,627,"You may call it “Siberia”, but we call it a “table with a view."
5241,2480,5,16,92,113,1.2300884955752212,0.048701290225684514,627,We advertise our restaurant as High End.
5221,2480,4,18,91,113,1.2300884955752212,0.047050907076817174,627,The sunset view makes the wait for the reservation worth it.
5178,2480,7,12,94,113,1.2300884955752212,0.051844684350823206,627,"Yes, ICE just carted off several of our employees but the remaining staff still voted to seat you out here. Would you like to hear tonight's specials?"
5154,2480,4,18,91,113,1.2300884955752212,0.047050907076817174,627,Sarah Huckabee Sanders said nothing but good things about the atmosphere here
3358,2480,3,20,90,113,1.2300884955752212,0.04534049011486548,627,The chef recommends the pigeon.
4127,2480,4,18,91,113,1.2300884955752212,0.047050907076817174,627,The special tonight is locally sourced squab.
3279,2480,4,18,91,113,1.2300884955752212,0.047050907076817174,627,"May I recommend the squab?
It will be quite fresh."
2035,2480,5,16,92,113,1.2300884955752212,0.048701290225684514,627,I'm sorry. It has fallen so no souffle tonight. Perhaps shoo fly pie?
1860,2480,1,24,88,113,1.2300884955752212,0.04170976406150094,627,"This is our new ""free range"" dining area."
1834,2480,5,16,92,113,1.2300884955752212,0.048701290225684514,627,Tonight's special... just flew by.
1762,2480,7,12,94,113,1.2300884955752212,0.051844684350823206,627,"Donald, I told you to make the reservations in a fake name."
1736,2480,5,16,92,113,1.2300884955752212,0.048701290225684514,627,Tonight's special is really going to put you over the edge.
1680,2480,9,8,96,113,1.2300884955752212,0.05480809174954582,627,"Rooftop dining, huh? You think I don’t recognize your cousin Charlie AND his apartment?"
1645,2480,5,16,92,113,1.2300884955752212,0.048701290225684514,627,"Ah, you must be the pathetic fucks paying with a Groupon."
1627,2480,4,18,91,113,1.2300884955752212,0.047050907076817174,627,The special today is Wild Pidgeon
1599,2480,4,18,91,113,1.2300884955752212,0.047050907076817174,627,One of us is getting tipped.
1593,2480,5,16,92,113,1.2300884955752212,0.048701290225684514,627,Please try not to drop any of the dinnerware and I will be right back with your drinks.
1546,2480,5,16,92,113,1.2300884955752212,0.048701290225684514,627,"This is taking ""bar menu"" to another level."
1435,2480,3,20,90,113,1.2300884955752212,0.04534049011486548,627,It's just a precaution---our molecular soufflet sometimes spontaneously combusts
1430,2480,3,20,90,113,1.2300884955752212,0.04534049011486548,627,"We only serve light meals, luckily​ for you"
2085,2480,2,22,89,113,1.2300884955752212,0.043562968573791494,627,Let's see. I think I'll have the ledge salad.
1377,2480,3,20,90,113,1.2300884955752212,0.04534049011486548,627,Do you think I'll get a little umbrella in my Mai Tai?
1240,2480,1,24,88,113,1.2300884955752212,0.04170976406150094,627,It’s not just the prices that are sky high
1169,2480,5,16,92,113,1.2300884955752212,0.048701290225684514,627,"As you requested, a table on the terrace."
970,2480,3,20,90,113,1.2300884955752212,0.04534049011486548,627,"I am sorry, I didn't tip last time."
960,2480,4,18,91,113,1.2300884955752212,0.047050907076817174,627,"""A view to die for"" wasn't an exaggeration."
937,2480,1,24,88,113,1.2300884955752212,0.04170976406150094,627,You wanted to eat somewhere edgy...
874,2480,3,20,90,113,1.2300884955752212,0.04534049011486548,627,I've heard that this was quite an edge place.
720,2480,7,12,94,113,1.2300884955752212,0.051844684350823206,627,"If the menu looks too edgy for you, let me know and I’ll throw you a rope."
653,2480,5,16,92,113,1.2300884955752212,0.048701290225684514,627,Please let me know if you have any questions about our new take out menu.
450,2480,4,18,91,113,1.2300884955752212,0.047050907076817174,627,"Well, you insisted on a table near the window."
366,2480,3,20,90,113,1.2300884955752212,0.04534049011486548,627,"Ma'am, might I suggest you start with the dessert?"
3294,2480,6,14,93,113,1.2300884955752212,0.050297549468551875,627,So is this table far enough away from the kitchen for you?
126,2480,4,18,91,113,1.2300884955752212,0.047050907076817174,627,Is this far enough away from the kitchen for you?
5,2480,4,18,91,113,1.2300884955752212,0.047050907076817174,627,It won’t seem high after you see the bill.
1314,2480,7,12,94,113,1.2300884955752212,0.051844684350823206,627,The prices were left off the menu intentionally for your dining safety.
2089,2480,4,18,91,113,1.2300884955752212,0.047050907076817174,627,You said you liked to live life on the edge.
306,2480,5,16,92,113,1.2300884955752212,0.048701290225684514,627,"Ranch, blue cheese, or just hold your plate in the air and wait."
2168,2480,2,22,89,113,1.2300884955752212,0.043562968573791494,627,"Tonight's special is ""pigeon farci"" , which is locally sourced. Very locally."
3212,2480,5,16,92,113,1.2300884955752212,0.048701290225684514,627,Ledge just agree to disagree.
3172,2480,4,18,91,113,1.2300884955752212,0.047050907076817174,627,I particularly recommend our fresh pigeon this evening.
3168,2480,5,16,92,113,1.2300884955752212,0.048701290225684514,627,"If you have to barf, the pigeons will handle it."
3150,2480,4,18,91,113,1.2300884955752212,0.047050907076817174,627,I think we'll skip the wine
3106,2480,2,22,89,113,1.2300884955752212,0.043562968573791494,627,Be careful not to get tipsy.
3070,2480,5,16,92,113,1.2300884955752212,0.048701290225684514,627,Might I suggest the fall vegetables?
3042,2480,4,18,91,113,1.2300884955752212,0.047050907076817174,627,I love a menu that can take a risk.
2887,2480,5,16,92,113,1.2300884955752212,0.048701290225684514,627,Might I push you in the direction of our special this evening?
2861,2480,3,20,90,113,1.2300884955752212,0.04534049011486548,627,I don't think he understood when I said we wanted a window table.
2860,2480,4,18,91,113,1.2300884955752212,0.047050907076817174,627,Bordeaux goes well with a fear of heights.
2857,2480,5,16,92,113,1.2300884955752212,0.048701290225684514,627,Try the squab; it's very fresh.
2789,2480,5,16,92,113,1.2300884955752212,0.048701290225684514,627,The Squab is extremely fresh
2956,2480,4,18,91,113,1.2300884955752212,0.047050907076817174,627,"Tonight' Special is 
Roast Pigeon Pour Deux"
2649,2480,5,16,92,113,1.2300884955752212,0.048701290225684514,627,May I suggest the fresh squab with essence of local fungi.
2773,2480,6,14,93,113,1.2300884955752212,0.050297549468551875,627,"I'd tell you the specials, but it's too much trouble."
2213,2480,4,18,91,113,1.2300884955752212,0.047050907076817174,627,"I’m thinking I’ll have the braised pigeon...that one, over there. And you?"
2249,2480,2,22,89,113,1.2300884955752212,0.043562968573791494,627,whatwver you do... don’t swipe right.
2264,2480,4,18,91,113,1.2300884955752212,0.047050907076817174,627,You've come to the right place for edgy cuisine.
2285,2480,5,16,92,113,1.2300884955752212,0.048701290225684514,627,En plain air
2348,2480,2,22,89,113,1.2300884955752212,0.043562968573791494,627,I recommend the squab.  It's local.
2200,2480,3,20,90,113,1.2300884955752212,0.04534049011486548,627,"You did request a corner outdoor table, did you not?"
2126,2480,4,18,91,113,1.2300884955752212,0.047050907076817174,627,"We got you the corner table, as you requested."
2400,2480,4,18,91,113,1.2300884955752212,0.047050907076817174,627,"The pigeon is local, and the chef’s special."
2436,2480,3,20,90,113,1.2300884955752212,0.04534049011486548,627,Pigeon pie's our special du jour: guaranteed ledge to table.
2440,2480,4,18,91,113,1.2300884955752212,0.047050907076817174,627,"This is not the new, edgy restaurant I thought it would be but let's try an appetizer."
2554,2480,5,16,92,113,1.2300884955752212,0.048701290225684514,627,"Gee Honey, that three-dollar tip sure worked wonders."
2358,2480,3,20,90,113,1.2300884955752212,0.04534049011486548,627,"In addition to the outside table, it's your lucky night. Today's special is pigeon."
6354,2605,2,21,86,109,1.2293577981651376,0.04445660038197049,627,Our chef strives to provide a very literal version of 'haute cuisine.'
1522,2605,1,23,85,109,1.2293577981651376,0.04250287816389273,627,Tonight's squab is incredibly fresh.
5877,2607,4,19,95,118,1.228813559322034,0.04569075955897573,627,"On second thought, let's not dine al fresco."
5184,2608,6,14,94,114,1.2280701754385965,0.0498952290276673,627,You asked for a private table. This is a private table.
5585,2608,3,20,91,114,1.2280701754385965,0.04498630563125218,627,It’s part of our bottomless brunch deal.
6007,2608,4,18,92,114,1.2280701754385965,0.04668000738510451,627,This table is for diners without reservations.
4475,2608,6,14,94,114,1.2280701754385965,0.0498952290276673,627,Spiderman is particularly fond of this table and loves our pigeon pate.
4389,2608,1,24,89,114,1.2280701754385965,0.04139150763258655,627,I trust you are fine with the open air private dinning you requested.
4299,2608,4,18,92,114,1.2280701754385965,0.04668000738510451,627,The special tonight is wild pigeon.
4298,2608,4,18,92,114,1.2280701754385965,0.04668000738510451,627,"Honey, when I said 'haute cuisine' this isn't what I meant."
4120,2608,5,16,93,114,1.2280701754385965,0.04831437140849907,627,Let’s order and then we play musical chairs!
5581,2608,6,14,94,114,1.2280701754385965,0.0498952290276673,627,Dining out with you is one tall order!
3908,2608,4,18,92,114,1.2280701754385965,0.04668000738510451,627,May I recommend the fresh pigeon?
3133,2608,5,16,93,114,1.2280701754385965,0.04831437140849907,627,"Sir, I can't keep lying. Your in-laws saw the open table for four."
2506,2608,2,22,90,114,1.2280701754385965,0.04322629175887577,627,Probably not a good idea to order anything too heavy.
2060,2608,2,22,90,114,1.2280701754385965,0.04322629175887577,627,You’ll be pleased to learn that our squab is very local.
1797,2608,5,16,93,114,1.2280701754385965,0.04831437140849907,627,"Under ""Specials"" today we have a sweet Rigatoni, and a Beef and Vegetable Medley.  Under desserts we have our signature Chocolate Brownie Truffle.  And under your ledge we have a pile of empty cardboard boxes and yoga mats."
1671,2608,7,12,95,114,1.2280701754385965,0.05142751476445614,627,I thought you said Hedge Fund.
1227,2608,4,18,92,114,1.2280701754385965,0.04668000738510451,627,I feel a chill. You?
1193,2608,4,18,92,114,1.2280701754385965,0.04668000738510451,627,"I'm Ian, and I'll be your server this evening at Ledge."
544,2608,4,18,92,114,1.2280701754385965,0.04668000738510451,627,Good evening and welcome to L'edge.
2636,2608,4,18,92,114,1.2280701754385965,0.04668000738510451,627,"Sorry, the patio was full."
6059,2627,6,13,91,110,1.2272727272727273,0.0511079756250649,627,May I suggest the fresh pigeon.
5596,2627,7,11,92,110,1.2272727272727273,0.052714616985093,627,Tonight’s special entree ran and played in the very street below you!
3238,2627,7,11,92,110,1.2272727272727273,0.052714616985093,627,Tonight's defenestration special is...
3626,2627,4,17,89,110,1.2272727272727273,0.04773273331484981,627,"I recommend the pigeon, which was locally sourced."
772,2627,5,15,90,110,1.2272727272727273,0.0494491607724479,627,Water only on request. Perhaps not even then.
311,2632,4,18,93,115,1.2260869565217392,0.04631479453711978,627,It's generally wise to tip your maître d'.
3585,2633,4,17,90,111,1.2252252252252251,0.04734504824060214,627,Any height allergies we should know about?
4548,2633,2,21,88,111,1.2252252252252251,0.04374875158566946,627,The special of the day is squab.
3389,2633,2,21,88,111,1.2252252252252251,0.04374875158566946,627,Good evening Madam and Sir...after you have read and signed the disclaimer I  will let you know chef’s delicious specials for dinner service
3380,2633,4,17,90,111,1.2252252252252251,0.04734504824060214,627,"I'll serve you, but don't start anything."
3656,2633,3,19,89,111,1.2252252252252251,0.04558238068711177,627,"Honey, OSHA requires a frickin railing."
3711,2633,4,17,90,111,1.2252252252252251,0.04734504824060214,627,"Zagat was right. The menu is pretty ordinary,                                                         but it does have a view to die for."
3755,2633,3,19,89,111,1.2252252252252251,0.04558238068711177,627,I guess this is better than our original table next to the bathroom.
3903,2633,4,17,90,111,1.2252252252252251,0.04734504824060214,627,"For your information I never said hip, I said edgy. Hurry up and order before the pigeons notice."
3277,2633,3,19,89,111,1.2252252252252251,0.04558238068711177,627,For our special this evening we are serving a local roost pigeon.
4237,2633,3,19,89,111,1.2252252252252251,0.04558238068711177,627,"You might want to order something quick; if it starts raining, our alfresco dining area can get a little slippery."
4322,2633,3,19,89,111,1.2252252252252251,0.04558238068711177,627,"Sir, we never let our customers down."
4404,2633,4,17,90,111,1.2252252252252251,0.04734504824060214,627,Would you like to hear your exit strategy?
4829,2633,0,25,86,111,1.2252252252252251,0.03982904640716733,627,"This is really an edgy place, isn't it?"
5640,2633,6,13,92,111,1.2252252252252251,0.05068682196099171,627,I told you we should have dressed better.
5145,2633,2,21,88,111,1.2252252252252251,0.04374875158566946,627,The pigeon is very fresh tonight.
5292,2633,5,15,91,111,1.2252252252252251,0.04904440596750161,627,Have you guys had enough yet of living on the edge?
5439,2633,4,17,90,111,1.2252252252252251,0.04734504824060214,627,I'm on the verge of making my choice.
5526,2633,4,17,90,111,1.2252252252252251,0.04734504824060214,627,"This old town is getting me down, too, but you need to move the table back where it was."
5603,2633,3,19,89,111,1.2252252252252251,0.04558238068711177,627,"For a starter tonight, the chef is featuring a fabulous ledge salad."
5786,2633,4,17,90,111,1.2252252252252251,0.04734504824060214,627,Can I offer you a complimentary guardrail?
5947,2633,6,13,92,111,1.2252252252252251,0.05068682196099171,627,"Welcome to Trump Tower. Today, our specials are Liar & Fatmouth
Bang Bang Shrimp, as well as Friend or Foe Gratin and for dessert, Death...by chocolate."
6013,2633,2,21,88,111,1.2252252252252251,0.04374875158566946,627,"...And if you drop your steak knife, we're not liable."
6176,2633,7,11,93,111,1.2252252252252251,0.052277663340144,627,See how I turned your death wish into a dining experience?
3255,2633,2,21,88,111,1.2252252252252251,0.04374875158566946,627,The squab is extremely local.
6206,2633,4,17,90,111,1.2252252252252251,0.04734504824060214,627,It's on the house.
6242,2633,1,23,87,111,1.2252252252252251,0.041834831199664864,627,May I suggest a nice French wine that pairs nicely with the local rock dove?
6243,2633,5,15,91,111,1.2252252252252251,0.04904440596750161,627,"Um, I really should go check on the solitary diner eating all alone several ledges above you."
4914,2633,6,13,92,111,1.2252252252252251,0.05068682196099171,627,"If you don't want to go out on a ledge, I recommend the burger and fries."
3167,2633,2,21,88,111,1.2252252252252251,0.04374875158566946,627,They take their early-bird-special literally.
2693,2633,4,17,90,111,1.2252252252252251,0.04734504824060214,627,"Yes, we do expect a dip in business when the L train shuts down."
2772,2633,4,17,90,111,1.2252252252252251,0.04734504824060214,627,Some consider our offerings too edgy.
326,2633,5,15,91,111,1.2252252252252251,0.04904440596750161,627,We're out of Squab.
391,2633,3,19,89,111,1.2252252252252251,0.04558238068711177,627,"Todays special is a green salad with grains, seeds and berries, with a choice of  insects, snails and earthworms in the wild."
473,2633,4,17,90,111,1.2252252252252251,0.04734504824060214,627,I would recommend against the bread sticks due to pigeon risk.
629,2633,7,11,93,111,1.2252252252252251,0.052277663340144,627,"Sir, we don't serve the Cherries Jubilee table side anymore for obvious reasons"
663,2633,3,19,89,111,1.2252252252252251,0.04558238068711177,627,Blame yourself.  You insisted on outside dining.
835,2633,2,21,88,111,1.2252252252252251,0.04374875158566946,627,Welcome to “Living on the Ledge”. Can I take your order?
841,2633,6,13,92,111,1.2252252252252251,0.05068682196099171,627,And don't forget to tip your waiter!
886,2633,4,17,90,111,1.2252252252252251,0.04734504824060214,627,"We require a ""just-in-case"" pre-payment."
891,2633,3,19,89,111,1.2252252252252251,0.04558238068711177,627,Studies show that  people bond over near-death experiences: you're welcome.
903,2633,4,17,90,111,1.2252252252252251,0.04734504824060214,627,We would so appreciate it if you could skooch a tad closer to the edge.
281,2633,5,15,91,111,1.2252252252252251,0.04904440596750161,627,"Yes, the Mariachi band you hear below does come with the meal."
1332,2633,2,21,88,111,1.2252252252252251,0.04374875158566946,627,Just be mindful of the wind when you need to use the loo.
1525,2633,6,13,92,111,1.2252252252252251,0.05068682196099171,627,For our suicidal couples we recommend our menu gastronomique with wine pairing.
1545,2633,4,17,90,111,1.2252252252252251,0.04734504824060214,627,"I don't want to go out on a ledge, but you seem like people who would be willing to try tonight's special."
1562,2633,4,17,90,111,1.2252252252252251,0.04734504824060214,627,"Two for the road, then..."
1840,2633,4,17,90,111,1.2252252252252251,0.04734504824060214,627,"Your duck shall arrive shortly, along with the organic special sauce."
1906,2633,3,19,89,111,1.2252252252252251,0.04558238068711177,627,"How about starting with a cocktail, just to take the edge off."
2018,2633,6,13,92,111,1.2252252252252251,0.05068682196099171,627,Can I bring you parachutes while you’re thinking?
2494,2633,3,19,89,111,1.2252252252252251,0.04558238068711177,627,"That's French for, ""Please don't jump!"
2616,2633,3,19,89,111,1.2252252252252251,0.04558238068711177,627,I had more choice in the primaries.
3053,2633,6,13,92,111,1.2252252252252251,0.05068682196099171,627,"Just a friendly pice of advice.  We think the chef is off his meds again, so best not annoy him with any special requests"
2697,2633,4,17,90,111,1.2252252252252251,0.04734504824060214,627,Would you like to order now or wait for the paramedics to arrive?
1450,2633,5,15,91,111,1.2252252252252251,0.04904440596750161,627,We love to dine al fresco
43,2633,6,13,92,111,1.2252252252252251,0.05068682196099171,627,"On behalf of the Mafia, please enjoy your final meal."
2012,2688,6,12,89,107,1.2242990654205608,0.05195594354493409,627,I told you our food was ledgendary.
2209,2689,4,17,91,112,1.2232142857142858,0.046963493565653276,627,"I thought you said we were catching lunch ""on the hoof""."
3283,2690,4,16,88,108,1.2222222222222223,0.048037522351901875,627,Don't make any sudden movements.
4490,2690,4,16,88,108,1.2222222222222223,0.048037522351901875,627,We prefer payment in advance.
4346,2690,4,16,88,108,1.2222222222222223,0.048037522351901875,627,This place is popular with stock brokers.  When the market crashes they don't have to look for a window.
4341,2690,6,12,90,108,1.2222222222222223,0.05151450365446505,627,From our freshly foraged menu may I recommend the whole roasted pigeon in a lichen infused cream sauce.
4337,2690,9,6,93,108,1.2222222222222223,0.0563289879755577,627,May I suggest the cornice game hen.
4316,2690,6,12,90,108,1.2222222222222223,0.05151450365446505,627,"Well, madame, we thought 'Ledge to Ground' sounded more exciting than 'Farm to Table.'"
4267,2690,4,16,88,108,1.2222222222222223,0.048037522351901875,627,Does This place seem edgy?
4261,2690,3,18,87,108,1.2222222222222223,0.046201009590497714,627,"With no overhead, you would think the prices would be lower."
4223,2690,4,16,88,108,1.2222222222222223,0.048037522351901875,627,How many times have I warned you about under tipping?
4135,2690,3,18,87,108,1.2222222222222223,0.046201009590497714,627,Our al fresco dining isn't so popular since we moved upstairs.
4101,2690,4,16,88,108,1.2222222222222223,0.048037522351901875,627,"It’s lovely here, but we best keep our cocktails to a minimum"
4001,2690,4,16,88,108,1.2222222222222223,0.048037522351901875,627,Confirming your table reservationfor two for Mr. Al Fresco
3984,2690,4,16,88,108,1.2222222222222223,0.048037522351901875,627,"Is this far enough from the kitchen, asshole?"
3905,2690,5,14,89,108,1.2222222222222223,0.04980636325046914,627,It was this or the table by the kitchen.
3896,2690,4,16,88,108,1.2222222222222223,0.048037522351901875,627,Would you mind paying the gratuity NOW?
3894,2690,3,18,87,108,1.2222222222222223,0.046201009590497714,627,This our only table with a view for you and of  you.
3867,2690,6,12,90,108,1.2222222222222223,0.05151450365446505,627,Would you care for a canopy before dinner?
3858,2690,3,18,87,108,1.2222222222222223,0.046201009590497714,627,I’m going to step out on a limb and try the squab.
3817,2690,5,14,89,108,1.2222222222222223,0.04980636325046914,627,I highly recommend the ledge salad.
3794,2690,4,16,88,108,1.2222222222222223,0.048037522351901875,627,It looks like we are out of the pigeon.
3778,2690,3,18,87,108,1.2222222222222223,0.046201009590497714,627,You asked for the table nearest to the air conditioner. This is it.
3666,2690,1,22,85,108,1.2222222222222223,0.042289392926889366,627,"I don't know about you, but I'm teetering on the edge of ...risotto"
3596,2690,4,16,88,108,1.2222222222222223,0.048037522351901875,627,The ladies room is behind me?
3517,2690,4,16,88,108,1.2222222222222223,0.048037522351901875,627,Would you like everything to drink?
3502,2690,4,16,88,108,1.2222222222222223,0.048037522351901875,627,"I'm sorry, we're all out of parachutes."
3191,2690,3,18,87,108,1.2222222222222223,0.046201009590497714,627,May I recommend our catch-of-the-day: free-range pigeon stuff with Doritos and cigarette butts?
3402,2690,4,16,88,108,1.2222222222222223,0.048037522351901875,627,I think you'll find that this non-smoking section has plenty of fresh air.
4528,2690,4,16,88,108,1.2222222222222223,0.048037522351901875,627,You said you didn't want to sit close to the kitchen.
3285,2690,3,18,87,108,1.2222222222222223,0.046201009590497714,627,Would you like to hear our inclement specials?
3205,2690,3,18,87,108,1.2222222222222223,0.046201009590497714,627,I didn't realise what 'extreme' dining meant
4619,2690,4,16,88,108,1.2222222222222223,0.048037522351901875,627,May I suggest the Wedge on the Ledge?
5571,2690,4,16,88,108,1.2222222222222223,0.048037522351901875,627,We've found that this makes it much harder to Dine and Dash.
4640,2690,4,16,88,108,1.2222222222222223,0.048037522351901875,627,"Oh, and just a heads up, the kitchen is a little backed up tonight."
6105,2690,3,18,87,108,1.2222222222222223,0.046201009590497714,627,"Our special today, the Ledge Salad."
6408,2690,2,20,86,108,1.2222222222222223,0.04428840729415601,627,"Honestly, the sidewalk pigeons are tastier.."
6334,2690,1,22,85,108,1.2222222222222223,0.042289392926889366,627,At Vertigo's we take ambiance seriously.
6290,2690,2,20,86,108,1.2222222222222223,0.04428840729415601,627,"I'm not really thrilled with this new non-smoking section, Jean-Pierre."
6288,2690,3,18,87,108,1.2222222222222223,0.046201009590497714,627,I recommend the pigeon soup
6122,2690,4,16,88,108,1.2222222222222223,0.048037522351901875,627,I want you to know that your exclusive seating is on the house.
6063,2690,2,20,86,108,1.2222222222222223,0.04428840729415601,627,"I'm sorry, this was the only table near a window"
6060,2690,2,20,86,108,1.2222222222222223,0.04428840729415601,627,"We don't call it a check here, we call it a ledger."""
6040,2690,2,20,86,108,1.2222222222222223,0.04428840729415601,627,You asked for any seats we have let.
5912,2690,5,14,89,108,1.2222222222222223,0.04980636325046914,627,"Well,  you asked for the edgiest spot in town."
5883,2690,2,20,86,108,1.2222222222222223,0.04428840729415601,627,"The squab is excellent.
And locally sourced."
5873,2690,3,18,87,108,1.2222222222222223,0.046201009590497714,627,I hear the pigeon is incredibly fresh.
5854,2690,5,14,89,108,1.2222222222222223,0.04980636325046914,627,"sorry, the table in the kitchen is already taken"
5783,2690,4,16,88,108,1.2222222222222223,0.048037522351901875,627,The house white is precarious with a hint of soot.
4639,2690,4,16,88,108,1.2222222222222223,0.048037522351901875,627,You wanted a table with a view!
5746,2690,2,20,86,108,1.2222222222222223,0.04428840729415601,627,I trust your corner table is suitable.
5619,2690,0,24,84,108,1.2222222222222223,0.04019107472557346,627,"No, I’m afraid we cannot prepare your Caesar’s salad at the table."
5617,2690,4,16,88,108,1.2222222222222223,0.048037522351901875,627,May I suggest reading glasses? The menus are not very ledge-ible.
5590,2690,4,16,88,108,1.2222222222222223,0.048037522351901875,627,You're simply going to fall out of your seat when you taste the scallops!
3159,2690,5,14,89,108,1.2222222222222223,0.04980636325046914,627,May I suggest the Pigeon Surprise as a starter?
5522,2690,3,18,87,108,1.2222222222222223,0.046201009590497714,627,the view from up here is gorgeous. but don’t look down
5324,2690,4,16,88,108,1.2222222222222223,0.048037522351901875,627,The adrenaline pairs well with a dry red.
5316,2690,2,20,86,108,1.2222222222222223,0.04428840729415601,627,This is NOT what I had in mind when you mentioned outdoor dining.
5297,2690,3,18,87,108,1.2222222222222223,0.046201009590497714,627,The menu here is quite edgy.
5018,2690,4,16,88,108,1.2222222222222223,0.048037522351901875,627,Still want ketchup?
5005,2690,4,16,88,108,1.2222222222222223,0.048037522351901875,627,The pigeon special is exceptionally fresh.
4939,2690,3,18,87,108,1.2222222222222223,0.046201009590497714,627,"Well, you told me to get a table with a view of the city."
4891,2690,1,22,85,108,1.2222222222222223,0.042289392926889366,627,...and that comes with a side order of fall vegetables.
4876,2690,3,18,87,108,1.2222222222222223,0.046201009590497714,627,"Oh come on, It's stuffy inside and we get happy hour prices"
4710,2690,4,16,88,108,1.2222222222222223,0.048037522351901875,627,"He made it sound pretty terrific -""en plein air""!"
5701,2690,4,16,88,108,1.2222222222222223,0.048037522351901875,627,"She would like the sirloin and I would like a ladder, please."
3096,2690,4,16,88,108,1.2222222222222223,0.048037522351901875,627,Will a second round of cocktails push you over?
3485,2690,5,14,89,108,1.2222222222222223,0.04980636325046914,627,Let me recommend the chicken wings.
2966,2690,4,16,88,108,1.2222222222222223,0.048037522351901875,627,May I suggest the Hanger steak
1098,2690,4,16,88,108,1.2222222222222223,0.048037522351901875,627,"Now, do you know why we call our menu ""The Ledger""?"
1085,2690,3,18,87,108,1.2222222222222223,0.046201009590497714,627,I recommend the squab. It's grown right here
1025,2690,5,14,89,108,1.2222222222222223,0.04980636325046914,627,I expected more from a rooftop restaurant. I think that waiter has shingles.
1022,2690,2,20,86,108,1.2222222222222223,0.04428840729415601,627,I'm sorry to hear you've lost your appetite.
1021,2690,2,20,86,108,1.2222222222222223,0.04428840729415601,627,Do you think he remembered that on our first date we ran out without paying the tab?
998,2690,5,14,89,108,1.2222222222222223,0.04980636325046914,627,Care to start with a roofie?
972,2690,1,22,85,108,1.2222222222222223,0.042289392926889366,627,Would either of you care for a complimentary bungee cord?
939,2690,7,10,91,108,1.2222222222222223,0.05316779432414047,627,This is the price you pay when you work at the White House.
865,2690,4,16,88,108,1.2222222222222223,0.048037522351901875,627,"FYI, a few items fell off the menu"
782,2690,6,12,90,108,1.2222222222222223,0.05151450365446505,627,Might I recommend an elixir for your vertigo?
765,2690,3,18,87,108,1.2222222222222223,0.046201009590497714,627,Sorry dear but I am feeling a little on edge tonight.
751,2690,4,16,88,108,1.2222222222222223,0.048037522351901875,627,"Our 'Falcon Special' tonight includes squab, with pineapple upside-down cake for dessert."
731,2690,3,18,87,108,1.2222222222222223,0.046201009590497714,627,"You request al fresco, and this is what you get."
1119,2690,3,18,87,108,1.2222222222222223,0.046201009590497714,627,"The pigeon pot pie should be fresh,"
580,2690,6,12,90,108,1.2222222222222223,0.05151450365446505,627,Our management sincerely apologises for the reservation miscommunication...
506,2690,5,14,89,108,1.2222222222222223,0.04980636325046914,627,"I'm sorry sir, roast pigeon is off the menu this evening because you  scared them all away."
380,2690,1,22,85,108,1.2222222222222223,0.042289392926889366,627,"The birdseed is gratis.  And trust me, you're going to want it."
356,2690,3,18,87,108,1.2222222222222223,0.046201009590497714,627,"I'm sorry, it was either here or next to the bathroom."
2985,2690,3,18,87,108,1.2222222222222223,0.046201009590497714,627,"You may want to be more specific sir, next time you reserve 
""a table near the window."""
269,2690,4,16,88,108,1.2222222222222223,0.048037522351901875,627,Would you care for gutter or bottled water?
248,2690,5,14,89,108,1.2222222222222223,0.04980636325046914,627,May I recommend the ledge-to-table pigeon fricassee?
235,2690,3,18,87,108,1.2222222222222223,0.046201009590497714,627,You asked for our Fall menu.
226,2690,6,12,90,108,1.2222222222222223,0.05151450365446505,627,"Our special tonight is an excellent roast pigeon—it's free-range, wild-caught, and extremely local."
190,2690,2,20,86,108,1.2222222222222223,0.04428840729415601,627,Will Ms Huckabee be joining you?
134,2690,2,20,86,108,1.2222222222222223,0.04428840729415601,627,Your pigeon server will be along shortly.
100,2690,3,18,87,108,1.2222222222222223,0.046201009590497714,627,You will find the restrooms just around the corner.
79,2690,0,24,84,108,1.2222222222222223,0.04019107472557346,627,It was inevitable that this was eventually going to be the non-smoking section.
70,2690,5,14,89,108,1.2222222222222223,0.04980636325046914,627,This is what happens when you order a steak very well done!
568,2690,2,20,86,108,1.2222222222222223,0.04428840729415601,627,Our special today is urban game bird.
1162,2690,4,16,88,108,1.2222222222222223,0.048037522351901875,627,"There is a tipping point,"
332,2690,5,14,89,108,1.2222222222222223,0.04980636325046914,627,Your pigeon will be along any minute now.
1246,2690,3,18,87,108,1.2222222222222223,0.046201009590497714,627,May I suggest a Dirty Martini to start...
2889,2690,3,18,87,108,1.2222222222222223,0.046201009590497714,627,I do suggest skipping the wine.
2886,2690,7,10,91,108,1.2222222222222223,0.05316779432414047,627,Would sir and madam care to stop farting now?
2866,2690,3,18,87,108,1.2222222222222223,0.046201009590497714,627,You requested a window table.
2823,2690,5,14,89,108,1.2222222222222223,0.04980636325046914,627,May I suggest editing your previous Yelp review before ordering?
2706,2690,4,16,88,108,1.2222222222222223,0.048037522351901875,627,The patio seating offers a view to die for.
2608,2690,3,18,87,108,1.2222222222222223,0.046201009590497714,627,"If we had just waited 10 more minutes, we would've been seated at a better location. Thanks for your impatience, John."
2586,2690,6,12,90,108,1.2222222222222223,0.05151450365446505,627,May I recommend the special tonight? It pairs quite well with crippling fear.
2585,2690,5,14,89,108,1.2222222222222223,0.04980636325046914,627,"Careful, the table is wobbly ."
2560,2690,4,16,88,108,1.2222222222222223,0.048037522351901875,627,We take Haute Cuisine very seriously here.
2537,2690,5,14,89,108,1.2222222222222223,0.04980636325046914,627,"And she said, ‘he should plan his own wedding, then.’"
2518,2690,4,16,88,108,1.2222222222222223,0.048037522351901875,627,"The review said it was edgy, but this is ridiculous."
2485,2690,3,18,87,108,1.2222222222222223,0.046201009590497714,627,"Please, sir, tipping back on two legs is not proper decorum and it is bad for the chair."
2331,2690,4,16,88,108,1.2222222222222223,0.048037522351901875,627,And how is Madame and Monsieur enjoying our ledgendary service?
2305,2690,5,14,89,108,1.2222222222222223,0.04980636325046914,627,All items are 'To Go'
2368,2690,4,16,88,108,1.2222222222222223,0.048037522351901875,627,"When I asked for an anniversary dinner ""far from the
 madding crowd"" in a place with a view, this wasn't quite what I had in mind."
2228,2690,3,18,87,108,1.2222222222222223,0.046201009590497714,627,Don’t worry about the steep drop- Antonio’s on the ground floor just reinstalled their awning.
1318,2690,1,22,85,108,1.2222222222222223,0.042289392926889366,627,I must warn Sir and Madam that there may be a fly in  your soup.
1441,2690,4,16,88,108,1.2222222222222223,0.048037522351901875,627,That's not his wife...that's my wife.
1458,2690,4,16,88,108,1.2222222222222223,0.048037522351901875,627,"Today's special is ""pigeon volant"" ; we recommend it ""live"""
2230,2690,5,14,89,108,1.2222222222222223,0.04980636325046914,627,"Tonight's specials include something we call Freefall Chicken, en brouchette."
1656,2690,3,18,87,108,1.2222222222222223,0.046201009590497714,627,May I suggest the egg drop soup?
1703,2690,2,20,86,108,1.2222222222222223,0.04428840729415601,627,"That table by the kitchen doesn't look so bad now, does it."
1598,2690,2,20,86,108,1.2222222222222223,0.04428840729415601,627,"Is there a problem with your table, sir"
1791,2690,3,18,87,108,1.2222222222222223,0.046201009590497714,627,"...and the washrooms are just over, well, I'm sure you'll figure it out."
2022,2690,3,18,87,108,1.2222222222222223,0.046201009590497714,627,Think of it as farm-to-elevator-to-table.
2031,2690,4,16,88,108,1.2222222222222223,0.048037522351901875,627,Try our special Roast Squab - soup du jour is Bird's Nest.
1713,2690,5,14,89,108,1.2222222222222223,0.04980636325046914,627,"This way, no one can skip out on the check."
1186,2690,5,14,89,108,1.2222222222222223,0.04980636325046914,627,Is that alfresco enough for you sir?
5484,2817,1,22,86,109,1.2201834862385321,0.041949191322226805,627,"Next time, let me make the reservation."
6459,2817,4,16,89,109,1.2201834862385321,0.047638415680113844,627,"If the cracking sounds concern you, may I suggest ordering one of our  Lighter Fare entrees?"
2073,2817,3,18,88,109,1.2201834862385321,0.045820562886151966,627,"Well, it’s better than the table in the broom closet"
3813,2817,3,18,88,109,1.2201834862385321,0.045820562886151966,627,The ledge wedge is a house speciality.
2980,2817,4,16,89,109,1.2201834862385321,0.047638415680113844,627,Cash only!
2197,2817,5,14,90,109,1.2201834862385321,0.04938940487411066,627,"""The appetizers are on the drop-down list."""
864,2817,3,18,88,109,1.2201834862385321,0.045820562886151966,627,Its an alleged menu.
280,2817,4,16,89,109,1.2201834862385321,0.047638415680113844,627,You will experience a heightened sense of taste.
336,2817,4,16,89,109,1.2201834862385321,0.047638415680113844,627,What? You asked for outdoor seating.
5847,2826,3,12,67,82,1.2195121951219512,0.05494074507510377,627,I didn't think you were actually going out on a ledge when you asked me out.
5562,2827,3,17,85,105,1.2190476190476192,0.04684350139437753,627,"Dining here gives new meaning and excitement to the phrase, ""Al Fresco."""
5547,2827,2,19,84,105,1.2190476190476192,0.04484599691984634,627,"Seulement la plus haute cuisine pour vous, monsieur!"
4300,2827,2,19,84,105,1.2190476190476192,0.04484599691984634,627,"It's New York.  What else could ""al fresco"" mean?"
2077,2827,3,17,85,105,1.2190476190476192,0.04684350139437753,627,"Good evening and welcome to
The Ledge, New York’s edgiest new dining establishment."
1014,2827,3,17,85,105,1.2190476190476192,0.04684350139437753,627,Our special dishes are always pigeon based.
4010,2827,5,13,87,105,1.2190476190476192,0.05060250971231977,627,This place is a tad too edgy for my taste.
2939,2833,2,19,85,106,1.2169811320754718,0.04446894790914134,627,There's no wine list or french accent out here either.
4177,2833,7,9,90,106,1.2169811320754718,0.05362797707103756,627,"My name is Michael, and I’ll be pushing you off tonight."
2799,2833,1,21,84,106,1.2169811320754718,0.04240038689480044,627,"I don't recommend the soufflé."""
2644,2833,5,13,88,106,1.2169811320754718,0.05016543517300939,627,"Good evening, my name's Cliff and I'll be taking care of you tonight."
2606,2833,4,15,87,106,1.2169811320754718,0.04834124912308584,627,I suggest you don't order the soup
3453,2833,5,13,88,106,1.2169811320754718,0.05016543517300939,627,"Good evening, my name is Anton. Our special today is free range pigeon a l'orange with a side of  fresh greens. Air turbulance is reported to be at the tolerable level."
3828,2833,3,17,86,106,1.2169811320754718,0.04644547176488884,627,"If you don't like the food... Well, you get the idea."
3831,2833,4,15,87,106,1.2169811320754718,0.04834124912308584,627,"And don’t forget, there’s dancing after dinner."
3980,2833,4,15,87,106,1.2169811320754718,0.04834124912308584,627,"Please order from the ""No Reservation"" section of the menu."
2426,2833,0,23,83,106,1.2169811320754718,0.04022559246936711,627,I guess 'dinner as a view' wasn't a typo. Who feels silly now?
4156,2833,6,11,89,106,1.2169811320754718,0.05192557563874058,627,These “top” chef restaurants are getting to be a bit much.
3217,2833,6,11,89,106,1.2169811320754718,0.05192557563874058,627,"This is our Trump Policy Advisor special sir.
The menu is paleo, from our 'catch your own sodding wildlife' selection, whilst drinks are available from the down-pipe."
4294,2833,4,15,87,106,1.2169811320754718,0.04834124912308584,627,"As you requested, the table furthest away from that couple with the obnoxious child.    Would you and the lady care for something to drink?"
4687,2833,3,17,86,106,1.2169811320754718,0.04644547176488884,627,Today's special is pigeon breast with a light plum sauce and pea pellets.
4549,2833,3,17,86,106,1.2169811320754718,0.04644547176488884,627,We're known for our New York Strip...
4575,2833,0,23,83,106,1.2169811320754718,0.04022559246936711,627,Hows that for a view?
4594,2833,1,21,84,106,1.2169811320754718,0.04240038689480044,627,"Sir, Madam, We only serve HAUTE cuisine at this locale."
4815,2833,3,17,86,106,1.2169811320754718,0.04644547176488884,627,Zee special eez slow squab an a nice ledge salad.
4965,2833,2,19,85,106,1.2169811320754718,0.04446894790914134,627,Hold the menus at eye level so you don't have to look down at them.  May I start you off with some boilermakers?
5100,2833,2,19,85,106,1.2169811320754718,0.04446894790914134,627,The freshest entree is roast pigeon with droppings.
5252,2833,4,15,87,106,1.2169811320754718,0.04834124912308584,627,There is normally an indoor seating option but my wife needs some alone time.
6356,2833,5,13,88,106,1.2169811320754718,0.05016543517300939,627,They say the service is to die for here.
5258,2833,6,11,89,106,1.2169811320754718,0.05192557563874058,627,I am so sorry my boss doesn't like republicans siting inside.
5929,2833,4,15,87,106,1.2169811320754718,0.04834124912308584,627,"Correct, there’s no tipping allowed."
5387,2833,5,13,88,106,1.2169811320754718,0.05016543517300939,627,May I suggest the flowing hot fudge suicide cake?
6387,2833,0,23,83,106,1.2169811320754718,0.04022559246936711,627,"Excellent selection, Sir!  And will madame be having Death by Chocolate as well?"
5379,2833,3,17,86,106,1.2169811320754718,0.04644547176488884,627,"When you said they could arrange for dinner Al Fresco,  I thought that was the chef's name!"
2387,2833,2,19,85,106,1.2169811320754718,0.04446894790914134,627,I might suggest avoiding the Squab.  They have relatives up here.
2180,2833,3,17,86,106,1.2169811320754718,0.04644547176488884,627,All we serve is liquid courage.
4484,2833,6,11,89,106,1.2169811320754718,0.05192557563874058,627,Our specials tonight are locally raised Squab and Pigeonneau.
2037,2833,4,15,87,106,1.2169811320754718,0.04834124912308584,627,"Our squab is fresh today, locally sourced."
2135,2833,6,11,89,106,1.2169811320754718,0.05192557563874058,627,Everything’s gone up since I was last here.
180,2833,5,13,88,106,1.2169811320754718,0.05016543517300939,627,Ze breadcrumb platter is very popular.
322,2833,3,17,86,106,1.2169811320754718,0.04644547176488884,627,"Might I recommend tonight's special, ""Poulet Vertigo""?"
375,2833,3,17,86,106,1.2169811320754718,0.04644547176488884,627,"You read correctly, except on Thursdays when the New York Fire Department trains, we have a two-drink limit."
495,2833,5,13,88,106,1.2169811320754718,0.05016543517300939,627,Our veal is worth living for.
511,2833,2,19,85,106,1.2169811320754718,0.04446894790914134,627,"We have some new selections for the fall."""
616,2833,3,17,86,106,1.2169811320754718,0.04644547176488884,627,Might I suggest starting with the Ledge Salad?
636,2833,5,13,88,106,1.2169811320754718,0.05016543517300939,627,"May I suggest tonight's special, a pigeon reduction,infused with the aroma of en plein air a la New York City, with a side of chips?"""
662,2833,2,19,85,106,1.2169811320754718,0.04446894790914134,627,Inexspensive and the view is unimpeded
711,2833,2,19,85,106,1.2169811320754718,0.04446894790914134,627,Welcome to Sur La Ledge...
1327,2833,5,13,88,106,1.2169811320754718,0.05016543517300939,627,That'll teach them to ask for a better view.
612,2833,4,15,87,106,1.2169811320754718,0.04834124912308584,627,"Today's special is roasted pigeon , yup we got lots of pigeons"
1372,2833,2,19,85,106,1.2169811320754718,0.04446894790914134,627,The pigeons good.
1987,2833,4,15,87,106,1.2169811320754718,0.04834124912308584,627,...And tip big or I shut the window.
1355,2833,2,19,85,106,1.2169811320754718,0.04446894790914134,627,"I heard this restaurant was edgy, but this is over the top!"
1896,2833,6,11,89,106,1.2169811320754718,0.05192557563874058,627,Let them sit there. They give us a better review if they believe they are on the ledge where we get our squab.
1843,2833,0,23,83,106,1.2169811320754718,0.04022559246936711,627,"Shall I alert the chef to any allergies, or acrophobia?"
1717,2833,4,15,87,106,1.2169811320754718,0.04834124912308584,627,I told you to mention that you were a doctor.
1725,2833,3,17,86,106,1.2169811320754718,0.04644547176488884,627,I was referring to the fish when I said the perch was fantastic this evening.
1652,2833,3,17,86,106,1.2169811320754718,0.04644547176488884,627,"I know you made a reservation, but unfortunately our dining room was oversold."
1540,2833,4,15,87,106,1.2169811320754718,0.04834124912308584,627,"I would recommend the soufflé, but it tends to fall."
1445,2833,2,19,85,106,1.2169811320754718,0.04446894790914134,627,The catch of the day is usually pigeon.
1403,2833,2,19,85,106,1.2169811320754718,0.04446894790914134,627,A Chardonnay will pair well with pigeon.
1681,2833,5,13,88,106,1.2169811320754718,0.05016543517300939,627,The chef says your time-out is finished. You can come back inside now.
4176,2888,0,22,80,102,1.2156862745098038,0.04092563958237657,627,Our special tonight is Lemming with a side of #metoo
3892,2889,4,15,88,107,1.2149532710280373,0.04793024780990183,627,"When you said this place is top shelf, you weren't kidding!"
3152,2889,4,15,88,107,1.2149532710280373,0.04793024780990183,627,Counter service only!
3700,2889,4,15,88,107,1.2149532710280373,0.04793024780990183,627,This is where we seat customers who ask for their steak 'well-done'
2950,2889,2,19,86,107,1.2149532710280373,0.044098040416874346,627,"Signore did specify al fresco, no?"
2410,2889,3,17,87,107,1.2149532710280373,0.04605402166872554,627,Our cuisine is to die for.
2830,2889,4,15,88,107,1.2149532710280373,0.04793024780990183,627,The other guests said your chemistry was toxic.
2806,2889,3,17,87,107,1.2149532710280373,0.04605402166872554,627,At least we weren’t given the table next to the restroom.
2727,2889,3,17,87,107,1.2149532710280373,0.04605402166872554,627,"And for dessert, we have a real cliff hanger."
4546,2889,4,15,88,107,1.2149532710280373,0.04793024780990183,627,It was either here or right next to the kitchen.
2934,2889,3,17,87,107,1.2149532710280373,0.04605402166872554,627,You did ask for a table al fresco
4660,2889,5,13,89,107,1.2149532710280373,0.049735745680282675,627,"James, I know I said I was tired of the same dinner plans, but this is taking it over the ledge."
6286,2889,4,15,88,107,1.2149532710280373,0.04793024780990183,627,I respect your table selection but suggest you allow me to choose the wine.
4802,2889,4,15,88,107,1.2149532710280373,0.04793024780990183,627,You'll be pleased to hear we've recently implemented a no-tipping policy.
5056,2889,3,17,87,107,1.2149532710280373,0.04605402166872554,627,My date had me on edge all night.
5360,2889,4,15,88,107,1.2149532710280373,0.04793024780990183,627,"Pre-theatre is finished, but take-out is still available."
5490,2889,3,17,87,107,1.2149532710280373,0.04605402166872554,627,Today's special is pigeonneau.
5574,2889,3,17,87,107,1.2149532710280373,0.04605402166872554,627,The review did say this place would be sheik and edgy.
5839,2889,4,15,88,107,1.2149532710280373,0.04793024780990183,627,"But Monsieur, you asked for the best seat in the house!"
6107,2889,4,15,88,107,1.2149532710280373,0.04793024780990183,627,The ribeye comes with the railing.
6110,2889,4,15,88,107,1.2149532710280373,0.04793024780990183,627,Our head chef has really taken this menu to new heights
6115,2889,2,19,86,107,1.2149532710280373,0.044098040416874346,627,Haute cuisine is all we do!
2271,2889,6,11,90,107,1.2149532710280373,0.05147795782302281,627,"A la carte? Or, should we try the ‘table en haute’?"
4765,2889,1,21,85,107,1.2149532710280373,0.04205117626598721,627,Try the pigeon. It's served ledge-to-table.
2255,2889,3,17,87,107,1.2149532710280373,0.04605402166872554,627,I checked. Turns out you aren't Facebook friends with the mayor.
2722,2889,5,13,89,107,1.2149532710280373,0.049735745680282675,627,The romance is gone from a penthouse balcony dinner.
2002,2889,4,15,88,107,1.2149532710280373,0.04793024780990183,627,You DID ask for a window seat!
4028,2889,2,19,86,107,1.2149532710280373,0.044098040416874346,627,this gives new meaning to dining outside
15,2889,3,17,87,107,1.2149532710280373,0.04605402166872554,627,The maitre d' send his wishes that the $2 tip you proffered has resulted in satisfactory view for your dining experience.
241,2889,3,17,87,107,1.2149532710280373,0.04605402166872554,627,Welcome to our dining 'en plane air' experience
573,2889,3,17,87,107,1.2149532710280373,0.04605402166872554,627,We're new to Open Table.
794,2889,2,19,86,107,1.2149532710280373,0.044098040416874346,627,I thought it said cutting EDGE cuisine.
963,2889,4,15,88,107,1.2149532710280373,0.04793024780990183,627,You requested the table with the best view of the park.
1218,2889,3,17,87,107,1.2149532710280373,0.04605402166872554,627,"Excellent, that will pair nicely with the barramundi. I would also suggest not looking down or moving around too much."
1329,2889,4,15,88,107,1.2149532710280373,0.04793024780990183,627,I'd rather you tell me than I have to read about it on Yelp.
1363,2889,4,15,88,107,1.2149532710280373,0.04793024780990183,627,We have the lowest 'dine and dash' rate in town.
1105,2889,3,17,87,107,1.2149532710280373,0.04605402166872554,627,"Yes, this is edgy dining"
1460,2889,1,21,85,107,1.2149532710280373,0.04205117626598721,627,I would be a little less nervous if the waiter would leave us alone for a bit
1603,2889,5,13,89,107,1.2149532710280373,0.049735745680282675,627,Our specials this evening are roof pigeon in a burgundy demi-glace...pairs well with tap water.
1604,2889,5,13,89,107,1.2149532710280373,0.049735745680282675,627,"The locally-sourced ""Pheasant"" Under Glass would definitely complete your rooftop dining experience."
1727,2889,2,19,86,107,1.2149532710280373,0.044098040416874346,627,Would you like to hear our Fall specials.
1743,2889,3,17,87,107,1.2149532710280373,0.04605402166872554,627,It says right on Yelp that we're edgy.
1956,2889,5,13,89,107,1.2149532710280373,0.049735745680282675,627,Our restaurant is noted for its edgy food.
1970,2889,4,15,88,107,1.2149532710280373,0.04793024780990183,627,"Alfred, this isn't the alfresco

that I had in mind."
1405,2889,2,19,86,107,1.2149532710280373,0.044098040416874346,627,"Well, it certainly won’t work in a New York winter, Peter,"
2108,2889,3,17,87,107,1.2149532710280373,0.04605402166872554,627,Perhaps madam finds your request for a 'discreet table' to be of questionable discretion.
4521,2934,6,10,87,103,1.2135922330097086,0.05281074658317402,627,I’d recommend the pigeon with our house ledge salad
4691,2934,3,16,84,103,1.2135922330097086,0.0470942961235598,627,I'm starting to rethink our plan to dine and dash...
4740,2934,4,14,85,103,1.2135922330097086,0.0490738233325375,627,Do they think we can't pay the check?
4677,2934,4,14,85,103,1.2135922330097086,0.0490738233325375,627,Yelp says it's edgy.
4622,2934,4,14,85,103,1.2135922330097086,0.0490738233325375,627,Don't freak out if a bird lands in your food.
4612,2934,3,16,84,103,1.2135922330097086,0.0470942961235598,627,The pigeon pie has completely won over our locavore patrons.
4576,2934,4,14,85,103,1.2135922330097086,0.0490738233325375,627,"Welcome to Le Edgy Cuisine, Marital Table"
3595,2934,3,16,84,103,1.2135922330097086,0.0470942961235598,627,Perhaps some bread to buttress your meal?
4447,2934,3,16,84,103,1.2135922330097086,0.0470942961235598,627,"Welcome to Pasta Precipio. My name is Luigi, and I'll be handing you your food."""
4436,2934,3,16,84,103,1.2135922330097086,0.0470942961235598,627,"Leonard decided that this was the last time that he asks for ""a table with a view""."
4306,2934,6,10,87,103,1.2135922330097086,0.05281074658317402,627,"I believe you're the ones who asked what 'wedge on a ledge""'was."
3872,2934,3,16,84,103,1.2135922330097086,0.0470942961235598,627,The cuisine here is edgy.
3683,2934,3,16,84,103,1.2135922330097086,0.0470942961235598,627,What did you expect when you dine at an Airbnb apartment?
4821,2934,4,14,85,103,1.2135922330097086,0.0490738233325375,627,"We're known for our Perch, but I can recommend the Tuna special this evening."
3334,2934,2,18,83,103,1.2135922330097086,0.045027828265129306,627,I suggest only ordering appetizers.
4479,2934,3,16,84,103,1.2135922330097086,0.0470942961235598,627,"We apologize, but all the sidewalk dining areas have been usurped by competing protest groups for the foreseeable future."
4894,2934,1,20,82,103,1.2135922330097086,0.0428618467774595,627,You don't like the atmosphere?
5714,2934,3,16,84,103,1.2135922330097086,0.0470942961235598,627,"What did he mean- this food is to die for..?"" 
 ""Next time, don't complain about the table being too close to the kitchen..!"
5028,2934,4,14,85,103,1.2135922330097086,0.0490738233325375,627,"Of course, the smog is sustainable and locally sourced."
3327,2934,4,14,85,103,1.2135922330097086,0.0490738233325375,627,"She knew the date was a flop when he asked for, “the table on the ledge.”"
6049,2934,4,14,85,103,1.2135922330097086,0.0490738233325375,627,I highly recommend the Squab.
5840,2934,4,14,85,103,1.2135922330097086,0.0490738233325375,627,I'm sorry; did you intend to dine with Albert Fresco?
6096,2934,2,18,83,103,1.2135922330097086,0.045027828265129306,627,"We still have no availability for you this evening, Mr. & Mrs. Jones."
6448,2934,3,16,84,103,1.2135922330097086,0.0470942961235598,627,"Whatever you do, don't look up!"
6464,2934,3,16,84,103,1.2135922330097086,0.0470942961235598,627,"With al fresco dining at this height, don't look down."
5838,2934,2,18,83,103,1.2135922330097086,0.045027828265129306,627,"Well,Zagat's said this place was edgy."
5816,2934,2,18,83,103,1.2135922330097086,0.045027828265129306,627,"So, let's talk about how we're going to divide our assets"
5659,2934,2,18,83,103,1.2135922330097086,0.045027828265129306,627,"Well, they did say it had a good view."
5366,2934,4,14,85,103,1.2135922330097086,0.0490738233325375,627,"Tonight's specials are fried pigeon, filet of rat, and miscellaneous piece of flying garbage."
5304,2934,2,18,83,103,1.2135922330097086,0.045027828265129306,627,"I trust you realize our elevated dining experience is also available inside, sir?"
5299,2934,5,12,86,103,1.2135922330097086,0.05097653916825528,627,Today's special is two eggs over easy.
5250,2934,5,12,86,103,1.2135922330097086,0.05097653916825528,627,"Yes,my name is Al Fresco. Is there a problem?"
5206,2934,3,16,84,103,1.2135922330097086,0.0470942961235598,627,Welcome to Pie in the Sky!
5076,2934,2,18,83,103,1.2135922330097086,0.045027828265129306,627,Sharing is best for a balanced meal.
4920,2934,4,14,85,103,1.2135922330097086,0.0490738233325375,627,"I'm Michael, your server, and I will be handing out the drinks and the food to you from here."
3128,2934,3,16,84,103,1.2135922330097086,0.0470942961235598,627,"Sir, I seated you on the diner's flatulence wing because you asked about today's savory leeks, beans, and lentils plate!"
4023,2934,3,16,84,103,1.2135922330097086,0.0470942961235598,627,You said “not too close to the kitchen”.
3058,2934,3,16,84,103,1.2135922330097086,0.0470942961235598,627,I hear the pigeon pie is good.
279,2934,4,14,85,103,1.2135922330097086,0.0490738233325375,627,You asked for a table with a view!
434,2934,4,14,85,103,1.2135922330097086,0.0490738233325375,627,May I recommend the pigeon?
449,2934,3,16,84,103,1.2135922330097086,0.0470942961235598,627,"Trust me, this duck will be FRESH!"
476,2934,4,14,85,103,1.2135922330097086,0.0490738233325375,627,"I recommend the squab, it's very locally sourced."
645,2934,3,16,84,103,1.2135922330097086,0.0470942961235598,627,"For your entree, I recommend the pigeon."
818,2934,5,12,86,103,1.2135922330097086,0.05097653916825528,627,They are just waiting to see if you order the squab
847,2934,4,14,85,103,1.2135922330097086,0.0490738233325375,627,"As with the lobster at out seafood establishment, you may choose your own pigeon."
893,2934,4,14,85,103,1.2135922330097086,0.0490738233325375,627,May I suggest that you start with the Ledge Salad?
1037,2934,4,14,85,103,1.2135922330097086,0.0490738233325375,627,"After all, you did ask to be seated in the smoking section"
1111,2934,5,12,86,103,1.2135922330097086,0.05097653916825528,627,Blondes do not have the most fun!!!
1114,2934,3,16,84,103,1.2135922330097086,0.0470942961235598,627,I'll give you folks some time to think about it.
1392,2934,2,18,83,103,1.2135922330097086,0.045027828265129306,627,This is as haute as cuisine gets.
1423,2934,4,14,85,103,1.2135922330097086,0.0490738233325375,627,"I changed my mind, I would rather dine inside."
1453,2934,4,14,85,103,1.2135922330097086,0.0490738233325375,627,Mr. Trump's assistant has exclusively reserved you this table ...
2080,2934,4,14,85,103,1.2135922330097086,0.0490738233325375,627,"Well, you said you felt we didn't live on the edge anymore."
1580,2934,4,14,85,103,1.2135922330097086,0.0490738233325375,627,Next time you might want to make your reservation earlier.
5476,2934,1,20,82,103,1.2135922330097086,0.0428618467774595,627,Could be worse...we could be on the 10th floor.
2221,2934,4,14,85,103,1.2135922330097086,0.0490738233325375,627,I made a late reservation for a patio table
2347,2934,4,14,85,103,1.2135922330097086,0.0490738233325375,627,This brings 'dining al fresco' to new heights.
2394,2934,5,12,86,103,1.2135922330097086,0.05097653916825528,627,The flambé really is to die for.
2505,2934,4,14,85,103,1.2135922330097086,0.0490738233325375,627,Foodies on the edge
2702,2934,6,10,87,103,1.2135922330097086,0.05281074658317402,627,A complimentary squab appetizer should be along shortly.
2709,2934,1,20,82,103,1.2135922330097086,0.0428618467774595,627,"As you requested, this is the most private table near a window in the entire restaurant."
2748,2934,1,20,82,103,1.2135922330097086,0.0428618467774595,627,"Apologies, the Pigeon Scat Soufflé should be out any minute now - just watch your heads."
2785,2934,4,14,85,103,1.2135922330097086,0.0490738233325375,627,"Rest assured, this is the best seat in the house for Le Pigeon biset."
2093,2934,2,18,83,103,1.2135922330097086,0.045027828265129306,627,Reviews did say it was an at-the-edge risk-taking restaurant.
2884,2934,5,12,86,103,1.2135922330097086,0.05097653916825528,627,Our special today is pasta al fresco.
2904,2934,2,18,83,103,1.2135922330097086,0.045027828265129306,627,Does either of you have any dietary restrictions or phobias I need to know about before I tell you about our specials?
3079,2934,3,16,84,103,1.2135922330097086,0.0470942961235598,627,The upstairs air conditioner will be by to fill your drinks.
2958,2934,3,16,84,103,1.2135922330097086,0.0470942961235598,627,"Yes, everything is locally sourced.  Particularly the squab."
3047,2934,4,14,85,103,1.2135922330097086,0.0490738233325375,627,"I think I’ll have the ledge...er,uh, the wedge salad."
3919,3003,4,14,86,104,1.2115384615384615,0.04864304475885961,627,This place has a reputation for being a little edgy.
97,3003,4,14,86,104,1.2115384615384615,0.04864304475885961,627,I wonder what my spouse would order?
5195,3003,3,16,85,104,1.2115384615384615,0.046684465360827584,627,"Yes, business has fallen off since the last time you were here."
5936,3003,4,14,86,104,1.2115384615384615,0.04864304475885961,627,This is open air dining at its finest!
5150,3003,2,18,84,104,1.2115384615384615,0.04464003593905589,627,This was Sigmund Freud's favorite table.
1056,3008,2,17,81,100,1.21,0.045604802157206865,627,Why don't jump right into our Fall menu.
4606,3008,4,13,83,100,1.21,0.049838121792844324,627,"Tonight, we have pigeon on the locavore menu."
5057,3010,2,16,78,96,1.2083333333333333,0.046633760328105456,627,"If you are not happy, please let me know."
2635,3010,0,20,76,96,1.2083333333333333,0.04166666666666668,627,"So, tell me more about your ex."
3323,3012,3,15,83,101,1.2079207920792079,0.04733874490250266,627,"The forecast for this evening is Atlantic Cirrus, prepared simply with a light dusting of rain."
4087,3012,1,19,81,101,1.2079207920792079,0.04295249893759181,627,Tonight's poultry will be curb-to-table.
4092,3012,5,11,85,101,1.2079207920792079,0.05135169298966313,627,Do you prefer hose or bucket?
4129,3012,3,15,83,101,1.2079207920792079,0.04733874490250266,627,Chef recommends the squab. It is locally raised.
4182,3012,4,13,84,101,1.2079207920792079,0.04938599569639575,627,"Sorry Sir, This is the only smoking section in the restaurant."
4184,3012,5,11,85,101,1.2079207920792079,0.05135169298966313,627,The house specialty is our locally sourced squab.
4206,3012,4,13,84,101,1.2079207920792079,0.04938599569639575,627,"Just one cocktail tonight, Harold"
4292,3012,4,13,84,101,1.2079207920792079,0.04938599569639575,627,"Ugh, Millenials..."
4406,3012,3,15,83,101,1.2079207920792079,0.04733874490250266,627,Would you like to start off with a cocktail - you both seem a little edgy
3218,3012,1,19,81,101,1.2079207920792079,0.04295249893759181,627,"Nothing too far out tonight,  OK?"
4437,3012,2,17,82,101,1.2079207920792079,0.04519886023965674,627,"No, but we do offer a Ledge Salad"
4451,3012,2,17,82,101,1.2079207920792079,0.04519886023965674,627,The maître d' appreciated your $5 gesture.
4516,3012,3,15,83,101,1.2079207920792079,0.04733874490250266,627,All ingredients are locally sourced between the 10th and 14th floors.
4526,3012,1,19,81,101,1.2079207920792079,0.04295249893759181,627,You said you wanted to go to .an edgy restaurant
4592,3012,2,17,82,101,1.2079207920792079,0.04519886023965674,627,Now I know why it's called Haute Cuisine.
4597,3012,4,13,84,101,1.2079207920792079,0.04938599569639575,627,I won't have what he's having.
4357,3012,6,9,86,101,1.2079207920792079,0.05324486993959902,627,"Jump, you f**kers, jump."
4075,3012,2,17,82,101,1.2079207920792079,0.04519886023965674,627,We're sorry the Roof Terrance was overbooked. This is our best table with a view this evening.  Would you like a broom for the pigeons?
4022,3012,1,19,81,101,1.2079207920792079,0.04295249893759181,627,"The goat comes deeply angered and is served live, under the table."
3429,3012,1,19,81,101,1.2079207920792079,0.04295249893759181,627,The goose should be here soon.
3297,3012,3,15,83,101,1.2079207920792079,0.04733874490250266,627,Is it too late to cancel our reservation?
4632,3012,4,13,84,101,1.2079207920792079,0.04938599569639575,627,I suppose I should mention our awning is at the cleaners.
3270,3012,2,17,82,101,1.2079207920792079,0.04519886023965674,627,"Whoops, dropped my spoon."
3249,3012,3,15,83,101,1.2079207920792079,0.04733874490250266,627,The special of the day is poached Pigeon with a light Velouté
3445,3012,3,15,83,101,1.2079207920792079,0.04733874490250266,627,"Monsieur, I trust the table you requested near the window with a view of the city  meets your approval?"
3497,3012,3,15,83,101,1.2079207920792079,0.04733874490250266,627,The pigeon is particularly fresh this evening.
3508,3012,1,19,81,101,1.2079207920792079,0.04295249893759181,627,The special tonight is fresh locally-sourced pigeon fricassee.
4065,3012,5,11,85,101,1.2079207920792079,0.05135169298966313,627,Maybe now you'll understand why I've asked you not to lean so far back in your chair.
3627,3012,2,17,82,101,1.2079207920792079,0.04519886023965674,627,This restaurant has a reputation for being a little edgy.
3728,3012,2,17,82,101,1.2079207920792079,0.04519886023965674,627,This just doesn't seem to be a safe space to discuss our problems.
3796,3012,5,11,85,101,1.2079207920792079,0.05135169298966313,627,"Yes sir. That’s the VIP table.
Very impossible person."
3797,3012,3,15,83,101,1.2079207920792079,0.04733874490250266,627,"The pigeon is delicious, and locally sourced."
3890,3012,0,21,80,101,1.2079207920792079,0.040581983231523164,627,"We are delighted to see you again, and hope you enjoy the splendid view.  As you know, tipping is discretionary."
3932,3012,4,13,84,101,1.2079207920792079,0.04938599569639575,627,"I hope ""Mr. Vashington"" is happy vis ze table."
3964,3012,1,19,81,101,1.2079207920792079,0.04295249893759181,627,"Our Lovers Leap Menu has no prices. Just leave it all on the table before you go."""
3982,3012,4,13,84,101,1.2079207920792079,0.04938599569639575,627,New: Terrace seating for Trump supporters..
3676,3012,5,11,85,101,1.2079207920792079,0.05135169298966313,627,It all started with just some breadcrumbs for the pigeons.
4674,3012,3,15,83,101,1.2079207920792079,0.04733874490250266,627,The special tonight is fresh roast pidgeon with a squirrely sauce.
5396,3012,5,11,85,101,1.2079207920792079,0.05135169298966313,627,I'd advise against the wine list.
4776,3012,1,19,81,101,1.2079207920792079,0.04295249893759181,627,"I know that you told me thst we would be dining ""alfresco"",but this is ridiculous!"
5644,3012,4,13,84,101,1.2079207920792079,0.04938599569639575,627,"A special this evening, sir, is a delightful pigeon flambé prepared tableside."
5698,3012,4,13,84,101,1.2079207920792079,0.04938599569639575,627,May I recommend our veal vertigo?
5794,3012,3,15,83,101,1.2079207920792079,0.04733874490250266,627,Now take a good look down and we'll try again: would you like to hear the specials?
5922,3012,4,13,84,101,1.2079207920792079,0.04938599569639575,627,He seems to think living on the edge means dining on the ledge.
5934,3012,4,13,84,101,1.2079207920792079,0.04938599569639575,627,"Our special martini this evening is a craft gin Sky Fall, our special cocktail is a high-desert tequila Vertigo, and our special micro-brew is a Belgian-style Grand Mal from Dyker Heights..."
5994,3012,3,15,83,101,1.2079207920792079,0.04733874490250266,627,It’s not quite what I had in mind when I asked for the window seat.
6032,3012,1,19,81,101,1.2079207920792079,0.04295249893759181,627,"You two may be ready, but I'm not."
6078,3012,3,15,83,101,1.2079207920792079,0.04733874490250266,627,"The squab, monsieur, is perhaps fresher than monsieur dares imagine."
6088,3012,3,15,83,101,1.2079207920792079,0.04733874490250266,627,Pigeon's in today.
6152,3012,4,13,84,101,1.2079207920792079,0.04938599569639575,627,"If you're still not comfortable with your seats, we can make your order to-go"
6219,3012,3,15,83,101,1.2079207920792079,0.04733874490250266,627,"The reviews said it was an edgy restaurant, but at least the views are good."
6431,3012,2,17,82,101,1.2079207920792079,0.04519886023965674,627,It’s edgy cuisine.
6402,3012,2,17,82,101,1.2079207920792079,0.04519886023965674,627,I take it this is your first time dining with us at Top of the Bronx.
6258,3012,5,11,85,101,1.2079207920792079,0.05135169298966313,627,"Since you dining “alfresco”, sir, may I recommend the squab?"
6228,3012,5,11,85,101,1.2079207920792079,0.05135169298966313,627,"Yes, this is our most private table, but we only serve carry-out"
3190,3012,0,21,80,101,1.2079207920792079,0.040581983231523164,627,We would like to order something light.
6222,3012,5,11,85,101,1.2079207920792079,0.05135169298966313,627,"My apologies, but we're out of tonight's pigeon special."
5643,3012,2,17,82,101,1.2079207920792079,0.04519886023965674,627,May I take your order?  We're letting the flies in!
5565,3012,2,17,82,101,1.2079207920792079,0.04519886023965674,627,...finally...seating in the prestigious Terrace Room.
5506,3012,6,9,86,101,1.2079207920792079,0.05324486993959902,627,May I suggest the pigeon drop soup?
5409,3012,4,13,84,101,1.2079207920792079,0.04938599569639575,627,I wondered what the dining on the edge special was.
4787,3012,2,17,82,101,1.2079207920792079,0.04519886023965674,627,"Look Sally, at the bottom of the menu it says ""Do not feed the pigeons."""
4882,3012,2,17,82,101,1.2079207920792079,0.04519886023965674,627,I knew an “open air dining experience” in the city was too good to be true.
4897,3012,3,15,83,101,1.2079207920792079,0.04733874490250266,627,"I knew their prices were high, but..."
4904,3012,2,17,82,101,1.2079207920792079,0.04519886023965674,627,Let’s skip the wine tonight.
4934,3012,2,17,82,101,1.2079207920792079,0.04519886023965674,627,"'I'll have the roast pigeon, medium well!'"
4994,3012,3,15,83,101,1.2079207920792079,0.04733874490250266,627,"Based on that sound, perhaps we can now offer you fresh pigeon."
5007,3012,4,13,84,101,1.2079207920792079,0.04938599569639575,627,"May I suggest the squab, it is particularly fresh, and part of our ledge to table menu."
5035,3012,3,15,83,101,1.2079207920792079,0.04733874490250266,627,May I recommend the healthy al fresco house special - a very well balanced meal!
4718,3012,2,17,82,101,1.2079207920792079,0.04519886023965674,627,"You don't tip,I tip."
5118,3012,3,15,83,101,1.2079207920792079,0.04733874490250266,627,I suggest you pass on drinks.
5226,3012,4,13,84,101,1.2079207920792079,0.04938599569639575,627,I don’t see the fuss over high end dining
5236,3012,2,17,82,101,1.2079207920792079,0.04519886023965674,627,You need a little push to decide what to order?
5251,3012,4,13,84,101,1.2079207920792079,0.04938599569639575,627,I asked for an outside table but this is ridiculous!
5294,3012,1,19,81,101,1.2079207920792079,0.04295249893759181,627,Luxurious pigeon-style rooftop dining spot opens in Brooklyn's hip Park Slope neighborhood.
5298,3012,2,17,82,101,1.2079207920792079,0.04519886023965674,627,Don't demand a table with a view ever again.
5321,3012,1,19,81,101,1.2079207920792079,0.04295249893759181,627,I'd send the sommelier over but he's afraid of heights
5391,3012,3,15,83,101,1.2079207920792079,0.04733874490250266,627,Would you like a side of free fall with that?
5399,3012,1,19,81,101,1.2079207920792079,0.04295249893759181,627,Today’s special is locally-sourced pigeon au jus.
5149,3012,3,15,83,101,1.2079207920792079,0.04733874490250266,627,Let’s live dangerously. Let’s order the blowfish.
3144,3012,3,15,83,101,1.2079207920792079,0.04733874490250266,627,"Rooftop dining, really"
2740,3012,2,17,82,101,1.2079207920792079,0.04519886023965674,627,I see we have decided to eat Al fresco this evening!
3087,3012,2,17,82,101,1.2079207920792079,0.04519886023965674,627,Today's special is the squab.
639,3012,4,13,84,101,1.2079207920792079,0.04938599569639575,627,It helps the wine breathe.
686,3012,2,17,82,101,1.2079207920792079,0.04519886023965674,627,You did ask for the height in fine dining?
692,3012,3,15,83,101,1.2079207920792079,0.04733874490250266,627,This is the new “edgy” menu!
745,3012,1,19,81,101,1.2079207920792079,0.04295249893759181,627,He  said it was an outstanding table‼️
856,3012,5,11,85,101,1.2079207920792079,0.05135169298966313,627,"Well you said  'Not next to the bathroom like last time' """
913,3012,1,19,81,101,1.2079207920792079,0.04295249893759181,627,Might I recommend the roast pigeon.
1002,3012,4,13,84,101,1.2079207920792079,0.04938599569639575,627,I guess we should have called ahead for a better table
1050,3012,3,15,83,101,1.2079207920792079,0.04733874490250266,627,"Yes, we made our new menus easier to read and, hence, more ledgeable."
1054,3012,3,15,83,101,1.2079207920792079,0.04733874490250266,627,Do you want the to go menu?
1077,3012,0,21,80,101,1.2079207920792079,0.040581983231523164,627,"Tonight's special is Egg Drop Soup, which I'm told goes down smooth."
1103,3012,3,15,83,101,1.2079207920792079,0.04733874490250266,627,Think I'll go out on a ledge and order the puffer fish!
1136,3012,2,17,82,101,1.2079207920792079,0.04519886023965674,627,Our menu is nothing if not edgy.
1143,3012,2,17,82,101,1.2079207920792079,0.04519886023965674,627,Our new fall menu; it’s to die for.
1178,3012,3,15,83,101,1.2079207920792079,0.04733874490250266,627,@Trip Advisor #1 Restaurant in Queens.
1361,3012,3,15,83,101,1.2079207920792079,0.04733874490250266,627,Pigeon? Of course you can have pigeon!
624,3012,2,17,82,101,1.2079207920792079,0.04519886023965674,627,The squab is the freshest in the city.
549,3012,3,15,83,101,1.2079207920792079,0.04733874490250266,627,"Hello, my name is Acrophobic Andy and I'll be taking care of you."""
512,3012,3,15,83,101,1.2079207920792079,0.04733874490250266,627,It's the only table with a view.
460,3012,4,13,84,101,1.2079207920792079,0.04938599569639575,627,You're the one who wanted a table with the best view of the entire city!
3118,3012,2,17,82,101,1.2079207920792079,0.04519886023965674,627,"Next time, tip the maitre-d' more than a buck."
74,3012,4,13,84,101,1.2079207920792079,0.04938599569639575,627,I warned you this bistro is edgy!
86,3012,5,11,85,101,1.2079207920792079,0.05135169298966313,627,I'll start with the pidgeon soup.
88,3012,3,15,83,101,1.2079207920792079,0.04733874490250266,627,"-Today's special is the Patron's Steak Tartare, made from locally sourced ingredients. Our butcher, right down the building, always provides the freshest meat."
129,3012,3,15,83,101,1.2079207920792079,0.04733874490250266,627,I 'll change it to dinner for two.
132,3012,3,15,83,101,1.2079207920792079,0.04733874490250266,627,"Our vegetables are grown fresh, via fire escape."
182,3012,4,13,84,101,1.2079207920792079,0.04938599569639575,627,Our prices are intended to distract our patrons from the feeling of virtigo
1365,3012,4,13,84,101,1.2079207920792079,0.04938599569639575,627,"I’ll have the chicken, and the lady would like an Ativan."
188,3012,5,11,85,101,1.2079207920792079,0.05135169298966313,627,"Sir.., this IS the only smoking table we have.  Enjoy."
295,3012,3,15,83,101,1.2079207920792079,0.04733874490250266,627,I read there were breath taking views.
319,3012,2,17,82,101,1.2079207920792079,0.04519886023965674,627,This isn’t what I had in mind when I made the reservation for a table with a view.
330,3012,3,15,83,101,1.2079207920792079,0.04733874490250266,627,I don't think your joke about him being able to fly like Dumbo went down too well.
341,3012,5,11,85,101,1.2079207920792079,0.05135169298966313,627,These prices are sky-high.
350,3012,3,15,83,101,1.2079207920792079,0.04733874490250266,627,"We accommodated your request for al fresco dining. Now you want table service, too?"
361,3012,2,17,82,101,1.2079207920792079,0.04519886023965674,627,You said you wanted a table with a view.
402,3012,5,11,85,101,1.2079207920792079,0.05135169298966313,627,"As you know, this is a very edgy restaurant."
289,3012,3,15,83,101,1.2079207920792079,0.04733874490250266,627,I slipped him an extra twenty for a table by the window.
1369,3012,2,17,82,101,1.2079207920792079,0.04519886023965674,627,Do you need more time to decide?
604,3012,2,17,82,101,1.2079207920792079,0.04519886023965674,627,"I do not recommend zee capon. Zee pigeons are free range and moody."""
1473,3012,3,15,83,101,1.2079207920792079,0.04733874490250266,627,Order whatever you want.  It's on the house.
2372,3012,3,15,83,101,1.2079207920792079,0.04733874490250266,627,The ultimate 'culinary captive audience'.
2391,3012,4,13,84,101,1.2079207920792079,0.04938599569639575,627,I thought you said you knew the owner?
2545,3012,2,17,82,101,1.2079207920792079,0.04519886023965674,627,Is this table private enough?
2563,3012,4,13,84,101,1.2079207920792079,0.04938599569639575,627,"But Sophie, what light through yonder window breaks? It is the eats, and Julio is the sommelier."
2670,3012,2,17,82,101,1.2079207920792079,0.04519886023965674,627,I do think the word 'edgy' gets overused.
2674,3012,5,11,85,101,1.2079207920792079,0.05135169298966313,627,I recommend the Bœuf bourguignon with a side of  Dramamine...
2162,3012,4,13,84,101,1.2079207920792079,0.04938599569639575,627,"Yes, our “Eat Before You Leap” menu is rather limited. Our “On Second Thought” menu items are only available inside."
2739,3012,2,17,82,101,1.2079207920792079,0.04519886023965674,627,The lobster was thrown in through the window this morning.
2995,3012,3,15,83,101,1.2079207920792079,0.04733874490250266,627,May I suggest the free range squab.
3013,3012,2,17,82,101,1.2079207920792079,0.04519886023965674,627,I'm sorry the souffle fell this evening.
3037,3012,3,15,83,101,1.2079207920792079,0.04733874490250266,627,I think the waiter remembers the last time we stiffed him on his tip
3046,3012,5,11,85,101,1.2079207920792079,0.05135169298966313,627,Careful who you vomit on
3061,3012,3,15,83,101,1.2079207920792079,0.04733874490250266,627,"Well, at least we are not next to the kitchen!"
1468,3012,3,15,83,101,1.2079207920792079,0.04733874490250266,627,I recommend the squab. It’s the freshest thing on the menu.
2755,3012,4,13,84,101,1.2079207920792079,0.04938599569639575,627,"The prices are non-negotiable. However, the risk-benefit ratio by which we determine the prices,is."
2098,3012,3,15,83,101,1.2079207920792079,0.04733874490250266,627,At least the pigeon is probably fresh
3010,3012,5,11,85,101,1.2079207920792079,0.05135169298966313,627,You won't find many establishments with separate seating for ledgetarians.
3082,3012,2,17,82,101,1.2079207920792079,0.04519886023965674,627,You’re the one who wanted al fresco.
2071,3012,3,15,83,101,1.2079207920792079,0.04733874490250266,627,"And after surviving the main course here at The Ledge, you might like to celebrate with something we like to call ""Death by Chocolate."""
1495,3012,3,15,83,101,1.2079207920792079,0.04733874490250266,627,Will it be the usual this evening?
1502,3012,5,11,85,101,1.2079207920792079,0.05135169298966313,627,"How’s the view now, asswipe?"
1607,3012,3,15,83,101,1.2079207920792079,0.04733874490250266,627,"The house dressing is pigeon shit, and no, you can't get it on the side."
1658,3012,2,17,82,101,1.2079207920792079,0.04519886023965674,627,Table for two by the window.
1692,3012,5,11,85,101,1.2079207920792079,0.05135169298966313,627,I used to love being on the eating edge.
1753,3012,2,17,82,101,1.2079207920792079,0.04519886023965674,627,OooO. The pigeon is locally sourced.
1787,3012,2,17,82,101,1.2079207920792079,0.04519886023965674,627,Our special today is Catch Your Own Pigeon
1798,3012,4,13,84,101,1.2079207920792079,0.04938599569639575,627,"I don't want to rush you, but the kitchen will be closing in ten minutes."
1728,3012,4,13,84,101,1.2079207920792079,0.04938599569639575,627,I need to tell Henri his concept is a downer.
1888,3012,4,13,84,101,1.2079207920792079,0.04938599569639575,627,The chef highly recommends the pigeon...it’s flown in fresh daily!
1919,3012,4,13,84,101,1.2079207920792079,0.04938599569639575,627,You requested al fresco.
1920,3012,1,19,81,101,1.2079207920792079,0.04295249893759181,627,"M'sieur and Madame said they were looking for edgy cuisine, yes?"
1949,3012,3,15,83,101,1.2079207920792079,0.04733874490250266,627,It's on me
2064,3012,2,17,82,101,1.2079207920792079,0.04519886023965674,627,The pigeon special should arrive momentarily.
1866,3012,3,15,83,101,1.2079207920792079,0.04733874490250266,627,I hear the pidgeon is very good.
1993,3012,2,17,82,101,1.2079207920792079,0.04519886023965674,627,The special today is stuffed pigeon
610,3169,0,20,77,97,1.2061855670103092,0.041290772648446425,627,This takes Al fresco to new heights
4589,3170,2,17,83,102,1.2058823529411764,0.04479993988272699,627,"If you would prefer an inside table, we could seat you at a 3 year old's birthday party in the basement."
3069,3170,0,21,81,102,1.2058823529411764,0.04023382273617749,627,Are you happy with your “table with a view?”
3174,3170,2,17,83,102,1.2058823529411764,0.04479993988272699,627,I told you not to ask to be seated away from the kitchen
4415,3170,4,13,85,102,1.2058823529411764,0.04894189141242656,627,"I'm scared of heights, so please shout out your rooftop dining order."
4732,3170,1,19,82,102,1.2058823529411764,0.042578134678858966,627,I'm sorry sir. Given your reputation...our dine-and-dash section is the best we can do.
4452,3170,4,13,85,102,1.2058823529411764,0.04894189141242656,627,I'm sorry. This is the most adventure our budget can afford.
2225,3170,3,15,84,102,1.2058823529411764,0.046916646025273935,627,Hello.  My name is John and I will be serving you tonight while staying safely inside of this window.
3245,3170,3,15,84,102,1.2058823529411764,0.046916646025273935,627,"We're making ""al fresco"" great again."
1912,3170,2,17,83,102,1.2058823529411764,0.04479993988272699,627,"Not exactly the streets of Paris, is it, you cheapskate?"
5263,3170,2,17,83,102,1.2058823529411764,0.04479993988272699,627,You did request the best table for an unromantic dinner for two.
595,3170,1,19,82,102,1.2058823529411764,0.042578134678858966,627,You had to insist on Alfresco Dining!!
571,3170,3,15,84,102,1.2058823529411764,0.046916646025273935,627,It's a living!
308,3170,3,15,84,102,1.2058823529411764,0.046916646025273935,627,My menu is illedgible
9,3170,4,13,85,102,1.2058823529411764,0.04894189141242656,627,You did insist on a table by the window.
5064,3170,1,19,82,102,1.2058823529411764,0.042578134678858966,627,Are we seated far enough from the restrooms?
4896,3170,2,17,83,102,1.2058823529411764,0.04479993988272699,627,This isn’t what I thought they meant by “cutting edge cuisine.”
6058,3170,1,19,82,102,1.2058823529411764,0.042578134678858966,627,The NYC alfresco dining experience
632,3170,3,15,84,102,1.2058823529411764,0.046916646025273935,627,Don't worry about tipping until you're safely away from the table.
4907,3170,4,13,85,102,1.2058823529411764,0.04894189141242656,627,Are you ready to hear ze spatials?
4392,3189,3,14,81,98,1.2040816326530612,0.048018124763472565,627,"No tipping, please.

Caroline Di Giovanni, Toronto, Ontario"
4500,3189,3,14,81,98,1.2040816326530612,0.048018124763472565,627,The chef recommends the locavore special. He only uses ingredients that landed or died on this roof.
3783,3189,4,12,82,98,1.2040816326530612,0.050161077954179,627,And may I recommend the sponge cake for desert?
4077,3189,2,16,80,98,1.2040816326530612,0.045774958984969194,627,"May I suggest the pigeon, uh , I mean the squab."
4848,3189,2,16,80,98,1.2040816326530612,0.045774958984969194,627,"Well, you said that you wanted a table with a view."
3999,3189,2,16,80,98,1.2040816326530612,0.045774958984969194,627,I recommend the fugu.
3990,3189,3,14,81,98,1.2040816326530612,0.048018124763472565,627,The maitre 'd asked me to give you special attention since it's your last dinner together before the divorce is final
4284,3189,3,14,81,98,1.2040816326530612,0.048018124763472565,627,Might I suggest “Pigeon Under Glass”?
4376,3189,4,12,82,98,1.2040816326530612,0.050161077954179,627,We don’t serve wine to this table without a tether.
6145,3189,3,14,81,98,1.2040816326530612,0.048018124763472565,627,Can I offer you our happy hour flight of fear?...I mean beer.
4905,3189,4,12,82,98,1.2040816326530612,0.050161077954179,627,The chicken is best eaten at 9.8 meters per second squared.
5038,3189,2,16,80,98,1.2040816326530612,0.045774958984969194,627,It's the most quiet corner.
5182,3189,2,16,80,98,1.2040816326530612,0.045774958984969194,627,Welcome to our 'legendary' restaurant.
5200,3189,4,12,82,98,1.2040816326530612,0.050161077954179,627,Normally you'd have to call six months ahead to get patio seating.
5641,3189,4,12,82,98,1.2040816326530612,0.050161077954179,627,We need a high chair for Jimmy
6146,3189,3,14,81,98,1.2040816326530612,0.048018124763472565,627,You did ask for the chef's table?
6245,3189,3,14,81,98,1.2040816326530612,0.048018124763472565,627,Our special tonight is Pigeon à L'Orange.
6225,3189,3,14,81,98,1.2040816326530612,0.048018124763472565,627,Chef recommends the squab.
3491,3189,5,10,83,98,1.2040816326530612,0.05221615820079095,627,"And of course, there's no charge for the pigeon shit."
4874,3189,2,16,80,98,1.2040816326530612,0.045774958984969194,627,"The special tonight, as every night, is squab."
3016,3189,4,12,82,98,1.2040816326530612,0.050161077954179,627,"This ""Dinner With a View"" is exclusive for our Groupon customers."
845,3189,2,16,80,98,1.2040816326530612,0.045774958984969194,627,"The pigeon, sorry, the squab is a chef special, and a personal favorite."
2987,3189,5,10,83,98,1.2040816326530612,0.05221615820079095,627,We're out of the upside down cake.
3014,3189,2,16,80,98,1.2040816326530612,0.045774958984969194,627,You are aware service is not included?
223,3189,3,14,81,98,1.2040816326530612,0.048018124763472565,627,Is this far enough away from the kitchen?
1325,3189,3,14,81,98,1.2040816326530612,0.048018124763472565,627,"Jeff, this isn’t what I meant when I said we needed to take more risks in our dining choices."
1609,3189,3,14,81,98,1.2040816326530612,0.048018124763472565,627,"And, zee pigeon is very fresh."""
1622,3189,4,12,82,98,1.2040816326530612,0.050161077954179,627,Well their website did say: urban decor...
941,3189,3,14,81,98,1.2040816326530612,0.048018124763472565,627,I'm gonna take a leap and get the sockeye salmon tonight.
1796,3189,2,16,80,98,1.2040816326530612,0.045774958984969194,627,"May I recommend the Egg Drop Soup, Smashed Potatoes and Pineapple Upside Down cake."
2320,3189,3,14,81,98,1.2040816326530612,0.048018124763472565,627,"We close in 5 mintues, but if you order now, we won't close the window when we lock up."
2375,3189,3,14,81,98,1.2040816326530612,0.048018124763472565,627,"Our daily special comes with salad and potatoes. It is a locally sourced, farm raised, free range, organically fed, sustainably produced  and hormone free chicken breast which is lightly seared with herbs."
2480,3189,2,16,80,98,1.2040816326530612,0.045774958984969194,627,"Mais monsieur, did you not request a window seat?"
2813,3189,2,16,80,98,1.2040816326530612,0.045774958984969194,627,I recommend the Pigeon Vin Santo.  It's locally sourced.
1688,3189,3,14,81,98,1.2040816326530612,0.048018124763472565,627,The specials today are whatever fell into the Bodega below from yesterday's guests.
4140,3224,4,8,67,79,1.2025316455696202,0.05804268995883625,627,At least order Martinis before you jump.
410,3225,3,13,78,94,1.202127659574468,0.04919806972822639,627,The side orders are not available to protect the people below.
3891,3226,0,19,76,95,1.2,0.04125684985035172,627,First time dining with us?
3916,3226,0,19,76,95,1.2,0.04125684985035172,627,"Yes, my reservation was for a table near a window. Why do you ask?"
4157,3226,3,13,79,95,1.2,0.04872391770757884,627,They're serious about the no tipping policy.
4178,3226,4,11,80,95,1.2,0.0509704259596523,627,"Nice breeze isn't it"".

(internal dialogue)... yes, i should be a solid contender now as the NY always picks dull caption"
4216,3226,3,13,79,95,1.2,0.04872391770757884,627,It's not for nothing we are known as the edgiest restaurant in Manhattan.
4272,3226,1,17,77,95,1.2,0.043887262677318455,627,Order to go
4288,3226,3,13,79,95,1.2,0.04872391770757884,627,I’m sure glad we sprang for the dumbwaiter
4655,3226,3,13,79,95,1.2,0.04872391770757884,627,"If he asks if  we like the food, say that it's really good."
4461,3226,2,15,78,95,1.2,0.04636869624047491,627,May I suggest the vol-au-vent?
4554,3226,5,9,81,95,1.2,0.053122015099597644,627,"There's only pigeon pie, but it's very locally sourced."
4616,3226,1,17,77,95,1.2,0.043887262677318455,627,You had to ask for the smoking section.
3807,3226,3,13,79,95,1.2,0.04872391770757884,627,"You know about restaurants serving Dinner in the Dark, don't you? Well, our specialty is Dining Dangerously."
4678,3226,2,15,78,95,1.2,0.04636869624047491,627,And now do madame and monsieur think we serve haute cuisine?
4699,3226,3,13,79,95,1.2,0.04872391770757884,627,At least the prices haven't gone through the roof.
4702,3226,3,13,79,95,1.2,0.04872391770757884,627,"Stepping out tonight, I see. May I start you off with our clams oreganata. They’re to die for."
4391,3226,3,13,79,95,1.2,0.04872391770757884,627,Like trying fugu only without the fugu.
3790,3226,2,15,78,95,1.2,0.04636869624047491,627,I suggest not asking for the vegetarian menu like the other table did.
3406,3226,2,15,78,95,1.2,0.04636869624047491,627,"When I saw “Al Fresco” in the reservations, I thought that was the guy’s name, not how he was requesting to dine."
3727,3226,2,15,78,95,1.2,0.04636869624047491,627,"Yes, this table has a special ambience."
2941,3226,2,15,78,95,1.2,0.04636869624047491,627,Fine. Your meal will be on the house.
3017,3226,3,13,79,95,1.2,0.04872391770757884,627,"When you said patio restaurant, I was expecting something a little more chic."
3066,3226,3,13,79,95,1.2,0.04872391770757884,627,"This is a cozy little table in the corner, kinda out of the way."
6251,3226,2,15,78,95,1.2,0.04636869624047491,627,I thought you said your Name was Al Fresco
3112,3226,2,15,78,95,1.2,0.04636869624047491,627,We saw your review on Yelp.  We weren't expecting you to return.
3122,3226,1,17,77,95,1.2,0.043887262677318455,627,Your fortunate to get this table; the City only approved our new ledge service last week
3227,3226,3,13,79,95,1.2,0.04872391770757884,627,"And how do we like our “remote little corner somwhere”, Sir?"
3750,3226,4,11,80,95,1.2,0.0509704259596523,627,A waiter is now included with every Blue Apron order.
3281,3226,1,17,77,95,1.2,0.043887262677318455,627,Have you made up your minds yet?
3342,3226,3,13,79,95,1.2,0.04872391770757884,627,Our special this evening is local pigeon.
3396,3226,3,13,79,95,1.2,0.04872391770757884,627,"Well, at least we're not next to the bathrooms!!!

Janet Ellis
jmsille63@aol.com"
4709,3226,3,13,79,95,1.2,0.04872391770757884,627,"I'm not sure why you two are sitting outside my window looking at blank menus again, but I've already told you, I DON'T HAVE ANY FOOD!"
3451,3226,1,17,77,95,1.2,0.043887262677318455,627,"If you’d like, I can start you off with the soup d’jour, adrenaline with a purée of terror."
3452,3226,2,15,78,95,1.2,0.04636869624047491,627,To tip or not to tip
3615,3226,2,15,78,95,1.2,0.04636869624047491,627,I made a reservation for the table with the best view
3680,3226,1,17,77,95,1.2,0.043887262677318455,627,"Text Zagat….Food fine, service adequate,
BUT Dubious Atmosphere"
3309,3226,2,15,78,95,1.2,0.04636869624047491,627,Tonight's special is the Squab.
4744,3226,1,17,77,95,1.2,0.043887262677318455,627,I think I'll skip the pigeon ravioli
5008,3226,2,15,78,95,1.2,0.04636869624047491,627,"Sir, you're therapist is on the line. She says that you have to follow all of her instructions"
4771,3226,3,13,79,95,1.2,0.04872391770757884,627,The maître d' has informed me that the crowd below is live-streaming your dining experience.
5799,3226,3,13,79,95,1.2,0.04872391770757884,627,"Madame, Sir?, may I suggest something a little less....adventurous?"
5804,3226,3,13,79,95,1.2,0.04872391770757884,627,"My recommendation is the ""pigeon under glass,"" our freshest entrée this evening."
5827,3226,3,13,79,95,1.2,0.04872391770757884,627,"Whatever you do, don't order anything too heavy."
5889,3226,1,17,77,95,1.2,0.043887262677318455,627,"Oops, I dropped my fork."
5894,3226,1,17,77,95,1.2,0.043887262677318455,627,"We're here because of their locally sourced squab, that's why."
5986,3226,3,13,79,95,1.2,0.04872391770757884,627,"Perhaps, next time, the gentleman will consider at least a 20% tip."
6010,3226,2,15,78,95,1.2,0.04636869624047491,627,You came at a busy time.
6044,3226,1,17,77,95,1.2,0.043887262677318455,627,When they told us our meal was on the house I didn't take them literally did you?
6121,3226,2,15,78,95,1.2,0.04636869624047491,627,If you're too on edge to order I can come back.
6161,3226,1,17,77,95,1.2,0.043887262677318455,627,Chef says fear heightens yours sense of taste.
6331,3226,5,9,81,95,1.2,0.053122015099597644,627,Might I suggest the squab tartare - it’s the freshest in town.
6248,3226,3,13,79,95,1.2,0.04872391770757884,627,Are we taking a chance with the new chef?
6414,3226,4,11,80,95,1.2,0.0509704259596523,627,Please let me know if the flambé smoke continues to bother you.
6384,3226,3,13,79,95,1.2,0.04872391770757884,627,I understand you’ve just come from seeing the play ‘Hello Dali’.
6030,3226,4,11,80,95,1.2,0.0509704259596523,627,"Madame et Monsieur, les Spécialités ce soir sont Bird Nest Soup Francais, Le Pigeonne Grillé, et L'Omelette des Pigeonnes. 
Bon appétit!"
5700,3226,4,11,80,95,1.2,0.0509704259596523,627,"He took her literally, not seriously, having learned nothing from the last election."
5683,3226,1,17,77,95,1.2,0.043887262677318455,627,Why did you say we were looking forward to dining out!
5669,3226,3,13,79,95,1.2,0.04872391770757884,627,"If you see anything flying past that you fancy, let me know."
5653,3226,4,11,80,95,1.2,0.0509704259596523,627,Our diners usually want to avoid the rush.
4808,3226,1,17,77,95,1.2,0.043887262677318455,627,"Best rooftop table, as you asked, sir."
4922,3226,5,9,81,95,1.2,0.053122015099597644,627,Welcome to our super-boutique al fresco dining experience.
5002,3226,2,15,78,95,1.2,0.04636869624047491,627,"when you said you were going out on a ledge to impress me, I was expecting something different..."
5003,3226,3,13,79,95,1.2,0.04872391770757884,627,"It's very exclusive, allegedly."
5011,3226,3,13,79,95,1.2,0.04872391770757884,627,Tonight’s appetizer special is vol au vent.
2917,3226,1,17,77,95,1.2,0.043887262677318455,627,The chef has created a dish especially high in cholesterol to complement the heart-stopping view.
5090,3226,2,15,78,95,1.2,0.04636869624047491,627,Are there any gluten allergies I should be aware of?
4762,3226,4,11,80,95,1.2,0.0509704259596523,627,Help yourselves to our roof-top garden salad bar....
5155,3226,5,9,81,95,1.2,0.053122015099597644,627,Who's Al Fresco?
5242,3226,4,11,80,95,1.2,0.0509704259596523,627,"Our special this evening is a post-meal jump from the ledge. It pairs superbly with our seasonal existential dread- a selection of angst, ennui, and weltschmerz."
5369,3226,3,13,79,95,1.2,0.04872391770757884,627,Someone told me the chef's style is really edgy!
5508,3226,1,17,77,95,1.2,0.043887262677318455,627,Your window of opportunity will be closing soon.
5560,3226,3,13,79,95,1.2,0.04872391770757884,627,The smog makes this more romantic.
5573,3226,2,15,78,95,1.2,0.04636869624047491,627,Can I talk you off the wedge?
5597,3226,2,15,78,95,1.2,0.04636869624047491,627,You asked for edgy. What were you expecting?
5625,3226,4,11,80,95,1.2,0.0509704259596523,627,May I suggest our braised wings?
5198,3226,2,15,78,95,1.2,0.04636869624047491,627,I know what you’re asking yourself right now. “Am I dreaming?”
2849,3226,2,15,78,95,1.2,0.04636869624047491,627,Think they'll notice if we eat just the free bread and leave?
789,3226,3,13,79,95,1.2,0.04872391770757884,627,"The chef also recommends his special pantry menu for Cabinet members, which includes canned corn imported from Russia."
2797,3226,2,15,78,95,1.2,0.04636869624047491,627,"As you said, ""Not by the kitchen""."
1172,3226,3,13,79,95,1.2,0.04872391770757884,627,Maybe we should have left  him a bigger the last time we ate here.
1100,3226,4,11,80,95,1.2,0.0509704259596523,627,And now we're supposed order at the window.
1070,3226,2,15,78,95,1.2,0.04636869624047491,627,"Yes, the Yelp review does mention  'al fresco dining' and  'excellent views'  as part of our $19.99 special dinner for two."
981,3226,1,17,77,95,1.2,0.043887262677318455,627,Your ex-girlfriend sure left in a hurry.
962,3226,6,7,82,95,1.2,0.055189787587699254,627,On the weekends we have three more tables out here.
953,3226,3,13,79,95,1.2,0.04872391770757884,627,"Sorry, that is our last non-smoking table."
950,3226,2,15,78,95,1.2,0.04636869624047491,627,Stop playing footsie and order already
945,3226,3,13,79,95,1.2,0.04872391770757884,627,"May I suggest our famous ""Ledge Salad"""
796,3226,2,15,78,95,1.2,0.04636869624047491,627,hurry up; there is a long line waiting for your table
2800,3226,3,13,79,95,1.2,0.04872391770757884,627,The table-side Bananas Foster Flambé is off the menu today.
778,3226,1,17,77,95,1.2,0.043887262677318455,627,Please don't be mad Mary.  I asked for a private table for two that's not near the kitchen like you wanted.
715,3226,5,9,81,95,1.2,0.053122015099597644,627,YOU  REALLY  THINK THIS  MAKES  UP  FOR  A  CRUISE WITH  A  VERANDA?
710,3226,4,11,80,95,1.2,0.0509704259596523,627,Al fresco above the ghetto.
641,3226,2,15,78,95,1.2,0.04636869624047491,627,I did ask for a view of the city.
557,3226,1,17,77,95,1.2,0.043887262677318455,627,"Well, when we said it was an ""edgy"" new take on fine dining, we meant it."
555,3226,4,11,80,95,1.2,0.0509704259596523,627,Will monsieur be giving her ze kiss-off before the aperitifs?
524,3226,4,11,80,95,1.2,0.0509704259596523,627,How about a nice dive in my dear ?
78,3226,6,7,82,95,1.2,0.055189787587699254,627,"Would you like small chunks of wheat, rye, or sourdough thrown at you?"
90,3226,3,13,79,95,1.2,0.04872391770757884,627,May I tempt you with the blowfish?
120,3226,4,11,80,95,1.2,0.0509704259596523,627,Let's skip the 'Suicide Chocolate Supreme' and just jump.
156,3226,3,13,79,95,1.2,0.04872391770757884,627,"You wanted the table with the best view, didn't  you?"
159,3226,2,15,78,95,1.2,0.04636869624047491,627,You did ask for a table by the window.
200,3226,5,9,81,95,1.2,0.053122015099597644,627,I think the wings would be a good choice.
1194,3226,3,13,79,95,1.2,0.04872391770757884,627,So this is your cheap version of a 5 star restaurant!
294,3226,4,11,80,95,1.2,0.0509704259596523,627,I think I remember ordering from this waiter at McDonald's.
320,3226,4,11,80,95,1.2,0.0509704259596523,627,We prefer that you do not just round up to the nearest dollar this time.
373,3226,1,17,77,95,1.2,0.043887262677318455,627,My only request is that you don't drop your forks.
404,3226,3,13,79,95,1.2,0.04872391770757884,627,I expected a more edgy menu.
415,3226,1,17,77,95,1.2,0.043887262677318455,627,I can serve dinner once I have your signatures on the “pre-din”!
447,3226,1,17,77,95,1.2,0.043887262677318455,627,Some folks do complain about the draft.
507,3226,2,15,78,95,1.2,0.04636869624047491,627,Our special today is a bird drop soup...
305,3226,0,19,76,95,1.2,0.04125684985035172,627,May I suggest the squab.
1213,3226,1,17,77,95,1.2,0.043887262677318455,627,Window service only until we replace our waiter.
489,3226,1,17,77,95,1.2,0.043887262677318455,627,I will be sure to let you if another table opens up.
1278,3226,3,13,79,95,1.2,0.04872391770757884,627,"Well, you asked for a table next to a window--that's why."
1244,3226,0,19,76,95,1.2,0.04125684985035172,627,We recommend something from the “Lighter Side” section for your table
2767,3226,3,13,79,95,1.2,0.04872391770757884,627,The free range squab is popular.
2762,3226,2,15,78,95,1.2,0.04636869624047491,627,"Next time don't forget deodorant, Bill."
2700,3226,3,13,79,95,1.2,0.04872391770757884,627,I can make some recommendations if you're willing to take a flyer.
2654,3226,1,17,77,95,1.2,0.043887262677318455,627,whatever you do don't recline
2626,3226,2,15,78,95,1.2,0.04636869624047491,627,"My name is John, and I'll be taking the air with you."
2547,3226,3,13,79,95,1.2,0.04872391770757884,627,"So you said, you know the chef?” She asked. 
“I’m sorry, how are you not hyperventilating? We’re on on a ledge?!”  He cooed, flirtatiously"
2527,3226,3,13,79,95,1.2,0.04872391770757884,627,Your meals are on the house
2491,3226,2,15,78,95,1.2,0.04636869624047491,627,You just thrive on drama! Why did you have to ask for the ledge seating... again?
2471,3226,1,17,77,95,1.2,0.043887262677318455,627,May I suggest starting with our brie and prosciutto plank.
2381,3226,2,15,78,95,1.2,0.04636869624047491,627,"OK, time's up.  Give each other the valentines, and then you can see the menu."
2373,3226,2,15,78,95,1.2,0.04636869624047491,627,"Harry,  not to be  over the top and without a parachute, but, are you sure you gave him a $20 and not a $5?"
2233,3226,3,13,79,95,1.2,0.04872391770757884,627,Something light perhaps? Nothing  too heavy.  Was that a creak?
2145,3226,2,15,78,95,1.2,0.04636869624047491,627,"No, you said this place was ""edgy,"" not ledgy."
2142,3226,1,17,77,95,1.2,0.043887262677318455,627,"No, all you said is not to give you a table by the Kitchen"""
2583,3226,2,15,78,95,1.2,0.04636869624047491,627,I feel better now.
2087,3226,2,15,78,95,1.2,0.04636869624047491,627,"Indeed, this is eating al fresco at it's very highest level!"
1282,3226,4,11,80,95,1.2,0.0509704259596523,627,My apologies but the smoking area is full at the moment.
2128,3226,1,17,77,95,1.2,0.043887262677318455,627,Our special entrée tonight is pigeon pie.
1286,3226,3,13,79,95,1.2,0.04872391770757884,627,"I said ""wedge salad,"" not ""ledge salad."""
1367,3226,3,13,79,95,1.2,0.04872391770757884,627,This place is new.
1399,3226,3,13,79,95,1.2,0.04872391770757884,627,"I know the table is 'tippy', but we've had 4 waiters try to fix it and they fell...uh, I mean 'FAILED'!!"
1418,3226,3,13,79,95,1.2,0.04872391770757884,627,"Yes, this is the best window seat, but I don't recommend leaning back in your chair."
1504,3226,1,17,77,95,1.2,0.043887262677318455,627,All dishes are arm to gable.
1343,3226,3,13,79,95,1.2,0.04872391770757884,627,Sorry for the delay but the busboy fell off the ledge.
1735,3226,3,13,79,95,1.2,0.04872391770757884,627,"Well, you said you didn't want to sit near the restrooms."
1821,3226,1,17,77,95,1.2,0.043887262677318455,627,"When they say “this place is to die for”, they weren’t’ kidding."
1902,3226,2,15,78,95,1.2,0.04636869624047491,627,I Give up. Why does fresh air make a dinner taste better?
1955,3226,2,15,78,95,1.2,0.04636869624047491,627,"I recommend the quail, it’s quite fresh."
1978,3226,1,17,77,95,1.2,0.043887262677318455,627,Don’t piss off the Waiter dear.
2038,3226,4,11,80,95,1.2,0.0509704259596523,627,"Welcome to ""The Landing"" .  Tap on the window when your are ready to order."
1610,3226,3,13,79,95,1.2,0.04872391770757884,627,"Since you're both having wine, may I suggest our Last Supper special."
1759,3371,4,11,81,96,1.1979166666666667,0.05047969816570406,627,Shall I throw you your starters?
5254,3371,1,17,78,96,1.1979166666666667,0.043477640116023786,627,"For safety reasons, your al fresco table does not include silverware."
3492,3371,3,13,80,96,1.1979166666666667,0.04825869539561291,627,Their lemon drop martini is to die for!
1820,3371,3,13,80,96,1.1979166666666667,0.04825869539561291,627,The chef’s special tonight is pigeon under glass with buckshot overtones.
2159,3375,0,18,73,91,1.1978021978021978,0.0419889520319622,627,"I'm sorry, we're out of the parachutes. May I recommend the hang-glider?"
1083,3375,1,16,74,91,1.1978021978021978,0.044802592971196056,627,"I'm so sorry about this, but there's a ten dollar up-charge for splitting a plate. Is that still okay?"""
4424,3377,2,14,77,93,1.1935483870967742,0.04652000056511267,627,"Here at Café Vertigo, we excite the inner ear as well as the palate."
3947,3377,2,14,77,93,1.1935483870967742,0.04652000056511267,627,Our chef's special today is pigeon pie. It's very fresh.
3709,3377,2,14,77,93,1.1935483870967742,0.04652000056511267,627,"Poulet un Verre?"" ""Nope, that's pigeon!"""
3593,3377,2,14,77,93,1.1935483870967742,0.04652000056511267,627,This relationship has been making me feel really on edge lately...
3520,3377,5,8,80,93,1.1935483870967742,0.05352917638697465,627,Thank you for requesting seating in the Trump Suppoter Room here at The Effete Snob.  One moment please and I’ll never be back to take your order.
4347,3377,2,14,77,93,1.1935483870967742,0.04652000056511267,627,"Is this table with a view to your liking, Madam?"
4253,3377,5,8,80,93,1.1935483870967742,0.05352917638697465,627,Tip is optional.
2988,3377,2,14,77,93,1.1935483870967742,0.04652000056511267,627,"The fresh catch of the day is locally-sourced Squab. In fact, they're on the ledge above you right now."
3365,3377,1,16,76,93,1.1935483870967742,0.043935820942387044,627,"...well, you requested outdoor seating ...and didn’t want to wait."
3310,3377,2,14,77,93,1.1935483870967742,0.04652000056511267,627,Your squab appetizer is en route.
3264,3377,4,10,79,93,1.1935483870967742,0.05129930441995542,627,Edgy menu....don't you think?
3088,3377,3,12,78,93,1.1935483870967742,0.04896799509143365,627,The prices are sky high here.
2698,3377,1,16,76,93,1.1935483870967742,0.043935820942387044,627,"Will the other guest be rejoining you, or should we serve them where they landed?"
4522,3377,4,10,79,93,1.1935483870967742,0.05129930441995542,627,The House of Squab is Committed to the ledge-to-table movement.
2655,3377,2,14,77,93,1.1935483870967742,0.04652000056511267,627,"Madam, Sir, scoot back and relax while I fetch your favorite wine."
3393,3377,1,16,76,93,1.1935483870967742,0.043935820942387044,627,"Specials tonight are tossed salad, beef tips, eggs over easy, and apple turnovers. However, I'm afraid the souffle has fallen."
4531,3377,2,14,77,93,1.1935483870967742,0.04652000056511267,627,"The Early Bird Special? .. You’re sitting on it.”

Jim Hein, Pittsburgh, Pa."
5961,3377,2,14,77,93,1.1935483870967742,0.04652000056511267,627,Just to let you know there’s a surcharge for random pigeon droppings.
4631,3377,4,10,79,93,1.1935483870967742,0.05129930441995542,627,"May I suggest the Fallen Angel Cocktail?  Also, today's special - a delicately balanced seafood dish - is a bargain due to plunging lobster prices."
2605,3377,5,8,80,93,1.1935483870967742,0.05352917638697465,627,Hope we won’t be charged for that table side Caeser Salad.
6443,3377,2,14,77,93,1.1935483870967742,0.04652000056511267,627,"Oui monsieur, the pigeon pie is very fresh."
6201,3377,2,14,77,93,1.1935483870967742,0.04652000056511267,627,Do you have any questions about the restaurant week menu?
5943,3377,4,10,79,93,1.1935483870967742,0.05129930441995542,627,Eclectic menu. I'd go as far as to say edgy.
5865,3377,4,10,79,93,1.1935483870967742,0.05129930441995542,627,"They have the view, but their local, organic, free trade, gluten-free, non-GMO, cruelty free, vegan selection is sparse."
5796,3377,2,14,77,93,1.1935483870967742,0.04652000056511267,627,Chef’s special tonight is part of our street-to-table menu. Pigeon under glass. Enjoy.
5228,3377,3,12,78,93,1.1935483870967742,0.04896799509143365,627,Rooftop. Private. You got what you asked for. Maybe be more careful with your food order.
5162,3377,2,14,77,93,1.1935483870967742,0.04652000056511267,627,They say this place is very Out There
5040,3377,3,12,78,93,1.1935483870967742,0.04896799509143365,627,I told you we shouldn’t have trusted Groupon.
4969,3377,2,14,77,93,1.1935483870967742,0.04652000056511267,627,The special tonight is a rope ladder and the soup is lobster bisque.
4880,3377,1,16,76,93,1.1935483870967742,0.043935820942387044,627,I thought you said this meal was on the HEDGE fund.
4873,3377,2,14,77,93,1.1935483870967742,0.04652000056511267,627,"You can look at the menu or look down to see that your dining experience here will be ""ledge n dairy""!"
4819,3377,4,10,79,93,1.1935483870967742,0.05129930441995542,627,May I suggest the Fugu fish?
4782,3377,3,12,78,93,1.1935483870967742,0.04896799509143365,627,No table service this evening. Just cafeteria style. '
4757,3377,3,12,78,93,1.1935483870967742,0.04896799509143365,627,Terrace dining is so yesterday.
4532,3377,4,10,79,93,1.1935483870967742,0.05129930441995542,627,This table is for people who criticize Trump.
2407,3377,2,14,77,93,1.1935483870967742,0.04652000056511267,627,We pride ourselves on being one of the edgiest restaurants in New York.
2908,3377,0,18,75,93,1.1935483870967742,0.041189832133487855,627,Don't complain about anything!
2086,3377,0,18,75,93,1.1935483870967742,0.041189832133487855,627,Let's get his recommendation for something that won't appeal to pigeons.
106,3377,1,16,76,93,1.1935483870967742,0.043935820942387044,627,Many find this to be a heightened dining experience.
164,3377,4,10,79,93,1.1935483870967742,0.05129930441995542,627,Do you want me take your photo to share on Facebook and then you can come eat inside?
303,3377,2,14,77,93,1.1935483870967742,0.04652000056511267,627,Everyone wants by a window.
443,3377,4,10,79,93,1.1935483870967742,0.05129930441995542,627,"'REMEMBER, YOU ARE THE TOP OF THE FOOD CHAIN.'"
723,3377,2,14,77,93,1.1935483870967742,0.04652000056511267,627,I suggest you make a reservation if you insist on a window seat.
788,3377,3,12,78,93,1.1935483870967742,0.04896799509143365,627,"First cereal bars, now this? I'm close to the edge."
859,3377,3,12,78,93,1.1935483870967742,0.04896799509143365,627,It's part of the New Cruelty Movement...
918,3377,2,14,77,93,1.1935483870967742,0.04652000056511267,627,How about a drink to take the edge off?
1052,3377,2,14,77,93,1.1935483870967742,0.04652000056511267,627,Why is that man watching us?
1113,3377,3,12,78,93,1.1935483870967742,0.04896799509143365,627,"Darling, this is not my idea of a legendary bistro."
1153,3377,2,14,77,93,1.1935483870967742,0.04652000056511267,627,"Would you like to start with drinks, or a safety call?"
1181,3377,2,14,77,93,1.1935483870967742,0.04652000056511267,627,"When I asked for a table with an easy out in case the date went bad, this is NOT what I had in mind!"
1184,3377,3,12,78,93,1.1935483870967742,0.04896799509143365,627,This IS our best table!
1222,3377,1,16,76,93,1.1935483870967742,0.043935820942387044,627,You're the one who insisted on a table by the window
1309,3377,3,12,78,93,1.1935483870967742,0.04896799509143365,627,"You may choose from our more traditional items on the left, or our edgy selections on the right.  All cocktails are at-your-own risk."
1479,3377,3,12,78,93,1.1935483870967742,0.04896799509143365,627,I recommend the veal Oh My God.
1509,3377,4,10,79,93,1.1935483870967742,0.05129930441995542,627,What the hell is the bird dropping’s salad?
1510,3377,3,12,78,93,1.1935483870967742,0.04896799509143365,627,I presume you want the fettuccini without the wide noodles.
1674,3377,1,16,76,93,1.1935483870967742,0.043935820942387044,627,Today’s fresh selection is Grilled Pidgeon Crepinette
1803,3377,1,16,76,93,1.1935483870967742,0.043935820942387044,627,"You requested a corner table, sir"
1850,3377,1,16,76,93,1.1935483870967742,0.043935820942387044,627,We have a nice table in the alley
1876,3377,2,14,77,93,1.1935483870967742,0.04652000056511267,627,"It's always better to reserve a table in advance, but I hope you will enjoy your meal anyway."
2188,3377,4,10,79,93,1.1935483870967742,0.05129930441995542,627,Could I start you off with a sedative this evening?
2011,3377,3,12,78,93,1.1935483870967742,0.04896799509143365,627,"Let's go light on the ""be merry."""
2076,3377,1,16,76,93,1.1935483870967742,0.043935820942387044,627,It's allegedly the best table in town.
87,3377,2,14,77,93,1.1935483870967742,0.04652000056511267,627,Can I talk you down from any appetizers this evening?
82,3377,2,14,77,93,1.1935483870967742,0.04652000056511267,627,Today's specials include a laugh at your expense.
2354,3442,1,16,77,94,1.1914893617021276,0.043514647367321815,627,Did you want to reconsider your request to have a table as far away from the kitchen as possible?
2662,3443,4,10,81,95,1.1894736842105262,0.050295291171453975,627,I don't think this is the farm-to-table experience you were thinking of.
5012,3443,1,16,78,95,1.1894736842105262,0.043101320360528265,627,The restroom is three floors down and it's a bit tricky.
2953,3445,4,9,77,90,1.1888888888888889,0.05215564061107554,627,The surf and turf looks good.
3785,3445,2,13,75,90,1.1888888888888889,0.04712573678232538,627,Dropped or over easy?
3787,3445,2,13,75,90,1.1888888888888889,0.04712573678232538,627,"Honey, we are no closer to the RestRooms out here!"
3825,3445,2,13,75,90,1.1888888888888889,0.04712573678232538,627,I had read that this places is almost over the top.
3906,3445,2,13,75,90,1.1888888888888889,0.04712573678232538,627,I suggest the pigeon.
2875,3445,3,11,76,90,1.1888888888888889,0.04970435551754336,627,Can I take your order you absolute fucking madmen
3914,3445,3,11,76,90,1.1888888888888889,0.04970435551754336,627,"Sir, you appear to be on edge.  I recommend fine Pinot noir to take off some edge."
3961,3445,2,13,75,90,1.1888888888888889,0.04712573678232538,627,"I expected exotic dishes when the Yelp review said ""Dining on the edge""."
4031,3445,3,11,76,90,1.1888888888888889,0.04970435551754336,627,it's a date with danger!
4081,3445,2,13,75,90,1.1888888888888889,0.04712573678232538,627,"Are you enjoying the view, now?"
3621,3445,4,9,77,90,1.1888888888888889,0.05215564061107554,627,Something to celebrate your new high?
4155,3445,1,15,74,90,1.1888888888888889,0.044397603281480034,627,Would you mind sitting outside? everything inside is taken
4279,3445,2,13,75,90,1.1888888888888889,0.04712573678232538,627,This isn't what I expected when they said 'table with a view'.
4280,3445,3,11,76,90,1.1888888888888889,0.04970435551754336,627,"Only boring people don't ""get"" our edgy vibe."
4350,3445,1,15,74,90,1.1888888888888889,0.044397603281480034,627,Are you waiting for someone or should I call an ambulance?
4383,3445,2,13,75,90,1.1888888888888889,0.04712573678232538,627,"My apologies, sir, though you really should call a day in advance."
4422,3445,4,9,77,90,1.1888888888888889,0.05215564061107554,627,"Fancy words big fella. You just may push me into falling for you"""
4485,3445,1,15,74,90,1.1888888888888889,0.044397603281480034,627,Don’t order anything heavy. We’re too close to the edge.
4047,3445,3,11,76,90,1.1888888888888889,0.04970435551754336,627,I've got a matchbook if you need...
3599,3445,1,15,74,90,1.1888888888888889,0.044397603281480034,627,We offer a cutting-ledge culinary experience.
3570,3445,1,15,74,90,1.1888888888888889,0.044397603281480034,627,You did request 'as far from the kitchen as possible.'
2947,3445,3,11,76,90,1.1888888888888889,0.04970435551754336,627,May I suggest the pigeon stew?
2957,3445,1,15,74,90,1.1888888888888889,0.044397603281480034,627,"I know it is uncomfortable, but I am not sitting in the same room with David Remnick."
3030,3445,2,13,75,90,1.1888888888888889,0.04712573678232538,627,"Is this your first time dining with us at 
Rooftop to Table?
Our special tonight is the squab."
3034,3445,2,13,75,90,1.1888888888888889,0.04712573678232538,627,"Can I offer you sparkling, tap, or storm?"
3039,3445,3,11,76,90,1.1888888888888889,0.04970435551754336,627,The Squab Tribecois was just flown in today.
3151,3445,1,15,74,90,1.1888888888888889,0.044397603281480034,627,"Sorry, the cake is not available. It fell today."
3223,3445,2,13,75,90,1.1888888888888889,0.04712573678232538,627,Who let the dogs in?
4527,3445,3,11,76,90,1.1888888888888889,0.04970435551754336,627,Might I suggest a parachute?
3228,3445,2,13,75,90,1.1888888888888889,0.04712573678232538,627,"Excuse me, I'm going to the bathroom."
3574,3445,3,11,76,90,1.1888888888888889,0.04970435551754336,627,It was this or sitting next to the bathroom.
3261,3445,5,7,78,90,1.1888888888888889,0.05449677731470917,627,"I assure you, the risotto won't be THAT bad."
6501,3445,2,13,75,90,1.1888888888888889,0.04712573678232538,627,"Tonight's special comes with your choice of soup, salad, or parachute."
3299,3445,5,7,78,90,1.1888888888888889,0.05449677731470917,627,"Ze white tablecloth is ze parachute you ordered, Mr. Cruise."
3383,3445,1,15,74,90,1.1888888888888889,0.044397603281480034,627,I might be out on a limb
3384,3445,3,11,76,90,1.1888888888888889,0.04970435551754336,627,"Finally, a fitting punishment if they stiff me on the tip."
3422,3445,5,7,78,90,1.1888888888888889,0.05449677731470917,627,I’ll have a sautéed perch.
3435,3445,2,13,75,90,1.1888888888888889,0.04712573678232538,627,"Perhaps I could interest you in one of our fall specials, yes?"
3495,3445,3,11,76,90,1.1888888888888889,0.04970435551754336,627,Will they fall for today's special?
3505,3445,2,13,75,90,1.1888888888888889,0.04712573678232538,627,Let me be clear.Trendy and edgy ARE mutually exclusive.
3267,3445,1,15,74,90,1.1888888888888889,0.044397603281480034,627,maybe you shouldn't have asked for a smoking area
4574,3445,1,15,74,90,1.1888888888888889,0.044397603281480034,627,"As we told you, we have no terrace seating, but you persisted."
5275,3445,3,11,76,90,1.1888888888888889,0.04970435551754336,627,"Sir, if I bring you a before dinner cocktail you may not be around before dinner."
4717,3445,2,13,75,90,1.1888888888888889,0.04712573678232538,627,I'm gonna go out on a ledge and order the calamari AND the octopus.
5770,3445,1,15,74,90,1.1888888888888889,0.044397603281480034,627,Order something now or else I'm kicking you both off the ledge.
5846,3445,0,17,73,90,1.1888888888888889,0.041490472243665276,627,This is a wonderful table with a great view .
5964,3445,1,15,74,90,1.1888888888888889,0.044397603281480034,627,Maybe we shouldn't have insisted on a table by a window.
6012,3445,2,13,75,90,1.1888888888888889,0.04712573678232538,627,Our customers have gone head over heels for our fall menu.
6015,3445,2,13,75,90,1.1888888888888889,0.04712573678232538,627,Your reservation specified a table by the window.
6196,3445,1,15,74,90,1.1888888888888889,0.044397603281480034,627,"Honey, now this takes “first available” to a whole new level."
6204,3445,2,13,75,90,1.1888888888888889,0.04712573678232538,627,"Mom always said ""on four legs""."
6221,3445,5,7,78,90,1.1888888888888889,0.05449677731470917,627,The special of the day is squabs en casserole
5753,3445,2,13,75,90,1.1888888888888889,0.04712573678232538,627,"You asked for no smoking, oui?"
6246,3445,1,15,74,90,1.1888888888888889,0.044397603281480034,627,The specials are on a board in the window just under you.
6472,3445,2,13,75,90,1.1888888888888889,0.04712573678232538,627,"Ah, you've come to the right place for fresh squab."
6444,3445,3,11,76,90,1.1888888888888889,0.04970435551754336,627,It’s like he knew we were gonna dine and dash again.
6340,3445,2,13,75,90,1.1888888888888889,0.04712573678232538,627,"I'm sorry, sir, but this area is non-vaping as well."
6337,3445,3,11,76,90,1.1888888888888889,0.04970435551754336,627,The last person to request out table by the window was a reporter named Clark Kent.
6336,3445,2,13,75,90,1.1888888888888889,0.04712573678232538,627,Either jump or order! I have other customers!
6333,3445,2,13,75,90,1.1888888888888889,0.04712573678232538,627,"Hey Ms. Sanders, at least we're still feeding you"
6299,3445,3,11,76,90,1.1888888888888889,0.04970435551754336,627,Is it too late to order take-out?
2827,3445,0,17,73,90,1.1888888888888889,0.041490472243665276,627,May I propose something light?
6475,3445,1,15,74,90,1.1888888888888889,0.044397603281480034,627,"This is what happens to those who make fun of the table by the kitchen."""
5735,3445,2,13,75,90,1.1888888888888889,0.04712573678232538,627,The menu is a little too edgy for me.
5693,3445,2,13,75,90,1.1888888888888889,0.04712573678232538,627,I recommend the pigeon dropping soup.
5569,3445,3,11,76,90,1.1888888888888889,0.04970435551754336,627,I think a bird just pooped on your menu.
4779,3445,2,13,75,90,1.1888888888888889,0.04712573678232538,627,Let’s try the Squab!
4818,3445,1,15,74,90,1.1888888888888889,0.044397603281480034,627,"Well, you said you wanted a table in a quite corner."
4833,3445,2,13,75,90,1.1888888888888889,0.04712573678232538,627,"Frank, I know you’re frugal, but 2% tonight might now be wise."
4847,3445,1,15,74,90,1.1888888888888889,0.044397603281480034,627,Your wife uses too much hairspray.
6484,3445,1,15,74,90,1.1888888888888889,0.044397603281480034,627,"No, I won't pull out your chair for you."
4909,3445,1,15,74,90,1.1888888888888889,0.044397603281480034,627,Enjoy the al fresco menu.
4912,3445,1,15,74,90,1.1888888888888889,0.044397603281480034,627,I heard this place was uppity.
4923,3445,2,13,75,90,1.1888888888888889,0.04712573678232538,627,You DID request to be as far away from the kitchen as possible.
4931,3445,1,15,74,90,1.1888888888888889,0.044397603281480034,627,The chef is prepared to meet your demand for substitutions.
5029,3445,2,13,75,90,1.1888888888888889,0.04712573678232538,627,Perhaps you’d like to see something from our new Fall menu?
5071,3445,3,11,76,90,1.1888888888888889,0.04970435551754336,627,Might I be able to upsell you on that?
5102,3445,2,13,75,90,1.1888888888888889,0.04712573678232538,627,No house special tonight.
5217,3445,3,11,76,90,1.1888888888888889,0.04970435551754336,627,"Strangely, this was the only table that wasn't reserved."
5276,3445,2,13,75,90,1.1888888888888889,0.04712573678232538,627,The special tonight is fresh local pigeon.
5338,3445,2,13,75,90,1.1888888888888889,0.04712573678232538,627,You may want to call ahead next time.
5350,3445,4,9,77,90,1.1888888888888889,0.05215564061107554,627,I hear they have a great free range quail.
5372,3445,1,15,74,90,1.1888888888888889,0.044397603281480034,627,You did ask for a table with our best view.
5514,3445,3,11,76,90,1.1888888888888889,0.04970435551754336,627,Your pigeon will be ready soon. Shall I bring more bread?
5536,3445,2,13,75,90,1.1888888888888889,0.04712573678232538,627,"Would you like that fledged, or un-fledged?"
4711,3445,1,15,74,90,1.1888888888888889,0.044397603281480034,627,"Complimentary birdseed, of course."
2820,3445,2,13,75,90,1.1888888888888889,0.04712573678232538,627,Blind dates really put me on edge
5419,3445,1,15,74,90,1.1888888888888889,0.044397603281480034,627,The rarified air is extra!
2761,3445,3,11,76,90,1.1888888888888889,0.04970435551754336,627,I'm going to live on the edge here and order the mussels.
724,3445,1,15,74,90,1.1888888888888889,0.044397603281480034,627,One who insists on a seat by the window gets a seat by the window.
742,3445,1,15,74,90,1.1888888888888889,0.044397603281480034,627,"Oh, and my wife, Marie, sends you her kindest personal regards, Monsieur."
757,3445,2,13,75,90,1.1888888888888889,0.04712573678232538,627,The wine list is on the left.  To the right is the waiver you will need to sign.
768,3445,3,11,76,90,1.1888888888888889,0.04970435551754336,627,"You said you wanted a table with a view!  Are you going to be one of those hard-to-please customers? Because if you are, they are barbequing rats on the E-train...."
822,3445,1,15,74,90,1.1888888888888889,0.044397603281480034,627,We're taking farm-to-table to a whole new level.
868,3445,3,11,76,90,1.1888888888888889,0.04970435551754336,627,"Bernard, on a first date, tries to act nonchalant, thinking ""their prices are through the roof""!"
991,3445,4,9,77,90,1.1888888888888889,0.05215564061107554,627,"Your date is not to blame, madame: five Michelin stars means that this is the best available table WITH a reservation."
1013,3445,1,15,74,90,1.1888888888888889,0.044397603281480034,627,"So, Mr. Big Shot, are you still happy with your decision to give him the quarter instead of the twenty?"
1122,3445,2,13,75,90,1.1888888888888889,0.04712573678232538,627,Don't look down when you're eating..
1130,3445,2,13,75,90,1.1888888888888889,0.04712573678232538,627,"Well, you should just be happy they still have a smoking section."
1173,3445,3,11,76,90,1.1888888888888889,0.04970435551754336,627,"You look like you might prefer something safe, for starters."
1176,3445,3,11,76,90,1.1888888888888889,0.04970435551754336,627,You'll find the cocktails in our drop down menu.
1228,3445,2,13,75,90,1.1888888888888889,0.04712573678232538,627,"Well, you said you didn't want a table near the kitchen."
1252,3445,5,7,78,90,1.1888888888888889,0.05449677731470917,627,Is that your foot or are you just happy to see me?
1260,3445,2,13,75,90,1.1888888888888889,0.04712573678232538,627,"So, you asked for a table near the window?"
709,3445,1,15,74,90,1.1888888888888889,0.044397603281480034,627,May I start you off with a draft?
681,3445,3,11,76,90,1.1888888888888889,0.04970435551754336,627,Ready to take the plunge on our appetizers?
618,3445,3,11,76,90,1.1888888888888889,0.04970435551754336,627,Pop up restaurants always scare me
590,3445,2,13,75,90,1.1888888888888889,0.04712573678232538,627,"Might I recommend ""another restaurant""?"
2768,3445,2,13,75,90,1.1888888888888889,0.04712573678232538,627,"I'm not sure if you've heard about our new ""No Tipping"" policy?"
21,3445,3,11,76,90,1.1888888888888889,0.04970435551754336,627,Today's special is roast pigeon.
65,3445,2,13,75,90,1.1888888888888889,0.04712573678232538,627,The view from the 90th floor is much better.
162,3445,3,11,76,90,1.1888888888888889,0.04970435551754336,627,Squab anyone?
232,3445,2,13,75,90,1.1888888888888889,0.04712573678232538,627,Thank you for coming to Pigeon's Roost. Your waiters will be up once they're done with the breadcrumbs that fell to the street.
277,3445,3,11,76,90,1.1888888888888889,0.04970435551754336,627,"Drat, that's the third busboy we've lost this week."
346,3445,2,13,75,90,1.1888888888888889,0.04712573678232538,627,You decide what comes next.
1313,3445,4,9,77,90,1.1888888888888889,0.05215564061107554,627,Is this “ al fresco “ enough for you?
383,3445,1,15,74,90,1.1888888888888889,0.044397603281480034,627,Your dining experience will be as balanced as the gratuity.
471,3445,1,15,74,90,1.1888888888888889,0.044397603281480034,627,"Unfortunately, our best table isn't our safest, sir."
490,3445,2,13,75,90,1.1888888888888889,0.04712573678232538,627,"Unfortunately, our table side Guacamole is no longer available. Sir."
494,3445,5,7,78,90,1.1888888888888889,0.05449677731470917,627,"We no longer offer table-side guacamole."""
501,3445,4,9,77,90,1.1888888888888889,0.05215564061107554,627,"Excuse me, you can't be out there."
520,3445,2,13,75,90,1.1888888888888889,0.04712573678232538,627,"You are limited to one alcoholic beverage, due to risks of injuries related to falls."
542,3445,3,11,76,90,1.1888888888888889,0.04970435551754336,627,"Sorry, we are not allowed to use silverware anymore."
583,3445,1,15,74,90,1.1888888888888889,0.044397603281480034,627,"And to avoid any interruption in your plans for the rest of the evening , we hope to see your five-star review before the dessert course."
445,3445,3,11,76,90,1.1888888888888889,0.04970435551754336,627,…and we have dessert to die for.
1319,3445,2,13,75,90,1.1888888888888889,0.04712573678232538,627,Don’t even think about not leaving a good tip!
154,3445,3,11,76,90,1.1888888888888889,0.04970435551754336,627,I'd like to add you to my LinkedIn network
1425,3445,1,15,74,90,1.1888888888888889,0.044397603281480034,627,"The review didn't actually say ""patio dining."" It just said ""al fresco."""
2749,3445,4,9,77,90,1.1888888888888889,0.05215564061107554,627,come on order all ready
2067,3445,3,11,76,90,1.1888888888888889,0.04970435551754336,627,"Great question. Yes, the squab is very locally sourced."
2092,3445,2,13,75,90,1.1888888888888889,0.04712573678232538,627,"No, Mr.Wells, we did not appreciate the Times' review of our establishment."
2111,3445,0,17,73,90,1.1888888888888889,0.041490472243665276,627,I told you the smoking section would be lousy seats
2226,3445,3,11,76,90,1.1888888888888889,0.04970435551754336,627,The Yelp review said allegedly.
2229,3445,1,15,74,90,1.1888888888888889,0.044397603281480034,627,May I bring you a couple parachutes as a starter?
2251,3445,3,11,76,90,1.1888888888888889,0.04970435551754336,627,"And our seafood special this evening is ""Scallops sur Scaffolding"""
2014,3445,1,15,74,90,1.1888888888888889,0.044397603281480034,627,Perhaps Madame will temper how aredently she insists on a “table with a view” next time.
2300,3445,2,13,75,90,1.1888888888888889,0.04712573678232538,627,Some of our patrons just fell for the atmosphere.
2408,3445,3,11,76,90,1.1888888888888889,0.04970435551754336,627,"Tonight’s throwing menu features: meatballs, over ripe tomatoes, and a chocolate cream pie."
2415,3445,2,13,75,90,1.1888888888888889,0.04712573678232538,627,I just didn't know an Open Table at HEIGHTS for BITES was going to be this.
2427,3445,2,13,75,90,1.1888888888888889,0.04712573678232538,627,We are gonna need that table back for an 845 res so can I get you started with some apps?
2521,3445,1,15,74,90,1.1888888888888889,0.044397603281480034,627,Maybe tip bigger next time?
1349,3445,4,9,77,90,1.1888888888888889,0.05215564061107554,627,Let's hurry up and order. This limited seating must be in demand.
2565,3445,2,13,75,90,1.1888888888888889,0.04712573678232538,627,"This is the seating section for our ""coupon"" customers. This is why we require you to present it in advance."
2676,3445,3,11,76,90,1.1888888888888889,0.04970435551754336,627,This place is a bit high-end for my taste.
2370,3445,1,15,74,90,1.1888888888888889,0.044397603281480034,627,"Frankly, I thought the chef's table would be closer to the kitchen."
2010,3445,4,9,77,90,1.1888888888888889,0.05215564061107554,627,"Pigeon tartare, pigeon crudite, pigeon antipasto misto, pigeon bolognese, pigeon gnocchi, pigeon biscotti and pigeon caffe vito.  Any allergies?"
2034,3445,3,11,76,90,1.1888888888888889,0.04970435551754336,627,I recommend the non-alcoholic high ball.
1945,3445,3,11,76,90,1.1888888888888889,0.04970435551754336,627,You always make me feel so on edge!
1476,3445,2,13,75,90,1.1888888888888889,0.04712573678232538,627,They only THINK the stock market is going to crash?
1483,3445,2,13,75,90,1.1888888888888889,0.04712573678232538,627,I only fear your souffle will fall.
1487,3445,2,13,75,90,1.1888888888888889,0.04712573678232538,627,"Before we order, I think we should talk about our finances dear."
1526,3445,3,11,76,90,1.1888888888888889,0.04970435551754336,627,Haute cuisine
1549,3445,4,9,77,90,1.1888888888888889,0.05215564061107554,627,Didn't you say you were looking for an edgy dining experience?
1606,3445,1,15,74,90,1.1888888888888889,0.044397603281480034,627,"And, do you prefer red or white with your diesel exhaust and pigeon poop?"
1972,3445,3,11,76,90,1.1888888888888889,0.04970435551754336,627,"Technically it’s an outside table, but they still don’t allow dogs."
1649,3445,2,13,75,90,1.1888888888888889,0.04712573678232538,627,"What's the problem?  You asked for al fresco, you got al fresco!"
1648,3445,2,13,75,90,1.1888888888888889,0.04712573678232538,627,Best to order before the pigeons arrive.
1782,3445,1,15,74,90,1.1888888888888889,0.044397603281480034,627,"Today our specials are....oh never mind, I'm not coming out there anyway."
1793,3445,3,11,76,90,1.1888888888888889,0.04970435551754336,627,He looks like he's feeling as on-edge as I am.
1802,3445,3,11,76,90,1.1888888888888889,0.04970435551754336,627,Beats being next to the bathroom.
1807,3445,3,11,76,90,1.1888888888888889,0.04970435551754336,627,"For those living on the edge, may I suggest starting with a gin and meclizine..."
1854,3445,2,13,75,90,1.1888888888888889,0.04712573678232538,627,Everyone's dying to get a table.
1887,3445,2,13,75,90,1.1888888888888889,0.04712573678232538,627,We don't have outdoor service even if you bring your own furniture
1925,3445,0,17,73,90,1.1888888888888889,0.041490472243665276,627,Don't let the absence of pigeons sway you in your choice of entrees.
1776,3445,3,11,76,90,1.1888888888888889,0.04970435551754336,627,"Before I take your order, please note that this is a 'prepay' window."
3184,3610,2,13,76,91,1.1868131868131868,0.046651195530939105,627,How long ago did you make this reservation/
4587,3610,1,15,75,91,1.1868131868131868,0.04395604395604396,627,Your evening entrees will be flying by shortly.
3710,3610,2,13,76,91,1.1868131868131868,0.046651195530939105,627,"Yes, Pigeon is our only entrée."
3486,3610,3,11,77,91,1.1868131868131868,0.04919892568609763,627,Yes...It's B.Y.O.C.-cutlery
1588,3610,1,15,75,91,1.1868131868131868,0.04395604395604396,627,Might I recommend something on the heavy side.
1493,3615,2,13,77,92,1.184782608695652,0.04618599010841946,627,You're on the naughty step for your derisory tip last time
4901,3615,2,13,77,92,1.184782608695652,0.04618599010841946,627,"Weren’t expecting an all-escargot menu, were you?"
4464,3617,2,12,74,88,1.1818181818181819,0.04724780309106128,627,"Sorry, we only sell wine by the flight."
4138,3617,3,10,75,88,1.1818181818181819,0.04993583800023195,627,"I thought you said they served pigeon, not that we'd BE pigeons?"
4134,3617,1,14,73,88,1.1818181818181819,0.044397318354580724,627,This could be our last meal together.
4115,3617,2,12,74,88,1.1818181818181819,0.04724780309106128,627,"You know, Brad, when I told you I really like al fresco dining, this really wasn't quite what I had in mind!"
4110,3617,2,12,74,88,1.1818181818181819,0.04724780309106128,627,I advise you not to order anything too heavy.
4533,3617,2,12,74,88,1.1818181818181819,0.04724780309106128,627,"I'm sure glad, I don't have to go."
4108,3617,1,14,73,88,1.1818181818181819,0.044397318354580724,627,Extreme dine and dashing
4105,3617,2,12,74,88,1.1818181818181819,0.04724780309106128,627,Cuisine with a view seems to beg the issue.
4103,3617,2,12,74,88,1.1818181818181819,0.04724780309106128,627,I recommend the squab; its fresh and locally raised.
4096,3617,1,14,73,88,1.1818181818181819,0.044397318354580724,627,Order something light. I don’t trust this ledge.
4095,3617,2,12,74,88,1.1818181818181819,0.04724780309106128,627,May I recommend our pigeon nuggets?
4094,3617,2,12,74,88,1.1818181818181819,0.04724780309106128,627,Tonight's special is the pigeon.  Very fresh.
4042,3617,2,12,74,88,1.1818181818181819,0.04724780309106128,627,Hi! My name is Al Fresco and I'll be your server tonight.
4030,3617,3,10,75,88,1.1818181818181819,0.04993583800023195,627,"I don't like the sound of these cocktails. """"Vertigo"", ""Over The Edge"", and ""Sidewalk Splat!"""
4029,3617,1,14,73,88,1.1818181818181819,0.044397318354580724,627,"Welcome to the Jump’n Cafe. We hope you enjoy our urban, edgy menu."
3991,3617,1,14,73,88,1.1818181818181819,0.044397318354580724,627,Did this help you make a decision sir?
3988,3617,1,14,73,88,1.1818181818181819,0.044397318354580724,627,"Hmmmm.......
The pigeon sounds good !"
3960,3617,2,12,74,88,1.1818181818181819,0.04724780309106128,627,These prices are over the top!!
3950,3617,3,10,75,88,1.1818181818181819,0.04993583800023195,627,"Folks, you asked for the Early-Bird Special, did you not?"
3945,3617,2,12,74,88,1.1818181818181819,0.04724780309106128,627,We always have wild caught pigeon available.
3933,3617,2,12,74,88,1.1818181818181819,0.04724780309106128,627,"Harold, Is this what they mean by rooftop seating?"
3918,3617,2,12,74,88,1.1818181818181819,0.04724780309106128,627,So much for turning down that table by the loo.
3900,3617,2,12,74,88,1.1818181818181819,0.04724780309106128,627,It encourages heightened dining sensations and exuberant relief afterwards.
3888,3617,2,12,74,88,1.1818181818181819,0.04724780309106128,627,Is this your idea of living on the edge?
3873,3617,0,16,72,88,1.1818181818181819,0.0413508023770311,627,"""Edgy ambiance""  can be taken several ways."
3871,3617,3,10,75,88,1.1818181818181819,0.04993583800023195,627,Our speciality this evening is pigeon-drop soup.
3862,3617,1,14,73,88,1.1818181818181819,0.044397318354580724,627,The special is about what you'd expect.
3854,3617,2,12,74,88,1.1818181818181819,0.04724780309106128,627,That's how you know the squab is fresh.
3846,3617,0,16,72,88,1.1818181818181819,0.0413508023770311,627,"On the other hand, we did get the privacy and unobstructed view we requested."
3843,3617,3,10,75,88,1.1818181818181819,0.04993583800023195,627,That's from a failed marriage proposal back in 2012.
4153,3617,1,14,73,88,1.1818181818181819,0.044397318354580724,627,Could you please close the window?  The breeze is chilling us.
4465,3617,1,14,73,88,1.1818181818181819,0.044397318354580724,627,"The ""Pigeon Perch"" our most popular table."
4175,3617,1,14,73,88,1.1818181818181819,0.044397318354580724,627,After tonight when you dine  elsewhere you’ll feel let down.
4212,3617,2,12,74,88,1.1818181818181819,0.04724780309106128,627,I never really liked eating haute cuisine.
4458,3617,2,12,74,88,1.1818181818181819,0.04724780309106128,627,Pigeon la ledge is our specialite'
4455,3617,1,14,73,88,1.1818181818181819,0.044397318354580724,627,"I explained that patio dining was limited, sir."
4472,3617,1,14,73,88,1.1818181818181819,0.044397318354580724,627,I wonder what the pigeon consommé is.
4492,3617,2,12,74,88,1.1818181818181819,0.04724780309106128,627,I should have been curious when you told me we were going to a new alfresco carryout place
4494,3617,3,10,75,88,1.1818181818181819,0.04993583800023195,627,Not that.  It attracts pigeons.
4496,3617,1,14,73,88,1.1818181818181819,0.044397318354580724,627,"We think it will be the new foodie fad by the weekend, so if you would put it on instagram, we will comp your meal."
4507,3617,2,12,74,88,1.1818181818181819,0.04724780309106128,627,Are you sure we want a table with a view?
4511,3617,4,8,76,88,1.1818181818181819,0.052486388108147805,627,I fear we've taken this relationship as far as it can go.
3820,3617,1,14,73,88,1.1818181818181819,0.044397318354580724,627,Vell of COURSE the pigeon l'orange is fresh!  - it flies in every day.
4445,3617,2,12,74,88,1.1818181818181819,0.04724780309106128,627,Tonight’s special is our locally sourced pan-seared pigeon.
4442,3617,1,14,73,88,1.1818181818181819,0.044397318354580724,627,"You said you wanted a table with a view.  You're not going to beat this one.  Just look out for the pigeons - they like it oo,"
4429,3617,1,14,73,88,1.1818181818181819,0.044397318354580724,627,Welcome to Chez Squab. Let me talk you down from our specials.
4390,3617,1,14,73,88,1.1818181818181819,0.044397318354580724,627,"I should have been more specific in requesting a window table"""
4385,3617,3,10,75,88,1.1818181818181819,0.04993583800023195,627,knowledge in the air
4373,3617,3,10,75,88,1.1818181818181819,0.04993583800023195,627,"No, we will not baby-bird you the food."
4366,3617,1,14,73,88,1.1818181818181819,0.044397318354580724,627,Do leave a generous Tip ; else could be a downward  trip.
4362,3617,3,10,75,88,1.1818181818181819,0.04993583800023195,627,"For Monsieur, I would recommend the sauté, followed by the pavé. I trust Madame will thoroughly enjoy it."
4334,3617,3,10,75,88,1.1818181818181819,0.04993583800023195,627,I can recommend the pigeon.
4328,3617,2,12,74,88,1.1818181818181819,0.04724780309106128,627,It’s called “al — we still remember your last tip — fresco.”
4327,3617,1,14,73,88,1.1818181818181819,0.044397318354580724,627,I hear the pigeon here is all locally sourced .
4323,3617,1,14,73,88,1.1818181818181819,0.044397318354580724,627,"Yes, the squab is very, very locally sourced."
4315,3617,2,12,74,88,1.1818181818181819,0.04724780309106128,627,"In addition to our regular menu entries, today’s special, should it choose to leave the ledge above you, is pigeon."
4275,3617,0,16,72,88,1.1818181818181819,0.0413508023770311,627,May I suggest the pigeon tartar?
4264,3617,3,10,75,88,1.1818181818181819,0.04993583800023195,627,"Sir, I can assure you we take our ‘no room service’ policy very seriously."
4234,3617,2,12,74,88,1.1818181818181819,0.04724780309106128,627,We call them squab.
4230,3617,0,16,72,88,1.1818181818181819,0.0413508023770311,627,"Let's forego the breadbasket, shall we?"
4229,3617,1,14,73,88,1.1818181818181819,0.044397318354580724,627,"Can't tell if it's the adrenaline or the sumptuous menu, but I'm suddenly really attracted to you!"
4220,3617,4,8,76,88,1.1818181818181819,0.052486388108147805,627,... nestled on a bed of fresh pigeon......
4217,3617,0,16,72,88,1.1818181818181819,0.0413508023770311,627,Tonite's Special is Pigeon al Fresco.
4205,3617,3,10,75,88,1.1818181818181819,0.04993583800023195,627,"Hey, do you really want that last meal or shall we jump right away?"
3818,3617,3,10,75,88,1.1818181818181819,0.04993583800023195,627,"So, when WILL you be moving out of your parent's home?"
3301,3617,1,14,73,88,1.1818181818181819,0.044397318354580724,627,"Although listed as a special for this evening, chef just reported that we are out of the free-range pigeon."
3780,3617,2,12,74,88,1.1818181818181819,0.04724780309106128,627,"Granted, but it's greatly reduced the number of customers who bolt on the check."
3343,3617,4,8,76,88,1.1818181818181819,0.052486388108147805,627,"Might I recommend the locally sourced, squab?"
3333,3617,2,12,74,88,1.1818181818181819,0.04724780309106128,627,Whaddya have? Ledge of lamb with mint or turkey ledge and gravy?
3330,3617,3,10,75,88,1.1818181818181819,0.04993583800023195,627,May I recommend not jumping?
3305,3617,2,12,74,88,1.1818181818181819,0.04724780309106128,627,Why do I feel on edge when we are talking about life insurance?
4559,3617,1,14,73,88,1.1818181818181819,0.044397318354580724,627,I know.  Those prices are through the roof!
3271,3617,2,12,74,88,1.1818181818181819,0.04724780309106128,627,Our special today is rock dove sashimi with a dusting of fresh cinders.
3269,3617,2,12,74,88,1.1818181818181819,0.04724780309106128,627,"Isn't this what you meant by ""adventurous eater"" on your Hinge profile?"
3256,3617,1,14,73,88,1.1818181818181819,0.044397318354580724,627,You can come back in when you admit that the chicken wasn't dry.
3225,3617,2,12,74,88,1.1818181818181819,0.04724780309106128,627,You won't find such a table d’hôte menu anyplace else!
3215,3617,3,10,75,88,1.1818181818181819,0.04993583800023195,627,Our whole approach to the dining experience is edgy to say the least .
3199,3617,3,10,75,88,1.1818181818181819,0.04993583800023195,627,Go ahead order something on line and get the hell out of my restaurant
3198,3617,2,12,74,88,1.1818181818181819,0.04724780309106128,627,I’d recommend the light canapés.
3188,3617,2,12,74,88,1.1818181818181819,0.04724780309106128,627,This meal is on the house
3183,3617,1,14,73,88,1.1818181818181819,0.044397318354580724,627,Sorry.  All the corner booths were taken.  Hope this will work out.
3351,3617,1,14,73,88,1.1818181818181819,0.044397318354580724,627,"Yes, sir, this is a no-tipping restaurant."
3162,3617,1,14,73,88,1.1818181818181819,0.044397318354580724,627,The pigeon is locally sourced and quite good.
3145,3617,2,12,74,88,1.1818181818181819,0.04724780309106128,627,"And I think after you hear our specials, you'll find you have even more to live for."
3141,3617,0,16,72,88,1.1818181818181819,0.0413508023770311,627,Altitude and  Al Fresco just don't mix.
3136,3617,1,14,73,88,1.1818181818181819,0.044397318354580724,627,Today's special is eggs over eaves.
3123,3617,1,14,73,88,1.1818181818181819,0.044397318354580724,627,"But, monsieur, it is just what you asked for: intimate, secluded, away from the bathrooms."
3110,3617,2,12,74,88,1.1818181818181819,0.04724780309106128,627,"All we serve is pigeon, but we prepare it twenty-two ways."
3107,3617,3,10,75,88,1.1818181818181819,0.04993583800023195,627,I hear the squab is excellent.
3064,3617,1,14,73,88,1.1818181818181819,0.044397318354580724,627,It’s our new Skyscraper Taster menu: $10.00 a foot.
3050,3617,3,10,75,88,1.1818181818181819,0.04993583800023195,627,It's not quite the Rainbow Room...
2997,3617,1,14,73,88,1.1818181818181819,0.044397318354580724,627,"Yes, the roasted pigeon is indeed local."
2989,3617,2,12,74,88,1.1818181818181819,0.04724780309106128,627,"When you said ‘cutting edge cuisine’, I had something else in mind."
2986,3617,2,12,74,88,1.1818181818181819,0.04724780309106128,627,"I'm sorry, this is as far as I can seat you from the guy Instagramming his meal"
2976,3617,2,12,74,88,1.1818181818181819,0.04724780309106128,627,"Yes, the pigeon is locally sourced."
2961,3617,2,12,74,88,1.1818181818181819,0.04724780309106128,627,You are still responsible for the service fee.
2960,3617,1,14,73,88,1.1818181818181819,0.044397318354580724,627,I thought by the kitchen was Siberia...
3158,3617,3,10,75,88,1.1818181818181819,0.04993583800023195,627,The special is what the pigeon left.
3364,3617,3,10,75,88,1.1818181818181819,0.04993583800023195,627,"You asked for the table with the spectacular view, right?"
3369,3617,2,12,74,88,1.1818181818181819,0.04724780309106128,627,You had to request the smoking section.
3373,3617,3,10,75,88,1.1818181818181819,0.04993583800023195,627,Service here’s a bit flighty.
3770,3617,0,16,72,88,1.1818181818181819,0.0413508023770311,627,Might I suggest starting with the Iceberg Ledge salad?
3758,3617,2,12,74,88,1.1818181818181819,0.04724780309106128,627,Our restaurant has a new cutting edge design
3754,3617,2,12,74,88,1.1818181818181819,0.04724780309106128,627,"""This menu is rather edgy."""
3730,3617,4,8,76,88,1.1818181818181819,0.052486388108147805,627,"Think of it like this -- if you have to ask, it's too high."
3695,3617,3,10,75,88,1.1818181818181819,0.04993583800023195,627,"Well, at least the rain tapered off."
3665,3617,2,12,74,88,1.1818181818181819,0.04724780309106128,627,The special tonight is locally sourced pigeon.
3664,3617,2,12,74,88,1.1818181818181819,0.04724780309106128,627,The fried pigeon is my favorite....
3661,3617,3,10,75,88,1.1818181818181819,0.04993583800023195,627,The non-economy section now has one table available.
3657,3617,4,8,76,88,1.1818181818181819,0.052486388108147805,627,"When you are ready to order, please step up to the counter."
3654,3617,3,10,75,88,1.1818181818181819,0.04993583800023195,627,The freshest entree is the pigeon.
3620,3617,1,14,73,88,1.1818181818181819,0.044397318354580724,627,"It's a new dining area we have opened up for customers we know who are oh, so very demanding about everything."
3610,3617,1,14,73,88,1.1818181818181819,0.044397318354580724,627,May I suggest a bottle of the Risky Business merlot.
3586,3617,3,10,75,88,1.1818181818181819,0.04993583800023195,627,I thought we were meeting your friend Al.
3584,3617,1,14,73,88,1.1818181818181819,0.044397318354580724,627,"Chin up, darling. Inside, they're eating off communal tables, and the prices are no less vertiginous."
3576,3617,0,16,72,88,1.1818181818181819,0.0413508023770311,627,My chef and attorney has recommended I plead the fifth
3567,3617,4,8,76,88,1.1818181818181819,0.052486388108147805,627,Just don't look down the menu.
3552,3617,1,14,73,88,1.1818181818181819,0.044397318354580724,627,"I hope you enjoy our establishment's open air seating and amazing views. All I ask is that you please be careful and watch your step.  Now, how would you like to see our wine list!"
3397,3617,3,10,75,88,1.1818181818181819,0.04993583800023195,627,Is that the dumb waiter or the real waiter?
3398,3617,1,14,73,88,1.1818181818181819,0.044397318354580724,627,A pigeon will be arriving shortly with some bread.
3410,3617,0,16,72,88,1.1818181818181819,0.0413508023770311,627,I hope the birds aren’t peckish.
3446,3617,2,12,74,88,1.1818181818181819,0.04724780309106128,627,This isn't a pop-up. It's a pop-out.
3450,3617,3,10,75,88,1.1818181818181819,0.04993583800023195,627,"Get it?
“Dumbwaiter”"
3467,3617,3,10,75,88,1.1818181818181819,0.04993583800023195,627,This is alleged to be a five star restaurant
3798,3617,4,8,76,88,1.1818181818181819,0.052486388108147805,627,Our Catch of the Day just flew into the building next door.
3471,3617,3,10,75,88,1.1818181818181819,0.04993583800023195,627,The chef recommends sous vide squab pigeon.
3503,3617,2,12,74,88,1.1818181818181819,0.04724780309106128,627,May I suggest a blend with more balance?
3511,3617,2,12,74,88,1.1818181818181819,0.04724780309106128,627,"Squab House Menu
Fresh squab “ en plein aire”"
3527,3617,3,10,75,88,1.1818181818181819,0.04993583800023195,627,They said the restaurant had an edgy vibe.
3531,3617,2,12,74,88,1.1818181818181819,0.04724780309106128,627,We call it edgy with an L.
3544,3617,2,12,74,88,1.1818181818181819,0.04724780309106128,627,When you said our service has fallen of the ledge I didn't think you meant literally.  I hope George is alright.
3549,3617,1,14,73,88,1.1818181818181819,0.044397318354580724,627,The roast squab is particularly fresh today
3494,3617,2,12,74,88,1.1818181818181819,0.04724780309106128,627,Would you please shut that window?  I feel a draft.
4566,3617,2,12,74,88,1.1818181818181819,0.04724780309106128,627,"Sir, it happens to be the best table on the building."""
5165,3617,2,12,74,88,1.1818181818181819,0.04724780309106128,627,This is on the house.
4585,3617,3,10,75,88,1.1818181818181819,0.04993583800023195,627,"So, exactly how fresh is the roasted squab?"
5975,3617,2,12,74,88,1.1818181818181819,0.04724780309106128,627,"The gratuity is 18 percent, with an extra 10 percent hazardous pay."
5923,3617,3,10,75,88,1.1818181818181819,0.04993583800023195,627,...the 'Don't Look Down' pairs well with the Falling Duck
5905,3617,3,10,75,88,1.1818181818181819,0.04993583800023195,627,"The bird's nest soup is especially fresh."""
5879,3617,3,10,75,88,1.1818181818181819,0.04993583800023195,627,"Now you know why this restaurant is ""ledgendary.”"
5866,3617,3,10,75,88,1.1818181818181819,0.04993583800023195,627,This table is reserved for couples who order white sauce with their pasta.
5863,3617,2,12,74,88,1.1818181818181819,0.04724780309106128,627,We have several torts.
5859,3617,3,10,75,88,1.1818181818181819,0.04993583800023195,627,The prices here have been through the roof lately.
5845,3617,1,14,73,88,1.1818181818181819,0.044397318354580724,627,"For starters, I recommend our house nudge."
5841,3617,3,10,75,88,1.1818181818181819,0.04993583800023195,627,That would be off menu.
5836,3617,2,12,74,88,1.1818181818181819,0.04724780309106128,627,I’m not sure how I feel about this new rooftop seating
5824,3617,1,14,73,88,1.1818181818181819,0.044397318354580724,627,"Sir, the roof top bar is on the next floor"
5803,3617,2,12,74,88,1.1818181818181819,0.04724780309106128,627,"But Monsieur, our other guests insist on exclusive seating for 'Edge Fund Managers."
5790,3617,2,12,74,88,1.1818181818181819,0.04724780309106128,627,You really want a divorce!
5787,3617,2,12,74,88,1.1818181818181819,0.04724780309106128,627,"Have you been here before?"""
5977,3617,2,12,74,88,1.1818181818181819,0.04724780309106128,627,"Dear, this is the best honeymoon ever.  Just think we are between
heaven and earth."
5779,3617,2,12,74,88,1.1818181818181819,0.04724780309106128,627,Not the best table for people watching
5775,3617,4,8,76,88,1.1818181818181819,0.052486388108147805,627,The pigeon à la glace is very fresh tonight.
5768,3617,2,12,74,88,1.1818181818181819,0.04724780309106128,627,Ledge Fun! I thought you said you were into hedge fund.
5755,3617,4,8,76,88,1.1818181818181819,0.052486388108147805,627,"I said claustrophobic, not anti-social."
5745,3617,2,12,74,88,1.1818181818181819,0.04724780309106128,627,"We usually reserve that table for blind customers, but we're already at capacity."
5719,3617,3,10,75,88,1.1818181818181819,0.04993583800023195,627,Our dessert specials tonight are either devil’s food and angel food cake.
5717,3617,3,10,75,88,1.1818181818181819,0.04993583800023195,627,I can recommend the ledge mushrooms sprinkled with high altitude moss.
5691,3617,3,10,75,88,1.1818181818181819,0.04993583800023195,627,You asked for rooftop seating.
5688,3617,1,14,73,88,1.1818181818181819,0.044397318354580724,627,"So you know, our al fresco dining policy is strictly cash only, up front."
5681,3617,2,12,74,88,1.1818181818181819,0.04724780309106128,627,May I suggest a Valium-induced Fallen Angel to help take the edge off?
5673,3617,3,10,75,88,1.1818181818181819,0.04993583800023195,627,May I recommend our locally sourced squab?
5654,3617,2,12,74,88,1.1818181818181819,0.04724780309106128,627,"Well, the prices are edgy too."
5652,3617,0,16,72,88,1.1818181818181819,0.0413508023770311,627,I heard you don’t tip.
5636,3617,2,12,74,88,1.1818181818181819,0.04724780309106128,627,"So, are you ledgetarian?"
5612,3617,2,12,74,88,1.1818181818181819,0.04724780309106128,627,"If it's not working out, order him the 'In-Flight Special!'"
5776,3617,1,14,73,88,1.1818181818181819,0.044397318354580724,627,Waiter! is this the only outdoor seating available?
5592,3617,3,10,75,88,1.1818181818181819,0.04993583800023195,627,I understand that you booked your reservation using the openwindow app.
5988,3617,0,16,72,88,1.1818181818181819,0.0413508023770311,627,This is the best view of the city.
6054,3617,1,14,73,88,1.1818181818181819,0.044397318354580724,627,My name's Rene and I'll be serving you from here.
2924,3617,1,14,73,88,1.1818181818181819,0.044397318354580724,627,"Thanks for trying our new ""on the Fresco"" seating. We've been surprised by the lack of enthusiasm for this dining experience."
6339,3617,2,12,74,88,1.1818181818181819,0.04724780309106128,627,They say the food here is to die for.
6357,3617,2,12,74,88,1.1818181818181819,0.04724780309106128,627,"When I read on your Tinder profile you like to live life on the edge, this isnt what I was picturing"
6360,3617,2,12,74,88,1.1818181818181819,0.04724780309106128,627,This takes dining out to a whole new level.
6374,3617,1,14,73,88,1.1818181818181819,0.044397318354580724,627,May we offer you a libation
6399,3617,1,14,73,88,1.1818181818181819,0.044397318354580724,627,Don't let the size of the menu reflect the size of the tip.
6426,3617,2,12,74,88,1.1818181818181819,0.04724780309106128,627,Today’s toppings are pigeon poop or AC drip.
6440,3617,3,10,75,88,1.1818181818181819,0.04993583800023195,627,"Sir, this window closes in ten minutes."
6473,3617,3,10,75,88,1.1818181818181819,0.04993583800023195,627,May I start you off with an acrophobic beverage?
6476,3617,2,12,74,88,1.1818181818181819,0.04724780309106128,627,"No, Madam. I’m sorry to say we no longer have a roasted squab special."
6502,3617,2,12,74,88,1.1818181818181819,0.04724780309106128,627,"Rooftop seating on a budget-- you may feel queasy, but you can't beat that price."
6325,3617,1,14,73,88,1.1818181818181819,0.044397318354580724,627,May I suggest the *vin vertige*.
6323,3617,3,10,75,88,1.1818181818181819,0.04993583800023195,627,The view is fine inside
6315,3617,2,12,74,88,1.1818181818181819,0.04724780309106128,627,Might I recommend the Five-story Cake? It pairs well with the atmosphere.
6011,3617,2,12,74,88,1.1818181818181819,0.04724780309106128,627,May I recommend the parachute tonight?
6311,3617,3,10,75,88,1.1818181818181819,0.04993583800023195,627,I did reserve the table by the window.
6280,3617,1,14,73,88,1.1818181818181819,0.044397318354580724,627,"Regrettably, we're out of tri-tip."
6279,3617,1,14,73,88,1.1818181818181819,0.044397318354580724,627,You're lucky you two beat out that other couple for our only table by the window.
6277,3617,2,12,74,88,1.1818181818181819,0.04724780309106128,627,"Here, we bring your stomachs to the food."
6275,3617,3,10,75,88,1.1818181818181819,0.04993583800023195,627,"I'm sorry, but we are out of the roast pigeon this evening."
6252,3617,2,12,74,88,1.1818181818181819,0.04724780309106128,627,Tonight's farm-to-table special is squab.
6236,3617,3,10,75,88,1.1818181818181819,0.04993583800023195,627,Membership has its priv-ledges”
6181,3617,2,12,74,88,1.1818181818181819,0.04724780309106128,627,You wanted a table outside the traffic flow...
6180,3617,1,14,73,88,1.1818181818181819,0.044397318354580724,627,"How would you like your Vertigo cooked, madam?"
6173,3617,3,10,75,88,1.1818181818181819,0.04993583800023195,627,The Chef will be right out to explain his new cutting-ledge menu.
6163,3617,3,10,75,88,1.1818181818181819,0.04993583800023195,627,the smoking section does offer an excellent view of the river
6155,3617,1,14,73,88,1.1818181818181819,0.044397318354580724,627,"I don't mean to be pushy, but...."
6148,3617,3,10,75,88,1.1818181818181819,0.04993583800023195,627,Well I understand the squab is very fresh...
6141,3617,1,14,73,88,1.1818181818181819,0.044397318354580724,627,Specialty of the House is soup a la pigeon poop.
6116,3617,3,10,75,88,1.1818181818181819,0.04993583800023195,627,Our squab is excellent.
6281,3617,1,14,73,88,1.1818181818181819,0.044397318354580724,627,Tonight’s special is roasted squab.
4582,3617,2,12,74,88,1.1818181818181819,0.04724780309106128,627,"We serve alcohol, but at your own risk"
5586,3617,1,14,73,88,1.1818181818181819,0.044397318354580724,627,Give him our drink order
5564,3617,3,10,75,88,1.1818181818181819,0.04993583800023195,627,"I highly suggest you don’t dine and dash, sir"
4975,3617,2,12,74,88,1.1818181818181819,0.04724780309106128,627,May I suggest the pigeon under glass?
4953,3617,2,12,74,88,1.1818181818181819,0.04724780309106128,627,the chateaubriand is to die for
4948,3617,2,12,74,88,1.1818181818181819,0.04724780309106128,627,I see you're still on edge about our relationship.
4945,3617,2,12,74,88,1.1818181818181819,0.04724780309106128,627,I recommend the lovers' leap special.
4941,3617,3,10,75,88,1.1818181818181819,0.04993583800023195,627,"The waiter wants to know did you finally decide on the shrimp cocktail, or are you going to jump?"
4910,3617,0,16,72,88,1.1818181818181819,0.0413508023770311,627,We specialize in elevated cuisine
4867,3617,1,14,73,88,1.1818181818181819,0.044397318354580724,627,"Yes, the pigeon is quite fresh."
4860,3617,1,14,73,88,1.1818181818181819,0.044397318354580724,627,They did request window seats for their final meal together.
4856,3617,4,8,76,88,1.1818181818181819,0.052486388108147805,627,"Chef special c'est soir is Supreme de Pigeon Messager, coop-free, locally sourced."
4838,3617,3,10,75,88,1.1818181818181819,0.04993583800023195,627,"For your entrée tonight, I am recommending the pigeon."
4835,3617,3,10,75,88,1.1818181818181819,0.04993583800023195,627,"Next time, I’ll wear less perfume."
4797,3617,2,12,74,88,1.1818181818181819,0.04724780309106128,627,"You've got to admit, darling, that this place is a step below our usual restaurants."
4792,3617,2,12,74,88,1.1818181818181819,0.04724780309106128,627,Lean in!
4786,3617,1,14,73,88,1.1818181818181819,0.044397318354580724,627,You say our menu is for the birds.
4991,3617,3,10,75,88,1.1818181818181819,0.04993583800023195,627,"Would.
Wouldn’t"
4784,3617,3,10,75,88,1.1818181818181819,0.04993583800023195,627,This is the last time we try an 'edgy' new restaurant.
4743,3617,1,14,73,88,1.1818181818181819,0.044397318354580724,627,"I 'm sorry, I didn't think this is what they meant by ""haute cuisine""."
4721,3617,1,14,73,88,1.1818181818181819,0.044397318354580724,627,One tip. Don't look down while you eat
4712,3617,3,10,75,88,1.1818181818181819,0.04993583800023195,627,Is this a special occasion?
4689,3617,3,10,75,88,1.1818181818181819,0.04993583800023195,627,"Sir, Madame, we told you we don't have outdoor seating. 
You can't just sneak a table in through the bathroom window.""

""Tap is fine."
4685,3617,2,12,74,88,1.1818181818181819,0.04724780309106128,627,Our first date was a bit on edge.
4680,3617,2,12,74,88,1.1818181818181819,0.04724780309106128,627,It's a good thing we have a balanced diet.
4671,3617,3,10,75,88,1.1818181818181819,0.04993583800023195,627,I recommend ordering before the pigeons return.
4653,3617,4,8,76,88,1.1818181818181819,0.052486388108147805,627,The special today is pigeon pie.
4648,3617,2,12,74,88,1.1818181818181819,0.04724780309106128,627,"I hope you enjoy your ""table with a view""."
4642,3617,0,16,72,88,1.1818181818181819,0.0413508023770311,627,I have vertigo so I'll be handing you your meal from here.
4615,3617,3,10,75,88,1.1818181818181819,0.04993583800023195,627,"You might enjoy our squab special, freshly harvested today."
4613,3617,3,10,75,88,1.1818181818181819,0.04993583800023195,627,We find a tremulous palate enhances the experience.
4598,3617,2,12,74,88,1.1818181818181819,0.04724780309106128,627,Would you like to not have wine with your dinner?
4588,3617,0,16,72,88,1.1818181818181819,0.0413508023770311,627,"Wit your help, we hope to corner the upscale hi-rise catering market."
4769,3617,1,14,73,88,1.1818181818181819,0.044397318354580724,627,They did say this place was “edgy.”
5579,3617,1,14,73,88,1.1818181818181819,0.044397318354580724,627,Al fresco it is!
5049,3617,3,10,75,88,1.1818181818181819,0.04993583800023195,627,You might enjoy the locally-sourced squab.
5058,3617,2,12,74,88,1.1818181818181819,0.04724780309106128,627,"Nope, just squab."
5530,3617,3,10,75,88,1.1818181818181819,0.04993583800023195,627,"You ask for al fresco, we give you el loco."
5520,3617,1,14,73,88,1.1818181818181819,0.044397318354580724,627,"For the spicy dishes, payment must be made in advance."
5486,3617,2,12,74,88,1.1818181818181819,0.04724780309106128,627,You didn't mention you were scared of heights.
5479,3617,4,8,76,88,1.1818181818181819,0.052486388108147805,627,"I thought you said this restaurant was ""edgy"""
5445,3617,4,8,76,88,1.1818181818181819,0.052486388108147805,627,Careful what you order...the trip to the rest room is treacherous!
5433,3617,2,12,74,88,1.1818181818181819,0.04724780309106128,627,We only have a few requests for terrace dining
5429,3617,2,12,74,88,1.1818181818181819,0.04724780309106128,627,"Pick anything you want, it's on the roof."
5424,3617,3,10,75,88,1.1818181818181819,0.04993583800023195,627,May I suggest that you stick to our lighter fare selections.
5386,3617,2,12,74,88,1.1818181818181819,0.04724780309106128,627,I recommend the squab. It's very fresh.
5382,3617,3,10,75,88,1.1818181818181819,0.04993583800023195,627,OUR NEW FALL MENU IS A SCREAM
5380,3617,1,14,73,88,1.1818181818181819,0.044397318354580724,627,I can't see the specials board from here.
5367,3617,2,12,74,88,1.1818181818181819,0.04724780309106128,627,It's Crème fraîche
5359,3617,2,12,74,88,1.1818181818181819,0.04724780309106128,627,If this is your idea of walking out on the check...
5358,3617,1,14,73,88,1.1818181818181819,0.044397318354580724,627,When are you going to learn to stop demanding to be seated at a table with the best view?
5052,3617,1,14,73,88,1.1818181818181819,0.044397318354580724,627,Alfresco Ionesco with pesto?
5351,3617,2,12,74,88,1.1818181818181819,0.04724780309106128,627,Let's order the biggest and the oldest. Won't it be fun ripping your pockets?
5334,3617,2,12,74,88,1.1818181818181819,0.04724780309106128,627,It’s a bit cold out there.
5310,3617,3,10,75,88,1.1818181818181819,0.04993583800023195,627,I’d avoid the jello.
5306,3617,1,14,73,88,1.1818181818181819,0.044397318354580724,627,I'd recommend the pigeon. It's remarkably fresh.
5296,3617,2,12,74,88,1.1818181818181819,0.04724780309106128,627,Strange. The maitre d' said they have three rooftop tables.
5266,3617,2,12,74,88,1.1818181818181819,0.04724780309106128,627,"Miss, if you insist on a balcony table I recommend wearing better shoes."
5261,3617,2,12,74,88,1.1818181818181819,0.04724780309106128,627,"When he said 'Outdoor Seating,' I thought . . ."
5187,3617,2,12,74,88,1.1818181818181819,0.04724780309106128,627,"May I recommend the Fall Special?""

Evan Johnson, Edgewater , NJ"
5183,3617,3,10,75,88,1.1818181818181819,0.04993583800023195,627,I would like one Death by Chocolate
5180,3617,2,12,74,88,1.1818181818181819,0.04724780309106128,627,I've heard the pigeon here is excellent.
5140,3617,3,10,75,88,1.1818181818181819,0.04993583800023195,627,"your choice, dine out, take in"
5132,3617,2,12,74,88,1.1818181818181819,0.04724780309106128,627,A unique ambiance that solves our ‘dine and dash’ problem.
5097,3617,1,14,73,88,1.1818181818181819,0.044397318354580724,627,"They seem on edge and display no interest in our fixed price menu.

Ron Douglas
Longmont,CO"
5062,3617,1,14,73,88,1.1818181818181819,0.044397318354580724,627,The special today is the view.
5059,3617,1,14,73,88,1.1818181818181819,0.044397318354580724,627,The squab is hyperlocal.
5345,3617,2,12,74,88,1.1818181818181819,0.04724780309106128,627,"“That’s what you get ! You and your request for a good quiet table, far from the noisy crowd.”

Suresh Mehta, Mississauga, Canada."
2919,3617,1,14,73,88,1.1818181818181819,0.044397318354580724,627,Nest time I trust you will make a reservation.
6318,3617,2,12,74,88,1.1818181818181819,0.04724780309106128,627,I wouldn’t recommend any of our heavier entrees.
2902,3617,2,12,74,88,1.1818181818181819,0.04724780309106128,627,"Yes, Sir. The pigeon is locally sourced"
1132,3617,1,14,73,88,1.1818181818181819,0.044397318354580724,627,You wanted a view but you didn't have a reservation.
1125,3617,2,12,74,88,1.1818181818181819,0.04724780309106128,627,At least they moved us away from the restrooms.
1117,3617,1,14,73,88,1.1818181818181819,0.044397318354580724,627,We are all out of chicken. May I suggest the pigeon?
1108,3617,2,12,74,88,1.1818181818181819,0.04724780309106128,627,May I recommend the cheap seat special?
1104,3617,2,12,74,88,1.1818181818181819,0.04724780309106128,627,"May I suggest  the coq au pigeon gently cooked under a brick, sprinkled with natural rain water and placed on a bed of freshly grown cannabis"
1081,3617,1,14,73,88,1.1818181818181819,0.044397318354580724,627,"Perhaps you should consider the pigeon, er, I mean dove!"
1058,3617,1,14,73,88,1.1818181818181819,0.044397318354580724,627,"I may be going out on a ledge here, but I would suggest the squab.  It was freshly caught on the floor above you."
1046,3617,3,10,75,88,1.1818181818181819,0.04993583800023195,627,"Your gluten-free air, ma’am."
1043,3617,1,14,73,88,1.1818181818181819,0.044397318354580724,627,Is this your first pop-up restaurant?
1027,3617,1,14,73,88,1.1818181818181819,0.044397318354580724,627,I didn’t know it was a “no non-smoking” restaurant.
1018,3617,2,12,74,88,1.1818181818181819,0.04724780309106128,627,I think this French waiter got lost in the translation
1015,3617,1,14,73,88,1.1818181818181819,0.044397318354580724,627,I was hoping for a dance before dinner.
1010,3617,3,10,75,88,1.1818181818181819,0.04993583800023195,627,Tonight's special is pigeon.
1147,3617,3,10,75,88,1.1818181818181819,0.04993583800023195,627,I hope you enjoy our uber al fresco table
984,3617,2,12,74,88,1.1818181818181819,0.04724780309106128,627,Yes Sir! And the bathroom is to your left.
949,3617,4,8,76,88,1.1818181818181819,0.052486388108147805,627,Tonight’s special is off the wall.
947,3617,1,14,73,88,1.1818181818181819,0.044397318354580724,627,"Watch that1st step,it's a doozy!"
940,3617,1,14,73,88,1.1818181818181819,0.044397318354580724,627,"I used to do Air B & B, but my Air Pop-Up Café gives me more freedom."
930,3617,3,10,75,88,1.1818181818181819,0.04993583800023195,627,The food is OK but the ambiance is on the edge.
914,3617,2,12,74,88,1.1818181818181819,0.04724780309106128,627,...and our last special tonight is the squab.  Very local. Very fresh.
867,3617,0,16,72,88,1.1818181818181819,0.0413508023770311,627,"Two highballs for you sir, and what about the lady?"
844,3617,3,10,75,88,1.1818181818181819,0.04993583800023195,627,Your squab orders should be arriving very shortly.
842,3617,3,10,75,88,1.1818181818181819,0.04993583800023195,627,"Oh My, the waiter did not mention the tipping of the ledge fee."
839,3617,2,12,74,88,1.1818181818181819,0.04724780309106128,627,Waze says make u-turn and arrive at Ordering Department.
829,3617,1,14,73,88,1.1818181818181819,0.044397318354580724,627,The vultures can be brutal this time of year so I  don't recommend ordering rare meat.
811,3617,3,10,75,88,1.1818181818181819,0.04993583800023195,627,"Yes, the steak Diane is listed on tonight's specials, but we've been requested not to serve it at your table by the fire department."
767,3617,4,8,76,88,1.1818181818181819,0.052486388108147805,627,We spare no expense for elite Yelpers.
766,3617,1,14,73,88,1.1818181818181819,0.044397318354580724,627,And the special is bird drop soup.
966,3617,1,14,73,88,1.1818181818181819,0.044397318354580724,627,"Ah, but Monsieur did request a table by the window."
1175,3617,1,14,73,88,1.1818181818181819,0.044397318354580724,627,I’d avoid the ‘cornice hen’ — it’s just pigeon.
1182,3617,2,12,74,88,1.1818181818181819,0.04724780309106128,627,"Folks, the chef recommends not starting your LEAP diet tonight."
1187,3617,1,14,73,88,1.1818181818181819,0.044397318354580724,627,"You did ask for a private table, sir."
1494,3617,1,14,73,88,1.1818181818181819,0.044397318354580724,627,You're the one who asked for a table with a view.
1472,3617,1,14,73,88,1.1818181818181819,0.044397318354580724,627,"Well, you did ask for a table next to a window."
1469,3617,3,10,75,88,1.1818181818181819,0.04993583800023195,627,I see you chose to dine alto fresco.
1464,3617,2,12,74,88,1.1818181818181819,0.04724780309106128,627,Regardless of what you might want. It will definitely not be me too!
1451,3617,1,14,73,88,1.1818181818181819,0.044397318354580724,627,"''Remember honey, nothing too heavy after 6pm.''"
1444,3617,0,16,72,88,1.1818181818181819,0.0413508023770311,627,"The food’s delicious, but don’t look down."
1437,3617,1,14,73,88,1.1818181818181819,0.044397318354580724,627,Remember to lean in.
1417,3617,3,10,75,88,1.1818181818181819,0.04993583800023195,627,"Sir, this is what happens when you show up late for your reservation."
1416,3617,3,10,75,88,1.1818181818181819,0.04993583800023195,627,This is way better than the mom-and-pop shop that used to be here.
1388,3617,2,12,74,88,1.1818181818181819,0.04724780309106128,627,Well you asked to be seated far from the madding crowd.
1387,3617,3,10,75,88,1.1818181818181819,0.04993583800023195,627,Today's special is squab. It's very fresh.
1384,3617,1,14,73,88,1.1818181818181819,0.044397318354580724,627,I hope you’re not like the last couple who fell before paying.
1374,3617,5,6,77,88,1.1818181818181819,0.0549186121136799,627,I hope monsieur will be so kind to mention the stunning view in his next Yelp review.
1362,3617,2,12,74,88,1.1818181818181819,0.04724780309106128,627,I told you this place was edgy
1316,3617,3,10,75,88,1.1818181818181819,0.04993583800023195,627,"Honey, I think our relationship is teetering on the edge."
1311,3617,2,12,74,88,1.1818181818181819,0.04724780309106128,627,A White Russian will take the edge off.
1303,3617,3,10,75,88,1.1818181818181819,0.04993583800023195,627,And now my tip to you....that table tips over.
1300,3617,2,12,74,88,1.1818181818181819,0.04724780309106128,627,The super recommends the fresh pigeon.
1287,3617,2,12,74,88,1.1818181818181819,0.04724780309106128,627,"Yes, we do specialize in haute cuisine."
1280,3617,2,12,74,88,1.1818181818181819,0.04724780309106128,627,The outdoor seating was not my worst mistake.
1272,3617,4,8,76,88,1.1818181818181819,0.052486388108147805,627,Welcome to A Rise Above Bakery.  Everything in the menu is literal.
1271,3617,2,12,74,88,1.1818181818181819,0.04724780309106128,627,"Don't worry honey, he's not only a sommelier but an OSHA inspector."
1259,3617,1,14,73,88,1.1818181818181819,0.044397318354580724,627,I love this nouveau cuisine. It's so edgy.
1257,3617,4,8,76,88,1.1818181818181819,0.052486388108147805,627,"Well, you did request al fresco dining with a view."
1248,3617,2,12,74,88,1.1818181818181819,0.04724780309106128,627,The special is squab. Again.
1245,3617,1,14,73,88,1.1818181818181819,0.044397318354580724,627,Marlene and Dale peruse the menu at the city's edgiest new restaurant.
1239,3617,3,10,75,88,1.1818181818181819,0.04993583800023195,627,Indeed it is. So you’ll be having dessert first then?
1208,3617,1,14,73,88,1.1818181818181819,0.044397318354580724,627,"I RECOMMEN THE PIGEON UNDER GLASS;  
HE JUST FLEW IN UNDER THIS GLASS"
1207,3617,2,12,74,88,1.1818181818181819,0.04724780309106128,627,"I know what it says, but what about the subtext/"
762,3617,2,12,74,88,1.1818181818181819,0.04724780309106128,627,Our squab is especially fresh.
1498,3617,3,10,75,88,1.1818181818181819,0.04993583800023195,627,"I recommend the chicken feet, but only if you're feeling adventurous."
753,3617,3,10,75,88,1.1818181818181819,0.04993583800023195,627,"May I recommend the pigeon pie? It's very, very fresh."
733,3617,2,12,74,88,1.1818181818181819,0.04724780309106128,627,The pigeon is fresh tonight.
278,3617,2,12,74,88,1.1818181818181819,0.04724780309106128,627,The last couple that played footsie is down below.
274,3617,0,16,72,88,1.1818181818181819,0.0413508023770311,627,I warned you last time about that ten percent tip.
262,3617,2,12,74,88,1.1818181818181819,0.04724780309106128,627,We have taken el fresco dining to a new level.
257,3617,2,12,74,88,1.1818181818181819,0.04724780309106128,627,Perhaps a bit too edgy for your palate?
239,3617,2,12,74,88,1.1818181818181819,0.04724780309106128,627,Our chef's table allows for a spectacular 270º view of the city.
237,3617,1,14,73,88,1.1818181818181819,0.044397318354580724,627,Which one of you ordered the ledge salad?
234,3617,2,12,74,88,1.1818181818181819,0.04724780309106128,627,"And the risotto also comes with a pigeon shit glaze. Come to think of it, basically everything does."
227,3617,2,12,74,88,1.1818181818181819,0.04724780309106128,627,"May I recommend the fish, and not looking down?"
222,3617,1,14,73,88,1.1818181818181819,0.044397318354580724,627,Suicide Wings to go?
196,3617,2,12,74,88,1.1818181818181819,0.04724780309106128,627,"Sir, not an ideal place for footsie."
193,3617,0,16,72,88,1.1818181818181819,0.0413508023770311,627,Our prices aren't the only thing that are edgy.
186,3617,3,10,75,88,1.1818181818181819,0.04993583800023195,627,And today's special is roasted squab.
168,3617,1,14,73,88,1.1818181818181819,0.044397318354580724,627,Tonight we're featuring our very popular Pigeon Condon Bleu!
307,3617,3,10,75,88,1.1818181818181819,0.04993583800023195,627,"Sorry, we thought you asked for a table *in* the atmosphere."
160,3617,3,10,75,88,1.1818181818181819,0.04993583800023195,627,"No breadbaskets in your seating area. Pigeons, you know."""
149,3617,2,12,74,88,1.1818181818181819,0.04724780309106128,627,The special this evening is Pigeon Provencal.
118,3617,2,12,74,88,1.1818181818181819,0.04724780309106128,627,I’ll have the pigeon.
117,3617,3,10,75,88,1.1818181818181819,0.04993583800023195,627,At least your not in the attic.
112,3617,3,10,75,88,1.1818181818181819,0.04993583800023195,627,I guarantee you the squab is among the freshest in town
95,3617,3,10,75,88,1.1818181818181819,0.04993583800023195,627,We want our customers to experience the environment in which the contents of our menu come from.
71,3617,2,12,74,88,1.1818181818181819,0.04724780309106128,627,"Just so you're aware, we have a mandatory 50% busboy gratuity."
63,3617,2,12,74,88,1.1818181818181819,0.04724780309106128,627,The dance band will start at eight.
61,3617,4,8,76,88,1.1818181818181819,0.052486388108147805,627,So this isnt the best table in the house. but outside it is!
38,3617,3,10,75,88,1.1818181818181819,0.04993583800023195,627,Happy 30th Anniversary. I hope this brings some thrill back into your lives.
31,3617,3,10,75,88,1.1818181818181819,0.04993583800023195,627,Two soups and two parachutes please waiter.
26,3617,3,10,75,88,1.1818181818181819,0.04993583800023195,627,"""Everything comes with a side order of fear."""
23,3617,4,8,76,88,1.1818181818181819,0.052486388108147805,627,"do not worry about the height. It's completely safe, for me"
10,3617,2,12,74,88,1.1818181818181819,0.04724780309106128,627,They say the catch of the day is Roast Pigeon.
155,3617,2,12,74,88,1.1818181818181819,0.04724780309106128,627,Beano!
316,3617,3,10,75,88,1.1818181818181819,0.04993583800023195,627,Excellent!  Al fresco without noise and a crowd.
337,3617,3,10,75,88,1.1818181818181819,0.04993583800023195,627,When Zagat said the place was steep it didn’t only mean the prices.
358,3617,2,12,74,88,1.1818181818181819,0.04724780309106128,627,Our cuisine is elevated and edgy.
730,3617,1,14,73,88,1.1818181818181819,0.044397318354580724,627,"No, I'm sorry. We don't have anything further away from the kitchen."
726,3617,1,14,73,88,1.1818181818181819,0.044397318354580724,627,Tonight’s special is local pigeon carpacccio. Are you enjoying the ambiance?
712,3617,2,12,74,88,1.1818181818181819,0.04724780309106128,627,Thank goodness. We got the last table!
700,3617,2,12,74,88,1.1818181818181819,0.04724780309106128,627,"If  you choose to drink with dinner, management plays ""up on the roof "" in an endless loop for your safety."
693,3617,0,16,72,88,1.1818181818181819,0.0413508023770311,627,"That's a table for three, not two!"
689,3617,3,10,75,88,1.1818181818181819,0.04993583800023195,627,unreliable relationship
665,3617,2,12,74,88,1.1818181818181819,0.04724780309106128,627,I’d recommend the pigeon en croute.
650,3617,2,12,74,88,1.1818181818181819,0.04724780309106128,627,They say it's the leading edge in metro cuisine.
638,3617,1,14,73,88,1.1818181818181819,0.044397318354580724,627,This is the last time I use Open Table.
597,3617,3,10,75,88,1.1818181818181819,0.04993583800023195,627,Thanks for signing the waiver.
587,3617,1,14,73,88,1.1818181818181819,0.044397318354580724,627,"My apologies, I've just been informed by the kitchen that we are out of trampolines."
569,3617,1,14,73,88,1.1818181818181819,0.044397318354580724,627,Are you not enjoying the view?
567,3617,0,16,72,88,1.1818181818181819,0.0413508023770311,627,I am not so sure about this new cutting edge cuisine.
545,3617,2,12,74,88,1.1818181818181819,0.04724780309106128,627,"The drone will be here shortly with your dinner-it’s all part of our
‘al fresco’ dining experience!"
538,3617,1,14,73,88,1.1818181818181819,0.044397318354580724,627,The last couple gave a big tip.
529,3617,3,10,75,88,1.1818181818181819,0.04993583800023195,627,"Sir, please don't order the escargot. You've got too much to live for."
515,3617,1,14,73,88,1.1818181818181819,0.044397318354580724,627,We serve our Fear Based Brunch menu until 1pm
505,3617,4,8,76,88,1.1818181818181819,0.052486388108147805,627,Jump” in New Yorkese means “welcome”.
504,3617,2,12,74,88,1.1818181818181819,0.04724780309106128,627,The endives can be a bit messy.
492,3617,1,14,73,88,1.1818181818181819,0.044397318354580724,627,"If you fall over, your dinner is on the house."
461,3617,4,8,76,88,1.1818181818181819,0.052486388108147805,627,The Roast Squab is fresh and very local.
459,3617,3,10,75,88,1.1818181818181819,0.04993583800023195,627,I don't have to go out on a ledge to say today's specials are the best you will find anywhere.
456,3617,1,14,73,88,1.1818181818181819,0.044397318354580724,627,Is this worth having a smoking table?
451,3617,1,14,73,88,1.1818181818181819,0.044397318354580724,627,"He won't take the drink order until you sign the ""don't get drunk"" waiver."
441,3617,2,12,74,88,1.1818181818181819,0.04724780309106128,627,"This isn't what I meant by ""upscale."""
438,3617,3,10,75,88,1.1818181818181819,0.04993583800023195,627,That's the last time I take dinner recommendations from a pigeon.
432,3617,4,8,76,88,1.1818181818181819,0.052486388108147805,627,Do you have reservations?
408,3617,3,10,75,88,1.1818181818181819,0.04993583800023195,627,This is the best we can do for outside dining.
367,3617,3,10,75,88,1.1818181818181819,0.04993583800023195,627,No tipping allowed!
752,3617,4,8,76,88,1.1818181818181819,0.052486388108147805,627,May I suggest the roasted pigeon; it's very fresh tonight.
1499,3617,1,14,73,88,1.1818181818181819,0.044397318354580724,627,I recommend the net.
1341,3617,3,10,75,88,1.1818181818181819,0.04993583800023195,627,I’m sorry Jeff but I just don’t see any room in our future for a child.
1523,3617,3,10,75,88,1.1818181818181819,0.04993583800023195,627,Life insurance costs extra with the prix fixe menu.
2579,3617,2,12,74,88,1.1818181818181819,0.04724780309106128,627,Would sir or madam like me to pass on any other suggestions to the chef regarding seasoning?
2572,3617,1,14,73,88,1.1818181818181819,0.044397318354580724,627,Had to have a table with a view?  OR You said by a window
2558,3617,2,12,74,88,1.1818181818181819,0.04724780309106128,627,Don't look but he hit his head on the window frame.
2513,3617,2,12,74,88,1.1818181818181819,0.04724780309106128,627,.....think about the kids....wait at least until the midterms...
2472,3617,1,14,73,88,1.1818181818181819,0.044397318354580724,627,I told you a good tip could get us last minute seating.
2467,3617,1,14,73,88,1.1818181818181819,0.044397318354580724,627,The pigeon is sourced locally - ledge to table.
2446,3617,3,10,75,88,1.1818181818181819,0.04993583800023195,627,"Death by Chocolate. Complimentary. But please,sir. It is only served indoors."
2444,3617,3,10,75,88,1.1818181818181819,0.04993583800023195,627,"Hey, it was better than by the bathroom!"
2443,3617,1,14,73,88,1.1818181818181819,0.044397318354580724,627,This is almost too edgy
2405,3617,2,12,74,88,1.1818181818181819,0.04724780309106128,627,The squab should be fresh.
2388,3617,4,8,76,88,1.1818181818181819,0.052486388108147805,627,But the mandatory gratuity is only 15%
2364,3617,2,12,74,88,1.1818181818181819,0.04724780309106128,627,Let me go out on a ledge: you aren’t ready to order yet?
2355,3617,2,12,74,88,1.1818181818181819,0.04724780309106128,627,"""Go ahead, try the escargot, it's to die for."""
2349,3617,1,14,73,88,1.1818181818181819,0.044397318354580724,627,"True, but it does come with a killer view."
2341,3617,1,14,73,88,1.1818181818181819,0.044397318354580724,627,I love the adrenaline rush of terrace dining.
2336,3617,1,14,73,88,1.1818181818181819,0.044397318354580724,627,We'll cook the dish right in front of you -- just pick your pigeon.
1513,3617,2,12,74,88,1.1818181818181819,0.04724780309106128,627,My suggestion is the pigeon Stew.
2329,3617,1,14,73,88,1.1818181818181819,0.044397318354580724,627,Just focus on the menus and don’t look down.
2323,3617,1,14,73,88,1.1818181818181819,0.044397318354580724,627,Privacy per your request
2307,3617,3,10,75,88,1.1818181818181819,0.04993583800023195,627,Fresh catch is pigeon.
2298,3617,2,12,74,88,1.1818181818181819,0.04724780309106128,627,Our pigeon is ledge to table.
2297,3617,3,10,75,88,1.1818181818181819,0.04993583800023195,627,No phone app for menu.  I feel like I'm living on the edge.
2288,3617,3,10,75,88,1.1818181818181819,0.04993583800023195,627,Any tipping should be done inside.
2260,3617,1,14,73,88,1.1818181818181819,0.044397318354580724,627,Your drone will be with you shortly.  It does appreciate a generous tip.
2246,3617,4,8,76,88,1.1818181818181819,0.052486388108147805,627,To go orders come with complementary parachutes.
2240,3617,4,8,76,88,1.1818181818181819,0.052486388108147805,627,"That's just two wine glasses, then?"
2224,3617,2,12,74,88,1.1818181818181819,0.04724780309106128,627,The chef is fully committed to well-balanced meals.
2216,3617,2,12,74,88,1.1818181818181819,0.04724780309106128,627,"Must you always be so edgy, dear."
2201,3617,3,10,75,88,1.1818181818181819,0.04993583800023195,627,Well you did ask for a sidewalk view...
2910,3617,2,12,74,88,1.1818181818181819,0.04724780309106128,627,Definitely not near the kitchen.
2196,3617,1,14,73,88,1.1818181818181819,0.044397318354580724,627,The reservation said that you wanted to dine out.
2625,3617,3,10,75,88,1.1818181818181819,0.04993583800023195,627,Might I suggest the squab tartare?
2658,3617,0,16,72,88,1.1818181818181819,0.0413508023770311,627,"You tip better next time, n'est-ce pas?"
2894,3617,3,10,75,88,1.1818181818181819,0.04993583800023195,627,Our soup du jour is Pidgeon Dropping Soup!
2869,3617,2,12,74,88,1.1818181818181819,0.04724780309106128,627,Today's Squab is quite fresh.
2859,3617,1,14,73,88,1.1818181818181819,0.044397318354580724,627,I was sure it said wedge table.
2858,3617,2,12,74,88,1.1818181818181819,0.04724780309106128,627,I don't think they have gluten-free bread.
2853,3617,3,10,75,88,1.1818181818181819,0.04993583800023195,627,"Is this what you meant by saying you wanted a relationship that at the edge """
2832,3617,4,8,76,88,1.1818181818181819,0.052486388108147805,627,I hope you like having the worst date ever where you die.
2821,3617,2,12,74,88,1.1818181818181819,0.04724780309106128,627,Might I suggest a Miller High Life beer sir?
2802,3617,2,12,74,88,1.1818181818181819,0.04724780309106128,627,"If I may say, the pidgeon is very fresh."
2801,3617,0,16,72,88,1.1818181818181819,0.0413508023770311,627,Our special tonight is the locally procured free-range squab.
2790,3617,2,12,74,88,1.1818181818181819,0.04724780309106128,627,"Unfortunately, we must ask that you pay in advance."
2782,3617,2,12,74,88,1.1818181818181819,0.04724780309106128,627,"Yum..tonight's special, roast pigeon !"
2775,3617,4,8,76,88,1.1818181818181819,0.052486388108147805,627,Our special today is the Egg Drop Soup.
2774,3617,4,8,76,88,1.1818181818181819,0.052486388108147805,627,"Breezy, nice view, far from the toilets, fits all the requirements."
2746,3617,4,8,76,88,1.1818181818181819,0.052486388108147805,627,"May I suggest today's special, le pigeon."
2732,3617,1,14,73,88,1.1818181818181819,0.044397318354580724,627,Could I start you off with any drinks? Looks like you could use a couple.
2731,3617,3,10,75,88,1.1818181818181819,0.04993583800023195,627,"Well, the squab is super locally sourced."
2728,3617,2,12,74,88,1.1818181818181819,0.04724780309106128,627,I thought you meant the chef was edgy!
2718,3617,2,12,74,88,1.1818181818181819,0.04724780309106128,627,It's suicide seating. You will understand when you meet the chef.
2715,3617,2,12,74,88,1.1818181818181819,0.04724780309106128,627,Today's side dishes are to die for!
2704,3617,2,12,74,88,1.1818181818181819,0.04724780309106128,627,"You may want to familiarize yourself with the small print, its on the back"
2699,3617,2,12,74,88,1.1818181818181819,0.04724780309106128,627,What you say we skip the drink orders?
2687,3617,1,14,73,88,1.1818181818181819,0.044397318354580724,627,"Tonight's specials with have you on the ledge, I mean edge, of  your seat."
2682,3617,1,14,73,88,1.1818181818181819,0.044397318354580724,627,Today’s special is Pigeon Pie!  Balcony railings are ala carte!”
2681,3617,3,10,75,88,1.1818181818181819,0.04993583800023195,627,"As our special guests, we would like you to fully experience our edgy cuisine"
2680,3617,2,12,74,88,1.1818181818181819,0.04724780309106128,627,Try something new you said.  Go out on a ledge and take a chance you said. See were that got us?
2679,3617,3,10,75,88,1.1818181818181819,0.04993583800023195,627,"Wait, did he say the special was wedge salad or ledge salad?"
2672,3617,1,14,73,88,1.1818181818181819,0.044397318354580724,627,"May I raycommend zee Peejohn. Eet ees fraish, and loca-lee sourced."
2671,3617,2,12,74,88,1.1818181818181819,0.04724780309106128,627,Perhaps the bread for the table would be a mistake
2663,3617,1,14,73,88,1.1818181818181819,0.044397318354580724,627,I might suggest the squab paired with a lovely Zinfandel.
2651,3617,3,10,75,88,1.1818181818181819,0.04993583800023195,627,The special this evening is “squab” in a cherry reduction sauce.
2189,3617,3,10,75,88,1.1818181818181819,0.04993583800023195,627,Tonight’s special is stuffed pigeon.
2334,3617,1,14,73,88,1.1818181818181819,0.044397318354580724,627,The pinot grigio pairs well with fear.
2178,3617,1,14,73,88,1.1818181818181819,0.044397318354580724,627,"I don't know, maybe because you tipped the maître d' three paperclips and an autographed picture of yourself?"
1897,3617,2,12,74,88,1.1818181818181819,0.04724780309106128,627,And Zee special is...PEH JON......very fresh...of course
1877,3617,1,14,73,88,1.1818181818181819,0.044397318354580724,627,"Now I know why they call it a wettuce ledge, not a lettuce wedge!"
1855,3617,1,14,73,88,1.1818181818181819,0.044397318354580724,627,Is the temperature any better on the patio?
1838,3617,1,14,73,88,1.1818181818181819,0.044397318354580724,627,Our squab flies in from South Jersey!
1837,3617,2,12,74,88,1.1818181818181819,0.04724780309106128,627,"The breast of squab is excellent, but it attracts the peregrines."
1828,3617,3,10,75,88,1.1818181818181819,0.04993583800023195,627,"May I recommend the pigeon, quite fresh and juicy?"
1824,3617,2,12,74,88,1.1818181818181819,0.04724780309106128,627,Would Monsieur care for a second napkin?
1789,3617,3,10,75,88,1.1818181818181819,0.04993583800023195,627,You really went out on a limb for date night.
1769,3617,2,12,74,88,1.1818181818181819,0.04724780309106128,627,I don't jiggle toilet handles.
1760,3617,3,10,75,88,1.1818181818181819,0.04993583800023195,627,Hang on for our edgy specials.
1738,3617,0,16,72,88,1.1818181818181819,0.0413508023770311,627,"Tonight’s specials are Oysters, ‘don’t look down’, on the half shell. Salmon, ‘don’t look down’, with fall vegetables. And, don’t look down."
1695,3617,2,12,74,88,1.1818181818181819,0.04724780309106128,627,This alfresco dining craze is getting ridiculous
2179,3617,4,8,76,88,1.1818181818181819,0.052486388108147805,627,"This is usually reserved for last meal death row prisoners, but there was a reprieve."
1633,3617,2,12,74,88,1.1818181818181819,0.04724780309106128,627,Don't worry. It's just my husband again
1620,3617,2,12,74,88,1.1818181818181819,0.04724780309106128,627,Our web site does say that reservations are recommended.
1614,3617,4,8,76,88,1.1818181818181819,0.052486388108147805,627,Squab shmab.  This is  pigeon.
1608,3617,3,10,75,88,1.1818181818181819,0.04993583800023195,627,You said you wanted a high concept restaurant...
1605,3617,2,12,74,88,1.1818181818181819,0.04724780309106128,627,Special on squab.
1602,3617,2,12,74,88,1.1818181818181819,0.04724780309106128,627,A selection of cheeses and dessert are included in the Jumpers' Menu. Wine is extra.
1601,3617,4,8,76,88,1.1818181818181819,0.052486388108147805,627,Our alfresco dinner menu includes a magnum champagne toast with parachutes.
1583,3617,3,10,75,88,1.1818181818181819,0.04993583800023195,627,Well you said you wanted a table with a view.
1579,3617,3,10,75,88,1.1818181818181819,0.04993583800023195,627,Please wait to be unseated.
1575,3617,3,10,75,88,1.1818181818181819,0.04993583800023195,627,"And if you're feeling even more adventurous, try the special."
1572,3617,3,10,75,88,1.1818181818181819,0.04993583800023195,627,Chef Marcel's soup du jour is to die for.
1561,3617,4,8,76,88,1.1818181818181819,0.052486388108147805,627,"I recommend the soup of the day, the chicken, and not looking down."
1544,3617,1,14,73,88,1.1818181818181819,0.044397318354580724,627,"The squab is locally sourced."""
1538,3617,2,12,74,88,1.1818181818181819,0.04724780309106128,627,There is a moderate surcharge for al fresco dining.
1537,3617,4,8,76,88,1.1818181818181819,0.052486388108147805,627,You live life on the edge - why not try the puffer fish?  The dishwasher is standing in for Chef Moriachi tonight!
1530,3617,3,10,75,88,1.1818181818181819,0.04993583800023195,627,This is the height of fine dining
1901,3617,2,12,74,88,1.1818181818181819,0.04724780309106128,627,"allegedly, these are the best seats, at the best table, at the best restaurant in the city."
1903,3617,1,14,73,88,1.1818181818181819,0.044397318354580724,627,I said limb and was speaking figuratively.
1639,3617,1,14,73,88,1.1818181818181819,0.044397318354580724,627,"Our special today is ""Don't skimp on the tip this time""."
2088,3617,2,12,74,88,1.1818181818181819,0.04724780309106128,627,You are already high enough...I would suggest you skip cocktails before dinner.
2131,3617,1,14,73,88,1.1818181818181819,0.044397318354580724,627,"Mr. Twixit! I thought you said you were on the ""cutting edge of hedge funds"", not the ""jutting ledge of alleged fun"""
2148,3617,0,16,72,88,1.1818181818181819,0.0413508023770311,627,"My partner and I thought we were going out on a limb opening a restaurant in this neighborhood, but then we thought "" What the heck."""
2109,3617,2,12,74,88,1.1818181818181819,0.04724780309106128,627,We've been having issues with dine-and-dash.
2107,3617,1,14,73,88,1.1818181818181819,0.044397318354580724,627,"Granted, this is a bit unusual, but you demanded alfresco dining."
2094,3617,2,12,74,88,1.1818181818181819,0.04724780309106128,627,At Moe's we want you to let your imagination run wild.
2068,3617,2,12,74,88,1.1818181818181819,0.04724780309106128,627,You won't find squab on this menu.
2065,3617,4,8,76,88,1.1818181818181819,0.052486388108147805,627,"In just a few moments, our complimentary pigeon poop will appear sur la table."
2058,3617,2,12,74,88,1.1818181818181819,0.04724780309106128,627,Your guests have arrived.
2044,3617,2,12,74,88,1.1818181818181819,0.04724780309106128,627,The specials this evening have been delayed due to air traffic control.
2041,3617,2,12,74,88,1.1818181818181819,0.04724780309106128,627,I’m gonna go out on a ledge and say you should have slipped the maitre d’ more than a ‘fiver’.
2138,3617,2,12,74,88,1.1818181818181819,0.04724780309106128,627,I told you to make a reservation sooner.
2023,3617,2,12,74,88,1.1818181818181819,0.04724780309106128,627,I recommend the bird's nest soup.
2003,3617,2,12,74,88,1.1818181818181819,0.04724780309106128,627,Our pigeon is the freshest thing on the menu.
2026,3617,2,12,74,88,1.1818181818181819,0.04724780309106128,627,"Well, technically, it's not squab."
1967,3617,2,12,74,88,1.1818181818181819,0.04724780309106128,627,I am sure that M'sieur understands now why we so strongly recommend reservations on weekends.
1917,3617,2,12,74,88,1.1818181818181819,0.04724780309106128,627,"For a lighter meal, try our ground solid diet selections."
1922,3617,2,12,74,88,1.1818181818181819,0.04724780309106128,627,"Sorry, the chef does not permit a lot of leeway in your orders."
1923,3617,2,12,74,88,1.1818181818181819,0.04724780309106128,627,"It's a quite a heavy dish,but I recommend it."
1927,3617,2,12,74,88,1.1818181818181819,0.04724780309106128,627,You said you wanted your squab fresh.
1934,3617,0,16,72,88,1.1818181818181819,0.0413508023770311,627,"My personal favorite is the broiled pigeon, caught daily on this very ledge."
1998,3617,1,14,73,88,1.1818181818181819,0.044397318354580724,627,I knew getting a table the same day was too good to be true.
2141,3617,1,14,73,88,1.1818181818181819,0.044397318354580724,627,That booth is looking pretty good huh?
1954,3617,2,12,74,88,1.1818181818181819,0.04724780309106128,627,"This isn't what I thought you meant when you said this place was edgy."""
1957,3617,3,10,75,88,1.1818181818181819,0.04993583800023195,627,Next time you might slip the maitre d more than a twenty!
1958,3617,1,14,73,88,1.1818181818181819,0.044397318354580724,627,"Sorry...you misunderstood.  It's not edgy cuisine, it's ledgy cuisine."
1959,3617,2,12,74,88,1.1818181818181819,0.04724780309106128,627,I would suggest a generous tip
1942,3617,1,14,73,88,1.1818181818181819,0.044397318354580724,627,you asked for a table by the window
5352,4145,1,13,69,83,1.180722891566265,0.04582023644587216,627,"There was another couple whose fantasy I made come true. They wanted a restaurant with a cozy fire, too, so I put some trash on the ledge and set it ablaze. Unfortunately, they also ignited. Your server will be right with you."
2573,4146,1,14,74,89,1.1797752808988764,0.043943150178405346,627,"Would you like that for here or to go?"""
6197,4146,1,14,74,89,1.1797752808988764,0.043943150178405346,627,"Apparently Spider Man IS the owner, but just shows up in case of emergencies."
4326,4146,3,10,76,89,1.1797752808988764,0.04941382071271396,627,Our special of the day are the Edgeless Brownies.
5784,4146,1,14,74,89,1.1797752808988764,0.043943150178405346,627,This is the section for customers who say they don't have any reservations.
267,4146,1,14,74,89,1.1797752808988764,0.043943150178405346,627,May I suggest the roast pigeon paired with the Lovebird Cocktail?
929,4146,1,14,74,89,1.1797752808988764,0.043943150178405346,627,This is the seat you get with a discount coupon.
1815,4152,2,10,66,78,1.1794871794871795,0.05078009416329737,627,First date nerves?
999,4152,2,10,66,78,1.1794871794871795,0.05078009416329737,627,It's 'The Last Supper' Meets 'On the Terrace'.
3987,4154,2,11,71,84,1.1785714285714286,0.048383846887362136,627,Would you prefer to dine here or to have curb service?
687,4155,2,10,67,79,1.1772151898734178,0.05018464339431694,627,"Remember, you insisted on the table with the best view"
2392,4156,2,11,72,85,1.1764705882352942,0.0478573703400451,627,"Her hands are so small :-)"";  ""His hands are so small :-("
2776,4156,2,11,72,85,1.1764705882352942,0.0478573703400451,627,"Why Donald, just shake that turd out of your pants over the side there."
3154,4156,3,9,73,85,1.1764705882352942,0.05069950631596087,627,I highly recommend the drop scones
2207,4156,0,15,70,85,1.1764705882352942,0.04159451654038516,627,Lurking?  Did I hear you ask if I was lurking?  I will move your table if you think I am lurking.
2063,4156,2,11,72,85,1.1764705882352942,0.0478573703400451,627,It's says the special is Tom the peeping waiter.
2059,4156,3,9,73,85,1.1764705882352942,0.05069950631596087,627,This is not what I meant by going out in High Society.
2742,4156,2,11,72,85,1.1764705882352942,0.0478573703400451,627,Tonight's Special is All-You-Can-Catch Fresh Squab.
6405,4156,3,9,73,85,1.1764705882352942,0.05069950631596087,627,The pigeon has been locally raised
5465,4156,1,13,71,85,1.1764705882352942,0.04483543075566802,627,For a steep price we crank out conspiracy theories in a fact reduction sauce and then torch everything past the edge of credulity.
3781,4156,2,11,72,85,1.1764705882352942,0.0478573703400451,627,"No substitutions, please. Or we'll substitute you."
6461,4156,1,13,71,85,1.1764705882352942,0.04483543075566802,627,"No, I'm not Virgo.  I have Vertigo"
1951,4156,1,13,71,85,1.1764705882352942,0.04483543075566802,627,"This evening, we have pigeon on the menu."
6259,4156,1,13,71,85,1.1764705882352942,0.04483543075566802,627,You'll have to make up your minds because we close the window in 45 minutes.
5811,4156,2,11,72,85,1.1764705882352942,0.0478573703400451,627,And I’ll have the local crouton fed squab
6138,4156,2,11,72,85,1.1764705882352942,0.0478573703400451,627,Would you care to order? The pigeons are due back any moment.
5278,4156,1,13,71,85,1.1764705882352942,0.04483543075566802,627,Free? Why would you think that?
3444,4156,2,11,72,85,1.1764705882352942,0.0478573703400451,627,"Sir, this is our highest priced table...."
5256,4156,1,13,71,85,1.1764705882352942,0.04483543075566802,627,"You the party requested alfresco?"""
4627,4156,3,9,73,85,1.1764705882352942,0.05069950631596087,627,Don't you just hate noisy restaurants?
4523,4156,3,9,73,85,1.1764705882352942,0.05069950631596087,627,"Next on...""Dine and fall off the terrace""

This is why you don't pick the restaurants Tom."
4310,4156,2,11,72,85,1.1764705882352942,0.0478573703400451,627,I trust ze good sir's new table is sufficiently far from ze bathrooms?
4289,4156,1,13,71,85,1.1764705882352942,0.04483543075566802,627,"Since this is our last date, you pay."
4139,4156,2,11,72,85,1.1764705882352942,0.0478573703400451,627,"Wear deodorant next time, dear!"
4033,4156,3,9,73,85,1.1764705882352942,0.05069950631596087,627,We only cook it well-done. Can’t be too careful!
5249,4156,2,11,72,85,1.1764705882352942,0.0478573703400451,627,Our desert special this evening is a Baked Alaska Flambé.
1941,4156,1,13,71,85,1.1764705882352942,0.04483543075566802,627,"""For your security, the chef prefers to call them 'pigeonneaux'"
3604,4156,3,9,73,85,1.1764705882352942,0.05069950631596087,627,We've run out of steak but we still have the pigeon.
1819,4156,0,15,70,85,1.1764705882352942,0.04159451654038516,627,It's the seasonal menu for fall.
1612,4156,1,13,71,85,1.1764705882352942,0.04483543075566802,627,"Our Special this evening is a Tripe and Spaetzle, topped with a runny oeuf and crackling. Enjoy with our Grasshopper cocktail, perfect for the Fall."
1276,4156,3,9,73,85,1.1764705882352942,0.05069950631596087,627,"I thought they said this place was ""a little EDGY."""
1149,4156,2,11,72,85,1.1764705882352942,0.0478573703400451,627,I had to book it months in advance.
658,4156,2,11,72,85,1.1764705882352942,0.0478573703400451,627,So this is what they meant when they said that our meal was on the house!
576,4156,3,9,73,85,1.1764705882352942,0.05069950631596087,627,May I reommend the squab?
394,4156,3,9,73,85,1.1764705882352942,0.05069950631596087,627,Crazy Stupid Love is on the menu
360,4156,4,7,74,85,1.1764705882352942,0.05339056082773511,627,"Welcome to Steve's, our fully-immersive, environmentally-themed, free-range, sensory-overloaded, never-before-seen food ingesting event as experienced by a common, but actually not-so-common, poetry-quoting, anthropomorphized pigeon named Steve."
16,4156,4,7,74,85,1.1764705882352942,0.05339056082773511,627,What we lack in ambience we make up with our handmade pasta.
1842,4156,1,13,71,85,1.1764705882352942,0.04483543075566802,627,You're that upset we don't have the pork tenderloin tonight?
1833,4193,0,15,71,86,1.1744186046511629,0.041159196671218555,627,"Well, you did ask for a corner table."
2333,4193,2,11,73,86,1.1744186046511629,0.0473421069773523,627,Did I say ledge salad? I meant wedge salad. It's our special this fall.
3075,4193,2,11,73,86,1.1744186046511629,0.0473421069773523,627,Order anything you want under$20.00
3111,4193,2,11,73,86,1.1744186046511629,0.0473421069773523,627,I told you we had to have a reservation!
3163,4193,2,11,73,86,1.1744186046511629,0.0473421069773523,627,"Hello 
Al Fresco here
I'll be your server today"
3231,4193,1,13,72,86,1.1744186046511629,0.04435850856191582,627,Weren’t we joining the Johnsons?
4324,4193,1,13,72,86,1.1744186046511629,0.04435850856191582,627,"Yes, I would jump at the opportunity to eat here too."
3447,4193,2,11,73,86,1.1744186046511629,0.0473421069773523,627,"Oh no, I can assure you our reputation is legendary."
3518,4193,2,11,73,86,1.1744186046511629,0.0473421069773523,627,Our special tonight is pigeon wings.
3855,4193,1,13,72,86,1.1744186046511629,0.04435850856191582,627,Our special tonight is at the open window across the street
1206,4193,0,15,71,86,1.1744186046511629,0.041159196671218555,627,The chef insists we take our Open Table reservations seriously Sir.
4519,4193,2,11,73,86,1.1744186046511629,0.0473421069773523,627,"And now, Corey will scream out today's specials for you from the 19th floor."
4839,4193,1,13,72,86,1.1744186046511629,0.04435850856191582,627,Today's special is parachute-o.
5743,4193,0,15,71,86,1.1744186046511629,0.041159196671218555,627,"Chef's choice"" tonight is for you to leave"
836,4193,2,11,73,86,1.1744186046511629,0.0473421069773523,627,The chef's special pigeon is well worth the wait.
5363,4193,2,11,73,86,1.1744186046511629,0.0473421069773523,627,"Yes, our restaurant is hard to get in to."
5344,4193,1,13,72,86,1.1744186046511629,0.04435850856191582,627,Wait 'till you see how the entree is delivered.
4045,4210,2,9,64,75,1.1733333333333333,0.05154664932909856,627,"Although I appreciate the gesture, I do not recommend tipping."
2595,4211,0,15,72,87,1.1724137931034482,0.04073271884266332,627,May I recommend the pigeon l'orange?
409,4211,1,13,73,87,1.1724137931034482,0.043891486539845,627,"I'm trying to make this as uncomfortable as possible, so she will think twice before asking to go out to eat again."
2231,4211,1,13,73,87,1.1724137931034482,0.043891486539845,627,I said I wanted the non-falling section.
6428,4211,0,15,72,87,1.1724137931034482,0.04073271884266332,627,The Upside-Down cake is to die for.
6166,4215,3,8,71,82,1.170731707317073,0.051490514905149054,627,WHEN I SUGGESTED WE DINE OUT I DID NOT MEAN ON THE BUILDINGS PARAPET WITH A CARDBOARD WAITER AND TAKE OUY.
6071,4215,2,10,70,82,1.170731707317073,0.048478438536580806,627,I hope you fall... in love with our dessert selection.
4895,4215,3,8,71,82,1.170731707317073,0.051490514905149054,627,"Enough already, you got your outdoor seat, now please order.  We have another patron waiting."
3564,4215,3,8,71,82,1.170731707317073,0.051490514905149054,627,"If you want to go out on a limb, try our two-day old sushi."
199,4215,0,14,68,82,1.170731707317073,0.04180826184428594,627,I told you this place was ledge-end-ary.
2575,4215,2,10,70,82,1.170731707317073,0.048478438536580806,627,"My apologies, we are waiting for the second course to fly nearby."
1666,4215,2,10,70,82,1.170731707317073,0.048478438536580806,627,"I get paid to tell you the specials, not talk you off the ledge"
1528,4215,4,6,72,82,1.170731707317073,0.05433587440586293,627,LIVING LIFE ON THE LEDGE
1358,4215,1,12,69,82,1.170731707317073,0.045266376933577414,627,Take away the food allergies and he's actually not a bad roommate.
579,4215,1,12,69,82,1.170731707317073,0.045266376933577414,627,It’s all about the experience .
3812,4215,2,10,70,82,1.170731707317073,0.048478438536580806,627,We’re taking al fresco to a new level.
1382,4215,2,10,70,82,1.170731707317073,0.048478438536580806,627,This way we have fewer instances of people who “dine & dash.”
1082,4215,3,8,71,82,1.170731707317073,0.051490514905149054,627,Tonight’s special is “stick to the roof of your mouth” Barbecue Ribs.
5423,4228,2,10,71,83,1.1686746987951808,0.04793495540400366,627,All of our entrees are pigeon-free.
6287,4228,2,10,71,83,1.1686746987951808,0.04793495540400366,627,I think its false advertising to say they have outdoor seating
5437,4228,2,10,71,83,1.1686746987951808,0.04793495540400366,627,I suggest avoiding anything tossed or scrambled.
5043,4228,0,14,69,83,1.1686746987951808,0.04135266894703558,627,"And this is how I respond when people ask for a taste of the city."""
4530,4228,1,12,70,83,1.1686746987951808,0.044764959391397526,627,"I know the review call the atmosphere ‘spare’, but it was FAKE!"
4286,4228,3,8,72,83,1.1686746987951808,0.050907939556165197,627,You only get one napkin!
4257,4228,2,10,71,83,1.1686746987951808,0.04793495540400366,627,May I recommend les pigeons ala tar papier.
3965,4228,3,8,72,83,1.1686746987951808,0.050907939556165197,627,"Welcome to YouNab, tonight’s special forage is 
Pigeon"
3357,4228,1,12,70,83,1.1686746987951808,0.044764959391397526,627,"Ma'am, try not to scoot back."
2708,4228,3,8,72,83,1.1686746987951808,0.050907939556165197,627,I gave you an order .
2330,4228,3,8,72,83,1.1686746987951808,0.050907939556165197,627,They messed up our reservation again.
2296,4228,1,12,70,83,1.1686746987951808,0.044764959391397526,627,"Well, it does have a downside."
1087,4228,3,8,72,83,1.1686746987951808,0.050907939556165197,627,I'recommend the pidgin droppings.
1986,4228,2,10,71,83,1.1686746987951808,0.04793495540400366,627,"Honey, I appreciate this date to ""get away from it all by rising above it"" but the waiter is really looking down at us.  I don't think he likes your hair."
286,4242,1,11,66,78,1.1666666666666667,0.04622501635210242,627,May I suggest avoiding the fowl?
3262,4243,0,14,71,85,1.1647058823529413,0.040470132236373114,627,May I recommend the fresh pigeon breast?
4204,4244,0,13,67,80,1.1625,0.0415054899525657,627,I heard this place likes to take you right to the edge.
4167,4244,0,13,67,80,1.1625,0.0415054899525657,627,"If they want free range duck, they'll get free range duck!"
2909,4244,0,13,67,80,1.1625,0.0415054899525657,627,You asked for a quiet table!
3522,4244,1,11,68,80,1.1625,0.04515707466615905,627,And you wanted to stay home and watch Jeopardy!
3650,4244,2,9,69,80,1.1625,0.0485346998405017,627,"Beautiful view, but these prices are sky high!"
3659,4244,2,9,69,80,1.1625,0.0485346998405017,627,"Well Sir, you did say on your reservation request that you heard our restaurant was edgy."
4088,4244,1,11,68,80,1.1625,0.04515707466615905,627,The special tonight is Pigeon de la Ledge.
3745,4244,1,11,68,80,1.1625,0.04515707466615905,627,Our special today is squab
3880,4244,1,11,68,80,1.1625,0.04515707466615905,627,"I'd come out to take your order but I'm not as desperate as you are to eat at this fine establishment."""
3994,4244,0,13,67,80,1.1625,0.0415054899525657,627,At least the wait was short!
4025,4244,1,11,68,80,1.1625,0.04515707466615905,627,"Well, hadn’t you heard that we’re the edgiest restaurant in the city?"
4032,4244,1,11,68,80,1.1625,0.04515707466615905,627,"Off the menu tonight, life insurance, which I recommend."
4036,4244,2,9,69,80,1.1625,0.0485346998405017,627,"How much more does it cost to sit at the ""Plein Air"" table?"
4353,4244,2,9,69,80,1.1625,0.0485346998405017,627,You never listen.  I didn't say I want a Ledge Salad.
4046,4244,2,9,69,80,1.1625,0.0485346998405017,627,I wouldn't order the Roast Pigeon if I were you.
3859,4244,2,9,69,80,1.1625,0.0485346998405017,627,"Despite all of your dad's efforts, there is not going to be a second date."
4427,4244,2,9,69,80,1.1625,0.0485346998405017,627,You seem a little edgy tonight.
5193,4244,1,11,68,80,1.1625,0.04515707466615905,627,More squab?
4812,4244,3,7,70,80,1.1625,0.05169209596069913,627,Don't worry. The pigeons don't come here ever since the fat one fell through the ledge.
5232,4244,1,11,68,80,1.1625,0.04515707466615905,627,The squab is particularly fresh today.
5280,4244,2,9,69,80,1.1625,0.0485346998405017,627,He said they were fully committed.
2891,4244,1,11,68,80,1.1625,0.04515707466615905,627,Suffice it to say the table side guacamole is eighty-sixed tonight.
5375,4244,1,11,68,80,1.1625,0.04515707466615905,627,"Yeah, I hear this place is known for its edgy food, but that the service has fallen off."
5598,4244,2,9,69,80,1.1625,0.0485346998405017,627,The soup du jour is shrimp bisque with a dollop of pigeon poop.
5716,4244,2,9,69,80,1.1625,0.0485346998405017,627,"Small menu, Big prices"
5852,4244,1,11,68,80,1.1625,0.04515707466615905,627,"Well, we overheard you saying you wanted to get high after dinner"
4805,4244,1,11,68,80,1.1625,0.04515707466615905,627,Today’s Rooftop Special is Lemon Lemming
5970,4244,2,9,69,80,1.1625,0.0485346998405017,627,Tipping is strongly discouraged.
6257,4244,2,9,69,80,1.1625,0.0485346998405017,627,The service was so bad I demanded dessert on the house.
6362,4244,2,9,69,80,1.1625,0.0485346998405017,627,Our special today is fresh pigeon stew
6377,4244,0,13,67,80,1.1625,0.0415054899525657,627,You were adamant about a secluded table with an outside view.
6495,4244,0,13,67,80,1.1625,0.0415054899525657,627,If you flip to the back we have our acrophobic entrées.
5136,4244,0,13,67,80,1.1625,0.0415054899525657,627,"Oui monsieur. This is our latest venture to take ""haute cusine"" to an whole other level."
5106,4244,2,9,69,80,1.1625,0.0485346998405017,627,The Squab is very fresh today
4884,4244,2,9,69,80,1.1625,0.0485346998405017,627,"If death’s the only thing that can do us part, then so be it."
6085,4244,1,11,68,80,1.1625,0.04515707466615905,627,Tonight's special is pigeon flambe.  Catch one you like and we'll incinerate the sucker
2867,4244,3,7,70,80,1.1625,0.05169209596069913,627,"It was the Pigeon Sisters, from the ""Odd Couple "" favorite table"
1477,4244,2,9,69,80,1.1625,0.0485346998405017,627,"I said we should try to live on the edge, not dine on the ledge."
2824,4244,2,9,69,80,1.1625,0.0485346998405017,627,"I'm sorry,but blow jobs are not on the menu."
2863,4244,2,9,69,80,1.1625,0.0485346998405017,627,"You guys are lucky getting the ledge.
If you were Black characters 
you wouldn't even be in 
a caption competition."
425,4244,0,13,67,80,1.1625,0.0415054899525657,627,"Well Sir, I wasn't sure if you meant ""OUT"" or ""HAUT"" so I compromised"
535,4244,2,9,69,80,1.1625,0.0485346998405017,627,"Next time you make an al fresco reservation at a top-floor restaurant, make sure it's on the roof!"
599,4244,3,7,70,80,1.1625,0.05169209596069913,627,The pigeon is market price. There just aren’t many available.
630,4244,2,9,69,80,1.1625,0.0485346998405017,627,I thought you said a ledge edge tea.
729,4244,2,9,69,80,1.1625,0.0485346998405017,627,This place takes gourmet dining to new heights.
806,4244,0,13,67,80,1.1625,0.0415054899525657,627,Who said you had to be alone on the ledge?
894,4244,1,11,68,80,1.1625,0.04515707466615905,627,"Drinks, anyone?"
1226,4244,1,11,68,80,1.1625,0.04515707466615905,627,Dining out in New York City
1357,4244,2,9,69,80,1.1625,0.0485346998405017,627,This isn't quite what I expected when you said you liked al fresco dining ...
1705,4244,3,7,70,80,1.1625,0.05169209596069913,627,It's as close as you can get to hospital food.
170,4244,1,11,68,80,1.1625,0.04515707466615905,627,Have you folks died here before?
2596,4244,1,11,68,80,1.1625,0.04515707466615905,627,I wouldn't recommend the egg drop soup.
1811,4244,2,9,69,80,1.1625,0.0485346998405017,627,The sunflower seed salad is included with the fresh squab.
1864,4244,2,9,69,80,1.1625,0.0485346998405017,627,Let's order a pair of parachutes for appetizer.
1910,4244,0,13,67,80,1.1625,0.0415054899525657,627,You should have told us you were afraid of heights.
2033,4244,0,13,67,80,1.1625,0.0415054899525657,627,"If there's anything we can do to make the plunge to your death more enjoyable, please let us know."
2036,4244,2,9,69,80,1.1625,0.0485346998405017,627,"This is the furthest I can put you from the kitchen.

Geoff.Rytell"
2202,4244,2,9,69,80,1.1625,0.0485346998405017,627,The chef has let me know that drunk pigeon is contraindicated
2290,4244,2,9,69,80,1.1625,0.0485346998405017,627,Talk me off of the wedge salad.
2504,4244,2,9,69,80,1.1625,0.0485346998405017,627,"I'm pretty sure it said ""edgy"" on Yelp."
2550,4244,2,9,69,80,1.1625,0.0485346998405017,627,Would the lady care to see our parachute selection?
1754,4244,2,9,69,80,1.1625,0.0485346998405017,627,"I recommend the pigeon, Sir and Madam."
2609,4306,1,10,64,75,1.16,0.04665379487862243,627,Our special of the day is Roasted Pigeon...
5504,4307,0,12,64,76,1.1578947368421053,0.04210526315789474,627,You thought ‘edgy’ meant something else?
6261,4307,2,8,66,76,1.1578947368421053,0.049745427644764306,627,The menu doesn’t stray over the edge.
3723,4309,3,6,68,77,1.155844155844156,0.0525004803055042,627,"Sorry,but the table in the smoking section is all that's available."
2931,4309,1,10,66,77,1.155844155844156,0.04552772158797496,627,At least it's not next to the bathroom.
3732,4309,1,10,66,77,1.155844155844156,0.04552772158797496,627,"This is not the date night to get tipsy, dear."
4073,4309,2,8,67,77,1.155844155844156,0.04913793781438531,627,"and to go with this spectacular view, tonight's featured entree is stuffed pigeon breast"
4142,4309,3,6,68,77,1.155844155844156,0.0525004803055042,627,Drinks are on the house.
3638,4309,0,12,65,77,1.155844155844156,0.04160540750111606,627,I could have sworn that I said non-smoking when I made the reservation.
3726,4309,1,10,66,77,1.155844155844156,0.04552772158797496,627,Welcome to Ledgie's.
4358,4309,1,10,66,77,1.155844155844156,0.04552772158797496,627,"We feel our ""Living on the Edge"" milieu adds a piquancy to our cuisine."
3304,4309,2,8,67,77,1.155844155844156,0.04913793781438531,627,"Alexa, where were we?"
3470,4309,3,6,68,77,1.155844155844156,0.0525004803055042,627,"Wife: ''Ill have the rack of lamb please''
Waiter: ''and for the gentleman?''
Husband: I EAT ASS!"
3360,4309,1,10,66,77,1.155844155844156,0.04552772158797496,627,"It can't be that bad.  You don't have to order yet, we can just talk for a while.  You two have a lot to live for."
3315,4309,2,8,67,77,1.155844155844156,0.04913793781438531,627,Well now I finally get the Air part
3284,4309,2,8,67,77,1.155844155844156,0.04913793781438531,627,Would you like the pigeon to Poupon your salad?
3282,4309,1,10,66,77,1.155844155844156,0.04552772158797496,627,May I suggest the poulet a la parachute?
3114,4309,3,6,68,77,1.155844155844156,0.0525004803055042,627,"Hey, Dancing With The Stars is on... just saying."
3094,4309,1,10,66,77,1.155844155844156,0.04552772158797496,627,The Pidgeon is local.
3002,4309,3,6,68,77,1.155844155844156,0.0525004803055042,627,The roast pigeon is very fresh.
4394,4309,2,8,67,77,1.155844155844156,0.04913793781438531,627,Interesting restaurant to discuss our divorce
3530,4309,4,4,69,77,1.155844155844156,0.05566025450864261,627,Seating for Trump Officials is getting out of hand!
4558,4309,2,8,67,77,1.155844155844156,0.04913793781438531,627,Is this your first time ledge dining?  Then I need to tell you right off the bat where the restrooms are.
6025,4309,2,8,67,77,1.155844155844156,0.04913793781438531,627,"For the desert special tonight, we have bungee jumping or chocolate mousse."
4686,4309,2,8,67,77,1.155844155844156,0.04913793781438531,627,Let the cabinet members know that the special today is the complicit chicken!
2893,4309,1,10,66,77,1.155844155844156,0.04552772158797496,627,After months of disappointment Stella and Dan finally scored a reservation in the coveted Pigeon Room.
5194,4309,2,8,67,77,1.155844155844156,0.04913793781438531,627,You will find dining with us to rather edgy.
5313,4309,0,12,65,77,1.155844155844156,0.04160540750111606,627,Your reservation requested to dine al fresco...
5343,4309,1,10,66,77,1.155844155844156,0.04552772158797496,627,I'm sorry we ran out of  eau du ciel earlier today.
5355,4309,2,8,67,77,1.155844155844156,0.04913793781438531,627,"...and today’s special, Antivert, has been very popular at this table."
5492,4309,2,8,67,77,1.155844155844156,0.04913793781438531,627,Our specialty is pigeon tartare.
5512,4309,0,12,65,77,1.155844155844156,0.04160540750111606,627,"Yes, you're right. This is the edgiest restaurant in town."
5723,4309,3,6,68,77,1.155844155844156,0.0525004803055042,627,"After dinner, the ""uber drone ""will take you to your hotel!"
5780,4309,1,10,66,77,1.155844155844156,0.04552772158797496,627,Contemplating soup as side
5860,4309,1,10,66,77,1.155844155844156,0.04552772158797496,627,Anything for starters?  Cocktails?  Crudités?  Oxygen?
5862,4309,1,10,66,77,1.155844155844156,0.04552772158797496,627,I don’t recommend the pigeon drop soup.
6046,4309,2,8,67,77,1.155844155844156,0.04913793781438531,627,We keep losing customers after the rent increase.
6092,4309,1,10,66,77,1.155844155844156,0.04552772158797496,627,Would you like the Violinist to come by your table?
5061,4309,0,12,65,77,1.155844155844156,0.04160540750111606,627,The chef recommends The Bird Dropping’s nest soup
4936,4309,3,6,68,77,1.155844155844156,0.0525004803055042,627,"For you, I recommend the squab."
4915,4309,1,10,66,77,1.155844155844156,0.04552772158797496,627,This is the smoking section.  Please make room for another couple!
4777,4309,1,10,66,77,1.155844155844156,0.04552772158797496,627,"I asked for the Wedge, not the ledge."
4751,4309,3,6,68,77,1.155844155844156,0.0525004803055042,627,Your idea of a cutting ledge menu??
6498,4309,2,8,67,77,1.155844155844156,0.04913793781438531,627,"Many of our guests like to start off with a railing.
The life net is also quite popular."
4649,4309,1,10,66,77,1.155844155844156,0.04552772158797496,627,I hear this place is legendary.
2885,4309,1,10,66,77,1.155844155844156,0.04552772158797496,627,"Not to sound corny, but our steaks ARE ledge-endary."
2016,4309,2,8,67,77,1.155844155844156,0.04913793781438531,627,"When you said “I know a little place”, I just assumed....."
2684,4309,2,8,67,77,1.155844155844156,0.04913793781438531,627,"Everything here is farm to ledge to table."""
2818,4309,2,8,67,77,1.155844155844156,0.04913793781438531,627,These budget private rooms have great service and views.
64,4309,0,12,65,77,1.155844155844156,0.04160540750111606,627,"Alice: what’s that mean Harry?
Harry: I don’t know, ask the dumb waiter.
Dumb waiter: It means we won’t be responsible for the taste and appearance of  Filet Mignon medium to well done, or for your safety should you order the roast Pigeon."
109,4309,2,8,67,77,1.155844155844156,0.04913793781438531,627,It's all pigeon.
121,4309,1,10,66,77,1.155844155844156,0.04552772158797496,627,I'm quite certain that our renovations will be finished next week.
147,4309,1,10,66,77,1.155844155844156,0.04552772158797496,627,This is the best we have for that dollar tip.
260,4309,2,8,67,77,1.155844155844156,0.04913793781438531,627,Dine & Dash here and dinner is on your next of kin.
300,4309,3,6,68,77,1.155844155844156,0.0525004803055042,627,The squab is fresh.
372,4309,2,8,67,77,1.155844155844156,0.04913793781438531,627,honestly i work for tips so i'm sort of going against my own self-interest here but i'd recommend splitting an app and maybe an entree salad? this brush with mortality's probably gonna get you super triggered and you don't wanna be too full to fuck
1359,4309,3,6,68,77,1.155844155844156,0.0525004803055042,627,We have absolutely killer bread rolls.
1496,4309,1,10,66,77,1.155844155844156,0.04552772158797496,627,"Hey, how are you?"
1553,4309,1,10,66,77,1.155844155844156,0.04552772158797496,627,"Yes, the baked pigeon is fresh."
1591,4309,1,10,66,77,1.155844155844156,0.04552772158797496,627,"Well, at least we are not near the kitchen."
1685,4309,2,8,67,77,1.155844155844156,0.04913793781438531,627,"Welcome to Suicide Grill - my name is Bob and I'll be your server. May I recommend the 'Last Supper' for two, which includes appetizer, main course and desert."
1700,4309,1,10,66,77,1.155844155844156,0.04552772158797496,627,"We now have a table inside, but you are welcome to eat out here."
1335,4309,2,8,67,77,1.155844155844156,0.04913793781438531,627,Our special today is the rooftop-to-table pan-roasted squab.
1857,4309,0,12,65,77,1.155844155844156,0.04160540750111606,627,"Wow, look at that S car go!  Ha, I love that one."
1718,4309,2,8,67,77,1.155844155844156,0.04913793781438531,627,"If our waiter doesn't stop bumping his head on the window, it'll  be curtains for him.

Martha Eakes, Greensboro NC"
2643,4309,1,10,66,77,1.155844155844156,0.04552772158797496,627,I suggest you skip the wine list.
2614,4309,1,10,66,77,1.155844155844156,0.04552772158797496,627,"Just in case, let's order dessert first."
2475,4309,1,10,66,77,1.155844155844156,0.04552772158797496,627,"As a starter I recommend the fresh local 
Pigeon soup."
2419,4309,1,10,66,77,1.155844155844156,0.04552772158797496,627,I hear the squab is the freshest in the city.
2351,4309,1,10,66,77,1.155844155844156,0.04552772158797496,627,"We are all out of chicken, is pigeon alright?"
2650,4309,3,6,68,77,1.155844155844156,0.0525004803055042,627,The police recommend the fresh squab but the fire department leans toward the farfalle.
2325,4309,0,12,65,77,1.155844155844156,0.04160540750111606,627,"This may seem a bit unusual, sir, but would you mind leaving the tip before the meal?"
2241,4309,1,10,66,77,1.155844155844156,0.04552772158797496,627,Eary Bird special is Pigeon. Choose one from the next flock that lands.
1933,4309,0,12,65,77,1.155844155844156,0.04160540750111606,627,"You wanted to try something "" edgier"""
1904,4309,2,8,67,77,1.155844155844156,0.04913793781438531,627,The chef recommends the locally sourced pigeon pie.
1894,4309,0,12,65,77,1.155844155844156,0.04160540750111606,627,"Don’t worry, the birds never come up this high"
2345,4309,2,8,67,77,1.155844155844156,0.04913793781438531,627,Do you feel like we need to order dessert?
2350,4383,2,8,68,78,1.1538461538461537,0.048545007377001466,627,We're on the edge. If we don't order what he cooked....!
2690,4383,2,8,68,78,1.1538461538461537,0.048545007377001466,627,Says here the Lasagna doubles as a parachute.
2998,4383,0,12,66,78,1.1538461538461537,0.041117114140372994,627,"""
""You said you wanted the best view.."
3623,4383,1,10,67,78,1.1538461538461537,0.04498463524619038,627,The chef recommends the braised pigeon -- it's locally sourced.
4405,4383,1,10,67,78,1.1538461538461537,0.04498463524619038,627,"Harry, I told you that the last time you asked for a table near the window here, you forgot to leave a tip."
4537,4383,1,10,67,78,1.1538461538461537,0.04498463524619038,627,"The reviews said exotic, I say edgy."""
5558,4383,1,10,67,78,1.1538461538461537,0.04498463524619038,627,. .. so if you still think our prices are too steep . . .
5503,4383,1,10,67,78,1.1538461538461537,0.04498463524619038,627,"Check, please."
5917,4383,0,12,66,78,1.1538461538461537,0.041117114140372994,627,A first date always puts me on edge.
6172,4383,1,10,67,78,1.1538461538461537,0.04498463524619038,627,Zagat’s last review said we lost our edge.
6179,4383,1,10,67,78,1.1538461538461537,0.04498463524619038,627,"Psst...One bad tip deserves another,Monsieur"
1123,4383,1,10,67,78,1.1538461538461537,0.04498463524619038,627,Do you feel a draft?
4725,4383,1,10,67,78,1.1538461538461537,0.04498463524619038,627,We take our dining here to the edge
1109,4383,1,10,67,78,1.1538461538461537,0.04498463524619038,627,I think because you were so aggressive about getting a table he wants to know if you want the window open.
1390,4383,2,8,68,78,1.1538461538461537,0.048545007377001466,627,"Will you think I'm a wimp that, despite all these adventurous entrees, I always revert to meat and potatoes?"
770,4383,2,8,68,78,1.1538461538461537,0.048545007377001466,627,So this is what you call living on the edge?
4164,4399,0,11,63,74,1.1486486486486487,0.04163642831779319,627,Dining al fresco at The Edge
3462,4399,0,11,63,74,1.1486486486486487,0.04163642831779319,627,The fenced deck is for families with kids--no alcohol!
4166,4399,2,7,65,74,1.1486486486486487,0.04973991010198834,627,I’m thinking a 25% tip.
4171,4399,1,9,64,74,1.1486486486486487,0.04586747660388901,627,"Since you are members of the Trump administration, may I explain your options this evening?"
4203,4399,1,9,64,74,1.1486486486486487,0.04586747660388901,627,"Our special tonight is roast pigeon, locally sourced."
4233,4399,1,9,64,74,1.1486486486486487,0.04586747660388901,627,I'll take the squab.
4281,4399,3,5,66,74,1.1486486486486487,0.053331903246550814,627,"You ordered the ""Death by Chocolate?"""
4301,4399,2,7,65,74,1.1486486486486487,0.04973991010198834,627,Our fresh pigeon is the house speciality.
4356,4399,1,9,64,74,1.1486486486486487,0.04586747660388901,627,Can I tell you about the specials? They're to die for.
4379,4399,1,9,64,74,1.1486486486486487,0.04586747660388901,627,That 's our new Late Summer  Menu sir .... we had to replace the Fall Menu after an unfortunate accident.....
4413,4399,0,11,63,74,1.1486486486486487,0.04163642831779319,627,Not Surprisingly They Have Cage-Free Eggs
4454,4399,2,7,65,74,1.1486486486486487,0.04973991010198834,627,"Today's three-course special is: Egg-Drop Soup, Fresh Roast Pigeon and Fallen Souffle."
4502,4399,2,7,65,74,1.1486486486486487,0.04973991010198834,627,Tonight's special is marriage counseling.
4600,4399,0,11,63,74,1.1486486486486487,0.04163642831779319,627,"When I said I'd join you on the ledge, I expected a more dramatic finish than Crème Brûlée."""
4665,4399,2,7,65,74,1.1486486486486487,0.04973991010198834,627,I recommend the pigeon pie.
4672,4399,0,11,63,74,1.1486486486486487,0.04163642831779319,627,Have you saved a roof for our desserts?
4684,4399,1,9,64,74,1.1486486486486487,0.04586747660388901,627,"Understandably, we don’t serve alcohol out here."
4729,4399,1,9,64,74,1.1486486486486487,0.04586747660388901,627,"No, the wine flight will not be returning"
4759,4399,1,9,64,74,1.1486486486486487,0.04586747660388901,627,Hmm. Well then. Luckily Frederico's accordion made a surprisingly effective parachute.
4811,4399,3,5,66,74,1.1486486486486487,0.053331903246550814,627,Dessert will be served while bungee jumping.
4854,4399,0,11,63,74,1.1486486486486487,0.04163642831779319,627,Edgy enough?
4098,4399,0,11,63,74,1.1486486486486487,0.04163642831779319,627,Well. you did say you wanted a corner table with a view.
4062,4399,2,7,65,74,1.1486486486486487,0.04973991010198834,627,86 roof and uuuuuuuh walls. Also we don't have a bathroom.
4060,4399,1,9,64,74,1.1486486486486487,0.04586747660388901,627,The house special is pigeon under glass.
4039,4399,0,11,63,74,1.1486486486486487,0.04163642831779319,627,"This is the quietist area of the restaurant. Unfortunatey, it has poor access to the bathrooms."
3838,4399,2,7,65,74,1.1486486486486487,0.04973991010198834,627,"The stoop of the day is, the third floor."
4878,4399,0,11,63,74,1.1486486486486487,0.04163642831779319,627,Are you sure the food actually comes from RAOs?
3823,4399,1,9,64,74,1.1486486486486487,0.04586747660388901,627,First date? You look a little on edge.
3808,4399,1,9,64,74,1.1486486486486487,0.04586747660388901,627,"Well honey, this definitely adds a new edge to date night."
3782,4399,2,7,65,74,1.1486486486486487,0.04973991010198834,627,You did ask for a quiet little table in the corner.
3777,4399,2,7,65,74,1.1486486486486487,0.04973991010198834,627,"Whatever you do, dont order the squab."
3719,4399,1,9,64,74,1.1486486486486487,0.04586747660388901,627,The pigeon is grown locally.
3715,4399,1,9,64,74,1.1486486486486487,0.04586747660388901,627,Now serving at the Tenement Museum.
3691,4399,2,7,65,74,1.1486486486486487,0.04973991010198834,627,There are risks in any relationship.
3598,4399,3,5,66,74,1.1486486486486487,0.053331903246550814,627,We have a two for one tonight on parachutes.
3844,4399,1,9,64,74,1.1486486486486487,0.04586747660388901,627,May I recommend the pigeon paired with an Old World pinot noir?
3556,4399,3,5,66,74,1.1486486486486487,0.053331903246550814,627,"When you said that our dinners were putting you on edge, I didn't know this is what you meant."
3534,4399,1,9,64,74,1.1486486486486487,0.04586747660388901,627,The pigeon will be right with you to carry your order.
3523,4399,1,9,64,74,1.1486486486486487,0.04586747660388901,627,"I'm sorry, we've just run out of the pigeon stew."
3893,4399,1,9,64,74,1.1486486486486487,0.04586747660388901,627,The window closes at sunset...
6057,4399,2,7,65,74,1.1486486486486487,0.04973991010198834,627,You asked for a high
3915,4399,2,7,65,74,1.1486486486486487,0.04973991010198834,627,How do you slide the page down?
3923,4399,2,7,65,74,1.1486486486486487,0.04973991010198834,627,"May I suggest, sir, that you enhance the experience by trying something new?"
3928,4399,1,9,64,74,1.1486486486486487,0.04586747660388901,627,"Listen I know you’re upset that we’re out of the salmon, but you should really try the veal."
3959,4399,1,9,64,74,1.1486486486486487,0.04586747660388901,627,"can you believe this menu? snails, why I never.."
4004,4399,1,9,64,74,1.1486486486486487,0.04586747660388901,627,When they said dining all fresco this is NOT what I imagined!
4005,4399,1,9,64,74,1.1486486486486487,0.04586747660388901,627,This will be my last three stars bill
3554,4399,2,7,65,74,1.1486486486486487,0.04973991010198834,627,The special today is breast of wild Central Park pigeon.
4949,4399,1,9,64,74,1.1486486486486487,0.04586747660388901,627,Is the pigeon pot pie fresh?
5655,4399,0,11,63,74,1.1486486486486487,0.04163642831779319,627,The squab is exceedingly local.
5039,4399,1,9,64,74,1.1486486486486487,0.04586747660388901,627,...And your meals will be delivered by carrier pigeon.
5892,4399,2,7,65,74,1.1486486486486487,0.04973991010198834,627,It's the most daring table that's insured.
5927,4399,2,7,65,74,1.1486486486486487,0.04973991010198834,627,The ledge-to-table squab is to die for.
5940,4399,2,7,65,74,1.1486486486486487,0.04973991010198834,627,Our specialty is squab.  It is quite fresh.
5959,4399,2,7,65,74,1.1486486486486487,0.04973991010198834,627,Just don't tell anyone we met online.
5987,4399,2,7,65,74,1.1486486486486487,0.04973991010198834,627,I apologize but the inside is reserved for the guests who came prepared.
6003,4399,2,7,65,74,1.1486486486486487,0.04973991010198834,627,Everything on the menu is free range from farm to table
6041,4399,0,11,63,74,1.1486486486486487,0.04163642831779319,627,You have to catch the ortolans yourself.
6042,4399,0,11,63,74,1.1486486486486487,0.04163642831779319,627,"I heard the prices here are quite high, but not the tables."
6095,4399,2,7,65,74,1.1486486486486487,0.04973991010198834,627,I've noticed there are many birds on the menu.
6137,4399,2,7,65,74,1.1486486486486487,0.04973991010198834,627,"I'd stay away from the Free-Range New York ""Squab."""
5881,4399,1,9,64,74,1.1486486486486487,0.04586747660388901,627,This “rooftop garden to table” menu seems a bit grit-forward.
6207,4399,0,11,63,74,1.1486486486486487,0.04163642831779319,627,Today's specials are Squab Au Vin and Rosemary Squab in a light cream sauce; as always locally sourced and free range.
6223,4399,2,7,65,74,1.1486486486486487,0.04973991010198834,627,"Well, you did ask for our autumn menu."
6283,4399,2,7,65,74,1.1486486486486487,0.04973991010198834,627,Might I suggest an appetizer to take the ledge off?
6305,4399,1,9,64,74,1.1486486486486487,0.04586747660388901,627,And how is the food tasting?
6332,4399,2,7,65,74,1.1486486486486487,0.04973991010198834,627,The squab is very good.
6371,4399,1,9,64,74,1.1486486486486487,0.04586747660388901,627,This section is reserved for hunter-gatherers.
6392,4399,2,7,65,74,1.1486486486486487,0.04973991010198834,627,The happy hour prices only apply at the bar.
6425,4399,0,11,63,74,1.1486486486486487,0.04163642831779319,627,"Private, alfresco, what is not to love?"
6470,4399,2,7,65,74,1.1486486486486487,0.04973991010198834,627,"Honey. I'm  sorry I didn't push your chair in when you sat down .
 I love you and your small feet  but I didn't want this special  evening to be a downer"
6483,4399,3,5,66,74,1.1486486486486487,0.053331903246550814,627,At ten p.m. the pigeons roost.
6503,4399,1,9,64,74,1.1486486486486487,0.04586747660388901,627,"Would you like flat, sparkling or gutter water?"
6220,4399,1,9,64,74,1.1486486486486487,0.04586747660388901,627,"As you wish, monsieur, hors d'oeuvres are on the house."
5037,4399,1,9,64,74,1.1486486486486487,0.04586747660388901,627,"Honey, it’s Restaurant Week, not Restaurant Weak."
5868,4399,2,7,65,74,1.1486486486486487,0.04973991010198834,627,I think you'll find our chef to be cutting edge as well.
5748,4399,2,7,65,74,1.1486486486486487,0.04973991010198834,627,"They said the chef was super edgy, I did not know the seating was too,"
5045,4399,1,9,64,74,1.1486486486486487,0.04586747660388901,627,I would be more worried that this is a first Tinder date.
5079,4399,0,11,63,74,1.1486486486486487,0.04163642831779319,627,I guess the ratings really are sky high...
5089,4399,2,7,65,74,1.1486486486486487,0.04973991010198834,627,"Unfortunately, you probably did something to aggravate our Maitre D."
5167,4399,1,9,64,74,1.1486486486486487,0.04586747660388901,627,May I interest you in a plentiful platter of pigeon parts?
5177,4399,1,9,64,74,1.1486486486486487,0.04586747660388901,627,Just shout if you want anything.
3434,4399,1,9,64,74,1.1486486486486487,0.04586747660388901,627,You Americans are welcome to come back in when you finally learn to stop asking for ... le Substitutions!!
5220,4399,2,7,65,74,1.1486486486486487,0.04973991010198834,627,Our dessert menu is off the edge
5244,4399,1,9,64,74,1.1486486486486487,0.04586747660388901,627,We don't recommend either a cocktail or wine with dinner given your seating preference.
5271,4399,1,9,64,74,1.1486486486486487,0.04586747660388901,627,The specialty of the house is a very fresh locally sourced squab.
5284,4399,1,9,64,74,1.1486486486486487,0.04586747660388901,627,I recommend starting with the ledge salad and the pigeon tartar.
5795,4399,1,9,64,74,1.1486486486486487,0.04586747660388901,627,Life on the edge
5400,4399,1,9,64,74,1.1486486486486487,0.04586747660388901,627,"I'm sorry, the only menu item we don't serve at this table is the squab."""
5435,4399,1,9,64,74,1.1486486486486487,0.04586747660388901,627,The pigeon is free-range.
5447,4399,0,11,63,74,1.1486486486486487,0.04163642831779319,627,We find that your dining experience is optimized if you don’t look down.
5469,4399,2,7,65,74,1.1486486486486487,0.04973991010198834,627,"Perhaps you meant ""al dente"" not ""al fresco""."
5477,4399,3,5,66,74,1.1486486486486487,0.053331903246550814,627,May I recommend the parachute for dessert?
5513,4399,2,7,65,74,1.1486486486486487,0.04973991010198834,627,"Sorry, we lost our liquor licence."
5542,4399,2,7,65,74,1.1486486486486487,0.04973991010198834,627,Today's al frescvo  special is a creamy risotto with taleggio cheese.
5553,4399,0,11,63,74,1.1486486486486487,0.04163642831779319,627,My sincerest apologies for have seated you next to the restroom.
5627,4399,1,9,64,74,1.1486486486486487,0.04586747660388901,627,Yes! The squab is local.
5660,4399,0,11,63,74,1.1486486486486487,0.04163642831779319,627,"He deconstructs: you pay for the narrative, food and setting are extra."
5690,4399,2,7,65,74,1.1486486486486487,0.04973991010198834,627,This brings al Fresco dining to new heights!
5422,4399,1,9,64,74,1.1486486486486487,0.04586747660388901,627,You said outside is fine.
3423,4399,0,11,63,74,1.1486486486486487,0.04163642831779319,627,The daily special is pigeon stew.
1038,4399,1,9,64,74,1.1486486486486487,0.04586747660388901,627,The squab is extremely fresh tonight.
3390,4399,3,5,66,74,1.1486486486486487,0.053331903246550814,627,"I'm afraid folks we're having difficulty with the chicken.  That is, he's afraid to go out there."
738,4399,2,7,65,74,1.1486486486486487,0.04973991010198834,627,Would you like the parachute special?
755,4399,1,9,64,74,1.1486486486486487,0.04586747660388901,627,"I don’t fancy that Dinner in the Sky restaurant. At least here, we can get to the bathroom if we need it."
760,4399,0,11,63,74,1.1486486486486487,0.04163642831779319,627,"Can I interest you in some bananas, olive oil or ice cubes?"
814,4399,1,9,64,74,1.1486486486486487,0.04586747660388901,627,Shall we have drink to take the edge off
888,4399,1,9,64,74,1.1486486486486487,0.04586747660388901,627,I'm concerned by the 'Prix Fixe--Or Else'.
969,4399,1,9,64,74,1.1486486486486487,0.04586747660388901,627,"As you can see, our menu is a bit edgy, too."
1044,4399,1,9,64,74,1.1486486486486487,0.04586747660388901,627,This isn't what we mean by 'haute cuisine'.
1067,4399,2,7,65,74,1.1486486486486487,0.04973991010198834,627,Turning down the  Special here could be very dangerous.
1068,4399,1,9,64,74,1.1486486486486487,0.04586747660388901,627,"No, we don't allow any substitutions."
1073,4399,2,7,65,74,1.1486486486486487,0.04973991010198834,627,"Our disclaimer in the corner makes you think, doesn’t it?"
1200,4399,2,7,65,74,1.1486486486486487,0.04973991010198834,627,The Village Voice described our cuisine as ledgey.
1249,4399,0,11,63,74,1.1486486486486487,0.04163642831779319,627,All the pigeon you can catch.
1308,4399,2,7,65,74,1.1486486486486487,0.04973991010198834,627,Moving to our new location has completely illuminated our problem with dining and dashing!
1379,4399,1,9,64,74,1.1486486486486487,0.04586747660388901,627,It's the height of fashion in Europe.
1398,4399,0,11,63,74,1.1486486486486487,0.04163642831779319,627,"I'm sorry, Madam, entrées and appetizers are not available on this menu, only the side dishes."
1402,4399,1,9,64,74,1.1486486486486487,0.04586747660388901,627,You did ask for the table with the best view.
1422,4399,1,9,64,74,1.1486486486486487,0.04586747660388901,627,"Before requesting the ""chef's table"", perhaps ask whether the chef is a psychopath."
690,4399,1,9,64,74,1.1486486486486487,0.04586747660388901,627,You think this is living dangerously? Wait 'til you taste my food.
670,4399,0,11,63,74,1.1486486486486487,0.04163642831779319,627,Its at the end of the ledge and to your right. Cant miss it.
660,4399,1,9,64,74,1.1486486486486487,0.04586747660388901,627,The ledge fish is good ...
637,4399,1,9,64,74,1.1486486486486487,0.04586747660388901,627,Best seat on top of the house.
3417,4399,1,9,64,74,1.1486486486486487,0.04586747660388901,627,The menu is as edgy as the ambiance.
85,4399,2,7,65,74,1.1486486486486487,0.04973991010198834,627,"Still, sparkling, or window washer?"
113,4399,2,7,65,74,1.1486486486486487,0.04973991010198834,627,Let's live on the edge and go for the Coq au vin.
123,4399,0,11,63,74,1.1486486486486487,0.04163642831779319,627,"Gratuity is not included, but it is expected."
146,4399,2,7,65,74,1.1486486486486487,0.04973991010198834,627,We don't call this our killer view for nothing.
178,4399,0,11,63,74,1.1486486486486487,0.04163642831779319,627,We've put the 'haute' back in 'haute cuisine'.
192,4399,1,9,64,74,1.1486486486486487,0.04586747660388901,627,"Our dessert special today is French flourless chocolate cake, also known as fallen cake, delicately served edgewise, en plein-air."
246,4399,1,9,64,74,1.1486486486486487,0.04586747660388901,627,Our local and seasonal menu includes roasted pigeon.
1511,4399,1,9,64,74,1.1486486486486487,0.04586747660388901,627,"Don't look down, look at the menu."
335,4399,1,9,64,74,1.1486486486486487,0.04586747660388901,627,We have a lovely fresh pigeon appetizer that just landed on the ledge one floor down.
491,4399,0,11,63,74,1.1486486486486487,0.04163642831779319,627,"I asked for a table by the window, not out the window!"
534,4399,0,11,63,74,1.1486486486486487,0.04163642831779319,627,Today's special is a parachute.
541,4399,1,9,64,74,1.1486486486486487,0.04586747660388901,627,"Unfortunately, this is our only free table. But we can provide you another set of clutery."
577,4399,1,9,64,74,1.1486486486486487,0.04586747660388901,627,Can I start you both off with some pigeon drop soup?
586,4399,3,5,66,74,1.1486486486486487,0.053331903246550814,627,Do you still need a little more time to die?
603,4399,1,9,64,74,1.1486486486486487,0.04586747660388901,627,This restaurant is for the birds
605,4399,0,11,63,74,1.1486486486486487,0.04163642831779319,627,"As requested, your squirrel 'au balcon' is cooking now."
622,4399,1,9,64,74,1.1486486486486487,0.04586747660388901,627,Most of our dishes pair well with whatever the birds drop from above
368,4399,1,9,64,74,1.1486486486486487,0.04586747660388901,627,we decided on buffet tonite; the appetizers are on the right
1613,4399,2,7,65,74,1.1486486486486487,0.04973991010198834,627,that table near the kitchen is still available
56,4399,2,7,65,74,1.1486486486486487,0.04973991010198834,627,This is what happens when you ask questions about Al Fresco.
1655,4399,0,11,63,74,1.1486486486486487,0.04163642831779319,627,"I'm teetering between the fish & chicken, what about you?"
2501,4399,0,11,63,74,1.1486486486486487,0.04163642831779319,627,Today's special is the roast pigeon.
2531,4399,0,11,63,74,1.1486486486486487,0.04163642831779319,627,"Yes, I know he's your friend ..but this is not what I meant by outdoor dining."
2725,4399,0,11,63,74,1.1486486486486487,0.04163642831779319,627,"They're really going to far when we request a ""Table with a View."""
2737,4399,1,9,64,74,1.1486486486486487,0.04586747660388901,627,"No, Sir. The Chef's Kitchen Table is full, as are The Maître D's Lobby Table and The Coatchecks's Cloakroom Table. The Attendant's Gentlemen's Room Table, however, is available."
2803,4399,1,9,64,74,1.1486486486486487,0.04586747660388901,627,"For your dining pleasure, Master Chef has come up with something a little on the edge."
2825,4399,2,7,65,74,1.1486486486486487,0.04973991010198834,627,"Are you guys totally shitting your pants because your table is up so high on a ledge?  Because I, the waiter, would totally if I ever got to eat there but they never let me eat the food here.  Sometimes they throw it away rather than let me eat it."
2918,4399,2,7,65,74,1.1486486486486487,0.04973991010198834,627,The bird poop soup is very popular.
2954,4399,1,9,64,74,1.1486486486486487,0.04586747660388901,627,"Care for a final, I mean fino, martini?"
2488,4399,3,5,66,74,1.1486486486486487,0.053331903246550814,627,I'll be right back with your one good reason to not just end it all right now.
2969,4399,1,9,64,74,1.1486486486486487,0.04586747660388901,627,Adding a railing will cost a bit extra.
3171,4399,1,9,64,74,1.1486486486486487,0.04586747660388901,627,"Well, you did request a window seat."
3180,4399,2,7,65,74,1.1486486486486487,0.04973991010198834,627,"Pardon me madame, you did indeed ask for the fresco perch.  
And no, we do not carry Fresca Peach."
3193,4399,0,11,63,74,1.1486486486486487,0.04163642831779319,627,The salmon is to die for.
3195,4399,2,7,65,74,1.1486486486486487,0.04973991010198834,627,"We were booked for the night, except for the kids table."
3203,4399,2,7,65,74,1.1486486486486487,0.04973991010198834,627,"It's the end of the bull market, but THESE prices?"
3242,4399,1,9,64,74,1.1486486486486487,0.04586747660388901,627,The pigeon is really fresh out there
3288,4399,1,9,64,74,1.1486486486486487,0.04586747660388901,627,The chef's choice tonight is very pungent.
3335,4399,2,7,65,74,1.1486486486486487,0.04973991010198834,627,I can't decide between the pigeon tagine and the pigeon with foie gras.
3018,4399,1,9,64,74,1.1486486486486487,0.04586747660388901,627,The fish is a bit risky today
2409,4399,0,11,63,74,1.1486486486486487,0.04163642831779319,627,So that's why they call this place Sacré Bleu.
2498,4399,0,11,63,74,1.1486486486486487,0.04163642831779319,627,I'm really sure tomorrow we will be in the paper and I'm not ready
2369,4399,0,11,63,74,1.1486486486486487,0.04163642831779319,627,"Our Chef’s signature dish, “Last Meal,” is always a big hit."
1661,4399,1,9,64,74,1.1486486486486487,0.04586747660388901,627,Our crane is at the mechanic.
1690,4399,1,9,64,74,1.1486486486486487,0.04586747660388901,627,These prices seem a little high. Shall we look for another spot?
1698,4399,1,9,64,74,1.1486486486486487,0.04586747660388901,627,"All our tables are window tables, but this has the best view."
1721,4399,1,9,64,74,1.1486486486486487,0.04586747660388901,627,I would not order the squab if I were you.  Some of them take it very personally.
1809,4399,0,11,63,74,1.1486486486486487,0.04163642831779319,627,Our specialty sir is high steaks.
1865,4399,0,11,63,74,1.1486486486486487,0.04163642831779319,627,Last time you were here you posted that you wanted 'edgier' choices
1873,4399,2,7,65,74,1.1486486486486487,0.04973991010198834,627,We’ll share the very light salad with seeds and that  side of wings. We’re rushed to catch a flight.  Thank you.
2382,4399,0,11,63,74,1.1486486486486487,0.04163642831779319,627,They say the ceviche is ledge-endary.
1916,4399,0,11,63,74,1.1486486486486487,0.04163642831779319,627,I thought adventurous eating meant weird ingredients.
1914,4399,2,7,65,74,1.1486486486486487,0.04973991010198834,627,You asked for the bickering section.
2125,4399,2,7,65,74,1.1486486486486487,0.04973991010198834,627,Forget the menus. You are seated in self-serve.
2149,4399,1,9,64,74,1.1486486486486487,0.04586747660388901,627,The squab is very good today.
2276,4399,0,11,63,74,1.1486486486486487,0.04163642831779319,627,"You asked for a room with a view, we didn't have one, I hope the roof suffices."
2278,4399,1,9,64,74,1.1486486486486487,0.04586747660388901,627,The one item we have tonight that’s not on the menu are the pigeons.
2315,4399,2,7,65,74,1.1486486486486487,0.04973991010198834,627,May I recommend the Pigeon Al Fresco? It is fresh caught.
2340,4399,0,11,63,74,1.1486486486486487,0.04163642831779319,627,"When we asked for a table a little farther from the kitchen, maybe we should have been more specific."
1651,4399,2,7,65,74,1.1486486486486487,0.04973991010198834,627,You insisted on a table on the balcony
2359,4399,2,7,65,74,1.1486486486486487,0.04973991010198834,627,The pigeon here is delicious.
1966,4399,1,9,64,74,1.1486486486486487,0.04586747660388901,627,"I said  I wanted the ""wedge"" salad."
5495,4586,1,9,65,75,1.1466666666666667,0.045295161459604626,627,"So sorry , John.  I meant to type ""restaurants  with a little adge""."
1984,4586,3,5,67,75,1.1466666666666667,0.05265332251978381,627,Ouuu...Ohhhhhh....Nooooo...the toe....the middle one....the middle one......
4207,4586,0,11,64,75,1.1466666666666667,0.04112531205098986,627,I don’t know what that is.  You made me put away my phone.
3927,4586,2,7,66,75,1.1466666666666667,0.049112238922818546,627,I think you'll find the Poitrine de Pigeon particularly fresh tonight.
1284,4586,0,11,64,75,1.1466666666666667,0.04112531205098986,627,You did ask for a table with a view...
3232,4591,2,6,61,69,1.144927536231884,0.05171962876419153,627,The fallen chocolate cake is to die for.
980,4591,2,6,61,69,1.144927536231884,0.05171962876419153,627,"Sorry your table is so close to the edge
Pigeons might try to eat your bread
It's like a jungle sometimes
It makes me wonder how we keep from goin' under"
1452,4593,1,9,66,76,1.144736842105263,0.044736842105263165,627,...and may I suggest a soufflé for the sidewalk?
91,4593,2,7,67,76,1.144736842105263,0.048500126129049435,627,Can I get you folks something to drink to start off?
6050,4595,2,6,63,71,1.1408450704225352,0.05033399372892188,627,"Oh, I thought you said this restaurant had an edge."
4052,4595,0,10,61,71,1.1408450704225352,0.04157742116654289,627,Why are all their dishes some form of squab?
4090,4595,2,6,63,71,1.1408450704225352,0.05033399372892188,627,Plasticized salmon with Soilent Greens on special tonight.
4106,4595,0,10,61,71,1.1408450704225352,0.04157742116654289,627,I demand a 40 percent tip!
4151,4595,0,10,61,71,1.1408450704225352,0.04157742116654289,627,The special tonight is squab in peanut sauce.
4199,4595,2,6,63,71,1.1408450704225352,0.05033399372892188,627,Sorry..no straws...far too risky
4027,4595,2,6,63,71,1.1408450704225352,0.05033399372892188,627,Balcony tables without railings are the only ones left
4252,4595,0,10,61,71,1.1408450704225352,0.04157742116654289,627,The Last Supper
4287,4595,1,8,62,71,1.1408450704225352,0.046163800079517044,627,"Might I suggest the squab, it's hyper-locally sourced."
4333,4595,2,6,63,71,1.1408450704225352,0.05033399372892188,627,"No, we don't serve happiness here. Look within."
4384,4595,3,4,64,71,1.1408450704225352,0.05418418045541223,627,So how do you like our new al fresco terrace dining option?
4449,4595,1,8,62,71,1.1408450704225352,0.046163800079517044,627,You can select your own squab.
4462,4595,2,6,63,71,1.1408450704225352,0.05033399372892188,627,I see pigeon is still on the menu.
4579,4595,0,10,61,71,1.1408450704225352,0.04157742116654289,627,Eating out at the corner always makes me uneasy.
4609,4595,2,6,63,71,1.1408450704225352,0.05033399372892188,627,Sill or sparkling?
4625,4595,1,8,62,71,1.1408450704225352,0.046163800079517044,627,I love the smell of roofing tar in the evening.
4274,4595,1,8,62,71,1.1408450704225352,0.046163800079517044,627,We try to avoid being too edgy.
4016,4595,1,8,62,71,1.1408450704225352,0.046163800079517044,627,"Sir, madam, I do hope you enjoy being seated at the top table!"
3979,4595,1,8,62,71,1.1408450704225352,0.046163800079517044,627,Couldn’t you just “tell” me what it felt like when you asked me to marry you?
4701,4595,2,6,63,71,1.1408450704225352,0.05033399372892188,627,"The pigeons, Monsieur, have chosen this evening's second seating."
3362,4595,0,10,61,71,1.1408450704225352,0.04157742116654289,627,"I am sorry, sir, but we are out of the roast pigeon special."
3386,4595,1,8,62,71,1.1408450704225352,0.046163800079517044,627,Did your couples therapist tell you to start living on the edge?
3405,4595,0,10,61,71,1.1408450704225352,0.04157742116654289,627,Would you like to hear today's specials? They're cutting edge.
3439,4595,2,6,63,71,1.1408450704225352,0.05033399372892188,627,Did he say the crime burlee was to die for?
3461,4595,1,8,62,71,1.1408450704225352,0.046163800079517044,627,"Well sir, you did ask for a table that wasn’t too close to the kitchen"
3472,4595,1,8,62,71,1.1408450704225352,0.046163800079517044,627,"It's the urban ""Farm to Table"". We caught the pigeon, now they'll roast it for us."""
3660,4595,1,8,62,71,1.1408450704225352,0.046163800079517044,627,"When rating your experience here online, management asks that you refer to your meal as “elevated cuisine”"
3668,4595,2,6,63,71,1.1408450704225352,0.05033399372892188,627,"after the excellent review, we were fortunate to have gotten the last table."
3682,4595,1,8,62,71,1.1408450704225352,0.046163800079517044,627,"Madam, you ordered al dente not al fresco, and do not stand up!"
3762,4595,1,8,62,71,1.1408450704225352,0.046163800079517044,627,Don't move another damn inch.
3764,4595,1,8,62,71,1.1408450704225352,0.046163800079517044,627,Pardon the interruption. I'll bring another waiter.
3799,4595,0,10,61,71,1.1408450704225352,0.04157742116654289,627,This is what we mean by open air seating
3816,4595,0,10,61,71,1.1408450704225352,0.04157742116654289,627,The squab is quite fresh.
3830,4595,0,10,61,71,1.1408450704225352,0.04157742116654289,627,I'm thinking....choosing the buffet will be inconvenient
3940,4595,1,8,62,71,1.1408450704225352,0.046163800079517044,627,"You're right, this place is definitely edgy."
4002,4595,2,6,63,71,1.1408450704225352,0.05033399372892188,627,"Your husband insisted on a river-view table, madam."
4722,4595,2,6,63,71,1.1408450704225352,0.05033399372892188,627,"I've loved you for 50 years. If my wife finds out, she's kill me !"
4817,4595,2,6,63,71,1.1408450704225352,0.05033399372892188,627,Please note the prepay options listed for our al fresco diners.
6056,4595,0,10,61,71,1.1408450704225352,0.04157742116654289,627,""" A pigeon will be with you shortly to take your order."""
5610,4595,0,10,61,71,1.1408450704225352,0.04157742116654289,627,Would it be stating the obvious to suggest a generous tip?
3331,4595,2,6,63,71,1.1408450704225352,0.05033399372892188,627,Would you like those drinks before or after you ask for a divorce?
6400,4595,2,6,63,71,1.1408450704225352,0.05033399372892188,627,I have a new restaurant opening on a knife edge.
6274,4595,1,8,62,71,1.1408450704225352,0.046163800079517044,627,I might jump when I see the bill.
6199,4595,0,10,61,71,1.1408450704225352,0.04157742116654289,627,"Hurry up and make your decision, I need to go home for my dinner."
6151,4595,0,10,61,71,1.1408450704225352,0.04157742116654289,627,"Next time, I’m picking for date night. The draft up here is ridiculous."
5758,4595,2,6,63,71,1.1408450704225352,0.05033399372892188,627,The squab is especially fresh this evening
5762,4595,1,8,62,71,1.1408450704225352,0.046163800079517044,627,"in the opinion of the entire staff, this is for your own good."
5820,4595,2,6,63,71,1.1408450704225352,0.05033399372892188,627,May I recommend the free-roaming pigeon.
5849,4595,1,8,62,71,1.1408450704225352,0.046163800079517044,627,Fix your face.
5874,4595,2,6,63,71,1.1408450704225352,0.05033399372892188,627,"You DID say ""not by the kitchen""."
5953,4595,0,10,61,71,1.1408450704225352,0.04157742116654289,627,We take our no-tipping policy seriously.
5955,4595,1,8,62,71,1.1408450704225352,0.046163800079517044,627,We do have a lovely list of Fall specials for you.
6034,4595,0,10,61,71,1.1408450704225352,0.04157742116654289,627,Why do I get the feeling we're about to be dropped from the VIP list?
6035,4595,0,10,61,71,1.1408450704225352,0.04157742116654289,627,"The menu is entirely seafood, so it’s the only way we’ll get our security deposit back."
5606,4595,1,8,62,71,1.1408450704225352,0.046163800079517044,627,It's reserved for under the weather  customers.
5604,4595,2,6,63,71,1.1408450704225352,0.05033399372892188,627,Would you rather go back near the kitchen?
5537,4595,1,8,62,71,1.1408450704225352,0.046163800079517044,627,Welcome to Ledge Fun. My name is Bernie and our speciality tonight is veal scalponzini.
5462,4595,1,8,62,71,1.1408450704225352,0.046163800079517044,627,"I am sorry, smoking customers can only order from the limited choice menu."
4831,4595,2,6,63,71,1.1408450704225352,0.05033399372892188,627,Service will match the seating...as I have no arms.
4883,4595,1,8,62,71,1.1408450704225352,0.046163800079517044,627,You said you wanted a roofie.
4993,4595,1,8,62,71,1.1408450704225352,0.046163800079517044,627,You asked for outdoor seating
4995,4595,0,10,61,71,1.1408450704225352,0.04157742116654289,627,That's what you get for mentioning that you eat like a bird.
5086,4595,0,10,61,71,1.1408450704225352,0.04157742116654289,627,"Hey, you wanted a view . . food is extra."
5091,4595,0,10,61,71,1.1408450704225352,0.04157742116654289,627,``Our regular special is squab à la pigeon.``
5099,4595,1,8,62,71,1.1408450704225352,0.046163800079517044,627,You folks may want to consider our wonderful parachute specials on today's menu.
4789,4595,0,10,61,71,1.1408450704225352,0.04157742116654289,627,"And please, no tipping."
5104,4595,2,6,63,71,1.1408450704225352,0.05033399372892188,627,"I'm sorry, we don't serve pigeons here"
5201,4595,2,6,63,71,1.1408450704225352,0.05033399372892188,627,We've got to stop eating like this...
5223,4595,1,8,62,71,1.1408450704225352,0.046163800079517044,627,Our unobstructed view seats are payable in advance.
5229,4595,1,8,62,71,1.1408450704225352,0.046163800079517044,627,"He's my real estate agent, Al Fresko"
5283,4595,2,6,63,71,1.1408450704225352,0.05033399372892188,627,Order a la carte and I'll find room for you inside
5330,4595,2,6,63,71,1.1408450704225352,0.05033399372892188,627,"Tonight's special is Pigeon Dangereux.""


Catherine Barron, Fredericksburg, V"
5374,4595,1,8,62,71,1.1408450704225352,0.046163800079517044,627,We are out of the squab tonight.
5428,4595,1,8,62,71,1.1408450704225352,0.046163800079517044,627,I thought I told you last time; no dining outside on Thursdays!
5153,4595,2,6,63,71,1.1408450704225352,0.05033399372892188,627,"Yes, of course the Baked Pigeon Special is fresh. Why do you ask?"
3328,4595,3,4,64,71,1.1408450704225352,0.05418418045541223,627,"Hey your a Mermaid so does that mean your a maid if so can y do my laundry
Rob
No why would y ever think that by the way do it yourself 
Mermaid 
My gosh I had no idea mermaids were rude. 
Rob 
Well y insulted me
Mermaid"
1886,4595,0,10,61,71,1.1408450704225352,0.04157742116654289,627,I told you not to complain about sitting near the kitchen.
3182,4595,0,10,61,71,1.1408450704225352,0.04157742116654289,627,Are you finding the prices high?
1745,4595,2,6,63,71,1.1408450704225352,0.05033399372892188,627,"Our specials include Ditali Al Amatriciana, Fresh Dover Sole Meunierie and there is a 75% chance of rain"
1724,4595,1,8,62,71,1.1408450704225352,0.046163800079517044,627,What? I thought you said you were an adventurous couple.
1707,4595,3,4,64,71,1.1408450704225352,0.05418418045541223,627,Next time do not tip the concierge with Turkish lira when you ask for reservations at the finest rooftop restaurant in town.
1669,4595,0,10,61,71,1.1408450704225352,0.04157742116654289,627,"Just because a tip is not ""required"" does not mean it is not expected."
1569,4595,1,8,62,71,1.1408450704225352,0.046163800079517044,627,The amuse bouche is pigeon excrement.
1535,4595,1,8,62,71,1.1408450704225352,0.046163800079517044,627,Just don't look down.
1413,4595,1,8,62,71,1.1408450704225352,0.046163800079517044,627,"Just remember, the restroom is to my right.  I repeat ""TO MY RIGHT""!!!"
1007,4595,0,10,61,71,1.1408450704225352,0.04157742116654289,627,"Remember, the table is attached to the ledge, the chairs aren't."
996,4595,1,8,62,71,1.1408450704225352,0.046163800079517044,627,"Will you be having the ""skirt-the-ledge"" steak or the Bangers & Mash."
976,4595,2,6,63,71,1.1408450704225352,0.05033399372892188,627,"Yes, we too happy to have a smoking section to offer you."
887,4595,1,8,62,71,1.1408450704225352,0.046163800079517044,627,"Please sir and madam, hurry up and make your order, we have a line of people waiting for your table"
879,4595,2,6,63,71,1.1408450704225352,0.05033399372892188,627,This is our best view table.
862,4595,2,6,63,71,1.1408450704225352,0.05033399372892188,627,A buck tip doesn't cut it anymore.
860,4595,2,6,63,71,1.1408450704225352,0.05033399372892188,627,"Sir and Madam, we close in five minutes, so after that, you are   going to have to climb down."
734,4595,1,8,62,71,1.1408450704225352,0.046163800079517044,627,"Alice, did that guy say, ""move down, move down, again?"""
648,4595,2,6,63,71,1.1408450704225352,0.05033399372892188,627,"Tonight is the ""look before you leap"" two for one special."
635,4595,1,8,62,71,1.1408450704225352,0.046163800079517044,627,"Even though it is excellent, I wouldn't recommend the squab tonight.  Pigeons are quite vindictive."
591,4595,1,8,62,71,1.1408450704225352,0.046163800079517044,627,"Tipping back in chairs is discouraged. Otherwise, tipping in advance is encouraged."
531,4595,0,10,61,71,1.1408450704225352,0.04157742116654289,627,"With our soft open, we wanted to make sure to have some outside seating. As you can tell, there is ample room to mingle."
3275,4595,1,8,62,71,1.1408450704225352,0.046163800079517044,627,"Notice, please, our extensive selection of wines available by the glass, rather than by the bottle."
353,4595,1,8,62,71,1.1408450704225352,0.046163800079517044,627,So THIS is what the maitre d meant when he said the outdoor dining terrace was ‘very scenic’??!
344,4595,2,6,63,71,1.1408450704225352,0.05033399372892188,627,So what can I get you for your last meal?
325,4595,1,8,62,71,1.1408450704225352,0.046163800079517044,627,Let's just split dessert; the butterflies filled me up
291,4595,0,10,61,71,1.1408450704225352,0.04157742116654289,627,"Perhaps you remember sellecting 18% tip last time, rather than 20%?"
268,4595,0,10,61,71,1.1408450704225352,0.04157742116654289,627,We've asked Open Table to be a little more specific about our outdoor dining options.
161,4595,0,10,61,71,1.1408450704225352,0.04157742116654289,627,Our special tonight is pigeon. I bring out breadcrumbs  and  a habachi and you do the rest...
83,4595,1,8,62,71,1.1408450704225352,0.046163800079517044,627,"Oh this is very romantic Henry, but I wouldn’t order the grilled Pigeon."
1781,4595,0,10,61,71,1.1408450704225352,0.04157742116654289,627,Last time it was the subway. You two have no creativity whatsoever.
1862,4595,2,6,63,71,1.1408450704225352,0.05033399372892188,627,This is haute cuisine at its finest. We recommend the tasting menu to be accompanied by different flavoured Shirley Temples with each course.
521,4595,0,10,61,71,1.1408450704225352,0.04157742116654289,627,"... And tonight, our al fresco special is local free-range squab - right from our own window sills ...."
1930,4595,0,10,61,71,1.1408450704225352,0.04157742116654289,627,All our chef's specials for this evening are themed around Rock Dove.
3166,4595,1,8,62,71,1.1408450704225352,0.046163800079517044,627,The guidebook gives it 3 stars for the view.
3139,4595,1,8,62,71,1.1408450704225352,0.046163800079517044,627,"My mistake dear...when they said the prices here were on the high edge, I DIDN' T TAKE IT LITERALLY!"
3077,4595,1,8,62,71,1.1408450704225352,0.046163800079517044,627,Tonight's special will probably alight shortly.
2804,4595,1,8,62,71,1.1408450704225352,0.046163800079517044,627,Excellent choice sir. This entre truly pushed the last customer over the edge
2796,4595,1,8,62,71,1.1408450704225352,0.046163800079517044,627,"Mislead? Mais non! Well, how would you define ""al fresco""?"
2786,4595,0,10,61,71,1.1408450704225352,0.04157742116654289,627,If you don't want to dine in we can show you our drop off menu.
2780,4595,1,8,62,71,1.1408450704225352,0.046163800079517044,627,"What did you expect from a restaurant named ""L'Edge""?"
2759,4595,1,8,62,71,1.1408450704225352,0.046163800079517044,627,"""Okay, but you have to pay before the appetizers get here."
2689,4595,2,6,63,71,1.1408450704225352,0.05033399372892188,627,"Too late for our early bird special, but there's still take-out"
2623,4595,1,8,62,71,1.1408450704225352,0.046163800079517044,627,"Honey, when I said ""let's try something edgier"", this wasn't quite what I had in mind."
2574,4595,1,8,62,71,1.1408450704225352,0.046163800079517044,627,"Other than the window washer incident, we've not had any issues with dining and dashing."
2564,4595,1,8,62,71,1.1408450704225352,0.046163800079517044,627,Our special this evening is a little edgy as well.
2561,4595,2,6,63,71,1.1408450704225352,0.05033399372892188,627,"At Le Bord Café we offer many life threatening experiences, I would not recommend the fish."
2996,4595,1,8,62,71,1.1408450704225352,0.046163800079517044,627,"Mr. Fresco, or ""Al"" if you prefer, we take our food, and our reservations, very seriously."
2445,4595,1,8,62,71,1.1408450704225352,0.046163800079517044,627,The seats are known to make you digest faster.
2533,4595,1,8,62,71,1.1408450704225352,0.046163800079517044,627,"The cuisine is on the edgy side and obviously for the adventurous, but pigeon dropping soup?"
1990,4595,1,8,62,71,1.1408450704225352,0.046163800079517044,627,I think this new Danny Meyer pop up restaurant is a little too out there.
1995,4595,3,4,64,71,1.1408450704225352,0.05418418045541223,627,Order and eat quickly.  There's a guy hanging from a clock right above you!
2045,4595,1,8,62,71,1.1408450704225352,0.046163800079517044,627,Well you Did ask for a table on the Terrace ...
2070,4595,0,10,61,71,1.1408450704225352,0.04157742116654289,627,We have limited patio seating tonight.
2074,4595,2,6,63,71,1.1408450704225352,0.05033399372892188,627,"The locally raised poultry dishes
 don't appeal to me"
2043,4595,1,8,62,71,1.1408450704225352,0.046163800079517044,627,Gee - these prices are kind of high..
2129,4595,0,10,61,71,1.1408450704225352,0.04157742116654289,627,You said you wanted to try something on the cutting edge of culinary indulgence.
2154,4595,1,8,62,71,1.1408450704225352,0.046163800079517044,627,"Now is not the time to bring up your mother, dear."
2263,4595,2,6,63,71,1.1408450704225352,0.05033399372892188,627,"If you're willing to take a risk, I recommend the three-bean salad to start."
2376,4595,1,8,62,71,1.1408450704225352,0.046163800079517044,627,There is no extra charge if your decide to jump.
2431,4595,2,6,63,71,1.1408450704225352,0.05033399372892188,627,"Your options this evening are James Taylor, Carole King, or the Drifters."
2127,4595,0,10,61,71,1.1408450704225352,0.04157742116654289,627,"Well, not everyone can get fresh air seats at this very busy restaurant!"
4215,4732,1,8,63,72,1.1388888888888888,0.04556013565281042,627,"The chef says if you stop asking if he can make dishes with ""an extry blast of tabasky,"" you can come back in."
3895,4732,0,10,62,72,1.1388888888888888,0.04104253469235572,627,"Chef remembered your last dinner here. . . you know, when you returned the halibut . . . . ."
4186,4732,1,8,63,72,1.1388888888888888,0.04556013565281042,627,The Squab is impeccably fresh.
4163,4732,1,8,63,72,1.1388888888888888,0.04556013565281042,627,I think I’ll have the locally sourced squab.
4114,4732,0,10,62,72,1.1388888888888888,0.04104253469235572,627,"So, you both would like two suicidal New Yorks medium rare?"
4089,4732,2,6,64,72,1.1388888888888888,0.04966852391033734,627,"Note Chef’s thoughtful pairings of entrees to intentions... for those who expect to jump, push, be pushed, or (ha! my favorite) ‘Chicken Out’!"
4049,4732,0,10,62,72,1.1388888888888888,0.04104253469235572,627,You asked not to be near the kitchen.
4020,4732,0,10,62,72,1.1388888888888888,0.04104253469235572,627,Don't try that parachute getaway like you did last time.
4006,4732,0,10,62,72,1.1388888888888888,0.04104253469235572,627,"The people all stood aghast, and dared not move."
3748,4732,2,6,64,72,1.1388888888888888,0.04966852391033734,627,"As you probably know, we serve our edgier dishes out there."
3372,4732,1,8,63,72,1.1388888888888888,0.04556013565281042,627,Welcome to the suicide chef's table.
3678,4732,3,4,65,72,1.1388888888888888,0.05346212279886589,627,Can I start you off with some Klonopins?
3597,4732,0,10,62,72,1.1388888888888888,0.04104253469235572,627,"May I suggest the ballotine de pigeon, the pigeon pastilla, roast pigeon, or fried baby pigeon?"
3580,4732,0,10,62,72,1.1388888888888888,0.04104253469235572,627,"You're right. the view is breathtaking."""
3478,4732,2,6,64,72,1.1388888888888888,0.04966852391033734,627,Our menu tonight celebrates the local with our freshly caught pigeon.
3403,4732,2,6,64,72,1.1388888888888888,0.04966852391033734,627,No pidgeon? Surprising.
3311,4732,0,10,62,72,1.1388888888888888,0.04104253469235572,627,"Adrenaline is the best appetizer, would you like that served with a sprinkle of acrophobia as well?"
3109,4732,1,8,63,72,1.1388888888888888,0.04556013565281042,627,Do ignore the onlookers below. Some diners last night had too many drinks.
3003,4732,1,8,63,72,1.1388888888888888,0.04556013565281042,627,"Just FYI, the people next door ordered the coq au vin."
4307,4732,2,6,64,72,1.1388888888888888,0.04966852391033734,627,Our Early Bird Special is Squab....
3722,4732,3,4,65,72,1.1388888888888888,0.05346212279886589,627,I'd suggest you stay away from the suicide wings.
4377,4732,0,10,62,72,1.1388888888888888,0.04104253469235572,627,Might I recommend the parachute.
5157,4732,2,6,64,72,1.1388888888888888,0.04966852391033734,627,"Welcome to your new timeshare, with three equally-thrilling dining experiences."
4402,4732,1,8,63,72,1.1388888888888888,0.04556013565281042,627,"May I suggest tonight's special - locally sourced roast, stuffed pigeon - in our ""city to table"" tradition"
4734,4732,2,6,64,72,1.1388888888888888,0.04966852391033734,627,"Thank you for the fresh pigeon, sir. The dinner will be right out."
4855,4732,1,8,63,72,1.1388888888888888,0.04556013565281042,627,"No, that wasn't a typo.  It was supposed to be ""ledge.:"
4930,4732,1,8,63,72,1.1388888888888888,0.04556013565281042,627,"The ""soup Nazi"" on Seinfeld just kicked them out if he was angry!"
4952,4732,2,6,64,72,1.1388888888888888,0.04966852391033734,627,"Well, what do you expect when you order the roasted squab?"
4970,4732,0,10,62,72,1.1388888888888888,0.04104253469235572,627,The squab comes free.
5096,4732,1,8,63,72,1.1388888888888888,0.04556013565281042,627,"When this old world stops getting you down, we do also offer an excellent dining room"
5123,4732,0,10,62,72,1.1388888888888888,0.04104253469235572,627,The special is tarte aux pigeons.
5143,4732,1,8,63,72,1.1388888888888888,0.04556013565281042,627,We don't recommend any wine at this table.
3000,4732,2,6,64,72,1.1388888888888888,0.04966852391033734,627,We are an edgy new restaurant. Maybe you aren't ready for us.
4378,4732,0,10,62,72,1.1388888888888888,0.04104253469235572,627,"Adieu la vie, adieu la vie, soon you will be where the wine is free.
Now, can I take your order?"
5501,4732,0,10,62,72,1.1388888888888888,0.04104253469235572,627,Our chef recommends the pigeon breasts. They are served with a view.
5765,4732,2,6,64,72,1.1388888888888888,0.04966852391033734,627,"Don’t look now, Jerry, but that creepy neighbor is watching us again. Don’t look DON’T LOOK. Just try pretending to be engrossed in these pamphlets.” She raised her voice slightly, then. “So interesting what the Watchtower writes, isn’t it, Jerry?"
6001,4732,0,10,62,72,1.1388888888888888,0.04104253469235572,627,I’ve heard the squab is to die for.
6310,4732,3,4,65,72,1.1388888888888888,0.05346212279886589,627,I said we'd be eating high on the HOG.
6316,4732,1,8,63,72,1.1388888888888888,0.04556013565281042,627,"Excuse me, folks. The bartender says the drinks are on him if you’ll come back inside."
4705,4732,1,8,63,72,1.1388888888888888,0.04556013565281042,627,Do not order off the menu
6492,4732,0,10,62,72,1.1388888888888888,0.04104253469235572,627,May I suggest an appetizer of the locally-sourced sauteed pigeon?
4641,4732,2,6,64,72,1.1388888888888888,0.04966852391033734,627,This is the ultimate in haute cuisine.
4618,4732,0,10,62,72,1.1388888888888888,0.04104253469235572,627,Are these real hamburgers or surrealist ones...
4505,4732,1,8,63,72,1.1388888888888888,0.04556013565281042,627,"Just to be clear, we have a no tipping policy at this restaurant."
5737,4732,0,10,62,72,1.1388888888888888,0.04104253469235572,627,Is your squab local and gluten- free?
2855,4732,0,10,62,72,1.1388888888888888,0.04104253469235572,627,"Our specials are roasted pigeon, stuffed pigeon and pigeon pie."
119,4732,1,8,63,72,1.1388888888888888,0.04556013565281042,627,"You did request smoking al fresco section in your reservation notes."""
2566,4732,2,6,64,72,1.1388888888888888,0.04966852391033734,627,My personal favorite is the air-dried urban pigeon.
2744,4732,0,10,62,72,1.1388888888888888,0.04104253469235572,627,"I assure you, there is no way he can unscrew the terrace from his bedroom window."
96,4732,1,8,63,72,1.1388888888888888,0.04556013565281042,627,"I thought we were meeting your friend, Al Fresco."
209,4732,0,10,62,72,1.1388888888888888,0.04104253469235572,627,But Monsieur asked for a table by the window...
333,4732,1,8,63,72,1.1388888888888888,0.04556013565281042,627,Welcome to the Black Monday patio.
526,4732,1,8,63,72,1.1388888888888888,0.04556013565281042,627,I do not recommend the Pigeonneau tonight as there have been threats of reprisal.
551,4732,1,8,63,72,1.1388888888888888,0.04556013565281042,627,"Is this your first visit to ""Out on a Limb""?"
736,4732,1,8,63,72,1.1388888888888888,0.04556013565281042,627,The two-top by the restrooms is still available. Just say the word.
756,4732,1,8,63,72,1.1388888888888888,0.04556013565281042,627,There's an outside chance you'll be charged more.
1017,4732,0,10,62,72,1.1388888888888888,0.04104253469235572,627,And for an extra 75 dollars all entrees come with a net.
1102,4732,0,10,62,72,1.1388888888888888,0.04104253469235572,627,Can I start you off this evening with a safety net?
1127,4732,1,8,63,72,1.1388888888888888,0.04556013565281042,627,"May I suggest the stuffed homing pigeon?  They're very fresh, just arrived from Central Park."
1180,4732,2,6,64,72,1.1388888888888888,0.04966852391033734,627,I've heard of rooftop dining but this is ridiculous.
1197,4732,2,6,64,72,1.1388888888888888,0.04966852391033734,627,"Huh, the open table didn’t mention this..."
1255,4732,0,10,62,72,1.1388888888888888,0.04104253469235572,627,Would you like the pigeon poop soup?
381,4732,2,6,64,72,1.1388888888888888,0.04966852391033734,627,I have to be honest. These are the most complicated suicide rescue measures I've ever taken.
1370,4732,1,8,63,72,1.1388888888888888,0.04556013565281042,627,"During your time-out, we gave your table to people more likely to order an appetizer, the special and our signature drink."
2495,4732,0,10,62,72,1.1388888888888888,0.04104253469235572,627,"Just jump, you pussy."
1353,4732,0,10,62,72,1.1388888888888888,0.04104253469235572,627,This wouldn’t have happened if you used Yelp!
2477,4732,1,8,63,72,1.1388888888888888,0.04556013565281042,627,Which one of you ordered the hitman dressed as a waiter?
2378,4732,0,10,62,72,1.1388888888888888,0.04104253469235572,627,You said you didn't want to be anywhere
2267,4732,1,8,63,72,1.1388888888888888,0.04556013565281042,627,We're known for our squab.
2174,4732,1,8,63,72,1.1388888888888888,0.04556013565281042,627,"No, that was the stuffed peppers."
2384,4732,0,10,62,72,1.1388888888888888,0.04104253469235572,627,"honey, are you sure this is the place Susan told you about?"
2051,4732,1,8,63,72,1.1388888888888888,0.04556013565281042,627,The upside down cake would be a little risky
1851,4732,3,4,65,72,1.1388888888888888,0.05346212279886589,627,"May I recommend the pigeon, madam?"
1515,4732,1,8,63,72,1.1388888888888888,0.04556013565281042,627,One star? You  better yelp for help.
1624,4732,1,8,63,72,1.1388888888888888,0.04556013565281042,627,Sparkling or flat?
1619,4732,0,10,62,72,1.1388888888888888,0.04104253469235572,627,I'm afraid we're all out of squab.
1587,4732,1,8,63,72,1.1388888888888888,0.04556013565281042,627,Maybe next time you'll wait till you're called.
2160,4732,0,10,62,72,1.1388888888888888,0.04104253469235572,627,"Honey, are you feeling a little on edge?"
1683,4810,1,8,64,73,1.1369863013698631,0.04497195343285892,627,I'm thinking three star rating.
4091,4810,1,8,64,73,1.1369863013698631,0.04497195343285892,627,This takes alfresco dining to a new level.
5449,4812,2,5,59,66,1.1363636363636365,0.052385355506078195,627,"This is the only "" Romantic Hideaway ""table that we have."
4246,4813,1,7,60,68,1.1323529411764706,0.0463998528118308,627,It's not called a tip for nothing.
4194,4813,0,9,59,68,1.1323529411764706,0.0414000577075105,627,"Waiter: We are sorry for the inconvenience, but this is the only Vape-Free zone in the building."
4209,4813,0,9,59,68,1.1323529411764706,0.0414000577075105,627,Could I suggest a lighter wine.
4208,4813,0,9,59,68,1.1323529411764706,0.0414000577075105,627,"Sorry, Sir. That's the Aves' table, --- grains only. You'll have to come back inside if you want to order from the menu."
4263,4813,0,9,59,68,1.1323529411764706,0.0414000577075105,627,Yes! The roasted pigeon is fresh from the roof
4240,4813,0,9,59,68,1.1323529411764706,0.0414000577075105,627,Welcome to Al’s Haute Fresco Cuisine...my name is Fraido and I’ll be your server this evening
4192,4813,0,9,59,68,1.1323529411764706,0.0414000577075105,627,I made sure to get you a table with a view
4099,4813,2,5,61,68,1.1323529411764706,0.05091098018830443,627,"Will madame and monsieur be dining and dashing again this evening? Go ahead, make my day!"
4165,4813,3,3,62,68,1.1323529411764706,0.055053696211138176,627,Is this your first time plummeting to your death with us?
4143,4813,0,9,59,68,1.1323529411764706,0.0414000577075105,627,"Darling, the ladies room is straight back & to the right"
4141,4813,2,5,61,68,1.1323529411764706,0.05091098018830443,627,"-  We're currently having trouble catching your selection, sir. Would you mind choosing a different pigeon from our fine ledge?"
4132,4813,3,3,62,68,1.1323529411764706,0.055053696211138176,627,"This wasn't what I expected when I signed 
up for ""Dinner with Cupid""."
4124,4813,1,7,60,68,1.1323529411764706,0.0463998528118308,627,Our special today is pigeon cassoulet.
4084,4813,0,9,59,68,1.1323529411764706,0.0414000577075105,627,You having pigeon again?
4083,4813,0,9,59,68,1.1323529411764706,0.0414000577075105,627,I hear the squab is VERY fresh!
4076,4813,1,7,60,68,1.1323529411764706,0.0463998528118308,627,Our specialty is pigeon soup.
4071,4813,0,9,59,68,1.1323529411764706,0.0414000577075105,627,"When I suggested we dine al fresco, I had something else in mind!"
4273,4813,1,7,60,68,1.1323529411764706,0.0463998528118308,627,"Many a tear has to fall, but it's all in the game."
4183,4813,2,5,61,68,1.1323529411764706,0.05091098018830443,627,"The ""pigeon breast with capers, olives, and herb pan sauce"" is our uber-locavore special for the evening."
4340,4813,1,7,60,68,1.1323529411764706,0.0463998528118308,627,Your drone will be here shortly
4515,4813,2,5,61,68,1.1323529411764706,0.05091098018830443,627,"I said an enchanted 'evening'... eave-fling isn't even a word"""
4387,4813,1,7,60,68,1.1323529411764706,0.0463998528118308,627,The menu this evening is edgy.
6479,4813,0,9,59,68,1.1323529411764706,0.0414000577075105,627,We do need to rethink date night.
4696,4813,1,7,60,68,1.1323529411764706,0.0463998528118308,627,This is what happens when you are annoyingly insistent we are seated outside!
4611,4813,0,9,59,68,1.1323529411764706,0.0414000577075105,627,Perhaps you would like to try the buffet?
4583,4813,2,5,61,68,1.1323529411764706,0.05091098018830443,627,"Rather high-priced, don’t you think?"
4580,4813,0,9,59,68,1.1323529411764706,0.0414000577075105,627,We were having a problem with dine and dashes.
4578,4813,1,7,60,68,1.1323529411764706,0.0463998528118308,627,The pigeon is very popular tonight.
4542,4813,0,9,59,68,1.1323529411764706,0.0414000577075105,627,Sorry but the chef said he can't substitute fries for a fear of heights.
4520,4813,0,9,59,68,1.1323529411764706,0.0414000577075105,627,"Hope you brought your own dinner, 'cause I don't do ledges!"
4070,4813,3,3,62,68,1.1323529411764706,0.055053696211138176,627,I recommend the viaticum.
4514,4813,0,9,59,68,1.1323529411764706,0.0414000577075105,627,How about a rope ladder to go with your sidecars?
4497,4813,1,7,60,68,1.1323529411764706,0.0463998528118308,627,Welcome to Chez Plummet. Here are today's specials...
4487,4813,0,9,59,68,1.1323529411764706,0.0414000577075105,627,"I'll miss your mom, but that's the third time she crashed Date Night."
4470,4813,0,9,59,68,1.1323529411764706,0.0414000577075105,627,"You have to admit, the view is spectacular."
4468,4813,2,5,61,68,1.1323529411764706,0.05091098018830443,627,May I suggest the veal?  It
4463,4813,1,7,60,68,1.1323529411764706,0.0463998528118308,627,"I don't see anything on this menu worth taking a picture of and sharing online, regardless of how it tastes."
4457,4813,2,5,61,68,1.1323529411764706,0.05091098018830443,627,They say the squab here is to die for.
4441,4813,2,5,61,68,1.1323529411764706,0.05091098018830443,627,Do you need a minute?
4438,4813,0,9,59,68,1.1323529411764706,0.0414000577075105,627,The maitre d’ overheard you say they always treat people like a flock of hungry pigeons in this place.
4421,4813,0,9,59,68,1.1323529411764706,0.0414000577075105,627,We’re known for our drafts.
4348,4813,0,9,59,68,1.1323529411764706,0.0414000577075105,627,"This evening’s special is pigeon al fresco, served buffet style here at the window. The chef recommends a very light aperitif."
4058,4813,0,9,59,68,1.1323529411764706,0.0414000577075105,627,"Our special tonight is, pigeon carpaccio!"
3741,4813,2,5,61,68,1.1323529411764706,0.05091098018830443,627,I swear their Yelp page said there was plenty of seating...
4021,4813,1,7,60,68,1.1323529411764706,0.0463998528118308,627,This is how we keep our corkage fee so low.
3488,4813,1,7,60,68,1.1323529411764706,0.0463998528118308,627,Deerhunter's set at LPR was totally different than the one at Glasslands.
3476,4813,0,9,59,68,1.1323529411764706,0.0414000577075105,627,"If the food is bad, do we jump before the check arrives?"
3459,4813,1,7,60,68,1.1323529411764706,0.0463998528118308,627,The only reason I didn’t jump is because I became so hungry...that’s how I got the idea”
3408,4813,1,7,60,68,1.1323529411764706,0.0463998528118308,627,Am I going out on a ledge here? How about we go Dutch?
3394,4813,0,9,59,68,1.1323529411764706,0.0414000577075105,627,The chef's special tonight is squab.
3385,4813,0,9,59,68,1.1323529411764706,0.0414000577075105,627,Our specials tonight include linguini in pesto and a parachute.
3382,4813,2,5,61,68,1.1323529411764706,0.05091098018830443,627,"Waiter- 'The best thing about glasses is people can't tell if you are watching them.""  Man- ""Dear, why does that waiter keep staring at us? His reading glasses make his eyes look huge!"""
3377,4813,0,9,59,68,1.1323529411764706,0.0414000577075105,627,How is everything here in the smoking section?
3374,4813,1,7,60,68,1.1323529411764706,0.0463998528118308,627,This takes ‘your last meal’ to a whole other level.
3336,4813,2,5,61,68,1.1323529411764706,0.05091098018830443,627,"Didn't you read the review?  It says ""Chez Ledge is a little edgy."""
3329,4813,1,7,60,68,1.1323529411764706,0.0463998528118308,627,May I recommend the pidgeoni supremo?
3318,4813,2,5,61,68,1.1323529411764706,0.05091098018830443,627,"The pigeon is roasted with a side of potatoes Anna, garlic spinach and a caution not to move your chairs without supervision."
3308,4813,1,7,60,68,1.1323529411764706,0.0463998528118308,627,We have trained pigeons that will garnish your meal - for the real farm to table experience.
3274,4813,0,9,59,68,1.1323529411764706,0.0414000577075105,627,Not what she looked like on her Tinder page?
3234,4813,1,7,60,68,1.1323529411764706,0.0463998528118308,627,Would you like them over easy or sunny side up?
3233,4813,2,5,61,68,1.1323529411764706,0.05091098018830443,627,would you like this to go?
3202,4813,2,5,61,68,1.1323529411764706,0.05091098018830443,627,This is the only table they had?
3197,4813,1,7,60,68,1.1323529411764706,0.0463998528118308,627,"Easy table to clean, eh?"
3185,4813,2,5,61,68,1.1323529411764706,0.05091098018830443,627,"If you upgraded to 4G, the food would've been here by now."
3500,4813,0,9,59,68,1.1323529411764706,0.0414000577075105,627,"The menu may look plain, but I assure you the chef elevates every dish."
3536,4813,0,9,59,68,1.1323529411764706,0.0414000577075105,627,You reserved a table for two with a view.
3538,4813,2,5,61,68,1.1323529411764706,0.05091098018830443,627,I recommend Pigeon L'orange with the garden medley from our green roof.
3571,4813,0,9,59,68,1.1323529411764706,0.0414000577075105,627,"Despite what Washington might say, our ""Seat Yourself"" policy still has limits."
4019,4813,1,7,60,68,1.1323529411764706,0.0463998528118308,627,"You folks MUST try the risotto, it's to die for..."
4013,4813,0,9,59,68,1.1323529411764706,0.0414000577075105,627,Small plates only tonight.
3920,4813,0,9,59,68,1.1323529411764706,0.0414000577075105,627,"Well honey, you did want a table with a view."
3889,4813,1,7,60,68,1.1323529411764706,0.0463998528118308,627,They say the ginger chicken can cure vertigo.
3868,4813,1,7,60,68,1.1323529411764706,0.0463998528118308,627,"It’s our scariest table,"
3860,4813,0,9,59,68,1.1323529411764706,0.0414000577075105,627,They say the food here is very edgy.
3847,4813,1,7,60,68,1.1323529411764706,0.0463998528118308,627,"The house specialty is egg drop soup, served al fresco"
3836,4813,0,9,59,68,1.1323529411764706,0.0414000577075105,627,"Kvetch, kvetch! You asked for outdoor seating!"
3833,4813,2,5,61,68,1.1323529411764706,0.05091098018830443,627,I think I’d still prefer a falafel.
4040,4813,3,3,62,68,1.1323529411764706,0.055053696211138176,627,My name is Otis – I will be piloting your delivery drone this evening.
3805,4813,2,5,61,68,1.1323529411764706,0.05091098018830443,627,"Until this place opened, I had to date exclusively within the administration"
3773,4813,0,9,59,68,1.1323529411764706,0.0414000577075105,627,When you folks phoned for reservations what exactly did the hotline say?
3744,4813,1,7,60,68,1.1323529411764706,0.0463998528118308,627,"If you insist on dining outside, when the cops come, invite them to dinner."
3742,4813,2,5,61,68,1.1323529411764706,0.05091098018830443,627,"Yes, the lobster is fresh. It jumped this afternoon."
4697,4813,0,9,59,68,1.1323529411764706,0.0414000577075105,627,"I usually eat vegan, but, today, I’ll try something edgier."
3720,4813,2,5,61,68,1.1323529411764706,0.05091098018830443,627,...and tonight's fresh catch is a delightful boiled pigeon.
3701,4813,0,9,59,68,1.1323529411764706,0.0414000577075105,627,"He was petrified of heights but the prospect of living an empty, lonely, childless life prompted an agreement to a date with a woman who lived life on the edge."
3684,4813,1,7,60,68,1.1323529411764706,0.0463998528118308,627,This is not what I meant when I said I wanted to live life on the edge.
3671,4813,0,9,59,68,1.1323529411764706,0.0414000577075105,627,Would you prefer the edgy menu?
3613,4813,0,9,59,68,1.1323529411764706,0.0414000577075105,627,The poached pigeon sounds good.
3789,4813,0,9,59,68,1.1323529411764706,0.0414000577075105,627,"The special for today is squab."""
4713,4813,2,5,61,68,1.1323529411764706,0.05091098018830443,627,The bird's nest soup is a house specialty.
5092,4813,1,7,60,68,1.1323529411764706,0.0463998528118308,627,You had to ask for the take out menu!
4763,4813,0,9,59,68,1.1323529411764706,0.0414000577075105,627,"Not recommending the one star review, it seems a bit off this evening."
6074,4813,1,7,60,68,1.1323529411764706,0.0463998528118308,627,"If you think this is bad, wait until you taste the food."
6066,4813,2,5,61,68,1.1323529411764706,0.05091098018830443,627,"Psst! Babe, this place has zero Yelp reviews..."
6039,4813,1,7,60,68,1.1323529411764706,0.0463998528118308,627,"Would you like to hear about our ""Spice Up Your Marriage Specials?"" tonight?"
6038,4813,1,7,60,68,1.1323529411764706,0.0463998528118308,627,I think it’s a little too much just because we were late for your mother’s birthday dinner.
6022,4813,0,9,59,68,1.1323529411764706,0.0414000577075105,627,"No chicken, no eggs. The pigeons find them fowl."
5972,4813,2,5,61,68,1.1323529411764706,0.05091098018830443,627,foodguro123
5948,4813,0,9,59,68,1.1323529411764706,0.0414000577075105,627,For some reason I feel you’re trying to tell me our relation in on the edge.
5910,4813,1,7,60,68,1.1323529411764706,0.0463998528118308,627,I guess we missed the 'outside seating only' on the Groupon coupon.
5887,4813,0,9,59,68,1.1323529411764706,0.0414000577075105,627,I trust the elevated cuisine will make up for my airiness.
5864,4813,0,9,59,68,1.1323529411764706,0.0414000577075105,627,There's an additional service charge for table service.
5858,4813,1,7,60,68,1.1323529411764706,0.0463998528118308,627,Ze Chef's speciality of ze evening is ze do-it-yourself freshly caught Pigeon carpaccio!  C'est tres merveilleux!
5825,4813,1,7,60,68,1.1323529411764706,0.0463998528118308,627,Might I recommend the Pigeon de jour?
5817,4813,0,9,59,68,1.1323529411764706,0.0414000577075105,627,Of course he's eavesdropping.
5781,4813,0,9,59,68,1.1323529411764706,0.0414000577075105,627,"This is our specially reserved section for those who like to live life on de ledge, bon apetite!"
5774,4813,0,9,59,68,1.1323529411764706,0.0414000577075105,627,They seat only their best tippers here.”
5757,4813,2,5,61,68,1.1323529411764706,0.05091098018830443,627,The pidgeon is excellent.
5751,4813,2,5,61,68,1.1323529411764706,0.05091098018830443,627,"Tonight's Special: 
Freshly-Foraged Vertigo 
- &  -
Ethically-Sourced Smog
paired with
Small-Batch Regret 
on a 
Local Artisanal Recommendation."
5741,4813,1,7,60,68,1.1323529411764706,0.0463998528118308,627,"The soupe du jour?  
Pigeon poop soup, madame."
5687,4813,1,7,60,68,1.1323529411764706,0.0463998528118308,627,It’s the best seat not in the house.
6076,4813,1,7,60,68,1.1323529411764706,0.0463998528118308,627,The Special today is ledge-to-table grilled pigeons.
5682,4813,1,7,60,68,1.1323529411764706,0.0463998528118308,627,"Can I smoke out here?""
""Lol, no"
6090,4813,1,7,60,68,1.1323529411764706,0.0463998528118308,627,May I recommend the parachute?
6128,4813,0,9,59,68,1.1323529411764706,0.0414000577075105,627,"See, if you have connections, you can always get a reservation."
6213,4813,1,7,60,68,1.1323529411764706,0.0463998528118308,627,Might I suggest a grappling hook?
6212,4813,1,7,60,68,1.1323529411764706,0.0463998528118308,627,Well what would you order if it was your last meal?
6189,4813,1,7,60,68,1.1323529411764706,0.0463998528118308,627,Would you mind leaping by 7:45? Free dessert if you can swing it a little earlier.
6226,4813,1,7,60,68,1.1323529411764706,0.0463998528118308,627,"Well, you did ask for an outdoor table..."
3178,4813,1,7,60,68,1.1323529411764706,0.0463998528118308,627,The pigeon is excellent tonight!
6231,4813,0,9,59,68,1.1323529411764706,0.0414000577075105,627,The chef recommends you should not order the squab
6240,4813,0,9,59,68,1.1323529411764706,0.0414000577075105,627,"You wanted a table with a waiter. Your got it, Mr. Youngman."
6247,4813,1,7,60,68,1.1323529411764706,0.0463998528118308,627,"Yes, the prices are obscene, but the presentations are amazing.

Clay F. Semenkovich. St. Louis, Mo."
6263,4813,0,9,59,68,1.1323529411764706,0.0414000577075105,627,"Ironically, our special this evening is squab."
6278,4813,1,7,60,68,1.1323529411764706,0.0463998528118308,627,Let's not go overboard on drinks tonight.
6378,4813,1,7,60,68,1.1323529411764706,0.0463998528118308,627,"""Our last al fresco diner was a Mr. Vey. He carved his name in the ledge there before plunging to his death."
6385,4813,2,5,61,68,1.1323529411764706,0.05091098018830443,627,The atmosphere in this restaurant is to die for.
6407,4813,0,9,59,68,1.1323529411764706,0.0414000577075105,627,May I recommend the vinegar and gargoyle dressing?
6453,4813,1,7,60,68,1.1323529411764706,0.0463998528118308,627,I would recommend the heavier items since the wind is picking up a bit.
6471,4813,0,9,59,68,1.1323529411764706,0.0414000577075105,627,Might I recommend the pigeon?  It's locally raised.
6168,4813,1,7,60,68,1.1323529411764706,0.0463998528118308,627,I would stay away from soup. It's too hard to catch.
6144,4813,0,9,59,68,1.1323529411764706,0.0414000577075105,627,I just love the atmosphere in this place
6143,4813,0,9,59,68,1.1323529411764706,0.0414000577075105,627,Nothing quite like patio season.
6139,4813,1,7,60,68,1.1323529411764706,0.0463998528118308,627,May I suggest the coq au smog?
6104,4813,0,9,59,68,1.1323529411764706,0.0414000577075105,627,"If you need to get up, I will be happy to move the table."
5675,4813,1,7,60,68,1.1323529411764706,0.0463998528118308,627,I see you're seated in the non-tipping section. But I am wearing deodorant.
5645,4813,1,7,60,68,1.1323529411764706,0.0463998528118308,627,“Our Special of the Day is Pigeon Hit The Glass.”
5630,4813,1,7,60,68,1.1323529411764706,0.0463998528118308,627,"See, no banana split on the dessert menu."
5216,4813,0,9,59,68,1.1323529411764706,0.0414000577075105,627,Could I move you back a bit?
5158,4813,0,9,59,68,1.1323529411764706,0.0414000577075105,627,Your ashtray will be here as soon as we can find one.
5142,4813,0,9,59,68,1.1323529411764706,0.0414000577075105,627,"Yes, I’ll have the pidgeon, preferably the one right there."
5126,4813,0,9,59,68,1.1323529411764706,0.0414000577075105,627,This date wouldn’t get worse.  We already jumped out of the window.
5105,4813,1,7,60,68,1.1323529411764706,0.0463998528118308,627,May I recommend the Boeuf en Parachute
5084,4813,1,7,60,68,1.1323529411764706,0.0463998528118308,627,Next time you might wanna make advanced reservations.
5078,4813,1,7,60,68,1.1323529411764706,0.0463998528118308,627,Our menu is also a bit edgy
5074,4813,0,9,59,68,1.1323529411764706,0.0414000577075105,627,It's this or next to the kitchen door.
5030,4813,1,7,60,68,1.1323529411764706,0.0463998528118308,627,"...and the special this evening is pigeon, locally caught."
4986,4813,1,7,60,68,1.1323529411764706,0.0463998528118308,627,I hear the new chef’s menu is a real leap of faith
4962,4813,1,7,60,68,1.1323529411764706,0.0463998528118308,627,"Sir, this is why the Restaurant name is ""Over the Abysm"""
4942,4813,0,9,59,68,1.1323529411764706,0.0414000577075105,627,Our specials tonight include very fresh pigeon.
4932,4813,0,9,59,68,1.1323529411764706,0.0414000577075105,627,The special tonight is a pan-fried awkwardness drived from not looking at your cell phones.
4928,4813,1,7,60,68,1.1323529411764706,0.0463998528118308,627,New York City finally found a solution to the pigeon problem.
4906,4813,1,7,60,68,1.1323529411764706,0.0463998528118308,627,"Ledge, not L'edge!"
4890,4813,0,9,59,68,1.1323529411764706,0.0414000577075105,627,"Whoa, the prices are pretty steep here."
4865,4813,2,5,61,68,1.1323529411764706,0.05091098018830443,627,"No, Al Fresco's the owner - like the soft drink."
4859,4813,1,7,60,68,1.1323529411764706,0.0463998528118308,627,"Remember - if you drop your fork,
 let the waiter pick it up."
4798,4813,0,9,59,68,1.1323529411764706,0.0414000577075105,627,DON'T MOVE !!!
5239,4813,1,7,60,68,1.1323529411764706,0.0463998528118308,627,Our deodorant spritzer is very refreshing.
5253,4813,0,9,59,68,1.1323529411764706,0.0414000577075105,627,I'm thinking the squab may not be the best idea
5260,4813,1,7,60,68,1.1323529411764706,0.0463998528118308,627,You can't sue us if you fall.
6156,4813,1,7,60,68,1.1323529411764706,0.0463998528118308,627,"When you dine at 35,000 feet, you don't have your feet on the ground."
5618,4813,1,7,60,68,1.1323529411764706,0.0463998528118308,627,"Are we feeling daring tonight?  Try the scampi, it's from back of a station wagon just off the Jersey Turnpike."
5576,4813,0,9,59,68,1.1323529411764706,0.0414000577075105,627,"I’m afraid we are out of the pigeon tonight, madame."
5556,4813,1,7,60,68,1.1323529411764706,0.0463998528118308,627,I highly recommend the Lover's Leap Special
5554,4813,1,7,60,68,1.1323529411764706,0.0463998528118308,627,They take the idea of Al Fresco dining to new heights.
5548,4813,1,7,60,68,1.1323529411764706,0.0463998528118308,627,Can I start you off with a glass of wine and some vertigo?
5494,4813,2,5,61,68,1.1323529411764706,0.05091098018830443,627,Can I get you anything?
5466,4813,1,7,60,68,1.1323529411764706,0.0463998528118308,627,Would you like to order now or after you jump?
5463,4813,1,7,60,68,1.1323529411764706,0.0463998528118308,627,"Well sir, haute cuisine is not for the faint of heart."
5421,4813,1,7,60,68,1.1323529411764706,0.0463998528118308,627,Well you did say a corner table.
4761,4813,1,7,60,68,1.1323529411764706,0.0463998528118308,627,Welcome to La Balustrade.  Selfies not recommended.
5416,4813,1,7,60,68,1.1323529411764706,0.0463998528118308,627,"Excuse me, this spot is reserved for P.C. Vey."
5393,4813,2,5,61,68,1.1323529411764706,0.05091098018830443,627,"Ze pigeon, she is quite fresh."
5388,4813,0,9,59,68,1.1323529411764706,0.0414000577075105,627,"Whatever you do, don't look down...the menu past our chef's delightful interpretation of beef pappardelle."
5365,4813,2,5,61,68,1.1323529411764706,0.05091098018830443,627,"Welcome to ""The Pigeon"", would you like some bread?"
5362,4813,1,7,60,68,1.1323529411764706,0.0463998528118308,627,Might I recommend starting with the roast pigeon. It's locally sourced.
5342,4813,0,9,59,68,1.1323529411764706,0.0414000577075105,627,You are the ones who insisted on outside seating.
5329,4813,0,9,59,68,1.1323529411764706,0.0414000577075105,627,How are you enjoying our new outdoor seating?
5312,4813,0,9,59,68,1.1323529411764706,0.0414000577075105,627,And the featured appetizer this evening is 'pigeon on the wing' crooked-to-order.
5289,4813,1,7,60,68,1.1323529411764706,0.0463998528118308,627,I wish P.C. Vey would stop tagging his name on every building in town.
5285,4813,0,9,59,68,1.1323529411764706,0.0414000577075105,627,You don't have to do this
5394,4813,2,5,61,68,1.1323529411764706,0.05091098018830443,627,These prices really enhance the sky high experience.
3147,4813,1,7,60,68,1.1323529411764706,0.0463998528118308,627,"Is that close enough for you, sir?"
1346,4813,0,9,59,68,1.1323529411764706,0.0414000577075105,627,Next time try calling earlier for a table on the patio downstairs.
3086,4813,1,7,60,68,1.1323529411764706,0.0463998528118308,627,ANTIFA won't find us here.
1116,4813,1,7,60,68,1.1323529411764706,0.0463998528118308,627,Fifty cents is not a tip for the maitre d’!
1092,4813,1,7,60,68,1.1323529411764706,0.0463998528118308,627,"Nice ambience, huh!"
1053,4813,1,7,60,68,1.1323529411764706,0.0463998528118308,627,"Without a reservation, this is the best that we can do"
1035,4813,0,9,59,68,1.1323529411764706,0.0414000577075105,627,"Look at it this way:  Should you find our food not to your liking, you can leap to your death and owe us nothing."
1024,4813,1,7,60,68,1.1323529411764706,0.0463998528118308,627,You said you wanted to eat out of the house more.
1004,4813,1,7,60,68,1.1323529411764706,0.0463998528118308,627,"May I suggest the pigeon, it's very fresh."
997,4813,2,5,61,68,1.1323529411764706,0.05091098018830443,627,I may be going out on a ledge but I think our server is in hurry for us to order.
995,4813,1,7,60,68,1.1323529411764706,0.0463998528118308,627,Yelp reviewers did say this place had a great view of the city.
989,4813,1,7,60,68,1.1323529411764706,0.0463998528118308,627,The house white is a Pino Vertigo.
965,4813,1,7,60,68,1.1323529411764706,0.0463998528118308,627,Welcome to Roofies. Can I start you with a Mickey Finn?
964,4813,0,9,59,68,1.1323529411764706,0.0414000577075105,627,Non-enclosure agreement they’ve made us sign comes with free gape order.
938,4813,1,7,60,68,1.1323529411764706,0.0463998528118308,627,Did the review say cutting-edge or cutting-ledge?
919,4813,0,9,59,68,1.1323529411764706,0.0414000577075105,627,I’ll have the Picasso pesto
904,4813,1,7,60,68,1.1323529411764706,0.0463998528118308,627,It's our new al fresco annex.
882,4813,0,9,59,68,1.1323529411764706,0.0414000577075105,627,May I recommend Pigeons?
881,4813,1,7,60,68,1.1323529411764706,0.0463998528118308,627,Did you save room for dessert?
871,4813,2,5,61,68,1.1323529411764706,0.05091098018830443,627,I love these free range tables.
1121,4813,0,9,59,68,1.1323529411764706,0.0414000577075105,627,"Tonight's special is non- GMO, urban squab"
848,4813,0,9,59,68,1.1323529411764706,0.0414000577075105,627,This is absolutely the last time I request the table with the best view of the skyline.
1157,4813,1,7,60,68,1.1323529411764706,0.0463998528118308,627,sorry we ran out of decency
1168,4813,1,7,60,68,1.1323529411764706,0.0463998528118308,627,"On the plus side, everything on the menu is homemade."
1442,4813,1,7,60,68,1.1323529411764706,0.0463998528118308,627,At Floor 89 we believe in edgy cuisine
1368,4813,1,7,60,68,1.1323529411764706,0.0463998528118308,627,"In keeping with our farm to table aesthetic, you have been seated where we raise our very own Squab for the restaurant."
1350,4813,2,5,61,68,1.1323529411764706,0.05091098018830443,627,"So, tell me, have you chooses your meal for today? Or do you need some help trying to figure out what each item stands for."
1324,4813,1,7,60,68,1.1323529411764706,0.0463998528118308,627,A little bird told me this place is real good!
1322,4813,1,7,60,68,1.1323529411764706,0.0463998528118308,627,We like to call it sidewalk's topside.
1293,4813,0,9,59,68,1.1323529411764706,0.0414000577075105,627,Are you sure you tipped the maitre' the last time we were here?
1291,4813,1,7,60,68,1.1323529411764706,0.0463998528118308,627,Jeff just couldn't go there with some of his restaurant's edgier clientele.
1290,4813,1,7,60,68,1.1323529411764706,0.0463998528118308,627,"If you are uncomfortable out here, might I suggest a jumper?"
1288,4813,2,5,61,68,1.1323529411764706,0.05091098018830443,627,I believe you asked for a table with a view.
1273,4813,1,7,60,68,1.1323529411764706,0.0463998528118308,627,Let me order first so you can order the same thing.
1264,4813,1,7,60,68,1.1323529411764706,0.0463998528118308,627,"Your credit cards were rejected.  If you still want to take the leap together as planned, there is a $50 cleanup fee due now."
1232,4813,2,5,61,68,1.1323529411764706,0.05091098018830443,627,"The wife just called  -- she's located some very fresh Dumpster fish, and, paired with our special 'sauce tartare,' you won't even know it's from the East River. Will you be having wine with that?"
1225,4813,1,7,60,68,1.1323529411764706,0.0463998528118308,627,The chipped beef on a shingle would go nicely with that Chateau Guttièrre.
1223,4813,1,7,60,68,1.1323529411764706,0.0463998528118308,627,"And if you really want to live on the edge, I recommend the lobster."""
1219,4813,1,7,60,68,1.1323529411764706,0.0463998528118308,627,"Enjoy your territorial view, as we've honored per your last minute reservation."""
1217,4813,1,7,60,68,1.1323529411764706,0.0463998528118308,627,"When you are ready to place your order, I must first ask you to sign a hold-harmless agreement."
1179,4813,2,5,61,68,1.1323529411764706,0.05091098018830443,627,It's the latest in edgy dining experiences.
1160,4813,1,7,60,68,1.1323529411764706,0.0463998528118308,627,May I suggest the Butterfly Shrimp?
1447,4813,0,9,59,68,1.1323529411764706,0.0414000577075105,627,This is the only place we can eat out without blowing up the internet!
830,4813,0,9,59,68,1.1323529411764706,0.0414000577075105,627,"I'm sorry but the Pigeon is off the menu this evening"""
821,4813,0,9,59,68,1.1323529411764706,0.0414000577075105,627,I thought you said 'edgy'.
364,4813,1,7,60,68,1.1323529411764706,0.0463998528118308,627,You should have tipped the Maître d'.
352,4813,1,7,60,68,1.1323529411764706,0.0463998528118308,627,Chef advises that anything larger than a small plate could cost you your lives.
351,4813,0,9,59,68,1.1323529411764706,0.0414000577075105,627,The menu seems to have a lot of poultry items.
334,4813,1,7,60,68,1.1323529411764706,0.0463998528118308,627,"Today's special is crapes splattered with strawberry syrup, served with a soft egg with the yolk running all over the plate."
327,4813,0,9,59,68,1.1323529411764706,0.0414000577075105,627,You have to try the pigeon.
283,4813,1,7,60,68,1.1323529411764706,0.0463998528118308,627,Today's special is pigeon under glass.
238,4813,1,7,60,68,1.1323529411764706,0.0463998528118308,627,A table by the kitchen has become available.
229,4813,1,7,60,68,1.1323529411764706,0.0463998528118308,627,May I recommend the squab. It's very fresh.
220,4813,0,9,59,68,1.1323529411764706,0.0414000577075105,627,Sorry for any inconvenience this may have caused. Your meals will be on the house.
133,4813,1,7,60,68,1.1323529411764706,0.0463998528118308,627,I suggest the 'Pigeons au Citron'
104,4813,0,9,59,68,1.1323529411764706,0.0414000577075105,627,Omnivores not welcome.
102,4813,1,7,60,68,1.1323529411764706,0.0463998528118308,627,This isn't the kind of atmosphere I was looking for.
77,4813,2,5,61,68,1.1323529411764706,0.05091098018830443,627,"I don't mean to rush you, but the pigeons have this table reserved for 7 o'clock."
68,4813,1,7,60,68,1.1323529411764706,0.0463998528118308,627,Is it too late to walk out?
54,4813,1,7,60,68,1.1323529411764706,0.0463998528118308,627,Our specialty tonight is pigeon drop soup.
18,4813,0,9,59,68,1.1323529411764706,0.0414000577075105,627,"You did say you wanted 'edgy,' sir."
3091,4813,1,7,60,68,1.1323529411764706,0.0463998528118308,627,Something is telling me we should get the chef special.
376,4813,0,9,59,68,1.1323529411764706,0.0414000577075105,627,I trust there will be no further complaints about the location of your table.
823,4813,3,3,62,68,1.1323529411764706,0.055053696211138176,627,"The print on the menu is small, hope the bill is too!"
453,4813,0,9,59,68,1.1323529411764706,0.0414000577075105,627,"If you don't like what you see on the menu, may I suggest you move your seats left and right respectively?"
483,4813,1,7,60,68,1.1323529411764706,0.0463998528118308,627,"Sir, you requested haute cuisine."
808,4813,0,9,59,68,1.1323529411764706,0.0414000577075105,627,You are going to want to order before the evening pigeons arrive.
791,4813,0,9,59,68,1.1323529411764706,0.0414000577075105,627,We feel our lasagne is the best in the world. On many levels.
786,4813,1,7,60,68,1.1323529411764706,0.0463998528118308,627,"Next time, give him a tip before asking for a ""table with a view""."
777,4813,1,7,60,68,1.1323529411764706,0.0463998528118308,627,Our special this evening is squab.
737,4813,1,7,60,68,1.1323529411764706,0.0463998528118308,627,Satisfied?
727,4813,0,9,59,68,1.1323529411764706,0.0414000577075105,627,We had to close the Mosh pit.
721,4813,0,9,59,68,1.1323529411764706,0.0414000577075105,627,"No, Monsieur,we don't serve pigeon. On a lighter note, several pigeons will soon be serving you."
714,4813,1,7,60,68,1.1323529411764706,0.0463998528118308,627,She'll have the pigeon a la fresco.
702,4813,1,7,60,68,1.1323529411764706,0.0463998528118308,627,Don't you think you are carrying the 'Man on a Ledge' thing a little too far ?
699,4813,1,7,60,68,1.1323529411764706,0.0463998528118308,627,Our specialty is free-range pigeon.
696,4813,2,5,61,68,1.1323529411764706,0.05091098018830443,627,"But Sir, this is not our alfresco dining area."
673,4813,0,9,59,68,1.1323529411764706,0.0414000577075105,627,You're welcome to smoke 'em if you got 'em.
657,4813,0,9,59,68,1.1323529411764706,0.0414000577075105,627,Well you wanted a table by the window
609,4813,0,9,59,68,1.1323529411764706,0.0414000577075105,627,Tipping is optional.
581,4813,0,9,59,68,1.1323529411764706,0.0414000577075105,627,"Even though it's locally sourced, I would recommend not ordering the squab tonight."
553,4813,1,7,60,68,1.1323529411764706,0.0463998528118308,627,"I'm sorry about the table change, but the Maitre'd is very strict about baked bean orders."
486,4813,0,9,59,68,1.1323529411764706,0.0414000577075105,627,"If you prefer, we have a pigeon friendly menu."
475,4813,0,9,59,68,1.1323529411764706,0.0414000577075105,627,This is our new ledge to table concept.
1481,4813,1,7,60,68,1.1323529411764706,0.0463998528118308,627,We have upside down cake for dessert.
487,4813,0,9,59,68,1.1323529411764706,0.0414000577075105,627,Can I start you off with some drinks? We can transfer your tab to an inside table as soon as one opens up.
1489,4813,1,7,60,68,1.1323529411764706,0.0463998528118308,627,Dessert is on the house
2653,4813,1,7,60,68,1.1323529411764706,0.0463998528118308,627,"Kissy, I invited you to dinner to give you a warm sendoff."
2576,4813,2,5,61,68,1.1323529411764706,0.05091098018830443,627,May I remind you that you can save five percent by ordering online.
2552,4813,0,9,59,68,1.1323529411764706,0.0414000577075105,627,"May I suggest we partake in a light meal? I have this inkling, that a heavy meal might be a bit unsettling.  And by the way, they expect you to tip."
2526,4813,1,7,60,68,1.1323529411764706,0.0463998528118308,627,May I recommend the fugu?
2496,4813,0,9,59,68,1.1323529411764706,0.0414000577075105,627,No tipping!
2466,4813,1,7,60,68,1.1323529411764706,0.0463998528118308,627,DARLING YOUR CHOICE IS EXCELLENT PLEASE TELL
2458,4813,3,3,62,68,1.1323529411764706,0.055053696211138176,627,"Yes, I suppose some of us have become ""more-alfresco-than-thou."""
2441,4813,2,5,61,68,1.1323529411764706,0.05091098018830443,627,I'm sorry the table is not to your liking ma'am. Perhaps you should have swiped left.
2429,4813,2,5,61,68,1.1323529411764706,0.05091098018830443,627,It's the best we could do on such short notice.
2420,4813,1,7,60,68,1.1323529411764706,0.0463998528118308,627,"Either way, we’ll be parting on bad terms."
2413,4813,2,5,61,68,1.1323529411764706,0.05091098018830443,627,The out on the ledge ragu is to die for.
2401,4813,1,7,60,68,1.1323529411764706,0.0463998528118308,627,"If you order drinks you must come in to the bar.
The secluded al fresco table is restricted to tetotalers"
2397,4813,0,9,59,68,1.1323529411764706,0.0414000577075105,627,Next time tip the  maitre d'
2379,4813,1,7,60,68,1.1323529411764706,0.0463998528118308,627,"Eating out here means take-out the space, take out the selection, take out the atmosphere—take out the pleasure of eating out !"
2344,4813,1,7,60,68,1.1323529411764706,0.0463998528118308,627,"Specials? 
Isn’t this special enough"
2317,4813,0,9,59,68,1.1323529411764706,0.0414000577075105,627,"Yelp said that it's ""edgy."""
2286,4813,0,9,59,68,1.1323529411764706,0.0414000577075105,627,"Of course our food is locally sourced, you just have to catch it first."
2665,4813,1,7,60,68,1.1323529411764706,0.0463998528118308,627,I always wanted to dine recklessly.
2284,4813,1,7,60,68,1.1323529411764706,0.0463998528118308,627,"Not to worry, sir.  King Kong will never find you here."
2685,4813,0,9,59,68,1.1323529411764706,0.0414000577075105,627,May I suggest cloud eggs to go with your hanger steak.
2705,4813,3,3,62,68,1.1323529411764706,0.055053696211138176,627,May we suggest the pigeon?
1488,4813,0,9,59,68,1.1323529411764706,0.0414000577075105,627,"Are you ready to come down, or do you still need a few minutes to look over the menu?"
3081,4813,1,7,60,68,1.1323529411764706,0.0463998528118308,627,"Special tonight Squab 
Known locally as pigeon 
Let me know when you catch one."
3071,4813,0,9,59,68,1.1323529411764706,0.0414000577075105,627,"I'm TELLING you, something seems DIFFERENT. Do you think it's the menu? I bet they upped the prices again! I notice these things. Do you remember last week at your mother's. That smell from the basement. I thought I'd puke in my rigatoni. Wine"
3051,4813,0,9,59,68,1.1323529411764706,0.0414000577075105,627,"For your convenience, your final bill will include my gratuity but will not include the optional life insurance."
3048,4813,2,5,61,68,1.1323529411764706,0.05091098018830443,627,Is that what your mother meant when she used to refer to a dumb waiter?
3044,4813,1,7,60,68,1.1323529411764706,0.0463998528118308,627,"The parachute option is ""on the house!"""
3008,4813,1,7,60,68,1.1323529411764706,0.0463998528118308,627,The pidgeon?  An excellent choice sir.
3001,4813,1,7,60,68,1.1323529411764706,0.0463998528118308,627,Our gluten-free parachutes are a popular item.
2993,4813,2,5,61,68,1.1323529411764706,0.05091098018830443,627,"How very romatic, Cutbert, and you said you have something to ask me?"
2946,4813,2,5,61,68,1.1323529411764706,0.05091098018830443,627,"Really George, I don’t care what the New Yorker said about the service being better on the terrace"
2913,4813,0,9,59,68,1.1323529411764706,0.0414000577075105,627,Awfully steep.
2850,4813,0,9,59,68,1.1323529411764706,0.0414000577075105,627,Our specialty is nest of bird.
2840,4813,2,5,61,68,1.1323529411764706,0.05091098018830443,627,"They call this 'gastronomy on the edge', but I find the entrées and ambiance quite pedestrian."
2819,4813,1,7,60,68,1.1323529411764706,0.0463998528118308,627,"I'm sorry, entrées are not in ""sides"""
2815,4813,0,9,59,68,1.1323529411764706,0.0414000577075105,627,"If you had wanted a better table, you should have slipped me a larger bill at the reservation desk ."
2795,4813,1,7,60,68,1.1323529411764706,0.0463998528118308,627,I wouldn't recommend the magnum.
2757,4813,1,7,60,68,1.1323529411764706,0.0463998528118308,627,86 the Mrs.
2692,4813,2,5,61,68,1.1323529411764706,0.05091098018830443,627,Not to worry; the building only shakes if the wind picks up
2274,4813,1,7,60,68,1.1323529411764706,0.0463998528118308,627,This is the last time we’re literally eating out
2327,4813,1,7,60,68,1.1323529411764706,0.0463998528118308,627,"Please forgive me, Alice.  It was only a Freudian slip.  I meant to say, “I love you,” but it came out, “I’d be a lot happier if you’d back up just a bit.”"
2266,4813,0,9,59,68,1.1323529411764706,0.0414000577075105,627,Maybe the next time you could leave a better tip
1849,4813,1,7,60,68,1.1323529411764706,0.0463998528118308,627,"I’m sorry sir, we do not have an amuse-bouche on the menu. That was just a pigeon."
2268,4813,2,5,61,68,1.1323529411764706,0.05091098018830443,627,We think Anti-Pastor needs to be served on the brink...
1818,4813,0,9,59,68,1.1323529411764706,0.0414000577075105,627,Don't look down.
1801,4813,1,7,60,68,1.1323529411764706,0.0463998528118308,627,Are you enjoying your privacy ?
1774,4813,1,7,60,68,1.1323529411764706,0.0463998528118308,627,Catch of the day?  Flying fish
1773,4813,1,7,60,68,1.1323529411764706,0.0463998528118308,627,We don't get many requests for al fresco.
1771,4813,1,7,60,68,1.1323529411764706,0.0463998528118308,627,Today's special appetizer is vengeance.
1756,4813,1,7,60,68,1.1323529411764706,0.0463998528118308,627,"Oh but it is a very special table, sir. The real Banksy fell to his death on this same ledge two years ago."
1859,4813,1,7,60,68,1.1323529411764706,0.0463998528118308,627,Next dumbwaiter crack I lock the bathroom for the duration.
1751,4813,2,5,61,68,1.1323529411764706,0.05091098018830443,627,I knew your Groupon to dine atop the Empire State Building was too good to be true...
1715,4813,2,5,61,68,1.1323529411764706,0.05091098018830443,627,"I promised you a table in 5 minutes, and here it is!"
1637,4813,1,7,60,68,1.1323529411764706,0.0463998528118308,627,We have trampolines for dessert
1618,4813,1,7,60,68,1.1323529411764706,0.0463998528118308,627,This is taking date night to new heights.
1596,4813,0,9,59,68,1.1323529411764706,0.0414000577075105,627,"Hi folks, my name's Gary and I'll be taking air of you this evening."
1584,4813,1,7,60,68,1.1323529411764706,0.0463998528118308,627,He's known for his edgy cuisine.
1578,4813,1,7,60,68,1.1323529411764706,0.0463998528118308,627,No dine and ditch tonight.
1571,4813,2,5,61,68,1.1323529411764706,0.05091098018830443,627,I checked with the chef and he confirmed that both the DOW Industrials and your complimentary bread are rising.
1492,4813,1,7,60,68,1.1323529411764706,0.0463998528118308,627,Al Fresco: Bronx gentrification style.
1741,4813,2,5,61,68,1.1323529411764706,0.05091098018830443,627,"At Maury's Kitchen we offer only free range, sustainably-sourced German cockroaches."
1863,4813,0,9,59,68,1.1323529411764706,0.0414000577075105,627,May I suggest one of our edgier cocktails — either shaken or stirred?
1822,4813,2,5,61,68,1.1323529411764706,0.05091098018830443,627,If you are thinking about dining and dashing it's a long way down.
2205,4813,2,5,61,68,1.1323529411764706,0.05091098018830443,627,We're taking al fresco to new heights.
2262,4813,1,7,60,68,1.1323529411764706,0.0463998528118308,627,Tonight's special is the Roasted Pigeon. The very one who lived his whole life on this ledge.
2244,4813,0,9,59,68,1.1323529411764706,0.0414000577075105,627,Would you care for an aperitif to settle the stomach?
2220,4813,1,7,60,68,1.1323529411764706,0.0463998528118308,627,"Our drop dumplings are excellent, but I think you'll really fall for our endive salad."
2218,4813,1,7,60,68,1.1323529411764706,0.0463998528118308,627,"And the special tonight is... 'parachute pot pie."""
1935,4813,1,7,60,68,1.1323529411764706,0.0463998528118308,627,Beaulieu Vineyards 2011 cabernet sauvignon is right for dining al fresco.
2203,4813,1,7,60,68,1.1323529411764706,0.0463998528118308,627,I'd prefer to tell you about our dessert specials after the main course. I think you both understand why I say that.
2183,4813,2,5,61,68,1.1323529411764706,0.05091098018830443,627,Our prices are really not that steep.
2176,4813,1,7,60,68,1.1323529411764706,0.0463998528118308,627,Do try our killer dessert.
2158,4813,0,9,59,68,1.1323529411764706,0.0414000577075105,627,"No,no. I said the menu is ledgy, not edgy."""
3085,4813,1,7,60,68,1.1323529411764706,0.0463998528118308,627,I think he resents our insistence on outdoor seating.
2021,4813,1,7,60,68,1.1323529411764706,0.0463998528118308,627,Whoo..a far out menu!
2150,4813,1,7,60,68,1.1323529411764706,0.0463998528118308,627,All our entrees come with a schmear....
1969,4813,1,7,60,68,1.1323529411764706,0.0463998528118308,627,This is what we call room service with a view.
1988,4813,1,7,60,68,1.1323529411764706,0.0463998528118308,627,You wanted something edgy.
1965,4813,1,7,60,68,1.1323529411764706,0.0463998528118308,627,Please order before the pigeons arrive for their reservation.
2004,4813,0,9,59,68,1.1323529411764706,0.0414000577075105,627,We’re known for our edgy kale salads.
2009,4813,2,5,61,68,1.1323529411764706,0.05091098018830443,627,These prices are through the roof.
331,5163,1,7,61,69,1.1304347826086956,0.04576266416505649,627,We get great reviews on Yelp.
4026,5163,1,7,61,69,1.1304347826086956,0.04576266416505649,627,"Sorry, no candle for you guys."
5302,5163,1,7,61,69,1.1304347826086956,0.04576266416505649,627,"Well, you asked for uber edgy dining!"
3401,5163,0,9,60,69,1.1304347826086956,0.040840714635988,627,"Perhaps next time you should tip, Mr. Wilson."
1689,5163,0,9,60,69,1.1304347826086956,0.040840714635988,627,Texting face to face is so much more personal than face time or actually talking
1461,5163,0,9,60,69,1.1304347826086956,0.040840714635988,627,It's so edge of your seat...
1407,5163,0,9,60,69,1.1304347826086956,0.040840714635988,627,I told you a dollar tip for the maitre d' is not enough for a table with a view
680,5163,0,9,60,69,1.1304347826086956,0.040840714635988,627,The Chef's table is a real honor.
619,5163,1,7,61,69,1.1304347826086956,0.04576266416505649,627,We stand by our promise for an edgy dining experience.
5163,5163,2,5,62,69,1.1304347826086956,0.050204371233880496,627,I've heard that everything here is high.
444,5163,0,9,60,69,1.1304347826086956,0.040840714635988,627,"As you can see, the squab looks particularly succulent this evening."
5983,5163,0,9,60,69,1.1304347826086956,0.040840714635988,627,It's the only corner ledge of the whole restaurant.
4370,5163,0,9,60,69,1.1304347826086956,0.040840714635988,627,This Restaurant is on the Cutting Edge
525,5163,1,7,61,69,1.1304347826086956,0.04576266416505649,627,Our clams casino are to die for.
1467,5177,1,6,56,63,1.126984126984127,0.04795918799660978,627,Hmm...no amuse-bouche.
5633,5178,0,8,57,65,1.123076923076923,0.04106568558473582,627,"For starters, allow me to recommend our signature 
""Wedge on a Ledge"""
5389,5178,1,6,58,65,1.123076923076923,0.046552763218885414,627,You have to look down to look at the menu.
1805,5178,0,8,57,65,1.123076923076923,0.04106568558473582,627,The waiter will not charge us for the pigeons we catch as long as we tip him well .
5967,5181,0,8,58,66,1.121212121212121,0.040481665913459045,627,I always recommend the clam chowder for those who like to live dangerously.
3885,5181,1,6,59,66,1.121212121212121,0.04587990563775582,627,"Madame, Monsieur, you may come back inside if you agree to never disparage the chef again. Qui?"
3902,5181,0,8,58,66,1.121212121212121,0.040481665913459045,627,"This, of course, is our most visible table, at your request."
3912,5181,0,8,58,66,1.121212121212121,0.040481665913459045,627,"Best seat in the house, the view is exceptional!"
3935,5181,1,6,59,66,1.121212121212121,0.04587990563775582,627,The chef’s special tonight is Pigeon Deraciné
3954,5181,0,8,58,66,1.121212121212121,0.040481665913459045,627,My name is Al Fresco and I'll be your waiter tonight
3958,5181,1,6,59,66,1.121212121212121,0.04587990563775582,627,It may take a while to get our food.  The waiter suffers from agoraphobia and won't come out.
3969,5181,1,6,59,66,1.121212121212121,0.04587990563775582,627,"You did request seating for 'high tea,' right?"
4007,5181,0,8,58,66,1.121212121212121,0.040481665913459045,627,"Either the chef did not appreciate your last YELP review or he watched ""Vertigo"" last night."
4035,5181,0,8,58,66,1.121212121212121,0.040481665913459045,627,Scoot Scooty Woot Boop Woop.
4054,5181,1,6,59,66,1.121212121212121,0.04587990563775582,627,"I would suggest that you could go out on a ledge and order the new chef's special, but you are already there."
4172,5181,1,6,59,66,1.121212121212121,0.04587990563775582,627,"I guess ""haute cuisine"" does equal steep prices."
4222,5181,0,8,58,66,1.121212121212121,0.040481665913459045,627,"Madam et Monsieur, the chef created for your delight acrophobia followed by general anxiety."
4231,5181,2,4,60,66,1.121212121212121,0.05070666827479246,627,"... and the special for the day, of course, is squab.  This was their perch and they fed on a steady diet of New York’s finest detritus."
4311,5181,0,8,58,66,1.121212121212121,0.040481665913459045,627,"Honey, Umm...how did we get here?

Oh, who cares just enjoy it, Craig​g."
4364,5181,0,8,58,66,1.121212121212121,0.040481665913459045,627,"Edgy dining in Soho"""
4365,5181,2,4,60,66,1.121212121212121,0.05070666827479246,627,The newest dining experience: on a ledge
4368,5181,0,8,58,66,1.121212121212121,0.040481665913459045,627,It's dining safety reimagined.
4372,5181,1,6,59,66,1.121212121212121,0.04587990563775582,627,"I'm sorry sir, but we 've had some problems with people dining and dashing."
4411,5181,0,8,58,66,1.121212121212121,0.040481665913459045,627,"This is the best we could do for a ""balcony seat"""
4417,5181,0,8,58,66,1.121212121212121,0.040481665913459045,627,"Your profile had roof top dining under ""interests"""
4418,5181,3,2,61,66,1.121212121212121,0.05511230963886662,627,"...I told you - I'm not into tapas, still less a man with facial hair serving hot sauce! Can we go to Nandos instead ?"
4480,5181,0,8,58,66,1.121212121212121,0.040481665913459045,627,"Sorry, we are out of parachutes."
4656,5181,0,8,58,66,1.121212121212121,0.040481665913459045,627,You're the one who suggested a more exceptional dining experience.
3829,5181,1,6,59,66,1.121212121212121,0.04587990563775582,627,They tell me there's dire circumstances if you complain about the food.
3822,5181,0,8,58,66,1.121212121212121,0.040481665913459045,627,I feel we'll need to leave a really good tip.
3634,5181,1,6,59,66,1.121212121212121,0.04587990563775582,627,Are we feeling adventurous tonight?
3756,5181,0,8,58,66,1.121212121212121,0.040481665913459045,627,Next time maybe you will listen to me when I said make sure you tip  the Maître d'
2977,5181,1,6,59,66,1.121212121212121,0.04587990563775582,627,Care for an order of shaking beef?
3038,5181,0,8,58,66,1.121212121212121,0.040481665913459045,627,nks you should stick to water tonight.
3084,5181,1,6,59,66,1.121212121212121,0.04587990563775582,627,He said we will have the out-standing high-end view table.
3092,5181,0,8,58,66,1.121212121212121,0.040481665913459045,627,"Honey, I hope the credit card doesn't get rejected"
3101,5181,2,4,60,66,1.121212121212121,0.05070666827479246,627,Of course we offer narrow choices when you've requested Standard Outdoor Dining.
3113,5181,1,6,59,66,1.121212121212121,0.04587990563775582,627,you wont be able to see the rest room from there
3125,5181,0,8,58,66,1.121212121212121,0.040481665913459045,627,Hurry!  The chef hates to be kept waiting!
3127,5181,0,8,58,66,1.121212121212121,0.040481665913459045,627,You wanted a table by the window.
3149,5181,1,6,59,66,1.121212121212121,0.04587990563775582,627,Oh it’s edgy all right.
3170,5181,1,6,59,66,1.121212121212121,0.04587990563775582,627,Is ZISS far enough from Zee kitchen monsieur?
3243,5181,1,6,59,66,1.121212121212121,0.04587990563775582,627,The squab is particularly fresh . . .
3763,5181,1,6,59,66,1.121212121212121,0.04587990563775582,627,Our restaurant has a cutting edge design
3278,5181,0,8,58,66,1.121212121212121,0.040481665913459045,627,The chicken is best at this altitude.
3352,5181,0,8,58,66,1.121212121212121,0.040481665913459045,627,Nice table but why all the flys
3399,5181,0,8,58,66,1.121212121212121,0.040481665913459045,627,"Whatever you do, don't look down!"
3463,5181,0,8,58,66,1.121212121212121,0.040481665913459045,627,The new owner is a former Hollywood stuntman. Why do you ask?
3477,5181,0,8,58,66,1.121212121212121,0.040481665913459045,627,Pigeon hors d'oeuvres will be up shortly.
3479,5181,2,4,60,66,1.121212121212121,0.05070666827479246,627,"Cliff, you’re taking way too much space."
3489,5181,1,6,59,66,1.121212121212121,0.04587990563775582,627,Tonight's special is braised pigeon confit and is prepared table side.
3501,5181,1,6,59,66,1.121212121212121,0.04587990563775582,627,Tonight's special is pigeon.  They will be here shortly.
3558,5181,0,8,58,66,1.121212121212121,0.040481665913459045,627,Your reservation said you wanted a view.
3581,5181,0,8,58,66,1.121212121212121,0.040481665913459045,627,"Taking ""Living on the Edge"" to greater and newer heights."
3609,5181,1,6,59,66,1.121212121212121,0.04587990563775582,627,We have a wonderful  fresh baked pigeon today.
4700,5181,1,6,59,66,1.121212121212121,0.04587990563775582,627,Too edgy?
3345,5181,1,6,59,66,1.121212121212121,0.04587990563775582,627,"You like Pigeon that much, huh?"
4800,5181,0,8,58,66,1.121212121212121,0.040481665913459045,627,May I suggest the Pigeon Au Jus?
4837,5181,0,8,58,66,1.121212121212121,0.040481665913459045,627,"As dedicated locavores, I recommend the squab, fresh off the ledge."
4825,5181,2,4,60,66,1.121212121212121,0.05070666827479246,627,"So What Do You HIGHLY RECOMMEND!

A Look Down, After We Order?

What's on the Up and Up Today?"
5629,5181,1,6,59,66,1.121212121212121,0.04587990563775582,627,This is San Francisco.
5657,5181,0,8,58,66,1.121212121212121,0.040481665913459045,627,We're strictly farm-to-parapet.
5713,5181,0,8,58,66,1.121212121212121,0.040481665913459045,627,"When you last visited, Mr. and Mrs. Jameson, you left no tip. A re-awakening of the senses is in order, no?"
5734,5181,1,6,59,66,1.121212121212121,0.04587990563775582,627,"You specifically asked for a private, quiet, outdoor, corner table with a spectacular view. So, what's the problem"
5773,5181,1,6,59,66,1.121212121212121,0.04587990563775582,627,I'm not sure the Edgy Veggy tasting menu was a good idea.
6500,5181,1,6,59,66,1.121212121212121,0.04587990563775582,627,I hope the souffle I am about to order isn't indicative of our seating!
6458,5181,1,6,59,66,1.121212121212121,0.04587990563775582,627,I may be going out on a ledge here but the salmon is to die for!
6416,5181,1,6,59,66,1.121212121212121,0.04587990563775582,627,...and would you like to hear the off-the-restaurant entrees?
2955,5181,0,8,58,66,1.121212121212121,0.040481665913459045,627,"If I may suggest, Sir, mentioning the Chef's book when making a reservation might get you a better table."
6363,5181,1,6,59,66,1.121212121212121,0.04587990563775582,627,If that seems a little too predictable the Chef can provide an edgier menu.
6352,5181,0,8,58,66,1.121212121212121,0.040481665913459045,627,Might I suggest the Ledge Salad?
5591,5181,0,8,58,66,1.121212121212121,0.040481665913459045,627,Shall I cancel that third glass of wine?
6348,5181,1,6,59,66,1.121212121212121,0.04587990563775582,627,This week’s specials are bird’s nest soup and cloud cake.
6294,5181,1,6,59,66,1.121212121212121,0.04587990563775582,627,"Perhaps if you moved to a less ""drafty"" table I would wait on you..."
6164,5181,1,6,59,66,1.121212121212121,0.04587990563775582,627,What did you expect with a $5 tip to the Maitre D & instructions not to be next to the kitchen?
6147,5181,1,6,59,66,1.121212121212121,0.04587990563775582,627,The chef has confirmed that this was exactly what he meant by on the house.
6111,5181,2,4,60,66,1.121212121212121,0.05070666827479246,627,We call it ‘comfort food with an edge.’
6094,5181,0,8,58,66,1.121212121212121,0.040481665913459045,627,Tonight's Special is Pigeon Pie.
6036,5181,0,8,58,66,1.121212121212121,0.040481665913459045,627,Welcome to the Living-On-The-Edge Bistro.
6029,5181,1,6,59,66,1.121212121212121,0.04587990563775582,627,the lightning will definitely affect the temperature of the vichyssoise!
5810,5181,0,8,58,66,1.121212121212121,0.040481665913459045,627,May I interest you tonight in our going-all-out special?
5833,5181,0,8,58,66,1.121212121212121,0.040481665913459045,627,I like a waiter with altitude.
5857,5181,1,6,59,66,1.121212121212121,0.04587990563775582,627,"Yes, this IS the Chef's High Table special dinner."
5966,5181,0,8,58,66,1.121212121212121,0.040481665913459045,627,"Ugh, these Americans take forever to order."
6306,5181,0,8,58,66,1.121212121212121,0.040481665913459045,627,"Remember, it's not Happy Hour.  Don't get tipsy!"
4824,5181,1,6,59,66,1.121212121212121,0.04587990563775582,627,This is the edgiest restaurant in town!
5584,5181,0,8,58,66,1.121212121212121,0.040481665913459045,627,And we’re now offereing complimentary seat belts since that little problem that made headlines last week.
5515,5181,0,8,58,66,1.121212121212121,0.040481665913459045,627,I apologize for the draft but the view is spectacular.
5982,5181,1,6,59,66,1.121212121212121,0.04587990563775582,627,I'm sorry. We have a dress code and you have clearly exceeded it.
4857,5181,2,4,60,66,1.121212121212121,0.05070666827479246,627,The polyeurethane should be dry by dessert.
4950,5181,0,8,58,66,1.121212121212121,0.040481665913459045,627,No wine. Can’t afford to be tipsey.
4973,5181,1,6,59,66,1.121212121212121,0.04587990563775582,627,"Welcome to Tony’s Bistro!
Watch your step."
4978,5181,0,8,58,66,1.121212121212121,0.040481665913459045,627,"At Veselka:
“The cook just bit a piece of bacon...”
“And put it back on the burner?
I know, I know he does it all the time”"
5010,5181,0,8,58,66,1.121212121212121,0.040481665913459045,627,Dear... Don't you think this pop-up dinner is a bit on the edgy side?
5019,5181,0,8,58,66,1.121212121212121,0.040481665913459045,627,Your hot girlfriend has arrived.
5036,5181,0,8,58,66,1.121212121212121,0.040481665913459045,627,"And for our special tonight, we have locally-sourced pigeon stuffed with a savory melange of seeds, bugs, and moldy bread."
5066,5181,1,6,59,66,1.121212121212121,0.04587990563775582,627,Would you like to see our special jump menu?
5068,5181,0,8,58,66,1.121212121212121,0.040481665913459045,627,The specialty of the house is pidgeon
5119,5181,0,8,58,66,1.121212121212121,0.040481665913459045,627,"If this table is too windy, we would be happy to move you to the new bathroom seating."
5561,5181,2,4,60,66,1.121212121212121,0.05070666827479246,627,YOU asked for a smoking table.
5128,5181,0,8,58,66,1.121212121212121,0.040481665913459045,627,We pride ourselves in serving the city's edgiest fare.
5164,5181,1,6,59,66,1.121212121212121,0.04587990563775582,627,"Your 'eating on the edge' specials are donkey ears macaroon with 
a black crow confit paired with rocketfuel chasers for your trip down."
5190,5181,0,8,58,66,1.121212121212121,0.040481665913459045,627,"The wind can be turbulent, please order now."
5259,5181,0,8,58,66,1.121212121212121,0.040481665913459045,627,NOW do you feel like no one can sneak up behind you?
5262,5181,0,8,58,66,1.121212121212121,0.040481665913459045,627,Nipples?
5268,5181,0,8,58,66,1.121212121212121,0.040481665913459045,627,Don't you dare tell him that I don't speak French
5402,5181,1,6,59,66,1.121212121212121,0.04587990563775582,627,I’ll take the puffer fish
5430,5181,2,4,60,66,1.121212121212121,0.05070666827479246,627,The Pigeon L'orange is especially fresh today.
5443,5181,1,6,59,66,1.121212121212121,0.04587990563775582,627,Yes we do off menu too.
5452,5181,0,8,58,66,1.121212121212121,0.040481665913459045,627,"Complain, complain, you come here for the view and you want food also?"
5467,5181,1,6,59,66,1.121212121212121,0.04587990563775582,627,All our dinners come with a paid up life insurance policy on the side.
5482,5181,1,6,59,66,1.121212121212121,0.04587990563775582,627,I heard that the food is daring but I like the ambience of the Columbia dorm room restaurant better
5133,5181,1,6,59,66,1.121212121212121,0.04587990563775582,627,"You had me at ""Pigeon's Rest"", five plops rated."
2948,5181,0,8,58,66,1.121212121212121,0.040481665913459045,627,Might I suggest the locally-raised squab
4816,5181,2,4,60,66,1.121212121212121,0.05070666827479246,627,I'll try to find you a server who does aerial work
2906,5181,0,8,58,66,1.121212121212121,0.040481665913459045,627,We take high class dining quite seriously
934,5181,0,8,58,66,1.121212121212121,0.040481665913459045,627,"Today's special is fresh captured local pigeon a la urban.
-caught on the 19th floor ."
959,5181,1,6,59,66,1.121212121212121,0.04587990563775582,627,Alledgely this is one of the best restaurants in town!
992,5181,0,8,58,66,1.121212121212121,0.040481665913459045,627,We're all out of the poached pigeon.
1000,5181,2,4,60,66,1.121212121212121,0.05070666827479246,627,"Good evening, I trust you're enjoying our table with the most spectacular view of the City.  May I take your drink orders?"
1049,5181,1,6,59,66,1.121212121212121,0.04587990563775582,627,I don't know. The steaks seem a bit high.
1075,5181,0,8,58,66,1.121212121212121,0.040481665913459045,627,May I suggest you avoid the vol-au-vent?
1131,5181,0,8,58,66,1.121212121212121,0.040481665913459045,627,Budget al fresco may not be such a good idea
1141,5181,0,8,58,66,1.121212121212121,0.040481665913459045,627,We find this to be the best seating for ultimatums.
1158,5181,1,6,59,66,1.121212121212121,0.04587990563775582,627,All bills include a 500% service charge.
1174,5181,0,8,58,66,1.121212121212121,0.040481665913459045,627,You always say we should try new things.
1188,5181,2,4,60,66,1.121212121212121,0.05070666827479246,627,"""Boiled maitre d' is not one of our specials."""
1209,5181,0,8,58,66,1.121212121212121,0.040481665913459045,627,Their tiramisu is to die for. You just have to make it through the main course alive.
1281,5181,1,6,59,66,1.121212121212121,0.04587990563775582,627,This isn’t what I meant when I said “open air” ambiance
1304,5181,1,6,59,66,1.121212121212121,0.04587990563775582,627,"This evening's specials are Central Park Squab  
and West Side Highway Squirrel Flatbread"
1340,5181,0,8,58,66,1.121212121212121,0.040481665913459045,627,For an extra $20  we'll put an umbrella up to guard you against any unsolicited pigeon accidents.
1434,5181,0,8,58,66,1.121212121212121,0.040481665913459045,627,If monsieur and madame are displeased with the menu then may I suggest we move your table a little closer to the edge of the ledge.
1455,5181,0,8,58,66,1.121212121212121,0.040481665913459045,627,"Signor and signorina, it's closing time, and so, with a nod to my personal al dente, take your al fresco two inches further."
1471,5181,0,8,58,66,1.121212121212121,0.040481665913459045,627,Penne for your thoughts.
1484,5181,0,8,58,66,1.121212121212121,0.040481665913459045,627,"May I suggest the ""lovers' leap"" salad, to go."
853,5181,1,6,59,66,1.121212121212121,0.04587990563775582,627,They said this place was edgy.
1524,5181,0,8,58,66,1.121212121212121,0.040481665913459045,627,"The ""Leapers Special"" is to die for"
834,5181,1,6,59,66,1.121212121212121,0.04587990563775582,627,Our dine and dash days are over!
774,5181,0,8,58,66,1.121212121212121,0.040481665913459045,627,The  last couple tried to run it out on the bill. May they Rest In Peace.
2940,5181,0,8,58,66,1.121212121212121,0.040481665913459045,627,"Well, monsieur, if you're afraid of heights I suggest you do not order the vol au vent."
8,5181,1,6,59,66,1.121212121212121,0.04587990563775582,627,"Gotta get these space maneuvers right, Rudi boy!"
48,5181,0,8,58,66,1.121212121212121,0.040481665913459045,627,"Is the menu legible, sir?"
99,5181,0,8,58,66,1.121212121212121,0.040481665913459045,627,"Honey, I thought you loved high-end dining?"
138,5181,2,4,60,66,1.121212121212121,0.05070666827479246,627,"All I said was, “We want to order take-out.”"
167,5181,0,8,58,66,1.121212121212121,0.040481665913459045,627,We do not have flightless birds on the menu
169,5181,0,8,58,66,1.121212121212121,0.040481665913459045,627,I wouldn't recommend selections from the fowl menu.
176,5181,1,6,59,66,1.121212121212121,0.04587990563775582,627,"Good evening, have you had a chance to look at the menu?"
179,5181,0,8,58,66,1.121212121212121,0.040481665913459045,627,You're paying for the ambience.
338,5181,0,8,58,66,1.121212121212121,0.040481665913459045,627,"And don't try the ""there's a fly in my soup"" trick."
359,5181,1,6,59,66,1.121212121212121,0.04587990563775582,627,"Sir; May I suggest the ""Firemens Rescue Platter ""to start?"
440,5181,0,8,58,66,1.121212121212121,0.040481665913459045,627,"The pigeon is locally sourced."""
509,5181,1,6,59,66,1.121212121212121,0.04587990563775582,627,The catch of the day is pigeon.
514,5181,1,6,59,66,1.121212121212121,0.04587990563775582,627,"Yes..... the pigeon is fresh"""
588,5181,2,4,60,66,1.121212121212121,0.05070666827479246,627,Tonight's dinner & a movie will conclude with King Kong.
613,5181,1,6,59,66,1.121212121212121,0.04587990563775582,627,We need your table in half an hour.
642,5181,1,6,59,66,1.121212121212121,0.04587990563775582,627,"The wait for a table without a view will be about an hour and a half, sir."
656,5181,0,8,58,66,1.121212121212121,0.040481665913459045,627,We call it alto fresco dining.
668,5181,2,4,60,66,1.121212121212121,0.05070666827479246,627,"And the special is locally sourced squab, caught earlier today on this very stoop."
780,5181,0,8,58,66,1.121212121212121,0.040481665913459045,627,Welcome back. We’ve removed the pigeons from the terrace. This evening’s special is roasted squab.
1543,5181,0,8,58,66,1.121212121212121,0.040481665913459045,627,Haute Cuisine on a Budget
315,5181,1,6,59,66,1.121212121212121,0.04587990563775582,627,We pride ourselves on cuisine with an edge.
1589,5181,0,8,58,66,1.121212121212121,0.040481665913459045,627,Our special today is pigeon.
2310,5181,0,8,58,66,1.121212121212121,0.040481665913459045,627,I hope you are not expecting table service out there.
2342,5181,0,8,58,66,1.121212121212121,0.040481665913459045,627,I'm afraid the balloon artist is afraid of heights and will not make it to your table.
2385,5181,0,8,58,66,1.121212121212121,0.040481665913459045,627,Rest assured that all items on our menu are exemplars of haute cuisine.
2402,5181,0,8,58,66,1.121212121212121,0.040481665913459045,627,I think we came to the wrong place. The only vegan option on the menu seems to be the menu itself.
2439,5181,0,8,58,66,1.121212121212121,0.040481665913459045,627,The house specialty is pigeon pie.
2524,5181,1,6,59,66,1.121212121212121,0.04587990563775582,627,Our special tonight is freshly caught squab.
2536,5181,2,4,60,66,1.121212121212121,0.05070666827479246,627,All the best stock traders come to this spot.
2603,5181,0,8,58,66,1.121212121212121,0.040481665913459045,627,"Well, you wanted a table away from the restrooms...."
2610,5181,1,6,59,66,1.121212121212121,0.04587990563775582,627,The chef makes a great pigeon pie.
2303,5181,0,8,58,66,1.121212121212121,0.040481665913459045,627,"Randy, on my count, edge your eyes...NOT YET YOU BUFFOON! Yes okay now! Slowly edge your eyes to the right. Yes, good. Now tell me, is that shady Ratatouille figure still staring at us?"
2615,5181,0,8,58,66,1.121212121212121,0.040481665913459045,627,You wanted a table outside.
2691,5181,0,8,58,66,1.121212121212121,0.040481665913459045,627,"Ah, to be young and living on the precipice of love."
2714,5181,0,8,58,66,1.121212121212121,0.040481665913459045,627,"""Our specials today are brought to you by homing pigeons."""
2720,5181,1,6,59,66,1.121212121212121,0.04587990563775582,627,I'm going to go out on a ledge here and recommend the scrod.
2751,5181,2,4,60,66,1.121212121212121,0.05070666827479246,627,"Quite right. The owner of ""Outre"" doesn't speak French."
2831,5181,1,6,59,66,1.121212121212121,0.04587990563775582,627,I don't think he appreciated your asking if Trump dined here.
2842,5181,1,6,59,66,1.121212121212121,0.04587990563775582,627,"Yes, I'm sure they said 'terror for two'."
2896,5181,1,6,59,66,1.121212121212121,0.04587990563775582,627,So this is your idea of taking plein-air dining to new heights?
1570,5181,1,6,59,66,1.121212121212121,0.04587990563775582,627,Le spécial today est Pigeon au vin
2900,5181,1,6,59,66,1.121212121212121,0.04587990563775582,627,"If you do not wish to perform the functions described on the menu in the event of an emergency, please ask a waiter to put you in the waiting list."
2648,5181,1,6,59,66,1.121212121212121,0.04587990563775582,627,Now you see why our Yelp reviews are so high.
2299,5181,0,8,58,66,1.121212121212121,0.040481665913459045,627,I recommend the brisket with a side of safety harness.
2845,5181,1,6,59,66,1.121212121212121,0.04587990563775582,627,The chef gave you a 1 star rating.
2105,5181,0,8,58,66,1.121212121212121,0.040481665913459045,627,"Yes, it is a lovely spot...but I do worry about the pigeons?"
1691,5181,0,8,58,66,1.121212121212121,0.040481665913459045,627,But why the picture of the Last Supper?
2236,5181,1,6,59,66,1.121212121212121,0.04587990563775582,627,I hesitate to go out on a ledge with a recommendation.
1678,5181,1,6,59,66,1.121212121212121,0.04587990563775582,627,"Honey, I'm excited by your boldness."
1722,5181,0,8,58,66,1.121212121212121,0.040481665913459045,627,Two footlong chili cheese coneys.  Would you like fries?
1731,5181,0,8,58,66,1.121212121212121,0.040481665913459045,627,"May I suggest a reservation next time, m'seiur?"
1733,5181,1,6,59,66,1.121212121212121,0.04587990563775582,627,Our chef has found some excellent local vertigo
1747,5181,1,6,59,66,1.121212121212121,0.04587990563775582,627,"May I suggest, the Ledge Salad?"
1817,5181,1,6,59,66,1.121212121212121,0.04587990563775582,627,I'd  better give them a good tip this time or they won't bring the ladder back.
1841,5181,1,6,59,66,1.121212121212121,0.04587990563775582,627,"The special of the day is  Roasted Stuffed Pigeon, very fresh."
1706,5181,0,8,58,66,1.121212121212121,0.040481665913459045,627,"Yes, the window is open--but the kitchen is closed."
1874,5181,1,6,59,66,1.121212121212121,0.04587990563775582,627,"Needless to say, the squab will be amazingly fresh."
1847,5181,0,8,58,66,1.121212121212121,0.040481665913459045,627,It’s part of a new reality show.... Extreme Dining Al Fresco.
1891,5181,1,6,59,66,1.121212121212121,0.04587990563775582,627,"There are a lot of people down there rooting for you not to jump. Now, can I interest you in dessert while you think it over?"
1932,5181,0,8,58,66,1.121212121212121,0.040481665913459045,627,"If he does not take our order in the next 5 minutes, let's just jump out."
1999,5181,0,8,58,66,1.121212121212121,0.040481665913459045,627,"Might I suggest the squab, it's very fresh."
2019,5181,0,8,58,66,1.121212121212121,0.040481665913459045,627,"And the pigeon droppings are, of course, locally sourced."
2032,5181,1,6,59,66,1.121212121212121,0.04587990563775582,627,"When the review said “Eating on the Ledge”, I thought it was a metaphor"
2052,5181,2,4,60,66,1.121212121212121,0.05070666827479246,627,Is the pigeon is fresh today?
2046,5181,2,4,60,66,1.121212121212121,0.05070666827479246,627,It’s the only way to make them tip these days
2055,5181,1,6,59,66,1.121212121212121,0.04587990563775582,627,The special for tonight is fried pigeon
5589,5383,0,8,59,67,1.1194029850746268,0.039913905875911725,627,Today's special is pick your own squab.
4997,5383,2,4,61,67,1.1194029850746268,0.04997687416213937,627,"You wrote in your review:""Corner table with a view never available."""
1080,5383,1,6,60,67,1.1194029850746268,0.045226141960648454,627,...And our specialty— pigeon stew.
2516,5383,1,6,60,67,1.1194029850746268,0.045226141960648454,627,"Darling, I don’t see anything to eat. Where are all the vegan, gluten free, grain free, nut free, legume and dairy free selections?"
790,5383,0,8,59,67,1.1194029850746268,0.039913905875911725,627,"I understand it was a strong wind, but you are gonna need to come back to patio”."
390,5383,1,6,60,67,1.1194029850746268,0.045226141960648454,627,Can I start you off with a round of pigeons?
4750,5383,1,6,60,67,1.1194029850746268,0.045226141960648454,627,"Edgy-schmedgy, you know I don't like the pigeons."
6499,5383,0,8,59,67,1.1194029850746268,0.039913905875911725,627,I'll have the high fructose corn syrup pate with the hydrogenated palm oil glaze.
211,5383,1,6,60,67,1.1194029850746268,0.045226141960648454,627,Is the pigeon cacciatore locally sourced?
302,5383,0,8,59,67,1.1194029850746268,0.039913905875911725,627,Our special tonight is squab.
627,5393,0,7,54,61,1.1147540983606556,0.04114721441970865,627,Just be thankful.  At least the Jill Stein supporters get a seat.
2473,5394,0,7,56,63,1.1111111111111112,0.039912289339283334,627,I’m going with ledge steak and edifice beans. You?
4236,5394,0,7,56,63,1.1111111111111112,0.039912289339283334,627,The pigeon is so fresh they let you pick your own right from the roof ledge.
1283,5394,0,7,56,63,1.1111111111111112,0.039912289339283334,627,"Below you are the dessert selections. The elevator is broken, so I suggest you choose one now."
4688,5397,0,7,57,64,1.109375,0.039322054350368486,627,"At least we haven't started separating couples.  Next time,however,you may want to pay the fee for reserved seats."
4698,5397,1,5,58,64,1.109375,0.045191323330536354,627,"“If you are unhappy with that table, we have an opening next to the tortilla grill in the window of the restaurant.”"
4724,5397,0,7,57,64,1.109375,0.039322054350368486,627,hurry up and  order  i need your tip before my shift ends
4774,5397,1,5,58,64,1.109375,0.045191323330536354,627,"Dr. Perlmutter, can you explain to me one more time what “exposure therapy” is?"
4775,5397,0,7,57,64,1.109375,0.039322054350368486,627,The mussels are to die for.
4863,5397,0,7,57,64,1.109375,0.039322054350368486,627,Their locavore special is squab
4682,5397,0,7,57,64,1.109375,0.039322054350368486,627,"Others HAVE complained about finding pigeon poo in their dinners, so I suggest that you get the Alfredo sauce, sir."
4154,5397,0,7,57,64,1.109375,0.039322054350368486,627,"Jeez Margie, when you said you wanted to take date night to a new level, I didn't think you meant literally."
4564,5397,1,5,58,64,1.109375,0.045191323330536354,627,"Well honey, you did as for somewhere near the window..."
3093,5397,0,7,57,64,1.109375,0.039322054350368486,627,I think we better leave a big tip if we want the waiter to help us get up from our chairs.
4900,5397,0,7,57,64,1.109375,0.039322054350368486,627,"The city is breathtaking this time of year, isn't it?"
3251,5397,0,7,57,64,1.109375,0.039322054350368486,627,This is our best table with a view.
3425,5397,0,7,57,64,1.109375,0.039322054350368486,627,"I'm terribly sorry, but room service only offers services that's inside room."
3565,5397,0,7,57,64,1.109375,0.039322054350368486,627,Can I get you a stiff cocktail before dinner?
3646,5397,1,5,58,64,1.109375,0.045191323330536354,627,You said you wanted a window seat
3784,5397,1,5,58,64,1.109375,0.045191323330536354,627,The free range chicken is to die for
3882,5397,0,7,57,64,1.109375,0.039322054350368486,627,I think this menu is over the edge !
4657,5397,0,7,57,64,1.109375,0.039322054350368486,627,The wine you ordered is past its shelf life.
3899,5397,1,5,58,64,1.109375,0.045191323330536354,627,I told you it was edgy.
4037,5397,0,7,57,64,1.109375,0.039322054350368486,627,May I recommend our very fresh Pigeon a la Wall Street?
4125,5397,0,7,57,64,1.109375,0.039322054350368486,627,Freshest squab in the city.
4211,5397,0,7,57,64,1.109375,0.039322054350368486,627,This week's special is native pigeon.
4232,5397,0,7,57,64,1.109375,0.039322054350368486,627,If I may take the edge off of making a decision....
4360,5397,1,5,58,64,1.109375,0.045191323330536354,627,The pigeons are extra
4374,5397,0,7,57,64,1.109375,0.039322054350368486,627,WiFi password is WilliamColby. One word. No space. First letter of each word capitalized.
4396,5397,0,7,57,64,1.109375,0.039322054350368486,627,Our al fresco special today is bird seed granola.
4425,5397,0,7,57,64,1.109375,0.039322054350368486,627,Everyone does pick your own lobster.  We thought selecting your own squab would help us stand out.
3998,5397,0,7,57,64,1.109375,0.039322054350368486,627,"Well, at least they did seat us by the bathroom again."
5016,5397,1,5,58,64,1.109375,0.045191323330536354,627,Waiting for Joe Blow
5933,5397,1,5,58,64,1.109375,0.045191323330536354,627,Sorry!   You can live on the edge.  Or die on the edge.  But not dine on the edge!
5169,5397,1,5,58,64,1.109375,0.045191323330536354,627,Our prices are falling.
3011,5397,1,5,58,64,1.109375,0.045191323330536354,627,The special tonight is filet of mock pterosaur with vernaise sauce.
6442,5397,0,7,57,64,1.109375,0.039322054350368486,627,I hear the Sole Meunière is to die for.
6430,5397,0,7,57,64,1.109375,0.039322054350368486,627,"If you're locavores, I suggest the squab."
6404,5397,1,5,58,64,1.109375,0.045191323330536354,627,Welcome to Le Pigeon.
6391,5397,1,5,58,64,1.109375,0.045191323330536354,627,"Our special today is the Prime Rib; It comes with a packed chute and to pull the ripcord, just remove the bone. - Tyler King"
6369,5397,1,5,58,64,1.109375,0.045191323330536354,627,Sorry I can't come out to serve you. We already lost one server when he tried to push in a chair.
6149,5397,1,5,58,64,1.109375,0.045191323330536354,627,"May I suggest tonight's special, a parachute à la carte."
6098,5397,0,7,57,64,1.109375,0.039322054350368486,627,. . . 50 % off if you catch the pigeon yourself.
6065,5397,0,7,57,64,1.109375,0.039322054350368486,627,"...psst honey, YOU were the one who wanted to go to more edgy restaurants!"
6031,5397,0,7,57,64,1.109375,0.039322054350368486,627,Just keep calm and carnivore on.
6019,5397,0,7,57,64,1.109375,0.039322054350368486,627,Atleast I could jump off if I don't like my date!
6009,5397,1,5,58,64,1.109375,0.045191323330536354,627,The squab is fresh tonight.
6008,5397,0,7,57,64,1.109375,0.039322054350368486,627,"Excuse me sir, gratuity is not included in the bill.  Perhaps you might like to reconsider your tip amount...quite windy this evening..."
5108,5397,0,7,57,64,1.109375,0.039322054350368486,627,I’m confused honey. No where on the menu does it say “men with big noses”
6002,5397,0,7,57,64,1.109375,0.039322054350368486,627,"This is the new ""White House Staffers"" section."
5861,5397,0,7,57,64,1.109375,0.039322054350368486,627,The chocolate cake's to die for.
5789,5397,1,5,58,64,1.109375,0.045191323330536354,627,They say this new Air F&B is refreshing...
5696,5397,0,7,57,64,1.109375,0.039322054350368486,627,"Well, best view _out_ of the house technically."
5686,5397,0,7,57,64,1.109375,0.039322054350368486,627,"Our entree special is fresh pigeon."""
5663,5397,2,3,59,64,1.109375,0.050381419694137494,627,May I tempt you with our specialty— ledge grown squab with wild rice and apricot glaze?
5505,5397,0,7,57,64,1.109375,0.039322054350368486,627,I'd order something the pigeons don't like.
5434,5397,0,7,57,64,1.109375,0.039322054350368486,627,Please don't make the server edgy today!
5432,5397,1,5,58,64,1.109375,0.045191323330536354,627,try not to look intimidated darling ..just order desert ...
5392,5397,0,7,57,64,1.109375,0.039322054350368486,627,Fresh and local? Try the squab.
5317,5397,0,7,57,64,1.109375,0.039322054350368486,627,"When I said potatoes on the side, I meant of the plate, not the building."
5248,5397,0,7,57,64,1.109375,0.039322054350368486,627,Should we try something not on the regular menu?
5203,5397,0,7,57,64,1.109375,0.039322054350368486,627,"Anchovies, yes, anchovies."
5197,5397,0,7,57,64,1.109375,0.039322054350368486,627,"I hope our ledge dining is private enough for you on this, what appears to be, special occasion!  My name is Jitters and I will be serving your meals by drone today.  Would you like to start with drinks and/or appetizers?"
5985,5397,0,7,57,64,1.109375,0.039322054350368486,627,Beware the Alfredo
2970,5397,0,7,57,64,1.109375,0.039322054350368486,627,"Yes, you did say that the restaurant was edgy."
5274,5397,0,7,57,64,1.109375,0.039322054350368486,627,Not exactly the breakfast at Tiffany’s I expected.
2923,5397,0,7,57,64,1.109375,0.039322054350368486,627,You DID request a table with the best view.
1221,5397,1,5,58,64,1.109375,0.045191323330536354,627,Tonight's special: squab al fresco.
2942,5397,1,5,58,64,1.109375,0.045191323330536354,627,Pigeon protection is extra
1139,5397,1,5,58,64,1.109375,0.045191323330536354,627,"Honey, I heard the catfish is so spicy that it’ll knock you out of your seat."
1064,5397,1,5,58,64,1.109375,0.045191323330536354,627,May I suggest the chef's special squab surprise?
983,5397,1,5,58,64,1.109375,0.045191323330536354,627,“Would you like to hear the specials for tonight or we do have a dine and drop option”
978,5397,0,7,57,64,1.109375,0.039322054350368486,627,You ask for al fresco your get al fresco
923,5397,0,7,57,64,1.109375,0.039322054350368486,627,"This is not what I meant by 
“Something different”"
892,5397,0,7,57,64,1.109375,0.039322054350368486,627,I’m going to have the Ledge Salad with bleu cheese. How about you?
840,5397,0,7,57,64,1.109375,0.039322054350368486,627,The food's p good you should have some wine too but like don't fall down haha!
643,5397,0,7,57,64,1.109375,0.039322054350368486,627,May I suggest still water?
575,5397,0,7,57,64,1.109375,0.039322054350368486,627,You said that you wanted to go somewhere edgy.
500,5397,1,5,58,64,1.109375,0.045191323330536354,627,How do you like our new al fresco area?
401,5397,0,7,57,64,1.109375,0.039322054350368486,627,"what is dis, a freakin restaurant for birds?? only in new york!"
328,5397,0,7,57,64,1.109375,0.039322054350368486,627,""" Order what you want, it's on the house."""
252,5397,0,7,57,64,1.109375,0.039322054350368486,627,You did ask for al fresco
236,5397,0,7,57,64,1.109375,0.039322054350368486,627,You don't think you're being a little too leisurely about talking him off the ledge?
135,5397,0,7,57,64,1.109375,0.039322054350368486,627,Requests for this table have skyrocketed this year
1277,5397,1,5,58,64,1.109375,0.045191323330536354,627,I’ll order a risk-burger
1330,5397,0,7,57,64,1.109375,0.039322054350368486,627,For some reason I feel a bit edgy tonight.
915,5397,0,7,57,64,1.109375,0.039322054350368486,627,Think of it as a Box Seat
1449,5397,1,5,58,64,1.109375,0.045191323330536354,627,You had to insist on open air dining!
1331,5397,0,7,57,64,1.109375,0.039322054350368486,627,Hope you enjoy your dinner - so your time with us won't be truncated.
2874,5397,0,7,57,64,1.109375,0.039322054350368486,627,"I highly recommend the stuffed pigeon, which, as you might guess, is local."
2839,5397,0,7,57,64,1.109375,0.039322054350368486,627,"They say the squab is "" Drop Dead Fresh""."
2769,5397,0,7,57,64,1.109375,0.039322054350368486,627,Is the ambience to your satisfaction?
2713,5397,1,5,58,64,1.109375,0.045191323330536354,627,"Our off-the-menu special tonight is fresh pigeon"""
2588,5397,1,5,58,64,1.109375,0.045191323330536354,627,The suicide lunch special is a lobster dish to die for!
2503,5397,0,7,57,64,1.109375,0.039322054350368486,627,Floyd & Karen thought “edgy” for her birthday dining experience
2432,5397,1,5,58,64,1.109375,0.045191323330536354,627,"I suggest the pidgeon, which is verrry locally-sourced."
2321,5397,1,5,58,64,1.109375,0.045191323330536354,627,Maybe we should have given him a $20
2915,5397,1,5,58,64,1.109375,0.045191323330536354,627,The chef tells me we are out of fresh pigeon tonight.
1520,5397,1,5,58,64,1.109375,0.045191323330536354,627,Such ambiance...
2155,5397,1,5,58,64,1.109375,0.045191323330536354,627,"In keeping with our ""Local Ingredient""  emphasis, I recommend the pidgeon."
2124,5397,1,5,58,64,1.109375,0.045191323330536354,627,How about something less dizzying than poultry?
2114,5397,0,7,57,64,1.109375,0.039322054350368486,627,My name is Al. Fresco that is
1852,5397,0,7,57,64,1.109375,0.039322054350368486,627,"I’m sorry sir, but we do not have an amouse-bouche today. That was just a pigeon."
1701,5397,0,7,57,64,1.109375,0.039322054350368486,627,This is what we mean by edgy cuisine.
1539,5397,1,5,58,64,1.109375,0.045191323330536354,627,"I'm sorry, that table is reserved."
2222,5397,1,5,58,64,1.109375,0.045191323330536354,627,"If you have a complaint about the meal, just throw it over . . ."
3553,5499,0,7,58,65,1.1076923076923078,0.038748926306942086,627,No souffle out here; it might fall.
3148,5499,0,7,58,65,1.1076923076923078,0.038748926306942086,627,You are my masterpiece.  This is way more fun than skin suits.
2826,5499,0,7,58,65,1.1076923076923078,0.038748926306942086,627,"Honey trust me. Hanna Goldfield wrote last week, “The edgy dishes of this restaurant will take you to new heights in haute cuisine.”"
585,5499,0,7,58,65,1.1076923076923078,0.038748926306942086,627,Our Death By Chocolate is to die for.
1242,5499,1,5,59,65,1.1076923076923078,0.04452244962611625,627,We don't have a lot of return cudtomers.
1214,5499,1,5,59,65,1.1076923076923078,0.04452244962611625,627,I don't think I'll frequent the salad bar tonight honey.
4749,5499,0,7,58,65,1.1076923076923078,0.038748926306942086,627,"Thanks to you, our special tonight is grilled pigeon with a chili rosemary sauce."
744,5499,0,7,58,65,1.1076923076923078,0.038748926306942086,627,"They call me, 'Acro'. I'll be your server."
2365,5499,0,7,58,65,1.1076923076923078,0.038748926306942086,627,The special this evening is pidgeon.
4996,5499,1,5,59,65,1.1076923076923078,0.04452244962611625,627,"You requested corner table, al fresco, n'est-ce pas?"
5328,5499,0,7,58,65,1.1076923076923078,0.038748926306942086,627,"As you can see, our squab is locally sourced"
5272,5499,0,7,58,65,1.1076923076923078,0.038748926306942086,627,"Your personal chef, Guido, doesn't take kindly to substitutions, and might I suggest an appetizer before your 4th round?"
5327,5499,0,7,58,65,1.1076923076923078,0.038748926306942086,627,He's not sharing her with anyone!
5381,5499,0,7,58,65,1.1076923076923078,0.038748926306942086,627,I may be going out on a ledge here but might I recommend the in house special.
5664,5499,0,7,58,65,1.1076923076923078,0.038748926306942086,627,"I'm sorry, but if you're going to sit in the smoking section, you must smoke."
6227,5499,0,7,58,65,1.1076923076923078,0.038748926306942086,627,I recommend our Ledge'n Daring Daiquiri.
6353,5499,1,5,59,65,1.1076923076923078,0.04452244962611625,627,"Yes, our prices are high, but it's the best view in town."
6403,5499,0,7,58,65,1.1076923076923078,0.038748926306942086,627,"Might I recommend our Himalayan cocktail for starters, double shots of bourbon, gin, vodka, scotch and a twist of Himalayan lime?"
6508,5499,0,7,58,65,1.1076923076923078,0.038748926306942086,627,You said you wanted a place with a view.
5048,5499,0,7,58,65,1.1076923076923078,0.038748926306942086,627,"It's the only smoking table left in the city,"
566,5499,1,5,59,65,1.1076923076923078,0.04452244962611625,627,You asked if the pigeon was fresh
103,5499,0,7,58,65,1.1076923076923078,0.038748926306942086,627,"Remember, don't leave crumbs lying around and DON'T feed the pigeons."
5050,5521,0,7,59,66,1.106060606060606,0.038192176787049927,627,This is relationship control to the next level.
2448,5522,0,6,54,60,1.1,0.03905667329424718,627,I told you I’ve been out on a limb.
3956,5522,1,4,55,60,1.1,0.04572084295183095,627,I recommend the Bouillabaisse Jump.
3840,5522,0,6,54,60,1.1,0.03905667329424718,627,I'm sorry I ever mentioned shelf-life!
3795,5522,1,4,55,60,1.1,0.04572084295183095,627,It's troubling I don't see any pigeons here.
3734,5522,0,6,54,60,1.1,0.03905667329424718,627,It's alfresco without the crowds
3653,5522,0,6,54,60,1.1,0.03905667329424718,627,OK maybe don’t get the chili.
3630,5522,1,4,55,60,1.1,0.04572084295183095,627,"I would have brought bread to your table already, but the pigeons have been quite gluttonous this week.."
3582,5522,1,4,55,60,1.1,0.04572084295183095,627,I've heard you're a big tipper.
3532,5522,1,4,55,60,1.1,0.04572084295183095,627,I warned him that table-side salads were a bad idea.
3525,5522,0,6,54,60,1.1,0.03905667329424718,627,I hear the pigeon is very fresh.
3460,5522,0,6,54,60,1.1,0.03905667329424718,627,"Sorry folks, but we're fresh out of pigeon."
3395,5522,1,4,55,60,1.1,0.04572084295183095,627,"Another alleged table for two. So, that about dine and dash."
3347,5522,1,4,55,60,1.1,0.04572084295183095,627,Yes the waiter! He looks like you but.....sexier.
3322,5522,0,6,54,60,1.1,0.03905667329424718,627,Our Pigeon Excrement pâté is exquisite. Do with that what you will.
3298,5522,0,6,54,60,1.1,0.03905667329424718,627,"How do you like our new ""out fresco"" dinning?"
3266,5522,0,6,54,60,1.1,0.03905667329424718,627,What should me get for an encore?
3237,5522,0,6,54,60,1.1,0.03905667329424718,627,"Well, the squab is out for me."
3235,5522,1,4,55,60,1.1,0.04572084295183095,627,I am going to go out on a limb and order the filet.
2870,5522,0,6,54,60,1.1,0.03905667329424718,627,So this is New York's famous rooftop dining.
2865,5522,0,6,54,60,1.1,0.03905667329424718,627,You can always leave
2851,5522,1,4,55,60,1.1,0.04572084295183095,627,"I'd recommend something other than the ""Sesame Tuna"" with the amount of pigeons out tonite
 also no bread  at this table""
I hope you enjoy your dining experience here at the "" Ledge"""
2835,5522,1,4,55,60,1.1,0.04572084295183095,627,"The suicide special today is old clams."""
2812,5522,1,4,55,60,1.1,0.04572084295183095,627,"Last week some people fell off the ledge, so we recycled them on the menu as our in-house rooftop vegetables."
2766,5522,1,4,55,60,1.1,0.04572084295183095,627,Can I get you started on some pigeon foie gras?
6507,5522,1,4,55,60,1.1,0.04572084295183095,627,The chef's special comes with a parachute.
2756,5522,0,6,54,60,1.1,0.03905667329424718,627,You thought dining in the dark heightened your taste bud experience!
2633,5522,0,6,54,60,1.1,0.03905667329424718,627,The menu has a certain ledge majesty.
2481,5522,0,6,54,60,1.1,0.03905667329424718,627,My name is Christopher and I will definitely not be your server this evening.
2479,5522,0,6,54,60,1.1,0.03905667329424718,627,I'm assuming that you ran out of candles and are sitting outside to have a candlelight dinner?
4056,5522,0,6,54,60,1.1,0.03905667329424718,627,I hear the chicken a la soot is to die for.
4086,5522,0,6,54,60,1.1,0.03905667329424718,627,I can assure you this table has the best view of the city.
4102,5522,0,6,54,60,1.1,0.03905667329424718,627,Welcome to the Edge - My name is Pigeon and I will be your waiter.
4169,5522,0,6,54,60,1.1,0.03905667329424718,627,And this evening you will be dining on the very edge of haute cuisine...
5000,5522,0,6,54,60,1.1,0.03905667329424718,627,"This is not what I thought you meant when you said we were dining ""al fresco""..."
5063,5522,0,6,54,60,1.1,0.03905667329424718,627,I told you not to ask for a plastic straw.
5085,5522,1,4,55,60,1.1,0.04572084295183095,627,I’d say the pigeon special tonight is to die for.
5174,5522,0,6,54,60,1.1,0.03905667329424718,627,"To say ‘there is a lot riding on your entree selection, Purvis’ would be a gross understatement.”"
5209,5522,1,4,55,60,1.1,0.04572084295183095,627,This doesn't compare to our last Paris trip.
5291,5522,0,6,54,60,1.1,0.03905667329424718,627,I want something to keep the edge on.
5314,5522,0,6,54,60,1.1,0.03905667329424718,627,So the terrace view we requested has certainly exceeded expectations.
5453,5522,1,4,55,60,1.1,0.04572084295183095,627,Welcome to our al fresco dining experience.
5483,5522,0,6,54,60,1.1,0.03905667329424718,627,Can I start you off with some carabiners?
5533,5522,0,6,54,60,1.1,0.03905667329424718,627,Tonight’s special is pigeon with a side of life insurance.
5704,5522,0,6,54,60,1.1,0.03905667329424718,627,I suddenly have a craving for a well balanced meal.
5744,5522,0,6,54,60,1.1,0.03905667329424718,627,Gone with the food.
5954,5522,0,6,54,60,1.1,0.03905667329424718,627,"Look, if you wanted breakfast on a sunny terrace and a room to yourselves you should have gone with a hotel."
4968,5522,0,6,54,60,1.1,0.03905667329424718,627,Yelp did say it would be an experience...
5998,5522,0,6,54,60,1.1,0.03905667329424718,627,It's an edgy new menu.
6018,5522,0,6,54,60,1.1,0.03905667329424718,627,Our pidgeon is the freshest in town.
6285,5522,0,6,54,60,1.1,0.03905667329424718,627,May I recommend the pulled pork?
6330,5522,0,6,54,60,1.1,0.03905667329424718,627,I recommend the flying fish which we catch right off this ledge.
6406,5522,1,4,55,60,1.1,0.04572084295183095,627,You must try our Pigeon En Volant.
6460,5522,1,4,55,60,1.1,0.04572084295183095,627,The Sommelier is available by cell phone.
4940,5522,1,4,55,60,1.1,0.04572084295183095,627,"your last meal is on the house Mam"""
4858,5522,1,4,55,60,1.1,0.04572084295183095,627,The Heath Ledger gave us a star.
4842,5522,0,6,54,60,1.1,0.03905667329424718,627,What else would you like for your last meals?
4563,5522,0,6,54,60,1.1,0.03905667329424718,627,"Don't look now, but the waiter is tethered to the building!"
4561,5522,0,6,54,60,1.1,0.03905667329424718,627,The chef has declined to prepare the fugu you brought with you.
4550,5522,0,6,54,60,1.1,0.03905667329424718,627,What does the chef recommend? A quiet table in the corner.
4506,5522,0,6,54,60,1.1,0.03905667329424718,627,.... Trying our new drug free way to eat out while you feel high...
4255,5522,0,6,54,60,1.1,0.03905667329424718,627,"I assure you, Monsieur and Madame, that this is what edginess we provide."
5999,5522,0,6,54,60,1.1,0.03905667329424718,627,Our ledge-to-table special is pigeon with escargots.
2411,5522,0,6,54,60,1.1,0.03905667329424718,627,You slipped the maitre d five dollars!?
1835,5522,0,6,54,60,1.1,0.03905667329424718,627,"Would you like to hear our ""Last Meal"" special?"
2313,5522,0,6,54,60,1.1,0.03905667329424718,627,No drinks ordered yet so why do I feel high?
957,5522,0,6,54,60,1.1,0.03905667329424718,627,We purposelessly put the fly in the soup.
954,5522,0,6,54,60,1.1,0.03905667329424718,627,Urban drollery or a strained pun?
819,5522,1,4,55,60,1.1,0.04572084295183095,627,Looks like they are not happy with the prices.  Watch for them to try to leave without paying.   Let the ledge down quickly!
695,5522,0,6,54,60,1.1,0.03905667329424718,627,I'm sorry. The cook says we've run out of steak tartare. May I recommend the raw pigeon?
644,5522,0,6,54,60,1.1,0.03905667329424718,627,"The langostini are especially revolting, if monsieur needs a bit of encouragement."
614,5522,0,6,54,60,1.1,0.03905667329424718,627,"Look at the bright side, you're not near the restroom and you can smoke."""
543,5522,0,6,54,60,1.1,0.03905667329424718,627,"Well, next time don't make reservations for the city view seating!"
518,5522,0,6,54,60,1.1,0.03905667329424718,627,Our special du jour: All the squab you can catch.
510,5522,0,6,54,60,1.1,0.03905667329424718,627,I highly recommend our pigeon cacciatore.
508,5522,0,6,54,60,1.1,0.03905667329424718,627,I must ask you to hurry with your order--we have a pigeon convention coming in for the second seating.
484,5522,0,6,54,60,1.1,0.03905667329424718,627,I would suggest that you skip the sliders.
478,5522,0,6,54,60,1.1,0.03905667329424718,627,"I'm sorry, we don't have a liquor license."
472,5522,0,6,54,60,1.1,0.03905667329424718,627,"Think of this as a 'five story, high quality' experience."
231,5522,1,4,55,60,1.1,0.04572084295183095,627,Even *this* table was almost impossible to get.
130,5522,0,6,54,60,1.1,0.03905667329424718,627,"As you requested, ""far away from the kitchen""."
24,5522,0,6,54,60,1.1,0.03905667329424718,627,...Bumble or Tinder?
2324,5522,0,6,54,60,1.1,0.03905667329424718,627,The stuffed pigeon would be the freshest item.
1112,5522,0,6,54,60,1.1,0.03905667329424718,627,This is where they put you when you complain about Siberia.
1134,5522,1,4,55,60,1.1,0.04572084295183095,627,May I suggest the Rock Dove...
395,5522,1,4,55,60,1.1,0.04572084295183095,627,now you two are going to sit there and pretend to eat a fancy italian meal for two hours while i sit here in my waiter costume and jerk off to it. i'm the weirdest pervert on earth
1212,5522,0,6,54,60,1.1,0.03905667329424718,627,I recommend the locally sourced squab special.
1155,5522,1,4,55,60,1.1,0.04572084295183095,627,Was that your phone or mine?
2181,5522,0,6,54,60,1.1,0.03905667329424718,627,Edgy are we?
2112,5522,1,4,55,60,1.1,0.04572084295183095,627,"Just a reminder, folks: Only one glass of wine each can be served at our special outdoor-vista table."
1830,5522,0,6,54,60,1.1,0.03905667329424718,627,Sir insisted on al fresco dining.
1790,5522,0,6,54,60,1.1,0.03905667329424718,627,I think I will have the pigeon stew.
1785,5522,1,4,55,60,1.1,0.04572084295183095,627,Please inform your waiter of any phobias.
1682,5522,1,4,55,60,1.1,0.04572084295183095,627,"Well, you should've made your reservation earlier."
1662,5522,1,4,55,60,1.1,0.04572084295183095,627,Welcome to Living on the Edge Cafe.
2056,5522,0,6,54,60,1.1,0.03905667329424718,627,The squab is locally sourced and very fresh!
1644,5522,1,4,55,60,1.1,0.04572084295183095,627,"Yes, the lady will have the gluten-free bread crumbs with duck frites and I’ll have the rotisserie bird seed with curry fondue."
1269,5522,1,4,55,60,1.1,0.04572084295183095,627,"Pidgeon is our specialty tonight, and every night."
1650,5522,0,6,54,60,1.1,0.03905667329424718,627,You get a nice view of the drive thru!
1275,5522,1,4,55,60,1.1,0.04572084295183095,627,Pigeon is the catch of the day.
1404,5522,0,6,54,60,1.1,0.03905667329424718,627,Street tacos — coming right up.
2243,5522,0,6,54,60,1.1,0.03905667329424718,627,A quiet table with a view! Would you like those waters with or without ice?
1548,5522,0,6,54,60,1.1,0.03905667329424718,627,There is no catch of the day.
1557,5522,0,6,54,60,1.1,0.03905667329424718,627,You know this is an edgy restaurant.
1420,5522,0,6,54,60,1.1,0.03905667329424718,627,"Perhaps NOW you understand our special ""cuisine with an edge?"""
4493,5626,0,6,55,61,1.098360655737705,0.038446030818224834,627,We offer a cutting edge dining experience.
4014,5626,1,4,56,61,1.098360655737705,0.04499494830653312,627,"When I asked for a table outside, they didn't mention they were on the sixth floor!"
4043,5626,0,6,55,61,1.098360655737705,0.038446030818224834,627,We also have a roasted pigeon with droppings on the side.
4100,5626,1,4,56,61,1.098360655737705,0.04499494830653312,627,"No darling. Let’s not order a gluten free, sugar free, fat free, cholesterol free, this free, that free burger. Instead let’s order a check free dish."
4150,5626,0,6,55,61,1.098360655737705,0.038446030818224834,627,I recommend the pigeon.  It's the freshest in the city.
4181,5626,0,6,55,61,1.098360655737705,0.038446030818224834,627,We used to have a dine & dash problem.
4227,5626,0,6,55,61,1.098360655737705,0.038446030818224834,627,"Ok Bob,  No Screwing Around with the Tip this time  !"
4243,5626,0,6,55,61,1.098360655737705,0.038446030818224834,627,I didn’t think “republic on the precipice” would be so literal.
4290,5626,1,4,56,61,1.098360655737705,0.04499494830653312,627,"Yes, it was more romantic last summer in Paris, but now we're back in New York City."
4509,5626,0,6,55,61,1.098360655737705,0.038446030818224834,627,Would you like to get a jumpstart with some appetizers?
4381,5626,1,4,56,61,1.098360655737705,0.04499494830653312,627,Have I mentioned that I have a fear of heights?!
4408,5626,1,4,56,61,1.098360655737705,0.04499494830653312,627,You can associate the pork dumplings with free pigeon dumping. Service not guaranteed
4595,5626,1,4,56,61,1.098360655737705,0.04499494830653312,627,Our special today is wings
3992,5626,1,4,56,61,1.098360655737705,0.04499494830653312,627,The restroom is three floors down.
4266,5626,0,6,55,61,1.098360655737705,0.038446030818224834,627,"I may be going out on a ledge here, but may I suggest the pigeon."
4321,5626,1,4,56,61,1.098360655737705,0.04499494830653312,627,"Of course. First Mr. and Ms. Special wanted a view, 
now they want locally sourced."
3306,5626,0,6,55,61,1.098360655737705,0.038446030818224834,627,You did ask to order off-menu.
3658,5626,0,6,55,61,1.098360655737705,0.038446030818224834,627,The chef has prepared a special three course menu this evening featuring fresh pigeon.
2959,5626,1,4,56,61,1.098360655737705,0.04499494830653312,627,Not that corner table.
3005,5626,0,6,55,61,1.098360655737705,0.038446030818224834,627,"I don't think the ""pigeon experience"" is for me."
4604,5626,0,6,55,61,1.098360655737705,0.038446030818224834,627,Maybe I should have slipped him a better tip when I asked for a private table.
3028,5626,1,4,56,61,1.098360655737705,0.04499494830653312,627,I am on the ledge about this big meal.
3056,5626,0,6,55,61,1.098360655737705,0.038446030818224834,627,They only had reservations outside for the next 18 months.
3089,5626,1,4,56,61,1.098360655737705,0.04499494830653312,627,"The terrace closed, Mr. Kushner."
3090,5626,0,6,55,61,1.098360655737705,0.038446030818224834,627,"We call it the ""Pigeon Experience."""
3117,5626,0,6,55,61,1.098360655737705,0.038446030818224834,627,The goose is to die for.
3222,5626,0,6,55,61,1.098360655737705,0.038446030818224834,627,"When you made the reservation, I wish you had not told them we are Circus acrobats."
3421,5626,0,6,55,61,1.098360655737705,0.038446030818224834,627,We call it Xtreme al fresco.
3455,5626,1,4,56,61,1.098360655737705,0.04499494830653312,627,"Sparkling, flat or whatever Mother Nature provides?"
3535,5626,1,4,56,61,1.098360655737705,0.04499494830653312,627,"Honey there are no prices on the menu
Dear this is the new Four Seasons 2.0
Don’t ask and they don’t tell."
3572,5626,1,4,56,61,1.098360655737705,0.04499494830653312,627,"Of course, the dove eggs are locally sourced."
3617,5626,0,6,55,61,1.098360655737705,0.038446030818224834,627,"When you said you wanted to dine al fresco, I didn't know you wanted to eat here!"
3631,5626,0,6,55,61,1.098360655737705,0.038446030818224834,627,Might I recommend the roast squab? It's locally-sourced.
3983,5626,0,6,55,61,1.098360655737705,0.038446030818224834,627,Today’s special is wild-caught salmon
4646,5626,1,4,56,61,1.098360655737705,0.04499494830653312,627,Would you please order? I have miles of rooftops to go before I sleep.
6117,5626,1,4,56,61,1.098360655737705,0.04499494830653312,627,We have a special on pigeons.
4766,5626,0,6,55,61,1.098360655737705,0.038446030818224834,627,"Apparently, ""Going through the roof"" ad was not about seating ..."
5958,5626,1,4,56,61,1.098360655737705,0.04499494830653312,627,So what's your problem?  It does has a high-end edgy ambiance.
5915,5626,1,4,56,61,1.098360655737705,0.04499494830653312,627,Pigeon poop should be the least of your worries.
5823,5626,0,6,55,61,1.098360655737705,0.038446030818224834,627,"All our menu items are safe, gluten-free and low on saturated fat."
5797,5626,2,2,57,61,1.098360655737705,0.050704964850981624,627,"Dad, this is not taking mom out for dinner."
5763,5626,1,4,56,61,1.098360655737705,0.04499494830653312,627,"Welcome to Mylo’s “ledge to table” Bistro, my name’s Tito and I’ll be your server this evening. May I recommend the the roast squab tonight? It’s exceptionally fresh today"
5725,5626,0,6,55,61,1.098360655737705,0.038446030818224834,627,you seem a bit on edge lately...
5550,5626,1,4,56,61,1.098360655737705,0.04499494830653312,627,You must be the couple that gave us one star for our view.
5489,5626,1,4,56,61,1.098360655737705,0.04499494830653312,627,I'll have your meal ready just as soon as it lands.
5444,5626,0,6,55,61,1.098360655737705,0.038446030818224834,627,No snide remarks about the Specials or else!
5431,5626,1,4,56,61,1.098360655737705,0.04499494830653312,627,Did you bring my hemorrhoid cream?
5401,5626,0,6,55,61,1.098360655737705,0.038446030818224834,627,"Not what I envisioned when the review raved ""edgy""."
5309,5626,0,6,55,61,1.098360655737705,0.038446030818224834,627,We would appreciate nothing less than a 5 star review for our ledge table.
5235,5626,1,4,56,61,1.098360655737705,0.04499494830653312,627,"You asked for a table by the window, right?"
5101,5626,0,6,55,61,1.098360655737705,0.038446030818224834,627,"At dusk, the gulls will head for their next,
so I hope you two are sufficiently gullible."
2868,5626,1,4,56,61,1.098360655737705,0.04499494830653312,627,"I'm going to have to ask you to come down. I asked if you wanted the black eyed peas, not a balcony seat."
5968,5626,0,6,55,61,1.098360655737705,0.038446030818224834,627,Today’s special is rooftop trout
4755,5626,0,6,55,61,1.098360655737705,0.038446030818224834,627,"Well, you see this is all I could manage last minute for outdoor seating. If not, the rooftop bar is open."
6053,5626,0,6,55,61,1.098360655737705,0.038446030818224834,627,This was not quite what I had in mind when I suggested we dine al fresco
6249,5626,0,6,55,61,1.098360655737705,0.038446030818224834,627,"A little edgy tonight,are we?"
4767,5626,0,6,55,61,1.098360655737705,0.038446030818224834,627,"So, this is what you mean by edgy?
Saun Ellis, New Milford CT"
4830,5626,0,6,55,61,1.098360655737705,0.038446030818224834,627,I’m thinking you want to see our edgy menu selections .
4861,5626,0,6,55,61,1.098360655737705,0.038446030818224834,627,"This radio contest prize package was announced as dinner with an unforgettable view, without the steep price."
4868,5626,0,6,55,61,1.098360655737705,0.038446030818224834,627,"M'sieur, Madame, your six guests have arrived. They'll be joining you in a moment."
4887,5626,2,2,57,61,1.098360655737705,0.050704964850981624,627,"We're trying a new concept by combining our exclusive dining on the terrace with Fear Factor. Sadly, we've had difficulties in getting positive Yelp comments."
4937,5626,0,6,55,61,1.098360655737705,0.038446030818224834,627,Our special tonight is Wild Pigeon al Fresco.
4954,5626,1,4,56,61,1.098360655737705,0.04499494830653312,627,"Well, what did you want to tell me?"
4974,5626,2,2,57,61,1.098360655737705,0.050704964850981624,627,"Ah, Martha's"" Savory Fall Stew "" !"
4999,5626,1,4,56,61,1.098360655737705,0.04499494830653312,627,Well that’s a tall order!
5055,5626,1,4,56,61,1.098360655737705,0.04499494830653312,627,Here is the best view of the house...across the street sir.
5073,5626,1,4,56,61,1.098360655737705,0.04499494830653312,627,I don''t recommend the vol-au-vent.
5166,5626,1,4,56,61,1.098360655737705,0.04499494830653312,627,Our specialty is the One Starred Yelper Pancake.
5181,5626,1,4,56,61,1.098360655737705,0.04499494830653312,627,"If you two insist upon living on the edge,
may I advise against drinking any more Harvey Wallbangers?"
5207,5626,1,4,56,61,1.098360655737705,0.04499494830653312,627,Elevated dining does have drawbacks.  Dessert this evening will put you over the weight code requirement.
6504,5626,1,4,56,61,1.098360655737705,0.04499494830653312,627,Hurry.  Your mother's waiting.
6244,5626,0,6,55,61,1.098360655737705,0.038446030818224834,627,If you need anything
2787,5626,0,6,55,61,1.098360655737705,0.038446030818224834,627,This isn’t what I meant when I said we should start living on the edge.
5219,5626,0,6,55,61,1.098360655737705,0.038446030818224834,627,We provide the most complete haute cuisine experience!
2589,5626,0,6,55,61,1.098360655737705,0.038446030818224834,627,May I suggest you go out on a ledge and try the calamari?
1409,5626,0,6,55,61,1.098360655737705,0.038446030818224834,627,You’re lucky we could accommodate  you. The last party left very hastily. And they forgot to leave a tip.
1378,5626,0,6,55,61,1.098360655737705,0.038446030818224834,627,The last White House staffer that  wanted to dine here sued us when we refused them a table.
1328,5626,0,6,55,61,1.098360655737705,0.038446030818224834,627,Can you back up just a little more Omarose.
1305,5626,1,4,56,61,1.098360655737705,0.04499494830653312,627,"Yes,this is ""al fresco""."
1133,5626,0,6,55,61,1.098360655737705,0.038446030818224834,627,"Just...just don’t fuck with the pigeons, okay, Senator?"
1099,5626,0,6,55,61,1.098360655737705,0.038446030818224834,627,"You know, Dave, one more cartoon like this one, and I'm going to be thoroughly convinced that nobody but white people eat out!"
1097,5626,1,4,56,61,1.098360655737705,0.04499494830653312,627,"What do you mean ""We'll get our meal to go?"""
1001,5626,1,4,56,61,1.098360655737705,0.04499494830653312,627,"Sir, of course. Our pigeon is sourced locally."
943,5626,0,6,55,61,1.098360655737705,0.038446030818224834,627,The guano is fresh every night.
908,5626,0,6,55,61,1.098360655737705,0.038446030818224834,627,Why did you think the Times' reviewer called our bistro  'edgy'?
1421,5626,1,4,56,61,1.098360655737705,0.04499494830653312,627,''One the edge experience? Not until I bring your food!
900,5626,0,6,55,61,1.098360655737705,0.038446030818224834,627,"Reginald dear, I'm going to have the blackened red fish. So will I Gwendolyn, yes tonight we'll live like there's no tomorrow. And Reginald  if it isn't prepared correctly I'm going to really make a scene!"
769,5626,0,6,55,61,1.098360655737705,0.038446030818224834,627,"There is a shortcut to the bathroom,if you're in a hurry."
758,5626,0,6,55,61,1.098360655737705,0.038446030818224834,627,Tonight's specials include the Parachute Au Jus.
666,5626,0,6,55,61,1.098360655737705,0.038446030818224834,627,I will bring your ashtray momentarily.
589,5626,1,4,56,61,1.098360655737705,0.04499494830653312,627,summer 'eave'
469,5626,0,6,55,61,1.098360655737705,0.038446030818224834,627,"Sir, you did choose ""al fresco a proprio rischio"" over ""al fresco""."
431,5626,1,4,56,61,1.098360655737705,0.04499494830653312,627,"So, how's that smoking section working for you?"
421,5626,0,6,55,61,1.098360655737705,0.038446030818224834,627,Our menu also includes some edgier items.
163,5626,0,6,55,61,1.098360655737705,0.038446030818224834,627,"We hope you like our new, ledgier menu."""
84,5626,1,4,56,61,1.098360655737705,0.04499494830653312,627,Can I suggest something on the menu a little less edgy?
2707,5626,0,6,55,61,1.098360655737705,0.038446030818224834,627,The flying squid is quite marvelous!”
820,5626,0,6,55,61,1.098360655737705,0.038446030818224834,627,We should have made a reservation!
1482,5626,0,6,55,61,1.098360655737705,0.038446030818224834,627,"By definition, what we have is haute cuisine"""
388,5626,0,6,55,61,1.098360655737705,0.038446030818224834,627,You two are seated at a table on the ledge of a building.
1576,5626,0,6,55,61,1.098360655737705,0.038446030818224834,627,Well Marvin and Gail did tell us this cuisine was edgy.
1559,5626,0,6,55,61,1.098360655737705,0.038446030818224834,627,I apologize...I thought monsieur had ordered a Fresca
2543,5626,0,6,55,61,1.098360655737705,0.038446030818224834,627,We lost our sidewalk seating
2539,5626,1,4,56,61,1.098360655737705,0.04499494830653312,627,"Welcome to ""La Maison Pigeon"".   My name is Robin and I'll be your server this evening."
2514,5626,0,6,55,61,1.098360655737705,0.038446030818224834,627,So this is your idea of a quiet and cozy corner?
2470,5626,0,6,55,61,1.098360655737705,0.038446030818224834,627,"Hmm, pork, fish, chicken or beef, whaddayathink?"
2463,5626,0,6,55,61,1.098360655737705,0.038446030818224834,627,I'm thinking that that table by the kitchen doors isn't so bad after all....
2399,5626,0,6,55,61,1.098360655737705,0.038446030818224834,627,"Honey, I thought you said this place had atmosphere."
2393,5626,1,4,56,61,1.098360655737705,0.04499494830653312,627,Our special tonight is Baronnet de Pigeon Farci.
2322,5626,1,4,56,61,1.098360655737705,0.04499494830653312,627,Semi banned ‼️ Do you think we will get what we pay for ❓
2293,5626,1,4,56,61,1.098360655737705,0.04499494830653312,627,"What an enterprising idea this chef has.  Craigslist Eats?  Finally, we can find a safe, affordable place to dine close to home."
2282,5626,0,6,55,61,1.098360655737705,0.038446030818224834,627,We're wondering if you'll be much longer. There's a line forming for that table.
2517,5626,0,6,55,61,1.098360655737705,0.038446030818224834,627,The special tonight is roasted pigeon.
2163,5626,0,6,55,61,1.098360655737705,0.038446030818224834,627,The poultry is local.
2206,5626,0,6,55,61,1.098360655737705,0.038446030818224834,627,"Next time, don't tell the hostess to seat you. Ask her."
1630,5626,0,6,55,61,1.098360655737705,0.038446030818224834,627,Did I mention the menu is free range?
1786,5626,0,6,55,61,1.098360655737705,0.038446030818224834,627,Have someone already told you about our edgy new menu?
1898,5626,0,6,55,61,1.098360655737705,0.038446030818224834,627,"Yes, that's probably a safer bet."
1697,5626,0,6,55,61,1.098360655737705,0.038446030818224834,627,My advise?  Don't order the pigeon pie.
1977,5626,0,6,55,61,1.098360655737705,0.038446030818224834,627,That Tinder profile was waaaay off
2057,5626,0,6,55,61,1.098360655737705,0.038446030818224834,627,So is this what they mean when they say “Lunch is on the House”?
2118,5626,0,6,55,61,1.098360655737705,0.038446030818224834,627,For our special this evening we are offering pigeonneau new-yorkais roti.
1963,5626,0,6,55,61,1.098360655737705,0.038446030818224834,627,The restaurateur said he wanted to take adventurous dining to a new level.
1621,5626,0,6,55,61,1.098360655737705,0.038446030818224834,627,Our specialty today is pigeon flyover
3712,5750,1,3,52,56,1.0892857142857142,0.04612789753884693,627,Let's skip the tip.
3721,5750,0,5,51,56,1.0892857142857142,0.038450387280282515,627,"Well, Yelp did say we were edgy"
4085,5750,0,5,51,56,1.0892857142857142,0.038450387280282515,627,Watch out for the pigeon droppings!
3743,5750,0,5,51,56,1.0892857142857142,0.038450387280282515,627,As you requested – no longer right next to the kitchen.
3869,5750,1,3,52,56,1.0892857142857142,0.04612789753884693,627,...and two-stepping is not permitted after dark.
3917,5750,0,5,51,56,1.0892857142857142,0.038450387280282515,627,Oh yeah  . . . you really have some pull. Al Fresco doesn’t even work here.
3941,5750,1,3,52,56,1.0892857142857142,0.04612789753884693,627,"honey, how ""local"" do you think that pigeon special is?"
3952,5750,1,3,52,56,1.0892857142857142,0.04612789753884693,627,"Live it up, Bettyjean and Al Fresco."
4329,5750,1,3,52,56,1.0892857142857142,0.04612789753884693,627,"We have balcony bouillabaisse, scrod on a hot tin roof, and for dessert, fire escape flan."
4159,5750,0,5,51,56,1.0892857142857142,0.038450387280282515,627,The Ledge Corner speciality is Pigeon Stuffed with Wild Rice
4197,5750,0,5,51,56,1.0892857142857142,0.038450387280282515,627,Nothing by the kitchen you insisted
4312,5750,0,5,51,56,1.0892857142857142,0.038450387280282515,627,Two whiskies on the ledge please!
4330,5750,1,3,52,56,1.0892857142857142,0.04612789753884693,627,"Didn't warn you: ""the quality of the food is inversely proportional to the height of the restaurant."""
4388,5750,0,5,51,56,1.0892857142857142,0.038450387280282515,627,The bird drop soup is to die for.
4412,5750,0,5,51,56,1.0892857142857142,0.038450387280282515,627,Well you did ask for something off-menu.
4430,5750,1,3,52,56,1.0892857142857142,0.04612789753884693,627,Make sure you ask the metre d for a left handed steak knife.
3702,5750,0,5,51,56,1.0892857142857142,0.038450387280282515,627,You did request a quiet table in the corner.
4489,5750,1,3,52,56,1.0892857142857142,0.04612789753884693,627,"Excuse me Sir, How is your rooftop Spegetti?"
4130,5750,0,5,51,56,1.0892857142857142,0.038450387280282515,627,When I
3663,5750,1,3,52,56,1.0892857142857142,0.04612789753884693,627,You requested the best view.
3400,5750,1,3,52,56,1.0892857142857142,0.04612789753884693,627,I’m glad we chose the seat with a view over the seat at the bar.
3601,5750,0,5,51,56,1.0892857142857142,0.038450387280282515,627,Can you guys make a little room? We've got a four top reservation that's willing to pay extra for a view.
4599,5750,0,5,51,56,1.0892857142857142,0.038450387280282515,627,This is not a rooftop restaurant!!
3054,5750,1,3,52,56,1.0892857142857142,0.04612789753884693,627,Today's specials include egg drop and tomato soup.
3062,5750,1,3,52,56,1.0892857142857142,0.04612789753884693,627,"Fear not, I take rejection very well."
3116,5750,1,3,52,56,1.0892857142857142,0.04612789753884693,627,"As you may know,we are a premier Roof to Table restaurant"
3181,5750,1,3,52,56,1.0892857142857142,0.04612789753884693,627,"When they said that our drinks were ""on the house,"" I didn't realize that they meant it literally."
3204,5750,0,5,51,56,1.0892857142857142,0.038450387280282515,627,"Well, I DID ask for a table with the best view of the city..."
3220,5750,0,5,51,56,1.0892857142857142,0.038450387280282515,627,How do you like your pigeon?
3320,5750,0,5,51,56,1.0892857142857142,0.038450387280282515,627,"I'm very sorry, but our Maître d' is quite touchy tonight."
3339,5750,0,5,51,56,1.0892857142857142,0.038450387280282515,627,This was the last window seating we had available.
3370,5750,2,1,53,56,1.0892857142857142,0.05269851592507146,627,I hear the sirens.  No time for dessert.
3412,5750,0,5,51,56,1.0892857142857142,0.038450387280282515,627,We like to think our take out reaches new heights.
3424,5750,1,3,52,56,1.0892857142857142,0.04612789753884693,627,You asked for a  ledgey table.
3436,5750,0,5,51,56,1.0892857142857142,0.038450387280282515,627,(How did the 'food with a view' joke not work?)
3441,5750,0,5,51,56,1.0892857142857142,0.038450387280282515,627,"Today we are short on our Roasted Pigeon Special
due to your choice of seating arrangements"
3464,5750,1,3,52,56,1.0892857142857142,0.04612789753884693,627,This is not what I meant when I said I liked edgy guys.
3515,5750,0,5,51,56,1.0892857142857142,0.038450387280282515,627,You did ask for a secluded corner table.
3521,5750,1,3,52,56,1.0892857142857142,0.04612789753884693,627,"Al fresco, indeed!"
3539,5750,0,5,51,56,1.0892857142857142,0.038450387280282515,627,The al fresco special is quite good tonight.
3557,5750,0,5,51,56,1.0892857142857142,0.038450387280282515,627,I'm not a fan of restaurant week anymore.
3606,5750,0,5,51,56,1.0892857142857142,0.038450387280282515,627,The kitchen is known for its creativity with squab.
4614,5750,0,5,51,56,1.0892857142857142,0.038450387280282515,627,"As a farm to table restaurant, might I recommend the fresh pigeon persillade?"
5705,5750,0,5,51,56,1.0892857142857142,0.038450387280282515,627,"Today's special is ""The Screaming Falling Couple."" And it comes with an appetizer!"
4650,5750,0,5,51,56,1.0892857142857142,0.038450387280282515,627,The maitre d' said that your political opinions make no difference to him. Your drone will take your order shortly.
5728,5750,0,5,51,56,1.0892857142857142,0.038450387280282515,627,Did you say Prosciutto?
5814,5750,0,5,51,56,1.0892857142857142,0.038450387280282515,627,Now you understand why we only have wings on the menu.
5850,5750,0,5,51,56,1.0892857142857142,0.038450387280282515,627,The beef sliders are available.
5856,5750,1,3,52,56,1.0892857142857142,0.04612789753884693,627,Clearly the last time we use Yelp
5980,5750,0,5,51,56,1.0892857142857142,0.038450387280282515,627,Al fresco-o-o-o-o-o-o-o-o-o-o-o!
5997,5750,1,3,52,56,1.0892857142857142,0.04612789753884693,627,Reservations are recommended.
6051,5750,0,5,51,56,1.0892857142857142,0.038450387280282515,627,And here we have the drop dead gorgeous view you requested.
6087,5750,0,5,51,56,1.0892857142857142,0.038450387280282515,627,"Poor Lady, he ordered the 'Drew Petersen Burger', she'll be falling for him after her first bite!"""
3052,5750,0,5,51,56,1.0892857142857142,0.038450387280282515,627,Today's specialty is fresh pigeon.
6097,5750,0,5,51,56,1.0892857142857142,0.038450387280282515,627,You had to demand a ‘table near the window! ‘ “
6215,5750,1,3,52,56,1.0892857142857142,0.04612789753884693,627,The reviews called it a groundbreaking culinary experience.
6250,5750,1,3,52,56,1.0892857142857142,0.04612789753884693,627,"Sir,I guarantee  that our house cocktail will be the last cocktail you'll ever drink."
6317,5750,1,3,52,56,1.0892857142857142,0.04612789753884693,627,The squab is exceptionally fresh.
6355,5750,0,5,51,56,1.0892857142857142,0.038450387280282515,627,"Yes, sir. We are a pigeon-free establishment."
6361,5750,1,3,52,56,1.0892857142857142,0.04612789753884693,627,Why is he talking to us through a window?
6427,5750,0,5,51,56,1.0892857142857142,0.038450387280282515,627,I don't care if you're outside or inside; I'm gonna crank it in your food.
6463,5750,1,3,52,56,1.0892857142857142,0.04612789753884693,627,"Christopher Sly...Therefore Paucas Pallabris
Let the world slide: sessa !"
6469,5750,0,5,51,56,1.0892857142857142,0.038450387280282515,627,"Yes, the pan roasted squab al mattone with porcini mustard would be an excellent choice."
6182,5750,1,3,52,56,1.0892857142857142,0.04612789753884693,627,They say the squab here is 'ledge to table'.
5646,5750,0,5,51,56,1.0892857142857142,0.038450387280282515,627,Smoking is fine just no argument.
5602,5750,0,5,51,56,1.0892857142857142,0.038450387280282515,627,...and the chef’s special tonight is pigeon a l’orange.
5540,5750,0,5,51,56,1.0892857142857142,0.038450387280282515,627,Have you dined with my parents before?
4661,5750,1,3,52,56,1.0892857142857142,0.04612789753884693,627,"Our specialty, fresh pigeon, is sourced from very close by."
4694,5750,1,3,52,56,1.0892857142857142,0.04612789753884693,627,"Ralph, is this your idea of legerdemain?"
4723,5750,0,5,51,56,1.0892857142857142,0.038450387280282515,627,"Yes, sir, the ambiance here is a bit edgy."
4741,5750,0,5,51,56,1.0892857142857142,0.038450387280282515,627,Dramamine is the Amuse-bouche.
4753,5750,0,5,51,56,1.0892857142857142,0.038450387280282515,627,The squab is nice tonight.
4832,5750,0,5,51,56,1.0892857142857142,0.038450387280282515,627,"When I asked for a table by the window, this is not what I expected."
4871,5750,0,5,51,56,1.0892857142857142,0.038450387280282515,627,Did you want to be roped in or would you prefer the free style eating experience?
4961,5750,0,5,51,56,1.0892857142857142,0.038450387280282515,627,"If I were you, I wouldn't order the eel."
4982,5750,0,5,51,56,1.0892857142857142,0.038450387280282515,627,You requested a table by a window.
4989,5750,0,5,51,56,1.0892857142857142,0.038450387280282515,627,"Sir, this is our best seating for the freshest squab."
5046,5750,0,5,51,56,1.0892857142857142,0.038450387280282515,627,The reviews did say it is edgy.
5113,5750,0,5,51,56,1.0892857142857142,0.038450387280282515,627,I hear they have the best pigeon in town.
5225,5750,0,5,51,56,1.0892857142857142,0.038450387280282515,627,This is what we call edgy plein air dining ...
5354,5750,0,5,51,56,1.0892857142857142,0.038450387280282515,627,Might I recommend the squab? It's locally sourced and used to roost on the very spot where your table is sitting.
5357,5750,0,5,51,56,1.0892857142857142,0.038450387280282515,627,You asked to be seated as far from the kitchen as possible.
5413,5750,0,5,51,56,1.0892857142857142,0.038450387280282515,627,"Sorry our restaurant was full, but as building tenants you will be getting a good discount."
5459,5750,0,5,51,56,1.0892857142857142,0.038450387280282515,627,You did request a quiet corner table.
5470,5750,0,5,51,56,1.0892857142857142,0.038450387280282515,627,"Good evening, I would avoid any special orders"
5472,5750,0,5,51,56,1.0892857142857142,0.038450387280282515,627,"I assure you, the squab is just as fresh in here."
4624,5750,0,5,51,56,1.0892857142857142,0.038450387280282515,627,"Do you need a little more time, or space?"
2975,5750,1,3,52,56,1.0892857142857142,0.04612789753884693,627,No more jokes about a mushroom omelette being the breakfast of champignons!
4918,5750,0,5,51,56,1.0892857142857142,0.038450387280282515,627,We like to think that our menu is one of the edgiest.
2952,5750,0,5,51,56,1.0892857142857142,0.038450387280282515,627,"""I hope you enjoy our private terrace. Your server will be right with you."""
1321,5750,0,5,51,56,1.0892857142857142,0.038450387280282515,627,You want private room? I give you privi-ledge. I also see comment card you leave last time.
1307,5750,0,5,51,56,1.0892857142857142,0.038450387280282515,627,And how would Madam like her pigeon cooked?
1262,5750,1,3,52,56,1.0892857142857142,0.04612789753884693,627,Albert Fresco takes his name too literally.
1247,5750,0,5,51,56,1.0892857142857142,0.038450387280282515,627,Do you have any questions about the men you see below?
1236,5750,0,5,51,56,1.0892857142857142,0.038450387280282515,627,You ARE an adventurous eater.
1235,5750,0,5,51,56,1.0892857142857142,0.038450387280282515,627,I bet you didn't know that this is what they meant by rooftop dining.
1216,5750,1,3,52,56,1.0892857142857142,0.04612789753884693,627,Now maybe you won't share Pete Wells on Facebook.
1190,5750,0,5,51,56,1.0892857142857142,0.038450387280282515,627,On the left page is the menu for daredevil prix fixe in which you are in attendance for. As you eat your courses though the night the plank you are seated on will start to break. The survivor gets a free desert!
921,5750,0,5,51,56,1.0892857142857142,0.038450387280282515,627,Is it truly necessary to go out on a ledge to enjoy your favorite food?
917,5750,0,5,51,56,1.0892857142857142,0.038450387280282515,627,The risotto is to die for
812,5750,0,5,51,56,1.0892857142857142,0.038450387280282515,627,Your tightrope will be ready shortly.
797,5750,1,3,52,56,1.0892857142857142,0.04612789753884693,627,The special is roast pidgeon.
787,5750,0,5,51,56,1.0892857142857142,0.038450387280282515,627,Order the heaviest thing on the menu.
1348,5750,1,3,52,56,1.0892857142857142,0.04612789753884693,627,Tonight's special is VERY Locally Caught Roast Pigeon.
761,5750,0,5,51,56,1.0892857142857142,0.038450387280282515,627,The Maitre'D here has never let me down when the restaurant was full.
628,5750,2,1,53,56,1.0892857142857142,0.05269851592507146,627,"My apologies; On the phone, you sounded like a pigeon."
498,5750,1,3,52,56,1.0892857142857142,0.04612789753884693,627,"When I said ""table with a view"" this isn't exactly what I meant!"
411,5750,0,5,51,56,1.0892857142857142,0.038450387280282515,627,Our special of the day is fresh-caught pigeon.
397,5750,1,3,52,56,1.0892857142857142,0.04612789753884693,627,May I suggest today's special--smash burgers and applesauce dump cake?
387,5750,0,5,51,56,1.0892857142857142,0.038450387280282515,627,The pigeon confit is locally sourced
386,5750,0,5,51,56,1.0892857142857142,0.038450387280282515,627,"Today's special is quail, if one lands on your table."
349,5750,0,5,51,56,1.0892857142857142,0.038450387280282515,627,"It's either this, or right next to the kitchen."
189,5750,1,3,52,56,1.0892857142857142,0.04612789753884693,627,Thank you for joining us at En Plein Air. We are proud of our panoramic views of the city.
184,5750,0,5,51,56,1.0892857142857142,0.038450387280282515,627,Today's special is our very locally sourced Squab al Fresco.
150,5750,1,3,52,56,1.0892857142857142,0.04612789753884693,627,And for the pigeons?
107,5750,1,3,52,56,1.0892857142857142,0.04612789753884693,627,our exclusive al fresco dining section.
6,5750,0,5,51,56,1.0892857142857142,0.038450387280282515,627,How’s that al fresco working out for you?
2962,5750,0,5,51,56,1.0892857142857142,0.038450387280282515,627,The catch of the day is wild squab.
677,5750,0,5,51,56,1.0892857142857142,0.038450387280282515,627,Localvores just LOVE our Pigeon a l'Orange
1373,5750,0,5,51,56,1.0892857142857142,0.038450387280282515,627,"Sorry, we don’t offer takeout....."
536,5750,0,5,51,56,1.0892857142857142,0.038450387280282515,627,That server was always a little edgy.
1531,5750,0,5,51,56,1.0892857142857142,0.038450387280282515,627,The special tonight is Pigeon pie...I'll just be in here until you've decided.
1465,5750,0,5,51,56,1.0892857142857142,0.038450387280282515,627,The pigeons arrive at 8:30 sharp.
2920,5750,0,5,51,56,1.0892857142857142,0.038450387280282515,627,Enjoy your meal and don’t look down.
2864,5750,0,5,51,56,1.0892857142857142,0.038450387280282515,627,shall we finish with another round of edibles?
2788,5750,0,5,51,56,1.0892857142857142,0.038450387280282515,627,"For diners on the terrace, 
the waiter suggests the locally sourced free range squab."
2656,5750,0,5,51,56,1.0892857142857142,0.038450387280282515,627,Honestly? The maitre d' figured you as the dine-and-dash type.
2620,5750,0,5,51,56,1.0892857142857142,0.038450387280282515,627,Is there a problem with the table? Only you DID ask for the table with the best view.
2584,5750,0,5,51,56,1.0892857142857142,0.038450387280282515,627,Glad they didn't misplace our 'Al fresco dinner reservations
2549,5750,1,3,52,56,1.0892857142857142,0.04612789753884693,627,Would you like to hear about our specials this evening?
2438,5750,0,5,51,56,1.0892857142857142,0.038450387280282515,627,"I may be out on a ledge for suggesting this place, but the food is really edgy here."
2363,5750,1,3,52,56,1.0892857142857142,0.04612789753884693,627,The Ledge’s Edge” — Tar Beach’s new exclusive fine dining establishment
2106,5750,1,3,52,56,1.0892857142857142,0.04612789753884693,627,Playing footsie always heightens patrons' appetite.
2082,5750,0,5,51,56,1.0892857142857142,0.038450387280282515,627,Tonight's special is pigeon l'orange
2024,5750,0,5,51,56,1.0892857142857142,0.038450387280282515,627,Today's Special is a sauteed  pigeon that we caught just today.
1996,5750,0,5,51,56,1.0892857142857142,0.038450387280282515,627,Our special tonight is locally sourced free range dove.
2478,5750,0,5,51,56,1.0892857142857142,0.038450387280282515,627,Well at least you got the view seats.
1974,5750,0,5,51,56,1.0892857142857142,0.038450387280282515,627,"You booked for our roost to table pigeon pie experience, no?"
1581,5750,0,5,51,56,1.0892857142857142,0.038450387280282515,627,"Is this far enough away from the bathroom, ma'am?"
1979,5750,0,5,51,56,1.0892857142857142,0.038450387280282515,627,Your squab will be arriving shortly
1632,5750,1,3,52,56,1.0892857142857142,0.04612789753884693,627,You did demand a table with a view.
1673,5750,0,5,51,56,1.0892857142857142,0.038450387280282515,627,"If you want dessert, you'll need to wait before you jump."
1684,5750,0,5,51,56,1.0892857142857142,0.038450387280282515,627,"Welcome to l’Edge, will you be starting with a red herring or shall we go straight to the pufferfish?"
1716,5750,0,5,51,56,1.0892857142857142,0.038450387280282515,627,"I said, 'wigeon', not 'pigeon'"
1723,5750,0,5,51,56,1.0892857142857142,0.038450387280282515,627,Could I get you started with something to take the edge off?
1763,5750,1,3,52,56,1.0892857142857142,0.04612789753884693,627,The special today is puffer fish with unpasteurized cheese
2937,5750,0,5,51,56,1.0892857142857142,0.038450387280282515,627,I didn’t ask for a ledge-able menu!
1795,5750,1,3,52,56,1.0892857142857142,0.04612789753884693,627,May I recommend the pigeon tonight. We grab it as It's flying by.
1900,5750,0,5,51,56,1.0892857142857142,0.038450387280282515,627,"Due to high winds, you'll have to debone your own fish tonight."
1947,5750,0,5,51,56,1.0892857142857142,0.038450387280282515,627,"The squab is locally sourced.  VERY local."""
1952,5750,0,5,51,56,1.0892857142857142,0.038450387280282515,627,"I said AirBNB, not AirBarBecue"
1766,5750,0,5,51,56,1.0892857142857142,0.038450387280282515,627,You had asked to dine on the terrace.
4338,5902,0,5,52,57,1.087719298245614,0.037802263481198896,627,"When you said edgy, I was thinking vegan quail eggs, or at least flambéd sabayon."
4314,5902,0,5,52,57,1.087719298245614,0.037802263481198896,627,"Monsieur, Madame, I believe you will find dinner here very edgy."
4296,5902,1,3,53,57,1.087719298245614,0.04533847748151766,627,Audebon did give us four pigeons.
3937,5902,0,5,52,57,1.087719298245614,0.037802263481198896,627,"I said the drinks were on the house, not on the ledge."
3456,5902,0,5,52,57,1.087719298245614,0.037802263481198896,627,God these migrant doves are becoming every time more sophisticated
3440,5902,0,5,52,57,1.087719298245614,0.037802263481198896,627,This is the meat eater’s  section.
3260,5902,0,5,52,57,1.087719298245614,0.037802263481198896,627,Now do you understand why this is named Cafe Edgy.
3210,5902,0,5,52,57,1.087719298245614,0.037802263481198896,627,"It clearly says ""Ledge Salad"" ma'am."
2777,5902,0,5,52,57,1.087719298245614,0.037802263481198896,627,Are your ingredients locally sourced?
2971,5902,0,5,52,57,1.087719298245614,0.037802263481198896,627,"I recommend the steaks, which are as enjoyable on-edge as they are high."
2678,5902,0,5,52,57,1.087719298245614,0.037802263481198896,627,Welcome to Chilis.”
2555,5902,0,5,52,57,1.087719298245614,0.037802263481198896,627,Where's Inarritu when you need him?
2281,5902,0,5,52,57,1.087719298245614,0.037802263481198896,627,We are having a special tonight Pigeon with sauce à l'orange
2104,5902,0,5,52,57,1.087719298245614,0.037802263481198896,627,"Tardiness will not be tolerated, madam."
2153,5902,0,5,52,57,1.087719298245614,0.037802263481198896,627,"I know how much you love to dine alfresco, but I don't think the waiter is eager to be accommodating."
2042,5902,0,5,52,57,1.087719298245614,0.037802263481198896,627,I see why you told me it was tip-top.
3036,5902,0,5,52,57,1.087719298245614,0.037802263481198896,627,The hostess assured me this was the best seat in the house.
2172,5902,1,3,53,57,1.087719298245614,0.04533847748151766,627,"Micheal:Charlene I have AIDS.
Charlene:Hit the Chug Jug,Hit the Chug Jug Hit it"
6133,5902,0,5,52,57,1.087719298245614,0.037802263481198896,627,The Prices left out
4781,5902,0,5,52,57,1.087719298245614,0.037802263481198896,627,I hear the chef's tasting menu is really on the edge.
6421,5902,0,5,52,57,1.087719298245614,0.037802263481198896,627,"Meh, a pigeons only menu."
1994,5902,0,5,52,57,1.087719298245614,0.037802263481198896,627,I understand that squab is on the menu.  Pigeons should be here shortly.
6350,5902,0,5,52,57,1.087719298245614,0.037802263481198896,627,"Well, you wanted seating with a view...."
6349,5902,0,5,52,57,1.087719298245614,0.037802263481198896,627,You did insist on our only al fresco seating.
6303,5902,0,5,52,57,1.087719298245614,0.037802263481198896,627,"Edgiest new dining experience"" was a bit of a misleading review"
6162,5902,0,5,52,57,1.087719298245614,0.037802263481198896,627,I'll throw up if I get too close so just yell when yer ready
5916,5902,0,5,52,57,1.087719298245614,0.037802263481198896,627,Our dessert special is a chocolate soufflé; but let me check to see how it turned out.
5822,5902,0,5,52,57,1.087719298245614,0.037802263481198896,627,We aren't being figurative when we say we're the edgiest place in town.
4742,5902,0,5,52,57,1.087719298245614,0.037802263481198896,627,Don't complain. You did ask to dine so fresco
5766,5902,0,5,52,57,1.087719298245614,0.037802263481198896,627,Would you like parachutes with those wine flights?
5732,5902,0,5,52,57,1.087719298245614,0.037802263481198896,627,"I asked for catering, not carrying...us out onto our roof."
5718,5902,1,3,53,57,1.087719298245614,0.04533847748151766,627,"Since Roberto left, you must order from the window."
5649,5902,0,5,52,57,1.087719298245614,0.037802263481198896,627,And for starters I should tell you we're all out of the coq au vin.
5448,5902,1,3,53,57,1.087719298245614,0.04533847748151766,627,It is a good think that I am wearing my mountain goat shoes.
5339,5902,0,5,52,57,1.087719298245614,0.037802263481198896,627,You asked for a quiet corner.
5141,5902,0,5,52,57,1.087719298245614,0.037802263481198896,627,At least we have a great view
4963,5902,1,3,53,57,1.087719298245614,0.04533847748151766,627,"Monsieur, our breadsticks are to die for."
4869,5902,0,5,52,57,1.087719298245614,0.037802263481198896,627,"Our squab is the best in Manhattan, if you see any out there..."
5742,5902,0,5,52,57,1.087719298245614,0.037802263481198896,627,"Yes, the fresh pigeonneau en croute, with foie-gras sauce, would be an excellent choice."
1913,5902,0,5,52,57,1.087719298245614,0.037802263481198896,627,Usually we expect to see our guests smoking when they've asked for the balcony.
4512,5902,0,5,52,57,1.087719298245614,0.037802263481198896,627,"Just a reminder, we'll need you to sign that release about the pigeons before you order."
1638,5902,0,5,52,57,1.087719298245614,0.037802263481198896,627,"Hey Marcel, I dare you to recommend the salad bar."
1686,5902,0,5,52,57,1.087719298245614,0.037802263481198896,627,"she ... Dare you to look down!
he ... No, I dare you!!"
310,5902,0,5,52,57,1.087719298245614,0.037802263481198896,627,"Sure, we have table service -- but it's not cheap."
454,5902,0,5,52,57,1.087719298245614,0.037802263481198896,627,Occupancy by more than zero people is both unsafe and illegal.
513,5902,0,5,52,57,1.087719298245614,0.037802263481198896,627,Sorry-- we're fresh out of pigeon.
633,5902,0,5,52,57,1.087719298245614,0.037802263481198896,627,"That's Pigeon week-days, and Dove Saturday-Sunday."
634,5902,0,5,52,57,1.087719298245614,0.037802263481198896,627,The squab is fresh today.
533,5902,0,5,52,57,1.087719298245614,0.037802263481198896,627,"As you can see, we try to cater to a clientele that likes to eat on the edge."
876,5902,0,5,52,57,1.087719298245614,0.037802263481198896,627,Not exactly what I meant by “rooftop bar season”
922,5902,0,5,52,57,1.087719298245614,0.037802263481198896,627,Of course there is a surcharge for roof seating
1063,5902,0,5,52,57,1.087719298245614,0.037802263481198896,627,"This way there is no waiting for waiting for a table, and gives our entrees a real edge."
1095,5902,0,5,52,57,1.087719298245614,0.037802263481198896,627,I'm afraid I misunderstood what he meant when he offered window service.
1466,5902,1,3,53,57,1.087719298245614,0.04533847748151766,627,"At any time, you may begin to enjoy our pidgin droppings pate."
1478,5902,1,3,53,57,1.087719298245614,0.04533847748151766,627,Is this what you meant by an out of the way location?
863,5902,0,5,52,57,1.087719298245614,0.037802263481198896,627,Ok with you to pass the food out there?
3026,5958,0,5,53,58,1.0862068965517242,0.03717555967998436,627,Now I know why it is hard to get a table here!
3559,5958,1,3,54,58,1.0862068965517242,0.044575586536534074,627,"'Hurry, before the pigeons come back'"
3407,5958,0,5,53,58,1.0862068965517242,0.03717555967998436,627,"I feel like a pigeon, perched out here precariously, hopefully it’s not a sorghun menu..."
3317,5958,0,5,53,58,1.0862068965517242,0.03717555967998436,627,"Puts a new spin on balcony dining, don't you say?"
3259,5958,0,5,53,58,1.0862068965517242,0.03717555967998436,627,Would you care to try our 'lovers leap mint julip.'
3074,5958,0,5,53,58,1.0862068965517242,0.03717555967998436,627,"The food is edgy, too."
2932,5958,1,3,54,58,1.0862068965517242,0.044575586536534074,627,Big Spender - dinner on the patio.
2403,5958,0,5,53,58,1.0862068965517242,0.03717555967998436,627,"When you said this would be an edgy date, this isn't what I thought you had in mind."
2753,5958,0,5,53,58,1.0862068965517242,0.03717555967998436,627,Our locally sourced Pigeon Cornice was secured within ten feet of your table.
2729,5958,0,5,53,58,1.0862068965517242,0.03717555967998436,627,Chef recommends the Baronnet de Pigeon Farci.
2696,5958,0,5,53,58,1.0862068965517242,0.03717555967998436,627,"When your husband says, ""the food here is to die for"", be sure you choose your seat carefully!"
2587,5958,0,5,53,58,1.0862068965517242,0.03717555967998436,627,All of our pigeon is sourced hyper-locally.
2425,5958,0,5,53,58,1.0862068965517242,0.03717555967998436,627,I don’t recommend the squab.  The neighbors out there get testy about it.
3946,5958,0,5,53,58,1.0862068965517242,0.03717555967998436,627,I suggest you avoid the roasted squab this evening.
2130,5958,0,5,53,58,1.0862068965517242,0.03717555967998436,627,Is the squab fresh? Take your pick
2838,5958,0,5,53,58,1.0862068965517242,0.03717555967998436,627,"'You heard ""edgy"" but I clearly said the chef was ""ledgy"".'"
4050,5958,1,3,54,58,1.0862068965517242,0.044575586536534074,627,You always go for these edgy menus
4846,5958,0,5,53,58,1.0862068965517242,0.03717555967998436,627,"And tonight's special, a locally sourced free-range pigeon..."
4285,5958,0,5,53,58,1.0862068965517242,0.03717555967998436,627,We’re known for edgey cuisine.
5913,5958,0,5,53,58,1.0862068965517242,0.03717555967998436,627,I see that the pigeons have evolved.
5785,5958,0,5,53,58,1.0862068965517242,0.03717555967998436,627,Today's special is the pigeon au vol. Catch it while it's hot!
5760,5958,0,5,53,58,1.0862068965517242,0.03717555967998436,627,I'm guessing it's with the food as with the view - don't look down!
5517,5958,0,5,53,58,1.0862068965517242,0.03717555967998436,627,"May I suggest, you savor the moment, and put on your parachutes."
5488,5958,0,5,53,58,1.0862068965517242,0.03717555967998436,627,Is the roast pigeon a l'orange local?
5420,5958,0,5,53,58,1.0862068965517242,0.03717555967998436,627,"Our special today: local pigeon, line-caught and smoked on premises."
5318,5958,0,5,53,58,1.0862068965517242,0.03717555967998436,627,Enjoy your stay but make sure not to sell we don’t want to start buying gravestones
5293,5958,0,5,53,58,1.0862068965517242,0.03717555967998436,627,"I know we're noisy, but you'll have to come in to be served"
5170,5958,0,5,53,58,1.0862068965517242,0.03717555967998436,627,"On the plus side, sir, it has a great window view."
5168,5958,0,5,53,58,1.0862068965517242,0.03717555967998436,627,Specials today include parachute asparagus wrapped in a crisp chicken skin.
4958,5958,0,5,53,58,1.0862068965517242,0.03717555967998436,627,They said we 'll be excited in new Happy Hour location.
4889,5958,0,5,53,58,1.0862068965517242,0.03717555967998436,627,It' s part of the Daily Special.
2096,5958,0,5,53,58,1.0862068965517242,0.03717555967998436,627,"Only one way to skip out on this bill - enjoy!

---

Let every chuckle, unbuckle, all the hated we know, to become all the happiness we can be.

God Bless."
4820,5958,0,5,53,58,1.0862068965517242,0.03717555967998436,627,Tonight's specials include local squab.
4778,5958,0,5,53,58,1.0862068965517242,0.03717555967998436,627,The roast pigeon pie is our signature dish.
4569,5958,0,5,53,58,1.0862068965517242,0.03717555967998436,627,"86 the groundfish, Johnny! Chef wants us pushing that Fall menu."
4508,5958,0,5,53,58,1.0862068965517242,0.03717555967998436,627,Our house red really helps to take the edge off.
4249,5958,1,3,54,58,1.0862068965517242,0.044575586536534074,627,Wanna hear our specials?
2017,5958,0,5,53,58,1.0862068965517242,0.03717555967998436,627,"As requested, table with avenue."
3771,5958,0,5,53,58,1.0862068965517242,0.03717555967998436,627,"Special tonight is ledge-to-table, organic squab"
1352,5958,0,5,53,58,1.0862068965517242,0.03717555967998436,627,They are known for the squab
1928,5958,0,5,53,58,1.0862068965517242,0.03717555967998436,627,This helps us get around our Christians only policy.
73,5958,0,5,53,58,1.0862068965517242,0.03717555967998436,627,May  I recommend our locally outsourced squab?
80,5958,0,5,53,58,1.0862068965517242,0.03717555967998436,627,They look as happy as usual.
271,5958,1,3,54,58,1.0862068965517242,0.044575586536534074,627,The squab is very fresh.
292,5958,1,3,54,58,1.0862068965517242,0.044575586536534074,627,"...and our house special, blended with three kinds of rum, the Nauseous Viewpoint."
343,5958,0,5,53,58,1.0862068965517242,0.03717555967998436,627,Mom. Dad.  You are welcome to come back in when you are done  playing footsie at the table.
264,5958,0,5,53,58,1.0862068965517242,0.03717555967998436,627,I'd go with the Baked Scrod: it's non-threatening.
611,5958,0,5,53,58,1.0862068965517242,0.03717555967998436,627,"Well, I guess it's either the roasted pigeon with garlic butter sauce or baked rats au gratin."
717,5958,0,5,53,58,1.0862068965517242,0.03717555967998436,627,Welcome to Cafe Al Fresco.
880,5958,1,3,54,58,1.0862068965517242,0.044575586536534074,627,Sure I live into the edge- makes every meal tastes like our last meal
1072,5958,0,5,53,58,1.0862068965517242,0.03717555967998436,627,"Don't  you think Al Fresco is a little 
off kilter?"
1224,5958,0,5,53,58,1.0862068965517242,0.03717555967998436,627,This side-walk cafe game is for the birds. So why are we here?
374,5958,1,3,54,58,1.0862068965517242,0.044575586536534074,627,"Sorry for the confusion , but our roof guests must use the ""take-out"" menu, since you're actually taking it outdoors ."
4189,6011,0,4,49,53,1.0754716981132075,0.03663114503374153,627,We don't get a lot of drop-in customers.
3921,6011,0,4,49,53,1.0754716981132075,0.03663114503374153,627,"So, this is al fresco?"
3925,6011,0,4,49,53,1.0754716981132075,0.03663114503374153,627,"'Evening, folks! My name is Cliff and I'll be shoving ... excuse me, serving you tonight. Can I start you off with two cold ones?"
3929,6011,0,4,49,53,1.0754716981132075,0.03663114503374153,627,"The special tonight is Pigeon. 
The soup tonight is Pigeon. 
The dessert tonight is ..."
3989,6011,0,4,49,53,1.0754716981132075,0.03663114503374153,627,This isn't quite what I pictured when you said al fresco dining.
4107,6011,0,4,49,53,1.0754716981132075,0.03663114503374153,627,Our special this evening is fresh squab.
4268,6011,0,4,49,53,1.0754716981132075,0.03663114503374153,627,This is why I don’t eat out in the city anymore...
4647,6011,0,4,49,53,1.0754716981132075,0.03663114503374153,627,"In the future I would suggest no more late reservations, sir."
4450,6011,0,4,49,53,1.0754716981132075,0.03663114503374153,627,"""We're sorry, but our downstairs open air bistro is completely booked."""
4473,6011,0,4,49,53,1.0754716981132075,0.03663114503374153,627,Our Wi-Fi isn't working; you'll have to order at the window.
4538,6011,0,4,49,53,1.0754716981132075,0.03663114503374153,627,"Sorry, we are out of High-Rise Cocktail."
4601,6011,0,4,49,53,1.0754716981132075,0.03663114503374153,627,Would you like to start off with our ledge salad?
3911,6011,0,4,49,53,1.0754716981132075,0.03663114503374153,627,"Just being seated here is the thrill of a lifetime, no?"
4652,6011,0,4,49,53,1.0754716981132075,0.03663114503374153,627,I don’t want to go out on a ledge but I assume this is your first and last date.
4297,6011,1,2,50,53,1.0754716981132075,0.045470102170741766,627,"Are you ready to order the poison mushrooms, Murray, or shall I douse the ledge with olive oil?"
3878,6011,0,4,49,53,1.0754716981132075,0.03663114503374153,627,May I suggest you begin with the birds nest soup
3681,6011,0,4,49,53,1.0754716981132075,0.03663114503374153,627,they say falling to you're death stew is god with a little bit of screaming
3752,6011,0,4,49,53,1.0754716981132075,0.03663114503374153,627,May I recommend the squab? It's local.
3126,6011,0,4,49,53,1.0754716981132075,0.03663114503374153,627,May I recommend the pigeon peas with mango?
3130,6011,0,4,49,53,1.0754716981132075,0.03663114503374153,627,"You can't help it, 
Livin' on the edge, 
But eatin' on the edge?"
3131,6011,0,4,49,53,1.0754716981132075,0.03663114503374153,627,"You have selected our ""drop dead"" menu."
3165,6011,0,4,49,53,1.0754716981132075,0.03663114503374153,627,I told you we should have tipped more last time.
3340,6011,0,4,49,53,1.0754716981132075,0.03663114503374153,627,Everything we do here is cutting edge.
3404,6011,0,4,49,53,1.0754716981132075,0.03663114503374153,627,Might I recommend the breadsticks paired with an unreasonable number of  pigeons
3498,6011,0,4,49,53,1.0754716981132075,0.03663114503374153,627,I can see your a little on edge about ordering.
3870,6011,0,4,49,53,1.0754716981132075,0.03663114503374153,627,"And every dish is finished with a drizzle of our
signature pigeon poop remoulade."
3513,6011,0,4,49,53,1.0754716981132075,0.03663114503374153,627,"We're on the edge of a ledge. Why don't we get the wedge?


tryon.ptc@gmail.com
Patrick Calhoun"
3635,6011,0,4,49,53,1.0754716981132075,0.03663114503374153,627,"I am sorry, but when you do not tip ze maitre d’, zees is where you get seated."
3643,6011,0,4,49,53,1.0754716981132075,0.03663114503374153,627,"Well, it is outdoor dining..."
4664,6011,0,4,49,53,1.0754716981132075,0.03663114503374153,627,I recommend the 'ledge' salad
3690,6011,0,4,49,53,1.0754716981132075,0.03663114503374153,627,How are you enjoying our menu so far?
3699,6011,0,4,49,53,1.0754716981132075,0.03663114503374153,627,"For the last time, I know rooftop patios are trendy, but we do not have one!"
3729,6011,1,2,50,53,1.0754716981132075,0.045470102170741766,627,We do believe in tipping...
6487,6011,0,4,49,53,1.0754716981132075,0.03663114503374153,627,"I suggest the pigeon, it's very fresh."
3561,6011,0,4,49,53,1.0754716981132075,0.03663114503374153,627,I agree this place is definitely edgy.
4675,6011,0,4,49,53,1.0754716981132075,0.03663114503374153,627,My phone said this place is perfect if you like to live on the edge.
5127,6011,0,4,49,53,1.0754716981132075,0.03663114503374153,627,You know our rule. ALWAYS check the reviews for Restaurant Air B&B.
4726,6011,0,4,49,53,1.0754716981132075,0.03663114503374153,627,I thought you asked for a ledge table and not if our menu was ledgible
6048,6011,0,4,49,53,1.0754716981132075,0.03663114503374153,627,The special tonight is Pigeon Wellington with glazed shallots.
6023,6011,0,4,49,53,1.0754716981132075,0.03663114503374153,627,If I may recommend the squab.
5963,6011,0,4,49,53,1.0754716981132075,0.03663114503374153,627,"I wanted a table near a waiter, not a waiter near a window"
5944,6011,0,4,49,53,1.0754716981132075,0.03663114503374153,627,"You said it was ""high"" but ALFRESCO TAKE OUT 
is pricey even with window service!"
5903,6011,1,2,50,53,1.0754716981132075,0.045470102170741766,627,"Its high altitude cuisine, the chef is from Nepal."
5886,6011,0,4,49,53,1.0754716981132075,0.03663114503374153,627,"No, the table is al fresco, not my name."
5855,6011,0,4,49,53,1.0754716981132075,0.03663114503374153,627,Tonight's Chef Choice is pigeon.
5798,6011,0,4,49,53,1.0754716981132075,0.03663114503374153,627,Look! I told you this place has a thousand  stars!
5702,6011,0,4,49,53,1.0754716981132075,0.03663114503374153,627,I hear the food is awful but its worth it just for the view.
5538,6011,0,4,49,53,1.0754716981132075,0.03663114503374153,627,"I'm your new waiter. ""Klutzy"" Kensington is no longer with us."
5527,6011,0,4,49,53,1.0754716981132075,0.03663114503374153,627,"Might I recommend the escargots this evening, and next time . . . a reservation."
5502,6011,0,4,49,53,1.0754716981132075,0.03663114503374153,627,The Bananas Foster is to die for.
5438,6011,0,4,49,53,1.0754716981132075,0.03663114503374153,627,This is not exactly what I pictured when you said you like living on the edge.
3072,6011,0,4,49,53,1.0754716981132075,0.03663114503374153,627,This is the city. What did you think I meant by the front porch?
5425,6011,0,4,49,53,1.0754716981132075,0.03663114503374153,627,Is everything alright?  You seem a little on edge tonight.
6106,6011,0,4,49,53,1.0754716981132075,0.03663114503374153,627,"I apologize, but this was the only high-top table we had left."
6142,6011,0,4,49,53,1.0754716981132075,0.03663114503374153,627,Think drive through...
6154,6011,0,4,49,53,1.0754716981132075,0.03663114503374153,627,The chocolate Grand Marnier souffle is to die for.
6313,6011,0,4,49,53,1.0754716981132075,0.03663114503374153,627,Not exactly New Orleans but good effort for Starke.
4845,6011,0,4,49,53,1.0754716981132075,0.03663114503374153,627,"I should have taken your dating profile more seriously, you clearly do like living on the edge!"
4899,6011,1,2,50,53,1.0754716981132075,0.045470102170741766,627,"We have squab, squab fois gras and squab pie - extremely fresh."
4951,6011,0,4,49,53,1.0754716981132075,0.03663114503374153,627,Ordering the blowfish is a little edgy.
5121,6011,0,4,49,53,1.0754716981132075,0.03663114503374153,627,You wished to dine out?
5218,6011,0,4,49,53,1.0754716981132075,0.03663114503374153,627,Do you prefer your pigeon baked or grilled?
5286,6011,1,2,50,53,1.0754716981132075,0.045470102170741766,627,"Um, ‘edgy’ refers to the experience, not the menu."
5307,6011,0,4,49,53,1.0754716981132075,0.03663114503374153,627,I was told he takes haute cuisine to a new level.
4719,6011,0,4,49,53,1.0754716981132075,0.03663114503374153,627,The pigeon is locally raised.
5333,6011,0,4,49,53,1.0754716981132075,0.03663114503374153,627,Apple pie now requires proof of citizenship!
6468,6011,0,4,49,53,1.0754716981132075,0.03663114503374153,627,"Carl, this is what happens when we don't make reservations"
6457,6011,0,4,49,53,1.0754716981132075,0.03663114503374153,627,Elevated al fresco dining
6418,6011,0,4,49,53,1.0754716981132075,0.03663114503374153,627,"Now, you did ask for a table by the window..."
6373,6011,0,4,49,53,1.0754716981132075,0.03663114503374153,627,Did you say tipping is optional here?
6366,6011,0,4,49,53,1.0754716981132075,0.03663114503374153,627,Would you like to hear the specials from our al fresco menu?”
6335,6011,0,4,49,53,1.0754716981132075,0.03663114503374153,627,"Your bird droppings should be arriving shortly, monsieur."
6324,6011,0,4,49,53,1.0754716981132075,0.03663114503374153,627,We've heard theme restaurants are big right now.
5404,6011,0,4,49,53,1.0754716981132075,0.03663114503374153,627,I have your buffet
3040,6011,0,4,49,53,1.0754716981132075,0.03663114503374153,627,"Madame et Monsieur, our Chateau Briand for two eez sooooo zucculent zat eet will put you over zee edge."
3740,6011,0,4,49,53,1.0754716981132075,0.03663114503374153,627,"Talk about living on the edge, this brings dining al fresco to a new level!"
2922,6011,0,4,49,53,1.0754716981132075,0.03663114503374153,627,Your squab will be here shortly.
1166,6011,0,4,49,53,1.0754716981132075,0.03663114503374153,627,Parallel play
1164,6011,0,4,49,53,1.0754716981132075,0.03663114503374153,627,This is taking business cuts a little too far.
1135,6011,1,2,50,53,1.0754716981132075,0.045470102170741766,627,Yes sir. Our menu does go out on a limb to match the ambiance.
1129,6011,0,4,49,53,1.0754716981132075,0.03663114503374153,627,Our special this evening is pigeon.
1118,6011,0,4,49,53,1.0754716981132075,0.03663114503374153,627,Welcome to our new seasonal rooftop dining section.
1055,6011,0,4,49,53,1.0754716981132075,0.03663114503374153,627,"'Exclusive"" is not the only criterion."
1039,6011,0,4,49,53,1.0754716981132075,0.03663114503374153,627,So...do you want to split an appetizer or should we just order our entrees now?
931,6011,0,4,49,53,1.0754716981132075,0.03663114503374153,627,"I've heard they have the freshest squab in town, here!"
925,6011,0,4,49,53,1.0754716981132075,0.03663114503374153,627,"Yes, 'al fresco' has many shadings in the city."""
916,6011,0,4,49,53,1.0754716981132075,0.03663114503374153,627,"Not sky-high, sir, just pigeon-high."
1202,6011,0,4,49,53,1.0754716981132075,0.03663114503374153,627,Surprise.. Surprise. Fresh Pigeon on the Menu. WOW
832,6011,0,4,49,53,1.0754716981132075,0.03663114503374153,627,Tonight's special is a ledge-to-table roast squab
559,6011,0,4,49,53,1.0754716981132075,0.03663114503374153,627,Would you like to hear the al fresco specials?
412,6011,0,4,49,53,1.0754716981132075,0.03663114503374153,627,Tonight's special is fresh pigeon.
393,6011,0,4,49,53,1.0754716981132075,0.03663114503374153,627,"The fresh list includes pidgeon, wildfire smoke and an occasional aircraft."
347,6011,0,4,49,53,1.0754716981132075,0.03663114503374153,627,I recommend the Death by Chocolate cake if you really want to live life on the edge.
263,6011,0,4,49,53,1.0754716981132075,0.03663114503374153,627,The pasta del ledge is today's special.
183,6011,0,4,49,53,1.0754716981132075,0.03663114503374153,627,"The pigeon is superb, Madame, but I don't recommend the gravy."
153,6011,0,4,49,53,1.0754716981132075,0.03663114503374153,627,Can we order the parachutes.
136,6011,0,4,49,53,1.0754716981132075,0.03663114503374153,627,May I recommend the squab for dinner tonight.
59,6011,0,4,49,53,1.0754716981132075,0.03663114503374153,627,"table with a view.
Patrick McGuire Waldorf MD"
2994,6011,0,4,49,53,1.0754716981132075,0.03663114503374153,627,May I recommend going straight to the dessert course?
771,6011,0,4,49,53,1.0754716981132075,0.03663114503374153,627,We're out of the taramasalata.
1238,6011,0,4,49,53,1.0754716981132075,0.03663114503374153,627,Tonight our special is Elvis Parsley.
41,6011,0,4,49,53,1.0754716981132075,0.03663114503374153,627,We also have some specials that are just to die for.
1315,6011,0,4,49,53,1.0754716981132075,0.03663114503374153,627,I really appreciate the lengths you plainclothes police go to but it's still going to be my last meal.
2862,6011,0,4,49,53,1.0754716981132075,0.03663114503374153,627,I'd recommend the pigeon. They're very fresh.
2828,6011,0,4,49,53,1.0754716981132075,0.03663114503374153,627,It seems right that the special is squab.
2816,6011,0,4,49,53,1.0754716981132075,0.03663114503374153,627,May I Recommend The Escargoooooooo.......t
2808,6011,0,4,49,53,1.0754716981132075,0.03663114503374153,627,You don't want to order the couscous.  The pigeons love it.
2743,6011,0,4,49,53,1.0754716981132075,0.03663114503374153,627,We are out of the pidgeon.
2686,6011,0,4,49,53,1.0754716981132075,0.03663114503374153,627,"... and our daily special, roast pigeon."
2652,6011,0,4,49,53,1.0754716981132075,0.03663114503374153,627,Is this table private enough for the both of you?
2534,6011,0,4,49,53,1.0754716981132075,0.03663114503374153,627,“We here at Alfredo on the Edge take our name both literally and figuratively as exemplified by our unique location and haute cuisine menu.”
2484,6011,0,4,49,53,1.0754716981132075,0.03663114503374153,627,That table is never available on February 29th.
2237,6011,0,4,49,53,1.0754716981132075,0.03663114503374153,627,Split the law suit with me and the special includes a side of hepatitis.
2170,6011,0,4,49,53,1.0754716981132075,0.03663114503374153,627,"To you it's the Plunge, to us it's a cancellation."
2721,6011,1,2,50,53,1.0754716981132075,0.045470102170741766,627,Maybe we should have taken the table next to the kitchen!
2115,6011,0,4,49,53,1.0754716981132075,0.03663114503374153,627,With our new limburger based options the seating is best for everyone.
1351,6011,0,4,49,53,1.0754716981132075,0.03663114503374153,627,These prices are thru the roof !
2152,6011,0,4,49,53,1.0754716981132075,0.03663114503374153,627,Mebbe the fall salad to start?
1386,6011,0,4,49,53,1.0754716981132075,0.03663114503374153,627,Your waiter will be with you soon....I do hope you enjoy our wonderful new al  fresco seating.....
1414,6011,0,4,49,53,1.0754716981132075,0.03663114503374153,627,"I don’t care how great the service is, i’m still jumping"
1594,6011,0,4,49,53,1.0754716981132075,0.03663114503374153,627,"Somebody farted, and it wasn’t me."
1261,6011,0,4,49,53,1.0754716981132075,0.03663114503374153,627,"And for dessert, we have a deliciously playful Creme “At-Least-Your-Relationship-Isn’t-Fully-In-The-Gutter-Yet” Brulee ."
1943,6011,0,4,49,53,1.0754716981132075,0.03663114503374153,627,We've run out of pigeon pie
2025,6011,0,4,49,53,1.0754716981132075,0.03663114503374153,627,Might I recommend the spicy charred octopus to start? It's very edgy.
2048,6011,0,4,49,53,1.0754716981132075,0.03663114503374153,627,This explains the high prices.
1657,6011,0,4,49,53,1.0754716981132075,0.03663114503374153,627,Have you tried the jumping beans?
2050,6011,0,4,49,53,1.0754716981132075,0.03663114503374153,627,This is why I prefer the aisle.
5818,6138,0,4,50,54,1.0740740740740742,0.035973550457676445,627,We've got a special on pigeon.
6452,6138,0,4,50,54,1.0740740740740742,0.035973550457676445,627,The pigeon is off today.
3753,6138,0,4,50,54,1.0740740740740742,0.035973550457676445,627,Mental note: stick to Hinge
3688,6138,0,4,50,54,1.0740740740740742,0.035973550457676445,627,The smoking section is worse
1911,6138,0,4,50,54,1.0740740740740742,0.035973550457676445,627,We 86'ed the cassoulet.  And we need your table by 7:30
1429,6138,0,4,50,54,1.0740740740740742,0.035973550457676445,627,Care to see the Jumpers Only menu???
982,6138,1,2,51,54,1.0740740740740742,0.044642002106734975,627,"Are you ready to order, Mrs. Conway?"
946,6138,0,4,50,54,1.0740740740740742,0.035973550457676445,627,"You said you wanted ""edgy and outside"" for your table."
716,6138,0,4,50,54,1.0740740740740742,0.035973550457676445,627,"Well, you probably shouldn't have asked our new maitre d' for a small table in the corner."
354,6138,0,4,50,54,1.0740740740740742,0.035973550457676445,627,"Just to remind you, I'll need that table back by nine for another booking."
1626,6138,0,4,50,54,1.0740740740740742,0.035973550457676445,627,Privacy is our specialty...that and whopping big stiff drinks.
369,6138,0,4,50,54,1.0740740740740742,0.035973550457676445,627,I guess you really can’t go home again.
3341,6150,0,3,45,48,1.0625,0.035308292679127,627,So sorry.  That’s the fifth waiter we lost thai week.  I have another sent out immediately.
3953,6151,0,3,47,50,1.06,0.033926691677251195,627,why did you ask not to be seated next to the bathroom.
3884,6151,0,3,47,50,1.06,0.033926691677251195,627,did you request separate tables?
3876,6151,0,3,47,50,1.06,0.033926691677251195,627,May I recommend the pigeon-under-glass?
3864,6151,0,3,47,50,1.06,0.033926691677251195,627,"When you said we were going out for dinner, 
this is not what I had in mind."
3853,6151,0,3,47,50,1.06,0.033926691677251195,627,The last time Marla would request a table with a view.
3848,6151,0,3,47,50,1.06,0.033926691677251195,627,Tonight we're featuring pigeon.
3801,6151,0,3,47,50,1.06,0.033926691677251195,627,"Our special tonight is a roasted pigeon, caught locally right here on this ledge."
3985,6151,0,3,47,50,1.06,0.033926691677251195,627,The fresh catch of the day is rock dove.
3792,6151,0,3,47,50,1.06,0.033926691677251195,627,Our menu reaches new plateaus.
3957,6151,0,3,47,50,1.06,0.033926691677251195,627,That’s what you get for asking for a table away from the kitchen. I’ll have the scampi in garlic sauce.
4011,6151,0,3,47,50,1.06,0.033926691677251195,627,"Honey, I know you’re trying to be a different person these days, but I just don’t think this is a great idea."
4180,6151,0,3,47,50,1.06,0.033926691677251195,627,Whoever leans back the farthest gets a free meal.
4024,6151,0,3,47,50,1.06,0.033926691677251195,627,"Madame, Monsieur, tonight we have designed a very special evening for you."
3774,6151,0,3,47,50,1.06,0.033926691677251195,627,We're proud to serve a menu of classic dishes in an edgy urban atmosphere.
4431,6151,0,3,47,50,1.06,0.033926691677251195,627,The Chef will jump out of the window in a moment
4416,6151,0,3,47,50,1.06,0.033926691677251195,627,"If there's a wind, the chicken wings are free."
4414,6151,0,3,47,50,1.06,0.033926691677251195,627,I think they're pushing towards the fish special.
4407,6151,0,3,47,50,1.06,0.033926691677251195,627,"Sir, you did ask for something '""adventurous""."
4400,6151,0,3,47,50,1.06,0.033926691677251195,627,I recommend our lighter fare.
4399,6151,0,3,47,50,1.06,0.033926691677251195,627,"When you asked for a second chance, I didn’t think you meant you were literally a man on a ledge.”"
4361,6151,0,3,47,50,1.06,0.033926691677251195,627,Excellent choice folks! Amazon now uses carrier pigeons to deliver your order.
4354,6151,0,3,47,50,1.06,0.033926691677251195,627,I strongly recommend the prix fixe.
4302,6151,0,3,47,50,1.06,0.033926691677251195,627,Try the pigeon.  It's local.
4259,6151,0,3,47,50,1.06,0.033926691677251195,627,"Big Man, Big Suite of Armor, Take That Off, Who Are You?"
4179,6151,0,3,47,50,1.06,0.033926691677251195,627,Could you ask our waiter to hover on the other side
4152,6151,0,3,47,50,1.06,0.033926691677251195,627,so today's special is Frisson?
4149,6151,0,3,47,50,1.06,0.033926691677251195,627,The special is Ledge Salad with Skirt steak.
4144,6151,1,1,48,50,1.06,0.04435478484645721,627,"I'll get the check - but you're going to have to sleep with me, Bill."
4137,6151,0,3,47,50,1.06,0.033926691677251195,627,"And to finish, our special New York Air Soufle."
4123,6151,0,3,47,50,1.06,0.033926691677251195,627,We will start with the grilled pigeon droppings.
4117,6151,0,3,47,50,1.06,0.033926691677251195,627,Maybe we should just pay the import tax so we can sit inside?
4078,6151,0,3,47,50,1.06,0.033926691677251195,627,I hope you enjoy your meal living on the edge!
4064,6151,0,3,47,50,1.06,0.033926691677251195,627,"08-20-18

“Well, now you can tell your uptown friends what happens to you when u ask if the ranch is home-made or not”"
4034,6151,0,3,47,50,1.06,0.033926691677251195,627,Would you like to start with some drinks? We have grape Kool-Aid.
4018,6151,0,3,47,50,1.06,0.033926691677251195,627,"May I recommend our specialty ""pigeon under glass""?"
3759,6151,0,3,47,50,1.06,0.033926691677251195,627,"Yes, the chef has assured me that the squab is local and very fresh."
3246,6151,0,3,47,50,1.06,0.033926691677251195,627,Mr. Miller let me know when you're ready to order.
3717,6151,0,3,47,50,1.06,0.033926691677251195,627,Today's special is catch your own pigeon.
3211,6151,0,3,47,50,1.06,0.033926691677251195,627,Your Captured Pigeon Cooked to Perfection
3186,6151,0,3,47,50,1.06,0.033926691677251195,627,I'm going out on a ledge here - but may I suggest the in-side salad
3175,6151,0,3,47,50,1.06,0.033926691677251195,627,May I suggest the specialty of the house....pigeon pot pie?
3173,6151,0,3,47,50,1.06,0.033926691677251195,627,I hope our credit card doesn't get rejected.
3169,6151,0,3,47,50,1.06,0.033926691677251195,627,"Please be aware, management assumes no risk and makes no assurances, should any member of your party choose to consume alcoholic beverages."
3155,6151,0,3,47,50,1.06,0.033926691677251195,627,This is our take on modern dining. The food is still undercooked but at least it’s served in a highly unconventional setting. Enjoy.
3138,6151,0,3,47,50,1.06,0.033926691677251195,627,Just before poor Charlie fell off his chair.
3108,6151,0,3,47,50,1.06,0.033926691677251195,627,Spike is your server; he'll be taking care of you.
3032,6151,0,3,47,50,1.06,0.033926691677251195,627,"So, why have you brought me to this alleged Three Star Restaurant?"
3029,6151,0,3,47,50,1.06,0.033926691677251195,627,Welcome to ‘The Roof’. We are currently the edgiest restaurant according to TripAdvisor.
3025,6151,0,3,47,50,1.06,0.033926691677251195,627,"Tonight the pigeon is a safe choice."""
3012,6151,0,3,47,50,1.06,0.033926691677251195,627,This restaurant claims to be the height of elegance.
3009,6151,0,3,47,50,1.06,0.033926691677251195,627,"We are out of roasted pigeon right now, but, be patient, Mademoiselle, the night is young."
3007,6151,0,3,47,50,1.06,0.033926691677251195,627,It's called the 'head over heels' special for a reason
2999,6151,0,3,47,50,1.06,0.033926691677251195,627,The chef requires a dining room as edgy as the menu.
3230,6151,0,3,47,50,1.06,0.033926691677251195,627,The pigeon is not served on this terrace.
3244,6151,0,3,47,50,1.06,0.033926691677251195,627,"I'm sure we can discuss 'table by the window' later, but would you care to start with some drinks"
4443,6151,0,3,47,50,1.06,0.033926691677251195,627,"Oh Marvin, I love your idea of living on the edge."
3250,6151,0,3,47,50,1.06,0.033926691677251195,627,"Might I suggest grilled or scalloped railing, with a dollop of safety net?"
3708,6151,0,3,47,50,1.06,0.033926691677251195,627,Hurry up - I hate getting the ledge duty-I'm afraid of heights.
3693,6151,0,3,47,50,1.06,0.033926691677251195,627,And this evening's special is Pigeon Under Glass
3667,6151,0,3,47,50,1.06,0.033926691677251195,627,...and may I recommend the egg drop soup?
3652,6151,0,3,47,50,1.06,0.033926691677251195,627,"Welcome to Roof Dive Cafe, I will be your server at a distance."
3645,6151,0,3,47,50,1.06,0.033926691677251195,627,You won’t be taking a risk if you order the duck.
3644,6151,0,3,47,50,1.06,0.033926691677251195,627,May I recommend the roast wild pigeon tonight?
3641,6151,0,3,47,50,1.06,0.033926691677251195,627,"This is one of those ""experience dining"" places - they will let you choose a ledge seat as a solution to marital issues"
3751,6151,0,3,47,50,1.06,0.033926691677251195,627,They said this restaurant was one of the top ones in the city with outdoor seating.
3594,6151,0,3,47,50,1.06,0.033926691677251195,627,"We are Not Gluten-Free, Vegan or Paleo, so make your choices or jump!"
3568,6151,0,3,47,50,1.06,0.033926691677251195,627,Our other patrons complained about having to witness your shameless footsie.
3510,6151,0,3,47,50,1.06,0.033926691677251195,627,May I suggest the roast pigeon.
3481,6151,0,3,47,50,1.06,0.033926691677251195,627,"May I suggest the slow-cooked pigeon, it's our signature dish."
3448,6151,0,3,47,50,1.06,0.033926691677251195,627,"Just so you know, both the pigeons and my mother will be back soon."
3337,6151,0,3,47,50,1.06,0.033926691677251195,627,I recommend the fettuccine al fresco.
3326,6151,0,3,47,50,1.06,0.033926691677251195,627,"If I'm being honest, the ziti isn't worth it."
3313,6151,0,3,47,50,1.06,0.033926691677251195,627,Our specialty of the house is pigeon tar-tar....
3579,6151,1,1,48,50,1.06,0.04435478484645721,627,you think we start with the railing ?
4453,6151,0,3,47,50,1.06,0.033926691677251195,627,Get what you can eat fast.  There may be a fly-by-night.
5243,6151,0,3,47,50,1.06,0.033926691677251195,627,Would you like your water with or without gas?
4488,6151,0,3,47,50,1.06,0.033926691677251195,627,Would you like frites with that?
6037,6151,0,3,47,50,1.06,0.033926691677251195,627,Are you sure these are the best seats  in this place?
5885,6151,0,3,47,50,1.06,0.033926691677251195,627,Is the pigeon sourced locally?
5809,6151,1,1,48,50,1.06,0.04435478484645721,627,Our special today is the roast pigeon.
5808,6151,0,3,47,50,1.06,0.033926691677251195,627,Hmmmm...I thought you said you wanted to try living on the edge.
5793,6151,0,3,47,50,1.06,0.033926691677251195,627,I hope you find this table far enough away from the bathroom....
5764,6151,0,3,47,50,1.06,0.033926691677251195,627,Congratulations! You've made it to final step of Dropsy Rehab.
5754,6151,0,3,47,50,1.06,0.033926691677251195,627,"Trust me sir, these scallops are to die for."
5731,6151,0,3,47,50,1.06,0.033926691677251195,627,We're very high on our new smoking section.
5651,6151,0,3,47,50,1.06,0.033926691677251195,627,This Viagra’s really strong...
5634,6151,0,3,47,50,1.06,0.033926691677251195,627,"I said this place was ledgey, not edgey"
5615,6151,0,3,47,50,1.06,0.033926691677251195,627,Can I interest his and her highness in tonight's specials for those who insist on dining al fresco.
5614,6151,0,3,47,50,1.06,0.033926691677251195,627,Welcome to The Ledge - The edgiest restaurant in town.
5570,6151,0,3,47,50,1.06,0.033926691677251195,627,Would you like your main course served al fresco too?
5539,6151,0,3,47,50,1.06,0.033926691677251195,627,Is the soup good here?
5524,6151,0,3,47,50,1.06,0.033926691677251195,627,"By the way, tipping is completely voluntary."
6055,6151,0,3,47,50,1.06,0.033926691677251195,627,The bathrooms are down one flight.
6093,6151,0,3,47,50,1.06,0.033926691677251195,627,So this is why they call it Le Pigeon?
6132,6151,0,3,47,50,1.06,0.033926691677251195,627,"And finally, tipping is included in the service."
6134,6151,0,3,47,50,1.06,0.033926691677251195,627,May I suggest a Highball?
6493,6151,0,3,47,50,1.06,0.033926691677251195,627,You'll certainly fall head over heels for today's special.
6485,6151,0,3,47,50,1.06,0.033926691677251195,627,Tonight's specialty is freshly caught pigeon poached in our own gutter water and served with yesterday's bread basket.
6477,6151,0,3,47,50,1.06,0.033926691677251195,627,"Madam and Monsieur, welcome to La Rebord.  Todays'  special is, Pigeon."
6465,6151,0,3,47,50,1.06,0.033926691677251195,627,"Welcome to Teetering Tavern where being high helps the food go down.""
Arthur Rowse,
aerowse@gmail.com
301.656.963"
6447,6151,0,3,47,50,1.06,0.033926691677251195,627,Services are listed at net cost.
6393,6151,0,3,47,50,1.06,0.033926691677251195,627,The fine print offers a view of sidewalk dining.
6382,6151,0,3,47,50,1.06,0.033926691677251195,627,Welcome to our table d'Haute.  Are you familiar with our menu?
5498,6151,0,3,47,50,1.06,0.033926691677251195,627,"If you complete all the courses and wine parings, you'll have had cooking on the edge of culinary experience."""
6359,6151,1,1,48,50,1.06,0.04435478484645721,627,May I suggest the fresh-caught pigeon?
6282,6151,0,3,47,50,1.06,0.033926691677251195,627,"This is our best al fresco table.
The maître d' said missieur would also like to order in French.
Will you be having des ordures first?"
6267,6151,1,1,48,50,1.06,0.04435478484645721,627,Would you like to see the Chef's  Specials or the Chef?
6264,6151,0,3,47,50,1.06,0.033926691677251195,627,Oui. All of the dishes are prepared with squab 'ere.
6260,6151,0,3,47,50,1.06,0.033926691677251195,627,"This  is  more  like  Harry's  restaurant; instead  of

the  Ritz!"
6234,6151,0,3,47,50,1.06,0.033926691677251195,627,"The hanger steak is a la carte, but the Manhattan cut comes with a 36"" railing."
6191,6151,0,3,47,50,1.06,0.033926691677251195,627,"No, Sir, we don't have a side dish. It's called Dish on the Edge. If you're not gonna respect our perimeter why 'border' at all?"
6135,6151,0,3,47,50,1.06,0.033926691677251195,627,The chef recommends the Ledge Salad followed by Pigeon Under Glass and an Old Crow bourbon.
6358,6151,0,3,47,50,1.06,0.033926691677251195,627,"Our special tonight is
Mincemeat Pie."
5455,6151,0,3,47,50,1.06,0.033926691677251195,627,I can recommend the Chicken Al Fresco.
5426,6151,0,3,47,50,1.06,0.033926691677251195,627,No pidgeon?
5417,6151,0,3,47,50,1.06,0.033926691677251195,627,The squab is especially fresh today.
4866,6151,0,3,47,50,1.06,0.033926691677251195,627,Would you like to see our Fall Specials menu?
4826,6151,0,3,47,50,1.06,0.033926691677251195,627,"Oh sure, you can order that."
4822,6151,0,3,47,50,1.06,0.033926691677251195,627,I recommend the pigeon.  It's very local.
4799,6151,0,3,47,50,1.06,0.033926691677251195,627,"The crumbs are scattered professionally so shortly you can take your pick of our house specialty ....fresh , roof top pigeon."
4760,6151,0,3,47,50,1.06,0.033926691677251195,627,We would have a better table if you had just made the reservation ahead of time.
4666,6151,0,3,47,50,1.06,0.033926691677251195,627,We'll have to order 'the edge of reason souffle' in advance.
4658,6151,0,3,47,50,1.06,0.033926691677251195,627,"those 2 bubble people, think they could use the menu; to text their preference."
4879,6151,0,3,47,50,1.06,0.033926691677251195,627,Don't you just love these edgy New York restaurants
4626,6151,0,3,47,50,1.06,0.033926691677251195,627,Time to your destination is 3 seconds
4608,6151,0,3,47,50,1.06,0.033926691677251195,627,Due to the bad seating we're offering free dessert.
4584,6151,0,3,47,50,1.06,0.033926691677251195,627,I can highly recommend the catch of the day
4567,6151,0,3,47,50,1.06,0.033926691677251195,627,Specialty of the House: Pigeon Droppings with every meal.
4565,6151,0,3,47,50,1.06,0.033926691677251195,627,Please pay close attention to our new Fall menu on the right side.
4541,6151,0,3,47,50,1.06,0.033926691677251195,627,Could you close the window?  It's a bit breezy.
4534,6151,0,3,47,50,1.06,0.033926691677251195,627,"We also have the Instagram inspired prix fixe, designed to elicit maximum jealousy from your followers."
4525,6151,0,3,47,50,1.06,0.033926691677251195,627,"Recently flown in, may I recommend the Pigeon."
4623,6151,1,1,48,50,1.06,0.04435478484645721,627,"Darling, I simply asked if the peas in the omelette were fresh!”"
4481,6151,0,3,47,50,1.06,0.033926691677251195,627,"A little on edge, folks?"
4908,6151,0,3,47,50,1.06,0.033926691677251195,627,The special this evening is pigeon confit
4924,6151,1,1,48,50,1.06,0.04435478484645721,627,Chef sends his regards.
5411,6151,0,3,47,50,1.06,0.033926691677251195,627,Pigeon droppings are extra
5405,6151,0,3,47,50,1.06,0.033926691677251195,627,I could not get a reservation in the main dining room
5301,6151,0,3,47,50,1.06,0.033926691677251195,627,"If  authentic alfresco with view is not to your liking, we have open air atelier seating in the pigeon loft."
5300,6151,0,3,47,50,1.06,0.033926691677251195,627,Our special today is broiled pigeon.
5269,6151,0,3,47,50,1.06,0.033926691677251195,627,Split an appetizer. You won't be able to skip tonight.
5267,6151,0,3,47,50,1.06,0.033926691677251195,627,"At least we don’t split up parties. Next time, however, you may want to pay the fee for your seat assignments."
2981,6151,0,3,47,50,1.06,0.033926691677251195,627,May I run your card now please?
4911,6151,0,3,47,50,1.06,0.033926691677251195,627,The pigeon under glass looks good to me
5230,6151,0,3,47,50,1.06,0.033926691677251195,627,We hope you enjoy your supper at da Vinci's.
5189,6151,0,3,47,50,1.06,0.033926691677251195,627,Our roasted pigeons are locally sourced
5134,6151,0,3,47,50,1.06,0.033926691677251195,627,Our special is a fresh  pigeon stew.
5115,6151,1,1,48,50,1.06,0.04435478484645721,627,"My name's Jay, and I'll be your waiter until you jump."
5077,6151,0,3,47,50,1.06,0.033926691677251195,627,Would the lovely couple prefer a restaurant where it is the menu prices that leave you feeling close to the edge.
4980,6151,0,3,47,50,1.06,0.033926691677251195,627,al fresco means al fresco
4946,6151,0,3,47,50,1.06,0.033926691677251195,627,I hear the pigeon pie is locally sourced.
4943,6151,0,3,47,50,1.06,0.033926691677251195,627,"Today's special is, pigeon on a ledge."
5222,6151,0,3,47,50,1.06,0.033926691677251195,627,The heat is on
2978,6151,0,3,47,50,1.06,0.033926691677251195,627,Tonight's special is pidgeon. It's very fresh.
2758,6151,1,1,48,50,1.06,0.04435478484645721,627,This Al fresco dining isn't what it cut out to be
2905,6151,0,3,47,50,1.06,0.033926691677251195,627,Ahem. Being refused service in the restaurant is NOT an invitation to dine al fresco.
817,6151,0,3,47,50,1.06,0.033926691677251195,627,"It’s called Al Fresco’s—nice view, don’t you think?"
850,6151,0,3,47,50,1.06,0.033926691677251195,627,"I don't want to go on a ledge here, but I am guessing you folks are having a quick lunch."
875,6151,0,3,47,50,1.06,0.033926691677251195,627,"The bull testicles caught his eye, but were they right on the first date?  She seemed more sweetbreads and cream ...."
901,6151,0,3,47,50,1.06,0.033926691677251195,627,"Did you think ""On a Ledge"" just referred to our Chef's adventurous menu?"
927,6151,0,3,47,50,1.06,0.033926691677251195,627,Disrespect me and you go flying.
936,6151,0,3,47,50,1.06,0.033926691677251195,627,Let us first have a brief prayer and then stuff our faces.
948,6151,1,1,48,50,1.06,0.04435478484645721,627,"Our special today is 'Pigeon' .
You should be happy tonight with our clean roof seating!"
977,6151,0,3,47,50,1.06,0.033926691677251195,627,Livin’ on the edge.
986,6151,0,3,47,50,1.06,0.033926691677251195,627,the sky high pie is a specialty
990,6151,0,3,47,50,1.06,0.033926691677251195,627,How can we get Superman to lower these prices?
1016,6151,0,3,47,50,1.06,0.033926691677251195,627,The drop-dead special tonight is parachute steak smothered in an amanita blood sauce.
1047,6151,0,3,47,50,1.06,0.033926691677251195,627,May I recommend the squab--just flown in.
1066,6151,0,3,47,50,1.06,0.033926691677251195,627,"Pigeons: if you can't beat 'em, join 'em."
1150,6151,0,3,47,50,1.06,0.033926691677251195,627,The reviewer did say that the service was edgy.
1152,6151,0,3,47,50,1.06,0.033926691677251195,627,I think We should avoid ordering anything too heavy.
1156,6151,0,3,47,50,1.06,0.033926691677251195,627,"I'm sorry, but a basic economy reservation doesn't allow
 you to choose the table."
1161,6151,0,3,47,50,1.06,0.033926691677251195,627,The alleged dinner took place outside Gaston's apartment
1170,6151,0,3,47,50,1.06,0.033926691677251195,627,I trust you will find our terrace seating quite romantic.
1183,6151,0,3,47,50,1.06,0.033926691677251195,627,Not quite Farm to Table is it?
1185,6151,0,3,47,50,1.06,0.033926691677251195,627,I thought you said out on the town not out on the roof!
1191,6151,0,3,47,50,1.06,0.033926691677251195,627,"Le specialty du jour es Eastside pigeon.
Tres bon!"
1198,6151,0,3,47,50,1.06,0.033926691677251195,627,Tonight's special is locally raised squab.
1211,6151,0,3,47,50,1.06,0.033926691677251195,627,well you said you wanted privacy and didn't want the government listening in...
1258,6151,1,1,48,50,1.06,0.04435478484645721,627,"What, your profile said danger and exclusivity are your biggest turn ons?"
1266,6151,0,3,47,50,1.06,0.033926691677251195,627,"I thought they said the MENU was on the edge,not the TABLE!"
1297,6151,0,3,47,50,1.06,0.033926691677251195,627,Our special tonight is flying fish from farm to table.
1339,6151,0,3,47,50,1.06,0.033926691677251195,627,Just point to the pigeon you would like.
1376,6151,0,3,47,50,1.06,0.033926691677251195,627,"Just a reminder, this is a no tipping restaurant."
1394,6151,0,3,47,50,1.06,0.033926691677251195,627,We just own the airspace so this is actually our only seating option.
798,6151,0,3,47,50,1.06,0.033926691677251195,627,Dining al fresco ala NYC
1397,6151,0,3,47,50,1.06,0.033926691677251195,627,"Your meal will be out as soon as possible, but first I have to go see if the neighbors have any sugar."
764,6151,0,3,47,50,1.06,0.033926691677251195,627,Sorry for the delay. Our fresh supply  of  squab just arrived.
703,6151,0,3,47,50,1.06,0.033926691677251195,627,You can judge by the traffic if coffee and dessert are likely.
28,6151,0,3,47,50,1.06,0.033926691677251195,627,Today's special is squab.
33,6151,0,3,47,50,1.06,0.033926691677251195,627,It had great reviews on Yelp.
34,6151,0,3,47,50,1.06,0.033926691677251195,627,It's self-serve pigeon a la NYC tonight.
36,6151,0,3,47,50,1.06,0.033926691677251195,627,The fresh pigeon breast is our most popular dish.
92,6151,0,3,47,50,1.06,0.033926691677251195,627,The house specialty is pigeon.
140,6151,0,3,47,50,1.06,0.033926691677251195,627,"Two To Die For specials: Eat and Run or Eat and Jump."""
144,6151,0,3,47,50,1.06,0.033926691677251195,627,"Oui, Madame. The pigeon is very fresh."
151,6151,0,3,47,50,1.06,0.033926691677251195,627,"Your table with a view, monsieur and madame."
152,6151,0,3,47,50,1.06,0.033926691677251195,627,Which pills are on tap today?
174,6151,0,3,47,50,1.06,0.033926691677251195,627,I'm giving this place a three on Yelp... the waiter was shaking.
187,6151,1,1,48,50,1.06,0.04435478484645721,627,"Well , the reviews did say this is an edgy restaurant"
191,6151,0,3,47,50,1.06,0.033926691677251195,627,I would like to recommend the soup of the day and tipping the hostess next time.
197,6151,0,3,47,50,1.06,0.033926691677251195,627,We have other guests. You will have to move closer to the edge.
203,6151,0,3,47,50,1.06,0.033926691677251195,627,What did we decide about becoming Vegans?
215,6151,0,3,47,50,1.06,0.033926691677251195,627,Would you folks care to hear about our early pigeon special?
254,6151,0,3,47,50,1.06,0.033926691677251195,627,"Frankly, I'd avoid the wine flight."
258,6151,0,3,47,50,1.06,0.033926691677251195,627,"Our special today is pigeon soup, using only locally sourced birds"
285,6151,0,3,47,50,1.06,0.033926691677251195,627,May I recommend a non-alcoholic beverage?
298,6151,0,3,47,50,1.06,0.033926691677251195,627,"I can see that the two of you have taken ""Up On the Roof"" quite literally."
301,6151,0,3,47,50,1.06,0.033926691677251195,627,"Sure, the view is great, as long as you don't look down."
371,6151,0,3,47,50,1.06,0.033926691677251195,627,Today's special is pigeon.
405,6151,0,3,47,50,1.06,0.033926691677251195,627,The special tonight is pigeon orange...
414,6151,0,3,47,50,1.06,0.033926691677251195,627,May I recommend the harness?
427,6151,0,3,47,50,1.06,0.033926691677251195,627,"So, how's this for ""a nice quiet corner where we can be alone?"""
499,6151,0,3,47,50,1.06,0.033926691677251195,627,"Our special tonight is Pigeon Stoop. Oops, I'm sorry... I meant Soup."
564,6151,0,3,47,50,1.06,0.033926691677251195,627,I see you've chosen to order from our edgier menu.
620,6151,1,1,48,50,1.06,0.04435478484645721,627,"Honey, what's on the men's menu today? Women's options are quiet aged."
2938,6151,0,3,47,50,1.06,0.033926691677251195,627,"Well, he did ask if we wanted indoors or a window seat."
678,6151,0,3,47,50,1.06,0.033926691677251195,627,I highly recommend the pigeon al fresco
748,6151,0,3,47,50,1.06,0.033926691677251195,627,"If you reconsider your tip, I can find you a better table!"
1428,6151,0,3,47,50,1.06,0.033926691677251195,627,Would you care to join the buffet?
671,6151,0,3,47,50,1.06,0.033926691677251195,627,Our special tonight is roast pigeon....
1446,6151,0,3,47,50,1.06,0.033926691677251195,627,"Honey, you order.  I'm too high to focus on the menu."
2187,6151,0,3,47,50,1.06,0.033926691677251195,627,"Choose B, the waiter-less option and you don't have to tip."
2214,6151,1,1,48,50,1.06,0.04435478484645721,627,"This time, let's just accept that some things don't flambé"
2314,6151,0,3,47,50,1.06,0.033926691677251195,627,I'm afraid we're all out of pigeon tonight.
2335,6151,0,3,47,50,1.06,0.033926691677251195,627,I'm afraid we don't serve alcohol on the balcony.
2339,6151,0,3,47,50,1.06,0.033926691677251195,627,The soupe à l'oignon is utterly suicidal.
2343,6151,0,3,47,50,1.06,0.033926691677251195,627,"And finally, you choose to exit by the left or the right, depending on how the dinner goes."
2352,6151,0,3,47,50,1.06,0.033926691677251195,627,It is the last table available.
2390,6151,0,3,47,50,1.06,0.033926691677251195,627,"Today's special is fresh, locally sourced air."
2423,6151,0,3,47,50,1.06,0.033926691677251195,627,It was either here or in the kitchen.
2461,6151,0,3,47,50,1.06,0.033926691677251195,627,You can't get more high class dining than this.
2462,6151,0,3,47,50,1.06,0.033926691677251195,627,Come and get it!
2556,6151,0,3,47,50,1.06,0.033926691677251195,627,And Floating Island for desert?
2578,6151,0,3,47,50,1.06,0.033926691677251195,627,There's only a safety net if you order à la carte.
2185,6151,0,3,47,50,1.06,0.033926691677251195,627,"The bathroom is two floors down. Would you like a rope, ladder, or parachute before or after dessert?"
2607,6151,0,3,47,50,1.06,0.033926691677251195,627,Alledged restaurant killer
2630,6151,0,3,47,50,1.06,0.033926691677251195,627,Might I recommend the Limburger?
2668,6151,1,1,48,50,1.06,0.04435478484645721,627,we overheard your suicidal thoughts and we'd like to help
2688,6151,0,3,47,50,1.06,0.033926691677251195,627,You asked for outdoor patio?  This is it!
2719,6151,0,3,47,50,1.06,0.033926691677251195,627,Big tippers.
2733,6151,0,3,47,50,1.06,0.033926691677251195,627,Could I start you off with our ledge salad?
2735,6151,0,3,47,50,1.06,0.033926691677251195,627,The squab is to die for.
2741,6151,0,3,47,50,1.06,0.033926691677251195,627,"Might I recommend the Pidgeon, eer I mean Squab special."
2763,6151,0,3,47,50,1.06,0.033926691677251195,627,Owing to the surrounding skyscrapers tonight's specialty is steak au poor view.
2765,6151,0,3,47,50,1.06,0.033926691677251195,627,You’re very fortunate. The fish special this evening is Fugu!
2794,6151,0,3,47,50,1.06,0.033926691677251195,627,"Pardon me, this section is closed."
2876,6151,0,3,47,50,1.06,0.033926691677251195,627,Isn’t dining al fresco exciting?
2883,6151,1,1,48,50,1.06,0.04435478484645721,627,Instead of jumping  I would recommend  the French noose marinated in lobster sauce?
1440,6151,0,3,47,50,1.06,0.033926691677251195,627,Absolutely no mosquitoes whatsoever.
2619,6151,0,3,47,50,1.06,0.033926691677251195,627,It’s no Trump Tower but concrete decor is so au courant.
2167,6151,0,3,47,50,1.06,0.033926691677251195,627,Our menu is very leading edge.
2723,6151,0,3,47,50,1.06,0.033926691677251195,627,"Today's entree special is pigeon, served extremely rare."
2095,6151,0,3,47,50,1.06,0.033926691677251195,627,"I'm very sorry Sir, no exceptions, here at the Blustery Ledges Bistro, we require payment in advance.  You would be amazed, how many folks dont' stick around to pay their bill."
2164,6151,0,3,47,50,1.06,0.033926691677251195,627,At least it's not next to the kitchen.
1454,6151,0,3,47,50,1.06,0.033926691677251195,627,P
1514,6151,0,3,47,50,1.06,0.033926691677251195,627,You're a straight up ligma
1516,6151,0,3,47,50,1.06,0.033926691677251195,627,"Sorry, but we’ve just run out of our last pidgeon!"
1642,6151,0,3,47,50,1.06,0.033926691677251195,627,May I recommend the pigeon? It is very fresh today.
1665,6151,0,3,47,50,1.06,0.033926691677251195,627,I recommend the sirloin. Just don't drop your steak knife.
1679,6151,0,3,47,50,1.06,0.033926691677251195,627,"Yes, Ledgumes are our specialty."
1687,6151,1,1,48,50,1.06,0.04435478484645721,627,Our squab special is sold out.
1694,6151,0,3,47,50,1.06,0.033926691677251195,627,The pigeon under glass is very fresh today.
1739,6151,0,3,47,50,1.06,0.033926691677251195,627,"I love a restaurant that's not crowded.  Infortunately, the food usually stinks."
1784,6151,0,3,47,50,1.06,0.033926691677251195,627,"We are so lucky to experience true NYC Rooftop dinning, honey"
1800,6151,0,3,47,50,1.06,0.033926691677251195,627,And our signature dish is fried.  We call it The Jumper.
1814,6151,0,3,47,50,1.06,0.033926691677251195,627,"Nice view and attentive service, but let's think a little more carefully about our votes for President next time."
1825,6151,0,3,47,50,1.06,0.033926691677251195,627,It is alleged we panned his restaurant and this is how he gets back at us.
1839,6151,0,3,47,50,1.06,0.033926691677251195,627,We like to call it squab.
1670,6151,0,3,47,50,1.06,0.033926691677251195,627,It's extra for the view...
1881,6151,0,3,47,50,1.06,0.033926691677251195,627,"I don't know why, but all day I've felt a bit on edge."
1889,6151,0,3,47,50,1.06,0.033926691677251195,627,I do not recommend the squab.
1899,6151,0,3,47,50,1.06,0.033926691677251195,627,"President Trump said, ""I see you've got flamed filet of Omarosa Manigault Newman on the menu. Bring me some of that and set it on the edge behind my lovely wife."""
1908,6151,0,3,47,50,1.06,0.033926691677251195,627,"As you can see, our cuisine is also on the edge."
1909,6151,0,3,47,50,1.06,0.033926691677251195,627,The catch of the day is featured in our pigeon pie.
2006,6151,0,3,47,50,1.06,0.033926691677251195,627,"Welcome to The Ledges Pop Up.  As sundown approaches, the pigeons come in to roost for the evening and an O will be added to Pop.  Plastic raincoats and antiseptic wipes are available on request.  Enjoy your dinner!"
1944,6151,0,3,47,50,1.06,0.033926691677251195,627,This place is nothing like the descriptions on Yelp!
1975,6151,0,3,47,50,1.06,0.033926691677251195,627,"The special today is ""fiente de pigeon"" which will arrive any minute now."
1982,6151,0,3,47,50,1.06,0.033926691677251195,627,I recommend dishes from the light menu.
1985,6151,0,3,47,50,1.06,0.033926691677251195,627,We all it our ambiance table.
2005,6151,0,3,47,50,1.06,0.033926691677251195,627,Congrats on your engagement!
2000,6151,0,3,47,50,1.06,0.033926691677251195,627,Try the squab. Its locally grown.
2001,6151,0,3,47,50,1.06,0.033926691677251195,627,"Help me with this,please.  My eyes are on both sides of my face."
1844,6151,0,3,47,50,1.06,0.033926691677251195,627,...and the catch of the day is pigeon.
2238,6435,0,3,48,51,1.0588235294117647,0.0332756132323081,627,"Waiter, this is the lunch weather forecast!"
1804,6435,0,3,48,51,1.0588235294117647,0.0332756132323081,627,Just don't order the fresh squab!
725,6435,0,3,48,51,1.0588235294117647,0.0332756132323081,627,"Careful, several items are off the menu."
910,6435,0,3,48,51,1.0588235294117647,0.0332756132323081,627,"Personally, I would avoid the suicide wings."
905,6435,0,3,48,51,1.0588235294117647,0.0332756132323081,627,I thought you requested to dine al fresco.
4607,6435,0,3,48,51,1.0588235294117647,0.0332756132323081,627,"I highly recommend tonight’s special: roast pige-…....er, squab."
1568,6435,0,3,48,51,1.0588235294117647,0.0332756132323081,627,This menu is a little over the top.
2083,6442,0,2,45,47,1.0425531914893618,0.029760791752350448,627,Should we just order the caption again?
2280,6442,0,2,45,47,1.0425531914893618,0.029760791752350448,627,"I would recommend the squab, but the family might pay you a visit during the meal."
17,6442,0,2,45,47,1.0425531914893618,0.029760791752350448,627,"Sir, you did ask for our most secluded corner table."
1048,6442,0,2,45,47,1.0425531914893618,0.029760791752350448,627,I know we promised a railing after your last date. It's just hard to find a good contractor.
382,6442,0,2,45,47,1.0425531914893618,0.029760791752350448,627,They say that the cuisine is very edgy.
433,6442,0,2,45,47,1.0425531914893618,0.029760791752350448,627,This is our 'people who didn't tip last time' seating area. I can start you out with our signature spit-wads?
546,6442,0,2,45,47,1.0425531914893618,0.029760791752350448,627,We only have the pigeons WITH feathers.
1279,6442,0,2,45,47,1.0425531914893618,0.029760791752350448,627,"Today, we are featuring the pigeon."
1595,6442,0,2,45,47,1.0425531914893618,0.029760791752350448,627,Don't even think about jumping off to avoid the bill.
1742,6442,0,2,45,47,1.0425531914893618,0.029760791752350448,627,Do you wish to table your decision until supper time?
1755,6442,0,2,45,47,1.0425531914893618,0.029760791752350448,627,"You’re too old for such an edgy haircut, Honey."
2927,6442,0,2,45,47,1.0425531914893618,0.029760791752350448,627,WHY DO I GET THE FEELING THAT YOU ARE OFFERING MORE THAN DINNER?
1748,6442,0,2,45,47,1.0425531914893618,0.029760791752350448,627,"Oddly enough, she thought her dentist son's toothiness tattoo and his roofer husband's roofiness tattoo were living too close to the edge, and she hit the roof."
362,6442,0,2,45,47,1.0425531914893618,0.029760791752350448,627,"No, I don’t recommend the pigeon flambé tonight."
2928,6442,0,2,45,47,1.0425531914893618,0.029760791752350448,627,One false move Harry and it's all over.
5671,6442,0,2,45,47,1.0425531914893618,0.029760791752350448,627,"If you're thinking you'll stiff me on the tip, think again."
3189,6442,0,2,45,47,1.0425531914893618,0.029760791752350448,627,I am ze Chef and ze Chef ezz never wrong.  Or you’re outta here.
1915,6442,0,2,45,47,1.0425531914893618,0.029760791752350448,627,"Do we jump before or after the main course?

Bryan Mattimore
Stamford, CT

Bmattimore@growth-Engine.com"
6423,6442,0,2,45,47,1.0425531914893618,0.029760791752350448,627,"I’m so sorry sir, but the specialty of the house, squab in wine sauce has just a moment ago flown away"
6254,6442,0,2,45,47,1.0425531914893618,0.029760791752350448,627,"""Would you like your parachutes well-done?"""
5715,6442,0,2,45,47,1.0425531914893618,0.029760791752350448,627,"The specials for tonight are wind-with-surprising-force and local squab, raised here on this ledge."
5485,6442,0,2,45,47,1.0425531914893618,0.029760791752350448,627,"There is a ten dollar cover charge, regardless of the weather."
2967,6442,0,2,45,47,1.0425531914893618,0.029760791752350448,627,These rooftop tables are HIGHLY desirable
5323,6442,0,2,45,47,1.0425531914893618,0.029760791752350448,627,Why are we always on the edge?
4809,6442,0,2,45,47,1.0425531914893618,0.029760791752350448,627,I'd be more comfortable out here if I didn't feel a distinct tremor coming from the vicinity of that window.
5478,6442,0,2,45,47,1.0425531914893618,0.029760791752350448,627,"Today's special is rock pigeon.  Kill it with your menu, toss it over to me--the pigeon that is, not the menu--and I'll see you in a couple of hours or so.  Sorry we're out of bread sticks.  Enjoy."
4066,6442,0,2,45,47,1.0425531914893618,0.029760791752350448,627,Tipping is entirely at your discretion
3997,6442,0,2,45,47,1.0425531914893618,0.029760791752350448,627,May I suggest the escargot for $24 and the filet of sole almondine for $43. Meat dishes that require a cutting motion and also unfortunately alcohol consumption are restricted by our insurance carrier due to our precarious seating arrangements.
3971,6442,0,2,45,47,1.0425531914893618,0.029760791752350448,627,I’m sorry to say we’re all out of the Elephant Steak tonight.
3841,6442,0,2,45,47,1.0425531914893618,0.029760791752350448,627,The landlord raised the rent at their prior location.
3737,6442,0,2,45,47,1.0425531914893618,0.029760791752350448,627,I thought you said G-astronomical heights!
3319,6442,0,2,45,47,1.0425531914893618,0.029760791752350448,627,Our special tonight is fresh roasted pigeon.
3213,6442,0,2,45,47,1.0425531914893618,0.029760791752350448,627,Le Plat du Jour is to die for.
4251,6442,0,2,45,47,1.0425531914893618,0.029760791752350448,627,wwww
1980,6442,0,2,45,47,1.0425531914893618,0.029760791752350448,627,I  am feeling a bit on edge. How are the high balls
1060,6477,0,2,46,48,1.0416666666666667,0.029147663515556005,627,"Extra air, $50"
1643,6477,0,2,46,48,1.0416666666666667,0.029147663515556005,627,Now I see why he named his restaurant 'Competitive Edge'
1145,6479,0,1,42,43,1.0232558139534884,0.023531040266750583,627,"This isn’t exclusive, this is abhorrently absurd!"
2829,6479,0,1,42,43,1.0232558139534884,0.023531040266750583,627,"But, sir, you did request dining al fresco at a top flight restaurant."
5689,6479,0,1,42,43,1.0232558139534884,0.023531040266750583,627,Would you like pigeon droppings on your salad sir?
3415,6479,0,1,42,43,1.0232558139534884,0.023531040266750583,627,"They wanted free range duck, right?"
5211,6483,0,0,68,68,1.0,0.014815221273648994,627,I recommend the rock dove confit. It's hyper-local.
3484,6483,0,0,50,50,1.0,0.020203050891044214,627,Good evening. I am William. Your server and potentially your executioner.
4344,6483,0,0,60,60,1.0,0.016807316136320357,627,"We prepare the prix fixe on your choice of a square or rectangular dish, depending on social network preference."
1146,6483,0,0,64,64,1.0,0.015748519708717802,627,Perhaps requiring our waiters to wear roller skates was a bad idea...
1069,6483,0,0,64,64,1.0,0.015748519708717802,627,"The review said this place was, ""Edgy""."
4501,6483,0,0,63,63,1.0,0.01600051202457731,627,The chef ALLEGED his food was wonderful.
2641,6483,0,0,101,101,1.0,0.00995037190209989,627,I hope this is the last time you ask to dine ‘al fresco’.
2191,6483,0,0,101,101,1.0,0.00995037190209989,627,Our special tonight is freshly caught pigeon
3607,6483,0,0,103,103,1.0,0.009756213637973549,627,you kept insisting on only the table with the best outside view.
131,6483,0,0,107,107,1.0,0.009389774844349512,627,"Zee motion lines are probably meant to signify zat I am talkeeng, but zey are zo oddly placed and sized eet looks like my ears are wiggling. Anyway, enjoy theez chairs, designed by a four-year-old. Great art need not serve a function."
3273,6483,0,0,113,113,1.0,0.008888976681684724,627,"This table is a bit drafty, wouldn't you agree dear?"
2809,6483,0,0,115,115,1.0,0.008733707726295862,627,"The special today is, air looms tomatoes with ledge of lamb."
3474,6483,0,0,160,160,1.0,0.006269623282193989,627,They've taken al fresco to a whole new level.
423,6483,0,0,188,188,1.0,0.005333352296397433,627,It’s the closest we have to dining alfresco.
2113,6483,0,0,204,204,1.0,0.0049140197466545615,627,"While you are deciding, folks, let me tell you about today’s rooftop dining special: soup of  pige’on with our secret recipe cream sauce base."
47,6483,0,0,88,88,1.0,0.011428758022062361,627,"I'm sorry, sir, there's been a mistake. This table is reserved for Mr. Lloyd."
4213,6483,0,0,88,88,1.0,0.011428758022062361,627,Perhaps you should consider one of our rail drinks?
4870,6483,0,0,88,88,1.0,0.011428758022062361,627,"Vertigo, anyone?"
1210,6483,0,0,56,56,1.0,0.01801874925391118,627,"It's a new theme restaurant, 'Siberia'"
5480,6483,0,0,88,88,1.0,0.011428758022062361,627,"Tonight's special is a perfectly flattened schnitzel, served with fall squash and crushed potato salad."
776,6483,0,0,78,78,1.0,0.012903494352312729,627,"Yes, the last customers.  They drank too much champagne."
5295,6483,0,0,74,74,1.0,0.013605756997417963,627,Please call for the check before you join the other guests.
5635,6483,0,0,53,53,1.0,0.019048482943986485,627,"Waiter, which wine would you suggest with the Pointrine Sautée de Pigeon Frais, please?"
5834,6483,0,0,68,68,1.0,0.014815221273648994,627,"On the ledge tonight, we offer you...nothing."
5395,6483,0,0,68,68,1.0,0.014815221273648994,627,"Huh,I don't see anything on here that looks like a good Instagram shot."
4981,6483,0,0,68,68,1.0,0.014815221273648994,627,Perhaps Madame et Monsieur would care for the Moroccan-Malaccan souffle. It's cutting edge.
5611,6483,0,0,102,102,1.0,0.009852336290568345,627,"To be frank, we've been having issues with dine-and-dash."
