target_id,rank,funny,somewhat_funny,unfunny,count,score,precision,contest,caption
7833,1,6166,5590,2337,14093,2.2716951678138084,0.006129984033072956,628,I heard today I'm getting canned.
3543,2,4337,3864,2572,10773,2.1638355147127077,0.007552781597342013,628,Whaddya mean you only serve fish on Friday
4537,3,3029,2885,2256,8170,2.0946144430844553,0.008836921982498578,628,What the hell else would I drink like?
6339,4,1378,1624,1038,4040,2.0841584158415842,0.012095775700847274,628,"Just the worm, hold the Tequila."
7192,5,4136,3317,3352,10805,2.0725590004627485,0.007978518953163854,628,Yeah? Well I'm also a fish out of Scotch.
2954,6,4072,5151,3325,12548,2.0595313994262034,0.00683378324892044,628,Maybe one day she’ll realize I’m the one that got away.
6256,7,3556,3616,3062,10234,2.048270470979089,0.007935154044518347,628,It’s just so hard not to get wrapped up in the news.
7471,8,1722,2411,1530,5663,2.0339042910118312,0.010060786883766673,628,"I KNOW when something is watered down, pal."
106,9,3278,3876,3175,10329,2.009971923709943,0.007776944751345679,628,'She says she needs room to breathe...what does that even mean?'
7610,10,3028,3590,2954,9572,2.0077308817384036,0.008080206009683828,628,Then one day you wake up and you have ten thousand children and a mortgage that's under water.
49,11,1126,1535,1235,3896,1.9720225872689938,0.012465340133019805,628,They sent me to rehab to dry out - damn near killed me
4121,12,1446,2365,1715,5526,1.9513210278682591,0.010154048929627133,628,Every single school rejected me.
2470,13,2737,3460,3288,9485,1.9419082762256195,0.008162202950397707,628,And that fisherman had to be 7 or 8 feet tall
1556,14,1807,2902,2283,6992,1.9319221967963387,0.009110956762670472,628,I hope this isn't a place where people come to hook up.
6785,15,1989,2492,2570,7051,1.9176003403772515,0.009526262690648863,628,She's sleeping with the fishes. Just not this one.
4535,16,1868,2512,2439,6819,1.916263381727526,0.009571378250068471,628,Stop calling me chum!
4075,17,2393,3544,3198,9135,1.9118773946360152,0.008133681662638077,628,Make it a double. I just got out of the tank.
3515,18,1940,2589,2616,7145,1.9053883834849545,0.009381020630482588,628,I had a castle and treasure chest before my life went down the toilet.
5636,19,2245,3286,3073,8604,1.903765690376569,0.008412416509867026,628,"Leave the tequila, I'll just take the worm."
1115,20,2024,2819,2805,7648,1.89788179916318,0.009011411744407468,628,"So then I tell her, ‘Well after two days your mother stinks too.’"
54,21,644,1073,931,2648,1.8916163141993958,0.01484132795940755,628,"Well, what else did you expect me to drink like?"
4674,22,2177,3205,3119,8501,1.8891895071168099,0.008476310003082091,628,Your sign clearly says We serve fish!
6597,23,1336,2019,2094,5449,1.8608919067718848,0.010582538989793269,628,"Well, I bet you drink like a bald guy"
7831,24,1278,2015,2024,5317,1.8596953169080308,0.0106357494710591,628,"I came here to get a job on Wall Street, but it turns out they only hire sharks and piranhas."
3290,25,477,774,785,2036,1.8487229862475443,0.017127331982211204,628,You have no idea how hard it is to get a dry martini where I come from.
4385,26,1617,2822,2779,7218,1.8390135771681906,0.008988749027967577,628,"Sure, but a horse walks into a bar and nobody bats an eye"
2011,27,1232,2217,2238,5687,1.823105327940918,0.010089921121632255,628,"At this point, I'm more of a fish out of bourbon."
154,28,1608,2546,2960,7114,1.8099522069159404,0.009230143783451389,628,I don't know why I can't meet anyone.  I'm quite the catch.
6341,29,985,1689,1853,4527,1.8082615418599515,0.011418809816042071,628,Pisces... what’s yours.
182,30,1062,1852,2014,4928,1.8068181818181819,0.01091388414928091,628,...And then she gave me this koi smile.
4749,31,1082,1598,1986,4666,1.8062580368624088,0.011528301118292637,628,"I'm not making this up, she wants us to get a cat."
6717,32,1584,3299,3190,8073,1.8010652793261488,0.008267837974558725,628,I still like to think of myself as a good catch.
5139,33,1340,2067,2523,5930,1.800505902192243,0.010156769932266886,628,"... but TEACH a fish to drink, and he can drink for a lifetime."
6543,34,556,1102,1232,2890,1.7660899653979238,0.013971875236290109,628,"If the aquarium calls, I ain't here."
830,35,805,1274,1722,3801,1.7587476979742174,0.012634772120159593,628,"Scotch, neat. And don't tap on the glass."
2752,36,1216,2401,2806,6423,1.7524521251751517,0.00937893228761795,628,"Yes, but interestingly, I don’t drink like one."
5757,37,1091,2063,2512,5666,1.749205788916343,0.010057211493777828,628,"...and before I knew it,I'd fallen for her - hook,line,and sinker."
3140,38,999,1808,2276,5083,1.7487704111745033,0.010694022118133978,628,Large water. Salted. And keep'em coming.
615,39,528,1035,1249,2812,1.7435988620199145,0.014192268985751745,628,"I was swimming upstream like everyone else, leaping up falls and stuff, and then I asked myself—why?"
3045,40,502,999,1209,2710,1.7391143911439115,0.0144200551039441,628,"The mustache is fine for you, Bart. On me it screams ""CATFISH!"""
7917,41,221,460,541,1222,1.7381342062193126,0.021319960761063666,628,"And then, would you believe it, she tells me, ‘There’s plenty of fish in the sea!’"
687,42,464,1067,1208,2739,1.728368017524644,0.014000128262544839,628,If I had wanted water I would have stayed where I was.
7738,43,604,1267,1543,3414,1.7249560632688927,0.01273167274947345,628,I just got out of the can.
2996,44,823,1597,2055,4475,1.7246927374301675,0.011260860280210765,628,"give me a double, I'm getting canned tomorrow"
528,45,424,839,1079,2342,1.7203245089666952,0.015515364226591345,628,Can you sprinkle some food in the next one?
789,46,384,844,1021,2249,1.716763005780347,0.015563252065835994,628,"She's freshwater, I'm saltwater. It just wasn't gonna work."
3794,47,818,1532,2141,4491,1.7054108216432866,0.011287797362619189,628,Can I get some chips?
6320,48,597,1018,1537,3152,1.7017766497461928,0.013661516488173795,628,This is what happens when you drain the swamp.
2617,49,388,742,1052,2182,1.695692025664528,0.016128519560362122,628,I can’t believe she left me for that shrimp.
3327,50,294,578,806,1678,1.6948748510131109,0.018313524655034257,628,"First off, I didn't WALK into this bar..."
7218,51,438,712,1154,2304,1.6892361111111112,0.016065406201384743,628,"So what did one Jewish Mama-fish say to another Jewish Mama-fish? She said, 'I'm so proud of my son, the sturgeon!'"
3355,52,370,894,1117,2381,1.6862662746745065,0.014867745516413703,628,Drowning my sorrows?  Is that a joke?
1428,53,542,1338,1652,3532,1.6857304643261608,0.01216348167975496,628,Any bar snacks other than Goldfish?
207,54,678,1161,1842,3681,1.6837815810920946,0.012603942712161146,628,I’m waiting for the priest and the rabbi.
3389,55,376,746,1106,2228,1.6723518850987433,0.015826535971012953,628,"Since The Shape of Water, I've been beating women off with a stick!"
4480,56,442,916,1326,2684,1.6706408345752608,0.014320760663662753,628,"Yes, I DO drink like a fish. What a fresh, amusing observation."
4270,57,476,1107,1490,3073,1.6700292873413602,0.013145879102906663,628,I was let go today.
6847,58,350,612,1021,1983,1.6616238023197176,0.017060441180832265,628,"So I said to her, ""Kiss me."" and wouldn't you know it, I'm no longer a frog."
453,59,239,649,834,1722,1.6544715447154472,0.017108240473230656,628,You try and run a school all day.
5287,60,393,850,1270,2513,1.6510147234381218,0.014661359624672098,628,"Yes, but I have a dry sense of humor."
5457,61,224,490,734,1448,1.6477900552486189,0.019274153566102178,628,"It's OK, man - I'll take the Hudson home."
3096,62,240,384,710,1334,1.6476761619190405,0.021002836966873713,628,. . . And don’t get me started on Roe v. Wade
5336,63,222,413,698,1333,1.6429107276819206,0.020552792105007482,628,I've had too much?!  You're the one who thinks I'm a giant fish!
6040,64,195,463,672,1330,1.6413533834586467,0.01984234900191734,628,"No, but I swear like a sailor"
2855,65,69,169,241,479,1.6409185803757829,0.03292701967109683,628,"Really, my name is Wanda."
763,66,106,214,345,665,1.6406015037593984,0.028754994579826332,628,I'll tell you the rest of the story when the Priest and the Rabbi get here.
152,67,359,890,1283,2532,1.6350710900473933,0.014269047945590573,628,I took the 5 from Fulton and transferred to the Q. How did YOU get here?
4549,68,265,583,914,1762,1.6316685584562998,0.01740485520974458,628,I tell all the girls that I'm rich in Omega-3.
1484,69,367,663,1201,2231,1.6261766024204392,0.01589031790879774,628,What’s the matter?  You never  seen a pickled herring?
2016,70,375,676,1233,2284,1.6243432574430823,0.015702418170266196,628,I ain't drinking any water. Me and my friends pee in it all the time.
5299,71,316,542,1023,1881,1.6241360978203083,0.017421277695530122,628,"... so I sez to the Genie, “Thanks for the  billion dollars and eternal youth. I wanna drink like fish tonight to celebrate.“"
130,72,330,720,1178,2228,1.6193895870736086,0.01545560045894081,628,I got taken in by a hooker
7940,73,417,1011,1558,2986,1.6178834561286002,0.01314022946486698,628,I've been dry for a year now.
6996,74,152,334,552,1038,1.6146435452793835,0.02260148575332826,628,Glad I made it through another Friday.
318,75,307,563,1046,1916,1.6143006263048016,0.017060706492189832,628,Catch and release.” “Catch and release.”  How about “DON’T CATCH!
1675,76,469,921,1647,3037,1.6121172209417187,0.01341404041259247,628,"You drink like a fish” she says. Well, of COURSE I drink like a fish"
1700,77,110,248,414,772,1.6062176165803108,0.026062180240732927,628,Don’t look at me like that! I was told this was a dive bar.
7207,78,112,280,440,832,1.6057692307692308,0.024725779797335957,628,Why isn't there another sole in here?
3983,79,239,430,838,1507,1.6025215660252157,0.019225988658276637,628,"So, do you believe in climate change now?"
5170,80,365,707,1317,2389,1.6015069066555043,0.015110751533342416,628,"And furthermore, don’t call me ‘Chum’!"
2287,81,310,648,1154,2112,1.6003787878787878,0.015897062061610984,628,Is it true you have to go to a special place to pee?
90,82,248,495,920,1663,1.5959110042092604,0.018009511506757628,628,Carp diem.
7484,83,236,528,915,1679,1.5955926146515784,0.017637283184450434,628,"Of course, you know who kept the castle when we moved into separate bowls."
3960,84,71,127,254,452,1.595132743362832,0.035083336110941665,628,"Drinks like a fish?  Cold as a fish?  How do I stop the profiling, Al?"
471,85,206,467,816,1489,1.590329079919409,0.01866758637615321,628,"That's actually a simile, not a metaphor."
7012,86,276,569,1059,1904,1.5887605042016806,0.01672059562534873,628,I've been told I should go with the white wine.
179,87,126,251,484,861,1.5842044134727062,0.024955601123189782,628,"Yeah, well, you pour like a turtle."
4829,88,204,445,812,1461,1.5838466803559206,0.01891275054575628,628,"No, I drink like a guy who watches the news."
5298,89,236,558,973,1767,1.5829088851160158,0.01699786023773979,628,"Buddy, I just fertilized a thousand eggs today. Another round."
461,90,166,354,657,1177,1.5828377230246389,0.021133101408438888,628,"Down there, we call it drinking like a writer."
7874,91,224,538,934,1696,1.5813679245283019,0.01730398361989262,628,"""They called it a funeral, but all they did was flush Jimmy down the toilet."""
6981,92,146,320,587,1053,1.5811965811965811,0.02224795584175094,628,"Well, how else WOULD I drink?"
3357,93,91,267,417,775,1.5793548387096774,0.024865049702472636,628,Skip the tequila and just give me the worm
2046,94,106,245,452,803,1.5691158156911582,0.02519829009610351,628,And the fisherman I pulled into the water was 7' feet 7 inches and weighed 375 pounds.
7208,95,89,263,424,776,1.568298969072165,0.024749498375435323,628,"""Sign outside says you serve fish."
4728,96,204,414,840,1458,1.5637860082304527,0.018996201912412275,628,"Yes, I *do* drink like a fish!"
1961,97,46,124,216,386,1.5595854922279793,0.03548519127850913,628,Being a big fish in a small pond is over-rated.
6946,98,186,291,708,1185,1.559493670886076,0.021755407718491812,628,Don't get me going on Roe v. Wade!
3585,99,165,406,747,1318,1.5584218512898331,0.019425426393164462,628,and I drink like one too; so keep my tab open
7097,100,199,367,808,1374,1.556768558951965,0.019766343450769327,628,"I don't care what white wine goes with, bring me a scotch!"
6611,101,132,337,613,1082,1.555452865064695,0.021310392465877896,628,"I may be farm raised, but I couldn’t resist the lure of city life."
2387,102,137,384,672,1193,1.5515507124895223,0.020004521659262843,628,I want top shelf stuff this time.  No more bait and switch.
3690,103,132,396,672,1200,1.55,0.019746094724798977,628,You’re out of water? So am I.
4850,104,155,336,685,1176,1.5493197278911566,0.020857633055930407,628,I'm meeting a rabbi and a priest.
7722,105,133,366,658,1157,1.5462402765773553,0.020329610126266003,628,A double scotch neat and if the aquarium calls you haven't seem me.
2663,106,123,358,626,1107,1.5456187895212286,0.020617526828793552,628,I’m not kidding you. The guy was THIS BIG!
4560,107,151,313,665,1129,1.5447298494242692,0.021377487776166725,628,"No, pal, I don't drink like a fish.  I drink ""as"" a fish!"
2998,108,133,282,592,1007,1.5441906653426019,0.02256420326267975,628,"Remember me? 2006,  Bear Lake? You don't look so tough without that fishin' pole in your hand, mister..."
6358,109,122,347,618,1087,1.5436982520699172,0.02085999731449115,628,One tequila with two worms.
2754,110,148,275,631,1054,1.5417457305502846,0.022415658289562747,628,I knew Flipper before he was an asshole
3851,111,122,295,585,1002,1.5379241516966067,0.02217167448841807,628,"Well, how do think they make pickled herring?"
6450,112,129,289,599,1017,1.5378564405113078,0.022233863598080817,628,"Y'know when people say ""he drinks like a fish""... I'm that fish."
2149,113,37,94,182,313,1.536741214057508,0.039429904066697455,628,"...and then she says to me, 'Go spawn yourself'."
3078,114,127,251,566,944,1.534957627118644,0.02343388888711612,628,"So she said ""what on earth are you going to do with a bicycle'?"""
6280,115,129,249,571,949,1.5342465753424657,0.023436157404752148,628,"Yes, and you drink like a human. What’s your point?"
5458,116,108,234,502,844,1.533175355450237,0.024471242628545237,628,"I'm sorry, but we only serve fish on Fridays."
4508,117,120,254,555,929,1.5317545748116255,0.023381532614058103,628,Really? I bet you'd serve me if I was filleted in a lemon butter sauce.
3789,118,113,253,536,902,1.5310421286031042,0.023547498694296027,628,I'm just tired of all the carping.
715,119,111,257,539,907,1.528114663726571,0.023350022110014367,628,"Reached my limit? I'm a fish, you idiot!"
8050,120,111,232,519,862,1.5266821345707657,0.024262134718908708,628,She was called Wanda.
5847,121,97,226,476,799,1.525657071339174,0.024833914958557933,628,I don't think I can walk out of here.
4663,122,102,258,521,881,1.5244040862656072,0.023378299272554342,628,"But not TOO dry, right?"""
1900,123,82,241,452,775,1.5225806451612902,0.02440779246332399,628,Can you put on the Marlins' game
2101,124,110,207,501,818,1.52200488997555,0.025191176984953587,628,"Look, I don't blame you. You were just a kid then, how could you have known? But the toilet, Roger... the toilet."
7942,125,107,217,503,827,1.521160822249093,0.024807219082318772,628,Tequila shot...with the worm.
3027,126,91,231,474,796,1.5188442211055277,0.024527948669348577,628,"Yeah, but I tip like a whale"
7870,127,105,190,476,771,1.5188067444876783,0.026037431776763594,628,"I don't care if it's bad for me, I want a plastic straw."
5025,128,94,228,483,805,1.5167701863354037,0.024516699900908323,628,I'll have the chips
1756,129,77,232,438,747,1.5167336010709505,0.024720365088722208,628,"When climate change floods this dump, you'll be the one gasping for breath, amigo."
7474,130,88,193,434,715,1.5160839160839161,0.026353956585819203,628,"Listen Cueball, I'm up to my gills in work, I'm swimming in debt, and my love life's in the tank, so maybe it's you who should switch to water!"
8049,131,90,204,451,745,1.5154362416107383,0.02569916060457087,628,He said I was too koi.
5164,132,92,197,451,740,1.5148648648648648,0.025970413176206752,628,"I've had enough? I'm not the one hallucinating a giant, talking fish."
580,133,87,214,455,756,1.5132275132275133,0.025213886719688938,628,Gimme a shot of the East River.
301,134,82,173,404,659,1.5113808801213962,0.027530927277723705,628,"Next thing I know, Jimmy Hoffa floats by."
7103,135,87,212,456,755,1.5112582781456954,0.025239879063407907,628,Water. Salty.
850,136,74,216,423,713,1.5105189340813465,0.025347666397597217,628,What do you mean you don't serve fish except on Friday?
902,137,86,184,428,698,1.510028653295129,0.026684773497575066,628,"And then she left me, high and dry."
47,138,69,222,416,707,1.5091937765205092,0.025109009425009605,628,We met on HOOKED.COM
3484,139,75,165,379,619,1.5088852988691437,0.02822262927170014,628,And just where am I supposed to get a shirt and shoes?
7612,140,57,231,394,682,1.5058651026392962,0.024748990272672654,628,"I know, I should be in a school right now..."
4937,141,81,179,415,675,1.5051851851851852,0.02696225281640244,628,"YEAH,YEAH, I KNOW. I DRINK LIKE A FISH."
220,142,75,204,422,701,1.5049928673323822,0.025744766453078008,628,"Understand something, I drink BECAUSE I’m a fish."
2727,142,85,184,432,701,1.5049928673323822,0.02652453770371954,628,"A trout, a haddock, and a squid walk into a bar...….."
4753,142,70,214,417,701,1.5049928673323822,0.025345886241898832,628,"You know, now that you mention it, I actually AM a big fish in a small pond."
4534,145,57,226,391,674,1.5044510385756678,0.02495522451324852,628,She caught me and then released me - story of my life.
3051,146,56,238,400,694,1.5043227665706052,0.024363901779986583,628,"...so then he says, ""There's something fishy here,"" and they all turn to look at ME!"
408,147,74,184,401,659,1.5037936267071321,0.026855696487480898,628,"I'm sorry, I was told this was a dive bar."
2485,148,88,161,420,669,1.5037369207772795,0.027713927251257587,628,"I get that a lot, but Capote wore glasses."
4445,149,79,173,406,658,1.5030395136778116,0.02731273145808087,628,I fell in love with a hooker.
6836,150,77,167,395,639,1.5023474178403755,0.027741418356617045,628,I feel so used: She let me fertilize her eggs and I never saw her again!
783,151,73,173,391,637,1.500784929356358,0.027449174184872638,628,Who are you callin' chum?
3740,152,81,169,412,662,1.5,0.027357469751238844,628,And you drink like a person. Your point?
634,153,71,187,401,659,1.4992412746585735,0.026597227193419073,628,"A soon as you go belly up in this town, they flush you down the toilet."
3602,154,55,209,376,640,1.4984375,0.0256945022706916,628,Another tequila with worm. Hold the tequila.
4918,155,71,170,385,626,1.4984025559105432,0.027621281907261482,628,"So the guy who nearly hooked me was huge - at least ten feet, 400 pounds."
5405,156,83,153,406,642,1.4968847352024923,0.028167021170509843,628,Not one of my seven thousand kids call me.
7347,157,56,184,357,597,1.4958123953098827,0.027096247606808656,628,I just know I’m going to get canned.
265,158,59,162,344,565,1.4955752212389382,0.0285224180479717,628,"We met on line, but after the first date, I was hooked."
815,159,70,173,389,632,1.495253164556962,0.02733534353493329,628,"Hey, I'm out of water again."
6478,160,57,178,356,591,1.494077834179357,0.027397214041441846,628,Can you please  put the Marlin’s game on?
877,161,60,182,371,613,1.4926590538336053,0.026986582085506944,628,"I'm not out of water, I'm out of whiskey!"
4792,162,59,173,359,591,1.4923857868020305,0.02760507243617788,628,Yeah? At least I don't smoke like a chimney.
68,163,71,144,368,583,1.490566037735849,0.02911875062690144,628,Saying I drink like a fish isn't helping matters.
2706,164,67,151,363,581,1.4905335628227194,0.0287841916507835,628,"Yes, I do drink like a fish. So what?"
748,165,75,142,379,596,1.4899328859060403,0.029034216428809972,628,What else would I drink like??!!!
3280,165,66,160,370,596,1.4899328859060403,0.02814653025113467,628,I was supposed to meet a rabbi and a priest here.
300,167,61,153,348,562,1.48932384341637,0.028851079622625984,628,Lately Bob I feel like I'm floundering
7900,168,64,149,354,567,1.4885361552028218,0.028988182658209575,628,I AM the one who got away.
2815,169,72,141,371,584,1.4880136986301369,0.02918068368371616,628,We were smooching and going to make babies...and then she left me for a guy with a fishing pole and a yacht.
3401,170,58,158,349,565,1.4849557522123893,0.028405729528988986,628,"A bar fly, please."
7303,171,55,133,316,504,1.4821428571428572,0.030500630332858464,628,Do I tell you you've had too much to breathe?
454,172,51,147,319,517,1.4816247582205029,0.02943111850865713,628,...and then she called me a cold fish.
3446,172,67,115,335,517,1.4816247582205029,0.031402919536027654,628,Of course I drink like one. What did you expect?
4631,174,64,132,345,541,1.4805914972273568,0.030006857270705428,628,If I wanted water in my scotch I'd drink at home.
6059,175,48,140,304,492,1.4796747967479675,0.03009519307626907,628,There ain't another sole in this place.
6651,176,47,154,317,518,1.4787644787644787,0.028873640341774455,628,...And then she said it would never work because I was raised on a farm.
7140,177,61,122,327,510,1.4784313725490197,0.03098736926867626,628,... and then I told Mrs. Paul where she can stick it.
435,178,64,121,336,521,1.4779270633397312,0.030859301285305226,628,"Yes, I am out of water, but I'm out of bourbon too."
5385,178,59,131,331,521,1.4779270633397312,0.030255333587634856,628,"You heard me, 10 gallons of water and a large bowl."
143,180,36,78,200,314,1.4777070063694266,0.039111636138687504,628,"So, one day I thought what if I do need a bicycle."
2099,181,54,132,317,503,1.4771371769383699,0.030408540323229597,628,Why yes. I am transitioning.
7313,182,64,110,325,499,1.4769539078156313,0.03187519284726712,628,I can't drown my sorrows about my 1174 children who never call me.
2551,183,48,141,308,497,1.476861167002012,0.029872833574095634,628,"So, the waitress says ‘Do you want anchovies on that?’ ...and I just looked at her."
523,184,59,127,329,515,1.4757281553398058,0.03051239115357247,628,"So I told her, ""Yeah? Well you eat like a pig."""
3553,185,61,120,328,509,1.475442043222004,0.031028389493356574,628,"You wouldn't happen to know where I could find a bicycle, would you?"
7918,186,46,110,269,425,1.4752941176470589,0.03314704971405993,628,"You think you got a dysfunctional family? Listen, Tony, all my brothers are bottom feeders, and my sister married a loan shark."
968,187,45,148,309,502,1.4741035856573705,0.029249161724347394,628,Hold the tequila. Keep the worm.
2905,187,45,148,309,502,1.4741035856573705,0.029249161724347394,628,Got change for a fin?
7853,189,35,136,264,435,1.4735632183908045,0.03074424890238017,628,I'm trying to scale back.
7061,190,52,127,309,488,1.473360655737705,0.030813911210649872,628,Still think climate change is fake news?
4706,191,47,145,313,505,1.4732673267326732,0.029392796130477183,628,"Trust me, I'll be a mermaid nearer to closing time."
344,192,40,147,293,480,1.4729166666666667,0.02946754910676395,628,I was told this was a WET bar
1083,193,47,133,301,481,1.471933471933472,0.030435672102145973,628,"Yes, you can call me Wanda if you like."
208,194,47,136,305,488,1.471311475409836,0.030119540049026495,628,And   then the president drained the swamp....
645,195,48,125,296,469,1.4712153518123667,0.0311414705360537,628,"I eat like a fish too, ok?"
4089,196,50,129,308,487,1.4702258726899384,0.030579193226614083,628,"Before the divorce, I lived in a castle."
5927,197,45,133,298,476,1.468487394957983,0.030369048855201468,628,One more for the road.  I have a designated diver.
1614,198,44,111,270,425,1.468235294117647,0.032796176828986626,628,Looks like you and I have the same barber.
5654,199,50,117,297,464,1.4676724137931034,0.031673011061410176,628,I'm not leaving here until I get tanked!
6477,199,52,113,299,464,1.4676724137931034,0.03196558821319224,628,You’re kidding! A horse walked into a bar?
6116,201,41,134,287,462,1.4675324675324675,0.030414170576458243,628,"For the last time, it's ""large"" mouth, not ""big."""
4659,201,44,128,290,462,1.4675324675324675,0.030873826562634783,628,"They always say, ""A fish walked into a bar..."" but they never stop to think how."
4606,203,44,131,294,469,1.466950959488273,0.030541446659626038,628,"I coulda been Catch Of the Day.
I coulda been a contender."
1907,204,46,119,287,452,1.4668141592920354,0.03167316892385856,628,Where are all the barflys?
1621,205,43,129,290,462,1.4653679653679654,0.030716244132904223,628,I'm not driving.
5587,205,45,125,292,462,1.4653679653679654,0.03102045427578406,628,"Seriously, I'm a good catch."
7032,205,47,121,294,462,1.4653679653679654,0.03132170993607862,628,"Yea, I'll tell you what's sick, ""Catch of the Day"", that's...sick."
2163,208,54,99,292,445,1.4651685393258427,0.033270776837235484,628,You're goddamn right I drink like a fish!
8002,209,40,125,277,442,1.4638009049773755,0.031214461901818882,628,Not a problem. I know a guy who can get you off the hook.
7921,210,41,120,275,436,1.463302752293578,0.03168547680316815,628,"So, the fella at the helm was 8 feet tall and 600 pounds, easy."
7049,211,46,120,292,458,1.462882096069869,0.031362063790399755,628,"So little Ms. Mermaid runs off with the handsome prince, and I'm stuck with the 1,237 kids."
1757,212,35,137,276,448,1.4620535714285714,0.030093443902336474,628,Let me tell you man. There are NOT  plenty of fish in the sea.
1172,213,44,118,284,446,1.4618834080717489,0.031653195960552785,628,Can you believe it? I win a damn Oscar and now I can't get cast.
7333,213,52,102,292,446,1.4618834080717489,0.032901998912057424,628,"Then she said,"" You're not the only fish in the sea."""
6607,215,34,122,256,412,1.4611650485436893,0.03172035621076743,628,"When I was younger, I was the catch of the day."
7319,216,34,137,274,445,1.4606741573033708,0.030062340140619145,628,It's hard to find a neighborhood bar that serves fish.
6907,216,44,117,284,445,1.4606741573033708,0.03170124784698901,628,So apparently asking if she'd like to sleep with the fishes isn't the stellar pick up line I'd imagined.
6637,218,55,92,292,439,1.460136674259681,0.033752401955553284,628,Water?!  No way. Do you know what I do in water?
5616,219,44,100,265,409,1.4596577017114913,0.03370617791071068,628,It was at this moment that Steve began to regret the mushrooms he'd taken before work.
7201,220,48,105,285,438,1.4589041095890412,0.03270732883054022,628,"Two parts hydrogen, one part oxygen, and keep 'em coming."
6355,221,33,114,246,393,1.4580152671755726,0.032583339516529246,628,"Ten thousand little mouths to feed. 
I just couldn't take the pressure"
6539,222,40,109,264,413,1.4576271186440677,0.03275049615757928,628,"And, his policies are ruining our schools."
6319,223,37,114,260,411,1.4574209245742094,0.0323183736964191,628,"Mezcal with TWO worms, please."
1554,224,43,101,265,409,1.4572127139364304,0.033520486741523525,628,"Well, if you’re cutting ME off, then it’s time I get to the point. ‘Member the goldfish you flushed when you was six? Yep, that’s right, Billy, it’s me. Mr. Mothaflipping Gulp Gulp."
4914,225,39,116,270,425,1.4564705882352942,0.031906208439298964,628,I prefer being a big fish in a small bar.
3188,226,29,109,229,367,1.4550408719346049,0.033306689786625814,628,I’m just killing time until the tide comes in.
2425,227,39,111,266,416,1.4543269230769231,0.032391206974479406,628,I'd like something  dry.
7289,228,39,101,254,394,1.4543147208121827,0.03368324227580433,628,"You just called me ""Donald.""  I'm a grouper.  Not a groper."
6395,229,37,114,263,414,1.4541062801932367,0.03214064611628536,628,Yeah...I'll have another. I'm off the hook tonight.
7973,229,38,112,264,414,1.4541062801932367,0.032322101888378044,628,"Actually, most of us prefer red wine."
4810,231,23,135,241,399,1.4536340852130325,0.030206093701884065,628,"If you tell me, ""there are plenty of fish in the sea,"" one more time..."
2400,232,30,86,206,322,1.453416149068323,0.03677689528309602,628,I got free lip piercing today.
3896,233,39,82,232,353,1.453257790368272,0.036493241071093474,628,It’s okay—I’m an Emotional Support Fish.
2483,234,35,108,250,393,1.4529262086513994,0.03296183269444901,628,And a little something for the seahorse I rode in on.
4349,235,46,94,271,411,1.4525547445255473,0.033915002435119516,628,I'm just saying that a guy without gills selling Bass Ale is culturally appropriative.
4820,236,42,101,266,409,1.452322738386308,0.033324968993342516,628,"Don't worry about it, I came here on my bike."
3596,237,41,102,264,407,1.452088452088452,0.03326186165884466,628,I used to drink like a sailor.
8024,237,41,102,264,407,1.452088452088452,0.03326186165884466,628,"Which raises an interesting question - Is it worse to be a fish out of water, or a bartender out of scotch?"
5650,239,46,81,257,384,1.4505208333333333,0.03566361353009951,628,Yeah?  And you bartend like a bald guy!
2710,240,35,111,256,402,1.4502487562189055,0.03242694328506974,628,So I told her it was me or her cat.
36,241,34,94,232,360,1.45,0.03486499585004487,628,You are talking to a fish on a barstool and you say I'm drunk?
7700,242,44,92,265,401,1.4488778054862843,0.03416276821333329,628,You think I'm trying to be koi?
3615,243,40,94,254,388,1.4484536082474226,0.03423314713941345,628,"Yes, I said extra dry."
7573,244,41,96,260,397,1.4483627204030227,0.03385510979082509,628,"Yes, I saw ""The Shape of Water."" No, I don't know him."
4629,244,33,112,252,397,1.4483627204030227,0.032317101624794696,628,She had this way of making me feel like I was the only fish in the sea.
5641,246,36,105,254,395,1.4481012658227848,0.03301995252848501,628,"I tried going dry, but it didn't work for me."
3272,247,43,90,260,393,1.4478371501272265,0.03448263958481428,628,and I smoke like a chimney.
4610,247,37,102,254,393,1.4478371501272265,0.03333404685625772,628,What!  Never seen a fish out of water?
8021,249,30,76,198,304,1.4473684210526316,0.0383056294473827,628,"Hey, Mister--my eyes are up here!"
7393,250,27,103,221,351,1.4472934472934473,0.033851278648479234,628,I just know I'm getting canned tomorrow.
3479,251,36,101,251,388,1.4458762886597938,0.033435410918778885,628,"Worm--and hold the tequila."""
6517,251,45,83,260,388,1.4458762886597938,0.03518241084639816,628,Yeah well YOU drink like a bald guy with a stupid mustache.
5464,253,40,92,254,386,1.4455958549222798,0.034350904069795206,628,"... so I say ""Well of course I drink like one - what did you expect?"""
5980,253,32,108,246,386,1.4455958549222798,0.03274630137959481,628,"When I said fill it to the gills,
whose gills do you think I meant?!"
6707,253,47,78,261,386,1.4455958549222798,0.035695810990019054,628,The guy I got away from was over 8 feet tall and must have weighed more than 400 pounds!
1630,256,32,91,225,348,1.4454022988505748,0.035240104258425456,628,"I've been caught and released so many times, I've lost my self-esteem."
2957,257,41,84,248,373,1.4450402144772119,0.035424407025126524,628,"Make it one for my baby, and one more for the roe."
6421,258,38,85,239,362,1.4447513812154695,0.03557569050429893,628,And make it a double...I'm on shore leave.
3650,259,34,101,246,381,1.4435695538057742,0.0334543402514624,628,This time make sure there’s a worm in my tequila!
874,260,36,95,246,377,1.442970822281167,0.03411998171539945,628,All I remember is that we met online.
7364,261,34,91,234,359,1.4428969359331476,0.03490426979439089,628,"Listen, pal, I don't mind being a fish out of water. I do mind being a fish out of Scotch."
3149,262,41,84,250,375,1.4426666666666668,0.03527506715015592,628,Teach a man to buy me a drink.
6218,263,39,90,251,380,1.4421052631578948,0.03453083044988389,628,"You promised me barflies, Steve...Where are the barflies??"
6612,264,29,94,221,344,1.441860465116279,0.03479320187806772,628,"Don’t judge, Mac, it was a rough day. My buddies are covered in wasabi right now."
407,265,35,92,240,367,1.44141689373297,0.03456615240419504,628,"Flush yourself, I told her."
2020,266,41,75,240,356,1.4410112359550562,0.03665051560339565,628,I was the one that got away.
7908,267,41,82,249,372,1.4408602150537635,0.03547644879027857,628,I'm supposed to find fault with every little thing. I'm a carp.
5019,268,34,88,232,354,1.4406779661016949,0.035247859387895875,628,Yeah? Well you pour like a girl.
1681,269,33,89,230,352,1.4403409090909092,0.035161037458963026,628,"And just like that, she flushed me down the toilet."
6293,269,32,91,229,352,1.4403409090909092,0.03493008787568512,628,"No, I don’t want to see the sushi menu."
1699,271,33,96,239,368,1.440217391304348,0.03406092736927117,628,Not true. I drink like a human.
7976,271,39,84,245,368,1.440217391304348,0.03534117718758896,628,What does that even mean.... drink like a fish?
5402,273,34,93,239,366,1.4398907103825136,0.034410066344478164,628,"I just wasn’t gonna be someone’s trophy, you know?"
7367,274,30,100,234,364,1.4395604395604396,0.03365610495089514,628,I SAID one more!  You got a herring problem?
7784,274,31,98,235,364,1.4395604395604396,0.033880226965568146,628,"Well, I'm tired of your carping too."
6759,276,33,97,241,371,1.4393530997304582,0.03386058569805558,628,"Does Tom Hanks still come in here?  He used to date 
my sister."
4383,277,27,103,228,358,1.4385474860335195,0.033349922091552894,628,I can't believe someone would steal my bicycle.  I really needed it.
4639,278,39,80,242,361,1.4376731301939059,0.03583069150318209,628,She said she didn't need me. Then she took my bicycle.
2160,279,30,93,227,350,1.437142857142857,0.03458627976393933,628,Water. Neat. And keep it coming.
1747,280,30,96,231,357,1.4369747899159664,0.03410554708682487,628,"I was dating this mermaid, But she left me for an octopus. I mean how can you compete with that?"
1735,281,32,88,228,348,1.4367816091954022,0.03519855090354131,628,"Well, your sign said, ‘We serve fish.’"
7990,282,30,85,217,332,1.4367469879518073,0.035905294530564354,628,I got a feeling they're going to can me at work tomorrow.
1153,283,36,86,240,362,1.4364640883977902,0.03510404856895087,628,"Water, and make it snappy. I'm dying here."
6343,284,31,92,230,353,1.4362606232294617,0.03460715759586976,628,Really? My brother was in here last night? Total fluke.
1782,285,32,90,232,354,1.4350282485875707,0.03476222885772545,628,At twenty bucks a martini it's no wonder you don't get many fish in here!
6777,286,27,98,225,350,1.4342857142857144,0.03385318660595454,628,I really shouldn't. I have a tendency to get hooked.
382,287,31,83,220,334,1.4341317365269461,0.03598840797610667,628,"I am scaling back"""
790,288,33,85,230,348,1.4339080459770115,0.035417925826042765,628,"...And put it in a dirty glass, I intend to get polluted."
1552,288,27,97,224,348,1.4339080459770115,0.03398610783345489,628,You think that's something?  Well I had to swim upstream the entire length of the Columbia River over rapids and past marauding bears just for a one night stand!
2333,288,30,91,227,348,1.4339080459770115,0.034709400711379984,628,"'Listen, bub, if you knew sushi like I knew sushi...'"
6475,288,36,79,233,348,1.4339080459770115,0.03611255241456894,628,What do you mean “stop being Koi”?
7186,292,30,90,226,346,1.4335260115606936,0.034849224451697317,628,"Don't give me that 'no shoes, no shirt, no service' line ..."
3791,293,29,91,224,344,1.433139534883721,0.03474749941155972,628,And don't think I won't know if you water it down.
2967,293,31,87,226,344,1.433139534883721,0.03523193606356432,628,"Where I come from, every bar's a dive."
4154,295,21,93,198,312,1.4326923076923077,0.034959096869455406,628,Got any of those little people crackers ?
7754,296,36,76,231,343,1.4314868804664722,0.03648353345199831,628,"LIMMERICK: A big mouthed bass name of Nick...was feeling a bit ichthyonic...He drank like a fish...And had only one wish...""Just give me one more gin and tonic."""
42,297,28,91,222,341,1.4310850439882699,0.03470351748311073,628,It’s an unfortunate stereotype. I’m here for the pretzels.
4564,298,22,96,207,325,1.4307692307692308,0.0342733977021597,628,I'll need more than just a splash.
4992,299,30,86,223,339,1.4306784660766962,0.03534218506960311,628,I’m salmon on my mother’s side but I don’t look it.
7689,300,32,75,216,323,1.4303405572755419,0.03710359749262067,628,And how exactly did you think Herring got pickled?
5373,300,29,81,213,323,1.4303405572755419,0.036317873938495546,628,I bet you always thought it was just a saying.
5438,300,25,89,209,323,1.4303405572755419,0.0352430039596965,628,"Yeah, it was never going to work. Her mother never approved of the school I was in."
2310,303,31,86,227,344,1.430232558139535,0.03521549909718853,628,"Hey, I know what we do in the water. I'll take it neat."
1842,304,33,69,212,314,1.429936305732484,0.03813889872558507,628,"Yeah, I'm supposed to meet a friend here...he wears an antique diving suit and pops out of a treasure chest"
1354,305,33,78,224,335,1.4298507462686567,0.03638179150640851,628,One more for the river.
1610,306,30,81,219,330,1.4272727272727272,0.0360061175830407,628,Of all the gin joints and aquariums in all the world and I meet G. Gordon Liddy.
1105,307,25,85,206,316,1.4272151898734178,0.035765116440735586,628,"I told her, 'those eggs look nothing like me.'"""
6640,308,28,84,216,328,1.4268292682926829,0.03564082424295336,628,"...sure, I know how to drink like one, but learning English was harder"
6017,308,31,78,219,328,1.4268292682926829,0.03641715638402912,628,Of course I'm not driving home.  You think I want to end up in the tank?
7178,308,27,86,215,328,1.4268292682926829,0.035378261365653786,628,"Biggest damn fisherman you ever saw, twelve feet tall if he was an inch. Would've had him, but the line broke."
5708,308,27,86,215,328,1.4268292682926829,0.035378261365653786,628,What wine would you recommend for trout?
5163,308,28,84,216,328,1.4268292682926829,0.03564082424295336,628,I want the one with the worm.
2971,308,24,92,212,328,1.4268292682926829,0.034578612622179775,628,I'm a good catch right ?
1411,308,25,90,213,328,1.4268292682926829,0.034847201126279155,628,"Woman trouble? Are you kidding? Since the Godfather movies, nobody wants to sleep with the fishes!"
1178,308,29,82,217,328,1.4268292682926829,0.035901466936292065,628,Are you trying to bait me?
245,308,28,84,216,328,1.4268292682926829,0.03564082424295336,628,Bourbon and water.  Hold the bourbon.
3332,317,24,94,215,333,1.4264264264264264,0.034218076029430666,628,"Last I heard, she was headed upstream."
5279,318,25,89,212,326,1.4263803680981595,0.034992499544791326,628,When do the mermaids usually show up?
7324,319,31,71,210,312,1.4262820512820513,0.03775379765207191,628,"I just told her to fish or cut bait, and she took me literally..."
3512,320,34,67,216,317,1.4258675078864353,0.03811273312189191,628,Do I look like I drove here ?
2797,321,32,62,202,296,1.4256756756756757,0.039517947479378,628,Who you calling a hooker?
3861,322,27,69,193,289,1.42560553633218,0.03869919047245124,628,This town will eat you alive.
7669,323,27,83,212,322,1.4254658385093169,0.03583218597561446,628,"And NO plastic straws, thank you!"
1674,323,26,85,211,322,1.4254658385093169,0.035561159725169926,628,"Not only am I a, 'fish out of water' I'm a fish out of money."
1223,323,34,69,219,322,1.4254658385093169,0.037674817150649034,628,I could use a bowl of water... if it’s not too much trouble.
6191,326,26,79,203,308,1.4253246753246753,0.03668932713281403,628,"You don't know how tired I am of hearing ""Holy Mackerel "" every time I come in this watering hole."
7656,326,30,71,207,308,1.4253246753246753,0.037824762699279084,628,"It’s going swimmingly, but suddenly on day three she tells me I stink."
5879,328,23,84,199,306,1.4248366013071896,0.03597254239239075,628,He said he had bigger fish to fry!
2895,329,30,77,216,323,1.4241486068111455,0.03654339206154746,628,"Back in my day, we had to swim upstream, both ways!"
4064,330,25,86,210,321,1.4236760124610592,0.03535259399966045,628,My first wife thought I was quite a catch.
5485,331,24,71,186,281,1.4234875444839858,0.038496954865148016,628,"I assure you, I'm not being koi."
3029,332,28,79,212,319,1.4231974921630095,0.03632704192824865,628,"The guy who hooked me had to be at least 6'7"" and 275 pounds... He was huge."
3034,332,28,79,212,319,1.4231974921630095,0.03632704192824865,628,All he ever wants to do is play catch and release.
7876,332,26,83,210,319,1.4231974921630095,0.03578019809941714,628,How many more shots ‘til I get to the worm?
6831,335,25,79,201,305,1.4229508196721312,0.03663465832953923,628,"When the rabbi and the priest get here,tell them the fish is waiting for them.."
467,335,20,89,196,305,1.4229508196721312,0.03513184587690283,628,"So I says to her: ""Baby, there are plenty of other fish in the sea."""
1721,335,24,81,200,305,1.4229508196721312,0.036339068117954725,628,Bass. Sea Bass.
526,338,28,78,211,317,1.4227129337539433,0.03648663969157786,628,Maybe YOU'VE had too much to BREATHE!
1475,338,24,86,207,317,1.4227129337539433,0.03537530550705396,628,I love this watering hole
5990,338,27,80,210,317,1.4227129337539433,0.0362120037683172,628,Do you have any idea how much it takes to drown my sorrows?
6646,341,23,87,205,315,1.4222222222222223,0.03524176568754897,628,Yeah?  Well there’s something “mannish” about you!
7911,341,28,77,210,315,1.4222222222222223,0.036648111284295966,628,You're cutting me off? You're the one talking to a fish.
5270,343,28,71,202,301,1.4219269102990033,0.03785723639730574,628,I’m telling you he was at least 10 feet tall.
4778,344,26,79,206,311,1.4212218649517685,0.03641147363416618,628,"Hey pal! If I wanted water in my drinks, I'd just stay at home."
5941,345,30,65,202,297,1.4208754208754208,0.038806497740546335,628,"Sorry, no sauce for you. We only serve Fish on Fridays."
4209,346,18,80,178,276,1.4202898550724639,0.03688217482269854,628,"Yeah, I was in a private school. It was just sink or swim."
1416,347,23,84,203,310,1.4193548387096775,0.03561223448614197,628,"Grow some legs she said. Yeah, that will just take about 400 million years."
1668,347,30,70,210,310,1.4193548387096775,0.037608300788670404,628,"And don't even get started with that ""drink like a..."""
2372,347,25,80,205,310,1.4193548387096775,0.036193773738235326,628,"There are NOT plenty of fish in the sea once you turn 40, Carl!"
5140,347,22,86,202,310,1.4193548387096775,0.035317874213160856,628,The only thing worse than a fish out of water is a bar out of gin.
6398,351,23,83,202,308,1.4188311688311688,0.035768085341286414,628,I thought that it would be more enjoyable getting polluted here  than in the river.
6722,351,31,67,210,308,1.4188311688311688,0.03806005549887977,628,"Oh yeah? Well,I drink like one too!"
5375,351,32,65,211,308,1.4188311688311688,0.038336918388510846,628,"After you flushed me down the toilet, I thought I would never see you again."
5599,351,27,75,206,308,1.4188311688311688,0.03693185449960072,628,So what the Hell did you expect me to drink like?
3609,351,29,71,208,308,1.4188311688311688,0.03750019800852714,628,"So I said, where is the nearest lagoon, and he thought I said saloon."
3447,351,29,71,208,308,1.4188311688311688,0.03750019800852714,628,Did you think it was just an expression?
765,351,31,67,210,308,1.4188311688311688,0.03806005549887977,628,"...and the worst part is, I fell for it too. Hook, line, and sinker."
4822,351,27,75,206,308,1.4188311688311688,0.03693185449960072,628,"Well, if I'm a bottom-feeder, what does that make this place?"
7128,359,26,75,203,304,1.417763157894737,0.036976923201333264,628,Would you say I'm a good catch?
813,360,26,77,206,309,1.4174757281553398,0.03655073569535671,628,I need to get tanked and make it quick.
2346,360,33,63,213,309,1.4174757281553398,0.03851049686412115,628,"Well, of course I drink like a fish. What else am I going to drink like??"
3976,362,22,82,198,302,1.4172185430463575,0.03594211822548896,628,"If I wanted water, I would’ ve stayed home."
2014,363,24,77,199,300,1.4166666666666667,0.03671528144370069,628,Nothing right now. I'm trying to scale back.
1321,364,22,83,200,305,1.4163934426229507,0.03569204165706628,628,You'll see more of us with this global warming!
1285,365,26,67,193,286,1.416083916083916,0.03860625677308498,628,Do I look like I want it dry?
321,366,22,77,192,291,1.4158075601374571,0.036864822135363934,628,"I found Nemo, but now I’m really trying to find myself.”"
3889,367,19,75,178,272,1.4154411764705883,0.037571859204982815,628,How much am I on the hook for?
4681,368,26,70,198,294,1.4149659863945578,0.03784466025740208,628,"I’m trying to get filleted tonight,if you catch my drift."
2679,369,27,63,192,282,1.4148936170212767,0.03931107190927578,628,"She left me for a goldfish. EVERYONE wants a goldfish. Just you wait, in a ​few weeks that relationship will be down the drain."
7947,369,26,65,191,282,1.4148936170212767,0.03898873213887066,628,Yeah but I swim like a man
2226,371,21,70,179,270,1.4148148148148147,0.038479417555262865,628,"Food pellets, koi pond, and 500,000 kids...she got it all in the divorce."
6440,372,29,66,204,299,1.414715719063545,0.038281302694987196,628,Out of water? What kind of a bar runs out of water?
6087,373,26,67,194,287,1.4146341463414633,0.038498812079516206,628,Do you ever feel like your whole existence is just a setup for a bad joke?
5780,374,29,65,203,297,1.4141414141414141,0.03846350053466619,628,I'm looking for  a fish called Wanda
5775,374,26,71,200,297,1.4141414141414141,0.03756581963873806,628,"This is a dive, right?"
1497,374,27,69,201,297,1.4141414141414141,0.0378674111589401,628,You think it's easy to drown my sorrows?
2429,374,26,71,200,297,1.4141414141414141,0.03756581963873806,628,"Line'em up, I have a reputation to uphold."
2783,374,23,77,197,297,1.4141414141414141,0.03664615582677302,628,Something bracing. I've been swimming with the sharks all day.
7945,379,30,55,193,278,1.4136690647482015,0.04067899819805398,628,"Buddy, I’ve been in ponds that are less watered down.”"
4953,380,32,53,198,283,1.4134275618374559,0.04076631304877506,628,I'm not as fish as you drunk I am.
768,381,22,80,198,300,1.4133333333333333,0.03607663505893768,628,So? You breath like a human!
3886,382,22,77,194,293,1.4129692832764504,0.03666753177319387,628,I'd rather hang around the bar than over the mantel.
5747,382,30,61,202,293,1.4129692832764504,0.03913463813375792,628,I don't want you to give me a drink; I want you to teach me how to drink.
6736,382,23,75,195,293,1.4129692832764504,0.03698492109331088,628,"Keep 'em coming, I have a reputation to uphold."
6919,382,25,71,197,293,1.4129692832764504,0.037611665639252556,628,"Turns out there aren’t plenty of fish in the sea, after all."
3352,386,24,71,194,289,1.411764705882353,0.03765267523465004,628,"And let me tell you, they got a lot wrong in The Shape of Water."
6941,387,22,70,185,277,1.4115523465703972,0.03811794139673871,628,Why does everyone assume I'm a Pisces?
5737,388,21,74,187,282,1.4113475177304964,0.037305934745836,628,If I wanted water with my scotch would I be in here?
3581,389,23,72,192,287,1.411149825783972,0.0375091779997658,628,"Another martini, Joe. I'm gonna get tanked tonight."
4732,390,20,70,178,268,1.4104477611940298,0.03827918963427305,628,I drink to deal with the trolling.
7493,391,22,68,183,273,1.4102564102564104,0.03849743351224551,628,Oh yeah? What am I supposed to drink like?
1655,391,26,60,187,273,1.4102564102564104,0.03987214301843848,628,I’m going to smack that New Yorker intern who selects a lame “drink like a fish” caption for the top 3.
8012,393,23,68,187,278,1.410071942446043,0.0383495499276445,628,"And you know what, it would be nice if- just once- these mobsters would ask if I wanted to sleep with any of these people."
3844,394,23,65,183,271,1.4095940959409594,0.03904263908089328,628,"If it looks like a fish, and drinks like a fish, it's probably a fish"
7994,394,21,69,181,271,1.4095940959409594,0.03833615073350604,628,Everyone in my school had a drinking problem.
4952,396,17,70,167,254,1.4094488188976377,0.038533325821727485,628,"Hey, Bub, I'm out of water."
6050,397,27,63,196,286,1.4090909090909092,0.038867599188413066,628,"Scotch, and 100 gallons of water."
924,397,26,65,195,286,1.4090909090909092,0.038550660176305644,628,"That part was perfect for me, but Tom Hanks wanted Darryl Hannah."
1690,397,23,71,192,286,1.4090909090909092,0.03758381034571413,628,"Just so you know, I am offended equally by ""stewed to the gills"" and ""drinks like a fish""."
1862,397,25,67,194,286,1.4090909090909092,0.03823109380317111,628,Sometimes I feel like a fish out of water.
2246,397,26,65,195,286,1.4090909090909092,0.038550660176305644,628,"They keep saying Gill, 'there's plenty of fish in the sea', but you look around I swear it's all plastic."
4352,397,26,65,195,286,1.4090909090909092,0.038550660176305644,628,"If you knew what we do in the water, you would stick to scotch too!"
4788,397,19,79,188,286,1.4090909090909092,0.03625459051670684,628,Evolution is for quitters!
5804,397,18,81,187,286,1.4090909090909092,0.03591459963429858,628,"Another double water on the rocks, please.  And hold the clichés."
7231,397,7,31,72,110,1.4090909090909092,0.05818416383928839,628,"Yes, I'm out of water, but not out of money. Keep it flowing."""
5203,406,23,70,191,284,1.408450704225352,0.03776393840582595,628,I'm here to get tanked!
200,406,27,62,195,284,1.408450704225352,0.03905959800306566,628,Let me have a tequila with a worm and hold the tequila.
246,408,18,71,173,262,1.4083969465648856,0.03810720212064561,628,Don't judge. I got hooked.
974,409,22,60,173,255,1.407843137254902,0.040375020160733334,628,And then she took my bicycle and left.
2607,410,29,57,196,282,1.4078014184397163,0.0398918993205441,628,I'll have a pure Sea Water.  Neat. No plastic.
2829,410,23,69,190,282,1.4078014184397163,0.037946393586776546,628,Scotch and salt water.
4134,410,18,79,185,282,1.4078014184397163,0.036245456017883544,628,Water.....neat.
4243,410,29,57,196,282,1.4078014184397163,0.0398918993205441,628,"Yes, I drink like like a fish, so what?"
6723,410,23,69,190,282,1.4078014184397163,0.037946393586776546,628,School was just not my thing.
4391,415,21,72,187,280,1.4071428571428573,0.03745379715356109,628,But all she cares about is what school I went to.
4798,415,21,72,187,280,1.4071428571428573,0.03745379715356109,628,My life’s headed straight down the toilet.
5940,415,29,56,195,280,1.4071428571428573,0.040094887819509054,628,"Well, YOU drink like a bartender."
6425,415,20,74,186,280,1.4071428571428573,0.03711044708320336,628,"No, I am not tanked!"
5245,419,20,65,173,258,1.4069767441860466,0.03927283759339198,628,It’s just a midstream crisis.
6761,420,22,69,187,278,1.4064748201438848,0.037978068059475165,628,Last time I date a witch.
1446,420,17,79,182,278,1.4064748201438848,0.0362280780972699,628,"Hey, I got one for ya. What did the fish say when he swam into a concrete wall?

Damn!"
299,420,21,71,186,278,1.4064748201438848,0.037634580525740945,628,"I'm drowning in debt, I can't float a loan, and my business is under water. Martini - very dry."
556,423,21,70,185,276,1.4057971014492754,0.03781773162507095,628,"If you're seeing a fish, you're the one that's had enough."
3914,423,23,66,187,276,1.4057971014492754,0.03850820363938093,628,"Carp diem,"" that's what I always say."
4240,423,21,70,185,276,1.4057971014492754,0.03781773162507095,628,"What do you mean, ""Be wary of Russian hookers?"""
5297,423,21,70,185,276,1.4057971014492754,0.03781773162507095,628,They want to arm our schools?!
7867,423,24,64,188,276,1.4057971014492754,0.0388488379319781,628,I’ll know if you’re watering the drinks.
6282,428,18,71,175,264,1.4053030303030303,0.03788094820432477,628,"Ever think maybe you smell a little ""Humany?"""
2395,429,17,77,180,274,1.405109489051095,0.03656913679867877,628,"That will do.  I don’t want to have to 
crawl out of here."
7637,429,27,57,190,274,1.405109489051095,0.04005838609263652,628,I’ve been dealing with sharks at work all day. Make it a double!
6766,431,25,56,181,262,1.4045801526717556,0.0406713181526881,628,Is your scotch wild or farm raised?
1047,432,19,72,181,272,1.4044117647058822,0.0374741619042927,628,Certainly I want that with water
6684,432,22,66,184,272,1.4044117647058822,0.03854491773543432,628,She fed me a line and here I am.
2431,434,12,78,163,253,1.4031620553359683,0.03648679216088551,628,"So then she says “I don’t think we should spawn anymore, but we can still be friends...”"
5256,435,23,58,177,258,1.4031007751937985,0.040373023020847706,628,"My God, how hard can this be? Just put the water 
in a plastic bag."
7685,436,20,69,182,271,1.4022140221402215,0.03791019498121781,628,"As soon as I saw her, I was hooked."
532,436,27,55,189,271,1.4022140221402215,0.040354902183003145,628,"Tell em, Mackie's back in town."
3472,436,25,59,187,271,1.4022140221402215,0.03967178993769946,628,I miss the dive bar.
1745,439,16,76,177,269,1.4014869888475836,0.03661285428176991,628,Scotch and water ... and hold the scotch.
3630,439,17,74,178,269,1.4014869888475836,0.036989774639812026,628,"But don't you think I'd make a great catch?"""
5431,439,26,56,187,269,1.4014869888475836,0.04022343087203965,628,Thirty years on the job and they replace me with some big fish just out of school...
6800,439,20,68,181,269,1.4014869888475836,0.038098168140239655,628,"I'm telling you, pal, he was so big I couldn't get him outta the boat!!"
7176,439,21,66,182,269,1.4014869888475836,0.03846053490121965,628,I can’t believe she was using me for bait.
1161,439,19,70,180,269,1.4014869888475836,0.037732321508171324,628,Rejected? She flushed me down the toilet!
3037,445,23,63,186,272,1.400735294117647,0.03886129014428944,628,It all started when they flushed me down the toilet!
3039,446,19,68,178,265,1.4,0.0381085086744484,628,Line 'em up. I've got a reputation to defend.
4059,446,19,62,169,250,1.4,0.0396774140885595,628,"Water, straight. And keep 'em coming"
5470,446,18,70,177,265,1.4,0.03773156064826484,628,It turned out to be just another line.
6586,449,24,57,182,263,1.3992395437262357,0.040150329923398245,628,Set 'em up Joe_I've got a little tail you ought to know.
4693,449,15,75,173,263,1.3992395437262357,0.0367535516026019,628,I am out celebrating my promotion. Tomorrow I am being featured as the ‘catch of the day’!
4579,449,22,61,180,263,1.3992395437262357,0.039420792682590945,628,"The problem is, I can’t drown my sorrows."
1513,449,27,51,185,263,1.3992395437262357,0.04122043351068251,628,Call me Fishmael.
735,449,20,65,178,263,1.3992395437262357,0.038677497314199415,628,"Okay one more shot, but this time I want a worm in it!"
3183,449,22,61,180,263,1.3992395437262357,0.039420792682590945,628,"What do you mean, stewed to the gills?"
6966,455,20,59,169,248,1.3991935483870968,0.04029890254248855,628,I’m sick and tired of living my life in a fishbowl.
7720,455,18,63,167,248,1.3991935483870968,0.03948039792590544,628,All men want these days is a nice piece of bass.
3928,457,15,67,161,243,1.3991769547325104,0.03874538115188895,628,I’m beginning to feel somewhat out of my depth here...
4906,458,28,48,185,261,1.3984674329501916,0.04179853350397026,628,"Oh yeah? Well, you pour like a bald guy!"
5381,458,22,60,179,261,1.3984674329501916,0.03962679325266232,628,"Just water, thanks."
1718,460,19,62,170,251,1.3984063745019921,0.03955113943081425,628,Not too dry
7766,460,20,60,171,251,1.3984063745019921,0.03995203549552725,628,"Mezcal staight up, extra worm, hold the hook."
6979,462,19,65,175,259,1.3976833976833978,0.038692259286777816,628,I'll admit it-I got hooked on one of your bar flies.
6664,462,20,63,176,259,1.3976833976833978,0.03907711851203523,628,She was looking to hook up.  I just wanted to troll.
6388,462,19,65,175,259,1.3976833976833978,0.038692259286777816,628,"No, I didn't WALK into a bar."
6175,462,22,59,178,259,1.3976833976833978,0.039835683955223494,628,I've been told this is an upscale establishment.
4923,462,19,65,175,259,1.3976833976833978,0.038692259286777816,628,How many times have YOU been caught and released?
4545,462,27,49,183,259,1.3976833976833978,0.04167172936923137,628,They drained the swamp.
3677,462,21,61,177,259,1.3976833976833978,0.03945822415786154,628,"You know, we have a saying too: ""You breathe like a human."" It ain't a compliment."
2266,462,19,65,175,259,1.3976833976833978,0.038692259286777816,628,And then she tells me she’s a pescatarian.”
1785,462,23,57,179,259,1.3976833976833978,0.0402096005783302,628,Gimme a grasshopper.
739,462,19,65,175,259,1.3976833976833978,0.038692259286777816,628,"If I could drown my sorrows underwater, I wouldn't be here."
4250,462,19,65,175,259,1.3976833976833978,0.038692259286777816,628,Sorry.  We only serve fish on Good Friday.
2125,473,21,55,168,244,1.3975409836065573,0.04115779619033997,628,"So glad you threw out the “no shirt, no shoes..” policy, Carl."
3566,473,19,59,166,244,1.3975409836065573,0.04032990776585218,628,"Personally, I happen to think sea level rise is a good thing."
3993,475,20,62,175,257,1.3968871595330739,0.0392811264654554,628,"Just the chips, no fish."
5093,475,23,56,178,257,1.3968871595330739,0.040425281624864105,628,"And then, BAM!   It hits me...I DO drink like a fish!!  So why fight it"
2972,477,19,62,171,252,1.3968253968253967,0.03942558940351302,628,At least I’m not drunk as a skunk
7325,478,13,72,162,247,1.3967611336032388,0.03742770235937311,628,"I'm getting out of the upstream-to-spawn grind; I found a nice quiet aquarium, complete with a little castle."
4442,479,18,58,161,237,1.3966244725738397,0.04071460376540138,628,So this is what you call a dive bar?
5595,480,21,59,175,255,1.396078431372549,0.03987708427287666,628,So now I'm a fish out of bourbon too?
3067,480,19,63,173,255,1.396078431372549,0.03909507467504106,628,I want a martini ... and it BETTER NOT BE DRY!
1116,480,21,59,175,255,1.396078431372549,0.03987708427287666,628,"Ten thousand gallons of water, neat, in your largest plastic bag. And don’t forget the twist."
2784,480,10,81,164,255,1.396078431372549,0.03536266994559685,628,You ever felt like a fish outta' water?
254,484,15,67,163,245,1.3959183673469389,0.038497178592388055,628,"No salt on the rim, I'm fresh water."
4843,484,18,61,166,245,1.3959183673469389,0.0397794013986272,628,"Sorry, we only serve fish on Fridays"
31,486,20,56,167,243,1.3950617283950617,0.04083817148969754,628,"Humans would drink this much, too, if you spawned 6 thousand kids a year and any piece of food you bit into might be a hook."
882,487,21,53,167,241,1.3941908713692945,0.04148685972788918,628,"A metaphor often feels like a fish out of water. But a simile sits quietly, drinking like a fish."
2357,487,21,53,167,241,1.3941908713692945,0.04148685972788918,628,What's your poisson?
8020,487,19,57,165,241,1.3941908713692945,0.04064484268463675,628,"If a halibut calls, I’m not here."
2665,490,23,45,163,231,1.393939393939394,0.04363312199097578,628,"This is really hard to explain, but I'm also going to need a bicycle."
635,491,18,64,172,254,1.3937007874015748,0.038777400658631146,628,I should've stayed in school.
1306,491,21,58,175,254,1.3937007874015748,0.03996316525887764,628,".... tell me about it. I have more than 10,000 kids,  and I don't have a good relationship with any of them!"
3918,491,25,50,179,254,1.3937007874015748,0.04149150449268109,628,"And then I was up for the lead in 'Flipper,"" but no, they had to have a guy with a blowhole and a goofy accent."
8044,491,18,64,172,254,1.3937007874015748,0.038777400658631146,628,"And quit calling me 'Chum""!"
5280,495,22,50,167,239,1.393305439330544,0.04214404516154238,628,And that's why I'm never going back to my old school.
1326,495,21,52,166,239,1.393305439330544,0.04172481317945465,628,Have I told you the one about how I got away?
4474,497,20,50,159,229,1.3930131004366813,0.04257224470613793,628,"Tab please, I think I'll head home, spawn and die now."
5428,498,12,75,165,252,1.3928571428571428,0.03646525953552872,628,"One fish, two fish, red fish, blue fish — doesn’t matter, I’ve slept with ‘em all."
3374,498,22,55,175,252,1.3928571428571428,0.04056982484941868,628,I think I'll go with a white wine.
4129,500,14,63,155,232,1.3922413793103448,0.03942650210923058,628,I just can't seem to keep my head above water.
3339,501,16,66,168,250,1.392,0.038356601982744126,628,I'm looking for a long-term relationship. I'm tired of being the one that got away.
5031,502,18,51,153,222,1.3918918918918919,0.042568805050817615,628,Back in the day I was a beautiful mermaid.  And then along came Ariel...that bitch.
2354,503,21,55,172,248,1.3911290322580645,0.04061779745395575,628,Don’t say it! I can stop any time I want.
3838,503,20,57,171,248,1.3911290322580645,0.04021387331680447,628,"Yes I’m emotional, I flushed my wife today. Now pour me another."
5558,503,19,59,170,248,1.3911290322580645,0.03980585062863778,628,She asked me to swim upstream with her. But I'm not that kind of a fish.
7504,506,25,46,175,246,1.3902439024390243,0.04243629711137076,628,I just feel like life has no porpoise.
7323,506,23,50,173,246,1.3902439024390243,0.041646984307457995,628,"If they call from Fulton's, don't tell them I'm here."
7003,506,21,54,171,246,1.3902439024390243,0.040842420242766846,628,Have you tried fish oil for that hair loss?
5404,506,21,54,171,246,1.3902439024390243,0.040842420242766846,628,"If it's Dory, I ain't here!"
6846,506,16,64,166,246,1.3902439024390243,0.0387580090399335,628,How do you know there are plenty of fish in the sea?
2136,506,15,66,165,246,1.3902439024390243,0.038327526132404185,628,"First of all, a fish can't walk into a bar."
1429,506,23,50,173,246,1.3902439024390243,0.041646984307457995,628,Beefeaters please.
1319,506,19,58,169,246,1.3902439024390243,0.04002168513028767,628,"I'm waiting for my solemate."""
4302,506,23,50,173,246,1.3902439024390243,0.041646984307457995,628,Not too drunk to ride my bicycle.
7796,515,15,62,159,236,1.3898305084745763,0.03940954238073357,628,"Anything, as long as it's not on the rocks."
1911,516,20,50,161,231,1.3896103896103895,0.04227108720370807,628,YOU wait an hour before swimming.
3714,516,14,62,155,231,1.3896103896103895,0.039509286477449564,628,Do you have change for a fin?
6811,518,17,61,166,244,1.389344262295082,0.03939352843218928,628,"Go Fish my ass, we're playing poker this time!"
4395,519,20,54,168,242,1.3884297520661157,0.040884481324476245,628,I started drinking after I dropped out of school
7490,519,20,54,168,242,1.3884297520661157,0.040884481324476245,628,Don’t even get me started on pescatarians
7486,519,20,54,168,242,1.3884297520661157,0.040884481324476245,628,Go easy - I'm already tanked.
5723,519,24,46,172,242,1.3884297520661157,0.042528935095884915,628,I need a drink. I feel like a fish out of water.
5010,519,20,54,168,242,1.3884297520661157,0.040884481324476245,628,"Hence, the simile."
4268,519,15,64,163,242,1.3884297520661157,0.03873085241959264,628,"So she lays 50,000 eggs into a little pit in the gravel. Is that supposed to turn my crank?"
4489,519,17,60,165,242,1.3884297520661157,0.03960635912019101,628,Water and a large bowl.
2207,519,18,58,166,242,1.3884297520661157,0.04003693369330591,628,Not everyone supports draining the swamp.
1654,519,20,54,168,242,1.3884297520661157,0.040884481324476245,628,I’ll take a water with a splash of salt
1451,519,23,48,171,242,1.3884297520661157,0.042123840560724705,628,I'm looking for Wanda.
625,519,18,58,166,242,1.3884297520661157,0.04003693369330591,628,Water. Keep it coming.
427,519,14,66,162,242,1.3884297520661157,0.03828559196804496,628,"I'm telling you that guy was huge, at least eight feet tall and all muscle, but I pulled him right into the lake!"
264,519,18,58,166,242,1.3884297520661157,0.04003693369330591,628,....out of water. Good one.
3413,519,22,50,170,242,1.3884297520661157,0.0417148123186563,628,Then I dropped out of school...
3818,533,12,64,151,227,1.3876651982378854,0.03896377740131826,628,My wife made me shave mine off.
7268,533,21,46,160,227,1.3876651982378854,0.04323238905580511,628,"Donald Trump doesn't know the first thing about 'catch and release', believe me."
2928,535,15,63,162,240,1.3875,0.03893690583473812,628,"Drink like a fish?  No, never heard that one before"
5258,535,15,63,162,240,1.3875,0.03893690583473812,628,That's enough for me. I have to swim home.
7711,535,10,73,157,240,1.3875,0.036629839182686995,628,That's large mouth not big mouth.
7974,535,12,69,159,240,1.3875,0.03756967028765374,628,What happened? You used to pack 'em in like sardines here.
5374,539,12,50,129,191,1.387434554973822,0.04370857261741433,628,I was sent to tell you one more missed payment and you’ll be swimming with me!
7353,540,19,48,155,222,1.3873873873873874,0.0429926633040062,628,I bet you'd serve me if I were a mermaid.
4775,540,18,50,154,222,1.3873873873873874,0.042515930559315546,628,It's an upstream battle.
4424,540,12,62,148,222,1.3873873873873874,0.03953499552854337,628,Pretty soon I'll be tanked.
4181,543,18,58,167,243,1.3868312757201646,0.03990386111897661,628,"No, I'm not a fish out of water. I'm a fish out of bourbon. Another double, bartender. And pronto."
2377,544,16,60,162,238,1.3865546218487395,0.039596270958160665,628,He left me high and dry.
4006,544,19,54,165,238,1.3865546218487395,0.04091743315973235,628,Look he knew I was a GOLDFISH before he married me!
5989,544,25,42,171,238,1.3865546218487395,0.043439379157158044,628,I came here for compliments
782,547,21,43,156,220,1.3863636363636365,0.04420768067776037,628,NO SALT!
1317,548,20,53,168,241,1.3858921161825726,0.04097532258288458,628,"Seen any hookers in here?"""
1822,548,11,71,159,241,1.3858921161825726,0.0369834252235968,628,"What I'm saying is there's gotta be more to life than just ""spawn and die""."
7274,548,14,65,162,241,1.3858921161825726,0.038360242192971114,628,"Good to be here Joe, I almost didn't get away this time."
7984,548,16,61,164,241,1.3858921161825726,0.03925129901450504,628,...and that’s how I got hooked.
2231,552,17,52,154,223,1.3856502242152466,0.041880917438075184,628,"I don't mean to be Koi, Roy.  Just listen to me."
5997,552,22,42,159,223,1.3856502242152466,0.04422676749600467,628,I don't drive. Would you take my school I.D.?
4615,554,15,54,149,218,1.385321100917431,0.04154079827926718,628,"If I'm home late again, she'll batter me."
4652,555,10,62,141,213,1.3849765258215962,0.03949362941241126,628,She left when she saw I was farm raised.
6881,556,13,54,141,208,1.3846153846153846,0.04180044555922209,628,I'm benthic. She's pelagic. It just didn't work out.
4501,556,16,58,160,234,1.3846153846153846,0.040034241099954355,628,"I'm telling you, it's not easy being the one who got away."
4014,556,17,56,161,234,1.3846153846153846,0.04048978760829935,628,I’m in the neighborhood house hunting. In a few years this is going to be prime off-shore real estate.
3522,556,12,66,156,234,1.3846153846153846,0.03815770826432857,628,"Light on the tequila, heavy on the worm."
3120,556,7,41,95,143,1.3846153846153846,0.048541291297279486,628,Put. Those. Straws. Away.
2743,556,20,50,164,234,1.3846153846153846,0.04182666877618801,628,Hey we have the same haircut
1934,562,14,58,152,224,1.3839285714285714,0.040264118124986974,628,Can’t take the thought of getting back to school
1387,563,19,46,154,219,1.3835616438356164,0.04336521303534021,628,"And it was after I swallowed two plastic straws in one day when I just said  enough with the ocean, I'm out!"
4662,564,20,47,160,227,1.3832599118942732,0.04272691663568465,628,H2O up straight please!
4715,565,19,45,153,217,1.3824884792626728,0.04363708974298554,628,"""Do you serve fish on Fridays?  Yes or no?"
2077,566,15,48,141,204,1.3823529411764706,0.04344851395530189,628,Long time no sea.
5550,566,17,44,143,204,1.3823529411764706,0.04454619765149554,628,Just in here looking for a piece of bass
429,568,20,49,164,233,1.3819742489270386,0.0419227399934809,628,"Damn right, I drink like a fish."
952,568,13,63,157,233,1.3819742489270386,0.038710792451528954,628,What do you mean no shoes no service?
1050,568,19,51,163,233,1.3819742489270386,0.04147912077796554,628,I'm a fish out of alcohol.
4740,568,16,57,160,233,1.3819742489270386,0.04011884166285465,628,I am looking for a worm. He is probably hiding in one of your tequila bottles.
5310,568,19,51,163,233,1.3819742489270386,0.04147912077796554,628,"The next guy who says ""I bet you drink like a fish"" gets a fin in the face!"
7654,568,15,59,159,233,1.3819742489270386,0.03965504745075022,628,Did I tell you about the time I dropped out of school?
1639,574,17,50,153,220,1.3818181818181818,0.04223107300229944,628,I told you I could drink like a fish.
1001,575,9,35,95,139,1.381294964028777,0.05145741994585261,628,No way. I piss in the water.
2889,576,17,43,142,202,1.381188118811881,0.04484359600151185,628,"No, I really mean it -- I'm not being koi!"
3164,576,14,49,139,202,1.381188118811881,0.043164477649101654,628,"Carp, carp, carp. That's all she does."
983,578,12,64,155,231,1.380952380952381,0.0384325365042828,628,"So, long story short, I kissed the mermaid."
3171,578,21,46,164,231,1.380952380952381,0.04261280916922163,628,"Yeah? Well, we say ""drunk as a bald bartender"", so back atcha."
4148,578,10,68,153,231,1.380952380952381,0.03744025681461412,628,She said there were plenty of other fish in the sea
4211,578,20,48,163,231,1.380952380952381,0.04216880350908849,628,What was I two drinks ago?
4230,578,12,64,155,231,1.380952380952381,0.0384325365042828,628,"Level with me - I'm washed up, aren't I?"
5663,578,17,54,160,231,1.380952380952381,0.040807811037532477,628,What do you mean you don't serve fish?
5665,578,16,56,159,231,1.380952380952381,0.04034394534215229,628,There aren't. There aren't plenty of fish!
6072,578,20,48,163,231,1.380952380952381,0.04216880350908849,628,I also plan to smoke like a chimney. Wanna make something of it?
6429,578,20,48,163,231,1.380952380952381,0.04216880350908849,628,... and don't go telling me there are other fish in the sea.
6535,578,14,60,157,231,1.380952380952381,0.03939983367936724,628,"Yes, wise-guy, I'm the one that got away."
2093,588,13,57,148,218,1.3807339449541285,0.04044918659983567,628,"Trust me, there are not plenty of fish in the sea."
2145,589,11,64,151,226,1.3805309734513274,0.038474943329039224,628,What do you mean my ID looks fishy?
6192,590,6,34,81,121,1.3801652892561984,0.05282149150834643,628,I'm just tired of dating betas.
6963,590,8,30,83,121,1.3801652892561984,0.05536778900073784,628,Are you trying to kill me? I said no salt on the rim!
2816,592,15,54,152,221,1.3800904977375565,0.04108573727319354,628,Of course I want salt on that margarita. Do I look like a fresh water fish?
3625,592,19,46,156,221,1.3800904977375565,0.04304159788267409,628,"I'm not out of water, idiot, I'm out of whiskey!"
691,594,20,47,162,229,1.3799126637554586,0.042418731419604096,628,"Koi, not coy."
6154,594,19,49,161,229,1.3799126637554586,0.041964787677713514,628,You got anything to nibble on?
7463,594,18,51,160,229,1.3799126637554586,0.04150587951631243,628,You know I don't have to come HERE to get polluted.
4889,597,16,51,152,219,1.3789954337899544,0.041831719255370305,628,I guess you don't recognize me.  I used to be small and orange.
5332,598,14,44,132,190,1.3789473684210527,0.04499939337865333,628,"He scribbled down his number and said, ""Call me, Ishmael,"" but I knew he was just feeding me a line."
7500,599,12,62,153,227,1.3788546255506609,0.03884679862302214,628,Your window says you serve fish.
5692,599,16,54,157,227,1.3788546255506609,0.040804572082727836,628,"I've learned to live with it --  a few drinks, and I get all Koi"
6669,599,20,46,161,227,1.3788546255506609,0.042672619353063254,628,I'm fixing to get stewed to the gills.
2863,599,14,58,155,227,1.3788546255506609,0.03983771370267229,628,That last martini was too dry.
733,599,18,50,159,227,1.3788546255506609,0.041749045170554264,628,"No shit, Sherlock."
96,599,17,52,158,227,1.3788546255506609,0.041279509902053785,628,"I'm telling you, it's sink or swim out there."
3422,599,15,56,156,227,1.3788546255506609,0.040324040818788334,628,"It's not against the law to drink and swim, so don't start telling me when you think I've had enough!"
3949,606,12,52,137,201,1.3781094527363185,0.042103781276886944,628,Evolution is fake news
7014,607,20,42,155,217,1.3778801843317972,0.04406532124438942,628,A fish out of water ALWAYS drinks like a fish.
2228,608,18,49,158,225,1.3777777777777778,0.04199605255658081,628,Skip the drink. I'll have just a grasshopper.
4463,608,16,53,156,225,1.3777777777777778,0.04104026499634253,628,"Ha, ha. ‘Drink like a fish’, never heard that one before."
4860,608,15,55,155,225,1.3777777777777778,0.04055392473346419,628,"Louie, you now know how pickled herring become pickled herring."
5429,608,17,51,157,225,1.3777777777777778,0.04152090907786772,628,Things are great! No hard feelings about flushing me down the toilet.
6223,608,15,55,155,225,1.3777777777777778,0.04055392473346419,628,"These shots are good, but I really want more of those barflies."
6618,608,15,55,155,225,1.3777777777777778,0.04055392473346419,628,"I’m a fish out of water, and I’m out of water."
6549,614,7,40,96,143,1.3776223776223777,0.048420532794255414,628,"Ariel changed, man. She really changed."
673,615,11,52,133,196,1.3775510204081634,0.04219923108766633,628,I'm perched.
706,616,8,67,145,220,1.3772727272727272,0.03748151990652445,628,"Don’t worry, I have a designated swimmer."
7147,617,10,55,134,199,1.3768844221105527,0.041154124395575135,628,I can't believe she left me for that cod.
1472,618,16,49,150,215,1.3767441860465117,0.0423406972442131,628,"But, man, she was one alluring hooker."
6728,618,18,45,152,215,1.3767441860465117,0.043355187294972515,628,"Polar ice caps are melting, oceans are warming and food supply is dwindling - so don't tell me to calm down!"
3190,620,17,50,156,223,1.3766816143497758,0.04176613048017028,628,"Dropped out of my school, and never looked back!"
7391,620,17,50,156,223,1.3766816143497758,0.04176613048017028,628,I'll have a scotch and water. Lots of water.
6647,620,17,50,156,223,1.3766816143497758,0.04176613048017028,628,Dropping out of my school to pursue soccer was my first mistake! I'm too afraid of the net.
2760,620,20,44,159,223,1.3766816143497758,0.04319267398415013,628,"It's me, Harry. I'm the victim of a phishing scam."
6028,620,17,50,156,223,1.3766816143497758,0.04176613048017028,628,So that’s when she said she had it up the gills with me.
2702,620,14,56,153,223,1.3766816143497758,0.04028910801534501,628,Just for fun - sparkling water
6479,620,18,48,157,223,1.3766816143497758,0.04224699751254242,628,"You hear the one about the shark, the dolphin and the manta ray swim into a sand bar?"
4456,627,14,48,140,202,1.3762376237623761,0.04309521655152303,628,Can you switch the TV to the Marlins game?
4478,627,18,40,144,202,1.3762376237623761,0.045323639730924986,628,I don't understand. Her dating profile said she liked swimmers bodies.
6857,627,12,52,138,202,1.3762376237623761,0.041936623316674596,628,I'd like a barfly.
7944,630,18,38,141,197,1.3756345177664975,0.04614055409887832,628,Do you have paper straws?
5242,631,19,45,157,221,1.3755656108597285,0.0429831776902183,628,"Of all the gin joints in the world,I have to walk into the only one that sells sushi."
5581,631,13,57,151,221,1.3755656108597285,0.04000926833661153,628,"...and right in the middle of it all, she calls me NEMO!"
5871,631,12,59,150,221,1.3755656108597285,0.03949185001462965,628,I'm gonna need a designated swimmer.
6526,631,16,51,154,221,1.3755656108597285,0.04152285585782766,628,Come on... just one more for the river.
7912,631,9,65,147,221,1.3755656108597285,0.03789723224483625,628,"Last time I saw her, she said she’d drop me a line. I should have known then it was over."
7842,631,17,49,155,221,1.3755656108597285,0.042015269769964766,628,"Oh yeah, wiseguy? And what, pray tell, SHOULD I be drinking like?"
4701,631,15,53,153,221,1.3755656108597285,0.041024531969748916,628,"And then I says to the guy, I says - Joe, they got you hook, line and sinker."
8004,631,18,47,156,221,1.3755656108597285,0.04250197911975274,628,You don't serve fish huh?  Then give me a hamburger.
7725,631,13,57,151,221,1.3755656108597285,0.04000926833661153,628,"She had me hook, line and sinker."
4440,631,10,63,148,221,1.3755656108597285,0.03843612294537574,628,I'm celebrating my anniversary.  I'm the one that got away.
4329,631,21,41,159,221,1.3755656108597285,0.043929764793985006,628,"A tuna, a grouper, and a shark walk into a bar ...."
4111,631,18,47,156,221,1.3755656108597285,0.04250197911975274,628,I only seem koi.
3001,631,12,59,150,221,1.3755656108597285,0.03949185001462965,628,...My old man just got sent up the river.
2365,631,13,57,151,221,1.3755656108597285,0.04000926833661153,628,"Yes, I'm new here - fresh off the boat as a matter of fact."
2358,631,13,57,151,221,1.3755656108597285,0.04000926833661153,628,"Yes, I'm carping.  What did you expect?"
1866,631,14,55,152,221,1.3755656108597285,0.04052008006018705,628,"I'm not driving, thank you. I rode my bicycle."
1517,631,15,53,153,221,1.3755656108597285,0.041024531969748916,628,Set me up with a double water and keep em coming.
1469,631,18,47,156,221,1.3755656108597285,0.04250197911975274,628,"keep them coming -- if I pass out, you can hang me out to dry."
1041,631,21,41,159,221,1.3755656108597285,0.043929764793985006,628,"I don’t care if you believe it or not. 
Ancestry.com says that you’re my father!"
607,631,20,43,158,221,1.3755656108597285,0.043459048535395506,628,"One more, then flush me home."
57,631,16,51,154,221,1.3755656108597285,0.04152285585782766,628,Tonight I’m getting tanked.
255,652,15,48,145,208,1.375,0.0427669659658763,628,"On the rocks? What am I, a starfish?"
7670,653,13,56,150,219,1.3744292237442923,0.04023745125129951,628,I was told this is a dive bar.
7028,653,15,52,152,219,1.3744292237442923,0.04126543533955884,628,"Listen, we're all fish out of water now."
6877,653,17,48,154,219,1.3744292237442923,0.042268425855784116,628,Scaling back just rubs me the wrong way.
5262,653,13,56,150,219,1.3744292237442923,0.04023745125129951,628,"I tried that line, but she still wouldn’t bite."
468,653,14,54,151,219,1.3744292237442923,0.04075468462007783,628,"If I pass out, call a taxi instead of flushing me down the toilet."
1363,653,15,52,152,219,1.3744292237442923,0.04126543533955884,628,"No, I REALLY need to get tanked."
1100,653,20,42,157,219,1.3744292237442923,0.043729799109644106,628,"Yeah, well you’re bald."
2583,653,18,46,155,219,1.3744292237442923,0.04276109984094449,628,One disadvantage is we cannot drown our sorrows
4313,661,9,58,136,203,1.374384236453202,0.039980851275952814,628,"Seriously, I’m think about going back to school."
5296,662,10,32,97,139,1.3741007194244603,0.05233907449609628,628,"Please, don’t start with the “there are other fish in the sea” speech..."
7234,663,12,41,121,174,1.3735632183908046,0.046367766780162904,628,"You don't have a fishbowl? How about a fish platter, then?"" (By Beatriz Whitford, age 7, Chicago IL"
6725,664,12,57,148,217,1.3732718894009217,0.039938556067588324,628,I invited Sandra out - but she’s a little koi
2371,665,11,28,95,134,1.373134328358209,0.05470936235780548,628,It was her fishnet stockings that hooked me...
2868,665,17,41,143,201,1.373134328358209,0.04489205554519633,628,One more for the stream
7755,667,15,52,153,220,1.3727272727272728,0.041112680067797454,628,"I'm waiting for my friend, Gefilte. The Putz is always late!"
3325,668,15,50,150,215,1.372093023255814,0.04175891471341764,628,"No sir, I'll know I've hit bottom when I see the flounder."
1365,668,17,46,152,215,1.372093023255814,0.04278720112718895,628,I'm a fish out of bourbon.
361,668,14,52,149,215,1.372093023255814,0.04123515668594546,628,Water!  Make it a double!  And keep 'em coming!
1983,671,12,50,137,199,1.3718592964824121,0.04229424198323379,628,My mortgage is underwater.
4946,671,12,50,137,199,1.3718592964824121,0.04229424198323379,628,I'll have one more for the river.
5337,671,20,34,145,199,1.3718592964824121,0.04684947878862568,628,"I hate facing the parents at ""back to school"" night."
3785,674,11,50,133,194,1.3711340206185567,0.04238948576826676,628,No!  My name’s not Wanda.
1457,674,11,50,133,194,1.3711340206185567,0.04238948576826676,628,"Thank you, I'm flattered. But you need to know that my husband is  a plastic sturgeon."
3631,674,15,42,137,194,1.3711340206185567,0.0448389596635423,628,"Yeah, and I smoke like a chimney, too."
775,677,15,49,149,213,1.3708920187793427,0.04201168972584947,628,I always feel safer in a vegan bar.
3407,677,15,49,149,213,1.3708920187793427,0.04201168972584947,628,Got any 12 year old Hudson River back there?
7961,679,15,43,139,197,1.3705583756345177,0.04435070863392958,628,Think about it - why call it Earth and not Planet Ocean?
4781,679,16,41,140,197,1.3705583756345177,0.04493086606137685,628,Of course I drink like a fish! What else would I drink like?!
5041,679,14,45,138,197,1.3705583756345177,0.04376286082556812,628,"To the gills, Manny. To the gills."
3678,679,15,43,139,197,1.3705583756345177,0.04435070863392958,628,"Hey Bartender, I'm outta 
water here."
1715,679,16,41,140,197,1.3705583756345177,0.04493086606137685,628,"I drink like a fish? Oh, that's hilarious. I've never heard that one before."
4723,679,14,45,138,197,1.3705583756345177,0.04376286082556812,628,You don't happen to have some of those cute little Goldfish Crackers do you?
1815,679,16,41,140,197,1.3705583756345177,0.04493086606137685,628,"Well, I am a fish so yes I drink like one."
3399,686,11,55,142,208,1.3701923076923077,0.04046345006597263,628,"So, a fish walks into a bar and says to the barkeep: 'Have I got a tale for you'."
5225,687,15,44,141,200,1.37,0.04387625357913667,628,... so then that she called me a bottom feeder and spawned with some bass player!
6891,687,16,42,142,200,1.37,0.04444521216534027,628,This is who I am. I don't play koi.
7280,687,15,44,141,200,1.37,0.04387625357913667,628,"You know, where I'm from, the drinks are free."
876,690,13,42,129,184,1.3695652173913044,0.04522506651237436,628,"Fish? We prefer ""Underwater Americans""."
4035,691,16,43,144,203,1.3694581280788178,0.043973117781253644,628,We only serve fish of Fridays
4905,692,9,34,98,141,1.3687943262411348,0.05074056179946652,628,"Is this my dream or is it yours, Phil. If it's mine, give me another gin and tonic."
2477,693,14,46,141,201,1.3681592039800996,0.04312316587936834,628,"Betas can be alphas too, chum!"
4658,693,15,44,142,201,1.3681592039800996,0.043696208980192004,628,"My first choice was “screw like a rabbit,” next was “eat like a pig,” but they gave me this simile."
4692,693,13,48,140,201,1.3681592039800996,0.04254240462971532,628,Do you know a fish called Wanda?
6365,693,12,50,139,201,1.3681592039800996,0.041953604706834534,628,I'll have one for the roe.
2850,697,17,44,151,212,1.3679245283018868,0.04315372215532722,628,"No, I'm not a fish out of water, I'm a fish out of Scotch - fill em all up please!"
5829,698,12,48,136,196,1.3673469387755102,0.042658581662238716,628,It's not easy being orange these days!
1950,699,13,50,144,207,1.3671497584541064,0.04168505809316533,628,I'm here to feed the stereotype.
2066,699,15,46,146,207,1.3671497584541064,0.04279542380677363,628,Who invites a fish to a dry wedding?
2657,699,16,44,147,207,1.3671497584541064,0.043339940171702666,628,"And I'm sick of those ""Roe vs. Wade"" jokes!"
3798,699,13,50,144,207,1.3671497584541064,0.04168505809316533,628,"I'll  have a Grasshopper, please."
3900,699,14,48,145,207,1.3671497584541064,0.04224388930385042,628,"Funny, where I come from, they say I drink like an Wall Street trader."
5216,699,18,40,149,207,1.3671497584541064,0.04440894779948705,628,“Turns out I do need a bicycle after all.”
5441,699,16,44,147,207,1.3671497584541064,0.043339940171702666,628,Thanks for letting me off the hook tonight.
5778,699,10,56,141,207,1.3671497584541064,0.03996170319661526,628,"The key, Bill, is everything in moderation. Don't get hooked."
6202,699,14,48,145,207,1.3671497584541064,0.04224388930385042,628,Water. With a splash of scotch.
7734,699,17,42,148,207,1.3671497584541064,0.04387769968186762,628,I'm meeting a mermaid for drinks.
1933,699,14,48,145,207,1.3671497584541064,0.04224388930385042,628,What? You said a fin would cover it!
6932,710,10,31,98,139,1.3669064748201438,0.052209930592511375,628,"Which part of  ""wet Martini"" do you not understand?"
7925,711,13,47,139,199,1.3668341708542713,0.04281273105988457,628,"You’re from Martha’s Vineyard, Louie?  Me too, I went to school there."
5892,711,15,43,141,199,1.3668341708542713,0.04398235589714804,628,"And I fell for her lies, hook, line, and sinker"""
5764,711,15,43,141,199,1.3668341708542713,0.04398235589714804,628,"There’s plenty of fish to in the sea, she says. And that’s when it hits me: Hey, this ain’t just a saying."
338,711,15,43,141,199,1.3668341708542713,0.04398235589714804,628,"Look, I’ve heard every “drinks like a fish joke”, OK"
2613,715,16,38,137,191,1.3664921465968587,0.045866793405950776,628,Did I ever tell you about the one I got away from?
6620,715,14,42,135,191,1.3664921465968587,0.04464907093501669,628,"OK, I'll take the bait, who DO I remind you of?"
3847,717,11,56,146,213,1.3661971830985915,0.03977431564143144,628,"Lou, would I lie to you? I'm fine to dive home tonight."
6107,717,11,30,101,142,1.3661971830985915,0.052391487564083974,628,Do I judge you? I do not.
4828,719,17,41,147,205,1.3658536585365855,0.04416204661048111,628,Don’t gimme “there’s plenty of fish in the sea” nonsense.
8017,719,15,45,145,205,1.3658536585365855,0.043065512251947304,628,Oh yeah? Well you serve like a bartender!
7569,719,19,37,149,205,1.3658536585365855,0.04523200610331127,628,"They're always asking,""where's Nemo"",never ""how's Nemo."""
7263,719,15,45,145,205,1.3658536585365855,0.043065512251947304,628,"And another thing...don't call me ""chum"" anymore."
6301,719,13,49,143,205,1.3658536585365855,0.041940318670927394,628,What’s the drink that comes with a worm?
5703,719,14,47,144,205,1.3658536585365855,0.042506638750562036,628,My doctor said to stay hydrated.
5601,719,13,49,143,205,1.3658536585365855,0.041940318670927394,628,You're baiting me.
5477,719,14,47,144,205,1.3658536585365855,0.042506638750562036,628,"Yes, I know I'm a cliché."
5056,719,16,43,146,205,1.3658536585365855,0.04361722541811279,628,"I don't drink like a fish; but my father, there was a fish who could drink."
3801,719,13,49,143,205,1.3658536585365855,0.041940318670927394,628,Yeah? Well there's a good reason why I carp about everything!
3770,719,17,41,147,205,1.3658536585365855,0.04416204661048111,628,"Oh, YOU don't like it when people knock on the table to get your attention?!?"
3501,719,15,45,145,205,1.3658536585365855,0.043065512251947304,628,So I'm talking out of school - so what?
2976,719,16,43,146,205,1.3658536585365855,0.04361722541811279,628,"Listen, Larry, you try growing up a giant, anthropomorphized carp and see if you don’t toss back a few too many from time to time."
2897,719,14,47,144,205,1.3658536585365855,0.042506638750562036,628,"I used to be a small fish in a big pond, but now. . ."
1519,719,12,51,142,205,1.3658536585365855,0.041366246174472966,628,Yeah and you breathe like a mammal!
1072,719,13,49,143,205,1.3658536585365855,0.041940318670927394,628,A rabbi and a priest suggested I come in here.
473,719,15,45,145,205,1.3658536585365855,0.043065512251947304,628,"So a perch, a minnow, and a rabbitfish go into a bar..."
4234,719,10,55,140,205,1.3658536585365855,0.040193510760611804,628,Let me tell ya about being a big fish in a small pond.
441,737,13,46,138,197,1.365482233502538,0.043087752528996374,628,Tell the ladies I'm the catch of the day.
2511,738,20,36,152,208,1.3653846153846154,0.04526819651918163,628,"I got here on my bicycle."""
6819,739,6,30,79,115,1.3652173913043477,0.05430433042085563,628,"Actually, learning to sit on a bar stool was harder than learning to drink from a glass."
3342,740,14,41,134,189,1.3650793650793651,0.04495533069122325,628,And then I'm going to need you to pour it over my gills.
316,740,13,43,133,189,1.3650793650793651,0.044324874136622144,628,How many more shots is it going to take to get to that worm?
6634,742,6,38,93,137,1.364963503649635,0.04845831937993133,628,Drowning my sorrows just isn't working for me
8042,743,15,47,149,211,1.3649289099526067,0.04219771464248129,628,"If it's got a worm, I'll drink it!"
7631,743,21,35,155,211,1.3649289099526067,0.045293115914159396,628,Give Me one for my baby and one more for the roe
6538,743,12,53,146,211,1.3649289099526067,0.04056152742397258,628,Do you have any of those gold fish crackers?
4245,743,12,53,146,211,1.3649289099526067,0.04056152742397258,628,...and you drink like a bald guy with a moustache!
3460,743,14,49,148,211,1.3649289099526067,0.04165945970629895,628,Pick my poisson.
1003,743,16,45,150,211,1.3649289099526067,0.042729189777900224,628,I’m telling you- she was the one that got away.
7690,749,13,44,135,192,1.3645833333333333,0.04383924662666416,628,Hook me up.
101,750,13,48,142,203,1.3645320197044335,0.042199857118653886,628,I am not making this up. He was the biggest guy I ever caught. At least 14 feet tall.
516,750,13,48,142,203,1.3645320197044335,0.042199857118653886,628,People tell me I'm quite a catch.
1504,750,13,48,142,203,1.3645320197044335,0.042199857118653886,628,"Ain't no bigger fish to fry than me, pal."
2153,750,8,58,137,203,1.3645320197044335,0.03920409659241828,628,"Fish out of water?  No, I’m a fish out of bourbon. Now pour me another!"
3876,750,13,48,142,203,1.3645320197044335,0.042199857118653886,628,"If my wife calls, I’m not here. She doesn’t like my getting tanked."
7260,750,17,40,146,203,1.3645320197044335,0.044451336783054296,628,Sometimes I really do feel that I need a bicycle.
7414,750,12,50,141,203,1.3645320197044335,0.041617959952325576,628,"So, first off, how am I supposed to ‘walk’ into a bar?"
25,757,14,39,131,184,1.3641304347826086,0.04579076757418919,628,Ten billion years of evolution and I still can’t frickin’ walk!
67,757,12,43,129,184,1.3641304347826086,0.044474726896837326,628,I'm very old school.
2608,757,16,35,133,184,1.3641304347826086,0.047070027167174726,628,Say it and you Die.
2257,760,13,45,137,195,1.3641025641025641,0.043367598019591114,628,"It was the worm that caught my attention at first, but now I'm hooked on tequila."
2289,761,11,50,137,198,1.3636363636363635,0.041697245145632944,628,...and make it dry this time
223,762,13,47,141,201,1.36318407960199,0.04246378679277739,628,"Sheesh, not all mackerels are holy."
507,762,14,45,142,201,1.36318407960199,0.043045608748902016,628,This stuff goes right through me.
2303,762,11,51,139,201,1.36318407960199,0.041275546043877676,628,"I'm not eating tonight, afraid of getting caught."
3373,762,13,47,141,201,1.36318407960199,0.04246378679277739,628,I'm outta water.
4772,762,17,39,145,201,1.36318407960199,0.04474570553591521,628,"I’m telling you, the hook was this big."
4891,762,13,47,141,201,1.36318407960199,0.04246378679277739,628,"I’d like one for my baby, and one more for the roe."
5289,762,14,45,142,201,1.36318407960199,0.043045608748902016,628,She got the castle in the divorce
6822,762,11,51,139,201,1.36318407960199,0.041275546043877676,628,I just wanna get tanked.
1901,770,11,47,132,190,1.3631578947368421,0.04285225707053162,628,"Yeah, I’m the one that got away!"
85,771,8,50,124,182,1.3626373626373627,0.041984184984089894,628,I'm going to need a bigger glass.
3649,772,14,39,132,185,1.3621621621621622,0.04558509015706716,628,Is it red or white that goes with fish?
7214,772,14,39,132,185,1.3621621621621622,0.04558509015706716,628,So Aquaman gets top billing and a cut of the gross. Me? Union minimum.
7846,774,11,50,138,199,1.3618090452261307,0.04152740508288581,628,You do realize it’s physically impossible to drown my sorrows.
6692,774,14,44,141,199,1.3618090452261307,0.043322071823773296,628,"Actually Mario, I feel like carp."
3366,774,16,40,143,199,1.3618090452261307,0.0444783047851597,628,"So I told the genie I'd make one more wish just for the ""hell of it"", but he heard ""halibut""."
3112,774,10,52,137,199,1.3618090452261307,0.04091169182751303,628,I thought this was a wet bar!
1577,774,10,52,137,199,1.3618090452261307,0.04091169182751303,628,I am the story
742,774,11,50,138,199,1.3618090452261307,0.04152740508288581,628,"Hey, I would be home now if I wanted to drown my sorrows!"
5742,780,12,44,132,188,1.3617021276595744,0.04378687280234268,628,Well what did you expect? Of course I drink like a fish.
1037,781,15,41,141,197,1.3604060913705585,0.044193325555308464,628,"I'm telling you, the fisherman was only this tall. Maybe seven inches, tops. Craziest thing I've ever seen."
1106,781,12,47,138,197,1.3604060913705585,0.04239879618051047,628,What?! This isn't a wet bar?
2730,781,16,39,142,197,1.3604060913705585,0.04477552224520838,628,"I'll just have my usual, sex on the beach."
3328,781,17,37,143,197,1.3604060913705585,0.04535024543511116,628,That's drink AS a fish.
3428,781,12,47,138,197,1.3604060913705585,0.04239879618051047,628,"Where did you think the expression ""Drinks like a fish"" came from?"
4938,781,16,39,142,197,1.3604060913705585,0.04477552224520838,628,That’s highly offensive.  How would you like it if I said you drink like a human?
5371,781,14,43,140,197,1.3604060913705585,0.04360335600551648,628,"Back in the day, a fish could get a drink in this place without the third degree."
6916,781,18,35,144,197,1.3604060913705585,0.04591777574881531,628,"And no, I did not sleep with Luca Brasi."
629,789,12,48,140,200,1.36,0.04196193537124452,628,"...so she says, You never take me anywhere...we just swim around in circles and  I'm like, Circles? - it's a square glass pool....and she's like...."
4390,789,14,44,142,200,1.36,0.043142861896996544,628,You try watching all your friends get flushed and see how you cope.
4576,791,12,46,137,195,1.358974358974359,0.042668023931725495,628,So he trolled me for a week thinking I was a grouper!
2773,791,13,44,138,195,1.358974358974359,0.043283118653159765,628,So then Kafka said to me ...
1870,791,15,40,140,195,1.358974358974359,0.044487802244591965,628,No.  Sagittarius.
22,791,16,38,141,195,1.358974358974359,0.04507807274783528,628,Would you happen to have a spare bathtub I could crash in?
2624,791,14,42,139,195,1.358974358974359,0.043889593919842936,628,"Tequila summer cocktail, please.  Leave the worm."
7630,796,12,42,130,184,1.358695652173913,0.0443820881443788,628,Just one. I'm drying out.
281,796,14,38,132,184,1.358695652173913,0.045700796607286404,628,Yeah I  know.And I look like one too!
2459,796,13,40,131,184,1.358695652173913,0.045046268206123195,628,I”ll have a tequila and put the worm on a hook”
2656,796,14,38,132,184,1.358695652173913,0.045700796607286404,628,"Looks like a fish, swims like a fish, drinks like a fish....buddy I must be a fish!"
2932,796,13,40,131,184,1.358695652173913,0.045046268206123195,628,"Say, you wouldn't know where I could find someone to hook up with?"
3721,796,13,40,131,184,1.358695652173913,0.045046268206123195,628,Just give me anything with a couple of sardines in it.
4220,796,13,40,131,184,1.358695652173913,0.045046268206123195,628,Salt the rim.
5992,796,11,44,129,184,1.358695652173913,0.04370781642696,628,"Hey, mouth breather, how 'bout another round?"
6937,796,9,48,127,184,1.358695652173913,0.04232706172565825,628,"No, we met IN the net, and it was NOT a hook-up."
7310,796,12,42,130,184,1.358695652173913,0.0443820881443788,628,Don't tell me I've had enough. You're the guy talking to a fish!
5844,796,11,44,129,184,1.358695652173913,0.04370781642696,628,"Well, I like coming here because you DO water down the drinks."
6998,807,17,37,144,198,1.3585858585858586,0.04515732298210352,628,No plastic straws
5666,807,14,43,141,198,1.3585858585858586,0.043420747691191884,628,You try paying for a private school.
1786,807,14,43,141,198,1.3585858585858586,0.043420747691191884,628,I only drink for the oxygen.
3657,807,16,39,143,198,1.3585858585858586,0.04458598048670372,628,There were too many fish in the sea...
5593,811,11,47,135,193,1.3575129533678756,0.042308827317697195,628,"No, I won't stop carping about the environment.  It's who I am."
6334,811,13,43,137,193,1.3575129533678756,0.04356583066229524,628,"Two more shots, then I'll tell you about the time I met Moby Dick."
381,813,15,35,132,182,1.3571428571428572,0.04668141712508146,628,"Listen, pal, I can always tell when someone's watering down my drinks!"
720,813,12,41,129,182,1.3571428571428572,0.044687989450417034,628,The hook-up culture really doesn’t work for me.
1241,813,10,45,127,182,1.3571428571428572,0.043308092376949686,628,Aquarius. You?
1257,813,13,39,130,182,1.3571428571428572,0.04536219978148847,628,"Listen pal, if you're not at the bar you're on the menu."
2577,813,16,33,133,182,1.3571428571428572,0.047327238168954434,628,Yeah? Well you bartend like a human!
5721,813,15,35,132,182,1.3571428571428572,0.04668141712508146,628,Being out of water is nothing.  Why are YOU out of scotch?!
7675,813,12,41,129,182,1.3571428571428572,0.044687989450417034,628,"Float like a butterfly, drink like a fish."
7956,820,10,48,133,191,1.356020942408377,0.041926130079854344,628,"Don't worry, pal, I'll just swim home."
3959,820,17,34,140,191,1.356020942408377,0.046298829255359455,628,"Me? Just another koi meets girl, koi loses girl story."
3699,820,12,44,135,191,1.356020942408377,0.04322063842028349,628,And leave the bottle.  I just got out of the tank.
6908,820,8,52,131,191,1.356020942408377,0.040590358233068724,628,"I need water, lots of it, and a taxi to the river."
2944,820,19,30,142,191,1.356020942408377,0.047474253995201936,628,"Give me one for my baby, and one for the roe."
5356,825,17,35,142,194,1.3556701030927836,0.04577635500791821,628,I need a bicycle.
5328,826,9,46,125,180,1.3555555555555556,0.04288061916329538,628,Are you serving the little goldfish snacks?
7135,826,14,36,130,180,1.3555555555555556,0.04635853461857392,628,"A Jesus fish, Gefilte fish, and Angelfish walk into a sand bar..."
7293,826,12,40,128,180,1.3555555555555556,0.04499963598874929,628,"The truth is, I'm kind of afraid of drying out."
1219,829,15,40,142,197,1.3553299492385786,0.044109953084106014,628,Make it a double. I've been totally underwater at work.
7526,830,14,37,132,183,1.355191256830601,0.045815917646538085,628,Do I want a straw!? Are you trying to kill me!?
7810,830,13,39,131,183,1.355191256830601,0.04515583095700101,628,"Shark Week, Shark Week, Shark Week - what about Goldfish Week?"
7773,830,13,39,131,183,1.355191256830601,0.04515583095700101,628,You shoulda seen the size of that fisherman!
5942,830,14,37,132,183,1.355191256830601,0.045815917646538085,628,I know what you're thinking and I already resent it.
4149,830,12,41,130,183,1.355191256830601,0.04448595091756656,628,"I don’t know, sometimes I just feel like a fish out of water."
227,830,13,39,131,183,1.355191256830601,0.04515583095700101,628,Sometimes I just feel like a fish out of water.
175,830,13,39,131,183,1.355191256830601,0.04515583095700101,628,When my wife told me there were a lot more fish in the pond I knew it was over.
72,830,17,31,135,183,1.355191256830601,0.04774144982010588,628,Of course I drink like a fish.
4292,830,11,43,129,183,1.355191256830601,0.04380582824993761,628,"Look, sir, I've been way more tanked than this!"
535,839,6,37,95,138,1.355072463768116,0.04802314914575139,628,"If I drank like a fish, do you think I'd be hanging out in this dive?"
7148,840,10,47,132,189,1.3544973544973544,0.0421906189767042,628,What do you mean you don't get it? The lobster was a ventriloquist.
3347,841,6,33,88,127,1.3543307086614174,0.05065199086775765,628,My wife just left me and my business is underwater.
1092,842,13,38,130,181,1.3535911602209945,0.04547348803144925,628,"Yeah? Well, you drink like a little bald man."
2569,843,8,51,131,190,1.3526315789473684,0.040662052482975754,628,"No, I don't drink water! Fish have sex in it."
6169,843,11,45,134,190,1.3526315789473684,0.04266716406956253,628,And I'll know if it's watered down.
6585,843,6,55,129,190,1.3526315789473684,0.03926847243087613,628,"In retrospect, I should NOT have taken the kids to see the sharks."
6027,846,12,44,137,193,1.3523316062176165,0.042850659823534004,628,"I'm a fish, what kind of handshake did you expect."
4375,846,16,36,141,193,1.3523316062176165,0.045299762823952615,628,"So my problem is, I can hold my liquor, I just can't hold my water."
7212,848,10,43,126,179,1.3519553072625698,0.04369291540853259,628,"…..no, I didn’t get the job.  The guy said I had a weak handshake.”"
3003,849,14,38,136,188,1.351063829787234,0.044885724623171294,628,"I, too, was once peed on by a Russian."
6333,849,10,46,132,188,1.351063829787234,0.042274946495616805,628,Your sign lured me in.
5955,851,9,38,113,160,1.35,0.046242456464532816,628,...and don’t  water it down....
7708,852,14,36,133,183,1.349726775956284,0.04571912713300958,628,"They sent me a dead mobster wrapped in newspaper, like that's gonna scare me or somethin'."
6965,852,14,36,133,183,1.349726775956284,0.04571912713300958,628,Do you have something that goes well with fish?
6702,852,10,44,129,183,1.349726775956284,0.04301211020510219,628,"If you see him, tell him the one that got away is looking for him."
5090,852,14,36,133,183,1.349726775956284,0.04571912713300958,628,"So a catfish, a bass and a shark walk into a bar..."
4956,852,13,38,132,183,1.349726775956284,0.04505762250082869,628,What’s your best water?
4468,852,13,38,132,183,1.349726775956284,0.04505762250082869,628,"I can’t believe it, Jimmy. She left me for a Betta male."
2522,852,12,40,131,183,1.349726775956284,0.04438626031836963,628,I am not fishing for a compliment.  I just want a drink.
2472,852,14,36,133,183,1.349726775956284,0.04571912713300958,628,"""Let 'em try to drain the swamp!"
7079,852,12,40,131,183,1.349726775956284,0.04438626031836963,628,It's sink or swim out there.
2049,852,15,34,134,183,1.349726775956284,0.04637119608314414,628,"Bartender, call me a crab."
1522,852,14,36,133,183,1.349726775956284,0.04571912713300958,628,I just dare you to say it!  I dare you!
1324,852,12,40,131,183,1.349726775956284,0.04438626031836963,628,Gills just wanna have fun
1121,852,8,48,127,183,1.349726775956284,0.04159258519906689,628,I also throw like a girl
923,852,11,42,130,183,1.349726775956284,0.04370458631165573,628,What?  You thought it was just an expression?
759,852,11,42,130,183,1.349726775956284,0.04370458631165573,628,"I’ll tell YOU when I’m loaded to the gills, friend."
178,852,9,46,128,183,1.349726775956284,0.042308301595771335,628,"So, what if I am sloshed to the gills?"
2279,852,13,38,132,183,1.349726775956284,0.04505762250082869,628,I'm a cliché? That's rich coming from the mustached dive bartender doling out life advice to his lone customer.
7814,869,9,47,130,186,1.3494623655913978,0.04185642216699712,628,The funny thing about drinking like a fish is that you can't ever drown your sorrows.
6747,869,11,43,132,186,1.3494623655913978,0.043222741168943556,628,Luca Brasi says hello.
7199,869,20,25,141,186,1.3494623655913978,0.04890101331330148,628,"Sigh. All my life, I have been a fish out of water."
4637,869,16,33,137,186,1.3494623655913978,0.04646308801614986,628,"You’re gonna love this one...A swordfish, a catfish, and a jellyfish walk into a bar..."
331,869,11,43,132,186,1.3494623655913978,0.043222741168943556,628,"ANOTHER ONE because 'carp diem!,' and all that."
3227,869,12,41,133,186,1.3494623655913978,0.04388995321170083,628,Cut off?! I've been drinking like a fish since before you could swim.
2211,869,13,39,134,186,1.3494623655913978,0.044547173105519144,628,People say I drink like a fish but they never consider that I identify as a horse!
3617,869,10,45,131,186,1.3494623655913978,0.0425450668748997,628,Heavy on the water.
2083,877,9,42,121,172,1.3488372093023255,0.04404947865946536,628,She said she just couldn’t see herself with someone who tested positive for PCBs.
7118,878,10,43,128,181,1.3480662983425415,0.043295713661960375,628,How else do you think a herring gets pickled?
6954,878,15,33,133,181,1.3480662983425415,0.0467060552019075,628,Are you telling me I can't drown my sorrows here?
6608,878,12,39,130,181,1.3480662983425415,0.04469109005057417,628,"Six more bourbon and waters, hold the bourbon."
6014,878,8,47,126,181,1.3480662983425415,0.04185384227389876,628,No my name is not Wanda.  I guess all fish look alike to you guys.
5779,878,16,31,134,181,1.3480662983425415,0.047358662847769094,628,"I don't care that his name is Amirror, he's been staring at me all night and I'm just drunk enough to say something."
4997,878,9,45,127,181,1.3480662983425415,0.042580881476238,628,I'm just looking for a hook up tonight
4596,878,14,35,132,181,1.3480662983425415,0.046044198747709764,628,What do you mean it's time for me to 'dry out'?
3930,878,15,33,133,181,1.3480662983425415,0.0467060552019075,628,I can do anything.  Sometimes I just grab em by the gills.
3775,878,15,33,133,181,1.3480662983425415,0.0467060552019075,628,I smoke like a chimney too!
3511,878,17,29,135,181,1.3480662983425415,0.04800239890811394,628,I know I'm a good catch but lately a lot of creepy looking men keep trying to reel me in.
4258,878,14,35,132,181,1.3480662983425415,0.046044198747709764,628,You should have seen the action I was getting when 'The Shape of Water' was out.
2796,878,11,41,129,181,1.3480662983425415,0.04399893380189452,628,So I drink like a fish. You got a problem with that?
2771,878,10,43,128,181,1.3480662983425415,0.043295713661960375,628,Do you have Absolute Worm?
2180,878,12,39,130,181,1.3480662983425415,0.04469109005057417,628,Nobody is cutting me off until I get to that worm!
1998,878,9,45,127,181,1.3480662983425415,0.042580881476238,628,"OK, just one more quick one before they start missing me at the bowl."
961,878,14,35,132,181,1.3480662983425415,0.046044198747709764,628,I'm not out of water. I'm out of gin!
630,878,8,47,126,181,1.3480662983425415,0.04185384227389876,628,I took one nap and my whole life was flushed down the toilet.
389,878,7,49,125,181,1.3480662983425415,0.04111394847108899,628,Don't mess with me. I just got out of the tank.
268,878,9,45,127,181,1.3480662983425415,0.042580881476238,628,"You'd drink like me too if you had 1,000 kids."
28,878,9,45,127,181,1.3480662983425415,0.042580881476238,628,"Look, pal, are you going to help me drown my troubles or not?"
5872,898,7,48,124,179,1.3463687150837989,0.041367747763732136,628,Another mescal and don't forget the worm this time!
6360,898,11,40,128,179,1.3463687150837989,0.044298683384444607,628,"Listen buddy, I had the orange complexion down a long time ago - but you don’t see me up at the crack of dawn to tweet about it."
6431,898,11,40,128,179,1.3463687150837989,0.044298683384444607,628,"Ever since he drained the swamp, I've felt like a fish out of water."""
6578,898,11,40,128,179,1.3463687150837989,0.044298683384444607,628,"Actually,  I drink like an alcoholic. Now keep 'em comin'."
6613,898,14,34,131,179,1.3463687150837989,0.04637548323747038,628,"Call me a cab, I shouldn't dive,"""
7589,898,14,34,131,179,1.3463687150837989,0.04637548323747038,628,I drink like a fish therefore I am a fish!
7437,898,10,42,127,179,1.3463687150837989,0.04358443129097123,628,You should have seen the guy I caught today.
7495,898,8,46,125,179,1.3463687150837989,0.04211960652334778,628,"Look, I'm a herring, dammit...and if I want to get pickled, I'm going to get pickled!"
7982,898,14,34,131,179,1.3463687150837989,0.04637548323747038,628,I'm hoping to meet someone who likes to throw 'em back
5504,898,13,36,130,179,1.3463687150837989,0.045693705768639736,628,So you're a Pisces too!
6783,898,13,36,130,179,1.3463687150837989,0.045693705768639736,628,They say I slept with Luca Brasi.
5326,898,14,34,131,179,1.3463687150837989,0.04637548323747038,628,"Oh, yeah? I bet you smoke like a chimney, baldy."
1523,898,16,30,133,179,1.3463687150837989,0.04770981914432969,628,"And at these prices, you won't get many more."
4356,898,12,38,129,179,1.3463687150837989,0.04500160050746133,628,"Go ahead, say it. I drink like a what? Go on, say it to my gills."
3016,898,11,40,128,179,1.3463687150837989,0.044298683384444607,628,Then she tells me - there's plenty of you in the sea.
2106,898,13,36,130,179,1.3463687150837989,0.045693705768639736,628,"Yes, I drink like a fish, but I'm not getting hooked!"
2041,898,14,34,131,179,1.3463687150837989,0.04637548323747038,628,"I'll have another water on the rocks, please, extra salt."
1818,898,13,36,130,179,1.3463687150837989,0.045693705768639736,628,"So then she goes, you look nothing like your profile and calls me a catfish."
1553,898,11,40,128,179,1.3463687150837989,0.044298683384444607,628,"So I said to the cop, ""How could I possibly be texting and driving? I got no thumbs."""
1315,898,9,44,126,179,1.3463687150837989,0.042858277523945325,628,And don't water it down this time!
719,898,9,44,126,179,1.3463687150837989,0.042858277523945325,628,"Listen buddy, I'm not hooked on anything"
482,898,14,34,131,179,1.3463687150837989,0.04637548323747038,628,"But if you teach a man how to be a fish, he can drink all day long every day."
55,898,15,32,132,179,1.3463687150837989,0.04704738190533849,628,If you won't let me drive home can I at least borrow your bicycle?
5135,898,9,44,126,179,1.3463687150837989,0.042858277523945325,628,"Look bud, I'd say my problem right now is I'm a fish outta whiskey"
2792,922,12,41,135,188,1.3457446808510638,0.043500867960013984,628,"In fifty years, this whole city will be under water — and I'll be where you are, refusing YOU your seventh tequila!"
7975,923,7,47,123,177,1.344632768361582,0.041625840732074273,628,"Yeah, I swam with sharks once. It started me drinking"""
5444,923,16,29,132,177,1.344632768361582,0.04806789609648001,628,"...and boom, the next day the sunken treasure is missing, Lulu’s floating upside-down over the bubbler, and I’ve got 500 babies to support and a case of ick like the world’s never seen. So don’t tell me I’ve had enough."
5817,923,8,45,124,177,1.344632768361582,0.042389998254774554,628,"No, I don't like the Dolphins on Sunday. I think they're too smart for their own good."
5887,923,10,41,126,177,1.344632768361582,0.04387840725021069,628,"I'm funny how, I mean funny like I'm a clown fish?"
6838,923,8,45,124,177,1.344632768361582,0.042389998254774554,628,I’m between ponds right now.
6115,923,11,39,127,177,1.344632768361582,0.04460399038430438,628,You know what really pisses me off?  When I hear someone say that he feels like a  ‘fish out of  water’.   Like he could have even the tiniest clue what that feels like!
6530,923,12,37,128,177,1.344632768361582,0.04531795773852672,628,We're gonna need a bigger glass.
6558,923,13,35,129,177,1.344632768361582,0.04602084993759535,628,. . .  my wife's sleeping with Jimmy Hoffa.
5215,923,10,41,126,177,1.344632768361582,0.04387840725021069,628,The priest and the rabbi couldn't make it.
6092,923,13,35,129,177,1.344632768361582,0.04602084993759535,628,"Forget the tequila, just bring me the worm!"
5156,923,8,45,124,177,1.344632768361582,0.042389998254774554,628,"No, really...I’m the one that got away."
3513,923,9,43,125,177,1.344632768361582,0.043140622242007196,628,"Make it quick, I don't have a lot of time."
4510,923,8,45,124,177,1.344632768361582,0.042389998254774554,628,I've only been out of school a week and already I'm hooked!
4074,923,9,43,125,177,1.344632768361582,0.043140622242007196,628,"Fin and tonic, please."
3103,923,11,39,127,177,1.344632768361582,0.04460399038430438,628,"Yes, I am a fish out of water!"
2757,923,11,39,127,177,1.344632768361582,0.04460399038430438,628,Please. Not another Daryl Hannah story.
2399,923,9,43,125,177,1.344632768361582,0.043140622242007196,628,'...because I'm THIRSTY! Why the hell do YOU drink so much?
1868,923,7,47,123,177,1.344632768361582,0.041625840732074273,628,My problems started when I dropped out of school.
1468,923,16,29,132,177,1.344632768361582,0.04806789609648001,628,I'm hooked on this place. Your live streaming lured me in.
1210,923,11,39,127,177,1.344632768361582,0.04460399038430438,628,Why do I drink?  Do you know what it's like to feel like a fish out of water?
553,923,14,33,130,177,1.344632768361582,0.04671316692717853,628,Fish like a drink!
4823,923,12,37,128,177,1.344632768361582,0.04531795773852672,628,I used to be like a fish out of the water and now I just drink like a fish
3126,945,6,50,124,180,1.3444444444444446,0.04042160049535363,628,Are you trying to tell me I'm washed up?
7106,946,10,40,125,175,1.3428571428571427,0.04417779105628963,628,Keep ‘em coming. I’m getting stewed to the gills tonight.
6951,946,11,38,126,175,1.3428571428571427,0.04491501605927547,628,I just wish they'd be more specific. I drink like a carp.
4471,946,12,36,127,175,1.3428571428571427,0.045640334273499394,628,"I'm telling you, it was a think tank."
5532,946,13,34,128,175,1.3428571428571427,0.04635430462846523,628,Don’t judge me unti you’ve swam in the East River.
4901,946,13,34,128,175,1.3428571428571427,0.04635430462846523,628,They're my gills and if I want to get stewed to them I will!
4878,946,12,36,127,175,1.3428571428571427,0.045640334273499394,628,Oh cry me a river!
4874,946,11,38,126,175,1.3428571428571427,0.04491501605927547,628,You really don't need to tell me what I drink like.
7674,946,10,40,125,175,1.3428571428571427,0.04417779105628963,628,"So I says to the fishmonger- hey buddy, you want a piece of me?"
3313,946,12,36,127,175,1.3428571428571427,0.045640334273499394,628,"We were all line caught in my day, none of this farming nonsense."
6038,946,11,38,126,175,1.3428571428571427,0.04491501605927547,628,"Whadd'ya mean, you're outa water?  I'm the one that's outa water."
2515,946,8,44,123,175,1.3428571428571427,0.04266514189159113,628,"I am aware of the irony, but I would like a dry martini."
2212,946,11,38,126,175,1.3428571428571427,0.04491501605927547,628,So I drink like a fish.  What's your point?
2026,946,13,34,128,175,1.3428571428571427,0.04635430462846523,628,I know. A fish swims into a concrete wall. Dam.
2931,946,11,38,126,175,1.3428571428571427,0.04491501605927547,628,Don't sweat it. I have a designated swimmer outside.
1766,946,10,40,125,175,1.3428571428571427,0.04417779105628963,628,"It's Piscean, not ""pissing."""
1571,946,14,32,129,175,1.3428571428571427,0.04705744364689122,628,It’s the only way to keep my mercury levels down.
1213,946,14,32,129,175,1.3428571428571427,0.04705744364689122,628,"Maybe I drink like an alcoholic, Karl? Has it every crossed your mind to say that, Karl? Has it?!"
1032,946,7,46,122,175,1.3428571428571427,0.04188833832509729,628,"Yes, and I eat like a bird. Got a problem with that?"
873,946,11,38,126,175,1.3428571428571427,0.04491501605927547,628,This has always been my favorite watering hole.
861,965,14,36,137,187,1.3422459893048129,0.044892122332047035,628,"Then he said ""Gail, you drink like a fish!"" So I ate the bastard."
3715,965,14,36,137,187,1.3422459893048129,0.044892122332047035,628,"I may be a fish out of water, but I know my scotch!"
7240,965,12,40,135,187,1.3422459893048129,0.043592437818275966,628,"AS a fish. Drinking AS a fish, not LIKE one."
2953,968,9,37,115,161,1.3416149068322982,0.04587451665265008,628,I'm the only one who graduated.
7604,969,14,31,128,173,1.3410404624277457,0.04740851510685056,628,You better hope these drinks are watered down.
3707,969,8,43,122,173,1.3410404624277457,0.04294516612940674,628,... then she got pregnant and I had to drop out of school...
7632,971,11,38,127,176,1.3409090909090908,0.044701555271417455,628,There's nothing worse than feeling like a fish out of vodka.
6703,972,13,32,126,171,1.3391812865497077,0.04704091617192069,628,"A dive bar’s a dive bar, Fred. Just pour the shots."
1673,972,9,40,122,171,1.3391812865497077,0.044018745959830075,628,"So then she says to me, 'A real man would have made it upstream.'"
2705,972,7,44,120,171,1.3391812865497077,0.04242700904691787,628,Correction:  There WERE a lot of fish in the Sea.
3306,972,9,40,122,171,1.3391812865497077,0.044018745959830075,628,"So I told her ""I date only wild caught."""
4054,972,14,30,127,171,1.3391812865497077,0.04776659129452376,628,"I'm home sick. Do you have anything  that has the faint taste of Oil, with a slight background of Pesticides and  Plastic on the rocks?"
4928,972,10,38,123,171,1.3391812865497077,0.0447934085048287,628,"You know, 'Thank God it's Friday' is a saying I never use."
5024,972,13,32,126,171,1.3391812865497077,0.04704091617192069,628,"I don’t live to drink, I drink to live."
7895,972,8,42,121,171,1.3391812865497077,0.04323020409703907,628,Don’t tell me when I need to scale back.
7946,972,13,32,126,171,1.3391812865497077,0.04704091617192069,628,"Yeah, she’s at her mother’s place in the East River. I told her I’d be home by fall."
3418,981,11,37,126,174,1.339080459770115,0.04501391455915287,628,"Why yes, that's exactly how I drink!  What did you expect?"
5272,981,15,29,130,174,1.339080459770115,0.04787499948991989,628,I'm trying to cut back.  I drink like a fish.
5734,981,9,41,124,174,1.339080459770115,0.043512882780024555,628,"And another thing, I'm sick of people calling things fishy..."
6513,984,8,27,92,127,1.3385826771653544,0.05269925904251555,628,She left me for a flounder.  Can you believe it? A flounder!
340,985,8,41,120,169,1.3372781065088757,0.043520393522249255,628,"So, I said to him, ""No, you go jump in the lake."""
4682,985,8,41,120,169,1.3372781065088757,0.043520393522249255,628,I'll decide when I'm tanked.
1085,987,8,42,122,172,1.3372093023255813,0.04302334770501212,628,"Shot of tequila, please.  Extra worm."
5014,987,14,30,128,172,1.3372093023255813,0.047528993086036274,628,Hey! I’m outta water!
593,989,8,22,83,113,1.336283185840708,0.057070580136378536,628,"Ya. Ya. ""Drink like a fish"". I get it. Do I make fun of your nose?"
2009,990,10,33,115,158,1.3354430379746836,0.0471819411589724,628,"I fell for her hook, line, and sinker...and then I caught her spawning with someone else."
6656,991,7,40,114,161,1.3354037267080745,0.04400742753768534,628,...believe you me- having that guy in the White House doesn't work for me either.
191,992,6,43,115,164,1.3353658536585367,0.04261874998280137,628,"Scotch and water, Laddie! I just swum in from Loch Ness."
6022,993,11,34,122,167,1.3353293413173652,0.04621975410328664,628,Ever since I moved to this city I feel just like a fish out of water.
5176,993,16,24,127,167,1.3353293413173652,0.04996989097278365,628,"No! really, so a fish walks into a bar..."
7748,993,10,36,121,167,1.3353293413173652,0.04543259625506297,628,"Listen, pal - I know every dive around."
6267,993,11,34,122,167,1.3353293413173652,0.04621975410328664,628,"Of course I want another, I’ve got a reputation to keep."
4844,993,12,32,123,167,1.3353293413173652,0.046993728690762585,628,It really should be 'drink AS a fish'
3295,993,10,36,121,167,1.3353293413173652,0.04543259625506297,628,One more and I'm calling my designated diver.
3587,993,10,36,121,167,1.3353293413173652,0.04543259625506297,628,Gimme four more: I want to get tanked tonight.
1485,993,10,36,121,167,1.3353293413173652,0.04543259625506297,628,Tonight I want to drink like a man.
18,993,11,34,122,167,1.3353293413173652,0.04621975410328664,628,"So, how'd a guy like you end up working in an underwater bar?"
6917,1002,11,36,126,173,1.3352601156069364,0.045111515607382746,628,There's a reason it's a cliche.
3919,1002,10,38,125,173,1.3352601156069364,0.044360291988099536,628,"Just water, please. and make it a double."
1619,1002,17,24,132,173,1.3352601156069364,0.049379437533747496,628,Don't tell me what I drink like.
4727,1002,12,34,127,173,1.3352601156069364,0.04585043266448885,628,"As you can see, I do."
696,1002,11,36,126,173,1.3352601156069364,0.045111515607382746,628,Of course I'm thirsty. I'm a fish out of water.
58,1002,15,28,130,173,1.3352601156069364,0.047998981040204315,628,"Let me guess - one of those koi meets girl, koi loses girl stories?"
971,1002,12,34,127,173,1.3352601156069364,0.04585043266448885,628,Another one for the halibut.
6487,1009,10,36,122,168,1.3333333333333333,0.04520544196943266,628,"Make it a double, my wife left me and hooked up with a fisherman."
5422,1009,6,40,110,156,1.3333333333333333,0.043931420098890006,628,"I get that all the time, but I really drink more like a lobster."
5426,1009,9,37,119,165,1.3333333333333333,0.04494665749754948,628,"If I have a drinking problem, then you have a breathing problem."
5910,1009,9,38,121,168,1.3333333333333333,0.04440997617903022,628,"Nothing for me, I am drying out."
6226,1009,3,50,115,168,1.3333333333333333,0.03930050874535544,628,"Sure, he threw me back in the water but it was still traumatic."
6367,1009,10,35,120,165,1.3333333333333333,0.04576146687125984,628,"For the record, I drink because I’m Catholic"
6418,1009,6,44,118,168,1.3333333333333333,0.041933137086710974,628,"No, I am not too drunk to swim."
6443,1009,12,31,122,165,1.3333333333333333,0.04734903916896513,628,"I know, I’m a stereotype"
6767,1009,10,35,120,165,1.3333333333333333,0.04576146687125984,628,"Listen, pal, I hear enough carping at home."
7450,1009,8,40,120,168,1.3333333333333333,0.04359999982559999,628,"So: a salmon, a herring and a cod swim into a bar."
7281,1009,12,31,122,165,1.3333333333333333,0.04734903916896513,628,"Some people live to drink, but I got to drink too live, know what I'm saying?"
7309,1009,8,40,120,168,1.3333333333333333,0.04359999982559999,628,"You don't see many fish in this bar? At these prices, I'm not surprised."
7446,1009,11,33,121,165,1.3333333333333333,0.046562019717971886,628,I drink AS a fish.
4902,1009,7,35,105,147,1.3333333333333333,0.04663030919937774,628,"I was sent here to discuss this plastic
straw situation."
7724,1009,14,27,124,165,1.3333333333333333,0.048885081264522574,628,"No, I don't have to worry about drinking and driving, I have a bicycle."
7736,1009,8,40,120,168,1.3333333333333333,0.04359999982559999,628,"I was a red fish, she was a blue fish.
At any other time, we could’ve made it work."
1071,1009,4,46,112,162,1.3333333333333333,0.04107294966560803,628,I'll have another water.
7169,1009,9,40,125,174,1.3333333333333333,0.043387652946810774,628,"One tequila, leave the worm."
7087,1009,14,27,124,165,1.3333333333333333,0.048885081264522574,628,"...and she had the nerve to say, ‘There are plenty of fish in the sea!’"
4766,1009,10,35,120,165,1.3333333333333333,0.04576146687125984,628,I never used to feel like a fish out of water.
3362,1009,8,40,120,168,1.3333333333333333,0.04359999982559999,628,"Listen! I don't care who you think I am, the name is Wanda!"
3503,1009,10,38,126,174,1.3333333333333333,0.04414667820219519,628,"If you pour me another, I’ll slip you a fin."
3200,1009,0,57,114,171,1.3333333333333333,0.03615507630310936,628,My old lady's been crabby all day.
127,1009,8,39,118,165,1.3333333333333333,0.0441168016768513,628,That's because I AM a fish.
279,1009,10,35,120,165,1.3333333333333333,0.04576146687125984,628,"Yeah, well, you tend bar like a bartender."
290,1009,12,31,122,165,1.3333333333333333,0.04734903916896513,628,"Aw, c'mon - just one more for the river...."
670,1009,11,34,123,168,1.3333333333333333,0.04598715019526058,628,Of course I want the worm in my tequila!
747,1009,13,29,123,165,1.3333333333333333,0.04812318921509239,628,I'm starting to think my sorrows can't be drowned.
860,1009,11,33,121,165,1.3333333333333333,0.046562019717971886,628,Another Tequila ...and this time don't forget the worm!
4073,1009,11,34,123,168,1.3333333333333333,0.04598715019526058,628,"Long story short, turns out she was a catfish."
990,1009,8,39,118,165,1.3333333333333333,0.0441168016768513,628,"so you're telling me that these so called ""chefs"", cut up my friends and place them on top of sticky rice?"
953,1009,10,36,122,168,1.3333333333333333,0.04520544196943266,628,What do you mean I don't have a leg to stand on!
1140,1009,7,31,97,135,1.3333333333333333,0.04931818152870151,628,I'll have have 50 galllons of water with a twist of lemon.
1150,1009,9,38,121,168,1.3333333333333333,0.04440997617903022,628,"That's right, I'm the one that got away."
1489,1009,12,32,124,168,1.3333333333333333,0.04675579089814616,628,"Well, at these prices,you won't get many more."
1939,1009,7,28,91,126,1.3333333333333333,0.051639777949432225,628,You got any of those little crackers...oh...what are they called?
2061,1009,10,35,120,165,1.3333333333333333,0.04576146687125984,628,I've been hooked on worse things.
2332,1009,7,38,111,156,1.3333333333333333,0.04486293189086007,628,Give me my keys back! I swear I'm not driving!
2886,1009,10,36,122,168,1.3333333333333333,0.04520544196943266,628,Do I want a splash of water in my drink? What's water?
1046,1009,13,30,125,168,1.3333333333333333,0.047511998294545346,628,"And then she said,""You're not the only fish in the sea."""
1355,1049,11,35,126,172,1.3313953488372092,0.04520773677190416,628,"""He was about six feet tall.  Weighed maybe two hundred pounds.  It took three of us to reel him in.  We were all too busy to get a photo.  He managed to slip away.  Got into his car and drove off.  That’s the absolute truth.  I swear it."""
2614,1049,10,37,125,172,1.3313953488372092,0.04444929704768596,628,"There ARE a lot of fish in the sea, but that hasn’t really worked in my favor."
6939,1051,13,29,124,166,1.3313253012048192,0.04787454261260751,628,"If the fishwife calls, I’m not here."
7634,1051,8,39,119,166,1.3313253012048192,0.04389618525256441,628,...and she said she was pescatarian
6377,1051,8,39,119,166,1.3313253012048192,0.04389618525256441,628,"The date was going great,until she said she was pescatarian"
7709,1051,11,33,122,166,1.3313253012048192,0.046324217533713456,628,"I’ve a scaled back, alright. Just not on my drinking."
2993,1051,12,31,123,166,1.3313253012048192,0.04710575846155743,628,Water. Make it a double
2926,1051,10,35,121,166,1.3313253012048192,0.04552926289742698,628,"Yeah,yeah, and if I had thumbs I’d smoke like a chimney too! Just clam up and keep ‘em coming!"
1445,1051,15,25,126,166,1.3313253012048192,0.04937621421921633,628,Well it's still better for me than that crap you pour in the ocean!
609,1051,9,37,120,166,1.3313253012048192,0.04472017922431928,628,How many more shots until I reach that worm?
4536,1051,8,39,119,166,1.3313253012048192,0.04389618525256441,628,Scotch and hold the water.
7898,1060,9,36,118,163,1.3312883435582823,0.04526777836641852,628,I’m meeting someone who caught me on line.
7487,1060,8,38,117,163,1.3312883435582823,0.04442332040935547,628,"No, you should go jump in the lake!"
7252,1060,8,38,117,163,1.3312883435582823,0.04442332040935547,628,"Of course I'm a fish out of water
That's why I need a drink"
7062,1060,10,34,119,163,1.3312883435582823,0.0460967690871076,628,Just a little Cherry Heering. I'm scaling back.
6757,1060,7,40,116,163,1.3312883435582823,0.043562495729162806,628,"And the cop said... okay, okay, get this... it was because I looked ""fishy"""
5542,1060,4,46,113,163,1.3312883435582823,0.04087138299637701,628,"Me, I've always seen myself as a small-pond type of guy."
7424,1060,9,36,118,163,1.3312883435582823,0.04526777836641852,628,"You ever heard about the ""one who got away""?  
Well, you're lookin' at him, pal!"
5418,1060,13,28,122,163,1.3312883435582823,0.0484987959271868,628,The worst part wasn't that she was a Fisherman it was that she was a Republican..
5044,1060,7,40,116,163,1.3312883435582823,0.043562495729162806,628,It’s this or school
5030,1060,10,34,119,163,1.3312883435582823,0.0460967690871076,628,"Vodka martini, not too dry. Side of anchovies."
4941,1060,8,38,117,163,1.3312883435582823,0.04442332040935547,628,"Oil my gills, pal."
4500,1060,7,40,116,163,1.3312883435582823,0.043562495729162806,628,"Wait, how big did the guy say I was?"
2793,1060,10,34,119,163,1.3312883435582823,0.0460967690871076,628,I swam here from Flint...Give me your dirtiest martini.
5514,1060,6,42,115,163,1.3312883435582823,0.042684314122571974,628,I’m making progress. I used to smoke like a chimney.
6589,1060,1,52,110,163,1.3312883435582823,0.03799011531858971,628,"No, I should not be in school. And yes, I drink like a fish."
5150,1075,8,35,111,154,1.3311688311688312,0.0461166565918486,628,I thought this was a hook up bar!
4015,1076,9,26,98,133,1.330827067669173,0.05198476356261508,628,"Salt water, neat. And keep 'em coming."
3718,1077,4,26,73,103,1.3300970873786409,0.05412430348194684,628,"My wife said I should go back to school, but I was out of my depth."
3866,1078,5,47,121,173,1.329479768786127,0.04025545744850901,628,Sand dollars are a legitimate currency!
7781,1079,7,40,117,164,1.329268292682927,0.04334315477794754,628,"Oh sure, there are PLENTY of other fish in the sea if you're into sharks and suckers."""
6464,1079,6,42,116,164,1.329268292682927,0.04247131228273834,628,"Not too dry, please."
6254,1079,13,28,123,164,1.329268292682927,0.048244473886949316,628,What'd ya mean--your don't validate bicycle parking?
5682,1079,6,42,116,164,1.329268292682927,0.04247131228273834,628,I drink like a fish? Is that a bad thing??
4838,1079,11,32,121,164,1.329268292682927,0.04666793184247682,628,"Water on the rocks, please."
4756,1079,9,36,119,164,1.329268292682927,0.04503623501448127,628,"Technically we don't drink, we inhale."
8028,1079,9,36,119,164,1.329268292682927,0.04503623501448127,628,Just say it. I drink like a fish.
4714,1079,17,20,127,164,1.329268292682927,0.05125227855400655,628,I was born in Chernobyl. Why?
3109,1079,9,36,119,164,1.329268292682927,0.04503623501448127,628,That's racist.
3243,1079,11,32,121,164,1.329268292682927,0.04666793184247682,628,"No, you stop giving ME the fish-eye."
3042,1079,11,32,121,164,1.329268292682927,0.04666793184247682,628,"No matter how hard I try, I can't drown my sorrows."
2922,1079,8,38,118,164,1.329268292682927,0.04419780271905327,628,I've been feeling out of my element.
2232,1079,10,34,120,164,1.329268292682927,0.045859341069915356,628,"Another tequila, extra worm."
1988,1079,11,32,121,164,1.329268292682927,0.04666793184247682,628,"And, no, I am not supposed to be in school!"
1944,1079,10,34,120,164,1.329268292682927,0.045859341069915356,628,"Look buddy, I don't tell you how to breath!"
1065,1079,9,36,119,164,1.329268292682927,0.04503623501448127,628,"I admit that I drink like a fish, but I'm trying to scale back."
646,1079,8,38,118,164,1.329268292682927,0.04419780271905327,628,"And there I was again, waking up in some random fishbowl."""
3343,1079,7,40,117,164,1.329268292682927,0.04334315477794754,628,Take that back! You have no idea what it means to be tanked!
7497,1097,10,33,118,161,1.329192546583851,0.04643869724849377,628,Mark Rothko and I used to close this bar when you were in knee waders.
6527,1097,12,29,120,161,1.329192546583851,0.04808151521367492,628,"Carl, ""playing hooky"" has two meanings for me."
6389,1097,9,35,117,161,1.329192546583851,0.045595096782268904,628,"And you bartend like a human. Two can play that game, pal."
6344,1097,8,37,116,161,1.329192546583851,0.04473559096549048,628,Hook me up with my usual
4215,1097,11,31,119,161,1.329192546583851,0.04726724398238232,628,No thank you. I have enough straws in my stomach already.
3950,1097,12,29,120,161,1.329192546583851,0.04808151521367492,628,Give me one for the river.
2813,1097,12,29,120,161,1.329192546583851,0.04808151521367492,628,"Oh yeah? Well, you make drinks like a bartender."
1452,1097,11,31,119,161,1.329192546583851,0.04726724398238232,628,I told you I don’t know Wanda.
1540,1097,9,35,117,161,1.329192546583851,0.045595096782268904,628,"No, I didn't bring photo ID."
1417,1097,10,33,118,161,1.329192546583851,0.04643869724849377,628,I’ll go with a white wine.
1356,1097,11,31,119,161,1.329192546583851,0.04726724398238232,628,I'm the bass player?
833,1097,8,37,116,161,1.329192546583851,0.04473559096549048,628,"No, I'm not still in school"
785,1097,11,31,119,161,1.329192546583851,0.04726724398238232,628,"Oh yeah, I have a real fish tail  for you."
2518,1097,11,31,119,161,1.329192546583851,0.04726724398238232,628,Sashimi with shumbody elsh.
2997,1111,7,38,113,158,1.3291139240506329,0.04439297184170536,628,"I never fit in with the clientele in this place...sometimes I feel like a...oh, never mind."
1424,1111,9,34,115,158,1.3291139240506329,0.046173447554902596,628,I'm warning you upfront; any cracks about 'drinking like a fish' will be included in the Yelp review.
7681,1113,2,47,106,155,1.3290322580645162,0.0400143223409456,628,"I get it, I'm a vegetarian too."
7071,1114,11,28,113,152,1.3289473684210527,0.049197388568447756,628,Lemme get this straight...You don't serve Bass Ale or you don't serve basses?
6632,1114,11,28,113,152,1.3289473684210527,0.049197388568447756,628,"Well yeah, I do. And I eat like one too."
5366,1114,12,26,114,152,1.3289473684210527,0.05007515769017118,628,Water please! No ice!
3408,1114,10,30,112,152,1.3289473684210527,0.04830367135336772,628,What I really need is a bicycle.
988,1114,8,34,110,152,1.3289473684210527,0.04646469535822661,628,I can't say no. I'm hooked.
714,1114,7,36,109,152,1.3289473684210527,0.04551735426177722,628,So much for drowning my sorrows.
1774,1114,13,24,115,152,1.3289473684210527,0.050937803186201364,628,"That's because I AM a fish, nimrod."
717,1121,7,35,107,149,1.3288590604026846,0.04611021683829016,628,"Bicycle?   No, I took an Uber."
6399,1121,6,37,106,149,1.3288590604026846,0.04511604343586584,628,I’ve been trying to scale back.
7086,1121,8,33,108,149,1.3288590604026846,0.04708340279165624,628,"Vodka, yes! Caviar, NO!"
7180,1121,7,35,107,149,1.3288590604026846,0.04611021683829016,628,"Well, drunken fish happen to be extremely popular at Japanese establishments."
1216,1125,6,30,92,128,1.328125,0.04974018989852906,628,What do you mean that you don’t serve fish?
2047,1126,6,29,90,125,1.328,0.05051476947867693,628,Can you call me a crab?
7069,1127,7,39,116,162,1.3271604938271604,0.04363500917886272,628,What makes you think I'm a Pisces?
6416,1127,6,41,115,162,1.3271604938271604,0.042747313248178626,628,He said I'm a cold fish? That dude is a total octopus!
4416,1127,10,33,119,162,1.3271604938271604,0.046195862740552984,628,Did you hear the one about the fisherman who got away?
4077,1127,8,37,117,162,1.3271604938271604,0.044505002664205734,628,If you lived in a glass house with nothing but a plastic castle you' d be drunk too.
3831,1127,14,25,123,162,1.3271604938271604,0.049404277939770716,628,"What do you mean, “you don’t serve fish?” This is a seafood restaurant!"
4393,1127,13,27,122,162,1.3271604938271604,0.048622026311627424,628,"Stop me if you've heard this one...A salmon, a tuna, and a rabbi walk into a bar..."
3605,1127,14,25,123,162,1.3271604938271604,0.049404277939770716,628,Sorry about carping all night!
3419,1127,9,35,118,162,1.3271604938271604,0.04535831233900227,628,"Yes, and I smell like a fish too."
2780,1127,7,39,116,162,1.3271604938271604,0.04363500917886272,628,"I know that look, everyone in  your world drinks like a fish!"
1977,1127,8,37,117,162,1.3271604938271604,0.044505002664205734,628,"well, how else did you expect me to drink?"
1798,1127,10,33,119,162,1.3271604938271604,0.046195862740552984,628,Cut me off? I already told you I’m not driving home.
1107,1127,7,39,116,162,1.3271604938271604,0.04363500917886272,628,"Whisky, hold the water."
1087,1127,12,29,121,162,1.3271604938271604,0.04782698199287786,628,"If I hear one more say I drink like a fish, they're going to be swimming with the fishes."
3703,1127,7,39,116,162,1.3271604938271604,0.04363500917886272,628,"Pray, what makes you think I'm a hooker?"
5006,1141,5,42,112,159,1.3270440251572326,0.04232030608507151,628,It says you serve goldfish....and you're saying those are just little crackers?
5180,1141,9,34,116,159,1.3270440251572326,0.04592879587725082,628,"'What's a fish doing in my bar?' I think a better question is, why is G Gordon Liddy my bartender?"
5407,1141,9,34,116,159,1.3270440251572326,0.04592879587725082,628,"I used to be quite the catch before I lost all my hair, you know."
5849,1141,9,34,116,159,1.3270440251572326,0.04592879587725082,628,I escaped only to get tanked again.
6216,1141,10,32,117,159,1.3270440251572326,0.046787453303574665,628,"Please, no 'fish out of water', jokes, okay?"""
7211,1141,9,34,116,159,1.3270440251572326,0.04592879587725082,628,I've had a lot of dates but seldom any long-term relationships since 'catch and release' .
6798,1141,12,28,119,159,1.3270440251572326,0.04845914545711879,628,"Yes, I'm drinking like a fish but I have a designated diver."
7205,1141,8,36,115,159,1.3270440251572326,0.045053776698898,628,Bad day. They caught Charlie and sent him to the canner.
7376,1141,11,30,118,159,1.3270440251572326,0.047630633866600894,628,"Less Scotch, more water."
4832,1141,9,34,116,159,1.3270440251572326,0.04592879587725082,628,"And why, exactly, shouldn't I drink like a fish?"
6347,1141,6,40,113,159,1.3270440251572326,0.04325066245774911,628,"Yo Mr. Clean, whose youse callin' chicken of the sea?"
4626,1141,8,36,115,159,1.3270440251572326,0.045053776698898,628,Sometimes I feel like I just don’t belong.
4507,1141,10,32,117,159,1.3270440251572326,0.046787453303574665,628,"Shot of tequila with a worm in it, hold the tequila."""
4402,1141,10,32,117,159,1.3270440251572326,0.046787453303574665,628,"Never mind how I got here, just get me a wet martini"
3739,1141,10,32,117,159,1.3270440251572326,0.046787453303574665,628,"Don't freakin' ask me if I drink like a fish, OK."
3603,1141,11,30,118,159,1.3270440251572326,0.047630633866600894,628,Wrong. I drink AS a fish.
2286,1141,11,30,118,159,1.3270440251572326,0.047630633866600894,628,"Yeah, well I might drink like a fish, but you pour like a nun!"
1932,1141,5,42,112,159,1.3270440251572326,0.04232030608507151,628,"OK, wise guy; if these drinks aren't watered down, then how am I still breathing?"
1729,1141,11,30,118,159,1.3270440251572326,0.047630633866600894,628,"A mermaid on the rocks, please."
1698,1141,8,36,115,159,1.3270440251572326,0.045053776698898,628,Give it to me wet with a little plastic castle.
1672,1141,11,30,118,159,1.3270440251572326,0.047630633866600894,628,What did he mean by ‘like a fish’?
1645,1141,9,34,116,159,1.3270440251572326,0.04592879587725082,628,Set 'em up Joe. I feel like a fish out of water.
1352,1141,14,24,121,159,1.3270440251572326,0.05007506136026408,628,What've you got to wet my whistle?
1125,1141,9,34,116,159,1.3270440251572326,0.04592879587725082,628,When do the hot mermaids show up around here?
328,1141,7,38,114,159,1.3270440251572326,0.04416142319869409,628,They told me this is where the groupers hang out.
932,1141,8,36,115,159,1.3270440251572326,0.045053776698898,628,I felt so out of place. Like a...what's the saying? Trump out of Mar-a-Lago?
256,1167,9,31,110,150,1.3266666666666667,0.04776589693252739,628,You say that like it’s a bad thing.
7546,1168,4,39,101,144,1.3263888888888888,0.04388595659654525,628,I heard this is the best watering hole in town
3217,1169,7,28,94,129,1.3255813953488371,0.05062926541710517,628,Do you ever feel like a fish out of water?
3057,1170,10,33,120,163,1.3251533742331287,0.04595542955878165,628,Everybody says “I drink like a fish”.  Now watch how it’s done.
5442,1171,8,35,114,157,1.3248407643312101,0.04537804663681654,628,...And YOU drink like a white Russian!
5570,1171,10,31,116,157,1.3248407643312101,0.04714324714345959,628,And it better be dry.
5678,1171,9,33,115,157,1.3248407643312101,0.046269065625979565,628,"So a guppy, a mako, and a halibut walk into a bar."""
5702,1171,9,33,115,157,1.3248407643312101,0.046269065625979565,628,I'm dying to get back into my office pool.
5886,1171,10,31,116,157,1.3248407643312101,0.04714324714345959,628,And then he had the audacity to tell me 'there's plenty of fish in the sea.'
6420,1171,5,41,111,157,1.3248407643312101,0.04259329952690652,628,"I'll start out with some water, no ice."
6820,1171,8,35,114,157,1.3248407643312101,0.04537804663681654,628,"Yes,  I AM trying to get tanked."
7901,1171,8,35,114,157,1.3248407643312101,0.04537804663681654,628,"She kept the bowl, the guppies...even the treasure chest with the bubbles.  I’ve got nothing left!"
7239,1171,5,41,111,157,1.3248407643312101,0.04259329952690652,628,It was too small--I felt like I couldn't breathe there.
7696,1171,9,33,115,157,1.3248407643312101,0.046269065625979565,628,"Tanked? Hello no, I'm not tanked."
7699,1171,8,35,114,157,1.3248407643312101,0.04537804663681654,628,"So, are you a Pisces?"
7702,1171,6,39,112,157,1.3248407643312101,0.04354134221538057,628,Can you call me a water taxi?
7864,1171,7,37,113,157,1.3248407643312101,0.044469178081509325,628,And then I realized it wasn't really me he wanted. It was sushi.
5304,1171,8,35,114,157,1.3248407643312101,0.04537804663681654,628,It was the worm in my first tequila that hooked me.
8013,1171,9,33,115,157,1.3248407643312101,0.046269065625979565,628,"What do you mean ""no shoes, no shirt, no service?"""
8057,1171,7,37,113,157,1.3248407643312101,0.044469178081509325,628,Quit saying the answer to all my problems is to “go back to school.”
6872,1171,9,33,115,157,1.3248407643312101,0.046269065625979565,628,And you drink like a human. So what's your point?
5226,1171,8,35,114,157,1.3248407643312101,0.04537804663681654,628,I'm not out of water. I'm out of scotch.
1586,1171,10,31,116,157,1.3248407643312101,0.04714324714345959,628,"You know, the bottle with the worm inside it."
4430,1171,10,31,116,157,1.3248407643312101,0.04714324714345959,628,You’re the one that got me hooked
13,1171,9,33,115,157,1.3248407643312101,0.046269065625979565,628,"I ‘drink like a fish,’ huh? Well, pal, I’m giving you a very poor Kelp review."
32,1171,10,31,116,157,1.3248407643312101,0.04714324714345959,628,Salt water—straight up. Make it a double.
82,1171,10,31,116,157,1.3248407643312101,0.04714324714345959,628,WATER !!!
530,1171,13,25,119,157,1.3248407643312101,0.04967357147632564,628,"I don’t know, I guess I just feel like a fish out of water."
1695,1171,12,27,118,157,1.3248407643312101,0.04884469659938042,628,Make it a double. I caught my wife sleeping with Luca Brasi.
1764,1171,10,31,116,157,1.3248407643312101,0.04714324714345959,628,"oxygenated water on the rocks, please"
2096,1171,7,37,113,157,1.3248407643312101,0.044469178081509325,628,Gimme that drink with the little worm in it.
1875,1171,10,31,116,157,1.3248407643312101,0.04714324714345959,628,"Yeah, six glasses of water, you've got a problem with that?"
2676,1171,9,33,115,157,1.3248407643312101,0.046269065625979565,628,"Then for my third and final wish I said:  ""I'd like to swim like a fish..."""
3282,1171,12,27,118,157,1.3248407643312101,0.04884469659938042,628,I have a date tonight with a beautiful trout.  What wine would you recommend?  Red or white?
3706,1171,9,33,115,157,1.3248407643312101,0.046269065625979565,628,I'm gonna get tanked tonight.
4019,1171,10,31,116,157,1.3248407643312101,0.04714324714345959,628,Three days.  You don't smell so good yourself.  Now gimmie that drink!
4155,1171,8,35,114,157,1.3248407643312101,0.04537804663681654,628,"Carp, I can‘t find my wallet."
4238,1171,10,31,116,157,1.3248407643312101,0.04714324714345959,628,"Whatda ya mean, you don't serve fish?"
4247,1171,10,31,116,157,1.3248407643312101,0.04714324714345959,628,What do you mean... you have to Cod me?
2468,1171,8,35,114,157,1.3248407643312101,0.04537804663681654,628,I do not!
5043,1171,12,27,118,157,1.3248407643312101,0.04884469659938042,628,Do I LOOK I’m the designated driver?!
470,1208,9,31,111,151,1.3245033112582782,0.04749780417759235,628,You'd drink like a fish too if you were me.
1660,1209,10,27,108,145,1.3241379310344827,0.049791479579978114,628,"Really? ‘Sorry, Charlie?’"
8031,1210,12,28,121,161,1.3229813664596273,0.0479408963178142,628,"D’ya have ice, up where I’m from, it’s all melted"
3970,1210,10,32,119,161,1.3229813664596273,0.046293088432830025,628,I’m on a blind date.  Hope I’ll recognize her when she arrives.
1795,1210,8,36,117,161,1.3229813664596273,0.04458442030064125,628,Just a little something to tide me over.
174,1213,7,27,93,127,1.3228346456692914,0.05108727808099317,628,I feel like I'm always swimming upstream
7181,1213,7,27,93,127,1.3228346456692914,0.05108727808099317,628,For a thousand years we've been moving from the ocean onto land.  I just like the retro look.
2440,1215,12,27,119,158,1.3227848101265822,0.04857809463183497,628,I see “fresh poached salmon” is on tonight’s menu. Tell the chef that no amount of booze is going to get me into his little “jacuzzi”.
3992,1215,14,23,121,158,1.3227848101265822,0.05021038327105668,628,Waddya expect? I AM a fish.
3833,1217,7,36,112,155,1.3225806451612903,0.04478266080661836,628,"I just wanted a taste but, before I knew it, I was hooked."
3948,1217,7,36,112,155,1.3225806451612903,0.04478266080661836,628,"Sure, I come here to meet women, but it’s always the same:  ‘I like you, but you’re too coy.’"
4100,1217,6,38,111,155,1.3225806451612903,0.04383719343615942,628,"...and  worse,she fell for his act hook,line and sinker!"
4481,1217,5,40,110,155,1.3225806451612903,0.04287087995128959,628,You want a sawbuck for each shot? All I got is a fin.
4498,1217,12,26,117,155,1.3225806451612903,0.0492384261702941,628,Say that again....I dare you!  I drink like a WHAT...?
4760,1217,10,30,115,155,1.3225806451612903,0.04750629695740086,628,"Yes, as a matter of fact, I did come here on my bicycle. You're starting to sound a lot like my ex."
4910,1217,10,30,115,155,1.3225806451612903,0.04750629695740086,628,Well why would I drink any other way?
7163,1217,11,28,116,155,1.3225806451612903,0.048380114005303135,628,"Plastics, they said. Go into plastics."
7098,1217,11,28,116,155,1.3225806451612903,0.048380114005303135,628,"Who cares if I'm outta water, as long as you're not outta beer!"
7193,1217,7,36,112,155,1.3225806451612903,0.04478266080661836,628,Nearly got myself killed over a hook-up
7614,1217,12,26,117,155,1.3225806451612903,0.0492384261702941,628,Enough already with the pickled herring jokes!
7619,1217,9,32,114,155,1.3225806451612903,0.046616103119451975,628,"All the free scotch I can drink, and I'll take you to the sunken treasure."
7957,1217,7,36,112,155,1.3225806451612903,0.04478266080661836,628,"Just water, I’m the designated diver."
7919,1217,10,30,115,155,1.3225806451612903,0.04750629695740086,628,I don't need a leg to stand on.
5533,1217,7,36,112,155,1.3225806451612903,0.04478266080661836,628,I’ve got 100 clams on the Marlins.
3550,1217,8,34,113,155,1.3225806451612903,0.04570857566673902,628,"Not too dry, if you please."
7652,1217,10,30,115,155,1.3225806451612903,0.04750629695740086,628,"Whadya mean, you're surprised to see a fish?  Where do you think the one who got away goes after he gets away?"
2968,1217,7,36,112,155,1.3225806451612903,0.04478266080661836,628,... and then he promised to drain the swamp ... don't get me started on what happened next.
40,1217,8,34,113,155,1.3225806451612903,0.04570857566673902,628,So you're telling me I could've gotten water from that tap the whole time?!
3150,1217,3,44,108,155,1.3225806451612903,0.04086976861538533,628,Never mind what I drink like.
383,1217,12,26,117,155,1.3225806451612903,0.0492384261702941,628,I want to drink till I'm fish-faced.
547,1217,8,34,113,155,1.3225806451612903,0.04570857566673902,628,"If you want to be precise, it’s a simile that has become an idiom."
565,1217,9,32,114,155,1.3225806451612903,0.046616103119451975,628,"Oh, I know when a drink's been watered all right."
929,1217,8,34,113,155,1.3225806451612903,0.04570857566673902,628,"So, this fisherman goes into a bar ..."
956,1217,6,38,111,155,1.3225806451612903,0.04383719343615942,628,If I wanted water I’d have stayed in the ocean
229,1217,7,36,112,155,1.3225806451612903,0.04478266080661836,628,"Water, on the rocks ... with salt"
1157,1217,7,36,112,155,1.3225806451612903,0.04478266080661836,628,And you know what? There actually aren't that many other fish in the sea.
1510,1217,8,34,113,155,1.3225806451612903,0.04570857566673902,628,"After six drinks, you humans nearly look spawnable."
1970,1217,6,38,111,155,1.3225806451612903,0.04383719343615942,628,"No, buddy. I haven't hit my limit!"
2273,1217,7,36,112,155,1.3225806451612903,0.04478266080661836,628,No more. I’m the designated diver.
2528,1217,1,48,106,155,1.3225806451612903,0.03876549529610563,628,Why would I want to DRY martini ?
1020,1217,8,34,113,155,1.3225806451612903,0.04570857566673902,628,I’m tanked.
2824,1217,9,32,114,155,1.3225806451612903,0.046616103119451975,628,"Can you imagine what it's like to hear about ""sleeping with the fishes"" and then find out that it's not what you thought it was?"
5814,1250,6,34,103,143,1.3216783216783217,0.046125782023724735,628,I’m a Bar-a-cuda. Why else would I be here?
6177,1250,8,30,105,143,1.3216783216783217,0.04821383494163514,628,"I'm telling you--since the movie won, women won't leave me alone!"
3367,1252,8,35,116,159,1.320754716981132,0.044897919331925065,628,"Don't cut me off, man, I have to stay hydrated."
7726,1252,6,39,114,159,1.320754716981132,0.043088283425265786,628,On the rocks? Are you trying to kill me?!
7683,1252,4,43,112,159,1.320754716981132,0.04119923757469328,628,Have I ever told you about the 6ft. 8inch fisherman that I knocked out of his boat?
6103,1252,5,41,113,159,1.320754716981132,0.042154343461095756,628,..and no salt on the rim. I've had enough for a lifetime.
5827,1252,10,31,118,159,1.320754716981132,0.046637390065655114,628,Just keep the drinks coming...I'll let you know when I need to come up for air.
5716,1252,10,31,118,159,1.320754716981132,0.046637390065655114,628,I'll take Sex on the Beach with the Catch of the Day.
4096,1252,6,39,114,159,1.320754716981132,0.043088283425265786,628,Got any of those crackers that look like my cousin Wanda?
3905,1252,11,29,119,159,1.320754716981132,0.047483235441954395,628,I didn't say I am an alcoholic. I said I'm an aquaholic.
3510,1252,7,37,115,159,1.320754716981132,0.04400240521194316,628,I'll keep the mob out.  They never want to drink with the fishes.
7988,1252,5,41,113,159,1.320754716981132,0.042154343461095756,628,Forget Moby Dick!  It was Ahab’s obsession destroyed the ship.
3291,1252,13,25,121,159,1.320754716981132,0.04913125929422215,628,"Bass Ale, please."
2915,1252,10,31,118,159,1.320754716981132,0.046637390065655114,628,All she ever does is carp carp carp at me.
2692,1252,3,45,111,159,1.320754716981132,0.04022145796507146,628,... and that's when I found her spawning with another guy!
2929,1252,13,25,121,159,1.320754716981132,0.04913125929422215,628,"A little less dry this time, ok?"
2554,1252,8,35,116,159,1.320754716981132,0.044897919331925065,628,"Ok. I'm out of my depth here, but..."
2495,1252,7,37,115,159,1.320754716981132,0.04400240521194316,628,I’ll have a scotch and water and hold the scotch.
2200,1252,10,31,118,159,1.320754716981132,0.046637390065655114,628,What makes you think I wanted a DRY martini?
1776,1252,10,31,118,159,1.320754716981132,0.046637390065655114,628,I am a fish out of water but I still have needs you know...
1165,1252,7,37,115,159,1.320754716981132,0.04400240521194316,628,"Scotch rocks, and save the ""drinks like a fish"" crap."
1133,1252,7,37,115,159,1.320754716981132,0.04400240521194316,628,What kind of water do you have?
7502,1272,9,32,115,156,1.3205128205128205,0.046362454761498015,628,I'm supposed to meet a rabbi and a priest here.
6472,1273,4,25,74,103,1.3203883495145632,0.05381609551514566,628,I get that a lot....
5589,1274,12,25,116,153,1.3202614379084967,0.049640602703948954,628,shot of water.....make that a double .
1230,1274,8,33,112,153,1.3202614379084967,0.04604554472247329,628,I'll just have one for the roe.
4608,1276,11,31,124,166,1.319277108433735,0.04604802216302452,628,At this point I should warn you that I also pay like a fish.
6775,1277,6,33,102,141,1.3191489361702127,0.04647574449494808,628,"Yeah, I've heard the expression. Why do you ask ?"
6471,1277,9,27,105,141,1.3191489361702127,0.04963815260604339,628,"No. If I drank like a fish, I wouldn't be using these glasses then, would I?"
7775,1277,6,33,102,141,1.3191489361702127,0.04647574449494808,628,So she has the nerve to say to me 'There are plenty of fish in the sea.'!'
2402,1280,9,34,120,163,1.3190184049079754,0.04497428003601004,628,Gilly! Gilly!
7728,1280,7,38,118,163,1.3190184049079754,0.043257428734028915,628,"Water's for swimming, pal -- now hit me again."
5292,1282,9,30,112,151,1.3178807947019868,0.047331306980677175,628,"No, I did not walk in with the priest and the rabbi."
5033,1282,5,38,108,151,1.3178807947019868,0.04344020876442576,628,And just why would I want one for the road?
4803,1282,11,26,114,151,1.3178807947019868,0.04916149979404823,628,"And just for your information, I do NOT drink like a fish."
5608,1282,12,24,115,151,1.3178807947019868,0.050051506298519684,628,"Just be thankful I don't ""smoke like a chimney"" too."
5859,1282,6,36,109,151,1.3178807947019868,0.04444493174983447,628,"I do play Koi, but only Off-Broadway"""
5935,1282,8,32,111,151,1.3178807947019868,0.04638914096799539,628,I suppose you expect me to drink like a fish?
6294,1282,4,40,107,151,1.3178807947019868,0.04241169080272962,628,"Another round of chumtinis, my good man."
6337,1282,10,28,113,151,1.3178807947019868,0.04825508098894511,628,I'll take the one with the worm in it.  The whole bottle.
6376,1282,12,24,115,151,1.3178807947019868,0.050051506298519684,628,"I drink like MYSELF,ok!?!"
6505,1282,8,32,111,151,1.3178807947019868,0.04638914096799539,628,"People think we're born with a two second memory, but I drink to forget."
5715,1282,10,28,113,151,1.3178807947019868,0.04825508098894511,628,"and while we're at it, how the hell do people know how we drink in the first place?"
6793,1282,8,32,111,151,1.3178807947019868,0.04638914096799539,628,Skip the Mezcal. Just give me the worm.
6982,1282,9,30,112,151,1.3178807947019868,0.047331306980677175,628,They were wrong when they said I couldn't get bigger than the bowl.
7188,1282,10,28,113,151,1.3178807947019868,0.04825508098894511,628,Do you take sand dollars?
7352,1282,9,30,112,151,1.3178807947019868,0.047331306980677175,628,"I'm telling you Stan its just ""fish"", that is the plural, and what's more, none of us are sleeping down there."
7444,1282,7,34,110,151,1.3178807947019868,0.045427438613661636,628,I knew it!  You're a Virgo - I'm a Double Pisces!
4767,1282,9,30,112,151,1.3178807947019868,0.047331306980677175,628,"No, I get it. You were hoping I'd be a horse."
7868,1282,9,30,112,151,1.3178807947019868,0.047331306980677175,628,"For a fish out of water, hydration is the key!"
7896,1282,10,28,113,151,1.3178807947019868,0.04825508098894511,628,"And then she packed her bags and left with our 10,000 kids."
8027,1282,8,32,111,151,1.3178807947019868,0.04638914096799539,628,"Oh yeah?  Well, I think YOU pour like a human!"
6714,1282,5,38,108,151,1.3178807947019868,0.04344020876442576,628,"Thank god, I thought this whole town was dry."
4699,1282,12,24,115,151,1.3178807947019868,0.050051506298519684,628,Another water--and keep 'em coming!
4521,1282,3,42,106,151,1.3178807947019868,0.04135760263839998,628,"Actually, I drink like an overworked, unhappily married human."
4301,1282,11,26,114,151,1.3178807947019868,0.04916149979404823,628,Just sparkling water for me.  I have to swim home.
880,1282,5,38,108,151,1.3178807947019868,0.04344020876442576,628,All I've got left is a fin
1274,1282,8,32,111,151,1.3178807947019868,0.04638914096799539,628,"No,not like a fish. AS a fish."
1329,1282,8,32,111,151,1.3178807947019868,0.04638914096799539,628,"So I looked right at her and said, ' don't be koi with me.'"
1338,1282,6,36,109,151,1.3178807947019868,0.04444493174983447,628,"Do you think I don’t know the difference between club soda, tonic water, seltzer, sparkling and tap water? I know my water, sir, and this is no Pellegrino!"
1525,1282,11,26,114,151,1.3178807947019868,0.04916149979404823,628,"Hey, you know?  I had to get out of Florida with all that toxic Red Tide.  It changes you. Besides my friends are being washed up."
1688,1282,11,26,114,151,1.3178807947019868,0.04916149979404823,628,Make mine a water and keep it coming!
2112,1282,9,30,112,151,1.3178807947019868,0.047331306980677175,628,Don’t even go there. I’ve heard it a million times before.
2140,1282,13,22,116,151,1.3178807947019868,0.05092596099732736,628,"I'm just waiting for the rabbi and the priest to walk in"""
2453,1282,6,36,109,151,1.3178807947019868,0.04444493174983447,628,Swim a thousand miles and then die on the rocks? No siree... I'd rather die of scotch on the rocks!
2888,1282,7,34,110,151,1.3178807947019868,0.045427438613661636,628,Fish-out-of-water jokes are not appreciated.
3191,1282,7,34,110,151,1.3178807947019868,0.045427438613661636,628,"Actually, make it a bubble."
3748,1282,7,34,110,151,1.3178807947019868,0.045427438613661636,628,"I know, I know ... like a fish..."
3892,1282,9,30,112,151,1.3178807947019868,0.047331306980677175,628,"If my wife calls, tell her I'm in the tank."
3903,1282,10,28,113,151,1.3178807947019868,0.04825508098894511,628,Can you call the cops? Someone stole my bicycle!
828,1282,7,34,110,151,1.3178807947019868,0.045427438613661636,628,Shot of Mescal - leave the worm.
667,1282,8,32,111,151,1.3178807947019868,0.04638914096799539,628,No really tell me. How'd you know I drank so much?
5906,1322,5,37,106,148,1.3175675675675675,0.04397633680056768,628,"Don't worry, you'll find someone.  There's plenty of humans on the land."
2748,1322,3,41,104,148,1.3175675675675675,0.041833728876141237,628,"No Bloody Marys, no sharks, capiche?"
559,1322,4,39,105,148,1.3175675675675675,0.042918405550995575,628,"I may drink like a fish, but you pour like a human."
7894,1325,5,30,91,126,1.3174603174603174,0.04866574513255838,628,"I promised her I'd drain the swamp, and she said, ""Let me guess... you're just another bottom dwelling scum sucker out to seduce me""."
7301,1326,8,36,120,164,1.3170731707317074,0.0438974509610867,628,Just get me something wet
4145,1327,8,29,105,142,1.3169014084507042,0.04831567019715917,628,"I don't know why, but I just feel like a fish out of water."
7399,1327,8,29,105,142,1.3169014084507042,0.04831567019715917,628,"...and THEN she said, “Well you know that there are other fish in the sea!”."
3092,1329,3,38,98,139,1.316546762589928,0.04336484729022811,628,"Oh, I do? Well, you..you..pour like a bartender."
5629,1329,10,24,105,139,1.316546762589928,0.05109169093298822,628,You wouldn't believe the kind of kelp I put up with.
3432,1331,7,36,115,158,1.3164556962025316,0.04406994176748913,628,GIVE ME ONE MORE FOR THE RIVER
5222,1332,5,32,96,133,1.3157894736842106,0.04697311061235506,628,And that Paul Manatee . . . a good family guy . . . a decent manatee . . . total railroad job.  #sad.
6243,1333,8,31,110,149,1.3154362416107384,0.04673955797712791,628,Leave the bottle.  I drink like a fish.
6024,1333,11,25,113,149,1.3154362416107384,0.04956481054739255,628,"No more on line dating for me, Barkeep! It's all about bait and switch!"
5991,1333,8,31,110,149,1.3154362416107384,0.04673955797712791,628,"One large bowl of water, and make it snappy. I’m dyin’ here."
5877,1333,6,35,108,149,1.3154362416107384,0.044757087000416945,628,"I drink like a fish.
Like I never heard that one before."
4909,1333,8,31,110,149,1.3154362416107384,0.04673955797712791,628,My wife left me...Says I drink like a fish.
5490,1333,6,35,108,149,1.3154362416107384,0.044757087000416945,628,Invasive species? Invasive species? I’ll have you know I was spawned just upstream from here!
5194,1333,10,27,112,149,1.3154362416107384,0.048641296477702066,628,I'll take that as a compliment
5053,1333,9,29,111,149,1.3154362416107384,0.04769990567563531,628,Oh yeah? Well you sweat like a  pig!
4667,1333,9,29,111,149,1.3154362416107384,0.04769990567563531,628,Make it a double. I drink like a fish .
5644,1333,8,31,110,149,1.3154362416107384,0.04673955797712791,628,"...and she laid all of these 100’s of eggs and I said “No Way! Those don’t even look like me.”, so next week we are doing the Povich show."
6335,1333,6,35,108,149,1.3154362416107384,0.044757087000416945,628,How upscale is this place?
7255,1333,7,33,109,149,1.3154362416107384,0.045759059849718245,628,"Both 75% water. We're not so different, you and I ;)"""
6563,1333,4,39,106,149,1.3154362416107384,0.04268263573900377,628,And then he has the nerve to throw me back!
6662,1333,9,29,111,149,1.3154362416107384,0.04769990567563531,628,Sex in the Shoal please...with a sprig of seaweed.
6693,1333,8,31,110,149,1.3154362416107384,0.04673955797712791,628,"Could you put tops on them, I'm heading to a bash upstream"
6789,1333,6,35,108,149,1.3154362416107384,0.044757087000416945,628,"One more, then I have to get back to the school."
7123,1333,11,25,113,149,1.3154362416107384,0.04956481054739255,628,"If you were me, you'd drink like a fish too."
7259,1333,9,29,111,149,1.3154362416107384,0.04769990567563531,628,You're welcome to your opinion but I'm sure that I drink like a lawyer.
7410,1333,12,23,114,149,1.3154362416107384,0.05047142920669198,628,"I drink like a fish?  How else am I supposed to drink, you specist bastard!"
7582,1333,8,31,110,149,1.3154362416107384,0.04673955797712791,628,Pay up by tomorrow or you’ll be swimming with me.
7629,1333,9,29,111,149,1.3154362416107384,0.04769990567563531,628,"One more Cutty Shark, neat."
7939,1333,7,33,109,149,1.3154362416107384,0.045759059849718245,628,"Since I joined the school I've been drinking like... well, you know."
4661,1333,5,37,107,149,1.3154362416107384,0.043732163394870904,628,"Mescal, please.  With the worm."
6448,1333,9,29,111,149,1.3154362416107384,0.04769990567563531,628,"Don't let evolution come between us,Adam!"
4433,1333,11,25,113,149,1.3154362416107384,0.04956481054739255,628,"The name's Gilbert, not Gill."
5207,1333,11,25,113,149,1.3154362416107384,0.04956481054739255,628,"Water on the side, please"
4264,1333,6,35,108,149,1.3154362416107384,0.044757087000416945,628,"I'll take a fin and tonic, please."
219,1333,11,25,113,149,1.3154362416107384,0.04956481054739255,628,A fish goes into a bar.  Have you heard that one?
319,1333,10,27,112,149,1.3154362416107384,0.048641296477702066,628,I feel like a fish out of water.
849,1333,10,27,112,149,1.3154362416107384,0.048641296477702066,628,How about you don’t tell me ‘I drink like a fish” and I’ll lay off the Irish jokes!”
914,1333,8,31,110,149,1.3154362416107384,0.04673955797712791,628,"Hey, I'm all about carpe diem."
1026,1333,10,27,112,149,1.3154362416107384,0.048641296477702066,628,Hey man; is the snapper sittin’ in the booth with anyone?
1195,1333,8,31,110,149,1.3154362416107384,0.04673955797712791,628,And if anyone asks for Mike Trout tell them you haven’t seen me.
1644,1333,8,31,110,149,1.3154362416107384,0.04673955797712791,628,Something briny.
1771,1333,10,27,112,149,1.3154362416107384,0.048641296477702066,628,"Anyway I caught this child about three feet long, using just a candy cane bait,"
1801,1333,11,25,113,149,1.3154362416107384,0.04956481054739255,628,Water... No ice.
1894,1333,9,29,111,149,1.3154362416107384,0.04769990567563531,628,Don’t you be Koi with me!
2820,1333,9,29,111,149,1.3154362416107384,0.04769990567563531,628,"We are divorcing due to irreconcilable differences, he is just too shallow and shellfish."
2126,1333,8,31,110,149,1.3154362416107384,0.04673955797712791,628,My wife thinks I'm at the Sunken Ship...
2933,1333,8,31,110,149,1.3154362416107384,0.04673955797712791,628,Nobody cared about us when they decided to drain the swamp!
3025,1333,7,33,109,149,1.3154362416107384,0.045759059849718245,628,How many more tequilas 'til I get to the worm?
3093,1333,7,33,109,149,1.3154362416107384,0.045759059849718245,628,Is this the sand bar?
3545,1333,7,33,109,149,1.3154362416107384,0.045759059849718245,628,"Trust me, I know just how you feel Mac, school isn't for everyone."
3572,1333,3,41,105,149,1.3154362416107384,0.041606642162775855,628,Don't tell PETA I'm here.
3852,1333,9,29,111,149,1.3154362416107384,0.04769990567563531,628,"Say, did you hear the one about the Boston dame who wanted to get scrod."
3906,1333,6,35,108,149,1.3154362416107384,0.044757087000416945,628,"So what was that all about - no shirt, no shoes , no service?"
3957,1333,6,35,108,149,1.3154362416107384,0.044757087000416945,628,"I used to be hooked, but I can control myself now."
4057,1333,9,29,111,149,1.3154362416107384,0.04769990567563531,628,Don't tell me you are out of water!
4218,1333,6,35,108,149,1.3154362416107384,0.044757087000416945,628,"The ironic thing is, fish don’t drink."
2835,1333,7,33,109,149,1.3154362416107384,0.045759059849718245,628,"Out of water I can handle. Out of scotch, no."
4314,1333,8,31,110,149,1.3154362416107384,0.04673955797712791,628,"I’ll take 12,000 more water cocktails. Hold the cocktail."
3006,1384,6,29,95,130,1.3153846153846154,0.04888087497718232,628,"So a carp, a mollusk and an octopus walked into a bar
..."
5361,1385,3,40,103,146,1.3150684931506849,0.04209154458340246,628,"Drink, drink, drink...And I'm underwater on my home."
7066,1385,3,40,103,146,1.3150684931506849,0.04209154458340246,628,I won't let you off the hook if you call me chum again.
4799,1385,5,36,105,146,1.3150684931506849,0.044279168329991,628,Of course I do! That's what I am!
4088,1385,2,42,102,146,1.3150684931506849,0.04095393527033753,628,"And none of your ""like a fish"" jokes."
1189,1389,3,44,112,159,1.3144654088050314,0.040040546263828886,628,And when I proposed she carped at the idea.
2520,1389,2,46,111,159,1.3144654088050314,0.0390337526918155,628,"Joe, are you watering down my drink?"
6818,1391,9,26,105,140,1.3142857142857143,0.049753466503940344,628,"So, I’ve heard you have bar flies..."
1697,1391,6,32,102,140,1.3142857142857143,0.04655193508762327,628,I'd set you up with a friend but there's a catch.
5627,1393,11,24,112,147,1.3129251700680271,0.049976903703384916,628,... and try not to drown it this time.
5745,1393,10,26,111,147,1.3129251700680271,0.04903573129526933,628,Now you know exactly what they mean.
5126,1393,9,28,110,147,1.3129251700680271,0.04807613736092265,628,"Hey, can you recommend a white that goes with fish?"
5944,1393,6,34,107,147,1.3129251700680271,0.04507494984134362,628,"Of course I drink like a fish. What's your point, buddy?"
6860,1393,4,38,105,147,1.3129251700680271,0.04295783028702145,628,"A Bass Ale, please, barman !"
6146,1393,8,30,109,147,1.3129251700680271,0.047096995906647274,628,You are what you eat.
6422,1393,4,38,105,147,1.3129251700680271,0.04295783028702145,628,"... and then she said, ‘Don’t worry.  There are lots of other fish in the sea.’  Like, how does that help me?  I live in friggin’ Cleveland!!"
6639,1393,8,30,109,147,1.3129251700680271,0.047096995906647274,628,So I swam and I swam right over that dam.
6705,1393,11,24,112,147,1.3129251700680271,0.049976903703384916,628,"That's very funny, ""a fish out of water"", like I haven't heard that before""..."
6720,1393,5,36,106,147,1.3129251700680271,0.044029116991873576,628,I'm not like a fish out of water.  I am a fish out of water.
6787,1393,10,26,111,147,1.3129251700680271,0.04903573129526933,628,Who are you to tell me that I should scale back
4784,1393,3,40,104,147,1.3129251700680271,0.041859135476655325,628,"If anyone tells you there are plenty of fish in the sea, they’re lying."
5598,1393,6,34,107,147,1.3129251700680271,0.04507494984134362,628,I'm ok to dive home.
5945,1393,9,28,110,147,1.3129251700680271,0.04807613736092265,628,"No, Bill, do you know what there are ""plenty"" of? Straws!"
242,1393,7,32,108,147,1.3129251700680271,0.04609706133057938,628,You think you got it tough Buddy?  I can't even drown my sorrows!
6897,1393,8,30,109,147,1.3129251700680271,0.047096995906647274,628,"What's that's supposed mean, anyway? Drink like a fish? What exactly does a fish drink like? Do all fish drink alike? Huh buddy?"
7877,1393,5,36,106,147,1.3129251700680271,0.044029116991873576,628,Water’s probably a good idea.
7719,1393,12,22,113,147,1.3129251700680271,0.050900676458107724,628,"Yup, I'm the one that got away."
7712,1393,9,28,110,147,1.3129251700680271,0.04807613736092265,628,My doctor advised more fluids...
7694,1393,6,34,107,147,1.3129251700680271,0.04507494984134362,628,"Big fish, small pond...you know the story."
7682,1393,10,26,111,147,1.3129251700680271,0.04903573129526933,628,Did you just ask me if I am 18 or over?
7658,1393,7,32,108,147,1.3129251700680271,0.04609706133057938,628,She told me there are other fish in the sea...
7385,1393,9,28,110,147,1.3129251700680271,0.04807613736092265,628,"Well, at least I don't smoke like a chimney!"
7311,1393,9,28,110,147,1.3129251700680271,0.04807613736092265,628,Your staring is weirding me out!
7256,1393,7,32,108,147,1.3129251700680271,0.04609706133057938,628,"I was flushed as a child. So yeah, I drink."
7215,1393,9,28,110,147,1.3129251700680271,0.04807613736092265,628,"Give me a few more, buddy.  I have a reputation to protect"
7136,1393,9,28,110,147,1.3129251700680271,0.04807613736092265,628,"Mind if I run a tab, I’m expecting a priest and a rabbi any minute."
7083,1393,7,32,108,147,1.3129251700680271,0.04609706133057938,628,"And now I wonder, what was so bad about the small pond?"
7001,1393,9,28,110,147,1.3129251700680271,0.04807613736092265,628,Just found out my wife is sleeping with the fishes.
6978,1393,9,28,110,147,1.3129251700680271,0.04807613736092265,628,"I want a dry dirty water. An ounce of PCB, garnish of plastic, shaken not stirred."
6949,1393,5,36,106,147,1.3129251700680271,0.044029116991873576,628,"Bartender: We don't get many carp in here.
Carp: At these prices, I can see why."
6894,1393,9,28,110,147,1.3129251700680271,0.04807613736092265,628,"You’re lucky, we only serve fish on Fridays."
4686,1393,7,32,108,147,1.3129251700680271,0.04609706133057938,628,I down 1000  of gallons a day and you’re cutting me off after 8 ounces of bourbon?
6830,1393,8,30,109,147,1.3129251700680271,0.047096995906647274,628,Open tab please; I drink like a fish.
4477,1393,7,32,108,147,1.3129251700680271,0.04609706133057938,628,A fish never walks into a bar
2249,1393,9,28,110,147,1.3129251700680271,0.04807613736092265,628,"On the positive side, after the plastic surgery, I don't need clothes no more"
2036,1393,9,28,110,147,1.3129251700680271,0.04807613736092265,628,"Well, how else am I supposed to drink?"""
1971,1393,7,32,108,147,1.3129251700680271,0.04609706133057938,628,Fifteen bucks?  All I got is two fins.
1909,1393,5,36,106,147,1.3129251700680271,0.044029116991873576,628,So what if I want some goldfish crackers?
1666,1393,9,28,110,147,1.3129251700680271,0.04807613736092265,628,What do you mean she drinks like a fish?
1231,1393,3,40,104,147,1.3129251700680271,0.041859135476655325,628,...and sprinkle some flakes on the top of that.
2462,1393,8,30,109,147,1.3129251700680271,0.047096995906647274,628,"No, I don’t need a straw!"
1206,1393,6,34,107,147,1.3129251700680271,0.04507494984134362,628,Yeah? Well you sit wrapped in newspaper for three days and see how good you smell buddy!
665,1393,6,34,107,147,1.3129251700680271,0.04507494984134362,628,....and don't even get me started about the plastic.
518,1393,6,34,107,147,1.3129251700680271,0.04507494984134362,628,"My 23,000 kids never write."
308,1393,6,34,107,147,1.3129251700680271,0.04507494984134362,628,"I said dry gin, dammit. I don't care if it kills me."
258,1393,5,36,106,147,1.3129251700680271,0.044029116991873576,628,"You’re right, it’s her loss: I’M the one that got away!"
252,1393,11,24,112,147,1.3129251700680271,0.049976903703384916,628,"Just a glass of water without my own crap in it, please."
4547,1393,9,28,110,147,1.3129251700680271,0.04807613736092265,628,I’ve found Plenty of Fish to be the best dating site for me.
1078,1393,9,28,110,147,1.3129251700680271,0.04807613736092265,628,Someone told me this is a watering hole?
2504,1393,10,26,111,147,1.3129251700680271,0.04903573129526933,628,"Brilliant - who else would I ""drink like""?"
4696,1393,6,34,107,147,1.3129251700680271,0.04507494984134362,628,"This is OK, but I do prefer the sand bar."
3009,1393,7,32,108,147,1.3129251700680271,0.04609706133057938,628,"Ok. So John the Baptist, Jacques Cousteau and Scott Pruitt walk into a bar..."
4227,1393,8,30,109,147,1.3129251700680271,0.047096995906647274,628,"Where is this ""sea"" that you speak of?"
3925,1393,9,28,110,147,1.3129251700680271,0.04807613736092265,628,I heard this is a good place to hook up.
3850,1393,7,32,108,147,1.3129251700680271,0.04609706133057938,628,"Gin martini, brackish."
3787,1393,7,32,108,147,1.3129251700680271,0.04609706133057938,628,A martini with an anchovy.
3636,1393,7,32,108,147,1.3129251700680271,0.04609706133057938,628,"And, no cracks about drowning my sorrows."
3530,1393,8,30,109,147,1.3129251700680271,0.047096995906647274,628,"No I wouldn't rather have a Bass Ale, thank you."
4280,1393,12,22,113,147,1.3129251700680271,0.050900676458107724,628,You think fish vagina smells like people?
3490,1393,10,26,111,147,1.3129251700680271,0.04903573129526933,628,Anything but water.
3417,1393,10,26,111,147,1.3129251700680271,0.04903573129526933,628,"So...then I says to this Geni... ""you can't do that..just go ahead and try"""
3392,1393,7,32,108,147,1.3129251700680271,0.04609706133057938,628,"I may be a fish out of water but I'll be damned if I'm out of alcohol too. Keep 'em coming."""
3329,1393,10,26,111,147,1.3129251700680271,0.04903573129526933,628,"Everyone just assumed I drink like a fish.  So I decided, what the heck, I'll start drinking like a fish."
3246,1393,7,32,108,147,1.3129251700680271,0.04609706133057938,628,"I dare you. I double dare you, Jonah. Tell me I drink like a fish one more time, and let's see what happens..."
3106,1393,11,24,112,147,1.3129251700680271,0.049976903703384916,628,"Just a glass of salt water, please - I'm swimming."
3061,1393,8,30,109,147,1.3129251700680271,0.047096995906647274,628,I drink like a fish. That's the best you got?
3481,1393,6,34,107,147,1.3129251700680271,0.04507494984134362,628,"And then at every meeting, they serve those damn Pepperidge Farm crackers."
2537,1393,10,26,111,147,1.3129251700680271,0.04903573129526933,628,I think you've had enough. You're looking a little green around the gills.
3302,1462,3,39,102,144,1.3125,0.042353029850639226,628,Have you read “Being Russian” by D.J. Trump”?
4415,1462,5,30,93,128,1.3125,0.048029579960489996,628,Show me the collusion.
4085,1464,6,32,103,141,1.3120567375886525,0.04627431508275273,628,"And then I said, I'm just trying to be koi."
1320,1465,8,23,94,125,1.312,0.05256762158125168,628,Quit giving me that walleyed look...
6370,1466,6,30,99,135,1.3111111111111111,0.04756847982341376,628,I stumble around the room when I DON’T drink.
6638,1466,5,32,98,135,1.3111111111111111,0.04639183067305038,628,"Then I sez, ""No! I don't drink LIKE a fish!!!"
8015,1466,10,22,103,135,1.3111111111111111,0.052009552495332005,628,"The thing is, I just don't feel quite in my element anywhere anymore."
262,1466,6,30,99,135,1.3111111111111111,0.04756847982341376,628,I’m always attracted to the wrong guys. They lure me in with shiney bling then just keep tossing me back.
5440,1470,9,27,109,145,1.3103448275862069,0.04846023904329379,628,"She fell for me the moment she saw me - hook, line and sinker"
5567,1470,6,33,106,145,1.3103448275862069,0.04539866128306092,628,Since she left I feel like a fish out of water
5568,1470,6,33,106,145,1.3103448275862069,0.04539866128306092,628,"Just a splash, please."
5858,1470,8,29,108,145,1.3103448275862069,0.04746166165991397,628,I’ll have another. I feel dehydrated.
6220,1470,8,29,108,145,1.3103448275862069,0.04746166165991397,628,"Why don't you put up the GONE FISHIN' sign, and we'll takle it from there?"
6208,1470,7,31,107,145,1.3103448275862069,0.04644161804790097,628,"She hooks every boyfriend by fixing him a Grasshopper to drink, but I didn't take the bait. Most guys fall for it hook, line, and sinker."
6239,1470,12,21,112,145,1.3103448275862069,0.05133956651523516,628,"And for my third wish I said I wanted to be able drink like a fish without falling on my butt. So presto, no butt."
6309,1470,8,29,108,145,1.3103448275862069,0.04746166165991397,628,"Actually, I drink in moderation."
6317,1470,6,33,106,145,1.3103448275862069,0.04539866128306092,628,"I find your use of the phrase ""drinks like a fish"" to be both specist and demeaning."
6338,1470,7,31,107,145,1.3103448275862069,0.04644161804790097,628,I thought I would take a gap year and see the world before I spawn.
6010,1470,8,29,108,145,1.3103448275862069,0.04746166165991397,628,Haven't you heard of pickled Herring?
5395,1470,9,27,109,145,1.3103448275862069,0.04846023904329379,628,I'm not like the other fishes
5342,1470,8,29,108,145,1.3103448275862069,0.04746166165991397,628,"Whaddya' mean, ""you don't serve fish here""?"
5236,1470,7,31,107,145,1.3103448275862069,0.04644161804790097,628,Have I got a story for you...
5120,1470,10,25,110,145,1.3103448275862069,0.0494386509600151,628,I tell you that man I caught was this short if he wasn't even shorter!
5063,1470,6,33,106,145,1.3103448275862069,0.04539866128306092,628,"No alcohol, I don't want to get pickled."
4882,1470,4,37,104,145,1.3103448275862069,0.04323733993977938,628,"Tap water is fine, but can you put it in a really big glass?"
4859,1470,10,25,110,145,1.3103448275862069,0.0494386509600151,628,I'M looking for Mr. Chips.
4842,1470,6,33,106,145,1.3103448275862069,0.04539866128306092,628,. . . and why isn't it a moose-out-of-water story?
4813,1470,8,29,108,145,1.3103448275862069,0.04746166165991397,628,You can't take my keys! I biked here.
4319,1470,10,25,110,145,1.3103448275862069,0.0494386509600151,628,"You're kidding? 
Out of water?"
4710,1470,9,27,109,145,1.3103448275862069,0.04846023904329379,628,The rabbi and priest are right behind me.
4446,1470,10,25,110,145,1.3103448275862069,0.0494386509600151,628,It’s a bit too dry for my taste
4339,1470,8,29,108,145,1.3103448275862069,0.04746166165991397,628,"Back in my day, all we had to worry about was BP oil spills"
6375,1470,11,23,111,145,1.3103448275862069,0.05039807188136495,628,Who wouldn't drink like a fish these days?
4747,1470,8,29,108,145,1.3103448275862069,0.04746166165991397,628,What're you looking at? Where do you think the term DRINK LIKE A FISH came from??
2339,1470,10,25,110,145,1.3103448275862069,0.0494386509600151,628,You guessed it -- I'm the one that got away.
6428,1470,5,35,105,145,1.3103448275862069,0.044331174196958374,628,You look like you've never seen a fish out of water.
8014,1470,11,23,111,145,1.3103448275862069,0.05039807188136495,628,"I’ll have a Tuna Surprise, and no wise cracks."
7997,1470,8,29,108,145,1.3103448275862069,0.04746166165991397,628,My bicycle left me and life’s just not the same.
7863,1470,9,27,109,145,1.3103448275862069,0.04846023904329379,628,"I'm a Pisces.  What are you, a Leo?"
7837,1470,7,31,107,145,1.3103448275862069,0.04644161804790097,628,We’ve adapted.
7808,1470,5,35,105,145,1.3103448275862069,0.044331174196958374,628,"Apparently, I drink like a human."
7749,1470,7,31,107,145,1.3103448275862069,0.04644161804790097,628,I'll have what the fish in the back aquarium are having.
7616,1470,7,31,107,145,1.3103448275862069,0.04644161804790097,628,Thanks for drink.  Will a fin take care of it?
7540,1470,9,27,109,145,1.3103448275862069,0.04846023904329379,628,I’m not getting green around the gills- that’s just algae.
7523,1470,9,27,109,145,1.3103448275862069,0.04846023904329379,628,Give me a river on the rocks.
7449,1470,4,37,104,145,1.3103448275862069,0.04323733993977938,628,The swim-up bar was too crowded.
7389,1470,8,29,108,145,1.3103448275862069,0.04746166165991397,628,I first got hooked when I was a minnow.
7278,1470,7,31,107,145,1.3103448275862069,0.04644161804790097,628,At least I won’t drown in my sorrows
7257,1470,5,35,105,145,1.3103448275862069,0.044331174196958374,628,I'm meeting a guy here; he said that he can hook me up.
7187,1470,10,25,110,145,1.3103448275862069,0.0494386509600151,628,"Hey, I'll drink the way nature intended, ok?"
7107,1470,6,33,106,145,1.3103448275862069,0.04539866128306092,628,A little dry for my taste.
7040,1470,6,33,106,145,1.3103448275862069,0.04539866128306092,628,OK - I'll try an Evian.
6987,1470,6,33,106,145,1.3103448275862069,0.04539866128306092,628,I'm meeting Michael Avenatti to discuss my deposition.
6977,1470,9,27,109,145,1.3103448275862069,0.04846023904329379,628,"You’re out of water? No, I’m out of water."
6971,1470,5,35,105,145,1.3103448275862069,0.044331174196958374,628,May I have a glass of water please? - a very large glass of water.
6944,1470,7,31,107,145,1.3103448275862069,0.04644161804790097,628,She said she needed me like she needed a bicycle.
6914,1470,6,33,106,145,1.3103448275862069,0.04539866128306092,628,"No, I swear- this is not a Fish Story."
6817,1470,5,35,105,145,1.3103448275862069,0.044331174196958374,628,I'm just trolling for a hook-up.
6622,1470,5,35,105,145,1.3103448275862069,0.044331174196958374,628,Just one more-I had a bad day in school.
6568,1470,9,27,109,145,1.3103448275862069,0.04846023904329379,628,"Actually, it’s an idiom. The word “like” doesn’t automatically make it a simile."
6528,1470,6,33,106,145,1.3103448275862069,0.04539866128306092,628,You got anything back there that'll wash down this fishy taste?
6473,1470,7,31,107,145,1.3103448275862069,0.04644161804790097,628,"Of course I’m cold-blooded,” I tell her"
6466,1470,10,25,110,145,1.3103448275862069,0.0494386509600151,628,"CWater, straight up, room temperature, in a five gallon tank, 
as soon as possible"
6411,1470,6,33,106,145,1.3103448275862069,0.04539866128306092,628,Keep  the Perrier coming. I feel like a real fish out of water tonight!
4272,1470,10,25,110,145,1.3103448275862069,0.0494386509600151,628,"Well, you pour like a human."
2076,1470,9,27,109,145,1.3103448275862069,0.04846023904329379,628,"Hey pal, I said my wife was a “nice bass.”"
3917,1470,7,31,107,145,1.3103448275862069,0.04644161804790097,628,Just something wet.
2123,1470,7,31,107,145,1.3103448275862069,0.04644161804790097,628,"I know what you're thinking, another fish-out-of-water story, right?"
2031,1470,9,27,109,145,1.3103448275862069,0.04846023904329379,628,Right now what I need is a lot of water.
2021,1470,11,23,111,145,1.3103448275862069,0.05039807188136495,628,"Well, maybe if the service around here wasn't so slow, I wouldn't be out of water."
1942,1470,7,31,107,145,1.3103448275862069,0.04644161804790097,628,...and then he says the scales of justice are tilted for the rich.  What does he know about scales?
1864,1470,8,29,108,145,1.3103448275862069,0.04746166165991397,628,"Yes, another one.  I am a fish out of water."
1796,1470,9,27,109,145,1.3103448275862069,0.04846023904329379,628,What type of wine is best with salmon?
1743,1470,5,35,105,145,1.3103448275862069,0.044331174196958374,628,I'm going through a deep blue period.
1587,1470,7,31,107,145,1.3103448275862069,0.04644161804790097,628,Of course I drink like a fish. Duh!
1402,1470,6,33,106,145,1.3103448275862069,0.04539866128306092,628,I don't care if I do look blue around the gills. Keep those drinks coming !
1277,1470,8,29,108,145,1.3103448275862069,0.04746166165991397,628,She wants me to swim upstream with her for a week. Can you believe that?
1256,1470,8,29,108,145,1.3103448275862069,0.04746166165991397,628,They said this was the nearest watering hole.
1218,1470,9,27,109,145,1.3103448275862069,0.04846023904329379,628,I’m a Pisces
1186,1470,11,23,111,145,1.3103448275862069,0.05039807188136495,628,You seen Vinny lately?  I'm supposed to be sleeping with him.
1040,1470,7,31,107,145,1.3103448275862069,0.04644161804790097,628,"You drink like a fish. Oh how original. Right up there with a rabbi, a priest and a nun........"
1011,1470,8,29,108,145,1.3103448275862069,0.04746166165991397,628,"Well, I had to get out of there. I was in hot water."
831,1470,7,31,107,145,1.3103448275862069,0.04644161804790097,628,"A martini, but not too dry."
738,1470,7,31,107,145,1.3103448275862069,0.04644161804790097,628,"I asked for a wet martini, not dry."
589,1470,7,31,107,145,1.3103448275862069,0.04644161804790097,628,He was this big.
571,1470,7,31,107,145,1.3103448275862069,0.04644161804790097,628,"Say Mac, send a drink over to the little Angel at table 3 and set me up again."
448,1470,7,31,107,145,1.3103448275862069,0.04644161804790097,628,I'm supposed to meet a priest and a rabbi here.
423,1470,6,33,106,145,1.3103448275862069,0.04539866128306092,628,"Forget the peanuts.
I want that worm even if I have to drink the whole bottle of tequila"
410,1470,7,31,107,145,1.3103448275862069,0.04644161804790097,628,"I got you there, I didn’t WALK into this bar."
89,1470,7,31,107,145,1.3103448275862069,0.04644161804790097,628,I'm_not_driving. Bike's out front.
75,1470,7,31,107,145,1.3103448275862069,0.04644161804790097,628,"Your job is to pour the drinks, not to comment on what I drink like."
4174,1470,7,31,107,145,1.3103448275862069,0.04644161804790097,628,"Oh yea, well you probably eat like a pig.  So, shut up!"
2159,1470,8,29,108,145,1.3103448275862069,0.04746166165991397,628,"It'll be the Great American Novel, Mac.  I call it, ""The Scales of Justice.""  Now pour me another -- you're looking at a fish out of gin."
2225,1470,4,37,104,145,1.3103448275862069,0.04323733993977938,628,Just throw a glass of water on my face.
605,1470,8,29,108,145,1.3103448275862069,0.04746166165991397,628,I don’t drink LIKE a fish. I AM a fish.
2389,1470,11,23,111,145,1.3103448275862069,0.05039807188136495,628,"It's ok, Im not driving tonight"
2374,1470,8,29,108,145,1.3103448275862069,0.04746166165991397,628,"I used to be a simile, look at me now."
3782,1470,7,31,107,145,1.3103448275862069,0.04644161804790097,628,"So, a rabbi, a priest and Herman Melville walk into a bar....."
3757,1470,4,37,104,145,1.3103448275862069,0.04323733993977938,628,Me? A drinking problem?!
3666,1470,8,29,108,145,1.3103448275862069,0.04746166165991397,628,...and YOU tend bar like a human.
3654,1470,4,37,104,145,1.3103448275862069,0.04323733993977938,628,Goldie!  What's yours?
3632,1470,8,29,108,145,1.3103448275862069,0.04746166165991397,628,I'm having such an out of water type day.
3558,1470,8,29,108,145,1.3103448275862069,0.04746166165991397,628,She sued me.  Me sushi!
3504,1470,7,31,107,145,1.3103448275862069,0.04644161804790097,628,That's a red herring.
3308,1470,6,33,106,145,1.3103448275862069,0.04539866128306092,628,Of course I need a drink.  I'm a fish out of water.
3305,1470,8,29,108,145,1.3103448275862069,0.04746166165991397,628,"Salt water, neat.........keep 'em coming!"
3228,1470,7,31,107,145,1.3103448275862069,0.04644161804790097,628,"I don’t care what the recipe says, put some salt in it."
3202,1470,8,29,108,145,1.3103448275862069,0.04746166165991397,628,Have you got something with a little water in it?
3180,1470,7,31,107,145,1.3103448275862069,0.04644161804790097,628,"Hey, the Sturgeon General says there’s nothing wrong with a couple of drinks a day."
3224,1470,9,27,109,145,1.3103448275862069,0.04846023904329379,628,It's tough for a guy like me to drown his sorrows.
3165,1470,7,31,107,145,1.3103448275862069,0.04644161804790097,628,"Yes, the rumors are true, I DO drink like a fish."
2553,1470,10,25,110,145,1.3103448275862069,0.0494386509600151,628,"A wet martini, please"
2604,1470,8,29,108,145,1.3103448275862069,0.04746166165991397,628,"They`re in bed, see, and the lobster says to the clam, “did you remember the butter”?"
3825,1470,8,29,108,145,1.3103448275862069,0.04746166165991397,628,I'm not carping because I'm drunk – it's just who I am.
2721,1470,8,29,108,145,1.3103448275862069,0.04746166165991397,628,I'm trying to not get hooked on this stuff!
3168,1470,8,29,108,145,1.3103448275862069,0.04746166165991397,628,"I trying to kick it, but I would kill for a glass of water about now."
2848,1470,6,33,106,145,1.3103448275862069,0.04539866128306092,628,"I don't care what 23 and Me says, we aren't related!"
2768,1470,8,29,108,145,1.3103448275862069,0.04746166165991397,628,Who does your hair?
2908,1470,8,29,108,145,1.3103448275862069,0.04746166165991397,628,"Waddya mean, you ain't got a shrimp cocktail? Isn't this a bar?"
3072,1470,8,29,108,145,1.3103448275862069,0.04746166165991397,628,Did you catch the Marlins game?
3138,1470,6,33,106,145,1.3103448275862069,0.04539866128306092,628,She says’ Quit your carping’”and I’m like  “ that’s the best version of me”
3145,1470,9,27,109,145,1.3103448275862069,0.04846023904329379,628,"Drink like a fish...no, I've never heard that one before!"
2865,1470,8,29,108,145,1.3103448275862069,0.04746166165991397,628,I can’t even drown my sorrows!
1190,1585,6,28,95,129,1.310077519379845,0.04897007274609798,628,"Screw you! You wouldn't be saying I drink a lot if I weren't Irish."""
3576,1586,7,30,105,142,1.3098591549295775,0.04707305385797126,628,Hear anything more about this spawn and die thing?
537,1586,4,36,102,142,1.3098591549295775,0.043774445021203,628,Don't be Koi with me.
1843,1586,9,26,107,142,1.3098591549295775,0.04914928932598675,628,I’m having a bit of trouble breathing. May I have a glass of water?
2113,1586,9,26,107,142,1.3098591549295775,0.04914928932598675,628,She left me for a carp. Can you believe it? A CARP!
5241,1586,8,28,106,142,1.3098591549295775,0.0481223702697873,628,"...sigh,  I used to be a GREAT catch!"
3563,1591,6,27,93,126,1.3095238095238095,0.04971574528052642,628,"I'm fine to swim home."""
4279,1592,3,37,99,139,1.3093525179856116,0.043139393647303945,628,My shrink says it's because I can't commit.
7996,1593,3,32,88,123,1.3089430894308942,0.046366125347533295,628,Can you call me an Uber Pool?
7858,1594,9,28,112,149,1.308724832214765,0.04752091853155566,628,I look like a hooker?”
6929,1595,7,27,99,133,1.3082706766917294,0.04912129579514996,628,Do you think I look fat in this dress?
7924,1595,4,33,96,133,1.3082706766917294,0.04550975940319154,628,spare the sarcasm and keep the tab going
6458,1595,8,25,100,133,1.3082706766917294,0.05026751303921214,628,I don't like the atmosphere.
6314,1598,8,28,107,143,1.3076923076923077,0.04783376903750963,628,"No, I don't want it dry."
5961,1598,7,30,106,143,1.3076923076923077,0.04679290976306432,628,OK. Can I have one for the ocean?
5797,1598,6,28,96,130,1.3076923076923077,0.04865042554105198,628,Stop me if you've heard this one. A horse walks into a bar...
5620,1598,7,30,106,143,1.3076923076923077,0.04679290976306432,628,"On the rocks, like my eggs."
5615,1598,8,28,107,143,1.3076923076923077,0.04783376903750963,628,I'm a saltwater fish in a freshwater world.
5071,1598,9,26,108,143,1.3076923076923077,0.04885245660735344,628,"Yeah, well you probably drink like a human."
5035,1598,7,30,106,143,1.3076923076923077,0.04679290976306432,628,"A vodka martini, dry. But, you know, not too dry."
5011,1598,6,32,105,143,1.3076923076923077,0.04572836480626379,628,"No, tell me, what DOES a fish drink like?"
4879,1598,4,36,103,143,1.3076923076923077,0.043521227411180335,628,I've been swimmin' upstream all my life.
4758,1598,10,24,109,143,1.3076923076923077,0.049850331722195045,628,"No, this isn’t just another fish story."
4600,1598,6,32,105,143,1.3076923076923077,0.04572836480626379,628,You're fired he says. You've become too big for this pond.
5560,1598,9,26,108,143,1.3076923076923077,0.04885245660735344,628,What do you mean you served me three seconds ago?
6488,1598,9,26,108,143,1.3076923076923077,0.04885245660735344,628,Never underestimate the power of a simile.
6626,1598,7,30,106,143,1.3076923076923077,0.04679290976306432,628,Drink like a fish? 6 shots is nothing!
6730,1598,7,30,106,143,1.3076923076923077,0.04679290976306432,628,Not meeting anyone. Just here for the halibut.
6782,1598,9,26,108,143,1.3076923076923077,0.04885245660735344,628,"Has anyone ever said you look just like the dude in ""Gandhi"""
7085,1598,8,28,107,143,1.3076923076923077,0.04783376903750963,628,"I thought she was playing coy, but turned out she was just koi."
7453,1598,6,32,105,143,1.3076923076923077,0.04572836480626379,628,Anything but water--I'm so sick of it.
7531,1598,10,24,109,143,1.3076923076923077,0.049850331722195045,628,Turns out she was a catfish.
7701,1598,8,28,107,143,1.3076923076923077,0.04783376903750963,628,CAN YOU MAKE AN EXTRA WET MARTINI
7740,1598,7,30,106,143,1.3076923076923077,0.04679290976306432,628,"No salt this time, Johnny. Makes me too homesick."
7765,1598,7,30,106,143,1.3076923076923077,0.04679290976306432,628,"Make that with extra salt, please."
7905,1598,11,22,110,143,1.3076923076923077,0.050828620176554276,628,"Every time a bell rings, an angelfish gets its wings."
7949,1598,4,36,103,143,1.3076923076923077,0.043521227411180335,628,"A tequilla, straight up, double worms."
8039,1598,7,30,106,143,1.3076923076923077,0.04679290976306432,628,"If  you want to swim with the fishes, you have to drink like a fish."
4568,1598,7,30,106,143,1.3076923076923077,0.04679290976306432,628,"And before you ask, no, I don't want it watered down"
7756,1598,0,44,99,143,1.3076923076923077,0.03873144730600103,628,"Ask “on the rocks?” one more time, buddy—one more time!"
6604,1598,8,28,107,143,1.3076923076923077,0.04783376903750963,628,You're looking at me like no one's ordered a Shirley Temple before.
4423,1598,7,30,106,143,1.3076923076923077,0.04679290976306432,628,"I swear to God, if you say the words ""belly up""..."
2711,1598,7,30,106,143,1.3076923076923077,0.04679290976306432,628,"Yes, thanks, I HAVE heard I drink like a fish."
3944,1598,8,28,107,143,1.3076923076923077,0.04783376903750963,628,You have no idea what it's like to be a fish out of water.
4382,1598,8,28,107,143,1.3076923076923077,0.04783376903750963,628,Forget the tequila just give me the worm.
21,1598,9,26,108,143,1.3076923076923077,0.04885245660735344,628,"One day you're a protected species, the next day they're blaming wildfires on you."
112,1598,6,32,105,143,1.3076923076923077,0.04572836480626379,628,I carp about everything.
138,1598,8,28,107,143,1.3076923076923077,0.04783376903750963,628,Some guys just think they're into mermaids...because they have never had a whole fish.
298,1598,7,30,106,143,1.3076923076923077,0.04679290976306432,628,Stop watering down my drinks.
411,1598,4,36,103,143,1.3076923076923077,0.043521227411180335,628,"spare me the ""to the gills"" jokes and pour me another shot..."
1108,1598,7,30,106,143,1.3076923076923077,0.04679290976306432,628,Give me one good reason why I shouldn't drink like a fish.
1253,1598,10,24,109,143,1.3076923076923077,0.049850331722195045,628,"Listen, a fish out of water sometimes needs a drink, OK?"
1282,1598,8,28,107,143,1.3076923076923077,0.04783376903750963,628,Some days I feel like a fish out of water.
1433,1598,5,34,104,143,1.3076923076923077,0.04463843961895633,628,I'd like a bowl of water
1441,1598,4,36,103,143,1.3076923076923077,0.043521227411180335,628,"Water, no ice and make it salty"
1662,1598,8,28,107,143,1.3076923076923077,0.04783376903750963,628,"Let's just get this out of the way.

No, I don't work for scale. Yes, I drink like a fish. No, I don't have a ""fin"" I can lend you. I want a gill of the scotch and some caviar with oyster crackers... and keep 'em coming."
1732,1598,10,24,109,143,1.3076923076923077,0.049850331722195045,628,"Listen Clyde, I don't need a man or a bicycle."
1827,1598,7,30,106,143,1.3076923076923077,0.04679290976306432,628,But enough about me. Whats your story?
903,1598,10,24,109,143,1.3076923076923077,0.049850331722195045,628,"You ever seen the ""Shape of Water""?"
2349,1598,12,20,111,143,1.3076923076923077,0.05178843196402026,628,"Tequila, with extra worms... and hold the tequila."
3743,1598,10,24,109,143,1.3076923076923077,0.049850331722195045,628,So then I says ‘you better watch out or you’ll be swimmin’ with the people’
2027,1598,6,32,105,143,1.3076923076923077,0.04572836480626379,628,You know something? You really are the best bartender in this bowl.
3633,1598,7,30,106,143,1.3076923076923077,0.04679290976306432,628,"So we're flirting and I tell her 'Don't be coy!', but she kinda took it the wrong way."
3599,1598,7,30,106,143,1.3076923076923077,0.04679290976306432,628,Every time someone says 'You drink like a fish' I take a shot.
3527,1598,7,30,106,143,1.3076923076923077,0.04679290976306432,628,Oh yeah?! And you steal like a bartender!
3487,1598,6,32,105,143,1.3076923076923077,0.04572836480626379,628,"Aqua, vîte"
3647,1598,6,32,105,143,1.3076923076923077,0.04572836480626379,628,"Scotch and salt water, please."
2463,1598,8,28,107,143,1.3076923076923077,0.04783376903750963,628,"OK, I drink like a fish. What about it?"""
3047,1598,9,26,108,143,1.3076923076923077,0.04885245660735344,628,‘Plenty of Fish’ my foot! Maybe I’ll try Tinder.
2963,1598,11,22,110,143,1.3076923076923077,0.050828620176554276,628,I used to drink like a man.
2724,1598,8,28,107,143,1.3076923076923077,0.04783376903750963,628,"I don’t think I can drive, can you point me to nearest toilet?"
2597,1598,7,30,106,143,1.3076923076923077,0.04679290976306432,628,When they flushed me down the bowl I knew I had to strike out on my own!
3252,1598,9,26,108,143,1.3076923076923077,0.04885245660735344,628,You do realize this is not a costume?
5609,1658,7,29,104,140,1.3071428571428572,0.047438420701218044,628,"Unfortunately, I'm only attracted to barracudas."
5596,1658,8,27,105,140,1.3071428571428572,0.04850957309175747,628,"Hey… just because I am drunk, doesn’t mean I am gonna take the bait, pal”"
5556,1658,10,23,107,140,1.3071428571428572,0.05058387616011822,628,"I met her on line, but recently she keeps asking me for a picture."
5451,1658,11,21,108,140,1.3071428571428572,0.05158976109947577,628,"Yes, I'm doing swimmingly. And, no, I don't drink like a fish. So quit carping and give me a Cutty with a splash."
5351,1658,6,31,103,140,1.3071428571428572,0.0463425165016634,628,I remember when this place used to be an ocean.
5015,1658,6,31,103,140,1.3071428571428572,0.0463425165016634,628,Can you recommend a marine biologist in this neighborhood?
4614,1658,7,29,104,140,1.3071428571428572,0.047438420701218044,628,"It's like I always say, give a fish a drink and he'll be drunk for a day. But, teach a fish to drink. . ."
4587,1658,3,37,100,140,1.3071428571428572,0.04288710840043335,628,Hey buddy I swam upstream all day and can have as many drinks as I want!
4453,1658,8,27,105,140,1.3071428571428572,0.04850957309175747,628,Oh ya? Well you eat like a horse.
5677,1658,8,27,105,140,1.3071428571428572,0.04850957309175747,628,"This is six, I ordered Seven Seas."
4347,1658,8,27,105,140,1.3071428571428572,0.04850957309175747,628,"The last bartender who alluded to my drinking like a fish is currently ""swimming with the fishes""."
4228,1658,8,27,105,140,1.3071428571428572,0.04850957309175747,628,I've swallowed toxic radiation. What's a beer gonna do to me?
4178,1658,8,27,105,140,1.3071428571428572,0.04850957309175747,628,And the next guy I got away from was even bigger!
4176,1658,5,33,102,140,1.3071428571428572,0.045220060955157244,628,What are you saying...How’s a fish SUPPOSED to drink?
3985,1658,9,25,106,140,1.3071428571428572,0.0495575786783754,628,Do you have any of those little cheesy goldfish to munch on?
3932,1658,5,33,102,140,1.3071428571428572,0.045220060955157244,628,They don’t tell you how hard it is outside of the tank.
3909,1658,6,31,103,140,1.3071428571428572,0.0463425165016634,628,Do you have any idea how hard it is living up to an idiom?
3894,1658,9,25,106,140,1.3071428571428572,0.0495575786783754,628,"Hey, you're Tony Levin! I love your work with King Crimson! You're the reason I learned to play ""bass!"" . . . Get it?? ""Bass,"" like the fish, and like the instrument? . . . Yeah, I know they're pronounced differently . . . Oh, just gimme a damn beer."
4420,1658,8,27,105,140,1.3071428571428572,0.04850957309175747,628,"One mezcal, neat....Don’t forget the worm."
5717,1658,6,31,103,140,1.3071428571428572,0.0463425165016634,628,Let me tell you one more thing. I’m tired of swimming upstream.
7506,1658,6,31,103,140,1.3071428571428572,0.0463425165016634,628,You should have seen the guy that almost caught me!
5921,1658,7,29,104,140,1.3071428571428572,0.047438420701218044,628,Trust me when I tell you that the last shot tasted ‘watered’.”
3777,1658,8,27,105,140,1.3071428571428572,0.04850957309175747,628,What did you *think* I was gonna drink like?
8029,1658,6,31,103,140,1.3071428571428572,0.0463425165016634,628,Why does everyone think I'm a Pisces?
7848,1658,7,29,104,140,1.3071428571428572,0.047438420701218044,628,I don't like my drinks on the rocks for obvious reasons.
7802,1658,5,33,102,140,1.3071428571428572,0.045220060955157244,628,Saltwater.  Make it a double.
7601,1658,10,23,107,140,1.3071428571428572,0.05058387616011822,628,Only the President spells FISH with a P!
7570,1658,8,27,105,140,1.3071428571428572,0.04850957309175747,628,Got any human crackers?
7568,1658,6,31,103,140,1.3071428571428572,0.0463425165016634,628,There ain't nothin' more powerful than the odor of mendacity.
7545,1658,5,33,102,140,1.3071428571428572,0.045220060955157244,628,"They say I drink like a you-know-what"""
7438,1658,9,25,106,140,1.3071428571428572,0.0495575786783754,628,"Personally, I find the saying more aspirational."
5841,1658,8,27,105,140,1.3071428571428572,0.04850957309175747,628,No I am not admiral ackbar
7419,1658,7,29,104,140,1.3071428571428572,0.047438420701218044,628,"Saltwater, neat."
6569,1658,6,31,103,140,1.3071428571428572,0.0463425165016634,628,I'd be considered a good catch in most fishing holes.
6461,1658,9,25,106,140,1.3071428571428572,0.0495575786783754,628,Glad to see you're a cool guy. In most bars I get the fisheye.
6260,1658,8,27,105,140,1.3071428571428572,0.04850957309175747,628,I'll take it straight. I'm trying to cut back on water.
6205,1658,7,29,104,140,1.3071428571428572,0.047438420701218044,628,"So a shark, a minnow and a clown fish walk into a bar..."
6160,1658,7,29,104,140,1.3071428571428572,0.047438420701218044,628,"...not everybody who comes in here can drown their sorrows, capiche?"
6144,1658,6,31,103,140,1.3071428571428572,0.0463425165016634,628,I can’t keep myself afloat ever since the stock market crashed.
6124,1658,6,31,103,140,1.3071428571428572,0.0463425165016634,628,I feel so cheap becoming a Field & Stream centerfold.
5986,1658,7,29,104,140,1.3071428571428572,0.047438420701218044,628,"You, sir, have no idea how much a fish can drink."
5960,1658,6,31,103,140,1.3071428571428572,0.0463425165016634,628,"Yeah, I am that fish..."
7294,1658,9,25,106,140,1.3071428571428572,0.0495575786783754,628,Turns out all those other fish in the sea were also sleeping with Karen.
3751,1658,6,31,103,140,1.3071428571428572,0.0463425165016634,628,I just can't have another drink. I'm stuffed to the gills.
15,1658,5,33,102,140,1.3071428571428572,0.045220060955157244,628,"I'm a human, what have YOU been drinking?"
3560,1658,7,29,104,140,1.3071428571428572,0.047438420701218044,628,"I don't tell you how to breathe, you don't tell me how to drink."
1314,1658,8,27,105,140,1.3071428571428572,0.04850957309175747,628,"Yeah,​ I drink like a Fish, you got a problem with that?"
1269,1658,10,23,107,140,1.3071428571428572,0.05058387616011822,628,"Listen, pal. “It’ll cost you a fin” really gets old after a while."
1243,1658,11,21,108,140,1.3071428571428572,0.05158976109947577,628,"Luca Brasi?  Yeah, maybe I’ ve seen him.  Who wants to know?"
1030,1658,5,33,102,140,1.3071428571428572,0.045220060955157244,628,"No, you can't have a fin!"
938,1658,6,31,103,140,1.3071428571428572,0.0463425165016634,628,Another splash please.
740,1658,7,29,104,140,1.3071428571428572,0.047438420701218044,628,"Listen, I constantly drink my own filth. Don't tell me what I can and can't handle."
647,1658,8,27,105,140,1.3071428571428572,0.04850957309175747,628,"And then I tell her, ""A bigger pond gots nothing that we don't have right here!"""
608,1658,1,41,98,140,1.3071428571428572,0.040419725643711456,628,"Why, yes, I do drink a little too much....why do you ask?"
586,1658,9,25,106,140,1.3071428571428572,0.0495575786783754,628,I drink because I look like a penis with fins
421,1658,7,29,104,140,1.3071428571428572,0.047438420701218044,628,You’re out of water?
385,1658,6,31,103,140,1.3071428571428572,0.0463425165016634,628,"Give me a shot of pond water, and leave the bowl."
367,1658,9,25,106,140,1.3071428571428572,0.0495575786783754,628,"And there I was, like a fish out of vodka."
358,1658,6,31,103,140,1.3071428571428572,0.0463425165016634,628,Has Jonah been here lately?
347,1658,7,29,104,140,1.3071428571428572,0.047438420701218044,628,Got anything with more oxygen?
320,1658,8,27,105,140,1.3071428571428572,0.04850957309175747,628,Whaddaya mean there's something fishy about my story?
3738,1658,7,29,104,140,1.3071428571428572,0.047438420701218044,628,"She was just a little carp! I turned her into a koi!  I found us a perfect pond! It had lily pads! Lots of them! It had a porcelain castle fountain, for pity's sake! It had beautiful algae. We were happy! ..until she ran off with a guppy!! A GUPPY!!"
243,1658,4,35,101,140,1.3071428571428572,0.044069025288396485,628,Not thanks. I'm tanked.
121,1658,5,33,102,140,1.3071428571428572,0.045220060955157244,628,"I know I'm on the hook for this, but it's his ass that's on the line!"
104,1658,9,25,106,140,1.3071428571428572,0.0495575786783754,628,So there’s no Flappy Hour?
1436,1658,6,31,103,140,1.3071428571428572,0.0463425165016634,628,"Yeah, I'm a Siamese fighting fish. You wanna make something of it?"
1447,1658,8,27,105,140,1.3071428571428572,0.04850957309175747,628,Never tell a Genie that “you feel like a fish out of water!”
296,1658,7,29,104,140,1.3071428571428572,0.047438420701218044,628,"Of all the fin joints in town, she has to swim into this one."
1576,1658,8,27,105,140,1.3071428571428572,0.04850957309175747,628,Yeah?   Your mother breaths like a human!
3301,1658,9,25,106,140,1.3071428571428572,0.0495575786783754,628,I don't need you to tell me to scale back!
3175,1658,7,29,104,140,1.3071428571428572,0.047438420701218044,628,Hey! You don't know the things I've seen. I was on that basement wall for 20 years. Pour Billy another!
3142,1658,5,33,102,140,1.3071428571428572,0.045220060955157244,628,A pint please and one for the river
3043,1658,9,25,106,140,1.3071428571428572,0.0495575786783754,628,What's the matter...never seen anyone drink like a fish?
3038,1658,6,31,103,140,1.3071428571428572,0.0463425165016634,628,"Listen pal, I decide when I need water."
3026,1658,7,29,104,140,1.3071428571428572,0.047438420701218044,628,Not one word!
3010,1658,7,29,104,140,1.3071428571428572,0.047438420701218044,628,"When I say a splash, I mean a big splash."
2831,1658,5,33,102,140,1.3071428571428572,0.045220060955157244,628,"I know, I know.  You don't get many big fish in here."
2668,1658,8,27,105,140,1.3071428571428572,0.04850957309175747,628,"Bartender, I'll have a tequila with extra worms."
2654,1658,10,23,107,140,1.3071428571428572,0.05058387616011822,628,This is the only place where I'm not made to feel like a fish out of water.
2233,1658,8,27,105,140,1.3071428571428572,0.04850957309175747,628,What do you have that goes with Tilapia?
2223,1658,9,25,106,140,1.3071428571428572,0.0495575786783754,628,And one more for the stream...
2129,1658,8,27,105,140,1.3071428571428572,0.04850957309175747,628,Thank Cod -- you are such a good listener!!!
2089,1658,5,33,102,140,1.3071428571428572,0.045220060955157244,628,Water. Hold the scotch.
1910,1658,8,27,105,140,1.3071428571428572,0.04850957309175747,628,"Well, I once had a drink that was THIS big."
1841,1658,7,29,104,140,1.3071428571428572,0.047438420701218044,628,The evolution train left without me
1820,1658,7,29,104,140,1.3071428571428572,0.047438420701218044,628,I'm toasting the day I swam out of the Flint River.
1775,1658,9,25,106,140,1.3071428571428572,0.0495575786783754,628,"No, no, I'll BE the pickled herring!"
1752,1658,7,29,104,140,1.3071428571428572,0.047438420701218044,628,Sand bars are totally overrated
3556,1658,8,27,105,140,1.3071428571428572,0.04850957309175747,628,"No, I don't want that martini dry."
1565,1658,6,31,103,140,1.3071428571428572,0.0463425165016634,628,I dried out at rehab
2612,1748,6,27,94,127,1.3070866141732282,0.049382907407419366,628,"Scotch and water, bourbon and water, water and water,  whatever.  Just make it quick!"
3123,1749,1,40,96,137,1.3065693430656935,0.04087131176955694,628,"Let me have another Jim Bream, please."
820,1750,8,29,110,147,1.3061224489795917,0.04690817557515632,628,"So I told her, I've had it with your constant mocking of my mouth movements!"
5619,1751,4,35,102,141,1.3049645390070923,0.04380955192712513,628,I got tired of the meat market.
6011,1751,6,31,104,141,1.3049645390070923,0.046064206117580164,628,You can't cut me off just because I drink like a fish.
708,1751,9,25,107,141,1.3049645390070923,0.049253045114226846,628,"Yeah, well you serve like a mammal!"
1772,1754,8,23,97,128,1.3046875,0.051501320779925364,628,Yes!  I want the one with the worm!
2421,1754,9,21,98,128,1.3046875,0.05268223171183776,628,-----SO THIS FISH SWIMS INTO A BAR-------
6000,1756,8,26,104,138,1.3043478260869565,0.04890496189569144,628,"You'll never believe it, I got this great man story.."
5724,1756,6,30,102,138,1.3043478260869565,0.046691779280993786,628,I’ll have a Catch and Release with a twist of kelp.
5612,1756,7,28,103,138,1.3043478260869565,0.04781117835006826,628,"So, is this the only watehole in town?"
5534,1756,7,28,103,138,1.3043478260869565,0.04781117835006826,628,"No more fake castles and caves. This, _this_ is an aquarium ornament."
5499,1756,9,24,105,138,1.3043478260869565,0.04997481186373819,628,"I’ve been told I drink like a fish, so I’m trying to scale it back."
5232,1756,9,24,105,138,1.3043478260869565,0.04997481186373819,628,Of course I know it's your well scotch... I'm a bottom feeder.
5345,1756,11,20,107,138,1.3043478260869565,0.05204858179057349,628,"Now, you know where the expression, ""drink like a fish"", comes from, my friend."
6207,1756,6,30,102,138,1.3043478260869565,0.046691779280993786,628,Another freshwater! Can’t get it back home.
5130,1756,5,32,101,138,1.3043478260869565,0.045544875997504314,628,"Martini, please. Extremely wet."""
5124,1756,7,28,103,138,1.3043478260869565,0.04781117835006826,628,"What do you mean, 'I must be looking to get tanked?'"
5068,1756,6,30,102,138,1.3043478260869565,0.046691779280993786,628,"A priest, a lawyer, and a doctor walk into a bar...."
5473,1756,6,30,102,138,1.3043478260869565,0.046691779280993786,628,Don't get me started on the pescatarians.
6298,1756,9,24,105,138,1.3043478260869565,0.04997481186373819,628,"Yes, and I'm going to drink like one too."
6619,1756,6,30,102,138,1.3043478260869565,0.046691779280993786,628,"So, a horse walks into a bar and says, ""Do you serve fish here?"""
6469,1756,6,30,102,138,1.3043478260869565,0.046691779280993786,628,Doesn’t matter. As long as no fish ever peed in it.
6666,1756,6,30,102,138,1.3043478260869565,0.046691779280993786,628,"So I said, ""listen buddy, nobody calls ME a Haddock."""
6771,1756,6,30,102,138,1.3043478260869565,0.046691779280993786,628,"Eighteen bucks for a martini?! ... and they call me cold-blooded."""
7100,1756,6,30,102,138,1.3043478260869565,0.046691779280993786,628,"Yeah, I drink and I'm a fish, got a problem?"
7190,1756,7,28,103,138,1.3043478260869565,0.04781117835006826,628,"So I say to her,""Don't get coy with me."""
7236,1756,9,24,105,138,1.3043478260869565,0.04997481186373819,628,I don’t like to drink out of school...
7379,1756,10,22,106,138,1.3043478260869565,0.051022233816376786,628,Yeah- the divorce is almost final. She caught me and released me.
7520,1756,8,26,104,138,1.3043478260869565,0.04890496189569144,628,"With a twist of kelp, please"
7647,1756,3,36,99,138,1.3043478260869565,0.043159734522284235,628,"And when I outgrew the tank, I moved here to the city."
7770,1756,11,20,107,138,1.3043478260869565,0.05204858179057349,628,"Well, you pour like a sloth."
7798,1756,7,28,103,138,1.3043478260869565,0.04781117835006826,628,"...Hold the mescal, just give me the worm."
7804,1756,5,32,101,138,1.3043478260869565,0.045544875997504314,628,You know what Kyle? Thanks to BP there actually aren't 'plenty of fish in the sea' okay?
5040,1756,10,22,106,138,1.3043478260869565,0.051022233816376786,628,how about one more for the Roe?
6457,1756,7,28,103,138,1.3043478260869565,0.04781117835006826,628,"Well, at $35 for a beer I expect you won’t see many fish at the bar."
5004,1756,6,30,102,138,1.3043478260869565,0.046691779280993786,628,C'mon -- just one more for the stream.
313,1756,7,28,103,138,1.3043478260869565,0.04781117835006826,628,"Actually, it didn't take me too long to get hooked."
4571,1756,6,30,102,138,1.3043478260869565,0.046691779280993786,628,And that's when I realized that all the ponds in all the towns were going to be small and the problems of one oversized carp don't amount to a pile of roe in this crazy world.
4926,1756,4,34,100,138,1.3043478260869565,0.044368335632870536,628,"Just water for now, please."
225,1756,7,28,103,138,1.3043478260869565,0.04781117835006826,628,"As a matter of fact, there is an Uber for fish...it's called Scuber."
514,1756,9,24,105,138,1.3043478260869565,0.04997481186373819,628,I could use a wet one....
751,1756,7,28,103,138,1.3043478260869565,0.04781117835006826,628,"Did I tell you about the one that got away?  I fell for her hook, line, and sinker."
918,1756,8,26,104,138,1.3043478260869565,0.04890496189569144,628,I drink like one too.
1159,1756,6,30,102,138,1.3043478260869565,0.046691779280993786,628,"Drinks like a fish, that's all I ever hear. I know it's a metaphor but let me tell you, metaphors can hurt."
1302,1756,5,32,101,138,1.3043478260869565,0.045544875997504314,628,what wine goes well with fish?
1637,1756,8,26,104,138,1.3043478260869565,0.04890496189569144,628,Just seltzer. I'm drying out.
1680,1756,5,32,101,138,1.3043478260869565,0.045544875997504314,628,"A piranha, a rabbitfish and a mackerel walk in to a bar . . ."
1704,1756,8,26,104,138,1.3043478260869565,0.04890496189569144,628,"So, I'm reeling in this average sized child,when out of nowhere this huge Samoan—at least 6'6"", 280 pushing 290—comes out of nowhere and just rips him off the line!"
1706,1756,9,24,105,138,1.3043478260869565,0.04997481186373819,628,"No, I'm not a fish out of water. I'm a fish out of Scotch and soda. Pour me another."
1739,1756,8,26,104,138,1.3043478260869565,0.04890496189569144,628,"So, when you say I smell like your first wife, that's not a compliment, is it."
2018,1756,6,30,102,138,1.3043478260869565,0.046691779280993786,628,"Yes, salt water is good. But so is dark rum."
1187,1756,9,24,105,138,1.3043478260869565,0.04997481186373819,628,"Okay buddy, you wanna take this downstream?"
2213,1756,10,22,106,138,1.3043478260869565,0.051022233816376786,628,"Don't give me that carp."""
2490,1756,4,34,100,138,1.3043478260869565,0.044368335632870536,628,I'm gonna need a bigger glass.
2606,1756,4,34,100,138,1.3043478260869565,0.044368335632870536,628,I’ll have 80 gallons of water in a very large glass.
2729,1756,7,28,103,138,1.3043478260869565,0.04781117835006826,628,"A shot of tequila, and please include the worm"
2786,1756,10,22,106,138,1.3043478260869565,0.051022233816376786,628,"Well, you stare like a human."
2947,1756,6,30,102,138,1.3043478260869565,0.046691779280993786,628,"Take my advice, don't ever fall in love with a mackerel."
3423,1756,7,28,103,138,1.3043478260869565,0.04781117835006826,628,"With more rapid sea level rise, I wanted to be sure to get a good seat."
4226,1756,7,28,103,138,1.3043478260869565,0.04781117835006826,628,So I told him we are done for good. I need that guy like I need a bicycle.
3535,1756,8,26,104,138,1.3043478260869565,0.04890496189569144,628,"So a tuna, a marlin, and a sailfish walk into this bar, see."
3637,1756,5,32,101,138,1.3043478260869565,0.045544875997504314,628,"A glass of your purest, plastic-free deep-sea water. Make it double."
3688,1756,8,26,104,138,1.3043478260869565,0.04890496189569144,628,"I'd like a very,very wet martini."
3803,1756,8,26,104,138,1.3043478260869565,0.04890496189569144,628,"Of Course I drink like a fish, always have."
4135,1756,8,26,104,138,1.3043478260869565,0.04890496189569144,628,Stewed to the gills?
2056,1756,9,24,105,138,1.3043478260869565,0.04997481186373819,628,"Sorry, I know you told me 3 seconds ago but what was your name again?"
7134,1815,7,24,94,125,1.304,0.05108373896942915,628,I want to get drunk to the gills.
6997,1815,6,26,93,125,1.304,0.04980478018255134,628,I'm telling ya'....the scales of justice weren't in my favor!
3218,1815,6,26,93,125,1.304,0.04980478018255134,628,"I said, ‘no more!’ - and jumped right out of the bowl."
3017,1815,4,30,91,125,1.304,0.047142885071909064,628,Yours is Ben Kingsley?  Mine is a toss-up between Wanda and Flipper.
3830,1815,5,28,92,125,1.304,0.048492101119334295,628,You're out of well vodka? That seems...what's the word...
1670,1820,6,28,98,132,1.303030303030303,0.04802289763845537,628,I don't care how many I've had...Keep pouring that Tequila until I get the worm!!
1696,1820,5,30,97,132,1.303030303030303,0.04680318660721329,628,A fish came into a bar...............
2052,1820,8,24,100,132,1.303030303030303,0.05037379814547864,628,"Sorry, these scales don't tip."
3117,1820,7,26,99,132,1.303030303030303,0.049212387857098486,628,You'd think winning an Academy Award would help make things easier.
4790,1820,5,30,97,132,1.303030303030303,0.04680318660721329,628,How much to just pour it in my gills?
6490,1820,5,30,97,132,1.303030303030303,0.04680318660721329,628,Luca Brasi sent me.
6892,1820,6,28,98,132,1.303030303030303,0.04802289763845537,628,"I shoulda known, she was only in it for the sushi"
7455,1820,6,28,98,132,1.303030303030303,0.04802289763845537,628,School? You're kidding. What do you call a bunch of eels?
7315,1828,5,33,104,142,1.3028169014084507,0.044684977789049216,628,Any other ideas? Drowning my sorrows never seems to work for me.
7524,1828,10,23,109,142,1.3028169014084507,0.049961963976039345,628,Give me one for the tributary.
6093,1828,5,33,104,142,1.3028169014084507,0.044684977789049216,628,A big glass please!!
7627,1828,6,31,105,142,1.3028169014084507,0.04578905284972455,628,Make it a double-- I 'm skipping school today'
4404,1828,7,29,106,142,1.3028169014084507,0.04686712581054992,628,...but do I LOOK like a fish out of water?
3663,1828,5,33,104,142,1.3028169014084507,0.044684977789049216,628,Water with a splash of salt.
1638,1828,5,33,104,142,1.3028169014084507,0.044684977789049216,628,"Not so, sir!  I say, ""One man's carp is another man's poisson."""
1135,1828,8,27,107,142,1.3028169014084507,0.047920951603750116,628,I hear you water down your drinks.
5329,1828,8,27,107,142,1.3028169014084507,0.047920951603750116,628,Make it double.  I’m feeling like a fish out of water.
3952,1837,4,31,94,129,1.302325581395349,0.046177335493968436,628,"I give up, I'm done—Nemo can find his own way home."
8007,1838,7,28,104,139,1.3021582733812949,0.04751644076031689,628,Make the next one with a splash.
7987,1838,6,30,103,139,1.3021582733812949,0.04640633284341042,628,"Wait, you’re out of water?"
7072,1838,6,30,103,139,1.3021582733812949,0.04640633284341042,628,I'll have a seaweed martini with anchovie olives and don't  overcharge me like you tried with the gorilla.
7046,1838,9,24,106,139,1.3021582733812949,0.04966226909474968,628,And she took the eggs.
6902,1838,5,32,102,139,1.3021582733812949,0.045269010519538425,628,"Hey, I can tell you about the one who almost caught me."
6796,1838,8,26,105,139,1.3021582733812949,0.048601199132161516,628,YOU'RE out of water? I'M out of water!
1711,1838,7,28,104,139,1.3021582733812949,0.04751644076031689,628,"No, I don't want water. I pee in there!"
5690,1838,7,28,104,139,1.3021582733812949,0.04751644076031689,628,"......so I told Mr Attenborough straight up:  ""Look Richard, if you expect me to agree to being filmed swallowing a plastic bag in the name of saving the planet, I don't fall for that trick and I don't want a part in your lousy show....."
1281,1838,6,30,103,139,1.3021582733812949,0.04640633284341042,628,No. On the rocks is where I came from; it ain't where I'm goin'...
1199,1838,4,34,101,139,1.3021582733812949,0.04410236840423389,628,"Just water, please.  They say I drink like a fish."
395,1838,7,28,104,139,1.3021582733812949,0.04751644076031689,628,How can you be surprised that I drink like a fish?
349,1838,8,26,105,139,1.3021582733812949,0.048601199132161516,628,"Let me worry about whether I have had enough.  Where do you think the saying ""he can drink like a fish"" came from?"
6232,1838,10,22,107,139,1.3021582733812949,0.050701137918143825,628,"Did you get a load of her attitude? So what, I switched out my eHarmony photo. Everyone’s doing that!"
2909,1851,7,24,95,126,1.3015873015873016,0.05073409206596311,628,Stop me if this sounds like a fish tale.
5500,1851,10,18,98,126,1.3015873015873016,0.05435899629969267,628,...And if I didn't have Jesus in my life i might still be a loaf.
2860,1851,4,30,92,126,1.3015873015873016,0.04682943216402736,628,I know you been watering down those high balls.  I KNOW WATER when I taste it...
4533,1851,6,26,94,126,1.3015873015873016,0.04946679664960623,628,"One margarita, extra salt."
1512,1851,7,24,95,126,1.3015873015873016,0.05073409206596311,628,Goldschlager? Fine. Goldfish? Not so much.
193,1851,6,26,94,126,1.3015873015873016,0.04946679664960623,628,I know how I drink. just keep 'em coming.
74,1851,6,26,94,126,1.3015873015873016,0.04946679664960623,628,Do you have any idea how difficult a 12-step program is for me?
1853,1851,7,24,95,126,1.3015873015873016,0.05073409206596311,628,She hooked up with a fisherman and left me with the guppies.
7857,1859,9,23,104,136,1.3014705882352942,0.050401279660476465,628,"So to get back at the bastard, I peed in his pool."
5391,1859,5,31,100,136,1.3014705882352942,0.045875474318191035,628,"I'll have a shot of scotch and 10,000 gallon glass of water."
5344,1859,7,27,102,136,1.3014705882352942,0.04819153522836019,628,"Yea, so I drink like a fish. What's your point?"
4999,1859,6,29,101,136,1.3014705882352942,0.047047758775446924,628,What do you mean my story sounds a little fishy?
4741,1859,7,27,102,136,1.3014705882352942,0.04819153522836019,628,Since the election I've been drinking like a fish.
4689,1859,10,21,105,136,1.3014705882352942,0.05147058823529411,628,"I'M SORRY, but gold is a color.  We prefer the term Koi as a group, but specifically, I prefer Kohaku."
4161,1859,7,27,102,136,1.3014705882352942,0.04819153522836019,628,"C'mon, none of your other customers drink like me."
4124,1859,7,27,102,136,1.3014705882352942,0.04819153522836019,628,I'm not being coy with you.
3819,1859,7,27,102,136,1.3014705882352942,0.04819153522836019,628,"On second thought, just gimme a glass of water. Make it a double."
3586,1859,4,33,99,136,1.3014705882352942,0.04467243761029127,628,"Fish tank, drunk tank--what's the difference? Hit me again."
3571,1859,6,29,101,136,1.3014705882352942,0.047047758775446924,628,Keep the tequila coming - I want that worm!!!
4323,1859,7,27,102,136,1.3014705882352942,0.04819153522836019,628,Very funny. And you drink like a human.
5452,1859,7,27,102,136,1.3014705882352942,0.04819153522836019,628,I don’t wanna go home to my fishwife.
5566,1859,8,25,103,136,1.3014705882352942,0.04930878754887327,628,Make me one with no plastic
6035,1859,6,29,101,136,1.3014705882352942,0.047047758775446924,628,And now that guy is on hanging on my aquarium wall.
6194,1859,9,23,104,136,1.3014705882352942,0.050401279660476465,628,"Well, perhaps just a small one. I don't want to tip the scales"
6308,1859,8,25,103,136,1.3014705882352942,0.04930878754887327,628,Not on the rocks. Reminds to much of how Aunt Bettie passed.
6673,1859,6,29,101,136,1.3014705882352942,0.047047758775446924,628,"Who are you calling a fish out of water?
This fish is out of whiskey."
6746,1859,8,25,103,136,1.3014705882352942,0.04930878754887327,628,"If one more guy tries to pick me up with the line ""You have a nice bass"" I'll sucker punch him!"
7139,1859,4,33,99,136,1.3014705882352942,0.04467243761029127,628,"Look, buddy, when I said I wanted to swim in cognac, I MEANT it."
7166,1859,6,29,101,136,1.3014705882352942,0.047047758775446924,628,Who are you calling a fish out of water?
7200,1859,10,21,105,136,1.3014705882352942,0.05147058823529411,628,"...so she started saying things like 'suspicious', 'dubious', 'odd', but I knew what she was really getting at, she just didn't want to say it to my face..."
7488,1859,7,27,102,136,1.3014705882352942,0.04819153522836019,628,It's real simple. Just some tap water and 6-8 drops of dechlorinator.
7783,1859,7,27,102,136,1.3014705882352942,0.04819153522836019,628,"‘You’re drinkin’ like a fish.’ Seriously, Dude, that’s the best you got?"
7962,1859,6,29,101,136,1.3014705882352942,0.047047758775446924,628,One more just to keep my head above water.
5496,1859,7,27,102,136,1.3014705882352942,0.04819153522836019,628,"Listen, we’ve got to stop this Catch and Release program!"
3445,1859,8,25,103,136,1.3014705882352942,0.04930878754887327,628,"Well yes, I suppose I do drink like a fish. What’s your point?"
2990,1859,3,35,98,136,1.3014705882352942,0.043436093518774546,628,My life is going down the toilet.
2994,1859,7,27,102,136,1.3014705882352942,0.04819153522836019,628,I drink like a fish.  What'd you expect?
172,1859,6,29,101,136,1.3014705882352942,0.047047758775446924,628,"I'm not hooked, I can quit anytime I want to."
357,1859,4,33,99,136,1.3014705882352942,0.04467243761029127,628,"I'll have a bottle of tequila, hold the tequila."
723,1859,8,25,103,136,1.3014705882352942,0.04930878754887327,628,"Don't worry, I'm taking Uber pool back to the pond."
745,1859,7,27,102,136,1.3014705882352942,0.04819153522836019,628,Scotch and lots of water.
847,1859,8,25,103,136,1.3014705882352942,0.04930878754887327,628,"Yes, dogfish beer but sushi doesn't agree with me."
892,1859,5,31,100,136,1.3014705882352942,0.045875474318191035,628,"I know you want to say it, but I know my limits."
1184,1859,6,29,101,136,1.3014705882352942,0.047047758775446924,628,One more jibe about me drinking like a fish and you'll be swimming with 'em!
1192,1859,6,29,101,136,1.3014705882352942,0.047047758775446924,628,"Yeah...They all say that, but I think of myself as someone who eats like a bird."
1276,1859,7,27,102,136,1.3014705882352942,0.04819153522836019,628,I think I might know better than anyone if there were something fishy going on here!
1322,1859,7,27,102,136,1.3014705882352942,0.04819153522836019,628,I'm just here to prove a point.
1377,1859,7,27,102,136,1.3014705882352942,0.04819153522836019,628,.....and then she said I drink like a fish.
388,1859,7,27,102,136,1.3014705882352942,0.04819153522836019,628,"Don't judge me. Have you *seen* the new EPA regulations?"""
1384,1859,5,31,100,136,1.3014705882352942,0.045875474318191035,628,"Hold it right there Mister, I am not stewed to the gills"
1580,1859,6,29,101,136,1.3014705882352942,0.047047758775446924,628,"If my next tequila doesn't have a worm, I 'll never drink here again!"
1594,1859,10,21,105,136,1.3014705882352942,0.05147058823529411,628,"I am sorry Mr.Herring. I can’t serve you another, you are already pickled."
1852,1859,7,27,102,136,1.3014705882352942,0.04819153522836019,628,The swamp isn't what it used to be.
2158,1859,7,27,102,136,1.3014705882352942,0.04819153522836019,628,"If there was plenty more, I wouldn't be here."
2185,1859,5,31,100,136,1.3014705882352942,0.045875474318191035,628,"Yeah, more water--filtered water. There's no going back to that natural stuff."
2245,1859,8,25,103,136,1.3014705882352942,0.04930878754887327,628,So thats how I was the one who got away.
2385,1859,6,29,101,136,1.3014705882352942,0.047047758775446924,628,Make it wet.
2733,1859,6,29,101,136,1.3014705882352942,0.047047758775446924,628,"...I know, I know, but get this!  The guy actually fell for it--hook, line, and sinker!"
2876,1859,9,23,104,136,1.3014705882352942,0.050401279660476465,628,"When I drink like a fish, I feel like I am a mermaid"
2981,1859,2,37,97,136,1.3014705882352942,0.04216351216749015,628,"Buddy, I AM dried out."
1379,1859,5,31,100,136,1.3014705882352942,0.045875474318191035,628,"Water, and lots of it"
6063,1912,7,23,93,123,1.3008130081300813,0.05154543439746056,628,"...so I said to him ‘do your worst, Kafka!’"
5512,1912,5,27,91,123,1.3008130081300813,0.04889142833435431,628,"Make sure you get your story straight - I didn't ""walk"" in here"
1865,1912,4,29,90,123,1.3008130081300813,0.04750885962900499,628,"Buddy, for me she IS the only fish in the sea."
2502,1912,9,19,95,123,1.3008130081300813,0.054069324481377766,628,...but then she got away !
1361,1912,7,23,93,123,1.3008130081300813,0.05154543439746056,628,You're probably sick of my carping about draining the swamp- but pour another-
46,1917,5,29,96,130,1.3,0.04716152985886383,628,Do you know how hard it is to come up with names for 1000 kids?
3659,1917,5,29,96,130,1.3,0.04716152985886383,628,You got any of dem brightly-colored pebbles?
6975,1917,6,30,104,140,1.3,0.0461241900136937,628,How was I to know she's still in school.
1227,1920,7,27,103,137,1.2992700729927007,0.04788906278067403,628,"You don't understand what it is like down there, with the sharks!"
7108,1920,9,23,105,137,1.2992700729927007,0.050080402833073225,628,"I'll have a gimlet, a Manhattan, a grasshopper, a blue lagoon, a sidecar, three drafts of Bud Lite, a Bartles and Jaymes Fuzzy Navel, a Cutty Sark, neat, and no similes."
7112,1920,5,31,101,137,1.2992700729927007,0.045592520440306754,628,It's a common misconception. We don't actually drink water.
267,1920,5,31,101,137,1.2992700729927007,0.045592520440306754,628,....and then she swam into my life....
664,1920,7,27,103,137,1.2992700729927007,0.04788906278067403,628,"Then she dumped me, said I had no sole."
1979,1920,7,27,103,137,1.2992700729927007,0.04788906278067403,628,I'm looking for the Rabbi and the Priest.
3281,1920,9,23,105,137,1.2992700729927007,0.050080402833073225,628,"Yeah, so what if this is my sixth?  In case you haven't noticed I'm a fish."
4159,1920,8,25,104,137,1.2992700729927007,0.04899698501915311,628,"So a guy swims into a bar, see..."
5274,1920,3,35,99,137,1.2992700729927007,0.04317399108477509,628,You bartenders are all the same. Don't give me that plenty of fish       in the sea crap.
5731,1920,5,31,101,137,1.2992700729927007,0.045592520440306754,628,It all started when I dropped out of the school...
4742,1930,7,26,101,134,1.2985074626865671,0.04857970501612101,628,Oh I think I CAN hold my water... give me another...
4333,1930,7,26,101,134,1.2985074626865671,0.04857970501612101,628,"Not many people know this, but it was I who bit Ahab’s leg"
4998,1930,4,32,98,134,1.2985074626865671,0.04498138712346685,628,You're gonna charge me for water?
5922,1930,9,22,103,134,1.2985074626865671,0.0508372839628695,628,That joke is old and patronizing. This fish walked into a bar because he just lost his job and has to go home to tell the wife and spawn
5219,1930,7,26,101,134,1.2985074626865671,0.04857970501612101,628,"That is amazing, how did you know my name was Wanda?"
4125,1930,6,28,100,134,1.2985074626865671,0.0474106200003679,628,"What do you mean, ‘out  of water’."
5016,1930,5,30,99,134,1.2985074626865671,0.04621196855994383,628,You're piscine in the wind buddy
3799,1930,8,24,102,134,1.2985074626865671,0.04972130921533926,628,Dry martini
749,1930,6,28,100,134,1.2985074626865671,0.0474106200003679,628,I guess my biggest problem is that I always play too koi.
1139,1930,5,30,99,134,1.2985074626865671,0.04621196855994383,628,And you would not believe the amount of plastic I have to put up with!
402,1930,7,26,101,134,1.2985074626865671,0.04857970501612101,628,It got personal when he said he had bigger fish to fry.
363,1930,8,24,102,134,1.2985074626865671,0.04972130921533926,628,Every role I audition for goes to a human or a robot.
187,1930,10,20,104,134,1.2985074626865671,0.051929281637198454,628,"Pickled herring, yeah, yeah, very funny"
2191,1930,7,26,101,134,1.2985074626865671,0.04857970501612101,628,"Stop telling me: ""There are plenty of fish in the sea."" Sharon was one of a kind."
4151,1944,6,25,93,124,1.2983870967741935,0.04988820272110291,628,Can you believe that my wife said I drank like a fish and threw me out?
5311,1945,6,27,98,131,1.297709923664122,0.04809300112611454,628,What do you mean you served me five seconds ago—I need a drink!
7869,1946,6,29,103,138,1.2971014492753623,0.046465488319463726,628,"Stewed?  Perhaps, but not to the gills.  So keep pouring, pal."
5051,1947,5,25,88,118,1.2966101694915255,0.05007501548383156,628,Stop Carping about Trump !
5738,1947,7,21,90,118,1.2966101694915255,0.05288890506518731,628,My school ID is too valid.
6019,1947,5,25,88,118,1.2966101694915255,0.05007501548383156,628,That’s enough for me—I’m swimming tonight.
6801,1947,7,21,90,118,1.2966101694915255,0.05288890506518731,628,"I don't usually drink like this, but the atmosphere is suffocating."
7801,1951,8,24,103,135,1.2962962962962963,0.049401138999491764,628,And that’s how I joined the Yakuza
3080,1951,6,20,82,108,1.2962962962962963,0.05465404468179352,628,"My lady kicked me out, she said, “you drink like a fish.”  I mean, I AM  A FISH!"
5572,1951,6,28,101,135,1.2962962962962963,0.047110040282513234,628,This one definitely has the fine bouquet of Lake Michigan.
5220,1951,6,20,82,108,1.2962962962962963,0.05465404468179352,628,Why the fish-face?
4566,1951,8,24,103,135,1.2962962962962963,0.049401138999491764,628,"Don't bother offering. The last time I tried to ""swallow the worm,"" I wound up with a hook in my mouth."
7713,1951,7,18,83,108,1.2962962962962963,0.056215076862063375,628,You calling me a chicken?!
5586,1951,8,24,103,135,1.2962962962962963,0.049401138999491764,628,"Duh. And you suck air like a mammal, pal."
1279,1951,8,24,103,135,1.2962962962962963,0.049401138999491764,628,"No, I want it very DRY.  And by the way, that's racist."
975,1951,5,30,100,135,1.2962962962962963,0.04592164604961887,628,"Yeah? Well, you swim like a person."
668,1951,7,26,102,135,1.2962962962962963,0.04826918494167436,628,"Never fall in love with a hooker, she'll leave you high and dry."
2075,1951,6,28,101,135,1.2962962962962963,0.047110040282513234,628,Hey enough of the Mr. Lipid jokes! Pour me a stiff one.
6828,1962,8,21,96,125,1.296,0.052084298915780626,628,Here’s another one. A fish walks into a bar...
360,1962,6,25,94,125,1.296,0.049545026767773115,628,Nobody knows...the bubbles I've seen.
2659,1962,7,23,95,125,1.296,0.050830521692029396,628,"OK, let's knock off the fish-walks-into-a-bar nonsense. Just get me a triple Stoli and a tub of salt water, quick."
3646,1962,8,21,96,125,1.296,0.052084298915780626,628,Whaddaya mean you don't serve fish? Can't you see I'm a whitefish
4421,1962,5,27,93,125,1.296,0.04822527780484877,628,Why am I a fluke?
4229,1967,5,24,86,115,1.2956521739130435,0.050886741087754414,628,I’m not playing koi with you.
5094,1967,5,24,86,115,1.2956521739130435,0.050886741087754414,628,It's just like I imagined.
2173,1969,7,25,100,132,1.2954545454545454,0.04897590645272065,628,"Yeah, buddy, so maybe I do. But it's ""as"", not ""like""."
6310,1969,7,25,100,132,1.2954545454545454,0.04897590645272065,628,"Look buddy, I’m a fish so I can’t drown my sorrows. Now fill’er up again."
6910,1969,8,23,101,132,1.2954545454545454,0.05014279443618571,628,"...and THEN she says, 'Time to fish or cut BAIT....' So cold, man. I loves her, but I lose either way."
1442,1972,6,24,92,122,1.2950819672131149,0.050318757127076404,628,"I’m lookin’ to get sauced, not canned, pal!"
7018,1972,8,20,94,122,1.2950819672131149,0.05294283060605548,628,"In fact, “Drunk to the gills,” is an offensive stereotype."
582,1974,5,30,101,136,1.2941176470588236,0.04563477138486583,628,I think I’d know what a dry drink would taste like. Those were definitely wet.”
2169,1974,7,26,103,136,1.2941176470588236,0.04796245701688192,628,"Well, you drink like a camel, pal."
4061,1974,9,22,105,136,1.2941176470588236,0.05018228977282247,628,"They made a movie about my parents' life. Ya, it even got an Academy Award as 'Best Picture' in 2018."
1943,1977,8,21,97,126,1.2936507936507937,0.0517226551540564,628,I got kicked out of my school because I drank like a fish.
5197,1978,9,21,103,133,1.2932330827067668,0.05094454707919094,628,Barkeep! Another round. That worm is MINE!
697,1979,7,22,94,123,1.2926829268292683,0.051281988767931885,628,"No, seriously, I've never heard the one about the perch perched on a barstool."
5100,1980,4,30,96,130,1.2923076923076924,0.04561401651708575,628,"Who  knew rising sea levels had an up side,  I'll  have another!"
5671,1980,8,22,100,130,1.2923076923076924,0.05057351916100387,628,Don't for one minute think I'm just being koi.
5987,1980,5,28,97,130,1.2923076923076924,0.04690308185181263,628,But how sure are you that I won't turn into a gorgeous Princess if you kiss me?
6033,1980,9,20,101,130,1.2923076923076924,0.0517391672208327,628,What do you mean I have to wear shoes?
5095,1980,4,30,96,130,1.2923076923076924,0.04561401651708575,628,"Yeah, you'd hit the booze too if your finances were in the toilet. I'm barely keeping my head below water."
6663,1980,6,26,98,130,1.2923076923076924,0.04815765434045453,628,"Listen, Buster, if your girlfriend had just swum off with a lobster, you'd be slammin' shots too."
6983,1980,5,28,97,130,1.2923076923076924,0.04690308185181263,628,"I know I drink like a fish, but even a fish out of water gets thirsty."
7429,1980,4,30,96,130,1.2923076923076924,0.04561401651708575,628,I'm just looking for a good lounge where you don't have to dance.
7824,1980,6,26,98,130,1.2923076923076924,0.04815765434045453,628,"Ok,now I will try that mexican drink with the worm in it.  I am ready to be hooked"
7932,1980,4,30,96,130,1.2923076923076924,0.04561401651708575,628,What do you mean it's not your policy to serve fish with scales?...
6044,1980,6,26,98,130,1.2923076923076924,0.04815765434045453,628,"Fish aren't supposed to feel pain, she tells me."
4511,1980,5,28,97,130,1.2923076923076924,0.04690308185181263,628,"For the last time, the name is Gil ... one L, no S."
2058,1980,7,24,99,130,1.2923076923076924,0.04938036306014327,628,...Every guy with a shiny lure thinks I’ll go for it. Do they really think it’s that simple?
3229,1980,6,26,98,130,1.2923076923076924,0.04815765434045453,628,She left me for a Yellowfin Tuna.
2937,1980,8,22,100,130,1.2923076923076924,0.05057351916100387,628,Yeah? And you breathe like a bartender.
2794,1980,9,20,101,130,1.2923076923076924,0.0517391672208327,628,What's a plaice like me doing in a bar like this?
4410,1980,7,24,99,130,1.2923076923076924,0.04938036306014327,628,I'll have what the rabbi is having.
2007,1980,6,26,98,130,1.2923076923076924,0.04815765434045453,628,"Go ahead. Go ahead! Say it? Drinks like a what, Larry? DRINKS LIK A WHAT?"
1465,1980,4,30,96,130,1.2923076923076924,0.04561401651708575,628,"I knew she was cold-blooded, but I didn't think she'd spawn with my best friend."
1425,1980,8,22,100,130,1.2923076923076924,0.05057351916100387,628,She left me for an invertebrate.
1271,1980,6,26,98,130,1.2923076923076924,0.04815765434045453,628,"No, I don’t “want the worm.” Why do you ask?"
1128,1980,7,24,99,130,1.2923076923076924,0.04938036306014327,628,They say that I drink like a human!
636,1980,4,30,96,130,1.2923076923076924,0.04561401651708575,628,What do you recommend? I'm a little wet behind the ears.
415,1980,6,26,98,130,1.2923076923076924,0.04815765434045453,628,"...that may very well be, sir, but right now I’m a fish out of vodka."
4933,2004,5,25,90,120,1.2916666666666667,0.04935981384847322,628,For your information: I've never been tanked.
5594,2004,4,27,89,120,1.2916666666666667,0.047920091827405385,628,I used to drink like a fish.  Now I come to the bar like everyone else.
5762,2004,5,25,90,120,1.2916666666666667,0.04935981384847322,628,This place is shallow.
5815,2004,6,23,91,120,1.2916666666666667,0.05075871595662061,628,"So I sez to her, ""Ok since when was drinking like a fish a crime?"""
6007,2004,6,23,91,120,1.2916666666666667,0.05075871595662061,628,I’ve been accused of drinking like a man
7913,2004,6,23,91,120,1.2916666666666667,0.05075871595662061,628,How about  a not so dry martini?
6452,2004,8,19,93,120,1.2916666666666667,0.05344678933652441,628,Yes I'm huge but you should have seen the one that got away!
6721,2004,8,19,93,120,1.2916666666666667,0.05344678933652441,628,So a fish walked into a bar and ...
7065,2004,5,25,90,120,1.2916666666666667,0.04935981384847322,628,"Oh I don't know, lately I've just been feeling like such a fish out of water."
7517,2004,7,21,92,120,1.2916666666666667,0.05212008507258843,628,No -  you're the one who drinks like a fish!
4769,2004,7,21,92,120,1.2916666666666667,0.05212008507258843,628,I'd rather die of alcohol poisoning than be strangled by plastic six packs floating in the Pacific ocean.
6325,2004,6,23,91,120,1.2916666666666667,0.05075871595662061,628,"Since she left, I’ve been like a fish out of water!"
4527,2004,5,25,90,120,1.2916666666666667,0.04935981384847322,628,"So,what's the me of the day?"
7279,2004,4,27,89,120,1.2916666666666667,0.047920091827405385,628,Don't give me that tartar sauce look.
4286,2004,5,25,90,120,1.2916666666666667,0.04935981384847322,628,"Yeah, I've got dobie gills, plus, I've got a couple of mickey fins."
3846,2004,8,19,93,120,1.2916666666666667,0.05344678933652441,628,"What, you’ve never served tuna before?"
3795,2004,5,25,90,120,1.2916666666666667,0.04935981384847322,628,Can you believe she said I drank like a fish?!?
2969,2004,3,29,88,120,1.2916666666666667,0.04643575323323615,628,"And then I says to her ""Yeah, well at least I don't smoke like a chimney"""
2219,2004,2,31,87,120,1.2916666666666667,0.044902373611302976,628,fillet up
2165,2004,6,23,91,120,1.2916666666666667,0.05075871595662061,628,I'm parched.  I'll have a wet martini.
1794,2004,6,23,91,120,1.2916666666666667,0.05075871595662061,628,I fell in love with a mermaid but you know what they say about mixed marriages
1104,2004,6,23,91,120,1.2916666666666667,0.05075871595662061,628,Can you make a wet martini?
941,2004,4,27,89,120,1.2916666666666667,0.047920091827405385,628,Im the one that got away.....
310,2004,4,27,89,120,1.2916666666666667,0.047920091827405385,628,I fell for it hook line and sinker.
79,2004,6,23,91,120,1.2916666666666667,0.05075871595662061,628,One Tequila with the worm in it
4444,2004,5,25,90,120,1.2916666666666667,0.04935981384847322,628,"I’ll have my usual, a Cape Cod."""
2872,2030,6,26,99,131,1.2900763358778626,0.04784068984875744,628,"I don’t know, it just seemed like there was something fishy about this place."
4320,2031,5,10,54,69,1.289855072463768,0.07182153593770546,628,"First I was hunted as ""brain food"", now for my heart-friendly Omega-3s. Gimme another."
4414,2032,5,27,96,128,1.2890625,0.047257909482034906,628,"I know that I drink like a fish, but what did you expect?"
5515,2032,4,29,95,128,1.2890625,0.045937767822884175,628,I'm meeting Mr. Limpet
5383,2032,6,25,97,128,1.2890625,0.048542162134326036,628,Don’t call me Wanda!
5186,2032,7,23,98,128,1.2890625,0.04979330276993271,628,"I was supposed to be a mermaid, but gene splicing was still in development."
4248,2032,5,27,96,128,1.2890625,0.047257909482034906,628,on a scale of 1 to 10
5096,2032,4,29,95,128,1.2890625,0.045937767822884175,628,"Its those stupid clownfish, they think they're so funny"
5069,2032,5,27,96,128,1.2890625,0.047257909482034906,628,You have no idea how we drink.
4977,2032,7,23,98,128,1.2890625,0.04979330276993271,628,"I won't accept hush money, and I'd never sign an NDA."
4886,2032,6,25,97,128,1.2890625,0.048542162134326036,628,Hey! I'm out of water!
4751,2032,6,25,97,128,1.2890625,0.048542162134326036,628,My head is NOT swimming!
4644,2032,7,23,98,128,1.2890625,0.04979330276993271,628,"I’ll have an EPA one the rocks—river water with a dash of pesticides, PCBs and growth hormone."
4573,2032,7,23,98,128,1.2890625,0.04979330276993271,628,What? You’ve never seen a simile drink before?
4493,2032,6,25,97,128,1.2890625,0.048542162134326036,628,"Scaled, not stirred."
5632,2032,5,27,96,128,1.2890625,0.047257909482034906,628,"And then she said, ‘Face it, Gary, I’ve just got bigger fish to fry.’"
4348,2032,6,25,97,128,1.2890625,0.048542162134326036,628,"No need to be coy, Roy!"
6046,2032,5,27,96,128,1.2890625,0.047257909482034906,628,Water? Water?  People pee in it ...!
6762,2032,5,27,96,128,1.2890625,0.047257909482034906,628,I got hooked young
6171,2032,6,25,97,128,1.2890625,0.048542162134326036,628,My friend say I drink like a fish.
4225,2032,6,25,97,128,1.2890625,0.048542162134326036,628,"You say it’s not that kind of bar? Well, I’m not that kind of fish."
7958,2032,6,25,97,128,1.2890625,0.048542162134326036,628,"It’s just not right, I mean you never hear us saying, “I think I smell something humany going on around here”."
8026,2032,6,25,97,128,1.2890625,0.048542162134326036,628,"'I wouldn't be caught dead at one of those seafood bars."""
7838,2032,3,31,94,128,1.2890625,0.04457854883782356,628,"I am just waiting for my three friends, the minister, the priest and the rabbi to walk into this bar."
7826,2032,3,31,94,128,1.2890625,0.04457854883782356,628,A quick one while my bicycle's being serviced.
7737,2032,9,19,100,128,1.2890625,0.05220570843178142,628,Not dry! Wet! I want a wet martini!
7665,2032,4,29,95,128,1.2890625,0.045937767822884175,628,"Charlie Tuna? Sure I knew Charlie. What a jerk. Met him in rehab...always acting like a big shot...'cause of the commercials. Went around saying Flounder would be nothing without him. Sure, like she'd give him the time of day."
7458,2032,5,27,96,128,1.2890625,0.047257909482034906,628,Aw - Come on - One for the .... river
7237,2032,7,23,98,128,1.2890625,0.04979330276993271,628,"So you're saying I drink like a fish?
It's not like I have any choice bub."
6959,2032,6,25,97,128,1.2890625,0.048542162134326036,628,Would you please tell Mr. Collins that  Wanda would like a word with  him
6915,2032,8,21,99,128,1.2890625,0.051013767718148216,628,if anyone asks...you haven't seen me
6749,2032,6,25,97,128,1.2890625,0.048542162134326036,628,Water just doesn't quite take the edge off.
6718,2032,5,27,96,128,1.2890625,0.047257909482034906,628,One more please...still waiting for the guy I met on Fin-der.
6371,2032,5,27,96,128,1.2890625,0.047257909482034906,628,And you have any idea how much school costs these days?
6186,2032,5,27,96,128,1.2890625,0.047257909482034906,628,Does Fish called Wanda ever come in here?
6117,2032,7,23,98,128,1.2890625,0.04979330276993271,628,What time is the bowl game?
4207,2032,4,29,95,128,1.2890625,0.045937767822884175,628,"No lemon in the water, please. Just salt."
3098,2032,9,19,100,128,1.2890625,0.05220570843178142,628,"So the rabbi says ""What is this, a joke?"""
4028,2032,7,23,98,128,1.2890625,0.04979330276993271,628,Yeah?  Well so what that I drink like a fish?
1382,2032,8,21,99,128,1.2890625,0.051013767718148216,628,Don’t water it down this time!
1076,2032,7,23,98,128,1.2890625,0.04979330276993271,628,Times are tough when you are a school drop out.
826,2032,7,23,98,128,1.2890625,0.04979330276993271,628,It was then I realized I was like a fish out of water trying trying to fully understand mans' inhumanity to man
778,2032,4,29,95,128,1.2890625,0.045937767822884175,628,"Fortunately for you, I prefer my drinks watered down"
675,2032,2,33,93,128,1.2890625,0.04317656216540669,628,How dry I am.
517,2032,5,27,96,128,1.2890625,0.047257909482034906,628,Hit me again. I'm drying out.
1453,2032,7,23,98,128,1.2890625,0.04979330276993271,628,"And then she said, ""there's still plenty of fish in the sea""..."
4196,2032,11,15,102,128,1.2890625,0.054511457373566496,628,I'll show you a pickled herring.
354,2032,3,31,94,128,1.2890625,0.04457854883782356,628,Turns out there are NOT plenty of fish in the sea.
237,2032,8,21,99,128,1.2890625,0.051013767718148216,628,"I'm an alcoholic - hook, line and sinker."
102,2032,6,25,97,128,1.2890625,0.048542162134326036,628,Well of course I drink like a fish!
83,2032,5,27,96,128,1.2890625,0.047257909482034906,628,Sometimes I feel like a fish out of water---why is that?
43,2032,6,25,97,128,1.2890625,0.048542162134326036,628,Just water .
29,2032,7,23,98,128,1.2890625,0.04979330276993271,628,Another Tequila Gusano but make it two worms please this time
387,2032,3,31,94,128,1.2890625,0.04457854883782356,628,"Sorry Sir, but I do not think a fish can drown his sorrows."
1461,2032,6,25,97,128,1.2890625,0.048542162134326036,628,I was flushed!  Flushed!
450,2032,6,25,97,128,1.2890625,0.048542162134326036,628,And don't tell me I drink like a fish.
1920,2032,7,23,98,128,1.2890625,0.04979330276993271,628,She left me for an Albacore. He had a high net worth.
1482,2032,8,21,99,128,1.2890625,0.051013767718148216,628,Make it one for my baby and one more for the stream.
3943,2032,6,25,97,128,1.2890625,0.048542162134326036,628,"I suppose you're going to tell me I can't smoke in here, either."
3880,2032,4,29,95,128,1.2890625,0.045937767822884175,628,My wife kicked me out because she thinks I drink like a fish.
3806,2032,3,31,94,128,1.2890625,0.04457854883782356,628,"...and then I said,'Don't play Koi,I know you wanted me to buy you that drink.'"
3667,2032,6,25,97,128,1.2890625,0.048542162134326036,628,And you can wipe that smirk off your face.
3300,2032,10,17,101,128,1.2890625,0.053371036048845494,628,"Sorry, sir, it’s Friday. We don’t serve fish."
3253,2032,4,29,95,128,1.2890625,0.045937767822884175,628,No more tequila.  Just the worm.
3723,2032,4,29,95,128,1.2890625,0.045937767822884175,628,Out of water? That makes two of us...
3173,2032,9,19,100,128,1.2890625,0.05220570843178142,628,Whaddaya mean you don't serve my kind? What makes your phylogeny better than my ontogeny?
2975,2032,5,27,96,128,1.2890625,0.047257909482034906,628,It's physiologically impossible for me to drown my sorrows.
2435,2032,6,25,97,128,1.2890625,0.048542162134326036,628,But I want a straw!
2008,2032,11,15,102,128,1.2890625,0.054511457373566496,628,What pairs well with seafood?
1963,2032,7,23,98,128,1.2890625,0.04979330276993271,628,"And then she said “At my age, I’d rather have a talking fish. “"
3915,2100,9,21,105,135,1.288888888888889,0.05028021717875754,628,What is water?
4050,2100,6,27,102,135,1.288888888888889,0.0468660354734897,628,Saying Go Fish every time I ask for another Mezcal isn't funny anymore!
5657,2100,3,33,99,135,1.288888888888889,0.04318275491977978,628,I'm having a Kafkaesque drinking experience.
6434,2103,3,28,87,118,1.2881355932203389,0.04677285818683729,628,Can I get a glass of salt water on the rocks?
7022,2103,8,18,92,118,1.2881355932203389,0.053963163557996255,628,"Listen pal, it's ""hairless,"" not ""bald."""
6706,2103,7,20,91,118,1.2881355932203389,0.0526037875969292,628,"That's Ms. Goldie to you! Now, pour me another tequila."
6810,2103,5,24,89,118,1.2881355932203389,0.04977378191633038,628,"When I start saying you look like a mermaid, cut me off."
6950,2103,4,26,88,118,1.2881355932203389,0.04829663357430002,628,"Wow, no way, I just got a chill up my spine, yes I am a 'Pisces', how did you know!"
6567,2103,6,22,90,118,1.2881355932203389,0.051208338362991525,628,Did I ever to you about the time I hooked a 250 pound fisherman?
7110,2103,8,18,92,118,1.2881355932203389,0.053963163557996255,628,I’m hooked on this!
7859,2103,6,22,90,118,1.2881355932203389,0.051208338362991525,628,I ain't a catch
7286,2103,6,22,90,118,1.2881355932203389,0.051208338362991525,628,"Listen buddy, if anyone asks, I drink like a horse. Got it?"
7304,2103,5,24,89,118,1.2881355932203389,0.04977378191633038,628,They told me this was an upscale WET BAR!
7321,2103,9,16,93,118,1.2881355932203389,0.05528912707604695,628,"So, I was just sitting there, minding my own business...."
7550,2103,5,24,89,118,1.2881355932203389,0.04977378191633038,628,Then this guy in concrete shoes shows up and you won’t believe what he wanted.
7794,2103,7,20,91,118,1.2881355932203389,0.0526037875969292,628,My whole school is planning to stage a swim-in until our demands are met.
7745,2103,5,24,89,118,1.2881355932203389,0.04977378191633038,628,I realized I preferred  being a big fish in a small pond.
5020,2103,7,20,91,118,1.2881355932203389,0.0526037875969292,628,"Pond water, no rocks."
7284,2103,6,22,90,118,1.2881355932203389,0.051208338362991525,628,I prefer a wine that's not too dry!
4733,2103,7,20,91,118,1.2881355932203389,0.0526037875969292,628,Gimme a glass of  water.
6770,2103,6,22,90,118,1.2881355932203389,0.051208338362991525,628,You mean “endangered” not “over-served”.
4171,2103,6,22,90,118,1.2881355932203389,0.051208338362991525,628,"I am a cliche come to life, but I would like a Manhattan."
379,2103,5,24,89,118,1.2881355932203389,0.04977378191633038,628,And then she told me I'm no Prize! Can you believe that?
564,2103,6,22,90,118,1.2881355932203389,0.051208338362991525,628,"Man, I was taken hook line and sinker."
1564,2103,4,26,88,118,1.2881355932203389,0.04829663357430002,628,"Of all the gin joints in all the towns in all the world, she swims into mine."
1574,2103,7,20,91,118,1.2881355932203389,0.0526037875969292,628,Who said I drink like a fish? I want names!
1883,2103,6,22,90,118,1.2881355932203389,0.051208338362991525,628,I'm waiting for a priest and a rabbi.
2135,2103,7,20,91,118,1.2881355932203389,0.0526037875969292,628,Do I look like someone who has sex on the beach to you?
2248,2103,6,22,90,118,1.2881355932203389,0.051208338362991525,628,"You see, I can't exactly ""drown"" my sorrows."
4419,2103,6,22,90,118,1.2881355932203389,0.051208338362991525,628,"Look, I'm up to my gills in bad advice."
3387,2103,7,20,91,118,1.2881355932203389,0.0526037875969292,628,I've been told I drink like a fish.
2571,2103,4,26,88,118,1.2881355932203389,0.04829663357430002,628,So did you hear the one about a lawyer who walked into a bar?
3518,2103,5,24,89,118,1.2881355932203389,0.04977378191633038,628,Somebody told me this joint was under water
3565,2103,4,26,88,118,1.2881355932203389,0.04829663357430002,628,"To be honest , I find the expression offensive."
3971,2103,5,24,89,118,1.2881355932203389,0.04977378191633038,628,I remind you of a simile? Pour my a double and I’ll guess which one.
4005,2103,5,24,89,118,1.2881355932203389,0.04977378191633038,628,"Finally, a bar without the trite ""So shoes, no shirt, no service"" sign. I'll have a Margarita on the rocks with no salt."
5506,2136,5,26,94,125,1.288,0.047946206415913864,628,I'm just a fish out of gin.
5365,2136,6,24,95,125,1.288,0.04927343064717471,628,Don't even think it.
5302,2136,6,24,95,125,1.288,0.04927343064717471,628,Do I look like I want a dry Martini
5238,2136,6,24,95,125,1.288,0.04927343064717471,628,"Give me a tub of cold water,
And a whiskey chaser!"
4831,2136,5,26,94,125,1.288,0.047946206415913864,628,"Excuse me, barkeep, I'm outta water."
4899,2136,8,20,97,125,1.288,0.0518260116531358,628,Cut the carp and get me a drink
5610,2136,3,30,92,125,1.288,0.04517492881619613,628,Half salt the rim- I'm brackish.
4541,2136,7,22,96,125,1.288,0.05056583061521339,628,"Believe me, I've always drank like a fish."
4267,2136,6,24,95,125,1.288,0.04927343064717471,628,This sort of behavior was frowned upon in my old school.
4943,2136,5,26,94,125,1.288,0.047946206415913864,628,But I'm handling things swimmingly!
5988,2136,7,22,96,125,1.288,0.05056583061521339,628,Suggestions for a fish out of water?
6249,2136,5,26,94,125,1.288,0.047946206415913864,628,"Yeah, ever since the divorce I’ve been drinking like a man."
6247,2136,4,28,93,125,1.288,0.04658118130332145,628,I have never understood that simile. Could you explain it to me?
3994,2136,7,22,96,125,1.288,0.05056583061521339,628,"Yeah, yeah, I know."
6349,2136,6,24,95,125,1.288,0.04927343064717471,628,Just because I'm a bottom feeder doesn't me you have the right to refuse service.
6373,2136,6,24,95,125,1.288,0.04927343064717471,628,I am going to need a speech bubble
6698,2136,4,28,93,125,1.288,0.04658118130332145,628,"I said reincarnate me as something sleek and sexy, and well, someone has a real sense of humour."
6729,2136,6,24,95,125,1.288,0.04927343064717471,628,I got kicked out of school for drinking like a bird.
6738,2136,6,24,95,125,1.288,0.04927343064717471,628,What?! You’ve never seen a fish out of water?
6952,2136,6,24,95,125,1.288,0.04927343064717471,628,"Hey handsome, ever sleep with the fishes?"
7034,2136,7,22,96,125,1.288,0.05056583061521339,628,I mustache you for a drink.
7182,2136,5,26,94,125,1.288,0.047946206415913864,628,"Water & Scotch, please."
7430,2136,6,24,95,125,1.288,0.04927343064717471,628,"Make it a double, just for the halibut"
7516,2136,7,22,96,125,1.288,0.05056583061521339,628,I think I'll always feel like a fish out of water
6156,2136,7,22,96,125,1.288,0.05056583061521339,628,My husband found out that I sleep with Luca Brasi.
3893,2136,8,20,97,125,1.288,0.0518260116531358,628,"Yes, but I don’t want to be out of beer too."
3656,2136,4,28,93,125,1.288,0.04658118130332145,628,"I already told you, I need it to breathe!"
3788,2136,8,20,97,125,1.288,0.0518260116531358,628,So this horse walks into a bar....
76,2136,7,22,96,125,1.288,0.05056583061521339,628,Falling off the wagon isn't so bad when it's heading to the fish market.
84,2136,7,22,96,125,1.288,0.05056583061521339,628,"I wanna see the piano player who is making the ""tune-a-fish jokes!"
95,2136,7,22,96,125,1.288,0.05056583061521339,628,But I AM a fish.
239,2136,7,22,96,125,1.288,0.05056583061521339,628,I'll tell you when I've had enough!
269,2136,5,26,94,125,1.288,0.047946206415913864,628,Can I convince you to come run our new Sand Bar?
315,2136,6,24,95,125,1.288,0.04927343064717471,628,"Yeah, I am a Southeast Asian fighting fish.  Wanna make something of it?"
534,2136,6,24,95,125,1.288,0.04927343064717471,628,"If Mike of Mid-Atlantic Charter Fleet happens to call, tell him Big Bubba Bass was never here."
3797,2136,6,24,95,125,1.288,0.04927343064717471,628,"Another shot of salt water, mister? I’m dying over here!"
1168,2136,7,22,96,125,1.288,0.05056583061521339,628,So set “um”  up Joe. I got a fish story you oughtta know.
1336,2136,7,22,96,125,1.288,0.05056583061521339,628,I know I have a problem. I drink like a...uh... I don't know; some kind of animal that drinks a lot!
620,2136,7,22,96,125,1.288,0.05056583061521339,628,"Well, what did you expect?"
1854,2136,2,32,91,125,1.288,0.043723471219516315,628,"This time, leave the worm in."
1968,2136,5,26,94,125,1.288,0.047946206415913864,628,"Better not shut me off, I've got a mercurial temper!"
1969,2136,10,16,99,125,1.288,0.05425863986500215,628,"Give me six martinis, I want to go down to the sea in sips."
2712,2136,7,22,96,125,1.288,0.05056583061521339,628,"I am not drunk as a fish, I am just a fish out of water or in this case out of vodka."
8038,2136,6,24,95,125,1.288,0.04927343064717471,628,"I know I drink like a fish.
I AM a fish."
2939,2136,5,26,94,125,1.288,0.047946206415913864,628,She says I drink like a fish. What did she expect?
3104,2136,6,24,95,125,1.288,0.04927343064717471,628,What's the matter - Never seen someone drink like a fish before!
3193,2136,6,24,95,125,1.288,0.04927343064717471,628,"Another Scotch and water.  And this time don't hold back on the water, for Crissakes."
1788,2136,6,24,95,125,1.288,0.04927343064717471,628,What kind of water do you have on tap?
2851,2136,4,28,93,125,1.288,0.04658118130332145,628,"I just can't help the way I feel.  She's got me hook, line and sinker!"
1298,2185,7,19,89,115,1.2869565217391303,0.05350451750113149,628,What does a gill have to do to get a drink around here.
2314,2185,6,21,88,115,1.2869565217391303,0.05205937083496271,628,Keep the rounds coming- I can drink like a fish
5635,2185,7,19,89,115,1.2869565217391303,0.05350451750113149,628,"I swear, if you tell me to 'carpe diem', I'm going to flop over this bar and slap that mustache off your face."
5765,2185,5,23,87,115,1.2869565217391303,0.05057294524185284,628,"Well, how else would you expect me to drink?"
6291,2185,6,21,88,115,1.2869565217391303,0.05205937083496271,628,"Whadya mean where's the whale?
Am I my blubber's kipper?"
511,2185,6,21,88,115,1.2869565217391303,0.05205937083496271,628,There's something fishy about this bar and I'm going to get to the bottom if it!
118,2185,6,21,88,115,1.2869565217391303,0.05205937083496271,628,What I object to is your assuming I have a drinking problem because I'm a fish.
3279,2192,6,25,98,129,1.2868217054263567,0.04821649342877802,628,Why is it that every bartender thinks I want a glass of mezcal?
3924,2192,8,21,100,129,1.2868217054263567,0.050666342877524695,628,"Yeah, well, fish don't drink Manhattans."
7890,2194,4,28,94,126,1.2857142857142858,0.04626650591044237,628,You can increase your business by simply advertising on the net
5032,2194,7,22,97,126,1.2857142857142858,0.05021495743414883,628,Light on the Scotch and heavy on the water
5085,2194,3,30,93,126,1.2857142857142858,0.04487321519767523,628,Hook me up with a worm and a Mezcal chaser.
5108,2194,6,24,96,126,1.2857142857142858,0.048934219347295735,628,"We’re in a nasty custody suit for the 456 kids after his affair
with that mute custodian home wrecker."
5121,2194,5,26,95,126,1.2857142857142858,0.04761904761904762,628,"Well, Mack, that's pretty cliche, but, yeah, I can hold my own."
5175,2194,5,26,95,126,1.2857142857142858,0.04761904761904762,628,Line up another six shots. I'm drinking for the whole school tonight.
5208,2194,6,24,96,126,1.2857142857142858,0.048934219347295735,628,Problems?  I'm swimming in 'em.
5554,2194,3,30,93,126,1.2857142857142858,0.04487321519767523,628,''I'm a bit concerned about Roe v. Wade''
5575,2194,3,30,93,126,1.2857142857142858,0.04487321519767523,628,"Listen, I know watered-down."
5618,2194,8,20,98,126,1.2857142857142858,0.05146383270897637,628,I'm worried they're going to flip on me.
5751,2194,5,26,95,126,1.2857142857142858,0.04761904761904762,628,"You are the first man who ""gets me"" when I say I need a drink..."
5835,2194,7,22,97,126,1.2857142857142858,0.05021495743414883,628,"One for the road, joe. My baby' left me for a whale of a good time."
5882,2194,5,26,95,126,1.2857142857142858,0.04761904761904762,628,"Say I drink like a fish, one more time."
5950,2194,3,30,93,126,1.2857142857142858,0.04487321519767523,628,"'Yeah Louie, she must've thought I was some kind of sucker."""
5419,2194,7,22,97,126,1.2857142857142858,0.05021495743414883,628,Don't tell me the deal smells fishy!
5022,2194,8,20,98,126,1.2857142857142858,0.05146383270897637,628,"No, I want a Diet Coke. I drink like a fish that's in recovery."
4922,2194,5,26,95,126,1.2857142857142858,0.04761904761904762,628,"I'd better quit at six, Jack, I'm over legal weight already"
4911,2194,7,22,97,126,1.2857142857142858,0.05021495743414883,628,"It's none of your business but, yes, I DO drink like a fish."
4785,2194,5,26,95,126,1.2857142857142858,0.04761904761904762,628,What’s that smell?
4719,2194,7,22,97,126,1.2857142857142858,0.05021495743414883,628,"Another, please. I'm trying to drink like a man."
4653,2194,5,26,95,126,1.2857142857142858,0.04761904761904762,628,"Excuse me sir, I'm out of water."
4609,2194,6,24,96,126,1.2857142857142858,0.048934219347295735,628,so I kissed him and here I am
4583,2194,6,24,96,126,1.2857142857142858,0.048934219347295735,628,You look like you've never seen a fish before? I could use some water over here!
4580,2194,6,24,96,126,1.2857142857142858,0.048934219347295735,628,Stop me before I get fried.
4554,2194,6,24,96,126,1.2857142857142858,0.048934219347295735,628,Can I have a little bit more water please?
4512,2194,8,20,98,126,1.2857142857142858,0.05146383270897637,628,"I drink to all six of them: They all thought I was a great catch, but I took the bait and got way."
4316,2194,5,26,95,126,1.2857142857142858,0.04761904761904762,628,THIS'LL ALL SHOW ON THE SCALES TOMORROW
4239,2194,9,18,99,126,1.2857142857142858,0.05268311118453079,628,"Not surprising, but I drink like a fish!"
4219,2194,5,26,95,126,1.2857142857142858,0.04761904761904762,628,. . .and no straw!
4194,2194,6,24,96,126,1.2857142857142858,0.048934219347295735,628,"I tried AA, but it was just so old school."
3984,2194,4,28,94,126,1.2857142857142858,0.04626650591044237,628,The irony is not lost on me. Just keep pourin'!
4961,2194,4,28,94,126,1.2857142857142858,0.04626650591044237,628,"I am supposed to have a blind date with a mermaid named Wanda, have you seen her?"
5958,2194,4,28,94,126,1.2857142857142858,0.04626650591044237,628,"Get me another. I'm not up to the gills, yet."
6172,2194,8,20,98,126,1.2857142857142858,0.05146383270897637,628,"Scotch and aquarium water, please."
6183,2194,7,22,97,126,1.2857142857142858,0.05021495743414883,628,"And it should be ""as a fish"" anyway."
2368,2194,2,32,92,126,1.2857142857142858,0.04343525428949098,628,We fish actually drink the least of all sea creatures.
8030,2194,6,24,96,126,1.2857142857142858,0.048934219347295735,628,I look unsteady?  You try walking in these fins.
7936,2194,5,26,95,126,1.2857142857142858,0.04761904761904762,628,She said she'd like to see roe overturned. I thought she meant sex!
3874,2194,8,20,98,126,1.2857142857142858,0.05146383270897637,628,Keep 'em comin' son. I drink like a fish.
7812,2194,4,28,94,126,1.2857142857142858,0.04626650591044237,628,I just don't know if a 12-step program is right for me.
7789,2194,5,26,95,126,1.2857142857142858,0.04761904761904762,628,What kind of a dive bar doesn't have fish flakes?
7746,2194,7,22,97,126,1.2857142857142858,0.05021495743414883,628,"Rum and Coke, please. Though, to be honest, I pair best with a Pinot Noir."
7602,2194,4,28,94,126,1.2857142857142858,0.04626650591044237,628,"And then he just left, muttering about how I'd catfished him. I'm not even in the same genus as catfish!"
7594,2194,7,22,97,126,1.2857142857142858,0.05021495743414883,628,"I'll have a bourbon and water, please.  In a REALLY, REALLY big glass  ... And, hold the bourbon."
7583,2194,8,20,98,126,1.2857142857142858,0.05146383270897637,628,There's something fishy about this place.
7496,2194,6,24,96,126,1.2857142857142858,0.048934219347295735,628,Just set the bottle on the bar...and spare me the simile.
7428,2194,5,26,95,126,1.2857142857142858,0.04761904761904762,628,..and I told that old barfly that I wasn't falling for THAT line again.
7384,2194,7,22,97,126,1.2857142857142858,0.05021495743414883,628,I am one and I drink like one.
7365,2194,6,24,96,126,1.2857142857142858,0.048934219347295735,628,"Of course, I drink like a fish.  It's in my genes."
6034,2194,6,24,96,126,1.2857142857142858,0.048934219347295735,628,"Make it a strong one, there's a bunch of real sharks in that Go Fish Tournament."
7326,2194,5,26,95,126,1.2857142857142858,0.04761904761904762,628,And your bottom line will improve if you can get at least 10% to drink like a fish.
7150,2194,9,18,99,126,1.2857142857142858,0.05268311118453079,628,I come from a long line of pickled herrings who end up on squid roe.
7090,2194,6,24,96,126,1.2857142857142858,0.048934219347295735,628,I think I have a breathing problem.
7050,2194,6,24,96,126,1.2857142857142858,0.048934219347295735,628,There's something fishy about this drink!
6865,2194,3,30,93,126,1.2857142857142858,0.04487321519767523,628,I’ll take that extra dry.
6768,2194,5,26,95,126,1.2857142857142858,0.04761904761904762,628,"DRY  Vermouth, Please."
6763,2194,8,20,98,126,1.2857142857142858,0.05146383270897637,628,One martini. Two martini. Three martini. Flounder.
6687,2194,4,28,94,126,1.2857142857142858,0.04626650591044237,628,I hate bait and switch advertising.
6658,2194,9,18,99,126,1.2857142857142858,0.05268311118453079,628,"I'm cold blooded you moron.  I said Chivas ""neat""."
6614,2194,7,22,97,126,1.2857142857142858,0.05021495743414883,628,What's the name of that drink with the worm in the bottle?
6544,2194,5,26,95,126,1.2857142857142858,0.04761904761904762,628,"Hey man, I don't need to scale back."
6264,2194,8,20,98,126,1.2857142857142858,0.05146383270897637,628,"...and holds my head in the toilet yelling ""Don't play Koi me!"""
6262,2194,5,26,95,126,1.2857142857142858,0.04761904761904762,628,Stereotypes don’t come out of thin air!
6240,2194,6,24,96,126,1.2857142857142858,0.048934219347295735,628,Tell me if you've heard this one.
6184,2194,6,24,96,126,1.2857142857142858,0.048934219347295735,628,And tomorrow I gotta wake up early and jump to the top of that waterfall again.
7217,2194,6,24,96,126,1.2857142857142858,0.048934219347295735,628,"A fish glides into a Bar and says, 'I'm looking to hook up.'"
3807,2194,7,22,97,126,1.2857142857142858,0.05021495743414883,628,I’m catfishing a guy here tonight.
3975,2194,4,28,94,126,1.2857142857142858,0.04626650591044237,628,...so THEN she ups and dumps me for Marlin.
3769,2194,7,22,97,126,1.2857142857142858,0.05021495743414883,628,"... so she said, ‘A woman needs a man like a fish needs a bicycle.’  But honestly, I just wanted a drink."
1358,2194,9,18,99,126,1.2857142857142858,0.05268311118453079,628,"I heard someone say ‘He drinks like a fish,’ and that’s when it started."
1333,2194,4,28,94,126,1.2857142857142858,0.04626650591044237,628,"Okay, smart guy, if you think you know so much, what's my astrological sign?"
1292,2194,4,28,94,126,1.2857142857142858,0.04626650591044237,628,"What do you mean, you don't serve fish here?"
1142,2194,4,28,94,126,1.2857142857142858,0.04626650591044237,628,"No! I look like a fish outta VODKA, so shut up 'n' pour!"
1132,2194,5,26,95,126,1.2857142857142858,0.04761904761904762,628,Are you out of water?
1102,2194,3,30,93,126,1.2857142857142858,0.04487321519767523,628,5000 brothers and sisters and none showed up for my birthday party.
1099,2194,7,22,97,126,1.2857142857142858,0.05021495743414883,628,How do you know what a fish drinks like?
1093,2194,5,26,95,126,1.2857142857142858,0.04761904761904762,628,Something seem fishy in here or it’s just me?
1051,2194,6,24,96,126,1.2857142857142858,0.048934219347295735,628,What did I think of Jaws? We saw it in school and laughed our fins off. They needed a bigger boat? Well duh!
1018,2194,8,20,98,126,1.2857142857142858,0.05146383270897637,628,Oh yeah? Well -- you tend bar like an ox.
1008,2194,5,26,95,126,1.2857142857142858,0.04761904761904762,628,"If you must know, hooking up with my catch of the day."
984,2194,4,28,94,126,1.2857142857142858,0.04626650591044237,628,Martini. Not too dry.
980,2194,6,24,96,126,1.2857142857142858,0.048934219347295735,628,Tequila- with the worm
976,2194,7,22,97,126,1.2857142857142858,0.05021495743414883,628,"No, you're the problem! You wouldn't say that about the Irish, would you?!?"
942,2194,7,22,97,126,1.2857142857142858,0.05021495743414883,628,"now listen buddy. . . i'm telling you the truth. . . I got away from a 6"" 7"""" 345lb fisherman, believe it or not!"
839,2194,6,24,96,126,1.2857142857142858,0.048934219347295735,628,"If they were scales of justice, I would have arms."
761,2194,6,24,96,126,1.2857142857142858,0.048934219347295735,628,Put it on my gill.
533,2194,8,20,98,126,1.2857142857142858,0.05146383270897637,628,I'm not a hooker...I'm a hookee
464,2194,4,28,94,126,1.2857142857142858,0.04626650591044237,628,"Whiskey and water, hold the whiskey."
458,2194,6,24,96,126,1.2857142857142858,0.048934219347295735,628,"Well buddy, then what am I supposed to drink like?"
446,2194,6,24,96,126,1.2857142857142858,0.048934219347295735,628,Needs more plastic.
409,2194,6,24,96,126,1.2857142857142858,0.048934219347295735,628,"You probably don't get many carp in here
with $18.00 martinis !"
332,2194,8,20,98,126,1.2857142857142858,0.05146383270897637,628,No straw?
273,2194,7,22,97,126,1.2857142857142858,0.05021495743414883,628,No wisecracks about drinking like a fish.
250,2194,6,24,96,126,1.2857142857142858,0.048934219347295735,628,Which liquor has the worm at the bottom?
248,2194,7,22,97,126,1.2857142857142858,0.05021495743414883,628,I know I said dry but this is ridiculous.
167,2194,9,18,99,126,1.2857142857142858,0.05268311118453079,628,"Tub of water,please."
133,2194,3,30,93,126,1.2857142857142858,0.04487321519767523,628,Friends tell me I drink like a fish.
98,2194,4,28,94,126,1.2857142857142858,0.04626650591044237,628,"Maybe you know my cousin, Gil.  He was flushed about 10 days ago."
1584,2194,4,28,94,126,1.2857142857142858,0.04626650591044237,628,"I don’t know, it didn’t work out. Maybe I was a little too coy"
1643,2194,3,30,93,126,1.2857142857142858,0.04487321519767523,628,Why do they always throw me back?!
3783,2194,3,30,93,126,1.2857142857142858,0.04487321519767523,628,Salt water on the rocks my good sir.
1839,2194,7,22,97,126,1.2857142857142858,0.05021495743414883,628,Yes I can feel pain. My mermaid just dumped me.
1716,2194,7,22,97,126,1.2857142857142858,0.05021495743414883,628,I really like the atmosphere in here
3725,2194,7,22,97,126,1.2857142857142858,0.05021495743414883,628,And then I ran into this island of plastics...
3686,2194,5,20,80,105,1.2857142857142858,0.053647686871343615,628,"Actually, I'm an ASIAN Fighting Fish, and I'm going to have to ask you to step outside."
3661,2194,6,24,96,126,1.2857142857142858,0.048934219347295735,628,I would like a very dry martuna
3548,2194,7,22,97,126,1.2857142857142858,0.05021495743414883,628,All i asked for was the directions to the nearest watering hole
3396,2194,5,26,95,126,1.2857142857142858,0.04761904761904762,628,What do you expect? I'm a fish.
3317,2194,5,26,95,126,1.2857142857142858,0.04761904761904762,628,I specifically asked for NO SALT.
3267,2194,5,26,95,126,1.2857142857142858,0.04761904761904762,628,"So I said to myself, 'When are the chances I'll ever be in Lake Tahoe again?'"
3197,2194,4,28,94,126,1.2857142857142858,0.04626650591044237,628,This is not my usual watering hole.
3108,2194,7,22,97,126,1.2857142857142858,0.05021495743414883,628,"Oh, yeah? Well, I smoke like a chimney, too, so knock it off with the racial stereotypes and gimme another Dewar's!"
3021,2194,7,22,97,126,1.2857142857142858,0.05021495743414883,628,When do you get off the hook?
2893,2194,6,24,96,126,1.2857142857142858,0.048934219347295735,628,Bring in that guy who claimed he could out-drink a fish.
2883,2194,7,22,97,126,1.2857142857142858,0.05021495743414883,628,"I'm tell'en you, the guy at the end of the bar told me "" I was a great catch""."
2846,2194,4,22,79,105,1.2857142857142858,0.05191265860554197,628,I got this gimp fin during the battle of Salmon Run.
3245,2194,7,22,97,126,1.2857142857142858,0.05021495743414883,628,I once was quit a catch.
2661,2194,6,24,96,126,1.2857142857142858,0.048934219347295735,628,"I have seventeen kids at home, just give me the bottle"
1903,2194,5,26,95,126,1.2857142857142858,0.04761904761904762,628,"Another tequila. And hold the worm, wise guy!"
2766,2194,6,24,96,126,1.2857142857142858,0.048934219347295735,628,"A Manhattan with worms, please"
2087,2194,4,28,94,126,1.2857142857142858,0.04626650591044237,628,"Hey, I'm bald too."
2122,2194,7,22,97,126,1.2857142857142858,0.05021495743414883,628,Keep 'em coming-I plan to drink like a fish tonight.
2155,2194,7,22,97,126,1.2857142857142858,0.05021495743414883,628,Give me another shot. Someone stole my bicycle.
2187,2194,6,24,96,126,1.2857142857142858,0.048934219347295735,628,"No, you're out of YOUR element!"
2194,2194,7,22,97,126,1.2857142857142858,0.05021495743414883,628,You wanna know why I don't drink water? Cuz I fuck in it. Not spawn. Fuck.
1926,2194,4,28,94,126,1.2857142857142858,0.04626650591044237,628,"Yes, I admit it.  I drink like a fish."
2445,2194,4,28,94,126,1.2857142857142858,0.04626650591044237,628,Blame it on global warming and evolution.
2480,2194,6,24,96,126,1.2857142857142858,0.048934219347295735,628,Sex on the beach.
2552,2194,6,24,96,126,1.2857142857142858,0.048934219347295735,628,"Forget what they say, I'll take a Shirley Temple."
2644,2194,7,22,97,126,1.2857142857142858,0.05021495743414883,628,"Mikey,you flushed me down the toilet... So,keep 'em comin'."
2646,2194,6,24,96,126,1.2857142857142858,0.048934219347295735,628,I’m out f water? You’re out of water! This whole bar’s out of water!
2345,2194,4,28,94,126,1.2857142857142858,0.04626650591044237,628,Fishman's with a Bass Ale back!
618,2326,5,27,98,130,1.2846153846153847,0.04663336666654655,628,"And then she said it's because you drink like a fish!, so I say ""baby you knew who I was when you met me""."
87,2327,6,23,94,123,1.2845528455284554,0.049682887778708315,628,"No, I don’t want to see today’s seafood specials!"
5576,2327,5,25,93,123,1.2845528455284554,0.048322968831673835,628,"No, I'll tell you when I'm sloshed!"
3040,2327,6,23,94,123,1.2845528455284554,0.049682887778708315,628,"I'm the one that got away, and it's just damned lonely."
1312,2327,4,27,92,123,1.2845528455284554,0.04692365390058747,628,"Do I look like a pickled herring to you, Mac?"
1394,2327,4,27,92,123,1.2845528455284554,0.04692365390058747,628,"Bartender says, ""We don't get many fish in here."" Fish says, ""No, and with these prices, ya won't get many more!"""
1899,2327,6,23,94,123,1.2845528455284554,0.049682887778708315,628,Stop angling for a tip.
2630,2327,7,21,95,123,1.2845528455284554,0.05100656192448701,628,Schools are completely overrated. Dropping out was the best decision I ever made.
4353,2334,6,21,89,116,1.2844827586206897,0.05166788545334696,628,"Yeah, I know what I drink like. Now how about you give me my bourbon on the rocks?"
4300,2334,7,19,90,116,1.2844827586206897,0.05309892112558825,628,If you cut me off I’ll die.
6522,2334,4,25,87,116,1.2844827586206897,0.048679773132767,628,Skip the fish.  Just chips and a beer.
7175,2334,6,21,89,116,1.2844827586206897,0.05166788545334696,628,La Croix's target demographic
7499,2334,3,27,86,116,1.2844827586206897,0.047114703382027195,628,"A margarita on the rocks.....with sea salt, please."
5579,2334,7,19,90,116,1.2844827586206897,0.05309892112558825,628,"Yes, I know I drink like a fish...one more for the road please."
3839,2334,4,25,87,116,1.2844827586206897,0.048679773132767,628,"Hey pal, I'm the one who's out of water, capisce?"
5166,2334,6,21,89,116,1.2844827586206897,0.05166788545334696,628,My wife says I drink like a person.
1620,2334,6,21,89,116,1.2844827586206897,0.05166788545334696,628,"So I drink like a fish, so what?"
1283,2334,7,19,90,116,1.2844827586206897,0.05309892112558825,628,I'm trying to scale back but it's tough being an endangered species!
680,2334,5,23,88,116,1.2844827586206897,0.05019606906660046,628,"Look, there are certain expectations of me here, and I'm trying to live up to them."
543,2334,6,21,89,116,1.2844827586206897,0.05166788545334696,628,Let me guess: you were gonna tell me I drink like a fish.
3579,2334,7,19,90,116,1.2844827586206897,0.05309892112558825,628,"I'll take the mixed snacks, but please, please promise me there are no Pepperidge Farm Goldfish in there."
4394,2347,5,28,101,134,1.2835820895522387,0.045701726140799336,628,Hello sailor!!!!
3610,2348,5,26,96,127,1.2834645669291338,0.04729614264156065,628,Do you serve fish here?
3660,2348,4,28,95,127,1.2834645669291338,0.04595585633864275,628,"Never met a bottom feeder, eh?"
5155,2348,7,22,98,127,1.2834645669291338,0.04986876640419947,628,Saltwater - rocks.
5174,2348,4,28,95,127,1.2834645669291338,0.04595585633864275,628,I used to work for scale-- now I'm floundering. That's why I drink like a fish.
5699,2348,4,28,95,127,1.2834645669291338,0.04595585633864275,628,...and don't get me started about the other fish in the sea.
5963,2348,5,26,96,127,1.2834645669291338,0.04729614264156065,628,I should tell you- I drink like a fish.
6515,2348,5,26,96,127,1.2834645669291338,0.04729614264156065,628,"Look, man, I'm a fish out of vodka."
3440,2348,4,28,95,127,1.2834645669291338,0.04595585633864275,628,My human costume is at the cleaners.
7461,2348,5,26,96,127,1.2834645669291338,0.04729614264156065,628,You heard me. Extra dry!
7790,2348,5,26,96,127,1.2834645669291338,0.04729614264156065,628,". . . frat party . . . wanted to be a big drinker . . . anyway, I thought she said her NAME was genie . . . ."
7952,2348,6,24,97,127,1.2834645669291338,0.04859948030302107,628,Let me show you how a fish REALLY drinks!
7983,2348,5,26,96,127,1.2834645669291338,0.04729614264156065,628,"Yes, actually I AM a fish out of water."
8063,2348,8,20,99,127,1.2834645669291338,0.051106538129964296,628,"Well, did you expect me to drink like a camel?"
6231,2348,5,26,96,127,1.2834645669291338,0.04729614264156065,628,"Long story short, he was a total bass-hole."
2592,2348,6,24,97,127,1.2834645669291338,0.04859948030302107,628,Ever since my divorce I’ve become a stereotype.
4804,2348,5,26,96,127,1.2834645669291338,0.04729614264156065,628,Enough with those creepy goldfish crackers.  How about some olives?
2449,2348,7,22,98,127,1.2834645669291338,0.04986876640419947,628,You prayed for more customers who drink like a fish and here I am!
2506,2348,7,22,98,127,1.2834645669291338,0.04986876640419947,628,Got any worms?
3,2348,3,30,94,127,1.2834645669291338,0.044575288612246695,628,"Oh yeah?  Well, YOU pour like a bartender!"
166,2348,7,22,98,127,1.2834645669291338,0.04986876640419947,628,"Yeah, well, let me tell you something about raisin' kids...I've got 8,000 of them."
721,2348,7,22,98,127,1.2834645669291338,0.04986876640419947,628,"All right, screw it- I'll try the sushi."
805,2348,3,30,94,127,1.2834645669291338,0.044575288612246695,628,Sure I drink like a fish. But so would you if you had to swim upstream the same time every year whether you want to or not.
469,2348,8,20,99,127,1.2834645669291338,0.051106538129964296,628,Don't say it.
1931,2348,5,26,96,127,1.2834645669291338,0.04729614264156065,628,Just some water.
2048,2348,6,24,97,127,1.2834645669291338,0.04859948030302107,628,You don't understand! I can do this all day
2097,2348,4,28,95,127,1.2834645669291338,0.04595585633864275,628,I have 30 seconds to live
2114,2348,7,22,98,127,1.2834645669291338,0.04986876640419947,628,O.K. I think I've had enough. I don't wanna be drunk as a skunk.
2262,2348,4,28,95,127,1.2834645669291338,0.04595585633864275,628,What do you mean there’s no worm in the bottle?
866,2348,5,26,96,127,1.2834645669291338,0.04729614264156065,628,I drink therefore I am.
3995,2377,7,23,101,131,1.282442748091603,0.04879620659513006,628,"Hey, you taste just like a bartender I once ate."
3390,2378,8,19,97,124,1.282258064516129,0.05192401480808935,628,Oh yeah?  And how exactly does a fish drink buddy?
5819,2378,6,23,95,124,1.282258064516129,0.049333990581217756,628,"Yeah, so I drink like a fish.  That's how I know your drinks are watered down."
5526,2378,5,25,94,124,1.282258064516129,0.04798658440758398,628,"Double scotch neat, and hold the similes."
4632,2378,6,23,95,124,1.282258064516129,0.049333990581217756,628,"Maggie says I drink like a tuna. You know me - - - I'm more like a trout, right?"
3151,2378,7,21,96,124,1.282258064516129,0.050645562196792546,628,Never you mind what I drink like - just keep pouring!
7829,2378,4,27,93,124,1.282258064516129,0.04660023540224536,628,"I swear, that fisherman was as big as a house, and I dragged him down with my tail."
1803,2378,4,27,93,124,1.282258064516129,0.04660023540224536,628,"Martini, please. Extra Dry."
1477,2378,8,19,97,124,1.282258064516129,0.05192401480808935,628,I rode my bike.  How else would I get here?
7063,2378,5,25,94,124,1.282258064516129,0.04798658440758398,628,"I'm tellin' ya, it was THIS big"
6409,2378,4,27,93,124,1.282258064516129,0.04660023540224536,628,So I said “fish or cut bait!”
1838,2378,3,29,92,124,1.282258064516129,0.045171358137465624,628,A fish goes into a bar . . .
6534,2378,5,25,94,124,1.282258064516129,0.04798658440758398,628,Who you calling a GMO!
4379,2390,7,22,99,128,1.28125,0.04952716883444788,628,You'd look better without the mustache...
2626,2391,6,22,93,121,1.28099173553719,0.05010064319414108,628,Something wet and slippery.
6084,2391,7,20,94,121,1.28099173553719,0.05145692854512977,628,"So  a horse walks into a bar and the bartender says why the long face""......"
7803,2391,7,20,94,121,1.28099173553719,0.05145692854512977,628,Barkeep - give me a bottle of that tequila with the worm in it; hold the tequila.
3475,2391,7,20,94,121,1.28099173553719,0.05145692854512977,628,How about this time you serve the water back without cracking up!
1858,2391,7,20,94,121,1.28099173553719,0.05145692854512977,628,"I don't care if you did mean it idiomatically, it's racist!"
3468,2391,4,26,91,121,1.28099173553719,0.04727147506480756,628,"In case you haven't noticed, I am a fish!  Ergo - I drink like a fish - so keep 'em coming!"
4,2391,8,18,95,121,1.28099173553719,0.05277837191625511,628,"Yes, a martini, again, please. But don't make it dry."
1129,2391,6,22,93,121,1.28099173553719,0.05010064319414108,628,"Another ""Drinks like a fish"" wisecrack, and I'll filet you in a New York minnow."
137,2399,3,26,85,114,1.280701754385965,0.04746119592617889,628,How would you like it if I made a joke about you 'drinking like a human'?
210,2399,8,16,90,114,1.280701754385965,0.05503491704698066,628,And No! I am not hard of Herring
1242,2399,5,22,87,114,1.280701754385965,0.05062682993229085,628,"It's been said  ""I drink like a fish."""
1992,2399,4,24,86,114,1.280701754385965,0.04906954772430779,628,No more school for me.
6636,2399,4,24,86,114,1.280701754385965,0.04906954772430779,628,Got anything strong? I'm sick of salt water
7667,2399,2,28,84,114,1.280701754385965,0.045796394220704306,628,"Fish walks into a bar. Barman mulls the many, many alternatives to cracking fish-related drink jokes."
7684,2399,6,20,88,114,1.280701754385965,0.0521376188957463,628,"Ok, say it!
I drink like a fish"
3668,2406,0,33,85,118,1.2796610169491525,0.041494591610111084,628,Carp!  Carp!  Carp!
5818,2407,3,28,91,122,1.278688524590164,0.045472865282838615,628,Perhaps I've been drinking too much.  We were getting along swimmingly until just a moment ago.
5378,2407,6,22,94,122,1.278688524590164,0.04974163716327462,628,What did you say I drink like?
4865,2407,6,22,94,122,1.278688524590164,0.04974163716327462,628,"Seriously Carl, please remove that mirror.
I just want to forget for a while."
3311,2407,6,22,94,122,1.278688524590164,0.04974163716327462,628,"Can you believe it?
So I said: “how else am I supposed to drink?”."
1431,2407,7,20,95,122,1.278688524590164,0.051085354697474245,628,Could I have a beer? Wait; I forgot what I ordered... Could I have a beer? Wait; I forgot what I ordered...Could I have a beer? Wait; I forgot what I ordered...
4936,2412,6,21,92,119,1.2773109243697478,0.050526877536999686,628,I could drink twice this much and still walk toe to heel.
3705,2412,3,27,89,119,1.2773109243697478,0.046105051716132044,628,"Don't even try, I've heard them all ... ""Fish out of water"" ..."" Drinks like a fish"" ... ""Call me Ishmael"" and, no, I don't know Luca Brasi ... just hold the jokes and give me another double scotch!"
3531,2412,6,21,92,119,1.2773109243697478,0.050526877536999686,628,"You can lead a fish to water, but I prefer scotch.  Neat."
3453,2412,6,21,92,119,1.2773109243697478,0.050526877536999686,628,Then she has the nerve to tell me I drink like a fish.
3712,2412,5,23,91,119,1.2773109243697478,0.04909720460822299,628,"Bring me a water. And keep ‘em comin’, honey."
3916,2412,6,21,92,119,1.2773109243697478,0.050526877536999686,628,- and water on the side
3934,2412,6,21,92,119,1.2773109243697478,0.050526877536999686,628,$50 for a beer?  No wonder you don't see any fish in here.
3966,2412,7,19,93,119,1.2773109243697478,0.0519171956767333,628,I'd like 100 gallons of Tanqueray---to go.
4048,2412,8,17,94,119,1.2773109243697478,0.053271240460810235,628,What did ya expect? I drink like a fish.
4114,2412,5,23,91,119,1.2773109243697478,0.04909720460822299,628,Cut off? You try walking straight with fins for feet!
4322,2412,5,23,91,119,1.2773109243697478,0.04909720460822299,628,"No sir, this is not a joke! It’s more like an analogy."
4515,2412,8,17,94,119,1.2773109243697478,0.053271240460810235,628,"No, this is not a joke! You think I walked in here?"
4680,2412,3,27,89,119,1.2773109243697478,0.046105051716132044,628,I'll have  a Bass Ale please.
3371,2412,4,25,90,119,1.2773109243697478,0.047624632775953885,628,"If you dare make a comment about ""drinking like a fish"" I will end you."
4951,2412,7,19,93,119,1.2773109243697478,0.0519171956767333,628,"Yes, I can drink like a fish.  Can you drink like a bartender?"
6219,2412,6,21,92,119,1.2773109243697478,0.050526877536999686,628,"No offense, but these drinks taste a little watered down."
5314,2412,4,25,90,119,1.2773109243697478,0.047624632775953885,628,I'd love a glass of salt water
8001,2412,7,19,93,119,1.2773109243697478,0.0519171956767333,628,"...In contrast, if *you* were drinking like this, now that would be a simile. See?"
7999,2412,5,23,91,119,1.2773109243697478,0.04909720460822299,628,Don’t forget the splash of water.
7542,2412,2,29,88,119,1.2773109243697478,0.044533649529877505,628,"Yeah, I get that comment a lot. Never met the guy.  The name is Bob Fish, not Alex Fish, no relation."
7459,2412,3,27,89,119,1.2773109243697478,0.046105051716132044,628,It's still not dry enough.
7213,2412,5,23,91,119,1.2773109243697478,0.04909720460822299,628,"Yes, I have told I drink like a human."
7125,2412,10,13,96,119,1.2773109243697478,0.05588098752552578,628,"A priest, a rabbi, and a minister are swimming in the ocean...."
5115,2412,6,21,92,119,1.2773109243697478,0.050526877536999686,628,My friend is locking up my bicycle. Would you like to meet her?.
6700,2412,5,23,91,119,1.2773109243697478,0.04909720460822299,628,You know I can’t drink.
6284,2412,8,17,94,119,1.2773109243697478,0.053271240460810235,628,"If that's what you see, give  me some of what you're drinking because what I see is nothing to get excited about."
3344,2412,7,19,93,119,1.2773109243697478,0.0519171956767333,628,I thought he loved me. But all he wanted was to eat my children.
6122,2412,5,23,91,119,1.2773109243697478,0.04909720460822299,628,"No, I don't also smoke like a chimney"
6118,2412,6,21,92,119,1.2773109243697478,0.050526877536999686,628,"don't get koi with me, young man!"
5888,2412,7,19,93,119,1.2773109243697478,0.0519171956767333,628,It's a sand bar buddy. We're dry.
5359,2412,5,23,91,119,1.2773109243697478,0.04909720460822299,628,"To be precise, I drink like a carp."
6296,2412,8,17,94,119,1.2773109243697478,0.053271240460810235,628,"Yeah, I may be out of water but how can you be out of tequila?"
3341,2412,9,15,95,119,1.2773109243697478,0.05459171103318449,628,"A barrel of brine,shaken not stirred."
5807,2412,7,19,93,119,1.2773109243697478,0.0519171956767333,628,"Okay, a cod, a priest, and a rabbi walk into a bar..."
3144,2412,3,27,89,119,1.2773109243697478,0.046105051716132044,628,It's not easy to drown my sorrows.
3278,2412,4,25,90,119,1.2773109243697478,0.047624632775953885,628,Has someone accused me of drinking like a fish?
176,2412,5,23,91,119,1.2773109243697478,0.04909720460822299,628,Don't believe a thing that big mouth bass tells you.
217,2412,5,23,91,119,1.2773109243697478,0.04909720460822299,628,Yeah?! And you pour like a human!
231,2412,5,23,91,119,1.2773109243697478,0.04909720460822299,628,So I was elected Jury foreman..something about the scales of justice!
330,2412,4,25,90,119,1.2773109243697478,0.047624632775953885,628,"Actually, I don’t drink at all. Do you have any worms?"
334,2412,3,27,89,119,1.2773109243697478,0.046105051716132044,628,It was a rough day and I just need a couple to take the edge off. Don't let me get pickled.
621,2412,2,29,88,119,1.2773109243697478,0.044533649529877505,628,Do you have any tequila with a worm in it?
758,2412,5,23,91,119,1.2773109243697478,0.04909720460822299,628,"So I said to her, ""Oh yeah? Well, don't be koi with ME..."""
997,2412,5,23,91,119,1.2773109243697478,0.04909720460822299,628,Quit carping at me! You'd drink like a fish too if you had to spend your whole life in school.
1010,2412,4,25,90,119,1.2773109243697478,0.047624632775953885,628,That remark might be considered witty except for the fact that I AM A FISH.
1042,2412,8,17,94,119,1.2773109243697478,0.053271240460810235,628,"Listen buddy, if I could only remember the last three seconds of my life I wouldn't be ordering a seventh gin and tonic"
1252,2412,3,27,89,119,1.2773109243697478,0.046105051716132044,628,"I drink like a fish buddy, so don't even think of cutting me off!"
1325,2412,7,19,93,119,1.2773109243697478,0.0519171956767333,628,Give me your wettest martini.
1378,2412,8,17,94,119,1.2773109243697478,0.053271240460810235,628,"No, I'm not a cliche!"
93,2412,8,17,94,119,1.2773109243697478,0.053271240460810235,628,You'd drink too if you were married to a fishwife.
1434,2412,5,23,91,119,1.2773109243697478,0.04909720460822299,628,"On second thought, I'll pass. I've been drinking all day."
1383,2412,6,21,92,119,1.2773109243697478,0.050526877536999686,628,"You drink like a fish”
“That’s racist."
2983,2412,4,25,90,119,1.2773109243697478,0.047624632775953885,628,Don’t tell me I drink like a fish!
2955,2412,5,23,91,119,1.2773109243697478,0.04909720460822299,628,I’ll have a water with a splash.
2879,2412,4,25,90,119,1.2773109243697478,0.047624632775953885,628,Make it a dry martini!
2844,2412,5,23,91,119,1.2773109243697478,0.04909720460822299,628,"You, Sir, are a fishist."
2645,2412,5,23,91,119,1.2773109243697478,0.04909720460822299,628,"for the last time...its NOT like ""Shape of  Water!"""
2984,2412,4,25,90,119,1.2773109243697478,0.047624632775953885,628,"I'll have a glass of water,please"
2343,2412,4,25,90,119,1.2773109243697478,0.047624632775953885,628,"I used to drink like a fish, but I've scaled it back cuz people were starting to notice."
2315,2412,3,27,89,119,1.2773109243697478,0.046105051716132044,628,Admit it--you're trying to get me hooked.
2267,2412,6,21,92,119,1.2773109243697478,0.050526877536999686,628,"One more of these, and I'll be tanked"
1753,2412,4,25,90,119,1.2773109243697478,0.047624632775953885,628,Just don't tell me there are bigger fish in the sea.
1543,2412,5,23,91,119,1.2773109243697478,0.04909720460822299,628,Of course I drink like a fish. What else would I do?
1516,2412,6,21,92,119,1.2773109243697478,0.050526877536999686,628,"Now my ex... 
that one drinks like a fish."
2443,2412,5,23,91,119,1.2773109243697478,0.04909720460822299,628,Water? What's that?
4528,2477,5,16,73,94,1.2765957446808511,0.05740569802641552,628,I can't decide if I waant salt or fresh water...
6143,2478,5,24,94,123,1.2764227642276422,0.048019295357803964,628,You'd drink like a fish too if you were Donald Trump's lawyer.
6134,2478,7,20,96,123,1.2764227642276422,0.05071895867729956,628,"Well, they say beluga and vodka go well together."
5411,2478,6,22,95,123,1.2764227642276422,0.04938757685880951,628,One more snide comment about ‘pickled herring’ and you’ll be ‘sleeping with the fishes’...Capisce?
6081,2478,8,18,97,123,1.2764227642276422,0.05201627428636564,628,"I'll tell ya, this burg was better before they drained the Swamp."
6054,2478,5,24,94,123,1.2764227642276422,0.048019295357803964,628,Skip the water.  I know what happens in the water.
6354,2478,3,28,92,123,1.2764227642276422,0.04515852836409094,628,"No shoes, no shirt, no service!"
5969,2478,5,24,94,123,1.2764227642276422,0.048019295357803964,628,"When I’m not in school, I drink like a fish."
5903,2478,6,22,95,123,1.2764227642276422,0.04938757685880951,628,"No more net worth jokes, OK?"
5798,2478,3,28,92,123,1.2764227642276422,0.04515852836409094,628,I plan to go out with a splash
5788,2478,4,26,93,123,1.2764227642276422,0.04661086467053802,628,"I told you I'm not swimming home, I got an Uber coming."
5600,2478,4,26,93,123,1.2764227642276422,0.04661086467053802,628,"A double Tequila, straight up, with three worms."
6180,2478,8,18,97,123,1.2764227642276422,0.05201627428636564,628,"No more, Joe-- if I have another I'll be sleeping with the fishes."
6287,2478,6,22,95,123,1.2764227642276422,0.04938757685880951,628,Of course I drink like a fish!  What were you expecting?
4976,2478,5,24,94,123,1.2764227642276422,0.048019295357803964,628,"On a scale of one to ten, how do I look."
5261,2478,4,26,93,123,1.2764227642276422,0.04661086467053802,628,Yes I drink like a fish but I don’t want to hear any carping about it.
5202,2478,6,22,95,123,1.2764227642276422,0.04938757685880951,628,Another double Cuervo straight up - hold the worm.
5092,2478,2,30,91,123,1.2764227642276422,0.043657904927808924,628,Neat schmeet! More water this time.
5048,2478,3,28,92,123,1.2764227642276422,0.04515852836409094,628,"Wait, don't I get to do the worm?"
5047,2478,3,28,92,123,1.2764227642276422,0.04515852836409094,628,"So I drink like a fish...you gonna carp about it, you gill-less wankmaggot?"
4925,2478,4,26,93,123,1.2764227642276422,0.04661086467053802,628,No sushi? What kind of bar is this?
4912,2478,5,24,94,123,1.2764227642276422,0.048019295357803964,628,"Across the Pond they don’t
skip the vermouth..."
4873,2478,5,24,94,123,1.2764227642276422,0.048019295357803964,628,"So what's wrong with drinking like a fish, huh?"
4867,2478,5,24,94,123,1.2764227642276422,0.048019295357803964,628,I'm here to confirm the stereotype.
4853,2478,5,24,94,123,1.2764227642276422,0.048019295357803964,628,Water on the side.
4836,2478,5,24,94,123,1.2764227642276422,0.048019295357803964,628,guilty as charged
6417,2478,3,28,92,123,1.2764227642276422,0.04515852836409094,628,I just dropped off my daughter for her first year at school.
5309,2478,5,24,94,123,1.2764227642276422,0.048019295357803964,628,Have you heard the joke about two metaphors sitting on one bar stool?
6455,2478,6,22,95,123,1.2764227642276422,0.04938757685880951,628,And the worm thiiiis big!
7398,2478,5,24,94,123,1.2764227642276422,0.048019295357803964,628,Well...what SHOULD I drink like?
6584,2478,7,20,96,123,1.2764227642276422,0.05071895867729956,628,"Yes! You heard it right, I want some fish sticks!"
4636,2478,5,24,94,123,1.2764227642276422,0.048019295357803964,628,I would not be here if I took the bait.
7916,2478,8,18,97,123,1.2764227642276422,0.05201627428636564,628,Of course I do. Problem?
7923,2478,7,20,96,123,1.2764227642276422,0.05071895867729956,628,"I tell you, ...She had me by the gilles"
8022,2478,4,26,93,123,1.2764227642276422,0.04661086467053802,628,'Upstream' doesn't begin to describe it.
7840,2478,8,18,97,123,1.2764227642276422,0.05201627428636564,628,I'll have my usual Joe; double-martini - not too dry.
7679,2478,5,24,94,123,1.2764227642276422,0.048019295357803964,628,"I need 20 more drinks, please.  My whole school is here."
7657,2478,7,20,96,123,1.2764227642276422,0.05071895867729956,628,"Like I said, I drink like a fish."
7621,2478,6,22,95,123,1.2764227642276422,0.04938757685880951,628,"Listen.  I'm not drinking ""like"" anything. Okay?"
7620,2478,7,20,96,123,1.2764227642276422,0.05071895867729956,628,Whiskey and water—lots and lots of water
7597,2478,6,22,95,123,1.2764227642276422,0.04938757685880951,628,The bar scene makes me feel like a fish out of water
7580,2478,6,22,95,123,1.2764227642276422,0.04938757685880951,628,I don't have an ID!  Are you blind?  I'm a fish.
7519,2478,5,24,94,123,1.2764227642276422,0.048019295357803964,628,I’m not supposed to be at the bar. My wife says I drink like a fish.
6508,2478,5,24,94,123,1.2764227642276422,0.048019295357803964,628,"What do I want?
What do you think I want??
WATER!!!"
7440,2478,5,24,94,123,1.2764227642276422,0.048019295357803964,628,"... But on MY scales of one to ten, I’m fine."
7320,2478,3,28,92,123,1.2764227642276422,0.04515852836409094,628,"It’s just not right, I mean you never us saying, “I think I smell something humany going on around here.”"
7308,2478,5,24,94,123,1.2764227642276422,0.048019295357803964,628,"Well, duh, I do drink like a fish."
7297,2478,7,20,96,123,1.2764227642276422,0.05071895867729956,628,Scotch and water -- and make sure you change the water every week.
7206,2478,6,22,95,123,1.2764227642276422,0.04938757685880951,628,I know exactly what I drink like.
7077,2478,6,22,95,123,1.2764227642276422,0.04938757685880951,628,"You try drinking like a fish, fins and a martini is a real challenge."
7064,2478,5,24,94,123,1.2764227642276422,0.048019295357803964,628,So a red herring walks into a bar...
7007,2478,6,22,95,123,1.2764227642276422,0.04938757685880951,628,„Life was a lot easier in that little glass  bowl...!“
6925,2478,9,16,98,123,1.2764227642276422,0.0532820120862494,628,"If  it looks like a fish, swims like a fish, and drinks like a fish, then it probably is a fish."
6886,2478,7,20,96,123,1.2764227642276422,0.05071895867729956,628,"Stood up... after falling for him hook, line and sinker."
6704,2478,6,22,95,123,1.2764227642276422,0.04938757685880951,628,Hook me up with another one Sam.
6679,2478,6,22,95,123,1.2764227642276422,0.04938757685880951,628,"no one lives there anymore...., the water is too polluted."
6652,2478,4,26,93,123,1.2764227642276422,0.04661086467053802,628,"Not only do I drink like a fish, I swim like one too"
7348,2478,5,24,94,123,1.2764227642276422,0.048019295357803964,628,How about that Sally Hawkins in Shape of Water? What a catch.
4597,2478,5,24,94,123,1.2764227642276422,0.048019295357803964,628,I could get hooked on this Single Malt Scotch.
283,2478,6,22,95,123,1.2764227642276422,0.04938757685880951,628,"You pick, just mix it with water."
4459,2478,6,22,95,123,1.2764227642276422,0.04938757685880951,628,"I'll have another, I'm not diving."
1987,2478,5,24,94,123,1.2764227642276422,0.048019295357803964,628,For the last time...stop calling me Wanda!
1914,2478,2,30,91,123,1.2764227642276422,0.043657904927808924,628,"Salt water, please, with a dash of algae! No lemon or lime!"
1905,2478,6,22,95,123,1.2764227642276422,0.04938757685880951,628,Listen up. I'm a fish and I intend to drink like one.
1812,2478,5,24,94,123,1.2764227642276422,0.048019295357803964,628,I can tell they're watered down.
1712,2478,6,22,95,123,1.2764227642276422,0.04938757685880951,628,I can’t get that bar fly out of my mind.
1656,2478,3,28,92,123,1.2764227642276422,0.04515852836409094,628,"Wait, Wait, I Have One. . A Dolphin, A Flounder, and A Squid Walk Into A Bar..."
1521,2478,6,22,95,123,1.2764227642276422,0.04938757685880951,628,"Keep ‘em coming, Bartender...I’m nowhere near up to the gills yet"
1500,2478,5,24,94,123,1.2764227642276422,0.048019295357803964,628,I am so glad this is not a dry state.
1464,2478,5,24,94,123,1.2764227642276422,0.048019295357803964,628,What time do the barflies come in?
1423,2478,5,24,94,123,1.2764227642276422,0.048019295357803964,628,"I’m a fish out of water and three-sheets to the wind. Give me a break, pal"
1400,2478,5,24,94,123,1.2764227642276422,0.048019295357803964,628,I'll have a Bass Ale with a shot of Cutty Sark on the starboard side.
2003,2478,5,24,94,123,1.2764227642276422,0.048019295357803964,628,"Despite the stereotype, I'm actually one of the few who really drinks like a fish."
1345,2478,7,20,96,123,1.2764227642276422,0.05071895867729956,628,This game is a lie - this submission is pointless. You’ll get a hundred just like it. Winning isn’t about talent. Talent is dead.
1155,2478,2,30,91,123,1.2764227642276422,0.043657904927808924,628,How the hell else SHOULD I drink like?
1131,2478,6,22,95,123,1.2764227642276422,0.04938757685880951,628,Lucky for you I drink like one too.
1031,2478,9,16,98,123,1.2764227642276422,0.0532820120862494,628,Well you bartend like a human!
959,2478,4,26,93,123,1.2764227642276422,0.04661086467053802,628,"Don’t get koi with me, fella!"
562,2478,6,22,95,123,1.2764227642276422,0.04938757685880951,628,"You caution that I am ""drinking like a fish"" as if it is a bad thing."
484,2478,5,24,94,123,1.2764227642276422,0.048019295357803964,628,Something to drown myself Please
274,2478,5,24,94,123,1.2764227642276422,0.048019295357803964,628,So this fisherman walks into a bar.....
228,2478,4,26,93,123,1.2764227642276422,0.04661086467053802,628,Just a splash.
214,2478,5,24,94,123,1.2764227642276422,0.048019295357803964,628,Maybe I was the one that got away?
97,2478,6,22,95,123,1.2764227642276422,0.04938757685880951,628,I was lured here by a drunken sailor.
4544,2478,6,22,95,123,1.2764227642276422,0.04938757685880951,628,Another round to get that 'plastic' taste out of my gills.
1251,2478,6,22,95,123,1.2764227642276422,0.04938757685880951,628,"Yes, as a matter of fact, I can drink like a fish!"
2067,2478,5,24,94,123,1.2764227642276422,0.048019295357803964,628,"Drinks are great, but your bicycle rack leaves something to be desired."
1123,2478,5,24,94,123,1.2764227642276422,0.048019295357803964,628,"Yes, I drink like a fish! I AM a fish!!"
2263,2478,6,22,95,123,1.2764227642276422,0.04938757685880951,628,I get my share...after three drinks I look like a mermaid
2250,2478,9,16,98,123,1.2764227642276422,0.0532820120862494,628,I AM a fish!
4401,2478,6,22,95,123,1.2764227642276422,0.04938757685880951,628,How do you expect me to drink if it’s not like a fish?
4354,2478,8,18,97,123,1.2764227642276422,0.05201627428636564,628,"Yes, after 6 glasses, I AM out of water, why do you ask?"
4244,2478,5,24,94,123,1.2764227642276422,0.048019295357803964,628,"You would too, if you had to swim in what I do."
4190,2478,9,16,98,123,1.2764227642276422,0.0532820120862494,628,Oh yeah? Your mortgage underwater too?
4093,2478,6,22,95,123,1.2764227642276422,0.04938757685880951,628,"I've been accused of a lot, but I'm no stool pigeon."
3593,2478,9,16,98,123,1.2764227642276422,0.0532820120862494,628,"Hey bartender, I’m out of water."
3491,2478,6,22,95,123,1.2764227642276422,0.04938757685880951,628,Don't say it. I hate cliches
4451,2478,7,20,96,123,1.2764227642276422,0.05071895867729956,628,And my house is underwater.
3223,2478,4,26,93,123,1.2764227642276422,0.04661086467053802,628,I'll show you who drinks like a fish!!!
3187,2478,3,28,92,123,1.2764227642276422,0.04515852836409094,628,So when is drinking like a fish a crime?
3179,2478,4,26,93,123,1.2764227642276422,0.04661086467053802,628,"Sir, The waters of this world are so polluted that now I ONLY drink on the rocks"
3264,2478,6,22,95,123,1.2764227642276422,0.04938757685880951,628,Of course there are plenty of  fish in the sea. You're not listening! I'm done with fish!
3008,2478,5,24,94,123,1.2764227642276422,0.048019295357803964,628,"Not a school day, I’d guess"
2281,2478,5,24,94,123,1.2764227642276422,0.048019295357803964,628,"Okay, hit me with another 
“Oil Spill” but hold the plastic straw!"
2285,2478,6,22,95,123,1.2764227642276422,0.04938757685880951,628,"I know, I’m all washed up in this town"
3015,2478,6,22,95,123,1.2764227642276422,0.04938757685880951,628,"Thus the idiom, my good man. Now, serve up!"
2428,2478,4,26,93,123,1.2764227642276422,0.04661086467053802,628,"I said ""neat""."
2555,2478,5,24,94,123,1.2764227642276422,0.048019295357803964,628,Do I look like I drink like a fish?
2574,2478,5,24,94,123,1.2764227642276422,0.048019295357803964,628,It's time to live up to my reputation.
2307,2478,4,26,93,123,1.2764227642276422,0.04661086467053802,628,"Hit me again, Ahab!"
2641,2478,6,22,95,123,1.2764227642276422,0.04938757685880951,628,On the rocks never goes well.
2770,2478,6,22,95,123,1.2764227642276422,0.04938757685880951,628,I just love these new oxygen bars!
2935,2478,7,20,96,123,1.2764227642276422,0.05071895867729956,628,"And, no, I'm not here to drown my sorrows."
2986,2478,6,22,95,123,1.2764227642276422,0.04938757685880951,628,"You’d show more compassion if your woman were a cold-blooded, indiscriminate spawner."
2634,2478,4,26,93,123,1.2764227642276422,0.04661086467053802,628,"Yeah, well you eat like a human."
6135,2592,8,14,87,109,1.275229357798165,0.05662311637206057,628,"I saw it myself Ron, your sign said “Gone Fishing”!"
7666,2593,4,25,91,120,1.275,0.047282599946524534,628,"Waiter, I’m out of water!"
5054,2593,5,23,92,120,1.275,0.04874115591686399,628,I know I do. What did you expect.
7565,2593,3,27,90,120,1.275,0.045777595341980545,628,If ONE more person gives me the 'plenty more fish in the sea' line...
7149,2593,5,23,92,120,1.275,0.04874115591686399,628,"And I looked him in the eye and I said “Carpe Diem, my friend”"
6696,2593,8,17,95,120,1.275,0.05287597136071295,628,Leonard never took LSD at the aquarium again.
6131,2593,5,23,92,120,1.275,0.04874115591686399,628,"So, you’re a Sagittarius. I’m an aquarium myself."
5929,2593,2,29,89,120,1.275,0.044221399942620025,628,"No stupid,nothing ""dry"""
5712,2593,5,23,92,120,1.275,0.04874115591686399,628,Mezcal with worm please.
4283,2593,8,17,95,120,1.275,0.05287597136071295,628,And She was the One that got away
669,2593,2,29,89,120,1.275,0.044221399942620025,628,I just feel like I'm floundering through life.
2176,2593,6,21,93,120,1.275,0.05015731554340811,628,"I don't care if you're a vegetarian restaurant, you need to serve fish"
2139,2593,1,31,88,120,1.275,0.04260840516231734,628,And then she accused me of seeing a newt. Can you believe that? Me and a newt?
1200,2593,4,25,91,120,1.275,0.047282599946524534,628,I don't want any tequila; just the worm in the bottle!
726,2593,5,23,92,120,1.275,0.04874115591686399,628,"No ice, no water!!!  You don't want to know what fish and sea creatures do in the water!"
2331,2593,4,25,91,120,1.275,0.047282599946524534,628,Plankton on the rock please.  Make it a double.
5284,2608,4,24,89,117,1.2735042735042734,0.04798309277084512,628,Well now you know where the expression comes from.
5346,2608,3,26,88,117,1.2735042735042734,0.046422138851282976,628,"I knew something seemed fishy about the guy, we spawned together a couple weeks back."
5358,2608,10,12,95,117,1.2735042735042734,0.05644953932338094,628,Who drinks like a fish?
5380,2608,6,20,91,117,1.2735042735042734,0.050961766300933846,628,Keep in mind sea levels are rising.
5400,2608,7,18,92,117,1.2735042735042734,0.05238763060913073,628,"Yes, I'm drunk, and spare me the pickled herring jokes."
5424,2608,6,20,91,117,1.2735042735042734,0.050961766300933846,628,"If you had to swim in the Hudson, you'd drink like a fish too."
5471,2608,6,20,91,117,1.2735042735042734,0.050961766300933846,628,Leave the toilet seat down!
5502,2608,6,20,91,117,1.2735042735042734,0.050961766300933846,628,"And another thing, Cuomo doesn't even like fish."
5507,2608,2,28,87,117,1.2735042735042734,0.04480683830845536,628,Bring on the drinks. I need to get tanked!
5260,2608,5,22,90,117,1.2735042735042734,0.04949484223818946,628,"Another scotch and water, please, and hold the scotch."
5518,2608,6,20,91,117,1.2735042735042734,0.050961766300933846,628,"Gimme a water, and make it a double!"
5539,2608,5,22,90,117,1.2735042735042734,0.04949484223818946,628,"I'll just have some water, thank you."
5569,2608,4,24,89,117,1.2735042735042734,0.04798309277084512,628,Hit me again. I'm out of water.
5622,2608,4,24,89,117,1.2735042735042734,0.04798309277084512,628,I'll have a martini - wet.
5842,2608,4,24,89,117,1.2735042735042734,0.04798309277084512,628,I didn’t create the rising sea levels.  You did.
5799,2608,4,24,89,117,1.2735042735042734,0.04798309277084512,628,It's not easy being the one that got away!
5719,2608,5,22,90,117,1.2735042735042734,0.04949484223818946,628,...like a fish. I never heard that one before.
5630,2608,6,20,91,117,1.2735042735042734,0.050961766300933846,628,And then she said I wasn’t a catch.
5511,2608,6,20,91,117,1.2735042735042734,0.050961766300933846,628,"I'll give you three reasons why we are in a dream: I'm a giant fish.
We're both able to breath, and you're G. Gordon Liddy."
5255,2608,6,20,91,117,1.2735042735042734,0.050961766300933846,628,I didn’t always drink like a fish.
4141,2608,5,22,90,117,1.2735042735042734,0.04949484223818946,628,Don't even say it.
5149,2608,3,26,88,117,1.2735042735042734,0.046422138851282976,628,And now you know where the saying comes from.  You're welcome.
4012,2608,6,20,91,117,1.2735042735042734,0.050961766300933846,628,I don't really like tequila. But I'm hooked on those damn worms.
4097,2608,4,24,89,117,1.2735042735042734,0.04798309277084512,628,"A dry martini on the rocks with two fresh anchovies, please"""
4138,2608,4,24,89,117,1.2735042735042734,0.04798309277084512,628,I always feel like a fish out of water.
5857,2608,4,24,89,117,1.2735042735042734,0.04798309277084512,628,I got at least a dozen fish stories that beat that one.
4195,2608,7,18,92,117,1.2735042735042734,0.05238763060913073,628,My wife thinks I drink like a fish.
4235,2608,3,26,88,117,1.2735042735042734,0.046422138851282976,628,"Say I'm over the legal limit one more time, pal."
4296,2608,5,22,90,117,1.2735042735042734,0.04949484223818946,628,Can I get a shot of sardine juice?
4310,2608,3,26,88,117,1.2735042735042734,0.046422138851282976,628,"Yeah yeah I drink like a fish, like I haven't heard That one a million times."
4559,2608,4,24,89,117,1.2735042735042734,0.04798309277084512,628,She looked nothing like her profile -- second catfish this week.
5154,2608,3,26,88,117,1.2735042735042734,0.046422138851282976,628,"So just what the hell am I supposed to drink like""? [""supposed"" should be underlined"
4648,2608,7,18,92,117,1.2735042735042734,0.05238763060913073,628,I'll have a martini straight up two worms
4795,2608,1,30,86,117,1.2735042735042734,0.04313108557493457,628,"Thanks, I’m just happy to be off the hook!"
4839,2608,4,24,89,117,1.2735042735042734,0.04798309277084512,628,"Nothing too strong, I'm slippery when wet."
4963,2608,7,18,92,117,1.2735042735042734,0.05238763060913073,628,"Yeah, so.   I am a fish."
4988,2608,7,18,92,117,1.2735042735042734,0.05238763060913073,628,"I come home as a prize in a ping-pong ball carnival game, and thirty years later they throw me out for getting too big for my tank."
5027,2608,3,26,88,117,1.2735042735042734,0.046422138851282976,628,I gotta get tanked
5034,2608,6,20,91,117,1.2735042735042734,0.050961766300933846,628,Whatever Wanda wants . . .
5066,2608,1,30,86,117,1.2735042735042734,0.04313108557493457,628,Do I look like a freshwater fish to you? Just bring me the bottle.
5113,2608,5,22,90,117,1.2735042735042734,0.04949484223818946,628,The Rabbi and the Priest will be here shortly.
5146,2608,5,22,90,117,1.2735042735042734,0.04949484223818946,628,"Watch it, buddy—you don’t hear me saying you pollute waterways like a human."
4695,2608,5,22,90,117,1.2735042735042734,0.04949484223818946,628,And that was the last time I played Marco Polo.
5943,2608,8,16,93,117,1.2735042735042734,0.053775701363780126,628,"Man, I just want something to take my mind off my troubles . . . all I hear in the swamp is immunity this and subpoena that, and it's getting so crowded in there I can't breathe."
7628,2608,8,16,93,117,1.2735042735042734,0.053775701363780126,628,"I'll get polluted in my own way, thanks!"
6071,2608,3,26,88,117,1.2735042735042734,0.046422138851282976,628,"One body of water, please."
7292,2608,7,18,92,117,1.2735042735042734,0.05238763060913073,628,"Well, I'm sipping your top-shelf Scotch. Not bad for a fish out of water."
7343,2608,4,24,89,117,1.2735042735042734,0.04798309277084512,628,"No, I am not out of water.  Why do you keep asking me that?"
7368,2608,4,24,89,117,1.2735042735042734,0.04798309277084512,628,So you're telling me  should scale back?
7395,2608,8,16,93,117,1.2735042735042734,0.053775701363780126,628,I bet you think I drink like a fish.
7482,2608,5,22,90,117,1.2735042735042734,0.04949484223818946,628,"Don't worry Larry, there's plenty fish in the sea"
7536,2608,3,26,88,117,1.2735042735042734,0.046422138851282976,628,"Listen, Joe, I don't care how long this bull market run is - my house is still under water."
7539,2608,5,22,90,117,1.2735042735042734,0.04949484223818946,628,...so then he tells me they have to let me go because I'm spending too much time in the water cooler...
7591,2608,2,28,87,117,1.2735042735042734,0.04480683830845536,628,Everyone treats me like a fish out of water.
3910,2608,7,18,92,117,1.2735042735042734,0.05238763060913073,628,There was water water everywhere but not a drop to drink.
7638,2608,7,18,92,117,1.2735042735042734,0.05238763060913073,628,"I'll have a double water, with a splash of brine.""

M. Hirsh Goldberg
Baltimore, Marylan"
7678,2608,5,22,90,117,1.2735042735042734,0.04949484223818946,628,Have I told you about the one that got away?
7714,2608,7,18,92,117,1.2735042735042734,0.05238763060913073,628,"Sorry, Charlie. I have to cut you off. You’re clearly filled to the gills."
7816,2608,6,20,91,117,1.2735042735042734,0.050961766300933846,628,Who are YOU sleeping with these days?
7823,2608,6,20,91,117,1.2735042735042734,0.050961766300933846,628,I can handle the mezcal.  It's the damned worm thats got me hooked.
7872,2608,7,18,92,117,1.2735042735042734,0.05238763060913073,628,"Look, I can tell when it's been cut with water!"
7879,2608,5,22,90,117,1.2735042735042734,0.04949484223818946,628,Well what do you expect me to drink like?
7887,2608,6,20,91,117,1.2735042735042734,0.050961766300933846,628,"Water please, the whole bottle. I dropped out of school."
7931,2608,4,24,89,117,1.2735042735042734,0.04798309277084512,628,"Like a fish out of water, that's how I feel!"
7986,2608,6,20,91,117,1.2735042735042734,0.050961766300933846,628,Bourbon... on the lake.
7233,2608,5,22,90,117,1.2735042735042734,0.04949484223818946,628,"So I say to her, ""Oh yeah? Well, you're coldblooded too""."
7189,2608,6,20,91,117,1.2735042735042734,0.050961766300933846,628,Listen Einstein...I'm supposed to drink like a fish!
7111,2608,5,22,90,117,1.2735042735042734,0.04949484223818946,628,"Well, how do you think you would feel if  YOU were expelled from your school?"
7101,2608,5,22,90,117,1.2735042735042734,0.04949484223818946,628,I can't go home. I got kicked outta school.
6099,2608,6,20,91,117,1.2735042735042734,0.050961766300933846,628,I picked the devil over the deep blue sea.
6138,2608,5,22,90,117,1.2735042735042734,0.04949484223818946,628,these should take the sting out of being  a threatened species.
6242,2608,5,22,90,117,1.2735042735042734,0.04949484223818946,628,I'm dying for a glass of water.
6245,2608,6,20,91,117,1.2735042735042734,0.050961766300933846,628,"That's right pal, I drink like a frish because I AM a firsh."
6257,2608,6,20,91,117,1.2735042735042734,0.050961766300933846,628,"Listen, I'm telling you: there are NOT plenty of fish on the land."
6336,2608,7,18,92,117,1.2735042735042734,0.05238763060913073,628,I always could drink like a fish.
6352,2608,4,24,89,117,1.2735042735042734,0.04798309277084512,628,Because I AM a fish.
6364,2608,6,20,91,117,1.2735042735042734,0.050961766300933846,628,Make it a double.  I’m dying of thirst.
6494,2608,2,28,87,117,1.2735042735042734,0.04480683830845536,628,Just serve like a man.
6060,2608,0,32,85,117,1.2735042735042734,0.0413875383001284,628,I'll have an anything-and-water.
6628,2608,3,26,88,117,1.2735042735042734,0.046422138851282976,628,Another whiskey. That Captain Morgan killed my brother.
6653,2608,3,26,88,117,1.2735042735042734,0.046422138851282976,628,Is it dry in here?
6699,2608,4,24,89,117,1.2735042735042734,0.04798309277084512,628,"Yes, of course white...."
6808,2608,5,22,90,117,1.2735042735042734,0.04949484223818946,628,"I drink like a fish? Hey, pal, that's a microaggression."
6844,2608,6,20,91,117,1.2735042735042734,0.050961766300933846,628,My friends are hanging out at a sushi bar.
6882,2608,6,20,91,117,1.2735042735042734,0.050961766300933846,628,"In this case, I am drinking as a fish."
6928,2608,6,20,91,117,1.2735042735042734,0.050961766300933846,628,Touché.
6945,2608,4,24,89,117,1.2735042735042734,0.04798309277084512,628,And you eat like a pig.
6974,2608,6,20,91,117,1.2735042735042734,0.050961766300933846,628,Aren't you stating the obvious?
7058,2608,5,22,90,117,1.2735042735042734,0.04949484223818946,628,"So I said to her, “What, am I supposed to drink like a horse?”"
6643,2608,7,18,92,117,1.2735042735042734,0.05238763060913073,628,Leave the worm.
3881,2608,5,22,90,117,1.2735042735042734,0.04949484223818946,628,Surprise me . . . but nothing dry!
6497,2608,5,22,90,117,1.2735042735042734,0.04949484223818946,628,"What are you looking at? Never seen a 300lb talking trout walk into your bar, hop up onto a stool and pound six shots of tequila before?"
3832,2608,5,22,90,117,1.2735042735042734,0.04949484223818946,628,"Ahh, the worm in the tequila. Carp diem hombre."
1070,2608,6,20,91,117,1.2735042735042734,0.050961766300933846,628,How did you know I'm from a small pond?
1088,2608,6,20,91,117,1.2735042735042734,0.050961766300933846,628,"Don't ever mention that movie again -- my ex-wife's
name is Wanda!"
1103,2608,7,18,92,117,1.2735042735042734,0.05238763060913073,628,Well don’t you want to see how a REAL fish drinks?
1124,2608,8,16,93,117,1.2735042735042734,0.053775701363780126,628,"You know what Gerald, fuck you. No, fuck you. I'm sober. Fuck you."
1147,2608,5,22,90,117,1.2735042735042734,0.04949484223818946,628,Out of water again?
1179,2608,7,18,92,117,1.2735042735042734,0.05238763060913073,628,Go ahead...say that again. I drink like a what?
1201,2608,4,24,89,117,1.2735042735042734,0.04798309277084512,628,It’s true. I drink like a human.
1205,2608,7,18,92,117,1.2735042735042734,0.05238763060913073,628,"Yeah, I drink like a fish. A goldfish, buster."
1013,2608,5,22,90,117,1.2735042735042734,0.04949484223818946,628,If you're going to tell me I drink like a fish......
1235,2608,8,16,93,117,1.2735042735042734,0.053775701363780126,628,"Yeah, yeah, I've heard them all before. Just keep'em coming."
1362,2608,3,26,88,117,1.2735042735042734,0.046422138851282976,628,Do you work for scale?
1418,2608,3,26,88,117,1.2735042735042734,0.046422138851282976,628,"'""And so I said 'get your bass out of my house.'"""
1444,2608,5,22,90,117,1.2735042735042734,0.04949484223818946,628,This drink tastes fishy.
1448,2608,5,22,90,117,1.2735042735042734,0.04949484223818946,628,"You can lead a horse to water, but you cannot make him fish."
1494,2608,8,16,93,117,1.2735042735042734,0.053775701363780126,628,My river dried up so I came here to drown my sorrows.
1520,2608,3,26,88,117,1.2735042735042734,0.046422138851282976,628,"Six shots of air, neat."
1567,2608,6,20,91,117,1.2735042735042734,0.050961766300933846,628,"They say there’s a lot of fish in the ocean, but I have more success with the women I meet in bars."
1617,2608,3,26,88,117,1.2735042735042734,0.046422138851282976,628,"So I drink like a fish, what's it to you!"
1275,2608,8,16,93,117,1.2735042735042734,0.053775701363780126,628,"Hey buddy, who are you calling tanked?!"
950,2608,5,22,90,117,1.2735042735042734,0.04949484223818946,628,"Make it one for my herring, and one more for the road."
904,2608,7,18,92,117,1.2735042735042734,0.05238763060913073,628,"As a matter of fact, yes I do drink like a fish."
867,2608,8,16,93,117,1.2735042735042734,0.053775701363780126,628,"Drinking like a fish is your problem, not mine."
3857,2608,7,18,92,117,1.2735042735042734,0.05238763060913073,628,"I’m sorry, we don’t serve fresh fish here."
81,2608,5,22,90,117,1.2735042735042734,0.04949484223818946,628,"So I says to the principal, 'Hire me as a substitute, and I can feed their minds for a day. Give me a contract and I can teach the little bastards for a lifetime.'"
129,2608,9,14,94,117,1.2735042735042734,0.05512883341314414,628,I’m out of water.
323,2608,3,26,88,117,1.2735042735042734,0.046422138851282976,628,I can't get a date.  They all seem to be playing koi.
327,2608,8,16,93,117,1.2735042735042734,0.053775701363780126,628,"Well, yes, I am a fish out of water but that's no reason to cut me off."
337,2608,5,22,90,117,1.2735042735042734,0.04949484223818946,628,"Excuse me, I’m out of water."
364,2608,4,24,89,117,1.2735042735042734,0.04798309277084512,628,"Yeah, I need a bicycle too"
404,2608,6,20,91,117,1.2735042735042734,0.050961766300933846,628,You can never add too much water.
405,2608,4,24,89,117,1.2735042735042734,0.04798309277084512,628,Can you call me a crab? I mean a cab?
413,2608,4,24,89,117,1.2735042735042734,0.04798309277084512,628,Just what kind of watering hole are you running here?
460,2608,5,22,90,117,1.2735042735042734,0.04949484223818946,628,just some water please.
522,2608,6,20,91,117,1.2735042735042734,0.050961766300933846,628,I don't need a taxi. Just throw me in the drink.
529,2608,6,20,91,117,1.2735042735042734,0.050961766300933846,628,Then this guppy right out of school says they're scaling back and releasing me.
561,2608,4,24,89,117,1.2735042735042734,0.04798309277084512,628,It's insensitive. I'm not playing coy; I am koi!
572,2608,7,18,92,117,1.2735042735042734,0.05238763060913073,628,I’ll have another shot of mezcal.  This time don’t forget the worm.
584,2608,2,28,87,117,1.2735042735042734,0.04480683830845536,628,Hooked? I'm not hooked.
737,2608,7,18,92,117,1.2735042735042734,0.05238763060913073,628,"No, you stink!"
792,2608,4,24,89,117,1.2735042735042734,0.04798309277084512,628,"I don't know any other way to drink, except like a fish."
845,2608,6,20,91,117,1.2735042735042734,0.050961766300933846,628,"No, I'm not skipping school!"
1740,2608,2,28,87,117,1.2735042735042734,0.04480683830845536,628,"Look, buddy, I don't need a cab. I'm a fish!"
1762,2608,5,22,90,117,1.2735042735042734,0.04949484223818946,628,"Salt water, on the rocks."
1182,2608,6,20,91,117,1.2735042735042734,0.050961766300933846,628,"What’s your problem, first time you’ve just seen an ugly mermaid?"
1879,2608,7,18,92,117,1.2735042735042734,0.05238763060913073,628,Water please
2899,2608,5,22,90,117,1.2735042735042734,0.04949484223818946,628,"And I told her, fish can’t get fat. Not the answer she wanted to hear."
2938,2608,6,20,91,117,1.2735042735042734,0.050961766300933846,628,Scotch – and a very large glass of water.
2970,2608,2,28,87,117,1.2735042735042734,0.04480683830845536,628,The gills on that guy!
3005,2608,7,18,92,117,1.2735042735042734,0.05238763060913073,628,"I've been in a lot of bars, no one has ever called me coy."""
3033,2608,4,24,89,117,1.2735042735042734,0.04798309277084512,628,"Yes, Bartender, I'm O.K. to swim."
3053,2608,4,24,89,117,1.2735042735042734,0.04798309277084512,628,"I understand you're a mom of five hundred, but I still have to card you."
3095,2608,5,22,90,117,1.2735042735042734,0.04949484223818946,628,"And now I'm going to tip like one too, wise guy."
3118,2608,8,16,93,117,1.2735042735042734,0.053775701363780126,628,"Well, whaddya want me to drink like?"
2875,2608,7,18,92,117,1.2735042735042734,0.05238763060913073,628,"If your wife called you a cold fish, you'd drink like one too."
3143,2608,5,22,90,117,1.2735042735042734,0.04949484223818946,628,"Like a fish, huh?  Nice one Mr. Clean."
3154,2608,6,20,91,117,1.2735042735042734,0.050961766300933846,628,"Less water, please.  I'm transitioning."
3231,2608,4,24,89,117,1.2735042735042734,0.04798309277084512,628,"Your drinks are weak, but it sure beats red tide."
1806,2608,7,18,92,117,1.2735042735042734,0.05238763060913073,628,"Your suggestion
  for a fish out of water"
3324,2608,5,22,90,117,1.2735042735042734,0.04949484223818946,628,"I get that a lot, but I'm actually a living simile."
3382,2608,5,22,90,117,1.2735042735042734,0.04949484223818946,628,"I drink like a what, Tom!? Just say it!"
3421,2608,4,24,89,117,1.2735042735042734,0.04798309277084512,628,"Hey, some steretypes are based on truth. Gimme another."
3427,2608,7,18,92,117,1.2735042735042734,0.05238763060913073,628,"So then I says to her, I says you should have stopped after the first wish."
3779,2608,4,24,89,117,1.2735042735042734,0.04798309277084512,628,Let me know if you get tired of my carping.
3148,2608,7,18,92,117,1.2735042735042734,0.05238763060913073,628,She left and took the fishbowl.
2858,2608,7,18,92,117,1.2735042735042734,0.05238763060913073,628,Martini -- but not too dry!
3298,2608,6,20,91,117,1.2735042735042734,0.050961766300933846,628,"A fish walks into a bar AND sits down. 
Tell me you've heard that one!"
2687,2608,6,20,91,117,1.2735042735042734,0.050961766300933846,628,How did you know I wanted to open a tab?
1929,2608,5,22,90,117,1.2735042735042734,0.04949484223818946,628,"Since I left the pond, I’ve been searching for a metaphor to express my sense of isolation."
2000,2608,7,18,92,117,1.2735042735042734,0.05238763060913073,628,You're hallucinating.
2044,2608,6,20,91,117,1.2735042735042734,0.050961766300933846,628,I can't shake this feeling I've been baited into something
2080,2608,6,20,91,117,1.2735042735042734,0.050961766300933846,628,I’ll take it on the neon pebbles.
2130,2608,3,26,88,117,1.2735042735042734,0.046422138851282976,628,I have a date tonight with a mermaid.
2283,2608,1,30,86,117,1.2735042735042734,0.04313108557493457,628,"Trust me pal, there ain't that many fish in the sea. She had me hook, line and sinker."
2330,2608,4,24,89,117,1.2735042735042734,0.04798309277084512,628,Do you know how to make a Functioning Lung?
2717,2608,5,22,90,117,1.2735042735042734,0.04949484223818946,628,Better hit me again...I just can't unsee that hideous sushi bar.
2409,2608,7,18,92,117,1.2735042735042734,0.05238763060913073,628,I’m not really coy
2384,2608,5,22,90,117,1.2735042735042734,0.04949484223818946,628,"As we say in AA, ‘just because you’re a fish doesn’t mean you have to drink like one.’"
2442,2608,5,22,90,117,1.2735042735042734,0.04949484223818946,628,"You know, I've always felt like a fish out of water!!!"
2560,2608,6,20,91,117,1.2735042735042734,0.050961766300933846,628,Don't go there.
1890,2608,9,14,94,117,1.2735042735042734,0.05512883341314414,628,Sure.  They say they want a fish-man.  But then they go and cast a man-fish!
2562,2608,6,20,91,117,1.2735042735042734,0.050961766300933846,628,Water please.  Make it a double.
2618,2608,6,20,91,117,1.2735042735042734,0.050961766300933846,628,"Haven’t you ever seen a fish out of water? I’ll  have a scotch, neat."
2666,2608,5,22,90,117,1.2735042735042734,0.04949484223818946,628,What do you mean you're going to stop serving fish??
2677,2608,5,22,90,117,1.2735042735042734,0.04949484223818946,628,So what do you THINK I should drink like?
2678,2608,6,20,91,117,1.2735042735042734,0.050961766300933846,628,"Despite your claims, I bet nobody drinks like me. I’ll have a bloodworm spritzer."
2441,2608,6,20,91,117,1.2735042735042734,0.050961766300933846,628,Now watch how a real fish drinks
7277,2787,5,17,77,99,1.2727272727272727,0.05526902742339265,628,"The biggest threat facing this country right now is ich. How come you never hear about that, huh?"
3541,2787,3,21,75,99,1.2727272727272727,0.05140407829886543,628,Hydrate me!
2594,2787,6,21,94,121,1.2727272727272727,0.04979295977319692,628,"One Sex on the Beach, 
Please."
2420,2787,4,25,92,121,1.2727272727272727,0.04694525268130202,628,One more shot of that omega-3 stuff and I’ll be on my way.
2521,2787,2,29,90,121,1.2727272727272727,0.043913262867240725,628,"Drink like a fish?  That is an offensive stereotype, man."
7120,2792,3,25,86,114,1.2719298245614035,0.047093916149059604,628,"No, I'm not happy with the election, but I'm not going to sit around and carp about it."
3935,2792,4,23,87,114,1.2719298245614035,0.04871439554566635,628,"Didn’t you hear that sea level is rising? We are the new immigrants. Another Harvey Wallbanger, please."
4139,2792,5,21,88,114,1.2719298245614035,0.050282678215312064,628,"Eh, this is nothing. You ever been around a depressed octopus?"
4406,2792,4,23,87,114,1.2719298245614035,0.04871439554566635,628,"...and then I knew that guppy had me- hook, line and sinker."
4558,2792,5,21,88,114,1.2719298245614035,0.050282678215312064,628,"I'm no longer ""catch and release"" eligible and I swim in fear."
4599,2792,4,23,87,114,1.2719298245614035,0.04871439554566635,628,"Hey, man, don't pollute my whisky with water! If you knew what fish do in water, you'd never touch the stuff."
4625,2792,6,19,89,114,1.2719298245614035,0.05180350493576278,628,Don't bate me
4993,2792,5,21,88,114,1.2719298245614035,0.050282678215312064,628,"And my mom said, ""You'll never go anywhere if you don't finish school."""
5072,2792,5,21,88,114,1.2719298245614035,0.050282678215312064,628,...and we swam and we swam all over the dam.
5157,2792,2,27,85,114,1.2719298245614035,0.04541565306289976,628,"Better make it a double, I need to get tanked."
5165,2792,4,23,87,114,1.2719298245614035,0.04871439554566635,628,Gimme a  scotch 'n' water. Hold the scotch!
5193,2792,2,27,85,114,1.2719298245614035,0.04541565306289976,628,Who are you to tell me to stop carping about the current state of politics?!
5640,2792,6,19,89,114,1.2719298245614035,0.05180350493576278,628,Well WE call it drinking like a human.
5653,2792,4,23,87,114,1.2719298245614035,0.04871439554566635,628,"No thanks.  ""Sex on the Beach"" is what got me here in the first place.
Tim Lane, Los Angeles CA"
5700,2792,4,23,87,114,1.2719298245614035,0.04871439554566635,628,I wouldn't be here if I could get a decent drink at the sand bar.
6366,2792,5,21,88,114,1.2719298245614035,0.050282678215312064,628,"I know, I know. But some days, I really do need a bike."
3863,2792,5,21,88,114,1.2719298245614035,0.050282678215312064,628,"Don’t play koi with me, Finn.  After that swim-up bar in Belize, you just let me slip through your fingertips, literally.  It’s time to fish or cut bait."
6588,2792,4,23,87,114,1.2719298245614035,0.04871439554566635,628,"So I told her, ""You want to go upstream AGAIN? And with the WHOLE FAMILY?"""
6826,2792,9,13,92,114,1.2719298245614035,0.056119241878383755,628,I used to be a mermaid.
6921,2792,6,19,89,114,1.2719298245614035,0.05180350493576278,628,You wanna know why I drink like a fish?
6948,2792,4,23,87,114,1.2719298245614035,0.04871439554566635,628,I was hooked from the very beginning.
6972,2792,3,25,86,114,1.2719298245614035,0.047093916149059604,628,"I'd like a small pond on the rocks, please."
7832,2792,5,21,88,114,1.2719298245614035,0.050282678215312064,628,Can I have an extra large bowl of wine?
8037,2792,6,19,89,114,1.2719298245614035,0.05180350493576278,628,"So stop me if you’ve heard this: a Scotsman, an Italian and an amphibian walk into a bar..."
7615,2792,6,19,89,114,1.2719298245614035,0.05180350493576278,628,I left that sleazy shark-he was swimming around behind my tail with a damsel fish.
7401,2792,4,23,87,114,1.2719298245614035,0.04871439554566635,628,"Oh yeah? Well, you pour like a human!"
7116,2792,4,23,87,114,1.2719298245614035,0.04871439554566635,628,I'll show you what it means to drink like a fish!
3708,2792,5,21,88,114,1.2719298245614035,0.050282678215312064,628,"Jingzhou, China. 1983. I guess you thought I'd forget, hey?"
6552,2792,8,15,91,114,1.2719298245614035,0.05471849699945677,628,Don't worry about it. My designated diver will be here any minute now.
3412,2792,6,19,89,114,1.2719298245614035,0.05180350493576278,628,I'll have another scotch and sea water.
159,2792,5,21,88,114,1.2719298245614035,0.050282678215312064,628,I am looking for that worm David Remnick.
329,2792,3,25,86,114,1.2719298245614035,0.047093916149059604,628,I'm dying for some water.
585,2792,4,23,87,114,1.2719298245614035,0.04871439554566635,628,"Ironically, I prefer my martini dry."
780,2792,4,23,87,114,1.2719298245614035,0.04871439554566635,628,I'm still out of water...
781,2792,2,27,85,114,1.2719298245614035,0.04541565306289976,628,"Grasshopper, hold the hook."
804,2792,4,23,87,114,1.2719298245614035,0.04871439554566635,628,"You may think you how to aerate a cocktail, but half of these bubbles aren’t even oxygen!"
869,2792,2,27,85,114,1.2719298245614035,0.04541565306289976,628,I'm waiting for Wanda.  Have you seen her?
977,2792,5,21,88,114,1.2719298245614035,0.050282678215312064,628,"No, I don't need to slow down, and I don't need a bicycle either."
3415,2792,6,19,89,114,1.2719298245614035,0.05180350493576278,628,Stop me if you've heard this one.
1284,2792,7,17,90,114,1.2719298245614035,0.05328093954459305,628,Try again - I said a very wet martini.
1343,2792,5,21,88,114,1.2719298245614035,0.050282678215312064,628,I want a drink like a fish!
1722,2792,3,25,86,114,1.2719298245614035,0.047093916149059604,628,"I’ll have a water flowing quickly over the rocks, please"
1781,2792,4,23,87,114,1.2719298245614035,0.04871439554566635,628,"Yeah, I do. You got a problem with that?"
1821,2792,3,25,86,114,1.2719298245614035,0.047093916149059604,628,"Frankly, that's an insensitive stereotype."
1828,2792,5,21,88,114,1.2719298245614035,0.050282678215312064,628,"And I fell for her hook, line, and sinker."
1976,2792,6,19,89,114,1.2719298245614035,0.05180350493576278,628,"So, a tuna, a marlin, and a guppy swim into a bar. Stop me if you've heard this before."
2053,2792,5,21,88,114,1.2719298245614035,0.050282678215312064,628,So how'd you end up in the fish tank?
2054,2792,5,21,88,114,1.2719298245614035,0.050282678215312064,628,Excuse me? I drink like a what?
2422,2792,8,15,91,114,1.2719298245614035,0.05471849699945677,628,A dirty Martini is simply water pollution with a fancy name.
2778,2792,4,23,87,114,1.2719298245614035,0.04871439554566635,628,"This is nothing, pal. You should see the octopus!"
3378,2792,6,19,89,114,1.2719298245614035,0.05180350493576278,628,"I said, I'll have a Sex NEAR the Beach."
14,2792,3,25,86,114,1.2719298245614035,0.047093916149059604,628,"With what's floating in the ocean these days, I'll take water where I can get it!"
3500,2844,4,24,90,118,1.271186440677966,0.04763114735791484,628,So you think I'm a slippery customer?
4344,2844,4,24,90,118,1.271186440677966,0.04763114735791484,628,Wadda ya mean you're all out of shrimp cocktail?!
6361,2846,4,21,82,107,1.2710280373831775,0.05068755526954969,628,When they figured out it was me eating their koi they threw me into the Hudson. So here I am.
3370,2847,5,17,78,100,1.27,0.05478147589295219,628,"White, of course!"
5493,2848,3,25,87,115,1.2695652173913043,0.04674245637679414,628,That right I’m never coming back—and your Goldfish bar snacks are totally offensive.
2115,2848,5,21,89,115,1.2695652173913043,0.049899577460434906,628,"Hey, some service here, I'm a fish out of water!!"
2208,2848,6,19,90,115,1.2695652173913043,0.051405477646128954,628,"Nemo? Lemme tell YOU who the real hero is. First, gimme another shrimp cocktail."
6363,2848,6,19,90,115,1.2695652173913043,0.051405477646128954,628,"Pour me another Tom, she’s still swimming in my head"
5920,2852,5,22,92,119,1.26890756302521,0.04876699173833713,628,"so, after that, she says to me, “George, I’m leaving you,” and I said, “You can’t—we’re a species that mates for life,” and she said, “You’ve been dead for years,” and then we really got into it. Pour me another, Max.”"
1393,2852,4,24,91,119,1.26890756302521,0.04728413719113198,628,"THAT! Sir, is a stereotype."
3368,2852,8,16,95,119,1.26890756302521,0.05296705620570955,628,"""Y
""Yeah, you're right. I do drink like a fish."""
5549,2855,5,20,87,112,1.2678571428571428,0.050706309304391906,628,I'm new in town.  Where does a guy go to meet other fish?
5592,2855,3,24,85,112,1.2678571428571428,0.04742762361243012,628,Do you take the American Express Carp?
5639,2855,7,16,89,112,1.2678571428571428,0.05378550106695096,628,I took her out to dinner to celebrate our 20th anniversary.  One bite and suddenly she was gone.
5642,2855,6,18,88,112,1.2678571428571428,0.05226858486842572,628,"My name is not Wanda, and I want saline with nothing else, got that, mixologist!?"
5661,2855,1,28,83,112,1.2678571428571428,0.043904773769739634,628,So what's wrong with drinking like a fish?
4724,2855,5,20,87,112,1.2678571428571428,0.050706309304391906,628,Who do I have to blow to get a drink here?
5685,2855,5,20,87,112,1.2678571428571428,0.050706309304391906,628,She threw me overboard for some Wall Street whale.
5967,2855,4,22,86,112,1.2678571428571428,0.04909434430153335,628,"So she says, ""I'm too coy""; I says, ""That's just who I am."""
6137,2855,6,18,88,112,1.2678571428571428,0.05226858486842572,628,No one understands that I need to drink like a fish.  It’s not “a choice.”
6228,2855,5,20,87,112,1.2678571428571428,0.050706309304391906,628,"You can't 86 me without an environmental review. This is my ""habitat""."
6266,2855,3,24,85,112,1.2678571428571428,0.04742762361243012,628,Another whiskey and water Tony.  Heavy on the water.
5447,2855,5,20,87,112,1.2678571428571428,0.050706309304391906,628,Stop staring at me like that - I'm tired of livin' in a fishbowl.
5434,2855,4,22,86,112,1.2678571428571428,0.04909434430153335,628,"Liquor makes me feel like an Alpha, not a Beta."
5125,2855,4,22,86,112,1.2678571428571428,0.04909434430153335,628,Just because I'm orange doesn't mean I'm not a goldfish!
5269,2855,3,24,85,112,1.2678571428571428,0.04742762361243012,628,"You watered the drinks,didn't you. You thought I wouldn't notice."
4332,2855,7,16,89,112,1.2678571428571428,0.05378550106695096,628,A large bowl of water -- no ice.
5189,2855,3,24,85,112,1.2678571428571428,0.04742762361243012,628,He was looking for a catfish.
4716,2855,6,18,88,112,1.2678571428571428,0.05226858486842572,628,Lemme have another! It's only after six shots that I feel like a fish out of water.
5008,2855,4,22,86,112,1.2678571428571428,0.04909434430153335,628,I can't help being koi with you.
4904,2855,7,16,89,112,1.2678571428571428,0.05378550106695096,628,"Oh yeah, well you fish like a drunk!"
6285,2855,3,24,85,112,1.2678571428571428,0.04742762361243012,628,Told you that I could count to six!
4338,2855,5,20,87,112,1.2678571428571428,0.050706309304391906,628,What do you mean? I am the Big Tuna!
4857,2855,5,20,87,112,1.2678571428571428,0.050706309304391906,628,"Why no, I've never had a dry martini."
4807,2855,7,16,89,112,1.2678571428571428,0.05378550106695096,628,"So I said, 'Oh, yeah.  Well, you drink like a camel.'"
4757,2855,2,26,84,112,1.2678571428571428,0.045700156680772756,628,"So there I was, hooked on the biggest fishing pole you've ever seen..."
5306,2855,2,26,84,112,1.2678571428571428,0.045700156680772756,628,Can I get another salt water?
6286,2855,4,22,86,112,1.2678571428571428,0.04909434430153335,628,"You and me, we’re not that different."
7357,2855,4,22,86,112,1.2678571428571428,0.04909434430153335,628,Tell him I don't accept free drinks. There's always a catch!
6445,2855,5,20,87,112,1.2678571428571428,0.050706309304391906,628,"Why do I need another martini, Carl? Because gravlax doesn't just happen, that's why."
8064,2855,3,24,85,112,1.2678571428571428,0.04742762361243012,628,You have anything polluted on tap?
7928,2855,4,22,86,112,1.2678571428571428,0.04909434430153335,628,'Guess you better cut me off friend. I feel like I'm swimming and I don't wanna get hooked.'
7856,2855,4,22,86,112,1.2678571428571428,0.04909434430153335,628,I've been out of work ever since the fish-bicycle thing went south.
7764,2855,5,20,87,112,1.2678571428571428,0.050706309304391906,628,"Yes, I'm the one that got away.  How did you guess?"
7733,2855,6,18,88,112,1.2678571428571428,0.05226858486842572,628,"Listen, Tony, I can get you all the sashimi you need—cheaper, faster, fresher than anybody else."
7641,2855,7,16,89,112,1.2678571428571428,0.05378550106695096,628,"Yes, I drink like a fish out of water.  You got a problem with that?!"
7452,2855,3,24,85,112,1.2678571428571428,0.04742762361243012,628,"Quit carping,"" she said - God, do you know how aggravating that is"
7436,2855,4,22,86,112,1.2678571428571428,0.04909434430153335,628,"I like my martinis very, very wet."
7423,2855,3,24,85,112,1.2678571428571428,0.04742762361243012,628,"Don't worry, my designated dolphin will take me home."
7409,2855,4,22,86,112,1.2678571428571428,0.04909434430153335,628,"Ok, what about this one? A crab, a sponge and a dolphin..."
7380,2855,4,22,86,112,1.2678571428571428,0.04909434430153335,628,It all went south the day my wife ran off  with a lobster...
7361,2855,3,24,85,112,1.2678571428571428,0.04742762361243012,628,I'd like a very wet martini
4328,2855,7,16,89,112,1.2678571428571428,0.05378550106695096,628,"So, then the bartenders sez, "" Hey! I didn't order yaks. These are fake gnus."""
7300,2855,3,24,85,112,1.2678571428571428,0.04742762361243012,628,"No, I didn't say, ""I'm a fish outa water.""  I said, ""I'm a fish out of water."
7254,2855,4,22,86,112,1.2678571428571428,0.04909434430153335,628,Gimme another Cutty Sark on the rocks.
7122,2855,5,20,87,112,1.2678571428571428,0.050706309304391906,628,"So that’s when I told her, “Don’t you be coy with me!”"
7109,2855,6,18,88,112,1.2678571428571428,0.05226858486842572,628,Have you seen any barflies lately?
7052,2855,5,20,87,112,1.2678571428571428,0.050706309304391906,628,"I'm telling you, man, I will be in tomorrows newspaper!"
7039,2855,4,22,86,112,1.2678571428571428,0.04909434430153335,628,What does she know about bicycles?
6869,2855,5,20,87,112,1.2678571428571428,0.050706309304391906,628,Gotta go. Have to meet Michael Cohen.
6802,2855,6,18,88,112,1.2678571428571428,0.05226858486842572,628,I'm back.  Going dry did NOT agree with me.
6779,2855,5,20,87,112,1.2678571428571428,0.050706309304391906,628,"...like a fish? Now, that's racist!"""
6754,2855,4,22,86,112,1.2678571428571428,0.04909434430153335,628,Cut me off if I tip the scales
6668,2855,5,20,87,112,1.2678571428571428,0.050706309304391906,628,"Boy, I drank like a human tonight!  Better call me a cab."
6624,2855,4,22,86,112,1.2678571428571428,0.04909434430153335,628,"Easy pal, I’ve got the clams to cover it."
6602,2855,4,22,86,112,1.2678571428571428,0.04909434430153335,628,Make it a double.  I'm feelin' all washed up.
6485,2855,4,22,86,112,1.2678571428571428,0.04909434430153335,628,Me?  You know who are sloppy drunks?  Flounder!
6290,2855,6,18,88,112,1.2678571428571428,0.05226858486842572,628,Fresh aired people are so colorful.
4242,2855,4,22,86,112,1.2678571428571428,0.04909434430153335,628,She threw me out - said I drank like a fish. So what else should I drink like?
3091,2855,6,18,88,112,1.2678571428571428,0.05226858486842572,628,"A grasshopper and a bowl of bio-pure freeze dried blood worms, please."
4098,2855,5,20,87,112,1.2678571428571428,0.050706309304391906,628,"Now that I think about it, the deal DID seem kinda fishy...."
2023,2855,5,20,87,112,1.2678571428571428,0.050706309304391906,628,Thanks for listening to me carp.
1952,2855,4,22,86,112,1.2678571428571428,0.04909434430153335,628,"Water, Straight Up"
1936,2855,6,18,88,112,1.2678571428571428,0.05226858486842572,628,You don't look koi
1395,2855,4,22,86,112,1.2678571428571428,0.04909434430153335,628,Do not tell me a fish out of water story!
4168,2855,6,18,88,112,1.2678571428571428,0.05226858486842572,628,Gimme two fins of whisky.
1113,2855,3,24,85,112,1.2678571428571428,0.04742762361243012,628,And one for the buoys in the back room
987,2855,6,18,88,112,1.2678571428571428,0.05226858486842572,628,I'd like a large glass of water for starters.
922,2855,4,22,86,112,1.2678571428571428,0.04909434430153335,628,Of course I'm drinking like a fish!
802,2855,4,22,86,112,1.2678571428571428,0.04909434430153335,628,We're getting a divorce. My wife says that I drink like a person.
519,2855,4,22,86,112,1.2678571428571428,0.04909434430153335,628,And you pour like a human...
2108,2855,4,22,86,112,1.2678571428571428,0.04909434430153335,628,"What are you, my sponsor?"
509,2855,4,22,86,112,1.2678571428571428,0.04909434430153335,628,"Yes, tonight I'm gonna drink like a human. Wanna hear about the fisherman who got away?"
456,2855,5,20,87,112,1.2678571428571428,0.050706309304391906,628,And let's keep the 'you drink like a fish' comments to yourself!
384,2855,6,18,88,112,1.2678571428571428,0.05226858486842572,628,First you separate me from my family.  Now you tell me I can't find my way home.
284,2855,6,18,88,112,1.2678571428571428,0.05226858486842572,628,"Fin, the Irish bartender. You’re teasing me, right?"
280,2855,5,20,87,112,1.2678571428571428,0.050706309304391906,628,Then she says I drink like a fish.
212,2855,6,18,88,112,1.2678571428571428,0.05226858486842572,628,Smile at me one more time and you'll have a mess of roe to clean up.
201,2855,4,22,86,112,1.2678571428571428,0.04909434430153335,628,"Didn't I see you, hic! in Gandhi?"
157,2855,4,22,86,112,1.2678571428571428,0.04909434430153335,628,I'm waiting for a hooker.
122,2855,6,18,88,112,1.2678571428571428,0.05226858486842572,628,I'm going to tell my sad story of the big fisherman who got away.
10,2855,1,28,83,112,1.2678571428571428,0.043904773769739634,628,"No, I don’t want water. Why does everyone ask that?"
0,2855,4,22,86,112,1.2678571428571428,0.04909434430153335,628,I do drink water. It's my second favorite thing about it.
466,2855,3,24,85,112,1.2678571428571428,0.04742762361243012,628,"Hey man, the water here could use a little splash of something....salt, maybe."
2264,2855,6,18,88,112,1.2678571428571428,0.05226858486842572,628,They couldn't teach evolution in my school.
1286,2855,6,18,88,112,1.2678571428571428,0.05226858486842572,628,"I sez to him, I sez, 'Now you're jush shterrotyping...'"
2295,2855,7,16,89,112,1.2678571428571428,0.05378550106695096,628,"Cut me off? My good man, this is what I do!"
3908,2855,4,22,86,112,1.2678571428571428,0.04909434430153335,628,"I can explain it to you, but I can't understand it for you."
3837,2855,4,22,86,112,1.2678571428571428,0.04909434430153335,628,Do I look like I take my martinis dry
3805,2855,4,22,86,112,1.2678571428571428,0.04909434430153335,628,"And then she says, 'you're so lifeless I oughta just flush you down the toilet.'"
3645,2855,4,22,86,112,1.2678571428571428,0.04909434430153335,628,"Obviously, but now I gotta piss like a racehorse."
3502,2855,6,18,88,112,1.2678571428571428,0.05226858486842572,628,"Sorry, you have to be deboned before I can serve you"
2275,2855,4,22,86,112,1.2678571428571428,0.04909434430153335,628,Give me two fins of Tequila and add an extra worm.
3470,2855,7,16,89,112,1.2678571428571428,0.05378550106695096,628,Fin and Tonic. On the rocks
3405,2855,4,22,86,112,1.2678571428571428,0.04909434430153335,628,"She said she was going to ""spinning,"" turns out it was ""spawning!"""
3386,2855,1,28,83,112,1.2678571428571428,0.043904773769739634,628,I'll take your finest bottle of H2O with a hint of peppermint. I really want to feel the burn.
3363,2855,4,22,86,112,1.2678571428571428,0.04909434430153335,628,"I also fight like a fish, so how about you back off and pour me another one"
3139,2855,7,16,89,112,1.2678571428571428,0.05378550106695096,628,"With prices like these, I'm not surprised."
3473,2855,4,22,86,112,1.2678571428571428,0.04909434430153335,628,"No, I actually drink like a human. But I do smoke like a fish."
3035,2855,3,24,85,112,1.2678571428571428,0.04742762361243012,628,"No, I got hooked on the 18 year old single malt."
3002,2855,6,18,88,112,1.2678571428571428,0.05226858486842572,628,"Well, I was a big kid, kicked out of the bowl and left high and dry, but one day..."
2988,2855,4,22,86,112,1.2678571428571428,0.04909434430153335,628,Sure beats soaking it up by osmosis.
2958,2855,5,20,87,112,1.2678571428571428,0.050706309304391906,628,"Sorry, we don't serve fish here."
2927,2855,7,16,89,112,1.2678571428571428,0.05378550106695096,628,"Yes, I feel like a fish out of water"
2904,2855,4,22,86,112,1.2678571428571428,0.04909434430153335,628,"Well I am a fish, how am I supposed to drink?"
2827,2855,4,22,86,112,1.2678571428571428,0.04909434430153335,628,"With a water back. And not from that branch by the nuclear plant, either- this time."
2499,2855,7,16,89,112,1.2678571428571428,0.05378550106695096,628,"Drinks like a fish"" is hate speech, buddy"
2484,2855,5,20,87,112,1.2678571428571428,0.050706309304391906,628,"I’ve come all the way from Flint, please tell me you have drinkable tap?!"
2427,2855,3,24,85,112,1.2678571428571428,0.04742762361243012,628,"Yes, a gin and tonic. And, no, I'm not being koi."
3088,2855,2,26,84,112,1.2678571428571428,0.045700156680772756,628,I started getting hooked on this place when I was in school with all my friends.
6020,2964,4,19,78,101,1.2673267326732673,0.052447218368907034,628,"So I sez to him to him, “Well, maybe you’re just a LITTLE fish in a BIG pond!”"
944,2964,5,17,79,101,1.2673267326732673,0.05430221465664193,628,The reason I drink like a fish is because I am a fish.
7033,2966,2,27,87,116,1.2672413793103448,0.04475111687849267,628,"No, I said skip the water."
3238,2966,1,29,86,116,1.2672413793103448,0.04304343648445431,628,"Tequilla with a worm, please."
6281,2968,5,18,82,105,1.2666666666666666,0.0528780937259731,628,"No, Smarty Pants, I DON'T drink like a fish!!!"
7016,2968,3,22,80,105,1.2666666666666666,0.04929292474374421,628,I finally got revenge on the six-pack holder that killed my uncle.
5749,2968,5,18,82,105,1.2666666666666666,0.0528780937259731,628,Never call a trout a bar perch!
5913,2968,3,22,80,105,1.2666666666666666,0.04929292474374421,628,"It’s quarter to three.  Between you and me, can you get this fish out of water back in the sea."
6641,2968,5,18,82,105,1.2666666666666666,0.0528780937259731,628,"I know that it's time for me to go home Joe, but it's water, water, everywhere there, and not a drop to drink."
5672,2973,6,18,89,113,1.2654867256637168,0.05185816976771166,628,Sure I drink like a fish! You would too if you lived in a glass bowl.
3538,2973,4,22,87,113,1.2654867256637168,0.048715645801597096,628,Only a New Yorker caption writer would say that I drink like a fish.
6888,2973,6,18,89,113,1.2654867256637168,0.05185816976771166,628,Whaddaya mean you're outta chips.
7421,2973,5,20,88,113,1.2654867256637168,0.050311449579213414,628,Just keep the water coming  until Mr. Chips arrives.
6449,2973,5,20,88,113,1.2654867256637168,0.050311449579213414,628,What sort of bar is out of bourbon?
5450,2978,5,16,77,98,1.2653061224489797,0.055330273602931246,628,It's like I said last year. Spawning ain't what it used to be.
653,2979,4,23,90,117,1.264957264957265,0.04762741360339789,628,A fish out of water is a fish that needs vodka.
6514,2979,3,25,89,117,1.264957264957265,0.04605440598055084,628,Give me my drink or you'll be sleeping with the fishes.
7761,2979,5,21,91,117,1.264957264957265,0.0491501042000611,628,"I'm out of my depth when it comes to booze, but I know I want a lot of water."
840,2982,2,23,77,102,1.2647058823529411,0.04811829117185093,628,You drink like a metrosexual.
2166,2982,3,21,78,102,1.2647058823529411,0.050094979848922264,628,"No, I was one of Donald's lawyers."
6453,2984,2,25,83,110,1.2636363636363637,0.045985225765485874,628,"Have we really lost all capacity for civil dialogue?  I make one suggestion and you go straight to ""Quit your 'carping' !"""
3416,2984,3,23,84,110,1.2636363636363637,0.04776449162396197,628,"Nah, the sonofabitch just got lucky, musta been using a net."
3675,2984,2,25,83,110,1.2636363636363637,0.045985225765485874,628,"Excuse me, sir, but 'drink like a fish' is not politically correct."
4029,2984,3,23,84,110,1.2636363636363637,0.04776449162396197,628,Don't you dare say it.
4253,2984,4,21,85,110,1.2636363636363637,0.04947981741567324,628,"You know, drinking like a human could be pretty bad, too."
4771,2984,4,21,85,110,1.2636363636363637,0.04947981741567324,628,"No no no, tell me—what exactly do you put in a Fish Eye cocktail?"
5002,2984,4,21,85,110,1.2636363636363637,0.04947981741567324,628,"'...and, no, I don't drink like a fish.'"
5254,2984,1,27,82,110,1.2636363636363637,0.0441342873207428,628,You know which cheese flavored snacks I’m talking about
5687,2984,4,21,85,110,1.2636363636363637,0.04947981741567324,628,"I'll take 6000 gallons of sea water, hold the plastic."
5816,2984,6,17,87,110,1.2636363636363637,0.05274337564352528,628,I feel like a fish out of scotch and water.'
6713,2984,6,17,87,110,1.2636363636363637,0.05274337564352528,628,"So then I said, ‘I think I really DO need a bicycle’."
6560,2984,5,19,86,110,1.2636363636363637,0.05113763783047852,628,"I’m a paying customer, and I find your allusions *hiccup* offensive!"
3276,2984,7,15,88,110,1.2636363636363637,0.05430165140828447,628,I wish there was some way to describe how I feel.
7373,2984,4,21,85,110,1.2636363636363637,0.04947981741567324,628,Just a sip of fresh water ... and Hold the plastic straws or cups.
7617,2984,6,17,87,110,1.2636363636363637,0.05274337564352528,628,"Yeah, I'm like a fish out of water. Which is why I need a stuff drink."
7776,2984,4,21,85,110,1.2636363636363637,0.04947981741567324,628,so this pollock walks into a bar
7809,2984,4,21,85,110,1.2636363636363637,0.04947981741567324,628,"Look, it’s not okay for you to say ‘drink like a fish’ even though I say it."
7883,2984,5,19,86,110,1.2636363636363637,0.05113763783047852,628,Happy Hour's only one hour? I'm not falling for that bait and switch.
8060,2984,4,21,85,110,1.2636363636363637,0.04947981741567324,628,""" One thing I learned the hard way...never dive home drunk."""
6408,2984,4,21,85,110,1.2636363636363637,0.04947981741567324,628,"Why yes, in fact I can drink like a fish... so quit your carping and full up these six glasses!"
3122,2984,2,25,83,110,1.2636363636363637,0.045985225765485874,628,I don't care who I drink like.  Line up another round.
3520,2984,5,19,86,110,1.2636363636363637,0.05113763783047852,628,"Scotch and soda, please. And hold the Scotch."""
2696,2984,6,17,87,110,1.2636363636363637,0.05274337564352528,628,"Go ahead, just say that 'drinks like a fish ' line one more time..."
2799,2984,3,23,84,110,1.2636363636363637,0.04776449162396197,628,You pour like a landlubber.
417,2984,3,23,84,110,1.2636363636363637,0.04776449162396197,628,"Yes, I know, if I keep drinking like a fish, eventually I'll turn into a fish."
499,2984,3,23,84,110,1.2636363636363637,0.04776449162396197,628,I'll have another Sex On The Beach.
725,2984,5,19,86,110,1.2636363636363637,0.05113763783047852,628,You will keep serving me until I have drowned my sorrows.
1061,2984,5,19,86,110,1.2636363636363637,0.05113763783047852,628,My old watering hole was getting crowded
1075,2984,5,19,86,110,1.2636363636363637,0.05113763783047852,628,Oh yeah? Do you want to sleep with the fishes?
1265,2984,2,25,83,110,1.2636363636363637,0.045985225765485874,628,Got any high oxygen drinks?
91,2984,1,27,82,110,1.2636363636363637,0.0441342873207428,628,You know who else I hate? Those damn dirty trout.
1863,2984,3,23,84,110,1.2636363636363637,0.04776449162396197,628,I don't normally drink this much.
1897,2984,6,17,87,110,1.2636363636363637,0.05274337564352528,628,My wife says I drink like one.
2068,2984,3,23,84,110,1.2636363636363637,0.04776449162396197,628,"Give me another round, I have a repetation to keep!"
2481,2984,1,27,82,110,1.2636363636363637,0.0441342873207428,628,"No, I  wasn't fishing for a complement!"
2642,2984,5,19,86,110,1.2636363636363637,0.05113763783047852,628,"Yes, I am drinking like a fish. Is that a problem?"
1499,2984,4,21,85,110,1.2636363636363637,0.04947981741567324,628,I'd like to drink like a human for a change.
3800,3021,4,22,88,114,1.263157894736842,0.04834255127173404,628,He called me a cold fish!
3817,3022,6,19,93,118,1.2627118644067796,0.0502463381291868,628,"Why do I drink alone? Well, ever since I dropped out of school,I feel like a fish out of water."
915,3022,4,23,91,118,1.2627118644067796,0.04727542059150977,628,I will need that drink in 20 gallons instead of ounces. Fish out of water and all that. Ya get me?
5647,3024,3,20,76,99,1.2626262626262625,0.05093611138448136,628,"So in the end, they was right. I never should'a fell for that bird."
5711,3024,2,22,75,99,1.2626262626262625,0.04887069039502482,628,"Ok, but any way that I drink is necessarily 'like a fish'."
5981,3024,4,18,77,99,1.2626262626262625,0.052920983610078645,628,The Mermaid Show here was a total bust.
6043,3024,5,16,78,99,1.2626262626262625,0.05483405483405484,628,"A tall glass of water, please.
And keep 'em coming."
6119,3024,4,18,77,99,1.2626262626262625,0.052920983610078645,628,Of course I do - I am a fish after all.
6711,3024,5,16,78,99,1.2626262626262625,0.05483405483405484,628,"Scotch and water please.  On second thought, you'd better make that a water and water."
7661,3024,5,16,78,99,1.2626262626262625,0.05483405483405484,628,Pour me another drink and I'll tell you about the one that got away
7655,3024,4,18,77,99,1.2626262626262625,0.052920983610078645,628,"Believe it or not, the turtles drink way more than we do."
7567,3024,3,20,76,99,1.2626262626262625,0.05093611138448136,628,I still say there's something fishy in here.
7403,3024,3,20,76,99,1.2626262626262625,0.05093611138448136,628,I was a frat boy at McGill University
6898,3024,3,20,76,99,1.2626262626262625,0.05093611138448136,628,Even on our third date he kept telling me I behaved like a cold fish...
5042,3024,5,16,78,99,1.2626262626262625,0.05483405483405484,628,DON'T YOU DARE tell me how I drink!
7010,3024,2,22,75,99,1.2626262626262625,0.04887069039502482,628,"Well, did you expect me to drink like a bird?"
8047,3024,2,22,75,99,1.2626262626262625,0.04887069039502482,628,"A gill of whiskey, please."
4818,3024,5,16,78,99,1.2626262626262625,0.05483405483405484,628,If I could only drown my sorrows.
6748,3024,5,16,78,99,1.2626262626262625,0.05483405483405484,628,I am that proverbial fish out of water; time to hydrate.
3921,3024,4,18,77,99,1.2626262626262625,0.052920983610078645,628,I really am 21 otherwise my parents wouldn't have let me be out of the water
3436,3024,2,22,75,99,1.2626262626262625,0.04887069039502482,628,Your story is so damn fishey!
2745,3024,4,18,77,99,1.2626262626262625,0.052920983610078645,628,"After that wave of trouble, I am going to drink like a fish until I tip the scales."
2186,3024,4,18,77,99,1.2626262626262625,0.052920983610078645,628,I'll have that on the rocks please.
1693,3024,6,14,79,99,1.2626262626262625,0.056682595501882704,628,"Don't you DARE make any joke about ""a fish walks into a bar""!"
1470,3024,3,20,76,99,1.2626262626262625,0.05093611138448136,628,It’s tough living in a fish bowl....
894,3024,5,16,78,99,1.2626262626262625,0.05483405483405484,628,SUI? Now you're just making s*%# up.
51,3024,5,16,78,99,1.2626262626262625,0.05483405483405484,628,"If you are Ben Kingsley, then I am a fish out of water."
4025,3024,2,22,75,99,1.2626262626262625,0.04887069039502482,628,Have you got saltwater on tap?
2881,3049,1,26,80,107,1.2616822429906542,0.04471041365750594,628,"Yeah, maybe I inspired some movies, but that's not why I do it. I'm just trying to be my most authentic self."
1154,3050,2,25,84,111,1.2612612612612613,0.0456309156226219,628,I've been drinking like a fish since the day I was born.
7596,3050,4,21,86,111,1.2612612612612613,0.04908951810885056,628,Make it a double. I've been dumped. But - hey - there's plenty more fish in the sea.
888,3050,4,21,86,111,1.2612612612612613,0.04908951810885056,628,"What do you mean, you are out of water? I am out of water."
8034,3050,4,21,86,111,1.2612612612612613,0.04908951810885056,628,"Always more water Chip, always."
2639,3050,4,21,86,111,1.2612612612612613,0.04908951810885056,628,"I tell ya, he had to be  6' 2'' , and a 225 pounds.  That is a real keeper!"
603,3055,6,18,91,115,1.2608695652173914,0.05105590857499128,628,The guy from across the bar tried to lure me to his table but I’m not taking the bait.
3641,3055,0,30,85,115,1.2608695652173914,0.04112631751856161,628,"Set em up bartender, at times I've been known to drink like a fish."
4563,3055,3,12,54,69,1.2608695652173914,0.0641428961840637,628,"Oh, and a water too please."
2995,3058,3,25,91,119,1.2605042016806722,0.04538553591128305,628,"And stop saying, ""Go, fish."""
4288,3059,4,18,78,100,1.26,0.05245488682206027,628,Forget you are what you eat; more like you are like you drink.
7094,3059,4,18,78,100,1.26,0.05245488682206027,628,And she had the nerve to say she left me because she says I drink like a fish.
7551,3059,4,18,78,100,1.26,0.05245488682206027,628,"I said I felt like a fish out of water, not a fish out of beers"
3261,3059,4,18,78,100,1.26,0.05245488682206027,628,Even my therapist made me feel like a fish out of water.
4109,3059,3,20,77,100,1.26,0.050492523699008654,628,The name is Mickey Fin.
6159,3064,3,21,80,104,1.2596153846153846,0.04925735314273533,628,.......with a salt water chaser.
7672,3065,2,24,82,108,1.2592592592592593,0.046270328473576636,628,"You’d drink like a fish too if you had 1,000 siblings with the same birthday."
5740,3065,4,20,84,108,1.2592592592592593,0.04987067104129538,628,"So she said, “I hate how you perch on my furniture” and I said, “ Stop carping at me.”"
5664,3065,5,18,85,108,1.2592592592592593,0.05157668171409739,628,One of us is about to die in this scenario so I'll take another round.
5634,3065,6,16,86,108,1.2592592592592593,0.053228041135904285,628,"A bowl of Goldwasser, bitte."
5597,3065,6,16,86,108,1.2592592592592593,0.053228041135904285,628,I shouldn't. My wife says I've been drinking like a human.
5459,3065,4,20,84,108,1.2592592592592593,0.04987067104129538,628,I just swam in from Montauk and boy are my fins tired!
5343,3065,6,16,86,108,1.2592592592592593,0.053228041135904285,628,Why wouldn't a priest and a rabbi swim into a bar?
5338,3065,5,18,85,108,1.2592592592592593,0.05157668171409739,628,"Do you ask all the fish who come in here for their ID's, or only only the carp?"
5291,3065,3,22,83,108,1.2592592592592593,0.04810419486469852,628,And then he locked me in his bedroom fish tank while he had his way with me!
4763,3065,4,20,84,108,1.2592592592592593,0.04987067104129538,628,"So, if you know the story of a mortgage more underwater than mine, I'm all ears."
4748,3065,3,22,83,108,1.2592592592592593,0.04810419486469852,628,Can I just get a bowl of water?
4650,3065,4,20,84,108,1.2592592592592593,0.04987067104129538,628,And there I was at thirty fathoms...
4409,3065,3,22,83,108,1.2592592592592593,0.04810419486469852,628,This stuff helps me breathe.
4392,3065,3,22,83,108,1.2592592592592593,0.04810419486469852,628,Feels like I'm outta scotch AND water
4378,3065,2,24,82,108,1.2592592592592593,0.046270328473576636,628,I drink like a fish. There!  I said it for you!
4252,3065,5,18,85,108,1.2592592592592593,0.05157668171409739,628,"No, refusing to serve fish is not covered by that Supreme Court decision."
4180,3065,6,16,86,108,1.2592592592592593,0.053228041135904285,628,"Gimme a water, Joe.  Straight.  No salt."
4081,3065,4,20,84,108,1.2592592592592593,0.04987067104129538,628,"So I drink like a fish.  C'mon, you can't cut me off."
4071,3065,3,22,83,108,1.2592592592592593,0.04810419486469852,628,Can  you believe it?  She left me for a freaking sunfish!
4034,3065,4,20,84,108,1.2592592592592593,0.04987067104129538,628,You don't tell me how to drink and I won't tell you how to bartend.
4030,3065,4,20,84,108,1.2592592592592593,0.04987067104129538,628,"Yeah, I drink like a fish... So, whudabout it??"
4011,3065,7,14,87,108,1.2592592592592593,0.054829687484917594,628,"Sorry, I was supposed to be a mermaid!"
3882,3065,7,14,87,108,1.2592592592592593,0.054829687484917594,628,"Look, I am supposed to drink like a fish!"
3762,3065,3,22,83,108,1.2592592592592593,0.04810419486469852,628,"Make one to scale, please."
5790,3065,4,20,84,108,1.2592592592592593,0.04987067104129538,628,"So the Sockeye leans over to the farmed salmon and says, ""gotta pen?"""
5968,3065,4,20,84,108,1.2592592592592593,0.04987067104129538,628,yeahh.. nothing like sex on the beach!
6088,3065,7,14,87,108,1.2592592592592593,0.054829687484917594,628,"So I said, No way honey, even witches aren’t that ugly."
6209,3065,5,18,85,108,1.2592592592592593,0.05157668171409739,628,Just keep pouring.
7791,3065,4,20,84,108,1.2592592592592593,0.04987067104129538,628,I got catfished by a catfish.
7843,3065,5,18,85,108,1.2592592592592593,0.05157668171409739,628,Last week I caught a 6' Great-White American Male who put up a helluva fight.
7980,3065,2,24,82,108,1.2592592592592593,0.046270328473576636,628,I can drink like a fish better than anyone.
7664,3065,4,20,84,108,1.2592592592592593,0.04987067104129538,628,"I have been to the best schools and my family is kosher, yet a woman on East 64th Street screamed at me and called me a shark.  Oy, the indignities I must endure in this city!"
7451,3065,1,26,81,108,1.2592592592592593,0.044360714946047326,628,I'm thinking outside the bowl.
7434,3065,5,18,85,108,1.2592592592592593,0.05157668171409739,628,Yep - heard it...
7394,3065,4,20,84,108,1.2592592592592593,0.04987067104129538,628,"A fish out of order"""
7371,3065,3,22,83,108,1.2592592592592593,0.04810419486469852,628,You know what really grinds my gills?
7251,3065,7,14,87,108,1.2592592592592593,0.054829687484917594,628,Everybody knows Big Bird. Big Bird this Big Bird that.
7224,3065,5,18,85,108,1.2592592592592593,0.05157668171409739,628,‘On the rocks’? Is that some kind of joke?
7197,3065,3,22,83,108,1.2592592592592593,0.04810419486469852,628,I said gin and SALT water!
3741,3065,4,20,84,108,1.2592592592592593,0.04987067104129538,628,'Whiskey. Two fins.'
7183,3065,8,12,88,108,1.2592592592592593,0.0563858572358525,628,I thought after that movie came out I might have some luck.
6970,3065,4,20,84,108,1.2592592592592593,0.04987067104129538,628,"So my wife says, I act like a fish out of water and she’s divorcing me."
6870,3065,4,20,84,108,1.2592592592592593,0.04987067104129538,628,A tall Scotch and water please.  Hold the scotch!
6845,3065,6,16,86,108,1.2592592592592593,0.053228041135904285,628,"I SAID, keep 'em comin'. I breathe this stuff."
6733,3065,2,24,82,108,1.2592592592592593,0.046270328473576636,628,"The net of of it is, I’m hooked..."
6695,3065,4,20,84,108,1.2592592592592593,0.04987067104129538,628,Cold River Vodka with plenty of rocks.
6672,3065,3,22,83,108,1.2592592592592593,0.04810419486469852,628,"You heard me, a Wet Martini!"
6642,3065,5,18,85,108,1.2592592592592593,0.05157668171409739,628,It's sa-mon not sal-mon.
6609,3065,5,18,85,108,1.2592592592592593,0.05157668171409739,628,"I'll tell you this: If you see a worm floating in the water, do NOT eat it."
6546,3065,3,22,83,108,1.2592592592592593,0.04810419486469852,628,"I'm telling you, Johnny, the foreigners are taking over. Do you know why Great White Sharks  look so angry? Because nobody will hire them."
6499,3065,3,22,83,108,1.2592592592592593,0.04810419486469852,628,100 gallons of Scotch and water...hold the Scotch.
6326,3065,3,22,83,108,1.2592592592592593,0.04810419486469852,628,Don't be koi.
7031,3065,3,22,83,108,1.2592592592592593,0.04810419486469852,628,"He said I was playing koi, but this is just who I am."
3552,3065,5,18,85,108,1.2592592592592593,0.05157668171409739,628,"Got one for ya, pal . . .A fish walks into a bar and DOESN'T end up on a plate!"
1530,3065,3,22,83,108,1.2592592592592593,0.04810419486469852,628,"What do you mean ""I look fishy""?"
3478,3065,5,18,85,108,1.2592592592592593,0.05157668171409739,628,I'll have a Tequila with the worm.
1703,3065,4,20,84,108,1.2592592592592593,0.04987067104129538,628,"I'll have a bowl of water, and make it a large"
1663,3065,4,20,84,108,1.2592592592592593,0.04987067104129538,628,Could you call me a fish bowl?
1605,3065,4,20,84,108,1.2592592592592593,0.04987067104129538,628,"Set up Joe, have I got a fish tale for you!"
1578,3065,3,22,83,108,1.2592592592592593,0.04810419486469852,628,Of course I drink like a fish. I am a goddam fish! Now get me another double!
1566,3065,5,18,85,108,1.2592592592592593,0.05157668171409739,628,"Hey ya tall drink of water, why don't ya come up and see me some time?"
1495,3065,3,22,83,108,1.2592592592592593,0.04810419486469852,628,"Yeah, the usual again. Water, pinch of salt."
1488,3065,5,18,85,108,1.2592592592592593,0.05157668171409739,628,"She was the cutest little guppie, fishnet stockings, fins that went on forever; then one day she joined a school"
1480,3065,4,20,84,108,1.2592592592592593,0.04987067104129538,628,"I hope this ""new Watergate"" thing actually has water."
1401,3065,4,20,84,108,1.2592592592592593,0.04987067104129538,628,"You can't cut me off. I told you, I'm not driving."
3499,3065,5,18,85,108,1.2592592592592593,0.05157668171409739,628,How much for a martini; I've only got a fin.
1728,3065,3,22,83,108,1.2592592592592593,0.04810419486469852,628,"Double scotch, bucket o’ water back."
1299,3065,5,18,85,108,1.2592592592592593,0.05157668171409739,628,You can’t cut me off. I have to drink like a fish.
1112,3065,1,26,81,108,1.2592592592592593,0.044360714946047326,628,"Yes, another tonic and water please. And side of hookless worms if you have em."
1074,3065,4,20,84,108,1.2592592592592593,0.04987067104129538,628,Was my husband in here drinking like a man again?
1067,3065,3,22,83,108,1.2592592592592593,0.04810419486469852,628,We drink a lot in our school
796,3065,3,22,83,108,1.2592592592592593,0.04810419486469852,628,"If you talk the talk, you gotta walk the walk."
776,3065,3,22,83,108,1.2592592592592593,0.04810419486469852,628,I can swim myself home don't you worry about it
699,3065,4,20,84,108,1.2592592592592593,0.04987067104129538,628,I''ll have a grasshopper--just for the halibut.
616,3065,6,16,86,108,1.2592592592592593,0.053228041135904285,628,"My wife's a crab, Sam.  Doesn't understand me.  Says I flounder around like a fish out of water."
555,3065,3,22,83,108,1.2592592592592593,0.04810419486469852,628,Put this on my tab.  I'm a little underwater this week
500,3065,1,26,81,108,1.2592592592592593,0.044360714946047326,628,"No, i’m an Aries — why does everyone automatically assume i’m a Pisces!"
496,3065,5,18,85,108,1.2592592592592593,0.05157668171409739,628,"Quit carping around. Make me a 'Dirty Martini,' with real dirt."
1211,3065,6,16,86,108,1.2592592592592593,0.053228041135904285,628,I'll drink like a fish whether you like it or not!
1773,3065,7,14,87,108,1.2592592592592593,0.054829687484917594,628,"You need to scale back on the fish jokes, pal.  My patience is wearing fin."
1313,3065,3,22,83,108,1.2592592592592593,0.04810419486469852,628,I wanna get tanked!
2002,3065,5,18,85,108,1.2592592592592593,0.05157668171409739,628,I'm a getting and I'm self pickling
1826,3065,4,20,84,108,1.2592592592592593,0.04987067104129538,628,"You should've met my father, he could really drink like a fish."
3474,3065,3,22,83,108,1.2592592592592593,0.04810419486469852,628,Make it water on the rocks.
3410,3065,3,22,83,108,1.2592592592592593,0.04810419486469852,628,Oh crap !! Iam drinking like a fish
3348,3065,4,20,84,108,1.2592592592592593,0.04987067104129538,628,I’ll have a margarita with no salt
3184,3065,5,18,85,108,1.2592592592592593,0.05157668171409739,628,"Fin and Sonic, No Rocks"
3177,3065,3,22,83,108,1.2592592592592593,0.04810419486469852,628,Well if you just swam upstream to spawn you would want a cocktail too
2977,3065,4,20,84,108,1.2592592592592593,0.04987067104129538,628,"I've got a whale of a tale, make it a triple."
2948,3065,4,20,84,108,1.2592592592592593,0.04987067104129538,628,I'm looking for a gig as a sole singer
2936,3065,5,18,85,108,1.2592592592592593,0.05157668171409739,628,"You're pouring it and I'm swimming in it, hit me again."
2902,3065,3,22,83,108,1.2592592592592593,0.04810419486469852,628,"I'd like a shrimp cocktail and a rum chaser, sir."
2894,3065,3,22,83,108,1.2592592592592593,0.04810419486469852,628,Been microdosing about a year. Why?
3028,3065,3,22,83,108,1.2592592592592593,0.04810419486469852,628,"Virgin, please. I don't want to be a pickled herring."
2803,3065,6,16,86,108,1.2592592592592593,0.053228041135904285,628,I'll have a glass of water and two barflies.
2807,3065,4,20,84,108,1.2592592592592593,0.04987067104129538,628,So what if I drink like a fish?
2259,3065,3,22,83,108,1.2592592592592593,0.04810419486469852,628,I decided not to go dry out but to scale back instead.
2282,3065,3,22,83,108,1.2592592592592593,0.04810419486469852,628,I know what a watered down drink tastes like !
2299,3065,4,20,84,108,1.2592592592592593,0.04987067104129538,628,"Scotch, but no water!"
2396,3065,5,18,85,108,1.2592592592592593,0.05157668171409739,628,Can I get some more water over here?
2040,3065,6,16,86,108,1.2592592592592593,0.053228041135904285,628,What you looking at? You’ve never seen a fish out of water before?
2467,3065,5,18,85,108,1.2592592592592593,0.05157668171409739,628,You always said I drank like a fish.
2570,3065,3,22,83,108,1.2592592592592593,0.04810419486469852,628,"I came in here last week with a talking peanut and a Chinese monk. Now if you got somethin' funny to say about it, why don't you say it to my face."
2581,3065,5,18,85,108,1.2592592592592593,0.05157668171409739,628,"Another glass of water bar keep. No, no, the hard stuff!"
2801,3065,5,18,85,108,1.2592592592592593,0.05157668171409739,628,"Yeah, yeah, 'rink like a fish, drink like a fish. Can't you come up with something better?"
588,3170,5,19,88,112,1.2589285714285714,0.05032956974881967,628,Don’t even go there...
37,3171,4,23,93,120,1.2583333333333333,0.046586315378863125,628,If someone tells me one more time to 'get over him--there are plenty of people on the planet!''
7271,3172,2,20,71,93,1.2580645161290323,0.050484390003709675,628,"To fake news!!!!Flippers,red tides,idioms!"
6583,3173,6,15,84,105,1.2571428571428571,0.05418150784888373,628,It may be how I drink but it's not who I am!
5573,3173,4,19,82,105,1.2571428571428571,0.05068861239448445,628,"I'm looking for a fella, goes by the name Triton. Have you seen him?"
5409,3173,2,23,80,105,1.2571428571428571,0.04693650029750745,628,"Yes, I drink like a fish.  How insightful!"
5161,3173,6,15,84,105,1.2571428571428571,0.05418150784888373,628,You wouldn’t believe the line that guy just used on me.
6681,3173,4,19,82,105,1.2571428571428571,0.05068861239448445,628,"I can hold my liquor, I'm not a blowfish."""
4605,3173,4,19,82,105,1.2571428571428571,0.05068861239448445,628,"What do you mean, don't try to be coy???"
4585,3173,2,23,80,105,1.2571428571428571,0.04693650029750745,628,The only way you're getting me out of here is flushing me down the toilet.
4470,3173,5,17,83,105,1.2571428571428571,0.052464136413634656,628,Got any threes?
4273,3173,5,17,83,105,1.2571428571428571,0.052464136413634656,628,"Hey Al, I asked for a napkin you gave me newspaper, what are you trying to tell me?"
6719,3173,4,19,82,105,1.2571428571428571,0.05068861239448445,628,"OK, last one.  I'm seeing a talking fish right behind you."
7651,3173,3,21,81,105,1.2571428571428571,0.04884859510086344,628,"Oh yeah? - Well, you're beginning to look like a talking peanut!"
7243,3173,6,15,84,105,1.2571428571428571,0.05418150784888373,628,"For some reason, Americans burst into laughter when I tell them my name is Sue Chi."
7442,3173,2,23,80,105,1.2571428571428571,0.04693650029750745,628,"Oh, Buddy, I’m all washed up."
7498,3173,6,15,84,105,1.2571428571428571,0.05418150784888373,628,Does it really surprise you that I drink like a fish?
7501,3173,4,19,82,105,1.2571428571428571,0.05068861239448445,628,"Listen- if I did drink like a fish, I’d  seek help!"
7562,3173,1,25,79,105,1.2571428571428571,0.04494312936398325,628,Another. And make it snapper.
7969,3173,3,21,81,105,1.2571428571428571,0.04884859510086344,628,"And then she threw a few glasses of water at my face and said, “I hope you live”!"
7910,3173,6,15,84,105,1.2571428571428571,0.05418150784888373,628,"I need one more for the Sea.""       Skip Parker, Reno, Nv 775-762761"
7671,3173,8,11,86,105,1.2571428571428571,0.0574624760959621,628,A fish needs a woman like a man needs a bicycle.
4116,3173,4,19,82,105,1.2571428571428571,0.05068861239448445,628,So how does a fish drink?
7225,3173,2,23,80,105,1.2571428571428571,0.04693650029750745,628,"I don't usually tell tales out of school, but..."
3858,3173,3,21,81,105,1.2571428571428571,0.04884859510086344,628,"If you say ""there are other fish in the sea"" I swear I will throw this in your face"
4755,3173,4,19,82,105,1.2571428571428571,0.05068861239448445,628,"Weird? Let me tell you about weird, my friend: Can you even imagine coming from a place where not even drinking makes sense?"
3628,3173,3,21,81,105,1.2571428571428571,0.04884859510086344,628,"yup, I should have listened to my friends and not shaved my mustache. Now everybody says I look like a fish."
3784,3173,3,21,81,105,1.2571428571428571,0.04884859510086344,628,Don't give me that underage business. I'm 45 in fish years.
108,3173,2,23,80,105,1.2571428571428571,0.04693650029750745,628,"One tequila, please, and keep the worms coming."
1014,3173,2,23,80,105,1.2571428571428571,0.04693650029750745,628,"....so I figured, might as well - everyone believes I do anyway!"
1226,3173,2,23,80,105,1.2571428571428571,0.04693650029750745,628,"It’s a simile, not a metaphor."
1340,3173,3,21,81,105,1.2571428571428571,0.04884859510086344,628,Stop giving me the walleye.
1398,3173,4,19,82,105,1.2571428571428571,0.05068861239448445,628,..and you pour like a leaky faucet.
1458,3173,4,19,82,105,1.2571428571428571,0.05068861239448445,628,I may dring like a fish but at least I went to school.
1779,3173,5,17,83,105,1.2571428571428571,0.052464136413634656,628,"Line ""em up, Harry, the Squid's back in town."
1831,3173,4,19,82,105,1.2571428571428571,0.05068861239448445,628,I could whip Jaws with one fin tied behind my back.
1316,3173,4,19,82,105,1.2571428571428571,0.05068861239448445,628,"Damn you, I said flakes not pellets!"
1917,3173,6,15,84,105,1.2571428571428571,0.05418150784888373,628,No straw. I already have two dozen in my nose.
2578,3173,5,17,83,105,1.2571428571428571,0.052464136413634656,628,And don't try liquor-ing it down!
2686,3173,4,19,82,105,1.2571428571428571,0.05068861239448445,628,"A legend he was. Fortitudious Freddy the fish fought fishermen for fame, family, and freedom."
3551,3173,2,23,80,105,1.2571428571428571,0.04693650029750745,628,"And here’s the hook, he was a total worm."
2738,3173,3,21,81,105,1.2571428571428571,0.04884859510086344,628,"Hey, don't you play koi with me!"
2859,3173,6,15,84,105,1.2571428571428571,0.05418150784888373,628,"So I asked the wife, what’s wrong with drinking like a fish?"
3023,3173,3,21,81,105,1.2571428571428571,0.04884859510086344,628,"Of course I do! What else would you expect me to ""drink like""?"
2205,3214,5,18,86,109,1.2568807339449541,0.05115663507696066,628,"No, I'm a fish outta booze. Pour up!"
2370,3214,4,20,85,109,1.2568807339449541,0.049468238770849854,628,I'm tellin' ya barkeep - I've seen a lot of weird things.
3216,3214,4,20,85,109,1.2568807339449541,0.049468238770849854,628,"Look, I know water; this is watered down."
3316,3214,3,22,84,109,1.2568807339449541,0.047720142306811104,628,They say presidents rot from the head.
4062,3214,6,16,87,109,1.2568807339449541,0.05279105963801855,628,"I want a huge bowl of water, please."
3756,3214,7,14,88,109,1.2568807339449541,0.054376379458477564,628,I’m up to my gills with your “ drink like a fish” remarks!
2019,3214,6,16,87,109,1.2568807339449541,0.05279105963801855,628,"If you won't say ""fish out of water"" or ""drink like a fish""  I'll tip you a fin."
4166,3214,5,18,86,109,1.2568807339449541,0.05115663507696066,628,No way!  Dont tell me you're out of water too!
3672,3214,2,24,83,109,1.2568807339449541,0.045905525990612435,628,If I hear one more guy say “this looks like the start of a joke...”
1435,3214,4,20,85,109,1.2568807339449541,0.049468238770849854,628,You ready for a fish story?
666,3214,3,22,84,109,1.2568807339449541,0.047720142306811104,628,"Man sandwich, no tuna."
835,3214,5,18,86,109,1.2568807339449541,0.05115663507696066,628,How did you expect me to drink?
809,3214,5,18,86,109,1.2568807339449541,0.05115663507696066,628,I'll have a Grasshopper.
4170,3214,4,20,85,109,1.2568807339449541,0.049468238770849854,628,"A priest, a minister and a mackerel walk into a bar."
428,3214,4,20,85,109,1.2568807339449541,0.049468238770849854,628,"Give me the 75 proof. If  I hiccup, it could be deadly..."
105,3214,3,22,84,109,1.2568807339449541,0.047720142306811104,628,And you stereotype like a human!
6147,3214,7,14,88,109,1.2568807339449541,0.054376379458477564,628,Wasn't sure if you noticed you've got a piece of broccoli in your moustache?
7338,3214,2,24,83,109,1.2568807339449541,0.045905525990612435,628,"Stop me if you've heard this one, 'A squid, a crab, and a dolphin walk into a bar...'"
1268,3214,4,20,85,109,1.2568807339449541,0.049468238770849854,628,And you stink like a man.
4360,3214,5,18,86,109,1.2568807339449541,0.05115663507696066,628,So this haddock and an octopus walk into a bar...
4105,3234,3,19,76,98,1.2551020408163265,0.05089401554591195,628,"Sure I drink like a fish, but I eat like a bird"
6498,3234,3,19,76,98,1.2551020408163265,0.05089401554591195,628,I've just been drinking far too much...got any of those goldfish crackers?
7721,3234,5,15,78,98,1.2551020408163265,0.05487246750272069,628,Gimme another-- I'm drinkin' like a fish tonight.
6507,3234,6,13,79,98,1.2551020408163265,0.056757212101740374,628,"Yeah yeah, tell me a fish story I haven't heard before!"
7513,3238,6,15,85,106,1.2547169811320755,0.05372272622101011,628,I feel like a fish out of water in here.
5696,3238,4,19,83,106,1.2547169811320755,0.05026671139017637,628,"Don't give me that carp, I've been drinking since before your kind gentrified Atlantis and will continue to do so after this place becomes a Montessori school."
5305,3238,5,17,84,106,1.2547169811320755,0.05202342542836301,628,Something ocld and wet on the rocks.
5300,3238,5,17,84,106,1.2547169811320755,0.05202342542836301,628,"Hey Buddy, I'm feeling like a fish out of water!!"
5271,3238,8,11,87,106,1.2547169811320755,0.0569694685884635,628,Make mine a scotch with lots of water.
4863,3238,3,21,82,106,1.2547169811320755,0.0484463389191188,628,I'm waiting for Wanda. Ever hear of her?
7998,3238,3,21,82,106,1.2547169811320755,0.0484463389191188,628,I just had to get out of my small pond.
4461,3238,4,19,83,106,1.2547169811320755,0.05026671139017637,628,Reel it in? What the hell is that supposed to mean?
5743,3238,6,15,85,106,1.2547169811320755,0.05372272622101011,628,"Sure, I'm a blowfish, but it still takes 6 drinks to get rid of the taste in my mouth."
4305,3238,4,19,83,106,1.2547169811320755,0.05026671139017637,628,"Okay, pal... exactly what kind of dive bar IS this?"
4177,3238,5,17,84,106,1.2547169811320755,0.05202342542836301,628,"I know, I drink like a fish.  Hit me another double."
4036,3238,4,19,83,106,1.2547169811320755,0.05026671139017637,628,"Don't ""shark bait"" me, Mr. Clean, or I'll flop back there and teach you a lesson about evolution."
3981,3238,5,17,84,106,1.2547169811320755,0.05202342542836301,628,No I’m not drunk like a fish
3953,3238,5,17,84,106,1.2547169811320755,0.05202342542836301,628,"I’ll have a water, neat, with a water back."
3864,3238,5,17,84,106,1.2547169811320755,0.05202342542836301,628,Not the one with worm in it.
3778,3238,6,15,85,106,1.2547169811320755,0.05372272622101011,628,"I don't drink like a fish, trust me."
3676,3238,4,19,83,106,1.2547169811320755,0.05026671139017637,628,Give me a Gulf Stream on the rocks with a splash of plastic refuse.
4257,3238,3,21,82,106,1.2547169811320755,0.0484463389191188,628,So let me tell you about the fisherman who got away
7366,3238,4,19,83,106,1.2547169811320755,0.05026671139017637,628,So I said I'd rather be a big fish in a little pond but it was too little.
5796,3238,9,9,88,106,1.2547169811320755,0.058525335287968154,628,What do you mean you don’t serve water?
5934,3238,4,19,83,106,1.2547169811320755,0.05026671139017637,628,I'm going to get sauced tonight.
7834,3238,2,23,81,106,1.2547169811320755,0.04655484115909928,628,I better stop.  I don't want to get hooked.
7902,3238,5,17,84,106,1.2547169811320755,0.05202342542836301,628,"Yeah, that's right. Tap water with just a pinch of salt."
3624,3238,5,17,84,106,1.2547169811320755,0.05202342542836301,628,What kind of watering hole is this?
7927,3238,4,19,83,106,1.2547169811320755,0.05026671139017637,628,"I’ll have a fresh water margarita, please."
7265,3238,5,17,84,106,1.2547169811320755,0.05202342542836301,628,Life in the small pond was never this good.
7121,3238,5,17,84,106,1.2547169811320755,0.05202342542836301,628,Please don't make it too dry.
7054,3238,6,15,85,106,1.2547169811320755,0.05372272622101011,628,"I'll have the Old Fashioned Fish Tale, hold the hook, line, and sinker."
5837,3238,4,19,83,106,1.2547169811320755,0.05026671139017637,628,"And no, it's not just another one of my fish out of water stories."
6993,3238,5,17,84,106,1.2547169811320755,0.05202342542836301,628,"We're just two old souls swimming in a fish bowl, year after year... that's not poetry ok pal."
6689,3238,5,17,84,106,1.2547169811320755,0.05202342542836301,628,I have a reputation to keep; so keep 'em comin' buddy!
6603,3238,7,13,86,106,1.2547169811320755,0.05536990005350171,628,And then she ran off with Nemo and left me out on the street.
6504,3238,6,15,85,106,1.2547169811320755,0.05372272622101011,628,I hated school
6174,3238,0,27,79,106,1.2547169811320755,0.042520162237633136,628,"The first time I came here,I was hooked!"
6068,3238,3,21,82,106,1.2547169811320755,0.0484463389191188,628,Two fins of Jack Daniels please!
6042,3238,3,21,82,106,1.2547169811320755,0.0484463389191188,628,"At first today seemed like a stay-in-your-bowl kind of a day, but then I got a second wind."
6008,3238,5,17,84,106,1.2547169811320755,0.05202342542836301,628,Card me?!  I'm 34!  And a Pisces!
6927,3238,5,17,84,106,1.2547169811320755,0.05202342542836301,628,"Water, no ice - and keep it coming."
3591,3238,2,23,81,106,1.2547169811320755,0.04655484115909928,628,I could tell you a story ...
5524,3238,6,15,85,106,1.2547169811320755,0.05372272622101011,628,This time no plastic cups please.
3575,3238,5,17,84,106,1.2547169811320755,0.05202342542836301,628,"A shrimp, a clam and a crab walk into a bar..."
1385,3238,6,15,85,106,1.2547169811320755,0.05372272622101011,628,Gimme something dry.
1309,3238,4,19,83,106,1.2547169811320755,0.05026671139017637,628,Know any other cliches?
1238,3238,5,17,84,106,1.2547169811320755,0.05202342542836301,628,So what if I’m here every night; I’m a fish! But the way she told me to “scale back”... just uncalled for.
1225,3238,6,15,85,106,1.2547169811320755,0.05372272622101011,628,I’m here to drown my sorrows
1144,3238,5,17,84,106,1.2547169811320755,0.05202342542836301,628,"So a skeleton went into a bar and the bartender said, ""Well, hello  skeleton, how can I help you?"" And the skeleton replied, ""I'll take a beer.....and a mop."""
1141,3238,1,25,80,106,1.2547169811320755,0.04458316628540198,628,Gimme another shot of that shark tooth vodka.
1007,3238,4,19,83,106,1.2547169811320755,0.05026671139017637,628,Don't try and tell ME you aren't watering down these drinks!
821,3238,4,19,83,106,1.2547169811320755,0.05026671139017637,628,I get it. I drink like a human. Ironic!
803,3238,4,19,83,106,1.2547169811320755,0.05026671139017637,628,Why does everyone assume I drink like a fish?
794,3238,4,19,83,106,1.2547169811320755,0.05026671139017637,628,You say I drink like a fish like it's a bad thing?
788,3238,4,19,83,106,1.2547169811320755,0.05026671139017637,628,"I'm depressed I cannot win the New Yorker caption contest"""
437,3238,5,17,84,106,1.2547169811320755,0.05202342542836301,628,"A lawyer, a priest & a rabbi walk into a bar...."
222,3238,2,23,81,106,1.2547169811320755,0.04655484115909928,628,That's right.  I drink like a fish.  You want to make something of it?.
45,3238,5,17,84,106,1.2547169811320755,0.05202342542836301,628,"Listen, buddy, I know when I'm drunk to the gills, and this ain't it!"
3580,3238,3,21,82,106,1.2547169811320755,0.0484463389191188,628,"A martini, but don't make it too dry."
1392,3238,4,19,83,106,1.2547169811320755,0.05026671139017637,628,"You know how to whistle, don’t you, Steve? You just put your lips together and… blow."
1443,3238,3,21,82,106,1.2547169811320755,0.0484463389191188,628,I’ll have a fin and tonic.
4734,3238,3,21,82,106,1.2547169811320755,0.0484463389191188,628,"As Zhuangzi said, ""From whence can you know the happiness of fish?...Just make me a Manhattan neat pronto!"""
3131,3238,3,21,82,106,1.2547169811320755,0.0484463389191188,628,More water. And don't skimp on the salt!
1505,3238,2,23,81,106,1.2547169811320755,0.04655484115909928,628,Why shouldn't I drink like a fish?
1534,3238,5,17,84,106,1.2547169811320755,0.05202342542836301,628,"You try reversing your total route, over your entire lifetime, sober."
1653,3238,6,15,85,106,1.2547169811320755,0.05372272622101011,628,Shut up and pour! I'm the whole reason there's even a saying.
2064,3238,4,19,83,106,1.2547169811320755,0.05026671139017637,628,"Just a water, no ice!"
2141,3238,5,17,84,106,1.2547169811320755,0.05202342542836301,628,You're right! Bald is beautiful.
2183,3238,4,19,83,106,1.2547169811320755,0.05026671139017637,628,Add an extra worm in the Tequila
2512,3238,5,17,84,106,1.2547169811320755,0.05202342542836301,628,You say I drink like a fish as if it's a bad thing!
2680,3238,5,17,84,106,1.2547169811320755,0.05202342542836301,628,"Listen here Joe, I can drive just fine."
3514,3238,4,19,83,106,1.2547169811320755,0.05026671139017637,628,"Look, man, you do what you like. But believe me,  Propecia DOES have some freaky side effects..."
3099,3238,5,17,84,106,1.2547169811320755,0.05202342542836301,628,You drink like a camel.
3101,3238,5,17,84,106,1.2547169811320755,0.05202342542836301,628,"Come on, doesn't that sound fishy to you."
1493,3238,3,21,82,106,1.2547169811320755,0.0484463389191188,628,"How then, exactly, were you expecting me to drink?"
3232,3238,4,19,83,106,1.2547169811320755,0.05026671139017637,628,I don't like Horse Walks Into Bar jokes!
3444,3238,5,17,84,106,1.2547169811320755,0.05202342542836301,628,Make me something that captures the right note of middle aged whimsy.
5633,3312,3,22,85,110,1.2545454545454546,0.04734196507794969,628,I'll have a mezcal...worm on the side.
5453,3313,1,21,69,91,1.2527472527472527,0.04840157262757197,628,"And then she says ""whose scales are these?  They don't look like your scales."""
4677,3314,3,18,74,95,1.2526315789473683,0.051773520608508775,628,I may be part of your imagination but these are not.
4464,3314,4,16,75,95,1.2526315789473683,0.053893057084685454,628,"That's a flight and a half, Mac, but it's no school. Like I said, set up a couple hundred at least."
4738,3314,2,20,73,95,1.2526315789473683,0.04956342674257098,628,"I'll say it one more time, Gin & Tonic."
4396,3314,2,20,73,95,1.2526315789473683,0.04956342674257098,628,Hit me! I feel like a fish out of water.
4281,3314,3,18,74,95,1.2526315789473683,0.051773520608508775,628,"Believe it or not,  I don't drink. Have any herring?"
4146,3314,3,18,74,95,1.2526315789473683,0.051773520608508775,628,How many times do I have to hear that “like a fish out of water” bit?
4462,3314,5,14,76,95,1.2526315789473683,0.05593233204209036,628,"Well what did you expect? Just keep 'em coming, buddy."
4881,3314,4,16,75,95,1.2526315789473683,0.053893057084685454,628,Things were going along fine till he asked me if I wanted to go for fish and chips.
7015,3314,4,16,75,95,1.2526315789473683,0.053893057084685454,628,There's something fishy about this bar...
5977,3314,3,18,74,95,1.2526315789473683,0.051773520608508775,628,"1. ""Yeah, I drink like a fish. So what?""

2. ""I'm here because the bar is named Small Pond.""

3. ""Hey, I'm a fish out of water. Gimme another Scotch."""
6048,3314,4,16,75,95,1.2526315789473683,0.053893057084685454,628,"Don't even think of going for the obvious simile._Yes, I would like another drink."
6201,3314,3,18,74,95,1.2526315789473683,0.051773520608508775,628,Saying that I drink like a fish is racist.
6751,3314,4,16,75,95,1.2526315789473683,0.053893057084685454,628,This place was great before you stopped watering down the drinks.
7158,3314,3,18,74,95,1.2526315789473683,0.051773520608508775,628,"No, I’m not going to order something other than water."
7356,3314,2,20,73,95,1.2526315789473683,0.04956342674257098,628,I order a glass of water and you got the gall to say you're out of it?
7433,3314,4,16,75,95,1.2526315789473683,0.053893057084685454,628,You're OUT of single malt?  Something smells fishy!
5725,3314,5,14,76,95,1.2526315789473683,0.05593233204209036,628,Make it just water.
3734,3314,4,16,75,95,1.2526315789473683,0.053893057084685454,628,"Mezcal please, with a twist !"
3340,3314,2,20,73,95,1.2526315789473683,0.04956342674257098,628,"No, but I'm an evolved pisces."
3293,3314,6,12,77,95,1.2526315789473683,0.05789982671304061,628,What's the big deal?  I drink like a fish.
3489,3314,5,14,76,95,1.2526315789473683,0.05593233204209036,628,I don't see why it's any concern of yours what I drink like!
5,3314,8,8,79,95,1.2526315789473683,0.061646721444591816,628,"And, honestly, you really thought, 'Something's fishy,' was funny?"
1166,3314,5,14,76,95,1.2526315789473683,0.05593233204209036,628,"Okay, Ivan. I’ll take the bait. Show me her emails."
1272,3314,6,12,77,95,1.2526315789473683,0.05789982671304061,628,"I don't seem to have my wallet with me, but could you just give me fifty gallons of water?"
116,3314,3,18,74,95,1.2526315789473683,0.051773520608508775,628,What's your name again?
1600,3314,2,20,73,95,1.2526315789473683,0.04956342674257098,628,Can I get a glass of H2O on the rocks?
1959,3314,3,18,74,95,1.2526315789473683,0.051773520608508775,628,I drink like a fish so keep them coming.
2826,3314,5,14,76,95,1.2526315789473683,0.05593233204209036,628,I used to be the best mermaid cocktail maker
2918,3314,2,20,73,95,1.2526315789473683,0.04956342674257098,628,"Look, Buddy, I am a fish."
1539,3314,4,16,75,95,1.2526315789473683,0.053893057084685454,628,You should have seen the one that got away.
5414,3344,1,24,78,103,1.2524271844660195,0.04517126198351843,628,One bowl of fresh water
5082,3344,5,16,82,103,1.2524271844660195,0.05293309499341509,628,Actually I am a mermaid.  Evolution screwed up.
5110,3344,5,16,82,103,1.2524271844660195,0.05293309499341509,628,A fish tale.
5138,3344,7,12,84,103,1.2524271844660195,0.05641495691552932,628,So this fish walks into a bald ... I mean bar!
5206,3344,5,16,82,103,1.2524271844660195,0.05293309499341509,628,"If my wife asks, remember you didn’t see me here!"
5243,3344,5,16,82,103,1.2524271844660195,0.05293309499341509,628,"So, that's the difference between a simile and a metaphor."
5520,3344,4,18,81,103,1.2524271844660195,0.05110327911672932,628,"Another oxygen and water, on the rocks, please."
5763,3344,2,22,79,103,1.2524271844660195,0.0472314547551017,628,I could krill a man for a beer right about now
5530,3344,5,16,82,103,1.2524271844660195,0.05293309499341509,628,"Just water for me, thanks."
5637,3344,5,16,82,103,1.2524271844660195,0.05293309499341509,628,Oh really? So what’s your idea of a more constructive response to the mess we’re in?
5698,3344,2,22,79,103,1.2524271844660195,0.0472314547551017,628,"Is that so?  Well, how else would you expect me to drink?!"
5013,3344,4,18,81,103,1.2524271844660195,0.05110327911672932,628,"Yes, I do drink like a fish.  
Why do you ask?"
5840,3344,4,18,81,103,1.2524271844660195,0.05110327911672932,628,"Believe me, I know a watered down drink."
5925,3344,4,18,81,103,1.2524271844660195,0.05110327911672932,628,If I'd wanted rot-gut I'd have stayed in the river.
5962,3344,3,20,80,103,1.2524271844660195,0.049205464405722064,628,So I drink like a fish you got a problem air-breather?
6005,3344,5,16,82,103,1.2524271844660195,0.05293309499341509,628,I’ll take that bottle of tequila with the worm in it
3965,3344,4,18,81,103,1.2524271844660195,0.05110327911672932,628,You can’t cut me off! I drink like a fish for a reason.
4917,3344,5,16,82,103,1.2524271844660195,0.05293309499341509,628,I’ll have another ...
4729,3344,3,20,80,103,1.2524271844660195,0.049205464405722064,628,Fini!
4862,3344,4,18,81,103,1.2524271844660195,0.05110327911672932,628,"Look here, Mac, that's only the fourth-funniest thing going on here."
4162,3344,4,18,81,103,1.2524271844660195,0.05110327911672932,628,"Back in 45,when I was in the South Pacific..."
6133,3344,4,18,81,103,1.2524271844660195,0.05110327911672932,628,"Forget it,  it wasnt funny anyway.   Just give me some salt water."
4123,3344,5,16,82,103,1.2524271844660195,0.05293309499341509,628,"Sir, I really resent you assume I drink the way I look"
4103,3344,4,18,81,103,1.2524271844660195,0.05110327911672932,628,Just bring me another - I swear I'm not driving
4066,3344,4,18,81,103,1.2524271844660195,0.05110327911672932,628,What's it take for a guy to get a dry martini in this joint?
4060,3344,3,20,80,103,1.2524271844660195,0.049205464405722064,628,"Scotch, water.   A LOT of water!"
3998,3344,2,22,79,103,1.2524271844660195,0.0472314547551017,628,Turns out she wasn't a vegetarian...
4293,3344,5,16,82,103,1.2524271844660195,0.05293309499341509,628,This is not the small pond I was hoping  for.
4299,3344,3,20,80,103,1.2524271844660195,0.049205464405722064,628,What has happened to me can only happen in America.
4325,3344,5,16,82,103,1.2524271844660195,0.05293309499341509,628,"Listen buddy, I won't fall for hook, line OR sinker!!!!"
4336,3344,3,20,80,103,1.2524271844660195,0.049205464405722064,628,She says I drink like a fish...
4374,3344,4,18,81,103,1.2524271844660195,0.05110327911672932,628,A bartender walks into a fish tank and .......
4398,3344,5,16,82,103,1.2524271844660195,0.05293309499341509,628,You got a problem with reproductive rights?!?  Let's talk about Roe v Wave and hard it is to get a fair shake.
4705,3344,4,18,81,103,1.2524271844660195,0.05110327911672932,628,I know!  It all started in school.
4743,3344,2,22,79,103,1.2524271844660195,0.0472314547551017,628,Make it bourbon with the splash of water on me
4812,3344,1,24,78,103,1.2524271844660195,0.04517126198351843,628,So I says to her: 'So what if I drink like a fish?'
4817,3344,5,16,82,103,1.2524271844660195,0.05293309499341509,628,You're right—I don't drink like a bird.
4880,3344,5,16,82,103,1.2524271844660195,0.05293309499341509,628,Sometimes I get this feeling that my wife just doesn’t understand me
4199,3344,3,20,80,103,1.2524271844660195,0.049205464405722064,628,"You know, the two of us are a lot a like. Life just flushed us down the bowl."
6565,3344,4,18,81,103,1.2524271844660195,0.05110327911672932,628,"So, long story short, that's how I got hooked on tequila."
6198,3344,2,22,79,103,1.2524271844660195,0.0472314547551017,628,Nuh-uh. You know what we do in water.
7359,3344,3,20,80,103,1.2524271844660195,0.049205464405722064,628,A fish out of water? Shattering yet another urban myth
7396,3344,3,20,80,103,1.2524271844660195,0.049205464405722064,628,"So I say, ""Listen, Ma! I'm a big boy now. You don't get to choose my school anymore."""
7507,3344,5,16,82,103,1.2524271844660195,0.05293309499341509,628,Line ‘em up. I’m hooked!
7578,3344,4,18,81,103,1.2524271844660195,0.05110327911672932,628,Hey now! This may be clear but it's definitely not water!
7622,3344,5,16,82,103,1.2524271844660195,0.05293309499341509,628,How could I plossibly be drinker than a fish?
7659,3344,6,14,83,103,1.2524271844660195,0.05470173630408332,628,"Hey barkeep, I'm outta water."
7680,3344,4,18,81,103,1.2524271844660195,0.05110327911672932,628,"Sho I shez to the guy, ""Howzh aboutcha maksh 'em shleep wif yer own kind fer a change?"""
7336,3344,4,18,81,103,1.2524271844660195,0.05110327911672932,628,What's a nice koi like me doing in a place like this?
7780,3344,5,16,82,103,1.2524271844660195,0.05293309499341509,628,"If I want a dry martini with 3 crickets, you’ll make me a dry martini with three crickets."
3947,3344,5,16,82,103,1.2524271844660195,0.05293309499341509,628,I bet you wish I got away.
7891,3344,4,18,81,103,1.2524271844660195,0.05110327911672932,628,I'm definitely not tanked.
7930,3344,4,18,81,103,1.2524271844660195,0.05110327911672932,628,Then she cleaned out the tank and swam out of my life forever.
7951,3344,3,20,80,103,1.2524271844660195,0.049205464405722064,628,I left my wife and kids in the kitchen
7959,3344,2,22,79,103,1.2524271844660195,0.0472314547551017,628,Of all the places to be out of water!
8056,3344,3,20,80,103,1.2524271844660195,0.049205464405722064,628,i just can’t seem to get over this constant feeling like i’m a fish out of water.
8058,3344,5,16,82,103,1.2524271844660195,0.05293309499341509,628,"Listen pal, I don't need anybody tellin' me how it is I drink."
7866,3344,4,18,81,103,1.2524271844660195,0.05110327911672932,628,This isn’t even the first time I’ve been catfished.
7117,3344,4,18,81,103,1.2524271844660195,0.05110327911672932,628,Hit me with another bubbly.
7056,3344,3,20,80,103,1.2524271844660195,0.049205464405722064,628,What do you mean no pets allowed? I am a paying customer?
7043,3344,5,16,82,103,1.2524271844660195,0.05293309499341509,628,C'mon! Like I've never heard that one before?
6217,3344,2,22,79,103,1.2524271844660195,0.0472314547551017,628,I'll be back on my feet in no time.
6276,3344,4,18,81,103,1.2524271844660195,0.05110327911672932,628,Is this the sea section?
6300,3344,4,18,81,103,1.2524271844660195,0.05110327911672932,628,"Instead of a plastic straw, can I have one of those little umbrellas please."
6348,3344,3,20,80,103,1.2524271844660195,0.049205464405722064,628,"You've had a rough day??!!  Today, I got expelled from The School of Fish!!"
6444,3344,5,16,82,103,1.2524271844660195,0.05293309499341509,628,Let me know if Bruno Tattaglia and Sollozzo creep up behind me with a garrote.
6474,3344,0,26,77,103,1.2524271844660195,0.04301250399690879,628,That's just a stereotype  ... not all of us drink when we're out of water.
6480,3344,3,20,80,103,1.2524271844660195,0.049205464405722064,628,Forget about Sushi! Now all kinds of people will be sleeping with us.
6581,3344,3,20,80,103,1.2524271844660195,0.049205464405722064,628,Give me a little bit of bubbly.
6617,3344,2,22,79,103,1.2524271844660195,0.0472314547551017,628,I know that last one was just freshwater.
6760,3344,5,16,82,103,1.2524271844660195,0.05293309499341509,628,"....and no more ""a fish swam in to a bar"" jokes"
6832,3344,3,20,80,103,1.2524271844660195,0.049205464405722064,628,So I  took the bait hook line and sinker
6861,3344,1,24,78,103,1.2524271844660195,0.04517126198351843,628,"Something dry, on the rocks with two worms."
6871,3344,4,18,81,103,1.2524271844660195,0.05110327911672932,628,"This isn't a ""hook-up""  joint, is it?"
6885,3344,1,24,78,103,1.2524271844660195,0.04517126198351843,628,I heard this is a pick-up bar. Good. I don't have any feet.
6955,3344,3,20,80,103,1.2524271844660195,0.049205464405722064,628,I'd like an extra wet martini.
6984,3344,5,16,82,103,1.2524271844660195,0.05293309499341509,628,"...and then she said,""get out Finny, you're tanked""."
6991,3344,1,24,78,103,1.2524271844660195,0.04517126198351843,628,Do you think I’ll look like a good catch at 2 in the morning?
6170,3344,4,18,81,103,1.2524271844660195,0.05110327911672932,628,If I hear that joke one more time...
3940,3344,5,16,82,103,1.2524271844660195,0.05293309499341509,628,She's suing for child support.
5171,3344,2,22,79,103,1.2524271844660195,0.0472314547551017,628,My wife complains I drink like a fish.
3912,3344,5,16,82,103,1.2524271844660195,0.05293309499341509,628,Told him I'm 21 and my shoes are in my purse...
1082,3344,5,16,82,103,1.2524271844660195,0.05293309499341509,628,Would you happen to have any Goldfish crackers?
1185,3344,5,16,82,103,1.2524271844660195,0.05293309499341509,628,Who do you think I am? Of course I want it extra wet!
1196,3344,3,20,80,103,1.2524271844660195,0.049205464405722064,628,"ya, ya, I get it. I drink like a fish.  Just shut up and pour."
1249,3344,5,16,82,103,1.2524271844660195,0.05293309499341509,628,I’d like another dry martini.
1258,3344,5,16,82,103,1.2524271844660195,0.05293309499341509,628,"And don't give me that ""drinks like a fish' BS."
1366,3344,2,22,79,103,1.2524271844660195,0.0472314547551017,628,You watered these drinks!
1408,3344,5,16,82,103,1.2524271844660195,0.05293309499341509,628,"Drink like a fish. Pretty original, Ahab, did your barber tell you that one?"
1450,3344,4,18,81,103,1.2524271844660195,0.05110327911672932,628,"And then she tells me, ""you know, there are a lot of other fish in the sea."""
1490,3344,4,18,81,103,1.2524271844660195,0.05110327911672932,628,"Look, I get plenty of water at home pal."
1508,3344,4,18,81,103,1.2524271844660195,0.05110327911672932,628,Want to hear a tall tale?
1527,3344,5,16,82,103,1.2524271844660195,0.05293309499341509,628,No! You don't get it -- I was IN the boat!
1606,3344,2,22,79,103,1.2524271844660195,0.0472314547551017,628,"When you live in a pond, it doesn't matter how many more fish are in the sea."
1607,3344,2,22,79,103,1.2524271844660195,0.0472314547551017,628,"Three fish walk into a bar, and one of says, “boy, this guy never changes the filter.”"
1713,3344,3,20,80,103,1.2524271844660195,0.049205464405722064,628,"Ya! Ya! Ya! I know, I drink like a fish."
1744,3344,1,24,78,103,1.2524271844660195,0.04517126198351843,628,Have you heard this one? A fish swims into a bar...
1038,3344,3,20,80,103,1.2524271844660195,0.049205464405722064,628,"I'm the Great Exception.  I don't drink like a fish."""
1025,3344,5,16,82,103,1.2524271844660195,0.05293309499341509,628,"No, that was my cousin at the Oscars."
963,3344,3,20,80,103,1.2524271844660195,0.049205464405722064,628,Don’t you dare tell me there are other fish in the sea!
817,3344,4,18,81,103,1.2524271844660195,0.05110327911672932,628,"Keep them coming, I feel a bit dehydrated today."
3929,3344,5,16,82,103,1.2524271844660195,0.05293309499341509,628,"I thought ""fishy soir"" was on the menu."
44,3344,4,18,81,103,1.2524271844660195,0.05110327911672932,628,I suppose there's plenty of other (hic!) birds in the trees...
78,3344,3,20,80,103,1.2524271844660195,0.049205464405722064,628,"I'll define what it means to ""drink like a fish"".  Gimme another Appletini."
107,3344,5,16,82,103,1.2524271844660195,0.05293309499341509,628,"Just a regular beer, no fish bowl."
140,3344,3,20,80,103,1.2524271844660195,0.049205464405722064,628,Jack quickly grew tired of Bill's fish-out-of-water stories.
177,3344,4,18,81,103,1.2524271844660195,0.05110327911672932,628,"Just one more, I am trying to dry out."
343,3344,3,20,80,103,1.2524271844660195,0.049205464405722064,628,Don't play koi with me.
1755,3344,5,16,82,103,1.2524271844660195,0.05293309499341509,628,"I gotta tell you, there ain't plenty of fish in the sea."
479,3344,4,18,81,103,1.2524271844660195,0.05110327911672932,628,"On this subject, all I have to say is a fish rots from the head down."
525,3344,3,20,80,103,1.2524271844660195,0.049205464405722064,628,"Don't be finishing for trouble pal, just pure me another one!"
610,3344,2,22,79,103,1.2524271844660195,0.0472314547551017,628,"I know there's a lot of fish in the sea, but she was the one, man"
652,3344,5,16,82,103,1.2524271844660195,0.05293309499341509,628,I'll have a shrimp cocktail.
657,3344,2,22,79,103,1.2524271844660195,0.0472314547551017,628,"You would think so, but no. However I do throw like a girl."
677,3344,6,14,83,103,1.2524271844660195,0.05470173630408332,628,You know damn well I don't want a water.
681,3344,7,12,84,103,1.2524271844660195,0.05641495691552932,628,No! I don't want a straw!
741,3344,2,22,79,103,1.2524271844660195,0.0472314547551017,628,I was the best minnow in our little shul of gefilte fish. It's where I met my first wife. I could go on but I need another shot of water.
515,3344,5,16,82,103,1.2524271844660195,0.05293309499341509,628,Did I leave my credit card here last night?
1859,3344,2,22,79,103,1.2524271844660195,0.0472314547551017,628,Whaddya mean the worm in a Tequila bottle is a myth?
1267,3344,1,24,78,103,1.2524271844660195,0.04517126198351843,628,"Actually, my friends say I drink like a  lobster."
1999,3344,3,20,80,103,1.2524271844660195,0.049205464405722064,628,A slow night at the Tired Cliches Bar.
3115,3344,2,22,79,103,1.2524271844660195,0.0472314547551017,628,"Where I come from, there is no limit!"
3127,3344,6,14,83,103,1.2524271844660195,0.05470173630408332,628,"...and with these prices, you probably won't get too many more."
3172,3344,5,16,82,103,1.2524271844660195,0.05293309499341509,628,And do not even get me started on the so-called scales of justice.
3181,3344,6,14,83,103,1.2524271844660195,0.05470173630408332,628,They used to mock me in school for not being able to drink like them
3208,3344,3,20,80,103,1.2524271844660195,0.049205464405722064,628,"I tried AA, but I was just a joke to them."
3303,3344,2,22,79,103,1.2524271844660195,0.0472314547551017,628,I need something to blot out my 7-second memory
3320,3344,3,20,80,103,1.2524271844660195,0.049205464405722064,628,"Keep 'em coming, I want to get tanked."
3019,3344,4,18,81,103,1.2524271844660195,0.05110327911672932,628,"I can tell when my drink's been watered down, mister."
3345,3344,7,12,84,103,1.2524271844660195,0.05641495691552932,628,"A Madagascar, for your information, is salt water on the rocks with a sprinkling of fresh seaweed. Go light on the rocks."
3519,3344,3,20,80,103,1.2524271844660195,0.049205464405722064,628,I need a drink. I feel like I’m living in a fish bowl.
1925,3344,3,20,80,103,1.2524271844660195,0.049205464405722064,628,Just a splash of water.
3546,3344,6,14,83,103,1.2524271844660195,0.05470173630408332,628,"yes, I’d like some non sparkling water."
3597,3344,2,22,79,103,1.2524271844660195,0.0472314547551017,628,"Oh, I’ll show you “drinks like a fish.”"
3729,3344,4,18,81,103,1.2524271844660195,0.05110327911672932,628,"And... hick... what would YOU know about drinking like a fish, huh, pal?"
3768,3344,4,18,81,103,1.2524271844660195,0.05110327911672932,628,"One more for the shoal."""
3877,3344,3,20,80,103,1.2524271844660195,0.049205464405722064,628,Fish pee in it?
3463,3344,4,18,81,103,1.2524271844660195,0.05110327911672932,628,"They said they would drain the swamp, and I'm the only big fish left. Pour me another, Joe."
2987,3344,4,18,81,103,1.2524271844660195,0.05110327911672932,628,"Nemo? Yeah, I found him – at the bottom of a glass."
3533,3344,5,16,82,103,1.2524271844660195,0.05293309499341509,628,"So a tuna, a mermaid, and a fisherman go into a bar..."
2980,3344,3,20,80,103,1.2524271844660195,0.049205464405722064,628,I'm neither a bull nor a bear.
2982,3344,5,16,82,103,1.2524271844660195,0.05293309499341509,628,Hey pal I don't judge you on your day off.
2127,3344,3,20,80,103,1.2524271844660195,0.049205464405722064,628,Every time he tells that story the fish gets bigger.
2162,3344,4,18,81,103,1.2524271844660195,0.05110327911672932,628,Why is it always a dry martini?
2224,3344,3,20,80,103,1.2524271844660195,0.049205464405722064,628,Give me a martini extra wet. Keep the fin.
2255,3344,2,22,79,103,1.2524271844660195,0.0472314547551017,628,Yeah... Nemo was his name. Woulda been his birthday today.
2336,3344,4,18,81,103,1.2524271844660195,0.05110327911672932,628,I'm just taking a little break before I get back on my fins again.
2464,3344,2,22,79,103,1.2524271844660195,0.0472314547551017,628,What did you expect?
2198,3344,4,18,81,103,1.2524271844660195,0.05110327911672932,628,Just a beer please. I’m trying to scale back.
2621,3344,2,22,79,103,1.2524271844660195,0.0472314547551017,628,Make it a wet one.
2648,3344,4,18,81,103,1.2524271844660195,0.05110327911672932,628,Looking for someone who wants to sleep with the fishes...
2693,3344,5,16,82,103,1.2524271844660195,0.05293309499341509,628,"No, thank you.  I'll wait for Mr. Chips."
2862,3344,3,20,80,103,1.2524271844660195,0.049205464405722064,628,Whaddya mean you're out of water?
2945,3344,5,16,82,103,1.2524271844660195,0.05293309499341509,628,I bet you've never heard the one about the fish who walks into a bar.
2611,3344,3,20,80,103,1.2524271844660195,0.049205464405722064,628,"As you know , I like mine with plenty of water ."
2965,3344,5,16,82,103,1.2524271844660195,0.05293309499341509,628,"Yeah, I said six shots. You have no idea how long it took me to get here."
4435,3500,4,19,84,107,1.2523364485981308,0.049851583541321576,628,Swims. Waddles even. A fish cannot walk into a bar. The entire premise is wrong!
4621,3500,4,19,84,107,1.2523364485981308,0.049851583541321576,628,"So I told him, ‘Luca Branzino sleeps with the humans.’"
2991,3500,2,23,82,107,1.2523364485981308,0.04617909586671277,628,You gotta be kidding! Know what I do in water all day? Gimme a Scotch straight up.
2847,3500,4,19,84,107,1.2523364485981308,0.049851583541321576,628,Keep'em coming. I just need to forget the last three seconds.
1295,3500,4,19,84,107,1.2523364485981308,0.049851583541321576,628,"It's ok, I'm on my bicycle"
972,3500,5,17,85,107,1.2523364485981308,0.05158988393893246,628,You don't take baitcoin!
7146,3506,3,22,86,111,1.2522522522522523,0.04696953631102267,628,And then she ran off with that damn bicycle...
2024,3507,0,25,75,100,1.25,0.04351941398892446,628,"Martini, extra dry, hold the straw."
3156,3507,3,20,81,104,1.25,0.04879044826267628,628,"And none of those ""a whale of a thirst"" jokes."
917,3507,2,21,77,100,1.25,0.047937248544110224,628,"Don’t be koi?! DON’T BE KOI! Listen Mack, that’s Dr Koi to you"
5211,3507,2,17,65,84,1.25,0.05322367527583983,628,Can you order me a scUber?
2217,3507,4,18,82,104,1.25,0.050667685353280145,628,"You should call this place The Barrel, because Daddy needs some more shots."
3902,3507,5,17,86,108,1.25,0.05116334411704519,628,"Look, I don't know what game you're playing. I said, ""Scotch and *salt* water."""
4841,3513,4,19,86,109,1.2477064220183487,0.0490410302443422,628,I'm not asking for a bicycle! I'm asking for one more drink!
6402,3514,2,22,81,105,1.2476190476190476,0.04645087282554565,628,I’m drying my sorrows away. It’s worse.
5102,3514,5,16,84,105,1.2476190476190476,0.05203012719286361,628,Now do you understand what's meant by drinking like a fish?
5101,3514,5,16,84,105,1.2476190476190476,0.05203012719286361,628,"Was her name Wilma?... Wendy?... Wuanita?...
I can't remember"
2861,3514,1,24,80,105,1.2476190476190476,0.04443572215126961,628,"Another, please.  Environmentally, this is now my safest place to be."
3310,3518,4,17,80,101,1.2475247524752475,0.05152321517329776,628,My stand-up routine was a flop
2877,3518,5,15,81,101,1.2475247524752475,0.05341031270994525,628,"Your ""No shirt. No shoes. No service."" rule is speciesist!"
6149,3518,1,23,77,101,1.2475247524752475,0.04539363717365405,628,I'm a fish. It's what we do.
4897,3518,4,17,80,101,1.2475247524752475,0.05152321517329776,628,"Velveeta, with a live worm."
6189,3518,2,21,78,101,1.2475247524752475,0.04752475247524752,628,"You know why I'm here?  I'll tell you why. Because no one's ever said ""so this fish walk into a bar. . ."""
7468,3518,3,19,79,101,1.2475247524752475,0.04956432083478743,628,Make it a double -- my wife left me for a shark.
2753,3518,4,17,80,101,1.2475247524752475,0.05152321517329776,628,Of course that's what I drink like.
4744,3518,5,15,81,101,1.2475247524752475,0.05341031270994525,628,"Well, maybe you should have thought of that before you opened an underwater themed bar"
1851,3518,3,19,79,101,1.2475247524752475,0.04956432083478743,628,This Martini is WAY too dry.
1736,3518,5,15,81,101,1.2475247524752475,0.05341031270994525,628,"No, you're cut off!"
704,3518,2,21,78,101,1.2475247524752475,0.04752475247524752,628,"Ironic, my problems are from spending too much time in schools."
110,3518,5,15,81,101,1.2475247524752475,0.05341031270994525,628,Shutting me off for drinking like a fish is identity discrimination.
548,3530,4,15,74,93,1.2473118279569892,0.05439091527063355,628,Did I ever tell you about the one that got away?
659,3530,5,13,75,93,1.2473118279569892,0.05649890047314041,628,"In case you're wondering, no I don't drink like a fish."
1016,3530,4,15,74,93,1.2473118279569892,0.05439091527063355,628,"So he comes up to me and hands me this line. ""Carpe diem"" he says. But I knew what he really meant. If I had a foot I would have kicked that bass turd in his dorsal!"
4063,3533,6,15,89,110,1.2454545454545454,0.05196130535092515,628,Don't judge! I never drank like this until I joined White House Public Relations office and put in charge of Tweeter clean up!
5691,3534,5,15,82,102,1.2450980392156863,0.05293973839875468,628,I even drink like one.
520,3534,8,9,85,102,1.2450980392156863,0.058180985588276876,628,"Don't reduce me to my physical appearance, I drink like a Carl."
1,3536,2,20,76,98,1.2448979591836735,0.048241154875598914,628,We're out of water. I can get you a beer.
3268,3536,4,16,78,98,1.2448979591836735,0.052421330536158,628,"So then she says, ""That sounds pretty fishy to me!"""
6288,3538,6,11,77,94,1.2446808510638299,0.057964737765670564,628,Listen! I gotta great story!
7235,3539,4,17,82,103,1.2427184466019416,0.05063093152796273,628,I prefer lake water.
5771,3539,6,13,84,103,1.2427184466019416,0.05426072286275198,628,Gimme another; these are crazy busy times for a red herring!
2501,3539,2,21,80,103,1.2427184466019416,0.046719978694238794,628,"Oh, yeah?! Drink like ya' mutha!"
5624,3542,4,16,79,99,1.2424242424242424,0.05194805194805195,628,"I know what you're thinking, that I drink like a fish."
5159,3542,6,12,81,99,1.2424242424242424,0.055775319163312236,628,"I’ve been drinking like a fish because
I am a fish."
5214,3542,3,18,78,99,1.2424242424242424,0.04992451339684328,628,I’d just like something wet.
5217,3542,3,18,78,99,1.2424242424242424,0.04992451339684328,628,"If I'm going to drink like a fish, I might as well look like one too."
5229,3542,4,16,79,99,1.2424242424242424,0.05194805194805195,628,"I need a stiff drink, I feel like a fish out of water."
5244,3542,3,18,78,99,1.2424242424242424,0.04992451339684328,628,"I'm out of water, honey; can I have another glass."
5323,3542,3,18,78,99,1.2424242424242424,0.04992451339684328,628,"I could do Broadway listen, “under da sea, under da sea”."
5355,3542,3,18,78,99,1.2424242424242424,0.04992451339684328,628,"—that’s our word, it’s Atlantic Goliath Grouper to you, buddy."
5363,3542,4,16,79,99,1.2424242424242424,0.05194805194805195,628,"Yeah, well, you talk like a bartender, so we're even."
5398,3542,3,18,78,99,1.2424242424242424,0.04992451339684328,628,"Watch your step, Bud, if you don’t wanna sleep with me."
5540,3542,4,16,79,99,1.2424242424242424,0.05194805194805195,628,Do you have any water?
5562,3542,1,22,76,99,1.2424242424242424,0.04560889070499022,628,"Yes, and at at these prices you're not too likely to see many more."
5577,3542,4,16,79,99,1.2424242424242424,0.05194805194805195,628,Don't look at me like that. I'm supposed to drink like this.
5686,3542,3,18,78,99,1.2424242424242424,0.04992451339684328,628,I drink to remember.
5674,3542,4,16,79,99,1.2424242424242424,0.05194805194805195,628,"Aye, I'm gasping over here, where's my water?"
5075,3542,3,18,78,99,1.2424242424242424,0.04992451339684328,628,"Just a glass of salt water, please."
5578,3542,3,18,78,99,1.2424242424242424,0.04992451339684328,628,"Now you're going to see why there is the expression, ""he can drink like a fish""."
5073,3542,4,16,79,99,1.2424242424242424,0.05194805194805195,628,What does a fish out-of-water do around here anyway?
4676,3542,3,18,78,99,1.2424242424242424,0.04992451339684328,628,I just want to forget the last seven seconds.
4913,3542,3,18,78,99,1.2424242424242424,0.04992451339684328,628,How else can I drink?
4132,3542,3,18,78,99,1.2424242424242424,0.04992451339684328,628,"I'm not an alcoholic, I just come from a party school."
4158,3542,5,14,80,99,1.2424242424242424,0.05389566925536248,628,What do you mean you don't serve Cape Cods?!
4191,3542,2,20,77,99,1.2424242424242424,0.04781541565881932,628,The next person who tells me I drink like a fish is going to get a left hook right in the mouth!
4262,3542,3,18,78,99,1.2424242424242424,0.04992451339684328,628,Shouldn’t you be in school?”
4271,3542,3,18,78,99,1.2424242424242424,0.04992451339684328,628,So I’ve been told.
4373,3542,3,18,78,99,1.2424242424242424,0.04992451339684328,628,"At home, as soon as I swim in the door, it's carp, carp, carp!"
4376,3542,2,20,77,99,1.2424242424242424,0.04781541565881932,628,"I don't care if he is anti-environment, my taxes went down $200.oo"
4413,3542,4,16,79,99,1.2424242424242424,0.05194805194805195,628,"Yes, I'm a flying fish.  No, I did not ask for a flight."
4437,3542,4,16,79,99,1.2424242424242424,0.05194805194805195,628,So a horse walks into a bar ...
4513,3542,3,18,78,99,1.2424242424242424,0.04992451339684328,628,"Actually, I prefer bubbles."
4543,3542,3,18,78,99,1.2424242424242424,0.04992451339684328,628,And now she says she’s gonna file a paternity suit for the two hundred kids.
4553,3542,6,12,81,99,1.2424242424242424,0.055775319163312236,628,and you better not seawater it down this time
4634,3542,3,18,78,99,1.2424242424242424,0.04992451339684328,628,Do you serve halibut?
4649,3542,5,14,80,99,1.2424242424242424,0.05389566925536248,628,"Hey buddy, you have no idea how much a fish drinks."
4673,3542,3,18,78,99,1.2424242424242424,0.04992451339684328,628,And don’t you dare make any smart comments about me drinking like a fish!
5693,3542,4,16,79,99,1.2424242424242424,0.05194805194805195,628,"I said 'dirty', not 'dry' !"
4704,3542,4,16,79,99,1.2424242424242424,0.05194805194805195,628,You’d get tired of drinking water all day too.
4712,3542,1,22,76,99,1.2424242424242424,0.04560889070499022,628,"I came with my girlfriend, but she hooked up."
4866,3542,2,20,77,99,1.2424242424242424,0.04781541565881932,628,"Oh, you're a fish out of water"
4962,3542,5,14,80,99,1.2424242424242424,0.05389566925536248,628,"Yeah, well you bartend like a bald guy."
5726,3542,2,20,77,99,1.2424242424242424,0.04781541565881932,628,"There's a fin in it,  if you DON'T make a crack about how I drink..."
6051,3542,2,20,77,99,1.2424242424242424,0.04781541565881932,628,Ive been accused of drinking like a fish.
5912,3542,4,16,79,99,1.2424242424242424,0.05194805194805195,628,"I learned how to walk for this joke, you better come through."
7295,3542,5,14,80,99,1.2424242424242424,0.05389566925536248,628,"Yeah, yeah, so I drink like a fish. Well, at least I don't spout tired clichés. Now give me another bourbon."
7299,3542,4,16,79,99,1.2424242424242424,0.05194805194805195,628,"Even though that's just a saying, in my case it also happens to be true."
7307,3542,5,14,80,99,1.2424242424242424,0.05389566925536248,628,"A Priest, a Rabbie and a Fish walk into a bar"
7331,3542,6,12,81,99,1.2424242424242424,0.055775319163312236,628,Stop me if you've heard this one--A man walks into a bar...
7340,3542,4,16,79,99,1.2424242424242424,0.05194805194805195,628,What have you got for somebody who drinks like a fish?
7345,3542,6,12,81,99,1.2424242424242424,0.055775319163312236,628,Do you have people liver oil in capsule form?
7387,3542,3,18,78,99,1.2424242424242424,0.04992451339684328,628,I feel like you've been watering down these drinks.
7533,3542,4,16,79,99,1.2424242424242424,0.05194805194805195,628,"What, do you think this is a joke?"
7141,3542,4,16,79,99,1.2424242424242424,0.05194805194805195,628,"I went on line to research a cannery ,it was gut renching."""
7549,3542,3,18,78,99,1.2424242424242424,0.04992451339684328,628,Can you change the TV to something other than the fishing channel?
7613,3542,6,12,81,99,1.2424242424242424,0.055775319163312236,628,"Oh,and a splash of lime"
7644,3542,6,12,81,99,1.2424242424242424,0.055775319163312236,628,I'm waiting for my date. She's a piranha on Wall Street.
7970,3542,2,20,77,99,1.2424242424242424,0.04781541565881932,628,Is it me or are there just not plenty of fish in the sea anymore?
7955,3542,2,20,77,99,1.2424242424242424,0.04781541565881932,628,Make mine with a splash!
7914,3542,5,14,80,99,1.2424242424242424,0.05389566925536248,628,you make it sound like drinking like a fish is a bad thing
7860,3542,2,20,77,99,1.2424242424242424,0.04781541565881932,628,I used to drink like a sponge.
7855,3542,2,20,77,99,1.2424242424242424,0.04781541565881932,628,"I’m a fish out of water, but I’ll have a beer."
7817,3542,5,14,80,99,1.2424242424242424,0.05389566925536248,628,"Kettl



Gray Goose straight up and a large bucket of water."
7552,3542,3,18,78,99,1.2424242424242424,0.04992451339684328,628,"And then I says to him, “You’ll never know what it’s really like to be up to the gills!”"
7114,3542,6,12,81,99,1.2424242424242424,0.055775319163312236,628,"How typical of a male.  I've only had six drinks, but you say that I'm in no condition to ride my bicycle home."
7096,3542,2,20,77,99,1.2424242424242424,0.04781541565881932,628,What makes you think I want a worm in my tequila?  Specie-ist!
6961,3542,2,20,77,99,1.2424242424242424,0.04781541565881932,628,"Scotch, neat! With a water chaser! Keep the water coming! And make it snappy!"
5928,3542,5,14,80,99,1.2424242424242424,0.05389566925536248,628,"Don't call me CHUM, buddy."
5970,3542,5,14,80,99,1.2424242424242424,0.05389566925536248,628,Yea I drink like a fish. You got problems with that?
5982,3542,3,18,78,99,1.2424242424242424,0.04992451339684328,628,I'm a fish.  I drink.  Do you have a problem with that?
4043,3542,4,16,79,99,1.2424242424242424,0.05194805194805195,628,"Keep your stereotypical assumptions  to yourself, and keep pouring"
6101,3542,2,20,77,99,1.2424242424242424,0.04781541565881932,628,I'm here to beach my sorrows.
6178,3542,4,16,79,99,1.2424242424242424,0.05194805194805195,628,...I told them I was hooked...
6187,3542,4,16,79,99,1.2424242424242424,0.05194805194805195,628,No. Have you had too much air?
6251,3542,3,18,78,99,1.2424242424242424,0.04992451339684328,628,"I knew Luca Brasi. Luca Brasi was a friend of mine. Bartender, you're no Luca Brasi."
6386,3542,1,22,76,99,1.2424242424242424,0.04560889070499022,628,"""Next you're going to tell me I 'drink like a fish' and expect me to pay for your advice!"""
6415,3542,4,16,79,99,1.2424242424242424,0.05194805194805195,628,I drink like a fish? Really?
6465,3542,2,20,77,99,1.2424242424242424,0.04781541565881932,628,...then I got hooked up with the wrong guy.
6502,3542,2,20,77,99,1.2424242424242424,0.04781541565881932,628,Did I ever tell you about the guy who got away?
7978,3542,3,18,78,99,1.2424242424242424,0.04992451339684328,628,Give me a shot of your best tartar sauce.
6555,3542,4,16,79,99,1.2424242424242424,0.05194805194805195,628,"After they have a few, I turn into a mermaid..."
6605,3542,3,18,78,99,1.2424242424242424,0.04992451339684328,628,There are days reality just makes a mockery of cliches.
6805,3542,4,16,79,99,1.2424242424242424,0.05194805194805195,628,...so I says to the guy 'Get your car off my lawn or I'm calling the carps.'
6806,3542,2,20,77,99,1.2424242424242424,0.04781541565881932,628,I have to tell you - the tall tale is true. I'm the one that got away.
6827,3542,4,16,79,99,1.2424242424242424,0.05194805194805195,628,"I’ll have a barfly on ice, please."
6913,3542,6,12,81,99,1.2424242424242424,0.055775319163312236,628,"So, THIS is where they get all those bottles from!"
5741,3542,3,18,78,99,1.2424242424242424,0.04992451339684328,628,I understand... I’m out of water myself.
4009,3542,3,18,78,99,1.2424242424242424,0.04992451339684328,628,"We're playing cards and out of nowhere, she says, 'Go fish.' And I thought everything was going great."
5949,3542,6,12,81,99,1.2424242424242424,0.055775319163312236,628,It's the only way I know!
3871,3542,3,18,78,99,1.2424242424242424,0.04992451339684328,628,"Who you callin' ""out of water,"" pal?"
787,3542,4,16,79,99,1.2424242424242424,0.05194805194805195,628,How can you be out of water?
939,3542,4,16,79,99,1.2424242424242424,0.05194805194805195,628,I'm not being Koi!
954,3542,5,14,80,99,1.2424242424242424,0.05389566925536248,628,Ok what’s your angle?
981,3542,2,20,77,99,1.2424242424242424,0.04781541565881932,628,Quit  sneaking water into my whiskey.
1110,3542,4,16,79,99,1.2424242424242424,0.05194805194805195,628,"I've had it with all the ""Fish"" comments. They're enough to make my scales crawl."
1171,3542,5,14,80,99,1.2424242424242424,0.05389566925536248,628,"I said ""Koi Pond"", but he heard ""Groupon"", and so that's why
I'm here."
1375,3542,4,16,79,99,1.2424242424242424,0.05194805194805195,628,"Pour me a double. After swimming upstream all day, I could drink like a fish."
713,3542,3,18,78,99,1.2424242424242424,0.04992451339684328,628,It all started when I swam down stream.
1376,3542,4,16,79,99,1.2424242424242424,0.05194805194805195,628,Great pours. Those watered-down drinks were killing me.
1667,3542,4,16,79,99,1.2424242424242424,0.05194805194805195,628,You’ve watered the whiskey. Ask me how I know.
1679,3542,3,18,78,99,1.2424242424242424,0.04992451339684328,628,"I hate to carp, but where’s the water?"
1714,3542,4,16,79,99,1.2424242424242424,0.05194805194805195,628,Like a fish??? I AM a fish buddy!
1777,3542,4,16,79,99,1.2424242424242424,0.05194805194805195,628,i dont want  a  drink   just bring me a large bowl of water
1791,3542,5,14,80,99,1.2424242424242424,0.05389566925536248,628,"Hey,where are all the gills around here."
1797,3542,2,20,77,99,1.2424242424242424,0.04781541565881932,628,"I promise you, it will be my last. Can I have one more glass of water?"
1869,3542,1,22,76,99,1.2424242424242424,0.04560889070499022,628,"""On second thought, forget another glass. I need an entire bowl."
1426,3542,5,14,80,99,1.2424242424242424,0.05389566925536248,628,Freshwater.  No glass.
694,3542,4,16,79,99,1.2424242424242424,0.05194805194805195,628,"If you tell me I drink like a fish one more time, I’m outa here!"
693,3542,3,18,78,99,1.2424242424242424,0.04992451339684328,628,Just one more tall drink of water...
688,3542,1,22,76,99,1.2424242424242424,0.04560889070499022,628,Of course it’s a fish story. What other kind of story would I tell?
19,3542,3,18,78,99,1.2424242424242424,0.04992451339684328,628,"Just keep them coming, I drink like a fish."
120,3542,1,22,76,99,1.2424242424242424,0.04560889070499022,628,Drunk? I'm pissed to the gills.
144,3542,4,16,79,99,1.2424242424242424,0.05194805194805195,628,"You must be the new guy, I'm an old bar fly fish."
150,3542,3,18,78,99,1.2424242424242424,0.04992451339684328,628,"I need a little something to lift my sole!"""
185,3542,3,18,78,99,1.2424242424242424,0.04992451339684328,628,"Go easy on the water this time, okay?"
204,3542,4,16,79,99,1.2424242424242424,0.05194805194805195,628,"No, I don't drink like that!"
247,3542,1,22,76,99,1.2424242424242424,0.04560889070499022,628,"And on top of that, he said I drink like a fish."
257,3542,4,16,79,99,1.2424242424242424,0.05194805194805195,628,"A fish walks into a bar.
The bartender says, "" Quit your carping."""
311,3542,3,18,78,99,1.2424242424242424,0.04992451339684328,628,"Give me another water, and this time, make it a double."
356,3542,4,16,79,99,1.2424242424242424,0.05194805194805195,628,"... and I said to her, ""When you think about it, darling, we nearly all do.  But how many of us drink like Sir Winston Churchill?"""
505,3542,4,16,79,99,1.2424242424242424,0.05194805194805195,628,Don't let me catch you alcholing down the water again.
538,3542,5,14,80,99,1.2424242424242424,0.05389566925536248,628,"Oh yeah?? and you drink like a, a, a, stoopid human!"
563,3542,5,14,80,99,1.2424242424242424,0.05389566925536248,628,I swore to myself that I would never set fin in another school again!
602,3542,5,14,80,99,1.2424242424242424,0.05389566925536248,628,"If you finish that simile, bub, no tip for you."
626,3542,2,20,77,99,1.2424242424242424,0.04781541565881932,628,Remember: it’s peanuts for snacks. Never goldfish.
631,3542,3,18,78,99,1.2424242424242424,0.04992451339684328,628,"Listen pal, if I wanted a watery gin and tonic, I would have stayed home."
633,3542,2,20,77,99,1.2424242424242424,0.04781541565881932,628,Scotch and water.  Lots of water.
1896,3542,3,18,78,99,1.2424242424242424,0.04992451339684328,628,Something that goes with Sushi.
1918,3542,2,20,77,99,1.2424242424242424,0.04781541565881932,628,"Well you *smell* like a fish, so we're even, baldie."
1937,3542,5,14,80,99,1.2424242424242424,0.05389566925536248,628,I pass out on the toilet ONE time... and what do they do!?
2591,3542,1,22,76,99,1.2424242424242424,0.04560889070499022,628,Here's the catch...
2694,3542,5,14,80,99,1.2424242424242424,0.05389566925536248,628,Don’t say it. Just don’t.
2961,3542,1,22,76,99,1.2424242424242424,0.04560889070499022,628,I have a bone to pick with you...
3100,3542,4,16,79,99,1.2424242424242424,0.05194805194805195,628,"'You know, your moustache looks ridiculous.'"
3132,3542,3,18,78,99,1.2424242424242424,0.04992451339684328,628,His name is Nemo. Let me know when he comes in.
3195,3542,5,14,80,99,1.2424242424242424,0.05389566925536248,628,"Don't play koi with me, I'm not in the mood."
3207,3542,3,18,78,99,1.2424242424242424,0.04992451339684328,628,"Listen, Buddy: If you don't give me back my keys I'm sleeping in the sewer. Is that what you want?"
3274,3542,2,20,77,99,1.2424242424242424,0.04781541565881932,628,Whatever you think will drown my sorrows.
2629,3542,2,20,77,99,1.2424242424242424,0.04781541565881932,628,He hooked me with that line about keeping my big mouth shut.
3322,3542,3,18,78,99,1.2424242424242424,0.04992451339684328,628,"My spawning partner doesn't understand me."""
3577,3542,5,14,80,99,1.2424242424242424,0.05389566925536248,628,"Seriously,it is in my best interest to get tanked sooner rather than later."
3635,3542,4,16,79,99,1.2424242424242424,0.05194805194805195,628,So ... what? We're both out of water?!
3640,3542,2,20,77,99,1.2424242424242424,0.04781541565881932,628,I'll have a scotch and water; hold the scotch.
3662,3542,5,14,80,99,1.2424242424242424,0.05389566925536248,628,ID? Do you really think I need to show you ID?
3682,3542,5,14,80,99,1.2424242424242424,0.05389566925536248,628,"I'll have one more.  And don't say I drink like a fish."""
3771,3542,5,14,80,99,1.2424242424242424,0.05389566925536248,628,A Blue Lagoon; make it a Grande!
3809,3542,1,22,76,99,1.2424242424242424,0.04560889070499022,628,"Once I was large enough to swallow her yapping mutt, she tossed me."
3439,3542,4,16,79,99,1.2424242424242424,0.05194805194805195,628,"I can't explain it, but when the Moon is full, I feel the inexorable tug of the dive bar."
1956,3542,4,16,79,99,1.2424242424242424,0.05194805194805195,628,No i need another. One shot for every sea my wife slept her way through.
2563,3542,4,16,79,99,1.2424242424242424,0.05194805194805195,628,"One more, or I'll stink up the joint..."
2558,3542,5,14,80,99,1.2424242424242424,0.05389566925536248,628,No anchovies!
3875,3542,3,18,78,99,1.2424242424242424,0.04992451339684328,628,I’ll have a Cosmosis with extra slime.
2029,3542,4,16,79,99,1.2424242424242424,0.05194805194805195,628,"She said I drink too much, so I flipped her off."
2030,3542,3,18,78,99,1.2424242424242424,0.04992451339684328,628,"Another round and keep them coming. I'm telling you when you've had pickled herring, you never go back."
2218,3542,4,16,79,99,1.2424242424242424,0.05194805194805195,628,Can you run a tub?
2252,3542,6,12,81,99,1.2424242424242424,0.055775319163312236,628,"I tell ya, ever since I moved here I feel like a fish outta water."
2253,3542,4,16,79,99,1.2424242424242424,0.05194805194805195,628,"Yes, I'd like pretzels but not the other snack you were about to put out."
2277,3542,4,16,79,99,1.2424242424242424,0.05194805194805195,628,Do I look like a fish out of water to you?
2280,3542,4,16,79,99,1.2424242424242424,0.05194805194805195,628,"The usual, you know. On ice."
2290,3542,4,16,79,99,1.2424242424242424,0.05194805194805195,628,Oh really?  Now YOU’RE out of water?
2352,3542,4,16,79,99,1.2424242424242424,0.05194805194805195,628,And hold the Scotch.
2379,3542,2,20,77,99,1.2424242424242424,0.04781541565881932,628,Do you serve Seafood?!!
2430,3542,2,20,77,99,1.2424242424242424,0.04781541565881932,628,What do you suggest for someone who drinks like a fish?
2471,3542,1,22,76,99,1.2424242424242424,0.04560889070499022,628,Set up another! I don't need a sad story to drink like a fish!
2498,3542,3,18,78,99,1.2424242424242424,0.04992451339684328,628,This is about me drinking like a fish isn't it?
2535,3542,5,14,80,99,1.2424242424242424,0.05389566925536248,628,"I can drink a lightweight like you, under the table."
2539,3542,1,22,76,99,1.2424242424242424,0.04560889070499022,628,"Come closer, big boy. No need to be koi."
2540,3542,1,22,76,99,1.2424242424242424,0.04560889070499022,628,Well what do you expect me to drink like? A dog?
3815,3542,4,16,79,99,1.2424242424242424,0.05194805194805195,628,O.K. So I drink like a fish. There comes a point where you have to own it.
3829,3542,3,18,78,99,1.2424242424242424,0.04992451339684328,628,Do you have caviar on your Happy Hour menu?
5018,3710,2,18,71,91,1.2417582417582418,0.050251283925692364,628,Best stop. I'm beginning to feel a bit green around the gills.
3767,3710,4,14,73,91,1.2417582417582418,0.05489619317021023,628,So of course after a few minutes they ask me if I'm the one who they're talking about drinking like a fish.
2782,3710,4,14,73,91,1.2417582417582418,0.05489619317021023,628,Has anyone seen my cousin Charley??
1167,3713,3,19,82,104,1.2403846153846154,0.04830045123945618,628,"If I find out that this place really is a Sushi Bar, the whole school and I are coming back and we will eat you raw..."
4591,3714,5,14,81,100,1.24,0.053409037180286764,628,"No, I do not want any goldfish. My cousin died in a bowl of those."
1019,3714,4,16,80,100,1.24,0.05148305595538256,628,And no funny stuff... _Last time I was in here I got barnacles.
2120,3714,3,18,79,100,1.24,0.04948216697442473,628,Yeah? So what do you drink like?
2143,3714,5,14,81,100,1.24,0.053409037180286764,628,Repeat one word of what I just told you and guess where you'll be sleeping.
3259,3714,2,20,78,100,1.24,0.047396884353980984,628,What do you mean I have a drinking problem? I have to stay hydrated to survive.
5932,3714,3,18,79,100,1.24,0.04948216697442473,628,Give me another whiskey and water. Easy on the whiskey.
5353,3720,3,17,76,96,1.2395833333333333,0.05075048972770943,628,"No, seriously, thanks for letting me carp."
5403,3720,2,19,75,96,1.2395833333333333,0.048541878434896865,628,"Do you think the artist's have a caption in mind when they draw these, or do you think they are just fishing for some great idea?"
5413,3720,5,13,78,96,1.2395833333333333,0.054901809613439975,628,"YOU don't think I can handle another one?  They don't say ""drinks like a fish"" for nothin'."
5445,3720,3,17,76,96,1.2395833333333333,0.05075048972770943,628,"Yes, I said ""Cats""...non-traditional casting is in vogue, now..."
8025,3720,4,15,77,96,1.2395833333333333,0.05286691265069651,628,"And to top it all off, she said I was like a fish out of water."
5455,3720,5,13,78,96,1.2395833333333333,0.054901809613439975,628,Do you know that plastic surgeon that Ariel goes to?
5479,3720,5,13,78,96,1.2395833333333333,0.054901809613439975,628,Of COURSE I'm offended. It's the equivalent of being told you eat like a pig.
5695,3720,3,17,76,96,1.2395833333333333,0.05075048972770943,628,She flipped me off.
5792,3720,2,19,75,96,1.2395833333333333,0.048541878434896865,628,"Martini please, very dry."
7835,3720,4,15,77,96,1.2395833333333333,0.05286691265069651,628,She says she left me 'cause I drink like a fish.
5855,3720,3,17,76,96,1.2395833333333333,0.05075048972770943,628,"You put a straw in that, and I'll slap your bald head."
5352,3720,3,17,76,96,1.2395833333333333,0.05075048972770943,628,You’re cutting me off? I can drink like a fish!
5974,3720,2,19,75,96,1.2395833333333333,0.048541878434896865,628,"I'll have a Climate Change on the Rocks, please,"""
5976,3720,5,13,78,96,1.2395833333333333,0.054901809613439975,628,"Easy on the water, pal."
6037,3720,5,13,78,96,1.2395833333333333,0.054901809613439975,628,"Pal, they say ""like a fish"" for a reason!"
6055,3720,2,19,75,96,1.2395833333333333,0.048541878434896865,628,"A priest,a rabi and a carp swim into a bar....."
6195,3720,4,15,77,96,1.2395833333333333,0.05286691265069651,628,You pour like a man.
6197,3720,3,17,76,96,1.2395833333333333,0.05075048972770943,628,"I will have a dogfish martini, hold the lure."
6211,3720,3,17,76,96,1.2395833333333333,0.05075048972770943,628,So set em up Joe. It's one for my minnow and one more for the road.
5839,3720,2,19,75,96,1.2395833333333333,0.048541878434896865,628,Of course I do... you're really stating the obvious.
5325,3720,4,15,77,96,1.2395833333333333,0.05286691265069651,628,"Yeah, yeah I do drink like one...keep 'em coming!"
5190,3720,3,17,76,96,1.2395833333333333,0.05075048972770943,628,"for a couple of  your best shots, i can be your shape of water"
5230,3720,4,15,77,96,1.2395833333333333,0.05286691265069651,628,Don't look at me like that!  Of course I drink like a fish!
4856,3720,6,11,79,96,1.2395833333333333,0.05686393359981743,628,I hear that your drinks are watered down.
4858,3720,1,21,74,96,1.2395833333333333,0.046227867313713165,628,"You know Jerry sommeliers say a Dry Rosé pairs well with fish, I prefer whiskey."
4872,3720,5,13,78,96,1.2395833333333333,0.054901809613439975,628,I drink because my mortgage is underwater.
4893,3720,2,19,75,96,1.2395833333333333,0.048541878434896865,628,Do you allow smoking in here?
4934,3720,2,19,75,96,1.2395833333333333,0.048541878434896865,628,"So, this priest walks into a bar..."
4945,3720,2,19,75,96,1.2395833333333333,0.048541878434896865,628,"The minute I brought up school vouchers, I was out on my tail."
4948,3720,5,13,78,96,1.2395833333333333,0.054901809613439975,628,"You can’t be out if water, too."
4965,3720,1,21,74,96,1.2395833333333333,0.046227867313713165,628,You call this a water bar? I can get better water at home!
5263,3720,3,17,76,96,1.2395833333333333,0.05075048972770943,628,Beach drinks just remind me of home.”
4974,3720,2,19,75,96,1.2395833333333333,0.048541878434896865,628,You can have only 1 wish
5037,3720,3,17,76,96,1.2395833333333333,0.05075048972770943,628,"The usual, quickly, as always, so I can get back in the water."
5046,3720,4,15,77,96,1.2395833333333333,0.05286691265069651,628,Do you serve Goldfish?
5052,3720,3,17,76,96,1.2395833333333333,0.05075048972770943,628,"Club soda, please. I’m trying to stop drinking like a fish."
5074,3720,3,17,76,96,1.2395833333333333,0.05075048972770943,628,"So I says to the guy, do I look like I listen to jam bands?"
5104,3720,4,15,77,96,1.2395833333333333,0.05286691265069651,628,The only hope of you getting a decent tip is keeping your lousy canards to yourself.
5129,3720,4,15,77,96,1.2395833333333333,0.05286691265069651,628,"I was in the boat - ok, pal? In. The. Boat."
6271,3720,3,17,76,96,1.2395833333333333,0.05075048972770943,628,How DID you grow that thing on your upper lip?
5209,3720,4,15,77,96,1.2395833333333333,0.05286691265069651,628,Whaadya mean I don't look like my photo ID?
4979,3720,3,17,76,96,1.2395833333333333,0.05075048972770943,628,"Your sign says: 'We serve nuts, not Goldfish'. How dare you!"
6273,3720,3,17,76,96,1.2395833333333333,0.05075048972770943,628,What do you mean this isn't a sushi bar?
6621,3720,3,17,76,96,1.2395833333333333,0.05075048972770943,628,Being a celebrity in this town is like living in a goldfish bowl.
6512,3720,2,19,75,96,1.2395833333333333,0.048541878434896865,628,You call those drinks watered down?
7329,3720,4,15,77,96,1.2395833333333333,0.05286691265069651,628,my brain... my fucking fish brain.... ohh my god oh my god
7344,3720,4,15,77,96,1.2395833333333333,0.05286691265069651,628,"Listen, if I say “dry” I mean “dry”."
7416,3720,3,17,76,96,1.2395833333333333,0.05075048972770943,628,I heard you could hook up here.
7427,3720,3,17,76,96,1.2395833333333333,0.05075048972770943,628,yes - i've been a fish out of water all my life. a harvey walbanger please
7511,3720,3,17,76,96,1.2395833333333333,0.05075048972770943,628,Of course I’m depressed.  All bottom feeders are....  Have you seen what we eat every day?  It’s disgusting!
7581,3720,6,11,79,96,1.2395833333333333,0.05686393359981743,628,"A bourbon on the rocks, water back.  About a thousand gallons of water."
7588,3720,3,17,76,96,1.2395833333333333,0.05075048972770943,628,"Okay, wise guy.  You drink six of those and let's see what you turn into."
7593,3720,3,17,76,96,1.2395833333333333,0.05075048972770943,628,"Yeah, there ARE plenty more fish. In THE SEA."
7318,3720,2,19,75,96,1.2395833333333333,0.048541878434896865,628,"Fish and chips, please."
7605,3720,3,17,76,96,1.2395833333333333,0.05075048972770943,628,"5 more shots, Harry, reputation  to uphold, you know."
7645,3720,3,17,76,96,1.2395833333333333,0.05075048972770943,628,"So then she says, 'don't give me that carp'"
7653,3720,5,13,78,96,1.2395833333333333,0.054901809613439975,628,"No, I don't need a taxi, just a little water."
8006,3720,4,15,77,96,1.2395833333333333,0.05286691265069651,628,I'm a fish out of beer. Hook me up with another round barkeep.
7965,3720,3,17,76,96,1.2395833333333333,0.05075048972770943,628,Stop your carping and give me one more for the river and i'll be on my wave.
4805,3720,1,21,74,96,1.2395833333333333,0.046227867313713165,628,"No, I'm NOT stoked to the gills - I'll have another!"
7663,3720,3,17,76,96,1.2395833333333333,0.05075048972770943,628,...and so THAT'S why my people drink like this.
7691,3720,3,17,76,96,1.2395833333333333,0.05075048972770943,628,You don’t hear me going around accusing people of drinking like a human!
7793,3720,3,17,76,96,1.2395833333333333,0.05075048972770943,628,Just because I'm a fish doesn't mean I drink like one.
7625,3720,3,17,76,96,1.2395833333333333,0.05075048972770943,628,"Turns out, there isn't always another fish in the sea."
6321,3720,1,21,74,96,1.2395833333333333,0.046227867313713165,628,I saw your shiny sign and I was hooked.
7221,3720,6,11,79,96,1.2395833333333333,0.05686393359981743,628,"You know, there are plen-""
""Stop! You're the tenth bartender to make that joke today."
7179,3720,3,17,76,96,1.2395833333333333,0.05075048972770943,628,I never believed what they say about you. Finally will see  how much you really can drink
6557,3720,4,15,77,96,1.2395833333333333,0.05286691265069651,628,I'm sorry but there is just something about your face that makes me feel like I got catfished.
7841,3720,2,19,75,96,1.2395833333333333,0.048541878434896865,628,That's a likely tale.
6630,3720,2,19,75,96,1.2395833333333333,0.048541878434896865,628,"Outta the drink, into the drink - that's what I say."
6644,3720,3,17,76,96,1.2395833333333333,0.05075048972770943,628,"And then I say to them, you tell me why I drink so much."
6675,3720,3,17,76,96,1.2395833333333333,0.05075048972770943,628,' A fish out of water'- it's all I keep hearing.
6678,3720,1,21,74,96,1.2395833333333333,0.046227867313713165,628,Gills-schmills--give me another.
6685,3720,4,15,77,96,1.2395833333333333,0.05286691265069651,628,"Fish out of water.  Fish out of water.  Just once, I wish you humans would come up with something original!"
6829,3720,4,15,77,96,1.2395833333333333,0.05286691265069651,628,"Tell me, pal.  Was I in here three seconds ago?"
7219,3720,2,19,75,96,1.2395833333333333,0.048541878434896865,628,''Under water? I'll tell you about under water!''
6833,3720,4,15,77,96,1.2395833333333333,0.05286691265069651,628,Give me a Salty Dog and make it quick! I've got a school to catch!
6883,3720,4,15,77,96,1.2395833333333333,0.05286691265069651,628,Are you herring me? I said you make a fin-tastic daiquiri.
6926,3720,3,17,76,96,1.2395833333333333,0.05075048972770943,628,You would drink too if you were a fish out of water.
6969,3720,4,15,77,96,1.2395833333333333,0.05286691265069651,628,"What do you mean no shirt,no shoes?"
6973,3720,2,19,75,96,1.2395833333333333,0.048541878434896865,628,Come on give me another. I don’t want to hear this crap I’m drinking like a fish!
6986,3720,5,13,78,96,1.2395833333333333,0.054901809613439975,628,"Can I have a big bowl of water, please?"
7002,3720,4,15,77,96,1.2395833333333333,0.05286691265069651,628,I've never before heard of a bartender out of water.
7060,3720,3,17,76,96,1.2395833333333333,0.05075048972770943,628,"You can’t cut me off, you know I need to drink to survive!"
7155,3720,5,13,78,96,1.2395833333333333,0.054901809613439975,628,That rumor that I work phishing for the Russians is Fake News. But I do drink like a fish.
6855,3720,4,15,77,96,1.2395833333333333,0.05286691265069651,628,"So barkeep, what do you expect me to drink like?"
4703,3720,3,17,76,96,1.2395833333333333,0.05075048972770943,628,"Yeah, seen a sea of troubles in my time."
3024,3720,3,17,76,96,1.2395833333333333,0.05075048972770943,628,"Yeah, I drink like a fish buddy, and you talk like an ape. What of it?"
4635,3720,2,19,75,96,1.2395833333333333,0.048541878434896865,628,"Another whiskey and water, and don't skimp on the water."
1069,3720,5,13,78,96,1.2395833333333333,0.054901809613439975,628,Just give me a Mickey Finn.
1077,3720,3,17,76,96,1.2395833333333333,0.05075048972770943,628,I left school when I turned 16. Now look at me.
1220,3720,4,15,77,96,1.2395833333333333,0.05286691265069651,628,Do you have any of those little gold fish?
1244,3720,4,15,77,96,1.2395833333333333,0.05286691265069651,628,My wife is constantly carping about my drinking.
1255,3720,1,21,74,96,1.2395833333333333,0.046227867313713165,628,"A WET MARTINI, SHAKEN NOT STIRRED"
1307,3720,3,17,76,96,1.2395833333333333,0.05075048972770943,628,Hey Bud
1483,3720,3,17,76,96,1.2395833333333333,0.05075048972770943,628,I'm just a fish out of water trying to drown my sorrows.
897,3720,2,19,75,96,1.2395833333333333,0.048541878434896865,628,"...so a Koi, Trout and Grouper enter this bar..."
1524,3720,3,17,76,96,1.2395833333333333,0.05075048972770943,628,"I may be a fish out of water, but I’m also fresh out of vodka."
1608,3720,3,17,76,96,1.2395833333333333,0.05075048972770943,628,do you serve hook free bait
1624,3720,3,17,76,96,1.2395833333333333,0.05075048972770943,628,Seems I’m a little fishy for you.
1725,3720,3,17,76,96,1.2395833333333333,0.05075048972770943,628,Most of the time I feel like I'm living life in a fishbowl.
1915,3720,5,13,78,96,1.2395833333333333,0.054901809613439975,628,"These guys that keep claiming they sleep with me, it's all just a tale."
1962,3720,5,13,78,96,1.2395833333333333,0.054901809613439975,628,"A salmon, a worm, and a bear walk into a bar, and the"
2037,3720,3,17,76,96,1.2395833333333333,0.05075048972770943,628,If my wife calls I went swimming!
2063,3720,2,19,75,96,1.2395833333333333,0.048541878434896865,628,Your liquor is how I will be breathing tonight.
1533,3720,2,19,75,96,1.2395833333333333,0.048541878434896865,628,"I'm usually paired with Resonance Pinot Noir, Sonoma Valley, 1962"
2090,3720,1,21,74,96,1.2395833333333333,0.046227867313713165,628,"Yeah? And you're 'talking like a human.' Just pour me another, and save your cliches."
879,3720,2,19,75,96,1.2395833333333333,0.048541878434896865,628,He drinks like a fish? You have no idea what you are talking about.
4671,3720,3,17,76,96,1.2395833333333333,0.05075048972770943,628,No...the horse and the duck aren’t coming...
38,3720,4,15,77,96,1.2395833333333333,0.05286691265069651,628,....and then she ran off with a whole school of mackerel !!
64,3720,3,17,76,96,1.2395833333333333,0.05075048972770943,628,You know what I hate the most? I just want to say one word to you. One word...Plastics.
73,3720,3,17,76,96,1.2395833333333333,0.05075048972770943,628,You watered down my drink again.
109,3720,3,17,76,96,1.2395833333333333,0.05075048972770943,628,"Pour me another one. Like a fish out of water in here..."""
125,3720,2,19,75,96,1.2395833333333333,0.048541878434896865,628,You think us fish are bad? You don't wanna see a dolphin at an open bar.
135,3720,4,15,77,96,1.2395833333333333,0.05286691265069651,628,"You drink the way you want, I'll drink they way I want!"
149,3720,5,13,78,96,1.2395833333333333,0.054901809613439975,628,Whatever comes in a fishbowl.
862,3720,2,19,75,96,1.2395833333333333,0.048541878434896865,628,"Hit me again, Joe, I still feel like a fish outta water"
403,3720,4,15,77,96,1.2395833333333333,0.05286691265069651,628,You'd drink like one too if you were in my fins
569,3720,3,17,76,96,1.2395833333333333,0.05075048972770943,628,They say I drink like a human.
611,3720,3,17,76,96,1.2395833333333333,0.05075048972770943,628,Look buddy - I don't need you to tell me what I'm drinking like.
612,3720,2,19,75,96,1.2395833333333333,0.048541878434896865,628,"...Well, here's where it gets fishy."
655,3720,4,15,77,96,1.2395833333333333,0.05286691265069651,628,I'll stop drinking when you stop taking hallucinogens.
674,3720,5,13,78,96,1.2395833333333333,0.054901809613439975,628,"I'll bite, Bartender, Bait-tender, make your move."
808,3720,2,19,75,96,1.2395833333333333,0.048541878434896865,628,"How I like to drink is none of your business."""
816,3720,5,13,78,96,1.2395833333333333,0.054901809613439975,628,"And make it neat, please. I'm trying to cut back."
478,3720,2,19,75,96,1.2395833333333333,0.048541878434896865,628,"Martini, dry, and hold the jokes."
2268,3720,2,19,75,96,1.2395833333333333,0.048541878434896865,628,The usual. On the rocks.
834,3720,4,15,77,96,1.2395833333333333,0.05286691265069651,628,"And then she said, 'Your story sounds a little fishy to me.' Can you believe that?"
2413,3720,3,17,76,96,1.2395833333333333,0.05075048972770943,628,"A large Pellegrino, please. I'm drying out."
3716,3720,4,15,77,96,1.2395833333333333,0.05286691265069651,628,"Yes, I drink like a fish. Stop carping!"
3753,3720,0,23,73,96,1.2395833333333333,0.04379175117256942,628,"Drink like a fish, they say. Oh, what I would give to be a horse!"
3812,3720,3,17,76,96,1.2395833333333333,0.05075048972770943,628,And I'm hung like a horse.
3816,3720,3,17,76,96,1.2395833333333333,0.05075048972770943,628,That’s right. I drink like a fish.
3890,3720,4,15,77,96,1.2395833333333333,0.05286691265069651,628,"Keep ‘em comin’.
I drink like a fish."
3913,3720,1,21,74,96,1.2395833333333333,0.046227867313713165,628,So this fish does this skinny finny into the bar...
3956,3720,4,15,77,96,1.2395833333333333,0.05286691265069651,628,"No, no... it’s ok. I’m good to dive."
4001,3720,3,17,76,96,1.2395833333333333,0.05075048972770943,628,So this rabbi and a priest walk into a bar...
4049,3720,3,17,76,96,1.2395833333333333,0.05075048972770943,628,"So. Set’m up, Joe, I have a little story I want you to know."
4251,3720,2,19,75,96,1.2395833333333333,0.048541878434896865,628,One more--I just need to catch my breath.
4388,3720,4,15,77,96,1.2395833333333333,0.05286691265069651,628,"Then Johnny Law sez 'Pop the trunk 'cause something smells fishy!' Now if that ain't 'profiling,' Mac, the Hudson's in Chicago. Hear what I'm sayin'?"
4499,3720,2,19,75,96,1.2395833333333333,0.048541878434896865,628,"So here's my story--there was a hook, a worm..."
4548,3720,3,17,76,96,1.2395833333333333,0.05075048972770943,628,Do you have a bigger glass?
4582,3720,1,21,74,96,1.2395833333333333,0.046227867313713165,628,You made me get this way because you keep dumping drinks down the sink.
2380,3720,3,17,76,96,1.2395833333333333,0.05075048972770943,628,Don't lump us all in--I drink like a CARP.
3710,3720,5,13,78,96,1.2395833333333333,0.054901809613439975,628,What I really need is a very big glass of water.
3687,3720,3,17,76,96,1.2395833333333333,0.05075048972770943,628,I'm looking for the deep blue yonder.
3964,3720,3,17,76,96,1.2395833333333333,0.05075048972770943,628,With salt.
3592,3720,3,17,76,96,1.2395833333333333,0.05075048972770943,628,"So then she says, “You don’t have to be coy, Roy.”"
2510,3720,6,11,79,96,1.2395833333333333,0.05686393359981743,628,"...then, saying “plus you drink like a human,” she left, taking the fry with her..."
2709,3720,3,17,76,96,1.2395833333333333,0.05075048972770943,628,"Tequila. On second thought, just the worm."
2723,3720,3,17,76,96,1.2395833333333333,0.05075048972770943,628,I feel like a mammal trapped in a fish's body.
2737,3720,3,17,76,96,1.2395833333333333,0.05075048972770943,628,"So when I told my son to stay in school, he told me to go kelp myself."
2832,3720,3,17,76,96,1.2395833333333333,0.05075048972770943,628,"n Absolute Bloody London, but HOLD THE ANCHOVY"
2866,3720,3,17,76,96,1.2395833333333333,0.05075048972770943,628,Just stopped in to wet my whistle – I'm on a cross-country bike trip!
3626,3720,1,21,74,96,1.2395833333333333,0.046227867313713165,628,"Two fins neat, please."
2873,3720,5,13,78,96,1.2395833333333333,0.054901809613439975,628,"Yeah, like I never heard that before. Gimme another."
2973,3720,4,15,77,96,1.2395833333333333,0.05286691265069651,628,"She didn’t throw me back. Yet, here I sit."
3194,3720,4,15,77,96,1.2395833333333333,0.05286691265069651,628,"So, this ISN'T the bar for the next Star Wars filming?"
3236,3720,7,9,80,96,1.2395833333333333,0.05876057513383,628,"And she fell for it-hook, line, and sinker"
3333,3720,4,15,77,96,1.2395833333333333,0.05286691265069651,628,"Let me tell you, your regulars don't know the meaning of the term ""drink like a fish"""
3353,3720,4,15,77,96,1.2395833333333333,0.05286691265069651,628,"Whaddya mean, you don't serve pickled herring?"
3391,3720,4,15,77,96,1.2395833333333333,0.05286691265069651,628,"You think I'm too sauced up? You should see how they served my brother before they ATE HIM!!!"""
3507,3720,2,19,75,96,1.2395833333333333,0.048541878434896865,628,Is this how you treat a fish out of water?
2916,3720,3,17,76,96,1.2395833333333333,0.05075048972770943,628,I have no card.  I'm a fish.
2438,3720,3,17,76,96,1.2395833333333333,0.05075048972770943,628,"Of course I want another.
I drink like a fish."
5354,3885,6,11,80,97,1.2371134020618557,0.05632883150441754,628,"I told her, ""No, you're washed up."""
5316,3885,2,19,76,97,1.2371134020618557,0.048102294430135445,628,It's not easy being a fish-out-of-water story. The audience knows where it's going from the opening scene.
5273,3885,3,17,77,97,1.2371134020618557,0.05028525988543606,628,Don’t be coy with me. I said I’d like another!
5187,3885,3,17,77,97,1.2371134020618557,0.05028525988543606,628,Stop me if you've heard it.  Three carp go into a bar...
5239,3885,6,11,80,97,1.2371134020618557,0.05632883150441754,628,You sick son of a bitch!  That only works with dolphins!
5392,3885,2,19,76,97,1.2371134020618557,0.048102294430135445,628,"Then she says, I swear to God, 'Don't be coy with me!'"
5185,3885,3,17,77,97,1.2371134020618557,0.05028525988543606,628,Safer?  Maybe.  But I think gentrification took away too much of the neighborhood's character.
5240,3885,3,17,77,97,1.2371134020618557,0.05028525988543606,628,"Bottom feeder. Top Shelf. You gotta problem with that? Haven't been impeached yet, so line it up!"
5415,3885,4,15,78,97,1.2371134020618557,0.05237732328067415,628,"Yes, yes, of course i’ve heard that one."
5697,3885,4,15,78,97,1.2371134020618557,0.05237732328067415,628,Just a quick one so I can get back to the school
5469,3885,4,15,78,97,1.2371134020618557,0.05237732328067415,628,"No ""walk into the bar"" jokes - it's a micro-aggression."
5478,3885,3,17,77,97,1.2371134020618557,0.05028525988543606,628,"I know it's closing time, but just one more for the river?"
5508,3885,3,17,77,97,1.2371134020618557,0.05028525988543606,628,"'She was the one that got away, man.'"
5561,3885,4,15,78,97,1.2371134020618557,0.05237732328067415,628,All “real” mixologists work for scale
5631,3885,3,17,77,97,1.2371134020618557,0.05028525988543606,628,"A red, please. Not too dry."
5681,3885,3,17,77,97,1.2371134020618557,0.05028525988543606,628,You have no idea what it is like to be called a fish out of water!
5772,3885,5,13,79,97,1.2371134020618557,0.05438897522798766,628,"How’s the divorce going, Billy?"
5830,3885,2,19,76,97,1.2371134020618557,0.048102294430135445,628,Big deal. What I want is to be able to fly like a bird.
5173,3885,2,19,76,97,1.2371134020618557,0.048102294430135445,628,"And let me tell you, I can’t stand worms!"
5416,3885,4,15,78,97,1.2371134020618557,0.05237732328067415,628,"Hey, Barkeep, one more for the sea!"
5152,3885,2,19,76,97,1.2371134020618557,0.048102294430135445,628,It’s times like this when I feel like a fish out of water.
4255,3885,4,15,78,97,1.2371134020618557,0.05237732328067415,628,"And then I said to myself, 'Enough with all the water!'"
5039,3885,3,17,77,97,1.2371134020618557,0.05028525988543606,628,These three fishermen went into a bar.....
4613,3885,3,17,77,97,1.2371134020618557,0.05028525988543606,628,Another round! I came here to dry out.
4399,3885,4,15,78,97,1.2371134020618557,0.05237732328067415,628,I can't put my finger on it but there's something fishy with this bar.
4346,3885,2,19,76,97,1.2371134020618557,0.048102294430135445,628,"The wife says I drink like a fish, but it’s not like I’m hooked"
4269,3885,6,11,80,97,1.2371134020618557,0.05632883150441754,628,"Please, I’m a lesbian. All the other fish in the sea means four fish in a small pond whom I’ve already dated."
4241,3885,2,19,76,97,1.2371134020618557,0.048102294430135445,628,You say that drink will cost me  a fin?
4206,3885,2,19,76,97,1.2371134020618557,0.048102294430135445,628,I get it - my reputation precedes me
4455,3885,4,15,78,97,1.2371134020618557,0.05237732328067415,628,Stop reducing me to a stereotype.
4457,3885,2,19,76,97,1.2371134020618557,0.048102294430135445,628,"Just a REALLY large glass of water,please."
4575,3885,2,19,76,97,1.2371134020618557,0.048102294430135445,628,This helps me forget I'm a fish out of water.
4408,3885,4,15,78,97,1.2371134020618557,0.05237732328067415,628,Just one more for the Flipper.
4620,3885,4,15,78,97,1.2371134020618557,0.05237732328067415,628,"Finish what you were gonna say Joe, I drink like a what?"
5836,3885,4,15,78,97,1.2371134020618557,0.05237732328067415,628,I used to live in Denmark but now I’ve got a suite at the White House.
4641,3885,5,13,79,97,1.2371134020618557,0.05438897522798766,628,Do you have saltwater?
4709,3885,3,17,77,97,1.2371134020618557,0.05028525988543606,628,"Keep pouring, I'm almost to the worm."
4725,3885,4,15,78,97,1.2371134020618557,0.05237732328067415,628,I feel like a fish out of whiskey in here.
4752,3885,3,17,77,97,1.2371134020618557,0.05028525988543606,628,When you're small they come after you with worms. When you're big they mount you in their den.  Fill it up again.
4765,3885,5,13,79,97,1.2371134020618557,0.05438897522798766,628,Sometimes when I drink too much I start to smell funny.
4826,3885,2,19,76,97,1.2371134020618557,0.048102294430135445,628,Two for one cocktails is a hell of a lure.
4920,3885,3,17,77,97,1.2371134020618557,0.05028525988543606,628,on the rocks
5057,3885,3,17,77,97,1.2371134020618557,0.05028525988543606,628,"What do you mean cut off? I'm NOT drunk to the gills"""
5848,3885,2,19,76,97,1.2371134020618557,0.048102294430135445,628,"OK then, yeah, one for sea I guess."
7897,3885,6,11,80,97,1.2371134020618557,0.05632883150441754,628,"Den da guy asks if I want wata. 
Can ya believe dat? 
Imagine me, drinkin' wata!"
6023,3885,3,17,77,97,1.2371134020618557,0.05028525988543606,628,"Oh and by the way, I do drink like they say."
6920,3885,3,17,77,97,1.2371134020618557,0.05028525988543606,628,What can I get if I slap a fin on the bar?
6923,3885,5,13,79,97,1.2371134020618557,0.05438897522798766,628,"My friend said ""Let's go bowling."" Please."
6942,3885,1,21,75,97,1.2371134020618557,0.04581543514080199,628,It is healthy. Alcohol dilutes the mercury.
6962,3885,2,19,76,97,1.2371134020618557,0.048102294430135445,628,You could use more customers who drink like a fish. Consider redecorating with some coral.
7045,3885,1,21,75,97,1.2371134020618557,0.04581543514080199,628,I should really call my sponsor.
7159,3885,3,17,77,97,1.2371134020618557,0.05028525988543606,628,"Hope you don't think me Koi, but some consider me a real catch."
7161,3885,5,13,79,97,1.2371134020618557,0.05438897522798766,628,So tell me. Can I eat the worm?
7258,3885,5,13,79,97,1.2371134020618557,0.05438897522798766,628,"...And if I hear you say there are plenty of us in the sea, I'm outta here."
7283,3885,2,19,76,97,1.2371134020618557,0.048102294430135445,628,It's a myth.
6780,3885,5,13,79,97,1.2371134020618557,0.05438897522798766,628,"Tall scotch and water,hold the scotch."
7316,3885,1,21,75,97,1.2371134020618557,0.04581543514080199,628,Why does it always have to be pretzels and chips for bar snacks? Why can’t it be minnows or worms once in a while?
7609,3885,4,15,78,97,1.2371134020618557,0.05237732328067415,628,Don't tell me you're out of La Croix...
7787,3885,5,13,79,97,1.2371134020618557,0.05438897522798766,628,"Yes, I know, and I drink like one too."
7828,3885,1,21,75,97,1.2371134020618557,0.04581543514080199,628,So you think sex on the beach is a drink?
7830,3885,3,17,77,97,1.2371134020618557,0.05028525988543606,628,Not a taxi! Get me a bithycle.
4084,3885,3,17,77,97,1.2371134020618557,0.05028525988543606,628,"So, you were wondering about the punch line for the joke about a fish that walks into a bar, asks for an ale and the bartender asks 'is Bass ok?' and the fish"
7964,3885,3,17,77,97,1.2371134020618557,0.05028525988543606,628,"Hey, this is just how I breathe, buddy."
8019,3885,5,13,79,97,1.2371134020618557,0.05438897522798766,628,"Hey, I need more than a splash."
7899,3885,1,21,75,97,1.2371134020618557,0.04581543514080199,628,I'm telling you for the last time-- it's a breathing problem.
8,3885,0,23,74,97,1.2371134020618557,0.04340826493697517,628,"As a matter of fact, I do drink like a fish."
7492,3885,4,15,78,97,1.2371134020618557,0.05237732328067415,628,"Hey, pal, I’ll tell you when I’m drinking like a fish!"
5930,3885,4,15,78,97,1.2371134020618557,0.05237732328067415,628,What? You don't serve a drink named Wanda?
6727,3885,5,13,79,97,1.2371134020618557,0.05438897522798766,628,I hope you serve bass.
6691,3885,7,9,81,97,1.2371134020618557,0.05820407108575367,628,So I drink like a fish. You gonna sue me?
6077,3885,4,15,78,97,1.2371134020618557,0.05237732328067415,628,How many fish frys can a guy go to!
6132,3885,1,21,75,97,1.2371134020618557,0.04581543514080199,628,Your Betta stuff... branch water back.
6163,3885,3,17,77,97,1.2371134020618557,0.05028525988543606,628,"OK, I fish like a drink, so what?"
6176,3885,1,21,75,97,1.2371134020618557,0.04581543514080199,628,"I'd like a bottle of Tequila, with the worm."
6193,3885,3,17,77,97,1.2371134020618557,0.05028525988543606,628,No! I don't want a Trout Slayer Ale
6248,3885,1,21,75,97,1.2371134020618557,0.04581543514080199,628,She said I stink from the head.
6278,3885,2,19,76,97,1.2371134020618557,0.048102294430135445,628,"Where I come from, every meal is a liquid lunch."
6324,3885,4,15,78,97,1.2371134020618557,0.05237732328067415,628,I need a pick-me-up. I am so tired of feeling I'm in over my head.
6383,3885,3,17,77,97,1.2371134020618557,0.05028525988543606,628,"Yeh, well once I go back in the tank, I won’t be eating peanuts for a LONG time."
6710,3885,2,19,76,97,1.2371134020618557,0.048102294430135445,628,"No, I will not have a Red Hook."
6384,3885,3,17,77,97,1.2371134020618557,0.05028525988543606,628,You think she was pretty !? You should have seen the one that got away
6441,3885,2,19,76,97,1.2371134020618557,0.048102294430135445,628,And I don’t want my drink watered down! Understand?
6482,3885,5,13,79,97,1.2371134020618557,0.05438897522798766,628,Whatsuh matter?! You wanna Sea ID?!
6491,3885,4,15,78,97,1.2371134020618557,0.05237732328067415,628,Can you pour me a pond with water lilies?
6511,3885,4,15,78,97,1.2371134020618557,0.05237732328067415,628,"It was great for a while.  Then, well, she threw back in."
6561,3885,1,21,75,97,1.2371134020618557,0.04581543514080199,628,"A Bass Ale for the ""one that got away"""
6615,3885,2,19,76,97,1.2371134020618557,0.048102294430135445,628,I'm going to need more water than this!
6635,3885,4,15,78,97,1.2371134020618557,0.05237732328067415,628,"Stack'em up again Joe, but a little less dry if you please"
6661,3885,5,13,79,97,1.2371134020618557,0.05438897522798766,628,"Just the martini, pal.  If I wanted chips I would have ordered them."
6686,3885,2,19,76,97,1.2371134020618557,0.048102294430135445,628,"So did you hear the one about the crab, the octopus and shark walk into a bar"
6438,3885,3,17,77,97,1.2371134020618557,0.05028525988543606,628,Keep the small ponds coming.
4046,3885,2,19,76,97,1.2371134020618557,0.048102294430135445,628,Umm...how about a lemon-water?  Hold the lemon.  With a dash of salt.
6283,3885,5,13,79,97,1.2371134020618557,0.05438897522798766,628,"Of course I drink like a fish , you idiot , I am a fish .
That’s why I gave you my AmEx Black Card ."
3962,3885,4,15,78,97,1.2371134020618557,0.05237732328067415,628,"A Fish out of Water, please. Make it a double."
948,3885,7,9,81,97,1.2371134020618557,0.05820407108575367,628,"I love you, man."
949,3885,5,13,79,97,1.2371134020618557,0.05438897522798766,628,I know what you are thinking but I would like a Shirley Temple
1183,3885,2,19,76,97,1.2371134020618557,0.048102294430135445,628,"I didn't think I liked rhubarb, but now I do."
1290,3885,1,21,75,97,1.2371134020618557,0.04581543514080199,628,"There's always a grain of truth behind every cliche, let me tell ya..."
4040,3885,5,13,79,97,1.2371134020618557,0.05438897522798766,628,You're telling me I <i>shouldn't</i> drink like a fish?
1305,3885,3,17,77,97,1.2371134020618557,0.05028525988543606,628,This sounds like another big fish story.
1399,3885,3,17,77,97,1.2371134020618557,0.05028525988543606,628,I'll have mine sea side.
1432,3885,1,21,75,97,1.2371134020618557,0.04581543514080199,628,I'm looking to drown my sorrows.
1471,3885,3,17,77,97,1.2371134020618557,0.05028525988543606,628,"I said I was Presbyterian, not pescatarian."
1589,3885,2,19,76,97,1.2371134020618557,0.048102294430135445,628,"I probably shouldn’t be saying this, but all that “reefs are dying” stuff was our PR firm’s idea."
1611,3885,4,15,78,97,1.2371134020618557,0.05237732328067415,628,"You see...that's what I mean!  You automatically assume fish bowl!"""
1628,3885,5,13,79,97,1.2371134020618557,0.05438897522798766,628,"You know, when I was in the Pacific, I never went to bars."
1633,3885,3,17,77,97,1.2371134020618557,0.05028525988543606,628,Enough with the cliches-- I'll drink like a hamster if I want.
1650,3885,3,17,77,97,1.2371134020618557,0.05028525988543606,628,"Please, it’s “as a fish.”"
1686,3885,3,17,77,97,1.2371134020618557,0.05028525988543606,628,"Yes, I drink like one.
You're as bald as an Eagle, but I AM a Fish!"
1689,3885,2,19,76,97,1.2371134020618557,0.048102294430135445,628,"Have you heard this one: ""a fish walks into a bar ...""?"
1767,3885,4,15,78,97,1.2371134020618557,0.05237732328067415,628,So what if I've been in the drunk tank?
931,3885,2,19,76,97,1.2371134020618557,0.048102294430135445,628,"White wine, please"
1829,3885,3,17,77,97,1.2371134020618557,0.05028525988543606,628,"Yes, we serve fish. In the dining room, not at the bar."
911,3885,2,19,76,97,1.2371134020618557,0.048102294430135445,628,"Fish gotta swim,
Birds gotta fly,
I gotta have one 'Manhattan'
before I die"
807,3885,4,15,78,97,1.2371134020618557,0.05237732328067415,628,Some of us do need a bicycle.
41,3885,3,17,77,97,1.2371134020618557,0.05028525988543606,628,No I don’t need another damn straw!
86,3885,3,17,77,97,1.2371134020618557,0.05028525988543606,628,How can a bar be out of water?
155,3885,6,11,80,97,1.2371134020618557,0.05632883150441754,628,"Friend, I did it my way."
190,3885,2,19,76,97,1.2371134020618557,0.048102294430135445,628,"Now if you'll excuse me, I have to go to school."
205,3885,4,15,78,97,1.2371134020618557,0.05237732328067415,628,"So, a fish — stop me if you've heard this before — a fish walks into a bar...."
221,3885,3,17,77,97,1.2371134020618557,0.05028525988543606,628,"You know what buddy?? For once, I just want someone to tell ME a story!"
224,3885,0,23,74,97,1.2371134020618557,0.04340826493697517,628,"Yeah? Well, you're breathing like a human."
434,3885,2,19,76,97,1.2371134020618557,0.048102294430135445,628,"The magic fish promised the bartender anything his heart desired for a shot of whiskey, but he had no more memory of the last shot, than he had of laps around his fishbowl. And on it went, unhappily ever after."
462,3885,5,13,79,97,1.2371134020618557,0.05438897522798766,628,Do you serve Bass?
485,3885,4,15,78,97,1.2371134020618557,0.05237732328067415,628,...so I just turned it on its head didn't I - fish on the sauce
489,3885,1,21,75,97,1.2371134020618557,0.04581543514080199,628,I'll tell you when I'm fin.
579,3885,2,19,76,97,1.2371134020618557,0.048102294430135445,628,I'll just have water.
596,3885,4,15,78,97,1.2371134020618557,0.05237732328067415,628,That drink was watered down!
684,3885,2,19,76,97,1.2371134020618557,0.048102294430135445,628,I spent a fin for this? Where did you learn bar tending; shad roe?
695,3885,3,17,77,97,1.2371134020618557,0.05028525988543606,628,I'll have a margarita.  No salt.  I'm a freshwater fish.
750,3885,3,17,77,97,1.2371134020618557,0.05028525988543606,628,"Keep your chin up, theres plenty of flesh in the city."
806,3885,3,17,77,97,1.2371134020618557,0.05028525988543606,628,"Don't look surprised, everyone saw the Shape of Water!"
841,3885,2,19,76,97,1.2371134020618557,0.048102294430135445,628,Cutting me off?  I drink like a... never mind
1878,3885,5,13,79,97,1.2371134020618557,0.05438897522798766,628,Who you calling fin skinned?
1027,3885,5,13,79,97,1.2371134020618557,0.05438897522798766,628,So I drink like a fish? Your problem?
1985,3885,4,15,78,97,1.2371134020618557,0.05237732328067415,628,Look! I know what you’re thinking.
2910,3885,5,13,79,97,1.2371134020618557,0.05438897522798766,628,"We don't serve fish. That's OK, I eat them only on Fridays."
3044,3885,2,19,76,97,1.2371134020618557,0.048102294430135445,628,"Can I borrow your phone? 
My shell phone doesn't get wifi around here."" 
Lauren Duffy, Seattle, W"
3058,3885,4,15,78,97,1.2371134020618557,0.05237732328067415,628,"What do you mean ""something smells fishy in here""?"
3230,3885,3,17,77,97,1.2371134020618557,0.05028525988543606,628,Don't think that these pickling drinks will spoil my fresh taste.
3376,3885,4,15,78,97,1.2371134020618557,0.05237732328067415,628,"You can't cut me off, I do this for a living!"
3429,3885,2,19,76,97,1.2371134020618557,0.048102294430135445,628,I want a very wet martini.
3483,3885,4,15,78,97,1.2371134020618557,0.05237732328067415,628,"Back in the day, I drank like a fish."
3559,3885,2,19,76,97,1.2371134020618557,0.048102294430135445,628,Where would I carry my I.D.?
3595,3885,4,15,78,97,1.2371134020618557,0.05237732328067415,628,"Set 'em up, Jonas."
3655,3885,2,19,76,97,1.2371134020618557,0.048102294430135445,628,Trouble!? Like a fish out of water.
3711,3885,2,19,76,97,1.2371134020618557,0.048102294430135445,628,I've played piano in a lot of bars.  I specialize in running up and down the scales.
3754,3885,3,17,77,97,1.2371134020618557,0.05028525988543606,628,Drink like a fish?  I'll show her how fish drink.
3760,3885,2,19,76,97,1.2371134020618557,0.048102294430135445,628,I'll have another but this time hold the bourbon.
3792,3885,3,17,77,97,1.2371134020618557,0.05028525988543606,628,"I’d been at sea seven months.  This mermaid said she’d love me if I could change.  Stupid me, I jumped at the chance."
1960,3885,4,15,78,97,1.2371134020618557,0.05237732328067415,628,"So, a monkfish, a pike, and a red devil walk into a bar..."
3911,3885,6,11,80,97,1.2371134020618557,0.05632883150441754,628,"Yes, I did ride in on my bicycle, so would you please just serve me that Manatee Mule I ordered?"
3933,3885,4,15,78,97,1.2371134020618557,0.05237732328067415,628,"Never seen a patron  fish before?!  Guess what, at these prices? you will NEVER see one again!"
2867,3885,4,15,78,97,1.2371134020618557,0.05237732328067415,628,I assume you know what I'll be having.
2837,3885,5,13,79,97,1.2371134020618557,0.05438897522798766,628,"Give me seven ""C's"" with a whisky back!"
3826,3885,4,15,78,97,1.2371134020618557,0.05237732328067415,628,Don’t worry! I don’t drink like a fish!
2809,3885,4,15,78,97,1.2371134020618557,0.05237732328067415,628,A glass of white wine please.
2821,3885,4,15,78,97,1.2371134020618557,0.05237732328067415,628,You wanna tell me what's so funny about having an underwater mortgage?
2001,3885,2,19,76,97,1.2371134020618557,0.048102294430135445,628,You don't fool me.  A couple of drinks and next thing you know I'm hooked.
2278,3885,2,19,76,97,1.2371134020618557,0.048102294430135445,628,Do I look like I have I.D.?
2291,3885,1,21,75,97,1.2371134020618557,0.04581543514080199,628,Hold the straw. I’ve got plenty of those at home.
2304,3885,4,15,78,97,1.2371134020618557,0.05237732328067415,628,Maybe YOU should scale back the drinking.
2312,3885,4,15,78,97,1.2371134020618557,0.05237732328067415,628,"Yeah, I drink ""like"" a fish. So what?"
2318,3885,4,15,78,97,1.2371134020618557,0.05237732328067415,628,I miss the days when this town was just a small pond.
2373,3885,2,19,76,97,1.2371134020618557,0.048102294430135445,628,I'm waiting for Luca Brasi.
2482,3885,1,21,75,97,1.2371134020618557,0.04581543514080199,628,"Scale it up , Dude"
2091,3885,4,15,78,97,1.2371134020618557,0.05237732328067415,628,Then I told him that I didn't give a carp about what they wanted................
2523,3885,3,17,77,97,1.2371134020618557,0.05028525988543606,628,"Straight up, no water..and no stupid jokes!"
2602,3885,3,17,77,97,1.2371134020618557,0.05028525988543606,628,I am not carping ... I'm just trying to have a discussion.
2640,3885,3,17,77,97,1.2371134020618557,0.05028525988543606,628,"I know that's six already, but keep 'em coming. I'm telling you, I can drink like a fish."
2707,3885,4,15,78,97,1.2371134020618557,0.05237732328067415,628,I'll give you a fin not to make comparisons.
2713,3885,1,21,75,97,1.2371134020618557,0.04581543514080199,628,My wife says I drink like a fish.
2715,3885,1,21,75,97,1.2371134020618557,0.04581543514080199,628,"I’ll take a Goldfish on tap, scale the foam"
2508,3885,5,13,79,97,1.2371134020618557,0.05438897522798766,628,"I graduated from my school today, that’s what I’m celebrating."
2718,3885,3,17,77,97,1.2371134020618557,0.05028525988543606,628,"To hell with the Shape of Water, I’m talking the shape of bourbon."
2736,4060,1,20,72,93,1.2365591397849462,0.046869881113340554,628,"I told her I loved her, and she didn’t say a thing."
7408,4060,1,20,72,93,1.2365591397849462,0.046869881113340554,628,I would like scotch and fresh water please
5996,4062,3,15,71,89,1.2359550561797752,0.05305400314559995,628,"OK, I drink like a fish. Wanna make something of it?"
5580,4062,4,13,72,89,1.2359550561797752,0.05540839164500722,628,One more tequila but hold the worm this time.
3901,4062,3,15,71,89,1.2359550561797752,0.05305400314559995,628,Whatta ya mean I drink like a fish?
2762,4062,4,13,72,89,1.2359550561797752,0.05540839164500722,628,"Yeah, I “drink like a fish,” - Ha. Ha. Ha."
1730,4062,3,15,71,89,1.2359550561797752,0.05305400314559995,628,Drink like a Fish ? What makes you think that ?
7441,4067,3,14,68,85,1.2352941176470589,0.05461107413662156,628,Hey Joe: I'll have the usual; a Mickey Finn!!
5680,4067,2,20,80,102,1.2352941176470589,0.04658075943697518,628,Got any more water?
4335,4067,2,16,67,85,1.2352941176470589,0.05198324127579627,628,"Actually, nobody drinks like me."
658,4070,4,15,79,98,1.2346938775510203,0.051896538077764114,628,"They don't call me The Pickled Herring for nothin', pal."
249,4070,3,17,78,98,1.2346938775510203,0.049828277400809425,628,Weren't the '60s great?
2107,4070,3,17,78,98,1.2346938775510203,0.049828277400809425,628,"Carpe Diem, my fin!"
3761,4070,4,15,79,98,1.2346938775510203,0.051896538077764114,628,"Seagram's, no rocks."
4013,4070,5,13,80,98,1.2346938775510203,0.05388547206976688,628,"I  need a large glass of water -- I'm hoping to hook up,"
1254,4070,4,15,79,98,1.2346938775510203,0.051896538077764114,628,"If you drink like a fish, what do you do about the bathroom?"
3695,4070,4,15,79,98,1.2346938775510203,0.051896538077764114,628,I would like a kelp martini.
4607,4070,1,21,76,98,1.2346938775510203,0.04541002485445702,628,"Don’t cut me off, I’m a fish out of water."
6501,4070,4,15,79,98,1.2346938775510203,0.051896538077764114,628,Stew me to the gills.
6896,4070,4,15,79,98,1.2346938775510203,0.051896538077764114,628,"You can't card me.  I'm a fish, for Chrissakes!"
7025,4070,4,15,79,98,1.2346938775510203,0.051896538077764114,628,"Not to carp on this too much, but I am sure someone told me you used to serve people goldfish from a little bowl."
4297,4070,6,11,81,98,1.2346938775510203,0.055803562036006546,628,What bothers me most is that she left me for a lowly pool shark.
5364,4070,4,15,79,98,1.2346938775510203,0.051896538077764114,628,Is the rabbi here yet?
3079,4083,4,14,76,94,1.2340425531914894,0.053317170212019274,628,Stereotypes are hurtful and cruel!
1260,4083,3,16,75,94,1.2340425531914894,0.051126705741835796,628,"Yeah, I drink like a fish! What about it?"
3066,4083,3,16,75,94,1.2340425531914894,0.051126705741835796,628,Six drinks for a fish tail isn't enough.
3936,4083,2,18,74,94,1.2340425531914894,0.04883809415412414,628,A fish walks into a bar?  Is this some kinda joke?
3730,4083,4,14,76,94,1.2340425531914894,0.053317170212019274,628,"6 shots of tequila, and no worm?"
4930,4083,1,20,73,94,1.2340425531914894,0.04643682634722063,628,I'll tell you a real  fish story
5199,4083,5,12,77,94,1.2340425531914894,0.05542112628612492,628,You ever thought about a nautical theme in here?
6263,4083,3,16,75,94,1.2340425531914894,0.051126705741835796,628,"Bartender, I'm a fish out of water."
6406,4083,2,18,74,94,1.2340425531914894,0.04883809415412414,628,You think that quip was witty? Really?
1175,4083,1,20,73,94,1.2340425531914894,0.04643682634722063,628,Stop me if you’ve heard this one...a fish walks into a bar....
3406,4083,4,14,76,94,1.2340425531914894,0.053317170212019274,628,"Hey! You can't say ""Drink like a fish""! That's our term you bigot!"
958,4083,3,16,75,94,1.2340425531914894,0.051126705741835796,628,Water doesn’t cut it any longer.....
197,4083,4,14,76,94,1.2340425531914894,0.053317170212019274,628,At least I don’t drink like a bartender...
734,4083,3,16,75,94,1.2340425531914894,0.051126705741835796,628,"So she says, ""you drink like a fish""  and I have to tell her ""newsflash lady, I am a fish."""
868,4083,4,14,76,94,1.2340425531914894,0.053317170212019274,628,"Did you hear the one about, “a fish walks into a bar...?”"
240,4083,5,12,77,94,1.2340425531914894,0.05542112628612492,628,Heard this one? A fish walks into a bar...
2417,4099,4,12,70,86,1.2325581395348837,0.056516328414623146,628,"I used to be a sturgeon, but now I just drink like a fish."
1908,4099,4,12,70,86,1.2325581395348837,0.056516328414623146,628,Yes and I drink like one also.
1622,4099,4,12,70,86,1.2325581395348837,0.056516328414623146,628,"Sorry, we do not serve fish out of water."
6312,4102,3,17,79,99,1.2323232323232323,0.04937933227205966,628,"Open up your gills, I said that is a piece of CRAP you're eating. 
Not CARP."
5646,4102,2,19,78,99,1.2323232323232323,0.04724590344515121,628,"Gimme a scotch and water,hold the scotch."
3613,4104,2,18,75,95,1.231578947368421,0.04838403570702222,628,According to legend I turn into a mermaid after the seventh shot.
7514,4104,2,18,75,95,1.231578947368421,0.04838403570702222,628,"Look, I'm about to tell you an amazing story.  Don't tell me it sounds--er--absurd."
6758,4104,3,16,76,95,1.231578947368421,0.05064562248636977,628,"I used to be Trump's ""sleep with the fishes"" but I flipped so I'm out of a job."
6030,4104,2,18,75,95,1.231578947368421,0.04838403570702222,628,We fish out of water are not only very thirsty but we like it straight up with a hint of salt and kelp.
5746,4104,4,14,77,95,1.231578947368421,0.05281044634128144,628,"Of course I drink like a fish. Hello, I am  fish."
1033,4104,2,18,75,95,1.231578947368421,0.04838403570702222,628,I don’t understand why he let me go...I’m a good catch!
1515,4104,3,16,76,95,1.231578947368421,0.05064562248636977,628,This better be a good one.
5293,4104,3,16,76,95,1.231578947368421,0.05064562248636977,628,"""My school's busy. So one for me, five to go."""
3926,4104,4,14,77,95,1.231578947368421,0.05281044634128144,628,"Tequila. On the rocks. Easy on the salt, but extra worms, please."
4213,4104,1,20,74,95,1.231578947368421,0.04601141972994224,628,"Hello Jimmy, I'm feeling so dry.  I'll have my usual, a high tide beer barrel with a double live gold-fish chaser on the rocks."
4487,4104,3,16,76,95,1.231578947368421,0.05064562248636977,628,"My Doctor said,""If you don't start drinking, you'll die."""
5177,4115,4,15,81,100,1.23,0.05096047190685834,628,"Ishmael, huh? Don't act coy.  You don't know what it's like living in a fish bowl.  I've been far too dry for far too too long!"
3249,4116,5,10,72,87,1.2298850574712643,0.05826767089569042,628,"One more Landshark, and I'm back to the well."
855,4117,3,16,77,96,1.2291666666666667,0.050173310744967906,628,"Well let me tell you, I am a fish out off water."
4837,4117,1,20,75,96,1.2291666666666667,0.045593471241867974,628,Who the hell you calling fishy!?
7006,4117,4,14,78,96,1.2291666666666667,0.052313089726426475,628,I've had enough when my gills say I have had enough.
6185,4117,2,18,76,96,1.2291666666666667,0.047938114955607895,628,Better make mine a double. I feel crappie.
1203,4117,4,14,78,96,1.2291666666666667,0.052313089726426475,628,I can drink anyone under the water table.
3111,4117,3,16,77,96,1.2291666666666667,0.050173310744967906,628,She got me spawning one too many times.
4118,4117,2,18,76,96,1.2291666666666667,0.047938114955607895,628,What do you mean you don't accept doubloons?
4407,4117,6,10,80,96,1.2291666666666667,0.05634940858565613,628,"I’m not going to hide it anymore, I drink like a fish."
5112,4117,3,16,77,96,1.2291666666666667,0.050173310744967906,628,"It's not a story, Jake. I'm the one that got away."
744,4117,3,16,77,96,1.2291666666666667,0.050173310744967906,628,"You're out of water, too?"
1876,4117,5,12,79,96,1.2291666666666667,0.054368718969083525,628,Don't worry.  I drink like a Human.
4427,4128,2,17,73,92,1.2282608695652173,0.04912823608557881,628,Give me a fin and tonic
4980,4128,4,13,75,92,1.2282608695652173,0.05377142984298545,628,"We koi like a dry white, so surprise me.  When you uncork it, don't worry about letting it breathe."""
5045,4128,4,13,75,92,1.2282608695652173,0.05377142984298545,628,"Can I have another  scotch, this time with a splash of water."
3745,4128,4,13,75,92,1.2282608695652173,0.05377142984298545,628,"Barkeep, I'm out of water."
5058,4128,5,11,76,92,1.2282608695652173,0.05594871053561892,628,"Wow, I could really get hooked on this stuff"
5144,4128,1,19,72,92,1.2282608695652173,0.04663359344550876,628,I just had to get away!
5167,4128,2,17,73,92,1.2282608695652173,0.04912823608557881,628,"Don’t play koi with me, of course I handle another."
5205,4128,3,15,74,92,1.2282608695652173,0.0515021856246872,628,"If the fisherman or his wife calls, I’m not here."
5264,4128,5,11,76,92,1.2282608695652173,0.05594871053561892,628,"Look fella, ' No Shirt - No Shoes - No Service' is 
discrimination."
5307,4128,2,17,73,92,1.2282608695652173,0.04912823608557881,628,"What do you mean, it’s after Last Call? It’s only Water!"
5349,4128,3,15,74,92,1.2282608695652173,0.0515021856246872,628,We hooked up one year ago on the same bait.  I struggled free. She was gutted.
5483,4128,5,11,76,92,1.2282608695652173,0.05594871053561892,628,What do you mean you won’t serve me? I can’t help it if I drink like a fish!
5513,4128,3,15,74,92,1.2282608695652173,0.0515021856246872,628,My real problem isn't being out water.
5517,4128,2,17,73,92,1.2282608695652173,0.04912823608557881,628,"Raised in the Orient, schooled in the mediterranean and landed in New York. Why do you ask?"
5684,4128,2,17,73,92,1.2282608695652173,0.04912823608557881,628,Are you seriously offering me a straw?
5806,4128,5,11,76,92,1.2282608695652173,0.05594871053561892,628,I wont put up with this kind of carping from you.
4973,4128,4,13,75,92,1.2282608695652173,0.05377142984298545,628,I need one straw. Wouldn’t want to pollute the ocean more than necessary.
4473,4128,2,17,73,92,1.2282608695652173,0.04912823608557881,628,"Of course, ‘with water.’ Whaddya think?"
4916,4128,2,17,73,92,1.2282608695652173,0.04912823608557881,628,I think I would know if these drinks are watered-down.
4815,4128,2,17,73,92,1.2282608695652173,0.04912823608557881,628,"No, YOU can't handle vermouth."
4367,4128,3,15,74,92,1.2282608695652173,0.0515021856246872,628,Trust me - no one will believe you I was this tall.
5828,4128,2,17,73,92,1.2282608695652173,0.04912823608557881,628,Are you kidding me?  A dry martini!
4343,4128,1,19,72,92,1.2282608695652173,0.04663359344550876,628,Hey! my next tequila shot better have a worm in it.
4175,4128,3,15,74,92,1.2282608695652173,0.0515021856246872,628,"Techila, with the worm please."
4173,4128,2,17,73,92,1.2282608695652173,0.04912823608557881,628,"Hey, don't forget, I drink like a fish!"
4031,4128,4,13,75,92,1.2282608695652173,0.05377142984298545,628,"Forget about ""drinking like a fish"" but then again I am also sick of bartenders saying ""white wine always goes well with fish"" . So think carefully, your tip hangs in the balance ..."
3977,4128,4,13,75,92,1.2282608695652173,0.05377142984298545,628,Where’s the priest and the rabbi?
3972,4128,5,11,76,92,1.2282608695652173,0.05594871053561892,628,"Give a man a fish, and you feed him for a day. Teach a man to fish, and you feed him for a lifetime."
3793,4128,2,17,73,92,1.2282608695652173,0.04912823608557881,628,Luca Brasi was unfaithful
3764,4128,3,15,74,92,1.2282608695652173,0.0515021856246872,628,I find it a sign of great sophistication that you haven't asked me my name.
4484,4128,3,15,74,92,1.2282608695652173,0.0515021856246872,628,"Look buddy, you can’t just cut me off because I can’t walk"
4598,4128,4,13,75,92,1.2282608695652173,0.05377142984298545,628,I'll need to have access to your glass sink every few minutes.
4624,4128,3,15,74,92,1.2282608695652173,0.0515021856246872,628,I don't need YOU to tell me I'm a fish out of water in this town.
4737,4128,3,15,74,92,1.2282608695652173,0.0515021856246872,628,"My wife says I drink like a fish, so I’m scaling back."
4750,4128,3,15,74,92,1.2282608695652173,0.0515021856246872,628,"You may find this hard to believe but she said, ' I'm leaving, you drink like a fish!"
4821,4128,3,15,74,92,1.2282608695652173,0.0515021856246872,628,"Do I want a water?""  Of course I want a water"
5868,4128,3,15,74,92,1.2282608695652173,0.0515021856246872,628,No I Don't have Birth Certificate No I don't have Licence No I don't have a Passport but I do know Jimmy Buffett
6807,4128,5,11,76,92,1.2282608695652173,0.05594871053561892,628,"I know perfectly well what I drink like"""
5938,4128,3,15,74,92,1.2282608695652173,0.0515021856246872,628,Make that two worms in my martini.
7363,4128,5,11,76,92,1.2282608695652173,0.05594871053561892,628,"As a matter of fact, I could use a bicycle right now to get home."
8018,4128,4,13,75,92,1.2282608695652173,0.05377142984298545,628,"You’re right, I do drink like a fish. Can you guess why?"
7411,4128,3,15,74,92,1.2282608695652173,0.0515021856246872,628,I KNOW when a drink's been watered down!
7522,4128,4,13,75,92,1.2282608695652173,0.05377142984298545,628,Just coffee for me.  I’m the designated diver.
7525,4128,5,11,76,92,1.2282608695652173,0.05594871053561892,628,"Whadda ya mean, 'No saltwater'?"
7532,4128,3,15,74,92,1.2282608695652173,0.0515021856246872,628,Wait a minute! This sounds like a bait and switch!
7995,4128,4,13,75,92,1.2282608695652173,0.05377142984298545,628,NOBODY can drink like me.
7362,4128,0,21,71,92,1.2282608695652173,0.04399773283251796,628,"So they kicked me out on my tail, something about “too many fish in the sea.”"
7935,4128,4,13,75,92,1.2282608695652173,0.05377142984298545,628,What do you mean ‘I can drink like a fish.’?
7827,4128,2,17,73,92,1.2282608695652173,0.04912823608557881,628,One more and I’ll swim home.
7777,4128,4,13,75,92,1.2282608695652173,0.05377142984298545,628,“I’m Popeye the Fishyman.   I’ll grab a drink wherever I can.”
7731,4128,3,15,74,92,1.2282608695652173,0.0515021856246872,628,Not to be telling tales out of school but. . .
7693,4128,3,15,74,92,1.2282608695652173,0.0515021856246872,628,I'll just have water -- lots of it!
7687,4128,2,17,73,92,1.2282608695652173,0.04912823608557881,628,I want salt around the rim.
3720,4128,3,15,74,92,1.2282608695652173,0.0515021856246872,628,Whoever said there are more fish in the sea is full of shit!
7558,4128,3,15,74,92,1.2282608695652173,0.0515021856246872,628,Look buddy.  I've had it about up to here with watered down drinks.
7847,4128,4,13,75,92,1.2282608695652173,0.05377142984298545,628,"I know it was a dream, but I just can't forget her. She was the most beautiful female fish and had a human lower body."
7360,4128,2,17,73,92,1.2282608695652173,0.04912823608557881,628,You didn't water down my drink.
7184,4128,4,13,75,92,1.2282608695652173,0.05377142984298545,628,"So I just watched ‘The Shape of Water”’ on Netflix, and I was wondering if this is a good place to pick up human chicks?"
7157,4128,3,15,74,92,1.2282608695652173,0.0515021856246872,628,"I mean c’mon, don’t they have bigger fish to fry?"
6031,4128,4,13,75,92,1.2282608695652173,0.05377142984298545,628,"I know, I know, I am a cliche"
6070,4128,2,17,73,92,1.2282608695652173,0.04912823608557881,628,"How insulting!  They took me aside and whispered,  ""You simply don't meet the profile of a Navy Seal."""
6074,4128,3,15,74,92,1.2282608695652173,0.0515021856246872,628,"I'll have the Sea Salt, with a Margarita on the side......"
6090,4128,3,15,74,92,1.2282608695652173,0.0515021856246872,628,Martinis next. Hold the olives and add sardines.
6091,4128,3,15,74,92,1.2282608695652173,0.0515021856246872,628,"What's the Catch?"""
6095,4128,3,15,74,92,1.2282608695652173,0.0515021856246872,628,"Oh, did I tell you? I drink like a fish."
6130,4128,1,19,72,92,1.2282608695652173,0.04663359344550876,628,I may be a fish out of water but right now you're a bartender out of gin.
6229,4128,3,15,74,92,1.2282608695652173,0.0515021856246872,628,I'll have an alewife.
6412,4128,2,17,73,92,1.2282608695652173,0.04912823608557881,628,"I’m telling you, I caught this one hook that was at least 2 feet long."
6540,4128,3,15,74,92,1.2282608695652173,0.0515021856246872,628,What did you expect? Keep 'em coming!
6670,4128,4,13,75,92,1.2282608695652173,0.05377142984298545,628,"So, I says, ‘no, you drink like a fish!’"
6683,4128,4,13,75,92,1.2282608695652173,0.05377142984298545,628,And another thing - I haven’t had a ribeye since that meat truck fell off the pier.
6788,4128,3,15,74,92,1.2282608695652173,0.0515021856246872,628,Quick! Another one! I'm a fish out of water!
6840,4128,2,17,73,92,1.2282608695652173,0.04912823608557881,628,"Did you hear the one about the whale, shark and tuna that walked into the bar?"
6862,4128,3,15,74,92,1.2282608695652173,0.0515021856246872,628,Swim the fishes? Is that supposed to be a threat?”
6880,4128,2,17,73,92,1.2282608695652173,0.04912823608557881,628,"What da ya mean you're cutting me off, this is how I get oxygen."
6990,4128,4,13,75,92,1.2282608695652173,0.05377142984298545,628,"I'm sorry,but your argument just doesn't hold water."
5881,4128,0,21,71,92,1.2282608695652173,0.04399773283251796,628,"I know, I know...I drink like myself."
3569,4128,5,11,76,92,1.2282608695652173,0.05594871053561892,628,I can't take the atmosphere in this watering hole.
7091,4128,4,13,75,92,1.2282608695652173,0.05377142984298545,628,"Yeah, I drink like a fish. No reason to be speciesist about it."
3534,4128,4,13,75,92,1.2282608695652173,0.05377142984298545,628,I am a fish out of water in this place!
1413,4128,5,11,76,92,1.2282608695652173,0.05594871053561892,628,I drink like a fish? You look like a bald eagle!
1406,4128,3,15,74,92,1.2282608695652173,0.0515021856246872,628,Just one more and I'll have the confidence to spawn.
1370,4128,2,17,73,92,1.2282608695652173,0.04912823608557881,628,I'll have a Whiskey with a splash of water. Better yet hold the Whiskey.
1270,4128,4,13,75,92,1.2282608695652173,0.05377142984298545,628,Red wine? Are you crazy?
1101,4128,4,13,75,92,1.2282608695652173,0.05377142984298545,628,Please pity a poor mermaid who misunderstood when that cute cod said he wanted head
1080,4128,3,15,74,92,1.2282608695652173,0.0515021856246872,628,Yeah I drink like a fish - waddya expect ?
967,4128,4,13,75,92,1.2282608695652173,0.05377142984298545,628,...and you drink like your bald.
921,4128,2,17,73,92,1.2282608695652173,0.04912823608557881,628,... she looks like me --- mostly
885,4128,2,17,73,92,1.2282608695652173,0.04912823608557881,628,"Hey, what did you say I drink like?!"
864,4128,4,13,75,92,1.2282608695652173,0.05377142984298545,628,I’ll have a saltwater on the rocks
824,4128,4,13,75,92,1.2282608695652173,0.05377142984298545,628,I hope I’m not on the hook for these?
823,4128,3,15,74,92,1.2282608695652173,0.0515021856246872,628,Keep ‘em coming. What part of “drinks like a fish” don’t you understand?
822,4128,2,17,73,92,1.2282608695652173,0.04912823608557881,628,"Sure I'll have another, Carp-A-Diem, righ?"
799,4128,3,15,74,92,1.2282608695652173,0.0515021856246872,628,I'm Mr. Limpet. I'm back and I need a drink.
727,4128,3,15,74,92,1.2282608695652173,0.0515021856246872,628,Go ahead. Say it. I do drink like a fish.
656,4128,4,13,75,92,1.2282608695652173,0.05377142984298545,628,Fisherman walks into a bar . . . .
641,4128,1,19,72,92,1.2282608695652173,0.04663359344550876,628,Don't tell me we're out of water.
7,4128,4,13,75,92,1.2282608695652173,0.05377142984298545,628,It's not my fault if I drink like a fish
52,4128,4,13,75,92,1.2282608695652173,0.05377142984298545,628,Better keep 'em coming. I drink like a fish.
147,4128,5,11,76,92,1.2282608695652173,0.05594871053561892,628,Just water please.
275,4128,3,15,74,92,1.2282608695652173,0.0515021856246872,628,Everyone tells me I drink like a human.
333,4128,3,15,74,92,1.2282608695652173,0.0515021856246872,628,It's just one troubled water after another.
335,4128,2,17,73,92,1.2282608695652173,0.04912823608557881,628,"I predict 60% references to drinking like a fish, the rest puns about fins, gills & scales. None of them funny."
1476,4128,3,15,74,92,1.2282608695652173,0.0515021856246872,628,I eat barflies for breakfast!
369,4128,3,15,74,92,1.2282608695652173,0.0515021856246872,628,"No one will ever believe you, so why the long face?"
452,4128,0,21,71,92,1.2282608695652173,0.04399773283251796,628,Don't cut me off!  It's only proper that I drink like a fish
490,4128,2,17,73,92,1.2282608695652173,0.04912823608557881,628,You're lucky I like 'em watered-down.
567,4128,4,13,75,92,1.2282608695652173,0.05377142984298545,628,"I drink to keep the earth from feeling so solid under my fins. I'm drowning up here, man."
590,4128,4,13,75,92,1.2282608695652173,0.05377142984298545,628,"Dont get on my case, Bobby, my wife left me for a prong, so pour me another before I start flopping."
595,4128,3,15,74,92,1.2282608695652173,0.0515021856246872,628,"Drink like a ""what""? That's what I thought."
613,4128,4,13,75,92,1.2282608695652173,0.05377142984298545,628,"Don't start with me, Bobby, my wife just left me for a prawn. Now pour me another before I start flopping."
391,4128,3,15,74,92,1.2282608695652173,0.0515021856246872,628,"I don't care what your bar rules are regarding animals. I identify as an overworked, middle-aged man with deep-seated marriage issues. Now where's my Old Fashioned?"
1573,4128,3,15,74,92,1.2282608695652173,0.0515021856246872,628,i never thought that the kangaroo would sell the place.
3555,4128,2,17,73,92,1.2282608695652173,0.04912823608557881,628,I may drink like a fish but stop watering everything down.
1626,4128,5,11,76,92,1.2282608695652173,0.05594871053561892,628,"Another bubbly fizz please""."
3466,4128,4,13,75,92,1.2282608695652173,0.05377142984298545,628,Very true—but technically…. '
3431,4128,3,15,74,92,1.2282608695652173,0.0515021856246872,628,Of course I do. What do you expect me to drink like?
3381,4128,1,19,72,92,1.2282608695652173,0.04663359344550876,628,"Look buddy, I'm out of water here!"
3285,4128,4,13,75,92,1.2282608695652173,0.05377142984298545,628,"Yeah? Well, YOU smoke like a chimney."
3161,4128,1,19,72,92,1.2282608695652173,0.04663359344550876,628,"I'd like a Rusty Snail, hold the grunion"
3133,4128,4,13,75,92,1.2282608695652173,0.05377142984298545,628,"Drink like a fish""?  Very funny, Porn-stache"
3113,4128,2,17,73,92,1.2282608695652173,0.04912823608557881,628,So please tell your regulars that they never came close to catching me.
3069,4128,1,19,72,92,1.2282608695652173,0.04663359344550876,628,"You rustle me up a 'Siren's Call', dude, and remember no water coz in bars, I'm one earthy dame"
3059,4128,1,19,72,92,1.2282608695652173,0.04663359344550876,628,I'm never going to confuse voodoo and vodka again.
3020,4128,2,17,73,92,1.2282608695652173,0.04912823608557881,628,I'll have a dry martini and 30 gallons of salt water.
2887,4128,3,15,74,92,1.2282608695652173,0.0515021856246872,628,I’m sittin’ on a bar stool here! You think you can tell ME how to drink?
2808,4128,3,15,74,92,1.2282608695652173,0.0515021856246872,628,"Well, we say “Drink like a Republican”"
2804,4128,4,13,75,92,1.2282608695652173,0.05377142984298545,628,Three fish came into a bar .....
2684,4128,2,17,73,92,1.2282608695652173,0.04912823608557881,628,I don't care what the sommelier recommends I want the house red.
2675,4128,4,13,75,92,1.2282608695652173,0.05377142984298545,628,"If you say I ""drink like a fish""  you're not getting a tip!"
1609,4128,2,17,73,92,1.2282608695652173,0.04912823608557881,628,"One more hit of tartar sauce and this time, hold the hook you sneaky bastard."
2660,4128,3,15,74,92,1.2282608695652173,0.0515021856246872,628,...and we were packed like sardines. And that Flipper was a real asshole.
1734,4128,4,13,75,92,1.2282608695652173,0.05377142984298545,628,"An’ annudder t’ing, fish don’t drink, we inhale."
1759,4128,5,11,76,92,1.2282608695652173,0.05594871053561892,628,"A glass of water. Shaken, not stirred."
2055,4128,3,15,74,92,1.2282608695652173,0.0515021856246872,628,"Some Catfish told me you serve ""chum"" here, but I think he was just baiting me."
2103,4128,3,15,74,92,1.2282608695652173,0.0515021856246872,628,The worst of it? People stare at me more when I'm NOT in the fish bowl.
2117,4128,3,15,74,92,1.2282608695652173,0.0515021856246872,628,Call me Wanda one more time and you lose your tip.
2196,4128,2,17,73,92,1.2282608695652173,0.04912823608557881,628,"I’m waiting for someone, just need global warming to catch up."
2355,4128,3,15,74,92,1.2282608695652173,0.0515021856246872,628,I’ll have one tequila worm... hold the hook!
2363,4128,4,13,75,92,1.2282608695652173,0.05377142984298545,628,"Don’t judge me, sir, I need it to breathe!"
2378,4128,4,13,75,92,1.2282608695652173,0.05377142984298545,628,I drink like a fish. . . and you’re bald. well duh!
2408,4128,2,17,73,92,1.2282608695652173,0.04912823608557881,628,"I fell for that worm - hook, line and sinker."
2458,4128,2,17,73,92,1.2282608695652173,0.04912823608557881,628,Make it a bubble.
2491,4128,4,13,75,92,1.2282608695652173,0.05377142984298545,628,"I'll have water,  with a splash of bourbon."
2564,4128,3,15,74,92,1.2282608695652173,0.0515021856246872,628,What did you expect me to drink like?
2601,4128,2,17,73,92,1.2282608695652173,0.04912823608557881,628,Hey! Think theses shots will burn out the amount of plastic i've consumed?
2669,4128,3,15,74,92,1.2282608695652173,0.0515021856246872,628,And don't water the drinks
2073,4275,2,18,77,97,1.2268041237113403,0.04750012352845047,628,"Drink like a person?? How many kids do you have in school, buddy?"
7402,4275,5,12,80,97,1.2268041237113403,0.05385714095758584,628,"Yeah, there's plenty of us, but we're all jerks."
3258,4275,2,18,77,97,1.2268041237113403,0.04750012352845047,628,I'm like a fish out of water in this place.
2739,4275,2,18,77,97,1.2268041237113403,0.04750012352845047,628,"Your girlfriend looks like a fish, too!"
3250,4279,3,13,68,84,1.2261904761904763,0.05449183824149288,628,She told me I drank like a fash
6447,4280,1,19,73,93,1.2258064516129032,0.04619468188464644,628,So you think my story sounds like a fish out of water eh?
6265,4280,3,15,75,93,1.2258064516129032,0.05100447838981256,628,"I may be drunk, but I can see that hook."
6012,4280,3,15,75,93,1.2258064516129032,0.05100447838981256,628,...and make sure it’s NOT dry
5303,4280,3,15,75,93,1.2258064516129032,0.05100447838981256,628,You better be watering down these drinks pal.
3885,4280,1,19,73,93,1.2258064516129032,0.04619468188464644,628,Do you have any of those dried shrimp bar snacks?
3590,4280,3,15,75,93,1.2258064516129032,0.05100447838981256,628,"I hate it when they say, ""Don't be coy."""
2620,4280,2,17,74,93,1.2258064516129032,0.04865904566594242,628,"Listen, drinking like one doesn't make me one."
1990,4280,2,17,74,93,1.2258064516129032,0.04865904566594242,628,Scotch and Water please... A LOT of water!
1035,4280,3,15,75,93,1.2258064516129032,0.05100447838981256,628,Go light on the water.
7462,4280,2,17,74,93,1.2258064516129032,0.04865904566594242,628,"Yeah, I know there's plenty of people on the land
...but she was special"
7038,4280,4,13,76,93,1.2258064516129032,0.05324669855036501,628,"Well, just trying to get a count on how much does a fish drink."
7922,4280,4,13,76,93,1.2258064516129032,0.05324669855036501,628,"Are these watered down, because I've had enough of that."
786,4280,0,21,72,93,1.2258064516129032,0.04359122094788233,628,I drink 24 hours a day--don't worry.
7089,4293,3,14,72,89,1.2247191011235956,0.0524010059162293,628,Gimme something I can throw back.
5077,4293,5,10,74,89,1.2247191011235956,0.05706654581152649,628,"And dammit, Spencer Tracy got all the credit."
5134,4293,3,14,72,89,1.2247191011235956,0.0524010059162293,628,"Just give me the bottle, I drink like a fish."
5288,4293,2,16,71,89,1.2247191011235956,0.04990493769277266,628,"I know it’s weird since I don’t even drink, but the sushi bar is just not an option for me right now."
5370,4293,0,20,69,89,1.2247191011235956,0.04449469155183759,628,"My favorite Charles Darwin joke?
OK, a fish walks into a bar..."
5376,4293,2,16,71,89,1.2247191011235956,0.04990493769277266,628,"'Vodka martini, not too dry."""
5436,4293,2,16,71,89,1.2247191011235956,0.04990493769277266,628,No Mickey Finns
5454,4293,3,14,72,89,1.2247191011235956,0.0524010059162293,628,"With these beer goggles, even you can sleep with the fishes."
5461,4293,2,16,71,89,1.2247191011235956,0.04990493769277266,628,What? I paid my tab 3 seconds ago!
5064,4293,3,14,72,89,1.2247191011235956,0.0524010059162293,628,And then she said we had to go all the way up river
5467,4293,3,14,72,89,1.2247191011235956,0.0524010059162293,628,"Oh, I thought you said Crappie Hour."
5489,4293,2,16,71,89,1.2247191011235956,0.04990493769277266,628,"I'll have a martini, please.  Wet."
5491,4293,3,14,72,89,1.2247191011235956,0.0524010059162293,628,Telling-tails out of school
5498,4293,2,16,71,89,1.2247191011235956,0.04990493769277266,628,"Listen, I'll tell you I want water when I want water!"
5584,4293,0,20,69,89,1.2247191011235956,0.04449469155183759,628,"Yes, I was once a goldfish but as a result of a lotta hard work and cosmetic surgery..."
5614,4293,5,10,74,89,1.2247191011235956,0.05706654581152649,628,Isn’t it obvious I would order 6 doubles?
5617,4293,4,12,73,89,1.2247191011235956,0.054783464986671616,628,He said our love was forbidden because  I was half fish. But I went to the witch and she made me into a whole fish. What? Why are you looking at me like that?
5643,4293,3,14,72,89,1.2247191011235956,0.0524010059162293,628,I'm not complaining just for the Halibut!
5705,4293,0,20,69,89,1.2247191011235956,0.04449469155183759,628,I won't take carp from no-one.
5484,4293,3,14,72,89,1.2247191011235956,0.0524010059162293,628,"She always says ""There's something fishy going on""...."
4969,4293,1,18,70,89,1.2247191011235956,0.047277269286691515,628,"One for my bay, B, and one more for the rowed."
4949,4293,2,16,71,89,1.2247191011235956,0.04990493769277266,628,"Did I say I wanted tonic water? Did I say I wanted club soda? No, mac, I did not. I said I wanted branch water. Branch water on the rocks. That's it."
4907,4293,4,12,73,89,1.2247191011235956,0.054783464986671616,628,A  martini with two guppies!
3742,4293,2,16,71,89,1.2247191011235956,0.04990493769277266,628,"It' s a quarter to 3, there's no one in the place except you and me, so set em up Joe, I got a little story you oughta know...of course it might sound a lttle fishy..."
3872,4293,3,14,72,89,1.2247191011235956,0.0524010059162293,628,"So.  A shark, an octopus, and a starfish walk into a bar ..."
4000,4293,3,14,72,89,1.2247191011235956,0.0524010059162293,628,Stop judging me with your eyes!
4022,4293,2,16,71,89,1.2247191011235956,0.04990493769277266,628,Things were going great until she left me just for the halibut.
4055,4293,3,14,72,89,1.2247191011235956,0.0524010059162293,628,You say I drink like a fish. . . And that seems odd to you why?
4182,4293,2,16,71,89,1.2247191011235956,0.04990493769277266,628,"So I said to him, 'What do you mean I drink like a fish?'"
4183,4293,3,14,72,89,1.2247191011235956,0.0524010059162293,628,"A rabbi, a priest and a goldfish walk into a bar ..."
4205,4293,2,16,71,89,1.2247191011235956,0.04990493769277266,628,I said One More For The Flow!
4312,4293,2,16,71,89,1.2247191011235956,0.04990493769277266,628,Did you hear the one about the guy who walks into a bar?
4351,4293,4,12,73,89,1.2247191011235956,0.054783464986671616,628,"Oh yeah ? Well you swim like a human, so there !"
4364,4293,3,14,72,89,1.2247191011235956,0.0524010059162293,628,And another thing...how was I ever going to be able to compete with Tom Hanks.
4366,4293,2,16,71,89,1.2247191011235956,0.04990493769277266,628,"Please, I don't need to be told I'm 'off the hook'."
4387,4293,3,14,72,89,1.2247191011235956,0.0524010059162293,628,"No, you listen, pal. I know there’s other fish in the sea."
4551,4293,3,14,72,89,1.2247191011235956,0.0524010059162293,628,"Actually, most of us can't hold our liquor."
4611,4293,3,14,72,89,1.2247191011235956,0.0524010059162293,628,The whole goldfish memory thing is a myth. We drink to forget.
4720,4293,3,14,72,89,1.2247191011235956,0.0524010059162293,628,"Frankly, I feel like a fish out of water."
4721,4293,3,14,72,89,1.2247191011235956,0.0524010059162293,628,What do you mean you're out of water too?
4777,4293,4,12,73,89,1.2247191011235956,0.054783464986671616,628,"If you change me back, I promise never to drink like a fish again!"
4797,4293,5,10,74,89,1.2247191011235956,0.05706654581152649,628,Stop me if you heard this.
5787,4293,1,18,70,89,1.2247191011235956,0.047277269286691515,628,"LARGE scotch and water, please.  And hold the scotch."
7074,4293,4,12,73,89,1.2247191011235956,0.054783464986671616,628,"So I'm coming up from a deep dive, and I see this whole yellowtail rigged onto a squid with a double J-hook--I swear, it's the biggest piece of bait...."
5891,4293,1,18,70,89,1.2247191011235956,0.047277269286691515,628,It turns out I was not not such a big fish after all!
6047,4293,3,14,72,89,1.2247191011235956,0.0524010059162293,628,...and you serve like a bald guy.
7967,4293,3,14,72,89,1.2247191011235956,0.0524010059162293,628,You idiot!  I'm supposed to drink like a fish!
6842,4293,2,16,71,89,1.2247191011235956,0.04990493769277266,628,Water. Keep it comin'. And you got any peanuts back there?
6905,4293,3,14,72,89,1.2247191011235956,0.0524010059162293,628,I'd like it sparkling please.
6947,4293,2,16,71,89,1.2247191011235956,0.04990493769277266,628,"Don't take this the wrong way...
but you have a uniquely oblique-shaped head."
7057,4293,2,16,71,89,1.2247191011235956,0.04990493769277266,628,Well how did you expect me to drink?
7839,4293,4,12,73,89,1.2247191011235956,0.054783464986671616,628,Just seltzer for me—I’m the designated diver.
7811,4293,4,12,73,89,1.2247191011235956,0.054783464986671616,628,"Then right before she walked out on me, she told me I definitely did not need a bicycle."
7758,4293,3,14,72,89,1.2247191011235956,0.0524010059162293,628,"In fact, I do drink like one."
6813,4293,3,14,72,89,1.2247191011235956,0.0524010059162293,628,"For the last time, I ordered the fish bowl."
7579,4293,3,14,72,89,1.2247191011235956,0.0524010059162293,628,"You know, at home I really feel like a fish outta water"
7407,4293,3,14,72,89,1.2247191011235956,0.0524010059162293,628,"Next round, make it a Harvey Walleyebanger."
7400,4293,3,14,72,89,1.2247191011235956,0.0524010059162293,628,Hope you're ready for a long night. I'm going to drink like *me*.
7328,4293,4,12,73,89,1.2247191011235956,0.054783464986671616,628,"If I wanted a sea breeze, I would have stayed home.”"
7247,4293,2,16,71,89,1.2247191011235956,0.04990493769277266,628,"Hey buddy, you don't have to tell me I look a little green around the gills!"
7203,4293,2,16,71,89,1.2247191011235956,0.04990493769277266,628,I wasn't the only fish in the sea.
7144,4293,0,20,69,89,1.2247191011235956,0.04449469155183759,628,Gimme a Salt-Water on the Rocks.
7142,4293,3,14,72,89,1.2247191011235956,0.0524010059162293,628,"C'MON, just one more for the ocean."
3722,4293,4,12,73,89,1.2247191011235956,0.054783464986671616,628,"Yeah, I know I drink like a fish, that’s why I’m the only one left."
7467,4293,3,14,72,89,1.2247191011235956,0.0524010059162293,628,"Look, one day I was Charlie Tuna.  Now I'm just a fish out of water."
6797,4293,4,12,73,89,1.2247191011235956,0.054783464986671616,628,Don’t forget the salt on the rim.
6769,4293,3,14,72,89,1.2247191011235956,0.0524010059162293,628,Just add a splash of water
6697,4293,2,16,71,89,1.2247191011235956,0.04990493769277266,628,"So are you saying I eat, think and vote like one?"
6056,4293,2,16,71,89,1.2247191011235956,0.04990493769277266,628,"So the next time you think about telling someone they’re stewed to the gills, think again."
6069,4293,3,14,72,89,1.2247191011235956,0.0524010059162293,628,How many surrealists does it take to change a lightbulb?
6076,4293,3,14,72,89,1.2247191011235956,0.0524010059162293,628,"Well, if wishes were fishes… I think you know where this is going."
6120,4293,3,14,72,89,1.2247191011235956,0.0524010059162293,628,Neil Shubin owes me
6150,4293,3,14,72,89,1.2247191011235956,0.0524010059162293,628,"Let me guess, and you drink like a human?"
6221,4293,2,16,71,89,1.2247191011235956,0.04990493769277266,628,"Scotch and soda, no wisecracks, and we'll get along swimmingly."
6225,4293,2,16,71,89,1.2247191011235956,0.04990493769277266,628,I will not be driving tonight.
6259,4293,2,16,71,89,1.2247191011235956,0.04990493769277266,628,Don't give me that look; what were you expecting?
6423,4293,2,16,71,89,1.2247191011235956,0.04990493769277266,628,"Nah, I'm quitting running with the school, gonna settle down and spawn"""
6433,4293,2,16,71,89,1.2247191011235956,0.04990493769277266,628,"I wouldn't trust a fish out of water who doesn't drink, would  you?"
6436,4293,2,16,71,89,1.2247191011235956,0.04990493769277266,628,Sex on the Beach makes being a fish out of water more tolerable.
6463,4293,1,18,70,89,1.2247191011235956,0.047277269286691515,628,"... and ""drink like a fish"" doesn't sound odd?!"
6500,4293,3,14,72,89,1.2247191011235956,0.0524010059162293,628,What should I drink like? A giraffe?
6503,4293,0,20,69,89,1.2247191011235956,0.04449469155183759,628,"I don't want white wine. Just a very, very large glass of water"
6523,4293,3,14,72,89,1.2247191011235956,0.0524010059162293,628,"You’re out of your element, Donny!"
6554,4293,5,10,74,89,1.2247191011235956,0.05706654581152649,628,"You were recommended by a guy I know who is known to ""drink like a fish"", but I don't see what the fuss was all about."
6627,4293,3,14,72,89,1.2247191011235956,0.0524010059162293,628,Maybe YOU drink like a fish.
6659,4293,2,16,71,89,1.2247191011235956,0.04990493769277266,628,Do you mind if I just have water?
6682,4293,1,18,70,89,1.2247191011235956,0.047277269286691515,628,"Have you ever been swimming with the fishes, pal?"
5985,4293,2,16,71,89,1.2247191011235956,0.04990493769277266,628,Your stools are slippery.
6816,4293,3,14,72,89,1.2247191011235956,0.0524010059162293,628,I've heard my reputation precedes me.
3616,4293,3,14,72,89,1.2247191011235956,0.0524010059162293,628,I need another—I’m out of water.
3464,4293,2,16,71,89,1.2247191011235956,0.04990493769277266,628,"Actually, the genie in your bathroom got it right."
912,4293,3,14,72,89,1.2247191011235956,0.0524010059162293,628,I drink like a what? Come over here and say that!
985,4293,2,16,71,89,1.2247191011235956,0.04990493769277266,628,"What, you've never seen anyone drink like a fish?"
1301,4293,4,12,73,89,1.2247191011235956,0.054783464986671616,628,"The one thing I don't have to worry about is ""drunk-dialing""."
1308,4293,4,12,73,89,1.2247191011235956,0.054783464986671616,628,Do you believe me now? Fish do not drink water!
1360,4293,2,16,71,89,1.2247191011235956,0.04990493769277266,628,I need a shot of evolution on the rocks.
1403,4293,1,18,70,89,1.2247191011235956,0.047277269286691515,628,I'll have whiskey and salt water on the side.
900,4293,4,12,73,89,1.2247191011235956,0.054783464986671616,628,"By which she meant, I’m guessing, a million other romantic partners to pick from. But it was how she said it…"
1409,4293,3,14,72,89,1.2247191011235956,0.0524010059162293,628,Ever feel like a fish out of water?
1538,4293,1,18,70,89,1.2247191011235956,0.047277269286691515,628,"One extra dry vodka martini, shaken, not stirred."
1542,4293,4,12,73,89,1.2247191011235956,0.054783464986671616,628,Something salty
1579,4293,3,14,72,89,1.2247191011235956,0.0524010059162293,628,No! Truth isn’t truth. You’re the one who drinks like a fish.
1640,4293,2,16,71,89,1.2247191011235956,0.04990493769277266,628,You can keep the booze...I just need some water.
1682,4293,1,18,70,89,1.2247191011235956,0.047277269286691515,628,YOU look a fish out of water!
1720,4293,2,16,71,89,1.2247191011235956,0.04990493769277266,628,"Hey, you think this is my first time getting tanked?"
1419,4293,2,16,71,89,1.2247191011235956,0.04990493769277266,628,Got one for you..Two men walk into a bar...
886,4293,3,14,72,89,1.2247191011235956,0.0524010059162293,628,"Whatever,with a splash of sea water."
851,4293,1,18,70,89,1.2247191011235956,0.047277269286691515,628,I know what you're thinking...
773,4293,4,12,73,89,1.2247191011235956,0.054783464986671616,628,"I'd like a Vodka martini, but please make it dry!"
3719,4293,4,12,73,89,1.2247191011235956,0.054783464986671616,628,Let’s run a tab. I drink like a fish.
50,4293,4,12,73,89,1.2247191011235956,0.054783464986671616,628,"|Please, not another 'drink like a fish' crack."
66,4293,2,16,71,89,1.2247191011235956,0.04990493769277266,628,Not me; I swim in it.
114,4293,3,14,72,89,1.2247191011235956,0.0524010059162293,628,They keep telling me to get back in my lane if I want to be accepted.
160,4293,2,16,71,89,1.2247191011235956,0.04990493769277266,628,I feel like a fish out of water. Gimme a drink.
226,4293,4,12,73,89,1.2247191011235956,0.054783464986671616,628,YOU drink like ME. You savvy?
232,4293,3,14,72,89,1.2247191011235956,0.0524010059162293,628,You serve drinks like a human.
444,4293,1,18,70,89,1.2247191011235956,0.047277269286691515,628,"Then she said, “There’s plenty of fish in the ocean!”  And left."
480,4293,2,16,71,89,1.2247191011235956,0.04990493769277266,628,"Like my mother always said, ""there's plenty of humans in the city""."
506,4293,1,18,70,89,1.2247191011235956,0.047277269286691515,628,I'm done. Can you call me a water taxi?
592,4293,2,16,71,89,1.2247191011235956,0.04990493769277266,628,"man, you know the real problem? political correctness"
604,4293,5,10,74,89,1.2247191011235956,0.05706654581152649,628,How else could I drink?
606,4293,1,18,70,89,1.2247191011235956,0.047277269286691515,628,Start pouring. This is how I drink......Don't be koi about it.
663,4293,3,14,72,89,1.2247191011235956,0.0524010059162293,628,I heard you got Morty got tanked last night.
762,4293,1,18,70,89,1.2247191011235956,0.047277269286691515,628,And don’t throw out the bottle until I get my worm.
1749,4293,3,14,72,89,1.2247191011235956,0.0524010059162293,628,Whadaya mean you’re cutting me off? I am far from tanked!
1763,4293,2,16,71,89,1.2247191011235956,0.04990493769277266,628,I never used to have a drinking problem.
1463,4293,4,12,73,89,1.2247191011235956,0.054783464986671616,628,One more crack about drinking like a fish and I'll shut this place down.
1799,4293,3,14,72,89,1.2247191011235956,0.0524010059162293,628,I know a good plastic surgeon.
2647,4293,3,14,72,89,1.2247191011235956,0.0524010059162293,628,"Believe me, I really don't need to hear another ""A fish comes into a bar....."" joke."
2664,4293,3,14,72,89,1.2247191011235956,0.0524010059162293,628,Everyone gets a girl but me.  Even my cousin got that mute woman.
2755,4293,2,16,71,89,1.2247191011235956,0.04990493769277266,628,"yeah, yeah, I'm sick of hearing it. Everyone tells me I drink like a human."
2765,4293,1,18,70,89,1.2247191011235956,0.047277269286691515,628,"I used to be a frog, then a princess kissed me turning me into this!"
1783,4293,4,12,73,89,1.2247191011235956,0.054783464986671616,628,....and now let me tell you about the one that got away!
2822,4293,1,18,70,89,1.2247191011235956,0.047277269286691515,628,"A shot of worms, please.  Hold the mezcal."
2845,4293,5,10,74,89,1.2247191011235956,0.05706654581152649,628,"So get this. I threw this gal a line, but she said I was too dry..."
2616,4293,4,12,73,89,1.2247191011235956,0.054783464986671616,628,Did I tell you the one about the lobster. the clam and the butter?
2853,4293,1,18,70,89,1.2247191011235956,0.047277269286691515,628,I feel like I'm out of water.
3064,4293,1,18,70,89,1.2247191011235956,0.047277269286691515,628,Doncha dare say it!
3153,4293,5,10,74,89,1.2247191011235956,0.05706654581152649,628,I'm not lying. I'll pay my tab as soon as I get the treasure chest that scuba man is guarding.
3292,4293,4,12,73,89,1.2247191011235956,0.054783464986671616,628,"Hit me again. My home and body are already polluted, so there should be no issue with my becoming intoxicated."""
3304,4293,2,16,71,89,1.2247191011235956,0.04990493769277266,628,"Oh well, plenty more humans on the land, right?"
3314,4293,1,18,70,89,1.2247191011235956,0.047277269286691515,628,Take it from me--don't get in a hurry to upscale.
3354,4293,1,18,70,89,1.2247191011235956,0.047277269286691515,628,I KNOW IT SOUNDS LIKE I'M TALKING OUT OF SCHOOL.
3364,4293,3,14,72,89,1.2247191011235956,0.0524010059162293,628,I NEED this. Litterally. I'll die if I stop drinking.
2911,4293,3,14,72,89,1.2247191011235956,0.0524010059162293,628,What do you mean you’re cutting me off? I only remember having the one drink!
2615,4293,3,14,72,89,1.2247191011235956,0.0524010059162293,628,Just say something nice
2774,4293,2,16,71,89,1.2247191011235956,0.04990493769277266,628,"Scotch on the rocks. I’ve been feeling a bit under the water, lately."
2533,4293,3,14,72,89,1.2247191011235956,0.0524010059162293,628,Laid. Not filleted.
1824,4293,3,14,72,89,1.2247191011235956,0.0524010059162293,628,Better not be any vermouth in these!
2568,4293,3,14,72,89,1.2247191011235956,0.0524010059162293,628,"No, I'm not out of water. Scotch neat, please."
1921,4293,2,16,71,89,1.2247191011235956,0.04990493769277266,628,Have you heard the one about the rabbi and the frog?
1945,4293,2,16,71,89,1.2247191011235956,0.04990493769277266,628,The one with the worm in the bottle.
2100,4293,2,16,71,89,1.2247191011235956,0.04990493769277266,628,"I'm out of water, so give me a tall one, please."
2157,4293,3,14,72,89,1.2247191011235956,0.0524010059162293,628,"Carpe Drink'em Buddy, another round."
2174,4293,2,16,71,89,1.2247191011235956,0.04990493769277266,628,"Annnnd I’ll tell ya another thing, :hiccup: , Aquaman is verrrrry unrealistic."
2204,4293,2,16,71,89,1.2247191011235956,0.04990493769277266,628,"I'll never fin in here, will I ?"
1892,4293,3,14,72,89,1.2247191011235956,0.0524010059162293,628,"I'll go back to my lake once Fish Fry Friday is over, buddy."
2325,4293,3,14,72,89,1.2247191011235956,0.0524010059162293,628,"So...there I was flip-flopping from one career to another, and I just thought to myself, ""What am I thinking?"""
2334,4293,4,12,73,89,1.2247191011235956,0.054783464986671616,628,"How about this one? A rabbi, a priest, and a halibut walk into a bar. . . ."
2437,4293,5,10,74,89,1.2247191011235956,0.05706654581152649,628,"Drink like a fish? Wow, I've never heard that before"
2493,4293,1,18,70,89,1.2247191011235956,0.047277269286691515,628,"I'm not a Wahoo, but I still drink like a fish!"
2530,4293,4,12,73,89,1.2247191011235956,0.054783464986671616,628,Something with bubbles
2220,4293,2,16,71,89,1.2247191011235956,0.04990493769277266,628,"Look, I can't help it that I'm not a gorilla."
3774,4456,3,16,79,98,1.2244897959183674,0.049254087406169565,628,Luca Brazzi slept with a lot of fishes.
6003,4456,5,12,81,98,1.2244897959183674,0.053354962259045804,628,"JD and water, and not that water from the ocean!!!"
6795,4456,3,16,79,98,1.2244897959183674,0.049254087406169565,628,These shots taste fishy. Are you sure this is organic tequila?
846,4456,5,12,81,98,1.2244897959183674,0.053354962259045804,628,"Don't act so surprised, cutie.  My reputation precedes me."
2398,4460,1,17,67,85,1.223529411764706,0.048439140215612964,628,"Scotch and water, Joe. A large tank of water."
5565,4461,4,13,77,94,1.2234042553191489,0.052731943044405004,628,I can tell when its been watered down.
6956,4461,3,15,76,94,1.2234042553191489,0.05051610849850969,628,What do you mean I'm tanked to the gills?
4774,4461,2,17,75,94,1.2234042553191489,0.04819851261634567,628,"So, I sez to her, I sez, 'Yeah, well you go find that other fish in the sea!'"
4666,4461,2,17,75,94,1.2234042553191489,0.04819851261634567,628,You could say I'm hooked on Amaro.
4072,4461,4,13,77,94,1.2234042553191489,0.052731943044405004,628,"Glenlivet 12, no ice"
4051,4461,4,13,77,94,1.2234042553191489,0.052731943044405004,628,I'll have another. And keep your similes to yourself.
2179,4461,3,15,76,94,1.2234042553191489,0.05051610849850969,628,You need more regulars who drink like I do
2168,4461,5,11,78,94,1.2234042553191489,0.0548583486503517,628,"Her name was Dora, she was the b- ah forget it, leggy. You wouldn't understand"
1531,4461,3,15,76,94,1.2234042553191489,0.05051610849850969,628,"Say it again, Barkeep, and see what happens."
7881,4461,5,11,78,94,1.2234042553191489,0.0548583486503517,628,This stuff is weak compared to what’s in my tank. (Buuuuurrrrppppp).
7130,4461,3,15,76,94,1.2234042553191489,0.05051610849850969,628,How should I drink!?
5735,4461,4,13,77,94,1.2234042553191489,0.052731943044405004,628,Of course I drink like a fish. Whad'ya explect.?
5266,4461,2,17,75,94,1.2234042553191489,0.04819851261634567,628,"Trust me pal, I’ve had a lifetime of water!"
542,4461,4,13,77,94,1.2234042553191489,0.052731943044405004,628,"I'll take 3,000 waters."
7505,4475,3,14,73,90,1.2222222222222223,0.05187562620058012,628,"Just for the halibut,don't you scale back me on. I've brought us what like seems like fishy business,but people have bought it hook line and sinker!"
4684,4475,3,14,73,90,1.2222222222222223,0.05187562620058012,628,"They lured me in with a big, fat nightcrawler. Turns out it was just a bait 'n switch."
4808,4475,3,14,73,90,1.2222222222222223,0.05187562620058012,628,No jokes about drinking like a fish...
4811,4475,4,12,74,90,1.2222222222222223,0.054228852872245444,628,Now that’s a whale of a tale!
4825,4475,3,14,73,90,1.2222222222222223,0.05187562620058012,628,Nobody drinks like me.
4830,4475,2,16,72,90,1.2222222222222223,0.04941045135965656,628,"That's what I keep telling you people, I don't ""drink like a fish"", I am a fish!"
4840,4475,3,14,73,90,1.2222222222222223,0.05187562620058012,628,"Yes, that's right -- I don't want my drink watered down."
4845,4475,3,14,73,90,1.2222222222222223,0.05187562620058012,628,"I'll have a large tank of vodka, light on the bubbles, with a twist of seaweed and a tiny diver."
4643,4475,3,14,73,90,1.2222222222222223,0.05187562620058012,628,How about one more for the seven seas.
4919,4475,3,14,73,90,1.2222222222222223,0.05187562620058012,628,Thie guy was THIS BIG.
4944,4475,3,14,73,90,1.2222222222222223,0.05187562620058012,628,"Well, he tried to swallow me first."
4971,4475,4,14,81,99,1.2222222222222223,0.050874754873893785,628,"Well, of course I drink like a fish!  What else did you expect?"""
4995,4475,1,18,71,90,1.2222222222222223,0.04681564710038363,628,"No, nothing for me, thanks."
4996,4475,4,12,74,90,1.2222222222222223,0.054228852872245444,628,They’re for hydration
5151,4475,3,14,73,90,1.2222222222222223,0.05187562620058012,628,"So I told her, ""I drink like a fish because I am a fish!"""
5191,4475,4,12,74,90,1.2222222222222223,0.054228852872245444,628,Keep bringing me fetid aquarium water 'til I'm belly up on the floor!
5192,4475,5,10,75,90,1.2222222222222223,0.05648412497310171,628,I suppose you think I drink like a fish.
4931,4475,2,16,72,90,1.2222222222222223,0.04941045135965656,628,Make it a double. My business is under water.
4565,4475,3,14,73,90,1.2222222222222223,0.05187562620058012,628,This bar is a real dive
4530,4475,3,14,73,90,1.2222222222222223,0.05187562620058012,628,"My audition was 10 times as good as that clown fish prick's, but he had that little fin and they gave him the part on sympathy."
4523,4475,3,14,73,90,1.2222222222222223,0.05187562620058012,628,My friends say I drink like a human!
3443,4475,4,12,74,90,1.2222222222222223,0.054228852872245444,628,You can’t  be out of water.
3692,4475,3,14,73,90,1.2222222222222223,0.05187562620058012,628,"I swam upstream, I drink like a fish...but...I'm not swimming with the fish! Not yet!"
3693,4475,1,18,71,90,1.2222222222222223,0.04681564710038363,628,Do I look like a metaphor?
3786,4475,0,20,70,90,1.2222222222222223,0.04406832108545015,628,"Aww come on Joe, just one more for up the river."
3810,4475,2,16,72,90,1.2222222222222223,0.04941045135965656,628,"Bartender, I am feeling a little green around the gills. How about a Shark Tank and keep tapping on the glass."
3813,4475,1,18,71,90,1.2222222222222223,0.04681564710038363,628,This is the third time this week I've been stewed to the gills.
3878,4475,2,16,72,90,1.2222222222222223,0.04941045135965656,628,"On a day like yesterday, one drink would have been enough."
3879,4475,3,14,73,90,1.2222222222222223,0.05187562620058012,628,Suddenly bartender Ralph realized where the term came from....
3941,4475,5,10,75,90,1.2222222222222223,0.05648412497310171,628,"Get used to it, Sam.....you may be the only source of potable water available to us now that Trump's EPA is in charge!"
4044,4475,1,18,71,90,1.2222222222222223,0.04681564710038363,628,"It’s not true, but now there is no truth."
4106,4475,2,16,72,90,1.2222222222222223,0.04941045135965656,628,We have the same hair style. Who's your barber?
4164,4475,5,10,75,90,1.2222222222222223,0.05648412497310171,628,-Any orcas phone numbers?
4222,4475,5,12,82,99,1.2222222222222223,0.05286193097839597,628,I demand a straw for my drink!
4311,4475,5,10,75,90,1.2222222222222223,0.05648412497310171,628,"Don't tell me you're not watering down the booze, I''m breathing and drinking at the same time, dumb ass !"
4371,4475,3,14,73,90,1.2222222222222223,0.05187562620058012,628,No .. I never use a bathroom.
4397,4475,1,14,57,72,1.2222222222222223,0.053156331218399966,628,"Drink like a fish? You're damn right buddy, so keep em coming."
4479,4475,2,16,72,90,1.2222222222222223,0.04941045135965656,628,Give me a tequila with the worm.
5324,4475,4,12,74,90,1.2222222222222223,0.054228852872245444,628,4 more of these and I become a mermaid.
3375,4475,3,14,73,90,1.2222222222222223,0.05187562620058012,628,Hair of the walrus.
5331,4475,1,18,71,90,1.2222222222222223,0.04681564710038363,628,"I'll have tequila with the worm, please."
5433,4475,4,12,74,90,1.2222222222222223,0.054228852872245444,628,"I'm a fish out of water,and I'm as dry as the sands of Timbuktu."
7153,4475,3,14,73,90,1.2222222222222223,0.05187562620058012,628,One Mickey Finn and I can sleep with the fishes any time I want.
7170,4475,1,18,71,90,1.2222222222222223,0.04681564710038363,628,"Damnedest thing, I say. There I was, all comfy in the swamp and then, poof, some knucklehead drained it."
7332,4475,4,12,74,90,1.2222222222222223,0.054228852872245444,628,"So we're agreed...No more goldfish, just pretzels and peanuts from now on!"
7372,4475,1,18,71,90,1.2222222222222223,0.04681564710038363,628,The fresh water fish have it all wrong! SALT fixes everything!
7479,4475,2,16,72,90,1.2222222222222223,0.04941045135965656,628,"So you'll give a man a fish, but you wont't give a fish another drink?"
8048,4475,3,14,73,90,1.2222222222222223,0.05187562620058012,628,"Bartender, could you hook me up with another glass of bubbly?"
8000,4475,1,18,71,90,1.2222222222222223,0.04681564710038363,628,My idiot boss is making me take time off. Said I need to dry out.
7119,4475,3,14,73,90,1.2222222222222223,0.05187562620058012,628,"Hit me again, Joe. It's the first day of school."
7943,4475,4,12,74,90,1.2222222222222223,0.054228852872245444,628,A glass of your finest water.
7882,4475,5,10,75,90,1.2222222222222223,0.05648412497310171,628,"A monkfish, an angel shark and a jewfish walk into a bar..."
7795,4475,0,20,70,90,1.2222222222222223,0.04406832108545015,628,Can you believe my ex-wife got Sole custody because she told the judge that I drink like a fish?
7732,4475,4,12,74,90,1.2222222222222223,0.054228852872245444,628,"There are no red fish; there ares no blue fish; there's only the United Fi . . . Ahhh, whatever!"
7716,4475,3,14,73,90,1.2222222222222223,0.05187562620058012,628,Tonight I'm  going to drink like a human.
7267,4475,3,14,73,90,1.2222222222222223,0.05187562620058012,628,"Hey, I'm not 'drowning in' anything, buddy."
7697,4475,4,12,74,90,1.2222222222222223,0.054228852872245444,628,"'Though I'm sometimes called ""full-figured"", I do prefer
the word svelte."
7635,4475,1,18,71,90,1.2222222222222223,0.04681564710038363,628,"Yes, Bob - in case you’re wondering, it IS offensive."
7893,4475,2,16,72,90,1.2222222222222223,0.04941045135965656,628,Gimme a fish out of water - on the rocks
7023,4475,3,14,73,90,1.2222222222222223,0.05187562620058012,628,My wife’s an old trout.
6890,4475,4,12,74,90,1.2222222222222223,0.054228852872245444,628,DOUBLE GRASSHOPPER
6734,4475,2,16,72,90,1.2222222222222223,0.04941045135965656,628,"Well, if you spot me, we can see if the old adage is true!"
5546,4475,2,16,72,90,1.2222222222222223,0.04941045135965656,628,How the hell else?!
5649,4475,3,14,73,90,1.2222222222222223,0.05187562620058012,628,Wait’ll you meet my sister!
5662,4475,3,14,73,90,1.2222222222222223,0.05187562620058012,628,"Remember that joke about a fish walking into bar"" said the fish. Bartender stares in amazement ""I guess we're about to find out"
5730,4475,3,14,73,90,1.2222222222222223,0.05187562620058012,628,This is how a fish drinks.
5813,4475,2,16,72,90,1.2222222222222223,0.04941045135965656,628,"""Yeah, no way I get a dry martini back home."
5874,4475,3,14,73,90,1.2222222222222223,0.05187562620058012,628,Drinking Like a Fish
5895,4475,2,16,72,90,1.2222222222222223,0.04941045135965656,628,Happy day my eye. She ate every one that looked like me.
5898,4475,4,12,74,90,1.2222222222222223,0.054228852872245444,628,Scotch and water.  Light on the water.
5954,4475,3,14,73,90,1.2222222222222223,0.05187562620058012,628,Don't say a word.
5983,4475,4,12,74,90,1.2222222222222223,0.054228852872245444,628,I was suppose to star in SPLASH
6244,4475,3,14,73,90,1.2222222222222223,0.05187562620058012,628,Is that a land urchin on your face?
6329,4475,3,14,73,90,1.2222222222222223,0.05187562620058012,628,NO-I don't drink water--people swim in it.
6345,4475,3,14,73,90,1.2222222222222223,0.05187562620058012,628,How come my drinks are always watered down?
6353,4475,2,16,72,90,1.2222222222222223,0.04941045135965656,628,"(sigh) ""Ichthyologists keep denying I exist."""
6460,4475,4,12,74,90,1.2222222222222223,0.054228852872245444,628,Barkeep where is my shot? I asked for it 3 seconds ago.
6467,4475,3,14,73,90,1.2222222222222223,0.05187562620058012,628,You're in for a long night. I drink like a fish.
6715,4475,1,18,71,90,1.2222222222222223,0.04681564710038363,628,How would you like to always be the 'One that Got Away?'
5372,4475,3,14,73,90,1.2222222222222223,0.05187562620058012,628,"Carpe Diem, of course, I want water with it"
3372,4475,3,14,73,90,1.2222222222222223,0.05187562620058012,628,no scotch just water.
1156,4475,4,12,74,90,1.2222222222222223,0.054228852872245444,628,"Actually, I like my martinis dry."
3257,4475,2,16,72,90,1.2222222222222223,0.04941045135965656,628,"well DUH,i am a fish"
1913,4475,1,18,71,90,1.2222222222222223,0.04681564710038363,628,"If my mate calls, tell her I'm not here."
1886,4475,2,16,72,90,1.2222222222222223,0.04941045135965656,628,They call me Tondelayo....
1873,4475,2,16,72,90,1.2222222222222223,0.04941045135965656,628,I am not tanked to the gills!
1765,4475,4,12,74,90,1.2222222222222223,0.054228852872245444,628,Un ceviche con tequila. Por favor
1748,4475,3,14,73,90,1.2222222222222223,0.05187562620058012,628,"What kind of joke is that? No, I don’t want a straw."
1659,4475,3,14,73,90,1.2222222222222223,0.05187562620058012,628,...and then she has the gall to say I drink like a fish...
1635,4475,1,18,71,90,1.2222222222222223,0.04681564710038363,628,I said ...Water with a drop of Scotch
1486,4475,4,12,74,90,1.2222222222222223,0.054228852872245444,628,Did you expect me to drink like a kitten?
1466,4475,3,14,73,90,1.2222222222222223,0.05187562620058012,628,I’ll drink the way I want to drink!
1303,4475,1,18,71,90,1.2222222222222223,0.04681564710038363,628,"Boy do I need a drink, I feel like a fish out of water."
1287,4475,4,12,74,90,1.2222222222222223,0.054228852872245444,628,"What?!  She was fishing for a compliment, so I told her she drinks like one! Oh well, more for me!"
1280,4475,1,18,71,90,1.2222222222222223,0.04681564710038363,628,"You'd drink too, if you knew you were all washed up!"
1264,4475,3,14,73,90,1.2222222222222223,0.05187562620058012,628,"I swear, she looked just like a mermaid!"
1208,4475,2,16,72,90,1.2222222222222223,0.04941045135965656,628,Give me a Global Warming on the rocks with a twist.
1111,4475,4,12,74,90,1.2222222222222223,0.054228852872245444,628,"You're G. Gordon Liddy? Yeah, right, and I'm Nemo the Clownfish."
1043,4475,6,8,76,90,1.2222222222222223,0.05865274302293372,628,I'm dying for an ice cold glass of plastic
937,4475,3,14,73,90,1.2222222222222223,0.05187562620058012,628,Say 'I bet you drink like a fish' one more time!
842,4475,3,14,73,90,1.2222222222222223,0.05187562620058012,628,"I planned to be a lawyer, but I couldn't pass the bar"
766,4475,2,16,72,90,1.2222222222222223,0.04941045135965656,628,One more for the pond
764,4475,3,14,73,90,1.2222222222222223,0.05187562620058012,628,"So, I said to the guy, 'Listen pal, I know you think you can drink like a fish, but look who you're talking to!'"
755,4475,3,14,73,90,1.2222222222222223,0.05187562620058012,628,So I swiped right
716,4475,4,12,74,90,1.2222222222222223,0.054228852872245444,628,"A bottle of tequila and don't be stingy with the worm, pal."
678,4475,3,14,73,90,1.2222222222222223,0.05187562620058012,628,"Oh yeah!? Well you've had enough air!"""
317,4475,6,8,76,90,1.2222222222222223,0.05865274302293372,628,"After the ocean and the spawning grounds, this is my third place."
305,4475,2,16,72,90,1.2222222222222223,0.04941045135965656,628,"For the last time. He pronounces it ""sal-MARN"" not ""sam-uh n""!"
287,4475,2,16,72,90,1.2222222222222223,0.04941045135965656,628,I'll take a large vat of distilled water...and make it neat.
99,4475,4,12,74,90,1.2222222222222223,0.054228852872245444,628,What do you mean I can't hold my liquor?
70,4475,4,12,74,90,1.2222222222222223,0.054228852872245444,628,"Listen, Gil, the size of your drinks aren't up to scale."
27,4475,2,16,72,90,1.2222222222222223,0.04941045135965656,628,I came from a small pond.
1923,4475,3,14,73,90,1.2222222222222223,0.05187562620058012,628,"Ever since I got out of water, drinking has become a necessity for me!"
1974,4475,2,16,72,90,1.2222222222222223,0.04941045135965656,628,When the Acid Kicks In...
236,4475,2,16,72,90,1.2222222222222223,0.04941045135965656,628,Could I get a really big glass of water?
2050,4475,2,16,72,90,1.2222222222222223,0.04941045135965656,628,"You think you can drink like a fish? Buddy, I am a fish!”"
1978,4475,4,12,74,90,1.2222222222222223,0.054228852872245444,628,"""You can't shut me off, I've got a right to drink like a fish!"
3247,4475,2,16,72,90,1.2222222222222223,0.04941045135965656,628,"You get a little too tipsy, then one flush later you're wandering the sewers."
3241,4475,2,16,72,90,1.2222222222222223,0.04941045135965656,628,"Drink like a fish"" IS a microagression, pal"
3233,4475,4,12,74,90,1.2222222222222223,0.054228852872245444,628,Then she says: You drink like a fish! Then pooof!
3205,4475,4,12,74,90,1.2222222222222223,0.054228852872245444,628,"She was such a cold fish, man, she wouldn't even talk to me when I said hello."
3356,4475,3,14,73,90,1.2222222222222223,0.05187562620058012,628,It was a rough first day back at school. I feel like a fish out of water.
3162,4475,3,14,73,90,1.2222222222222223,0.05187562620058012,628,You just keep the drinks coming!!  I'm pretty sure I know what being 'Sloshed' feels like and I AIN'T THERE!!!
3036,4475,3,14,73,90,1.2222222222222223,0.05187562620058012,628,Donn't shay it... (hic)... Don't you shay it!
3014,4475,4,12,74,90,1.2222222222222223,0.054228852872245444,628,What gives? I heard this was a wet bar.
2966,4475,3,14,73,90,1.2222222222222223,0.05187562620058012,628,Do not say one word about how I drink like a fish .
2924,4475,4,12,74,90,1.2222222222222223,0.054228852872245444,628,There was something fishy about that last drink.
2864,4475,4,12,74,90,1.2222222222222223,0.054228852872245444,628,"A martini, wet."
2833,4475,4,12,74,90,1.2222222222222223,0.054228852872245444,628,Whatever will get me tanked the fastest.
2758,4475,1,18,71,90,1.2222222222222223,0.04681564710038363,628,NO. I said just like the last one....
2749,4475,2,16,72,90,1.2222222222222223,0.04941045135965656,628,Drinking like a fish makes me your best customer
3084,4475,2,16,72,90,1.2222222222222223,0.04941045135965656,628,"So a carp, trout and salmon walk into a bar”"
2726,4475,1,18,71,90,1.2222222222222223,0.04681564710038363,628,I only drink Mezcal for the worm okay!
2109,4475,1,18,71,90,1.2222222222222223,0.04681564710038363,628,So these 2 priests walk into a sushi bar....
2110,4475,0,20,70,90,1.2222222222222223,0.04406832108545015,628,On a scale of 1 to 10 that mustache is definitely a 10.
2146,4475,4,12,74,90,1.2222222222222223,0.054228852872245444,628,"Gimme a Fish Bowl ASAP, hold the ice"
2065,4475,1,18,71,90,1.2222222222222223,0.04681564710038363,628,The all-liquid diet just wasn't for me.
2381,4475,4,12,74,90,1.2222222222222223,0.054228852872245444,628,The just let me out of the drunk tank.
2474,4475,5,10,75,90,1.2222222222222223,0.05648412497310171,628,I just want to taste something besides my own pee.
2362,4475,3,14,73,90,1.2222222222222223,0.05187562620058012,628,I had better quit know. I'm drinking like a fish.
2476,4475,2,16,72,90,1.2222222222222223,0.04941045135965656,628,"And so I says to the guy, don't come cryin' to me when they scrap the DCEU."
2514,4475,3,14,73,90,1.2222222222222223,0.05187562620058012,628,"A double martini, and 3 pitchers of water!"
2631,4475,4,12,74,90,1.2222222222222223,0.054228852872245444,628,Sweet veins dude. You're lookin' fucken vascular bro. Anyway I cant pay for these cause I'm a fish
2637,4475,5,10,75,90,1.2222222222222223,0.05648412497310171,628,"You know, asking me about my drivers license is edging into pescaphobia"
2674,4475,5,10,75,90,1.2222222222222223,0.05648412497310171,628,"We don’t all have drinking problems, sir."
2689,4475,3,14,73,90,1.2222222222222223,0.05187562620058012,628,Please don't worry.  We're just a steakhouse.
3336,4621,3,15,77,95,1.2210526315789474,0.050036822652392024,628,I am gonna drink like myself.
277,4621,4,13,78,95,1.2210526315789474,0.0522268875856145,628,"Listen fella, only one of us is allowed to be out of water."
883,4621,6,9,80,95,1.2210526315789474,0.05635225033969255,628,You wanna see 'drink like a fish?' I'LL show you 'drink like a fish!'
1511,4621,3,15,77,95,1.2210526315789474,0.050036822652392024,628,I’m here to show you how.
2650,4621,2,17,76,95,1.2210526315789474,0.047746407774967206,628,Make it another natural selection.
2798,4621,3,15,77,95,1.2210526315789474,0.050036822652392024,628,DO YOU HAVE VEGAN VODKA ?
198,4621,2,17,76,95,1.2210526315789474,0.047746407774967206,628,"An extra wet martini, bartender."
4115,4621,3,15,77,95,1.2210526315789474,0.050036822652392024,628,"Ya, and you bartend like a bald-headed guy with a mustache"
103,4621,4,13,78,95,1.2210526315789474,0.0522268875856145,628,"Can't you see, I'm a fish out of water?"
4796,4621,2,17,76,95,1.2210526315789474,0.047746407774967206,628,Did you hear the one about a fish out of water who walked into a bar?
5367,4621,4,13,78,95,1.2210526315789474,0.0522268875856145,628,"Lots of good fish in the sea, you say?"
5732,4621,1,19,75,95,1.2210526315789474,0.04534043768734446,628,"Hey, Bub, you're a little skimpy with those Tequila worms!"
6456,4621,3,15,77,95,1.2210526315789474,0.050036822652392024,628,Call me an odd fish if you like but I don't drink that often.
53,4621,1,19,75,95,1.2210526315789474,0.04534043768734446,628,"Yeah, I spent my whole damn life working the docks."
4260,4621,3,15,77,95,1.2210526315789474,0.050036822652392024,628,I heard you serve goldfish at the bar.
7559,4636,1,17,68,86,1.2209302325581395,0.04794308866997278,628,Please not another fish tale.
4670,4637,5,12,83,100,1.22,0.05237780391954538,628,"I'm looking ""a little green behind the gills""?! You don't get to say that! That's OUR word."""
3437,4638,2,16,73,91,1.2197802197802199,0.048925444269784596,628,Hey! Only I can say that.
3235,4638,2,16,73,91,1.2197802197802199,0.048925444269784596,628,"...so then, guess what my brother-in-law tells me... 'go fish'...I mean, you can't make this stuff up!"
6988,4638,2,16,73,91,1.2197802197802199,0.048925444269784596,628,"Yeah, yeah, yeah. I know. I drink like a fish."
3823,4638,3,14,74,91,1.2197802197802199,0.05136048423833291,628,"Sweetheart, I’ll tell you when I’m like a fish!"
7269,4638,2,16,73,91,1.2197802197802199,0.048925444269784596,628,"How would you like to be constantly body shamed?"""
7204,4638,5,10,76,91,1.2197802197802199,0.05591332425814558,628,"Hey, fish have got to drink too."
2952,4638,2,16,73,91,1.2197802197802199,0.048925444269784596,628,"You better keep 'em coming, because I'm getting drunk as a skunk tonight."
6764,4638,4,12,75,91,1.2197802197802199,0.05368518962801833,628,I'm here to drink like a fish out of water.
6533,4638,4,12,75,91,1.2197802197802199,0.05368518962801833,628,'barcade is a big pond'
6139,4638,4,12,75,91,1.2197802197802199,0.05368518962801833,628,Yes I do. And I always will.
3820,4638,4,12,75,91,1.2197802197802199,0.05368518962801833,628,Why the fat face?
5890,4638,3,14,74,91,1.2197802197802199,0.05136048423833291,628,What if I do drink like a fish
5128,4638,1,18,72,91,1.2197802197802199,0.0463626881532505,628,Just pass the bottle of Old Pond Water
4224,4638,2,16,73,91,1.2197802197802199,0.048925444269784596,628,"So, a man swims into an aquarium, and the shark says ""...…."
4189,4638,2,16,73,91,1.2197802197802199,0.048925444269784596,628,Tinder sucks.
4156,4638,3,14,74,91,1.2197802197802199,0.05136048423833291,628,"A Rabbi, a Priest, and Cod walk into a bar."
4101,4638,2,16,73,91,1.2197802197802199,0.048925444269784596,628,.....keep them coming. I’v Been feeling like a fish out of water all day!
4082,4638,2,16,73,91,1.2197802197802199,0.048925444269784596,628,And a salt water back.
5531,4638,3,14,74,91,1.2197802197802199,0.05136048423833291,628,I’m drinking AS a fish.
2759,4638,3,14,74,91,1.2197802197802199,0.05136048423833291,628,"I’ll have a beer and an order of human and chips, please"
7491,4638,3,14,74,91,1.2197802197802199,0.05136048423833291,628,"Listen, buddy, I've got reasons for drinking like a fish."
1563,4638,4,12,75,91,1.2197802197802199,0.05368518962801833,628,"Yeah, I walked in here with a lobster and a dolphin.  What of it"
1380,4638,1,18,72,91,1.2197802197802199,0.0463626881532505,628,I figure if I'm going to drink like one ...
837,4638,4,12,75,91,1.2197802197802199,0.05368518962801833,628,"My wife says I drink like a fish. Like, I AM a fish."
373,4638,3,14,74,91,1.2197802197802199,0.05136048423833291,628,"Whaddaya mean, don't be koi with me?"
7432,4638,4,12,75,91,1.2197802197802199,0.05368518962801833,628,So I drink like a fish. What's your problem?!
2701,4638,3,14,74,91,1.2197802197802199,0.05136048423833291,628,"You can skip the whiskey, just water back."
5769,4665,5,11,80,96,1.21875,0.053809127005767406,628,When you're the big fish you can never stop worrying about somebody flipping.
2819,4665,2,17,77,96,1.21875,0.04730250957698441,628,"Yeah, yeah, I drink like a fish."
1029,4665,3,15,78,96,1.21875,0.04956637628367376,628,"Listen Mac, I'll carp at you if I want to."
598,4665,7,7,82,96,1.21875,0.05774096154681594,628,And then she told me there are plenty of other fish in the sea
4726,4665,2,17,77,96,1.21875,0.04730250957698441,628,"Listen buddy, I don't have to drink. I can stop whenever I want. Now get me a water!"
4824,4670,2,15,70,87,1.2183908045977012,0.05019418948109651,628,A visual depiction of “washed up at the bar.”
4197,4670,3,13,71,87,1.2183908045977012,0.052789817806336056,628,Is the worm free if you finish the bottle?
3544,4670,1,17,69,87,1.2183908045977012,0.0474568061641561,628,If I hear one more person say I drink like a fish...
3450,4670,3,13,71,87,1.2183908045977012,0.052789817806336056,628,"No, I do NOT want another water!"
3383,4670,2,15,70,87,1.2183908045977012,0.05019418948109651,628,Any trout er stout on tap?
3379,4670,5,9,73,87,1.2183908045977012,0.057631426121084545,628,"Water, neat. Leave the bowl."
3265,4670,2,15,70,87,1.2183908045977012,0.05019418948109651,628,Yeah I drink like a fish and swim like an alcoholic
3256,4670,2,15,70,87,1.2183908045977012,0.05019418948109651,628,You should've seen the size of the minnow I caught last week...
3178,4670,2,15,70,87,1.2183908045977012,0.05019418948109651,628,"Listen buddy, I'd like nothing more than to crawl inside that bottle."
3152,4670,4,11,72,87,1.2183908045977012,0.055263668629472025,628,"...shaken, not stirred—with Leech stuffed Olives."
3737,4670,2,15,70,87,1.2183908045977012,0.05019418948109651,628,And one for the creek.
6895,4670,0,19,68,87,1.2183908045977012,0.04455154593210374,628,You call that a dry martini?
4958,4670,2,15,70,87,1.2183908045977012,0.05019418948109651,628,I know it sounds fishy but...
7862,4670,3,13,71,87,1.2183908045977012,0.052789817806336056,628,"Sir, why do you always insist on adding water to my beverage?"
7845,4670,2,15,70,87,1.2183908045977012,0.05019418948109651,628,Did you hear the one about the invertebrate who walks into a bar?
7639,4670,1,17,69,87,1.2183908045977012,0.0474568061641561,628,I'll show you exactly what it means to drink like a fish.
7535,4670,2,15,70,87,1.2183908045977012,0.05019418948109651,628,I'm starting to think that you are trying to get me hooked.
7230,4670,2,15,70,87,1.2183908045977012,0.05019418948109651,628,Quick. Give me another one. I'm drowning over here.
2946,4670,3,13,71,87,1.2183908045977012,0.052789817806336056,628,"A pike,a carp and a haddock drift into a bar..."
4939,4670,2,15,70,87,1.2183908045977012,0.05019418948109651,628,"You try drinking that plastic filled, acidified, warm putrid water.  Then tell me when I've had enough."
6633,4670,1,17,69,87,1.2183908045977012,0.0474568061641561,628,Now that’s my kind of deep six.
6590,4670,2,15,70,87,1.2183908045977012,0.05019418948109651,628,'Drinks like a fish' has it all over 'Sleeps with the fishes'
6381,4670,5,9,73,87,1.2183908045977012,0.057631426121084545,628,"Hey, whaddaya mean you're outta water?  I'M outta water."
6136,4670,3,13,71,87,1.2183908045977012,0.052789817806336056,628,"Hey,is this a bait and switch?"
6113,4670,2,15,70,87,1.2183908045977012,0.05019418948109651,628,My wife ran off with a Shark.
5574,4670,2,15,70,87,1.2183908045977012,0.05019418948109651,628,"A
It takes a few drinks for the idea of swimming upstream to spawn to be enticing."
5543,4670,4,11,72,87,1.2183908045977012,0.055263668629472025,628,No - I don't remember giving you my keys!
6631,4670,3,13,71,87,1.2183908045977012,0.052789817806336056,628,And don't skimp on the water!
2487,4670,1,17,69,87,1.2183908045977012,0.0474568061641561,628,"Hey, you drink your way, and I'll drink my way."
2206,4670,3,13,71,87,1.2183908045977012,0.052789817806336056,628,And a another water-back.
189,4670,1,17,69,87,1.2183908045977012,0.0474568061641561,628,Don't judge me! I'm suppose to drink like a fish.
601,4670,2,15,70,87,1.2183908045977012,0.05019418948109651,628,"There's not as many of us as you might think, hotshot."
644,4670,3,13,71,87,1.2183908045977012,0.052789817806336056,628,Gimme one more. I wanna be so drunk I could drown.
660,4670,4,11,72,87,1.2183908045977012,0.055263668629472025,628,"...then for the punchline, I pointed to my pint and said ""fillet,"" but the place was full of Yanks and they didn't get it."
718,4670,4,11,72,87,1.2183908045977012,0.055263668629472025,628,"Well if you’d refill my glass, I wouldn’t be a fish out of water."
774,4670,2,15,70,87,1.2183908045977012,0.05019418948109651,628,"There ain't a simile good enough for how I drink, pal."
2360,4670,1,17,69,87,1.2183908045977012,0.0474568061641561,628,"Hey Bud, you're the one who smells fishy."
898,4670,3,13,71,87,1.2183908045977012,0.052789817806336056,628,What the hell is water?
1546,4670,1,17,69,87,1.2183908045977012,0.0474568061641561,628,I’m drinking like a what?
1991,4670,4,11,72,87,1.2183908045977012,0.055263668629472025,628,You're already had three margaritas. I'm not going to let you drink like a fish.
2156,4670,2,15,70,87,1.2183908045977012,0.05019418948109651,628,"Keep them coming, I intend to get full to the gills tonight!"
836,4670,3,13,71,87,1.2183908045977012,0.052789817806336056,628,"No, I don't drink like a fish. I drink like a carp. Now hit me."
5038,4712,4,12,76,92,1.2173913043478262,0.05315216047844578,628,"I’m a Salmon if I say I am, ok?"
2841,4712,1,18,73,92,1.2173913043478262,0.045918161263364475,628,When do the lizards start showing up?
1836,4712,2,16,74,92,1.2173913043478262,0.04844965507666401,628,Again barkeep. That barely wet my whistle.
5907,4712,2,16,74,92,1.2173913043478262,0.04844965507666401,628,I've never been more hydrated in my life.
431,4712,1,18,73,92,1.2173913043478262,0.045918161263364475,628,"I'll have a tequila and a water, extra worm...hold the tequila."
7168,4712,4,12,76,92,1.2173913043478262,0.05315216047844578,628,"If I ate people, you’d look at me different too!"
7475,4712,2,16,74,92,1.2173913043478262,0.04844965507666401,628,"For some it's the smell of tequila, for me, rocks."
6688,4712,3,14,75,92,1.2173913043478262,0.050855290976328946,628,Your barstools are for the birds!
2658,4720,0,18,65,83,1.216867469879518,0.04551011283857881,628,Large fishing schooner. On the rocks.
5088,4721,2,15,71,88,1.2159090909090908,0.04968254403624251,628,I had to get out of there... it was a dry county.
5118,4721,4,11,73,88,1.2159090909090908,0.054688401161677745,628,What do you mean no service?  I thought this was a seafood bar!
5659,4721,3,13,72,88,1.2159090909090908,0.05224546106377937,628,Tell you what: you let me drink like a fish and I won't ask you to whether you have papers.
4193,4721,3,13,72,88,1.2159090909090908,0.05224546106377937,628,"Sorry, I was having some flashbacks."
4102,4721,2,15,71,88,1.2159090909090908,0.04968254403624251,628,"Guess if it's not the booze, it's the toxic algae that'll kill me. Give me another, good Sir."
3728,4721,4,11,73,88,1.2159090909090908,0.054688401161677745,628,I’ll have a bowl of water and the sushi menu
3701,4721,3,13,72,88,1.2159090909090908,0.05224546106377937,628,"Yeah, yeah, yeah. I drink like a fish!"
3665,4721,4,11,73,88,1.2159090909090908,0.054688401161677745,628,So? What do you expect me to drink like?
3176,4721,1,17,70,88,1.2159090909090908,0.04698001875328986,628,"Ok handsome, I'll take the bait."
3094,4721,3,13,72,88,1.2159090909090908,0.05224546106377937,628,"Have you heard the one about a shark, a dolphin, and a tuna who go into a bar?"""
3031,4721,2,15,71,88,1.2159090909090908,0.04968254403624251,628,And I resent the influence that being a female has anything to do with me not needing a bicycle!
4950,4721,2,15,71,88,1.2159090909090908,0.04968254403624251,628,Water...............to go.
3601,4721,3,13,72,88,1.2159090909090908,0.05224546106377937,628,"Keep 'em coming, and you won't hear me singing ""How dry I am."""
5545,4721,3,13,72,88,1.2159090909090908,0.05224546106377937,628,Like I've never heard THAT one before.
5475,4721,4,11,73,88,1.2159090909090908,0.054688401161677745,628,"You lured me in - hook, line, and sinker. Now that I am drinking like a fish, you do a bait and switch and serve me watered-down drinks!"
5503,4721,2,15,71,88,1.2159090909090908,0.04968254403624251,628,"Don't tell me, you're the one that got away"""
3018,4721,3,13,72,88,1.2159090909090908,0.05224546106377937,628,"Long time no sea, Joe."
5785,4721,2,15,71,88,1.2159090909090908,0.04968254403624251,628,"Hey, you weren't there.  You didn't see the one that got away."
5908,4721,3,13,72,88,1.2159090909090908,0.05224546106377937,628,Of course fish drink. Why do you think I'm here?
5946,4721,0,19,69,88,1.2159090909090908,0.044112233475599005,628,Is it true that some humans drink like a fish?
6029,4721,3,13,72,88,1.2159090909090908,0.05224546106377937,628,Now I want a Nantucket Bourbon with your Old Cape Cod ale.
6098,4721,2,15,71,88,1.2159090909090908,0.04968254403624251,628,You think that you're a man just because you can grow that mustache?
6164,4721,2,15,71,88,1.2159090909090908,0.04968254403624251,628,I’ll have a “Fish Bowl” straight up.
6430,4721,3,13,72,88,1.2159090909090908,0.05224546106377937,628,"You're damned right I drink like a fish - a Siamese FIGHTING fish. Now, pour me another!"
7004,4721,2,15,71,88,1.2159090909090908,0.04968254403624251,628,What pisses me off the most is this constant objectification -  like I'm   an item on a menue.
7485,4721,6,7,75,88,1.2159090909090908,0.059272989306496215,628,Can you believe she had the audacity to ask for more water?
7692,4721,2,15,71,88,1.2159090909090908,0.04968254403624251,628,I'll drink however I damn well please!
5196,4721,2,15,71,88,1.2159090909090908,0.04968254403624251,628,and I'd like that with an anchovy twist
2595,4721,4,11,73,88,1.2159090909090908,0.054688401161677745,628,"The wife and I recently went to Japan, she didn't make it."
2769,4721,2,15,71,88,1.2159090909090908,0.04968254403624251,628,Anything with a worm at the bottom of the bottle.
676,4721,1,17,70,88,1.2159090909090908,0.04698001875328986,628,I want whiskey with water on the side...a lot of water!
1261,4721,1,17,70,88,1.2159090909090908,0.04698001875328986,628,I'll have a dry martini.
24,4721,2,15,71,88,1.2159090909090908,0.04968254403624251,628,"Well, I [u]am[/u] one. May I ask your point?"
164,4721,3,13,72,88,1.2159090909090908,0.05224546106377937,628,"So she says, ""Honey I'm moving in with the boss 'cause his aquarium is much bigger."""
2524,4721,2,15,71,88,1.2159090909090908,0.04968254403624251,628,Something cool and refreshing. And hold the microplastics.
689,4721,2,15,71,88,1.2159090909090908,0.04968254403624251,628,Bartenders are a lot less nosy where I come from.
970,4721,1,17,70,88,1.2159090909090908,0.04698001875328986,628,You think I carp too much. I'm a bottom-feeder .. and I drink like a what?!
1761,4721,3,13,72,88,1.2159090909090908,0.05224546106377937,628,I could have been a codtender...
238,4721,3,13,72,88,1.2159090909090908,0.05224546106377937,628,Don't you dare call me a walking stereotype.
2082,4721,0,19,69,88,1.2159090909090908,0.044112233475599005,628,I drink like fish?!! That's Speciesist!!
2201,4721,3,13,72,88,1.2159090909090908,0.05224546106377937,628,My life is soooooo cliche.
2235,4721,1,17,70,88,1.2159090909090908,0.04698001875328986,628,It's not offensive when WE say it.
2367,4721,4,11,73,88,1.2159090909090908,0.054688401161677745,628,"I'll have a gin and seawater, and make it a double!"
2375,4721,4,11,73,88,1.2159090909090908,0.054688401161677745,628,Let me tell you about the one that got away...
2460,4721,3,13,72,88,1.2159090909090908,0.05224546106377937,628,"Skip the tequila, just give me the worm."
1980,4721,2,15,71,88,1.2159090909090908,0.04968254403624251,628,"Six more glasses of water, please."
5773,4767,2,16,75,93,1.2150537634408602,0.04798283150376886,628,"""I guess part of me wanted to believe the saying, 'There are other bros in the bar."""
4687,4767,3,14,76,93,1.2150537634408602,0.05035976776967562,628,I'm going to need to see an I.D.
2695,4767,1,18,74,93,1.2150537634408602,0.04548184284329831,628,How many times do I have to remind you not to salt the rim?!
1079,4767,2,16,75,93,1.2150537634408602,0.04798283150376886,628,"I’m flattered, but I let my ID in school."
253,4767,2,16,75,93,1.2150537634408602,0.04798283150376886,628,Another Brackish. Make it a double.
4617,4772,3,12,69,84,1.2142857142857142,0.05375041813985263,628,"How would you like it if I called you a 'Man out of Land,' huh"
4622,4772,4,10,70,84,1.2142857142857142,0.05635573779886005,628,"You say 'dehydrated' one more time and I'll dehydrate this whole bar, I will."
4683,4772,1,16,67,84,1.2142857142857142,0.0481184370581513,628,My Angelfish will be along to pick up the tab.
5488,4772,2,14,68,84,1.2142857142857142,0.05101221145533816,628,"Unbelieveable, they put me on the street coz I outgrew the tank."
4801,4772,3,12,69,84,1.2142857142857142,0.05375041813985263,628,Do I LOOK like I'm new in town?
3346,4772,1,16,67,84,1.2142857142857142,0.0481184370581513,628,"He's a lobster, and yet he had the nerve to call me a ""piece of tail""!"
4935,4772,1,16,67,84,1.2142857142857142,0.0481184370581513,628,"Listen buddy, you'll keep serving me until my designated swimmer gets here."
5005,4772,2,14,68,84,1.2142857142857142,0.05101221145533816,628,"No matter how hard I try, I just can't seem to drown my sorrows."
5021,4772,3,12,69,84,1.2142857142857142,0.05375041813985263,628,You want crackers?  I'll cracka your head.
5158,4772,1,16,67,84,1.2142857142857142,0.0481184370581513,628,"Don't you dare give me that ""hooker"" look..."
4589,4772,1,16,67,84,1.2142857142857142,0.0481184370581513,628,Real original buddy. Like I've never heard that one before.
5308,4772,2,14,68,84,1.2142857142857142,0.05101221145533816,628,Tonight I fin for myself.
5334,4772,2,14,68,84,1.2142857142857142,0.05101221145533816,628,"I want the best drink for
when you feel like a fish out of water."
4768,4772,5,8,71,84,1.2142857142857142,0.05884582326298723,628,Trust me.  Nothing tastes better on the rocks.
4588,4772,0,18,66,84,1.2142857142857142,0.04503911913297598,628,"No, I'm a fish out of gin! Now pour!"
3644,4772,2,14,68,84,1.2142857142857142,0.05101221145533816,628,I’m as drunk as a fish!
4538,4772,2,14,68,84,1.2142857142857142,0.05101221145533816,628,Keep pouring until I'm swimming in it!
4290,4772,4,10,70,84,1.2142857142857142,0.05635573779886005,628,"Sometimes I just feel like a New Yorker in Kansas, ya know?"
3459,4772,3,12,69,84,1.2142857142857142,0.05375041813985263,628,"I've made it onto land, now let's try that dry martini."
3508,4772,2,14,68,84,1.2142857142857142,0.05101221145533816,628,"Haters be hating and carps be carping, that's what I know."
3683,4772,2,14,68,84,1.2142857142857142,0.05101221145533816,628,Well how do you WANT me to drink?
3747,4772,4,10,70,84,1.2142857142857142,0.05635573779886005,628,A Woman Needs a Man like a Fish Needs a Bicycle
3763,4772,2,14,68,84,1.2142857142857142,0.05101221145533816,628,It's not for nothing I drink like a fish.
3853,4772,1,16,67,84,1.2142857142857142,0.0481184370581513,628,Just leave out the gin and give me straight vermouth.
3855,4772,1,16,67,84,1.2142857142857142,0.0481184370581513,628,Its's hurtful to say I drink like a fish!
4090,4772,1,16,67,84,1.2142857142857142,0.0481184370581513,628,Something about this place makes me feel like a fish out of water
4136,4772,1,16,67,84,1.2142857142857142,0.0481184370581513,628,What do you have for someone who drinks like a fish?
4200,4772,3,12,69,84,1.2142857142857142,0.05375041813985263,628,My county has gone dry.
4202,4772,1,16,67,84,1.2142857142857142,0.0481184370581513,628,I've Served horses and dogs. Why wouldn't I serve a fish?
4232,4772,4,10,70,84,1.2142857142857142,0.05635573779886005,628,"And please, no stupid comments about my drinking like a fish. In 2 seconds a loan shark's gonna walk through that door and the next time you see me I'll be wrapped in newspaper."
4539,4772,1,16,67,84,1.2142857142857142,0.0481184370581513,628,"Yep, another bad day with trash in the sea."
5628,4772,1,16,67,84,1.2142857142857142,0.0481184370581513,628,I’ll have a Grey Goose and Jameson hold the pollution this time will ya.
3318,4772,0,18,66,84,1.2142857142857142,0.04503911913297598,628,You don’t have it? I heard this was an upscale place.
5750,4772,1,16,67,84,1.2142857142857142,0.0481184370581513,628,Honestly I feel a little awkward here.
6741,4772,3,12,69,84,1.2142857142857142,0.05375041813985263,628,"No, Baldy -- I don't want a ""seafood cocktail""!"
6774,4772,2,14,68,84,1.2142857142857142,0.05101221145533816,628,Well you bartend like a bald guy.
6938,4772,4,10,70,84,1.2142857142857142,0.05635573779886005,628,"You misunderstood me when I said: ""I'm piscine!"""
6940,4772,5,8,71,84,1.2142857142857142,0.05884582326298723,628,Hold the water — I piss in it.
6953,4772,3,12,69,84,1.2142857142857142,0.05375041813985263,628,A wet martini with a dash of salt please.
7070,4772,3,12,69,84,1.2142857142857142,0.05375041813985263,628,"Are you kidding me? You think you're serving a fish at the bar, but I'm the one who's too drunk to drive?"
7115,4772,1,16,67,84,1.2142857142857142,0.0481184370581513,628,I'll tell YOU when I' m full to the gills!
7220,4772,3,12,69,84,1.2142857142857142,0.05375041813985263,628,Give me a strong one to red tide me over.
7388,4772,2,14,68,84,1.2142857142857142,0.05101221145533816,628,"No, not neat. I want it with water."
7509,4772,0,18,66,84,1.2142857142857142,0.04503911913297598,628,This is my last one .  I don’t want to get hooked.
7515,4772,3,12,69,84,1.2142857142857142,0.05375041813985263,628,...and now YOU’RE out of whiskey!?
7547,4772,2,14,68,84,1.2142857142857142,0.05101221145533816,628,"Well, funny you should ask, I actually do drink like a fish"
7948,4772,2,14,68,84,1.2142857142857142,0.05101221145533816,628,"Ten thousand waters, please."
7963,4772,4,10,70,84,1.2142857142857142,0.05635573779886005,628,I just can't drink like a fish anymore.
6606,4772,4,10,70,84,1.2142857142857142,0.05635573779886005,628,"If it looks like a fish and drinks like a fish, it's a fish."
6600,4772,2,14,68,84,1.2142857142857142,0.05101221145533816,628,Do you really think I don’t see your angle here?
6374,4772,0,18,66,84,1.2142857142857142,0.04503911913297598,628,Why does everyone assume I want water?
5760,4772,2,14,68,84,1.2142857142857142,0.05101221145533816,628,"Buddy, if you try to offer me a glass of water, I'm shoving it down your pie hole."
5808,4772,4,10,70,84,1.2142857142857142,0.05635573779886005,628,I was dating a flapper but she left me out to dry.
5825,4772,2,14,68,84,1.2142857142857142,0.05101221145533816,628,"It should’a been me up on that stage getting the Oscar, ya hear me?!"
5854,4772,1,16,67,84,1.2142857142857142,0.0481184370581513,628,"Not funny, not funny at all. A fish can't walk into a bar."
5878,4772,2,14,68,84,1.2142857142857142,0.05101221145533816,628,Since when has 'Ladies Night' been restricted to humans?
5956,4772,2,14,68,84,1.2142857142857142,0.05101221145533816,628,Where do I go to find a mermaid around here?
5638,4772,1,16,67,84,1.2142857142857142,0.0481184370581513,628,And no water.
6002,4772,2,14,68,84,1.2142857142857142,0.05101221145533816,628,"Everywhere I go, ""It's no problem, I'm a pescetarian."" Not cool!"
6158,4772,3,12,69,84,1.2142857142857142,0.05375041813985263,628,"Hey, ya think these qualify as water?"
6215,4772,1,16,67,84,1.2142857142857142,0.0481184370581513,628,I’ll have another- hold the plastic straw please.
6241,4772,4,10,70,84,1.2142857142857142,0.05635573779886005,628,Don't give me that one too many crap. You don't sleep with the fishes.
6299,4772,3,12,69,84,1.2142857142857142,0.05375041813985263,628,"So all of a sudden all she can talk about is eggs, and how we better hurry upstream, and that I'm afraid of commitment. Finally I tell her, spawning is for suckers."
6342,4772,2,14,68,84,1.2142857142857142,0.05101221145533816,628,And this time keep the worms in the tequila.
6351,4772,2,14,68,84,1.2142857142857142,0.05101221145533816,628,"Open up a tab, 'cuz I'm gonna drink like a me tonight!"
6021,4772,4,10,70,84,1.2142857142857142,0.05635573779886005,628,My sorrows already know how to swim—I’m just trying to get drunk.
3266,4772,2,14,68,84,1.2142857142857142,0.05101221145533816,628,"Ha. Ha. ""Fin & Tonic?"" I've never heard that one before."
772,4772,1,16,67,84,1.2142857142857142,0.0481184370581513,628,Make sure it's not extra dry...
3166,4772,3,12,69,84,1.2142857142857142,0.05375041813985263,628,Make it a scotch and a fish bowl of water.
1536,4772,3,12,69,84,1.2142857142857142,0.05375041813985263,628,Pathetic—my whole life’s just been one big fish story.
1478,4772,2,14,68,84,1.2142857142857142,0.05101221145533816,628,So I was sayin to the shark...
1388,4772,2,14,68,84,1.2142857142857142,0.05101221145533816,628,Whiskey. Dry. Two fins.
1372,4772,3,12,69,84,1.2142857142857142,0.05375041813985263,628,"I'll have the Mezcal, make it a double......"
1207,4772,3,12,69,84,1.2142857142857142,0.05375041813985263,628,"‘ ’
“ ‘But fish don’t drink,’ they said. Hah!"
1198,4772,2,14,68,84,1.2142857142857142,0.05101221145533816,628,"Actually, I drink like a bird."
1194,4772,4,10,70,84,1.2142857142857142,0.05635573779886005,628,Luca Brasi was my grandfather.
1163,4772,2,14,68,84,1.2142857142857142,0.05101221145533816,628,"Drink like a fish? No.
But I DO wish I could smoke like a fiend."
1136,4772,0,18,66,84,1.2142857142857142,0.04503911913297598,628,What? You want me to scale back!
1086,4772,3,12,69,84,1.2142857142857142,0.05375041813985263,628,"...and then the guy says "" you're off the hook"" , so I came here for a drink!"
982,4772,4,10,70,84,1.2142857142857142,0.05635573779886005,628,I got caught in a perjury trap.
905,4772,2,14,68,84,1.2142857142857142,0.05101221145533816,628,"PLEASE, no straw!"
899,4772,3,12,69,84,1.2142857142857142,0.05375041813985263,628,"Bartender, I seem to be out of water"
779,4772,2,14,68,84,1.2142857142857142,0.05101221145533816,628,"...and then she said ""You know, there's a lot of you in the sea... goodbye, Charlie."""
743,4772,2,14,68,84,1.2142857142857142,0.05101221145533816,628,I've had enough. I am giving up on fighting against stereotypes.
712,4772,3,12,69,84,1.2142857142857142,0.05375041813985263,628,"Actually, fish CAN drown themselves in alcohol, so joke's on her!"
230,4772,1,16,67,84,1.2142857142857142,0.0481184370581513,628,"Sorry, but I drink like a fish."
218,4772,3,12,69,84,1.2142857142857142,0.05375041813985263,628,"One very large glass bowl of water, no ice!"
156,4772,3,12,69,84,1.2142857142857142,0.05375041813985263,628,"Then she says, ""Honey I still love you, but you're starting to drink like a human."""
111,4772,3,12,69,84,1.2142857142857142,0.05375041813985263,628,"You've already had five dry martinis, how about I call you a car pool instead?"
88,4772,2,14,68,84,1.2142857142857142,0.05101221145533816,628,Don't give me any of that watered down stuff!
80,4772,2,14,68,84,1.2142857142857142,0.05101221145533816,628,"...And you can tell them that tonight, nobody is sleepin' with no fishes!"
16,4772,3,12,69,84,1.2142857142857142,0.05375041813985263,628,People’s pollution drive me to drink.
1570,4772,3,12,69,84,1.2142857142857142,0.05375041813985263,628,"Bourbon and salt water, please."
1646,4772,3,12,69,84,1.2142857142857142,0.05375041813985263,628,"I drink like a fish because I AM a fish, so cut the cute stuff and give me the beer!"
94,4772,3,12,69,84,1.2142857142857142,0.05375041813985263,628,"I don't mean to carp, but . . ."
1887,4772,3,12,69,84,1.2142857142857142,0.05375041813985263,628,"Scotch, please - and make it a bubble."
1861,4772,1,16,67,84,1.2142857142857142,0.0481184370581513,628,I always wanted to know what my wife means when she says I drink like a man...
3121,4772,2,14,68,84,1.2142857142857142,0.05101221145533816,628,"If a couple of gills is too difficult, just make it half pint. I'll pay for the extra .000000001 oz. Here's a fin."
3062,4772,4,10,70,84,1.2142857142857142,0.05635573779886005,628,... I”ll show you “drinking like a fish”!
3007,4772,0,18,66,84,1.2142857142857142,0.04503911913297598,628,"If my wife calls, tell her I just had a couple waters."
2930,4772,4,10,70,84,1.2142857142857142,0.05635573779886005,628,So then the rabbi says...
2840,4772,2,14,68,84,1.2142857142857142,0.05101221145533816,628,Oh yeah? And you know what your problem is? You’re just like everyone else.
2836,4772,2,14,68,84,1.2142857142857142,0.05101221145533816,628,"If you think I'm something, you should see the one that got away."
2636,4772,3,12,69,84,1.2142857142857142,0.05375041813985263,628,And one more for the toad
2586,4772,2,14,68,84,1.2142857142857142,0.05101221145533816,628,No... but I've been told I drink like one.
2585,4772,2,14,68,84,1.2142857142857142,0.05101221145533816,628,"A bucket of water, and make it quick!"
2561,4772,1,16,67,84,1.2142857142857142,0.0481184370581513,628,Another bourbon with a splash.
2469,4772,3,12,69,84,1.2142857142857142,0.05375041813985263,628,"Light on the ice, I’m retaining water."
3260,4772,2,14,68,84,1.2142857142857142,0.05101221145533816,628,A tall water- with a dash of salt
2405,4772,1,16,67,84,1.2142857142857142,0.0481184370581513,628,Water?  Of course I don't want goddamn water!
2412,4772,4,10,70,84,1.2142857142857142,0.05635573779886005,628,"Please, not another fish out of water story"
2119,4772,2,14,68,84,1.2142857142857142,0.05101221145533816,628,"Hold the rocks on that drink, please; these days, my schedule's got me swimming upstream."
2128,4772,4,10,70,84,1.2142857142857142,0.05635573779886005,628,What do you mean I can't handle a DRY Martini?
2134,4772,3,12,69,84,1.2142857142857142,0.05375041813985263,628,"You're right, there are plenty of them out there, and they can't all be as cold as she was."
2121,4772,2,14,68,84,1.2142857142857142,0.05101221145533816,628,"Actually, Hank, drinking like a fish is a good thing."
2188,4772,4,10,70,84,1.2142857142857142,0.05635573779886005,628,"I know, but, I wanted a beer and it’s dry down there on Sunday."
2271,4772,2,14,68,84,1.2142857142857142,0.05101221145533816,628,"Then she said to me: ""On a scale of 1 to 10 you are a 10"""
2297,4772,3,12,69,84,1.2142857142857142,0.05375041813985263,628,"That's just lazy stereotyping, man."
2170,4772,4,10,70,84,1.2142857142857142,0.05635573779886005,628,"No, you need some water!"
1981,4772,1,16,67,84,1.2142857142857142,0.0481184370581513,628,I'd better stop. I'm feeling a little flushed.
6275,4892,2,14,69,85,1.2117647058823529,0.05047149581627677,628,"...and then I was able to deny Obama his SCOTUS hearings! They call me a turtle, they have no idea who they are dealing with."
322,4892,2,14,69,85,1.2117647058823529,0.05047149581627677,628,"Trust me, buddy, I've heard 'em all."
3982,4892,3,12,70,85,1.2117647058823529,0.053174090822038236,628,"A lot of people drink like me, but I'm the original."
3735,4892,3,12,70,85,1.2117647058823529,0.053174090822038236,628,"Not that it's any of your business, but what else WOULD I drink like?"
2719,4892,3,12,70,85,1.2117647058823529,0.053174090822038236,628,I need someone to talk to. Why do I always feel like a fish out of water?
1396,4892,5,8,72,85,1.2117647058823529,0.058204020689177696,628,If YOU were ME and YOU lost out on a role in an Oscar-Winning Best Picture how would YOU expect ME to drink?
1039,4892,4,10,71,85,1.2117647058823529,0.05574581580323583,628,"Oh yeah? Well, you serve whiskey like a turtle."
6752,4892,2,14,69,85,1.2117647058823529,0.05047149581627677,628,I don't have a drinking problem. I just drink like a fish.
346,4892,2,14,69,85,1.2117647058823529,0.05047149581627677,628,"Whattaya mean, stinking drunk?"
552,4892,3,12,70,85,1.2117647058823529,0.053174090822038236,628,I've always seen myself as a herring.
5905,4902,5,10,80,95,1.2105263157894737,0.05373973370975062,628,"Lookit, I'm not going to tell you again: single malt scotch and SALTwater, you uncultured buffoon."
3082,4903,2,14,70,86,1.2093023255813953,0.049941906250526455,628,"Yes sir, I am the one who got away. Now where is he? 
I've a score to settle"
2728,4903,4,10,72,86,1.2093023255813953,0.055148795293926356,628,"A little something to 
""wet my whistle ""
please"
551,4905,0,19,72,91,1.2087912087912087,0.04284305206509435,628,I'm telling everyone you don't water down your drinks.
6032,4905,3,13,75,91,1.2087912087912087,0.05067669921031872,628,"Hey, this ain't no joke, buster."
5497,4907,2,13,67,82,1.2073170731707317,0.05129401959552221,628,"Ill have a salt water, straight up, please."
5427,4907,1,15,66,82,1.2073170731707317,0.048269683280641934,628,"We call it a ""cock-fin"""
5357,4907,2,13,67,82,1.2073170731707317,0.05129401959552221,628,It's none of your business how I drink.
5755,4907,2,13,67,82,1.2073170731707317,0.05129401959552221,628,Are you calling me a liar?
5275,4907,2,13,67,82,1.2073170731707317,0.05129401959552221,628,I'll have 150 gallons of water please...no ice.
5195,4907,2,13,67,82,1.2073170731707317,0.05129401959552221,628,I'll have one more and make it a bubble.
5181,4907,2,13,67,82,1.2073170731707317,0.05129401959552221,628,"So I asked her, ‘ Can I help it that I drink like a fish?’ “"
5172,4907,1,15,66,82,1.2073170731707317,0.048269683280641934,628,"Salt water with a twist of lime, please."
5153,4907,1,15,66,82,1.2073170731707317,0.048269683280641934,628,"No, not water, Sex On The Beach, please."
5117,4907,3,11,68,82,1.2073170731707317,0.05414970515633626,628,Something Swishy  - To Go
5320,4907,1,15,66,82,1.2073170731707317,0.048269683280641934,628,I'm starting to wonder if I needed the bicycle.
7785,4907,2,13,67,82,1.2073170731707317,0.05129401959552221,628,Gin martini up with a float of dried flies.
5535,4907,2,13,67,82,1.2073170731707317,0.05129401959552221,628,"And then she said, “No, YOU’RE a fish.”"
5645,4907,4,9,69,82,1.2073170731707317,0.05686215517169996,628,There's something fishy going on around here!
5739,4907,5,7,70,82,1.2073170731707317,0.05945097823436396,628,People tell me I drink like a human
5722,4907,3,11,68,82,1.2073170731707317,0.05414970515633626,628,Anything without a touch of sea salt.
5714,4907,3,11,68,82,1.2073170731707317,0.05414970515633626,628,"...And save the ""drinks like a fish"" jokes."
5843,4907,2,13,67,82,1.2073170731707317,0.05129401959552221,628,Wow ... this is my first walk-up bar.
5870,4907,2,13,67,82,1.2073170731707317,0.05129401959552221,628,"Another round of tonic water, straight up!"
5914,4907,3,11,68,82,1.2073170731707317,0.05414970515633626,628,I can't decide between a floater or a sinker.
5820,4907,2,13,67,82,1.2073170731707317,0.05129401959552221,628,"I'll have an aquafina, straight up, no chaser."
5918,4907,3,11,68,82,1.2073170731707317,0.05414970515633626,628,If I have one more I'll be floating out of here.
5689,4907,1,15,66,82,1.2073170731707317,0.048269683280641934,628,"I may drink like a Fish, but I eat like a Bird."
5933,4907,1,15,66,82,1.2073170731707317,0.048269683280641934,628,"What's the matter, never seen anyone drink like a fish before?"
5936,4907,2,13,67,82,1.2073170731707317,0.05129401959552221,628,"I'll have a tequila, light on the tequila, heavy on the worms."
5975,4907,3,11,68,82,1.2073170731707317,0.05414970515633626,628,Bottled water? Really?
5060,4907,2,13,67,82,1.2073170731707317,0.05129401959552221,628,"I don't know man, sometimes I just feel like a fish out of water."
5984,4907,2,13,67,82,1.2073170731707317,0.05129401959552221,628,I'll have a club soda. I don't drink like the others.
5923,4907,3,11,68,82,1.2073170731707317,0.05414970515633626,628,"set 'em up, Joe, I got a little story I think you should know"
5774,4907,1,15,66,82,1.2073170731707317,0.048269683280641934,628,"So I told her, “Fine, keep the bowl and pebbles and bubbly water.  But there’s no way you’re getting the man-cave aquarium ornament I won at bowling.”"
4590,4907,2,13,67,82,1.2073170731707317,0.05129401959552221,628,"So, which animal should my drinking resemble?!?"
5001,4907,2,13,67,82,1.2073170731707317,0.05129401959552221,628,"I have to drown my sorrows.. my business partner just went on Shark Tank, and it didn't go well."
4122,4907,2,13,67,82,1.2073170731707317,0.05129401959552221,628,"These days, the White House isn't big enough for all of us carping stoolies."
4140,4907,1,15,66,82,1.2073170731707317,0.048269683280641934,628,Please tell me I'm not the only fish out of water you've seen.
4201,4907,3,11,68,82,1.2073170731707317,0.05414970515633626,628,"Oh yeah? Well, you try swimming a hundred miles upstream."
4284,4907,4,9,69,82,1.2073170731707317,0.05686215517169996,628,Drunk as a fish is a stereotype
4285,4907,2,13,67,82,1.2073170731707317,0.05129401959552221,628,Are you kiddin' me?   I don't even know Albert Finney.
4307,4907,1,15,66,82,1.2073170731707317,0.048269683280641934,628,No I don’t!
4308,4907,3,11,68,82,1.2073170731707317,0.05414970515633626,628,it is called a fish martini!
4321,4907,3,11,68,82,1.2073170731707317,0.05414970515633626,628,Got anything on besides that Sarah Huckabee?
4370,4907,3,11,68,82,1.2073170731707317,0.05414970515633626,628,"No, no. I tried the alternative. Back on the bicycle."
4439,4907,1,15,66,82,1.2073170731707317,0.048269683280641934,628,You’re going to have to keep them coming.
4441,4907,2,13,67,82,1.2073170731707317,0.05129401959552221,628,Are you saying I drink like a fish?
4491,4907,3,11,68,82,1.2073170731707317,0.05414970515633626,628,I'll tell you when I've haddock nuff!
4581,4907,2,13,67,82,1.2073170731707317,0.05129401959552221,628,"So, tell me, just what does 'like a fish out of water' mean?"""
6057,4907,2,13,67,82,1.2073170731707317,0.05129401959552221,628,"So I says to him, I says, no YOU drink like a fish."
4618,4907,1,15,66,82,1.2073170731707317,0.048269683280641934,628,"Don’t try it, no one has ever hooked me!!"
4633,4907,2,13,67,82,1.2073170731707317,0.05129401959552221,628,"I drink like a fish.  So what"""
4651,4907,2,13,67,82,1.2073170731707317,0.05129401959552221,628,"Roe, roe, roe your boat, gently down the stream! I'll have another."
4669,4907,2,13,67,82,1.2073170731707317,0.05129401959552221,628,I never found Prince Eric.
4702,4907,4,9,69,82,1.2073170731707317,0.05686215517169996,628,"Yeah, I'm a fish out of water. Can I get a refill, please?"
4730,4907,1,15,66,82,1.2073170731707317,0.048269683280641934,628,I'll have one for Charlie the Tuna....I'm sure he tasted good.
4731,4907,3,11,68,82,1.2073170731707317,0.05414970515633626,628,I drink like any other fish.
4754,4907,2,13,67,82,1.2073170731707317,0.05129401959552221,628,"A smart-bass walks into a bar; says,""Spare me the fish-out-of-water quip. I've heard that one before."""
4793,4907,1,15,66,82,1.2073170731707317,0.048269683280641934,628,I've got a little story.
4855,4907,0,17,65,82,1.2073170731707317,0.04504273750296656,628,"Stop me if you heard this one before.  A cod, a herring and a shark walk into a bar..."
4864,4907,1,15,66,82,1.2073170731707317,0.048269683280641934,628,"A Bass Ale, quickly, please. And then the biggest glass of water you've got."
4884,4907,3,11,68,82,1.2073170731707317,0.05414970515633626,628,"Did you say ""fin-ish"" or ""finished""?"
4900,4907,3,11,68,82,1.2073170731707317,0.05414970515633626,628,.... and you drink like a human!
4929,4907,2,13,67,82,1.2073170731707317,0.05129401959552221,628,"So I said, ""Call me a Beta again and see what happens."""
4942,4907,1,15,66,82,1.2073170731707317,0.048269683280641934,628,"So I said, I'll show you who can drink like a fish"
5007,4907,3,11,68,82,1.2073170731707317,0.05414970515633626,628,Of course—how else could I possibly drink?
6079,4907,2,13,67,82,1.2073170731707317,0.05129401959552221,628,Two double Sardinis
7177,4907,1,15,66,82,1.2073170731707317,0.048269683280641934,628,How many more before I get to the worm?
6089,4907,2,13,67,82,1.2073170731707317,0.05129401959552221,628,"Then she said, ‘Carpe Diem’, and that’s when I left."
7229,4907,1,15,66,82,1.2073170731707317,0.048269683280641934,628,"Nope, I'm not going to a costume party. I'm a fish and I drink like a fish."""
7253,4907,3,11,68,82,1.2073170731707317,0.05414970515633626,628,"Then it descended into identity politics , and she told me I drink like a Gulf of Mexico grouper."
7291,4907,2,13,67,82,1.2073170731707317,0.05129401959552221,628,Yea...I was a C student...quit my school -- knew I could never pass the bar.
7346,4907,3,11,68,82,1.2073170731707317,0.05414970515633626,628,"This time, don't make it too dry."
7374,4907,3,11,68,82,1.2073170731707317,0.05414970515633626,628,"Take it back, bud!  I do NOT drink like a human!"
7382,4907,2,13,67,82,1.2073170731707317,0.05129401959552221,628,"Bartender, I'll take a fishbowl."
7431,4907,0,17,65,82,1.2073170731707317,0.04504273750296656,628,"Yeah, everybody says that - but I’m mostly just out of tequila."
7489,4907,2,13,67,82,1.2073170731707317,0.05129401959552221,628,"Define ""Drink like a fish."""
7518,4907,0,17,65,82,1.2073170731707317,0.04504273750296656,628,"I'm only stewed to the dorsal, so give me another."
7544,4907,3,11,68,82,1.2073170731707317,0.05414970515633626,628,"Can I please get some water, I'm dying."
7563,4907,1,15,66,82,1.2073170731707317,0.048269683280641934,628,Do you have that Tequila with the worm in it?
4108,4907,2,13,67,82,1.2073170731707317,0.05129401959552221,628,"A Mescal Tequila neat. Just want the worm, you can swig down the ""neat""."
7611,4907,2,13,67,82,1.2073170731707317,0.05129401959552221,628,"As a matter-of-fact, I am out of water."
7228,4907,1,15,66,82,1.2073170731707317,0.048269683280641934,628,Make the next one a double and with a plastic straw this time.
7695,4907,3,11,68,82,1.2073170731707317,0.05414970515633626,628,"But if I weren’t a fish, you’d pour me another?"
7792,4907,1,15,66,82,1.2073170731707317,0.048269683280641934,628,Fresh krill not that canned stuff
7815,4907,2,13,67,82,1.2073170731707317,0.05129401959552221,628,The only stories I know are fish stories.
7819,4907,2,13,67,82,1.2073170731707317,0.05129401959552221,628,Ever since I left school I feel like I have been floundering...
7854,4907,3,11,68,82,1.2073170731707317,0.05414970515633626,628,"No, I don’t want to snack on goldfish! It’ll totally throw off my ketosis!"
7892,4907,1,15,66,82,1.2073170731707317,0.048269683280641934,628,"Don't give me that line about ""the one that got away"""
7933,4907,2,13,67,82,1.2073170731707317,0.05129401959552221,628,I'm a big fish looking for a pond.
7937,4907,2,13,67,82,1.2073170731707317,0.05129401959552221,628,Have I got a fish story for you....
7950,4907,3,11,68,82,1.2073170731707317,0.05414970515633626,628,"And now I would like one 50,000 gallon glass of water"
7991,4907,1,15,66,82,1.2073170731707317,0.048269683280641934,628,Give me an Evian with a twist of lemon.  I don't want to be a fish out of water.
8040,4907,2,13,67,82,1.2073170731707317,0.05129401959552221,628,Then she tells me that I ‘drink like a fish’. I don’t get it.
8041,4907,1,15,66,82,1.2073170731707317,0.048269683280641934,628,"Our stream is upscale too, buster, but we don’t charge for water on the rocks!"
8053,4907,3,11,68,82,1.2073170731707317,0.05414970515633626,628,It's all watered-down out here one has to drink like a fish to get drunk
8061,4907,2,13,67,82,1.2073170731707317,0.05129401959552221,628,"She said I forgot our anniversary again; I think, I can't remember."
7786,4907,2,13,67,82,1.2073170731707317,0.05129401959552221,628,I didn't belly-up to the bar to be baited with small talk. I need a couple pitchers of water NOW!
7209,4907,3,11,68,82,1.2073170731707317,0.05414970515633626,628,"So, a fish walks into a bar, tells you he's the one that got away, and then proceeds to drink like.....a fish.  Stop with the pairings suggestions!"
7196,4907,3,11,68,82,1.2073170731707317,0.05414970515633626,628,"So the director said, “You’re just not man enough for the part.”"
7095,4907,2,13,67,82,1.2073170731707317,0.05129401959552221,628,Excuse me? I drink like a fish?
6110,4907,2,13,67,82,1.2073170731707317,0.05129401959552221,628,I don't appreciate the stereotype.
6199,4907,1,15,66,82,1.2073170731707317,0.048269683280641934,628,Barkeep! Look alive back there. Can't you see I'm a fish out of water?
6224,4907,2,13,67,82,1.2073170731707317,0.05129401959552221,628,"Jaws in the bay, man."
6277,4907,3,11,68,82,1.2073170731707317,0.05414970515633626,628,Thank you for resisting the urge to make the all-too-obvious comment on my drinking ability.
6330,4907,2,13,67,82,1.2073170731707317,0.05129401959552221,628,I'm surprised you would think I'm a wahoo.
6400,4907,3,11,68,82,1.2073170731707317,0.05414970515633626,628,There’s no association between my looks and my coming for happy hour.
6437,4907,1,15,66,82,1.2073170731707317,0.048269683280641934,628,Gimme waddever you got Chief as long as it's wet.
6481,4907,2,13,67,82,1.2073170731707317,0.05129401959552221,628,"I can say I can drink like fish, but you can't... that's our word."
6518,4907,3,11,68,82,1.2073170731707317,0.05414970515633626,628,"'So this catfish walks into a bar and says, ""Bartender, I am in need of a strong Stinger.""  '"
6520,4907,1,15,66,82,1.2073170731707317,0.048269683280641934,628,You're telling me the rabbi and priest have been and gone?
6556,4907,0,17,65,82,1.2073170731707317,0.04504273750296656,628,I am NOT 'stewed to the gills!'
6571,4907,1,15,66,82,1.2073170731707317,0.048269683280641934,628,Scotch with plenty of water
6574,4907,2,13,67,82,1.2073170731707317,0.05129401959552221,628,"set em up Joe, I've got a little story......"
6591,4907,4,9,69,82,1.2073170731707317,0.05686215517169996,628,"... make this my last, we're dangerously close to a cliche here"""
6592,4907,2,13,67,82,1.2073170731707317,0.05129401959552221,628,Don't be koi with me;  you don't think I can handle my liquor!
6616,4907,4,9,69,82,1.2073170731707317,0.05686215517169996,628,"OK, I'm slimy and I stink. But I'm no crook, Mr. Liddy!"
6645,4907,2,13,67,82,1.2073170731707317,0.05129401959552221,628,Drink like a fish? Don’t get it.
6648,4907,2,13,67,82,1.2073170731707317,0.05129401959552221,628,"Back home, I never pay for drinks."
6724,4907,0,17,65,82,1.2073170731707317,0.04504273750296656,628,Another tequila--and hold the worm jokes.
6823,4907,2,13,67,82,1.2073170731707317,0.05129401959552221,628,What do you mean by “small pond”?
6852,4907,3,11,68,82,1.2073170731707317,0.05414970515633626,628,...and hold the ice.
6859,4907,3,11,68,82,1.2073170731707317,0.05414970515633626,628,So What if I drink like a fish?  I'm not driving.
6879,4907,2,13,67,82,1.2073170731707317,0.05129401959552221,628,Yeh I did know a guy called Vinney
6901,4907,2,13,67,82,1.2073170731707317,0.05129401959552221,628,I’ve been oversurfed.
6976,4907,4,9,69,82,1.2073170731707317,0.05686215517169996,628,I totally get that there are plenty of fish in the sea!
7030,4907,3,11,68,82,1.2073170731707317,0.05414970515633626,628,"Yo, I may look like a water loving fishie, but I take my martinis dry."
7036,4907,1,15,66,82,1.2073170731707317,0.048269683280641934,628,"Just a glass of water, please. Salted, if possible."
7059,4907,1,15,66,82,1.2073170731707317,0.048269683280641934,628,Tommy-stop me if you've heard this one.  A shark and a hooker walk into a bar....
7078,4907,1,15,66,82,1.2073170731707317,0.048269683280641934,628,Correction Mister! I drink like a Carassius auratus!
6086,4907,4,9,69,82,1.2073170731707317,0.05686215517169996,628,What do you mean I drink like a fish? I AM one.
4092,4907,3,11,68,82,1.2073170731707317,0.05414970515633626,628,Water. Salt. Hold the ice.
3455,4907,1,15,66,82,1.2073170731707317,0.048269683280641934,628,"Of course I've heard the expression. Now line 'em up again, I'm trying to maintain a standard!"
4042,4907,1,15,66,82,1.2073170731707317,0.048269683280641934,628,How about one more for the ocean?
1059,4907,3,11,68,82,1.2073170731707317,0.05414970515633626,628,I've decided to change from simile to metaphor.
1066,4907,2,13,67,82,1.2073170731707317,0.05129401959552221,628,But it takes ten tickles to make an octopus laugh.
1130,4907,1,15,66,82,1.2073170731707317,0.048269683280641934,628,"Of course I drink like a fish,what were you thinking?"
1162,4907,1,15,66,82,1.2073170731707317,0.048269683280641934,628,Actually-- true fact-- most fish are NOT heavy drinkers.
1177,4907,2,13,67,82,1.2073170731707317,0.05129401959552221,628,I’ll have a ‘Sex on the Beach’ hold the Beach.
1296,4907,2,13,67,82,1.2073170731707317,0.05129401959552221,628,"I bring home the wrong can of worms  and suddenly she’s like “Glub, glub, glub, glub, glub, glub, glub...I want a divorce”"
1337,4907,1,15,66,82,1.2073170731707317,0.048269683280641934,628,"What really hurt is when she said “and you drink like a fish, Herbie.”"
1368,4907,2,13,67,82,1.2073170731707317,0.05129401959552221,628,You're asking me why the long tail? Really? Again?
1381,4907,0,17,65,82,1.2073170731707317,0.04504273750296656,628,"My wife  says  I drink like a fish.  She could be right , you know."
1430,4907,6,5,71,82,1.2073170731707317,0.061931679577379065,628,A fish walked into a bar and tipped  with scales.
1491,4907,2,13,67,82,1.2073170731707317,0.05129401959552221,628,I'll just have some water.
960,4907,1,15,66,82,1.2073170731707317,0.048269683280641934,628,Don't even. I've heard it all before.
1568,4907,3,11,68,82,1.2073170731707317,0.05414970515633626,628,After my last DWI I got my license suspended so I've been using my bicycle since then.
1705,4907,4,9,69,82,1.2073170731707317,0.05686215517169996,628,"As a sea totaler, all I really want is a glass of water"
1830,4907,2,13,67,82,1.2073170731707317,0.05129401959552221,628,"Yeah, well a fish out of water isn't as bad as a bar out of beer!"
1832,4907,2,13,67,82,1.2073170731707317,0.05129401959552221,628,She keeps complaining that I am too evolved for my age!
1872,4907,2,13,67,82,1.2073170731707317,0.05129401959552221,628,"Don't be coy with me, you know how to make a Sea Breeze."
1906,4907,3,11,68,82,1.2073170731707317,0.05414970515633626,628,"Just pour me one, and I'll show you how I drink."
1966,4907,3,11,68,82,1.2073170731707317,0.05414970515633626,628,"You can't be out of water, that's my line!"
1967,4907,1,15,66,82,1.2073170731707317,0.048269683280641934,628,I know what you're thinking - don't water it down.
2025,4907,4,9,69,82,1.2073170731707317,0.05686215517169996,628,"One extra-large fishbowl punch, please."
2034,4907,1,15,66,82,1.2073170731707317,0.048269683280641934,628,"Seize the day, bub. Seize the day."
2092,4907,5,7,70,82,1.2073170731707317,0.05945097823436396,628,"Henry, he said , he said his name was Henry.  That's all I know of my father."
2151,4907,3,11,68,82,1.2073170731707317,0.05414970515633626,628,I think it's time you scale it back!
1618,4907,3,11,68,82,1.2073170731707317,0.05414970515633626,628,I swear if you say it one more time I'll leap over this bar like a salmon in heat
2181,4907,2,13,67,82,1.2073170731707317,0.05129401959552221,628,Do I ask you if you want air in your scotch?
891,4907,2,13,67,82,1.2073170731707317,0.05129401959552221,628,And another thing – this whole “drinks like a fish” thing is just an offensive stereotype!
825,4907,4,9,69,82,1.2073170731707317,0.05686215517169996,628,Drink like a fish?  I am a fish.
4067,4907,2,13,67,82,1.2073170731707317,0.05129401959552221,628,"Tequila, heavy on the salt."
23,4907,2,13,67,82,1.2073170731707317,0.05129401959552221,628,My life’s in the toilets!
124,4907,3,11,68,82,1.2073170731707317,0.05414970515633626,628,"I know, I drink like a... the saying escapes me."
126,4907,3,11,68,82,1.2073170731707317,0.05414970515633626,628,Keep tryin'- still too dry.
134,4907,1,15,66,82,1.2073170731707317,0.048269683280641934,628,"OK, so that's the way I drink- pour me another."
181,4907,3,11,68,82,1.2073170731707317,0.05414970515633626,628,Who are you to say I drink like a fish?!
202,4907,2,13,67,82,1.2073170731707317,0.05129401959552221,628,I was a guppy but lies have consequences .
251,4907,2,13,67,82,1.2073170731707317,0.05129401959552221,628,You know what Marty ? I'm just sick of holding my breath in the city !
263,4907,2,13,67,82,1.2073170731707317,0.05129401959552221,628,"You keep pouring or I’ll grow an eyebrow on my right eye, too, and then you’ll never be able to sleep again."
266,4907,3,11,68,82,1.2073170731707317,0.05414970515633626,628,I’m not salty.  You’re salty!
278,4907,0,17,65,82,1.2073170731707317,0.04504273750296656,628,"Nothing on tap. Give me your best filtered, non-chlorine drink."
865,4907,2,13,67,82,1.2073170731707317,0.05129401959552221,628,So this fish comes into a bar...
324,4907,2,13,67,82,1.2073170731707317,0.05129401959552221,628,How would you feel if your mother just left you when you were born?  And don't even get me started about my father!
420,4907,2,13,67,82,1.2073170731707317,0.05129401959552221,628,What do you mean I drink like a fish?
442,4907,0,17,65,82,1.2073170731707317,0.04504273750296656,628,Nobody's going to roll ME up in a newspaper!
455,4907,2,13,67,82,1.2073170731707317,0.05129401959552221,628,"Stereotype, schmereotype!  I do what I want!"
483,4907,2,13,67,82,1.2073170731707317,0.05129401959552221,628,"What other kind of animal am I supposed to drink like, Tony?"
549,4907,1,15,66,82,1.2073170731707317,0.048269683280641934,628,I'm sick and tired of the tilapia. I was once King Cod !
637,4907,2,13,67,82,1.2073170731707317,0.05129401959552221,628,Drink like a fish?  What the hell is that supposed to mean?
648,4907,1,15,66,82,1.2073170731707317,0.048269683280641934,628,No cracks about how I drink like a fish.
650,4907,1,15,66,82,1.2073170731707317,0.048269683280641934,628,"Don’t tell me YOU’RE out of water, too"
705,4907,2,13,67,82,1.2073170731707317,0.05129401959552221,628,"Just water please, and leave the bowl."
711,4907,2,13,67,82,1.2073170731707317,0.05129401959552221,628,"Look pal, if you stop serving me, my death is on you!"
736,4907,4,9,69,82,1.2073170731707317,0.05686215517169996,628,So I drink like a fish.  What of it?
359,4907,4,9,69,82,1.2073170731707317,0.05686215517169996,628,"Water, with a water chaser.  And keep 'em coming."
2193,4907,2,13,67,82,1.2073170731707317,0.05129401959552221,628,"So, this fish sits down at the bar...wait, you heard this one?"
11,4907,1,15,66,82,1.2073170731707317,0.048269683280641934,628,"You’re from out of town, aren’t you?"
2221,4907,3,11,68,82,1.2073170731707317,0.05414970515633626,628,I said the group name should be Kois to Men and the guys kick me out of the band.
3174,4907,1,15,66,82,1.2073170731707317,0.048269683280641934,628,Maker's on rocks — aquarium if you have them.
3220,4907,1,15,66,82,1.2073170731707317,0.048269683280641934,628,"What kind of wet bar is this, anyway?"
3221,4907,0,17,65,82,1.2073170731707317,0.04504273750296656,628,No one wants to sleep with this fish.
3294,4907,2,13,67,82,1.2073170731707317,0.05129401959552221,628,This isn’t just another fish tale.
3334,4907,3,11,68,82,1.2073170731707317,0.05414970515633626,628,Yeah? Well there aren't 'plenty' like Jessica!
3398,4907,2,13,67,82,1.2073170731707317,0.05129401959552221,628,"""What'll ya have?""

""Just water."""
3420,4907,3,11,68,82,1.2073170731707317,0.05414970515633626,628,Don't say it!  I KNOW what I drink like!
3452,4907,3,11,68,82,1.2073170731707317,0.05414970515633626,628,Like a fish out of Walker.
3497,4907,0,17,65,82,1.2073170731707317,0.04504273750296656,628,"That's Carassius auratus to you , pal!"
3528,4907,2,13,67,82,1.2073170731707317,0.05129401959552221,628,This fish is outah watah
3557,4907,1,15,66,82,1.2073170731707317,0.048269683280641934,628,"Then she said: ""Sorry, I only kiss princes.""  Story of my life."
3136,4907,3,11,68,82,1.2073170731707317,0.05414970515633626,628,You'd drink like me too if you lived in my neck of the woods !
3671,4907,2,13,67,82,1.2073170731707317,0.05129401959552221,628,"I don't know, maybe it's the six shots, but I feel like a fish out of water."
3684,4907,1,15,66,82,1.2073170731707317,0.048269683280641934,628,Admit it. The only reason you say that is because you have a nose.
3727,4907,3,11,68,82,1.2073170731707317,0.05414970515633626,628,"And then this goon says ""Luca Brasi sleeps with the fishes"" and I took off."
3776,4907,3,11,68,82,1.2073170731707317,0.05414970515633626,628,"No, ""water"" isn't ""water""."
3841,4907,3,11,68,82,1.2073170731707317,0.05414970515633626,628,Just one more Cape Cod and I'll get out of your hair.
3888,4907,2,13,67,82,1.2073170731707317,0.05129401959552221,628,Just pour me another drink. I'll worry about how I'm getting home
3899,4907,3,11,68,82,1.2073170731707317,0.05414970515633626,628,"I don't care what school of bartenders you're from...
somethings fishy about these drinks!"
3923,4907,1,15,66,82,1.2073170731707317,0.048269683280641934,628,"As I sit here perch-ed on this stool, I feel gill-ty that I cheated on her."
3968,4907,1,15,66,82,1.2073170731707317,0.048269683280641934,628,Can I please have some water?  I'm parched.
4004,4907,2,13,67,82,1.2073170731707317,0.05129401959552221,628,"You know, sometimes it's hard being a big fish."
2197,4907,3,11,68,82,1.2073170731707317,0.05414970515633626,628,"I'll have a worm and grub martini wet, please."
4023,4907,1,15,66,82,1.2073170731707317,0.048269683280641934,628,"Water, and keep it coming."
3673,4907,0,17,65,82,1.2073170731707317,0.04504273750296656,628,"I never understood the expression 'He drinks like a fish"" until I tried drinking. Now I'm hooked!"
3073,4907,2,13,67,82,1.2073170731707317,0.05129401959552221,628,'A fish walks into a bar and the bartender says'...the premise isn't really that funny if you think about it.
3323,4907,2,13,67,82,1.2073170731707317,0.05129401959552221,628,"I may be a fish out of water, but I want a drink."
2999,4907,2,13,67,82,1.2073170731707317,0.05129401959552221,628,I'm relieved this isn't a dry county.
2265,4907,2,13,67,82,1.2073170731707317,0.05129401959552221,628,"Large water, please."""
2306,4907,2,13,67,82,1.2073170731707317,0.05129401959552221,628,"Don't tell me you are out of water, that's what everyone tells me."
2308,4907,3,11,68,82,1.2073170731707317,0.05414970515633626,628,"Don’t be coy, just give me my beer!"
2321,4907,5,7,70,82,1.2073170731707317,0.05945097823436396,628,All I got is as fin
2335,4907,3,11,68,82,1.2073170731707317,0.05414970515633626,628,"There are a lot of fish in the sea, but you can't even begin to fathom the number."
2391,4907,2,13,67,82,1.2073170731707317,0.05129401959552221,628,"So, I'm feeling like a fish out of water."
2448,4907,2,13,67,82,1.2073170731707317,0.05129401959552221,628,"...and you know what? She's not the only fish in the sea!"""
3022,4907,4,9,69,82,1.2073170731707317,0.05686215517169996,628,There's gotta be a worm at the bottom of one of these.
2559,4907,1,15,66,82,1.2073170731707317,0.048269683280641934,628,Give me a Red Tide. I have had it with you People.
2566,4907,0,17,65,82,1.2073170731707317,0.04504273750296656,628,"And at these prices, I'm not surprised."
2582,4907,1,15,66,82,1.2073170731707317,0.048269683280641934,628,I'm out of water here!
2590,4907,2,13,67,82,1.2073170731707317,0.05129401959552221,628,"I drink like a fish, so make it a double"
2652,4907,2,13,67,82,1.2073170731707317,0.05129401959552221,628,If you're through with the cliches I'll have a Blue Lagoon
2549,4907,1,15,66,82,1.2073170731707317,0.048269683280641934,628,I'll have a Mickey Fin.
2810,4907,2,13,67,82,1.2073170731707317,0.05129401959552221,628,"Hey buddy, how I drink is none of your business"
2682,4907,4,9,69,82,1.2073170731707317,0.05686215517169996,628,Because I AM a fish dummy.
2950,4907,1,15,66,82,1.2073170731707317,0.048269683280641934,628,"Yes, a very dry martini."
2691,4907,3,11,68,82,1.2073170731707317,0.05414970515633626,628,"Just for You, Tonight’s Special Cocktail is Tuna Colada."
2722,4907,3,11,68,82,1.2073170731707317,0.05414970515633626,628,Do you want to hear a fishy story—not very finny?
2746,4907,1,15,66,82,1.2073170731707317,0.048269683280641934,628,Don't be judgmental.
2779,4907,2,13,67,82,1.2073170731707317,0.05129401959552221,628,You should see the other guy.
2964,4907,0,17,65,82,1.2073170731707317,0.04504273750296656,628,I like the new 'do.
2857,4907,2,13,67,82,1.2073170731707317,0.05129401959552221,628,"Yes, I'm ""that"" fish out of water, and I know how to drink."
2900,4907,4,9,69,82,1.2073170731707317,0.05686215517169996,628,"Barkeep, you certainly have a tankless job."
2672,4907,3,11,68,82,1.2073170731707317,0.05414970515633626,628,"My wife said, “That’s what happens when you drink like a fish.” For once, she had to be right!"
3129,5146,3,12,72,87,1.206896551724138,0.052057200856832346,628,Let me fin-ish!
2465,5146,2,14,71,87,1.206896551724138,0.049423111543959376,628,Without salt on the rim please.
7481,5146,4,10,73,87,1.206896551724138,0.054564277392910844,628,"The usual, water on the side."
1327,5146,3,12,72,87,1.206896551724138,0.052057200856832346,628,You're my Ahab
1247,5146,3,12,72,87,1.206896551724138,0.052057200856832346,628,Yes I drink like a fish!
2241,5146,3,12,72,87,1.206896551724138,0.052057200856832346,628,put an oyster in that martini
3192,5146,0,18,69,87,1.206896551724138,0.04368097459950705,628,"Dude, if you'd had to put on the whole overjoyed frenzy thing that some shmuck from Cleveland was tearing apart a loaf of stale, white bread again ..."
5884,5146,0,18,69,87,1.206896551724138,0.04368097459950705,628,Well you eat like a human!
4278,5146,4,10,73,87,1.206896551724138,0.054564277392910844,628,My wife says I should stay off the Rye.
5607,5146,1,16,70,87,1.206896551724138,0.04664049472641468,628,"Look, it's been a long day! Just get me another tequila worm!"
6483,5146,2,14,71,87,1.206896551724138,0.049423111543959376,628,Whiskey helps
910,5146,2,14,71,87,1.206896551724138,0.049423111543959376,628,Enough with the water. Give me a shot of tequila with a worm!
6531,5146,2,14,71,87,1.206896551724138,0.049423111543959376,628,"Scotch and water, please. Hold the Scotch."
3895,5146,3,12,72,87,1.206896551724138,0.052057200856832346,628,You watered down my drinks!
672,5146,4,10,73,87,1.206896551724138,0.054564277392910844,628,So I said ‘Fine! Leave! There are plenty more people on land!’
4131,5146,3,12,72,87,1.206896551724138,0.052057200856832346,628,Good this is not a sushi bar.
5247,5162,3,13,76,92,1.2065217391304348,0.050174191266479935,628,I think it all began after I dropped out of school.
4381,5162,1,17,74,92,1.2065217391304348,0.04516266580668786,628,Stop me if you heard this one…An aquatic craniate and a tetrapod walk into a bar…
3927,5162,1,17,74,92,1.2065217391304348,0.04516266580668786,628,Sometimes they say I drink like a player
2776,5162,3,13,76,92,1.2065217391304348,0.050174191266479935,628,.....and his big mistake was thinking he would swallow the goldfish.
430,5162,6,7,79,92,1.2065217391304348,0.05686935993101575,628,I've gone solo from the priest and the rabbi.
7460,5162,1,17,74,92,1.2065217391304348,0.04516266580668786,628,"Hey! Correct me if I'm wrong, but only one of us pulls down enough to live in a faux-coral orange plastic castle, so put a sock in it and keep 'em coming!"
6082,5168,2,13,68,83,1.2048192771084338,0.05073377572184538,628,"Tequila.  But, please, I've not had a good experience with worms."
1509,5168,1,15,67,83,1.2048192771084338,0.04774994909656091,628,I'm not a stereotype; I don't drink much as a rule
1649,5168,3,11,69,83,1.2048192771084338,0.05355160463762834,628,This is nothing compared to what we drink in the ocean.
1898,5168,2,13,68,83,1.2048192771084338,0.05073377572184538,628,My wife's always telling me I drink like a human.
2094,5168,1,15,67,83,1.2048192771084338,0.04774994909656091,628,"Margarita, please with a double pinch of salt."
2390,5168,2,13,68,83,1.2048192771084338,0.05073377572184538,628,They said this is the place to go if you want to drink like a fish...
2575,5168,3,11,69,83,1.2048192771084338,0.05355160463762834,628,There was no wet bar in the room.
2741,5168,4,9,70,83,1.2048192771084338,0.05622839780338052,628,"Bartender: “nice catch”
Fish: “nice hook... but, it didn’t reel me in.”"
3458,5168,2,13,68,83,1.2048192771084338,0.05073377572184538,628,And you pour like a human being.  What of it?
3524,5168,3,11,69,83,1.2048192771084338,0.05355160463762834,628,"No, I won’t hand over my car keys!"
3643,5168,2,13,68,83,1.2048192771084338,0.05073377572184538,628,Another shot won't hurt. I've drunk way more every day since I was born.
4246,5168,5,7,71,83,1.2048192771084338,0.05878342521328233,628,Plenty of Fish?
4432,5168,2,13,68,83,1.2048192771084338,0.05073377572184538,628,"Don't even think it, buddy. And yes, I'll have another."
4619,5168,2,13,68,83,1.2048192771084338,0.05073377572184538,628,"I'd like a finn and tonic, please."
5713,5168,2,13,68,83,1.2048192771084338,0.05073377572184538,628,"Yes, six bourbons are easing my rejection for The Shape of Water, The Sequel."
5800,5168,2,13,68,83,1.2048192771084338,0.05073377572184538,628,"I'll have you know, before I started drinking like this, I used to be a depressed horse."
5831,5168,1,15,67,83,1.2048192771084338,0.04774994909656091,628,Do I look like I need a water chaser?
5894,5168,3,11,69,83,1.2048192771084338,0.05355160463762834,628,"Bourbon, no water. I know what I do in it."
6105,5168,3,11,69,83,1.2048192771084338,0.05355160463762834,628,"Where the hell do you think they got it in the first place,buster."
3283,5168,3,11,69,83,1.2048192771084338,0.05355160463762834,628,It's quarter to 3. There's no one in the place except you and me. So set 'em up Joe. I've got a fish story you outa know.
451,5168,1,15,67,83,1.2048192771084338,0.04774994909656091,628,"This the only place I can drown my sorrows, OK?"
2038,5168,3,11,69,83,1.2048192771084338,0.05355160463762834,628,"Of course I want it straight. The last thing I need is water in my Scotch, too."
180,5168,1,15,67,83,1.2048192771084338,0.04774994909656091,628,You better NOT give me another dry martini.
1558,5191,4,10,74,88,1.2045454545454546,0.053991879176445545,628,"Who you calling ""Guppy""?"
1916,5191,1,16,71,88,1.2045454545454546,0.04616734730784048,628,"Now I remember!  Sheepshead Bay, 2014, you in that stupid little rowboat!  Well, you didn’t get me then, and you ain’t  gettin’ me now, unnnerstand?!"
4236,5191,2,14,72,88,1.2045454545454546,0.04891479303131595,628,"So I told her, ""Go ahead and leave; there're plenty of other fish in the sea."""
6649,5191,3,12,73,88,1.2045454545454546,0.05151591984183321,628,"I said side of tonic, NO ICE!"
7222,5195,2,11,61,74,1.2027027027027026,0.05435403616647045,628,Make it a strong double please. I drink like a fish.
4816,5196,2,12,65,79,1.2025316455696202,0.05215183571084887,628,Who's the big fish around here?
4809,5196,3,10,66,79,1.2025316455696202,0.055175935994185736,628,I would not last an hour if I went dry.
3289,5196,0,16,63,79,1.2025316455696202,0.04550465996318567,628,"Of course I don't want it ""dry!"""
4786,5196,1,14,64,79,1.2025316455696202,0.04894123029908691,628,No more. You're swimming in alcohol!
5017,5196,1,14,64,79,1.2025316455696202,0.04894123029908691,628,Don't worry. I can drink like a fish.
5131,5196,1,14,64,79,1.2025316455696202,0.04894123029908691,628,I'm a fish. I drink. Don't make a big thing out of it.
5160,5196,0,16,63,79,1.2025316455696202,0.04550465996318567,628,It's not like I'm counting the gulps of air you take!
5168,5196,2,12,65,79,1.2025316455696202,0.05215183571084887,628,"A vat of water, please. Still, not fizzy."
3004,5196,4,8,67,79,1.2025316455696202,0.05804268995883625,628,I am a relapsed AA member not AAA
4602,5196,1,14,64,79,1.2025316455696202,0.04894123029908691,628,Another one to drown the sarrows... but I can't drowm
4960,5196,3,10,66,79,1.2025316455696202,0.055175935994185736,628,Last chance! Where’s my worm?
4569,5196,2,12,65,79,1.2025316455696202,0.05215183571084887,628,"What, you never saw a fish out of water?"
3361,5196,2,12,65,79,1.2025316455696202,0.05215183571084887,628,Make it a double. Carp diem.
3400,5196,2,12,65,79,1.2025316455696202,0.05215183571084887,628,"“Its called a “Swordfish” and it is made with Irish Whiskey, Cointreau  and  soda.”"
4525,5196,1,14,64,79,1.2025316455696202,0.04894123029908691,628,"Barkeep, I'll have a water. And keep 'em coming."
4452,5196,0,16,63,79,1.2025316455696202,0.04550465996318567,628,I don't appreciate being profiled like I'm some bottom feeder.
5200,5196,1,14,64,79,1.2025316455696202,0.04894123029908691,628,"So I said ‘sure, there are plenty more fish in the sea, but there’s only one sexy cod in this bar, kid!’"
4294,5196,0,16,63,79,1.2025316455696202,0.04550465996318567,628,"Do you still have those ""floaty"" bar snacks?"
4210,5196,2,12,65,79,1.2025316455696202,0.05215183571084887,628,"With a deluge, si'l vous plait."
4208,5196,1,14,64,79,1.2025316455696202,0.04894123029908691,628,"We were out to dinner , sharing a delicious worm and then, she was gone."
3385,5196,2,12,65,79,1.2025316455696202,0.05215183571084887,628,Is there something wrong with drinking like a fish?
3945,5196,1,14,64,79,1.2025316455696202,0.04894123029908691,628,So now you know.  Don’t ever say someone looks ‘fishy’ again!
3821,5196,3,10,66,79,1.2025316455696202,0.055175935994185736,628,"Of course you're a winner! All I need is your social security number, age and address."
3750,5196,3,10,66,79,1.2025316455696202,0.055175935994185736,628,"One more tequila, and hold the worm."
3731,5196,3,10,66,79,1.2025316455696202,0.055175935994185736,628,"So where do YOU think the expression ""drinks like a fish"" came from?"
3709,5196,2,12,65,79,1.2025316455696202,0.05215183571084887,628,Anything that's not seawater.
3598,5196,2,12,65,79,1.2025316455696202,0.05215183571084887,628,So the next time you tell somebody they drink like a fish. you'll actually know what you're talking about!
3562,5196,3,10,66,79,1.2025316455696202,0.055175935994185736,628,After my third drink throw me back in the pond.
3845,5196,0,16,63,79,1.2025316455696202,0.04550465996318567,628,Listen ... I'm not trying to be Koi.  I've had a bad day at school and I  plan on drinking like a human.
5218,5196,0,16,63,79,1.2025316455696202,0.04550465996318567,628,"I’d like an Ocean Breeze with Captain Morgan's Spiced Rum served in a 
Conch shell please."
6237,5196,2,12,65,79,1.2025316455696202,0.05215183571084887,628,"Can you make me a koi mistress, straight up, rocks on the side?"
5265,5196,2,12,65,79,1.2025316455696202,0.05215183571084887,628,I may be a fish outta water but why are you a bartender outta gin?
6212,5196,1,14,64,79,1.2025316455696202,0.04894123029908691,628,"No, Wise Guy, you heard me - neat, no water, no rocks."
5979,5196,1,14,64,79,1.2025316455696202,0.04894123029908691,628,"A cod, a shark and a white whale walk into a bar..."
6573,5196,0,16,63,79,1.2025316455696202,0.04550465996318567,628,A Fish out of Vodka
6587,5196,2,12,65,79,1.2025316455696202,0.05215183571084887,628,"Of course, I'll take my martini WET."
6790,5196,2,12,65,79,1.2025316455696202,0.05215183571084887,628,Most of these don't pass the smell test.
6803,5196,1,14,64,79,1.2025316455696202,0.04894123029908691,628,I feel so out of place. If only there was a metaphor for that...
6957,5196,3,10,66,79,1.2025316455696202,0.055175935994185736,628,"Ok for $300 we'll go to your place, and I'll lay my eggs in your mouth. I'll need cab fare back to the aquarium."
7041,5196,1,14,64,79,1.2025316455696202,0.04894123029908691,628,I dare you to ask if I drink like a fish.
7232,5196,3,10,66,79,1.2025316455696202,0.055175935994185736,628,Filet them up!
7261,5196,2,12,65,79,1.2025316455696202,0.05215183571084887,628,Too big for the koi pond he says. And I say maybe too big for YOUR pond. Yeah.
7296,5196,2,12,65,79,1.2025316455696202,0.05215183571084887,628,"No, I don't want the goldfish. Give me the pretzels."
7322,5196,3,10,66,79,1.2025316455696202,0.055175935994185736,628,"Yes, I am out of water. Now, are you out of bourbon?"
7457,5196,1,14,64,79,1.2025316455696202,0.04894123029908691,628,"Ralph, a couple of quickies, I'm headding up stream today."
5237,5196,3,10,66,79,1.2025316455696202,0.055175935994185736,628,I’m developing capacity to drink like a fish.
7779,5196,1,14,64,79,1.2025316455696202,0.04894123029908691,628,This is my first visit to New York.  I feel like a fish out of water.
2871,5196,2,12,65,79,1.2025316455696202,0.05215183571084887,628,I come from a long line of fish who drink like fish.
3525,5196,1,14,64,79,1.2025316455696202,0.04894123029908691,628,"Scotch and water, please. And hold the scotch."
7907,5196,1,14,64,79,1.2025316455696202,0.04894123029908691,628,I feel a little out of my element.
5902,5196,3,10,66,79,1.2025316455696202,0.055175935994185736,628,"Hey, I'm okay with watered-down drinks."
6315,5196,2,12,65,79,1.2025316455696202,0.05215183571084887,628,I am tired of these waterdowned drinks
5860,5196,1,14,64,79,1.2025316455696202,0.04894123029908691,628,"So yeah, that's how I wound up here. Fell for her, hook, line, and sinker."
5853,5196,3,10,66,79,1.2025316455696202,0.055175935994185736,628,Why do you look so surprised?
5833,5196,3,10,66,79,1.2025316455696202,0.055175935994185736,628,"Don't YOU tell me I drink like a fish! Than's profiling!

Leslie Hardin, Summit NJ"
5707,5196,3,10,66,79,1.2025316455696202,0.055175935994185736,628,"Look, pal- Unless you want to be neighbors, you'll keep 'em comin'."
5669,5196,3,10,66,79,1.2025316455696202,0.055175935994185736,628,Can I get some fin and tonic?
5605,5196,3,10,66,79,1.2025316455696202,0.055175935994185736,628,Have I got a tale for you!
5481,5196,2,12,65,79,1.2025316455696202,0.05215183571084887,628,Tequila.  No worm.
5480,5196,3,10,66,79,1.2025316455696202,0.055175935994185736,628,"You ever hear the one about a tuna, a guppy and a carp?"
7807,5196,1,14,64,79,1.2025316455696202,0.04894123029908691,628,"If it weren't for me, you wouldn't be in business."
2856,5196,4,8,67,79,1.2025316455696202,0.05804268995883625,628,Six shots and keep ‘EM coming. You know how I drink.
4773,5196,2,12,65,79,1.2025316455696202,0.05215183571084887,628,Whisky straight up with a large bowl of water on the side.
2734,5196,2,12,65,79,1.2025316455696202,0.05215183571084887,628,Plain water please.
1551,5196,2,12,65,79,1.2025316455696202,0.05215183571084887,628,"Keep those waters coming, please."
1439,5196,1,14,64,79,1.2025316455696202,0.04894123029908691,628,"What's your problem, man. I am a fish, therefore I drink like one."
1422,5196,2,12,65,79,1.2025316455696202,0.05215183571084887,628,My wife complains that I drink like a fish.
1414,5196,3,10,66,79,1.2025316455696202,0.055175935994185736,628,"Before Luca Brasi sleeps with the fishes, he likes to take them out for a few drinks first."
1237,5196,1,14,64,79,1.2025316455696202,0.04894123029908691,628,Whaddaya mean you’re outta water?
1181,5196,2,12,65,79,1.2025316455696202,0.05215183571084887,628,No water in my bourbon
935,5196,3,10,66,79,1.2025316455696202,0.055175935994185736,628,I guess its time to stop pretending to be a dry drunk.
577,5196,1,14,64,79,1.2025316455696202,0.04894123029908691,628,"So, this fish walks into a bar... ."
497,5196,2,12,65,79,1.2025316455696202,0.05215183571084887,628,"I'm not a sea bass and I'm not from from Chile, there I said it."
475,5196,1,14,64,79,1.2025316455696202,0.04894123029908691,628,"Keep them coming, Larry. I'll just take a sub home."
418,5196,4,8,67,79,1.2025316455696202,0.05804268995883625,628,"No, maybe it's you that drinks like a fish!"
386,5196,0,16,63,79,1.2025316455696202,0.04550465996318567,628,"Well, you drink like a mustachioed bartender!"
365,5196,3,10,66,79,1.2025316455696202,0.055175935994185736,628,"No thanks, only fools eat the worm."
336,5196,1,14,64,79,1.2025316455696202,0.04894123029908691,628,"What's my poison?  PCBs, mostly."
276,5196,2,12,65,79,1.2025316455696202,0.05215183571084887,628,Call me Nemo again!...
260,5196,3,10,66,79,1.2025316455696202,0.055175935994185736,628,"I'll have a bourbon and branch water, and hold the bourbon."
2818,5196,3,10,66,79,1.2025316455696202,0.055175935994185736,628,"So, yeah, I kissed the guppy and took her home with me.  Next morning she was gone but there was this green thing splashing around in the bathtub"
1557,5196,2,12,65,79,1.2025316455696202,0.05215183571084887,628,"Actually, I’m kinda parched,could l have a double Don Julio with a side of salty water."
1598,5196,2,12,65,79,1.2025316455696202,0.05215183571084887,628,What do you call a male mermaid? A barmaid.
77,5196,2,12,65,79,1.2025316455696202,0.05215183571084887,628,I've had enough. How far is the gulfstream?
2347,5196,1,14,64,79,1.2025316455696202,0.04894123029908691,628,Grog me to the gills.
2655,5196,3,10,66,79,1.2025316455696202,0.055175935994185736,628,"So my father says to my mom, ""I know a way we can make a few fast bucks smuggling tropical fish back home with us."""
2633,5196,4,8,67,79,1.2025316455696202,0.05804268995883625,628,Look you.  I'm sick and tired of being told I drink like a fish.  Just keep 'em coming.
2573,5196,2,12,65,79,1.2025316455696202,0.05215183571084887,628,I want to get tanked!
2507,5196,2,12,65,79,1.2025316455696202,0.05215183571084887,628,Tell me if this sounds fishy.
2350,5196,1,14,64,79,1.2025316455696202,0.04894123029908691,628,I think that comment is fishist!
2703,5196,0,16,63,79,1.2025316455696202,0.04550465996318567,628,ID!!!!  You gotta be kidding!  Don't I look a LOT older than 21???
2288,5196,1,14,64,79,1.2025316455696202,0.04894123029908691,628,So that's the real story behind gold fish crackers.
2256,5196,0,16,63,79,1.2025316455696202,0.04550465996318567,628,What do you mean 'another'? How many have I had?
2202,5196,1,14,64,79,1.2025316455696202,0.04894123029908691,628,"You know, sometimes I just feel like a fish our of water."
1922,5196,1,14,64,79,1.2025316455696202,0.04894123029908691,628,What? Would you rather I drink like an elephant?
2164,5196,2,12,65,79,1.2025316455696202,0.05215183571084887,628,My unusually beautiful body needs a cold one.
2078,5196,3,10,66,79,1.2025316455696202,0.055175935994185736,628,"So I sez to 'er I sez, 'Look, I can't handle livin' in this fish bowl no more!'"
2074,5196,1,14,64,79,1.2025316455696202,0.04894123029908691,628,"You’re thinking I drink like a fish, am I right?"
2057,5196,1,14,64,79,1.2025316455696202,0.04894123029908691,628,Another worm with a tequila back.
2032,5196,2,12,65,79,1.2025316455696202,0.05215183571084887,628,"Believe me, it's not easy being a fish out of water."
1993,5196,1,14,64,79,1.2025316455696202,0.04894123029908691,628,"Well, you drink like a man!"
1938,5196,2,12,65,79,1.2025316455696202,0.05215183571084887,628,"For the last time, NO. I would NOT like a straw!"
1935,5196,2,12,65,79,1.2025316455696202,0.05215183571084887,628,You're the guy who hooked my wife!
2195,5196,2,12,65,79,1.2025316455696202,0.05215183571084887,628,"I know I'm out of the water, but I can hold a lot more liquid than you'd think."
7574,5300,3,11,70,84,1.2023809523809523,0.05296639920604616,628,Something  fishy in this drink
6874,5300,3,11,70,84,1.2023809523809523,0.05296639920604616,628,You can cut me off if I get wall-eyed.
1096,5300,3,11,70,84,1.2023809523809523,0.05296639920604616,628,My DNA is evolving ... how about yours?
4449,5300,2,13,69,84,1.2023809523809523,0.05018543326712824,628,"I’ll take a dirty martini, and can you put it in a bowl?"
5061,5300,2,13,69,84,1.2023809523809523,0.05018543326712824,628,They say I drink like a person.
622,5300,3,11,70,84,1.2023809523809523,0.05296639920604616,628,What time do the hot trout girls show?
4542,5306,3,10,67,80,1.2,0.05454065955141904,628,Fred will probably offer excuses but remind him that I'm the one that got away
4570,5306,1,14,65,80,1.2,0.04839186038889943,628,I'll have a plankton on the rocks.
3244,5306,3,10,67,80,1.2,0.05454065955141904,628,"""Make it a double--with lots of water on the side."""
4711,5306,3,10,67,80,1.2,0.05454065955141904,628,Don't ask—I've got bigger fish to fry.
4868,5306,2,12,66,80,1.2,0.05155800469472481,628,Just save the jokes about how I drink.
4876,5306,1,14,65,80,1.2,0.04839186038889943,628,I'll have water with a water chaser.
4921,5306,3,10,67,80,1.2,0.05454065955141904,628,"I’m tellin’ you, when I was in school getting hooked, not bullets, was the concern of the fry!"
4955,5306,2,12,66,80,1.2,0.05155800469472481,628,"Hello sir, may I get a glass of bubbly?"
4981,5306,1,15,69,85,1.2,0.04674263524428026,628,No. I don't want a DRY martini.
4990,5306,3,10,67,80,1.2,0.05454065955141904,628,“I may look like an idiot and talk like an idiot but don't let that fool you. I really am Groucho Marx.”
4991,5306,0,16,64,80,1.2,0.045003516037040954,628,"If I'm a fish-out-of-water, you're a pathetic excuse for a sympathetic bartender."
4697,5306,1,14,65,80,1.2,0.04839186038889943,628,Can I have a bottle of water. I’m really dried out.
5012,5306,4,8,68,80,1.2,0.05736845161328941,628,"If you think I’m hooked, you shoulda seen my cousin last weekend, obliterated at the sand bar."
3958,5306,2,12,66,80,1.2,0.05155800469472481,628,"No 'drinks like a fish' jokes, please."
4448,5306,1,14,65,80,1.2,0.04839186038889943,628,You heard me: a bone-dry martini with a twist of lemon!
5023,5306,2,12,66,80,1.2,0.05155800469472481,628,I know my limits with drinking. Food? That's a different subject.
3471,5306,3,10,67,80,1.2,0.05454065955141904,628,"Listen, bud. One more joke about a fish walking into a bar, and this scotch goes up your nose."
3482,5306,0,16,64,80,1.2,0.045003516037040954,628,Enough with the drinks like a fish stuff!
3488,5306,0,16,64,80,1.2,0.045003516037040954,628,Wadda you mean I drink like a fish?
3532,5306,2,12,66,80,1.2,0.05155800469472481,628,I'm tired of the canard that I drink like a fish!
3588,5306,0,16,64,80,1.2,0.045003516037040954,628,And YOU breathe like a human!
3604,5306,0,16,64,80,1.2,0.045003516037040954,628,So.  I drink like a fish.  Well duh!
3689,5306,1,14,65,80,1.2,0.04839186038889943,628,"No! It begins ""You can lead a horse to water"""
3704,5306,3,10,67,80,1.2,0.05454065955141904,628,Don't worry about my drinking.  I called a cod.
3766,5306,2,12,66,80,1.2,0.05155800469472481,628,I settled the tab.  Don't tell me you want another fin!
3991,5306,4,8,68,80,1.2,0.05736845161328941,628,Line 'em up and keep 'em coming. I'm here to get totally pickled!
4016,5306,1,14,65,80,1.2,0.04839186038889943,628,"Hit me again...and don't be koi with me,"
4099,5306,1,14,65,80,1.2,0.04839186038889943,628,"What do you mean, you're cutting me off? I know it's my seventh one, but I've got to keep drinking to survive."
4274,5306,2,12,66,80,1.2,0.05155800469472481,628,"Water, water everywhere,"" I told that bastard, ""and not a drop to drink."
4291,5306,2,12,66,80,1.2,0.05155800469472481,628,"Um...excuse me, bartender....can't you see I'm a fish outta water!"
4315,5306,2,12,66,80,1.2,0.05155800469472481,628,I brought my bicycle or I’d ask for a Screaming Orgasm.
4361,5306,2,12,66,80,1.2,0.05155800469472481,628,"I tell ya, it’s like living in a fishbowl."
4522,5306,1,14,65,80,1.2,0.04839186038889943,628,If I got a dime every time one of you told me I look like a fish out of water...
5049,5306,3,10,67,80,1.2,0.05454065955141904,628,set em up and don’t ask if it’s a “school reunion”
6357,5306,1,14,65,80,1.2,0.04839186038889943,628,Just water. Make it a double.
5132,5306,3,10,67,80,1.2,0.05454065955141904,628,"Well, of course I do! That's what I am!"
6778,5306,3,10,67,80,1.2,0.05454065955141904,628,"So a sailor, a fisherman, and a deep sea diver walk into a bar..."
6853,5306,0,16,64,80,1.2,0.045003516037040954,628,Just keeping up my reputation . . .
6868,5306,1,14,65,80,1.2,0.04839186038889943,628,This an interesting twist on a sand bar.
6918,5306,2,12,66,80,1.2,0.05155800469472481,628,"Catch of the day, on the rocks."
7093,5306,3,10,67,80,1.2,0.05454065955141904,628,"#1
I’ll have an extra dry martini



#2
A fish walked into a bar..,,"
7171,5306,3,10,67,80,1.2,0.05454065955141904,628,"I'm a herring and my wife left me, so I intend on drinking till I'm a pickled herring"
7194,5306,2,12,66,80,1.2,0.05155800469472481,628,I know when someone waters my drinks.
7312,5306,2,12,66,80,1.2,0.05155800469472481,628,I feel like I could use more ice.
7317,5306,1,14,65,80,1.2,0.04839186038889943,628,That's funny- my ex said I drank like a human.
7378,5306,2,12,66,80,1.2,0.05155800469472481,628,"Hey barkeep, you got any sea salt back there?"
7413,5306,1,14,65,80,1.2,0.04839186038889943,628,"I'm here to refute the ""A Big Old Fat Fish came into a bar"" joke.  Fake News!"
7420,5306,0,16,64,80,1.2,0.045003516037040954,628,"Thanks for the drink bartender”. “No problem, catch ya later"
7564,5306,1,14,65,80,1.2,0.04839186038889943,628,Call me a cab.  I don't drink and spawn.
7608,5306,0,16,64,80,1.2,0.045003516037040954,628,"Don't be tryin' to cut me off pal, or you'll be sleepin' with the capos."
7915,5306,1,14,65,80,1.2,0.04839186038889943,628,"I think you misheard, you belong in a BARRELL"
6745,5306,3,10,67,80,1.2,0.05454065955141904,628,"Now that you mention it, I do feel a little out of place."
5076,5306,2,12,66,80,1.2,0.05155800469472481,628,"Yeah, so, I drink like a fish. Give me another 
Harvey-Wave-Banger!"
6708,5306,2,12,66,80,1.2,0.05155800469472481,628,"No, I’m not interested in the fish bowl special."
6405,5306,2,12,66,80,1.2,0.05155800469472481,628,The plastic straws? I ate them. Is that bad?
5136,5306,2,12,66,80,1.2,0.05155800469472481,628,"Even though I'm a fish out of water, I can still drink like a fish."
5145,5306,3,10,67,80,1.2,0.05454065955141904,628,"Listen, I didn’t comment on your shiny bald head, so I don’t appreciate you saying I drink like a fish."
5210,5306,2,12,66,80,1.2,0.05155800469472481,628,"Margarita on the rocks,with salt"
5369,5306,2,12,66,80,1.2,0.05155800469472481,628,"And then, sadly, I threw him back."
5401,5306,1,14,65,80,1.2,0.04839186038889943,628,I drink like a living creature. Why do you have to point out that I'm a fish?
5456,5306,1,14,65,80,1.2,0.04839186038889943,628,"Well if you ask me, we'd be much better off if Halibut Clinton was president."
5501,5306,1,14,65,80,1.2,0.04839186038889943,628,Screw this dry month challenge! Give me a glass of water!
5753,5306,3,10,67,80,1.2,0.05454065955141904,628,It’s none of your business if I drink like a fish!
5863,5306,1,14,65,80,1.2,0.04839186038889943,628,"Another Ocean Mist, and keep em coming. You don't get a tip if I die."
5948,5306,1,14,65,80,1.2,0.04839186038889943,628,I’ll have you know Sir- I don’t drink thaaat much.
5966,5306,3,12,75,90,1.2,0.05046599329648382,628,"Bartender: That will be $16.50 for the Gin and Tonic... you know we don't get many goldfish in here.
Goldfish: For these prices I can see why not."
6145,5306,1,14,65,80,1.2,0.04839186038889943,628,Clean this place up! Then I'll rescue your bar!
6203,5306,1,14,65,80,1.2,0.04839186038889943,628,"Gil, its fish or cut bait."
6261,5306,2,12,66,80,1.2,0.05155800469472481,628,"Sure, I drink like a fish... YOU swim like a human."
3013,5306,1,14,65,80,1.2,0.04839186038889943,628,"Don't be coy, give me the hard stuff."
6650,5306,3,10,67,80,1.2,0.05454065955141904,628,I'll be fine - I drink plenty of water.
2920,5306,0,16,64,80,1.2,0.045003516037040954,628,Let's try some of your hard water.
3973,5306,2,12,66,80,1.2,0.05155800469472481,628,Another round! Don’t be coy with me!
2731,5306,2,12,66,80,1.2,0.05155800469472481,628,"So she said we're just swimming in different directions. Anyway, I don't mean to be carping on."
1234,5306,2,12,66,80,1.2,0.05155800469472481,628,Luca Brasi?  Fuggeddaboudit.
1209,5306,3,10,67,80,1.2,0.05454065955141904,628,"Scotch.
Hold the water."
992,5306,1,14,65,80,1.2,0.04839186038889943,628,I dumped my girlfriend.  She drinks like a horse.
930,5306,2,12,66,80,1.2,0.05155800469472481,628,"No, not a mermaid and you're not a sushi bar, right?"
919,5306,1,14,65,80,1.2,0.04839186038889943,628,Just give me something that pairs with fish.
872,5306,1,15,69,85,1.2,0.04674263524428026,628,Whenever I'm in a bar I feel like a fish out of water.
829,5306,1,14,65,80,1.2,0.04839186038889943,628,Whatcha you lookin' at
819,5306,3,10,67,80,1.2,0.05454065955141904,628,I don’t want to hear any snarky comments about how I drink like a fish.
2789,5306,2,12,66,80,1.2,0.05155800469472481,628,"I may be a fish, but I drink like a man!"
798,5306,1,14,65,80,1.2,0.04839186038889943,628,"A priest, rabbi, and an imam walk into a bar..."
752,5306,1,15,69,85,1.2,0.04674263524428026,628,Do my scales look tipsy?
700,5306,4,8,68,80,1.2,0.05736845161328941,628,Give me another fresh water on the rocks
679,5306,2,12,66,80,1.2,0.05155800469472481,628,Keep 'em coming. My buddy Chimney just went out for a smoke.
639,5306,2,12,66,80,1.2,0.05155800469472481,628,Just becuse I look like one doesn't mean I drink like one.
628,5306,3,10,67,80,1.2,0.05454065955141904,628,About time you learned how to drink like a fish.
578,5306,3,10,67,80,1.2,0.05454065955141904,628,"You know when they say bad people may end up swimming with the fishes? Well, I'm the fishes!"
465,5306,3,10,67,80,1.2,0.05454065955141904,628,Something just doesn't add up. Smells pretty human to me.
425,5306,2,12,66,80,1.2,0.05155800469472481,628,"It may sound flippant; but I'm not acting coy , I am koi."
199,5306,1,14,65,80,1.2,0.04839186038889943,628,"I may be drunk, sir, but fish don't get a hangover."
173,5306,1,14,65,80,1.2,0.04839186038889943,628,"I’m told you, I’m fine. Quit watering me down."
128,5306,1,14,65,80,1.2,0.04839186038889943,628,Whatever -- just make it dry.
30,5306,3,10,67,80,1.2,0.05454065955141904,628,“Of course I drink like a fish. I AM a fish!”
6,5306,3,10,67,80,1.2,0.05454065955141904,628,Gimme a Virgin Margaretta with salt-I just got out of the tank.
1330,5306,0,16,64,80,1.2,0.045003516037040954,628,Of course I drink like a fish!  What’s your point?
1359,5306,1,14,65,80,1.2,0.04839186038889943,628,"Something dry, for a change."""
811,5306,2,12,66,80,1.2,0.05155800469472481,628,Surprise me
1677,5306,3,10,67,80,1.2,0.05454065955141904,628,"Clams, mussels, soft-shell crabs, and a Sex on the Beach."
2643,5306,2,14,74,90,1.2,0.04792836935744237,628,"I don’t know, it’s just that I don’t fit in there. I just don’t know what I’m doing in the office. Square peg in a round hole, you know??"
1498,5306,1,14,65,80,1.2,0.04839186038889943,628,Don’t scale me back. I’ve only had six.
2494,5306,2,12,66,80,1.2,0.05155800469472481,628,Anarchists? In DSA?
2404,5306,3,10,67,80,1.2,0.05454065955141904,628,"Straight up, please.  I've had my fill of water today!"
2364,5306,1,14,65,80,1.2,0.04839186038889943,628,Does something smell fishy in here??
2341,5306,3,10,67,80,1.2,0.05454065955141904,628,"Hey Bub, I’ll have a martini on the rocks, extra dry—also would you happen to know anyone looking to hook up with a very fresh catch?!?"
2329,5306,1,14,65,80,1.2,0.04839186038889943,628,I’d like a gill of seawater on the rocks.
2316,5306,1,14,65,80,1.2,0.04839186038889943,628,"I swear, if just one more guy offers to buy me a Sea Breeze..."
2293,5306,1,14,65,80,1.2,0.04839186038889943,628,Who said I drink like a fish
2242,5306,2,12,66,80,1.2,0.05155800469472481,628,Fish don’t actually drink the water. So that’s a misnomer.
2234,5306,2,12,66,80,1.2,0.05155800469472481,628,"As W.C. Fields once said, 'I don't drink water ...'"
2215,5306,3,10,67,80,1.2,0.05454065955141904,628,She wouldn’t believe me when I told her there were other fish in the sea
2534,5306,1,14,65,80,1.2,0.04839186038889943,628,You told everybody I drink like a fish!
2086,5306,1,14,65,80,1.2,0.04839186038889943,628,"Margarita, and easy on the salt."
2189,5306,1,14,65,80,1.2,0.04839186038889943,628,"I'm a teetotalitarian, but I still drink wine."
1707,5306,3,10,67,80,1.2,0.05454065955141904,628,"Six tequilas and still no worm, dammit!"
1723,5306,2,12,66,80,1.2,0.05155800469472481,628,"Don't mean to carp, but these shots seem watered down."
1790,5306,2,12,66,80,1.2,0.05155800469472481,628,You would drink like a fish too if you were in my fins.
1882,5306,3,10,67,80,1.2,0.05454065955141904,628,Hey Mike... water's not everything you know...
1691,5306,3,10,67,80,1.2,0.05454065955141904,628,It is illegal to discriminate against Groupers!
1885,5306,2,13,70,85,1.2,0.04964862530219501,628,"Your Sea Breeze is nice, but your Maritime Martini lacks authenticity."
1924,5306,2,12,66,80,1.2,0.05155800469472481,628,"Hey, what kinds of water do you serve here?"
1949,5306,3,10,67,80,1.2,0.05454065955141904,628,"Yea I know the Incredible Mr. Limpet. Let me tell you, he's not so credible."
1958,5306,3,10,67,80,1.2,0.05454065955141904,628,"I am not accusing you of collusion, but you did replace my Fishbook with vodka."
1884,5306,3,10,67,80,1.2,0.05454065955141904,628,Don’t look surprised. Didn’t you see my movie?
3996,5432,2,12,67,81,1.1975308641975309,0.05097734030138908,628,You call this a marinated fish gills mojito?
1702,5432,2,12,67,81,1.1975308641975309,0.05097734030138908,628,"I see you are hallucinating again. I do drink like a fish, but I am not a fish."
1724,5432,1,14,66,81,1.1975308641975309,0.04785443813164026,628,"If you didn’t look so much like my nephew, I’d let you trill my gills."
1954,5432,2,12,67,81,1.1975308641975309,0.05097734030138908,628,Are we related?
2210,5432,3,10,68,81,1.1975308641975309,0.05391967358499372,628,"You're the fish out of water here, bub!"
2326,5432,1,14,66,81,1.1975308641975309,0.04785443813164026,628,"No, why don't don't you tell me what I drink like."
2348,5432,2,12,67,81,1.1975308641975309,0.05097734030138908,628,And I don't appreciate the accusation that I drink like a fish.
3167,5432,3,10,68,81,1.1975308641975309,0.05391967358499372,628,I'll take some water.
3358,5432,2,12,67,81,1.1975308641975309,0.05097734030138908,628,C'mon! I'm a fish out of seltzer!
4020,5432,2,12,67,81,1.1975308641975309,0.05097734030138908,628,"Pour out the tequila, just give me the worm, and a huge glass of water!"
6018,5432,1,14,66,81,1.1975308641975309,0.04785443813164026,628,I’m dying - give me another shot of water.
4707,5432,2,12,67,81,1.1975308641975309,0.05097734030138908,628,The worst thing about my father was that he drank like a fish.
4780,5432,2,12,67,81,1.1975308641975309,0.05097734030138908,628,I’ll have a mezcal with three worms.
4877,5432,2,12,67,81,1.1975308641975309,0.05097734030138908,628,"out of water, yes, but I have dreams..."
5720,5432,1,14,66,81,1.1975308641975309,0.04785443813164026,628,"Water back, please"
6694,5432,2,12,67,81,1.1975308641975309,0.05097734030138908,628,« Plenty of other fish in the sea »? Right.. Let me tell you something: this is just not true!
6740,5432,1,14,66,81,1.1975308641975309,0.04785443813164026,628,And top it off with the biggest worm you got.
7082,5432,1,14,66,81,1.1975308641975309,0.04785443813164026,628,I really resent your saying I drink like a fish.
7715,5432,1,14,66,81,1.1975308641975309,0.04785443813164026,628,Tom Collins and please drown it!
8023,5432,2,12,67,81,1.1975308641975309,0.05097734030138908,628,I changed the sign on the window to TGIFishday.
4386,5432,2,12,67,81,1.1975308641975309,0.05097734030138908,628,"Nooo, I drink like a sophisticated, New Yorker reading Manhattanite. Now gimme a beer."
1421,5432,2,12,67,81,1.1975308641975309,0.05097734030138908,628,"I don't care what they say, my fish stories are better than Trump's."
259,5432,2,12,67,81,1.1975308641975309,0.05097734030138908,628,I drink like a fish!
377,5432,3,10,68,81,1.1975308641975309,0.05391967358499372,628,Gimme the largest glass of water you can manage.
1145,5456,1,14,67,82,1.1951219512195121,0.047328588608598864,628,"I'm waiting for Blue Fish to show, then I'll order..."
1081,5456,3,10,69,82,1.1951219512195121,0.05331250832765854,628,"I'm doing the sequel called ""The Shape OUT of Water."
291,5456,3,10,69,82,1.1951219512195121,0.05331250832765854,628,I can decide for myself when I've had too much air!
4187,5456,3,10,69,82,1.1951219512195121,0.05331250832765854,628,"So I drink like a fish, eh? Have you ever swam a mile with my fins?  Have you? Have you?"
4612,5456,2,12,68,82,1.1951219512195121,0.050409417988450604,628,"I told her: ""same time, same plaice."""
5133,5456,2,12,68,82,1.1951219512195121,0.050409417988450604,628,"So I tell this Great White, 'Shark Week, Shmark Week. I'm Chicken-of-the-Sea, pal!'"
6841,5456,1,14,67,82,1.1951219512195121,0.047328588608598864,628,You don’t know how hard it is to get a drink where I’m from
6867,5456,1,14,67,82,1.1951219512195121,0.047328588608598864,628,I told you that I drink like a fish!
6887,5456,1,14,67,82,1.1951219512195121,0.047328588608598864,628,"Okay, who is the wise guy that told my wife I was sleeping with Luca Brasi?"
6958,5456,1,14,67,82,1.1951219512195121,0.047328588608598864,628,Do I look like someone who's ready to settle down?
7426,5456,2,12,68,82,1.1951219512195121,0.050409417988450604,628,"Can't deny that, but it's probably more accurate to say I curse like a sailor."
1625,5456,3,10,69,82,1.1951219512195121,0.05331250832765854,628,I’ll have a fishtail.
2805,5456,2,12,68,82,1.1951219512195121,0.050409417988450604,628,Who are you to tell me I’m out of water?
2369,5456,3,10,69,82,1.1951219512195121,0.05331250832765854,628,"Frank, the usual."
1214,5470,2,11,64,77,1.1948051948051948,0.052415870290318925,628,I'd like to add you to my LinkedIn network
1344,5470,1,13,63,77,1.1948051948051948,0.04904752754862677,628,"I heard them say I was going be ""swimming with the fishes,"" so I figured I'd be ready."
2978,5470,0,15,62,77,1.1948051948051948,0.04543012721724501,628,Don't you get fresh with me! I'm a salty one!
4289,5470,2,11,64,77,1.1948051948051948,0.052415870290318925,628,I get the feeling there's something humany about this joint!
4306,5470,3,9,65,77,1.1948051948051948,0.05558045481956562,628,"I’m so upset, Jimmy.  This time my husband really insulted me.  He said I drink like a fish."
4405,5470,0,15,62,77,1.1948051948051948,0.04543012721724501,628,I'm only here for a few weeks; my school has an excellent student exchange program.
4759,5470,1,13,63,77,1.1948051948051948,0.04904752754862677,628,I guess you could say that. What's your point?
4892,5470,1,13,63,77,1.1948051948051948,0.04904752754862677,628,Do you have something a little more slimy?
5468,5470,3,9,65,77,1.1948051948051948,0.05558045481956562,628,Scotch and water. Lots.  Hold the Scotch.
5978,5470,1,13,63,77,1.1948051948051948,0.04904752754862677,628,"Poseidon says, give him another, or else."
6222,5470,0,15,62,77,1.1948051948051948,0.04543012721724501,628,Swim not flight.
487,5470,1,13,63,77,1.1948051948051948,0.04904752754862677,628,"How would you feel if they fired you because after looking at the accounting books, something ""smelled human""?"
6792,5470,1,13,63,77,1.1948051948051948,0.04904752754862677,628,Quit watering down my drinks. I can't stand the stuff.
2962,5483,1,14,68,83,1.1927710843373494,0.04681395181381146,628,"I’ll have a land shark on the rocks, please"
6401,5483,2,12,69,83,1.1927710843373494,0.04985383079259017,628,What's your well water?
4898,5483,0,16,67,83,1.1927710843373494,0.04356245773777591,628,A tub of water-neat.
907,5483,1,14,68,83,1.1927710843373494,0.04681395181381146,628,"Alright, one more, and then I’m finally gonna go fight that bear."
3848,5483,3,10,70,83,1.1927710843373494,0.05271871399196457,628,I'm like a fish out of water until I get my first drink.
3255,5483,1,14,68,83,1.1927710843373494,0.04681395181381146,628,"I made a date on Match.com with ""Charlie"" - seems like a real character."
4303,5483,1,14,68,83,1.1927710843373494,0.04681395181381146,628,"Of course I drink one, I AM one!"
3248,5483,3,10,70,83,1.1927710843373494,0.05271871399196457,628,"Yeah,I drink like a fish. What's it to ya?"
5880,5491,2,11,65,78,1.1923076923076923,0.05179975117387882,628,Gimme a nightcap--and make it a double Luca Brazzi.
5625,5491,3,9,66,78,1.1923076923076923,0.054920074241356344,628,"Yes, being a fish out of water does make me drink like a fish."
4848,5491,1,13,64,78,1.1923076923076923,0.048479004617209574,628,What do you mean 7? This is my first drink.
5221,5491,2,11,65,78,1.1923076923076923,0.05179975117387882,628,No salt tonight deep diving tomorrow
1709,5491,2,11,65,78,1.1923076923076923,0.05179975117387882,628,Where's the salt in this water!?! I'm going to give you a terrible rating and report you for almost killing me! I'm a SALTWATER fish!
282,5491,0,15,63,78,1.1923076923076923,0.04491340062470325,628,What do you mean 'you fish?'
62,5491,1,13,64,78,1.1923076923076923,0.048479004617209574,628,"Yum, this is pretty good. Thank you."
2744,5491,2,11,65,78,1.1923076923076923,0.05179975117387882,628,Judging by the garbage . . .your economy is in great shape.
3691,5499,1,13,65,79,1.1898734177215189,0.04792327717974913,628,Just orange juice please. I'm a fish out of water!
3365,5499,2,11,66,79,1.1898734177215189,0.05119775815863595,628,'Any drink without water!'
2785,5499,2,11,66,79,1.1898734177215189,0.05119775815863595,628,"I said ‘No water’, dammit!"
2681,5499,0,15,64,79,1.1898734177215189,0.04440800097757109,628,I know what I drink like.  Don't say it.
2943,5499,0,15,64,79,1.1898734177215189,0.04440800097757109,628,Can I get one more clean water before I head home?
2486,5499,2,11,66,79,1.1898734177215189,0.05119775815863595,628,I’m cutting you off since you’ve been drinking like a fish.
7906,5499,1,13,65,79,1.1898734177215189,0.04792327717974913,628,A martini with DRY vermouth
3811,5499,2,11,66,79,1.1898734177215189,0.05119775815863595,628,I'll bet you think I'm dying of thirst.
3843,5499,1,13,65,79,1.1898734177215189,0.04792327717974913,628,"Drink like a fish, eh?  I drink like a damn whale!"
4119,5499,1,13,65,79,1.1898734177215189,0.04792327717974913,628,Just one Martini. I don't drink like a fish.
4254,5499,3,9,67,79,1.1898734177215189,0.05427504385344412,628,"You can’t cut me off, my job is on the line."
4334,5499,2,11,66,79,1.1898734177215189,0.05119775815863595,628,"Hey asshole, last time I was here you slipped me a Micky Finn."
4357,5499,2,11,66,79,1.1898734177215189,0.05119775815863595,628,Finally I can make you give me new water.
5252,5499,2,11,66,79,1.1898734177215189,0.05119775815863595,628,"I get it Roger, I know what I drink like."
5384,5499,1,13,65,79,1.1898734177215189,0.04792327717974913,628,You get the worm out of the Tequila bottle on my next shot and we've got a deal.
1347,5499,0,15,64,79,1.1898734177215189,0.04440800097757109,628,Can I drink?
5430,5499,3,9,67,79,1.1898734177215189,0.05427504385344412,628,"No, you're out of YOUR element, buddy."
5521,5499,1,13,65,79,1.1898734177215189,0.04792327717974913,628,"So I said, ""Yeah? Well you drink like an aquatic mammal!"""
5883,5499,2,11,66,79,1.1898734177215189,0.05119775815863595,628,I'll have an Aquatini with a water back.
5973,5499,1,13,65,79,1.1898734177215189,0.04792327717974913,628,"Yeah, sure, but I -AM- a fish, and a human would pass out first."
6162,5499,1,13,65,79,1.1898734177215189,0.04792327717974913,628,Who you calling' a fish out of water!
6496,5499,2,11,66,79,1.1898734177215189,0.05119775815863595,628,I don't care if it's just an expression
6674,5499,2,11,66,79,1.1898734177215189,0.05119775815863595,628,I’m also out of water.
6737,5499,2,11,66,79,1.1898734177215189,0.05119775815863595,628,I’ve been trying to scale back my drinking.
7744,5499,3,9,67,79,1.1898734177215189,0.05427504385344412,628,"...maybe if you weren't so chintzy with the gin, I wouldn't have to."
5486,5499,2,11,66,79,1.1898734177215189,0.05119775815863595,628,"Bottled, Sparkling or Tap?"
1652,5499,2,11,66,79,1.1898734177215189,0.05119775815863595,628,Another double...and don't tell me I drink like a fish...!
6660,5499,2,11,66,79,1.1898734177215189,0.05119775815863595,628,"Excuse me, Dimitri, could I have a billion more glasses of water please?"
746,5499,1,13,65,79,1.1898734177215189,0.04792327717974913,628,I get that a lot. Pour me another sea breeze.
702,5499,2,11,66,79,1.1898734177215189,0.05119775815863595,628,What joke?
661,5499,3,9,67,79,1.1898734177215189,0.05427504385344412,628,"I'm Rudy Guiliani, not a fish out of water."
576,5499,1,13,65,79,1.1898734177215189,0.04792327717974913,628,Something seems fishy
513,5499,2,11,66,79,1.1898734177215189,0.05119775815863595,628,"Drinking like a fish is not a problem, mac."
965,5499,2,11,66,79,1.1898734177215189,0.05119775815863595,628,Hold it - I didn't get to the punch line yet.
5106,5533,3,8,63,74,1.1891891891891893,0.05667471724545397,628,"So Bill from accounting said he drinks like a fish.
Drinks like a fish? I’ll show’em. Another sshhott, hiccup!"
5091,5533,3,8,63,74,1.1891891891891893,0.05667471724545397,628,Don’t get coy with me?
5026,5533,2,10,62,74,1.1891891891891893,0.05330844518372845,628,"In fact, I am out of water."
4968,5533,2,10,62,74,1.1891891891891893,0.05330844518372845,628,Of course I drink like a fish.  What of it???
4940,5533,0,14,60,74,1.1891891891891893,0.045840198887171404,628,On the rocks? Is that funny to you?!
4735,5533,1,12,61,74,1.1891891891891893,0.04971475717491745,628,You should be honored. We don't go to just any watering hole!
4736,5533,2,10,62,74,1.1891891891891893,0.05330844518372845,628,I'm just waiting for my designated diver.
5184,5533,2,10,62,74,1.1891891891891893,0.05330844518372845,628,68 glasses of water please and a beer back.
4718,5533,1,12,61,74,1.1891891891891893,0.04971475717491745,628,People who say they drink like a fish should swim with the fish.
4700,5533,1,12,61,74,1.1891891891891893,0.04971475717491745,628,How dare you say I drink like a fish!
4675,5533,1,12,61,74,1.1891891891891893,0.04971475717491745,628,Pour a gallon of this one in the lake where you catch me.
4888,5533,1,12,61,74,1.1891891891891893,0.04971475717491745,628,anything wet and cool
5201,5533,1,12,61,74,1.1891891891891893,0.04971475717491745,628,Hit me with another and hold the plastic!
5281,5533,2,10,62,74,1.1891891891891893,0.05330844518372845,628,What do you recommend? I’m like a fish out of water here.
5278,5533,2,10,62,74,1.1891891891891893,0.05330844518372845,628,I most certainly do not drink like a fish!
4623,5533,1,12,61,74,1.1891891891891893,0.04971475717491745,628,Never tell a fish he's had too much to drink!
5283,5533,1,12,61,74,1.1891891891891893,0.04971475717491745,628,Seems as though a single day does not go by without someone carping about something.
5315,5533,1,12,61,74,1.1891891891891893,0.04971475717491745,628,Closing? I'm not sloshed yet. Holy mackerel!
5420,5533,2,10,62,74,1.1891891891891893,0.05330844518372845,628,Of course I drink like a fish...what else would you expect?!
5435,5533,1,12,61,74,1.1891891891891893,0.04971475717491745,628,"So then I said, ""Well at least I don't run up the power bill like an electric eel!"""
5463,5533,2,10,62,74,1.1891891891891893,0.05330844518372845,628,"There may be plenty of fish in the sea, but none of them are loyal."
5551,5533,3,8,63,74,1.1891891891891893,0.05667471724545397,628,These drinks appear to be watered down.
5602,5533,3,8,63,74,1.1891891891891893,0.05667471724545397,628,Plenty my ass!
5667,5533,1,12,61,74,1.1891891891891893,0.04971475717491745,628,Do you have any salty snacks?
5675,5533,1,12,61,74,1.1891891891891893,0.04971475717491745,628,"Make it a martini, but not too dry, please."
5694,5533,2,10,62,74,1.1891891891891893,0.05330844518372845,628,I'm out of water? You're out of water! You're out of water! The whole bar is out of water!
5212,5533,1,12,61,74,1.1891891891891893,0.04971475717491745,628,I don’t care how drunk you get me—I still won’t bite your hook.
4578,5533,1,12,61,74,1.1891891891891893,0.04971475717491745,628,"You trying to be funny? Of course I don't want it 'dry' """
4340,5533,3,8,63,74,1.1891891891891893,0.05667471724545397,628,Listen. What part of water it down don't you understand?
4342,5533,3,8,63,74,1.1891891891891893,0.05667471724545397,628,"Whadda ya mean, “ID”?"
3849,5533,1,12,61,74,1.1891891891891893,0.04971475717491745,628,"I’ll  take a  Hendricks Martini straight up with a twist 
Halibut that"
3884,5533,2,10,62,74,1.1891891891891893,0.05330844518372845,628,So I always stink at my job. Big deal!
3942,5533,1,12,61,74,1.1891891891891893,0.04971475717491745,628,...And that goes for your damn cat too!
3967,5533,1,12,61,74,1.1891891891891893,0.04971475717491745,628,I know I drink like a fish--for god's sake I AM a fish.
3969,5533,2,10,62,74,1.1891891891891893,0.05330844518372845,628,They say I simile like a human.
3978,5533,2,10,62,74,1.1891891891891893,0.05330844518372845,628,"Hey buddy, who are you saying drinks like a fish?"
3999,5533,1,12,61,74,1.1891891891891893,0.04971475717491745,628,"I can’t decide between the Sea Breeze, Salty Dog or Cape Cod.  But I can’t help celebrating because I jumped ship!"
4002,5533,3,8,63,74,1.1891891891891893,0.05667471724545397,628,Have you heard the one about the horse at the bar?
4010,5533,2,10,62,74,1.1891891891891893,0.05330844518372845,628,"A  Jack on the rocks, and a bucket of salt water, and I need that bucket right away."
4017,5533,1,12,61,74,1.1891891891891893,0.04971475717491745,628,What do ya mean do I drink like a human?
4032,5533,2,10,62,74,1.1891891891891893,0.05330844518372845,628,Don't even think about cracking that joke!
4033,5533,2,10,62,74,1.1891891891891893,0.05330844518372845,628,"Whoever said ""fish know nothing about water"" was all wet."
4429,5533,2,10,62,74,1.1891891891891893,0.05330844518372845,628,"You realize that's just a cliche,  right?"
4047,5533,3,8,63,74,1.1891891891891893,0.05667471724545397,628,Give me an ocean on the rocks.
4056,5533,2,10,62,74,1.1891891891891893,0.05330844518372845,628,"Water, please, and hold the bourbon."
4087,5533,3,8,63,74,1.1891891891891893,0.05667471724545397,628,"Listen here, just because I have scales doesnt mean your words dont hurt."
4130,5533,1,12,61,74,1.1891891891891893,0.04971475717491745,628,After drinking five of these I feel like a fish out of water.
4143,5533,2,10,62,74,1.1891891891891893,0.05330844518372845,628,"No, you're a tiny human!"
4157,5533,1,12,61,74,1.1891891891891893,0.04971475717491745,628,"Thanks for the free advice, pal, but I can quit any time I want."
4163,5533,1,12,61,74,1.1891891891891893,0.04971475717491745,628,"Even if I stop at two they tell me I drink like a fish."""
4179,5533,0,14,60,74,1.1891891891891893,0.045840198887171404,628,"And a twist of algae, no, make it seagrass."
4216,5533,2,10,62,74,1.1891891891891893,0.05330844518372845,628,When I saw your sign I just haddockome in here.
4231,5533,1,12,61,74,1.1891891891891893,0.04971475717491745,628,I ‘ll have a little pond water but light on the Lilly and sweetheart you can call me Koi.
4263,5533,3,8,63,74,1.1891891891891893,0.05667471724545397,628,Another water--leave the bottle.
4275,5533,2,10,62,74,1.1891891891891893,0.05330844518372845,628,I just assumed the fin was your tip.
5709,5533,3,8,63,74,1.1891891891891893,0.05667471724545397,628,"And could I trouble you for a large bowl of water on the side, please?"
4052,5533,1,12,61,74,1.1891891891891893,0.04971475717491745,628,You think I can’t tell when they’re watered down?!!
5710,5533,1,12,61,74,1.1891891891891893,0.04971475717491745,628,I’ll have a palindrome.
5917,5533,1,12,61,74,1.1891891891891893,0.04971475717491745,628,"Sea Breeze, ultra-wet and dirty. Worms on the side."
5876,5533,1,12,61,74,1.1891891891891893,0.04971475717491745,628,I'm not sure I'll be walking out of here.
7075,5533,0,14,60,74,1.1891891891891893,0.045840198887171404,628,"I don't want to brag, but I'm an expert on hook up lines."
7154,5533,1,12,61,74,1.1891891891891893,0.04971475717491745,628,She's got some nerve telling me that I drink like a fish!
7172,5533,2,10,62,74,1.1891891891891893,0.05330844518372845,628,"I just won the contest, ""drinking like a fish."""
7276,5533,1,12,61,74,1.1891891891891893,0.04971475717491745,628,This is not my idea of a watering hole.
7349,5533,1,12,61,74,1.1891891891891893,0.04971475717491745,628,"Very well, I'll stop making water puns now."
7358,5533,4,6,64,74,1.1891891891891893,0.059851957543573565,628,I'd like something not too dry.
7370,5533,1,12,61,74,1.1891891891891893,0.04971475717491745,628,I'll tell you what smells fishy - a bartender tell me I've had plenty. I know plenty pal and this ain't it!
7447,5533,3,8,63,74,1.1891891891891893,0.05667471724545397,628,I don't yell at you when you drink like a human
7466,5533,2,10,62,74,1.1891891891891893,0.05330844518372845,628,Yeah ... I drink like a fish ... I think it’s genetic.
7470,5533,1,12,61,74,1.1891891891891893,0.04971475717491745,628,No--I drink like a mermaid turned INTO a fish.
7472,5533,1,12,61,74,1.1891891891891893,0.04971475717491745,628,I'm in the mood for a strong Barracuda tonight.
7534,5533,1,12,61,74,1.1891891891891893,0.04971475717491745,628,Who says I'm drink as a fush?
7047,5533,1,12,61,74,1.1891891891891893,0.04971475717491745,628,My friends say I drink like a whale.
7554,5533,4,6,64,74,1.1891891891891893,0.059851957543573565,628,I just feel like a fish out of water.
7706,5533,1,12,61,74,1.1891891891891893,0.04971475717491745,628,"Sex on the Beach, and no wisecracks."""
7723,5533,1,12,61,74,1.1891891891891893,0.04971475717491745,628,"Don't tell me about ""Salt Life"" buddy"
7762,5533,3,8,63,74,1.1891891891891893,0.05667471724545397,628,The glass here has this fishy smell
7818,5533,2,10,62,74,1.1891891891891893,0.05330844518372845,628,"A bottom of water, please."
7871,5533,1,12,61,74,1.1891891891891893,0.04971475717491745,628,A margarita. Hold the tequila. I just want the worm.
7886,5533,1,12,61,74,1.1891891891891893,0.04971475717491745,628,Can I have some water?
7888,5533,2,10,62,74,1.1891891891891893,0.05330844518372845,628,"Studies show no amount of alcohol is safe for humans....
You're lucky you'll aways have me."
7904,5533,3,8,63,74,1.1891891891891893,0.05667471724545397,628,Keep those triple oxygenated sea waters coming
7968,5533,2,10,62,74,1.1891891891891893,0.05330844518372845,628,"Give me an H2O on the the rocks, and make it a double! Had a tough day at the 
aquarium."
8005,5533,1,12,61,74,1.1891891891891893,0.04971475717491745,628,"As a matter of fact, that's not the way I drink."
8035,5533,1,12,61,74,1.1891891891891893,0.04971475717491745,628,"Vodka can marinate you, you know."
8036,5533,1,12,61,74,1.1891891891891893,0.04971475717491745,628,Do you have a whiskey that’s a bit more… salty?
7586,5533,1,12,61,74,1.1891891891891893,0.04971475717491745,628,"Does that hot number come here often -- the one with the cute little mouth, wide-set eyes and come-hither gills"
6930,5533,3,8,63,74,1.1891891891891893,0.05667471724545397,628,"Well, duh! And no, my quartet will NOT play Purple Haze!"
6924,5533,1,12,61,74,1.1891891891891893,0.04971475717491745,628,I don't need you to tell me what I drink like!
6814,5533,0,14,60,74,1.1891891891891893,0.045840198887171404,628,"Scotch straight, NO damn water!"
3835,5533,0,14,60,74,1.1891891891891893,0.045840198887171404,628,"Do I want my scotch with water?  Of course not, why do you think I schlepped here in the first place!"
5999,5533,1,12,61,74,1.1891891891891893,0.04971475717491745,628,"Under the circumstances, drinking like a fish is not neccessarily a negative"
6045,5533,1,12,61,74,1.1891891891891893,0.04971475717491745,628,Really? You think I want the martini dry?
6067,5533,0,14,60,74,1.1891891891891893,0.045840198887171404,628,I'm the one that got away Joe. Give me a double!
6094,5533,1,12,61,74,1.1891891891891893,0.04971475717491745,628,"You can’t shut me off, I drink like a fish."
6112,5533,1,12,61,74,1.1891891891891893,0.04971475717491745,628,It’s that kind of species stereotype that drove me to drink.
6129,5533,2,10,62,74,1.1891891891891893,0.05330844518372845,628,"Most aspiring actors hoping to pay the rent by mixing drinks don't pass this part of the test. Congrats.  You got the job.  
And yes, we pay scale."
6141,5533,3,8,63,74,1.1891891891891893,0.05667471724545397,628,"What a tired joke! ""...fish out of water"". Just give me a beer."
6155,5533,3,8,63,74,1.1891891891891893,0.05667471724545397,628,"Yea, I drink like one, so set'em Joe!"
6161,5533,2,10,62,74,1.1891891891891893,0.05330844518372845,628,"Whatever it is you serve has got to be better for me than the
deep blue sea! Make it a double!!"
6165,5533,0,14,60,74,1.1891891891891893,0.045840198887171404,628,Sylvia? How could I forget? The one that got away.
6168,5533,3,8,63,74,1.1891891891891893,0.05667471724545397,628,"I,m bald?"
6200,5533,2,10,62,74,1.1891891891891893,0.05330844518372845,628,What do you mean that you're Out Of Water!??
6233,5533,1,12,61,74,1.1891891891891893,0.04971475717491745,628,"C’mon pal, just pour one more. Now is not the time to be koy."
6311,5533,2,10,62,74,1.1891891891891893,0.05330844518372845,628,"Another. And yes, I know I drink like a fish."
6327,5533,2,10,62,74,1.1891891891891893,0.05330844518372845,628,"A martini very wet. With two goldfish, please."
6397,5533,1,12,61,74,1.1891891891891893,0.04971475717491745,628,Can I have 2 more glasses of salt water?
6407,5533,2,10,62,74,1.1891891891891893,0.05330844518372845,628,I don't care what you say! There's never more fish in the sea!
6424,5533,1,12,61,74,1.1891891891891893,0.04971475717491745,628,"Yeah, I don't even know how that came to be a phrase. We don't even drink the water!"
6432,5533,4,6,64,74,1.1891891891891893,0.059851957543573565,628,"Don’t you dare try to sneak some water into that glass, chief. I came here to defy its restraints on my species."
6524,5533,0,14,60,74,1.1891891891891893,0.045840198887171404,628,What?  Where I’m from it only costs a fin!!!
6529,5533,3,8,63,74,1.1891891891891893,0.05667471724545397,628,That’s quite the mustache!
6562,5533,2,10,62,74,1.1891891891891893,0.05330844518372845,628,who said I was drunk as a fish ?
6577,5533,0,14,60,74,1.1891891891891893,0.045840198887171404,628,So a rabbi walks into a bar with a parrot on his shoulder...
6580,5533,2,10,62,74,1.1891891891891893,0.05330844518372845,628,That's a cheap stereotype.
6667,5533,1,12,61,74,1.1891891891891893,0.04971475717491745,628,What do you mean “Fishy”?
6676,5533,1,12,61,74,1.1891891891891893,0.04971475717491745,628,I'll have a margarita but no salt on the rim please.
5791,5533,2,10,62,74,1.1891891891891893,0.05330844518372845,628,"Hey big boy, want to have a drink later? I'm wild-caught."
3780,5533,0,14,60,74,1.1891891891891893,0.045840198887171404,628,"Please, no drink like a fish jokes!"
4221,5533,1,12,61,74,1.1891891891891893,0.04971475717491745,628,Not me - Luca Brasi never slept with this fish!
3724,5533,2,10,62,74,1.1891891891891893,0.05330844518372845,628,"When I was younger, I was part of the top party school in the country!"
986,5533,3,8,63,74,1.1891891891891893,0.05667471724545397,628,"If you ask me one more time if I drink like a fish, I'll down you."
996,5533,0,14,60,74,1.1891891891891893,0.045840198887171404,628,"Hey buddy, that was salmonchanted drink!"
998,5533,2,10,62,74,1.1891891891891893,0.05330844518372845,628,Let me tell you a whopper of a fish tale.
1005,5533,0,14,60,74,1.1891891891891893,0.045840198887171404,628,I hear this is a great Sushi bar.
1017,5533,1,12,61,74,1.1891891891891893,0.04971475717491745,628,I always feel like a fish out of water here.
1060,5533,1,12,61,74,1.1891891891891893,0.04971475717491745,628,Did you hear the one about the horse with the straight face?
1173,5533,2,10,62,74,1.1891891891891893,0.05330844518372845,628,"One fish, Two fish, Grey goose, Drunk fish"
1364,5533,1,12,61,74,1.1891891891891893,0.04971475717491745,628,"Dry martini, hold the towel."
1390,5533,2,10,62,74,1.1891891891891893,0.05330844518372845,628,"I'll have a tequila, and don't forget the worm."
1412,5533,0,14,60,74,1.1891891891891893,0.045840198887171404,628,"Well, cosplay is thirsty work!"
946,5533,2,10,62,74,1.1891891891891893,0.05330844518372845,628,"No, I will not stick around for the fish fry."
1427,5533,1,12,61,74,1.1891891891891893,0.04971475717491745,628,"And where did You think ""drinks like a fish"" came from?"
1549,5533,2,10,62,74,1.1891891891891893,0.05330844518372845,628,"Ahh...come on...one more won’t 
hurt....I’m supposed to drink like a fish!"
1597,5533,2,10,62,74,1.1891891891891893,0.05330844518372845,628,"Where I come from, the food is always included"
1623,5533,1,12,61,74,1.1891891891891893,0.04971475717491745,628,"And then she says to me, “Why don’t we try that new seafood place tonight.”"
1665,5533,2,10,62,74,1.1891891891891893,0.05330844518372845,628,Whaddya got for a haddock?
1793,5533,1,12,61,74,1.1891891891891893,0.04971475717491745,628,I'd like a blue lagoon with no ice
1810,5533,0,14,60,74,1.1891891891891893,0.045840198887171404,628,One more water
1847,5533,3,8,63,74,1.1891891891891893,0.05667471724545397,628,More water!
1848,5533,1,12,61,74,1.1891891891891893,0.04971475717491745,628,"It's your lucky day. Yes, I am the one who drinks like a fish."
1871,5533,2,10,62,74,1.1891891891891893,0.05330844518372845,628,"Yes, yes I do."
1877,5533,0,14,60,74,1.1891891891891893,0.045840198887171404,628,"Hold the vermouth. I like it extra dry. Weird, huh?"
1526,5533,1,12,61,74,1.1891891891891893,0.04971475717491745,628,Don’t tell me to dry out!
1941,5533,2,10,62,74,1.1891891891891893,0.05330844518372845,628,I hard this was the best carpe diem bar in town.
901,5533,2,10,62,74,1.1891891891891893,0.05330844518372845,628,"No, actually, I DON'T drink like a me!"
848,5533,1,12,61,74,1.1891891891891893,0.04971475717491745,628,”You wouldn’t have a couple of worms to throw into that real dry martini?
26,5533,1,12,61,74,1.1891891891891893,0.04971475717491745,628,"Already tried drowning my sorrow, but my body won't let me."
119,5533,1,12,61,74,1.1891891891891893,0.04971475717491745,628,"After she demanded  I turn her into the Ruler of the sea, I knew I had enough."
158,5533,1,12,61,74,1.1891891891891893,0.04971475717491745,628,"I can't drown, but I can drown my sorrows."
194,5533,3,8,63,74,1.1891891891891893,0.05667471724545397,628,"Wait, closing time?  I don't sleep!  Now fill me up again!"
209,5533,1,12,61,74,1.1891891891891893,0.04971475717491745,628,"...and another thing, the term ""drinks like a fish"" is offensive...hold on, can I get another shot?"
215,5533,1,12,61,74,1.1891891891891893,0.04971475717491745,628,Did you know I’m with the Met? I sing bass.
307,5533,1,12,61,74,1.1891891891891893,0.04971475717491745,628,"I am convinced there is something fishy going on. Believe me, I know."
345,5533,2,10,62,74,1.1891891891891893,0.05330844518372845,628,It's hard to find an honest line.
350,5533,2,10,62,74,1.1891891891891893,0.05330844518372845,628,"Yeah, I drink like a fish, but I do not have a hollow leg."
355,5533,2,10,62,74,1.1891891891891893,0.05330844518372845,628,"Tell me if you've heard this one before..."""
895,5533,4,6,64,74,1.1891891891891893,0.059851957543573565,628,"If you tell me I drink like a fish, I'll hit you with my tail."
368,5533,2,10,62,74,1.1891891891891893,0.05330844518372845,628,"Of course I drink like a fish! What did you expect."""
438,5533,2,10,62,74,1.1891891891891893,0.05330844518372845,628,Don't Ever say I drink like a Fish again..
3772,5533,3,8,63,74,1.1891891891891893,0.05667471724545397,628,Seabreeze.
502,5533,2,10,62,74,1.1891891891891893,0.05330844518372845,628,"You thought the frog was hard to believe, wait’ll you hear my tale!"
642,5533,1,12,61,74,1.1891891891891893,0.04971475717491745,628,"And then she says, 'Don't get koi with me.'  That's when I knew it was over."
654,5533,2,10,62,74,1.1891891891891893,0.05330844518372845,628,Ebbing tensions
682,5533,1,12,61,74,1.1891891891891893,0.04971475717491745,628,"Don't tell me you're out of water, look at me!"
728,5533,1,12,61,74,1.1891891891891893,0.04971475717491745,628,"Tragically, ""Pissed to the gills"" is a euphemism I am all too familiar with."
730,5533,1,12,61,74,1.1891891891891893,0.04971475717491745,628,Straight salt water. None of that pink stuff.
791,5533,1,12,61,74,1.1891891891891893,0.04971475717491745,628,Do you think this is enough water? this is life and death here
838,5533,0,14,60,74,1.1891891891891893,0.045840198887171404,628,Can I get the worm without the tequila?
399,5533,0,14,60,74,1.1891891891891893,0.045840198887171404,628,"...but if I gut one of you, it’s the end of the world."
1953,5533,2,10,62,74,1.1891891891891893,0.05330844518372845,628,Let me tell you anout the man who caught me. He was this big...
472,5533,2,10,62,74,1.1891891891891893,0.05330844518372845,628,It's not like I've never heard that metaphor before.
1972,5533,3,8,63,74,1.1891891891891893,0.05667471724545397,628,"It's nine o'clock on a Saturday, the Salmoninae crowd rushes in."
3219,5533,1,12,61,74,1.1891891891891893,0.04971475717491745,628,"Another water on the rocks, and keep them coming."
3262,5533,1,12,61,74,1.1891891891891893,0.04971475717491745,628,"Green in the gills? Just keep setting 'em up, pal. I drink like, well, you know."
3269,5533,3,8,63,74,1.1891891891891893,0.05667471724545397,628,Please.....no 'a carp walks into a bar' jokes..
3286,5533,2,10,62,74,1.1891891891891893,0.05330844518372845,628,I'm trying to break my water addiction.
3326,5533,1,12,61,74,1.1891891891891893,0.04971475717491745,628,I said ‘scotch with a splash of saltwater’.
3351,5533,1,12,61,74,1.1891891891891893,0.04971475717491745,628,"I know this may sound fishy, but let me finish."
3377,5533,0,14,60,74,1.1891891891891893,0.045840198887171404,628,Sea Breeze with a splash please
3404,5533,2,10,62,74,1.1891891891891893,0.05330844518372845,628,"I’m looking at six empty glasses here, pal. I get cranky when I’m a outta water."
3411,5533,2,10,62,74,1.1891891891891893,0.05330844518372845,628,This stuff goes straight through my head
3414,5533,1,12,61,74,1.1891891891891893,0.04971475717491745,628,Did you hear the one about the grasshopper who goes into a bar and...?
3433,5533,3,8,63,74,1.1891891891891893,0.05667471724545397,628,Did I tell you about the one that got away?
3442,5533,1,12,61,74,1.1891891891891893,0.04971475717491745,628,"No, I don't drink like a fish."
3456,5533,1,12,61,74,1.1891891891891893,0.04971475717491745,628,Of course I drink like that.  What do you think I am?
3476,5533,2,10,62,74,1.1891891891891893,0.05330844518372845,628,"One more, please. After all, I AM a fish out of water!"
3526,5533,1,12,61,74,1.1891891891891893,0.04971475717491745,628,And I suppose you drink like a man?
3564,5533,2,10,62,74,1.1891891891891893,0.05330844518372845,628,"Another Margarita, but hold the salt."
3629,5533,1,12,61,74,1.1891891891891893,0.04971475717491745,628,But my doctor says it's OK if I drink like a fish.
3652,5533,3,8,63,74,1.1891891891891893,0.05667471724545397,628,Do I have a tail for you...
3698,5533,1,12,61,74,1.1891891891891893,0.04971475717491745,628,Fish: You know why they call it drink like a fish ?  Bar keep: Go home Bill. You’re drunk.
3702,5533,1,12,61,74,1.1891891891891893,0.04971475717491745,628,Any suggestions for finding a good 'little pond' ?
1965,5533,1,12,61,74,1.1891891891891893,0.04971475717491745,628,"Fish says to the bartender...
""I don't know what it is but, I never feel comfortable here""."
3169,5533,2,10,62,74,1.1891891891891893,0.05330844518372845,628,"I see we're sporting the same style today, but I actually used to rock a mullet!"
3159,5533,0,14,60,74,1.1891891891891893,0.045840198887171404,628,That’s right ...keep them coming I’m going to drink like a fish!
3608,5533,1,12,61,74,1.1891891891891893,0.04971475717491745,628,"Well, at least I look like a fish!"
2033,5533,2,10,62,74,1.1891891891891893,0.05330844518372845,628,"Water, please. Lots and lots of water."""
2022,5533,1,12,61,74,1.1891891891891893,0.04971475717491745,628,I should have scaled back and stuck with the Bass.
2069,5533,2,10,62,74,1.1891891891891893,0.05330844518372845,628,I'll have a fish out of water cocktail with an anchovy.
2070,5533,0,14,60,74,1.1891891891891893,0.045840198887171404,628,Don't tell me what I drink like again or you'll be sleeping with us.
2079,5533,3,8,63,74,1.1891891891891893,0.05667471724545397,628,Do you know that this business is under water?
2104,5533,2,10,62,74,1.1891891891891893,0.05330844518372845,628,"Anything except Kingfisher, please."
2105,5533,0,14,60,74,1.1891891891891893,0.045840198887171404,628,We were compatible for years until he started drinking like a man.
2017,5533,1,12,61,74,1.1891891891891893,0.04971475717491745,628,"A water back with a little salt, please."
2178,5533,1,12,61,74,1.1891891891891893,0.04971475717491745,628,"Spawn it, I'll have another one."
2184,5533,0,14,60,74,1.1891891891891893,0.045840198887171404,628,"Did you hear the one about the clam, the crab, and the squid who came into a bar?"
2216,5533,3,8,63,74,1.1891891891891893,0.05667471724545397,628,"I'll have as many as it takes, because I saw the worm."
2161,5533,2,10,62,74,1.1891891891891893,0.05330844518372845,628,"Honestly, it was this big!"
2426,5533,2,10,62,74,1.1891891891891893,0.05330844518372845,628,"OK, one more time...Now listen closely...A doctor, a lawyer and a Rabbi are playing golf..."
3102,5533,1,12,61,74,1.1891891891891893,0.04971475717491745,628,. . . and that’s when I started drinking like a fish.
2229,5533,2,10,62,74,1.1891891891891893,0.05330844518372845,628,"If you tell my wife I was here, you'll be swimmin' with the me's."
3054,5533,2,10,62,74,1.1891891891891893,0.05330844518372845,628,"Make it a wet Martini, Al.  Very wet."
3012,5533,1,12,61,74,1.1891891891891893,0.04971475717491745,628,My ex wife told me I drink like a fish!
3081,5533,2,10,62,74,1.1891891891891893,0.05330844518372845,628,As a matter of fact I am on the wagon.
2870,5533,2,10,62,74,1.1891891891891893,0.05330844518372845,628,I'll have another; my fishpool is outside
2795,5533,2,10,62,74,1.1891891891891893,0.05330844518372845,628,Don't tell me that there are plenty of other fish in the sea.
2763,5533,2,10,62,74,1.1891891891891893,0.05330844518372845,628,No I don't want to discuss my drinking prowess I just want to find the nearest water.
2649,5533,1,12,61,74,1.1891891891891893,0.04971475717491745,628,"Contrary to popular belief, this is how the Red Snapper was invented"
2903,5533,2,10,62,74,1.1891891891891893,0.05330844518372845,628,"Then he said ""something smells fishy. .."""
3147,5533,1,12,61,74,1.1891891891891893,0.04971475717491745,628,Can you believe she left me for a sandshark?
5994,5754,0,17,73,90,1.1888888888888889,0.041490472243665276,628,Gimme a virgin scotch and water.
457,5755,1,13,66,80,1.1875,0.0473799281862764,628,You're lucky I'm not a mean drunk shark.
2761,5755,1,13,66,80,1.1875,0.0473799281862764,628,"No, thanks.  Just water.  Hold the lemon."
4418,5755,2,11,67,80,1.1875,0.050609418996262354,628,there are so many gold ones on that site I had to go platinum.
5396,5755,0,15,65,80,1.1875,0.04391357305815797,628,Just stop--I KNOW this is watered down.
6419,5755,2,11,67,80,1.1875,0.050609418996262354,628,"No, unlike that bartender from ‘The Shining’ I am real."
7884,5755,1,13,66,80,1.1875,0.0473799281862764,628,"My pond is of a respectable size, you worthless piece of trash."
2735,5755,1,13,66,80,1.1875,0.0473799281862764,628,But I'm trying to drink like a HUMAN!
476,5755,1,13,66,80,1.1875,0.0473799281862764,628,"I don't appreciate that metaphor, and yes I will have another."
7102,5755,2,11,67,80,1.1875,0.050609418996262354,628,"I had one helluva time getting past your bouncer


Tim Lachman
408 Arthurs Round Table
Wynnewood, PA  19096"
5360,5764,1,12,62,75,1.1866666666666668,0.049112238922818546,628,"I drink like a fish, so what is the problem."
5105,5764,1,12,62,75,1.1866666666666668,0.049112238922818546,628,Hurry up -- I'm out of water!
5099,5764,1,12,62,75,1.1866666666666668,0.049112238922818546,628,Something is fishy here!
5070,5764,1,12,62,75,1.1866666666666668,0.049112238922818546,628,So a trout and a catfish walk into a bar.......
5397,5764,1,12,62,75,1.1866666666666668,0.049112238922818546,628,Whadda ya mean I should “Flush my worries and cares away”?
5460,5764,1,12,62,75,1.1866666666666668,0.049112238922818546,628,"Scotch with a tank full of water, please."
5482,5764,3,8,64,75,1.1866666666666668,0.055970820368587894,628,"Just a light beer thanks bar tender, I’m hoping to hook up with a couple of my buddies on the ebb tide..."
5510,5764,2,10,63,75,1.1866666666666668,0.05265332251978381,628,Did did did I ever tell you about this one time this one time in school?
5541,5764,3,8,64,75,1.1866666666666668,0.055970820368587894,628,"A gimlet and two sardines, please!"
5553,5764,3,8,64,75,1.1866666666666668,0.055970820368587894,628,It’s not as easy as you’d think to get a good “dry” martini
5114,5764,1,12,62,75,1.1866666666666668,0.049112238922818546,628,"I'm telling you, that fish spa gig is not for everyone"
3529,5764,3,8,64,75,1.1866666666666668,0.055970820368587894,628,"So, do you have any sevens?"
4153,5764,2,10,63,75,1.1866666666666668,0.05265332251978381,628,She left me for Ray…
4783,5764,2,10,63,75,1.1866666666666668,0.05265332251978381,628,"ok, but give the fucking water back"
5557,5764,1,12,62,75,1.1866666666666668,0.049112238922818546,628,Shot of saltwater please. Double. Neat.
3653,5764,3,8,64,75,1.1866666666666668,0.055970820368587894,628,... and I still out-sloshed him - even though my gills are lower.
3679,5764,2,10,63,75,1.1866666666666668,0.05265332251978381,628,"He said, ""I'll meet you over at the bar at sundown.If he turns up, tell him I'm in the pool room."""
3744,5764,2,10,63,75,1.1866666666666668,0.05265332251978381,628,So parched -- Let me have a pint -- Hold the glass
3840,5764,2,10,63,75,1.1866666666666668,0.05265332251978381,628,I’m not an addict! It’s just that this “sex on the beach” drink is like potato chips—-you can’t have just one!
3860,5764,3,8,64,75,1.1866666666666668,0.055970820368587894,628,You can't cut me off; I drink like a fish!
3931,5764,1,12,62,75,1.1866666666666668,0.049112238922818546,628,"I know, I know; I’m such a stereotype..."
4039,5764,1,12,62,75,1.1866666666666668,0.049112238922818546,628,Did you hear the one about the fish who wouldn't take the bait?
4095,5764,4,6,65,75,1.1866666666666668,0.059102394986100974,628,She said I was being too Koi.
4223,5764,2,10,63,75,1.1866666666666668,0.05265332251978381,628,Who you callin' a dolphin?
4237,5764,2,10,63,75,1.1866666666666668,0.05265332251978381,628,You sound just like those bastards at the Furries Convention.
4431,5764,2,10,63,75,1.1866666666666668,0.05265332251978381,628,"Yeah, well, you're my enabler."
4483,5764,0,14,61,75,1.1866666666666668,0.045295161459604626,628,Three punchlines walk into a bar.........
4494,5764,0,14,61,75,1.1866666666666668,0.045295161459604626,628,She said she need some breathing room.
4526,5764,1,12,62,75,1.1866666666666668,0.049112238922818546,628,I drink to forget... So get me a whiskey in under 3 seconds.
4982,5764,2,10,63,75,1.1866666666666668,0.05265332251978381,628,One for my fingerling and one more for the road.
5563,5764,1,12,62,75,1.1866666666666668,0.049112238922818546,628,Give it to me straight. No water
7618,5764,0,14,61,75,1.1866666666666668,0.045295161459604626,628,"Another round over here, it's not just water that I'm out of."
5706,5764,2,10,63,75,1.1866666666666668,0.05265332251978381,628,Where else would I go to Carp?
3495,5764,2,10,63,75,1.1866666666666668,0.05265332251978381,628,I've had enough water. Now I want Scotch.
6732,5764,1,12,62,75,1.1866666666666668,0.049112238922818546,628,So this chinicuil walks into a bar . . .
6765,5764,1,12,62,75,1.1866666666666668,0.049112238922818546,628,I'll have a margarita. Leave off the salt.
6837,5764,4,6,65,75,1.1866666666666668,0.059102394986100974,628,Aren't you the guy I've seen enter that sushi restaurant across the street?
6849,5764,1,12,62,75,1.1866666666666668,0.049112238922818546,628,Getting back in the bowl is my problem.
6906,5764,1,12,62,75,1.1866666666666668,0.049112238922818546,628,I shaved the mustache 'cause everyone said I looked like you.
6933,5764,1,12,62,75,1.1866666666666668,0.049112238922818546,628,"Yeah, yeah, a fish walks into a bar....blah, blah, blah. Now get me a Cape Coder and don't ask any questions."
6935,5764,1,12,62,75,1.1866666666666668,0.049112238922818546,628,Does your liquor contain plastic particles?
6960,5764,1,12,62,75,1.1866666666666668,0.049112238922818546,628,Sorry! I can't serve you. You're stewed to the gills!
7000,5764,1,12,62,75,1.1866666666666668,0.049112238922818546,628,We were getting along swimmingly until she told me I drank like a fish.
7202,5764,0,14,61,75,1.1866666666666668,0.045295161459604626,628,"What's wrong, never seen a koi walk into a bar before?"
7527,5764,2,10,63,75,1.1866666666666668,0.05265332251978381,628,So what if I’m two years old? Most fish in the average American household don’t live past two weeks!
7600,5764,2,10,63,75,1.1866666666666668,0.05265332251978381,628,So what else would I drink like!
7797,5764,2,10,63,75,1.1866666666666668,0.05265332251978381,628,"Bartender: ""Rough day?""
Fish: ""I just got evicted, so yeah, you could say that."""
7849,5764,2,10,63,75,1.1866666666666668,0.05265332251978381,628,I'll have the worm from your finest bottle of tequila
7889,5764,2,10,63,75,1.1866666666666668,0.05265332251978381,628,Thank you but do you have a bowl of water?
7920,5764,2,10,63,75,1.1866666666666668,0.05265332251978381,628,You're outa water-this whole bar is outa water!
7938,5764,2,10,63,75,1.1866666666666668,0.05265332251978381,628,"I quit my job but, as I tried explaining to my wife, “only dead fish swim with the stream.”"
6548,5764,2,10,63,75,1.1866666666666668,0.05265332251978381,628,"Well, my story's true. You call it fishy because like most humans, you're a speciest!"
6516,5764,1,12,62,75,1.1866666666666668,0.049112238922818546,628,...I drink like fish?! Hey what’s that supposed to mean?!
6413,5764,1,12,62,75,1.1866666666666668,0.049112238922818546,628,"A heavy glug, my body cures alcohol nicely."
6387,5764,2,10,63,75,1.1866666666666668,0.05265332251978381,628,"I just posted bail for the halibut....I'm off the hook"""
6328,5764,2,10,63,75,1.1866666666666668,0.05265332251978381,628,Do I look schoowledhed?
6255,5764,2,10,63,75,1.1866666666666668,0.05265332251978381,628,"And then he said, we don't need any more cycle lanes!"
6213,5764,2,10,63,75,1.1866666666666668,0.05265332251978381,628,"Don't you worry about me, I can never get sloshed!"
5896,5764,0,14,61,75,1.1866666666666668,0.045295161459604626,628,"Pass The Sea -Weed!

I said No Salt with my tequila!

Listen! That sounds Fishy!"
5852,5764,2,10,63,75,1.1866666666666668,0.05265332251978381,628,"Ha ha, ""Carpe diem"". Yes, because I'm a carp. Veeery original!  I tell you what, buddy, keep them coming because tonight, I'm going to drink like a fish."
5845,5764,3,8,64,75,1.1866666666666668,0.055970820368587894,628,"And I tell 'm, ""You know what, Charlie? You ARE the chicken of the sea!"""
5832,5764,1,12,62,75,1.1866666666666668,0.049112238922818546,628,Keep those H2O's coming
5606,5764,1,12,62,75,1.1866666666666668,0.049112238922818546,628,I'll have a very dry martini.
3449,5764,2,10,63,75,1.1866666666666668,0.05265332251978381,628,No!  You!  You're out of water!
1229,5764,0,14,61,75,1.1866666666666668,0.045295161459604626,628,Whaddya mean I drink like a fish?
3076,5764,2,10,63,75,1.1866666666666668,0.05265332251978381,628,What I’m really needing now is a fishbowl punch.
1800,5764,2,10,63,75,1.1866666666666668,0.05265332251978381,628,"No, I drink like your mom, Vardaman!"
1651,5764,1,12,62,75,1.1866666666666668,0.049112238922818546,628,Remind me how this goes...a fish walks into a bar...
1634,5764,2,10,63,75,1.1866666666666668,0.05265332251978381,628,"I’ll have a grasshopper please, and make it a double!"
1535,5764,1,12,62,75,1.1866666666666668,0.049112238922818546,628,"I would like a very large glass of water, please."
1496,5764,2,10,63,75,1.1866666666666668,0.05265332251978381,628,I’ve never had a dry martini ...
1440,5764,1,12,62,75,1.1866666666666668,0.049112238922818546,628,Next time you pay on time or you'll be sleeping with the fishes.
1415,5764,1,12,62,75,1.1866666666666668,0.049112238922818546,628,You’ e got some nerve cutting me off for “drinking like a fish.”
1289,5764,2,10,63,75,1.1866666666666668,0.05265332251978381,628,"If you suggest playing Marco Polo one more time, I'll ride my bicycle home."
1240,5764,3,8,64,75,1.1866666666666668,0.055970820368587894,628,"I don't tell you what you pour like, do I?"
1902,5764,2,10,63,75,1.1866666666666668,0.05265332251978381,628,"yeah, I do, what of it?"
989,5764,0,14,61,75,1.1866666666666668,0.045295161459604626,628,Do you have some plastic solvent wine?
498,5764,1,12,62,75,1.1866666666666668,0.049112238922818546,628,"Don't get chummy with me, pal--just keep the dam water comin'."
492,5764,3,8,64,75,1.1866666666666668,0.055970820368587894,628,I’ll tell YOU what I drink like.
426,5764,3,8,64,75,1.1866666666666668,0.055970820368587894,628,I am in fact NOT all about that bass.
380,5764,1,12,62,75,1.1866666666666668,0.049112238922818546,628,"Water, neat. And keep them coming."
351,5764,2,10,63,75,1.1866666666666668,0.05265332251978381,628,"Look, before you even say it - I KNOW I have bushy eyebrows, okay?"
186,5764,1,12,62,75,1.1866666666666668,0.049112238922818546,628,"Hey, that’s a stereotype. We don’t all drink like this."
148,5764,1,12,62,75,1.1866666666666668,0.049112238922818546,628,Got any Seagram's Sevens? Go fish!
139,5764,0,14,61,75,1.1866666666666668,0.045295161459604626,628,And don't call me Ethel
3119,5764,1,12,62,75,1.1866666666666668,0.049112238922818546,628,Pay or you sleep with the fishes.”
619,5764,1,12,62,75,1.1866666666666668,0.049112238922818546,628,Something to forget sharks.
2004,5764,0,14,61,75,1.1866666666666668,0.045295161459604626,628,Theres something very fishy about this bar!
362,5764,1,12,62,75,1.1866666666666668,0.049112238922818546,628,"Oh, so now we want to enforce a limit?"
2028,5764,1,12,62,75,1.1866666666666668,0.049112238922818546,628,Stop floundering and get me a double.
2010,5764,1,12,62,75,1.1866666666666668,0.049112238922818546,628,You want to know where I was kissed?
3070,5764,3,8,64,75,1.1866666666666668,0.055970820368587894,628,I'm a fish out of water.
3068,5764,2,10,63,75,1.1866666666666668,0.05265332251978381,628,"That’s very funny, wise guy. If you don’t keep pouring I’ll show you a real fish out of water."
3032,5764,3,8,64,75,1.1866666666666668,0.055970820368587894,628,"Oh Yeah!.......Well, your mixology taste like stool samples!"
2917,5764,0,14,61,75,1.1866666666666668,0.045295161459604626,628,"You go after the wrong barfly, and they've caught ya. Hook, line, and drinker."
2906,5764,1,12,62,75,1.1866666666666668,0.049112238922818546,628,Just drop the cliches and give me another!
2869,5764,1,12,62,75,1.1866666666666668,0.049112238922818546,628,"Man, do I have a fish out of water story for you."
2849,5764,2,10,63,75,1.1866666666666668,0.05265332251978381,628,Anymore whiskey and I’ll drown
2843,5764,1,12,62,75,1.1866666666666668,0.049112238922818546,628,I only look like I could.
2817,5764,1,12,62,75,1.1866666666666668,0.049112238922818546,628,Do I look like I want a flight?
3041,5764,2,10,63,75,1.1866666666666668,0.05265332251978381,628,Put a little more water in it.
2714,5764,3,8,64,75,1.1866666666666668,0.055970820368587894,628,Please fill these glasses with tap water. And don't give me that cheap stuff again or i swear on my mother's grave i'll rip off that kinky mustache and slap it across your forhead until you look like a normal human being.
2685,5764,2,10,63,75,1.1866666666666668,0.05265332251978381,628,There's something not fishy about this drink.
2670,5764,0,14,61,75,1.1866666666666668,0.045295161459604626,628,Something smells fishy about this drink. But I can't seem to put a finger on it.
2536,5764,3,8,64,75,1.1866666666666668,0.055970820368587894,628,So why wouldn’t I drink like a fish ? Doesn’t everybody ?
2045,5764,3,8,64,75,1.1866666666666668,0.055970820368587894,628,"And everyone keeps saying, there're plenty of fish in the sea-hasn't been my experience."
2461,5764,1,12,62,75,1.1866666666666668,0.049112238922818546,628,"Ironically, I had to come here to drown my sorrows."
2327,5764,1,12,62,75,1.1866666666666668,0.049112238922818546,628,You don't have to remind me that I drink like a fish!
2802,5764,2,10,63,75,1.1866666666666668,0.05265332251978381,628,Let minnow when you think I've had enough.
2124,5764,1,12,62,75,1.1866666666666668,0.049112238922818546,628,"All the water you have, please!"
2098,5764,3,8,64,75,1.1866666666666668,0.055970820368587894,628,"Yeah, yeah, I drink like a fish. Never heard that before."
3288,5875,1,14,71,86,1.186046511627907,0.04533392718515796,628,Hey! Shut up! At least you have that mustache!
1064,5876,1,8,45,54,1.1851851851851851,0.05954682150320808,628,I feel out of my element tonight. Perhaps it's the tequila.
7244,5876,3,9,69,81,1.1851851851851851,0.05302896690102354,628,"You’re right, there are plenty of chicks in the pen!"
1615,5876,2,11,68,81,1.1851851851851851,0.0500342818003937,628,I will have a gill martini up with a straw.
1507,5876,2,11,68,81,1.1851851851851851,0.0500342818003937,628,Are you out of anything?
3574,5880,1,12,63,76,1.1842105263157894,0.048523918196278354,628,"Don't worry, I do not have a driver's license."
3946,5880,2,10,64,76,1.1842105263157894,0.052013919580258215,628,I didn't stop when they told me not to leave the water and I'm not going to stop now!
4160,5880,3,8,65,76,1.1842105263157894,0.05528403949680256,628,"This isn't 'Finding Dory,' man - I will remember these watered-down drinks."
4369,5880,1,12,63,76,1.1842105263157894,0.048523918196278354,628,A splash of your finest bourbon.
2985,5880,2,10,64,76,1.1842105263157894,0.052013919580258215,628,Make it a shot of Tequila; and leave the worm.
4436,5880,0,14,62,76,1.1842105263157894,0.04476263446376517,628,"Line em up, that Hudson is something else in the Summer !"
4646,5880,3,8,65,76,1.1842105263157894,0.05528403949680256,628,I find your fishbowl cocktail problematic
4789,5880,1,12,63,76,1.1842105263157894,0.048523918196278354,628,"I'll have a glass of absinthe, and be sure to put the worm in it"
4895,5880,3,8,65,76,1.1842105263157894,0.05528403949680256,628,"Nature, nurture. Who cares? Just give me a drink, pal. And don’t stint on the water."
5079,5880,2,10,64,76,1.1842105263157894,0.052013919580258215,628,"I swear, if I have to hear that old canard one more time, I'll drink everything in this place."
3570,5880,1,12,63,76,1.1842105263157894,0.048523918196278354,628,Why is it that every time I come in for a drink you make me feel like a fish out of water”
4041,5880,1,12,63,76,1.1842105263157894,0.048523918196278354,628,I told you NO ice cubes only a lot of water.
6873,5880,3,8,65,76,1.1842105263157894,0.05528403949680256,628,Do some really drink like a fish...?!
5548,5880,3,8,65,76,1.1842105263157894,0.05528403949680256,628,I'll have a Sea Breeze with a splash of brine.
2509,5880,3,8,65,76,1.1842105263157894,0.05528403949680256,628,I am going to sue POF ... this is a bait and switch conjob ... there are no fish!
7972,5880,2,10,64,76,1.1842105263157894,0.052013919580258215,628,I ‘ve never have taken the bait.
7820,5880,3,8,65,76,1.1842105263157894,0.05528403949680256,628,The next one determines if you sink or swim
7290,5880,1,12,63,76,1.1842105263157894,0.048523918196278354,628,"The hook was huge, but I got away."
7173,5880,1,12,63,76,1.1842105263157894,0.048523918196278354,628,They call me MISTER KOI!
7068,5880,2,10,64,76,1.1842105263157894,0.052013919580258215,628,"My wife doesn't understand me.  I mean, get reel, what's wrong with a little filet on the side?"
6903,5880,3,8,65,76,1.1842105263157894,0.05528403949680256,628,"of course I drink like a fish.""
Joyce C. Grimm, Pittsburgh,P"
6815,5880,1,12,63,76,1.1842105263157894,0.048523918196278354,628,"Not tequila. Mescal. You know, the one with the worm"
6755,5880,1,12,63,76,1.1842105263157894,0.048523918196278354,628,You remind me of a guy behind the counter at Zabar's.
6610,5880,3,8,65,76,1.1842105263157894,0.05528403949680256,628,Don't get coy with me. Keep them coming.
6451,5880,0,14,62,76,1.1842105263157894,0.04476263446376517,628,"U,Hem. That's still not enough water."
6410,5880,2,10,64,76,1.1842105263157894,0.052013919580258215,628,"I am trying to scale back, so let me have a soda with a twist."
6234,5880,1,12,63,76,1.1842105263157894,0.048523918196278354,628,"No, I am not drunk, I can drink like a fish."
5776,5880,1,12,63,76,1.1842105263157894,0.048523918196278354,628,"Either agree to serve me, or tomorrow I bring the whole school."
5767,5880,4,6,66,76,1.1842105263157894,0.05837124477057588,628,You are giving us a bad name by making us beer battered.
686,5880,2,10,64,76,1.1842105263157894,0.052013919580258215,628,"""Yeah, I know. I drink like a fish."
2492,5880,3,8,65,76,1.1842105263157894,0.05528403949680256,628,A gorilla walks into a bar...
5198,5880,0,14,62,76,1.1842105263157894,0.04476263446376517,628,If I keep drinking you won't be able to tell that I smell like a fish.
2338,5880,2,10,64,76,1.1842105263157894,0.052013919580258215,628,"Hey, gill-less wonder, you got a problem?"
2432,5880,4,6,66,76,1.1842105263157894,0.05837124477057588,628,Make that one for my baby and one more for the rill.
34,5880,2,10,64,76,1.1842105263157894,0.052013919580258215,628,I'll have a mullet with anchovies and a squeeze of pig fish.
123,5880,3,8,65,76,1.1842105263157894,0.05528403949680256,628,I need two more glasses of water for my eight glass quota.
309,5880,1,12,63,76,1.1842105263157894,0.048523918196278354,628,I'll tell you when I've had enough water!
722,5880,1,12,63,76,1.1842105263157894,0.048523918196278354,628,"Salt water on the rocks, please....."
969,5880,3,8,65,76,1.1842105263157894,0.05528403949680256,628,"Swish, swish.. I was a goner. I fell for little Goldie , hook, line , and sinker"
692,5880,1,12,63,76,1.1842105263157894,0.048523918196278354,628,"Martini, dry, shaken not stirred, with a straw."
1058,5880,1,12,63,76,1.1842105263157894,0.048523918196278354,628,"If I hear ""drinks like a fish"" one more time, someone's gonna get fin-slapped."
1236,5880,2,10,64,76,1.1842105263157894,0.052013919580258215,628,"With what's going on at the White House, I need a double!"
1250,5880,1,12,63,76,1.1842105263157894,0.048523918196278354,628,"Yes, I want it dry!"
1833,5880,2,10,64,76,1.1842105263157894,0.052013919580258215,628,"So a tuna, a bass and a minnow named Sal swim into a bar...heard it already?"
1946,5880,0,14,62,76,1.1842105263157894,0.04476263446376517,628,I’m going to need a bigger splash with this.
2182,5880,2,10,64,76,1.1842105263157894,0.052013919580258215,628,I work hard. I can spend my carper diem however I want...
1012,5880,3,8,65,76,1.1842105263157894,0.05528403949680256,628,"Hey buddy, I asked for FRESH lake water with my scotch."
1357,5927,1,12,64,77,1.1818181818181819,0.0479493093842668,628,Ya gotta be a mammal to get a drink around here?
2072,5927,1,10,55,66,1.1818181818181819,0.052486388108147784,628,I'll have a Lime Margaritas and a Shrimp Cocktail.
2992,5927,1,12,64,77,1.1818181818181819,0.0479493093842668,628,"I drank like a fish last night, now I need the hair of the dog."
3234,5927,2,8,56,66,1.1818181818181819,0.05675404305280447,628,"Yeah, i don't know what i expected, I fell for a salt water fish."
3904,5927,2,8,56,66,1.1818181818181819,0.05675404305280447,628,Said the goldfish ....”I’m depressed ! The donald stole my only color choice “.
4745,5932,2,9,61,72,1.1805555555555556,0.05353829779280629,628,I'll have a double shot of water with two worms
4574,5932,0,13,59,72,1.1805555555555556,0.045649498541524836,628,It is not a 'girl drink'.  Do I look like a girl?
2974,5932,0,13,59,72,1.1805555555555556,0.045649498541524836,628,"Okay, sure. But I eat like a bird."
4326,5932,0,13,59,72,1.1805555555555556,0.045649498541524836,628,You're still not getting enough salt in it.
4169,5932,0,13,59,72,1.1805555555555556,0.045649498541524836,628,"'You drink like a fish.'  That's funny.  Yeah, I've never heard that one before.  So original!"
3937,5932,3,7,62,72,1.1805555555555556,0.057075262919065665,628,I'm not drunk to the gills. I'm always this way.
3623,5932,2,9,61,72,1.1805555555555556,0.05353829779280629,628,"How can I help you? Have you seen my brother? I don't know, what does he look like?"
3394,5932,1,11,60,72,1.1805555555555556,0.04975050777451365,628,"No, I don’t drink like a human!"
4363,5932,1,11,60,72,1.1805555555555556,0.04975050777451365,628,"Listen here,*glub*  buddy. It's not like I'm going to *glub* drive home."
5103,5932,1,11,60,72,1.1805555555555556,0.04975050777451365,628,Drinks like a fish means no straw.
6246,5932,0,13,59,72,1.1805555555555556,0.045649498541524836,628,Now I'll show you how to drink like a fish!
5729,5932,1,11,60,72,1.1805555555555556,0.04975050777451365,628,You're cutting me off? I've had like two shrimp cocktails.
7753,5932,0,13,59,72,1.1805555555555556,0.045649498541524836,628,"Only my friends call me 'Chum,' barkeep."
7404,5932,2,9,61,72,1.1805555555555556,0.05353829779280629,628,Our first date? A total catfish.
7314,5932,2,9,61,72,1.1805555555555556,0.05353829779280629,628,Right now my disparate liquidity cannot be finessed.
7195,5932,1,11,60,72,1.1805555555555556,0.04975050777451365,628,"'Quickly, give me something to drink! I cannot breathe...'"
7019,5932,2,9,61,72,1.1805555555555556,0.05353829779280629,628,It all began when you taught a man how to fish.
6992,5932,1,11,60,72,1.1805555555555556,0.04975050777451365,628,"« Tequila neat, with a twist of worm »"
6786,5932,0,13,59,72,1.1805555555555556,0.045649498541524836,628,"One more, please. I drink like a fish."
6743,5932,1,11,60,72,1.1805555555555556,0.04975050777451365,628,That's a stupid joke.  A fish can't walk.
6509,5932,2,9,61,72,1.1805555555555556,0.05353829779280629,628,"I know you don't get many fish in this place and at these prices, you're not likely to get many more."
6390,5932,3,7,62,72,1.1805555555555556,0.057075262919065665,628,Over-served? Take a good look buddy.
2834,5932,3,7,62,72,1.1805555555555556,0.057075262919065665,628,It's pronounced TALL-AP-E-A. and don't you forget it.
6013,5932,0,13,59,72,1.1805555555555556,0.045649498541524836,628,"We'll, you warned me.  I was drinking like a fish. Now look at me."
5851,5932,2,9,61,72,1.1805555555555556,0.05353829779280629,628,Cut me off! Seriously? You've never heard of a fish out of scotch and water?
5809,5932,2,9,61,72,1.1805555555555556,0.05353829779280629,628,"If I hear one joke about drinking like a fish, I will have to kill you."
5756,5932,1,11,60,72,1.1805555555555556,0.04975050777451365,628,Wow... like I've never heard THAT one before.... 'jus keep them coming pal!
5235,5932,1,11,60,72,1.1805555555555556,0.04975050777451365,628,"Come on, why don't you just say it already? What do I drink like?"
2704,5932,2,9,61,72,1.1805555555555556,0.05353829779280629,628,"Bill knew the fellas would never believe this ""Big Fish"" story."
3658,5932,3,7,62,72,1.1805555555555556,0.057075262919065665,628,"You're thinking of the skunk.  Tomorrow, I'll be like the judge."
2317,5932,1,11,60,72,1.1805555555555556,0.04975050777451365,628,Keep 'em coming. Booze goes right through me.
131,5932,1,11,60,72,1.1805555555555556,0.04975050777451365,628,I'm getting sick and tired of people calling me an invasive species.
2526,5932,1,11,60,72,1.1805555555555556,0.04975050777451365,628,That's just speciest.
906,5932,1,11,60,72,1.1805555555555556,0.04975050777451365,628,Fine!  I drink like a fish!  Set 'em up again!
1149,5932,1,11,60,72,1.1805555555555556,0.04975050777451365,628,On a scale of 1 to 10 this has been a wreck of a week
1311,5932,2,9,61,72,1.1805555555555556,0.05353829779280629,628,"Yea, I drink like one, too."
286,5932,2,9,61,72,1.1805555555555556,0.05353829779280629,628,"Because it’s my first hookup, and I feel like a fish out of water."
1541,5932,1,11,60,72,1.1805555555555556,0.04975050777451365,628,"You’re telling me I drink like a
fish?! Hey, buddy! I AM a fish!"
1547,5932,3,7,62,72,1.1805555555555556,0.057075262919065665,628,Life just feels so dry lately..
1664,5932,2,9,61,72,1.1805555555555556,0.05353829779280629,628,Something to wet my whistle.
1819,5932,2,9,61,72,1.1805555555555556,0.05353829779280629,628,"Dirty martini, but it tastes more like the Atlantic!"
1889,5932,2,9,61,72,1.1805555555555556,0.05353829779280629,628,Times were tough when this was a dry county.
1389,5932,0,13,59,72,1.1805555555555556,0.045649498541524836,628,"So Gil honey, you want my East River address?"
7080,5975,0,14,64,78,1.1794871794871795,0.04373348027807394,628,I can’t remember the last time I got carded.
1975,5975,1,12,65,78,1.1794871794871795,0.04738794815386097,628,Your reputation precedes you.
5234,5977,1,10,56,67,1.1791044776119404,0.051768249597247296,628,"Actually, my DNA ancestry is from Finland."
2238,5978,0,13,60,73,1.178082191780822,0.045087711548245424,628,What a dive!
161,5978,1,11,61,73,1.178082191780822,0.0491265634505708,628,My wifes a slut
5867,5978,2,9,62,73,1.178082191780822,0.052857702752466776,628,"I know what you’re thinking, but I’m actually a mammal."
6302,5978,2,9,62,73,1.178082191780822,0.052857702752466776,628,"I’ll have a very, very large water....
And stop calling me shrimp."
6812,5978,1,11,61,73,1.178082191780822,0.0491265634505708,628,I like my martinis dry
4355,5978,1,11,61,73,1.178082191780822,0.0491265634505708,628,"Oh, you think a show about a bar could be funnier than me, out of water? Ha!"
4068,5978,2,9,62,73,1.178082191780822,0.052857702752466776,628,"I'll have  you know, I'm a teetotaler!"
7337,5985,1,12,66,79,1.1772151898734178,0.04683939034393648,628,I said keep 'em coming!
2446,5985,1,12,66,79,1.1772151898734178,0.04683939034393648,628,"Yeah, well you pour like a cueball with a snotmop."
3214,5987,3,9,73,85,1.1764705882352942,0.05069950631596087,628,Depends--how big a bowl of punch?
7238,5988,0,13,61,74,1.1756756756756757,0.04453930581352026,628,"If I wanted a watered-down whiskey, I'd have stayed in the sea!"
141,5988,1,11,62,74,1.1756756756756757,0.0485178627857396,628,"Yeah, and at these prices you're not likely to get many more koi in here!"
7587,5990,3,8,69,80,1.175,0.05269628766978955,628,It’s all disgusting hake news.
4691,5991,2,8,59,69,1.173913043478261,0.054454286181317355,628,"Sure, I've had six drinks - but what do you think I am ""a fish out of water""?"
4604,5991,1,10,58,69,1.173913043478261,0.050388608077731906,628,"you're sure no cats drink here, right?"
4871,5991,1,10,58,69,1.173913043478261,0.050388608077731906,628,"So a salmon, a herring and guppy walk into this bar....."
4985,5991,1,10,58,69,1.173913043478261,0.050388608077731906,628,Gimme a double without the damn stereotyping!
5003,5991,0,12,57,69,1.173913043478261,0.045964707814863004,628,NO COLLUSION!
5062,5991,1,10,58,69,1.173913043478261,0.050388608077731906,628,"Listen, pal, I’ll tell *you* when I’m done breathing."
5111,5991,2,8,59,69,1.173913043478261,0.054454286181317355,628,You know- everyone says I’m Alpha too but I’m just a really big Betta!
5182,5991,1,10,58,69,1.173913043478261,0.050388608077731906,628,Sometimes I feel like I'm the only fish in the sea.
5246,5991,0,12,57,69,1.173913043478261,0.045964707814863004,628,"In a nutshell, that small pond ain’t all it’s cracked up to be."
4572,5991,1,10,58,69,1.173913043478261,0.050388608077731906,628,You can't 86 me because I drink like a fish.
4794,5991,1,10,58,69,1.173913043478261,0.050388608077731906,628,"So I told my boyfriend,'listen,I'm not just being coy.'"
4514,5991,2,8,59,69,1.173913043478261,0.054454286181317355,628,Don't give me that fish eye look!
4531,5991,1,10,58,69,1.173913043478261,0.050388608077731906,628,You have no idea what it's like being a big fish in that little bowl.
3465,5991,1,10,58,69,1.173913043478261,0.050388608077731906,628,I've always said you gotta be a fish to drink like a fish.
3549,5991,0,12,57,69,1.173913043478261,0.045964707814863004,628,"I don't know Charlie, sometimes I feel like a fish out of water."
3583,5991,0,12,57,69,1.173913043478261,0.045964707814863004,628,"oh Come on, give me another shot of Fishkill Creek
I won't drown in it"
3612,5991,1,10,58,69,1.173913043478261,0.050388608077731906,628,"You think I’m bad? You should meet my brother, he drinks like a fish."
3642,5991,0,12,57,69,1.173913043478261,0.045964707814863004,628,I never drink on a school day!
3802,5991,3,6,60,69,1.173913043478261,0.0582368160446839,628,Yep—back in the day I could drink like a fish!
3854,5991,2,8,59,69,1.173913043478261,0.054454286181317355,628,You think they really know how a fish drinks?
4037,5991,1,10,58,69,1.173913043478261,0.050388608077731906,628,"So a priest, a rabbi, 
and a fisherman walk into this bar..."
4532,5991,2,8,59,69,1.173913043478261,0.054454286181317355,628,At least I don’t drink like an elephant.
4038,5991,1,10,58,69,1.173913043478261,0.050388608077731906,628,"You wouldn’t believe how big he was. I swallowed him hook, line and sinker."
4126,5991,2,8,59,69,1.173913043478261,0.054454286181317355,628,"I'm a fish out of water, so hit me again."
4192,5991,1,10,58,69,1.173913043478261,0.050388608077731906,628,Now any wild line caught women I can hook up with?
4365,5991,2,8,59,69,1.173913043478261,0.054454286181317355,628,I’d like a round of “Sex on the Beach”
4403,5991,0,12,57,69,1.173913043478261,0.045964707814863004,628,Who else should I drink like?
4412,5991,2,8,59,69,1.173913043478261,0.054454286181317355,628,"Freshwater, please"
4428,5991,0,12,57,69,1.173913043478261,0.045964707814863004,628,For the last time: scotch -- and water!
4460,5991,1,10,58,69,1.173913043478261,0.050388608077731906,628,Perrier. And no wisecracks about being out of water.
4486,5991,0,12,57,69,1.173913043478261,0.045964707814863004,628,Hear the one about the striped bass?
4065,5991,0,12,57,69,1.173913043478261,0.045964707814863004,628,Stop me if you've heard this one: A fish out of water goes into a bar...
5466,5991,1,10,58,69,1.173913043478261,0.050388608077731906,628,What I want is a drink that can remind me of something.  I don’t know what.
6236,5991,0,12,57,69,1.173913043478261,0.045964707814863004,628,Double water neat.
5536,5991,1,10,58,69,1.173913043478261,0.050388608077731906,628,Make sure I'm never out of water!
6385,5991,0,12,57,69,1.173913043478261,0.045964707814863004,628,This is some bespoke bullshit.
6623,5991,1,10,58,69,1.173913043478261,0.050388608077731906,628,"Yeah, I drink like a fish, what's your point ?"
6625,5991,0,12,57,69,1.173913043478261,0.045964707814863004,628,One more shot of tequila and the worm is yours.
6809,5991,2,8,59,69,1.173913043478261,0.054454286181317355,628,I’d actually prefer it watered-down.
6904,5991,1,10,58,69,1.173913043478261,0.050388608077731906,628,"Yeah, Yeah, Yeah! Okay, so I drink like a fish!"
7026,5991,2,8,59,69,1.173913043478261,0.054454286181317355,628,I want the salt in the drink!
7081,5991,1,10,58,69,1.173913043478261,0.050388608077731906,628,Scotch...neat...no hooks...
7124,5991,1,10,58,69,1.173913043478261,0.050388608077731906,628,I drink like a fish out of water.
7164,5991,1,10,58,69,1.173913043478261,0.050388608077731906,628,A splash of sea water with algae—hold the glass.
7282,5991,2,8,59,69,1.173913043478261,0.054454286181317355,628,"Actually, it’s not a joke.  I just don’t know HOW I walked into this bar."
7503,5991,0,12,57,69,1.173913043478261,0.045964707814863004,628,Dry ?
7541,5991,3,6,60,69,1.173913043478261,0.0582368160446839,628,I can't believe you're out of water too.
7633,5991,2,8,59,69,1.173913043478261,0.054454286181317355,628,"To hell with convention, give me your best Bordeaux."
7739,5991,1,10,58,69,1.173913043478261,0.050388608077731906,628,"Yeah, Yeah, I'm the big one that got away but
I'm a thirsty as a fish out of water!  Keep 'em coming!"
7743,5991,2,8,59,69,1.173913043478261,0.054454286181317355,628,"A ""Flight""?  Are you making fun of me?"
7752,5991,1,10,58,69,1.173913043478261,0.050388608077731906,628,Sometimes I feel just like a worm out of soil.
7788,5991,1,10,58,69,1.173913043478261,0.050388608077731906,628,"Bloody Mary please, hold the Worcestershire for obvious reasons."
5588,5991,1,10,58,69,1.173913043478261,0.050388608077731906,628,My wife keeps telling me I act like a fish out of water.
5626,5991,0,12,57,69,1.173913043478261,0.045964707814863004,628,"You know, you're right !   It does seem like there's something that's fishy.   I just can't put my finger on it."
5655,5991,3,6,60,69,1.173913043478261,0.0582368160446839,628,"Barkeep- a fish story, and none of that Carpe Diem stuff."
5728,5991,0,12,57,69,1.173913043478261,0.045964707814863004,628,"You're cut off sir, no more water"
5810,5991,1,10,58,69,1.173913043478261,0.050388608077731906,628,And another good thing about fins........no carpal tunnel.
5824,5991,2,8,59,69,1.173913043478261,0.054454286181317355,628,"Yes, I'm sure I want another.  I told you I drink like a fish."
5474,5991,1,10,58,69,1.173913043478261,0.050388608077731906,628,"Back in my day,fish had to be accompanied by chips to be served at a bar."
6009,5991,2,8,59,69,1.173913043478261,0.054454286181317355,628,If you don't give me another drink I will be gutted
6097,5991,1,10,58,69,1.173913043478261,0.050388608077731906,628,"Gotta warn you , I drink like a fish"
6258,5991,1,10,58,69,1.173913043478261,0.050388608077731906,628,"Ain't you heard the expression ""filled to the gills""?"
3393,5991,0,12,57,69,1.173913043478261,0.045964707814863004,628,I may be an invasive species but I still drink like a fish.
6322,5991,1,10,58,69,1.173913043478261,0.050388608077731906,628,"They're dropping like flies, easy pickins . ."
6292,5991,2,8,59,69,1.173913043478261,0.054454286181317355,628,My fishy lawyer recommended Glenlivet 12 to wash it down
7971,5991,1,10,58,69,1.173913043478261,0.050388608077731906,628,Give me something the other fish don't drink.
6025,5991,0,12,57,69,1.173913043478261,0.045964707814863004,628,Keep pouring until I'm drunk up to my gills.
3369,5991,1,10,58,69,1.173913043478261,0.050388608077731906,628,Nobody sleeps with the fishes like a made guy.
374,5991,0,12,57,69,1.173913043478261,0.045964707814863004,628,"Say what? A priest, a rabbi, and a minister walk into a bar?"
3275,5991,2,8,59,69,1.173913043478261,0.054454286181317355,628,"Yes, well Jack, as you can see I am, as they say, a fish out of water, so I don’t care that “plenty of them” are still in the sea."
1701,5991,1,10,58,69,1.173913043478261,0.050388608077731906,628,"Well, she dumped me cause apparently 'I drink like a fish.'"
1612,5991,1,10,58,69,1.173913043478261,0.050388608077731906,628,I'll have a margarita with extra saltwater.
1595,5991,1,10,58,69,1.173913043478261,0.050388608077731906,628,Rumour has it you'll serve a fish.
1550,5991,2,8,59,69,1.173913043478261,0.054454286181317355,628,So what is so good about studying the theology of the icky?
957,5991,2,8,59,69,1.173913043478261,0.054454286181317355,628,"Of course, ""water back.""  Duh...."
858,5991,1,10,58,69,1.173913043478261,0.050388608077731906,628,"One whiskey, and really water it down."
649,5991,1,10,58,69,1.173913043478261,0.050388608077731906,628,That's a stereotype. I just happen to have a serious alcohol problem.
640,5991,1,10,58,69,1.173913043478261,0.050388608077731906,628,"The work, the responsibility, her demands, you know sometimes I just feel like I'm not drowning."
550,5991,1,10,58,69,1.173913043478261,0.050388608077731906,628,"Well, once I caught one that was THIS big."
1751,5991,1,10,58,69,1.173913043478261,0.050388608077731906,628,"Yeah, well YOU drink like a BARTENDER!"
486,5991,1,10,58,69,1.173913043478261,0.050388608077731906,628,'People are the fish the City is the Barrel'
293,5991,1,10,58,69,1.173913043478261,0.050388608077731906,628,"Hey Tony, didn't you play bass with Bowie?"""
271,5991,0,12,57,69,1.173913043478261,0.045964707814863004,628,Mix up something that'll put a little hair on my scales.
206,5991,0,12,57,69,1.173913043478261,0.045964707814863004,628,"Don't let them fool you, white wine is only for catch of the day.."
168,5991,1,10,58,69,1.173913043478261,0.050388608077731906,628,What do you mean I reached my limit?  I can drink like a fish.
153,5991,1,10,58,69,1.173913043478261,0.050388608077731906,628,"After drinking, please notify the local aquarium that I will be floating home soon."
151,5991,1,10,58,69,1.173913043478261,0.050388608077731906,628,And don't make it so dry this time.
132,5991,1,10,58,69,1.173913043478261,0.050388608077731906,628,"Some days, I just feel like like a fish out of water."
20,5991,0,12,57,69,1.173913043478261,0.045964707814863004,628,"A couple more and you'll look like a fish, too!"
3360,5991,0,12,57,69,1.173913043478261,0.045964707814863004,628,I used to look like you. But you are how you drink.
306,5991,2,8,59,69,1.173913043478261,0.054454286181317355,628,Just trying to keep up with my reputation.
1845,5991,2,8,59,69,1.173913043478261,0.054454286181317355,628,"No, your mom drinks like a fish, Vardaman!"
203,5991,1,10,58,69,1.173913043478261,0.050388608077731906,628,"Like fish in the water? No, no ... I prefer like a fish on the rocks."
1989,5991,1,10,58,69,1.173913043478261,0.050388608077731906,628,Don't forget the water chaser this time.
1860,5991,2,8,59,69,1.173913043478261,0.054454286181317355,628,I've had rough day. Make mine off the rocks.
3210,5991,0,12,57,69,1.173913043478261,0.045964707814863004,628,"Yeah, I'm a fish out of water.  So give me a drink!"
3206,5991,1,10,58,69,1.173913043478261,0.050388608077731906,628,Keep the shots coming until you learn to make a really wet Martini
3170,5991,1,10,58,69,1.173913043478261,0.050388608077731906,628,My political opponent is always trying to bait me.
3050,5991,1,10,58,69,1.173913043478261,0.050388608077731906,628,"I don't know what you're fishing for, but now is not the time."
3030,5991,1,10,58,69,1.173913043478261,0.050388608077731906,628,"You know, you’re the first barkeep who ever managed to give me a stoned-faced look when I say, “Yeah, I drink like a fish.”"
2901,5991,3,6,60,69,1.173913043478261,0.0582368160446839,628,Quick! I'm completely out of water.
2787,5991,1,10,58,69,1.173913043478261,0.050388608077731906,628,Wadda ya mean there ain’t no Sculpin?
2740,5991,0,12,57,69,1.173913043478261,0.045964707814863004,628,So I told him he could kiss my ass.
2671,5991,1,10,58,69,1.173913043478261,0.050388608077731906,628,I was told you sell fishbowls.
3075,5991,1,10,58,69,1.173913043478261,0.050388608077731906,628,"Just because I'm in a school, doesn't mean I can't drink!"
2444,5991,1,10,58,69,1.173913043478261,0.050388608077731906,628,"That old saying, “there are lots more fish in the sea”...it’s highly overrated."
2013,5991,1,10,58,69,1.173913043478261,0.050388608077731906,628,I'm afraid Ocean Breezes don't suit me well.
2545,5991,2,8,59,69,1.173913043478261,0.054454286181317355,628,Make that 2 splashes of water.
2137,5991,2,8,59,69,1.173913043478261,0.054454286181317355,628,"Ok it goes like this. ""A pirate walls into a bar with a parrot on his shoulder •••"""
2138,5991,1,10,58,69,1.173913043478261,0.050388608077731906,628,I know damn well you whisky'd up my water.
2043,5991,0,12,57,69,1.173913043478261,0.045964707814863004,628,Hey ever hear this one: a fish comes up to the bar....
2434,5991,2,8,59,69,1.173913043478261,0.054454286181317355,628,Damn Liberals... We didn't even have the EPA back in my day.
2258,5991,0,12,57,69,1.173913043478261,0.045964707814863004,628,It's becuase I'm a fish out of water that I drink like a fish.
2382,5991,2,8,59,69,1.173913043478261,0.054454286181317355,628,Another bad day at the aquarium!
2154,5991,1,10,58,69,1.173913043478261,0.050388608077731906,628,One more ...next week summer vacation's over and it's back to school..
6368,6106,1,11,63,75,1.1733333333333333,0.04792386354100322,628,"Turns out, her profile was fake."
1895,6106,1,11,63,75,1.1733333333333333,0.04792386354100322,628,I'll have the special acqua  drink
1068,6106,3,7,65,75,1.1733333333333333,0.05493102417957832,628,"And don't start with me about ""looking like a fish out of water"" jokes."
3209,6109,1,12,68,81,1.1728395061728396,0.04577900300676336,628,Whiskey and water.
614,6109,1,12,68,81,1.1728395061728396,0.04577900300676336,628,"Our seating is like our cuisine, always edgy""

This is for the cartoon in the August 20 issue by P. C. Vey, which I received by mail today, August 20 (today!) even though the deadline was yesterday"
7008,6111,1,9,54,64,1.171875,0.05249096435850378,628,"Anything, as long as it doesn't taste fishy."
756,6111,1,9,54,64,1.171875,0.05249096435850378,628,Gosh I was so drunk 3 seconds ago - did I embarrass myself?
5295,6113,0,12,58,70,1.1714285714285715,0.04537138476459545,628,I'll have bourbon and water--lots of water!
5257,6113,3,6,61,70,1.1714285714285715,0.057452576794271674,628,Hey! I'm a fish out of water!
5248,6113,1,10,59,70,1.1714285714285715,0.0497256596779289,628,"Hey bartender, how 'bout a seabreeze?"
5341,6113,0,12,58,70,1.1714285714285715,0.04537138476459545,628,"That’s 5 shots you’ve had, you drink like a fish!"
5143,6113,1,10,59,70,1.1714285714285715,0.0497256596779289,628,A fin for a highball? Sounds fishy to me!
5059,6113,2,8,60,70,1.1714285714285715,0.05372820400267856,628,I’ll have the fishbowl
5055,6113,0,12,58,70,1.1714285714285715,0.04537138476459545,628,"So a halibut, a tuna, and a rabbi walk into a bar . . ."
5148,6113,1,10,59,70,1.1714285714285715,0.0497256596779289,628,Gimme a shot of Mezcal and make sure I get the worm.
5437,6113,2,8,60,70,1.1714285714285715,0.05372820400267856,628,"..and some water, please."
5727,6113,2,8,60,70,1.1714285714285715,0.05372820400267856,628,I understand this place makes a fabulous cioppino
5516,6113,1,10,59,70,1.1714285714285715,0.0497256596779289,628,"""There's something fishy about your mustache."
5000,6113,1,10,59,70,1.1714285714285715,0.0497256596779289,628,"No, I swear. He was THIS big. 300 pounds easy.  And orange hair."
5795,6113,1,10,59,70,1.1714285714285715,0.0497256596779289,628,I'd be lying if I didn't admit feeling a bit catfished...
5794,6113,0,12,58,70,1.1714285714285715,0.04537138476459545,628,Whiskey. Water back. And don't be stingy.
5770,6113,1,10,59,70,1.1714285714285715,0.0497256596779289,628,I know what you
5761,6113,2,8,60,70,1.1714285714285715,0.05372820400267856,628,"Look pal, when I say scotch and water I mean SALT WATER!"
5733,6113,0,12,58,70,1.1714285714285715,0.04537138476459545,628,To the one who didn't get away
5449,6113,0,12,58,70,1.1714285714285715,0.04537138476459545,628,Moses did it!
5704,6113,1,10,59,70,1.1714285714285715,0.0497256596779289,628,"a gin fish, please"
5660,6113,1,10,59,70,1.1714285714285715,0.0497256596779289,628,Double water. And don't Scotch it down this time.
5658,6113,1,10,59,70,1.1714285714285715,0.0497256596779289,628,Scotch. Neat. I am on a dry run.
5656,6113,1,10,59,70,1.1714285714285715,0.0497256596779289,628,"Let me guess, Everyone is at the Fish Fry but me, Charlie."
5583,6113,0,12,58,70,1.1714285714285715,0.04537138476459545,628,"She left me for a fisherman, but I know he's just stringing her along."
5523,6113,2,8,60,70,1.1714285714285715,0.05372820400267856,628,One more wisecrack about my ‘drinking like a fish’ or ‘being loaded to the gills’and I’ll be fantailing it out of this watering hole!
5519,6113,1,10,59,70,1.1714285714285715,0.0497256596779289,628,"Yes"", With a Splash of Salt Water please"
5688,6113,2,8,60,70,1.1714285714285715,0.05372820400267856,628,"A Gin Martini with a worm, please !"
4994,6113,1,10,59,70,1.1714285714285715,0.0497256596779289,628,I'll have a coke. I'm sick of water.
4233,6113,2,8,60,70,1.1714285714285715,0.05372820400267856,628,A blush wine please... just cuz I'm koi.
4954,6113,2,8,60,70,1.1714285714285715,0.05372820400267856,628,"Hey barkeep, can you make me a Gillty Pleasure?"
3989,6113,0,12,58,70,1.1714285714285715,0.04537138476459545,628,Shape of Water got me thinking - how many of these makes you look that good to me?
4080,6113,0,12,58,70,1.1714285714285715,0.04537138476459545,628,Got any cocktail sauce?
4104,6113,1,10,59,70,1.1714285714285715,0.0497256596779289,628,"It's a long story,how I turned into a fish"
4113,6113,2,8,60,70,1.1714285714285715,0.05372820400267856,628,"Yes, Bar Keep, I want another round.  And NO, you don't have to remind me that I drink like a fish!"
4147,6113,1,10,59,70,1.1714285714285715,0.0497256596779289,628,"And what is this nonsense ""drinks like a fish?""
We're always told  ""take plenty of fluids..."""
4204,6113,1,10,59,70,1.1714285714285715,0.0497256596779289,628,Don't you tell me about betta's.  I was the greatest fighter of them all.
4212,6113,2,8,60,70,1.1714285714285715,0.05372820400267856,628,Keep ‘em coming. It’s the freshwater ones that don’t drink.”
4217,6113,2,8,60,70,1.1714285714285715,0.05372820400267856,628,"Can’t you come up with a better insult than, “you drink like a fish’?"
5964,6113,0,12,58,70,1.1714285714285715,0.04537138476459545,628,"Margarita. extra salt, please."
4249,6113,1,10,59,70,1.1714285714285715,0.0497256596779289,628,I'm getting sloshed tonight
4266,6113,1,10,59,70,1.1714285714285715,0.0497256596779289,628,...And trying to wave down a cab in this town? Fuggedaboudit!
4287,6113,1,10,59,70,1.1714285714285715,0.0497256596779289,628,"I outgrew the ridiculously tiny tank they put me in. So they just dumped me down a storm drain. But then I guess you've heard it all, buddy."
4304,6113,1,10,59,70,1.1714285714285715,0.0497256596779289,628,Which way to the minnows room?
4384,6113,2,8,60,70,1.1714285714285715,0.05372820400267856,628,"..............furthermore, not even a composer credit for 'Old Man River'.........."
4469,6113,2,8,60,70,1.1714285714285715,0.05372820400267856,628,"No, I'm not a priest, a rabbi or a minister, and  I don't drink like one!"
4482,6113,1,10,59,70,1.1714285714285715,0.0497256596779289,628,I've never seen a bar out of water.
4485,6113,1,10,59,70,1.1714285714285715,0.0497256596779289,628,Clearly I'm a fish out of water. Just give me a martini.
4502,6113,2,8,60,70,1.1714285714285715,0.05372820400267856,628,"Another bug and algae, straight up."
4561,6113,0,12,58,70,1.1714285714285715,0.04537138476459545,628,They only want is sushi.
4603,6113,1,10,59,70,1.1714285714285715,0.0497256596779289,628,People say I drink like a fish. What do you think?
4645,6113,1,10,59,70,1.1714285714285715,0.0497256596779289,628,A doctorate in Marine Biology . . . and everybody says I'm overqualified!  Geez!
4654,6113,1,10,59,70,1.1714285714285715,0.0497256596779289,628,Water with a pinch of salt! No ice please
4776,6113,0,12,58,70,1.1714285714285715,0.04537138476459545,628,Have you heard the one about the mermaid that visited the White House?
4833,6113,1,10,59,70,1.1714285714285715,0.0497256596779289,628,I should grow a mustache.
4894,6113,2,8,60,70,1.1714285714285715,0.05372820400267856,628,"Believe me, pal. This is not just any old fish tale."
4987,6113,1,10,59,70,1.1714285714285715,0.0497256596779289,628,"'Nother round, my good man. Stew's not quite up the gills yet."
5972,6113,2,8,60,70,1.1714285714285715,0.05372820400267856,628,Drinking like a fish?  That’s insulting.
7021,6113,1,10,59,70,1.1714285714285715,0.0497256596779289,628,"1)""I'm not going to be a part of some bar joke.""
2) ""No, you've gone overboard!""
3) ""So, you're telling me you call yourself a Phishhead?"""
6039,6113,1,10,59,70,1.1714285714285715,0.0497256596779289,628,My wife tells me I'm like that too.
7227,6113,0,12,58,70,1.1714285714285715,0.04537138476459545,628,"I prefer to swim UPTOWN, Martini Please."
7262,6113,2,8,60,70,1.1714285714285715,0.05372820400267856,628,Stop me if you've heard this one before...
7275,6113,2,8,60,70,1.1714285714285715,0.05372820400267856,628,"A martini,very dry"
7305,6113,1,10,59,70,1.1714285714285715,0.0497256596779289,628,"Evolution?? Now,whatever I want on the rocks."
7377,6113,1,10,59,70,1.1714285714285715,0.0497256596779289,628,"Tequila on ice, with the worm, and a splash of dirty water."
7383,6113,1,10,59,70,1.1714285714285715,0.0497256596779289,628,I just love feeling like a fish out of water.
7406,6113,1,10,59,70,1.1714285714285715,0.0497256596779289,628,Yeah. Other fish in the sea. But I'm on land.
7422,6113,2,8,60,70,1.1714285714285715,0.05372820400267856,628,"You heard me; two-cents plain, leave the bottle. I'm not swimming tonight."
7465,6113,2,8,60,70,1.1714285714285715,0.05372820400267856,628,It’s really hard for a fish to drown his sorrows.
7480,6113,1,10,59,70,1.1714285714285715,0.0497256596779289,628,"Make it one more for my Beluga, and one more for the river.  That long, long river."
7572,6113,1,10,59,70,1.1714285714285715,0.0497256596779289,628,Don't just assume I want a wet martini.
7590,6113,2,8,60,70,1.1714285714285715,0.05372820400267856,628,A few more of these and I might float away.
7640,6113,1,10,59,70,1.1714285714285715,0.0497256596779289,628,The trick is not minding.
7646,6113,1,10,59,70,1.1714285714285715,0.0497256596779289,628,"Yes I know it's a fishy story, but then again, what did you expect?"
7649,6113,0,12,58,70,1.1714285714285715,0.04537138476459545,628,The problem with your business model is you're afraid to scale-up.
7650,6113,1,10,59,70,1.1714285714285715,0.0497256596779289,628,It's tough out there-I got a loan shark on my tail.
7767,6113,1,10,59,70,1.1714285714285715,0.0497256596779289,628,Oscar Shmoscar. I haven't landed a part in a year!
7800,6113,1,10,59,70,1.1714285714285715,0.0497256596779289,628,"You're always carping on me, wanting me to scale down."
7844,6113,0,12,58,70,1.1714285714285715,0.04537138476459545,628,I've been told my drinking is inherent to my species.
7929,6113,1,10,59,70,1.1714285714285715,0.0497256596779289,628,"Gee, no, I've never heard that insipid simile before."
7966,6113,1,10,59,70,1.1714285714285715,0.0497256596779289,628,So then I say -- That dog is not so shaggy...
7981,6113,0,12,58,70,1.1714285714285715,0.04537138476459545,628,Just what do you mean by ‘crocked to the gills’?
8008,6113,0,12,58,70,1.1714285714285715,0.04537138476459545,628,Please! Your clients can't drink like me. They fish.
8052,6113,3,6,61,70,1.1714285714285715,0.057452576794271674,628,I started to get suspicious when our second kid came out a merman.
8062,6113,2,8,60,70,1.1714285714285715,0.05372820400267856,628,"Well, you pour like a fish!"
7174,6113,1,10,59,70,1.1714285714285715,0.0497256596779289,628,"Plain water, please. Lots of it."
7145,6113,1,10,59,70,1.1714285714285715,0.0497256596779289,628,"And to top it off, she said there was just something fishy about me."
7133,6113,2,8,60,70,1.1714285714285715,0.05372820400267856,628,"Bartender, I'm dying for a deep glass of water."
7131,6113,1,10,59,70,1.1714285714285715,0.0497256596779289,628,Something humany is going on around here.
6062,6113,1,10,59,70,1.1714285714285715,0.0497256596779289,628,A dry Martini...please!
6065,6113,0,12,58,70,1.1714285714285715,0.04537138476459545,628,"Glug, glug, glug."
6078,6113,1,10,59,70,1.1714285714285715,0.0497256596779289,628,"Do I drink like a fish? Nice one, original..."
6104,6113,2,8,60,70,1.1714285714285715,0.05372820400267856,628,H2O on the rocks please.
6111,6113,2,8,60,70,1.1714285714285715,0.05372820400267856,628,I'm not playing koi!
6204,6113,2,8,60,70,1.1714285714285715,0.05372820400267856,628,"""Don't tell me what sounds fishy?"
6238,6113,1,10,59,70,1.1714285714285715,0.0497256596779289,628,"Chips. From now on, JUST chips, okay? You know how much money I spend in here?"
6269,6113,0,12,58,70,1.1714285714285715,0.04537138476459545,628,"I hear it all the time, Joe. ‘Sam!’ they say. ‘Sam, you drink like a fish!’ But I’m not buying it."
6323,6113,0,12,58,70,1.1714285714285715,0.04537138476459545,628,As a matter of fact... I am a fish.
6391,6113,1,10,59,70,1.1714285714285715,0.0497256596779289,628,"Give me another drink, then I'll be fin-ished."
6404,6113,1,10,59,70,1.1714285714285715,0.0497256596779289,628,Have you heard the one about the fish”?
6493,6113,1,10,59,70,1.1714285714285715,0.0497256596779289,628,"And then she said, ""There are many other fish in the sea..."""
5993,6113,1,10,59,70,1.1714285714285715,0.0497256596779289,628,I’ll show you a fish out of water. Give me another shot!
6532,6113,2,8,60,70,1.1714285714285715,0.05372820400267856,628,"Then I told her, 'Fine, there's plenty more humans on the land'"
6551,6113,2,8,60,70,1.1714285714285715,0.05372820400267856,628,If I wanted a slash of water I would have asked for a splash of water
6596,6113,1,10,59,70,1.1714285714285715,0.0497256596779289,628,I was drinking like one - so thought I might as well become one.
6601,6113,0,12,58,70,1.1714285714285715,0.04537138476459545,628,"It’s water water everywhere out there, I tell ya."
6657,6113,3,6,61,70,1.1714285714285715,0.057452576794271674,628,"I may be a fish out of water here, Otto . . . but have you ever considered getting a toupee?"
6665,6113,1,10,59,70,1.1714285714285715,0.0497256596779289,628,I am so tired that everyone calls me slimy and a gold-digger.
6712,6113,1,10,59,70,1.1714285714285715,0.0497256596779289,628,"So then she says,"" there's plenty of other fish in the sea""."
6726,6113,2,8,60,70,1.1714285714285715,0.05372820400267856,628,I'll say when it's enough! Don't treat me like a live in a bowl!
6824,6113,1,10,59,70,1.1714285714285715,0.0497256596779289,628,"When I said I wanted a Sea Breeze, I wasn't talkin' balmy winds and sandy beaches."
6856,6113,3,6,61,70,1.1714285714285715,0.057452576794271674,628,"Frankly, I think you should hear it from the fish's mouth."
6884,6113,2,8,60,70,1.1714285714285715,0.05372820400267856,628,Scotch with a splash of water to celebrate escaping the Fox net!
3986,6113,1,10,59,70,1.1714285714285715,0.0497256596779289,628,"No, you're a cold fish, Barry."
7029,6113,0,12,58,70,1.1714285714285715,0.04537138476459545,628,Scotch and water. Heavy on the water please.
6536,6113,1,10,59,70,1.1714285714285715,0.0497256596779289,628,I'll have another Cape Cod.
3862,6113,0,12,58,70,1.1714285714285715,0.04537138476459545,628,"Cut me off and your Bartender Sushi, Bud."
6214,6113,1,10,59,70,1.1714285714285715,0.0497256596779289,628,"I'd like a margarita on the rocks with salt, but hold the lime juice and the tequila."
3804,6113,1,10,59,70,1.1714285714285715,0.0497256596779289,628,I'll have a martini. Very wet.
1048,6113,1,10,59,70,1.1714285714285715,0.0497256596779289,628,"I know it sounds fishy, but it is true."
1120,6113,1,10,59,70,1.1714285714285715,0.0497256596779289,628,No more shots—just give me a big ol' margarita glass that I can swim in.
1148,6113,1,10,59,70,1.1714285714285715,0.0497256596779289,628,I'll have a bass.
1170,6113,1,10,59,70,1.1714285714285715,0.0497256596779289,628,I didn't get the job.  They wanted a shark.
1174,6113,2,8,60,70,1.1714285714285715,0.05372820400267856,628,I don't usually do the barn scene....I always feel like a fish out of water
1176,6113,0,12,58,70,1.1714285714285715,0.04537138476459545,628,I’ve never performed for this type of a crowd. I feel like a fish out of water.
1180,6113,2,8,60,70,1.1714285714285715,0.05372820400267856,628,I told you.  I need to swim in it.
1217,6113,2,8,60,70,1.1714285714285715,0.05372820400267856,628,Hold the salt.
1248,6113,2,8,60,70,1.1714285714285715,0.05372820400267856,628,"If you think I drink like a fish, wait till my buddy washes up here."
1006,6113,1,10,59,70,1.1714285714285715,0.0497256596779289,628,"Hey, pal, I may drink like a fish, but at lease I don't  wake up eveyrday, look in the mirror, and come face-to-ace with G. Gordon Liddy."
1293,6113,3,6,61,70,1.1714285714285715,0.057452576794271674,628,No more I don’t want to get too sloshed.
1339,6113,1,10,59,70,1.1714285714285715,0.0497256596779289,628,I don’t LIKE
1455,6113,1,10,59,70,1.1714285714285715,0.0497256596779289,628,You know... there was a day when a man was proud to be told he drinks like a fish
1459,6113,2,8,60,70,1.1714285714285715,0.05372820400267856,628,"I’m not a goldfish, I would have remembered ordering all these drinks"
1474,6113,0,12,58,70,1.1714285714285715,0.04537138476459545,628,"Would I like a dry martini?  What are you,a comedian?"
1492,6113,1,10,59,70,1.1714285714285715,0.0497256596779289,628,I’ll have a martini — extra wet!
1503,6113,2,8,60,70,1.1714285714285715,0.05372820400267856,628,"So what if  I'm thinking like a Drish,"
1514,6113,0,12,58,70,1.1714285714285715,0.04537138476459545,628,Just fishing for info on the guy who just left the bar
1532,6113,3,6,61,70,1.1714285714285715,0.057452576794271674,628,Don't give me those fishy eyes.
1545,6113,0,12,58,70,1.1714285714285715,0.04537138476459545,628,"If I walked into this bar, it would possibly be funnier."
1334,6113,1,10,59,70,1.1714285714285715,0.0497256596779289,628,Please don't water it down.
1603,6113,1,10,59,70,1.1714285714285715,0.0497256596779289,628,"...at these prices, I wouldn't plan on spawning grounds."
934,6113,2,8,60,70,1.1714285714285715,0.05372820400267856,628,...and this is not a fish story.
812,6113,2,8,60,70,1.1714285714285715,0.05372820400267856,628,"Ha . . . ha . . . I get it. ""I'm already juiced to the gills."""
3836,6113,2,8,60,70,1.1714285714285715,0.05372820400267856,628,Listen buddy. I'm trying to drown my sorrows in liquor so I can survive!
17,6113,1,10,59,70,1.1714285714285715,0.0497256596779289,628,"Double Scotch and water, and hold the Scotch."
33,6113,2,8,60,70,1.1714285714285715,0.05372820400267856,628,Don't get me started on Daryl Hannah. Splash beats Wall Street any day of the week!
63,6113,1,10,59,70,1.1714285714285715,0.0497256596779289,628,"Look John, stop using me as a warning to the drunks that come here. I'm fine."
92,6113,1,10,59,70,1.1714285714285715,0.0497256596779289,628,Stop telling me to come up for air!
100,6113,2,8,60,70,1.1714285714285715,0.05372820400267856,628,I need a dunk.
142,6113,0,12,58,70,1.1714285714285715,0.04537138476459545,628,Water.  On the rocks. No salt.
372,6113,3,6,61,70,1.1714285714285715,0.057452576794271674,628,Keep pouring the tequilas until we get down to the worm.
376,6113,0,12,58,70,1.1714285714285715,0.04537138476459545,628,I told you the strong stuff … not filtered water.
844,6113,0,12,58,70,1.1714285714285715,0.04537138476459545,628,It's time you learned how a fish REALLY drinks!
401,6113,1,10,59,70,1.1714285714285715,0.0497256596779289,628,We met on Plenty of...nevermind
440,6113,1,10,59,70,1.1714285714285715,0.0497256596779289,628,These 3 fish swam into a bar...
449,6113,1,10,59,70,1.1714285714285715,0.0497256596779289,628,"Listen A-hole, did you just say , ""Water you have?"""
488,6113,2,8,60,70,1.1714285714285715,0.05372820400267856,628,Its a living!
524,6113,1,10,59,70,1.1714285714285715,0.0497256596779289,628,There’s nothing fishy about ordering a drink.
560,6113,1,10,59,70,1.1714285714285715,0.0497256596779289,628,"You can take the fish out of water, but not the water out of ...water!!! Now please, I’m drowning in air!!!"
583,6113,1,10,59,70,1.1714285714285715,0.0497256596779289,628,"man, fuck, everybody's gotta stop being so sensitive it's just a word it's not like one of em's in here"
671,6113,1,10,59,70,1.1714285714285715,0.0497256596779289,628,"Look pal, Don’t  judge me. If you found yourself swimming in an ocean of debt you’d drink like a fish too."
729,6113,1,10,59,70,1.1714285714285715,0.0497256596779289,628,"A glass of Sharkdonnay, please'"
760,6113,1,10,59,70,1.1714285714285715,0.0497256596779289,628,What else am I supposed to drink like?
416,6113,1,10,59,70,1.1714285714285715,0.0497256596779289,628,Watch your mouth!  I eat like a fish too.
1604,6113,1,10,59,70,1.1714285714285715,0.0497256596779289,628,Been knocked off my perch... starting to flounder... so one more for the halibut...
568,6113,3,6,61,70,1.1714285714285715,0.057452576794271674,628,Don't tell me I drink like a fish;  just make sure the next worm in my vodka doesn't have a hook in it.
1694,6113,1,10,59,70,1.1714285714285715,0.0497256596779289,628,"No, neat. I get enough water already."
2791,6113,0,12,58,70,1.1714285714285715,0.04537138476459545,628,Margarita with lots of salt.  I'm going to a dinner tonight.
2814,6113,1,10,59,70,1.1714285714285715,0.0497256596779289,628,"...and no cracks about how much I drink, awright?!"
2896,6113,3,6,61,70,1.1714285714285715,0.057452576794271674,628,"Water, water everywhere,
 Nor a drop to drink."
3056,6113,0,12,58,70,1.1714285714285715,0.04537138476459545,628,"You heard me right; Extra dry martini, anchovies on the side."
3077,6113,1,10,59,70,1.1714285714285715,0.0497256596779289,628,Make mine a mackerel brew.
3128,6113,1,10,59,70,1.1714285714285715,0.0497256596779289,628,"Yeah, anybody ever tell you you look like a worm."
3155,6113,1,10,59,70,1.1714285714285715,0.0497256596779289,628,Make it straight up.  I need a break from all the water and ice.
3163,6113,1,10,59,70,1.1714285714285715,0.0497256596779289,628,"Sir, that phrase is derogatory and frankly I find it offensive."
3335,6113,1,10,59,70,1.1714285714285715,0.0497256596779289,628,You've been Catfished!
2790,6113,1,10,59,70,1.1714285714285715,0.0497256596779289,628,How many times do I have to tell you to water it down?
3350,6113,1,10,59,70,1.1714285714285715,0.0497256596779289,628,"You don’t serve my kind in here? Fine, I’ll get my sushi down at the docks."
3435,6113,1,10,59,70,1.1714285714285715,0.0497256596779289,628,“She left me for a guy back at school.”
3438,6113,1,10,59,70,1.1714285714285715,0.0497256596779289,628,"That's right, I'm a fish out of water who's drinking like a fish. You gotta problem with that?"
3441,6113,1,10,59,70,1.1714285714285715,0.0497256596779289,628,Don't be koi with me -- are you watering these down?
3505,6113,1,10,59,70,1.1714285714285715,0.0497256596779289,628,This is not another 'a fish walked into a bar' joke.
3516,6113,1,10,59,70,1.1714285714285715,0.0497256596779289,628,I'll tell you what. It ain't the same around here since all the Koi jobs got shipped down to Mexico.
3614,6113,0,12,58,70,1.1714285714285715,0.04537138476459545,628,My home pond's dry; so I swim over here to get a drink.
3622,6113,0,12,58,70,1.1714285714285715,0.04537138476459545,628,"My source is (hic) reliable...
...Lucca sleeps wi' duh fishes!"
3733,6113,0,12,58,70,1.1714285714285715,0.04537138476459545,628,Six is my limit funny guy like I need a bicycle maybe?
1642,6113,2,8,60,70,1.1714285714285715,0.05372820400267856,628,"Yeah, and you pour drinks like a human."
3384,6113,1,10,59,70,1.1714285714285715,0.0497256596779289,628,"One more for the River, Swimming Under the Influence is not a criminal offense in this state."
2775,6113,0,12,58,70,1.1714285714285715,0.04537138476459545,628,"While your customers don't like it, your upside is I drink  like a fish."
3509,6113,1,10,59,70,1.1714285714285715,0.0497256596779289,628,"I don't drink like a fish, I drink AS a fish."
2725,6113,2,8,60,70,1.1714285714285715,0.05372820400267856,628,So what I drink like a fish.
2742,6113,1,10,59,70,1.1714285714285715,0.0497256596779289,628,"No kidding? You're out of water, too?"
1746,6113,1,10,59,70,1.1714285714285715,0.0497256596779289,628,"Whaddaya mean ""too small""? That's not what your wife said!"
1850,6113,1,10,59,70,1.1714285714285715,0.0497256596779289,628,She says I drink like a fish.......Hello?
1964,6113,0,12,58,70,1.1714285714285715,0.04537138476459545,628,"Gimme a shot of  Metaxa, I've been swimming in salt water all day and wanna get the taste of it out of my mouth."
1984,6113,3,6,61,70,1.1714285714285715,0.057452576794271674,628,My wife said that I drink like a fish.
1986,6113,1,10,59,70,1.1714285714285715,0.0497256596779289,628,Oh yeah? Well you smoke like a bald guy.
1996,6113,1,10,59,70,1.1714285714285715,0.0497256596779289,628,This is my first time at a bar. I'm a little wet behind the ears when it comes to drinking.
2062,6113,0,12,58,70,1.1714285714285715,0.04537138476459545,628,Be honest with me Joe. Am I drinking like a fish?
2081,6113,1,10,59,70,1.1714285714285715,0.0497256596779289,628,They say that I drink like a fish.
2088,6113,2,8,60,70,1.1714285714285715,0.05372820400267856,628,"So then I used my third wish to ""be efficient."""
2133,6113,1,10,59,70,1.1714285714285715,0.0497256596779289,628,What's that supposed to mean?
1719,6113,1,10,59,70,1.1714285714285715,0.0497256596779289,628,"How long has it been, my love."
2190,6113,1,10,59,70,1.1714285714285715,0.0497256596779289,628,And just to be clear - your restroom is NOT trans-friendly.
2236,6113,1,10,59,70,1.1714285714285715,0.0497256596779289,628,"Let me tell ya, you don't want to be sleeping with any fishes."
2393,6113,0,12,58,70,1.1714285714285715,0.04537138476459545,628,Don't tell me I drink like a fish.  I've heard that too much. Not funny.
2475,6113,1,10,59,70,1.1714285714285715,0.0497256596779289,628,Don't get smart with me! I did not ask for a  Ramos Fish!
2150,6113,1,10,59,70,1.1714285714285715,0.0497256596779289,628,"Big fish, small pond, so give me a decent pour this time."
2576,6113,2,8,60,70,1.1714285714285715,0.05372820400267856,628,"Yep, I drink like a fish -- and you landed here after flunking comedy school."
2596,6113,1,10,59,70,1.1714285714285715,0.0497256596779289,628,Let's just let it breath for a second...
2610,6113,2,8,60,70,1.1714285714285715,0.05372820400267856,628,Did anyone ever tell you you drink like a fish?
2667,6113,2,8,60,70,1.1714285714285715,0.05372820400267856,628,There are plenty of other fish in the sea.
3105,6323,1,11,64,76,1.1710526315789473,0.047344048310574156,628,"I was just dumped! 
I'll have a double Seabreeze, no ice!"
5065,6324,2,8,61,71,1.1690140845070423,0.05302106749939831,628,Enough with the sushi bar jokes!
241,6324,2,8,61,71,1.1690140845070423,0.05302106749939831,628,"......and next thing you know, he' swallows it, hook, line and sinker...."
1467,6324,1,10,60,71,1.1690140845070423,0.049079722002617565,628,I'm just warming up. You know what they call me?! Wander
1792,6324,1,10,60,71,1.1690140845070423,0.049079722002617565,628,I used to be a goldfish-these stories are making me fat!
1927,6324,0,12,59,71,1.1690140845070423,0.044792908199096586,628,What time do the foxes and cougars show up?
2294,6324,1,10,60,71,1.1690140845070423,0.049079722002617565,628,You're a nice change from the fly.
3732,6324,1,10,60,71,1.1690140845070423,0.049079722002617565,628,"Six is NOT a lot for someone my weight, and I'm sick of that offensive expression!"
2653,6324,0,12,59,71,1.1690140845070423,0.044792908199096586,628,No...I only drink like one .
5122,6324,1,10,60,71,1.1690140845070423,0.049079722002617565,628,. . . with a water back.
3887,6324,1,10,60,71,1.1690140845070423,0.049079722002617565,628,"You know I only visit hotel bars because of the swimming pools, which make things so much easier."
4142,6324,3,6,62,71,1.1690140845070423,0.056689047316896064,628,"Yeah,it does seem fishy,even though I'm orange too."
4426,6324,3,6,62,71,1.1690140845070423,0.056689047316896064,628,"One large water, and make it snappy"
4519,6324,0,12,59,71,1.1690140845070423,0.044792908199096586,628,I'll have a scotch and water. Make that lots of water.
4802,6324,2,8,61,71,1.1690140845070423,0.05302106749939831,628,"So I'll say it again pal...have you heard,'a JUMBO shrimp walks into the bar'?"
4846,6324,1,10,60,71,1.1690140845070423,0.049079722002617565,628,"So I said ""Carpe diem"" and that's when she threw me back!"
2503,6324,1,10,60,71,1.1690140845070423,0.049079722002617565,628,Of course! I need a beer! Fish can’t peddle a bike.
5509,6324,0,12,59,71,1.1690140845070423,0.044792908199096586,628,"I'd like that with a slice of lemon, a sprinkle of dill and some melted butter please."
4959,6324,1,10,60,71,1.1690140845070423,0.049079722002617565,628,Of course I’ve heard it before.  Everybody is a comedian.
4932,6324,0,12,59,71,1.1690140845070423,0.044792908199096586,628,She left me. Said I was too Koi with her
5538,6324,1,10,60,71,1.1690140845070423,0.049079722002617565,628,"Straight up and  no water, you know what I do in it."
2912,6344,1,11,65,77,1.1688311688311688,0.0467779231605511,628,That’s the best insult you could come up with? Wow.
5959,6345,1,8,51,60,1.1666666666666667,0.05402796234942498,628,"It's insulting, my whole life dismissed as just another fish tale."
5387,6345,1,10,61,72,1.1666666666666667,0.048450158311150925,628,My friends kept warning me about drinking like a fish but I would
2956,6345,1,10,61,72,1.1666666666666667,0.048450158311150925,628,"What do you mean, ""I look fishy to you!"""
3697,6345,1,10,61,72,1.1666666666666667,0.048450158311150925,628,"He said he was going to the restroom, but he left me high and dry."
3568,6345,1,8,51,60,1.1666666666666667,0.05402796234942498,628,Don't let anybody tell you they drink like this fish
2720,6345,1,8,51,60,1.1666666666666667,0.05402796234942498,628,"Yeah, Hollywood could only find ONE role for me..."
1562,6345,1,8,51,60,1.1666666666666667,0.05402796234942498,628,...so then he says .... 'like a fish out of water'?
4787,6345,1,8,51,60,1.1666666666666667,0.05402796234942498,628,Please stop saying I drink like a fish and give me another shot.
1955,6353,1,10,62,73,1.1643835616438356,0.04783636264784695,628,"A Glas of Seawater from the Western Caribbean, Please!"
7327,6353,2,8,63,73,1.1643835616438356,0.051660769401756894,628,"Make it a frozen ""Fishbowl Cocktail"" and no wisecracks."
2800,6355,0,11,56,67,1.164179104477612,0.04559776810901335,628,Double scotch neat and leave the bottle. I drink like a fish.
2605,6355,1,9,57,67,1.164179104477612,0.05031342257188375,628,"I know you don't get many fish in here, and at these prices you're not going to, either"
2598,6355,0,11,56,67,1.164179104477612,0.04559776810901335,628,I'm being weighed in at the dock.  See. I'm a sure winner for the championship.  See. But no.  I vomit launched a pound and a half of lead shot.  The judges threw me back into the water and tar and feathered the guy who caught me.
2589,6355,0,11,56,67,1.164179104477612,0.04559776810901335,628,"One more crack about how and how much I’m drinking and you’ll be eating a knuckle sandwich... er, ah wait a minute. I mean a flipper sandwich."
2406,6355,2,7,58,67,1.164179104477612,0.054623479615184975,628,"So a seahorse walks into a bar, and the bartender says..."
2302,6355,1,9,57,67,1.164179104477612,0.05031342257188375,628,Maybe you’d have more patrons if your drinks had more oxygen.
2366,6355,2,7,58,67,1.164179104477612,0.054623479615184975,628,And none of those fish.... you know what jokes
5250,6355,3,5,59,67,1.164179104477612,0.058617476571788,628,So this shaggy dog walked into a bar.
2891,6355,0,11,56,67,1.164179104477612,0.04559776810901335,628,"Yes, I'm a Koi; I drink like a fish, so fill 'er up and don't be coy with me!"
8032,6355,1,9,57,67,1.164179104477612,0.05031342257188375,628,What’s the point of being a fish if you can’t drink like one.
2254,6355,0,11,56,67,1.164179104477612,0.04559776810901335,628,Drink like a fish!?! That's specist!
7836,6355,1,9,57,67,1.164179104477612,0.05031342257188375,628,I think YOU may be the one who's drunk.
7768,6355,1,9,57,67,1.164179104477612,0.05031342257188375,628,"Wait, am I still dreaming?"
7688,6355,2,7,58,67,1.164179104477612,0.054623479615184975,628,And what's so wrong with drinking like a fish?
7560,6355,1,9,57,67,1.164179104477612,0.05031342257188375,628,"Joe, I do believe I'm drunk, as a fish."
7512,6355,0,11,56,67,1.164179104477612,0.04559776810901335,628,"My school thinks I need an alcoholics intervention.  Why should I?  I am a fish, after all."
7113,6355,0,11,56,67,1.164179104477612,0.04559776810901335,628,"Cured, but the side effects are worse than the disease!"
6157,6355,2,7,58,67,1.164179104477612,0.054623479615184975,628,"Jush one more versh, barkeep ...
 ‘How dry I am ...’"
5998,6355,1,9,57,67,1.164179104477612,0.05031342257188375,628,And then she called me a “pickled herring”…
5080,6355,0,11,56,67,1.164179104477612,0.04559776810901335,628,"Scotch, please, with lots of water on the side."
4722,6355,2,7,58,67,1.164179104477612,0.054623479615184975,628,Don't you tell me I can't drive after a few of these!
4496,6355,1,9,57,67,1.164179104477612,0.05031342257188375,628,I do what I do so you just get busy with what you do and we'll get along.
4447,6355,0,11,56,67,1.164179104477612,0.04559776810901335,628,"Well, I got here by playing the scales."
4358,6355,1,9,57,67,1.164179104477612,0.05031342257188375,628,Hold the straw.
4091,6355,1,9,57,67,1.164179104477612,0.05031342257188375,628,"A clamato and vodka, neat.  Do you have any oyster crackers?  I'm allergic to peanuts."
3237,6355,1,9,57,67,1.164179104477612,0.05031342257188375,628,What do you mean you don’t have Salt water on tap!?
3182,6355,1,9,57,67,1.164179104477612,0.05031342257188375,628,Have you heard the one about the three humans who dived too far and got the bends?
3074,6355,1,9,57,67,1.164179104477612,0.05031342257188375,628,"Listen, I didn't came in here for the Dry Vermouth."
2921,6355,0,11,56,67,1.164179104477612,0.04559776810901335,628,Not only can I handle another drink but I can also hold my breadth for at least 10 minutes!
2898,6355,0,11,56,67,1.164179104477612,0.04559776810901335,628,A shot of the driest sherry you have I am just sick of wet stuff.
2830,6355,2,7,58,67,1.164179104477612,0.054623479615184975,628,"So my father was eaten by sharks, I turned to drink, and this guy Hemingway got the Pulitzer and Nobel Prizes."
1973,6355,1,9,57,67,1.164179104477612,0.05031342257188375,628,"No, you have to take the tequila with it."
566,6355,1,9,57,67,1.164179104477612,0.05031342257188375,628,Plenty Fish awaits Mega Shark
1454,6355,1,9,57,67,1.164179104477612,0.05031342257188375,628,"On the next round, more water and less booze."
1291,6355,1,9,57,67,1.164179104477612,0.05031342257188375,628,I'm out of water?  You're out of water!  This whole bar is out of water!!!
1197,6355,2,7,58,67,1.164179104477612,0.054623479615184975,628,"Get a grip, man, no such thing as a fish out of water.  What does that even mean?  I'm outta water?  I'm out of the water?
What about outta wodka?  Truth isn't truth, man, get a grip."
1062,6355,1,9,57,67,1.164179104477612,0.05031342257188375,628,I arrived by designated driver.
1000,6355,2,7,58,67,1.164179104477612,0.054623479615184975,628,Of course I drink like a fish.  Hit me again!
832,6355,2,7,58,67,1.164179104477612,0.054623479615184975,628,I want a fish tale on the rocks
491,6355,0,11,56,67,1.164179104477612,0.04559776810901335,628,I resent the comparison between sots and me.
400,6355,0,11,56,67,1.164179104477612,0.04559776810901335,628,"Make it a double, John. I feel like a fish out of water today."
1544,6355,1,9,57,67,1.164179104477612,0.05031342257188375,628,"Make me a 'tequila sunrise,""'but make sure you include the worm"
2708,6397,1,8,52,61,1.1639344262295082,0.05320507735360911,628,"Don't give me any of that carp!"""
3239,6397,2,6,53,61,1.1639344262295082,0.05811392555691986,628,"You've heard the phrase ""He drinks like a fish?"" Well, let's get started!"
3939,6397,2,6,53,61,1.1639344262295082,0.05811392555691986,628,They've got it all wrong. I never touch a drop
5318,6397,1,8,52,61,1.1639344262295082,0.05320507735360911,628,"Now that you mention it, I AM out of water!"
5347,6397,1,8,52,61,1.1639344262295082,0.05320507735360911,628,So I drink like a fish. I AM as fish!!
6427,6397,0,10,51,61,1.1639344262295082,0.04779468766266639,628,"I'm a very sophisticated fish, so what's the problem with my drinking like one?"
6553,6397,0,10,51,61,1.1639344262295082,0.04779468766266639,628,"I may drink like one but at least I use Dial, doesn't everyone?"
61,6397,1,8,52,61,1.1639344262295082,0.05320507735360911,628,"There are plenty of fish in the sea,"" he said, and he left me"
1342,6397,1,8,52,61,1.1639344262295082,0.05320507735360911,628,"Maybe one more, but I really can't stay."
1692,6406,1,10,63,74,1.162162162162162,0.047237758050578095,628,"No, just chips."
436,6407,1,9,58,68,1.161764705882353,0.049626763740833676,628,Yes as a matter of fact i have heard that I drink like a fish
1888,6407,1,9,58,68,1.161764705882353,0.049626763740833676,628,"Yes, I drink like a fish. So?"
2541,6407,0,11,57,68,1.161764705882353,0.04498704387503318,628,Do I look familiar?
4417,6407,3,5,60,68,1.161764705882353,0.05779947062852091,628,(RAPID GASPING)
5313,6407,1,9,58,68,1.161764705882353,0.049626763740833676,628,I drink like a person.
5786,6407,1,9,58,68,1.161764705882353,0.049626763740833676,628,I don't drink as much as I used to
378,6407,0,11,57,68,1.161764705882353,0.04498704387503318,628,I would never have ended up like this if I had just stayed in school.
2203,6407,1,9,58,68,1.161764705882353,0.049626763740833676,628,"Tequila #6, down the hatchery."
3618,6407,2,7,59,68,1.161764705882353,0.05386833246131616,628,Who says I can't drown my sorrows this way?
5590,6416,0,11,58,69,1.1594202898550725,0.04439221265797129,628,"A man, a bull and a Rabbi walk into this bar see..."
540,6416,1,9,59,69,1.1594202898550725,0.04895841096457367,628,I can't have one last one for the road? I don't use the road!
1221,6416,1,9,59,69,1.1594202898550725,0.04895841096457367,628,You call this a wet martini?
1582,6416,0,11,58,69,1.1594202898550725,0.04439221265797129,628,And a water back.
1661,6416,0,11,58,69,1.1594202898550725,0.04439221265797129,628,"Did you hear the one about the Priest,
the Rabbi, and a Horse entering a bar?"
2311,6416,2,7,60,69,1.1594202898550725,0.05313363777948607,628,No. I am not pickled!
3856,6416,0,11,58,69,1.1594202898550725,0.04439221265797129,628,Some guy keeps putting his thumb on my scales.
5793,6416,1,9,59,69,1.1594202898550725,0.04895841096457367,628,Make it one more for my baby and one more for the Mariana Trench.
503,6416,1,9,59,69,1.1594202898550725,0.04895841096457367,628,"Is there really blood, in Bloody Mary?"
4915,6416,2,7,60,69,1.1594202898550725,0.05313363777948607,628,Help me get soaked! I wanna get as plastered as a drunken human!
2488,6426,0,12,64,76,1.1578947368421053,0.04210526315789474,628,I can't breathe!
2171,6427,1,8,55,64,1.15625,0.05087893153952011,628,"Look guppy, I don't tell you how to live your life."
2544,6427,1,8,55,64,1.15625,0.05087893153952011,628,You're never gonna believe this one.
3961,6427,1,8,55,64,1.15625,0.05087893153952011,628,"How come all your customers who boasted ""I can drink like a fish"" have disappeared?"
4495,6427,0,10,54,64,1.15625,0.045745315919462494,628,"Yeah, yeah.  I look like a fish out of water!  Like I haven't heard that before!  Now give me 120 scotch and waters and hold the scotch."
5086,6427,0,10,54,64,1.15625,0.045745315919462494,628,"Yeah, she was the one that got away."
390,6427,1,8,55,64,1.15625,0.05087893153952011,628,You got any fake treasure chests nearby? I need a nap.
5919,6427,1,8,55,64,1.15625,0.05087893153952011,628,I've asked you twice to water these drinks down!
2005,6434,2,7,62,71,1.1549295774647887,0.05172239521306923,628,"You just had one 3 seconds ago."" 
""Listen pal, what?"
3160,6435,1,8,56,65,1.1538461538461537,0.05014771080925116,628,"Keep em  coming, I can drink like a fish"
1891,6435,3,4,58,65,1.1538461538461537,0.058960421987522674,628,"Single malt, straight up, no water"
2148,6435,0,10,55,65,1.1538461538461537,0.045100151536763756,628,Social Paranha
2284,6435,0,10,55,65,1.1538461538461537,0.045100151536763756,628,The wife says I drink like a man.
2351,6435,2,6,57,65,1.1538461538461537,0.0547317287336835,628,I'm trying to scale down the amount I drink.
2353,6435,0,10,55,65,1.1538461538461537,0.045100151536763756,628,It should have been obvious that I couldn’t pay. I have no pockets for one thing. But I can leave you with a pretty good joke. ‘This fish walks into a bar ...’
2455,6435,1,8,56,65,1.1538461538461537,0.05014771080925116,628,"Water. And, just sayin,' I drink like a fish."
3395,6435,1,8,56,65,1.1538461538461537,0.05014771080925116,628,"Listen Bub! I'm a fish, so do not attempt to cut me off."
2519,6435,0,10,55,65,1.1538461538461537,0.045100151536763756,628,Then the bum disappeared with some nymph...
2638,6435,1,8,56,65,1.1538461538461537,0.05014771080925116,628,"Well, you're a man out of water. Now give me a gin and tonic."
2683,6435,1,8,56,65,1.1538461538461537,0.05014771080925116,628,"Scotch, neat.  And keep 'em comin'."
2716,6435,1,8,56,65,1.1538461538461537,0.05014771080925116,628,I'll show you how to drink like a fish!
2756,6435,1,8,56,65,1.1538461538461537,0.05014771080925116,628,"Pour me another... man, what a day in the barrel!"
2772,6435,1,8,56,65,1.1538461538461537,0.05014771080925116,628,"No more thanks, I'm soused to the gills"
2828,6435,2,6,57,65,1.1538461538461537,0.0547317287336835,628,All those eons of evolution and all you can come up with is that I drink like a fish?
2854,6435,1,8,56,65,1.1538461538461537,0.05014771080925116,628,"I'm a drinker, not a fighter."
2951,6435,2,6,57,65,1.1538461538461537,0.0547317287336835,628,Nobody know how dry I am.......
2979,6435,1,8,56,65,1.1538461538461537,0.05014771080925116,628,"Fill me up barkeep, I’m a fish out of water"
5759,6435,2,6,57,65,1.1538461538461537,0.0547317287336835,628,"Have I had enough? Buddy, this stuff is like air to me."
3087,6435,1,8,56,65,1.1538461538461537,0.05014771080925116,628,blup BLUP  blup blup Buddy
3130,6435,1,8,56,65,1.1538461538461537,0.05014771080925116,628,Don't tell me this story sounds fishy
3240,6435,1,8,56,65,1.1538461538461537,0.05014771080925116,628,Fill it up! Fish out of water!
3694,6435,1,8,56,65,1.1538461538461537,0.05014771080925116,628,Martini. Extra dry.
3922,6435,1,8,56,65,1.1538461538461537,0.05014771080925116,628,I will work for scale.
3621,6435,1,8,56,65,1.1538461538461537,0.05014771080925116,628,What do you recommend for someone who drinks like a fish?
3477,6435,2,6,57,65,1.1538461538461537,0.0547317287336835,628,You wanna hear about the one that got away?
3988,6435,0,10,55,65,1.1538461538461537,0.045100151536763756,628,"I'm not the one playing koi here, mister!"
4021,6435,0,10,55,65,1.1538461538461537,0.045100151536763756,628,Would fifty clams  for another drink tip the scales?
4107,6435,2,6,57,65,1.1538461538461537,0.0547317287336835,628,"I should have been a pair of ragged claws scuttling across the floors of ragged seas""

from T.S. Eliot's THE LOVE SONG OF J. ALFRED PRUFROCK (which is in the public domain!"
4144,6435,1,8,56,65,1.1538461538461537,0.05014771080925116,628,Another to dry my sorrow.
4150,6435,2,6,57,65,1.1538461538461537,0.0547317287336835,628,"Tank of water, please. No ice."
4377,6435,1,8,56,65,1.1538461538461537,0.05014771080925116,628,What makes you think I don't have a spine?
4555,6435,2,6,57,65,1.1538461538461537,0.0547317287336835,628,"What do you mean, I am now out of water."
4567,6435,0,10,55,65,1.1538461538461537,0.045100151536763756,628,I only drink like this because my house dried out and left me to go flood somewhere else.
4762,6435,0,10,55,65,1.1538461538461537,0.045100151536763756,628,"I've done 12-step, Frank, but I still drink like a fish."
4903,6435,2,6,57,65,1.1538461538461537,0.0547317287336835,628,"He told me ""If I wanted to become a big fish in the bowl,I'd have to touch his fin."""
4927,6435,1,8,56,65,1.1538461538461537,0.05014771080925116,628,Set me up..I need to get in the tank.
5119,6435,2,6,57,65,1.1538461538461537,0.0547317287336835,628,I'm sorry; we don't serve fish here.
5224,6435,1,8,56,65,1.1538461538461537,0.05014771080925116,628,Water is boredom
5312,6435,2,6,57,65,1.1538461538461537,0.0547317287336835,628,"In fish school, I was taught to 'Carpe Diem."
5377,6435,2,6,57,65,1.1538461538461537,0.0547317287336835,628,"No, I don't want you to fillet!"
1814,6435,1,8,56,65,1.1538461538461537,0.05014771080925116,628,"I ordered a cherry herring, and the next thing I knew ...."
5390,6435,2,6,57,65,1.1538461538461537,0.0547317287336835,628,My wife fucking left me.
5448,6435,2,6,57,65,1.1538461538461537,0.0547317287336835,628,Make it heavy. Put more salt.
5585,6435,1,8,56,65,1.1538461538461537,0.05014771080925116,628,You're the fish out of water. Don't even know how to make a gd rum and coke.
3448,6435,1,8,56,65,1.1538461538461537,0.05014771080925116,628,"'
""Marlinti, on the rocks""."
1789,6435,1,8,56,65,1.1538461538461537,0.05014771080925116,628,Hit me again...hydration is everything.
393,6435,1,8,56,65,1.1538461538461537,0.05014771080925116,628,"You got a problem with me throwing one back?"""
1741,6435,1,8,56,65,1.1538461538461537,0.05014771080925116,628,I know it sounds fishy but I would like a really dry martini.
270,6435,0,10,55,65,1.1538461538461537,0.045100151536763756,628,"I just need a tall glass of salt water, and fast!"
1754,6435,1,8,56,65,1.1538461538461537,0.05014771080925116,628,I used to be a goldfish before the price of gold got so high.
6066,6435,0,10,55,65,1.1538461538461537,0.045100151536763756,628,I'd like a dry martini.
6340,6435,2,6,57,65,1.1538461538461537,0.0547317287336835,628,It's only cannibalism if you swallow.
6521,6435,0,10,55,65,1.1538461538461537,0.045100151536763756,628,...so I dropped out of school.
6575,6435,2,6,57,65,1.1538461538461537,0.0547317287336835,628,then she tells me I have to cut out the worms...
6582,6435,0,10,55,65,1.1538461538461537,0.045100151536763756,628,"I don't drink like a fish, I'm freshwater."
314,6435,1,8,56,65,1.1538461538461537,0.05014771080925116,628,Whiskey and water. Lots of water.
6875,6435,1,8,56,65,1.1538461538461537,0.05014771080925116,628,"Give me something not fishy, will ya?"
6964,6435,1,8,56,65,1.1538461538461537,0.05014771080925116,628,Of  course I drink like a...
7076,6435,2,6,57,65,1.1538461538461537,0.0547317287336835,628,"No, I was NOT looking Koi-ly at you!"
7543,6435,1,8,56,65,1.1538461538461537,0.05014771080925116,628,Now THIS is how you drink like a fish.
7571,6435,0,10,55,65,1.1538461538461537,0.045100151536763756,628,"...it's the same old story, I fell for his bait, I didn't measure up, so he threw me back into the sea."
7575,6435,1,8,56,65,1.1538461538461537,0.05014771080925116,628,Give me a limpid.
7606,6435,2,6,57,65,1.1538461538461537,0.0547317287336835,628,"You cut me off, and you'll never catch a fish in this town again."
8011,6435,2,6,57,65,1.1538461538461537,0.0547317287336835,628,"The last thing I remember is telling the genie is , ""No, you drink like a fish."""
6922,6435,1,8,56,65,1.1538461538461537,0.05014771080925116,628,My ID?  I left it in the boat
477,6435,0,10,55,65,1.1538461538461537,0.045100151536763756,628,"Yes, I said another water, please."
5782,6435,1,8,56,65,1.1538461538461537,0.05014771080925116,628,What if I said you drink like a bald man?
493,6435,1,8,56,65,1.1538461538461537,0.05014771080925116,628,"So I says to him, I says, ‘When you’re famous, they don’t care. You can just grab ‘em by the octopus.’ What’s so offensive about that?"
1627,6435,0,10,55,65,1.1538461538461537,0.045100151536763756,628,Glub glub. Glub glub glub. Glub glub.
1596,6435,0,10,55,65,1.1538461538461537,0.045100151536763756,628,Finally -- someone who knows how to make a dry martini
1559,6435,1,8,56,65,1.1538461538461537,0.05014771080925116,628,I’ll have one of everything.
1502,6435,1,8,56,65,1.1538461538461537,0.05014771080925116,628,I’m going to scale back my drinking —tomorrow.
481,6435,2,6,57,65,1.1538461538461537,0.0547317287336835,628,A shot of whiskey and 7 bottles of water.
1143,6435,1,8,56,65,1.1538461538461537,0.05014771080925116,628,This is how to drink like a fish
1090,6435,1,8,56,65,1.1538461538461537,0.05014771080925116,628,I drink like a WHAT?
1056,6435,0,10,55,65,1.1538461538461537,0.045100151536763756,628,It’s true what they say...
1188,6435,2,6,57,65,1.1538461538461537,0.0547317287336835,628,The sign said the 7th sinker was free.
993,6435,2,6,57,65,1.1538461538461537,0.0547317287336835,628,There's no way the dress is white and gold.
1024,6435,1,8,56,65,1.1538461538461537,0.05014771080925116,628,Listen buddy. I need this! My school just got shot up!
501,6435,2,6,57,65,1.1538461538461537,0.0547317287336835,628,It's all about the gills my friend.
581,6435,2,6,57,65,1.1538461538461537,0.0547317287336835,628,"They told me I can drink as much as a fish, as long as I drink what a fish drinks."
801,6435,1,8,56,65,1.1538461538461537,0.05014771080925116,628,"It’s usually me, a skunk, a lord and a judge. He’s the designated driver."
5803,6435,2,6,57,65,1.1538461538461537,0.0547317287336835,628,I've got an incredible fish story to tell you. Who am I? Call me Fishmael
854,6435,0,10,55,65,1.1538461538461537,0.045100151536763756,628,I can't decide between a Funky Monkey and a Flaming Giraffe.
951,6435,1,8,56,65,1.1538461538461537,0.05014771080925116,628,The only way I’ll leave is if you get a deck of cards and beat me at Go FISH
979,6435,0,10,55,65,1.1538461538461537,0.045100151536763756,628,Please don't say that I drink like a fish.
853,6435,2,6,57,65,1.1538461538461537,0.0547317287336835,628,I've been informed that you're serving crackers n our likeness without a license from the bowl committee.
1738,6523,1,7,51,59,1.152542372881356,0.05304056717493127,628,I love when those cops try to give me the breathalyzer
2383,6523,1,7,51,59,1.152542372881356,0.05304056717493127,628,Stop you constant carping !
5335,6523,1,7,51,59,1.152542372881356,0.05304056717493127,628,Margarita. Hold the salt.
6985,6523,1,7,51,59,1.152542372881356,0.05304056717493127,628,Last warning—no more jokes.
7017,6523,1,7,51,59,1.152542372881356,0.05304056717493127,628,Make it a double! My mermaid swam off with Nemo.
7727,6523,0,9,50,59,1.152542372881356,0.04721067919755555,628,I didn't know this was a gay bar. I fell like a fish out of water.
8003,6523,0,9,50,59,1.152542372881356,0.04721067919755555,628,"Hey, no one knows what a fish drinks like."
1518,6523,1,7,51,59,1.152542372881356,0.05304056717493127,628,"And then I said to her, “I’m like a fish out of water in this relationship.”"
6303,6523,1,7,51,59,1.152542372881356,0.05304056717493127,628,I caught him in a lie thiisss BIG!
1760,6532,2,6,58,66,1.1515151515151516,0.05394646505600968,628,I'm allergic to water
3090,6532,2,6,58,66,1.1515151515151516,0.05394646505600968,628,"What do you mean ""Water, water everywhere and not another drop to drink?"""
6772,6534,1,9,63,73,1.1506849315068493,0.0464543149529128,628,What really happened is no fish tale.
5123,6535,0,10,57,67,1.1492537313432836,0.043862224898899904,628,You should see the last bartender who told me to stop carping.
424,6535,1,8,58,67,1.1492537313432836,0.048746064532998575,628,"Yeah I'm wet under the gill, you want to do something about it"
5362,6537,0,9,52,61,1.1475409836065573,0.04578439358612767,628,"And another thing buddy, I'm a goldfish! Not a carp!"
5350,6537,0,9,52,61,1.1475409836065573,0.04578439358612767,628,I may look and drink like a fish but I feel like a mermaid!
5386,6537,2,5,54,61,1.1475409836065573,0.056472177848147814,628,Can’t you see I’m way over 21 in fish years!
7729,6537,1,7,53,61,1.1475409836065573,0.051406797055264415,628,"Come on bartender, gimme just one more shot. I gotta get that tuna taste out of my mouth."
5301,6537,1,7,53,61,1.1475409836065573,0.051406797055264415,628,"Then I said, ‘Damn right my father was a goldfish. So what are you going, uh, so what, um...”  Hey, what were we talking about?"
5277,6537,1,7,53,61,1.1475409836065573,0.051406797055264415,628,Let me drown my sorrows or I’ll drown you in the pond.
5233,6537,2,5,54,61,1.1475409836065573,0.056472177848147814,628,I'm a fish out of Aqua Vitae.
5204,6537,1,7,53,61,1.1475409836065573,0.051406797055264415,628,Yeah ?  Well this Koi-Maloy knows a thing or two !
5188,6537,1,7,53,61,1.1475409836065573,0.051406797055264415,628,Something smells fishy here
5162,6537,0,9,52,61,1.1475409836065573,0.04578439358612767,628,"Water, neat, please!"
5322,6537,0,9,52,61,1.1475409836065573,0.04578439358612767,628,"Water, with a splash."
5388,6537,2,5,54,61,1.1475409836065573,0.056472177848147814,628,"Why this seat, you ask? Because I'm a lefty."
5393,6537,2,5,54,61,1.1475409836065573,0.056472177848147814,628,I'll take a shot of saltwater- my wife got flushed today.
5406,6537,2,5,54,61,1.1475409836065573,0.056472177848147814,628,Yeah? Well that's because I AM a fish.
5866,6537,1,7,53,61,1.1475409836065573,0.051406797055264415,628,"Sure, I've heard the one: 'fish walks into a bar with thirsty gills and asks to be hooked up to some water.'"
5838,6537,0,9,52,61,1.1475409836065573,0.04578439358612767,628,"Hey, I'm a fish... I drink like a fish..."
5834,6537,2,5,54,61,1.1475409836065573,0.056472177848147814,628,"Another one of those tequilas with a worm, please."
5812,6537,1,7,53,61,1.1475409836065573,0.051406797055264415,628,I bet Rod had his hooks in you too!
5801,6537,3,3,55,61,1.1475409836065573,0.061119186499368025,628,"I,ll have four gills of beer."
5784,6537,1,7,53,61,1.1475409836065573,0.051406797055264415,628,Did you hear about the big one that got away?
5718,6537,0,9,52,61,1.1475409836065573,0.04578439358612767,628,I'll just take a glass of water.
5648,6537,1,7,53,61,1.1475409836065573,0.051406797055264415,628,I'll have cat's milk.
5604,6537,1,7,53,61,1.1475409836065573,0.051406797055264415,628,"If my alewife calls, I’m not here."
5528,6537,0,9,52,61,1.1475409836065573,0.04578439358612767,628,"You're a great catch,"" she said. Then she dumped me"
5525,6537,0,9,52,61,1.1475409836065573,0.04578439358612767,628,Can't you see I'm out of water?!
5494,6537,0,9,52,61,1.1475409836065573,0.04578439358612767,628,"So, do you think I'm being too selfish?"
5462,6537,1,7,53,61,1.1475409836065573,0.051406797055264415,628,I asked the cabbie to take me to the nearest sand bar...
5439,6537,1,7,53,61,1.1475409836065573,0.051406797055264415,628,"Make it a double, and hold the straw this time."
5410,6537,0,9,52,61,1.1475409836065573,0.04578439358612767,628,"No, I don’t want a water. To quote W.C. Fields...."
5141,6537,1,7,53,61,1.1475409836065573,0.051406797055264415,628,Line ‘EM up! I just got paid off to keep silent.
5137,6537,0,9,52,61,1.1475409836065573,0.04578439358612767,628,"I don't care what W. C. Fields said, I want a glass of drinking water."
4986,6537,0,9,52,61,1.1475409836065573,0.04578439358612767,628,"What do you mean, “On the rocks?”"
5009,6537,2,5,54,61,1.1475409836065573,0.056472177848147814,628,People behind my back say I drink like a fish
4309,6537,1,7,53,61,1.1475409836065573,0.051406797055264415,628,"Hey pal, I want my Martini dry!"
4330,6537,1,7,53,61,1.1475409836065573,0.051406797055264415,628,Well...my mortgage debt is now more than my house is worth; but I'm trying hard to adapt!
4331,6537,0,9,52,61,1.1475409836065573,0.04578439358612767,628,"No water, thanks, fish #?*! in that stuff."
4350,6537,1,7,53,61,1.1475409836065573,0.051406797055264415,628,"You can't imagine what its like climbing that fish ladder day in, day out ....."
4359,6537,1,7,53,61,1.1475409836065573,0.051406797055264415,628,"This tastes terrible, but soaking my body on the inside was good too"
4368,6537,1,7,53,61,1.1475409836065573,0.051406797055264415,628,Of course i’m over 21
4476,6537,0,9,52,61,1.1475409836065573,0.04578439358612767,628,Just bring me another one...you know I I can handle it and you know why
4490,6537,0,9,52,61,1.1475409836065573,0.04578439358612767,628,Hit me again. I'm not driving.
4492,6537,3,3,55,61,1.1475409836065573,0.061119186499368025,628,"No, no. Listen! It’s attachment that’s suffering—not desire!"
4497,6537,0,9,52,61,1.1475409836065573,0.04578439358612767,628,"So, my wife says I drink like a fish, can you imagine?"
4503,6537,1,7,53,61,1.1475409836065573,0.051406797055264415,628,"You do your job, and I'll do mine."
4524,6537,1,7,53,61,1.1475409836065573,0.051406797055264415,628,Easy on the clam juice. I've had enough for a lifetime.
4550,6537,0,9,52,61,1.1475409836065573,0.04578439358612767,628,dry drunk
4552,6537,1,7,53,61,1.1475409836065573,0.051406797055264415,628,Swimming in water bores me! Can I have a Martini dry
4593,6537,0,9,52,61,1.1475409836065573,0.04578439358612767,628,I’m a land koi outta shots!
4616,6537,0,9,52,61,1.1475409836065573,0.04578439358612767,628,"No, I don't have a Designated Swimmer, mind your own business and pour!"
4627,6537,1,7,53,61,1.1475409836065573,0.051406797055264415,628,Did you vodka down my water?
4657,6537,0,9,52,61,1.1475409836065573,0.04578439358612767,628,"I don't know, maybe a hook wouldn't be the worst thing at this point."
4664,6537,1,7,53,61,1.1475409836065573,0.051406797055264415,628,Do fish drink? Google it.
4708,6537,0,9,52,61,1.1475409836065573,0.04578439358612767,628,I'm tropical. Neat. No Ice.
4713,6537,2,5,54,61,1.1475409836065573,0.056472177848147814,628,"I don't want the peanuts inna bowl, ya got goldfish?"
4761,6537,1,7,53,61,1.1475409836065573,0.051406797055264415,628,"Hey, what you said is a minnow-aggression!"
4814,6537,2,5,54,61,1.1475409836065573,0.056472177848147814,628,"I may be a fish out of water, but I can take anything your serving."
4819,6537,1,7,53,61,1.1475409836065573,0.051406797055264415,628,Look at this beautiful face!  Hemingway never even landed the hook.
4849,6537,2,5,54,61,1.1475409836065573,0.056472177848147814,628,...and don't you dare tell me there's plenty of fish in the sea!
4908,6537,1,7,53,61,1.1475409836065573,0.051406797055264415,628,"This is how you drink like a fish, both factually and metaphorically—but not literally.”"
4957,6537,3,3,55,61,1.1475409836065573,0.061119186499368025,628,"So, how would you rate your specialty drink on a scale of 1 to 10?"
4983,6537,0,9,52,61,1.1475409836065573,0.04578439358612767,628,Water. Hold the rest.
5873,6537,0,9,52,61,1.1475409836065573,0.04578439358612767,628,I live up to the idiom.
5087,6537,1,7,53,61,1.1475409836065573,0.051406797055264415,628,"Yes, with salt."
5947,6537,2,5,54,61,1.1475409836065573,0.056472177848147814,628,They used to call me Fish Head in college.
6041,6537,1,7,53,61,1.1475409836065573,0.051406797055264415,628,What makes you think you can get away with serving me watered-down drinks?
6026,6537,1,7,53,61,1.1475409836065573,0.051406797055264415,628,"Listen pal, my alcoholism doesn't confirm the stereotype."
7127,6537,1,7,53,61,1.1475409836065573,0.051406797055264415,628,"You promised fish bowls, not shots!"
7151,6537,1,7,53,61,1.1475409836065573,0.051406797055264415,628,"You know what happens when you assume, right?"
7185,6537,1,7,53,61,1.1475409836065573,0.051406797055264415,628,'And I drink like one!'
7226,6537,1,7,53,61,1.1475409836065573,0.051406797055264415,628,"Water, no ice. More. I'm outta!"
7302,6537,1,7,53,61,1.1475409836065573,0.051406797055264415,628,People who heard Yanni are crazy. Absoluely crazy!
7306,6537,1,7,53,61,1.1475409836065573,0.051406797055264415,628,I'll have water on the rocks...hold the rocks.
7342,6537,1,7,53,61,1.1475409836065573,0.051406797055264415,628,I'll tell you when I'm finished
7381,6537,1,7,53,61,1.1475409836065573,0.051406797055264415,628,"Hey buddy, let me tell you where you can shove those plastic straws you’re serving"
7425,6537,1,7,53,61,1.1475409836065573,0.051406797055264415,628,I know what you’re thinking—just give me another one.
7494,6537,1,7,53,61,1.1475409836065573,0.051406797055264415,628,Tell me you did NOT just say that!
7548,6537,0,9,52,61,1.1475409836065573,0.04578439358612767,628,"So what?""  I'm a fish!"
7561,6537,1,7,53,61,1.1475409836065573,0.051406797055264415,628,Just one more. I'm hooked!
7577,6537,0,9,52,61,1.1475409836065573,0.04578439358612767,628,"I drink like a fish because I am a fish.  
Carolyn Phinney Rankin, Rochester, NY"
7584,6537,0,9,52,61,1.1475409836065573,0.04578439358612767,628,"So, as I was saying, the ex has me drowning in child support bills."
7598,6537,1,7,53,61,1.1475409836065573,0.051406797055264415,628,Bourbon with just a splash of water
7607,6537,0,9,52,61,1.1475409836065573,0.04578439358612767,628,What do you mean you thought I would WANT them watered down?
7718,6537,2,5,54,61,1.1475409836065573,0.056472177848147814,628,Why do they say I drink like a fish?
7747,6537,1,7,53,61,1.1475409836065573,0.051406797055264415,628,Maritime is not martini.
7774,6537,1,7,53,61,1.1475409836065573,0.051406797055264415,628,You do realize I'm a Siamese Fighting Fish - so pour another NOW!
7778,6537,0,9,52,61,1.1475409836065573,0.04578439358612767,628,Don't tell me fishbowls are only for Happy Hour !
7822,6537,2,5,54,61,1.1475409836065573,0.056472177848147814,628,"Another Scotch & Water, and this time don't skimp on the water."
7850,6537,1,7,53,61,1.1475409836065573,0.051406797055264415,628,Let me have one more for the stream.
7873,6537,0,9,52,61,1.1475409836065573,0.04578439358612767,628,"Just keep 'em coming, hairball."
7880,6537,1,7,53,61,1.1475409836065573,0.051406797055264415,628,"Mac, do  you think there's 
something fishy in this barroom?""
""Yes, there is something fishy as the
barroom smells!"
7979,6537,0,9,52,61,1.1475409836065573,0.04578439358612767,628,The water I shall never thirst again
7992,6537,1,7,53,61,1.1475409836065573,0.051406797055264415,628,They told me there'd be other fish in the sea...
8009,6537,0,9,52,61,1.1475409836065573,0.04578439358612767,628,"I'll have one more for the road.  I'm about to head into some choppy waters."""
8033,6537,1,7,53,61,1.1475409836065573,0.051406797055264415,628,"A.) May I have another glass of water? I'm very thirsty.
B.) I'm allergic to the bar nuts. Do you have any krill?"
8045,6537,0,9,52,61,1.1475409836065573,0.04578439358612767,628,"Hey, bartender! Hurry up with those tequila shots, I'm starting to feel like a fish out of water around here."
7067,6537,1,7,53,61,1.1475409836065573,0.051406797055264415,628,And don't let me catch you watering it down this time.
5957,6537,1,7,53,61,1.1475409836065573,0.051406797055264415,628,I'll have a Tequila Tide.
6980,6537,1,7,53,61,1.1475409836065573,0.051406797055264415,628,"You're picking the Mariners as a longshot in the series, and you're saying I'M out of my depth?"
6878,6537,1,7,53,61,1.1475409836065573,0.051406797055264415,628,"Yeah, I DO drink like a fish...what of it?"
4265,6537,2,5,54,61,1.1475409836065573,0.056472177848147814,628,Not one more compent from you about how I drink!
6049,6537,0,9,52,61,1.1475409836065573,0.04578439358612767,628,"I'm the Big One that got away.  Gonna celebrate with several rounds of 'Sex on the Beach"""
6052,6537,0,9,52,61,1.1475409836065573,0.04578439358612767,628,"No Sir, we don't have clamato juice."
6075,6537,0,9,52,61,1.1475409836065573,0.04578439358612767,628,I’ve had it up to my gills with you people telling me that I drink like a fish!
6083,6537,0,9,52,61,1.1475409836065573,0.04578439358612767,628,Where's that plate of Tibetan gold you promised?
6121,6537,0,9,52,61,1.1475409836065573,0.04578439358612767,628,"I'd like a dry martini,but not too dry."
6128,6537,1,7,53,61,1.1475409836065573,0.051406797055264415,628,"And, then, he said I was a wet fish!"
6166,6537,1,7,53,61,1.1475409836065573,0.051406797055264415,628,Obviously it's a fish tale.
6173,6537,1,7,53,61,1.1475409836065573,0.051406797055264415,628,"I'll have another one- make it a double-and stop already with the damn ""so this  fish walks into this bar"" jokes."
6270,6537,0,9,52,61,1.1475409836065573,0.04578439358612767,628,"Don't mess with me, Mac. I'm the Temperance Society's ""ace in the hole,"" and that means I don't stop until this place is dry."
6307,6537,0,9,52,61,1.1475409836065573,0.04578439358612767,628,I used to drink like a fish.
6346,6537,1,7,53,61,1.1475409836065573,0.051406797055264415,628,We're both bald. But you drink like a wus.
6359,6537,0,9,52,61,1.1475409836065573,0.04578439358612767,628,Keep 'em comin'...I'm gettin' sauced to the gills!
6372,6537,0,9,52,61,1.1475409836065573,0.04578439358612767,628,clean water please with no ice.
6403,6537,0,9,52,61,1.1475409836065573,0.04578439358612767,628,I feel like a fish out of water in this place.
6414,6537,0,9,52,61,1.1475409836065573,0.04578439358612767,628,"No, I don’t want it on the rocks."
6486,6537,0,9,52,61,1.1475409836065573,0.04578439358612767,628,This is not an old joke. It’s a new joke. Got it?
6492,6537,0,9,52,61,1.1475409836065573,0.04578439358612767,628,"Another martini.  And this time, no hook in the olive!"
6572,6537,0,9,52,61,1.1475409836065573,0.04578439358612767,628,"Another round, Frank. I can still taste that worm."
6599,6537,1,7,53,61,1.1475409836065573,0.051406797055264415,628,"As a matter of fact I am. So get me some water, will you?"
6709,6537,1,7,53,61,1.1475409836065573,0.051406797055264415,628,"Be honest, Phil, do I look like a fish out of water to you?"""
6735,6537,0,9,52,61,1.1475409836065573,0.04578439358612767,628,"Hey....G. Gordon Liddy, enough with the ""Chicken of the Sea"" jokes!"
6742,6537,1,7,53,61,1.1475409836065573,0.051406797055264415,628,Whaddya mean
6773,6537,1,7,53,61,1.1475409836065573,0.051406797055264415,628,"A Rabbi,a priest,and a minister walk into a bar..."
6794,6537,0,9,52,61,1.1475409836065573,0.04578439358612767,628,A bottle of tequila please.
6821,6537,0,9,52,61,1.1475409836065573,0.04578439358612767,628,I’ll have a Sea Breeze.
6839,6537,1,7,53,61,1.1475409836065573,0.051406797055264415,628,Hey...I'm the one out of water!
6848,6537,0,9,52,61,1.1475409836065573,0.04578439358612767,628,Do I qualify for 'Ladies Night Out' ?
6864,6537,2,5,54,61,1.1475409836065573,0.056472177848147814,628,My last modeling  job was  for Magritte's The Collective Invention back in '34. Been drinking like a fish ever since.
6931,6537,1,7,53,61,1.1475409836065573,0.051406797055264415,628,You would too if you had the day I had...and you were a fish.
4186,6537,0,9,52,61,1.1475409836065573,0.04578439358612767,628,You ain't never seen anybody drink like THIS fish.
7339,6537,0,9,52,61,1.1475409836065573,0.04578439358612767,628,"Gimme another scotch, no air! I'll swim home."
4167,6537,1,7,53,61,1.1475409836065573,0.051406797055264415,628,"A Cape Cod, Fishhouse Punch, Plankton Punch, and Salty Dogfish...."
1109,6537,1,7,53,61,1.1475409836065573,0.051406797055264415,628,I fell so at home here!
1118,6537,0,9,52,61,1.1475409836065573,0.04578439358612767,628,And what should I drink like?
1158,6537,1,7,53,61,1.1475409836065573,0.051406797055264415,628,"Well, your bald! “"
1222,6537,2,5,54,61,1.1475409836065573,0.056472177848147814,628,"...just a glass of water, please"
1404,6537,1,7,53,61,1.1475409836065573,0.051406797055264415,628,"I may be a fish out of  water, but I still need a drink."
1529,6537,0,9,52,61,1.1475409836065573,0.04578439358612767,628,Six drinks in and still I can’t drown my sorrows. I can NEVER drown ‘em...
1537,6537,1,7,53,61,1.1475409836065573,0.051406797055264415,628,You can't cut me off...I am drinking like a fish!
1548,6537,0,9,52,61,1.1475409836065573,0.04578439358612767,628,"I walk into a bar, any bar, and inevitably, that's the first question I get asked. So okay, I'll tell you. I slept with Luca Brasi. Ya happy?"
1632,6537,1,7,53,61,1.1475409836065573,0.051406797055264415,628,"So, a fish walks into a bar......."
1671,6537,1,7,53,61,1.1475409836065573,0.051406797055264415,628,No I don’t think it’s time for a glass of water. Do you know what I do in water?
1678,6537,1,7,53,61,1.1475409836065573,0.051406797055264415,628,"Believe me, I'm still trying to make sense of all this thousand year flood..."
1710,6537,0,9,52,61,1.1475409836065573,0.04578439358612767,628,So . . . I'm kind of a fish out of water here.  What do you have that's dry?
1768,6537,1,7,53,61,1.1475409836065573,0.051406797055264415,628,Something fishy about the cocktail eh?
1808,6537,1,7,53,61,1.1475409836065573,0.051406797055264415,628,You don't know what your talking about! Just because I drink so much doesn't mean I'm a fish out of water!
1816,6537,1,7,53,61,1.1475409836065573,0.051406797055264415,628,My kids tell me I drink like a fish.
1817,6537,2,5,54,61,1.1475409836065573,0.056472177848147814,628,It was here at this very bar where I first met my beloved husband Luca Brasi
1849,6537,0,9,52,61,1.1475409836065573,0.04578439358612767,628,"You may think I drink like a fish, but it's not true."
1912,6537,0,9,52,61,1.1475409836065573,0.04578439358612767,628,I’ll have a margarita on the rocks with extra salt.
1930,6537,1,7,53,61,1.1475409836065573,0.051406797055264415,628,I find your drink limit policy discriminatory. The cultural norm for my species is Carpe Diem.
2035,6537,0,9,52,61,1.1475409836065573,0.04578439358612767,628,"Water on the rocks, make it a double."
2059,6537,1,7,53,61,1.1475409836065573,0.051406797055264415,628,"No, YOU’RE out of water"
2060,6537,1,7,53,61,1.1475409836065573,0.051406797055264415,628,"You think I don't know when I've had enough? C'mon, mother fucker, line it up. Gimme another pinch of that delicious, flaky-ass fish food."
2071,6537,1,7,53,61,1.1475409836065573,0.051406797055264415,628,I'll have a tank filled with your best vodka.
1073,6537,0,9,52,61,1.1475409836065573,0.04578439358612767,628,She thinks after all she put me through she can just throw me back in?!
1053,6537,1,7,53,61,1.1475409836065573,0.051406797055264415,628,Luca Brasi made me an offer I couldn't refuse
1045,6537,1,7,53,61,1.1475409836065573,0.051406797055264415,628,"Well, at least I don't breathe like a human."
1044,6537,0,9,52,61,1.1475409836065573,0.04578439358612767,628,And make sure the martinis is wet--very wet!
4184,6537,1,7,53,61,1.1475409836065573,0.051406797055264415,628,"Okay, how about this one. Three fish walk into a bar..."
59,6537,1,7,53,61,1.1475409836065573,0.051406797055264415,628,"Ok, I'm ready; remember your stint at Eddystone Light?"
216,6537,0,9,52,61,1.1475409836065573,0.04578439358612767,628,I'm like... out of water.
244,6537,1,7,53,61,1.1475409836065573,0.051406797055264415,628,"I’ve been drinking water all day, and now you’re telling me that I can’t get a beer because it’s 12:01!"
285,6537,0,9,52,61,1.1475409836065573,0.04578439358612767,628,"I drink like myself, if that's what you're getting at."
341,6537,2,5,54,61,1.1475409836065573,0.056472177848147814,628,"I know, I drink like a fish..."
353,6537,1,7,53,61,1.1475409836065573,0.051406797055264415,628,If I ever meet that SOB... Long John Silvers?!
396,6537,1,7,53,61,1.1475409836065573,0.051406797055264415,628,"Trust me, the more I drink the better I feel!!"
398,6537,1,7,53,61,1.1475409836065573,0.051406797055264415,628,Don't you think I can't recognize a watered-down drink !
536,6537,0,9,52,61,1.1475409836065573,0.04578439358612767,628,That last one was a little too dry.
643,6537,1,7,53,61,1.1475409836065573,0.051406797055264415,628,"No ice with that drink, buddy, they all tell me it's contaminated."""
2085,6537,2,5,54,61,1.1475409836065573,0.056472177848147814,628,How about some fish and chips?
683,6537,1,7,53,61,1.1475409836065573,0.051406797055264415,628,Can I get a water?
698,6537,1,7,53,61,1.1475409836065573,0.051406797055264415,628,All I said was the App wouldn’t scale.
707,6537,0,9,52,61,1.1475409836065573,0.04578439358612767,628,p0-./0☺☻?♦♣♠M•◘○ (Thats fish language that we can't uderstand :) )
731,6537,1,7,53,61,1.1475409836065573,0.051406797055264415,628,Don’t give me that old line about fish getting hooked on alcohol.
753,6537,0,9,52,61,1.1475409836065573,0.04578439358612767,628,What'll I have? I'm a fish out of water.
852,6537,1,7,53,61,1.1475409836065573,0.051406797055264415,628,"Sea Breeze please, hold the fruit"""
878,6537,0,9,52,61,1.1475409836065573,0.04578439358612767,628,Having someone to carp to about my ocean of problems is great.
881,6537,2,5,54,61,1.1475409836065573,0.056472177848147814,628,I'm going to need a double for this punchline.
909,6537,0,9,52,61,1.1475409836065573,0.04578439358612767,628,You’re just trying to bait me with those pleasantries.....
920,6537,1,7,53,61,1.1475409836065573,0.051406797055264415,628,"So if I din't walk into the bar, how do you think I got here?"
964,6537,2,5,54,61,1.1475409836065573,0.056472177848147814,628,Water? Are you trying to poison me?
1015,6537,0,9,52,61,1.1475409836065573,0.04578439358612767,628,"Yeah, but it does't mean I like my drinks watered down!"""
685,6537,2,5,54,61,1.1475409836065573,0.056472177848147814,628,Gin and tonic--hold the gin.
2144,6537,1,7,53,61,1.1475409836065573,0.051406797055264415,628,If a fish walks into a bar its no joke. Serve me a drink
1462,6537,0,9,52,61,1.1475409836065573,0.04578439358612767,628,A fish walked into a bar.....
2192,6537,0,9,52,61,1.1475409836065573,0.04578439358612767,628,"I’m warning you now, any “drink like a fish” or “dry martini” jokes and I’m taking my business elsewhere."
3114,6537,1,7,53,61,1.1475409836065573,0.051406797055264415,628,I need to get tanked.
3146,6537,0,9,52,61,1.1475409836065573,0.04578439358612767,628,"Listen, pal, I don’t appreciate the stereotypes."
3158,6537,0,9,52,61,1.1475409836065573,0.04578439358612767,628,I'm not drunk; you three are drunk!
3186,6537,0,9,52,61,1.1475409836065573,0.04578439358612767,628,When my partner shows up --- put a viagra pill in her drink.
3203,6537,1,7,53,61,1.1475409836065573,0.051406797055264415,628,I’m so tired of that cliche.
3204,6537,2,5,54,61,1.1475409836065573,0.056472177848147814,628,"I know I'm a freaking fish so seriously Dude, don't say it."
3271,6537,0,9,52,61,1.1475409836065573,0.04578439358612767,628,Let me have something that will put hair on my scales.
3337,6537,0,9,52,61,1.1475409836065573,0.04578439358612767,628,Last time I was here you threw me back in.
3397,6537,0,9,52,61,1.1475409836065573,0.04578439358612767,628,You've got me hooked on those Cape Codders
3425,6537,1,7,53,61,1.1475409836065573,0.051406797055264415,628,Have any of those drinks that come in a fish bowl?
3454,6537,0,9,52,61,1.1475409836065573,0.04578439358612767,628,One shot of tequila...extra salt.
3085,6537,1,7,53,61,1.1475409836065573,0.051406797055264415,628,I'm just a fish out of water.
3540,6537,0,9,52,61,1.1475409836065573,0.04578439358612767,628,"So, this bartender lands in a fish tank..."
3619,6537,0,9,52,61,1.1475409836065573,0.04578439358612767,628,So this human walks into a bar......
3627,6537,0,9,52,61,1.1475409836065573,0.04578439358612767,628,"Neat, no water. Fish fornicate in water"
3746,6537,1,7,53,61,1.1475409836065573,0.051406797055264415,628,And another thing.  Where do they come off telling me he drinks like a fish?!
3814,6537,0,9,52,61,1.1475409836065573,0.04578439358612767,628,"Hey bub, that’s “Mr” Fluke to you!"
3842,6537,2,5,54,61,1.1475409836065573,0.056472177848147814,628,"I’ll have another Sex on the beach, put it in Trump’s tab"
2147,6537,1,7,53,61,1.1475409836065573,0.051406797055264415,628,"When I ask for Scotch with a splash of water, I mean sea water!"
3898,6537,0,9,52,61,1.1475409836065573,0.04578439358612767,628,One more and I may have to swim home and school starts tomorrow!
3907,6537,1,7,53,61,1.1475409836065573,0.051406797055264415,628,One more before I go back to school
4008,6537,0,9,52,61,1.1475409836065573,0.04578439358612767,628,A fisherman walks into a bar....
4018,6537,0,9,52,61,1.1475409836065573,0.04578439358612767,628,One crack about how I drink and I'm outta here!
4094,6537,1,7,53,61,1.1475409836065573,0.051406797055264415,628,"I have to disagree sir, you're the one who smells fishy."
3554,6537,1,7,53,61,1.1475409836065573,0.051406797055264415,628,Don’t deny it. I saw you casting off the pier.
2942,6537,0,9,52,61,1.1475409836065573,0.04578439358612767,628,"No, Sex on the Beach is so last year."
3873,6537,0,9,52,61,1.1475409836065573,0.04578439358612767,628,"Sure, I drink like a fish!"
2812,6537,0,9,52,61,1.1475409836065573,0.04578439358612767,628,I’ll have another. Make it a bubble.
2882,6537,1,7,53,61,1.1475409836065573,0.051406797055264415,628,"And, no:  I DON'T wanna hear another goddam ""drinks-like-a-fish""  remark from another Bolshevik bastard."
2239,6537,0,9,52,61,1.1475409836065573,0.04578439358612767,628,Set me up again.  I'm out of water.
2247,6537,1,7,53,61,1.1475409836065573,0.051406797055264415,628,"So I said, apparently a fish doesn’t ONLY stink from the head, and that’s when she threw me out."
2251,6537,0,9,52,61,1.1475409836065573,0.04578439358612767,628,"Fighting fish? Yeah. I could've been a contender, but I tanked once too often."
2292,6537,2,5,54,61,1.1475409836065573,0.056472177848147814,628,"This ""Dry-month""-thing is overrated."
2305,6537,1,7,53,61,1.1475409836065573,0.051406797055264415,628,"Just give me another one, and don't tell me I drink like a fish."
2309,6537,0,9,52,61,1.1475409836065573,0.04578439358612767,628,This is how you know I’m drunk to the gills.
2322,6537,1,7,53,61,1.1475409836065573,0.051406797055264415,628,A gin and saltwater martini with a starfish garnish.
2337,6537,1,7,53,61,1.1475409836065573,0.051406797055264415,628,Could I get a refill? I'm out of water.
2410,6537,2,5,54,61,1.1475409836065573,0.056472177848147814,628,"No. No problem, Sir and I’ll take your order.  Please don’t fault a fella for missing the carp and perch that I could relate to before this neighborhood gentrified."
2447,6537,2,5,54,61,1.1475409836065573,0.056472177848147814,628,Didn’t Daddy warn you about the ONE who got away?
2473,6537,2,5,54,61,1.1475409836065573,0.056472177848147814,628,"You’re right, I do drink like a fish."
2209,6537,0,9,52,61,1.1475409836065573,0.04578439358612767,628,"If I had a dollar from every bartender that said that 'I was stewed to the gills,' I'd be a millionaire."
2496,6537,1,7,53,61,1.1475409836065573,0.051406797055264415,628,I drink like I drink. Don’t judge.
2489,6537,1,7,53,61,1.1475409836065573,0.051406797055264415,628,That guy called me a wet fish !!!
2600,6537,1,7,53,61,1.1475409836065573,0.051406797055264415,628,... and serve it with a straw -- I miss them.
2572,6537,1,7,53,61,1.1475409836065573,0.051406797055264415,628,I need to get out of this dry air and into a wet martini
2550,6537,0,9,52,61,1.1475409836065573,0.04578439358612767,628,"Yeah, I drink like a fish. And you’re bald."
2579,6537,2,5,54,61,1.1475409836065573,0.056472177848147814,628,There's plenty of fish in the bar.
2546,6537,0,9,52,61,1.1475409836065573,0.04578439358612767,628,Did you hear the one about two fish who walked into a bar?
2542,6537,0,9,52,61,1.1475409836065573,0.04578439358612767,628,A fish walked into a bar looking for a horse
2525,6537,2,5,54,61,1.1475409836065573,0.056472177848147814,628,"Marguerita, no salt please."
2505,6537,1,7,53,61,1.1475409836065573,0.051406797055264415,628,"""The Rabbi and the Priest are on their way"
2623,6537,2,5,54,61,1.1475409836065573,0.056472177848147814,628,"I""ve waited a long time for this. Whiskey. Neat."
5213,6776,2,5,55,62,1.1451612903225807,0.05560481450241429,628,Keep on pouring. I’m fed up to the gills.
4362,6776,1,7,54,62,1.1451612903225807,0.050626817657001666,628,Where are all the chicks?
4970,6776,1,7,54,62,1.1451612903225807,0.050626817657001666,628,"So a Priest, a Rabbi, and a politician walk into a sandbar..."
4875,6776,0,9,53,62,1.1451612903225807,0.04510270431252087,628,A fisherman walks into a hatchery....
4698,6776,1,7,54,62,1.1451612903225807,0.050626817657001666,628,"I do not appreciate constant deadpan delivery, not funny at all."
4678,6776,1,7,54,62,1.1451612903225807,0.050626817657001666,628,You have anything besides beer?
4557,6776,0,9,53,62,1.1451612903225807,0.04510270431252087,628,Of course I do.
4504,6776,0,9,53,62,1.1451612903225807,0.04510270431252087,628,Make it one for my babies and one more for the current.
5253,6776,0,9,53,62,1.1451612903225807,0.04510270431252087,628,"Another, please. I have a saying to live up to."
4078,6776,1,7,54,62,1.1451612903225807,0.050626817657001666,628,"Mere maid, pal, not mermaid, okay?"
4117,6776,1,7,54,62,1.1451612903225807,0.050626817657001666,628,I was the Mayor of this city and you’re shutting me off..!?
4083,6776,0,9,53,62,1.1451612903225807,0.04510270431252087,628,"Hey, don't cut me off...I'll die...seriously."
3897,6776,0,9,53,62,1.1451612903225807,0.04510270431252087,628,"You know what, make it two ocean mists"
3607,6776,1,7,54,62,1.1451612903225807,0.050626817657001666,628,"OK then, who was your favorite character on Barney Miller?"
3424,6776,1,7,54,62,1.1451612903225807,0.050626817657001666,628,That's my problem: Looking for love in all the wrong places.
3242,6776,0,9,53,62,1.1451612903225807,0.04510270431252087,628,I love these swim up bars.
5487,6776,1,7,54,62,1.1451612903225807,0.050626817657001666,628,"Actually, my original intention was to go dry."
2825,6776,1,7,54,62,1.1451612903225807,0.050626817657001666,628,So what if my wife says I drink like a fish?
4276,6776,1,7,54,62,1.1451612903225807,0.050626817657001666,628,Fish says... this is the last time I'm going to tell you to stop drinking on the job. I'm not a fish. I'm your boss.
2852,6776,0,9,53,62,1.1451612903225807,0.04510270431252087,628,I’m ready for a whitecap.
6426,6776,0,9,53,62,1.1451612903225807,0.04510270431252087,628,This is my favorite Fry-day hideout.”
5621,6776,1,7,54,62,1.1451612903225807,0.050626817657001666,628,"Yes, I do!  So what?"
2747,6776,1,7,54,62,1.1451612903225807,0.050626817657001666,628,"Do I eat you, or do you eat me?"
7757,6776,1,7,54,62,1.1451612903225807,0.050626817657001666,628,I know I need to scale back on my drinking.
7528,6776,0,9,53,62,1.1451612903225807,0.04510270431252087,628,Give a fish a drink... but TEACH a fish to drink...
7392,6776,1,7,54,62,1.1451612903225807,0.050626817657001666,628,"Swimmin', can't live with it, can't live without it."
7288,6776,0,9,53,62,1.1451612903225807,0.04510270431252087,628,No Thanks.  I'm drying out.
7245,6776,1,7,54,62,1.1451612903225807,0.050626817657001666,628,Margarita with extra salt please!
7160,6776,1,7,54,62,1.1451612903225807,0.050626817657001666,628,I just bought six shots of tequila- are you serious? You're charging me for water?
6799,6776,1,7,54,62,1.1451612903225807,0.050626817657001666,628,Never gets old does it Max. Could you please pour these in my bowl.
5544,6776,0,9,53,62,1.1451612903225807,0.04510270431252087,628,"On a scale from one to ten, how good do I look now?"
6677,6776,1,7,54,62,1.1451612903225807,0.050626817657001666,628,I'll have a Gin and Tonic with salt around the rim.
6393,6776,1,7,54,62,1.1451612903225807,0.050626817657001666,628,Water? Water? What are you trying to say?
6318,6776,0,9,53,62,1.1451612903225807,0.04510270431252087,628,"Fish: Before you ask, no I have not seen The Shape of Water"
6196,6776,2,5,55,62,1.1451612903225807,0.05560481450241429,628,"When I say on Rocks, I mean Rocks."
6001,6776,0,9,53,62,1.1451612903225807,0.04510270431252087,628,I knew I would get caught without my I.D.
5916,6776,0,9,53,62,1.1451612903225807,0.04510270431252087,628,My fish friend said this wet bar has the best wet martini's.
5846,6776,3,3,56,62,1.1451612903225807,0.0601723867369453,628,Bars generally make me feel like a fish out of water.
5777,6776,1,7,54,62,1.1451612903225807,0.050626817657001666,628,Nothing like a shot before spawning!
5748,6776,1,7,54,62,1.1451612903225807,0.050626817657001666,628,I wish I could stop.
6545,6776,1,7,54,62,1.1451612903225807,0.050626817657001666,628,Why are people staring? I feel like a fish out of water.
2557,6776,2,5,55,62,1.1451612903225807,0.05560481450241429,628,"Six of one, half dozen of the other..."
5522,6776,2,5,55,62,1.1451612903225807,0.05560481450241429,628,It’s impossible to stay “dry” where I come from.
2394,6776,1,7,54,62,1.1451612903225807,0.050626817657001666,628,You're the last person to tell me I drink like a fish!
2538,6776,1,7,54,62,1.1451612903225807,0.050626817657001666,628,"Yeah,,,it's just that there are plenty of wrong fish in the sea."
35,6776,0,9,53,62,1.1451612903225807,0.04510270431252087,628,What do you mean can't hold it? I drink like a Perciforme.
171,6776,1,7,54,62,1.1451612903225807,0.050626817657001666,628,And you're bald as a cue ball.  So what?
348,6776,0,9,53,62,1.1451612903225807,0.04510270431252087,628,Keep your day job.
662,6776,1,7,54,62,1.1451612903225807,0.050626817657001666,628,"No, I didn’t slur... Truth isn’t Truth !"
889,6776,1,7,54,62,1.1451612903225807,0.050626817657001666,628,Hit me again! I have my reputation to protect.
908,6776,1,7,54,62,1.1451612903225807,0.050626817657001666,628,Did you really just tell me that I drink like a fish?
936,6776,0,9,53,62,1.1451612903225807,0.04510270431252087,628,"I told him,""you have to commit to the whole fish"""
1191,6776,0,9,53,62,1.1451612903225807,0.04510270431252087,628,He was caught in the net with the rest of  ‘em. Now he sleeps with the humans.
447,6776,0,9,53,62,1.1451612903225807,0.04510270431252087,628,"They told me, 'If you don't like swimming all the time, just get out!' So I did."
1266,6776,0,9,53,62,1.1451612903225807,0.04510270431252087,628,"I’m telling you one last time, stop watering down my drinks."
1318,6776,1,7,54,62,1.1451612903225807,0.050626817657001666,628,"Yeah, Yeah, I heard that comparison many times, not funny."
1332,6776,1,7,54,62,1.1451612903225807,0.050626817657001666,628,Extra dry martini
1473,6776,0,9,53,62,1.1451612903225807,0.04510270431252087,628,"Yea, and I smoke like a house-a-fire too."
1599,6776,1,7,54,62,1.1451612903225807,0.050626817657001666,628,"Yeah well you're exactly Prince Charming either, are you?"
1802,6776,1,7,54,62,1.1451612903225807,0.050626817657001666,628,I was told that there are lots of good men on the land.
1823,6776,0,9,53,62,1.1451612903225807,0.04510270431252087,628,Can you serve peanuts instead?
1948,6776,1,7,54,62,1.1451612903225807,0.050626817657001666,628,"What do you mean, I 'smell fishy?'"
1224,6776,0,9,53,62,1.1451612903225807,0.04510270431252087,628,Water is not the only thing I need to drink.
2084,6776,2,5,55,62,1.1451612903225807,0.05560481450241429,628,"WATER, make it an octuple."
4628,6840,0,9,54,63,1.1428571428571428,0.04444078691701821,628,"If you must know, I prefer to drink like a pig and act like a fish."
4584,6840,0,8,48,56,1.1428571428571428,0.047184161362558326,628,There isn't that much profit in being a goldfish.
4112,6840,1,7,55,63,1.1428571428571428,0.04986999410368025,628,I do drink like a fish. So what of it?
3638,6840,1,7,55,63,1.1428571428571428,0.04986999410368025,628,Are you sure these aren't under the legal limit?
3359,6840,0,8,48,56,1.1428571428571428,0.047184161362558326,628,"And also -I don't appreciate the expression "" you drink like a fish""  whats that supposed to mean?"
757,6840,1,7,55,63,1.1428571428571428,0.04986999410368025,628,"I drew the line at ""sleeping with"" former Trump associates"
2497,6840,1,6,49,56,1.1428571428571428,0.053625513823539174,628,"Look, I’m out of water, ok?  Don’t give me a hard time. Set me up again."
2407,6840,0,8,48,56,1.1428571428571428,0.047184161362558326,628,"A shot of water, please"
1731,6840,1,7,55,63,1.1428571428571428,0.04986999410368025,628,"Yeah, yeah, I know...I drink like a fish! Just pour me another one, buddy!"
4770,6840,1,6,49,56,1.1428571428571428,0.053625513823539174,628,"I appreciate how you didn't tell me that there are other fish in the sea."""
3141,6840,1,7,55,63,1.1428571428571428,0.04986999410368025,628,"No, I'm not planning on hooking up another flakey type tonight."
5340,6840,0,8,48,56,1.1428571428571428,0.047184161362558326,628,Are you the one who makes fun of Drinking Like a Fish?!?
2397,6840,1,9,67,77,1.1428571428571428,0.04419201606355329,628,And no ice
6655,6840,1,6,49,56,1.1428571428571428,0.053625513823539174,628,Here’s one for you: a fish walks into a bar...
7510,6840,0,8,48,56,1.1428571428571428,0.047184161362558326,628,I want my martini dry.
7825,6840,0,9,54,63,1.1428571428571428,0.04444078691701821,628,Would you like fish? That is fisherabalism!
1770,6840,0,8,48,56,1.1428571428571428,0.047184161362558326,628,Sparkling water... please.  j'ai soif
6123,6840,1,6,49,56,1.1428571428571428,0.053625513823539174,628,"...and YOU, sir, drink like a bartender."
2328,6858,1,7,56,64,1.140625,0.04913531839612815,628,"So, these two guys are out fishin' and one of them says, ""let's move, there's nothin' here."""
2517,6858,1,7,56,64,1.140625,0.04913531839612815,628,"Fish out of water?! No my friend, I’m making something of myself!"
2433,6860,0,8,51,59,1.1355932203389831,0.04495355820696532,628,"So he said, 'Oh yeah? Let's see you prove it'."
2324,6860,0,8,51,59,1.1355932203389831,0.04495355820696532,628,Do I LOOK like a fresh water fish?
1995,6860,1,6,52,59,1.1355932203389831,0.05104190368129809,628,I'm cut off? You wouldn't treat Aquaman this way!
1867,6860,0,8,51,59,1.1355932203389831,0.04495355820696532,628,They told me there was a poker game here.
1807,6860,0,8,51,59,1.1355932203389831,0.04495355820696532,628,"No more for me, I feel like a fish out of water"
2296,6860,1,6,52,59,1.1355932203389831,0.05104190368129809,628,Yea... I'm Sal-Mon and on the rocks is what I do almost every day ... How about something different for a change!
4203,6860,1,6,52,59,1.1355932203389831,0.05104190368129809,628,"A stinger please, straight up."
2478,6860,0,8,51,59,1.1355932203389831,0.04495355820696532,628,"You drink like a fish, they said.  Well, I'll show them..."
8046,6860,0,8,51,59,1.1355932203389831,0.04495355820696532,628,"So a bartender, an invisible guy and a fish walk into a bar..."
7960,6860,1,6,52,59,1.1355932203389831,0.05104190368129809,628,I hear you have a reputation for serving fishy characters!
7954,6860,2,4,53,59,1.1355932203389831,0.056477689996624364,628,"You're right, I do."
7623,6860,1,6,52,59,1.1355932203389831,0.05104190368129809,628,Ya gotta problem with cliches?
7603,6860,1,6,52,59,1.1355932203389831,0.05104190368129809,628,You must be new here.  I always come in when the school lets out.
6109,6860,1,6,52,59,1.1355932203389831,0.05104190368129809,628,"So I sez to him, I sez, 'Blub-blub, blub-blub....'"
5952,6860,1,6,52,59,1.1355932203389831,0.05104190368129809,628,Another. And don't water it down this time.
5611,6860,1,6,52,59,1.1355932203389831,0.05104190368129809,628,And a cup of water please.
5421,6860,1,6,52,59,1.1355932203389831,0.05104190368129809,628,Wait a minute. What exactly do you mean by saying that I drink like a fish?
2466,6860,1,6,52,59,1.1355932203389831,0.05104190368129809,628,Make mine a double !
4883,6860,0,8,51,59,1.1355932203389831,0.04495355820696532,628,I am more than willing to live elsewhere if they would finally drain that swamp.
4746,6860,0,8,51,59,1.1355932203389831,0.04495355820696532,628,Hit me again - I'm drowning over here!
4506,6860,0,8,51,59,1.1355932203389831,0.04495355820696532,628,"Well, what else am I supposed to drink like?"
4443,6860,1,6,52,59,1.1355932203389831,0.05104190368129809,628,"Just water, please.  In a very large glass."
1629,6860,0,8,51,59,1.1355932203389831,0.04495355820696532,628,"Then she tells me I've got no gills, can you believe that?"
3980,6860,0,8,51,59,1.1355932203389831,0.04495355820696532,628,And then she told me I drink like a fish!
3870,6860,1,6,52,59,1.1355932203389831,0.05104190368129809,628,I’m still thirsty.
3589,6860,0,8,51,59,1.1355932203389831,0.04495355820696532,628,"Oh, sure, it sounds nice, but I got real tired of livin' in that little pond."
3498,6860,1,6,52,59,1.1355932203389831,0.05104190368129809,628,"It could be un-PC, but could I get straws with my drinks?"
2878,6860,0,8,51,59,1.1355932203389831,0.04495355820696532,628,"One fish, two fish, I'm a blue fish."
4806,6860,0,8,51,59,1.1355932203389831,0.04495355820696532,628,I drink like a fish.  It's a constant problem.
1351,6860,0,8,51,59,1.1355932203389831,0.04495355820696532,628,"So, I says to the guy, “Take your straws and get outta here!”"
7051,6860,0,8,51,59,1.1355932203389831,0.04495355820696532,628,I’ll just have a club soda.  My wife says I drink like a fish.”
1204,6860,0,8,51,59,1.1355932203389831,0.04495355820696532,628,At those prices it's no wonder you don't get many fish in here.
1098,6860,0,8,51,59,1.1355932203389831,0.04495355820696532,628,"Yes, I do drink like a fish. Get over it!"
916,6860,0,8,51,59,1.1355932203389831,0.04495355820696532,628,"Set em up Joe, I got a little story I think you oughtta know."
793,6860,2,4,53,59,1.1355932203389831,0.056477689996624364,628,"What do you mean YOU'RE out of water?"""
545,6860,1,6,52,59,1.1355932203389831,0.05104190368129809,628,I hate being single again.  I'm like a fish out of water.
521,6860,0,8,51,59,1.1355932203389831,0.04495355820696532,628,"I'm not being ""coy"", I really want another Sea Breeze!"
422,6860,0,8,51,59,1.1355932203389831,0.04495355820696532,628,Hit me again. I can't seem to drown my sorrows.
295,6860,0,8,51,59,1.1355932203389831,0.04495355820696532,628,Thanks for letting me carp on this aggressive species thing! It really eats at my sole!
1346,6860,0,8,51,59,1.1355932203389831,0.04495355820696532,628,I'll have the Midas cocktail.
3883,6900,1,7,59,67,1.1343283582089552,0.04705493189919477,628,"No, I don’t drink one and I resent you cutting me off."
4989,6900,1,7,59,67,1.1343283582089552,0.04705493189919477,628,Turns out there aren’t.
3951,6902,1,6,53,60,1.1333333333333333,0.05023485333552976,628,Somebody ratted me out they’d ‘sleep with politicians’
3796,6902,0,8,52,60,1.1333333333333333,0.044255719836307675,628,Trying to drown your sorrows?
4172,6902,1,6,53,60,1.1333333333333333,0.05023485333552976,628,I am not sue I appreciate being profiled.
3755,6902,1,6,53,60,1.1333333333333333,0.05023485333552976,628,You can't cut me off.  I'm supposed to drink like a fish.
3758,6902,1,6,53,60,1.1333333333333333,0.05023485333552976,628,"Trust me, by the end of the night someone will be taking me home."
4024,6902,0,8,52,60,1.1333333333333333,0.044255719836307675,628,Scotch. Buckets of water.
3752,6902,0,8,52,60,1.1333333333333333,0.044255719836307675,628,"Okay Mr. Perfect, why don't you tell me what I should drink like?"
3331,6902,0,8,52,60,1.1333333333333333,0.044255719836307675,628,I'll have a wet martini with a worm.
3506,6902,0,8,52,60,1.1333333333333333,0.044255719836307675,628,And I told him!   There's no way that I am going glug-glug-glug for you!!
3486,6902,0,8,52,60,1.1333333333333333,0.044255719836307675,628,"Don't carp drink here anymore, or am I just a fluke?"
3349,6902,1,6,53,60,1.1333333333333333,0.05023485333552976,628,"EPA-repeals or not, Frank, I can’t keep taking all the crap Trump’s crew toss into the Hudson. I need a Salty Dog, better make it a double."
3273,6902,1,6,53,60,1.1333333333333333,0.05023485333552976,628,"So I says to the guy, “and I ain’t telling you for the halibut”"
3254,6902,2,4,54,60,1.1333333333333333,0.05557438475642006,628,Martini and no stuffed anchovy olives.
3086,6902,0,8,52,60,1.1333333333333333,0.044255719836307675,628,"I'm telling ya, if this continues, no-one can stop a new Cod War!"
3055,6902,1,6,53,60,1.1333333333333333,0.05023485333552976,628,Mezcal
3049,6902,1,6,53,60,1.1333333333333333,0.05023485333552976,628,"Listen buddy, I can't dry up."
3726,6902,1,6,53,60,1.1333333333333333,0.05023485333552976,628,Stop asking if I want water. Just bring me my Tequila and worms.
4562,6902,1,6,53,60,1.1333333333333333,0.05023485333552976,628,A fish walks into a bar.  Stop me if you've heard this one.
4896,6902,1,6,53,60,1.1333333333333333,0.05023485333552976,628,Come on!  I'm a little dry here!
4688,6902,0,8,52,60,1.1333333333333333,0.044255719836307675,628,"Yeah, a Moscow mule.  Too trendy for you, cueball?"
7875,6902,1,6,53,60,1.1333333333333333,0.05023485333552976,628,Another carp pun and I’m gonna kick your bass.
7771,6902,1,6,53,60,1.1333333333333333,0.05023485333552976,628,The guys in my school are afraid I’ll get hooked on this place.
7735,6902,0,8,52,60,1.1333333333333333,0.044255719836307675,628,"Who you calling a ‘weakfish,’ blowhole?—and bring me another cordial."
7576,6902,0,8,52,60,1.1333333333333333,0.044255719836307675,628,"Like a fish? Yeah, sure, but I'd rather get tanked here"
7521,6902,2,4,54,60,1.1333333333333333,0.05557438475642006,628,You're cutting ME off?!! I see this schmuck on the other side of the bar. What do YOU see?!!
7477,6902,1,6,53,60,1.1333333333333333,0.05023485333552976,628,How about something dry this time.
7298,6902,1,6,53,60,1.1333333333333333,0.05023485333552976,628,"Don't be koi with me. I know when a drink is stirred, not shaken."
6739,6902,1,6,53,60,1.1333333333333333,0.05023485333552976,628,"Listen, mate. They're vulnerable women and there aren't really that many of me in the sea!"
6547,6902,0,8,52,60,1.1333333333333333,0.044255719836307675,628,"You know what woud be a terrible yelp-review? ""Bartender makes his guests feel like a fish out of water!""."
4647,6902,0,8,52,60,1.1333333333333333,0.044255719836307675,628,Please tell me we're almost down to the worm.
6519,6902,3,2,55,60,1.1333333333333333,0.06044405671748914,628,"The usual,with a beer chaser."
5951,6902,1,6,53,60,1.1333333333333333,0.05023485333552976,628,"I'm off the hook, but I'm drowning in debt."
5909,6902,0,8,52,60,1.1333333333333333,0.044255719836307675,628,"Yeah, maybe I'll switch to water now."
5446,6902,1,6,53,60,1.1333333333333333,0.05023485333552976,628,I might drink like a fish but I'm no sitting duck
5267,6902,0,8,52,60,1.1333333333333333,0.044255719836307675,628,"Everyone says I drink like one, so I decided to be one."
5083,6902,1,6,53,60,1.1333333333333333,0.05023485333552976,628,"I'll have another glass of water, please."
5050,6902,0,8,52,60,1.1333333333333333,0.044255719836307675,628,"I know what you are thinking and for the umpteenth time, I don't want to hear it."
5028,6902,1,6,53,60,1.1333333333333333,0.05023485333552976,628,Don't worry chickens are not fish
2960,6902,2,4,54,60,1.1333333333333333,0.05557438475642006,628,"Really, did you just say that, very original , I know how I drink."
4835,6902,0,8,52,60,1.1333333333333333,0.044255719836307675,628,"And then I caught this human, I swear, he must've been 10 feet tall!"
6188,6902,1,6,53,60,1.1333333333333333,0.05023485333552976,628,Landshark lager on the rocks with a splash of salmon pale ale.
2913,6902,1,6,53,60,1.1333333333333333,0.05023485333552976,628,Make that an extra dry martini!
3309,6902,1,6,53,60,1.1333333333333333,0.05023485333552976,628,"I'll have a dry minnowtini, up."
2619,6902,0,8,52,60,1.1333333333333333,0.044255719836307675,628,"Tell me, now that there's no one around, why do you believe that the girls don't come near?"
2697,6902,0,8,52,60,1.1333333333333333,0.044255719836307675,628,"OK, we like to drink. Shut up and pour."
56,6902,1,6,53,60,1.1333333333333333,0.05023485333552976,628,"Yeah, I drink like a fish. What of it."
69,6902,1,6,53,60,1.1333333333333333,0.05023485333552976,628,"You don’t just drink like a Fish , you look like one too."
261,6902,0,8,52,60,1.1333333333333333,0.044255719836307675,628,"It's been hard to find good company ever since Catfishing became cool"" - Goldfis"
312,6902,1,6,53,60,1.1333333333333333,0.05023485333552976,628,I will become a gefilte fish
617,6902,1,6,53,60,1.1333333333333333,0.05023485333552976,628,"No, YOU are drinking like a fish!"
724,6902,2,4,54,60,1.1333333333333333,0.05557438475642006,628,"So I says, ""I'll show you drink like a fish..."""
1002,6902,0,8,52,60,1.1333333333333333,0.044255719836307675,628,"A Blue Hawaiian, please.  I’m feeling homesick."
1152,6902,0,8,52,60,1.1333333333333333,0.044255719836307675,628,"On the rocks, twist, very wet."
574,6902,1,6,53,60,1.1333333333333333,0.05023485333552976,628,Yeah?  Well you pour like a human.
1386,6902,1,6,53,60,1.1333333333333333,0.05023485333552976,628,You know who drank like a fish was that Freddy Trump.
1585,6902,0,8,52,60,1.1333333333333333,0.044255719836307675,628,I was fed-up of only water
1708,6902,1,6,53,60,1.1333333333333333,0.05023485333552976,628,"She said there were other fish in the sea,but I'm the only one in sight"
1769,6902,1,6,53,60,1.1333333333333333,0.05023485333552976,628,"Don't even think about watering my drinks, pal."
1846,6902,0,8,52,60,1.1333333333333333,0.044255719836307675,628,That last one was tap water Joe! I ordered spring!!
1997,6902,0,8,52,60,1.1333333333333333,0.044255719836307675,628,I think we both know whether I want another.
2167,6902,1,6,53,60,1.1333333333333333,0.05023485333552976,628,"You know, I'm getting tired of all those analogies!"
2276,6902,1,6,53,60,1.1333333333333333,0.05023485333552976,628,Single malt bowl of hot olive oil garnished with anchovies. Hold the Calabrian chili peppers.
1373,6902,0,8,52,60,1.1333333333333333,0.044255719836307675,628,"Well of course I drink like a fish, just keep 'em coming."
2556,6902,0,8,52,60,1.1333333333333333,0.044255719836307675,628,And make that off the rocks!
2342,6966,0,8,53,61,1.1311475409836065,0.04357902084672543,628,"I'll have another ""Fish-ou-of-water"", this time make it a double."
2172,6966,1,6,54,61,1.1311475409836065,0.049452797144256905,628,I don't care what you heard. I  have never been swimming with Luca Brasi.
2039,6966,1,6,54,61,1.1311475409836065,0.049452797144256905,628,Just give me a water for fucks sake
594,6966,2,4,55,61,1.1311475409836065,0.054699426256796496,628,"I'm trying to drown my sorrows, but they have gills."
1021,6966,1,6,54,61,1.1311475409836065,0.049452797144256905,628,"He said “You drink like a fish,” can you believe that?"
863,6966,1,6,54,61,1.1311475409836065,0.049452797144256905,628,"Oy. It’s always the same in that house: she guilts us with “Eat, eat, eat” until we’re all just a bunch of Gefilte fish."
638,6966,0,8,53,61,1.1311475409836065,0.04357902084672543,628,I'll have another...  but this time don't gin the water.
2414,6966,1,6,54,61,1.1311475409836065,0.049452797144256905,628,I’ll have a bowl of water no ice
1778,6966,0,8,53,61,1.1311475409836065,0.04357902084672543,628,"O.K., so I drink like a fish.  What did you expect?"
2609,6966,1,6,54,61,1.1311475409836065,0.049452797144256905,628,What did you think I'd drink like?!  Just bring me another double!!
4070,6966,0,8,53,61,1.1311475409836065,0.04357902084672543,628,I need another drink like I need a bicycle!
2839,6966,0,8,53,61,1.1311475409836065,0.04357902084672543,628,Stop me if I've told this one before!
2907,6966,1,6,54,61,1.1311475409836065,0.049452797144256905,628,"Water, please. Neat."
3089,6966,0,8,53,61,1.1311475409836065,0.04357902084672543,628,This is not the swim-up bar I'm used to in the Caribbean but I like it.
3480,6966,1,6,54,61,1.1311475409836065,0.049452797144256905,628,Give me a scotch on the rocks...And no cracks about drinking like a fish!
3584,6966,1,6,54,61,1.1311475409836065,0.049452797144256905,628,A large water - and make it quick!
3736,6966,1,6,54,61,1.1311475409836065,0.049452797144256905,628,Make it a double.  Double water!!
3859,6966,1,6,54,61,1.1311475409836065,0.049452797144256905,628,"I’d like a fishbowl cocktail, please."
4003,6966,1,6,54,61,1.1311475409836065,0.049452797144256905,628,"Would you believe that my wife says I drink like a fish?



Judith Schneider  NYC"
546,6966,1,6,54,61,1.1311475409836065,0.049452797144256905,628,"Fish out of water? Drink like a fish? What's next,you dangle the worm in the tequila bottle in my face?"
4128,6966,0,8,53,61,1.1311475409836065,0.04357902084672543,628,Bet you haven't heard this fish-out-of-water story.
2732,6966,0,8,53,61,1.1311475409836065,0.04357902084672543,628,No more fish out of water comments!
394,6966,1,6,54,61,1.1311475409836065,0.049452797144256905,628,I need one more to make it back to the lake.
5571,6966,0,8,53,61,1.1311475409836065,0.04357902084672543,628,This tap water doesn’t taste like home!
12,6966,1,6,54,61,1.1311475409836065,0.049452797144256905,628,That's not true. I just <u>happen</u> to drink like one.
7806,6966,0,8,53,61,1.1311475409836065,0.04357902084672543,628,"Margarita, no ice, lots of salt"
7448,6966,0,8,53,61,1.1311475409836065,0.04357902084672543,628,"No fish tale, I saw it with my own eyes.
Three men pulled overboard by a giant octopus."
7355,6966,1,6,54,61,1.1311475409836065,0.049452797144256905,628,"I'd like a very, very, very wet martini."
7272,6966,0,8,53,61,1.1311475409836065,0.04357902084672543,628,"Yeah, she left me for good last night.  Said she was ""tired of me drinking like a fish."""
6468,6966,1,6,54,61,1.1311475409836065,0.049452797144256905,628,"And I don't want to hear another of your jokes that begins, ""A fish walked into a bar"" . . . ."
6332,6966,0,8,53,61,1.1311475409836065,0.04357902084672543,628,Finlandia martini - wet.
6085,6966,0,8,53,61,1.1311475409836065,0.04357902084672543,628,"I may drink like a fish, but your establishment needs more customers like me!"
303,6966,1,6,54,61,1.1311475409836065,0.049452797144256905,628,"No sir, I drink like a sinking ship."
5924,6966,1,6,54,61,1.1311475409836065,0.049452797144256905,628,My wife tells me that all the time...I don't need to hear it from my bartender.
6073,6966,1,6,54,61,1.1311475409836065,0.049452797144256905,628,"Of course I drink like a fish!  You got a problem with that, buddy?"
5864,6966,1,6,54,61,1.1311475409836065,0.049452797144256905,628,What do you mean you don’t have and tequila with a worm in the bottle ?
5529,6966,0,8,53,61,1.1311475409836065,0.04357902084672543,628,It’s been that kind of day. I need to drink like a fish!
5527,6966,1,6,54,61,1.1311475409836065,0.049452797144256905,628,Exactly why is there a six drink limit for my kind?
5382,6966,0,8,53,61,1.1311475409836065,0.04357902084672543,628,"I know, I drink like a fish, right?"
5084,6966,1,6,54,61,1.1311475409836065,0.049452797144256905,628,I still haven't gotten a full breath in yet.
4967,6966,0,8,53,61,1.1311475409836065,0.04357902084672543,628,But I drink like a human.
4887,6966,1,6,54,61,1.1311475409836065,0.049452797144256905,628,"Yeah, and I drink like one too."
4679,6966,0,8,53,61,1.1311475409836065,0.04357902084672543,628,‘I know I have a problem. I was hooked on my first drink.”
4298,6966,0,8,53,61,1.1311475409836065,0.04357902084672543,628,Water....and keep them coming.
4556,6966,0,8,53,61,1.1311475409836065,0.04357902084672543,628,One more crack about how I drink and I'll show you how I swim.
4546,6966,0,8,53,61,1.1311475409836065,0.04357902084672543,628,A fish out of whiskey.
1341,7012,0,8,54,62,1.1290322580645162,0.042922525410265526,628,"I know what you’re thinking: “please, not another fish tale.”"
1328,7012,1,6,55,62,1.1290322580645162,0.048694598441382554,628,"My dear sir, I do NOT drink like a fish!"
1263,7012,0,8,54,62,1.1290322580645162,0.042922525410265526,628,"No , it’s not the start of a joke. I simply said “so, a fish walks into a bar.”"
1581,7012,1,6,55,62,1.1290322580645162,0.048694598441382554,628,Another seltzer water!
7805,7012,0,8,54,62,1.1290322580645162,0.042922525410265526,628,It is starting to fill up.  I’d better get back to the aquarium.
2131,7012,0,8,54,62,1.1290322580645162,0.042922525410265526,628,I'll take a cabernet with some real legs.
2177,7012,1,6,55,62,1.1290322580645162,0.048694598441382554,628,With that head I do not knead tonic.
2415,7012,0,8,54,62,1.1290322580645162,0.042922525410265526,628,"No, you're the hallucination!"
2628,7012,1,6,55,62,1.1290322580645162,0.048694598441382554,628,"Have you seen my husband?  He says when he goes to a bar, he’s no longer a fish out of water."
2781,7012,1,6,55,62,1.1290322580645162,0.048694598441382554,628,Don’t say it.  I know.  I drink like a fish.
2811,7012,0,8,54,62,1.1290322580645162,0.042922525410265526,628,So a sturgeon walked into a bar....
3403,7012,0,8,54,62,1.1290322580645162,0.042922525410265526,628,"The priest, the rabbi and the nun all came down with the same thing"
3765,7012,1,6,55,62,1.1290322580645162,0.048694598441382554,628,"Biggest glass of water you've got, please."
3781,7012,0,8,54,62,1.1290322580645162,0.042922525410265526,628,"I'll have a bourbon and water...lots of water!
 ...and make it snappy!"
1575,7012,1,6,55,62,1.1290322580645162,0.048694598441382554,628,ya ya I know...I drink like a fish
3827,7012,0,8,54,62,1.1290322580645162,0.042922525410265526,628,"White wine, of course, please"""
5081,7012,2,4,56,62,1.1290322580645162,0.053851505523430855,628,"Oh,like I haven't heard that one before."
5652,7012,2,4,56,62,1.1290322580645162,0.053851505523430855,628,I never drink water. Fish (bleep) in it!
6058,7012,1,6,55,62,1.1290322580645162,0.048694598441382554,628,"Who's your barber?  
How many mackerals for a smooth cut?"
6153,7012,0,8,54,62,1.1290322580645162,0.042922525410265526,628,"I'll have a whiskey and water, lots of water."
6305,7012,1,6,55,62,1.1290322580645162,0.048694598441382554,628,"You just keep pouring like a faucet, pal."
1023,7012,2,4,56,62,1.1290322580645162,0.053851505523430855,628,Don't stereotype me!
6316,7012,0,8,54,62,1.1290322580645162,0.042922525410265526,628,"I could tell you a lot, but it's not in a gentleman's code."
7350,7012,0,8,54,62,1.1290322580645162,0.042922525410265526,628,Being out of vodka is way more serious than water.
7553,7012,1,6,55,62,1.1290322580645162,0.048694598441382554,628,"So, who gave the third wish?"
3868,7012,0,8,54,62,1.1290322580645162,0.042922525410265526,628,"And furthermore, don't tell me I drink like a fish!"
945,7012,1,6,55,62,1.1290322580645162,0.048694598441382554,628,"Bourbon, neat."
6899,7012,1,6,55,62,1.1290322580645162,0.048694598441382554,628,"No more, pal. My lips are sealed. But, yes, I signed a non-disclosure agreement with you know who."
769,7012,0,8,54,62,1.1290322580645162,0.042922525410265526,628,I am out of water. Give my some gin.
65,7012,0,8,54,62,1.1290322580645162,0.042922525410265526,628,Enough? Why did you pour the first one?
797,7012,0,8,54,62,1.1290322580645162,0.042922525410265526,628,did i tell you the joke about the fish who walks in to a bar?
433,7012,0,8,54,62,1.1290322580645162,0.042922525410265526,628,And let me tell ya another thing: I'm tired of being a big fish in a little pond.
326,7012,1,6,55,62,1.1290322580645162,0.048694598441382554,628,That last drink had a fishy taste to it!
1813,7045,0,8,55,63,1.126984126984127,0.0422853514020739,628,Skip the cliche and give me another frothy one
1994,7045,0,8,55,63,1.126984126984127,0.0422853514020739,628,:They said I drank like a fish
2261,7045,2,4,57,63,1.126984126984127,0.0530293926364563,628,Ocean on the rocks please.
2699,7045,0,8,55,63,1.126984126984127,0.0422853514020739,628,I'll have a bourbon since I am a fish out of water.
2880,7045,0,8,55,63,1.126984126984127,0.0422853514020739,628,"I didn't take the fall for nobody! It was a clean fight, okay?"
3201,7045,1,6,56,63,1.126984126984127,0.04795918799660978,628,"It’ almost feels like I’m living in a glass tank, where I’m completely exposed to everyone!"
3321,7045,0,8,55,63,1.126984126984127,0.0422853514020739,628,"You think I've had too much? I basically breathe this stuff, pal!"
3790,7045,1,6,56,63,1.126984126984127,0.04795918799660978,628,I'll have a tall glass of salt water and some those delicious bar pellets you've got there.
4630,7045,0,8,55,63,1.126984126984127,0.0422853514020739,628,"I was a household name, they made millions off of my rainbow scales, and what do I have to show for it? Absolutely nothin."
6114,7045,0,8,55,63,1.126984126984127,0.0422853514020739,628,"Hey pal, you’d better take back that drunk as a fish remark!"
6206,7045,0,8,55,63,1.126984126984127,0.0422853514020739,628,a pint of room temperature salt water please
6313,7045,2,4,57,63,1.126984126984127,0.0530293926364563,628,"It's not what i am, it's what i do"
7595,7045,1,6,56,63,1.126984126984127,0.04795918799660978,628,"When the going gets tough, the tough fish come here. Gimme a margarita."
297,7045,0,8,55,63,1.126984126984127,0.0422853514020739,628,I'll have water on the rocks.
146,7045,1,6,56,63,1.126984126984127,0.04795918799660978,628,Dory's lucky.  I'm trying to forget.
1233,7045,0,8,55,63,1.126984126984127,0.0422853514020739,628,"And I'd like it watered down, please."
5495,7061,0,7,49,56,1.125,0.04459412925079223,628,"And that's the day I said to myself ""Gilbert, it's the fish in the mirror you have to worry about!"""
5862,7061,0,7,49,56,1.125,0.04459412925079223,628,I was told specifically this wasn't a dry county.
5869,7061,1,5,50,56,1.125,0.05136133772583239,628,"So, tell me, do plenty of fish from the sea come here?"
5294,7061,0,7,49,56,1.125,0.04459412925079223,628,"“So,,,I drink like a fish. Big deal !”"
5286,7061,0,7,49,56,1.125,0.04459412925079223,628,"If you tell me that I drink like a fish, you can kiss your tip good-bye."
5282,7061,1,5,50,56,1.125,0.05136133772583239,628,"OK,but you've gotta make it with salt water."
5251,7061,0,7,49,56,1.125,0.04459412925079223,628,"You’ve been watering down my drinks all night, and I’d like to know why."
5861,7061,0,7,49,56,1.125,0.04459412925079223,628,"I just wanted to confirm to you, the old saying about fish and drinking is true."
5227,7061,1,5,50,56,1.125,0.05136133772583239,628,"Yeah, I know: A fish walked into a bar ..."
5036,7061,0,7,49,56,1.125,0.04459412925079223,628,That's 35 in fish years.
4975,7061,0,7,49,56,1.125,0.04459412925079223,628,No I do NOT drink like a....
4966,7061,2,3,51,56,1.125,0.057335309036732875,628,So it seems she was not too excited about sleeping with the fish
4947,7061,0,7,49,56,1.125,0.04459412925079223,628,One of us should be Boswell
4861,7061,0,7,49,56,1.125,0.04459412925079223,628,"Listen Bud, mermaids are offensive. Having a fish head is beautiful."
4854,7061,0,7,49,56,1.125,0.04459412925079223,628,You know the fake news would probably say I drink like a fish!”What a joke!
5109,7061,0,7,49,56,1.125,0.04459412925079223,628,"You know, in the ocean, we call these spears."
5856,7061,0,7,49,56,1.125,0.04459412925079223,628,"Call me Ishmael, and I will call you by mine!"
5822,7061,0,7,49,56,1.125,0.04459412925079223,628,"Water and water, straight up."
5811,7061,0,7,49,56,1.125,0.04459412925079223,628,Did you ever feel like a fish out of water? Pour me another on the rocks with water on the side.
5476,7061,2,3,51,56,1.125,0.057335309036732875,628,I just pee anywhere.
5408,7061,0,7,49,56,1.125,0.04459412925079223,628,"Hey pal! I’m not just some Big Fish in a small bar, you know!!"
5389,7061,0,7,49,56,1.125,0.04459412925079223,628,"A Singapore Sling barkeep, without the roar"
5368,7061,0,7,49,56,1.125,0.04459412925079223,628,"I hatched around midnight on Feb 18th, so am I an Aquarius or a Pisces? I compromise by saying I’m a fish just coming out of water."
5330,7061,1,5,50,56,1.125,0.05136133772583239,628,"I would ask for water, but I'm addicted. Can I get a beer?​"
5564,7061,1,5,50,56,1.125,0.05136133772583239,628,What do you recommend for a fish out of water?
5582,7061,0,7,49,56,1.125,0.04459412925079223,628,I still can't believe she left me for a small fish in a big pond.
4852,7061,1,5,50,56,1.125,0.05136133772583239,628,"Drink like a fish"" is insensitive - we're not all alcoholics.  But yes, I'll have that seventh shot now"
5603,7061,1,5,50,56,1.125,0.05136133772583239,628,Tell me something I don
5676,7061,0,7,49,56,1.125,0.04459412925079223,628,"Barkeep, you just don't look fishy enough to me..."
5679,7061,1,5,50,56,1.125,0.05136133772583239,628,"Barkeep, I'd like a really tall glass of water. No ice."
5701,7061,0,7,49,56,1.125,0.04459412925079223,628,I've had enough when I say I've had enough!  I bet you didn't treat Flipper this way.
5744,7061,0,7,49,56,1.125,0.04459412925079223,628,"True, ego bibere sicut pisces.  And yet!  I'm also a classicist."
5758,7061,1,5,50,56,1.125,0.05136133772583239,628,"...a duck walks into a bar ""Got 'ny grapes?"""
5802,7061,1,5,50,56,1.125,0.05136133772583239,628,I'll have a fresh shrimp cocktail with a martini straight up!
5559,7061,2,3,51,56,1.125,0.057335309036732875,628,Out of Bass …?
4782,7061,1,5,50,56,1.125,0.05136133772583239,628,I know what you’re thinking “a fish out of water” - just give me a drink so that I can hurry back to the water!
4438,7061,0,7,49,56,1.125,0.04459412925079223,628,"If my alewife calls looking for me, tell her I'm not here."
4655,7061,1,5,50,56,1.125,0.05136133772583239,628,Carding me is racist.
3979,7061,0,7,49,56,1.125,0.04459412925079223,628,Keep them coming this is a matter of life of death!
3963,7061,1,5,50,56,1.125,0.05136133772583239,628,My buddies wanted Tequila Searise for an ice melting party.
3891,7061,0,7,49,56,1.125,0.04459412925079223,628,I don't usually drink during the day.
3717,7061,1,5,50,56,1.125,0.05136133772583239,628,"Hey, that’s an offensive stereotype!”"
3669,7061,0,7,49,56,1.125,0.04459412925079223,628,Whadd'ya mean I'm not evolved enough to serve?
3648,7061,1,5,50,56,1.125,0.05136133772583239,628,"Yeah, I drink like a fish. Now, hold the snark, gimme a Fuzzy Shark and shut up."
3606,7061,0,7,49,56,1.125,0.04459412925079223,628,Save it! I know what yer gonna say!
3987,7061,2,3,51,56,1.125,0.057335309036732875,628,So what else can I do but drink like a fish?
3582,7061,0,7,49,56,1.125,0.04459412925079223,628,I'm just trying to get tanked.
3567,7061,0,7,49,56,1.125,0.04459412925079223,628,"Whiskey, neat. I drink to forget, and you would not believe the eight seconds I've had."
3561,7061,1,5,50,56,1.125,0.05136133772583239,628,"No, I don't work in the White House. Why do you ask?"
3462,7061,0,7,49,56,1.125,0.04459412925079223,628,"Okay you don't serve fish, cats, dogs, frogs, or mermaids, but you should know that I drink like a fish.  Think about it."
3426,7061,1,5,50,56,1.125,0.05136133772583239,628,My wife cannot claim I have a drinking issue
3330,7061,1,5,50,56,1.125,0.05136133772583239,628,"Next, I'll go blind."
3284,7061,0,7,49,56,1.125,0.04459412925079223,628,Word on the street is you got those fishbowls here.
3263,7061,0,7,49,56,1.125,0.04459412925079223,628,I almost choked on that dry martini - make the next one wetter.
3578,7061,0,7,49,56,1.125,0.04459412925079223,628,I MAYBE A FISH OUT OF WATER BUT  I KNOW GOOD SCOTCH WHEN  I TASTE IT.
4685,7061,0,7,49,56,1.125,0.04459412925079223,628,"Look, everyone knows freshwater fish don't drink water."
4007,7061,1,5,50,56,1.125,0.05136133772583239,628,Make that a Sea Breeze on the rocks!
4127,7061,1,5,50,56,1.125,0.05136133772583239,628,Catch you next time bro-all I got left is a fin.
4640,7061,0,7,49,56,1.125,0.04459412925079223,628,I understand that a lot of Fishermen stop in here
4595,7061,1,5,50,56,1.125,0.05136133772583239,628,"This 'drinks like a fish""'cliche is fishism."
4592,7061,1,5,50,56,1.125,0.05136133772583239,628,"Yeah, we blame it on the environment."
4509,7061,1,5,50,56,1.125,0.05136133772583239,628,"Up, very dry and with a hint of stresscoat"
4488,7061,0,7,49,56,1.125,0.04459412925079223,628,Your libations are the silver lining to global warming.
4450,7061,1,5,50,56,1.125,0.05136133772583239,628,"So....I was swimming in the pond and yes, I saw the husband with some trashy gold fish."
5897,7061,0,7,49,56,1.125,0.04459412925079223,628,Drowning in my tears sure beats drowning in  algae!
4027,7061,1,5,50,56,1.125,0.05136133772583239,628,"Yeah, well, because it's the only place I can get a decent drink of water."
4434,7061,0,7,49,56,1.125,0.04459412925079223,628,"large bowl of water,please"
4411,7061,1,5,50,56,1.125,0.05136133772583239,628,"I wouldn't say it's good for me, either, but it's clean."
4400,7061,0,7,49,56,1.125,0.04459412925079223,628,"After Fish-Thing, it all dried up."
4372,7061,0,7,49,56,1.125,0.04459412925079223,628,"I'm literally covered in gold, that's how."""
4295,7061,0,7,49,56,1.125,0.04459412925079223,628,"Yeah, I’m a fish outta water, so hit me with another."
4277,7061,0,7,49,56,1.125,0.04459412925079223,628,So this is what they mean by drowning your sorrows.
4259,7061,0,7,49,56,1.125,0.04459412925079223,628,One tequila. And don't forget the worm.
4185,7061,2,3,51,56,1.125,0.057335309036732875,628,I can hold my drink metaophorically Linus.
4422,7061,1,5,50,56,1.125,0.05136133772583239,628,"If I wanna come in here and carp, I'm gonna come in here and carp...and you call this a watering hole?"
5911,7061,0,7,49,56,1.125,0.04459412925079223,628,Can you recommend a good swim'in hole?
6268,7061,0,7,49,56,1.125,0.04459412925079223,628,"Hi partner, my name is Gil - I’ve been looking for a nice pub near the school"
6004,7061,1,5,50,56,1.125,0.05136133772583239,628,Got any of that Tequila...? The one with the worm in the bottom?
7585,7061,0,7,49,56,1.125,0.04459412925079223,628,"Yeah, well why don't I tell you half-a-dozen dirty jokes about big-nosed bald guys, and then I'll listen to your theory about the underlying truth of stereotypes!"""
7557,7061,1,5,50,56,1.125,0.05136133772583239,628,And you serve like a human
7555,7061,1,5,50,56,1.125,0.05136133772583239,628,Save some for the fishes!
7530,7061,2,3,51,56,1.125,0.057335309036732875,628,"Sure, I’ve heard it- but they’re really three of us in here.  So how about another round?"
7478,7061,1,5,50,56,1.125,0.05136133772583239,628,"So, after being in that bowl, I thought, why be ""coy?"""
7469,7061,0,7,49,56,1.125,0.04459412925079223,628,You mutter InScale one more time and you'll be seeing like a flounder.
7454,7061,1,5,50,56,1.125,0.05136133772583239,628,A beer and a shot of cod-liver oil.
7415,7061,0,7,49,56,1.125,0.04459412925079223,628,"Dude, keep 'em coming.  I am a fish."
7341,7061,0,7,49,56,1.125,0.04459412925079223,628,Look I am going to drink all night buster— By god I am a Fish!
7335,7061,1,5,50,56,1.125,0.05136133772583239,628,“I’ve spent too much time on the inside of the bottle looking out”.
7334,7061,1,5,50,56,1.125,0.05136133772583239,628,You can’t cut me off. I’m a fish - I drink what I want when I want.
7264,7061,1,5,50,56,1.125,0.05136133772583239,628,Now gimme another and I'll tell you the true whereabouts about of Salinger's DB's Goldfish's treasure chest.
7246,7061,0,7,49,56,1.125,0.04459412925079223,628,Another round for me and my fins.
7241,7061,1,5,50,56,1.125,0.05136133772583239,628,I do not drink like a muskrat.
7216,7061,0,7,49,56,1.125,0.04459412925079223,628,"I look like carp? Look at you, man, you look like crap. I said 'one more'. I'm too drunk? I'm not durnk enough, man, now I feel a curious urge to forget about the miserable condition of fishes in this wolrd too."
7642,7061,1,5,50,56,1.125,0.05136133772583239,628,I drink like a what? What did you say?
7662,7061,1,5,50,56,1.125,0.05136133772583239,628,"Yeah, I said 'Vigoda'. What's so funny about that?"
7686,7061,1,5,50,56,1.125,0.05136133772583239,628,I'll have white with my fish.
7705,7061,0,7,49,56,1.125,0.04459412925079223,628,I want to put an end to this rumor that I slept with Luca Brasi.
8065,7061,0,7,49,56,1.125,0.04459412925079223,628,I know I need to scale back but I've got to maintain my reputation of drinking like my family members.
8043,7061,0,7,49,56,1.125,0.04459412925079223,628,Why does everyone always assume I’d like a glass of water?
8010,7061,0,7,49,56,1.125,0.04459412925079223,628,How did you get here? You don’t have fucking legs.
7993,7061,1,5,50,56,1.125,0.05136133772583239,628,I'll have water. Just put it on my gill.
7985,7061,0,7,49,56,1.125,0.04459412925079223,628,"A glass of your best aqua vitae, please."
7977,7061,0,7,49,56,1.125,0.04459412925079223,628,"Give me another drink, or I’m fishtailing right out of here!"
7953,7061,0,7,49,56,1.125,0.04459412925079223,628,There's nothing funny about a Mickey Finn.
7210,7061,0,7,49,56,1.125,0.04459412925079223,628,I don't want to talk about it.
7934,7061,2,3,51,56,1.125,0.057335309036732875,628,"I'm half fish, half eagle, so don't make me fly across this bar and flap you silly."
7885,7061,1,5,50,56,1.125,0.05136133772583239,628,I bet customers carp at you all day long
7861,7061,0,7,49,56,1.125,0.04459412925079223,628,"Hey wise guy, give me another drink or you're gonna end up sleeping with me."
7782,7061,0,7,49,56,1.125,0.04459412925079223,628,"Bourbon and SeaBranch, ​please."
7759,7061,0,7,49,56,1.125,0.04459412925079223,628,"No need to cut me off,I've been told that I can drink like a fish"
7751,7061,0,7,49,56,1.125,0.04459412925079223,628,"When you say I drink like a fish, you sound just like Dad."
7742,7061,0,7,49,56,1.125,0.04459412925079223,628,"Right, and you tend bar like a sloth."
7707,7061,0,7,49,56,1.125,0.04459412925079223,628,"I'll have a mezcal, the kind with the worm. And make it a double, I'm thirsty."
7909,7061,1,5,50,56,1.125,0.05136133772583239,628,You look like Kevin Kline.  Have you seen A Fish Called Wanda?
5931,7061,1,5,50,56,1.125,0.05136133772583239,628,What’s got you so breathless this time?
7156,7061,0,7,49,56,1.125,0.04459412925079223,628,"On a scale of 1-10, how drunk do I look right now?"
7073,7061,1,5,50,56,1.125,0.05136133772583239,628,I’m here because this is where I was born.
6576,7061,1,5,50,56,1.125,0.05136133772583239,628,Another FINlandia with a water chaser.
6489,7061,0,7,49,56,1.125,0.04459412925079223,628,"Oh Crap, I dont serve Fish Eye Wine here!"
6459,7061,0,7,49,56,1.125,0.04459412925079223,628,And let me tell you about the one that got away!
6454,7061,1,5,50,56,1.125,0.05136133772583239,628,No - you're drinking like a bartender!
6394,7061,3,1,52,56,1.125,0.06274303396942414,628,"Good afternoon, John. I’m Martha from the pharmacy. Just wanted to drop in and apologize for the mixup this morning."
6392,7061,0,7,49,56,1.125,0.04459412925079223,628,"Sorry, we’re fresh outta water"
6380,7061,1,5,50,56,1.125,0.05136133772583239,628,"I can drink like a fish. Now, pour me another!"
6362,7061,1,5,50,56,1.125,0.05136133772583239,628,Have you been liquoring down these drinks?
6356,7061,0,7,49,56,1.125,0.04459412925079223,628,Do I need water? Water is my house. I can have water whenever I want. I don’t ask if you want air when you come into the Subway I manage.
3222,7061,0,7,49,56,1.125,0.04459412925079223,628,I resent that you say that I drink like a Fish
6227,7061,0,7,49,56,1.125,0.04459412925079223,628,I’ll have water - no straw
6210,7061,0,7,49,56,1.125,0.04459412925079223,628,Do you guys have something made of  human being?
6190,7061,0,7,49,56,1.125,0.04459412925079223,628,"Hey, Gill, my favorite is between scale 1 and 10."
6181,7061,1,5,50,56,1.125,0.05136133772583239,628,I'll have a gin and cod liver oil.
6102,7061,0,7,49,56,1.125,0.04459412925079223,628,Would I ever say to you that you drink like a bald man?
6654,7061,0,7,49,56,1.125,0.04459412925079223,628,"I WANTED  a Dogfish!  And if you must know, I am a birdfish."
6701,7061,0,7,49,56,1.125,0.04459412925079223,628,Could I have some goldfish with my drink?
6716,7061,0,7,49,56,1.125,0.04459412925079223,628,So your saying the rise in ocean water levels is a myth?
6731,7061,0,7,49,56,1.125,0.04459412925079223,628,"I'm telling you Joe, I feel like a fish out of water!"
7048,7061,1,5,50,56,1.125,0.05136133772583239,628,"Well, no one ever says the fish walks out of the bar."
7020,7061,0,7,49,56,1.125,0.04459412925079223,628,This an't the old watering hole it once was.
7009,7061,1,5,50,56,1.125,0.05136133772583239,628,"Chin up, Phil. There are plenty of humans on the land."
7005,7061,1,5,50,56,1.125,0.05136133772583239,628,"Hey!  I am not ""tanked to the gills"" and I consider that remark offensive!"
6999,7061,1,5,50,56,1.125,0.05136133772583239,628,I'll have a shot of whiskey with a pool of water chaser.
6943,7061,0,7,49,56,1.125,0.04459412925079223,628,I've just never felt comfortable since I left home.
6936,7061,1,5,50,56,1.125,0.05136133772583239,628,"Set me up with another flight of these tequila shots honey , and you could be starring in the sequel to Stranger than Water"
7152,7061,0,7,49,56,1.125,0.04459412925079223,628,They never make a movie about bon vivant fish like me
6912,7061,0,7,49,56,1.125,0.04459412925079223,628,. . . and Himalayan Salt on the rim.
6876,7061,1,5,50,56,1.125,0.05136133772583239,628,My story? I ran a roaring seafood business...until it went all underwater.
6858,7061,0,7,49,56,1.125,0.04459412925079223,628,Couldn't you think of another simile?  That one is a little personal.
6850,7061,0,7,49,56,1.125,0.04459412925079223,628,Bar Keep...pour me something that will put a little hair on my fin!
6834,7061,0,7,49,56,1.125,0.04459412925079223,628,I don’t care what they say; nobody drinks like a fish.
6791,7061,0,7,49,56,1.125,0.04459412925079223,628,Mezcal again.  But it has to be the last shot in the bottle.
6784,7061,2,3,51,56,1.125,0.057335309036732875,628,Tequila with the worm on the side.
6744,7061,0,7,49,56,1.125,0.04459412925079223,628,"'  AnotherMartini, very dry."""
6911,7061,0,7,49,56,1.125,0.04459412925079223,628,I swim like a drunk
3215,7061,0,7,49,56,1.125,0.04459412925079223,628,I’ll tell you when I’ve had enough to breathe!
6106,7061,0,7,49,56,1.125,0.04459412925079223,628,"Joe,did I tell you the one,a man walks into a bar..."
3199,7061,1,5,50,56,1.125,0.05136133772583239,628,Give me a dry martini
884,7061,0,7,49,56,1.125,0.04459412925079223,628,You smell to!
890,7061,0,7,49,56,1.125,0.04459412925079223,628,"Margarita up, no salt."
933,7061,0,7,49,56,1.125,0.04459412925079223,628,Let me have a large water with scotch as a chaser.
940,7061,0,7,49,56,1.125,0.04459412925079223,628,This climate change business is driving me to drink.
947,7061,1,5,50,56,1.125,0.05136133772583239,628,"Drinking LIKE a fish is not the same as drinking AS a fish, my friend."
962,7061,1,5,50,56,1.125,0.05136133772583239,628,I drink like a what now?
973,7061,1,5,50,56,1.125,0.05136133772583239,628,Give me a ditch. Make it a double.
994,7061,0,7,49,56,1.125,0.04459412925079223,628,"Bloody Cesear, please."
999,7061,1,5,50,56,1.125,0.05136133772583239,628,"Thanks man, but can you also get me some fresh water?"
1004,7061,0,7,49,56,1.125,0.04459412925079223,628,"I drink like a fish, but it works for me."
1036,7061,1,5,50,56,1.125,0.05136133772583239,628,How dare you lecture me about drinking like a fish!
1054,7061,0,7,49,56,1.125,0.04459412925079223,628,I'll have a mermaid on the rocks
1057,7061,0,7,49,56,1.125,0.04459412925079223,628,A fishy tale indeed
1084,7061,1,5,50,56,1.125,0.05136133772583239,628,They say I dink like a fish.
871,7061,0,7,49,56,1.125,0.04459412925079223,628,Give me your best rum drink! And no fishy stuff!
1097,7061,0,7,49,56,1.125,0.04459412925079223,628,Who do you think you are fooling? You're watering down these drinks!
1122,7061,1,5,50,56,1.125,0.05136133772583239,628,I find it insulting. You never hear anyone say “he drinks like a human.”
1137,7061,1,5,50,56,1.125,0.05136133772583239,628,Can you tell me what was in that potion that catfish had you make for me last night?
1146,7061,1,5,50,56,1.125,0.05136133772583239,628,"Set 'em up, Joe...I got a little story you ought to know."
1228,7061,1,5,50,56,1.125,0.05136133772583239,628,"Robert, let me try that ice-worm cocktail I've heard about."
1232,7061,0,7,49,56,1.125,0.04459412925079223,628,"What exactly do you mean by ""You drink like a fish""?"
1246,7061,1,5,50,56,1.125,0.05136133772583239,628,Another. I drink like a fish.
1259,7061,1,5,50,56,1.125,0.05136133772583239,628,"Carp diem"" as I always say"
1300,7061,1,5,50,56,1.125,0.05136133772583239,628,"Yeah, I heard it. Just pour."
1304,7061,0,7,49,56,1.125,0.04459412925079223,628,No!  I don't think you know better than I what it means to drink like a fish.  Now get me another gimlet and make it snappy
1310,7061,0,7,49,56,1.125,0.04459412925079223,628,"Don't call me a fish out of water, and stop telling me about your regulars who ""drink like fishes!"""
1323,7061,0,7,49,56,1.125,0.04459412925079223,628,I feel like I should branch out from the sea breeze...
1335,7061,0,7,49,56,1.125,0.04459412925079223,628,You think because I'm a fish you can water down my martini?  I said dry and I meant dry.
1348,7061,2,3,51,56,1.125,0.057335309036732875,628,"Campari’s bitter,and so am I."
1349,7061,0,7,49,56,1.125,0.04459412925079223,628,"Let me tell you! if the ""drink like an elephant"" had caught on, the world could have look very different now.."
1119,7061,1,5,50,56,1.125,0.05136133772583239,628,"Hey, I don't need any judgement from you! I'm just here to drown my sorrows."
1350,7061,2,3,51,56,1.125,0.057335309036732875,628,"Whether it sounds fishy or not, it's the truth..."
843,7061,1,5,50,56,1.125,0.05136133772583239,628,No watered down drinks!
800,7061,0,7,49,56,1.125,0.04459412925079223,628,Did you just say I drink like a fish?
3212,7061,0,7,49,56,1.125,0.04459412925079223,628,You wanna hear a stranded-on-a-desert-island story that'll knock your socks off?
39,7061,0,7,49,56,1.125,0.04459412925079223,628,A scotch with lots of water barman.
115,7061,0,7,49,56,1.125,0.04459412925079223,628,"If I wanted water, I'd ask for it.  Now give me the good stuff, and pronto!"
165,7061,1,5,50,56,1.125,0.05136133772583239,628,It's been a long day. Don't water it down.
184,7061,0,7,49,56,1.125,0.04459412925079223,628,And no snide remark about how much I drink!
288,7061,1,5,50,56,1.125,0.05136133772583239,628,I was hoping for sex on the beach.
294,7061,0,7,49,56,1.125,0.04459412925079223,628,Is it too late to get the fin de sie'cle special?
302,7061,0,7,49,56,1.125,0.04459412925079223,628,I am an enormous fish and I am at a bar.
325,7061,0,7,49,56,1.125,0.04459412925079223,628,"You're a bit stingy with the water, Bub!"
339,7061,0,7,49,56,1.125,0.04459412925079223,628,"What do you mean, fish don’t drink!"
375,7061,1,5,50,56,1.125,0.05136133772583239,628,It helps me feel at home.
392,7061,0,7,49,56,1.125,0.04459412925079223,628,Just plain water up.
414,7061,0,7,49,56,1.125,0.04459412925079223,628,your generation ruined everything
432,7061,1,5,50,56,1.125,0.05136133772583239,628,"You are, by far, the best ornament we've ever had in this backwater fish tank!"
827,7061,0,7,49,56,1.125,0.04459412925079223,628,"Are you familiar with the expression, ""Drinking like a fish?"""
439,7061,0,7,49,56,1.125,0.04459412925079223,628,"A horse walks into a bar..bartender says ""why the long face""?"
459,7061,1,5,50,56,1.125,0.05136133772583239,628,... And that's another thing - there's a helluva lot less plastic than they keep saying!
463,7061,0,7,49,56,1.125,0.04459412925079223,628,"Look, I'm off the wagon. A large water, on the rocks, please.
And keep 'em coming."
494,7061,0,7,49,56,1.125,0.04459412925079223,628,No-I'm not a little wet behind the gills! Give me another shot!
504,7061,1,5,50,56,1.125,0.05136133772583239,628,And I say you DID take the bait.
510,7061,2,3,51,56,1.125,0.057335309036732875,628,"So make it one for my fingerling, and one more for the road."
570,7061,1,5,50,56,1.125,0.05136133772583239,628,I'll have another shot of the 2010 Fukushima.
575,7061,0,7,49,56,1.125,0.04459412925079223,628,You hear the one about a catfish a carp and a trout walk into a bar?
591,7061,1,5,50,56,1.125,0.05136133772583239,628,"C'mon, don't lie to me. A bar out of whiskey? That's more preposterous than a fish out of water."
600,7061,0,7,49,56,1.125,0.04459412925079223,628,"I own this bar, and I own you. That's what happens when you can't pay up for sleepin' with my fishes."
624,7061,0,7,49,56,1.125,0.04459412925079223,628,Just a splash of your top shelf stuff.
703,7061,0,7,49,56,1.125,0.04459412925079223,628,"They say I got away, but I still have all my sorrows to drown."
709,7061,1,5,50,56,1.125,0.05136133772583239,628,Anything but a seafood cocktail please.
777,7061,0,7,49,56,1.125,0.04459412925079223,628,Is this some kind of a joke?
795,7061,2,3,51,56,1.125,0.057335309036732875,628,"make it a double, they're refilling my tank as we speak"
445,7061,1,5,50,56,1.125,0.05136133772583239,628,Drinks like a fish - ha! You people can't even keep up.
1367,7061,0,7,49,56,1.125,0.04459412925079223,628,I’m ready to tell you what I think of your president.
6064,7061,1,5,50,56,1.125,0.05136133772583239,628,I hear the pours are heavy
1407,7061,0,7,49,56,1.125,0.04459412925079223,628,I’m a fish out of water—one glass of just that please!
2340,7061,0,7,49,56,1.125,0.04459412925079223,628,"Living single, seeing double and sleeping triple."
2344,7061,0,7,49,56,1.125,0.04459412925079223,628,"I ‘drink like a fish,’ huh? That’s pretty offensive, buddy."
2359,7061,0,7,49,56,1.125,0.04459412925079223,628,You don't tell me when I've had enough—I can drink like a fish.
2361,7061,1,5,50,56,1.125,0.05136133772583239,628,"Do I look like a brook trout?
I'm a Wahoo pal, keep 'em coming."
2416,7061,0,7,49,56,1.125,0.04459412925079223,628,I know you've heard the simile; now you've seen it
2451,7061,0,7,49,56,1.125,0.04459412925079223,628,"Make that a double, I drink like a fish."
2457,7061,0,7,49,56,1.125,0.04459412925079223,628,"I want to be where I can see,
Our troubles are all the same."
2516,7061,0,7,49,56,1.125,0.04459412925079223,628,What do you mean I'm pickled.
2529,7061,2,3,51,56,1.125,0.057335309036732875,628,"One large water, please. Hold the salt!"
2543,7061,1,5,50,56,1.125,0.05136133772583239,628,Do I look like I'm Phishing?
2567,7061,0,7,49,56,1.125,0.04459412925079223,628,No I don't want a white wine
2584,7061,0,7,49,56,1.125,0.04459412925079223,628,"I have no choice, but to drink like a fish."
2588,7061,0,7,49,56,1.125,0.04459412925079223,628,I've had it up to my gills with people telling me I drink too much!
2593,7061,0,7,49,56,1.125,0.04459412925079223,628,"I have no friends, they claim I drink like fish!"
2301,7061,1,5,50,56,1.125,0.05136133772583239,628,Not EVERYONE drinks like a fish !
2599,7061,0,7,49,56,1.125,0.04459412925079223,628,"They're called ""Jills"" not ""Gills""! Now get me a Jin!"
2627,7061,0,7,49,56,1.125,0.04459412925079223,628,What’s since fish like you doing in a place like this?
2700,7061,0,7,49,56,1.125,0.04459412925079223,628,Don't tell me . . . I DRINK like one!
2823,7061,0,7,49,56,1.125,0.04459412925079223,628,Gimme another! I brought my bicycle.
2842,7061,2,3,51,56,1.125,0.057335309036732875,628,"Wretched day, actually. No offense, but let's skip the 'fill ya to the gills' line this time."
2892,7061,0,7,49,56,1.125,0.04459412925079223,628,Very thirsty ... just a fish out of  water.
2934,7061,2,3,51,56,1.125,0.057335309036732875,628,Chris Parnell. Chris-fucking-Parnell.
2941,7061,0,7,49,56,1.125,0.04459412925079223,628,His pro wrestling name is The Thanksgiving Nightmare!
2949,7061,1,5,50,56,1.125,0.05136133772583239,628,Come up and sea me sometime.
3000,7061,1,5,50,56,1.125,0.05136133772583239,628,Now that's a fish story I can believe.
3060,7061,0,7,49,56,1.125,0.04459412925079223,628,"‘Well hardy har har. Drink like a fish, indeed!’"
3124,7061,0,7,49,56,1.125,0.04459412925079223,628,"Dry martini, why would I want a dry martini?  Make it wet, very wet!"
3137,7061,0,7,49,56,1.125,0.04459412925079223,628,That was a whale of a story Joe!
1371,7061,1,5,50,56,1.125,0.05136133772583239,628,"Whenever he said Marco, I said Polo."
3196,7061,0,7,49,56,1.125,0.04459412925079223,628,"Thank you, I can sea clearly now."
2603,7061,0,7,49,56,1.125,0.04459412925079223,628,I drink to forget.
2300,7061,0,7,49,56,1.125,0.04459412925079223,628,What does it take to get a drink around here?
2764,7061,0,7,49,56,1.125,0.04459412925079223,628,You do know that it is not PC to equate how I drink with what I am?
2272,7061,1,5,50,56,1.125,0.05136133772583239,628,"And then it pulled her out of the water, pulled her straight out man..."
2274,7061,1,5,50,56,1.125,0.05136133772583239,628,You don't know me. I could have been a starfish!
1410,7061,1,5,50,56,1.125,0.05136133772583239,628,Isn't it about time you get a bike rack?
1460,7061,1,5,50,56,1.125,0.05136133772583239,628,"I'll concede that, but I don't suppose you can swim like a drunk!"
1481,7061,1,5,50,56,1.125,0.05136133772583239,628,Did she really just tell me to not be so koi?
1501,7061,0,7,49,56,1.125,0.04459412925079223,628,"One martini, and it better be extra wet"
1560,7061,0,7,49,56,1.125,0.04459412925079223,628,"I'm telling you Sam. You had to shave your head, and I had to dress up as a big fish, but I think we finally fooled that idiot mailman."
1569,7061,1,5,50,56,1.125,0.05136133772583239,628,Yeah - apparently I'm their 'base-line' in some sort of post-Trump study.
1602,7061,1,5,50,56,1.125,0.05136133772583239,628,"Another Sex on the Beach, please?"
1616,7061,0,7,49,56,1.125,0.04459412925079223,628,"A priest, rabbi, and minister were in a bar sharing fishing stories..."
1658,7061,0,7,49,56,1.125,0.04459412925079223,628,Did you hear the joke about three fish come into a bar?
1683,7061,0,7,49,56,1.125,0.04459412925079223,628,"Who doesn't carry desiccated shrimp!!?? """
1684,7061,0,7,49,56,1.125,0.04459412925079223,628,Are there no guys here in this bar?
1717,7061,1,5,50,56,1.125,0.05136133772583239,628,Call security all you want! You know I'll only give them the slip again.
1727,7061,0,7,49,56,1.125,0.04459412925079223,628,I bet you think you a drink like a fish!
1590,7061,1,5,50,56,1.125,0.05136133772583239,628,"It's insulting, that's why.   Are you honestly saying if all you did was scrape algae all day you wouldn't want a drink or two yourself?"
1837,7061,0,7,49,56,1.125,0.04459412925079223,628,Give me six more and I'll show you how to really drink like a fish.
2269,7061,0,7,49,56,1.125,0.04459412925079223,628,Who are you calling a joke?
2260,7061,0,7,49,56,1.125,0.04459412925079223,628,"Actually, the phrase 'drink like a fish' is quite asinine. I am not drinking, so much as surviving.  Now pour me another."
1825,7061,0,7,49,56,1.125,0.04459412925079223,628,So he gets this weird Jon McNaughton to paint a picture of him teaching a college student to fish.The closest he has been to fishing is going to  McDonald's to get a fish delight sandwicch.
2244,7061,0,7,49,56,1.125,0.04459412925079223,628,I'll have another pint of oil. Try not to spill please; I'm sensitive.
2243,7061,1,5,50,56,1.125,0.05136133772583239,628,"Listen, this isn't just any old fish story."
2240,7061,1,5,50,56,1.125,0.05136133772583239,628,"Yeah, there are other fish in the sea, just not in my area code!"
2227,7061,1,5,50,56,1.125,0.05136133772583239,628,Watery Margarita with salt on the rim.
2132,7061,0,7,49,56,1.125,0.04459412925079223,628,"Yeah, so what?  You, my friend, happen to serve drinks like a bartender!"
1456,7061,0,7,49,56,1.125,0.04459412925079223,628,Gefilte on the rocks.
2118,7061,1,5,50,56,1.125,0.05136133772583239,628,No. you smell funny. Sorry... I didn't mean that. I love you man.
2102,7061,0,7,49,56,1.125,0.04459412925079223,628,"Wet martini, extra ice"
2095,7061,0,7,49,56,1.125,0.04459412925079223,628,"Yeah, another one, I'm  trying to drown my sorrows!"
1947,7061,1,5,50,56,1.125,0.05136133772583239,628,I identify as an antithesis.
1904,7061,0,7,49,56,1.125,0.04459412925079223,628,How dare you insinuating I drink like a fish!
1855,7061,0,7,49,56,1.125,0.04459412925079223,628,Do you have an extra dry wine?
5552,7350,0,7,50,57,1.1228070175438596,0.04385964912280703,628,I told her to lay off the bling but she just wouldn't listen.
5231,7350,0,7,50,57,1.1228070175438596,0.04385964912280703,628,Don’t tell me I drink like a fish again
5178,7350,0,7,50,57,1.1228070175438596,0.04385964912280703,628,My wife left me and my mortgage is underwater.
5097,7350,1,5,51,57,1.1228070175438596,0.05049985383360874,628,A handsome guy like you ever sleep with the fishes?
5067,7350,1,5,51,57,1.1228070175438596,0.05049985383360874,628,Last week with those Siamese guys was not my fault.
4827,7350,1,5,51,57,1.1228070175438596,0.05049985383360874,628,The big one got away last minute.  I almost pulled her out of the boat.  I'm telling you she was the biggest---EVER!
4672,7350,1,5,51,57,1.1228070175438596,0.05049985383360874,628,One octopus straight up with a squid chaser
4466,7350,0,7,50,57,1.1228070175438596,0.04385964912280703,628,"Koi pond, my ass; there's nothing coy about it. Have YOU ever tried to swim through a tangled mess of lily pads? I didn't think so. I hate to think of what they'd make me do if they knew I could talk!"
4454,7350,0,7,50,57,1.1228070175438596,0.04385964912280703,628,"A Margarita on the rocks,heavy on the salt."
4120,7350,1,5,51,57,1.1228070175438596,0.05049985383360874,628,"No, I’m not drunk and “carping on my problems” is actually quite offensive."
4133,7350,0,7,50,57,1.1228070175438596,0.04385964912280703,628,Say do you have a breathalyzer? I gotta swim home.
5754,7350,0,7,50,57,1.1228070175438596,0.04385964912280703,628,I know I drink like a fish. What's your point?
4110,7350,0,7,50,57,1.1228070175438596,0.04385964912280703,628,Who are you to tell me I drink like a fish?
3955,7350,1,5,51,57,1.1228070175438596,0.05049985383360874,628,"So she says:  ""C'mon big boy, swim up-stream and spawn with me"" and I says: ""Are you nuts?"""
3681,7350,0,7,50,57,1.1228070175438596,0.04385964912280703,628,Why the long face?
3434,7350,1,5,51,57,1.1228070175438596,0.05049985383360874,628,I'll have one more for the road.
3297,7350,0,7,50,57,1.1228070175438596,0.04385964912280703,628,"Water isn't water he says? Breathes a unique liquid, Trump-two-oh. Hah, we'll see about that."
3430,7350,0,7,50,57,1.1228070175438596,0.04385964912280703,628,They told me this place was packed to the gills!
4137,7350,0,7,50,57,1.1228070175438596,0.04385964912280703,628,Do not tell me I am as drunk as a fish
3749,7350,1,5,51,57,1.1228070175438596,0.05049985383360874,628,"Then shes says, ""On scales from 1 to 10, you're a 10!"" I thought I was good! But then she kicked me out. Gimme another."
7285,7350,0,7,50,57,1.1228070175438596,0.04385964912280703,628,What does a worm have that I don't?
6272,7350,0,7,50,57,1.1228070175438596,0.04385964912280703,628,"If you're what pescatarians call a bartender, I'll have another."
3110,7350,0,7,50,57,1.1228070175438596,0.04385964912280703,628,"Oh, yeah? Well YOU drink like a human!"
7821,7350,0,7,50,57,1.1228070175438596,0.04385964912280703,628,"Thanks for your interest,but I happen to be a male fish"
7648,7350,0,7,50,57,1.1228070175438596,0.04385964912280703,628,"Whiskey, neat!"
7636,7350,0,7,50,57,1.1228070175438596,0.04385964912280703,628,"So then I said to her, 'you have the ""gill"" to call ME a bottom feeder.' ""Gill"" get it?"
7566,7350,0,7,50,57,1.1228070175438596,0.04385964912280703,628,All I want is some water. And a giant bowl.
7439,7350,0,7,50,57,1.1228070175438596,0.04385964912280703,628,What!? You haven't seen a talking fish drink beer before?
7412,7350,0,7,50,57,1.1228070175438596,0.04385964912280703,628,"Let me guess Mr Grunion, you want Sex on the Beach"
7375,7350,1,5,51,57,1.1228070175438596,0.05049985383360874,628,I’m not taking another sip until you take drunken fish off the menu.!
7273,7350,1,5,51,57,1.1228070175438596,0.05049985383360874,628,You wouldn't believe the sunburned idiot I was just toying with.
6006,7350,1,5,51,57,1.1228070175438596,0.05049985383360874,628,"Yeah, I do know what fish do in it.  Just give me a pint of water, okay?"
7250,7350,2,3,52,57,1.1228070175438596,0.056363123168042664,628,"As I see it, it's my nature combined with your nurture.""

Note:  the words ""my"" and ""your"" should be underlined or otherwise highlighted"
7084,7350,0,7,50,57,1.1228070175438596,0.04385964912280703,628,They lied when they said I'd be a big fish in a little sea.
6909,7350,0,7,50,57,1.1228070175438596,0.04385964912280703,628,So you’re telling me the bar is out of water?
6866,7350,1,5,51,57,1.1228070175438596,0.05049985383360874,628,Pour me a wet one!
6598,7350,1,5,51,57,1.1228070175438596,0.05049985383360874,628,Yeah? Well you drink like a ... human.
6594,7350,0,7,50,57,1.1228070175438596,0.04385964912280703,628,If I wanted water neat I could've stayed home.
6593,7350,0,7,50,57,1.1228070175438596,0.04385964912280703,628,So...let me know if youve heard this one.
6510,7350,0,7,50,57,1.1228070175438596,0.04385964912280703,628,What's with the 6 glasses ... I drink like a fish and need a  schooner.
6439,7350,0,7,50,57,1.1228070175438596,0.04385964912280703,628,"So I says to the ball and chain ""Ain't no kid of mine going to some fancy, shmancy school. They can learn all they need from their ol' man."""
6289,7350,1,5,51,57,1.1228070175438596,0.05049985383360874,628,Obviously I drink....I'm a fish!
7143,7350,0,7,50,57,1.1228070175438596,0.04385964912280703,628,What do you mean there's a water shortage here?  There's plenty of it back home!
3107,7350,1,5,51,57,1.1228070175438596,0.05049985383360874,628,You can't cut me off. I have a hollow fin.
6125,7350,1,5,51,57,1.1228070175438596,0.05049985383360874,628,Gimme another bourbon and water - and hold the bourbon.
2698,7350,0,7,50,57,1.1228070175438596,0.04385964912280703,628,This is not the best bar ever...blasted clickbait.
3048,7350,2,3,52,57,1.1228070175438596,0.056363123168042664,628,I'm not outta water! You're outta water!
117,7350,0,7,50,57,1.1228070175438596,0.04385964912280703,628,"Shaken, not stirred please."
192,7350,0,7,50,57,1.1228070175438596,0.04385964912280703,628,Hey- that's a stereotype.
370,7350,2,3,52,57,1.1228070175438596,0.056363123168042664,628,What they did to me is fishy.
557,7350,0,7,50,57,1.1228070175438596,0.04385964912280703,628,What are you trying to say about fish?...
558,7350,0,7,50,57,1.1228070175438596,0.04385964912280703,628,I'll have a bottle of Mezcal...extra worms please.
710,7350,1,5,51,57,1.1228070175438596,0.05049985383360874,628,I understand you fired your aquarium band because they played off key.  Hire me.  I know how to Tune A Fish.
814,7350,0,7,50,57,1.1228070175438596,0.04385964912280703,628,"Look, Buster, if I have to hear one more ""drinking like a fish"" gag..."
1151,7350,1,5,51,57,1.1228070175438596,0.05049985383360874,628,My friends tell me I drink like a human.
1262,7350,0,7,50,57,1.1228070175438596,0.04385964912280703,628,"Something dry please, I've been wet all day."
1737,7350,0,7,50,57,1.1228070175438596,0.04385964912280703,628,HI I AM HAVING UPSET STOMACH . PL GIVE ME A SHOT
1593,7350,1,5,51,57,1.1228070175438596,0.05049985383360874,628,I’ll have it neat.
2662,7350,2,3,52,57,1.1228070175438596,0.056363123168042664,628,"I’ll have an oxygenated seltzer with slime, please."
2635,7350,2,3,52,57,1.1228070175438596,0.056363123168042664,628,"I haven’t even ordered, brother. Seems a bit premature to assume I “drink like a fish”."
2439,7350,0,7,50,57,1.1228070175438596,0.04385964912280703,628,"Bottle of Mezcal, drained."
2403,7350,0,7,50,57,1.1228070175438596,0.04385964912280703,628,I'm just trying to play it coy.
1528,7350,0,7,50,57,1.1228070175438596,0.04385964912280703,628,I know I'll disappoint but how 'bout seltzer with a twist?
1940,7350,1,5,51,57,1.1228070175438596,0.05049985383360874,628,"These were good, but do you have anything that has more oxygen?"
1856,7350,0,7,50,57,1.1228070175438596,0.04385964912280703,628,Just a BIG glass of water!
1835,7350,1,5,51,57,1.1228070175438596,0.05049985383360874,628,Tall water with salt and keep 'em coming!
1685,7350,0,7,50,57,1.1228070175438596,0.04385964912280703,628,Just the usual: a well with a couple rocks.
2401,7350,1,5,51,57,1.1228070175438596,0.05049985383360874,628,"I can't serve you another, you drink like a fish."
5537,7418,0,7,51,58,1.1206896551724137,0.04314879647175589,628,"Oh yeah? Well, you serve drinks like a bartender!"
7750,7418,1,5,52,58,1.1206896551724137,0.049666682137193066,628,I keep telling you. It’s “Fish like a drink!”
6804,7418,0,7,51,58,1.1206896551724137,0.04314879647175589,628,Make mine a double shrimp cocktail with a twist of anchovy. I've had a rough day evading hooks and nets.
6753,7418,0,7,51,58,1.1206896551724137,0.04314879647175589,628,I don't understand why it has to be Sex on the beach.
6274,7418,1,5,52,58,1.1206896551724137,0.049666682137193066,628,"Then he says to me, Don’t be coi!?"
2392,7418,1,5,52,58,1.1206896551724137,0.049666682137193066,628,What do you mean you don't have fish sauce?
6127,7424,1,5,54,60,1.1166666666666667,0.04807989270851719,628,"You don't say ""Belly up to the bar"" to a fish, my friend."
1160,7424,0,7,53,60,1.1166666666666667,0.04179359199028118,628,It's protection against all of your whiskey suddenly being nine-tenths water.
6182,7424,1,5,54,60,1.1166666666666667,0.04807989270851719,628,Make mine a Bloody Mare!
7769,7427,1,5,55,61,1.1147540983606556,0.04732379255652672,628,"Mezcal, please...oh, and
some really long tweezers"
3997,7428,0,6,47,53,1.1132075471698113,0.043938680706010445,628,"Yes, I feel like a fish out of water.  Make it a double."
4870,7428,1,4,48,53,1.1132075471698113,0.051539276936327136,628,"Sorry I know this late. This part is not my caption but it is from the August 20, 2018 issue, not the fish cartoon, as follows:

I thought you said Don knew the Maitre d'  here.

Funny, huh?"
4885,7428,0,6,47,53,1.1132075471698113,0.043938680706010445,628,Upstate New York is beautiful this time of year...
5029,7428,0,6,47,53,1.1132075471698113,0.043938680706010445,628,"If we're talkin' salt water-only cocktails, I'll drink anyone here under the table."
5078,7428,0,6,47,53,1.1132075471698113,0.043938680706010445,628,One more to take the edge off. It's not easy being a coy koi.
5107,7428,1,4,48,53,1.1132075471698113,0.051539276936327136,628,"And then he said,""what you're seeing is not what's happening."""
5116,7428,0,6,47,53,1.1132075471698113,0.043938680706010445,628,"Where I'm from, carp vodka is not having a moment."
5127,7428,1,4,48,53,1.1132075471698113,0.051539276936327136,628,I thought he said he was an elk!
5223,7428,0,6,47,53,1.1132075471698113,0.043938680706010445,628,I'll have another shot of  seltzer water please.
5268,7428,0,6,47,53,1.1132075471698113,0.043938680706010445,628,Some people say I drink like a fish.
5276,7428,0,6,47,53,1.1132075471698113,0.043938680706010445,628,On the rocks? Are you serious? Smart ass.
5317,7428,0,6,47,53,1.1132075471698113,0.043938680706010445,628,"Hey, Chrome-dome!  I don’t need you to tell me what I drink like!"
5333,7428,0,6,47,53,1.1132075471698113,0.043938680706010445,628,"So I told him I'm LITERALLY out of water, not figuratively dude."
4869,7428,1,4,48,53,1.1132075471698113,0.051539276936327136,628,I’m allergic to fish.
5339,7428,0,6,47,53,1.1132075471698113,0.043938680706010445,628,Don’t tell me you never heard above the one that got away.
5348,7428,0,6,47,53,1.1132075471698113,0.043938680706010445,628,Don’t look at me as if I drink like a fish.
5399,7428,1,4,48,53,1.1132075471698113,0.051539276936327136,628,"Gas
Gaslighting  101 - No, I'm not a fish, I've never slept with a fish, I don't drink like a fish.  However, there is something fishy about you!"
5412,7428,1,4,48,53,1.1132075471698113,0.051539276936327136,628,"Yes, I know it’s ironic.  But I still want the martini bone dry!"
5505,7428,1,4,48,53,1.1132075471698113,0.051539276936327136,628,No worries.  I drink like a fish.
5547,7428,1,4,48,53,1.1132075471698113,0.051539276936327136,628,"Frankly, I am not amused by those ""A priest, a Rabbi, and a Fish"" jokes."
3611,7428,0,6,47,53,1.1132075471698113,0.043938680706010445,628,"Oh yeah? Well, YOU judge like a human!"
5591,7428,0,6,47,53,1.1132075471698113,0.043938680706010445,628,I can SEA your butt.
5651,7428,0,6,47,53,1.1132075471698113,0.043938680706010445,628,My wife tells me I drink like a fish.
5673,7428,0,6,47,53,1.1132075471698113,0.043938680706010445,628,"If I'm old enough to make it this far, then I'm old enough to have a drink."
5752,7428,0,6,47,53,1.1132075471698113,0.043938680706010445,628,I don't want to go jump in the lake!  I'm sick of nothing but water.  You got something sweet and fruity?
5768,7428,0,6,47,53,1.1132075471698113,0.043938680706010445,628,"No, I drink my share of red too!"
5805,7428,0,6,47,53,1.1132075471698113,0.043938680706010445,628,My boss is such a pain in the bass!
5885,7428,0,6,47,53,1.1132075471698113,0.043938680706010445,628,"Cocktail Hour? This is Fishtail Hour, so make it extra dry."
3620,7428,0,6,47,53,1.1132075471698113,0.043938680706010445,628,I know it's not PC but I need a straw.
4847,7428,0,6,47,53,1.1132075471698113,0.043938680706010445,628,"Sushi's my name and sashimi's my game. How's about a box of hot sake, dude."
4779,7428,0,6,47,53,1.1132075471698113,0.043938680706010445,628,"Barkeep, I know I said one but number seven may do it.  I lost my Job because of the CURRENT economy."
4739,7428,0,6,47,53,1.1132075471698113,0.043938680706010445,628,"One that got away? The ONE that got away?? Let ME tell YOU about the one that got away, man."
4026,7428,0,6,47,53,1.1132075471698113,0.043938680706010445,628,This time make it a wet martini.
4053,7428,0,6,47,53,1.1132075471698113,0.043938680706010445,628,Are you telling me that I drink like a fish?
4086,7428,1,4,48,53,1.1132075471698113,0.051539276936327136,628,"I'm outa water? No, you're out of white lightning!"
4214,7428,0,6,47,53,1.1132075471698113,0.043938680706010445,628,So a seahorse walks into a bar...
4261,7428,0,6,47,53,1.1132075471698113,0.043938680706010445,628,What's the big surprise?
4327,7428,0,6,47,53,1.1132075471698113,0.043938680706010445,628,Has anyone ever told you that you drink like a fish?
4341,7428,0,6,47,53,1.1132075471698113,0.043938680706010445,628,You either fight the simile or you embrace it.
4505,7428,0,6,47,53,1.1132075471698113,0.043938680706010445,628,And give it an extra splash of sea water.
4516,7428,0,6,47,53,1.1132075471698113,0.043938680706010445,628,"I broke it off when she kept ordering 'Sex on the Beach' cocktails."""
4517,7428,1,4,48,53,1.1132075471698113,0.051539276936327136,628,Thanks for listening. I just moved and I feel like a fish out  of water.
4520,7428,1,4,48,53,1.1132075471698113,0.051539276936327136,628,You think you're a fish out of water in this country?
4540,7428,1,4,48,53,1.1132075471698113,0.051539276936327136,628,I know the difference between seafood sauce and a bloody mary.
3869,7428,0,6,47,53,1.1132075471698113,0.043938680706010445,628,"Yeah, I wanna drink like a..."
3938,7428,0,6,47,53,1.1132075471698113,0.043938680706010445,628,Give me an Iron Fish... on the rocks.
3834,7428,0,6,47,53,1.1132075471698113,0.043938680706010445,628,This crazy news cycle has me drinking like a human!
3773,7428,2,2,49,53,1.1132075471698113,0.05815484908461297,628,How dry I am! Nobody knows how dry I am.
3759,7428,0,6,47,53,1.1132075471698113,0.043938680706010445,628,You take back that remark about my drinking!
3674,7428,0,6,47,53,1.1132075471698113,0.043938680706010445,628,So I says to her ... being a fish out of water ain't what it's cracked up to be.
3670,7428,0,6,47,53,1.1132075471698113,0.043938680706010445,628,"And then she says, “You’re like a fish out of water.”"
3651,7428,0,6,47,53,1.1132075471698113,0.043938680706010445,628,"Yes, as a matter of fact, I HAVE heard that expression."
5889,7428,1,4,48,53,1.1132075471698113,0.051539276936327136,628,"I am one, what do you expect!? Now give me another!!"
4586,7428,0,6,47,53,1.1132075471698113,0.043938680706010445,628,I can’t tell you what a fish out of water I feel like in this town. Pour me another.
4594,7428,0,6,47,53,1.1132075471698113,0.043938680706010445,628,Let’s make it a Death in the Afternoon ... it’s almost time
4642,7428,0,6,47,53,1.1132075471698113,0.043938680706010445,628,I'll have a clam juice vodka tonic.
4660,7428,0,6,47,53,1.1132075471698113,0.043938680706010445,628,"Do you have either Perrier or Evian?  I'm cel
ebrating my birthday today!














































It's my birthday!  Do you have a Perrier or  an 











evian



evian"
4668,7428,0,6,47,53,1.1132075471698113,0.043938680706010445,628,I'll take three shots of salty water and keep em coming.
4690,7428,0,6,47,53,1.1132075471698113,0.043938680706010445,628,"A very dry martini please,I'm sick of being wet."
4694,7428,0,6,47,53,1.1132075471698113,0.043938680706010445,628,"Customer : The dry humor is killing me .
Bartender : No liquidity , no liquids."
3828,7428,0,6,47,53,1.1132075471698113,0.043938680706010445,628,Give me a tank & gin
5899,7428,0,6,47,53,1.1132075471698113,0.043938680706010445,628,Of course it IS a fish story ............
6369,7428,0,6,47,53,1.1132075471698113,0.043938680706010445,628,Fillet please
5926,7428,0,6,47,53,1.1132075471698113,0.043938680706010445,628,"If you say one more time that I ""drink like a fish"", I will never come back here!"
7037,7428,0,6,47,53,1.1132075471698113,0.043938680706010445,628,Keep pouring me shots of tequila until I get the worm.
7042,7428,1,4,48,53,1.1132075471698113,0.051539276936327136,628,"What do you mean, you’re outta water?"
7138,7428,1,4,48,53,1.1132075471698113,0.051539276936327136,628,You do realize cutting me off could put an end a beautiful fish-out-of-water story.
7167,7428,0,6,47,53,1.1132075471698113,0.043938680706010445,628,"I'll have a Margarita, hold the salt."
3536,7428,0,6,47,53,1.1132075471698113,0.043938680706010445,628,"Yeah, well, YOU drink like a land mammal!"
7249,7428,0,6,47,53,1.1132075471698113,0.043938680706010445,628,"What do you mean by ""drinking like a fish""?"
7287,7428,1,4,48,53,1.1132075471698113,0.051539276936327136,628,She says she won’t come back until I stop blaming Red Tide for our toxic relationship.”
7330,7428,0,6,47,53,1.1132075471698113,0.043938680706010445,628,I guess I am just ha I got a hard time getting into the swim of things
7386,7428,0,6,47,53,1.1132075471698113,0.043938680706010445,628,It’s been a rough week. I’ll have a Yellow Bicycle straight up. And make that a double.
7390,7428,0,6,47,53,1.1132075471698113,0.043938680706010445,628,"Yes, and I eat like one, too."
7435,7428,1,4,48,53,1.1132075471698113,0.051539276936327136,628,"Yeah, that’s right, I swim with the fishes."
7445,7428,0,6,47,53,1.1132075471698113,0.043938680706010445,628,You call that a drink?
7464,7428,0,6,47,53,1.1132075471698113,0.043938680706010445,628,"ok, a cardinal fish, a monkfish, and a gefilite fish swim into a watering hole... stop me if you’ve sensed these vibrations before."
7024,7428,1,4,48,53,1.1132075471698113,0.051539276936327136,628,"Hiya, Joe. I'll have a vat of La Croix, straight up."
7483,7428,0,6,47,53,1.1132075471698113,0.043938680706010445,628,Pitcher of beer and keep it coming. Tonight I want to drink like a Human.
7538,7428,0,6,47,53,1.1132075471698113,0.043938680706010445,628,Shrimp cocktail.  On the rocks.
7592,7428,1,4,48,53,1.1132075471698113,0.051539276936327136,628,I'm supposed to drink like a fish - I am a fish!
7626,7428,1,4,48,53,1.1132075471698113,0.051539276936327136,628,"Actually, notwithstanding the genetic factor I'm a relative light-weight."
7676,7428,1,4,48,53,1.1132075471698113,0.051539276936327136,628,Give me three fins of tequila with the worm.
7698,7428,1,4,48,53,1.1132075471698113,0.051539276936327136,628,Self-fulfilling prophecy? Just keep 'em coming.
7704,7428,1,4,48,53,1.1132075471698113,0.051539276936327136,628,Is draught 1/2 price on school nights?
7760,7428,0,6,47,53,1.1132075471698113,0.043938680706010445,628,I just finished a long swim and I need a Chablis to go with my meal.
7763,7428,0,6,47,53,1.1132075471698113,0.043938680706010445,628,So how do you suggest I drink then?
7772,7428,1,4,48,53,1.1132075471698113,0.051539276936327136,628,"I’ll have a margarita, light on the salt."
7813,7428,1,4,48,53,1.1132075471698113,0.051539276936327136,628,"Give me a big tank of water, please."
7941,7428,0,6,47,53,1.1132075471698113,0.043938680706010445,628,"I'll show you ""out of water""!"
8051,7428,0,6,47,53,1.1132075471698113,0.043938680706010445,628,You would be drowning your sorrows  too if you were half of  an unemployed zodiac sign!
8055,7428,1,4,48,53,1.1132075471698113,0.051539276936327136,628,Why do all you guys think you know how I drink?
7537,7428,1,4,48,53,1.1132075471698113,0.051539276936327136,628,"No, I do NOT want my whiskey with a splash!"""
5900,7428,0,6,47,53,1.1132075471698113,0.043938680706010445,628,How about fishing for a compliment on your Moscow Fish?
6994,7428,0,6,47,53,1.1132075471698113,0.043938680706010445,628,"Two dozen oysters and a gin martini, please."
6968,7428,0,6,47,53,1.1132075471698113,0.043938680706010445,628,Nobody's going to keep ME in the small pond!
5953,7428,0,6,47,53,1.1132075471698113,0.043938680706010445,628,This fish goes into a bar....
5965,7428,0,6,47,53,1.1132075471698113,0.043938680706010445,628,Gimme two more shots of pure oxygen; I need to drown my sorrows.
6015,7428,1,4,48,53,1.1132075471698113,0.051539276936327136,628,"You know, sometimes I just feel like a human in the water"
6080,7428,1,4,48,53,1.1132075471698113,0.051539276936327136,628,"Keep the shots of water, coming."
6096,7428,0,6,47,53,1.1132075471698113,0.043938680706010445,628,I may look like one but I don’t drink like one
6100,7428,0,6,47,53,1.1132075471698113,0.043938680706010445,628,"Listen! Just give me another mermaid-on-the-rocks, $#!#$ !"
6252,7428,0,6,47,53,1.1132075471698113,0.043938680706010445,628,A large tub of water with a side of three whiskeys. On the rocks.
6378,7428,0,6,47,53,1.1132075471698113,0.043938680706010445,628,If  one more person tells me that I drink like a fish...
6379,7428,0,6,47,53,1.1132075471698113,0.043938680706010445,628,I should have known there was something fishy going on.
6396,7428,1,4,48,53,1.1132075471698113,0.051539276936327136,628,"Ok, then tell me the craziest thing you’ve ever seen at last caul."
6435,7428,0,6,47,53,1.1132075471698113,0.043938680706010445,628,You're fresh out of salt water...funny man.
6476,7428,0,6,47,53,1.1132075471698113,0.043938680706010445,628,A large glass of milk please!
6541,7428,1,4,48,53,1.1132075471698113,0.051539276936327136,628,I'm a fish out of water . . . fill me up.
6989,7428,0,6,47,53,1.1132075471698113,0.043938680706010445,628,"I will grant your wish Moh, just as soon as I become your lawful, wedded wife #1, not #3, you agree?"
6542,7428,0,6,47,53,1.1132075471698113,0.043938680706010445,628,I'm the blacksheephead of the family.
6559,7428,0,6,47,53,1.1132075471698113,0.043938680706010445,628,"I'm tired of that old ""You drink like a fish"" gag."
6566,7428,0,6,47,53,1.1132075471698113,0.043938680706010445,628,"And THAT'S when she had the nerve to say, ""But don't worry, there are plenty more fish in the sea""."
6570,7428,0,6,47,53,1.1132075471698113,0.043938680706010445,628,"with more water, please"
6595,7428,0,6,47,53,1.1132075471698113,0.043938680706010445,628,Maybe I do drink like fish--you gotta problem widdat?
6671,7428,1,4,48,53,1.1132075471698113,0.051539276936327136,628,I’d like some water please
6680,7428,2,2,49,53,1.1132075471698113,0.05815484908461297,628,I hope my team will win the fish bowl
6690,7428,0,6,47,53,1.1132075471698113,0.043938680706010445,628,And therent_report [644.1 157.240.2.38:443 in_progress socket-flow (satisfied)] reported event flo
6750,7428,0,6,47,53,1.1132075471698113,0.043938680706010445,628,And now you know what it looks like to drink like a fish.
6756,7428,0,6,47,53,1.1132075471698113,0.043938680706010445,628,Stop your carping! Can't you see I'm not like that!
6781,7428,0,6,47,53,1.1132075471698113,0.043938680706010445,628,Are you trying to hook me with that old line what's a nice fish like you doing in a joint like this?
6835,7428,0,6,47,53,1.1132075471698113,0.043938680706010445,628,Don’t be koi - give me another drink!
6854,7428,0,6,47,53,1.1132075471698113,0.043938680706010445,628,One more of these and I’ll be belly up
6863,7428,0,6,47,53,1.1132075471698113,0.043938680706010445,628,So I says to her; 'Of course I drink like a fish--what else would I drink like a mammal.'
6550,7428,0,6,47,53,1.1132075471698113,0.043938680706010445,628,I can’t believe you’ve never met anyone who could ‘drink like a fish’!
6495,7428,0,6,47,53,1.1132075471698113,0.043938680706010445,628,"I’ll have a Darwintini, please, kelp on the side."
3494,7428,0,6,47,53,1.1132075471698113,0.043938680706010445,628,"Have you been cutting the water in my drinks?!"""
3457,7428,0,6,47,53,1.1132075471698113,0.043938680706010445,628,'How long is happy hour'?
925,7428,0,6,47,53,1.1132075471698113,0.043938680706010445,628,Of course I do. I am a fish.
927,7428,0,6,47,53,1.1132075471698113,0.043938680706010445,628,"Gimme a dry martini.  I don't want to sound redundant, but I feel like a fish out of  . . . I swore I wouldn't say it again."
928,7428,0,6,47,53,1.1132075471698113,0.043938680706010445,628,Another Salt water...and keep em coming.
943,7428,0,6,47,53,1.1132075471698113,0.043938680706010445,628,A Gillder worth of Carpe Deum please.
966,7428,0,6,47,53,1.1132075471698113,0.043938680706010445,628,How's the sushi bar next door?
978,7428,0,6,47,53,1.1132075471698113,0.043938680706010445,628,"Ith wash all downhill when they shtarted ushing my bvowl to make ""Fisth Bvowl Punsch""."
995,7428,0,6,47,53,1.1132075471698113,0.043938680706010445,628,Of course I am not looking for a perch. I am a perch!
1022,7428,0,6,47,53,1.1132075471698113,0.043938680706010445,628,5 Gallons of Salt Water Please!
1063,7428,2,2,49,53,1.1132075471698113,0.05815484908461297,628,So this Carp walks into a bar......
1095,7428,0,6,47,53,1.1132075471698113,0.043938680706010445,628,What's wrong with how I drink?
913,7428,0,6,47,53,1.1132075471698113,0.043938680706010445,628,I’m a light drinker.
1117,7428,1,4,48,53,1.1132075471698113,0.051539276936327136,628,A
1138,7428,1,4,48,53,1.1132075471698113,0.051539276936327136,628,...and make that extra dry.
1288,7428,1,4,48,53,1.1132075471698113,0.051539276936327136,628,"You know what people are saying about your drinking, now I am starting to believe them"
1294,7428,0,6,47,53,1.1132075471698113,0.043938680706010445,628,"Keep 'em coming, barkeep. My buddy just bought it hook, line and sinker."
1331,7428,0,6,47,53,1.1132075471698113,0.043938680706010445,628,Do you mind?  I'm a fish out of water.
1353,7428,1,4,48,53,1.1132075471698113,0.051539276936327136,628,"Navy Strength, please."
1374,7428,0,6,47,53,1.1132075471698113,0.043938680706010445,628,"I can´t understand you, Mr Fish. We don´t all look like Aquaman."
1397,7428,0,6,47,53,1.1132075471698113,0.043938680706010445,628,Don't give me that cliche that Pisceans drink too much.
1438,7428,0,6,47,53,1.1132075471698113,0.043938680706010445,628,Somebody told me I drink like a fish.  What else am I supposed to drink like?
1449,7428,0,6,47,53,1.1132075471698113,0.043938680706010445,628,"Did you hear the one where a rabbi, a priest and a fish walk into a bar?"
1479,7428,0,6,47,53,1.1132075471698113,0.043938680706010445,628,So great to find you!  I am not drinking that Red Tide poison. Let me tell you...
1127,7428,1,4,48,53,1.1132075471698113,0.051539276936327136,628,"Bartender, it's a myth that goldfish have a memory span of only three seconds.  Now pour me a shot."
896,7428,0,6,47,53,1.1132075471698113,0.043938680706010445,628,"If you say that I drink like a fish one more time, I will take my business elsewhere!"
870,7428,0,6,47,53,1.1132075471698113,0.043938680706010445,628,Give me whatever you’ve got and keep it coming!
857,7428,1,4,48,53,1.1132075471698113,0.051539276936327136,628,.... and then he has the nerve to say that I drink like a fish.
3521,7428,1,4,48,53,1.1132075471698113,0.051539276936327136,628,"Yeah, that's me. I'm the one that got away."
9,7428,0,6,47,53,1.1132075471698113,0.043938680706010445,628,"No, I'm not being coy–give me another shot."
71,7428,0,6,47,53,1.1132075471698113,0.043938680706010445,628,"Even though I learned to breathe air, I still drink like a fish."
113,7428,0,6,47,53,1.1132075471698113,0.043938680706010445,628,It's not easy being a school teacher these days - pour me another
136,7428,1,4,48,53,1.1132075471698113,0.051539276936327136,628,"I may look red, but at least I'm not flushed."
145,7428,0,6,47,53,1.1132075471698113,0.043938680706010445,628,Did you hear the one about the bartender who 'almost' told a fish joke?
162,7428,1,4,48,53,1.1132075471698113,0.051539276936327136,628,"As Kevin stared into the giant fish's all too human eyes, he wondered again. Was this a dream? It all seemed too solid. He knew the old bar's scent too well. It smelled like his father, or his father had smelled like it. The two were inseparable."
183,7428,0,6,47,53,1.1132075471698113,0.043938680706010445,628,I only drink like one out of water
195,7428,0,6,47,53,1.1132075471698113,0.043938680706010445,628,I am a very large fish. How am I even sitting here?!
196,7428,0,6,47,53,1.1132075471698113,0.043938680706010445,628,So much for my dry January.
213,7428,1,4,48,53,1.1132075471698113,0.051539276936327136,628,"Yes, but I don't drink like one."""
234,7428,0,6,47,53,1.1132075471698113,0.043938680706010445,628,"I'll have that with melted ice, please."
443,7428,0,6,47,53,1.1132075471698113,0.043938680706010445,628,"If I hear that expression ""Drink like a fish"" one more time, I'll take my business elsewhere."
508,7428,0,6,47,53,1.1132075471698113,0.043938680706010445,628,I'm just trying to remember my problems.
512,7428,0,6,47,53,1.1132075471698113,0.043938680706010445,628,"...and so I says to him ""Just why the hell do you think I need a bicycle?!"""
541,7428,1,4,48,53,1.1132075471698113,0.051539276936327136,628,"I wish I was scaled like your scalp buddy! 
- This is kindly bald sir."
690,7428,0,6,47,53,1.1132075471698113,0.043938680706010445,628,Cab driver said you mix the best margarita on the West Coast.
701,7428,0,6,47,53,1.1132075471698113,0.043938680706010445,628,"Yeah, gimme a whiskey and 400 cubic yards of water, pronto. Otherwise I'm going to croak bring this sorry shithole up to code."
732,7428,0,6,47,53,1.1132075471698113,0.043938680706010445,628,Sometimes I take this whole Evolution thing too literally
770,7428,0,6,47,53,1.1132075471698113,0.043938680706010445,628,Where the hell can a fish get a decent  gimlet around here?
771,7428,0,6,47,53,1.1132075471698113,0.043938680706010445,628,"Suppose I do drink like a fish.  What of it?

Brad Hume, Louisville, KY"
784,7428,0,6,47,53,1.1132075471698113,0.043938680706010445,628,"Keep 'em coming, Mac - If I  hear one more time I'm a 'fish outta water..."
818,7428,1,4,48,53,1.1132075471698113,0.051539276936327136,628,"There is no-one, and I mean no-one, who can drink like a fish."
1487,7428,1,4,48,53,1.1132075471698113,0.051539276936327136,628,"Thanks for listening, buddy. I swear sometimes I just feel like a fish out of water!"
1572,7428,0,6,47,53,1.1132075471698113,0.043938680706010445,628,Trust me. I’m not going to drown after a few shots.
342,7428,0,6,47,53,1.1132075471698113,0.043938680706010445,628,"... and I'm on the neighborhood committee, always give to the Salvation Army, ump for Little League games ..."
1648,7428,0,6,47,53,1.1132075471698113,0.043938680706010445,628,Would I have a whale of a time if I could drink like a fish?
2548,7428,1,4,48,53,1.1132075471698113,0.051539276936327136,628,"... so I said, ""There are plenty more fish in my sea, too!'"""
2625,7428,0,6,47,53,1.1132075471698113,0.043938680706010445,628,You still like chump?
2690,7428,0,6,47,53,1.1132075471698113,0.043938680706010445,628,"Scotch and water, hold the scotch"
2777,7428,0,6,47,53,1.1132075471698113,0.043938680706010445,628,I said single malt with water.
2806,7428,0,6,47,53,1.1132075471698113,0.043938680706010445,628,"But I'm NOT in the tank, and I want another shot!"
2885,7428,0,6,47,53,1.1132075471698113,0.043938680706010445,628,"Personally, I prefer red wine."
2923,7428,0,6,47,53,1.1132075471698113,0.043938680706010445,628,"My usual, thanks. ...My usual, thanks... My usual, thanks...."
3046,7428,0,6,47,53,1.1132075471698113,0.043938680706010445,628,"Last place said I needed to ""dry out"""
3065,7428,1,4,48,53,1.1132075471698113,0.051539276936327136,628,My name's finbar and I'm out of water!
3083,7428,2,2,49,53,1.1132075471698113,0.05815484908461297,628,Those stories you heard... it was me.
2547,7428,0,6,47,53,1.1132075471698113,0.043938680706010445,628,Hold the Water!
3116,7428,0,6,47,53,1.1132075471698113,0.043938680706010445,628,I’m calling my memoir ‘Bottoms Up.’
3135,7428,0,6,47,53,1.1132075471698113,0.043938680706010445,628,Who you say’n drinks like a fish?
3211,7428,1,4,48,53,1.1132075471698113,0.051539276936327136,628,I am tired of seawater!
3251,7428,2,2,49,53,1.1132075471698113,0.05815484908461297,628,You are not here to judge. Now give me 3 more martinis.
3296,7428,2,2,49,53,1.1132075471698113,0.05815484908461297,628,And I'll an ocean on the rocks .
3307,7428,1,4,48,53,1.1132075471698113,0.051539276936327136,628,There’s no ballroom...
3319,7428,0,6,47,53,1.1132075471698113,0.043938680706010445,628,"You call me ""AquaMan"" one more time and we're gonna have a problem, Pal."
3338,7428,0,6,47,53,1.1132075471698113,0.043938680706010445,628,Dark beer. It marinates me well.
3380,7428,1,4,48,53,1.1132075471698113,0.051539276936327136,628,I'll bet you hear a lot of these fish stories.
3388,7428,0,6,47,53,1.1132075471698113,0.043938680706010445,628,"I'll just have water, but in a bowl please."
1591,7428,0,6,47,53,1.1132075471698113,0.043938680706010445,628,"I refuse to have a ""cocktail"", but I will have a drink...."
3134,7428,0,6,47,53,1.1132075471698113,0.043938680706010445,628,"So, I was saying some old cat was trying to school me..."
2527,7428,1,4,48,53,1.1132075471698113,0.051539276936327136,628,Yes i am a fish out of water so give me another Scotch
3125,7428,1,4,48,53,1.1132075471698113,0.051539276936327136,628,"Just another shot of water, please!"
2450,7428,0,6,47,53,1.1132075471698113,0.043938680706010445,628,"Ah, quit your carping. I NEVER had hair!"
1726,7428,0,6,47,53,1.1132075471698113,0.043938680706010445,628,Nothing is wrong with my memory! I had one drink! One!
2479,7428,0,6,47,53,1.1132075471698113,0.043938680706010445,628,A horse walks into a bar...
1733,7428,0,6,47,53,1.1132075471698113,0.043938680706010445,628,There's other places to get a drink!
1750,7428,0,6,47,53,1.1132075471698113,0.043938680706010445,628,Scotch with a double water.
1758,7428,0,6,47,53,1.1132075471698113,0.043938680706010445,628,I'm also outta alcohol!
1804,7428,0,6,47,53,1.1132075471698113,0.043938680706010445,628,"Leave that harpoon away and serve me another whisky shot, babe"
1893,7428,0,6,47,53,1.1132075471698113,0.043938680706010445,628,"You know, we fish have a bad rap about our drinking."
1919,7428,0,6,47,53,1.1132075471698113,0.043938680706010445,628,Have you ever felt like a fish out of water?
1951,7428,0,6,47,53,1.1132075471698113,0.043938680706010445,628,I just got so tired of hearing 'you're  not the only fish in the sea.'
1957,7428,0,6,47,53,1.1132075471698113,0.043938680706010445,628,I'll have a gill of scotch.
2012,7428,1,4,48,53,1.1132075471698113,0.051539276936327136,628,"So I says to the boss, that no good snitch will be walking with the peoples before sunrise."
1809,7428,0,6,47,53,1.1132075471698113,0.043938680706010445,628,Offer me water one more  time....
2116,7428,0,6,47,53,1.1132075471698113,0.043938680706010445,628,"Seriously! No, I don't have ID."
2423,7428,0,6,47,53,1.1132075471698113,0.043938680706010445,628,"I do ""drink like fish,"" so just keep 'em coming!"
2419,7428,0,6,47,53,1.1132075471698113,0.043938680706010445,628,Whaddyou starin' at; ain't you got eyebrows?
2388,7428,0,6,47,53,1.1132075471698113,0.043938680706010445,628,Fresk water or salt?
2376,7428,0,6,47,53,1.1132075471698113,0.043938680706010445,628,I said hit me again!  And no I’m not driving.
2320,7428,0,6,47,53,1.1132075471698113,0.043938680706010445,628,Don't judge.. It's hereditary
2313,7428,0,6,47,53,1.1132075471698113,0.043938680706010445,628,"Gimme the saltiest water you have, Jimmy."
1669,7428,1,4,48,53,1.1132075471698113,0.051539276936327136,628,I must stay hidrated
2270,7428,0,6,47,53,1.1132075471698113,0.043938680706010445,628,"Just one more handsome, and you can have me hook, line and sink her!"""
2237,7428,1,4,48,53,1.1132075471698113,0.051539276936327136,628,"I've really been feeling like a fish out of the water, lately."
2230,7428,1,4,48,53,1.1132075471698113,0.051539276936327136,628,", ..., and ' splash ' me with water please!"
2142,7428,1,4,48,53,1.1132075471698113,0.051539276936327136,628,I heard you guys have the best fin & tonic in town.
5179,7659,1,5,56,62,1.1129032258064515,0.046591027055115,628,"Hey Boss, the customers surf finally arrived.."
5736,7660,1,4,49,54,1.1111111111111112,0.050619272401046675,628,"I'd like a glass of filtered water, no ice."
5668,7660,0,7,56,63,1.1111111111111112,0.039912289339283334,628,"Shot of milk Frank, new job-school bus driver."
4964,7660,0,6,48,54,1.1111111111111112,0.043168260549211725,628,Do I look like I’ve already had that much to drink?
4475,7660,0,6,48,54,1.1111111111111112,0.043168260549211725,628,She kicked me out of our plastic castle.
3974,7660,0,6,48,54,1.1111111111111112,0.043168260549211725,628,"those are nice little drinks, but let's go with the full gallon martini, straight up"
599,7660,0,6,48,54,1.1111111111111112,0.043168260549211725,628,Ever hear this one:  'God marks on the curve'?
6470,7660,0,6,48,54,1.1111111111111112,0.043168260549211725,628,I heard you served worm martinis !
3315,7660,0,6,48,54,1.1111111111111112,0.043168260549211725,628,"The SWI did ruin my reputation, but not my character."
887,7660,0,6,48,54,1.1111111111111112,0.043168260549211725,628,"No, I DON'T think I've had enough."
3492,7660,0,6,48,54,1.1111111111111112,0.043168260549211725,628,What'll you have? Water.
2767,7660,0,6,48,54,1.1111111111111112,0.043168260549211725,628,"I know you are a star and you are a fish, but you definitely are not a starfish."
3639,7660,0,6,48,54,1.1111111111111112,0.043168260549211725,628,I thought the first round was free
2015,7660,1,4,49,54,1.1111111111111112,0.050619272401046675,628,Yeah but what about teh emails?
3594,7660,0,6,48,54,1.1111111111111112,0.043168260549211725,628,"It's descrimination. They complain more than we do, but no one calls it 'trouting'."
7668,7660,0,6,48,54,1.1111111111111112,0.043168260549211725,628,"Vodka & water, please."
3547,7660,0,6,48,54,1.1111111111111112,0.043168260549211725,628,I know I'm a fish but stop watering down my drinks!
7660,7660,0,6,48,54,1.1111111111111112,0.043168260549211725,628,"You said ""I drink like a fish out of water"""
2788,7677,0,6,49,55,1.1090909090909091,0.04242424242424242,628,"Damn, I hate going home cause I know my wife will say: 'See, I told you this would happen'."
2914,7677,0,6,49,55,1.1090909090909091,0.04242424242424242,628,"Stop me if you've heard this one: a neon tetra,a guppy,and a turtle dive into a tank..."
3011,7677,1,4,50,55,1.1090909090909091,0.04973144899026735,628,Just put it in a fish ball
3696,7677,0,6,49,55,1.1090909090909091,0.04242424242424242,628,And exactly what makes you think I give loans?
3824,7677,0,6,49,55,1.1090909090909091,0.04242424242424242,628,I came here to drink.
4045,7677,0,6,49,55,1.1090909090909091,0.04242424242424242,628,The gold fish was no better at keep track of how much he had drunk than he was counting laps around his fishbowl.
5259,7677,0,6,49,55,1.1090909090909091,0.04242424242424242,628,Can I get some water?
5443,7677,0,6,49,55,1.1090909090909091,0.04242424242424242,628,I'm no catfish. I just... embellished.
2651,7685,0,6,50,56,1.1071428571428572,0.0417053005800816,628,"A vodka martini, very wet."
2989,7685,0,6,50,56,1.1071428571428572,0.0417053005800816,628,Something is very fishy around here.
5432,7685,0,6,50,56,1.1071428571428572,0.0417053005800816,628,"I know you've heard lots of stories about the big one that got away, but you haven't heard this one."
6889,7685,0,6,50,56,1.1071428571428572,0.0417053005800816,628,"I'll take a codmopolitan,straight up."
1134,7685,0,6,50,56,1.1071428571428572,0.0417053005800816,628,No!  YOU drink like a fish.
7643,7685,0,6,50,56,1.1071428571428572,0.0417053005800816,628,YOU'RE looking a little fishy!
7055,7685,0,6,50,56,1.1071428571428572,0.0417053005800816,628,"No more for me, thanks. I'm spawning."
7011,7692,1,3,43,47,1.1063829787234043,0.05469656058869374,628,"She tells me she can't be with me anymore because I drink like a fish. I tell her, 'I am a fish.'  Let's just say she was a rough catch and release, you know what I mean?"
5423,7693,0,6,51,57,1.105263157894737,0.04101019591968312,628,Now it's clear to me. Don't even go near Annette.
3990,7694,0,6,52,58,1.103448275862069,0.04033776909417944,628,How fresh is the fush of the day?
4529,7694,0,6,52,58,1.103448275862069,0.04033776909417944,628,"Yes, I know what I drink like."
4984,7696,0,5,45,50,1.1,0.04285714285714286,628,"Yes, you heard me right. I need a scotch on the aquarium rocks."
4834,7696,0,5,45,50,1.1,0.04285714285714286,628,"Whatever, as long as it's extra dry"
4601,7696,0,5,45,50,1.1,0.04285714285714286,628,"Hey, I'm done when *I* say I'm done. 'Nother lemon juice, up."
4079,7696,1,3,46,50,1.1,0.05150787536377128,628,"If you thought a fish couldn't drown his sorrows here, then boy, buddy, weren't you mistaken."
3920,7696,1,3,46,50,1.1,0.05150787536377128,628,Another night in the drunk tank
3451,7696,2,1,47,50,1.1,0.05890150893739515,628,There WERE plenty of fish in the sea!
3213,7696,1,3,46,50,1.1,0.05150787536377128,628,This time make it a bubble.
2565,7696,0,5,45,50,1.1,0.04285714285714286,628,Bourbon and water.....lot's of water.
2500,7696,0,5,45,50,1.1,0.04285714285714286,628,"Sure, maybe I drink like a fish, but I'm actually a cow."
2152,7696,0,5,45,50,1.1,0.04285714285714286,628,Are you accusing me of drinking like a fish? Hit me again!
1592,7696,0,5,45,50,1.1,0.04285714285714286,628,"I drink like a fish, what did you expect?"
1561,7696,0,5,45,50,1.1,0.04285714285714286,628,I can have one more. A wet floor ain’t gonna stop me!
1297,7696,0,5,45,50,1.1,0.04285714285714286,628,"Playing it Koi doesn't always work, but it's not really an option!"
1169,7696,0,5,45,50,1.1,0.04285714285714286,628,"Look, ""The Shape of Water"" won Best Picture"".  Serve me, or face trending on ""Worst Bar for Sea Creatures in the Universe""."
632,7696,0,5,45,50,1.1,0.04285714285714286,628,Keep 'em coming. I'm choking.
272,7696,0,5,45,50,1.1,0.04285714285714286,628,"If you say I drink like a fish one more time, I'm gonna fish slap you!"
2925,7696,2,1,47,50,1.1,0.05890150893739515,628,What can Imget for a fin?
4324,7696,0,5,45,50,1.1,0.04285714285714286,628,I usually drink whisky. Which gin would you recommend to a fish out of water?
7508,7696,1,3,46,50,1.1,0.05150787536377128,628,Don’t tell me you don’t like “flippers”
6167,7696,0,5,45,50,1.1,0.04285714285714286,628,Water?!? Why the heck would I come here for water?
5623,7696,0,5,45,50,1.1,0.04285714285714286,628,This is a great place to carp...I'll have another
6142,7696,0,5,45,50,1.1,0.04285714285714286,628,I’m HOOKED on your Dirty Martinis !
7926,7696,0,5,45,50,1.1,0.04285714285714286,628,"No, I'm not joining any poker game in the back room."
7852,7696,2,1,47,50,1.1,0.05890150893739515,628,"Make sure it is very watered down,"
7624,7696,0,5,45,50,1.1,0.04285714285714286,628,Are you closing? I just jumped in!
5901,7696,1,3,46,50,1.1,0.05150787536377128,628,"Hey, could I get the fish bowl punch and the smoked salmon.
Aren’t you a fish?"
7354,7696,0,5,45,50,1.1,0.04285714285714286,628,I'll have some worm.
7270,7696,0,5,45,50,1.1,0.04285714285714286,628,"...so I said, ""Listen up, small Fry, don't play Koi with me!"""
7242,7696,0,5,45,50,1.1,0.04285714285714286,628,"You know, granddad would never be served at a place like this."
7088,7696,0,5,45,50,1.1,0.04285714285714286,628,"Another one, please! I am out of water."
6382,7696,1,3,46,50,1.1,0.05150787536377128,628,"You're not fooling me--if anyone can tell if the whiskey's watered down, I can."
7476,7696,0,5,45,50,1.1,0.04285714285714286,628,"‘...and then she hooked up with that little shrimp, and poof!...she was gone.”"
211,7728,0,5,46,51,1.0980392156862746,0.042054138410837674,628,"... and then there was the wardrobe malfunction, you can't believe the hot water that got me into!"
1034,7728,0,5,46,51,1.0980392156862746,0.042054138410837674,628,Hey! You look like the merman my girlfriend dumped me for.
1245,7728,0,5,46,51,1.0980392156862746,0.042054138410837674,628,Don’t play koi with me Octopus Head... GIN Fizz?  I asked for FIN fizz!
1506,7728,0,5,46,51,1.0980392156862746,0.042054138410837674,628,I gotta fish out of water tail for you!
1641,7728,0,5,46,51,1.0980392156862746,0.042054138410837674,628,"I do, do I?  Never heard THAT one before!  Shpeaking of clishees, I mean cliches, ya wanna know what they shay about bald guys?  Huh?  Do ya?  Yeah, didn't think so.  Gimme another while you're up."
1982,7728,2,1,48,51,1.0980392156862746,0.05776831318688719,628,"OK, I’ll bite: The WET martini this time."
2298,7728,0,5,46,51,1.0980392156862746,0.042054138410837674,628,Just trying to get the lead out- if you know what I mean!
2386,7728,0,5,46,51,1.0980392156862746,0.042054138410837674,628,Scotch no water!
2418,7728,0,5,46,51,1.0980392156862746,0.042054138410837674,628,One more for my baby and one more for going upstream.
587,7728,0,5,46,51,1.0980392156862746,0.042054138410837674,628,"buddy i'll tell you what, you know what's killing this country? political correctness"
2919,7728,0,5,46,51,1.0980392156862746,0.042054138410837674,628,So a turtle and a crocodile walk into a bar...
3493,7728,1,3,47,51,1.0980392156862746,0.050525877359706366,628,Yeah? Sez who?
2456,7728,1,3,47,51,1.0980392156862746,0.050525877359706366,628,"Bottle of tequila, with the work!"
7673,7728,0,5,46,51,1.0980392156862746,0.042054138410837674,628,Remember the weekend when you were all hungover on the boss's yacht?  I want some of the hair of  that dog  that bit you.
7417,7728,0,5,46,51,1.0980392156862746,0.042054138410837674,628,"""Yeah? Well, you comb your hair like a baldy."""
7369,7728,0,5,46,51,1.0980392156862746,0.042054138410837674,628,"You know, Milton, some people say I drink like a fish."
7198,7728,0,5,46,51,1.0980392156862746,0.042054138410837674,628,I'm not easy. I'll take mine wet.
7165,7728,0,5,46,51,1.0980392156862746,0.042054138410837674,628,"Bartender: ""Why the long face?""
Disturbed Fish: ""Excuse me?"""
2959,7728,0,5,46,51,1.0980392156862746,0.042054138410837674,628,Make it a Scotch--wiith plenty of water.
7035,7728,0,5,46,51,1.0980392156862746,0.042054138410837674,628,"Oh, this bar IS dry."
7044,7728,1,3,47,51,1.0980392156862746,0.050525877359706366,628,I'm dying for a drink.
6350,7728,0,5,46,51,1.0980392156862746,0.042054138410837674,628,"More waters, please. Make 'em doubles this time, I want to get totally dunked!"
6297,7728,0,5,46,51,1.0980392156862746,0.042054138410837674,628,"You know Joe, I'm just a fish outa water in this town.  . . . Give me another drink."
6179,7728,0,5,46,51,1.0980392156862746,0.042054138410837674,628,"Water on the rocks, please.  Gin makes my gills break out."
6151,7728,0,5,46,51,1.0980392156862746,0.042054138410837674,628,"I've been bottom-fishing for the Mueller investigation in the hope I can come up with some new dirt on Trump, anything, to cause him to either resign or be impeached so Hillary can be installed as POTUS. Whaddya think? Workable?"
6140,7728,0,5,46,51,1.0980392156862746,0.042054138410837674,628,If I was a duck you’d sure put it on my bill.
5613,7728,0,5,46,51,1.0980392156862746,0.042054138410837674,628,"Charley said :""There's more fish in the ocean"""
5394,7728,0,5,46,51,1.0980392156862746,0.042054138410837674,628,Another round of waters please!
3542,7728,0,5,46,51,1.0980392156862746,0.042054138410837674,628,"What do you mean,I'm sloshed?"
6995,7728,1,3,47,51,1.0980392156862746,0.050525877359706366,628,"When I am dry, you fill my cup with Bloody Mary."
2323,7758,0,5,47,52,1.0961538461538463,0.04128055232750756,628,I'm tired of my wife saying I smoke like a fish and drink like a chimney.
1844,7758,0,5,47,52,1.0961538461538463,0.04128055232750756,628,I’m TIRED of hearing:”You drink like a FISH”
1631,7758,0,5,47,52,1.0961538461538463,0.04128055232750756,628,I drink like a fish? What's that supposed to mean?
1391,7758,0,5,47,52,1.0961538461538463,0.04128055232750756,628,I'm the  Joey Chestnut of the sea.
4165,7758,0,5,47,52,1.0961538461538463,0.04128055232750756,628,I still think PRIMA PRIMO should open for SLAVES.
2688,7758,0,5,47,52,1.0961538461538463,0.04128055232750756,628,There's a barkeep in Zanzibar -or was it Mombasa?- who makes a spiced gin fizz I'd kill for.. Any idea what his secret is?
7878,7758,0,5,47,52,1.0961538461538463,0.04128055232750756,628,So why do you think I have had too many?
7865,7758,0,5,47,52,1.0961538461538463,0.04128055232750756,628,I hear you have the most watered-down drinks in town.
7351,7758,0,5,47,52,1.0961538461538463,0.04128055232750756,628,"Big, I tell ya; I dropped that huge Lou Ferrigno-type bartender like a bad halibut."
7266,7758,0,5,47,52,1.0961538461538463,0.04128055232750756,628,"I'm tired of being coy. So give me a double scotch, neat."
6967,7758,1,3,48,52,1.0961538461538463,0.049580558825364524,628,I'll try the flite.
6934,7758,0,5,47,52,1.0961538461538463,0.04128055232750756,628,Unionize and you will be pay scale.
5670,7758,0,5,47,52,1.0961538461538463,0.04128055232750756,628,Shows what my wife knows - she said I should turn to cod to curb my drinking
4924,7758,0,5,47,52,1.0961538461538463,0.04128055232750756,628,"Sure, I drink like a fish, but that doesn't make you Kojak."
4791,7758,1,3,48,52,1.0961538461538463,0.049580558825364524,628,She left me. Said I drink like a fish.
2436,7758,0,5,47,52,1.0961538461538463,0.04128055232750756,628,"No, it absolutely is NOT a metaphor!  Its a simile"
4458,7758,0,5,47,52,1.0961538461538463,0.04128055232750756,628,One more and i`ll turn gold into clown.
1202,7758,0,5,47,52,1.0961538461538463,0.04128055232750756,628,"Tequila, still with the worm in the bottle."
3685,7758,0,5,47,52,1.0961538461538463,0.04128055232750756,628,"She said “We spawn, I gone” and that was it."
3573,7758,0,5,47,52,1.0961538461538463,0.04128055232750756,628,Straight Scotch- no water!
3517,7758,0,5,47,52,1.0961538461538463,0.04128055232750756,628,"I got swallowed by a whale."""
3485,7758,0,5,47,52,1.0961538461538463,0.04128055232750756,628,"Of course I ""drink like a fish"", now shut up and pour me another"
3469,7758,1,3,48,52,1.0961538461538463,0.049580558825364524,628,"Just water, a whole lot of water."
3198,7758,0,5,47,52,1.0961538461538463,0.04128055232750756,628,"The sign said, ""Don't swim in the lake"". So I came in here to drown my sorrows."
3052,7758,0,5,47,52,1.0961538461538463,0.04128055232750756,628,"I knew about the fish bladder in the beers before I ordered them and yes, I’ll have another!"
2874,7758,0,5,47,52,1.0961538461538463,0.04128055232750756,628,Of course they dropped like flies
4389,7758,0,5,47,52,1.0961538461538463,0.04128055232750756,628,"You are not the first one to say, I drink like a fish."
1164,7758,0,5,47,52,1.0961538461538463,0.04128055232750756,628,"Actually, we don't drink, but a rum pour-over would be refreshing."
7013,7758,0,5,47,52,1.0961538461538463,0.04128055232750756,628,I'll have another clear water straight up. It's hard to find these days.
1091,7758,0,5,47,52,1.0961538461538463,0.04128055232750756,628,"Of course, I drink like a fish.  Mother named me W.C. Fields!"
235,7758,0,5,47,52,1.0961538461538463,0.04128055232750756,628,Can you believe she threw me out because I put on some extra weight!
597,7758,0,5,47,52,1.0961538461538463,0.04128055232750756,628,"Look man, I'm just trying to live up to my name. Now hit me."
1126,7758,0,5,47,52,1.0961538461538463,0.04128055232750756,628,And another thing… I resent your species’  constant negative associations with the word “carping”!
893,7758,0,5,47,52,1.0961538461538463,0.04128055232750756,628,Fishbowl of water straight up
856,7758,0,5,47,52,1.0961538461538463,0.04128055232750756,628,A tall glass of water and keep 'em coming.
397,7793,1,3,49,53,1.0943396226415094,0.04866990605836638,628,I said make that with water ... no soda. What kind of a fish do you think I am?
412,7793,0,5,48,53,1.0943396226415094,0.04053480419091131,628,I'll bet you a complete family fish fry dinner that I can drink any man here under the table.
554,7793,0,5,48,53,1.0943396226415094,0.04053480419091131,628,"Sorry pal, but as they say: ""You can lead a fish to land, but you can't make him drink."""
623,7793,0,5,48,53,1.0943396226415094,0.04053480419091131,628,"So she said, 'you drink like yourself' ."""
1114,7793,0,5,48,53,1.0943396226415094,0.04053480419091131,628,"I've heard all the fishy jokes, but I bet you didn' t know the Mickey Finn was named after me."
3680,7793,0,5,48,53,1.0943396226415094,0.04053480419091131,628,"My wife thinks I drink like a fish, but don't you believe it."
3700,7793,0,5,48,53,1.0943396226415094,0.04053480419091131,628,"Another please, I may be out of water but I can drink like one."
4337,7793,0,5,48,53,1.0943396226415094,0.04053480419091131,628,"I can’t put my finger on it, but there’s something fishy going on in here."
6230,7793,1,3,49,53,1.0943396226415094,0.04866990605836638,628,What’s eatin’ ya?
6462,7793,0,5,48,53,1.0943396226415094,0.04053480419091131,628,This drink is a little fishy!
6893,7793,0,5,48,53,1.0943396226415094,0.04053480419091131,628,"Do give me a seventh, I handle drinks easy."
7418,7793,0,5,48,53,1.0943396226415094,0.04053480419091131,628,Chef makes a 'drunken fish' to die for.
4472,7793,1,3,49,53,1.0943396226415094,0.04866990605836638,628,Do you take insurance?
1784,7806,0,5,49,54,1.0925925925925926,0.03981542423923758,628,"You know, my ex-wife you to tell me that too."
495,7806,0,5,49,54,1.0925925925925926,0.03981542423923758,628,"I'll have a scotch and water, and leave the hose."
627,7806,1,3,50,54,1.0925925925925926,0.04779204982962338,628,"Yes, I drink like a fish, but I have a designated driver!"
991,7806,0,5,49,54,1.0925925925925926,0.03981542423923758,628,"... dry,with a dash of sea salt"
5183,7806,0,5,49,54,1.0925925925925926,0.03981542423923758,628,Don’t tell me you have to know my age.
6235,7806,0,5,49,54,1.0925925925925926,0.03981542423923758,628,Global warming.  Lost my wallet in the waves. Can I open a tab
5821,7806,0,5,49,54,1.0925925925925926,0.03981542423923758,628,"Pardon me bartender, do you make a drink with a salt water chaser?""

Joe Pitts - Washington, D"
5285,7806,0,5,49,54,1.0925925925925926,0.03981542423923758,628,Ghhuyv
7717,7806,0,5,49,54,1.0925925925925926,0.03981542423923758,628,"Two fingers...I mean, 2 fins."
926,7806,0,5,49,54,1.0925925925925926,0.03981542423923758,628,Just serve me something that doesn't taste fishy
7137,7806,0,5,49,54,1.0925925925925926,0.03981542423923758,628,I need a drink before I die of thirst & boredom!
767,7806,0,5,49,54,1.0925925925925926,0.03981542423923758,628,The tab...go fish!
7677,7806,0,5,49,54,1.0925925925925926,0.03981542423923758,628,Who on earth designed these bar stools?
2,7819,0,5,50,55,1.0909090909090908,0.03912104390108503,628,Do I look like a Mickey Finn?
1583,7819,1,3,51,55,1.0909090909090908,0.04694525268130203,628,I heard you don't water down your shots. Drowning in my sorrows.
2319,7819,0,5,50,55,1.0909090909090908,0.03912104390108503,628,"Hey, it's devolving to you!"
2513,7819,0,4,40,44,1.0909090909090908,0.04384025656094653,628,I'll show you I don't drink like a fish.
3467,7819,0,5,50,55,1.0909090909090908,0.03912104390108503,628,Please don’t tell the Old Mam at sea I’m drink’n here
3634,7819,0,4,40,44,1.0909090909090908,0.04384025656094653,628,And no watering it down this time!
4890,7819,0,4,40,44,1.0909090909090908,0.04384025656094653,628,"A gin with a tank of water on the side, please."
4978,7819,0,5,50,55,1.0909090909090908,0.03912104390108503,628,I'd love a Sea Breeze.
5142,7819,0,5,50,55,1.0909090909090908,0.03912104390108503,628,"deme otro trago..., pero, por favor, que esté menos húmedo.
Give me another drink ... but, please, let it be less humid."
6579,7819,0,5,50,55,1.0909090909090908,0.03912104390108503,628,I’ll have one more...hold the salt.
7703,7819,0,5,50,55,1.0909090909090908,0.03912104390108503,628,"Refund, sir!  I was promised a decent Sex on the Beach."
7710,7819,0,5,50,55,1.0909090909090908,0.03912104390108503,628,Just give me the bottle!
2838,7819,0,4,40,44,1.0909090909090908,0.04384025656094653,628,I want to get so hammered that I won't remember how I got home.
4638,7819,0,5,50,55,1.0909090909090908,0.03912104390108503,628,So how about a “Red Tide” drink that is non toxic?
6525,7833,0,5,51,56,1.0892857142857142,0.038450387280282515,628,"I always don't prefer normalcy. One Redbreast neat, please!"
6053,7833,0,5,51,56,1.0892857142857142,0.038450387280282515,628,"Yea, I've heard it about a thousand times."
1787,7833,0,5,51,56,1.0892857142857142,0.038450387280282515,628,"So then he says, “why not, I’m a fungi!”"
169,7833,0,5,51,56,1.0892857142857142,0.038450387280282515,628,..and then they said your just a big fish in a very small pond.
3409,7837,1,3,53,57,1.087719298245614,0.04533847748151766,628,Gill and tonic
6148,7838,1,2,44,47,1.0851063829787233,0.05116394748945358,628,"Please, do not make the martini too dry."
7397,7838,1,2,44,47,1.0851063829787233,0.05116394748945358,628,"More bubbles in this one, please."
7099,7838,0,4,43,47,1.0851063829787233,0.041142194186747603,628,"Hmm, it appears there aren't lots of humans in the bar."
6825,7838,1,2,44,47,1.0851063829787233,0.05116394748945358,628,"Well, of course I drink like one"
1052,7838,0,4,43,47,1.0851063829787233,0.041142194186747603,628,"I tell ya, bald man, if she hooks up with someone else, she’s dead."
1588,7838,0,4,43,47,1.0851063829787233,0.041142194186747603,628,I'll have a shot and a bucket.
2051,7838,1,2,44,47,1.0851063829787233,0.05116394748945358,628,Hooked on booze? I guess it was swimming down that polluted river.
2356,7838,0,4,43,47,1.0851063829787233,0.041142194186747603,628,"I know, I know, but at least I don’t smoke like a chimney."
3157,7838,0,4,43,47,1.0851063829787233,0.041142194186747603,628,"Okay, if you don't have pure fresh water, I'll take the gin."
3402,7838,0,4,43,47,1.0851063829787233,0.041142194186747603,628,What did ya think I'd drink like?!
3539,7838,1,2,44,47,1.0851063829787233,0.05116394748945358,628,"Stop calling me Goldie! And one more crack about ""drinking like a fish"" and I'll come acrosss this bar and Bitch-Fin the crap outta you!"
3822,7838,0,4,43,47,1.0851063829787233,0.041142194186747603,628,"I know full well what I drink like, thank you very much."
1028,7838,0,4,43,47,1.0851063829787233,0.041142194186747603,628,"Where do the think the expression ""Drinks like a fish"" came from?"
4465,7838,0,4,43,47,1.0851063829787233,0.041142194186747603,628,"Wadda mean, you don't serve food here?"
5089,7838,0,4,43,47,1.0851063829787233,0.041142194186747603,628,He said your the best bartender ... burp.
5098,7838,1,2,44,47,1.0851063829787233,0.05116394748945358,628,Anyone ever tell you you drink like a.....Oh never mind!
5555,7838,0,4,43,47,1.0851063829787233,0.041142194186747603,628,I'll have a beer with a saltwater chaser
5683,7838,1,2,44,47,1.0851063829787233,0.05116394748945358,628,One look at him and I was hooked but as you say there are other fish in the sea.
5865,7838,0,4,43,47,1.0851063829787233,0.041142194186747603,628,"No! 
You're wrong.  I don't ""drink like a fish""."
5937,7838,0,4,43,47,1.0851063829787233,0.041142194186747603,628,"another saltwater, sir, and keep 'em comin."
6331,7838,0,4,43,47,1.0851063829787233,0.041142194186747603,628,I can also drunk text my ex girlfriend like a fish.
4069,7838,0,4,43,47,1.0851063829787233,0.041142194186747603,628,I’d like a wet Ish martini with anchovy olives.
4851,7838,0,4,43,47,1.0851063829787233,0.041142194186747603,628,I'm through with dating. They're all gold diggers.
7903,7838,0,4,43,47,1.0851063829787233,0.041142194186747603,628,Give me a dozen more glasses of water. And keep 'em coming.
7851,7838,1,2,44,47,1.0851063829787233,0.05116394748945358,628,You're drinking like a fish
4282,7863,0,4,44,48,1.0833333333333333,0.040314953903908046,628,"a ""twist""."
3867,7863,0,4,44,48,1.0833333333333333,0.040314953903908046,628,"Listen bub, I resemble that remark!"
3713,7863,1,2,45,48,1.0833333333333333,0.05011806391880343,628,"Listen Mack, if I can’t carp here, six drinks to the good and down a couple of fins, there’s always the Sand  Bar."
3664,7863,0,4,44,48,1.0833333333333333,0.040314953903908046,628,"I've had enough water, dammit!"
3523,7863,0,4,44,48,1.0833333333333333,0.040314953903908046,628,We're all overphished!
3287,7863,1,2,45,48,1.0833333333333333,0.05011806391880343,628,And since when do you accuse me of drinking like a fish!
2622,7863,0,4,44,48,1.0833333333333333,0.040314953903908046,628,"After what he said about me, he’ll be a therapist out of water when I don’t go back."
2587,7863,0,4,44,48,1.0833333333333333,0.040314953903908046,628,I said Water Back
2531,7863,0,4,44,48,1.0833333333333333,0.040314953903908046,628,"And she said, ""Finn, you're a fish out of water around the ladies."""
2454,7863,1,2,45,48,1.0833333333333333,0.05011806391880343,628,"And don't even think about putting your thumb on the scale this time, buddy!  #Sea Too!"
754,7863,0,4,44,48,1.0833333333333333,0.040314953903908046,628,Another six glasses of water but this time no olives.
1874,7863,0,4,44,48,1.0833333333333333,0.040314953903908046,628,"Hey pal, I can drink like a fish if I want to.”"
1840,7863,0,4,44,48,1.0833333333333333,0.040314953903908046,628,I may be speaking out of school but...
1805,7863,0,4,44,48,1.0833333333333333,0.040314953903908046,628,I'm feeling a little parched.
1780,7863,0,4,44,48,1.0833333333333333,0.040314953903908046,628,It's an Aquarium message. You're gonna be sleeping with the humans!
1613,7863,0,4,44,48,1.0833333333333333,0.040314953903908046,628,"Well if you've got to know, when I was a smolt I swam by as my parents were spawning.  That's when I swore I'd always drink my bourbon neat."
1369,7863,0,4,44,48,1.0833333333333333,0.040314953903908046,628,"Please don't say, ""I drink like a fish"" again Joe."
1009,7863,1,2,45,48,1.0833333333333333,0.05011806391880343,628,"So ""I drink like a human"" do I?"
875,7863,0,4,44,48,1.0833333333333333,0.040314953903908046,628,"There aren't plenty of Sheila, I'll tell you that."
859,7863,0,4,44,48,1.0833333333333333,0.040314953903908046,628,You know how it is—some days you just feel like a birdbrained fish out of water.
419,7863,0,4,44,48,1.0833333333333333,0.040314953903908046,628,"So, I drink like a fish, you're no great 'catch' yourself""."
2042,7863,0,4,44,48,1.0833333333333333,0.040314953903908046,628,"Look pal, I am not stewed to the gills!  Gimme a seventh shot!"
6126,7863,0,4,44,48,1.0833333333333333,0.040314953903908046,628,"Dvink like a feesh?  Hah!!!
Comey.  Hah!!!
Eeze not Russia theeng.  
                                You vahnt caviar, I vahnt vodka.                                          Vaht's the problem?"
5823,7863,0,4,44,48,1.0833333333333333,0.040314953903908046,628,How'll have a fish outta water
6442,7863,0,4,44,48,1.0833333333333333,0.040314953903908046,628,"I'm not another ordinary Joe sitting at you bar"""
6506,7863,1,2,45,48,1.0833333333333333,0.05011806391880343,628,"I hope this ends ""A man walks into..."""
6843,7863,0,4,44,48,1.0833333333333333,0.040314953903908046,628,We would have stayed if he drained the swamp. But he kept adding what we thought he was going to drain.
6900,7863,0,4,44,48,1.0833333333333333,0.040314953903908046,628,"Yeah, I might be a fish out of water but sometimes I need a good stiff drink."
7126,7863,0,4,44,48,1.0833333333333333,0.040314953903908046,628,"Yeah buddy? Well, I don't care much for your mustache."
7162,7863,1,2,45,48,1.0833333333333333,0.05011806391880343,628,I'll have another water on draft with a twist of salt.
7473,7863,0,4,44,48,1.0833333333333333,0.040314953903908046,628,"listen here bitch, i own your ass"
7730,7863,0,4,44,48,1.0833333333333333,0.040314953903908046,628,I respectfully turn down your offer for the bar back-up because I require union scale wages.
7799,7863,1,2,45,48,1.0833333333333333,0.05011806391880343,628,What a load of carp my old school was!
8059,7863,1,2,45,48,1.0833333333333333,0.05011806391880343,628,Do you know how offensive it is to say I'm legless?
5781,7863,0,4,44,48,1.0833333333333333,0.040314953903908046,628,"The ladies are all tweeting about horoscopes again. Guess it’s time for this dude to use LOGIC and REASON to prove to them that the zodiac is fake, and that they look better without makeup also"
4764,7863,0,4,44,48,1.0833333333333333,0.040314953903908046,628,I don't like my drinks on the rocks.
292,7863,0,4,44,48,1.0833333333333333,0.040314953903908046,628,"That's *MISTER* Goldie McSparklefins to you, bub."
6304,7900,0,4,45,49,1.0816326530612246,0.03952023822660631,628,My shrink says to be in the moment but he doesn't know how I feel everyday
6851,7900,0,4,45,49,1.0816326530612246,0.03952023822660631,628,Could I have that in a large glass bowl with a treasure trunk in the bottom?
3600,7900,0,4,45,49,1.0816326530612246,0.03952023822660631,628,"So I was like, are you sure about an onshore date?""


Andreas W. Daum, Washington, D.C"
406,7903,0,4,46,50,1.08,0.03875617133214439,628,You should really think about scaling your business.
1437,7903,0,4,46,50,1.08,0.03875617133214439,628,"I wanted to be sure that when people say ""that looks fishy,' they pay attention 'cause we're sincere."
1880,7903,0,4,46,50,1.08,0.03875617133214439,628,I would like some shrimp cocktail.
4256,7903,0,4,46,50,1.08,0.03875617133214439,628,What do YOU know about how I feel?
4577,7903,0,4,46,50,1.08,0.03875617133214439,628,""" Do You Know : Big Fish Eat Small Fish . """
4665,7903,0,4,46,50,1.08,0.03875617133214439,628,"Yeah, that's a common misconception, buddy. I'm trying my luck with the fish in the Sea-Tac area."
5228,7903,0,4,46,50,1.08,0.03875617133214439,628,"I’ll have a large tap water, please..."
539,7903,0,4,46,50,1.08,0.03875617133214439,628,"Double salt,twist of lime. Don't tell me it will dry me out.  I know."
3063,7911,0,4,47,51,1.0784313725490196,0.03802101848953984,628,"Yeah, it ain't like the old days when we was just sprats. Gotta tell ya, Mac, it's gotten so bad down around the river that this is the only place a fella can get a decent drink anymore."
1089,7911,0,4,47,51,1.0784313725490196,0.03802101848953984,628,Have you heard the joke about a fish ordering a drink?
6295,7913,0,4,50,54,1.0740740740740742,0.035973550457676445,628,"Ya, I'm a little slimey but I still want a beer."
5971,7913,0,4,50,54,1.0740740740740742,0.035973550457676445,628,I’m feeling swimmingly. What do you suggest?
371,7915,0,3,41,44,1.0681818181818181,0.03843843094202265,628,"A dry martini, and, please — I'm begging you — hold the jokes."
531,7915,0,3,41,44,1.0681818181818181,0.03843843094202265,628,"I may not be an alpha fish, but I am a fishy fish!"
810,7915,0,3,41,44,1.0681818181818181,0.03843843094202265,628,I AM NOT BEING COY!
1239,7915,0,3,41,44,1.0681818181818181,0.03843843094202265,628,I’ll have a Perrier with lime. My days of drinking like a fish are over.
2214,7915,0,3,41,44,1.0681818181818181,0.03843843094202265,628,You can drink like a fish - now gimme a double bourbon.
2452,7915,0,3,41,44,1.0681818181818181,0.03843843094202265,628,I drink like a fish 'cause I am a fish
2751,7915,0,3,41,44,1.0681818181818181,0.03843843094202265,628,"Well thank you, but Im too old to be a young of the year."
2884,7915,0,3,41,44,1.0681818181818181,0.03843843094202265,628,I'm just a fish out of water but a Vodka Martini with a twist will do
3071,7915,0,3,41,44,1.0681818181818181,0.03843843094202265,628,"I drink like a fish because I am a fish, why else?"
4076,7915,0,3,41,44,1.0681818181818181,0.03843843094202265,628,My next stop is the Bonefish Grille...
4188,7915,0,3,41,44,1.0681818181818181,0.03843843094202265,628,I know what this must look like.
4656,7915,0,3,41,44,1.0681818181818181,0.03843843094202265,628,"So, I'm like, (hic) fish lives matter too."
5379,7915,0,3,41,44,1.0681818181818181,0.03843843094202265,628,What you lookin at?
5850,7915,0,3,41,44,1.0681818181818181,0.03843843094202265,628,"Hey Buddy, among my people 'drinks like a fish' is considered a complement."
5915,7915,0,3,41,44,1.0681818181818181,0.03843843094202265,628,A bowl of water on rocks.
6061,7915,0,3,41,44,1.0681818181818181,0.03843843094202265,628,Martini wet with a plastic twist.
6152,7915,0,3,41,44,1.0681818181818181,0.03843843094202265,628,How about I throw you into water and judge how you cope with it?!
6279,7915,0,3,41,44,1.0681818181818181,0.03843843094202265,628,I know I drink like a fish.  But  I tip above scale so keep them coming.
6484,7915,0,3,41,44,1.0681818181818181,0.03843843094202265,628,"Play it again, Sam, I’m dying of thirst."
7105,7915,0,3,41,44,1.0681818181818181,0.03843843094202265,628,Whiskey goes good with salmon.
4152,7915,0,3,41,44,1.0681818181818181,0.03843843094202265,628,"Look bub, I need a drink, not your advice!"
366,7915,0,3,41,44,1.0681818181818181,0.03843843094202265,628,Always imagined I'd be living in a big pond by now.
4717,7915,0,3,41,44,1.0681818181818181,0.03843843094202265,628,"set em' up, I drink like a fish, even though Ive been trying to scale back, I'm floundering. Spawning the new me!"
289,7915,0,3,41,44,1.0681818181818181,0.03843843094202265,628,What do WE say? 'You're drinking like a human'. That's what WE say. Now get me another beer.
3277,7939,0,3,42,45,1.0666666666666667,0.03760507165451773,628,"Yeah, booze like a bass, guzzle like a guppie... I’ve heard ‘em all, Chum!"
6108,7939,0,3,42,45,1.0666666666666667,0.03760507165451773,628,"Everyone invites me, and I think I’m good at it, yet always lose at poker."
2199,7941,0,3,43,46,1.065217391304348,0.03680702927304431,628,I'm a fish--and I'm out of water.
1555,7941,0,3,43,46,1.065217391304348,0.03680702927304431,628,"Hey!  If I can sit on a bar stool, I can drink another Amaretto."
4425,7943,0,3,44,47,1.0638297872340425,0.03604210867489022,628,Give me a glass of Fish House Punch and I'll give you some good fish tales to go with it!
1420,7943,0,3,44,47,1.0638297872340425,0.03604210867489022,628,I do NOT drink like a fish.
6564,7945,0,3,45,48,1.0625,0.035308292679127,628,I tell you....the guy was a real sponge!
7989,7946,0,2,39,41,1.048780487804878,0.034059122057973054,628,I was feeling a little parched.
7132,7946,0,2,39,41,1.048780487804878,0.034059122057973054,628,What else? A drink!
6016,7946,0,2,39,41,1.048780487804878,0.034059122057973054,628,"And the little guy in the green suit says ""Now who's drinkin' like a fish?"""
5875,7946,0,2,39,41,1.048780487804878,0.034059122057973054,628,"One more sex on the beach, please."
5766,7946,0,2,39,41,1.048780487804878,0.034059122057973054,628,"Name's Britannia.  I'm underage, but I do rule the waves. How about waiving the rule?"
4058,7946,0,2,39,41,1.048780487804878,0.034059122057973054,628,I’m not picky - just nothing with red tide in it. It’s bad for the gills.
3226,7946,0,2,39,41,1.048780487804878,0.034059122057973054,628,Let me Fin-ish my story
3097,7946,0,2,39,41,1.048780487804878,0.034059122057973054,628,I've been told that I drink like a fish.
1278,7946,0,2,39,41,1.048780487804878,0.034059122057973054,628,"Anyone asks, I walked into this bar...."
1215,7946,0,2,39,41,1.048780487804878,0.034059122057973054,628,"Get it straight, I SWAM into this bar, buddy."
1212,7946,0,2,39,41,1.048780487804878,0.034059122057973054,628,Years from now I will be famous. People will remember the day I drank up your entire bar...and I will be the set the example for any future pretenders.
1193,7946,0,2,39,41,1.048780487804878,0.034059122057973054,628,...and NOT on the rocks!
304,7946,0,2,39,41,1.048780487804878,0.034059122057973054,628,"Bartender, another glass of water, please.  I must stay hydrated - doctor's orders."
233,7946,0,2,39,41,1.048780487804878,0.034059122057973054,628,"Hey, you don't know what I've been through."
48,7946,0,2,39,41,1.048780487804878,0.034059122057973054,628,I’m not in the wrong bar...stop making assumptions!
3189,7946,0,2,39,41,1.048780487804878,0.034059122057973054,628,"yeah, i drink too much, but for cryin' out loud, i'm a fish!"
1647,7946,0,2,39,41,1.048780487804878,0.034059122057973054,628,Just coffee today: I'm Finnish and have to start scaling back on the hard stuff.
2673,7946,0,2,39,41,1.048780487804878,0.034059122057973054,628,"It's you who is being coy, not me!"
4380,7964,0,2,40,42,1.0476190476190477,0.033258585512837065,628,"Holy Mackerel!  Salmon Rushdie is headed for the Whiting Institute.  Well, I'll be a codded scrod!"
2006,7964,0,2,40,42,1.0476190476190477,0.033258585512837065,628,"I know, I know; I'm usually not this dry."
2632,7964,0,2,40,42,1.0476190476190477,0.033258585512837065,628,I need to close out. I can’t breath in here.
2890,7964,0,2,40,42,1.0476190476190477,0.033258585512837065,628,Drink like a fish my anal fin!  You take that back right now!
3312,7964,0,2,40,42,1.0476190476190477,0.033258585512837065,628,I'll take my mantini..dry and an order of escargot to go.
3461,7964,0,2,40,42,1.0476190476190477,0.033258585512837065,628,Do I look tanked?
3865,7964,0,2,40,42,1.0476190476190477,0.033258585512837065,628,Next time you say 2d79bf906-027b-4d44-b9ca-e593e0fe1412%22%2C%22session_count%22:1%2C%22last_session_ts%22:1534978452623}
4198,7964,0,2,40,42,1.0476190476190477,0.033258585512837065,628,How many have I had?
8054,7964,0,2,40,42,1.0476190476190477,0.033258585512837065,628,What's the matter? You won't serve me a drink because I'm a fish.
7741,7964,0,2,40,42,1.0476190476190477,0.033258585512837065,628,Now let me tell you . . . I know some real sober fish out there.
7599,7964,0,2,40,42,1.0476190476190477,0.033258585512837065,628,If I threw these drinks away do you think it would create a nautical scene?
7443,7964,0,2,40,42,1.0476190476190477,0.033258585512837065,628,On the rocks and hold the water.
7405,7964,0,2,40,42,1.0476190476190477,0.033258585512837065,628,"Hey Barkeep,  I am out of water...."
7248,7964,0,2,40,42,1.0476190476190477,0.033258585512837065,628,So I figured if I was going to drink like...
1857,7964,0,2,40,42,1.0476190476190477,0.033258585512837065,628,"So a man, a cat, and a donkey dive into the ocean..."
7191,7964,0,2,40,42,1.0476190476190477,0.033258585512837065,628,"As a fish out of water, it's imperative that I get tanked!"
7104,7964,0,2,40,42,1.0476190476190477,0.033258585512837065,628,I see you don't drink like me.
4345,7964,0,2,40,42,1.0476190476190477,0.033258585512837065,628,I still don’t find this funny
7092,7964,0,2,40,42,1.0476190476190477,0.033258585512837065,628,"Yes, my drinking is cliche. Now pour me another."
7053,7964,0,2,40,42,1.0476190476190477,0.033258585512837065,628,Just checked in to OK Corral Guest Ranch and introduced to my
6253,7964,0,2,40,42,1.0476190476190477,0.033258585512837065,628,There is something fishing going on here.
6036,7964,0,2,40,42,1.0476190476190477,0.033258585512837065,628,"So I gave him a hard stare and said, 'You don't know how I drink!'"
5995,7964,0,2,40,42,1.0476190476190477,0.033258585512837065,628,"Sorry, I'm just reluctant to give details, especially about something regarded so personal, or of a sensitive nature."
5425,7964,0,2,40,42,1.0476190476190477,0.033258585512837065,628,Did I tell you the one about the fisherman walking into the bar already?
5290,7964,0,2,40,42,1.0476190476190477,0.033258585512837065,628,One more for road
5249,7964,0,2,40,42,1.0476190476190477,0.033258585512837065,628,This is how we fish drown out our sorrows.
5169,7964,0,2,40,42,1.0476190476190477,0.033258585512837065,628,"I may not drink like a fish, but I people say I kind of look like one."
5147,7964,0,2,40,42,1.0476190476190477,0.033258585512837065,628,"Just a hunch, feeling no like a fish outa water?"
4972,7964,0,2,40,42,1.0476190476190477,0.033258585512837065,628,"...and don't try to water down my drinks Buddy, I can taste it!"
7129,7964,0,2,40,42,1.0476190476190477,0.033258585512837065,628,What? You serve everyone else who drinks like a fish.
1742,7964,0,2,40,42,1.0476190476190477,0.033258585512837065,628,"Yes, both find and scales. Why do you ask?"
527,7964,0,2,40,42,1.0476190476190477,0.033258585512837065,628,I can’t drink like a fish.
1405,7964,0,2,40,42,1.0476190476190477,0.033258585512837065,628,"Keep pouring those Laying Eggs on the Beach every 5 minutes until I pass out, and then keep them coming every 15 minutes . . ."
170,7964,0,2,40,42,1.0476190476190477,0.033258585512837065,628,Make this one an Amber Jack.
1687,7964,0,2,40,42,1.0476190476190477,0.033258585512837065,628,"So I said to him, ""Oh yeah? Well YOU drink like a MAN!"""
544,7964,0,2,40,42,1.0476190476190477,0.033258585512837065,628,I won't endorse you unless you throw out the fish knives
60,7964,0,2,40,42,1.0476190476190477,0.033258585512837065,628,"Yes! Someone most certainly slipped something in to your drink, because you're definitely not a bartender"""
955,7964,0,2,40,42,1.0476190476190477,0.033258585512837065,628,"I'd like a Willamette River, on the rocks"
1049,7964,0,2,40,42,1.0476190476190477,0.033258585512837065,628,"I’ll have a bloody ceasar, heavy on the clam juice"
1273,7964,0,2,40,42,1.0476190476190477,0.033258585512837065,628,Leave the Bottlenose.
651,7964,0,2,40,42,1.0476190476190477,0.033258585512837065,628,"And yes, I drink like an Irish so don't water down that whiskey""."
1636,8005,0,2,41,43,1.0465116279069768,0.03249479679096613,628,"Give me the bottle, I can drink like a fish now."
2411,8005,0,2,41,43,1.0465116279069768,0.03249479679096613,628,Everyone was in formal dress but me. Talk about being a fish out of water.
5826,8005,0,2,41,43,1.0465116279069768,0.03249479679096613,628,If you say ONE THING about me drinking like a fish. . . .
5417,8008,0,2,42,44,1.0454545454545454,0.031765283723713976,628,There’s something fishy about that customer.
5904,8008,0,2,42,44,1.0454545454545454,0.031765283723713976,628,Dreadful goings-on not 100 miles from a certain fashionable bathing-place.
5321,8010,0,2,43,45,1.0444444444444445,0.031067790907534747,628,".....and then i said to the kids, i cant find finding nemo so i guess we'll read my autobiography."
6306,8011,0,2,44,46,1.0434782608695652,0.030400256468700027,628,Give me a Mickey Finn.
8016,8012,0,1,37,38,1.0263157894736843,0.02666903735313325,628,... in a tall glass with no ice.
573,8012,0,1,37,38,1.0263157894736843,0.02666903735313325,628,"She was The One I tell ya, so knock it off with that ‘plenty of fish in the sea’ business."
474,8012,0,1,37,38,1.0263157894736843,0.02666903735313325,628,Make the next one a double... or let me swim in it... your choice!
7556,8012,0,1,37,38,1.0263157894736843,0.02666903735313325,628,"I'd have another, but I think I am getting soused!"
1601,8012,0,1,37,38,1.0263157894736843,0.02666903735313325,628,Be honest – do I look crappie to you?
1657,8012,0,1,37,38,1.0263157894736843,0.02666903735313325,628,"I,am tired of chum,  do you have so, something I could get hooked on?"
1676,8012,0,1,37,38,1.0263157894736843,0.02666903735313325,628,"My flesh is Scottish salmon, my blood 20 yr. old, single malt scotch, & you’re telling me that dumb, blonde mermaid shot ME down?"
1881,8012,0,1,37,38,1.0263157894736843,0.02666903735313325,628,What did you expect? That I would drink like a walrus?
188,8012,0,1,37,38,1.0263157894736843,0.02666903735313325,628,I am a drunk out of whisky
7456,8012,0,1,37,38,1.0263157894736843,0.02666903735313325,628,I’m here for the drink like a fish special.
5472,8012,0,1,37,38,1.0263157894736843,0.02666903735313325,628,"Stop me if you heard this one.  So a trout, a salmon, and a largemouth bass swim into this bar..."
6446,8012,0,1,37,38,1.0263157894736843,0.02666903735313325,628,"No I don't need water, pour me another bourbon."
2175,8012,0,1,37,38,1.0263157894736843,0.02666903735313325,628,Oddly enough I'm pacing myself today.
1928,8012,0,1,37,38,1.0263157894736843,0.02666903735313325,628,"...and when I got to the restaurant, it turns out, she was a TURTLE?! 
“Plenty of fish” my foot."
2532,8012,0,1,37,38,1.0263157894736843,0.02666903735313325,628,'I'll have a fin and tonic but not Beefeaters please'
2940,8012,0,1,37,38,1.0263157894736843,0.02666903735313325,628,"I'm serious man, I'm being totally serious! I was just at an AA meeting and they said; ""u done look like an alcoholic"". They should know, right?"
3270,8012,0,1,37,38,1.0263157894736843,0.02666903735313325,628,No water please. I just drank some.
3299,8012,0,1,37,38,1.0263157894736843,0.02666903735313325,628,"1 tub of water, 1 gallon of gin, 1 gallon of tonic."
3496,8012,0,1,37,38,1.0263157894736843,0.02666903735313325,628,Gill me another one please.
3537,8012,0,1,37,38,1.0263157894736843,0.02666903735313325,628,"Another Bass? Gil, you drink like a fish."
3808,8012,0,1,37,38,1.0263157894736843,0.02666903735313325,628,"Listen up Bartender, if one more person tell me to Carp Diem I am need to find a new watering hole, even fish need to drown their sorrows!"
3954,8012,0,1,37,38,1.0263157894736843,0.02666903735313325,628,"I appreciate that you have a Fish Night, half price drinks and all, but, no, I've never felt especially welcome here and a quick scan down the bar leads me to believe that I'm not the only water-winger who feels this way."
4318,8012,0,1,37,38,1.0263157894736843,0.02666903735313325,628,"My river has been stolen to water almond trees, so I thought maybe you could help me out."
4467,8012,0,1,37,38,1.0263157894736843,0.02666903735313325,628,"No Marty, I'll tell YOU what's fishy"
4518,8012,0,1,37,38,1.0263157894736843,0.02666903735313325,628,Would a glass of Metlot constitute a faux pas?
5319,8012,0,1,37,38,1.0263157894736843,0.02666903735313325,628,Just some water....a really large bowl
5327,8012,0,1,37,38,1.0263157894736843,0.02666903735313325,628,"Seriously, I didn’t come here for water"
5789,8012,0,1,37,38,1.0263157894736843,0.02666903735313325,628,"And keep this between us, okay? I don't want to end up like that horse."
6776,8012,0,1,37,38,1.0263157894736843,0.02666903735313325,628,"Resistance is so tiresome, darling. Besides, devolving is all the rage."
2111,8012,0,1,37,38,1.0263157894736843,0.02666903735313325,628,"Make this one a ""Shark Bite.""  Remember: rum, orange juice, sour mix and a bit of grenadine."
5783,8042,0,1,39,40,1.025,0.025318484177091666,628,I’ll have something with fly. Hold the ice.
352,8043,0,0,98,98,1.0,0.010256545123110545,628,I’ll have another scotch and water
3225,8043,0,0,35,35,1.0,0.028988551782622423,628,Got any Te-COD-te?
1094,8043,0,0,92,92,1.0,0.010929124924699354,628,I’d like a daiquiri with sea salt.
6250,8043,0,0,82,82,1.0,0.012270169563871839,628,"And an extra large water back, please."
5939,8043,0,0,95,95,1.0,0.010582158705422128,628,Incertainly do not! ‘Drink like a fish’ is just an old saying.
1834,8043,0,0,85,85,1.0,0.011834526708278772,628,"I don’t usually carp about service here, but this drink is really watered down!"
7027,8043,0,0,90,90,1.0,0.011173358719233181,628,All I'm saying is when a dog walks into a bar
3185,8043,0,0,90,90,1.0,0.011173358719233181,628,"Hey Pal, can the similes and keep pouring!"
7529,8043,0,0,89,89,1.0,0.011299615367639217,628,"Hey,enough of the wisecracks,mister! I've scaled back on my drinking. Okay?"
2580,8043,0,0,101,101,1.0,0.00995037190209989,628,I'll have a martini with a minnow stick.
1811,8043,0,0,175,175,1.0,0.005730682550612528,628,I'll say when I'm sloshed.
2424,8043,0,0,82,82,1.0,0.012270169563871839,628,"Play it again, Sam?"
2750,8043,0,0,100,100,1.0,0.01005037815259212,628,You make a stiff drink. I'm pretty Phished up.
6629,8043,0,0,149,149,1.0,0.00673404490507766,628,"That’s what I said, buddy, another round of water."
2222,8043,0,0,135,135,1.0,0.007434995612424509,628,Of course fish get thirsty and I want the next one with a splash of saltwater.
4800,8043,0,0,128,128,1.0,0.007843197564226983,628,Go Fish!!
1055,8043,0,0,114,114,1.0,0.008810658179868874,628,"On a scale of 1 to 10 she was 37,482"
7223,8043,0,0,110,110,1.0,0.009132515299544463,628,"How many times do I have to say, FLAT no bubbles!"
5893,8043,0,0,105,105,1.0,0.009569487529386909,628,What are you carping on about?
163,8043,0,0,105,105,1.0,0.009569487529386909,628,And hurry! The weather report says the humidity will be less than 100% today.
6537,8043,0,0,105,105,1.0,0.009569487529386909,628,There's something fishy about the drinks you serve.
4317,8043,0,0,96,96,1.0,0.010471347707292388,628,"I'll have another double,buddy. But don't judge me, I  was actually IN the boat!"
5465,8043,0,0,98,98,1.0,0.010256545123110545,628,Because I don't want to drink like a fish...
5492,8043,0,0,35,35,1.0,0.028988551782622423,628,"A big fish on a small stool shooting tequila in a Greenwich Village bar: It's catchy line, right?"
