target_id,rank,funny,somewhat_funny,unfunny,count,score,precision,contest,caption
3284,1,1955,2708,1616,6279,2.0539894887720975,0.009493431516712614,631,"If I had more dough, I'd be in first class."
4240,2,2815,5039,3895,11749,1.908077283173036,0.006920573324560653,631,"This way, it's a business trip"
5456,3,2439,4261,3416,10116,1.9034203242388297,0.007503226840418912,631,You can either complain about airline food or do something about it
3525,4,3137,4521,4373,12031,1.89726539772255,0.0071422220192235465,631,"Ideally, you want the dough to rise to about 35,000 feet."
184,5,2610,4601,3834,11045,1.8891806247170666,0.0071913773055615115,631,I'd sit in first class if I had enough dough.
1259,6,2271,3748,3919,9938,1.8341718655665125,0.007740396229291157,631,When we cross the equator it spins the other way.
23,7,2909,3270,4768,10947,1.830181784963917,0.007837945003049875,631,There will be plenty for you. The two people next to me don't have mouths.
1141,8,2707,3585,4639,10931,1.82325496294941,0.007656837460084221,631,"Yes, that is a pepperoni in my pocket."
612,9,2233,2506,3744,8483,1.8218790522220913,0.008906616645511959,631,It's an emotional support pizza.
4427,10,2178,3771,3979,9928,1.818593875906527,0.007691394598630635,631,The trick is adding the water before you go through security.
1132,11,1591,2558,3133,7282,1.788244987640758,0.00910711406460646,631,"It's my fault, really. Our coupon didn't specify the delivery area."
3088,12,571,1089,1203,2863,1.7792525323087671,0.014123597306430237,631,We deliver.
2696,13,714,1223,1477,3414,1.7765084944346807,0.013168216054123286,631,I can do any toppings you want but no more than 3 ounces of sauce.
5004,14,2104,3359,4310,9773,1.7742760667144173,0.007870645458828887,631,I was told to pack my carry-on with the things I'd knead most.
4128,15,1204,1954,2487,5645,1.7727192205491586,0.010329411525996873,631,I'm part of Bakers Without Borders. You?
4528,16,1877,3606,4118,9601,1.7665868138735548,0.007705060621051139,631,I call it New York to Chicago style.
323,17,419,796,979,2194,1.7447584320875114,0.016150851861483656,631,This is classic pie in the sky!
729,18,1854,3068,4199,9121,1.7429009976976209,0.00809438209818361,631,"Ya, well your laptop is bothering me."
3702,19,1149,2057,2724,5930,1.7344013490725128,0.00991256332080501,631,"Because, Becky ... if I wasn’t wearing it people would look at me like I’m crazy."
3981,20,961,1845,2416,5222,1.7213711221754118,0.0104399766627989,631,What's it say to do next ?
2585,21,1417,2203,3393,7013,1.7182375588193355,0.009300085467394597,631,People don't realize the effort that goes into a plane cheese pizza.
3004,22,737,1433,1883,4053,1.7172464840858623,0.011823867692951821,631,First time on Alitalia?
1712,23,1048,1961,2754,5763,1.7039736248481694,0.009964308245683584,631,One perk as an air marshal — I get to pick my own disguise.
1568,24,368,604,935,1907,1.702674357629785,0.017666456403318282,631,By the time I get to Phoenix she'll be rising.
5063,25,819,1272,2197,4288,1.6786380597014925,0.011831220261133691,631,I really should get back to the cockpit.
4357,26,708,1855,2302,4865,1.6723535457348406,0.010253297337283144,631,At this point in the flight it's probably closer to Chicago-style.
4949,27,861,1878,2618,5357,1.6720179204778793,0.01005825458265557,631,The hardest part of my job? Getting the marinara sauce into the travel size shampoo bottles.
1323,28,1202,2809,3767,7778,1.6702237078940603,0.008256066248959916,631,"So I said to myself, ""Why not? Everyone else brings his work on the plane."""
1267,29,459,1122,1466,3047,1.6695109944207418,0.013097768254307323,631,"More and more, it feels as if the only time I can get any real work done is when I'm traveling."
5237,30,446,978,1382,2806,1.6664290805416964,0.013877379950183327,631,A sudden drop in cabin pressure makes a delicious thin crust.
4459,31,1165,2162,3499,6826,1.6580720773513038,0.009109469743955616,631,I'd sit in business class if I had a little more dough.
468,32,854,2077,2892,5823,1.6500085866391894,0.00945815622136363,631,I always try to get some work done on the plane.
2411,33,230,538,779,1547,1.6451195862960568,0.01845048642745988,631,"What, I can't get some work done on a flight, too?"
3537,34,485,839,1490,2814,1.6428571428571428,0.014288392228734003,631,You should see first class -  there's a whole row of guys making sushi.
4870,35,737,1405,2387,4529,1.6356811658202695,0.011091579707588707,631,Is this your first time flying small business class?
152,36,568,977,1787,3332,1.6341536614645857,0.013114959108069073,631,"I'm from New York, I can make it anywhere"
3261,37,623,1122,2057,3802,1.6228300894266177,0.012166465967048512,631,You need to fly. I fly to knead.
921,38,301,440,938,1679,1.6206075044669446,0.01881470692291159,631,"I know, I’ve never seen a plane with four seats on one side either."
32,39,489,1350,1963,3802,1.6123093108890059,0.011407402088000942,631,It’s just a plane pizza.
3153,40,391,1021,1533,2945,1.6122241086587437,0.013070416445921948,631,"One of these days, they're bound to ask ""Is there a pizza chef on board"", and I'll be ready."
4198,41,824,1516,2860,5200,1.6084615384615384,0.010333533477803167,631,"Oh it was easy, I just registered it as an Emotional Support Pizza."
5571,42,481,1115,1879,3475,1.5976978417266188,0.012202589267406866,631,Will you take over while I use the lavatory ?
3810,43,368,947,1503,2818,1.5972320794889994,0.013345628825503691,631,Remember when there was enough leg room to make an extra large pizza?
295,44,794,902,2481,4177,1.5961216183864018,0.012193932948282898,631,"No, no bacon topping.  Not until pigs fly."
2526,45,383,896,1526,2805,1.5925133689839572,0.013546099442340311,631,"I can toss it in a train. 
I can toss it on a plane. 
I just toss it in the air. 
I can toss it anywhere."
5059,46,359,808,1411,2578,1.5919317300232738,0.01420591172435123,631,Would you mind letting your laptop overheat a little?
3978,47,520,1380,2231,4131,1.5858145727426773,0.010941080174084702,631,"I see you're catching up on work, too."
3233,48,394,784,1511,2689,1.5846039419858684,0.01411959856310767,631,"Nobody believes me when I tell them I can throw a pizza 40,000 feet in the air."
4805,49,72,150,282,504,1.5833333333333333,0.03242271254548024,631,They let me work remotely now.
2015,50,308,592,1204,2104,1.5741444866920151,0.015983798568764453,631,"Remember, if it hits you in the eye, that’s amore."
4404,51,438,669,1617,2724,1.5671806167400881,0.014430970437065607,631,"By the time I get to Pheonix, she’ll be risin’"
3006,52,95,242,430,767,1.563233376792699,0.02538785104931262,631,It's the chef's version of the mile high club.
2666,53,206,448,903,1557,1.5523442517662172,0.01813742724484468,631,"I saw a ""New Yorker"" cartoon about a guy grilling burgers on the subway, and I got inspired."
167,54,137,303,605,1045,1.552153110047847,0.022090917371540328,631,It's me or a crying baby.  Pick one.
4431,55,69,1076,1063,2208,1.5498188405797102,0.011852019210545815,631,It was much easier to get my work done on a plane when I was an accountant.
849,56,147,415,730,1292,1.5487616099071206,0.019185112453803558,631,Not my best effort. They confiscated the oregano at LaGuardia.
2035,57,80,200,379,659,1.5462822458270107,0.027306936641077924,631,Turbulence. The secret is turbulence.
4997,58,308,420,1184,1912,1.5418410041841004,0.017277024767523,631,You think this is good? I'm also the pilot.
4680,59,134,243,569,946,1.540169133192389,0.02371980482066254,631,You have two more wishes...
5410,60,65,184,338,587,1.534923339011925,0.0283278417132654,631,We probably need to rethink our free delivery policy.
1973,61,174,496,909,1579,1.5345155161494617,0.01724352770191062,631,"Newton said it'll come back down, and Einstein was relatively sure it won't land five rows back."
4421,62,225,513,1065,1803,1.5341098169717138,0.016631084701908994,631,I'm famous for my pie in the sky.
395,63,188,514,969,1671,1.5326152004787552,0.0168464571836348,631,"You know, back in the 90’s I could’ve brought the sauce and the toppings on the plane, too."
5265,64,72,146,328,546,1.531135531135531,0.030673385721629077,631,Think you could plug in your headphones? That's a little distracting.
3594,65,197,400,919,1516,1.5237467018469657,0.018335533379922886,631,In first class they get Wolfgang Puck.
5576,66,202,328,871,1401,1.5224839400428265,0.01960065461166013,631,On the last flight I tossed my cookies.
834,67,187,392,890,1469,1.5214431586113002,0.01853149527436387,631,Pie in the sky?
3950,68,137,373,736,1246,1.5192616372391654,0.019419955809690664,631,It’s my one personal item.
338,69,183,327,834,1344,1.515625,0.019716480513317765,631,Why?  Have you ever eaten airline food?
1471,70,137,371,754,1262,1.511093502377179,0.019244093887566704,631,I’ve looked forward to this day. It’s my “pie in the sky” moment.
2769,71,109,305,611,1025,1.5102439024390244,0.02125408943399022,631,I gave up on airline food a long time ago.
2962,72,126,301,657,1084,1.5101476014760147,0.02110452706656011,631,For toppings you have a choice of peanuts or pretzels.
3756,73,131,368,738,1237,1.509296685529507,0.019327619961719812,631,Workaholic. You?
391,74,146,320,737,1203,1.5087281795511223,0.020244970943944996,631,Care to join the mile pie club?
837,75,97,329,605,1031,1.507274490785645,0.020624095393067705,631,I have frequent flour miles.
5046,76,139,285,696,1120,1.5026785714285715,0.021100362561831485,631,"And they said my business would never get off the ground.  'Pie in the sky,' they called it."
533,77,134,293,690,1117,1.5022381378692928,0.02095231337530384,631,"Next time, I'll look at the area code before taking a delivery order."
2197,78,125,282,657,1064,1.5,0.021359319129007508,631,It's an experiment. I've got $500 to give to the third person who looks up from their electronics long enough to notice that I'm doing this. So far I've taken 6 flights and no one has won it.
3836,79,137,257,670,1064,1.4990601503759398,0.02185038309648132,631,"By the time we get to Phoenix, it'll be rising."
4891,80,120,266,629,1015,1.4985221674876847,0.021902847571427513,631,In first class they toss it for you.
1617,81,125,276,655,1056,1.4981060606060606,0.021479381433457935,631,When we pass the equator I have to spin it in the opposite direction.
3796,82,117,270,628,1015,1.4965517241379311,0.021769139741468678,631,There's no way Amazon is going to beat our delivery service.
877,83,56,143,315,514,1.4961089494163424,0.030200231477695568,631,Before 9-11 I would do shish kebabs.
1791,84,90,249,536,875,1.4902857142857142,0.022832088262462594,631,"In retrospect, they probably meant to order a 'plain' pizza."
4216,85,89,272,560,921,1.488599348534202,0.021947026437678947,631,When I'm on a short-haul flight I just make breadsticks.
3116,86,63,206,412,681,1.487518355359765,0.0252885185229673,631,Apparently it’s okay for everyone ELSE to work on this flight.
2333,87,94,217,520,831,1.4873646209386282,0.023949590656417125,631,I’m pioneering the farm to tray table movement.
1308,88,79,240,499,818,1.4865525672371638,0.023285078058666368,631,It’s okay. It’s in airplane mode.
4252,89,113,213,577,903,1.486157253599114,0.023546087121563346,631,I'm traveling with the Pillsbury Doughboy but he was on the no-fly list so we did what we had to do.
105,90,78,215,471,764,1.4856020942408377,0.02439251926408341,631,"Watch this, when we cross the equator, it spins in the opposite direction."
2777,91,101,221,552,874,1.4839816933638443,0.0234695263242434,631,Don't get excited. It's for first class.
3365,92,45,288,449,782,1.4833759590792839,0.021612734998673156,631,"When we're over France, I'll do croissants."
3246,93,90,233,534,857,1.4819136522753793,0.02317416508543254,631,Watch what happens when we cross over the equator.
520,94,57,163,355,575,1.4817391304347827,0.02793494839489915,631,"So when he said 'pie in the sky', it gave me an idea."
4120,95,66,262,490,818,1.4816625916870416,0.022429897117749998,631,If a plane is traveling at 575 mph and pizza dough is spinning at a rate of 1 rotation per second and moving up and down at a 2 second wave cycle. How soon before the person in the window seat needs to use the restroom?
4056,96,70,215,455,740,1.4797297297297298,0.024366904098278918,631,"And yet, shampoo is prohibited."
2762,97,70,244,487,801,1.4794007490636705,0.023031424021241934,631,This is the only nightmare I have where I am not naked.
659,98,86,210,505,801,1.4769038701622972,0.024088331052208204,631,It's not enough to get it in the air.  You've got to land it.
4473,99,89,203,507,799,1.4768460575719649,0.02432657838850306,631,"I'm going to call it ""Pie in the Sky."""
3864,100,85,200,494,779,1.4749679075738127,0.024515927680908885,631,Would you mind taking care of this while I go to the bathroom?
719,101,80,209,489,778,1.474293059125964,0.024198734243230585,631,"As long as it's in the air, it doesn't count as a carry-on."
1586,102,69,228,476,773,1.4734799482535577,0.023540889166595913,631,Usually throwing dough around gets me a seat in First Class.
4732,103,3,334,389,726,1.4683195592286502,0.018837263601059306,631,It’s farm to table. Unfortunately the farm’s in Italy.
491,104,22,295,407,724,1.468232044198895,0.020698864323862122,631,"Due to competition, we've greatly extended our delivery area."
2881,105,69,168,417,654,1.4678899082568808,0.02654067687194686,631,"Sorry, gluten-free is only available in first class."
164,106,42,250,422,714,1.4677871148459383,0.022675508064733667,631,"If this bothers you, let me know."
103,107,83,171,467,721,1.4674063800277393,0.02579764846009725,631,But the TSA only lets me put three ounces of sauce on it.
2517,108,64,209,449,722,1.4667590027700832,0.024312469893451722,631,Just be happy that you're not seated next to the guy making the ground sausage.
2295,109,57,186,400,643,1.4665629860031104,0.025764809151574596,631,It’s only against FAA regulations on takeoff and landing.
1793,110,39,118,264,421,1.4655581947743468,0.0321487214141703,631,Did you just ask me what I do for a living?
827,111,76,175,452,703,1.465149359886202,0.025737045509115514,631,New York or Chicago?
4460,112,67,141,385,593,1.463743676222597,0.02831576072609843,631,"When Jack Nicholson wants New York pizza,
 Jack Nicholson gets New York pizza."""
425,113,63,193,432,688,1.4636627906976745,0.025071053093316965,631,They took my sauce 'cause it was over 4 ounces.
3342,114,64,186,429,679,1.4624447717231221,0.025390813242330938,631,All this dough and I'm still stuck in economy!
7,115,65,179,426,670,1.4611940298507462,0.025719074116957407,631,Would you mind keeping this going while I go use the restroom?
5382,116,65,178,425,668,1.4610778443113772,0.025774243161618138,631,I knead it to stay calm on flights.
3882,117,59,168,399,626,1.4568690095846646,0.026431439468079,631,The finals are in Rome.
5199,118,60,138,367,565,1.4566371681415928,0.02857455860632744,631,"In the event of a sudden drop in cabin pressure, we make beignets."
1684,119,59,172,405,636,1.4559748427672956,0.026130995766050723,631,I work better in a low pressure environment.
2105,120,71,146,415,632,1.4556962025316456,0.027370809286614964,631,Let me use your keyboard and we'll make waffles!
3405,121,64,156,404,624,1.455128205128205,0.026968703315368013,631,I want to see if it spins the other way when we get to the southern hemisphere.
3802,122,31,210,357,598,1.4548494983277591,0.02426957625503683,631,This is for the folks up front.  You get pretzels.
3579,123,63,158,404,625,1.4544,0.026840000764263048,631,I can’t sleep on the plane so I toss and turn.
1185,123,30,224,371,625,1.4544,0.023476687836977168,631,Could you scratch my nose?
3435,125,66,147,401,614,1.4543973941368078,0.02747990859401272,631,The delivery charge is killing the business.
2914,126,55,164,385,604,1.4536423841059603,0.02670302796932842,631,I traded my laptop for a ball of pizza dough and never looked back
1891,127,67,139,399,605,1.4512396694214875,0.02786883996223193,631,I still don't understand why it doesn't land on the guy behind me.
4864,128,62,147,392,601,1.4509151414309485,0.027504953250895078,631,"I tried a fidget spinner, but it didn't help."
5692,128,63,145,393,601,1.4509151414309485,0.027605593002807266,631,I'm taking artisanal pizza to new heights.
342,130,57,155,385,597,1.4505862646566163,0.027124899301726322,631,It's TSA compliant...3.5 ounces water and 3.5 ounces flour.
4261,131,58,150,384,592,1.4493243243243243,0.027390079405053946,631,I didn't have the dough to fly first class.
3772,131,55,156,381,592,1.4493243243243243,0.027075215991583607,631,"Someday, I'll fly up front with the upper crust..."
5656,133,65,133,388,586,1.4488054607508531,0.028321177560265087,631,"If the pie hits your eye while we're up in the sky, that's amore!"
4978,134,51,153,367,571,1.446584938704028,0.027331005678865414,631,Somewhere between New York- and Chicago-style.
287,135,44,160,352,556,1.4460431654676258,0.02702558151826484,631,Yes. We deliver.
3606,136,42,169,357,568,1.4454225352112675,0.0263910566956172,631,"I know, it took 5 plastic baggies of flour and an hour in the interrogation room, but you'll thank me when the food service comes."
1075,137,55,139,366,560,1.4446428571428571,0.028162706349259242,631,Amazon Pizza. This is just until the delivery drones are operational.
941,137,51,147,362,560,1.4446428571428571,0.027705273674975293,631,Would you mind dimming your screen a bit? It's a bit distracting.
5557,139,48,146,351,545,1.4440366972477063,0.027885496498281388,631,"No, actually I’m in life insurance.  Why do you ask?"
2568,140,54,138,363,555,1.4432432432432432,0.028225921502898967,631,I don't make enough dough for first class.
1985,141,57,126,361,544,1.4411764705882353,0.02898207409126532,631,It keeps them from reclining.
4399,142,47,145,350,542,1.4409594095940959,0.027861087387099914,631,"Just thought I'd try a crazy, pie in the sky idea."
3011,142,44,151,347,542,1.4409594095940959,0.027491414633656577,631,Actually I’m a physicist. Can you tell me why the guy behind me isn’t wearing this pizza?
4412,144,50,136,350,536,1.4402985074626866,0.028449098534341574,631,If you think this is cool come watch me flambe in first class.
1433,145,2,226,296,524,1.4389312977099236,0.022033530912845413,631,I'm actually the pilot; a pizza chef and I wanted to see whose job was harder.
4034,146,47,139,345,531,1.43879472693032,0.028260192572942596,631,"your bosses got you working on the plane too, eh?"
4718,147,37,155,331,523,1.4378585086042066,0.027250429039492374,631,"It’s called the ‘Manafort-Cohen-Flynn Technique’. Once you feel the heat, it’s time to flip."
3471,148,43,142,336,521,1.437619961612284,0.02811979556337855,631,We deliver everywhere.
4926,148,47,134,340,521,1.437619961612284,0.02864004041164649,631,Food trucks are so over.
5462,150,40,145,330,515,1.4368932038834952,0.027943708636335964,631,I've found that a little loss in cabin pressure makes for a crispier crust.
3623,150,0,225,290,515,1.4368932038834952,0.021877690264094463,631,No one likes airplane food.  Everyone likes pizza.
2822,152,42,143,335,520,1.4365384615384615,0.02802115546360504,631,Everyone has a food truck - I decided to try something different.
1582,153,49,127,340,516,1.436046511627907,0.029090833038671732,631,"Sorry, I always toss and turn in my seat."
2671,153,39,147,330,516,1.436046511627907,0.027767157453614428,631,Just once I wish I could go on vacation and not have to bring my work with me.
2884,153,48,129,339,516,1.436046511627907,0.028961188054029637,631,I want to see if it spins the other way when we cross the equator
4883,153,48,129,339,516,1.436046511627907,0.028961188054029637,631,Would you mind tossing this while I go to the restroom?
3908,157,46,130,334,510,1.4352941176470588,0.02893680213810278,631,Joining the Mile Pie Club isn't as fun as I thought it'd be.
4031,158,26,166,311,503,1.4333996023856859,0.02636489685680774,631,I don't make enough dough to fly first class.
2599,159,54,109,338,501,1.43313373253493,0.030367672434703948,631,I didn't have the dough for first class.
64,160,40,133,319,492,1.4329268292682926,0.028829960647305152,631,If  you want to see something really cool-the pie spins in reverse once we cross the equator.
176,161,38,113,286,437,1.4324942791762014,0.031013315471690645,631,"Fortunately, the butcher and candlestick maker are on a different flight."
810,162,40,133,320,493,1.432048681541582,0.02878482068057748,631,Then I realized his bet on how high I could toss this thing and bring it down again was poorly worded.
5650,162,61,91,341,493,1.432048681541582,0.03164998880547841,631,Just be thankful I’m not sitting next to you tossing my cookies.”
4795,164,11,186,286,483,1.4306418219461698,0.024559948562757828,631,It keeps the guy in front from reclining.
3024,165,45,121,324,490,1.4306122448979592,0.029614386351860277,631,"Honestly, these transatlantic flights are the worst part of  this whole farm to table thing."
4388,166,38,125,305,468,1.4294871794871795,0.029536791724705438,631,"Of course, there's a charge for delivery."
437,167,44,119,319,482,1.429460580912863,0.02981567784660727,631,I just have to make sure to keep it small enough to still count as a personal item.
4247,168,40,124,312,476,1.4285714285714286,0.029485596343564794,631,"Actually, my life was pretty simple, till my wife brought home that damned Guinness Book."
2794,169,39,109,289,437,1.4279176201372998,0.031158584935897685,631,I just do it so people won’t talk to me.
1511,170,48,107,320,475,1.4273684210526316,0.030703080457387323,631,It turns out living my best life means annoying the crap out of other people.
2393,171,43,114,312,469,1.4264392324093818,0.030239700634439124,631,They all said this idea was total pie in the sky.
3786,172,36,124,300,460,1.4260869565217391,0.029559533412132084,631,"You can't always get what you want
But if you fly sometimes you might find
You get what you knead"
3803,173,42,114,309,465,1.4258064516129032,0.030269638775713623,631,The great thing about my job is that I can work from anywhere.
2286,173,33,132,300,465,1.4258064516129032,0.02885870757139277,631,I need to use the bathroom. How clean are your hands?
2567,175,42,113,308,463,1.42548596112311,0.030361214434363237,631,I should have checked the area code when they called in the order.
1552,176,40,115,304,459,1.4248366013071896,0.030233530739775347,631,To think that just last year delivery by bike was enough.
5618,176,33,129,297,459,1.4248366013071896,0.029111339991350904,631,It's a challenge with only three ounces of sauce.
5035,176,36,123,300,459,1.4248366013071896,0.02959748929348793,631,"Yeah,flying is a pain,but at least it gives me a chance to catch up on work."
3871,179,39,115,301,455,1.4241758241758242,0.030258768918313333,631,At least you're not sitting next to a baby...
3634,180,40,114,304,458,1.4235807860262009,0.030273465239937264,631,I hate little bags of peanuts
1874,180,35,124,299,458,1.4235807860262009,0.029473814795621882,631,"You can eat this, since the people on my left have no mouths."
4136,182,37,117,298,452,1.4225663716814159,0.0300672139643143,631,"It's also a personal flotation device."""
1809,183,40,108,298,446,1.4215246636771302,0.03083897355067759,631,"If I can make it here, I can make it anywhere."
1470,184,41,105,298,444,1.4211711711711712,0.031099879164411443,631,It's my stress management technique.  I just wear the hat so I don't look too weird.
4975,185,40,106,296,442,1.420814479638009,0.031033780456606475,631,"Auto-correct or not, you did order a plane pizza."
1775,186,43,97,297,437,1.4187643020594967,0.031774618428363426,631,"It didn’t fit in my checked bag, so I had to toss it."
5343,187,43,96,296,435,1.4183908045977012,0.03187826385751428,631,"Well, I could ask YOU why you’re writing a twelfth draft of that pretentious screenplay -but I won’t- so let’s mind our own business, shall we?"
1541,188,29,106,257,392,1.4183673469387754,0.03163471553008174,631,The real trick is pulling this off with less than 3.4 ounces of  sauce.
1770,189,39,101,288,428,1.4182242990654206,0.031569251240189264,631,I didn't have enough dough to fly first class
438,190,34,110,282,426,1.4178403755868545,0.030788623157104483,631,With a little more dough I would be in first class.
5085,191,34,109,281,424,1.4174528301886793,0.030887706447172206,631,Would it kill you to just for once leave the laptop at home?
1830,192,42,95,292,429,1.4172494172494172,0.032024980642987526,631,How clean are your hands? I need to use the bathroom.
1829,193,38,102,287,427,1.4168618266978923,0.03143941161009636,631,They asked for a plane cheese pizza
3738,193,35,108,284,427,1.4168618266978923,0.03091038350423851,631,"Oh you know, juggling work and pleasure."
3320,195,13,150,260,423,1.4160756501182032,0.026858521048850267,631,"It's just rubber, but it's a great core workout."
4266,195,46,84,293,423,1.4160756501182032,0.03303203935587591,631,"I would be in first class , but I don't have enough dough."
4413,197,37,98,280,415,1.4144578313253011,0.03188883886913168,631,"On the International Space Station, it kept sticking to the ceiling."
414,198,37,100,283,420,1.4142857142857144,0.03161687177667391,631,For here or to go?
1171,199,33,106,277,416,1.4134615384615385,0.031091196632169797,631,"It’s not Economy, it’s DiGiorno."
3798,199,41,90,285,416,1.4134615384615385,0.03254751778479681,631,I hope you’re not one of those people who talks through the whole flight.
1281,199,46,80,290,416,1.4134615384615385,0.03342551297525291,631,I’m actually on my way to see a psychiatrist about it. It’s called pie-polar disorder.
645,202,19,79,185,283,1.4134275618374559,0.03655273230199993,631,If the flight is delayed any further I'll have to deliver this for free
5404,203,34,103,277,414,1.4130434782608696,0.031380264423586206,631,Pledging for the frat at the Culinary Institute is a lot tougher than I thought it would be.
1575,204,30,84,236,350,1.4114285714285715,0.03442460610730274,631,"Honestly, you’re the first person who’s noticed!"
4351,205,33,100,271,404,1.4108910891089108,0.03171781358861847,631,"After the food truck fell through, I had an even better idea."
351,205,34,98,272,404,1.4108910891089108,0.03191087284398444,631,"The recipe said ""toss the dough up in the air"" so here I am."
3708,205,31,104,269,404,1.4108910891089108,0.031328126104144254,631,"They used to provide snacks, but now we have to bring out own."
2513,208,35,95,272,402,1.4104477611940298,0.0322130435377002,631,"Sorry, I’ve got to get to the oven again."
203,209,29,105,264,398,1.4095477386934674,0.03124402337369271,631,It's the only way I can get anyone to talk to me.
2117,210,25,112,259,396,1.4090909090909092,0.0305227934523274,631,Because the directions say to toss the dough in the air.
1762,211,21,120,256,397,1.4080604534005037,0.029616256569042643,631,"Well, yes, technically it is still airplane food."
514,212,32,97,266,395,1.4075949367088607,0.03200121431443846,631,"East to west, it's deep dish, but west to east, thin and crispy."
319,213,30,100,263,393,1.4071246819338423,0.03170519218967031,631,"The real trick is adjusting for altitude."""
4941,214,39,81,271,391,1.4066496163682864,0.03361830228497739,631,I suggest you close your computer when I get to the sauce part.
1135,214,9,141,241,391,1.4066496163682864,0.02714262007185664,631,I was told if you flash some dough you can get upgraded to first class.
605,216,20,121,256,397,1.4055415617128464,0.02938052638506083,631,"If you thought this was impressive, just wait until we hit turbulence."
1585,217,35,84,262,381,1.4041994750656168,0.033425065190781277,631,I’m afraid to fly. This is my support pizza.
1223,217,25,104,252,381,1.4041994750656168,0.03129048347100969,631,"Our ad says, 'We toss it higher than everyone else.' The boss said, 'Make sure of it.'"
5573,219,22,109,248,379,1.403693931398417,0.030724071873389505,631,"I lost the last one in baguette claim,so I just carry on now."
10,220,14,121,235,370,1.4027027027027028,0.02927344735117471,631,Go ahead. The armrest is all yours. I won’t be kneading it.
2449,221,28,95,252,375,1.4026666666666667,0.03228630094572882,631,Unfortunately I had to check all the toppings
4209,221,29,93,253,375,1.4026666666666667,0.03250639134558828,631,"Unfortunately, I could only carry on one topping."
1807,221,31,89,255,375,1.4026666666666667,0.03294216109215167,631,"I don't just promise pie in the sky, but I deliver!"
947,221,35,81,259,375,1.4026666666666667,0.0337968486051398,631,"They told me to practice flipping it in the air and I said ""OK""."
1037,225,27,96,250,373,1.4021447721179625,0.03217878785795149,631,It's just a hobby.  I'm actually the pilot.
1530,226,37,75,259,371,1.4016172506738545,0.03447606890634929,631,"I was sitting in first class,
until I brought out the anchovies."
4036,227,13,118,228,359,1.4011142061281336,0.029551819750328844,631,I make a killing on delivery charges.
2525,228,27,94,248,369,1.4010840108401084,0.03241028966805553,631,Its a plane pizza - no toppings
1298,229,25,93,239,357,1.4005602240896358,0.03267853955863084,631,"We now deliver globally.  If you don't get your pizza in 3 days, it's free."
4422,230,31,81,246,358,1.399441340782123,0.03401566263056836,631,Welcome to small business class.
1680,231,14,118,234,366,1.3989071038251366,0.029436858759949114,631,I'm working remotely.
844,231,32,82,252,366,1.3989071038251366,0.03370474598998849,631,Sure. But what’s weirder is that there is no plane seat configuration like this on any airline.
3058,233,1,142,218,361,1.3988919667590027,0.026104348925627296,631,". . . and that brings . . us . . back . . to . . dough!"""
5659,234,31,83,250,364,1.3983516483516483,0.033607575024086,631,Because I'm the last person they'd suspect to be an air marshal.
1899,235,28,88,246,362,1.3977900552486189,0.033046984926258495,631,Previously I knitted but they won't let me take the knitting needles through security.
3828,236,24,76,212,312,1.3974358974358974,0.03556284951958956,631,"Naples,FLORIDA? Are you sure? Oh,damn..."
5546,237,19,105,236,360,1.3972222222222221,0.03099969826210494,631,"I am an accountant, why do you ask?"
3658,237,18,107,235,360,1.3972222222222221,0.030749084656759847,631,I'm working remotely today.
2838,239,34,74,250,358,1.3966480446927374,0.034675870387771354,631,I wish that baby would stop crying.
1877,240,26,91,244,361,1.3961218836565097,0.032628108973814796,631,For me it's like knitting.
4306,241,31,79,246,356,1.396067415730337,0.03412303015200161,631,"The farm is in Portland, Maine. The table’s in Portland, Oregon."
1528,242,28,83,241,352,1.3948863636363635,0.0336752562682619,631,"Have you ever heard of the Mile Pie Club?"""
2233,242,23,93,236,352,1.3948863636363635,0.03245127584233833,631,And for this one we’ll be using plane dough.
3629,242,21,97,234,352,1.3948863636363635,0.03194855664064496,631,You can order right from your laptop!
630,242,26,87,239,352,1.3948863636363635,0.033191080915783384,631,What? All the other passengers are working as well!
5097,246,30,77,242,349,1.3925501432664757,0.034340012981306164,631,I always end up tossing my lunch on flights.
2708,247,25,85,234,344,1.3924418604651163,0.033449848619681116,631,Oh he asked for PLAIN pizza!
4157,247,23,89,232,344,1.3924418604651163,0.032939213245747716,631,This is my emotional support pizza.
2689,249,24,85,231,340,1.3911764705882352,0.03345114475840541,631,"After being priced out of the city, I'm just thankful that I can do work on my commute."
1153,250,10,109,211,330,1.3909090909090909,0.03013168838386844,631,"I'm actually the chef for first class, but they make me fly coach."
1591,251,33,66,239,338,1.3905325443786982,0.03585675210694899,631,https://www.tsa.gov/travel/security-screening/whatcanibring/items/pizza
3845,252,14,102,217,333,1.3903903903903905,0.031146264815282654,631,Mile High Pizza Club
1140,252,25,80,228,333,1.3903903903903905,0.03419187018636891,631,"Great new option: First Class, Business Class and Cooking Class."
1867,254,27,77,232,336,1.3898809523809523,0.03449369750201442,631,Altitude's actually not a problem. It's the getting it there in less than 30 minutes...
3060,254,26,79,231,336,1.3898809523809523,0.034235170015790566,631,The TSA took my fidget spinner.
4635,254,29,73,234,336,1.3898809523809523,0.03500502492587682,631,I don't make enough dough to fly business class
4701,254,22,87,227,336,1.3898809523809523,0.03318092314280182,631,They asked for a plane pizza.
475,254,24,83,229,336,1.3898809523809523,0.03371216788207639,631,"I'm not rich, but I do like to throw my dough around."
792,259,17,94,218,329,1.3890577507598785,0.03224502619894322,631,"If I get it in the oven before we leave LaGuardia airspace, it's still New York pizza."
3439,260,27,75,230,332,1.3885542168674698,0.034772911976799846,631,This is my CIA cover. I'm responsible for keeping track of Vladimir Putin who is sitting right behind me.
2446,260,20,89,223,332,1.3885542168674698,0.03289008359047725,631,I call it “From-Chicago-to-New York style.
1758,262,12,104,214,330,1.387878787878788,0.03070380640936128,631,"Well, the tricky thing is fitting the oven into the overhead bin."""
993,262,26,76,228,330,1.387878787878788,0.03464999073971147,631,"If it’s unwritten, how can it be a rule?"
293,264,19,74,196,289,1.3875432525951557,0.03578685790535089,631,Does this hat make me look stupid?
2774,265,30,67,231,328,1.3871951219512195,0.03584719049708398,631,Hey at least I'm not tossing my cookies
5219,265,23,81,224,328,1.3871951219512195,0.03397781979924795,631,"You know, you really can't get a perfect thin crust unless you're at 35,000 feet"
5663,265,21,85,222,328,1.3871951219512195,0.03342451626260289,631,Can you get the pepperoni? It’s in the overhead.
5364,268,1,123,199,323,1.3869969040247678,0.027494903579951584,631,It's the only conversation starter that works every time.
2258,269,26,72,223,321,1.3862928348909658,0.03531396899923562,631,"Well, it beats tossing my cookies."
277,270,24,77,223,324,1.3858024691358024,0.034529436093617964,631,"Well, everybody else seems to have brought their work with them."
640,271,27,70,225,322,1.3850931677018634,0.03549815857824524,631,"If we hit an air pocket, duck."
1550,271,22,80,220,322,1.3850931677018634,0.03410823813225152,631,"Technically, it's not luggage if you keep it in the air."
2931,273,28,67,225,320,1.384375,0.03592184390470659,631,My advice for a major is to find something you feel passionate about.
4178,273,29,65,226,320,1.384375,0.036193526299645555,631,Don't knock it.  Therapy dough allowed me to board first.
4325,275,21,79,215,315,1.384126984126984,0.03432269019444946,631,"In the event of a loss of cabin pressure, the dough may be used as a floatation device."
5147,275,11,99,205,315,1.384126984126984,0.031238486492211528,631,Who ordered a plane cheese pizza?
4853,277,21,80,217,318,1.3836477987421383,0.03409661708154583,631,Did you want that to go?
4171,277,29,64,225,318,1.3836477987421383,0.036349690610435026,631,"So, what do you do?"
689,277,27,68,223,318,1.3836477987421383,0.035799718290890944,631,"...and then I said: ""How much you wanna bet?"""
4743,280,26,69,221,316,1.3829113924050633,0.035672550471373424,631,The real challenge is only using 3 ounces of water.
2787,280,1,119,196,316,1.3829113924050633,0.02775284180475536,631,"In first class, I make bouillabaisse."
5065,282,17,85,209,311,1.382636655948553,0.033386814294863405,631,I find it impossible to put my work down.
3276,282,22,75,214,311,1.382636655948553,0.03490563061851004,631,"First, you let the dough rise to 25000 ft."
4660,284,25,70,219,314,1.3821656050955413,0.03554013724181607,631,You PROMISED you’d leave your work at home.
864,284,19,82,213,314,1.3821656050955413,0.03377874653915395,631,"...and, as luck would have it, the oven fits right under the seat in front of me."
1443,284,28,64,222,314,1.3821656050955413,0.036388874314445055,631,"...so, long story short, never lie on a resume. However, I think I can master this before before we touch down in Chicago."
3312,284,23,74,217,314,1.3821656050955413,0.034962868055937325,631,Seems like no one can unplug from work these days.
3666,284,21,78,215,314,1.3821656050955413,0.034375906245896176,631,The most popular type of pizza?  I'd have to say plane.
5034,284,27,66,221,314,1.3821656050955413,0.03610817868070003,631,I hear that if you throw some dough around you can get upgraded to first class.
5614,284,24,72,218,314,1.3821656050955413,0.03525268427981055,631,I don’t know— everything’s up in the air right now
5637,291,16,86,207,309,1.3818770226537216,0.03320571617847393,631,And we deliver within a 500 mile radius.
3315,291,20,78,211,309,1.3818770226537216,0.03444819187433335,631,Would you mind lowering the volume? It’s distracting.
4294,293,31,59,227,317,1.3817034700315458,0.03695659133464205,631,"The fact remains, the president IS an idiot."
4706,294,24,71,217,312,1.3814102564102564,0.035402264654134645,631,"It's plane pizza, no toppings."
128,294,18,83,211,312,1.3814102564102564,0.03361026332780537,631,"Unfortunately, I could only carry-on 3.4 ounces of sauce"
602,294,22,75,215,312,1.3814102564102564,0.034815181009856415,631,Do you see me complaining that you’re doing your work?
1946,294,19,81,212,312,1.3814102564102564,0.03391550615736968,631,"No, TSA only cares about liquids."
2180,294,22,75,215,312,1.3814102564102564,0.034815181009856415,631,I told them we should limit the distance of our free delivery service.
4144,294,25,69,218,312,1.3814102564102564,0.035692185413442434,631,The advantage of flying is I don’t have  to use self-rising flour
3415,300,27,64,219,310,1.3806451612903226,0.03642378978555113,631,The delivery charge is a fortune
87,300,30,58,222,310,1.3806451612903226,0.037273710317326056,631,"Don't worry, I put the plane on auto-pilot."
417,300,22,74,214,310,1.3806451612903226,0.03496137056159962,631,We really need to limit our delivery range.
3339,300,27,64,219,310,1.3806451612903226,0.03642378978555113,631,Here's where carry-on meets take-out.
3106,304,27,63,218,308,1.37987012987013,0.03658435834696044,631,"It's the new United slogan - Toss Pancakes, not Passengers."
5353,304,22,73,213,308,1.37987012987013,0.03510922729014626,631,Can you keep this going? I have to go to the bathroom.
5617,304,24,69,215,308,1.37987012987013,0.03570659343608987,631,"Oh, no — it’s just a neck pillow."
3168,304,24,69,215,308,1.37987012987013,0.03570659343608987,631,Can you mute your laptop? It's very distracting.
1804,308,19,78,209,306,1.3790849673202614,0.03433502066346653,631,I get motion sick if I read.
4052,308,21,74,211,306,1.3790849673202614,0.03495357374410703,631,It's all about altitude!
3167,308,8,100,198,306,1.3790849673202614,0.030711088218726056,631,"Ok, go ahead and open the Pizza Oven App."
4426,311,19,67,191,277,1.3790613718411553,0.03674027347093763,631,Trust me. You don't wanna know how I got this past customs.
4559,312,25,65,214,304,1.3782894736842106,0.03631818644492567,631,Don't you hate flights with crying babies?
1312,313,9,96,197,302,1.3774834437086092,0.03128437471219926,631,"Oh, you think you’re the only one who gets to work remotely?"
2115,314,22,70,211,303,1.3762376237623761,0.03546742725786474,631,It’s just pie in the sky.
5373,314,13,88,202,303,1.3762376237623761,0.03257652504072244,631,This is just plane dough
1149,316,34,45,222,301,1.3754152823920265,0.039174492951451624,631,I'm making a fucking pizza
2157,316,1,111,189,301,1.3754152823920265,0.028350377211539105,631,Just be glad you aren't sitting next to a Japanese Hibachi chef.
3565,318,17,74,197,288,1.375,0.035042560263346886,631,"First, I like to let the dough rise . . . to 30,000 feet."
539,319,21,70,208,299,1.374581939799331,0.03546141383450158,631,Someone ordered a plane cheese pizza.
4005,320,20,70,204,294,1.3741496598639455,0.03554625471246015,631,"I could have had a seat in first class, but I hate to throw my dough around like that."
3452,321,21,62,195,278,1.3741007194244603,0.03729231334746892,631,I can stop any time I want.
496,322,20,71,206,297,1.3737373737373737,0.03529498681429053,631,All my life I've been a pie in the sky type of guy!
1921,323,8,92,189,289,1.3737024221453287,0.03170021488422565,631,...so I bet him I could throw pizza dough as high as ten thousand feet!
4711,324,15,69,181,265,1.3735849056603773,0.03626641588034994,631,I'm part of the airline's new Pie in the Sky rewards program.
140,325,17,75,200,292,1.3732876712328768,0.03469961138966546,631,It's my first international order
316,326,16,75,196,287,1.372822299651568,0.034748048713832844,631,I don’t love the commute but I make good dough.
899,326,22,63,202,287,1.372822299651568,0.036791604444022116,631,"Of course, the sauce is where it gets tricky"
4932,328,21,66,203,290,1.3724137931034484,0.03619197879057353,631,"I've got it on airplane mode right  now, so nothing to worry about."
4347,329,2,103,183,288,1.3715277777777777,0.02935922989133825,631,The real trick is to get the tomato sauce past security.
5653,329,17,73,198,288,1.3715277777777777,0.03499877766271929,631,"No, no toppings.  Just plane pizza."
3781,331,17,71,195,283,1.3710247349823321,0.03540578967409314,631,It's another pie in the sky.
5141,332,2,95,170,267,1.3707865168539326,0.030551641796666293,631,I took the liberty of replacing your life jacket with mozarella and fresh basil.
2768,333,17,72,197,286,1.3706293706293706,0.03515102050563041,631,The pilot just texted the order.
3292,333,20,66,200,286,1.3706293706293706,0.036182935791801624,631,The secret ingredient is turbulence.
1532,335,17,71,196,284,1.369718309859155,0.03530508082000974,631,I just HATE airplane food.
3472,336,5,86,169,260,1.3692307692307693,0.03236859068773738,631,It’s part of the new airline incentives program. In first class they’re making Paella.
4212,336,15,66,179,260,1.3692307692307693,0.03667050531572446,631,We have a strict thirty hours or less policy for our international deliveries.
3049,336,12,72,176,260,1.3692307692307693,0.035434811570128136,631,Would you happen to have 3.4 oz. of olive oil? TSA confiscated all mine.
2365,339,10,83,186,279,1.3691756272401434,0.03309945615115442,631,My therapist says I’m a workaholic.
1949,339,17,69,193,279,1.3691756272401434,0.0357221885973406,631,"Only problem is, if we hit rough weather, it sticks to the ceiling."
2541,341,12,77,186,275,1.3672727272727272,0.03415594327669534,631,The recipe clearly stated that by the time I reach Phoenix she'll be rising.
4310,342,19,64,195,278,1.3669064748201438,0.036497206313996174,631,Are you working remotely today too?
1760,343,22,57,197,276,1.3659420289855073,0.03772863635164577,631,Wanna become a member of the mile-pie club?
4574,343,23,55,198,276,1.3659420289855073,0.03807624537802797,631,"When I fly, I knead something to relax me."
3789,345,15,69,187,271,1.3653136531365313,0.03561942327915235,631,This operates as a floatation device as kneaded.
2055,345,15,69,187,271,1.3653136531365313,0.03561942327915235,631,"I used to make balloon animals, but too many passengers complained.”"
3972,347,25,49,198,272,1.3639705882352942,0.039147725167386516,631,Paying for extra headroom is SO worth it.
322,348,14,69,184,267,1.3632958801498127,0.035550498736688724,631,I can only take the writeoff if I work while flying.
4415,349,16,45,151,212,1.3632075471698113,0.04256198274004139,631,"Don’t mind me,  Elon Musk sent me up here to practice for the Mars trip."
224,350,16,66,188,270,1.362962962962963,0.03605754225061314,631,Can you top this?
3278,350,18,62,190,270,1.362962962962963,0.03681331300190691,631,"Sorry, I'm a dough-nut"
1261,350,20,58,192,270,1.362962962962963,0.0375538769662732,631,First class was too much dough.
3248,353,15,67,186,268,1.3619402985074627,0.03583565364831094,631,Can you scratch my nose?
179,353,21,55,192,268,1.3619402985074627,0.03810373858476,631,It's either this or eat the airline food.
806,353,16,65,187,268,1.3619402985074627,0.036223531155277676,631,"OK, I've got that. What does it say next?"
1606,353,20,57,191,268,1.3619402985074627,0.03773519255522697,631,I’m an under cover Air Marshal but that’s on a knead-to-know basis.
1913,353,18,61,189,268,1.3619402985074627,0.03698708535784774,631,"So he says ""How high can you flip those things?"""
4230,358,18,59,186,263,1.361216730038023,0.037458441768933655,631,This way I don't have to put it under the seat in front of me.
5333,359,24,48,194,266,1.3609022556390977,0.039386950493559475,631,"And if the flight is delayed by 30 minutes, the pizza is free"
3197,359,18,60,188,266,1.3609022556390977,0.03716308593409319,631,And that's why we should have never expanded our delivery range.
4984,359,4,88,174,266,1.3609022556390977,0.03136678964113272,631,Nothing like pizza when you’re this high.
3806,359,4,88,174,266,1.3609022556390977,0.03136678964113272,631,It's not an issue till I start the sauce.
2922,363,16,63,185,264,1.3598484848484849,0.03656182190949539,631,"My brother makes burgers on the subway, but I'm a pie in the sky kinda guy."
3449,363,24,47,193,264,1.3598484848484849,0.039587979443534815,631,This is the easy part. On the return flight I add the mushrooms and onions.
1313,365,12,69,178,259,1.359073359073359,0.03537198638332922,631,"Actually, I'm an accountant; why do you ask?"
180,365,17,59,183,259,1.359073359073359,0.037427646641813285,631,"When the moon hits your eye like a big pizza pie, that's pilot error."
787,367,18,58,186,262,1.3587786259541985,0.03752195289306178,631,"It’s an emotional
support crust."
5596,367,21,52,189,262,1.3587786259541985,0.03867349657397115,631,"Honestly I do this to meet new people, I work in accounts receivable."
3215,367,20,54,188,262,1.3587786259541985,0.03829349650364086,631,I wish I had enough dough for first class.
3128,367,25,44,193,262,1.3587786259541985,0.04015755456184269,631,"I'm sorry, it's for guests in our first-class cabin."
3920,367,9,76,177,262,1.3587786259541985,0.033832968889320296,631,So what did you learn on YOUR tour of Italy?
4813,367,15,64,183,262,1.3587786259541985,0.03633393125662755,631,"As long as it keeps coming back down, we're good."
4940,367,17,60,185,262,1.3587786259541985,0.03713016948690841,631,You're the first one who's noticed.
1237,374,18,56,183,257,1.3579766536964981,0.038012497436925925,631,I thought you said mile PIE club!
3876,375,16,61,183,260,1.3576923076923078,0.0369088119657344,631,This isn't the first time I made the 'mile pie club'
2841,375,18,57,185,260,1.3576923076923078,0.03770491294409786,631,I should be in first class with this kind of dough!
4464,375,14,65,181,260,1.3576923076923078,0.03609515675713128,631,"Want to join the ""mile pie"" club with me?"
2702,378,16,52,167,235,1.3574468085106384,0.03954056666012869,631,It spins the opposite way in the Southern Hemisphere.
5161,379,8,79,179,266,1.3571428571428572,0.03306609805043976,631,Watch this...when we cross the Equator it'll spin the opposite direction!
1662,380,16,59,180,255,1.3568627450980393,0.03738509547311215,631,We really need to get there in 30 minutes or less
1920,381,18,56,184,258,1.3565891472868217,0.03789028863624266,631,Who'd suspect I'm the air marshal?
2465,381,17,58,183,258,1.3565891472868217,0.03749014257266473,631,I could only find the high-altitude recipe.
2574,381,15,62,181,258,1.3565891472868217,0.03667675591543813,631,....And that brings me back to my original point which is 'Dress for the job you WANT'
3584,381,12,68,178,258,1.3565891472868217,0.0354216724057952,631,Delivery is extra
2516,385,7,59,139,205,1.3560975609756099,0.03819357115146814,631,Everything in my life is a bit up in the air at the moment.
102,386,8,75,173,256,1.35546875,0.033816733169375994,631,Is this bothering you?
2201,386,22,47,187,256,1.35546875,0.039654671993048,631,It's not a carry-on if I'm not carrying it.
3418,386,14,63,179,256,1.35546875,0.03643343205986144,631,It's the secret to an airy crust.
3931,386,15,61,180,256,1.35546875,0.036851488797096106,631,"Two days, 3 hours, and 22 minutes more and I'll have the world record!"
5133,386,24,43,189,256,1.35546875,0.04041989016165367,631,Any interest in joining the “mile pie” club?
856,386,21,49,186,256,1.35546875,0.03926647114236604,631,It has to be there in ten minutes or it’s free.
4165,392,15,39,141,195,1.353846153846154,0.04440240120170617,631,I'm part of the mile pie club.
5526,393,18,52,179,249,1.3534136546184738,0.03878657257479187,631,"Nothin' to see here folks,  just your normal, every day traveler. Definitely not the Air Marshal."
2472,394,8,71,168,247,1.3522267206477734,0.03450818129957761,631,"You said you want that 'for here', right?"
1725,395,9,68,168,245,1.3510204081632653,0.035138745427378174,631,This is the only thing I haven't done a mile high.
3866,396,15,57,176,248,1.3508064516129032,0.03757362688735607,631,The stewardess said I had to put it in flight mode for the duration of the flight.
4282,396,19,49,180,248,1.3508064516129032,0.03927310643369773,631,We're taking pizza delivery to the next level.
3389,396,14,59,175,248,1.3508064516129032,0.03713660693439387,631,"Turns out if you leave it under your clothes, TSA with knead it for you"
1738,396,18,51,179,248,1.3508064516129032,0.03885520590708502,631,This is nothing. The tricky part was getting the pizza oven past security
1093,400,0,84,156,240,1.35,0.030852598678041448,631,"Right now, my career is up in the air."
424,401,15,56,175,246,1.3495934959349594,0.03776020489432952,631,"Perfecting your presentation before the big meeting too, I see."
2165,402,8,67,163,238,1.3487394957983194,0.03524161034463887,631,You see that? We just crossed the equator
1872,402,1,81,156,238,1.3487394957983194,0.031524126532580674,631,"Don't worry, I left the plane on autopilot."
4511,404,17,51,176,244,1.348360655737705,0.03882798254699682,631,"They promised special privileges for ""those on active duty in uniform!"""
2701,404,15,55,174,244,1.348360655737705,0.03794930173042016,631,"Well our toppings are slightly limited, would you like peanuts or pretzels?"
2424,404,18,49,177,244,1.348360655737705,0.03925994895681347,631,They never let me do this when I was a pilot.
675,404,13,59,172,244,1.348360655737705,0.03704978778593815,631,"So, you got any world records of your own?"
852,408,19,44,173,236,1.347457627118644,0.0406200754070907,631,Would you prefer if I tossed my cookies?
2912,408,16,50,170,236,1.347457627118644,0.03926581778111893,631,Could you stop typing so loudly? There are other people on this plane.
2221,410,15,53,171,239,1.3472803347280335,0.03846856822317201,631,"Kid, flight attendants don’t notice shit as long as you’re wearing a seat belt."
2330,410,20,43,176,239,1.3472803347280335,0.04068947381976691,631,In the unlikely event of a water landing your dough may be used as a flotation device.
2713,412,12,51,153,216,1.3472222222222223,0.03963613935441704,631,and now for the laptoppings...
5009,413,19,46,177,242,1.3471074380165289,0.03989866093898787,631,Just trying to embarrass the airline into serving decent meals again.
2927,413,15,54,173,242,1.3471074380165289,0.038140970589456306,631,"Some husbands bring home the bacon, I bring home the dough"
2281,413,9,66,167,242,1.3471074380165289,0.03534090231838957,631,"I'm going to call it ""The Mile Pie Club."""
1561,413,21,42,179,242,1.3471074380165289,0.04074908463184896,631,It's the yeast I can do.
5563,417,13,55,166,234,1.3461538461538463,0.038055892487734555,631,"To be honest, we’re re-thinking the Free Delivery concept."
880,418,17,48,172,237,1.3459915611814346,0.03958156759344666,631,"I'm doing an ""Eat Pray Love"" thing, but I've only got the weekend."
4830,418,11,60,166,237,1.3459915611814346,0.03677165020013388,631,Would you hold this while I use the bathroom.
29,418,17,48,172,237,1.3459915611814346,0.03958156759344666,631,"...but that's enough about me, so, you're an accountant?"
1410,418,17,48,172,237,1.3459915611814346,0.03958156759344666,631,I'm joining the mile pie club.
441,422,17,47,171,235,1.3446808510638297,0.03979417198651324,631,What makes you think the anchovies in the overhead are mine?
2019,422,15,51,169,235,1.3446808510638297,0.03886946907046431,631,It rises faster.
5666,422,17,47,171,235,1.3446808510638297,0.03979417198651324,631,"I'm from New York, New York. 
If I can make it there, I'll make it anywhere."
4810,425,11,52,152,215,1.344186046511628,0.03915268418566463,631,"Yeah, TSA limits our toppings: peanuts, cookies, pretzels, and non-dairy creamer."
1340,426,15,48,164,227,1.3436123348017621,0.03978379002855742,631,What's a fidget spinner?
1788,426,21,36,170,227,1.3436123348017621,0.04262228241696695,631,"Yeah, that's me on CNN. They asked me to leave just before plaid shirt guy."
1099,428,9,61,160,230,1.3434782608695652,0.03642074692734702,631,The pilot is a regular customer.
4342,428,8,63,159,230,1.3434782608695652,0.03589566166698184,631,I use a high-altitude recipe
2527,430,10,60,163,233,1.3433476394849786,0.036630549939407585,631,When's the last time you've seen it happen? '96? '97? See what I'm saying? All the pizza guys stopped tossing the dough in the air and no one can explain why. It's like the honeybees.
5107,430,0,80,153,233,1.3433476394849786,0.031173875414903584,631,Will this be in your article?
3740,430,15,50,168,233,1.3433476394849786,0.03907416703018996,631,It's more of a working holiday.
3736,430,12,56,165,233,1.3433476394849786,0.03762704512660187,631,The TSA limits me to 3 ounces of sauce
3180,430,14,52,167,233,1.3433476394849786,0.03859782197294601,631,The biggest problem is that there are not many toppings that can fit in a 3.4 ounce jar.
741,430,6,68,159,233,1.3433476394849786,0.034551447388953646,631,"I am petrified of flying, but making a carmelized onion, goat cheese and fig pizza makes me relax."
2591,430,16,48,169,233,1.3433476394849786,0.03954477458718325,631,"If I were in first class, i'd be making a risotto!"
2830,430,16,48,169,233,1.3433476394849786,0.03954477458718325,631,"Don't worry, it's in airplane mode"
2924,430,15,50,168,233,1.3433476394849786,0.03907416703018996,631,"Sorry, is my doing work on the plane disturbing you?"
5630,439,10,58,160,228,1.3421052631578947,0.03712038697504363,631,I’m actually an air marshal. Don’t blow my cover.
4619,439,2,74,152,228,1.3421052631578947,0.03269220438989791,631,"Unfortunately, it’s going to be a working vacation."
5301,441,4,73,160,237,1.3417721518987342,0.033109936443614554,631,Anyway... what do you do?
4246,442,6,66,157,229,1.3406113537117903,0.03485540345228417,631,Back in Italy I was a neurosurgeon.
4253,442,22,34,173,229,1.3406113537117903,0.042752603153824606,631,"'' Would you mind taking over while I go to the toilet"" ?"
2793,442,15,48,166,229,1.3406113537117903,0.0394923724728952,631,When it absolutely positively has to be there overnight.
5287,442,14,50,165,229,1.3406113537117903,0.039004385819096786,631,Are you the passenger with the special diet request?
2596,442,15,48,166,229,1.3406113537117903,0.0394923724728952,631,I’m launching a new menu line. It’s called ‘Pie in the Sky’
546,442,15,48,166,229,1.3406113537117903,0.0394923724728952,631,We plan to change our free delivery policy
1638,442,19,40,170,229,1.3406113537117903,0.041386821153473696,631,We probably should have limited the range on our freshness guaranteed delivery.
1504,442,7,64,158,229,1.3406113537117903,0.03540062881128576,631,"I've got a lot of things up in the air at the moment, you know?"
1466,442,7,64,158,229,1.3406113537117903,0.03540062881128576,631,The air pressure up here does wonders for the crust!
1009,442,13,52,164,229,1.3406113537117903,0.03851021608238555,631,I'm thinking of flipping.
5145,442,17,44,168,229,1.3406113537117903,0.04045068879962063,631,Could you turn down the volume?  It's very distracting.
5264,442,17,44,168,229,1.3406113537117903,0.04045068879962063,631,If I don’t get to Buffalo by 8:00 it’s free.
3277,442,16,46,167,229,1.3406113537117903,0.03997440248397494,631,"In first class, I make calzones."
4114,442,15,48,166,229,1.3406113537117903,0.0394923724728952,631,Now watch me keep it in a holding pattern.
4726,456,18,43,171,232,1.3405172413793103,0.04054486390604207,631,"When we're up in the sky with a big pizza pie, that's amore."
2200,456,18,43,171,232,1.3405172413793103,0.04054486390604207,631,"Because we forgot to add delivered fresh ""within 10 miles""."
1745,456,6,67,159,232,1.3405172413793103,0.034584070829278356,631,Would you believe you're the first to notice?
5127,456,18,43,171,232,1.3405172413793103,0.04054486390604207,631,I knead to keep calm.
5267,456,5,69,158,232,1.3405172413793103,0.03404025487989622,631,"I am on a working vacation, and you?"
278,461,13,50,161,224,1.3392857142857142,0.03906085552958395,631,"It know it seems abusive, but we’re actually saving taxpayers by delivering to Mar-a-Lago in coach instead of Air Force One."
2410,462,15,47,165,227,1.3392070484581498,0.039706011283531385,631,The recipe says it has to be tossed in the air.
510,462,10,57,160,227,1.3392070484581498,0.037170460819739654,631,"Trust me, it makes the best airy dough."
158,462,18,41,168,227,1.3392070484581498,0.04115242200339604,631,"Don't get your hopes up, the TSA confiscated my pepperoni."
1570,462,12,53,162,227,1.3392070484581498,0.03820487962748017,631,"Role-playing calms me when flying.  For the next leg of my flight, I'll  be a pirate."
4966,462,12,53,162,227,1.3392070484581498,0.03820487962748017,631,It's always the landing that worries me
3099,462,14,49,164,227,1.3392070484581498,0.03921201980450252,631,Just be glad I'm not tossing my cookies.
2437,462,15,47,165,227,1.3392070484581498,0.039706011283531385,631,It's a working holiday
1888,462,13,51,163,227,1.3392070484581498,0.03871172512623887,631,"This wasn't how I orginally  imagined pie in the sky, but it's good to reach your goals."
3788,462,15,47,165,227,1.3392070484581498,0.039706011283531385,631,"I thought they said ""carry-out."""
5220,462,11,55,161,227,1.3392070484581498,0.03769121903641517,631,I'm on a working vacation... How about you?
3330,462,10,57,160,227,1.3392070484581498,0.037170460819739654,631,Food Network has run out of ideas.
4624,462,21,35,171,227,1.3392070484581498,0.04254969261279413,631,"I'd fly first class, but I don't have that kind of dough."
1930,462,12,53,162,227,1.3392070484581498,0.03820487962748017,631,"There's no secret, really. Just good ingredients and turbulence."
196,462,17,43,167,227,1.3392070484581498,0.04067600031771032,631,Is this to eat in or take out?
3731,476,2,71,149,222,1.337837837837838,0.033072076175197376,631,This is easy when the plane is descending.
3605,477,7,62,156,225,1.3377777777777777,0.03572627664665757,631,It’s kinda like being a pilot.  All that really matters is how it lands.
165,477,15,46,164,225,1.3377777777777777,0.03992276494049263,631,"It’s important not to overwork the dough, so I’m taking it on vacation."
4602,477,12,52,161,225,1.3377777777777777,0.03840285850618686,631,The pilot ordered a plane pizza.
1492,477,13,50,162,225,1.3377777777777777,0.038916090260055006,631,Watch me. Look. 11 claps is the record. Keep watching.
1929,481,13,49,161,223,1.336322869955157,0.03912337411936507,631,We deliver in the Cloud.
1566,482,14,49,166,229,1.3362445414847162,0.03892496674127458,631,This isn't for a pizza. It's my Therapy Dough.
5671,483,12,54,166,232,1.3362068965517242,0.037602390957694264,631,"This is a working vacation for me, too."
3915,484,18,31,151,200,1.335,0.04498883166825265,631,"New York and Chicago are fine, but have you tried fly-over state style?"
3007,485,14,44,157,215,1.3348837209302327,0.0406126662097196,631,Keeps my mind off the terrorists.
5310,486,15,44,162,221,1.334841628959276,0.04036590138459666,631,I think I may have put my computer in the pizza oven.
73,486,13,48,160,221,1.334841628959276,0.03933364112417027,631,If my tossing bothers you let me know.
2737,486,19,36,166,221,1.334841628959276,0.04235501547164057,631,I call it New York to Chicago style pizza.
1277,486,18,38,165,221,1.334841628959276,0.04186659766866577,631,"No no, they took all my sauce. It's just plane dough."
1224,486,15,44,162,221,1.334841628959276,0.04036590138459666,631,Remember when people used to dress up to fly?
281,486,17,40,164,221,1.334841628959276,0.041372414301040585,631,It's an old family recipe. My nonna made the best neck pillows.
815,486,14,46,161,221,1.334841628959276,0.03985311354634667,631,Please type into google: how...many...times...to...spin...pizza...dough...on...Air...Italia
114,486,13,48,160,221,1.334841628959276,0.03933364112417027,631,It can't be an authentic Italian pizza if it's never been to Italy.
258,494,14,44,158,216,1.3333333333333333,0.040453927388714735,631,They say nothing cures travel anxiety like comfort food.
711,494,13,47,159,219,1.3333333333333333,0.03954695753786888,631,"Unfortunately, my oven got bumped to the next flight."
613,494,20,33,166,219,1.3333333333333333,0.043095297858016135,631,My co-pilot thinks I'm taking a bathroom break
971,494,9,55,155,219,1.3333333333333333,0.03736836241229724,631,Business really picked up when they stopped serving food on the flight
884,494,14,44,158,216,1.3333333333333333,0.040453927388714735,631,In first class they'll let you eat it.
1241,494,16,40,160,216,1.3333333333333333,0.041504853757646024,631,I toss and turn a lot when I’m anxious.
2748,494,13,46,157,216,1.3333333333333333,0.03991809012259122,631,"Miss, I 'm pretty sure all electronic devices are supposed to be turned off!"
2807,494,18,36,162,216,1.3333333333333333,0.0425298193002952,631,Some think pizza dough should be made from CAULIFLOWER.  So you tell me if we live in terrifying times.
344,494,10,51,152,213,1.3333333333333333,0.03861511434446445,631,I use Jet Blue cheese.
2894,494,14,44,158,216,1.3333333333333333,0.040453927388714735,631,Me? ...Working remote as-well.
4458,494,14,45,160,219,1.3333333333333333,0.040073104269363856,631,On flights to O'Hare I make it Chicago style.
5356,494,15,43,161,219,1.3333333333333333,0.040592431820040194,631,"My specialty is ""pie in the sky""."
5469,494,14,45,160,219,1.3333333333333333,0.040073104269363856,631,Don't worry.  I packed the tomato sauce in separate 3 ounce baggies.
5652,494,11,50,155,216,1.3333333333333333,0.0388242356623171,631,"Wow, you are the first person ever to have actually noticed!"
5053,494,9,53,151,213,1.3333333333333333,0.03803729949914253,631,I told him I couldn't drop everything and come to Paris but he insisted.
777,494,19,34,163,216,1.3333333333333333,0.04303314829119352,631,Secretary Zinke is in first class and likes his pizza dough freshly tossed.
464,510,11,50,156,217,1.3317972350230414,0.03867542515348258,631,I just finished crepes up in first class.
4463,511,14,43,157,214,1.3317757009345794,0.040683232216291165,631,"Brand new. Until recently, I tossed salad for Amtrac."
2746,511,16,39,159,214,1.3317757009345794,0.04174780618814164,631,What? I'm a workaholic too
1407,511,17,37,160,214,1.3317757009345794,0.04227004010527575,631,Moved to New York. Made pizza there. Now I can make it anywhere.
3688,511,16,39,159,214,1.3317757009345794,0.04174780618814164,631,Problem is I can only bring 3 ounces of sauce in my carry on.
3122,511,13,45,156,214,1.3317757009345794,0.04014035892447511,631,"So I said, that's nothing. I can keep mine in the air for four hours."
511,516,7,56,148,211,1.3317535545023698,0.037035622779380994,631,This is actually cheaper than the rent in New York.
1812,516,3,64,144,211,1.3317535545023698,0.03451218918797345,631,I only have 3oz of sauce though.
4004,516,7,56,148,211,1.3317535545023698,0.037035622779380994,631,The customer requested a plane pizza.
3411,519,13,44,155,212,1.330188679245283,0.04036595773630546,631,"Like in politics, the key is how you SPIN it."
3374,519,6,58,148,212,1.330188679245283,0.03628271616833377,631,"Why yes, we deliver."
2730,519,16,38,158,212,1.330188679245283,0.04199455570502372,631,Now it's official. Doughboys fly free.
2038,519,9,52,151,212,1.330188679245283,0.038086318507372305,631,"My personal best is 35,650 feet."
1232,519,10,50,152,212,1.330188679245283,0.038668829553996815,631,"And I told them they wouldn’t make it past TSA, but when have the butcher and candlestick maker ever listened to me?"
1218,519,11,48,153,212,1.330188679245283,0.039242694870601134,631,Welcome to the Mile Pie Club!
393,519,16,38,158,212,1.330188679245283,0.04199455570502372,631,You need the correct altitude for the perfect crust.
4133,519,2,66,144,212,1.330188679245283,0.033728216763233725,631,"I just wanted to make some fritters for an in-flight snack, but now I'm on the No Fry List."
4588,519,10,50,152,212,1.330188679245283,0.038668829553996815,631,Pssst... guess who just got into the mile pie club.
5525,528,14,41,155,210,1.3285714285714285,0.041152393770817086,631,"This is just a promo: Our ""Pie in the Sky""  service doesn't actually launch until the Fall"
2613,529,12,44,151,207,1.328502415458937,0.0404183587697621,631,I heard there is no food service on this flight.
2140,529,16,36,155,207,1.328502415458937,0.042676131347426545,631,Business is great on these no-frills flights.
627,529,10,48,149,207,1.328502415458937,0.03924078866524482,631,"Unfortunately, they confiscated the sauce."
3417,529,1,66,140,207,1.328502415458937,0.03343232653438603,631,I really hope we get there in thirty minutes or less.
4203,529,7,54,146,207,1.328502415458937,0.03740498829319705,631,You can “work from anywhere” but I can’t?
313,529,11,46,150,207,1.328502415458937,0.03983392536966205,631,I find electronics distracting.
3711,535,2,66,146,214,1.3271028037383177,0.03348310121811613,631,I work for Amazon Prime.
591,536,12,45,154,211,1.3270142180094786,0.03987002663766544,631,"I was only following directions.  The recipe said, ""toss dough up in the air."""
3095,536,15,39,157,211,1.3270142180094786,0.04153346407622113,631,"Everything’s really up in the air right now, but at least I’m making good dough."
3698,536,11,47,153,211,1.3270142180094786,0.03929990440269058,631,"It’s okay, I followed the high altitude recipe."
4530,536,14,41,156,211,1.3270142180094786,0.04098648679922711,631,They really promised me I wouldn't have to bring work home when I took this job.
4746,536,4,61,146,211,1.3270142180094786,0.035050345502831856,631,Flip you for the aisle seat?
1136,541,6,56,146,208,1.3269230769230769,0.03662953893594045,631,I had to bring my own. Hand tossed and Gluten free is in first class only
19,541,12,44,152,208,1.3269230769230769,0.04025456400342089,631,Remember when an airplane was the one place you could escape work?
4376,541,15,38,155,208,1.3269230769230769,0.04194977143356653,631,The TSA took the pepperoni.
2625,541,4,60,144,208,1.3269230769230769,0.03533865950830998,631,They won't reimburse me unless I work during the trip.
3224,541,12,44,152,208,1.3269230769230769,0.04025456400342089,631,My secret recipe: I let turbulence do all the work.
5116,541,13,42,153,208,1.3269230769230769,0.040827454690602054,631,"Nope, C-4."
820,541,1,66,141,208,1.3269230769230769,0.03330866937632456,631,"No, the sushi chefs are up in First Class."
177,548,2,63,140,205,1.326829268292683,0.03426569289848454,631,Shhh...I'm really an Air Marshall.
3768,548,13,41,151,205,1.326829268292683,0.04123350329505737,631,Actually it's much easier than performing a circumcision in a moving car
2877,548,3,61,141,205,1.326829268292683,0.034956569017354874,631,"In the unlikely event of a water landing, it serves as a floatation device."
3142,551,10,47,149,206,1.325242718446602,0.03929545813665958,631,"And the next person who says ""pie in the sky"" gets it in their lap."
2256,551,8,51,147,206,1.325242718446602,0.03807116541917368,631,I think we need to do something about our work-life balance.
5056,551,12,43,151,206,1.325242718446602,0.04048274229799465,631,"It’s a hard job, but I make good dough."
3335,551,14,39,153,206,1.325242718446602,0.04163618399615562,631,"I've been thinking.  Is it possible my great-grandfathers recipe said, ""Toss PLAIN dough"" ?"
4948,551,13,41,152,206,1.325242718446602,0.04106351325524626,631,The key is elevation.
4311,551,13,41,152,206,1.325242718446602,0.04106351325524626,631,I always travel with a bit of extra dough
347,551,21,25,160,206,1.325242718446602,0.04544325798231575,631,This is my emotional support dough.
522,551,12,43,151,206,1.325242718446602,0.04048274229799465,631,I usually try to get a little work done while I'm traveling.
534,551,4,59,143,206,1.325242718446602,0.03549612441918591,631,Airplanes always make me want to throw up.
547,551,14,39,153,206,1.325242718446602,0.04163618399615562,631,I had to gate-check my toppings.
1035,551,10,47,149,206,1.325242718446602,0.03929545813665958,631,The trick is to keep it up in the air as long as possible.
718,551,12,43,151,206,1.325242718446602,0.04048274229799465,631,You’re online pre-order is almost ready.
5584,563,13,40,150,203,1.3251231527093597,0.041476278918785525,631,It takes a lot of dough to fly these days.
4821,563,4,58,141,203,1.3251231527093597,0.03579555224851322,631,I'm allergic to pets. It's an emotional support pizza.
1479,563,9,48,146,203,1.3251231527093597,0.03905365939298366,631,It's a delivery order for a couple in Iowa.
2082,566,9,47,144,200,1.325,0.03942902790085029,631,Wait until I add the sauce...
2229,566,13,39,148,200,1.325,0.04190051630149273,631,Everybody else pretends to be working.
2977,566,11,43,146,200,1.325,0.04068354401682386,631,People used to say my dream of being a pizza chef was just pie in the sky
2367,566,4,57,139,200,1.325,0.03610252013085783,631,My rolling pin didn’t make it through security.
3675,566,6,53,141,200,1.325,0.0374685798017727,631,"I don't mind really,but it was nice when the airlines served food."
2618,566,7,51,142,200,1.325,0.03813326275895122,631,"Well, not enough dough for first class."
504,566,5,55,140,200,1.325,0.03679189062932757,631,Who ordered the pie in the sky?
3010,566,8,49,143,200,1.325,0.03878655675520351,631,What can I say? I’m a pie in the sky kind of guy.
4008,574,12,36,137,185,1.3243243243243243,0.04354331843029274,631,"I know I should be flying the plane right now, but this is way more fun."
3408,575,8,51,148,207,1.3236714975845412,0.03791936675215919,631,The social climbing butcher and candlestick maker are up in first class.
289,576,11,44,149,204,1.3235294117647058,0.04011690237139227,631,"As long as I hold the anchovies, no one complains."
5643,576,10,46,148,204,1.3235294117647058,0.03951038693476434,631,Beats tossing your cookies!
5169,576,11,44,149,204,1.3235294117647058,0.04011690237139227,631,Isn't it great we can get some work done during the flight?
4848,576,11,44,149,204,1.3235294117647058,0.04011690237139227,631,"That's right...we deliver within a 6,000 mile radius"
4580,576,12,42,150,204,1.3235294117647058,0.040714383650214334,631,This IS my laptop.
294,576,10,46,148,204,1.3235294117647058,0.03951038693476434,631,"So, our CEO decides to add 'Straight from Italy!' to our boxes and I guess the regulators were paying attention."
526,576,19,28,157,204,1.3235294117647058,0.04467356373744985,631,"Can you turn the volume down on your computer please, it's very distracting."
4407,576,11,44,149,204,1.3235294117647058,0.04011690237139227,631,It comes with toppings in business class.
285,584,10,44,144,198,1.3232323232323233,0.040288508360196706,631,"Sorry to bother you, do you have the thyme?"
1425,584,13,38,147,198,1.3232323232323233,0.042154316442536574,631,"A few weeks ago, I tried grilling on the subway."
1333,584,6,52,140,198,1.3232323232323233,0.03765723375518282,631,It's the only way to make it light and airy
935,587,4,59,145,208,1.3221153846153846,0.035223139769507354,631,"Sorry, but I can only offer you 3.4 ounces of sauce."
1058,588,15,35,152,202,1.3217821782178218,0.04271584111324231,631,"It started New York style, but by the time I’m done, It’ll be Chicago style."
1249,588,15,35,152,202,1.3217821782178218,0.04271584111324231,631,I'm leavening on a jet plane. Don't know when I'll be back again.
1797,588,11,43,148,202,1.3217821782178218,0.04034362964800941,631,In first class you get Bobby Flay.
2161,588,7,51,144,202,1.3217821782178218,0.03782292723124066,631,"I know this might sound strange, but do you have any anchovies?"
2435,588,13,39,150,202,1.3217821782178218,0.04154666975334789,631,I won't disturb you. I've also got work to catch up on.
3211,588,14,37,151,202,1.3217821782178218,0.04213531090193542,631,"We're trying out a new coast-to-coast ""5 hours or its free"" delivery promotion."
3863,588,12,41,149,202,1.3217821782178218,0.04094956789008583,631,If you think this is really cool you should see the duck confit that I do on trans oceanic flights!
4298,588,16,33,153,202,1.3217821782178218,0.04328858670851667,631,"Honestly Jessica, just unplug already."
5189,588,15,35,152,202,1.3217821782178218,0.04271584111324231,631,"...I’d cooked in France, I’d cooked in Italy, I thought I’d seen all there is to see. And then it occurred to me, why not try my hand at airplane food?"
5527,588,14,37,151,202,1.3217821782178218,0.04213531090193542,631,I’m a frequent flour member.
5374,598,3,49,119,171,1.3216374269005848,0.038598576003572166,631,You have to upgrade if you want toppings.
1692,599,12,40,147,199,1.321608040201005,0.04136431657393289,631,"Hmmm, this is a lot harder to do in coach."
1695,599,12,40,147,199,1.321608040201005,0.04136431657393289,631,We deliver - Fresh
1096,599,18,28,153,199,1.321608040201005,0.04489498584475446,631,"I call it, Pie in the Sky."
1706,599,13,38,148,199,1.321608040201005,0.04197339074172151,631,"Watch me hit '""send."""
1421,599,9,46,144,199,1.321608040201005,0.03948075672327542,631,"The airline helped with the pricing:  $25 for the first topping, $35 for each additional topping which cannot exceed 4 ounces.  There are added fees for sauce and for cheese.  And, of course, the optional service fees for baking and for slicing!"
2279,599,11,42,146,199,1.321608040201005,0.04074613896923051,631,It's a nervous habit for a lot of bakers.
2846,599,12,40,147,199,1.321608040201005,0.04136431657393289,631,Is that for here or to go?
1090,599,12,40,147,199,1.321608040201005,0.04136431657393289,631,We have taken pizza making to new heights.
3194,599,12,40,147,199,1.321608040201005,0.04136431657393289,631,"It's the standard recipe, but you have to adjust for altitude."
4690,599,16,32,151,199,1.321608040201005,0.04374976645130023,631,"Technically, this is the highest I've ever tossed one."
3684,599,13,38,148,199,1.321608040201005,0.04197339074172151,631,Turbulence does all the work.
384,599,4,56,139,199,1.321608040201005,0.03612389690771176,631,I like to prepare my own meal for the flight.
5018,599,5,54,140,199,1.321608040201005,0.03681976062561626,631,The key is to use less than 100ml of liquid.
5580,599,11,42,146,199,1.321608040201005,0.04074613896923051,631,I like to have some extra dough to throw around when I travel.
3504,599,13,38,148,199,1.321608040201005,0.04197339074172151,631,They now let me fly with my therapy dough.
3753,614,6,53,144,203,1.3201970443349753,0.03701646660788057,631,Before this I was a knife juggler so I couldn't travel much.
3220,615,13,38,149,200,1.32,0.041793942962368456,631,The head chef said that my dough needs more air.
296,615,12,40,148,200,1.32,0.04118837714768939,631,The salad bar is in row 16
5591,617,14,35,148,197,1.3197969543147208,0.04283683102126953,631,"People think it’s the city water, but actually any overcrowded, vaguely hostile environment will give it the same taste"
99,617,9,45,143,197,1.3197969543147208,0.03969895777569541,631,"This is business class, right?"
4443,617,4,55,138,197,1.3197969543147208,0.03629077575649349,631,It's called pizza.
3979,617,8,47,142,197,1.3197969543147208,0.03904113061609227,631,"Be careful when opening the overhead bin, my tomato sauce and cheese may have shifted during flight."
3306,617,12,39,146,197,1.3197969543147208,0.0416100871731538,631,I saved a little dough by flying coach.
4486,617,18,27,152,197,1.3197969543147208,0.045190525187471325,631,I’m hoping this gets me into the pie in the sky club!
3877,623,9,44,141,194,1.3195876288659794,0.04009282503332157,631,"TSA was against it at first, but I told them I really knead the dough."
821,623,8,46,140,194,1.3195876288659794,0.039421043481240654,631,THE DELIVERY POLICY HAS GOTTEN OUT OF HAND.
4210,623,14,34,146,194,1.3195876288659794,0.04329566224422362,631,You wouldn’t believe the demands of owning a farm-to-table restaurant.
4264,626,7,40,122,169,1.319526627218935,0.04227669615894292,631,We're testing a new pop-up restaurant idea.
1677,627,8,47,143,198,1.3181818181818181,0.03887701744114174,631,I snuck the anchovies on as comfort animals.
490,627,15,33,150,198,1.3181818181818181,0.04324744646524079,631,‘Not much.  What’s up with you?”
3750,627,10,43,145,198,1.3181818181818181,0.04017425557514935,631,I am headed to Chicago for a job interview.  You?
2876,627,16,31,151,198,1.3181818181818181,0.04383623830477654,631,Last week's challenge was Crepes Suzette on horseback.
2814,627,10,43,145,198,1.3181818181818181,0.04017425557514935,631,I've never been able to leave my work in the office.
4367,627,10,43,145,198,1.3181818181818181,0.04017425557514935,631,It takes too much dough to fly first class
636,627,14,35,149,198,1.3181818181818181,0.04265052711062992,631,Do you want to join the Mile-Pie club?
2097,627,13,37,148,198,1.3181818181818181,0.042045134080714835,631,The hardest thing is adjusting for the altitude.
727,635,12,38,145,195,1.317948717948718,0.041859747031587444,631,"Farm's in California, table's in Cleveland."
1790,635,11,40,144,195,1.317948717948718,0.04122341964761398,631,I couldn’t get the tomato sauce through security.
2638,635,8,46,141,195,1.317948717948718,0.03925259284592119,631,"They don't like it when I dress up as a pilot or policeman, so I'm trying this"
4301,635,5,52,138,195,1.317948717948718,0.037177436205473355,631,"Once you start tossing pizza, it becomes an obsession."
5029,635,12,38,145,195,1.317948717948718,0.041859747031587444,631,I'm trying to quit smoking.
2313,640,2,59,138,199,1.3165829145728642,0.03455771598019122,631,"Turbulence? Nah, not a problem. Getting the seat belt fastened - now that's a challenge!"
3965,641,6,50,140,196,1.316326530612245,0.03772291328710687,631,It's a gift and a curse.
4115,642,4,53,136,193,1.3160621761658031,0.03663002341582402,631,"I just practicing my flipping in case Mueller calls me""."
1569,642,11,39,143,193,1.3160621761658031,0.0414676401364189,631,I guess I completely misunderstood what Business Class meant.
2431,642,8,45,140,193,1.3160621761658031,0.039467050561676674,631,Focussing on work helps my fear of flying.
4169,642,14,33,146,193,1.3160621761658031,0.043376056493521116,631,I went into baking because I have a terrible fear of frying.
1309,642,11,39,143,193,1.3160621761658031,0.0414676401364189,631,This is my therapy dough.
4249,642,12,37,144,193,1.3160621761658031,0.042113389137328656,631,TSA confiscated the sauce so I'm trying Bloody Mary mix.
4901,642,12,37,144,193,1.3160621761658031,0.042113389137328656,631,"To hear my wife tell it, you’d think I’m just some pie-in-the-sky guy, with no plan whatsoever."
1521,649,9,42,139,190,1.3157894736842106,0.04055196705800677,631,I forgot my fidget spinner.
4391,649,10,40,140,190,1.3157894736842106,0.04123295799249144,631,I know you think this is just another of my pie-in-the-sky ideas...
4561,651,12,35,140,187,1.3155080213903743,0.04302443390679365,631,I'm fulfilling  11D's   Amazon Prime on board pizza order.
124,651,6,47,134,187,1.3155080213903743,0.03880845108213412,631,The bastards made me gate-check my oven.
3953,651,10,39,138,187,1.3155080213903743,0.04166653213869419,631,"Sure, the pizza is expensive, but the crust is so light."
3379,654,10,38,136,184,1.315217391304348,0.04211297839344658,631,The customs officials asked me how much dough I had.  I said just enough for a pizza.
4721,655,12,36,143,191,1.3141361256544504,0.04237110922830628,631,"The high-altitude recipe, of course.
Plus, you're only allowed 3.4 ounces of olive oil."
3660,655,6,48,137,191,1.3141361256544504,0.0382706322300143,631,I just don't have the dough to afford first class
5192,655,5,50,136,191,1.3141361256544504,0.03754370373701828,631,"If you can bake it there, you'll bake it anywhere."
3482,655,13,34,144,191,1.3141361256544504,0.04301653749697982,631,"I wanted to fly first class, but I didn’t have enough dough."
2968,655,7,46,138,191,1.3141361256544504,0.03898400816074481,631,One plane pizza coming up. Next!
2429,655,11,38,142,191,1.3141361256544504,0.041715696041718556,631,"This way, I avoid the carry-on charge."
2458,655,11,38,142,191,1.3141361256544504,0.041715696041718556,631,We deliver world wide.
5143,655,12,36,143,191,1.3141361256544504,0.04237110922830628,631,The only downside is that it counts as my carry-on.
5181,655,11,38,142,191,1.3141361256544504,0.041715696041718556,631,The boss wants it in his hands by the time we land.
402,655,13,34,144,191,1.3141361256544504,0.04301653749697982,631,It's my therapy dough.
974,655,18,24,149,191,1.3141361256544504,0.04610835611024443,631,"If this hits your eye, please don't think that's Amore"
3131,666,8,37,124,169,1.3136094674556213,0.0429516010560586,631,"It'll make more sense to you when I pull the sauce, pepperoni, and microwave from the overhead."
644,667,11,36,138,185,1.3135135135135134,0.04261440543311185,631,"They say,'Dress for the job you want, not the job you have.'Well, I'm tired of being an accountant, ok?"
4982,667,9,40,136,185,1.3135135135135134,0.04121260410671286,631,I was an Hibachi chef  but I could never get through security.
2041,667,2,54,129,185,1.3135135135135134,0.03587754020544317,631,Of course I COULD find something else to do... and don't call me Shirley!
1808,667,7,44,134,185,1.3135135135135134,0.03976141250126382,631,And what do you do for a living?
789,671,11,35,136,182,1.3131868131868132,0.043084136760492345,631,It feels like a lot of dough for a middle seat.
5184,672,8,43,138,189,1.312169312169312,0.039905187990259536,631,"The key is to find your passion in life, then make boring conversation about it."
3322,672,15,29,145,189,1.312169312169312,0.044569440885508745,631,"Excuse me, do you have a moment to talk about our lord and savior, Jesus Crust?"
1602,672,8,43,138,189,1.312169312169312,0.039905187990259536,631,One plane pizza comin' up.
4328,672,11,37,141,189,1.312169312169312,0.04196767684215418,631,"I was hoping I'd get a shot at appearing in a New Yorker cartoon, so far, so good...."
245,672,13,33,143,189,1.312169312169312,0.04328811014802069,631,I love the freedom I have since I began working remote
944,672,12,35,142,189,1.312169312169312,0.042633005874056405,631,Well it's not like I'm grilling on the subway.
2314,672,8,43,138,189,1.312169312169312,0.039905187990259536,631,I've heard Excel can also do pie charts.
3947,672,14,31,144,189,1.312169312169312,0.04393344705935348,631,It's funnier when people are looking.
199,680,11,36,139,186,1.3118279569892473,0.042418178925552386,631,Some people have therapy dogs.  I have therapy dough.
782,680,9,40,137,186,1.3118279569892473,0.04102507313612709,631,Totally! There's no such thing as downtime any more.
4815,680,16,26,144,186,1.3118279569892473,0.04571558921417482,631,"Didn't have enough dough, so I had to fly economy"
4658,680,8,42,136,186,1.3118279569892473,0.04031046994338786,631,‘I never travel without any dough.
854,680,13,32,141,186,1.3118279569892473,0.04376696449259163,631,I didn't have enough dough for first class
1707,680,9,40,137,186,1.3118279569892473,0.04102507313612709,631,"When I'm done, can you please deliver this to 21B?"
1924,680,11,36,139,186,1.3118279569892473,0.042418178925552386,631,Pizza has no airplane mode
3560,680,14,30,142,186,1.3118279569892473,0.04442600386782022,631,I also love being able to have my work in the cloud.
1646,680,14,30,142,186,1.3118279569892473,0.04442600386782022,631,So then she tells our therapist I take my work home with me...
3589,680,11,36,139,186,1.3118279569892473,0.042418178925552386,631,Women seem to like me just because I make a lot of dough.
3838,680,10,38,138,186,1.3118279569892473,0.041727440187391995,631,"It's a peculiar form of OCD.  But it gets me upgrades to first class, so I can't complain."
1600,680,4,50,132,186,1.3118279569892473,0.0373154583515408,631,I just felt the whole food truck scene was a bit passe.
1040,680,4,50,132,186,1.3118279569892473,0.0373154583515408,631,"No, I haven't used anchovies since that United incident last summer."
4494,680,9,40,137,186,1.3118279569892473,0.04102507313612709,631,It's amazing what you can fit in a 4oz bottle of shampoo
1901,680,12,34,140,186,1.3118279569892473,0.04309784846286386,631,"A plane pizza, coming up."
1124,680,14,30,142,186,1.3118279569892473,0.04442600386782022,631,Not a problem.  The overhead bin is at 900 degrees.
4040,680,11,36,139,186,1.3118279569892473,0.042418178925552386,631,I bet a friend I could do this until Trump got impeached...
5155,680,7,44,135,186,1.3118279569892473,0.03958296790652485,631,It’s in airplane mode
5137,680,15,28,143,186,1.3118279569892473,0.045075408577531235,631,"Excuse me, I have to use the wash room, you mind holding this for me?"
5071,680,11,36,139,186,1.3118279569892473,0.042418178925552386,631,I always get a lot of work done on the plane.
1128,680,15,28,143,186,1.3118279569892473,0.045075408577531235,631,It's about now that I usually get attacked by emotional support animals.
3222,701,8,41,134,183,1.3114754098360655,0.04072759769119163,631,"Gives ""Pie in the Sky"" a new meaning, doesn't it?"
5667,701,4,49,130,183,1.3114754098360655,0.037663513540124226,631,Many people don’t know that the key is Aerodoughnamics.
4593,701,8,41,134,183,1.3114754098360655,0.04072759769119163,631,"Looks like a pizza crust, smells like a pizza crust, but it's really a personal flotation device."
2960,701,12,33,138,183,1.3114754098360655,0.04357676187148369,631,It's okay. It's an emotional support pizza.
467,701,8,41,134,183,1.3114754098360655,0.04072759769119163,631,Working vacation.
4649,701,7,43,133,183,1.3114754098360655,0.03998359630296466,631,I bet my buddy I could get my dough to rise higher than his.
4256,701,12,33,138,183,1.3114754098360655,0.04357676187148369,631,Doughn't mind me
1659,701,13,31,139,183,1.3114754098360655,0.04426040460254633,631,"If this dough hits your eye before it's a big pizza pie, it's no more, eh?"
3671,701,8,41,134,183,1.3114754098360655,0.04072759769119163,631,"""You ask why, I ask why not?"""
1084,701,0,57,126,183,1.3114754098360655,0.034327005268136694,631,"What, you thought dough rises by itself?"
1878,701,4,49,130,183,1.3114754098360655,0.037663513540124226,631,I've found this is the only way to get authentic New York pizza in L.A.
943,701,9,39,135,183,1.3114754098360655,0.04145824952976991,631,They deported me in the middle of my calzone.
2125,701,1,55,127,183,1.3114754098360655,0.03519080179614829,631,"If it flies all the way up to the ceiling and stays there, we have less than a minute to live"
940,701,9,39,135,183,1.3114754098360655,0.04145824952976991,631,Aisle seat? Window seat? It's all a toss-up to me.
725,701,5,47,131,183,1.3114754098360655,0.03845243155593974,631,"After the break, we'll start the tiramisu.  It's Italian week, here on ""The Commuting Cook."""
3264,701,14,29,140,183,1.3114754098360655,0.04493364725857688,631,So that's when she told me she thought we needed a divorce.
476,701,6,45,132,183,1.3114754098360655,0.039225485757876086,631,I have this pie-in-the-sky idea.
5005,718,10,32,125,167,1.311377245508982,0.04486807539822258,631,"You think that's impressive, you should see me toss salad ."
1010,718,8,36,123,167,1.311377245508982,0.04323024931867899,631,I't the only authentic New York-to-Chicago style pizza.
3316,720,7,45,138,190,1.3105263157894738,0.03902135716386711,631,Did you choose an aisle seat to lessen your chances of getting stuck next the worst imaginable neighbor for the whole flight?”
796,720,12,35,143,190,1.3105263157894738,0.042439843043943645,631,I hate having to work on the plane.
3003,720,11,37,142,190,1.3105263157894738,0.041778528995857114,631,Crazy rich Asians ordered a Chicago style pizza ...
2151,720,7,45,138,190,1.3105263157894738,0.03902135716386711,631,"Well, we Chefs have our own version of ""The Mile High Club..."""
2530,724,10,37,137,184,1.309782608695652,0.04198054429803068,631,"I'm sorry, I didn't think anyone would notice."
5414,724,9,39,136,184,1.309782608695652,0.04126705184910039,631,"I'm trying to start an in-flight pizza delivery service, but it's probably pie in the sky."
2670,724,15,27,142,184,1.309782608695652,0.04538004799217155,631,Is this for carry-on or carry-out?
4569,724,14,29,141,184,1.309782608695652,0.044720825400804236,631,"I’m a chef, actually. How about you?"
3639,724,9,39,136,184,1.309782608695652,0.04126705184910039,631,My therapist says I’m “an attention-seeker.”
3034,724,7,43,134,184,1.309782608695652,0.039801714860432706,631,"Yes, they are paying a sizeable delivery charge....next time they'll have to pay first class though"
649,724,14,29,141,184,1.309782608695652,0.044720825400804236,631,You find it odd I'm flipping pizza dough on a plane?  How about this:  both people to my left have no mouths!!!
1022,724,9,39,136,184,1.309782608695652,0.04126705184910039,631,"I bet that I could toss a pizza 30,000 feet in the air."
1935,724,13,31,140,184,1.309782608695652,0.04405173882251008,631,Wanna join the mile-pie club?
2812,724,17,23,144,184,1.309782608695652,0.046670566937385104,631,The more you play with it the bigger it gets.
2738,724,11,35,138,184,1.309782608695652,0.042682111367661875,631,I'm his emotional support chef.
5505,724,9,39,136,184,1.309782608695652,0.04126705184910039,631,I've always wanted to do it on a plane.
1970,724,5,47,132,184,1.309782608695652,0.03828032710604807,631,I call it mile high pizza pie
484,737,6,44,131,181,1.3093922651933703,0.03943821003751185,631,I used to just chew gum
4227,737,8,40,133,181,1.3093922651933703,0.04096519399896659,631,They told me I needed a better disguise as Air Marshall.
1519,739,11,35,139,185,1.308108108108108,0.04248378339879085,631,"The yeast is alive, so it's considered an emotional support dough."
5665,740,12,32,138,182,1.3076923076923077,0.043651424596715886,631,We're a new pop-up pizzeria called Pie in the Sky.
3837,740,12,32,138,182,1.3076923076923077,0.043651424596715886,631,I get the center section seat so I have more head room.
2540,740,17,22,143,182,1.3076923076923077,0.04700011392324719,631,I always get so much work done on the plane.
5606,740,13,30,139,182,1.3076923076923077,0.04434139868359884,631,Don't look now but I think Putin is sitting behind us.
5560,740,10,36,136,182,1.3076923076923077,0.0422376767061423,631,Just finishing up some work before we land. You?
2677,740,6,44,132,182,1.3076923076923077,0.039257741427038854,631,Our motto is fresh pizza delivered coast to coast.
2899,740,6,44,132,182,1.3076923076923077,0.039257741427038854,631,"This is kind of random, but do you happen to know what temperature jet fuel burns at?"
2933,740,9,38,135,182,1.3076923076923077,0.04151275184371072,631,What? Other people do work on the plane!
3104,740,8,40,134,182,1.3076923076923077,0.040774940806117904,631,I get one free checked bag if I make lunch for the people in business class.
3653,740,9,38,135,182,1.3076923076923077,0.04151275184371072,631,They kept asking me to put pineapple on the pie so I'm going back to New York.
5558,740,9,38,135,182,1.3076923076923077,0.04151275184371072,631,The hardest part was getting the 26 3-ounce bottles of tomato sauce through the TSA.
3793,740,11,34,137,182,1.3076923076923077,0.04295036788466059,631,And it can also be used as a flotation device.
3945,740,14,28,140,182,1.3076923076923077,0.045020799694285185,631,And then the headhunter asked me if I wanted a job where I could make some real dough.
4107,740,10,36,136,182,1.3076923076923077,0.0422376767061423,631,It can also be used as a flotation device.
4130,740,1,54,127,182,1.3076923076923077,0.035179630789375846,631,The captain thinks it's cheaper than ordering out when we get stuck on the tarmac.
4244,740,12,32,138,182,1.3076923076923077,0.043651424596715886,631,I’m undercover.”
4531,740,11,34,137,182,1.3076923076923077,0.04295036788466059,631,"Actually, the hard part is fitting my oven in the overhead"
2488,740,12,32,138,182,1.3076923076923077,0.043651424596715886,631,Brooklyn got too expensive.
5154,740,6,44,132,182,1.3076923076923077,0.039257741427038854,631,I find it more relaxing than Candy Crush.
5302,740,13,30,139,182,1.3076923076923077,0.04434139868359884,631,I’m trying the high altitude recipe.
2262,740,9,38,135,182,1.3076923076923077,0.04151275184371072,631,Of course it's quirky.  I'm in a New Yorker cartoon.
372,740,11,34,137,182,1.3076923076923077,0.04295036788466059,631,I’m auditioning for ‘America’s Got Talent’ in a couple of hours.
1990,740,6,44,132,182,1.3076923076923077,0.039257741427038854,631,The secret is to let the dough really rise.
1172,740,8,40,134,182,1.3076923076923077,0.040774940806117904,631,"Well, it won't be a First Class pizza."
1613,740,9,38,135,182,1.3076923076923077,0.04151275184371072,631,"Getting in my 10,000 hours."
1661,740,7,42,133,182,1.3076923076923077,0.0400235309517705,631,Turbulence can be a challenge.
1688,740,12,32,138,182,1.3076923076923077,0.043651424596715886,631,...and I don't even need wifi to get my work done.
3499,767,12,32,139,183,1.3060109289617485,0.04344478504733873,631,"Sorry, I'm on deadline."
3184,768,11,33,136,180,1.3055555555555556,0.04322305278300226,631,I'm trying to perfect the elusive 'pie in the sky'.
3556,768,7,41,132,180,1.3055555555555556,0.040248469612633044,631,This is Alitalia.
4539,768,8,39,133,180,1.3055555555555556,0.041012346343385846,631,Not enough dough for first class!
2976,768,10,35,135,180,1.3055555555555556,0.042498929933016086,631,"Unfortunately, I haven't figured out how to get the sauce through TSA."
2468,768,13,29,138,180,1.3055555555555556,0.04463607044469502,631,Do you have any cheese?
2143,768,12,31,137,180,1.3055555555555556,0.04393524255438892,631,I wish they'd take pizza off the menu!
5396,768,9,37,134,180,1.3055555555555556,0.041762253279973086,631,"This trip, it's frequent flour miles."
3474,768,12,31,137,180,1.3055555555555556,0.04393524255438892,631,"It's Not DiGiorno, It's Delivery."
3566,768,4,47,129,180,1.3055555555555556,0.03786448952338696,631,The toppings are on my connecting flight.
2072,777,7,40,130,177,1.305084745762712,0.04066940502276149,631,"What can I say, supply follows demand."
14,777,9,36,132,177,1.305084745762712,0.042218516976333616,631,My specialty is plane pizza.
266,779,7,32,112,151,1.304635761589404,0.04505907575160468,631,I can't figure why my wife left me
1409,780,11,31,132,174,1.3045977011494252,0.04421797840187394,631,"Don’t worry Ma’am, I’m a professional."
639,781,9,36,133,178,1.303370786516854,0.04201563792212953,631,This delay better be 30 minutes or less.
2871,782,5,37,113,155,1.303225806451613,0.04231883049178542,631,The dough rises better at this altitude.
1101,783,7,38,127,172,1.302325581395349,0.04134579417903897,631,Duty free dough. It's the best.
3314,783,9,34,129,172,1.302325581395349,0.0429589758758767,631,"What, you're a judge in the International Pizza Challenge contest tomorrow? I had no idea."
1102,785,9,35,132,176,1.3011363636363635,0.042272989106855646,631,I'm just very serious about letting the dough rise first.
4897,785,13,27,136,176,1.3011363636363635,0.0452409755395327,631,I try not to bring my work home with me but I knead the dough.!
4888,785,3,47,126,176,1.3011363636363635,0.037381749804121615,631,It's the landings that make me nervous.
4567,785,13,27,136,176,1.3011363636363635,0.0452409755395327,631,♪♪When the moon hits your eye...♪♪
4142,785,8,37,131,176,1.3011363636363635,0.04149783781226765,631,"It's not liquid, it doesn't power on, and I'm keeping my hands to myself, so I think I'm okay."
5679,785,4,45,127,176,1.3011363636363635,0.03824042734270907,631,I used to be in first class when I had more dough.
3870,785,12,29,135,176,1.3011363636363635,0.04451753365622955,631,I just don’t have the dough for first class.
3934,785,10,33,133,176,1.3011363636363635,0.043034180286876625,631,One day I'll be a first class baker
2164,785,12,29,135,176,1.3011363636363635,0.04451753365622955,631,Calzones??!!!  Don't get me started!
2030,785,2,49,125,176,1.3011363636363635,0.03650287870131452,631,But they won't let me bring my rotary cutter.
1796,785,9,35,132,176,1.3011363636363635,0.042272989106855646,631,"Actually, I am making a seat cushion."
1540,785,6,41,129,176,1.3011363636363635,0.03990238605927146,631,An aisle seat is really the best for this.
1251,785,9,35,132,176,1.3011363636363635,0.042272989106855646,631,I have to keep up the hand-tossing until the fasten seat belt light is turned off and I can get to the oven.
871,785,7,39,130,176,1.3011363636363635,0.04070792893476904,631,"In case of a water landing, this becomes an edible raft"
753,785,7,39,130,176,1.3011363636363635,0.04070792893476904,631,If we don’t land in 30 minutes - the next one is free.
303,785,3,47,126,176,1.3011363636363635,0.037381749804121615,631,Guess what the inflight meal is today.
3191,785,10,33,133,176,1.3011363636363635,0.043034180286876625,631,Seat 4A ordered a special meal.
5367,785,0,53,123,176,1.3011363636363635,0.034678379772024405,631,I like my dough to be airy.
2058,803,12,28,133,173,1.300578034682081,0.045042564072074985,631,I'm going for the record for the highest toss.
5625,803,8,36,129,173,1.300578034682081,0.041952106474934296,631,They made me check my toppings.
5519,803,2,48,123,173,1.300578034682081,0.036833398253895755,631,"What can I say, I'm a dough nut!"
2351,803,9,34,130,173,1.300578034682081,0.04274567314723109,631,I cook best on the fly.
5483,803,8,36,129,173,1.300578034682081,0.041952106474934296,631,"As you know, we're allowed a carry-on and a personal item."
3350,803,9,34,130,173,1.300578034682081,0.04274567314723109,631,"Long flight, couldn't sleep.  Figured I might as well get some work done, y'know?"
3366,803,8,36,129,173,1.300578034682081,0.041952106474934296,631,I was told it's a good way to meet girls.
1813,803,11,30,132,173,1.300578034682081,0.04429017095317302,631,I am the pilot- with budget cuts ya gotta have a side-hustle.
1412,803,11,30,132,173,1.300578034682081,0.04429017095317302,631,Appetizer and dessert will be in baggage claim.
3388,803,7,38,128,173,1.300578034682081,0.041143236413273755,631,"You requested a special diet, right?"
673,803,9,34,130,173,1.300578034682081,0.04274567314723109,631,"The TSA allows it, as long as I don't weaponize the dough into a baguette."
3644,803,8,36,129,173,1.300578034682081,0.041952106474934296,631,"So what you're saying is it's fine for that guy to bring an Irish Wolfhound ""comfort"" dog on the flight, but my pizza dough is annoying you?"
3728,803,12,28,133,173,1.300578034682081,0.045042564072074985,631,I'm making a plane cheese pizza.
3741,803,6,40,127,173,1.300578034682081,0.04031814191443905,631,"Yes, I did follow the high altitude instructions."
3865,803,12,28,133,173,1.300578034682081,0.045042564072074985,631,I have a small pizzeria back home and this is the only way I can convince the IRS that my flights abroad are business trips.
3,803,6,40,127,173,1.300578034682081,0.04031814191443905,631,I forgot my laptop.
3977,803,11,30,132,173,1.300578034682081,0.04429017095317302,631,"For gluten-free, you'll need an upgrade."
212,803,9,34,130,173,1.300578034682081,0.04274567314723109,631,Once you get good at it it's hard to stop.
3904,803,10,32,131,173,1.300578034682081,0.04352477349666052,631,It only looks like it is going up and down.  It's really going 600 miles per hour.
4341,803,9,34,130,173,1.300578034682081,0.04274567314723109,631,First class has a chef from Benihana.
5468,803,12,28,133,173,1.300578034682081,0.045042564072074985,631,"Yeah, I heard they stopped serving peanuts."
4220,803,13,26,134,173,1.300578034682081,0.04578259399938659,631,"No matter how many times I throw this up, it still lands on the man behind me."
4681,803,8,36,129,173,1.300578034682081,0.041952106474934296,631,"With pressure, it's fresher."
4902,803,7,38,128,173,1.300578034682081,0.041143236413273755,631,"OK, what does Giada say to do next?"
4148,803,10,32,131,173,1.300578034682081,0.04352477349666052,631,I was a pastry chef until they cut down on leg room.
5619,828,8,35,127,170,1.3,0.04242066364980727,631,"In cooking school, they stressed keeping it in the air."
5289,828,7,37,126,170,1.3,0.04159205525356738,631,I have trouble getting my dough to rise!
5180,828,9,33,128,170,1.3,0.04323339390753816,631,It's just Play-Doh. I couldn't get a real pie through security.
5039,828,0,51,119,170,1.3,0.03525058226889107,631,My name? Oh it’s Chef Boeing-ardee.
4408,828,7,37,126,170,1.3,0.04159205525356738,631,We ran out of high rising flour.
4201,828,3,45,122,170,1.3,0.03809782780052809,631,It's a mile high pie.
3583,828,10,31,129,170,1.3,0.04403112527563468,631,"Well, too bad.  It's my emotional support food."
2523,828,1,49,120,170,1.3,0.036224538569457794,631,"Yeah it's about 5,020 tosses until we land in Phoenix... why do you ask?"
2263,828,7,37,126,170,1.3,0.04159205525356738,631,Landing it is the hard part
1457,828,11,29,130,170,1.3,0.04481465873252761,631,"I tried blowing into a paper bag, It didn't work"
1429,828,6,39,125,170,1.3,0.04074660005376552,631,I know. Delivery used to be so simple
231,828,3,45,122,170,1.3,0.03809782780052809,631,I'm not tossing it.  We're just experiencing some turbulence.
95,828,7,37,126,170,1.3,0.04159205525356738,631,Food delivery apps are out of control.
3313,828,9,33,128,170,1.3,0.04323339390753816,631,We Luddites struggle on transcontinental flights...
3841,842,10,32,132,174,1.2988505747126438,0.043308373847682456,631,Sometimes I feel like this is the only place I get any work done.
879,843,10,31,130,171,1.2982456140350878,0.043808019147143704,631,"Well, just like everyone else I'm trying to get a little work done during the flight."
851,843,10,31,130,171,1.2982456140350878,0.043808019147143704,631,"Yeah, the oven is the part I still haven't worked out."
348,843,12,27,132,171,1.2982456140350878,0.045351311346038446,631,You don't wanna know how I got the flour through security.
310,843,8,35,128,171,1.2982456140350878,0.04220833617175288,631,Its the tomato sauce that's the tricky part.
3769,843,8,35,128,171,1.2982456140350878,0.04220833617175288,631,Being a private chef  has its perks but flying first class is not one of them.
5041,843,10,31,130,171,1.2982456140350878,0.043808019147143704,631,"Actually, this is just about the most effective cover I've ever had as an air marshal."
3921,843,7,37,127,171,1.2982456140350878,0.0413853137330539,631,"I know, but the recipe says to toss it in the air."
1396,843,14,23,134,171,1.2982456140350878,0.04684378656784827,631,You'll have to settle for cheese. TSA confiscated my salami.
4340,843,8,35,128,171,1.2982456140350878,0.04220833617175288,631,"Of course, airplane food COULD be better than hospital food."
1750,843,8,35,128,171,1.2982456140350878,0.04220833617175288,631,We'll be landing in 30 minutes or less
1934,843,7,37,127,171,1.2982456140350878,0.0413853137330539,631,I can also use it as a flotation cushion.
4679,843,14,23,134,171,1.2982456140350878,0.04684378656784827,631,"Yes, it’s on airplane mode.  Thanks."
5676,843,6,39,126,171,1.2982456140350878,0.04054558845520553,631,Amazon Prime. Why do you ask?
5117,843,7,37,127,171,1.2982456140350878,0.0413853137330539,631,For a list of available toppings consult the in-flight magazine in the seat-back pocket in fromt of you
3647,857,6,38,124,168,1.2976190476190477,0.04098126646225077,631,"I don't know, but at this elevation it gets a certain je n'est sais quoi."""
3613,857,8,34,126,168,1.2976190476190477,0.04268531597293645,631,"Don't worry, I'm accustomed to working in a high pressure environment"
49,859,8,33,124,165,1.2969696969696969,0.04317776591766852,631,It’s a long distance order.
3834,859,7,35,123,165,1.2969696969696969,0.04231323244132485,631,"It is still, technically, a New York style pizza"
3939,859,3,43,119,165,1.2969696969696969,0.03866225962879074,631,This usually works well as a conversation starter...
3154,859,1,47,117,165,1.2969696969696969,0.03670082641561686,631,"In a crash, it doubles as a floatation device."
3134,859,2,45,118,165,1.2969696969696969,0.037694303145125674,631,"You gotta flip yours first, then you can help the person next to you."
4155,859,1,47,117,165,1.2969696969696969,0.03670082641561686,631,"If this doesn't get the dough to rise, I'm not sure what will."
4183,859,4,41,120,165,1.2969696969696969,0.03960656700108472,631,"It's okay, it's a therapy dough."
5592,859,6,37,122,165,1.2969696969696969,0.04143066267423435,631,We deliver internationally.
2952,859,4,41,120,165,1.2969696969696969,0.03960656700108472,631,"Welcome, everyone, to my pop-up pizzeria!"
489,859,3,43,119,165,1.2969696969696969,0.03866225962879074,631,I only use quick rising dough as you can see
3401,859,7,35,123,165,1.2969696969696969,0.04231323244132485,631,"Oh, I became a baker because I have a fear of frying."
3633,859,1,47,117,165,1.2969696969696969,0.03670082641561686,631,"Well, I'll tell ya...I just don't like airline food."
699,871,8,35,129,172,1.2965116279069768,0.04199803241262013,631,They said my toss wasn't getting enough altitude.
2786,872,13,24,132,169,1.2958579881656804,0.04643045188456284,631,So what business are you in?
5152,872,9,32,128,169,1.2958579881656804,0.043289922033493675,631,Somebody bet me how high I could throw it.  He's going to lose!
745,872,8,34,127,169,1.2958579881656804,0.04246851741621404,631,"It's called ""pie in the sky""."
625,872,3,44,122,169,1.2958579881656804,0.03809675945350006,631,"Sorry, just practicing for my job interview this afternoon."
550,872,9,32,128,169,1.2958579881656804,0.043289922033493675,631,"Some people read, some people knit."
465,872,9,32,128,169,1.2958579881656804,0.043289922033493675,631,"If your allowed to work on the plane, so am I."
5312,872,9,32,128,169,1.2958579881656804,0.043289922033493675,631,So now TSA's asking if anyone else prepared your food for you.
382,872,8,34,127,169,1.2958579881656804,0.04246851741621404,631,It was my father's dying wish.
5324,872,10,30,129,169,1.2958579881656804,0.0440960284810395,631,"Yep, I always look forward to my in-flight meal."
5385,872,12,26,131,169,1.2958579881656804,0.04566557219689707,631,"You know, I didn't want to say anything, but since you mentioned it, your typing is starting to get a little loud."
5386,872,8,34,127,169,1.2958579881656804,0.04246851741621404,631,It wouldn't fit in the overhead.
51,872,10,30,129,169,1.2958579881656804,0.0440960284810395,631,"Our motto is 'We deliver fresh, hot New York pizza'  but we didn't think to put a geographic limit on it."""
5408,872,9,32,128,169,1.2958579881656804,0.043289922033493675,631,I hope you're not bothered by my emotional support dough.
5435,872,11,28,130,169,1.2958579881656804,0.0448876609541568,631,"They said my new pizza business would never take off, but look at me now!"
5542,872,3,44,122,169,1.2958579881656804,0.03809675945350006,631,I can't believe they confiscated my sauce at security.
5693,872,8,34,127,169,1.2958579881656804,0.04246851741621404,631,They frown on this in first class.
980,872,12,26,131,169,1.2958579881656804,0.04566557219689707,631,You interested in joining the Mile Pie Club?
1029,872,10,30,129,169,1.2958579881656804,0.0440960284810395,631,"This is where “pie in the sky”, started."
894,872,13,24,132,169,1.2958579881656804,0.04643045188456284,631,I got my therapist to certify it as a service pizza.
1091,872,9,32,128,169,1.2958579881656804,0.043289922033493675,631,"It'll be tomato sauce, mozzarella, and hand sanitizer."
2455,872,13,24,132,169,1.2958579881656804,0.04643045188456284,631,"Oh, I thought it was called the Great British Take Off!"
2454,872,5,40,124,169,1.2958579881656804,0.039902980303822146,631,"Bakers Anonymous is a real thing, you know."
3612,872,10,30,129,169,1.2958579881656804,0.0440960284810395,631,I work for Amazon Pizza-Prime.
2214,872,1,48,120,169,1.2958579881656804,0.03620052934127448,631,"My twin brother made his dough trading in cyberspace.  I'm betting this will double at 30,000 feet."
3706,872,11,28,130,169,1.2958579881656804,0.0448876609541568,631,And to think I had the dough to fly first class.
2191,872,5,40,124,169,1.2958579881656804,0.039902980303822146,631,Everybody brings their work on flights these days.
1088,872,8,34,127,169,1.2958579881656804,0.04246851741621404,631,"Well, for one, I find the dough rises better at 30,000 feet."
3780,872,9,32,128,169,1.2958579881656804,0.043289922033493675,631,Do you have any basil?
3767,872,9,32,128,169,1.2958579881656804,0.043289922033493675,631,"Forget the pizza dough and the chef's hat, can you believe the knee room in this row?!"
1369,872,8,34,127,169,1.2958579881656804,0.04246851741621404,631,We were out of yeast.
1325,872,4,42,123,169,1.2958579881656804,0.039010325030593276,631,You could say we expanded our delivery radius.
1187,872,9,32,128,169,1.2958579881656804,0.043289922033493675,631,"I make a lot of dough, but not enough dough to fly first class."
4195,872,12,26,131,169,1.2958579881656804,0.04566557219689707,631,What else can I do? The sauce and cheese didn't make it through security.
4735,872,6,38,125,169,1.2958579881656804,0.040776098578234575,631,"I feel the dough rises better at 30,000 feet."
5131,872,9,32,128,169,1.2958579881656804,0.043289922033493675,631,"I just connected from Naples and, boy, are my arms tired."
3986,872,8,34,127,169,1.2958579881656804,0.04246851741621404,631,They say that my restaurant idea is pie in the sky.
2483,872,8,34,127,169,1.2958579881656804,0.04246851741621404,631,The secret to my crust? Turbulence
4213,909,6,36,121,163,1.294478527607362,0.041676336380730136,631,My plans after we land? I don't know... a lot of things are up in the air right now.
1472,909,5,38,120,163,1.294478527607362,0.040757534911729384,631,For an emotional support pizza it's pretty useless in turbulence.
2426,909,3,42,118,163,1.294478527607362,0.03885480572597138,631,I've been tossing around some ideas but everything is up in the air at the moment.
2853,909,11,26,126,163,1.294478527607362,0.045995856599420154,631,It's not fair. Everyone else brings their work on the plane!
4029,909,2,44,117,163,1.294478527607362,0.03786760575959415,631,I've been told I'm a workaholic!
2057,914,9,32,129,170,1.2941176470588236,0.043069697861686136,631,The landing’s ALWAYS on your mind.
1300,915,11,27,129,167,1.2934131736526946,0.045194253428138896,631,I found a loophole in the world record for highest pizza toss.
2099,915,12,25,130,167,1.2934131736526946,0.045985491296925,631,Do you mind turning down the volume? This is so distracting...
2432,915,12,25,130,167,1.2934131736526946,0.045985491296925,631,I'm trying to make enough dough to afford first class.
2674,915,10,29,128,167,1.2934131736526946,0.04438891388662403,631,"I'll tell ya, nobody delivers a fresher pizza."
2678,915,8,33,126,167,1.2934131736526946,0.042732726829078936,631,I'm trying to break the highest pizza throw record.
2987,915,8,33,126,167,1.2934131736526946,0.042732726829078936,631,I'm ending the Chicago vs. NY pizza argument by making it in both cities.
3567,915,10,29,128,167,1.2934131736526946,0.04438891388662403,631,"It's fine, this is my emotional support pizza."
4405,922,10,28,126,164,1.2926829268292683,0.04492467114867582,631,They don’t offer a decent vegetarian option.
4275,922,8,32,124,164,1.2926829268292683,0.04322722151193844,631,We guarantee delivery in six hours or the pizza is free.
4202,922,7,34,123,164,1.2926829268292683,0.042352992580866784,631,If you can work during your commute so can I
3918,922,5,38,121,164,1.2926829268292683,0.04054802809484679,631,"If it doesn't come back down in 30 minutes, it's free."
3526,922,10,28,126,164,1.2926829268292683,0.04492467114867582,631,"It's a high-toss competition. I figure 30,000 feet should be plenty."
2536,922,9,30,125,164,1.2926829268292683,0.04408411708007125,631,it's gonna be a plane cheese pizza
2753,922,8,32,124,164,1.2926829268292683,0.04322722151193844,631,Its a fidget spinner for chefs.
2600,922,10,28,126,164,1.2926829268292683,0.04492467114867582,631,Layover in Chicago or non-stop to New York style?
4369,922,8,32,124,164,1.2926829268292683,0.04322722151193844,631,I came up with the idea after I learned that this airline does not permit therapy pets.
3050,922,9,30,125,164,1.2926829268292683,0.04408411708007125,631,"Yes, I'm a frequent flour."
4577,922,7,34,123,164,1.2926829268292683,0.042352992580866784,631,Our delivery service is exceptional.
4992,922,8,32,124,164,1.2926829268292683,0.04322722151193844,631,"I wasn't showing off, that was just the turbulence."
4859,922,9,30,125,164,1.2926829268292683,0.04408411708007125,631,Are you as kneady as I am ?
4945,922,8,32,124,164,1.2926829268292683,0.04322722151193844,631,Let's hope there isn't a lot of turbulence.
2531,922,9,30,125,164,1.2926829268292683,0.04408411708007125,631,It's my emotional support activity.
5172,922,9,30,125,164,1.2926829268292683,0.04408411708007125,631,"LIMERICK: An eager pizzateer named Cy...To his seatmate on the plane did reply...""Don't think I'm a jerk,..But I do need to work...I try to throw up when I fly."""
5208,922,8,32,124,164,1.2926829268292683,0.04322722151193844,631,"Nope, that record is held by an astronaut."
5226,922,5,38,121,164,1.2926829268292683,0.04054802809484679,631,We take our delivery time policy very seriously.
5368,922,9,30,125,164,1.2926829268292683,0.04408411708007125,631,"Yes, it is amazing how incongruent one can be and still not attract any attention these days.  Why do you ask?"
5428,922,8,32,124,164,1.2926829268292683,0.04322722151193844,631,"I prefer presentations with real pie charts."""
5522,922,9,30,125,164,1.2926829268292683,0.04408411708007125,631,"I'm traveling for work, I knead the dough."
4856,922,6,36,122,164,1.2926829268292683,0.04146033383208245,631,Sometimes I have to bring work home.
2521,922,9,30,125,164,1.2926829268292683,0.04408411708007125,631,it's for First Class. We still get pretzels and water!
1991,922,8,32,124,164,1.2926829268292683,0.04322722151193844,631,My psychologist suggested that the turbulence may help me conquer my my fear of pizza dough.
2442,922,8,32,124,164,1.2926829268292683,0.04322722151193844,631,"Well, you take your work with you too!"
21,922,9,30,125,164,1.2926829268292683,0.04408411708007125,631,I've had it  with peanuts.
46,922,5,38,121,164,1.2926829268292683,0.04054802809484679,631,It's my Emotional Support Dough.
53,922,10,28,126,164,1.2926829268292683,0.04492467114867582,631,They say dress for the job you want.”
77,922,8,32,124,164,1.2926829268292683,0.04322722151193844,631,I’m also a frequent fryer.
88,922,7,34,123,164,1.2926829268292683,0.042352992580866784,631,There's really no place we don't deliver to.
494,922,9,30,125,164,1.2926829268292683,0.04408411708007125,631,...and then you have those kids that kick the back of your seat. They are the worst!
517,922,2,44,118,164,1.2926829268292683,0.03767880684308854,631,I'm embracing my company's remote work policy.
590,922,11,26,127,164,1.2926829268292683,0.045749784446529385,631,They said I could bring my comfort pizza dough on the flight.
765,922,4,40,120,164,1.2926829268292683,0.03961471801355208,631,I'm putting a positive spin on it.
775,922,10,28,126,164,1.2926829268292683,0.04492467114867582,631,It's my pillow and my lunch.
832,922,13,22,129,164,1.2926829268292683,0.047356902084895444,631,"We had such a success with grilling on the subway, so..."
870,922,4,40,120,164,1.2926829268292683,0.03961471801355208,631,We're headed to Chicago so this will be deep dish.
965,922,8,32,124,164,1.2926829268292683,0.04322722151193844,631,It's to go.
1384,922,10,28,126,164,1.2926829268292683,0.04492467114867582,631,Just pretend I am the president and ignore me!
1420,922,7,34,123,164,1.2926829268292683,0.042352992580866784,631,"So they said my idea was a bit 'pie in the sky', and I thought, 'actually that's an even better idea'."
1465,922,11,26,127,164,1.2926829268292683,0.045749784446529385,631,It’s the yeast I could do.
1518,922,3,42,119,164,1.2926829268292683,0.038658882345536216,631,"The pizza is fresh and cheap, it's the delivery charge that's high."
1925,922,9,30,125,164,1.2926829268292683,0.04408411708007125,631,I can only fly with the help of my emotional support pizza
2003,922,7,34,123,164,1.2926829268292683,0.042352992580866784,631,I don’t have the dough for business class.
2444,922,7,34,123,164,1.2926829268292683,0.042352992580866784,631,"If I can toss it all the way to N.Y., I get the job."
1768,967,4,37,113,154,1.2922077922077921,0.04112554112554113,631,It's part of our new farm to tray table dining experience.
1392,968,3,41,117,161,1.2919254658385093,0.03904901319006187,631,"My secret is to get the dough to rise...up to 39,000 feet."
59,968,0,47,114,161,1.2919254658385093,0.035943096367164036,631,"I'm from Bakersfield, born and bread."
4868,968,5,37,119,161,1.2919254658385093,0.040989083110301645,631,"What else is a pizza professional supposed to do for 3 hrs, read?"
3414,968,5,37,119,161,1.2919254658385093,0.040989083110301645,631,I miss the days when your boss didn't expect you to work on flights
3463,972,10,28,127,165,1.290909090909091,0.04468679027733588,631,If I had more dough I’d be flying First Class.
506,973,12,23,127,162,1.2901234567901234,0.04689753498126938,631,Our toppings include pretzels and peanuts.
300,973,11,25,126,162,1.2901234567901234,0.04607274195462931,631,For deep-dish. we prefer the submarine.
5275,973,6,35,121,162,1.2901234567901234,0.04170481232076497,631,I find it hard to leave my work at home.
4993,973,6,35,121,162,1.2901234567901234,0.04170481232076497,631,"I had to gate-check the pepperoni, so this is just cheese."
4894,973,6,35,121,162,1.2901234567901234,0.04170481232076497,631,The secret ingredient is stale cabin air.
360,973,1,45,116,162,1.2901234567901234,0.036822346342983085,631,These new expanded delivery zones are ridiculous.
3678,973,6,35,121,162,1.2901234567901234,0.04170481232076497,631,"If you want to buy a meal they don't take credit cards, only dough."
3587,973,5,37,120,162,1.2901234567901234,0.04077511661060828,631,My wife called this a pie in the sky idea.
3123,973,10,27,125,162,1.2901234567901234,0.04523291185758809,631,Do you want to see how I got the pepperoni past TSA?
4600,973,11,25,126,162,1.2901234567901234,0.04607274195462931,631,It's better than tossing my cookies.
2359,973,7,33,122,162,1.2901234567901234,0.042614230097606544,631,It's better than peanuts...and it can be used as a flotation device.
654,973,6,35,121,162,1.2901234567901234,0.04170481232076497,631,"Shoot, did I leave the oven on?"
2843,973,11,25,126,162,1.2901234567901234,0.04607274195462931,631,We're expanding our delivery.
776,973,9,29,124,162,1.2901234567901234,0.04437719097706396,631,The cost of the airline snacks is too expensive.
744,973,10,27,125,162,1.2901234567901234,0.04523291185758809,631,"Yes, we pride ourselves in offering the freshest delivery anywhere in the world."
1832,973,7,33,122,162,1.2901234567901234,0.042614230097606544,631,It's a special high altitude recipe.
2242,973,6,35,121,162,1.2901234567901234,0.04170481232076497,631,"No, I don't think flipping almost ought  to be illegal."
2331,973,7,33,122,162,1.2901234567901234,0.042614230097606544,631,You don't see THIS on a sushi train.
1039,973,6,35,121,162,1.2901234567901234,0.04170481232076497,631,Can you believe they made me check my calzones?
966,973,8,31,123,162,1.2901234567901234,0.04350464162492643,631,Is this your first time on Air France?
5231,993,6,34,119,159,1.2893081761006289,0.04217809238887326,631,"You’ll have to excuse my therapy dough, it has a tendency to rise during take off."
4283,993,6,34,119,159,1.2893081761006289,0.04217809238887326,631,"Ah, 'plain', as in 'no toppings', like a margherita? That would make way more sense."
3723,993,7,32,120,159,1.2893081761006289,0.04311151787474359,631,"I know its sounds like pie - in - the - sky, but it gives me pizza mind."
2569,993,3,40,116,159,1.2893081761006289,0.039244833925808686,631,I can't afford a therapy dog.
2146,993,9,28,122,159,1.2893081761006289,0.04492021777846088,631,"It helps me to relax on planes, but you're the first person to notice."
1119,993,2,42,115,159,1.2893081761006289,0.03821708379722734,631,"Well, yes, it is a bit pie in the sky."
291,993,6,34,119,159,1.2893081761006289,0.04217809238887326,631,Both of us are just doing our jobs.
4708,993,7,32,120,159,1.2893081761006289,0.04311151787474359,631,The hard part's finding fresh basil on board.
521,1001,2,41,113,156,1.2884615384615385,0.03859571302710641,631,Wanna toss for the aisle seat?
1861,1001,2,41,113,156,1.2884615384615385,0.03859571302710641,631,The trick is adjusting for the altitude.
2305,1001,0,45,111,156,1.2884615384615385,0.0363896014294354,631,Only schmucks eat the peanuts
4191,1001,4,37,115,156,1.2884615384615385,0.04068236762958046,631,It's complimentary!
1538,1005,7,30,116,153,1.2875816993464053,0.044157443605784004,631,Its OK.  I've got it in airplane mode....
1404,1006,10,26,124,160,1.2875,0.045546558527628525,631,I prefer to make my dough on the fly.
4437,1006,7,32,121,160,1.2875,0.04287936493357752,631,I'm hoping this new crust really takes off.
1440,1006,10,26,124,160,1.2875,0.045546558527628525,631,"They've added a Domino's Hotspot to the cockpit, so here I am."
1558,1006,6,34,120,160,1.2875,0.04195263501742959,631,Why? Captive audience.
4640,1006,8,30,122,160,1.2875,0.043786485235837044,631,The captain said we were free to rise.
3201,1006,4,38,118,160,1.2875,0.040034870806624864,631,It’s better than tossing your cookies.
5393,1006,6,34,120,160,1.2875,0.04195263501742959,631,Please bake your own pizza before helping a child with theirs.
5309,1006,1,44,115,160,1.2875,0.03697217634788856,631,"I thought I'd get a little work done on the plane, you know?"
5212,1006,8,30,122,160,1.2875,0.043786485235837044,631,I kneaded something to do.
3654,1006,6,34,120,160,1.2875,0.04195263501742959,631,Working remotely has its ups and downs.
2803,1006,14,18,128,160,1.2875,0.04887693118962894,631,Hello! I'd like to talk to you about Jesus...
2276,1017,8,28,118,154,1.2857142857142858,0.044865648136121705,631,Our pizza is flying off the shelf.
2611,1017,2,40,112,154,1.2857142857142858,0.03877669088167008,631,I'm hoping to join the Mile High Pie Club.
2761,1017,10,24,120,154,1.2857142857142858,0.04671928144055204,631,I need to learn how to knit.
1567,1017,9,26,119,154,1.2857142857142858,0.045801842981455405,631,"Obey me or I will take away your mouth, too."
5038,1021,9,27,122,158,1.2848101265822784,0.044978223252496785,631,"It's Kanye again; this time instead of curry, he wanted pizza."
5168,1021,8,29,121,158,1.2848101265822784,0.04407283644001138,631,High altitudes make the dough lighter.
5215,1021,10,25,123,158,1.2848101265822784,0.04586574126769227,631,"It’s the Mile High Pizza Club.  The taste is so so, but the memories are amazing."
4921,1021,9,27,122,158,1.2848101265822784,0.044978223252496785,631,They asked me to leave it in the overhead but I knead the dough.
5680,1021,3,39,116,158,1.2848101265822784,0.03923374359465022,631,You might be  wondering about the rotation in the Southern Hemisphere.
4461,1021,4,37,117,158,1.2848101265822784,0.040248134013072014,631,"Once we reach cruising altitude, it will be the world record."
2834,1021,10,25,123,158,1.2848101265822784,0.04586574126769227,631,The pocket fidget just wasn’t enough for me any more.
4380,1021,8,29,121,158,1.2848101265822784,0.04407283644001138,631,It's a great new service we offer. In first class I make sausage!
3181,1021,10,25,123,158,1.2848101265822784,0.04586574126769227,631,In case anyone asks where my hands were during this flight.
2990,1021,9,27,122,158,1.2848101265822784,0.044978223252496785,631,You know what they say: dress for the job you want. I'm actually the pilot!
2744,1021,9,27,122,158,1.2848101265822784,0.044978223252496785,631,I find this is the best way to get the dough to rise.
2211,1021,7,31,120,158,1.2848101265822784,0.04314845601854772,631,I just got tired of all the airline food jokes.
1110,1021,6,33,119,158,1.2848101265822784,0.0422038339692154,631,"Pie In the Sky Pizza guarantees delivery within 6 hours, or it's free."
904,1021,8,29,121,158,1.2848101265822784,0.04407283644001138,631,"Yeah, I used my miles to upgrade so I had some dough leftover."
4419,1021,7,31,120,158,1.2848101265822784,0.04314845601854772,631,They closed the galley to make room for more seats.
2009,1021,7,31,120,158,1.2848101265822784,0.04314845601854772,631,"True, Hawaii is a little ways from Chicago, but we promise prompt delivery, and we promise it will be fresh."
4285,1037,9,28,125,162,1.2839506172839505,0.04419281407390758,631,I don't own a laptop.
267,1038,7,30,118,155,1.2838709677419355,0.043664216237242676,631,I'm on my way to PizzaCon.
1179,1038,8,28,119,155,1.2838709677419355,0.04461334957357563,631,It's just a nervous habit.
1527,1038,11,22,122,155,1.2838709677419355,0.047346726411212244,631,I'm a frequent pie-er.
1689,1038,5,34,116,155,1.2838709677419355,0.041701192051186484,631,"It'll be ready by 30,000 feet or it's free."
2255,1038,9,26,120,155,1.2838709677419355,0.045542706778752565,631,I hope you don't mind me working on the plane.
2381,1038,8,28,119,155,1.2838709677419355,0.04461334957357563,631,It keeps me off the armrests.
3287,1038,4,36,115,155,1.2838709677419355,0.04068417675126983,631,"Well, you brought your work with you, so why shouldn't I?"
3975,1038,12,20,123,155,1.2838709677419355,0.048223434991916087,631,This is for here and to go?
5471,1038,5,34,116,155,1.2838709677419355,0.041701192051186484,631,Because my pasta machine didn't make it through the metal detector
137,1047,1,41,110,152,1.2828947368421053,0.03782350082784594,631,You ever had a mile-high club sandwich?
5447,1047,7,29,116,152,1.2828947368421053,0.04419782199744824,631,It's not my carry-on if I keep flipping.
2776,1047,4,35,113,152,1.2828947368421053,0.04113432073215858,631,Some of these to-go orders are ridiculous.
4525,1047,6,31,115,152,1.2828947368421053,0.04320079968678176,631,My career as a pizza chef is about to take off!
1622,1047,3,37,112,152,1.2828947368421053,0.0400611278717339,631,Tossing the dough high in the air makes for the best pies
3610,1052,8,27,118,153,1.2810457516339868,0.04491469989420642,631,Pizza to go?
5541,1052,10,23,120,153,1.2810457516339868,0.04679026491266783,631,I'd use my laptop but the pie-fi is down
4849,1052,8,27,118,153,1.2810457516339868,0.04491469989420642,631,I'm late for work.
4770,1052,7,29,117,153,1.2810457516339868,0.043946910637508094,631,Would you have preferred I brought my emotional support pony?
4234,1052,8,27,118,153,1.2810457516339868,0.04491469989420642,631,"Yeah, 1st class has more elbow room but they require more dough"
3766,1052,8,27,118,153,1.2810457516339868,0.04491469989420642,631,I've never been a fan of airplane food.
2981,1052,1,41,111,153,1.2810457516339868,0.0376209394160765,631,I am catching up on my work just like you and everyone else here.
3030,1052,8,27,118,153,1.2810457516339868,0.04491469989420642,631,"I'm part of the ""fresh New York Pizza delivery to California"" program."
2640,1052,8,27,118,153,1.2810457516339868,0.04491469989420642,631,I find it rises faster at this altitude.
2369,1052,3,37,113,153,1.2810457516339868,0.039841356735923365,631,When over Rome.
5465,1052,5,33,115,153,1.2810457516339868,0.04194439569918863,631,You’re stuck back here with me unless you pay for a seat in lasagna class.
2049,1052,6,31,116,153,1.2810457516339868,0.04295732350339832,631,This is nothing.  Just wait for some turbulence.
684,1052,9,25,119,153,1.2810457516339868,0.045862071241845694,631,"Well, the commute isn't great, but I can't complain about the dough!"
619,1052,6,31,116,153,1.2810457516339868,0.04295732350339832,631,I’m the newest member of the mile pie club.
549,1052,9,25,119,153,1.2810457516339868,0.045862071241845694,631,"Funny, I can't remember if I washed my hands."
2740,1052,8,27,118,153,1.2810457516339868,0.04491469989420642,631,"I'm traveling for work, too!"
469,1052,4,35,114,153,1.2810457516339868,0.040906393370286384,631,I just can't seem to leave my work at the office.
94,1052,7,29,117,153,1.2810457516339868,0.043946910637508094,631,"You bye 'em, we fly 'em."
1214,1070,6,30,114,150,1.28,0.04347335834630263,631,I get great hang time on descents.
48,1070,5,32,113,150,1.28,0.042431679524773294,631,I just couldn't stand the airplane food
3085,1070,6,30,114,150,1.28,0.04347335834630263,631,Its up in the air
1417,1070,1,40,109,150,1.28,0.0379803316578616,631,It gives me something to do with my hands
4061,1074,8,26,117,151,1.2781456953642385,0.045221007833030055,631,Business has really taken off.
4668,1074,10,22,119,151,1.2781456953642385,0.04713321536810394,631,I always throw up on airplanes
3829,1074,8,26,117,151,1.2781456953642385,0.045221007833030055,631,"I always bring some work along on a flight. It makes the time go more quickly, and gives me a head start on the rest of the workday."
4934,1074,6,30,115,151,1.2781456953642385,0.043224288402862826,631,It’s my emotional-support pizza
5140,1074,5,32,114,151,1.2781456953642385,0.04219050707426151,631,I was limited to three ounces of red sauce.
5474,1074,7,28,116,151,1.2781456953642385,0.04423391604509388,631,My career is a little up in the air right now
5498,1074,9,24,118,151,1.2781456953642385,0.04618700867327866,631,Excuse me.  Do you happen to have any anchovies?
4716,1074,8,26,117,151,1.2781456953642385,0.045221007833030055,631,I only had enough dough for coach.
3795,1074,7,28,116,151,1.2781456953642385,0.04423391604509388,631,Would you knead this while I use the restroom?
3718,1074,8,26,117,151,1.2781456953642385,0.045221007833030055,631,I just got tired of peanuts
3754,1074,5,32,114,151,1.2781456953642385,0.04219050707426151,631,"So, would you like to make a little dough?"
3697,1074,9,24,118,151,1.2781456953642385,0.04618700867327866,631,Sorry. It's for the folks in first class.
2809,1074,8,26,117,151,1.2781456953642385,0.045221007833030055,631,"No question - no phones, no interruptions, you can actually get some work done on a plane."
74,1074,6,30,115,151,1.2781456953642385,0.043224288402862826,631,I'm not a fan of airline food.
1771,1074,8,26,117,151,1.2781456953642385,0.045221007833030055,631,"I've got to make it Boise by 5 pm, or it's free."""
1139,1074,7,28,116,151,1.2781456953642385,0.04423391604509388,631,I promised the wife I'd bring home dinner.
906,1074,5,32,114,151,1.2781456953642385,0.04219050707426151,631,I'm a member of the mile-pie club.
784,1074,10,22,119,151,1.2781456953642385,0.04713321536810394,631,"""It all started when the moon hit my eye...""
Hilary A. Kaplan, Silver Spring, MD"
286,1074,6,30,115,151,1.2781456953642385,0.043224288402862826,631,Looks a bit like pie in the sky if you ask me.
92,1074,6,30,115,151,1.2781456953642385,0.043224288402862826,631,You don't get this kinda service on JetBlue
270,1094,9,25,121,155,1.2774193548387096,0.045340478793870896,631,"The secret is the dry, foul air."
3646,1095,7,28,117,152,1.2763157894736843,0.04398002535160598,631,Online orders take priority.  The woman sitting in front of you is in front of you.
2577,1095,7,28,117,152,1.2763157894736843,0.04398002535160598,631,"Yes, but our” 30 minutes or it’s free “ pledge is killing us"
1379,1095,7,28,117,152,1.2763157894736843,0.04398002535160598,631,Some fly first class...I fly cooking class.
2375,1098,8,24,113,145,1.2758620689655173,0.04640604422571574,631,I think we should see other people.
5500,1098,6,28,111,145,1.2758620689655173,0.04429390544367285,631,Delivery promises have gotten way out of hand.
3267,1100,12,17,120,149,1.2751677852348993,0.04935559750198767,631,"If I don’t get there in 30 minutes, it’s free"
3318,1100,8,25,116,149,1.2751677852348993,0.04553236341888473,631,TSA kept the sauce and pepperoni.
3345,1100,8,25,116,149,1.2751677852348993,0.04553236341888473,631,I'm actually much more productive when I'm not in the kitchen
3473,1100,6,29,114,149,1.2751677852348993,0.04349490401616014,631,I can only bring 100 ml sauce.
3263,1100,7,27,115,149,1.2751677852348993,0.044525289408853794,631,It gives the crust a light and airy texture.
3627,1100,9,23,117,149,1.2751677852348993,0.04651764009573785,631,Please read me the rest of the recipe?
3967,1100,7,27,115,149,1.2751677852348993,0.044525289408853794,631,"Its take-out for the crew, they don't eat airline food."
4047,1100,5,31,113,149,1.2751677852348993,0.04243950934928181,631,We had an order for pizza and wings.
4231,1100,9,23,117,149,1.2751677852348993,0.04651764009573785,631,"We guarantee fresh, hot pizza within a 35,000 foot radius."
4874,1100,6,29,114,149,1.2751677852348993,0.04349490401616014,631,"I started with balloon animals, but this is way more uplifting."
4495,1100,7,27,115,149,1.2751677852348993,0.044525289408853794,631,I find I’m able to get a lot of work done on these longer flights.
4695,1100,5,31,113,149,1.2751677852348993,0.04243950934928181,631,"Excuse me, miss? Can you please turn the volume down on your computer?"
4747,1100,10,21,118,149,1.2751677852348993,0.0474824763638524,631,How many are watching our live feed now?
4837,1100,7,27,115,149,1.2751677852348993,0.044525289408853794,631,You ever try a mile high pie?
4871,1100,7,27,115,149,1.2751677852348993,0.044525289408853794,631,"Actually, I don't mind the commute. I get a lot of work done."
5451,1100,1,39,109,149,1.2751677852348993,0.037925361798392364,631,"For the whole pizza, you have to be in First Class."
5170,1100,7,27,115,149,1.2751677852348993,0.044525289408853794,631,"When this sucker gets within throwing distance, we'll see how the moon likes a pizza pie to the eye."
5394,1100,5,31,113,149,1.2751677852348993,0.04243950934928181,631,I'm not giving them $4 for a lousy bag of nuts.
5413,1100,4,33,112,149,1.2751677852348993,0.041357190816598915,631,We recently expanded our delivery area.
5457,1100,1,39,109,149,1.2751677852348993,0.037925361798392364,631,"Sorry, extra large is not available in Economy Class."
4248,1100,7,27,115,149,1.2751677852348993,0.044525289408853794,631,This should set a new record for the highest toss.
3149,1100,0,41,108,149,1.2751677852348993,0.03671019403342557,631,I constantly feel out of place.
1293,1100,8,25,116,149,1.2751677852348993,0.04553236341888473,631,It tastes better when I’m high.
2818,1100,9,23,117,149,1.2751677852348993,0.04651764009573785,631,Wait 'til you see how I bake this thing!
3110,1100,6,29,114,149,1.2751677852348993,0.04349490401616014,631,PizzaNow dot com. Where do you work?
243,1100,10,21,118,149,1.2751677852348993,0.0474824763638524,631,I've found that turbulence makes for a lighter crust.
443,1100,9,23,117,149,1.2751677852348993,0.04651764009573785,631,The key is to really get some air under it.
609,1100,6,29,114,149,1.2751677852348993,0.04349490401616014,631,"The TSA took my sauce, but they forgot about the sausage."
656,1100,8,25,116,149,1.2751677852348993,0.04553236341888473,631,It's the yeast of my worries.
663,1100,7,27,115,149,1.2751677852348993,0.044525289408853794,631,I usually try to get a little work done on my flight.
672,1100,5,31,113,149,1.2751677852348993,0.04243950934928181,631,"”When I was CEO of Papa John’s, I flew in the company jet."
822,1100,5,31,113,149,1.2751677852348993,0.04243950934928181,631,"Pizza? No, not at all—why do you ask?"
691,1100,6,29,114,149,1.2751677852348993,0.04349490401616014,631,I figured I couldn't lose by selling pie in the sky.
995,1100,9,23,117,149,1.2751677852348993,0.04651764009573785,631,It’s a high altitude recipe.
1094,1100,8,25,116,149,1.2751677852348993,0.04553236341888473,631,We're calling it pie in the sky.
1268,1100,3,35,111,149,1.2751677852348993,0.040245776308494394,631,As a matter of fact this is my first time flying! How could you tell?
1668,1100,2,37,110,149,1.2751677852348993,0.03910278492775372,631,Just trying to catch up on a little work before we land.
2587,1100,9,23,117,149,1.2751677852348993,0.04651764009573785,631,"Yeah the workshop is in Tuscany, but it's technically a business trip so I figure I should get some work done."
2651,1100,5,31,113,149,1.2751677852348993,0.04243950934928181,631,I forgot to restrict the postal code for food delivery
2747,1100,2,37,110,149,1.2751677852348993,0.03910278492775372,631,The extra legroom is absolutely worth the dough.
950,1100,5,31,113,149,1.2751677852348993,0.04243950934928181,631,"When the Moon Hits the Sky Like a Big Pizza Pie, that's..."
2377,1141,6,28,112,146,1.273972602739726,0.04403003649623462,631,I’m known around the world for making first class pizza
2969,1141,8,24,114,146,1.273972602739726,0.04612581420895325,631,I've always wanted to join the Mile Pie club.
3873,1141,8,24,114,146,1.273972602739726,0.04612581420895325,631,"Our pizza deliveries take a while, but they’re fresh."
2784,1141,6,28,112,146,1.273972602739726,0.04403003649623462,631,"We've reached 35,000 feet.  Email Ripley's."
2491,1141,5,30,111,146,1.273972602739726,0.0429438098283116,631,It makes for a lighter crust.
1493,1141,6,28,112,146,1.273972602739726,0.04403003649623462,631,… it's unleavened.
2875,1141,8,24,114,146,1.273972602739726,0.04612581420895325,631,"Can you Google ""No-Bake Pizzas?"""
349,1141,5,30,111,146,1.273972602739726,0.0429438098283116,631,"Don't worry, I'm with Uber Eats."
230,1141,7,26,113,146,1.273972602739726,0.04509010340583965,631,"On top of that, if we get delayed I gotta give it to 'em free."
4066,1141,6,28,112,146,1.273972602739726,0.04403003649623462,631,It needs to rise.
4575,1141,8,24,114,146,1.273972602739726,0.04612581420895325,631,You don’t want to know where the pepperoni is.
3372,1141,6,28,112,146,1.273972602739726,0.04403003649623462,631,"Well, it's kind of a working vacation."
1045,1141,8,24,114,146,1.273972602739726,0.04612581420895325,631,You can bring pretty much anything on if you have TSA Precheck.
5484,1141,5,30,111,146,1.273972602739726,0.0429438098283116,631,"The butcher and candlestick maker are in first class.""

Barbara Druskoff
867 El Caminito Rd 
Fallbrook, CA 92028
760 723 045"
3368,1155,7,27,116,150,1.2733333333333334,0.04426548608975301,631,The key to a thin crust is altitude.
345,1156,6,28,113,147,1.272108843537415,0.04376918552853482,631,"TSA agents need to relax, it's not like I'm making a soufflé"
2778,1157,4,30,106,140,1.2714285714285714,0.042822870846178,631,The hard part is getting the pepperoni through security.
2508,1157,6,26,108,140,1.2714285714285714,0.04515914207938474,631,I didn't think I was cured but I guess the mental hospital needed the bed.
2374,1157,3,32,105,140,1.2714285714285714,0.04160556867283074,631,"Fresh, local pizza. On a plane. Where they don't serve meals anymore.  Lady, I'm gonna make a fortune"""
4359,1160,5,29,110,144,1.2708333333333333,0.04320443218435998,631,We’re guarenteed to arrive in thirty minutes or less
4390,1160,7,25,112,144,1.2708333333333333,0.045396840800028745,631,I have found that the recirculated air gives it a certain je ne sais pas.
4402,1160,10,19,115,144,1.2708333333333333,0.048499983979362775,631,Trying to come up with a pie in the sky idea.
4456,1160,4,31,109,144,1.2708333333333333,0.04206539983463682,631,"I'm in a pizza dough tossing contest. I figure 30,000 feet should be a winner."
5399,1160,4,31,109,144,1.2708333333333333,0.04206539983463682,631,"So: pre-flight you chose the vegetarian option, is that correct?"
4704,1160,4,31,109,144,1.2708333333333333,0.04206539983463682,631,They’re charging so much for inflight meals now...
5342,1160,5,29,110,144,1.2708333333333333,0.04320443218435998,631,"I figure everyone else gets to work on the plane, so why can't I?"
4086,1160,5,29,110,144,1.2708333333333333,0.04320443218435998,631,"So, you'd rather I'd brought my baby?"
5555,1160,1,37,106,144,1.2708333333333333,0.038446359669968386,631,We take our 30-minutes-and-fresh delivery promise seriously.
4615,1160,9,21,114,144,1.2708333333333333,0.04748813903358763,631,"So, obviously, I’ll likely knead both armrests."
3840,1160,8,23,113,144,1.2708333333333333,0.04645425978043619,631,That's a good question.
3148,1160,8,23,113,144,1.2708333333333333,0.04645425978043619,631,Delivery in 30 minutes or its free!
3696,1160,7,25,112,144,1.2708333333333333,0.045396840800028745,631,It said to use plane flour
3616,1160,10,19,115,144,1.2708333333333333,0.048499983979362775,631,Des Moines. Where are you from?
2941,1160,7,25,112,144,1.2708333333333333,0.045396840800028745,631,"Yeah, it’s a good opportunity to catch up on a little work."
2693,1160,6,27,111,144,1.2708333333333333,0.04431419701966919,631,And that’s why I became an Air Marshall.
2494,1160,10,19,115,144,1.2708333333333333,0.048499983979362775,631,It's the original fidget spinner.
2086,1160,4,31,109,144,1.2708333333333333,0.04206539983463682,631,I think you should consider ordering your topping choices now.
1916,1160,4,31,109,144,1.2708333333333333,0.04206539983463682,631,"It's more difficult than I imagined, trying to get some work done on the plane."
1858,1160,3,33,108,144,1.2708333333333333,0.04089465449325579,631,"He was my uncle, and it's actually pronounced 'Boy-AIR Dee.'"
1779,1160,8,23,113,144,1.2708333333333333,0.04645425978043619,631,"Listen kid, you really can move up in the world if you have the dough."
1571,1160,7,25,112,144,1.2708333333333333,0.045396840800028745,631,An  upgrade would have been a better use of the extra dough”
1345,1160,8,23,113,144,1.2708333333333333,0.04645425978043619,631,I'm trying to quit looking at my phone.
984,1160,5,29,110,144,1.2708333333333333,0.04320443218435998,631,"Don't judge me, you know airline food."
652,1160,3,33,108,144,1.2708333333333333,0.04089465449325579,631,"If you want to see a real trick, join me out on the wing when I bake this baby in the engine's afterburner!"
524,1160,7,25,112,144,1.2708333333333333,0.045396840800028745,631,The captain is very particular about the crust.
3764,1160,8,23,113,144,1.2708333333333333,0.04645425978043619,631,Would you check with the steward and see if they've got any basil?
681,1160,7,25,112,144,1.2708333333333333,0.045396840800028745,631,In First Class there's a pizza oven.
5494,1160,11,17,116,144,1.2708333333333333,0.04949114610840552,631,"They said I would make more dough working for the airlines"""
2989,1189,4,29,105,138,1.2681159420289856,0.04307528616827969,631,TSA confiscated the anchovies.
2816,1189,4,29,105,138,1.2681159420289856,0.04307528616827969,631,"If you knead any dough, I'm your man."
1487,1189,4,29,105,138,1.2681159420289856,0.04307528616827969,631,I like to think of it as my pie in the sky.
2606,1192,6,26,110,142,1.267605633802817,0.044602253291466165,631,Of course if you want it cooked you'll have to upgrade to first class.
80,1192,7,24,111,142,1.267605633802817,0.04570832658874256,631,No more paying extra for in-flight meals for me.
418,1192,8,22,112,142,1.267605633802817,0.046788259642886874,631,"That’s correct miss, you’re in hell. Welcome.”"
1716,1192,5,28,109,142,1.267605633802817,0.04346804432924327,631,Hope this doesn't disturb you.
5,1192,8,22,112,142,1.267605633802817,0.046788259642886874,631,They said I wasn't tossing the dough high enough...
2103,1192,6,26,110,142,1.267605633802817,0.044602253291466165,631,Mile Pie Club
5682,1192,9,20,113,142,1.267605633802817,0.047843822603103554,631,The turbulence really makes my job a breeze.
2342,1192,7,24,111,142,1.267605633802817,0.04570832658874256,631,The cabin pressure causes the dough to rise more.
2609,1192,5,28,109,142,1.267605633802817,0.04346804432924327,631,I guess you could say we deliver.
5083,1192,7,24,111,142,1.267605633802817,0.04570832658874256,631,"I can’t sleep on planes, so I might as well get some work done."
2486,1192,6,26,110,142,1.267605633802817,0.044602253291466165,631,It’s my service dough. I can’t travel without it.
3455,1192,8,22,112,142,1.267605633802817,0.046788259642886874,631,I'm always bringing my work home with me.
2602,1192,3,32,107,142,1.267605633802817,0.041105846738328664,631,"Once I get the hang of it, they'll let me back in the galley."
2545,1192,8,22,112,142,1.267605633802817,0.046788259642886874,631,I have a bet with my friends about who can get published in the New York Times cartoon section.
4219,1192,4,30,108,142,1.267605633802817,0.04230343670367706,631,I have a wager with Mario that I can toss my dough higher than he can.
4323,1192,6,26,110,142,1.267605633802817,0.044602253291466165,631,The airline wanted more dough.
4896,1192,8,22,112,142,1.267605633802817,0.046788259642886874,631,"TSA took my tomato sauce, so I'm making cheese sticks instead."
4659,1192,3,32,107,142,1.267605633802817,0.041105846738328664,631,I was telling my boss about a pie in the sky idea ...
5209,1192,6,26,110,142,1.267605633802817,0.044602253291466165,631,These days lots of people bring their work with them on vacation.
4686,1192,5,28,109,142,1.267605633802817,0.04346804432924327,631,You working? So am I.
2734,1212,5,27,107,139,1.2661870503597121,0.04400872365954917,631,Care for a hair net ?
3108,1212,4,29,106,139,1.2661870503597121,0.04280774863955415,631,We fly in the freshest ingredients daily.
3173,1212,6,25,108,139,1.2661870503597121,0.045177784061393216,631,What kind of work do I  do? It's sort of up in the air.
3453,1212,7,23,109,139,1.2661870503597121,0.04631734650488074,631,"When the airlines banned peanuts I sensed on opportunity"""
3572,1212,3,31,105,139,1.2661870503597121,0.04157209315192029,631,"If you tell them it's emotional support dough, they'll let you take it on for free."
5016,1212,6,25,108,139,1.2661870503597121,0.045177784061393216,631,I can never read on planes.
4626,1212,6,25,108,139,1.2661870503597121,0.045177784061393216,631,It's my carry-out luggage.
4702,1212,3,31,105,139,1.2661870503597121,0.04157209315192029,631,I don't mind that we have to make our own meals now -- it's getting the sauce into those three-ounce containers past the TSA.
5177,1212,4,29,106,139,1.2661870503597121,0.04280774863955415,631,"I don’t know why they wouldn’t sell me a first-class ticket.
It’s not like I don’t have the dough."
5298,1212,6,25,108,139,1.2661870503597121,0.045177784061393216,631,It all started with a peanut allergy
5610,1212,5,27,107,139,1.2661870503597121,0.04400872365954917,631,Who do you think makes the pie in the sky?
5635,1212,8,21,110,139,1.2661870503597121,0.047429537229541886,631,"I'm no expert, but I think laptops make it harder for people to take a break and leave their jobs at the office."
4176,1212,4,29,106,139,1.2661870503597121,0.04280774863955415,631,I have to keep going until we land because they made me check my oven.
2691,1212,6,25,108,139,1.2661870503597121,0.045177784061393216,631,I really need a vacation
2586,1212,6,25,108,139,1.2661870503597121,0.045177784061393216,631,It always calms me down when I fly.
2619,1212,3,31,105,139,1.2661870503597121,0.04157209315192029,631,Just you wait till they ask if there's a chef aboard
220,1212,7,23,109,139,1.2661870503597121,0.04631734650488074,631,I always bring my own snacks.
261,1212,6,25,108,139,1.2661870503597121,0.045177784061393216,631,"In retrospect, maybe cross-country delivery wasn't the best idea."
305,1212,7,23,109,139,1.2661870503597121,0.04631734650488074,631,The PR people checked.Guiness has no rules for how to define the highest pizza flip.
840,1212,6,25,108,139,1.2661870503597121,0.045177784061393216,631,"It's not delivery, it's DiGiorno!"
942,1212,6,25,108,139,1.2661870503597121,0.045177784061393216,631,"Well, it's always been one of those ""pie-in-the-sky"" dreams of mine."
964,1212,10,17,112,139,1.2661870503597121,0.04957912696810145,631,I'm with Pie In The Sky pizza.
1126,1212,4,29,106,139,1.2661870503597121,0.04280774863955415,631,I knead something to keep me calm.
1399,1212,5,27,107,139,1.2661870503597121,0.04400872365954917,631,"First time? Oh, no, I throw up on planes all the time."
2653,1212,6,25,108,139,1.2661870503597121,0.045177784061393216,631,Of course it helps to have TSA pre-check.
1494,1212,8,21,110,139,1.2661870503597121,0.047429537229541886,631,Do you mind using headphones? You’re being rude and I have to concentrate.
1589,1212,5,27,107,139,1.2661870503597121,0.04400872365954917,631,"'No, you have to buy the whole pie!"""
1702,1212,5,27,107,139,1.2661870503597121,0.04400872365954917,631,This is my emotional support pizza dough.
1765,1212,7,23,109,139,1.2661870503597121,0.04631734650488074,631,At least I'm not reclining my seat.
1841,1212,6,25,108,139,1.2661870503597121,0.045177784061393216,631,It takes even more dough to sit in first class.
1937,1212,7,23,109,139,1.2661870503597121,0.04631734650488074,631,"Peanuts are 'out.'  Pizza is in.  Grab the tomato sauce from my seat pocket, would 'ya?"
2194,1212,7,23,109,139,1.2661870503597121,0.04631734650488074,631,"Bake it?  Heavens no, this is my emotional support pizza dough."
2343,1212,9,19,111,139,1.2661870503597121,0.04851623868730769,631,I get my emotional support from yeast
2405,1212,3,31,105,139,1.2661870503597121,0.04157209315192029,631,"The leg room may be gone, but I am definitely taking advantage of the increased headroom."
1500,1212,6,25,108,139,1.2661870503597121,0.045177784061393216,631,I had to fork over some serious dough for this flight.
1848,1212,5,27,107,139,1.2661870503597121,0.04400872365954917,631,It helps me relax.
2751,1248,7,15,87,109,1.2660550458715596,0.0547477485931748,631,"The bankers called all of my ideas pie in the sky, and then it hit me."
3203,1249,1,36,106,143,1.2657342657342658,0.03837413849424774,631,You eating in or taking out?
3553,1250,3,30,103,136,1.2647058823529411,0.04205413841083768,631,"We deliver fresh, world wide!"
4671,1250,2,32,102,136,1.2647058823529411,0.040738410567967114,631,On the subway yesterday I whipped up a Baked Alaska.
1778,1250,3,30,103,136,1.2647058823529411,0.04205413841083768,631,I know.  Some people can be so annoying on planes.
3433,1250,2,32,102,136,1.2647058823529411,0.040738410567967114,631,My business is really up in the air!
5621,1250,5,26,105,136,1.2647058823529411,0.04456922123197992,631,The guy in 17D ordered on Grub Hub.
4851,1250,4,28,104,136,1.2647058823529411,0.04332993214109077,631,Actually you're lucky.  The guy who makes the sauce is seated way up front.
4763,1250,4,28,104,136,1.2647058823529411,0.04332993214109077,631,"Really, it’s all about constant practice."
1054,1250,7,22,107,136,1.2647058823529411,0.04694976469560254,631,How did you know I'm Albanian?
734,1250,4,28,104,136,1.2647058823529411,0.04332993214109077,631,"Would you kindly take over for me while I use the rest room, please?"
5176,1259,6,25,109,140,1.2642857142857142,0.044894205072559736,631,Because I have difficulty keeping my hands to myself.
4260,1260,3,29,101,133,1.263157894736842,0.042552872559928706,631,This is why I prefer business class.
365,1260,3,29,101,133,1.263157894736842,0.042552872559928706,631,I'm just hoping I don't get hand-tossed out of here.
835,1260,5,25,103,133,1.263157894736842,0.045150739708304057,631,"'Autopilot this, autopilot that. Let's see that piece of electronic junk do this'"
457,1260,5,25,103,133,1.263157894736842,0.045150739708304057,631,"Welcome to my new restaurant, Air Fare."
1536,1260,4,27,102,133,1.263157894736842,0.043871039760350776,631,I once had a pizzeria in first-class.
5021,1260,6,23,104,133,1.263157894736842,0.046395155595813774,631,If the plane's late it's free!
3430,1260,5,25,103,133,1.263157894736842,0.045150739708304057,631,I like to get a little work in on the train.
4503,1260,7,21,105,133,1.263157894736842,0.047607054407015306,631,Do you think he would mind if I asked him to turn down his music?
3596,1268,6,24,107,137,1.2627737226277371,0.045480679010271745,631,I left my computer at home
104,1268,6,24,107,137,1.2627737226277371,0.045480679010271745,631,The altitude is the secret...
642,1268,6,24,107,137,1.2627737226277371,0.045480679010271745,631,I always work on the plane too.
803,1268,1,34,102,137,1.2627737226277371,0.03913797552833434,631,It's the oven that will be the problem.
1131,1268,6,24,107,137,1.2627737226277371,0.045480679010271745,631,Ever heard of Pie in the Sky?
1332,1268,5,26,106,137,1.2627737226277371,0.044284872770276734,631,"So, I said to the gate attendant, 'But, I have a lot of dough!  Can't I sit in First Class?'  ... She didn't think it was funny, either."
1806,1268,8,20,109,137,1.2627737226277371,0.04778259701132749,631,I finally got the dough  to rise.
2073,1268,2,32,103,137,1.2627737226277371,0.04048608817127524,631,Welcome to my pop-up parlor: Pie in the Sky
2644,1268,7,22,108,137,1.2627737226277371,0.04664583979511086,631,I'm attempting the first N.Y. to L.A. continuous pizza toss.
3217,1268,8,20,109,137,1.2627737226277371,0.04778259701132749,631,"Actually I‘m not throwing the dough, I‘m afraid we are loosing height"
3290,1268,6,24,107,137,1.2627737226277371,0.045480679010271745,631,Just catching up on work
159,1268,5,26,106,137,1.2627737226277371,0.044284872770276734,631,"Some people knit, I knead."
3655,1268,7,22,108,137,1.2627737226277371,0.04664583979511086,631,"Ok, just don’t flip out."
5379,1268,8,20,109,137,1.2627737226277371,0.04778259701132749,631,"Actually, it’s baking it at this elevation that’s the hard part."
5628,1268,6,24,107,137,1.2627737226277371,0.045480679010271745,631,and from then on I've never eaten the airplane food
4751,1268,7,22,108,137,1.2627737226277371,0.04664583979511086,631,It gets a rise out of people every time!
1496,1268,6,24,107,137,1.2627737226277371,0.045480679010271745,631,"First, I toss the dough 41,002 feet in the air..."
4776,1268,9,18,110,137,1.2627737226277371,0.04889293184196156,631,And our topping selections include - peanuts.
2462,1268,2,32,103,137,1.2627737226277371,0.04048608817127524,631,I'm going for the highest pizza dough toss record.
5109,1268,6,24,107,137,1.2627737226277371,0.045480679010271745,631,It helps the yeast rise.
2710,1288,5,27,109,141,1.2624113475177305,0.0434637466358263,631,"Yeah, I like to take my work with me too"
2859,1288,4,29,108,141,1.2624113475177305,0.04228214929529463,631,"If you want deep dish, the pilot has to lower the air pressure in the cabin."
5263,1288,8,21,112,141,1.2624113475177305,0.04682999721764306,631,This cartoon doesn't make any sense to me either.
2167,1288,7,23,111,141,1.2624113475177305,0.04573545142240031,631,"What can I say, my therapist was out of Xanax."
1468,1288,4,29,108,141,1.2624113475177305,0.04228214929529463,631,I can’t believe I got this through security.
497,1288,7,23,111,141,1.2624113475177305,0.04573545142240031,631,It’s only a deep dish if we crash.
1357,1288,3,31,107,141,1.2624113475177305,0.041066568233002684,631,The trick is to factor in our air speed.
558,1288,6,25,110,141,1.2624113475177305,0.04461406049909625,631,Mind if I look something up?
4074,1296,3,29,102,134,1.2611940298507462,0.04227975466244136,631,I've found it's the best way to get the dough to rise.
5134,1296,3,29,102,134,1.2611940298507462,0.04227975466244136,631,Have you heard of the mile high pizza pie club?
185,1298,4,26,101,131,1.2595419847328244,0.04413690634167973,631,I usually fly Alitalia.
4268,1298,2,30,99,131,1.2595419847328244,0.04139066171519377,631,Always dress for the job you want.
5249,1300,9,17,109,135,1.2592592592592593,0.049276650421100854,631,"It's 30,000 miles for plain cheese or 60,000 for pepperoni."
4917,1300,4,27,104,135,1.2592592592592593,0.04330585040333075,631,... so I quit Subway to go freelance.
4935,1300,0,35,100,135,1.2592592592592593,0.037857144650666516,631,I wouldn't have this leftover dough if I had flown first class.
4850,1300,5,25,105,135,1.2592592592592593,0.04456405500702562,631,I have to get to the International Pizza Makers qualifying round as soon as we land in Rome.  This is my only time to practice.
4691,1300,6,23,106,135,1.2592592592592593,0.04578769832807442,631,"It was going to be matzo, but the flight was so late, the dough levened."
5416,1300,5,25,105,135,1.2592592592592593,0.04456405500702562,631,The airline thinks it's a money-maker. I say it's just pie in the sky.
5294,1300,4,27,104,135,1.2592592592592593,0.04330585040333075,631,We've had a really hard time getting this gluten free crust to rise.
4449,1300,6,23,106,135,1.2592592592592593,0.04578769832807442,631,I’ve been much more productive since I started working during my commute.
4167,1300,2,31,102,135,1.2592592592592593,0.040672841554636616,631,"Hey, it's not easy competing with Uber Eats."
1917,1300,4,27,104,135,1.2592592592592593,0.04330585040333075,631,"No, the Xray and microwaves don't seem to have affected the dough at all."
3850,1300,6,23,106,135,1.2592592592592593,0.04578769832807442,631,Most women are only interested in my dough.
755,1300,9,17,109,135,1.2592592592592593,0.049276650421100854,631,I'm not just some pie in the sky dreamer; I have a falafel cart at 9th and Chestnut.
585,1300,7,21,107,135,1.2592592592592593,0.046979481028384,631,My pizzas are known for their air pockets.
1505,1300,5,25,105,135,1.2592592592592593,0.04456405500702562,631,It's the new artisan fidget spinner. It's great for those of us who can't get our support peacocks through security.
326,1300,4,27,104,135,1.2592592592592593,0.04330585040333075,631,You wouldn't believe what the cabin pressure does for my dough.
2148,1300,4,27,104,135,1.2592592592592593,0.04330585040333075,631,"Instead of allowing comfort pets, the airlines are offering comfort foods."
2173,1300,6,23,106,135,1.2592592592592593,0.04578769832807442,631,Yeah you need a lot of dough for these seats.
2451,1300,5,25,105,135,1.2592592592592593,0.04456405500702562,631,"With only 50,000 miles and a little more dough, I would have been in first class."
2584,1300,4,27,104,135,1.2592592592592593,0.04330585040333075,631,Three hours or it's free.
1181,1300,6,23,106,135,1.2592592592592593,0.04578769832807442,631,Some people need to know.  I knead the dough.
2865,1300,4,27,104,135,1.2592592592592593,0.04330585040333075,631,"You won't believe what yeast can do at 40,000 feet."
1777,1300,6,23,106,135,1.2592592592592593,0.04578769832807442,631,I am in a pizza tossing contest to see who can toss their dough the highest. There are no rules...
3046,1300,5,25,105,135,1.2592592592592593,0.04456405500702562,631,Is the hat a bit much?
1900,1300,3,29,103,135,1.2592592592592593,0.0420099792863805,631,The brick oven was a real squeeze to get in the overhead compartment.
3057,1300,6,23,106,135,1.2592592592592593,0.04578769832807442,631,I'm studying for my culinary school final.
3380,1300,3,29,103,135,1.2592592592592593,0.0420099792863805,631,"No, actually the hard part is when I'm done and have to use the tray table to put on the toppings."
3400,1300,7,21,107,135,1.2592592592592593,0.046979481028384,631,"I always wanted to be a pilot. Unfortunately, that dream is just a pie in the sky."
1596,1327,6,22,104,132,1.2575757575757576,0.046408374605699396,631,A dozen of them pays for the flight. The rest is pure marinara.
5283,1327,6,22,104,132,1.2575757575757576,0.046408374605699396,631,I find the dough rises better up here
1598,1327,5,24,103,132,1.2575757575757576,0.04514506409940063,631,Why not? Everyone else is doing their work on the plane.
1761,1327,7,20,105,132,1.2575757575757576,0.047638195332599,631,The best part about freelancing is that I can work from anywhere
1882,1327,4,26,102,132,1.2575757575757576,0.04384536910022607,631,"Love to chat, but I've got work to do."
2032,1327,0,34,98,132,1.2575757575757576,0.038206998148498,631,This is one circumstance where turbulence is a good thing!
2352,1327,3,28,101,132,1.2575757575757576,0.04250595217767891,631,"My great American novel is called, ‘The Dough Also Rises.’"
2775,1327,7,20,105,132,1.2575757575757576,0.047638195332599,631,I am going to a pizza makers convention. And you.
5158,1327,5,24,103,132,1.2575757575757576,0.04514506409940063,631,The cabin pressure helps for a thin crust. It's not complicated
5019,1327,3,28,101,132,1.2575757575757576,0.04250595217767891,631,You ever heard of the Mile-Pie Club?
1559,1327,7,20,105,132,1.2575757575757576,0.047638195332599,631,"Simple really,  momentum, plus air passing over
a curved surface provides lift!"
2581,1327,6,22,104,132,1.2575757575757576,0.046408374605699396,631,I'm taking the pop-up concept to a whole new level.
2647,1327,5,24,103,132,1.2575757575757576,0.04514506409940063,631,It’s for our new Lighter-than-Air  crust.
3512,1327,0,34,98,132,1.2575757575757576,0.038206998148498,631,"I used to be an accountant, but now I'm living out my pie-in-the-sky dreams!"
3353,1327,5,24,103,132,1.2575757575757576,0.04514506409940063,631,"Unfortunately, I couldn't get the pepperoni through security."
1207,1327,7,20,105,132,1.2575757575757576,0.047638195332599,631,"If it's not Fresh, I don't eat it"
1349,1327,4,26,102,132,1.2575757575757576,0.04384536910022607,631,I guess my analyst is right when he says I bring my work home with me.
5007,1327,6,22,104,132,1.2575757575757576,0.046408374605699396,631,Business or pleasure?
4536,1327,4,26,102,132,1.2575757575757576,0.04384536910022607,631,I kneaded something to pass the time.
4355,1327,1,32,99,132,1.2575757575757576,0.039691751391482614,631,Now I can write this off as a business expense!
5690,1327,5,24,103,132,1.2575757575757576,0.04514506409940063,631,Well my friend said all entrepreneurs will be working on their demo on the flight into SFO
241,1327,4,26,102,132,1.2575757575757576,0.04384536910022607,631,This is nothing. You should see Jeff in First Class with the tomatoes.
265,1327,5,24,103,132,1.2575757575757576,0.04514506409940063,631,Heads or tails?
5593,1327,4,26,102,132,1.2575757575757576,0.04384536910022607,631,No I’m not an Air Marshal in disguise...I’m practicing for my Papa John’s job interview
3957,1327,7,20,105,132,1.2575757575757576,0.047638195332599,631,The worse was when the vegan air marshal tried to shoot it down
481,1327,6,22,104,132,1.2575757575757576,0.046408374605699396,631,"The current record is 12 hours, 3 minutes."
2817,1327,7,20,105,132,1.2575757575757576,0.047638195332599,631,"Unfortunately, I could only bring 3 oz. of tomato sauce."
790,1327,6,22,104,132,1.2575757575757576,0.046408374605699396,631,"I forgot my laptop. I have to do something with my hands to make me forget we're traveling at 500 mph, 30,000 ft in the air in a tin can!"
962,1327,2,30,100,132,1.2575757575757576,0.041122932161109266,631,"I’m not a chef, I’m just hiding my weed in this hat."
4194,1327,6,22,104,132,1.2575757575757576,0.046408374605699396,631,The overhead bin was full.
4386,1327,4,26,102,132,1.2575757575757576,0.04384536910022607,631,I just set the Guinness record for highest pizza toss.
1208,1327,6,22,104,132,1.2575757575757576,0.046408374605699396,631,"The boss put “Hot, Fresh Pizza!  We deliver anywhere, 24/7!” in the internet ad, and I got the short straw."
1210,1327,5,24,103,132,1.2575757575757576,0.04514506409940063,631,The wings will be ready in a few.
657,1327,8,18,106,132,1.2575757575757576,0.04883705637680049,631,The altitude creates a thinner crust.
2936,1327,6,22,104,132,1.2575757575757576,0.046408374605699396,631,It's cheaper than the in-flight options
4578,1362,7,21,108,136,1.2573529411764706,0.04667171252997456,631,I figured what could possibly be a more underserved market.
4281,1362,8,19,109,136,1.2573529411764706,0.047824483398717685,631,It’s her first time flying.
2321,1362,5,25,106,136,1.2573529411764706,0.04427622191123931,631,I go everywhere with my emotional support starter.
3861,1362,7,21,108,136,1.2573529411764706,0.04667171252997456,631,"Long story short, I signed up for the wrong spin class"
3893,1362,5,25,106,136,1.2573529411764706,0.04427622191123931,631,I challenge any baker to make a dough that rises higher than mine.
5239,1362,7,21,108,136,1.2573529411764706,0.04667171252997456,631,I just kneaded to get away.
4108,1362,7,21,108,136,1.2573529411764706,0.04667171252997456,631,I really knead the dough.
4217,1362,7,21,108,136,1.2573529411764706,0.04667171252997456,631,On my last flight I made blintzes.
4741,1370,3,22,84,109,1.2568807339449541,0.047720142306811104,631,"Sorry, the pizza is just for first class."
3674,1370,3,22,84,109,1.2568807339449541,0.047720142306811104,631,"Sorry, this is for first class only. You’ll get a choice of peanuts or chips."
397,1372,0,33,96,129,1.255813953488372,0.03856540453901627,631,Fine Italian dining is only in Business Class.
189,1372,1,31,97,129,1.255813953488372,0.040105042803439676,631,You said we could get some work done on the way.
5486,1372,3,27,99,129,1.255813953488372,0.043019327287641684,631,Mind switching seats with my brick oven?
2223,1372,5,23,101,129,1.255813953488372,0.04574833966710416,631,I got tired of airline food.
2203,1372,5,23,101,129,1.255813953488372,0.04574833966710416,631,The dough rises better at altitude.
2303,1372,3,27,99,129,1.255813953488372,0.043019327287641684,631,It’s sky to table.
1467,1378,7,20,106,133,1.255639097744361,0.04731830539368354,631,Got some work to catch up on.
2220,1378,4,26,103,133,1.255639097744361,0.043557531216445955,631,"The sous-chef bet I couldn't throw a pizza dough up 20,000 feet in the air.  Of course, I had to carry on to prove her wrong."
3551,1378,7,20,106,133,1.255639097744361,0.04731830539368354,631,Interested in joining the mile-pie club?
3809,1378,2,30,101,133,1.255639097744361,0.040858489846862585,631,I'll take mine with pepperoni and extra cheese
5589,1378,6,22,105,133,1.255639097744361,0.04609881624051918,631,The kitchen is a bit cramped
680,1383,3,21,82,106,1.2547169811320755,0.0484463389191188,631,"When i booked a self-catering vacation, i was not really expecting this!"
4368,1384,3,26,97,126,1.253968253968254,0.04355111273560004,631,It’s an experiment in relativity. And pepperoni.
4200,1384,4,24,98,126,1.253968253968254,0.04498537037185613,631,I only do take out
3894,1384,5,22,99,126,1.253968253968254,0.04637529163765117,631,Thought I'd try to get some work done during the flight...
4471,1384,6,20,100,126,1.253968253968254,0.04772475040753304,631,Hey! You Googled ME!
4733,1384,2,28,96,126,1.253968253968254,0.04206798418660938,631,"Well, on flights I like to either sleep the whole way or get some work done."
3759,1384,0,32,94,126,1.253968253968254,0.038932596106046706,631,This is my first pizza delivery training
5669,1384,3,26,97,126,1.253968253968254,0.04355111273560004,631,It said let the dough rise before tossing.
2269,1384,1,30,95,126,1.253968253968254,0.040530620110487955,631,I can’t believe the TSA confiscated my sauce.
5499,1384,1,30,95,126,1.253968253968254,0.040530620110487955,631,This really airs it out.
1026,1393,4,25,101,130,1.2538461538461538,0.044105822846975215,631,They said that I could save dough flying coach
5372,1393,1,31,98,130,1.2538461538461538,0.03984396887708566,631,Can you believe they said I didn't have enough dough to fly in first class?
1574,1393,5,23,102,130,1.2538461538461538,0.04543769573146975,631,"In the event of a water landing, I'll get a great crust."
5202,1393,5,23,102,130,1.2538461538461538,0.04543769573146975,631,"Not only have the seats gotten smaller, they've also done away completely with the brick ovens."
1581,1393,9,15,106,130,1.2538461538461538,0.05041454681828528,631,I'm flipping pizza dough in an airplane.
1629,1393,7,19,104,130,1.2538461538461538,0.04799067995079202,631,I knead to get over my fear of flying.
1847,1393,6,21,103,130,1.2538461538461538,0.046731625028052344,631,I heard they'll bump you to first class if you show you have the dough.
4060,1393,7,19,104,130,1.2538461538461538,0.04799067995079202,631,I'm an air marshal . What do you do?
1999,1393,6,21,103,130,1.2538461538461538,0.046731625028052344,631,"... and when I get upgraded to business class, I make a nice spaghetti alla puttanesca."
3811,1393,6,21,103,130,1.2538461538461538,0.046731625028052344,631,"What can I tell you? Long-time client, moved to L.A., just can't do without his New York pizza."
2634,1393,4,25,101,130,1.2538461538461538,0.044105822846975215,631,Customers keep ordering plane pizza and I am racking up the frequent flyer miles!
3503,1393,7,19,104,130,1.2538461538461538,0.04799067995079202,631,You are doing your work on the plane. Why shouldn’t I do mine?
3478,1393,4,25,101,130,1.2538461538461538,0.044105822846975215,631,"Sorry, it's only a medium. I didn't have the dough to fly first-class."
3196,1393,4,25,101,130,1.2538461538461538,0.044105822846975215,631,The work never stops.
1476,1393,4,25,101,130,1.2538461538461538,0.044105822846975215,631,Which shall I make a pizza or a calzone? The decison is pretty much still in the air.
5388,1393,8,17,105,130,1.2538461538461538,0.0492175369814075,631,You can't beat the naturally occurring yeasts in here.
2951,1393,5,23,102,130,1.2538461538461538,0.04543769573146975,631,Haven't you heard of 'Pie in the Sky'?
759,1393,7,19,104,130,1.2538461538461538,0.04799067995079202,631,"It was either this, or pay for another carry-on."
16,1393,3,27,100,130,1.2538461538461538,0.04273245867758954,631,"They said this would be fine, but I had to gate-check the sauce."
2885,1393,8,17,105,130,1.2538461538461538,0.0492175369814075,631,The dough also rises.
5524,1393,9,15,106,130,1.2538461538461538,0.05041454681828528,631,"Unfortunately, the pan is in the overhead."
5611,1393,5,23,102,130,1.2538461538461538,0.04543769573146975,631,"If we encounter turbulence, it will probably land in that lady's hair in front of you."
58,1393,7,19,104,130,1.2538461538461538,0.04799067995079202,631,It provides extra lift.
5485,1393,3,27,100,130,1.2538461538461538,0.04273245867758954,631,"The crust comes out especially good when there's a lot of turbulence."""
460,1393,6,21,103,130,1.2538461538461538,0.046731625028052344,631,"Sorry, no pepperoni. You can get it with pretzels or peanuts."
527,1393,7,19,104,130,1.2538461538461538,0.04799067995079202,631,"Sorry, I’m a kneady flier."
676,1393,5,23,102,130,1.2538461538461538,0.04543769573146975,631,"And I said, ""You can't fire me, I quit!"" So I just left."
5427,1393,4,25,101,130,1.2538461538461538,0.044105822846975215,631,They say it can't be done... but I'll show them.
373,1393,3,27,100,130,1.2538461538461538,0.04273245867758954,631,Would you mind Googling 'Find pepperoni on an airplane' for me?
1390,1422,6,14,83,103,1.2524271844660195,0.05470173630408332,631,"Ever since they banned manspreading on flights, I've had to think of more creative ways to take up as much space as possible."
601,1423,6,15,86,107,1.2523364485981308,0.05327149207679169,631,It also doubles as a rotation device.
2441,1423,5,17,85,107,1.2523364485981308,0.05158988393893246,631,"""Yeah, this is it for the entire coach section."""
3043,1425,0,31,92,123,1.2520325203252032,0.03930879526823995,631,You said you wanted a first class pizza.
4001,1426,2,28,97,127,1.2519685039370079,0.041783307211502446,631,"So I thought, everybody else is getting work done, why not me."
2319,1426,4,24,99,127,1.2519685039370079,0.04467452870973071,631,Makes the crust light and airy.
2134,1426,0,32,95,127,1.2519685039370079,0.03867655630514473,631,I get so much work done on these flights!
4455,1426,4,24,99,127,1.2519685039370079,0.04467452870973071,631,"You do your work, I’ll do mine."
5511,1426,4,24,99,127,1.2519685039370079,0.04467452870973071,631,"Sorry, Ma'am, it's a business trip."
142,1426,1,30,96,127,1.2519685039370079,0.040259910389591175,631,the landing's the hard part.
4598,1432,5,23,103,131,1.251908396946565,0.0451311281248637,631,Would you believe they only allow 1 carry out on this airline?
4889,1432,5,23,103,131,1.251908396946565,0.0451311281248637,631,I forgot to turn on airplane mode.
4137,1432,4,25,102,131,1.251908396946565,0.043810716882134705,631,"Work follows me everywhere I go, too."
4886,1435,5,22,101,128,1.25,0.045733307698775365,631,Lighter than air!
3356,1435,7,18,103,128,1.25,0.04834871689297298,631,I'm only 50 flight hours away from my sky chef certification.
3309,1435,2,28,98,128,1.25,0.041502300476984284,631,It's a skill that travels well.
4100,1435,2,27,95,124,1.25,0.042268793820328485,631,"Wait, let me put this in airplane mode."
5040,1435,3,25,96,124,1.25,0.043792479657892625,631,"This isn't a pie in the sky, it's a bona fide business opportunity!"
3302,1435,4,24,100,128,1.25,0.044367825470805686,631,Did the captain mention whether we'd be landing in 30 minutes or less?
5227,1435,2,27,95,124,1.25,0.042268793820328485,631,I operate a chain of fly by night pizza seats.
2831,1435,1,30,97,128,1.25,0.03999261742895678,631,It doubles as a parachute.
5340,1435,5,21,98,124,1.25,0.04669091947809488,631,"Like many professionals, planes are one of the few places that I can get work done uninterupted."
2452,1435,4,24,100,128,1.25,0.044367825470805686,631,"Overseas delivery comes with an additional surcharge, but unlimited toppings."
2344,1435,3,26,99,128,1.25,0.042958962288966916,631,Ever heard of the mile pie club?
2265,1435,6,21,105,132,1.25,0.046100544855210326,631,Could you tell the man next to me to turn his music down...its very distracting
5214,1435,2,28,98,128,1.25,0.041502300476984284,631,Wait until you see me juggle the meatballs.
5162,1435,4,24,100,128,1.25,0.044367825470805686,631,Just remember to use the high altitude recipe.
5151,1435,4,24,100,128,1.25,0.044367825470805686,631,I'm actually a sky marshall. Pay me no mind.
4629,1435,4,24,100,128,1.25,0.044367825470805686,631,"Oh, I apologize for trying to immerse myself in the culture BEFORE I get to Italy..."
3563,1435,8,16,104,128,1.25,0.04960473688328407,631,Then we put the dough on the engine and broil for ten minutes.
5138,1435,7,18,103,128,1.25,0.04834871689297298,631,I used to work for Alitalia
3715,1435,1,30,97,128,1.25,0.03999261742895678,631,"Excuse me m'am, can you not type so loud, it's kind of rude and I'm kind of busy. Thanks."""
5105,1435,8,16,104,128,1.25,0.04960473688328407,631,Guinness.
3406,1435,4,23,97,124,1.25,0.04526490492808352,631,Dough rises better above 1000 feet.
2254,1435,3,26,99,128,1.25,0.042958962288966916,631,I'm a therapy baker.
3035,1435,4,23,97,124,1.25,0.04526490492808352,631,Does your laptop happen to have an oven app?
4027,1435,4,24,100,128,1.25,0.044367825470805686,631,I have discovered that the dough rises quicker at higher altitudes.
5091,1435,6,20,102,128,1.25,0.04705918538536189,631,The book said that the most sure fire way to pick up girls was to have some dough.
2382,1435,3,25,96,124,1.25,0.043792479657892625,631,I’m always looking for an opportunity to make some dough...and impress women.
617,1435,2,27,95,124,1.25,0.042268793820328485,631,"Excuse me, but is that gluten-free?"
743,1435,2,27,95,124,1.25,0.042268793820328485,631,I used to be able to make a large.
2217,1435,4,23,97,124,1.25,0.04526490492808352,631,Are you kidding? Do I look like the type of guy who would get stopped by TSA agents?
5075,1435,1,30,97,128,1.25,0.03999261742895678,631,"Totally allowable, it's my 'emotional support' pie dough."
4579,1435,5,22,101,128,1.25,0.045733307698775365,631,"Couple of plane slices, coming up!"
3580,1435,7,18,103,128,1.25,0.04834871689297298,631,"Anytime. Anywhere. 
Somebody at corporate did not think this through."
4308,1435,3,26,99,128,1.25,0.042958962288966916,631,Recycled air is good for the dough!
5297,1435,7,18,103,128,1.25,0.04834871689297298,631,"Oh, this? It's my emotional support dough."
1335,1435,7,18,103,128,1.25,0.04834871689297298,631,I'm taking a break from social media.
976,1435,1,30,97,128,1.25,0.03999261742895678,631,What pizza?
923,1435,5,22,101,128,1.25,0.045733307698775365,631,"Please verity for Guinness that I flipped pizza dough 30,001 feet in the air."
473,1435,6,20,102,128,1.25,0.04705918538536189,631,I'm on a rush delivery.
1687,1435,4,24,100,128,1.25,0.044367825470805686,631,My secret ingredient is germs.
1579,1435,5,22,101,128,1.25,0.045733307698775365,631,It was hell getting the sauce past TSA.
1842,1435,8,16,104,128,1.25,0.04960473688328407,631,The sauce is in the hat
1085,1435,7,18,103,128,1.25,0.04834871689297298,631,You know that self-described famous Italian chef you've been exchanging those romantic messages with...?
1982,1435,8,16,104,128,1.25,0.04960473688328407,631,Only problem was getting the overhead oven installed
264,1435,4,24,100,128,1.25,0.044367825470805686,631,"Sometimes it's a challenge to keep to our ""fast and fresh"" guarantee."
2160,1435,5,22,101,128,1.25,0.045733307698775365,631,Glad they left me a little dough
2141,1480,4,23,98,125,1.248,0.04494584555059639,631,"Well, everybody's got their own spin, right?"
4827,1480,4,23,98,125,1.248,0.04494584555059639,631,"For me, there are loftier goals than a Michelin star."
2907,1480,6,19,100,125,1.248,0.04773042581401404,631,And its gluten-free
3936,1480,6,19,100,125,1.248,0.04773042581401404,631,You think they’ll let me bake my emotional support pizza?
2129,1480,6,19,100,125,1.248,0.04773042581401404,631,"You know, this might be your only chance to join the Mile Pie Club."
3243,1480,7,17,101,125,1.248,0.04906348750804017,631,Guess what I do for a living?
2261,1480,6,19,100,125,1.248,0.04773042581401404,631,No reason.  I just like to throw pizza dough on airplanes.
4502,1480,2,27,96,125,1.248,0.04197695220152403,631,I have to do this as long as my tray is in its upright and locked position.
4009,1480,5,21,99,125,1.248,0.04635904755624927,631,It calms me down when I fly...
4807,1480,6,19,100,125,1.248,0.04773042581401404,631,This airline insists on freshness.
3578,1480,4,23,98,125,1.248,0.04494584555059639,631,It's my first time flying business
2409,1480,4,23,98,125,1.248,0.04494584555059639,631,"'What I like about flying is, you get a chance to catch up on your work!'"
3586,1480,4,23,98,125,1.248,0.04494584555059639,631,I didn’t have enough dough to go first class.
3604,1480,7,17,101,125,1.248,0.04906348750804017,631,"Oh, it's completely legal alright - Newton's 1st law, you know."
2615,1480,4,23,98,125,1.248,0.04494584555059639,631,Nobody dresses up for air travel any more
5258,1480,4,23,98,125,1.248,0.04494584555059639,631,I fly coach because I knead the dough.
3726,1480,6,19,100,125,1.248,0.04773042581401404,631,It's all about getting air in the dough.
3333,1480,5,21,99,125,1.248,0.04635904755624927,631,I' studying whether Einstein was right or not:  Does time slow down for a pizza on a moving train?___________
3881,1480,4,23,98,125,1.248,0.04494584555059639,631,You have to book business class if you want sauce.
4788,1480,5,21,99,125,1.248,0.04635904755624927,631,"And turns out theres some big loopholes for ""World Highest Crust Toss"""
3265,1480,7,17,101,125,1.248,0.04906348750804017,631,I'm tired of those pretzels they serve
4758,1480,4,23,98,125,1.248,0.04494584555059639,631,They took away the kitchen when they made first class roomier.
4652,1480,5,21,99,125,1.248,0.04635904755624927,631,"Folks, although our live broadcast of Kitchens of New York is delayed due to traffic control, let’s go ahead and get started now."
3791,1480,5,21,99,125,1.248,0.04635904755624927,631,The recycled oxygen really brings out the taste.
3238,1480,6,19,100,125,1.248,0.04773042581401404,631,I’m headed to the British Baking Show.
3490,1480,5,21,99,125,1.248,0.04635904755624927,631,Pie in the sky. Go figure.
268,1480,7,17,101,125,1.248,0.04906348750804017,631,I choose to take the red-eyes because I knead to get some work done to make some dough.
1448,1480,7,17,101,125,1.248,0.04906348750804017,631,I heard you're more likely to get an upgrade if you look like you have a lot of dough.
1720,1480,4,23,98,125,1.248,0.04494584555059639,631,...and everything just feels like it's up in the air right now.
191,1480,8,15,102,125,1.248,0.05036127544568475,631,"I'm being deported. And yes, the White House chef is considered a senior administration official."
1573,1480,5,21,99,125,1.248,0.04635904755624927,631,"My prof said, ""The dough needs to rise as high as possible."""
1685,1480,4,23,98,125,1.248,0.04494584555059639,631,It's a new pizza delivery system we're piloting.
4168,1480,3,25,97,125,1.248,0.043486742510718705,631,And they said I'd never get pass TSA with a white headdress.
4222,1480,4,23,98,125,1.248,0.04494584555059639,631,People just tell me it's pie in the sky
1682,1480,5,21,99,125,1.248,0.04635904755624927,631,"It's more visceral than a fidget spinner, and it helps me justify using the trip as a business expense."
1322,1480,6,19,100,125,1.248,0.04773042581401404,631,I’m practicing for an interview in Italy
5378,1480,1,29,95,125,1.248,0.040410793831159975,631,It’s called rising dough.
5277,1480,6,19,100,125,1.248,0.04773042581401404,631,Do you know where they keep the on-flight oven?
1285,1480,4,23,98,125,1.248,0.04494584555059639,631,"No reason, why do you ask?"
1081,1480,2,27,96,125,1.248,0.04197695220152403,631,It's chick bait.
669,1480,5,21,99,125,1.248,0.04635904755624927,631,... cause I like my dough extra airy.
379,1480,4,23,98,125,1.248,0.04494584555059639,631,It's part of our new hotspot delivery service.
1456,1480,5,21,99,125,1.248,0.04635904755624927,631,My ambition to become a world-renowned chef is just pie-in-the-sky at this point.
2278,1523,0,25,76,101,1.2475247524752475,0.043157415282580915,631,They say distraction is good for airplane anxiety.
3162,1524,8,15,103,126,1.246031746031746,0.04999874022096504,631,Do you mind if I turn on my reading light?
4845,1524,6,19,101,126,1.246031746031746,0.047390988275359834,631,I’m testing a new concept of “do-it-yourself” airline food.
3008,1524,5,21,100,126,1.246031746031746,0.046031746031746035,631,One day I realized it makes quite a good fidget device.
724,1524,3,25,98,126,1.246031746031746,0.04318510609878031,631,I'm using high-altitude flour.
4385,1524,0,31,95,126,1.246031746031746,0.03852273364924317,631,It's pie-on-the-fly
568,1524,6,19,101,126,1.246031746031746,0.047390988275359834,631,I figured I’d get some work done on the flight.
3354,1524,4,23,99,126,1.246031746031746,0.04463112720677173,631,They better not be out of tomato juice.
4653,1524,4,23,99,126,1.246031746031746,0.04463112720677173,631,I have very specific dietary needs.
4046,1524,6,19,101,126,1.246031746031746,0.047390988275359834,631,"Of course you can have pie in the sky, if you have the dough."
3001,1524,4,23,99,126,1.246031746031746,0.04463112720677173,631,"I'm trying to prove that the higher you throw it, the better the crust."
4996,1524,5,21,100,126,1.246031746031746,0.046031746031746035,631,"Why yes, I was subjected to additional screening?  How did you know?"
5045,1524,2,27,97,126,1.246031746031746,0.041688958511562575,631,To sit in First Class required more dough.
5148,1524,6,19,101,126,1.246031746031746,0.047390988275359834,631,I really should have bought the meal plan.
1305,1524,5,21,100,126,1.246031746031746,0.046031746031746035,631,You think extra leg room is expensive...
216,1524,6,19,101,126,1.246031746031746,0.047390988275359834,631,Pizza's always better when you toss it up in the air.
1658,1524,1,29,96,126,1.246031746031746,0.040137079300749556,631,I'm learning to make pizza. What are you doing  on your laptop?
1817,1524,3,25,98,126,1.246031746031746,0.04318510609878031,631,It's part of our pie in the sky promotion
5581,1524,1,29,96,126,1.246031746031746,0.040137079300749556,631,We're out of the no-pie zone.
2887,1524,5,21,100,126,1.246031746031746,0.046031746031746035,631,The head chef told me I need to  practice tossing it in the air.
2138,1524,5,21,100,126,1.246031746031746,0.046031746031746035,631,It's the only way to get the dough to rise high enough.
3164,1524,4,23,99,126,1.246031746031746,0.04463112720677173,631,"I am superstitious. As long as it is in the air, so are we."
226,1524,6,19,101,126,1.246031746031746,0.047390988275359834,631,I guess I did take him too literally when he asked if I had the dough to fly
2682,1524,3,25,98,126,1.246031746031746,0.04318510609878031,631,Air pockets are my friend.
4841,1547,5,20,97,122,1.2459016393442623,0.04700986675286886,631,It’s ‘Iron Chef - Airline Pretzel Edition’.
4013,1547,5,20,97,122,1.2459016393442623,0.04700986675286886,631,Ever since then I started packing my own lunch.
4462,1547,4,22,96,122,1.2459016393442623,0.04554607090890052,631,"Work trips, am I right?"
3813,1547,1,28,93,122,1.2459016393442623,0.040841101657361316,631,I’m going for the record ...highest pizza toss
5330,1547,6,18,98,122,1.2459016393442623,0.048429439073835824,631,"I'm not doing this to relax, I'm on a deadline!"
459,1547,3,24,95,122,1.2459016393442623,0.04403364143873072,631,Who doesn't like an in-flight pizza?
186,1547,3,24,95,122,1.2459016393442623,0.04403364143873072,631,The recipe said to let the dough rise.
1562,1554,4,23,100,127,1.2440944881889764,0.04432066548417608,631,They're trying a new seat-to-tray menu in Coach.
1786,1554,4,23,100,127,1.2440944881889764,0.04432066548417608,631,"It's part of the ""bring your own snacks"" thing."
1975,1554,5,21,101,127,1.2440944881889764,0.045708924357428474,631,"Because I'm in training, their food is terrible, and there's nothing about this in the rules."
3273,1554,3,25,99,127,1.2440944881889764,0.04288749248915535,631,You're probably wondering why I'm not in first class the way I toss around my dough.
5453,1554,5,21,101,127,1.2440944881889764,0.045708924357428474,631,"I'm thinking of calling it ""pie in the sky""."
3425,1554,6,19,102,127,1.2440944881889764,0.047056244461984,631,I figured for the prices they charge for food on flights these days...
4925,1554,6,19,102,127,1.2440944881889764,0.047056244461984,631,I recently found out from a genetic test that I'm 2.9% Italian.
5639,1561,2,26,95,123,1.2439024390243902,0.04216812218259812,631,I'm using a high altitude recipe.
3486,1561,5,20,98,123,1.2439024390243902,0.04666894676742699,631,I'd share but they only allowed me to carry on four ounces of sauce.
3516,1561,5,20,98,123,1.2439024390243902,0.04666894676742699,631,Let's hope this is the only thing that goes into a flat spin.
3535,1561,4,22,97,123,1.2439024390243902,0.045218475992188534,631,Working during my commute gives me a big head start on the day ahead.
3608,1561,6,18,99,123,1.2439024390243902,0.04807567590482465,631,The TSA took away my laptop.
4313,1561,5,20,98,123,1.2439024390243902,0.04666894676742699,631,I couldn't stand the heat.
4346,1561,7,16,100,123,1.2439024390243902,0.04944239714081975,631,It's amazing how productive I am when I'm not constantly being interrupted.
4750,1561,6,18,99,123,1.2439024390243902,0.04807567590482465,631,I just can't eat airline food.
3670,1561,5,20,98,123,1.2439024390243902,0.04666894676742699,631,"What's the deal with airline food? For one, it's always a toss up!"
5187,1561,4,22,97,123,1.2439024390243902,0.045218475992188534,631,"When they said the restaurant would take off, I didn't think they meant literally."
5273,1561,4,22,97,123,1.2439024390243902,0.045218475992188534,631,"Twenty one thousand six hundred twenty four,twenty one thousand six hundred twenty five,twenty one thousand six hundred twenty six,tw..."
3785,1561,3,24,96,123,1.2439024390243902,0.043719910220988874,631,The secret is to really let the dough rise.
5501,1561,5,20,98,123,1.2439024390243902,0.04666894676742699,631,I hold the record for keeping it in the air longest.
4064,1561,7,16,100,123,1.2439024390243902,0.04944239714081975,631,Fasten your seatbelt. I’m about to demonstrate Newton’s third Law of Motion
5597,1561,9,12,102,123,1.2439024390243902,0.05206832701057475,631,"All my dough is tossed up to about 30,000 feet."
5641,1561,3,24,96,123,1.2439024390243902,0.043719910220988874,631,I just needed a letter from my doctor to bring my comfort food on board.
1803,1561,2,26,95,123,1.2439024390243902,0.04216812218259812,631,I have to be doing something with my hands.  You got any other ideas?
4110,1561,5,20,98,123,1.2439024390243902,0.04666894676742699,631,200 more hours and my internship is over
1674,1561,6,18,99,123,1.2439024390243902,0.04807567590482465,631,"The cabin’s pressure is great for the dough. Also, our customers love how the jet lag ages the pizza so it tastes like their having left overs. It’s the college nostalgia market."
866,1561,2,26,95,123,1.2439024390243902,0.04216812218259812,631,I find plane rides a productive time to get work done.
1669,1561,4,22,97,123,1.2439024390243902,0.045218475992188534,631,"So I told the TSA guy that it's a non-Newtonian fluid, not a liquid."
586,1561,3,24,96,123,1.2439024390243902,0.043719910220988874,631,I knead to pass the time.
1270,1561,5,20,98,123,1.2439024390243902,0.04666894676742699,631,Could you hand me the bag of flour under my seat?
1183,1561,3,24,96,123,1.2439024390243902,0.043719910220988874,631,I thought I would take pizza making to the next level.
1170,1561,3,24,96,123,1.2439024390243902,0.043719910220988874,631,Has anyone out there seen plaid shirt guy?  He was supposed to pick up his order on this flight.
89,1561,5,20,98,123,1.2439024390243902,0.04666894676742699,631,Last week I tried juggling to pass the time on the flight.
1104,1561,5,20,98,123,1.2439024390243902,0.04666894676742699,631,The secret to a great crust is New York City water.
1006,1561,3,24,96,123,1.2439024390243902,0.043719910220988874,631,You have no idea how much I kneaded this vacation.
924,1561,3,24,96,123,1.2439024390243902,0.043719910220988874,631,I never rely on airplane food.
895,1561,1,28,94,123,1.2439024390243902,0.040557003181715984,631,I’m  really good at multi tasking.
890,1561,4,22,97,123,1.2439024390243902,0.045218475992188534,631,"Tossing the dough high in the air makes the crust tender.  Twenty-five thousand feel is about right."""
878,1561,3,24,96,123,1.2439024390243902,0.043719910220988874,631,"Just like you, I have trouble leaving work behind."
868,1561,4,22,97,123,1.2439024390243902,0.045218475992188534,631,I'm the emotional therapy chef.
1042,1561,1,28,94,123,1.2439024390243902,0.040557003181715984,631,He pays extra to have it delivered fresh to the White House.
1776,1561,1,28,94,123,1.2439024390243902,0.040557003181715984,631,Why is it that YOU can bring your work on the plane?
664,1561,6,18,99,123,1.2439024390243902,0.04807567590482465,631,Figured I'd make lunch while waiting for Windows updates
2498,1561,2,26,95,123,1.2439024390243902,0.04216812218259812,631,I had a pie-in-the-sky idea that I think will work.
4276,1561,6,18,99,123,1.2439024390243902,0.04807567590482465,631,Seems like everyone's working 24-7 nowadays just to make enough dough.
1886,1561,7,16,100,123,1.2439024390243902,0.04944239714081975,631,It's my comfort dough; travels with me everywhere.
2013,1561,6,18,99,123,1.2439024390243902,0.04807567590482465,631,I’m competing in a contest for highest pizza toss.
3383,1561,5,20,98,123,1.2439024390243902,0.04666894676742699,631,The DIY dinner was cheaper.
3200,1561,8,14,101,123,1.2439024390243902,0.050772341450393485,631,"Yeah, turbulence is rough, but what's really tricky is crossing the Equator."
2149,1561,1,28,94,123,1.2439024390243902,0.040557003181715984,631,I know it makes the pizza expensive but this rarified air does such wonderful things for the dough.
2153,1561,2,26,95,123,1.2439024390243902,0.04216812218259812,631,I'm working a high altitude crust.
3127,1561,6,18,99,123,1.2439024390243902,0.04807567590482465,631,You won't believe the trouble TSA put me through.
2944,1561,6,18,99,123,1.2439024390243902,0.04807567590482465,631,"The higher in the air you toss it, the better the pizza."
2246,1561,6,18,99,123,1.2439024390243902,0.04807567590482465,631,Except we call it the Mile Pie Club
1782,1561,7,16,100,123,1.2439024390243902,0.04944239714081975,631,The altitude makes for  a fluffier crust.
2633,1561,4,22,97,123,1.2439024390243902,0.045218475992188534,631,Sourdough is just a bacterial culture so this is the perfect environment.
2913,1561,3,24,96,123,1.2439024390243902,0.043719910220988874,631,Snack pretzels are out. fresh pretzels are in!
2795,1561,4,22,97,123,1.2439024390243902,0.045218475992188534,631,It helps with the Anxiety.
2556,1612,4,21,94,119,1.2436974789915967,0.04616990623084198,631,When almost in Rome.
677,1612,4,21,94,119,1.2436974789915967,0.04616990623084198,631,My work doesn’t exactly need Wi-fi.
3814,1612,1,27,91,119,1.2436974789915967,0.04128402453096098,631,"Peanut and gluten free, which is tough at this altitude!"
4435,1615,5,15,83,103,1.2427184466019416,0.052477220167314625,631,Next flight I should have my emotional support brick oven.
3434,1616,3,18,78,99,1.2424242424242424,0.04992451339684328,631,I knead my emotional support
2065,1617,5,21,102,128,1.2421875,0.04539049423914243,631,I wish I had enough dough for business class.
3491,1618,3,24,97,124,1.2419354838709677,0.04341048188296504,631,I'm on a working vacation.
4523,1618,5,20,99,124,1.2419354838709677,0.0463328244815081,631,Would you believe the Guinness record is only 118
4774,1618,7,16,101,124,1.2419354838709677,0.04908147625690609,631,This counts as my 'personal item.'
1051,1618,3,24,97,124,1.2419354838709677,0.04341048188296504,631,I used to be a Benihana chef but they never let me fly
1123,1618,4,22,98,124,1.2419354838709677,0.04489543719436014,631,It's pie in the sky.
2422,1618,5,20,99,124,1.2419354838709677,0.0463328244815081,631,The altitude helps with the gluten window
2471,1618,3,24,97,124,1.2419354838709677,0.04341048188296504,631,They said to let the dough rise.
3483,1618,8,14,102,124,1.2419354838709677,0.050399619592996305,631,"Jeff Bezos wanted a New York-style pizza."""
633,1618,4,22,98,124,1.2419354838709677,0.04489543719436014,631,It's a gift. I choose not to question it.
3940,1627,5,14,81,100,1.24,0.053409037180286764,631,"Now, it's your turn."
2087,1627,4,16,80,100,1.24,0.05148305595538256,631,It's for the drop down menu.
112,1629,5,19,97,121,1.2396694214876034,0.04698161147287437,631,I thought this was a working environment.
4826,1629,3,23,95,121,1.2396694214876034,0.043952129902021915,631,Well...I only had the ingredients for the high altitude recipe.
2551,1629,5,19,97,121,1.2396694214876034,0.04698161147287437,631,I started out walking and chewing gum.
2741,1629,4,21,96,121,1.2396694214876034,0.04549209568437318,631,I'll bet you anything that TSA guy was a pineapple person.
2880,1629,6,17,98,121,1.2396694214876034,0.0484253328684489,631,I just put it on auto-pilot till my dough rises.
3230,1629,6,17,98,121,1.2396694214876034,0.0484253328684489,631,Our Pizza tossing class is having a final today
3464,1629,4,21,96,121,1.2396694214876034,0.04549209568437318,631,It has the highest carbon footprint of any pizza out there.
3547,1629,4,21,96,121,1.2396694214876034,0.04549209568437318,631,Rush call from the White House. Pizza with baloney.
3821,1629,5,19,97,121,1.2396694214876034,0.04698161147287437,631,"I'm only average looking, but I do make a lot of dough."
2502,1629,5,19,97,121,1.2396694214876034,0.04698161147287437,631,Planes are a great place to get some extra work done.”
3886,1629,2,25,94,121,1.2396694214876034,0.042356211776931295,631,"Sorry, wood-fired baking is only available in business class or higher."
4185,1629,6,17,98,121,1.2396694214876034,0.0484253328684489,631,"I bet a guy I could throw a pizza crust over 20,000 feet high."
5313,1629,6,17,98,121,1.2396694214876034,0.0484253328684489,631,"If you fly first-class, you get toppings."
4632,1629,5,19,97,121,1.2396694214876034,0.04698161147287437,631,After our best customer moved two thousand miles away we started thinking outside the box.
4719,1629,7,15,99,121,1.2396694214876034,0.04982724064457145,631,The Parapetic school of philosophy dates from 335 B.C.  I have been a practitioner since high school.
4762,1629,4,21,96,121,1.2396694214876034,0.04549209568437318,631,Don’t ask.
4803,1629,4,21,96,121,1.2396694214876034,0.04549209568437318,631,"Actually, my plans are up in the air right now."
4819,1629,2,25,94,121,1.2396694214876034,0.042356211776931295,631,I’ve gotten so much work done on this flight.
5429,1629,5,19,97,121,1.2396694214876034,0.04698161147287437,631,I can flip the pizza with the seat belt on or off.
5245,1629,5,19,97,121,1.2396694214876034,0.04698161147287437,631,Delivery in 5 hours or less or it is free.
2460,1629,2,25,94,121,1.2396694214876034,0.042356211776931295,631,It's my fidget spinner when I fly
2236,1629,7,15,99,121,1.2396694214876034,0.04982724064457145,631,"Believe it or not, I'm a pizza cook."
250,1629,5,19,97,121,1.2396694214876034,0.04698161147287437,631,Airplanes are one of the few places where I can work without all of the distractions.
354,1629,7,15,99,121,1.2396694214876034,0.04982724064457145,631,"No, I'm Irish."
423,1629,4,21,96,121,1.2396694214876034,0.04549209568437318,631,You think this is something? Watch how I bake it!
583,1629,7,15,99,121,1.2396694214876034,0.04982724064457145,631,I'm sorry pineapple on pizza is just plain wrong.
618,1629,2,25,94,121,1.2396694214876034,0.042356211776931295,631,I thought I'd rise to the occasion
723,1629,4,21,96,121,1.2396694214876034,0.04549209568437318,631,"Can you believe these ‘low cost’ airlines?! I have to make lunch for the crew, since I checked  a bag .."
838,1629,7,15,99,121,1.2396694214876034,0.04982724064457145,631,I'm not sure; everything's up in the air at the moment.
873,1629,8,13,100,121,1.2396694214876034,0.05119077023335348,631,SkyMall Pizza?
918,1629,4,21,96,121,1.2396694214876034,0.04549209568437318,631,There’s less dough in coach
1202,1629,4,21,96,121,1.2396694214876034,0.04549209568437318,631,It’s hard for me to let go of work.
1708,1629,4,21,96,121,1.2396694214876034,0.04549209568437318,631,I always try to get a little work done on the long flights.
1851,1629,6,17,98,121,1.2396694214876034,0.0484253328684489,631,I used to be a slave to electronics like you.
1955,1629,4,21,96,121,1.2396694214876034,0.04549209568437318,631,I figured I would get some work done on the flight home.
2253,1629,6,17,98,121,1.2396694214876034,0.0484253328684489,631,"At this altitude, you don't gain weight."
5106,1629,5,19,97,121,1.2396694214876034,0.04698161147287437,631,I guess you think I'm a weirdough.
1525,1666,1,21,74,96,1.2395833333333333,0.046227867313713165,631,Actually it's silly putty and almost big enough to make a copy of the inflight magazine
4946,1667,3,22,92,117,1.2393162393162394,0.04484898301597752,631,"Well, you did say, ‘To go.’"
15,1667,1,26,90,117,1.2393162393162394,0.04143316117449854,631,"For our coast-to-coast deliveries, if it’s not there within 7 hours, it’s free."
284,1667,4,20,93,117,1.2393162393162394,0.046462818402408325,631,I need to practice for a job interview.
4908,1667,4,20,93,117,1.2393162393162394,0.046462818402408325,631,This is the only way to get your dough to rise.
4055,1667,4,20,93,117,1.2393162393162394,0.046462818402408325,631,Yes. Yeast is one way of making it rise.
1385,1667,3,22,92,117,1.2393162393162394,0.04484898301597752,631,Oh This? Its just pie in the sky.
1805,1667,5,18,94,117,1.2393162393162394,0.04802245006476562,631,"I used to be a science teacher"""
2209,1667,0,28,89,117,1.2393162393162394,0.03961495460787806,631,"On the Endeavour, it just keeps going up."
5633,1675,5,19,98,122,1.2377049180327868,0.04663631960750775,631,"Well, you did order it “to go”!"
2699,1676,2,24,92,118,1.2372881355932204,0.042855429936970196,631,"Don't look now, but I think that's Simon Cowell."
2745,1676,7,14,97,118,1.2372881355932204,0.050605440748042345,631,I am constantly searching and studying air pressure for the perfect thin crust
2883,1676,6,16,96,118,1.2372881355932204,0.04915329166657521,631,I’m trying to bring delivery to new heights.
2925,1676,3,22,93,118,1.2372881355932204,0.04451350836236989,631,"It's not fair, no one complains when you work on your laptop."
3080,1676,4,20,94,118,1.2372881355932204,0.04611200470995581,631,You also traveling for business?”
3219,1676,0,28,90,118,1.2372881355932204,0.03933012549934383,631,"Yes, pizza for dinner because I spent all my money on leg room and a second bag"
2659,1676,5,18,95,118,1.2372881355932204,0.04765691481847308,631,"Why am I doing this?
It's on a knead to know basis."
3242,1676,3,22,93,118,1.2372881355932204,0.04451350836236989,631,I used to toss my cookies.
3300,1676,5,18,95,118,1.2372881355932204,0.04765691481847308,631,It's actually rubber. I haven't had anyone use my arm rest since I started using it.
3450,1676,5,18,95,118,1.2372881355932204,0.04765691481847308,631,They would've charged me more dough to sit up front.
3564,1676,5,18,95,118,1.2372881355932204,0.04765691481847308,631,It feels nice to knock out some billable hours while in the air.
3615,1676,6,16,96,118,1.2372881355932204,0.04915329166657521,631,It's my own form of stress management.
3207,1676,6,16,96,118,1.2372881355932204,0.04915329166657521,631,You probably should close that laptop for the fajitas.
2607,1676,1,26,91,118,1.2372881355932204,0.041130564346217625,631,Look on the bright side - I could have been a fire juggler!
2464,1676,6,16,96,118,1.2372881355932204,0.04915329166657521,631,It's our new ad campaign: Made Fresh and Delivered Anywhere in the World.
3112,1676,3,22,93,118,1.2372881355932204,0.04451350836236989,631,"They always said my dreams were pie-in-the-sky, but now see where I am."
44,1676,6,16,96,118,1.2372881355932204,0.04915329166657521,631,Yeah... my career is really up in the air at the moment.
651,1676,8,12,98,118,1.2372881355932204,0.05201706628547824,631,"Heads, you stay where you are. Tails, I get  the aisle seat"""
1640,1676,1,26,91,118,1.2372881355932204,0.041130564346217625,631,Chicago just wasn't a good fit for me.
901,1676,6,16,96,118,1.2372881355932204,0.04915329166657521,631,This  emotional support dough works as well as a dog
928,1676,3,22,93,118,1.2372881355932204,0.04451350836236989,631,"Mr. Musk maintains that a pressurized cabin at 35,000 feet provides just the right conditions for getting the perfect texture for a pizza dough."
1033,1676,2,24,92,118,1.2372881355932204,0.042855429936970196,631,Don't judge me. This is my emotional support pizza dough.
2575,1676,6,16,96,118,1.2372881355932204,0.04915329166657521,631,"I've found if I use enough semolina, it won't stick to the ceiling."
1112,1676,8,12,98,118,1.2372881355932204,0.05201706628547824,631,Then i sit on it for six hours 'til it's ready ~ you want a slice?
1495,1676,4,20,94,118,1.2372881355932204,0.04611200470995581,631,"Now Joe could legitimately advertise his 30,000 foot high pizza."
1639,1676,6,16,96,118,1.2372881355932204,0.04915329166657521,631,"They live in LA, but crave New York-style."
1721,1676,6,16,96,118,1.2372881355932204,0.04915329166657521,631,"It's probably hard to believe, but I've always been a bit different!"
2070,1676,4,20,94,118,1.2372881355932204,0.04611200470995581,631,"I’ve always wanted to visit Europe and now, finally, I’ve got the dough."
2142,1676,7,14,97,118,1.2372881355932204,0.050605440748042345,631,"From my perspective, it's a toss-up."
2300,1676,4,20,94,118,1.2372881355932204,0.04611200470995581,631,"Please Google "" what to do with tossed pizza dough when have no pan, oven, plate?"""
1484,1676,1,26,91,118,1.2372881355932204,0.041130564346217625,631,The trick is to wait for the air pockets and spare the wrists.
3632,1676,5,18,95,118,1.2372881355932204,0.04765691481847308,631,"Actually, the smaller overhead bins have been really good for me."
3395,1676,3,22,93,118,1.2372881355932204,0.04451350836236989,631,"You would think so, but I find it's quite the conversation starter."
3969,1676,3,22,93,118,1.2372881355932204,0.04451350836236989,631,Management recently started paying our commute time.
3800,1676,4,20,94,118,1.2372881355932204,0.04611200470995581,631,It’s getting tougher to get the ingredients through security.
5554,1676,4,20,94,118,1.2372881355932204,0.04611200470995581,631,My boss needs to rethink this whole delivery thing.
5430,1676,4,20,94,118,1.2372881355932204,0.04611200470995581,631,I  prefer the comfort of pizza to pets.
5420,1676,5,18,95,118,1.2372881355932204,0.04765691481847308,631,Sometimes dough doesn't guarantee first class.
5002,1676,6,16,96,118,1.2372881355932204,0.04915329166657521,631,They haven't thrown me off the plane yet cause I'm white.
4958,1676,4,20,94,118,1.2372881355932204,0.04611200470995581,631,Baking at high altitude is harder than it looks
4952,1676,7,14,97,118,1.2372881355932204,0.050605440748042345,631,OMG. The guy behind me has been tossing a friggin’ pizza and singing ‘That’s Amore’ for almost two hours now!
4403,1676,4,20,94,118,1.2372881355932204,0.04611200470995581,631,I provide farm-to-traytable service.
4398,1676,4,20,94,118,1.2372881355932204,0.04611200470995581,631,"In Boulder we call this a ""Mile High."""
4305,1676,2,24,92,118,1.2372881355932204,0.042855429936970196,631,And they say working remotely would hurt my productivity.
4292,1676,3,22,93,118,1.2372881355932204,0.04451350836236989,631,It doesn't count as a carry on.
3568,1676,2,24,92,118,1.2372881355932204,0.042855429936970196,631,"Yeah, emotional support pizza is pretty common, I make a killing after the drink cart passes."
4098,1676,5,18,95,118,1.2372881355932204,0.04765691481847308,631,"I'm OK as long as I maintain its moment of inertia and angular acceleration around a single perpendicular axis.  If I don't, I get in trouble with Newton's Second Law for Rotation.  Especially if someone asks for anchovies."
4000,1676,2,24,92,118,1.2372881355932204,0.042855429936970196,631,They put you in the back of the plane in a middle seat and expect you to be able to work.
4014,1676,8,12,98,118,1.2372881355932204,0.05201706628547824,631,"Actually, everything I do is pie in the sky."
4054,1676,3,22,93,118,1.2372881355932204,0.04451350836236989,631,"Sorry,  to get that you have to upgrade your seat to the ""Economy Plus Gluten-free"" section."
4049,1676,3,22,93,118,1.2372881355932204,0.04451350836236989,631,Think of it as UberEats 2.0
4088,1676,6,16,96,118,1.2372881355932204,0.04915329166657521,631,"Actually, it's my registered emotional support device."
4094,1676,7,14,97,118,1.2372881355932204,0.050605440748042345,631,"We call it the ""Mile-High-Pie Club""."
3910,1729,4,15,78,97,1.2371134020618557,0.05237732328067415,631,It's part of our new premium delivery service
2060,1730,2,23,89,114,1.236842105263158,0.04370411796234467,631,I like to bring my work with me also when I commute.
1431,1730,1,25,88,114,1.236842105263158,0.04189026774492564,631,This is much easier than milking a cow.
3028,1730,5,17,92,114,1.236842105263158,0.04874234413978753,631,"If it's not there in five-and-a-half hours with a short layover in Minneapolis, it's free."
3429,1730,2,23,89,114,1.236842105263158,0.04370411796234467,631,"Of course, relativity tells us that if the Captain were to bank hard left or right, you or headphone guy here would get a pie in the face."
5024,1730,2,23,89,114,1.236842105263158,0.04370411796234467,631,Business Class Has Its Advantages.
2235,1735,5,18,96,119,1.2352941176470589,0.04729679185138561,631,Quiet vigilance just doesn't cut it for Air Marshals these days.
4573,1735,5,18,96,119,1.2352941176470589,0.04729679185138561,631,"Please don’t think i’m rude, i’ve just got a lot of work to get done between Chicago and New York."
1086,1735,7,14,98,119,1.2352941176470589,0.05021798707662224,631,"This is the easy part, getting through security......."
1612,1735,5,14,83,102,1.2352941176470589,0.05246120787801261,631,Airplane rides are a pizza cake!
4616,1735,3,22,94,119,1.2352941176470589,0.04418287918231217,631,This was the only way TSA would let me bring NY style pizza back home.
4189,1740,7,14,99,120,1.2333333333333334,0.049836333439760135,631,I specialize in unrealistic business plans.
5114,1740,2,24,94,120,1.2333333333333334,0.04223008428447825,631,It's my work-at-home day
2839,1742,2,23,91,116,1.2327586206896552,0.04304343648445431,631,The delivery game in my line of work is getting more competitive.
2916,1742,3,21,92,116,1.2327586206896552,0.04475111687849267,631,This is more than just pie in the sky...it’s also dough on the go!
1509,1742,4,19,93,116,1.2327586206896552,0.04639598581077646,631,I love my job
2908,1742,5,17,94,116,1.2327586206896552,0.04798450309042525,631,"Then my Dad said, ""If you really want to make some dough, you should move to the city."""
1526,1742,5,17,94,116,1.2327586206896552,0.04798450309042525,631,Some people need a comfort pet. I kneed my dough!
1533,1742,5,17,94,116,1.2327586206896552,0.04798450309042525,631,Did you say thin crust?
4389,1742,7,13,96,116,1.2327586206896552,0.05101335719002964,631,is this what you Americans call a work trip.
1572,1742,5,17,94,116,1.2327586206896552,0.04798450309042525,631,"I’m sorry, pepperoni is reserved for Business Class only."
1619,1742,4,19,93,116,1.2327586206896552,0.04639598581077646,631,We're raising dough for charity.
1694,1742,5,17,94,116,1.2327586206896552,0.04798450309042525,631,"“I didn’t want to pay the $8.95, for the Italian dinner box.”"
1774,1742,2,23,91,116,1.2327586206896552,0.04304343648445431,631,"... and in the event of  an emergency landing on the water, it can be used as a flotation device."
1944,1742,4,19,93,116,1.2327586206896552,0.04639598581077646,631,I knead as I get kneed.
2036,1742,2,23,91,116,1.2327586206896552,0.04304343648445431,631,I never know what to do with my hands.
2074,1742,3,21,92,116,1.2327586206896552,0.04475111687849267,631,"Yes, it really does stay up longer while we are descending."
2487,1742,8,11,97,116,1.2327586206896552,0.052462249754264334,631,I've always been accused of being pie in the sky.
2467,1742,1,25,90,116,1.2327586206896552,0.04126514736324097,631,You won't laugh when I'm in the Guinness Book of Records for having the highest-rising dough.
2185,1742,5,17,94,116,1.2327586206896552,0.04798450309042525,631,I didn't have enough dough to ride first class.
2226,1742,4,19,93,116,1.2327586206896552,0.04639598581077646,631,'It's all in the wrists.'
4270,1742,0,27,89,116,1.2327586206896552,0.039406691683376995,631,Pepperoni or plane?
2357,1742,6,15,95,116,1.2327586206896552,0.04952209178050024,631,...so that got me to thinking about Galileo's concept of inertia and I just had to give it a try.
4097,1742,3,21,92,116,1.2327586206896552,0.04475111687849267,631,What goes up MIGHT come down.
2398,1742,6,15,95,116,1.2327586206896552,0.04952209178050024,631,"You know, before 9-11 I could cut plane pizza by the slice"
5482,1742,4,19,93,116,1.2327586206896552,0.04639598581077646,631,"The key is to let the dough rise."""
1497,1742,7,13,96,116,1.2327586206896552,0.05101335719002964,631,Yeah I used to BBQ on the subway.
4895,1742,6,15,95,116,1.2327586206896552,0.04952209178050024,631,"Then you gotta let the dough rise to 30,000 feet."
4967,1742,1,25,90,116,1.2327586206896552,0.04126514736324097,631,I'm moving into haute cuisine.
5255,1742,6,15,95,116,1.2327586206896552,0.04952209178050024,631,I get nervous flying. This is my emotional support dough.
4804,1742,5,17,94,116,1.2327586206896552,0.04798450309042525,631,I'm taking the food truck concept to a whole new level.
5448,1742,4,19,93,116,1.2327586206896552,0.04639598581077646,631,"I have the right to work on a flight like everyone else. I have no choice, bread doesn't make itself."
4669,1742,5,17,94,116,1.2327586206896552,0.04798450309042525,631,It gives me a pizza mind for the commute.
4612,1742,3,21,92,116,1.2327586206896552,0.04475111687849267,631,It's a new type of pressurized cooking.
228,1742,0,27,89,116,1.2327586206896552,0.039406691683376995,631,Do You Want to Know How I Got This through Security?
340,1742,4,19,93,116,1.2327586206896552,0.04639598581077646,631,What's up with United and tossing passengers?
4557,1742,4,19,93,116,1.2327586206896552,0.04639598581077646,631,"Oh, I don’t know. My business plans are up in the air right now."
429,1742,4,19,93,116,1.2327586206896552,0.04639598581077646,631,"Sure there's less leg room, but I save a ton of dough."
449,1742,5,17,94,116,1.2327586206896552,0.04798450309042525,631,And then she complains that I bring my work home with me.
540,1742,4,19,93,116,1.2327586206896552,0.04639598581077646,631,"Oh, I thought you said you wanted to join the Mile Pie Club..."
4537,1742,5,17,94,116,1.2327586206896552,0.04798450309042525,631,"Oh yeah?  I'm in sales, too, pitching my pie-in-the-sky ideas."
1066,1742,7,13,96,116,1.2327586206896552,0.05101335719002964,631,There's no need to wait for the dough to rise.
1150,1742,3,21,92,116,1.2327586206896552,0.04475111687849267,631,I get a lighter crust at high altitude.
1252,1742,3,21,92,116,1.2327586206896552,0.04475111687849267,631,At some point I'm going to need to borrow your outlet.
1254,1742,3,21,92,116,1.2327586206896552,0.04475111687849267,631,"It’s a 10,000 hours thing."
1302,1742,8,11,97,116,1.2327586206896552,0.052462249754264334,631,"I start with three ounces of talcum powder, add 3 ounces of shampoo..."
1383,1742,7,13,96,116,1.2327586206896552,0.05101335719002964,631,"Yes I was a Presidential advisor, but Panera Bread  offered me a pention and no jail time!"
1388,1742,0,27,89,116,1.2327586206896552,0.039406691683376995,631,The yeast helps keep us in the air.
3143,1742,2,23,91,116,1.2327586206896552,0.04304343648445431,631,Hand-tossed is much easier with turbulence.
2911,1742,2,23,91,116,1.2327586206896552,0.04304343648445431,631,"God, I hope there's a brick oven on board, or I'm really going to look silly."
3826,1742,3,21,92,116,1.2327586206896552,0.04475111687849267,631,"Once you taste the zing the airplane microflora adds, you will never go back to land-tossed pizza!"
3534,1742,4,19,93,116,1.2327586206896552,0.04639598581077646,631,"When we reach 35,000ft email Guinness that I broke the highest pizza toss contest."
5517,1791,3,17,79,99,1.2323232323232323,0.04937933227205966,631,The ones in first class are baked.
1248,1792,1,24,87,112,1.2321428571428572,0.04203277291467762,631,Call me an optimist -- It's Pie in the Sky.
4223,1792,2,22,88,112,1.2321428571428572,0.043904773769739634,631,"Hum along if you like:
""By the time I get to Phoenix
 It'll be rising."""
2190,1792,0,26,86,112,1.2321428571428572,0.040073418097558086,631,Don't you understand?  This is flight 314!
4672,1792,3,20,89,112,1.2321428571428572,0.045700156680772756,631,I thought joining the Mile Pie Club would have better benefits.
4678,1792,1,24,87,112,1.2321428571428572,0.04203277291467762,631,"I know—but, hey, no more addiction to my devices."
4563,1792,1,24,87,112,1.2321428571428572,0.04203277291467762,631,"For the kosher meal, I will prepare matzo balls."
5481,1792,3,20,89,112,1.2321428571428572,0.045700156680772756,631,Shh! I'm an undercover boss!
2131,1792,0,26,86,112,1.2321428571428572,0.040073418097558086,631,"Pizza Pie-In-The-Sky has never really taken off, but I keep trying."
2260,1792,4,18,90,112,1.2321428571428572,0.04742762361243012,631,"I believe it's called ""obsessive compulsive."""
824,1792,4,18,90,112,1.2321428571428572,0.04742762361243012,631,I'll flip you for the aisle seat.
5443,1792,1,24,87,112,1.2321428571428572,0.04203277291467762,631,"Yes, I can see that you're rolling in the dough, so then why aren't you seated in first class?"
3984,1803,3,21,93,117,1.2307692307692308,0.04441155916843276,631,I find it’s a good time to catch up on work.
5586,1803,2,23,92,117,1.2307692307692308,0.04272030397180561,631,I have to adjust for high altitude baking!
4211,1803,1,25,91,117,1.2307692307692308,0.040959274348012276,631,Damn Turbulence
1228,1803,2,23,92,117,1.2307692307692308,0.04272030397180561,631,The dough rises so much better at this altitude
4571,1803,2,23,92,117,1.2307692307692308,0.04272030397180561,631,I like to get a little work done on the flight so I don't waste the morning.
3748,1803,6,15,96,117,1.2307692307692308,0.04913728967652168,631,Imagine the hits you'll get on social media when you post this!
748,1803,4,19,94,117,1.2307692307692308,0.046040729838903914,631,The only overhead I have is the dough.
2120,1803,0,27,90,117,1.2307692307692308,0.039119048285815985,631,I'm just a Pie in the Sky kinda guy.
2728,1803,3,21,93,117,1.2307692307692308,0.04441155916843276,631,I also thought it was weird they asked for a plane pizza.  Usually they want at least some toppings.
2765,1803,0,27,90,117,1.2307692307692308,0.039119048285815985,631,So I left right in the middle of my shift and hopped the first plane to go get her.
3103,1803,3,21,93,117,1.2307692307692308,0.04441155916843276,631,No.  You can’t have any.
3107,1803,4,19,94,117,1.2307692307692308,0.046040729838903914,631,"It's my new marketing meme - ""Pie in the Sky!"""
3239,1803,6,15,96,117,1.2307692307692308,0.04913728967652168,631,I fucking hate airplane food.
3694,1816,6,14,93,113,1.2300884955752212,0.050297549468551875,631,"Yes,  I just got tenure"
4151,1816,4,18,91,113,1.2300884955752212,0.047050907076817174,631,"I said it'd be dry with only 3.4oz of sauce, but you know how they get."
3527,1816,6,14,93,113,1.2300884955752212,0.050297549468551875,631,It amazes me that people are continuously fidgeting with their  electronics on such a short flight.
4215,1816,3,20,90,113,1.2300884955752212,0.04534049011486548,631,Nervous habit.
3617,1816,5,16,92,113,1.2300884955752212,0.048701290225684514,631,This way it's tax deductible.
4371,1816,4,18,91,113,1.2300884955752212,0.047050907076817174,631,I’ve really been trying to bring my “pie in the sky” ideas to life.
5623,1816,4,18,91,113,1.2300884955752212,0.047050907076817174,631,Food's just not the same in Basic Economy.
4852,1816,5,16,92,113,1.2300884955752212,0.048701290225684514,631,Better airline service?  Pie in the sky.
5001,1816,4,18,91,113,1.2300884955752212,0.047050907076817174,631,On flights this long I usually try to get some work done.
5218,1816,5,16,92,113,1.2300884955752212,0.048701290225684514,631,Side hustle...I knead the dough.
5315,1816,4,18,91,113,1.2300884955752212,0.047050907076817174,631,"If we should crash in the ocean, it's a floatation device and carbohydrate source."
5331,1816,3,20,90,113,1.2300884955752212,0.04534049011486548,631,"It's thirty minutes or less to LaGuardia, right?"
5564,1816,2,22,89,113,1.2300884955752212,0.043562968573791494,631,I usually book the aisle seat when I know I'm going to be working.
3469,1816,6,14,93,113,1.2300884955752212,0.050297549468551875,631,"Hey. everyone else is working, 
So am I !"
5644,1816,4,18,91,113,1.2300884955752212,0.047050907076817174,631,My pizza dough is lighter than air.
5685,1816,5,16,92,113,1.2300884955752212,0.048701290225684514,631,You don't want to know how I heat it...
4728,1816,4,18,91,113,1.2300884955752212,0.047050907076817174,631,You can get so much work done on these long haul flights
3465,1816,5,16,92,113,1.2300884955752212,0.048701290225684514,631,"For the sake of the person in front of me, I hope we don't stop short!"
4207,1816,3,20,90,113,1.2300884955752212,0.04534049011486548,631,"As long as it doesn't land, I pay for just one seat."
1395,1816,3,20,90,113,1.2300884955752212,0.04534049011486548,631,This is HOW much I hate airplane food.
413,1816,5,16,92,113,1.2300884955752212,0.048701290225684514,631,They make me wear the hat.
157,1816,2,22,89,113,1.2300884955752212,0.043562968573791494,631,"It's never too soon to prepare for bake off."""
582,1816,5,16,92,113,1.2300884955752212,0.048701290225684514,631,"Do you like your pizza ""plane""?"
733,1816,6,14,93,113,1.2300884955752212,0.050297549468551875,631,TSA confiscated my fidget spinner.
1013,1816,6,14,93,113,1.2300884955752212,0.050297549468551875,631,"If this were your last one ever, with no hope of having another, what would you put on it?"
1278,1816,2,22,89,113,1.2300884955752212,0.043562968573791494,631,We deliver it fresh anywhere or it's free.
3157,1816,3,20,90,113,1.2300884955752212,0.04534049011486548,631,"Well, the way I see it, with the infrastructure collapsing every rail commute is a toss up."
1590,1816,4,18,91,113,1.2300884955752212,0.047050907076817174,631,My final is today.
1631,1816,6,14,93,113,1.2300884955752212,0.050297549468551875,631,"Trump wants it fresh at Mar a Lago...do you think he'll  tip me?"""
1723,1816,5,16,92,113,1.2300884955752212,0.048701290225684514,631,I can get a lot of work done on these cross-country flights.
339,1816,4,18,91,113,1.2300884955752212,0.047050907076817174,631,I'm also a performance artist!
1826,1816,2,22,89,113,1.2300884955752212,0.043562968573791494,631,I kneaded this.
2862,1816,5,16,92,113,1.2300884955752212,0.048701290225684514,631,"He: It's vegan, non-GMO, gluten-free, fair-sourced, raw & organic. She: Have you washed your hands?"
1890,1816,5,16,92,113,1.2300884955752212,0.048701290225684514,631,"When I began tossing the pizza to establish a new Guinness record, I had totally forgotten about my trip to Europe."
2066,1816,2,22,89,113,1.2300884955752212,0.043562968573791494,631,Better than taking dramamine
2792,1816,2,22,89,113,1.2300884955752212,0.043562968573791494,631,My boss insists that we work during business travel.
2135,1816,4,18,91,113,1.2300884955752212,0.047050907076817174,631,"Actually, turbulence helps."
2384,1816,5,16,92,113,1.2300884955752212,0.048701290225684514,631,"Since everyone is doing work, I thought I should too"
1730,1816,4,18,91,113,1.2300884955752212,0.047050907076817174,631,I'm no different than any one else who gets some work done on the plane.
2755,1816,4,18,91,113,1.2300884955752212,0.047050907076817174,631,Well Tina If you really want the dough of your pizza to be lighter you better knead it when you are in the air!
3963,1856,3,17,80,100,1.23,0.04893822120745191,631,i hate this new meal plan
2349,1856,5,13,82,100,1.23,0.052905480802936666,631,It’s uplifting
710,1856,2,19,79,100,1.23,0.0468287229478799,631,Delivery.
1959,1859,1,23,85,109,1.2293577981651376,0.04250287816389273,631,Frequent pie-er miles.
4160,1859,0,25,84,109,1.2293577981651376,0.04045491301322003,631,I'm on vacation but it's hard for me to leave my work behind.
428,1859,1,23,85,109,1.2293577981651376,0.04250287816389273,631,"Flipping a pizza is like cutting onions, lot of people cry when they cannot do it; the trick is not to form an emotional bond"
4316,1862,5,17,96,118,1.228813559322034,0.04724944508372923,631,"If you ask me, I don't think climate change is a hoax."
4540,1862,4,19,95,118,1.228813559322034,0.04569075955897573,631,"They said it was a ""pie in the sky"" idea..."
3773,1862,4,19,95,118,1.228813559322034,0.04569075955897573,631,Were you 'hold the anchovies'?
54,1862,1,25,92,118,1.228813559322034,0.04065774039642998,631,I'm trying to join the mile pie club.
828,1862,1,25,92,118,1.228813559322034,0.04065774039642998,631,Our motto here at Pizza Airlines is crispy crust no leg room
2749,1862,7,13,98,118,1.228813559322034,0.050221899247328054,631,We deliver anywhere.
1564,1862,3,21,94,118,1.228813559322034,0.044076988978739455,631,I love when it lands.
5401,1869,3,19,89,111,1.2252252252252251,0.04558238068711177,631,"I'm taking the ""pie-in-the-sky"" paradigm to whole new heights..."
5319,1869,2,21,88,111,1.2252252252252251,0.04374875158566946,631,"No, Einstein Bagels is launching pizza pies and proving the theory of Relativity at the same time."
5311,1869,3,19,89,111,1.2252252252252251,0.04558238068711177,631,I was watching this cooking show on YouTube - and then this great ad for discount airline tickets appeared on the screen.
5306,1869,4,17,90,111,1.2252252252252251,0.04734504824060214,631,Retirement from my pizza company is proving more challenging than I envisaged.
5489,1869,4,17,90,111,1.2252252252252251,0.04734504824060214,631,It's so much easier here compared to the helicopter
5544,1869,2,21,88,111,1.2252252252252251,0.04374875158566946,631,Sometimes I feel like i'm the only one working in business class
5549,1869,4,17,90,111,1.2252252252252251,0.04734504824060214,631,"I’m sad it’s over, but when she said my ideas were nothing but pie in the sky, something clicked."
5674,1869,4,17,90,111,1.2252252252252251,0.04734504824060214,631,it's my last shot at the Guinness Book of World Records
5683,1869,5,15,91,111,1.2252252252252251,0.04904440596750161,631,"I detest the food in coach, so I bring my own."
400,1869,4,17,90,111,1.2252252252252251,0.04734504824060214,631,"You wanna join the Mile ""Pie"" Club?"
5454,1869,2,21,88,111,1.2252252252252251,0.04374875158566946,631,My wife says I work too much.
5296,1869,7,11,93,111,1.2252252252252251,0.052277663340144,631,It's a way to make some extra dough.
455,1869,3,19,89,111,1.2252252252252251,0.04558238068711177,631,I always feel left out when everyone else brings their work on the flight.
4973,1869,5,15,91,111,1.2252252252252251,0.04904440596750161,631,Do you happen to know who ordered the plain?
2542,1869,3,19,89,111,1.2252252252252251,0.04558238068711177,631,The tricky part is putting on the sauce and the cheese.
3765,1869,1,23,87,111,1.2252252252252251,0.041834831199664864,631,"""Sorry if this is bothering you. It's just for a minute. It relaxes me at takeoff."
2500,1869,2,21,88,111,1.2252252252252251,0.04374875158566946,631,Turbulence makes it easier.
2473,1869,4,17,90,111,1.2252252252252251,0.04734504824060214,631,Your pizza will be ready shortly.
2453,1869,4,17,90,111,1.2252252252252251,0.04734504824060214,631,You get blueberries in it in first class.
2423,1869,0,25,86,111,1.2252252252252251,0.03982904640716733,631,"I take my work with me when I travel, too."
2418,1869,4,17,90,111,1.2252252252252251,0.04734504824060214,631,I've found that using this venue results in some interesting new toppings.
2557,1869,7,11,93,111,1.2252252252252251,0.052277663340144,631,"You see, the key to a good rise is altitude."
2248,1869,1,23,87,111,1.2252252252252251,0.041834831199664864,631,I can only make a plain. The pepperoni got bumped to another flight.
2238,1869,6,13,92,111,1.2252252252252251,0.05068682196099171,631,So I argued that it isn't actually a carry on and I need more than 3 oz. of liquid for a good crust. They bought it!
3884,1869,6,13,92,111,1.2252252252252251,0.05068682196099171,631,Landing is the hardest thing!
2133,1869,2,21,88,111,1.2252252252252251,0.04374875158566946,631,Who orders a plane pizza?
3924,1869,6,13,92,111,1.2252252252252251,0.05068682196099171,631,Of course when we get to Australia I’ll start flipping counter-clockwise.
3974,1869,4,17,90,111,1.2252252252252251,0.04734504824060214,631,I've always dreamed of making a pie in the sky
1856,1869,4,17,90,111,1.2252252252252251,0.04734504824060214,631,"Yes, we have just opened our delivery service to Rome."
1843,1869,3,19,89,111,1.2252252252252251,0.04558238068711177,631,...And that is where i came up with the concept for mile high pizza.
3860,1869,5,15,91,111,1.2252252252252251,0.04904440596750161,631,I have trouble leaving work behind at the office.
1400,1869,3,19,89,111,1.2252252252252251,0.04558238068711177,631,Watch out...the garlic and tomatoes are simmering under your seat!
2561,1869,6,13,92,111,1.2252252252252251,0.05068682196099171,631,"That's when I realized, dang it all to heck about what Barb and Poppy think, you're a pizza chef trapped in a former president's body!"
3712,1869,3,19,89,111,1.2252252252252251,0.04558238068711177,631,I'm saving a ton of money by making my own airplane meal.
3502,1869,0,25,86,111,1.2252252252252251,0.03982904640716733,631,It’s truly a plane pizzs
4985,1869,4,17,90,111,1.2252252252252251,0.04734504824060214,631,"I absolutely loathe the ""food"" they serve on the plane."
3643,1869,2,21,88,111,1.2252252252252251,0.04374875158566946,631,I'm testing a recipe for high altitude conditions.
3441,1869,5,15,91,111,1.2252252252252251,0.04904440596750161,631,"Unfortunately, I had to check my wood brick oven!"
3407,1869,0,25,86,111,1.2252252252252251,0.03982904640716733,631,"I can't say much about the legroom in Economy these days, but the headroom is great!"
3398,1869,4,17,90,111,1.2252252252252251,0.04734504824060214,631,It's either this or tossing cookies.
3386,1869,2,21,88,111,1.2252252252252251,0.04374875158566946,631,"Good thing they have no rules about ""comfort food."""
2700,1869,4,17,90,111,1.2252252252252251,0.04734504824060214,631,"You think you got job pressure? If I have to take a later flight out of Denver, it's free."
3305,1869,4,17,90,111,1.2252252252252251,0.04734504824060214,631,This is our Extreme High Rise Pizza.
3048,1869,6,13,92,111,1.2252252252252251,0.05068682196099171,631,"♪♪ Sky pizza in flight, afternoon delight… ♪♪"
2991,1869,4,17,90,111,1.2252252252252251,0.04734504824060214,631,"This is the only way I can maintain my sanity, since I'm not aisle or window."
2902,1869,3,19,89,111,1.2252252252252251,0.04558238068711177,631,I may be in the wrong business for a working vacation
3676,1869,4,17,90,111,1.2252252252252251,0.04734504824060214,631,Calms m’nerves whenever flying. Took it up when I quit smoking...
3677,1869,5,15,91,111,1.2252252252252251,0.04904440596750161,631,Everyone works on Flight 505.
3679,1869,3,19,89,111,1.2252252252252251,0.04558238068711177,631,I hope you like flatbread because they confiscated my sauce at security.
2764,1869,4,17,90,111,1.2252252252252251,0.04734504824060214,631,"Oh yeah, I have to practice three times a day to retain the muscle memory."
3227,1869,5,15,91,111,1.2252252252252251,0.04904440596750161,631,I'm not a chef--it's a service pizza.
1328,1869,4,17,90,111,1.2252252252252251,0.04734504824060214,631,"Yeah, well you’re profile didnt say you were so judgemental"
4139,1869,3,19,89,111,1.2252252252252251,0.04558238068711177,631,"We deliver fresh, anywhere, anytime."
1311,1869,4,17,90,111,1.2252252252252251,0.04734504824060214,631,"I'm sort of up in the air about whether to make it ""plane"" or pepperoni."
4529,1869,3,19,89,111,1.2252252252252251,0.04558238068711177,631,It should be ready by Reykjavik.”
4545,1869,2,21,88,111,1.2252252252252251,0.04374875158566946,631,"Sadly, we failed to account for the ol' TSA in our ""30 minutes or less"" guarantee."
536,1869,6,13,92,111,1.2252252252252251,0.05068682196099171,631,I'm here to distract you to the fact that there are no toilets on this flight.
4568,1869,4,17,90,111,1.2252252252252251,0.04734504824060214,631,It’ll come down when our parabolic arc is compete.
4596,1869,2,21,88,111,1.2252252252252251,0.04374875158566946,631,I've got all this dough and still couldn't afford first class.
4607,1869,5,15,91,111,1.2252252252252251,0.04904440596750161,631,I told the baggage handler I just had brain surgery.
4688,1869,1,23,87,111,1.2252252252252251,0.041834831199664864,631,"If you want deep dish, you have to go to business class."
4710,1869,3,19,89,111,1.2252252252252251,0.04558238068711177,631,I've tried everything to get my dough to rise.
4720,1869,6,13,92,111,1.2252252252252251,0.05068682196099171,631,because this is all I know how to do...
4722,1869,6,13,92,111,1.2252252252252251,0.05068682196099171,631,"I couldn't stand the heat, so the kitchen was simply not an option"""
4773,1869,3,19,89,111,1.2252252252252251,0.04558238068711177,631,My career is somewhat up in the air at the moment.
4798,1869,5,15,91,111,1.2252252252252251,0.04904440596750161,631,I don't like Air Plane food.
4842,1869,2,21,88,111,1.2252252252252251,0.04374875158566946,631,I get a lot of work done on the plane.
4882,1869,3,19,89,111,1.2252252252252251,0.04558238068711177,631,In-flight meals and entertainment have really improved.
4898,1869,4,17,90,111,1.2252252252252251,0.04734504824060214,631,The more air the crispier the crust.
4943,1869,5,15,91,111,1.2252252252252251,0.04904440596750161,631,You're just trying to get a rise out of the other passengers.
4971,1869,4,17,90,111,1.2252252252252251,0.04734504824060214,631,Can you watch this while I run to the bathroom?
704,1869,4,17,90,111,1.2252252252252251,0.04734504824060214,631,"Actually, it's ""Comfort Yeast."""
4504,1869,1,23,87,111,1.2252252252252251,0.041834831199664864,631,"Nothing like a long flight to catch up on some work, huh?"
667,1869,6,13,92,111,1.2252252252252251,0.05068682196099171,631,"They key to good dough is letting it rise properly. 32,000 feet is about right."
4475,1869,2,21,88,111,1.2252252252252251,0.04374875158566946,631,He’s visiting his cousin Poppin’ Fresh.
1262,1869,6,13,92,111,1.2252252252252251,0.05068682196099171,631,"What goes up, crust come down"
115,1869,1,23,87,111,1.2252252252252251,0.041834831199664864,631,"The bastards made me gate-check the oven, so I really don’t have a choice, do I?"
1130,1869,3,19,89,111,1.2252252252252251,0.04558238068711177,631,I bet someone I could set a new record for throwing pizza dough higher than anyone else has.
4362,1869,1,23,87,111,1.2252252252252251,0.041834831199664864,631,It’s my comfort pizza.
131,1869,5,15,91,111,1.2252252252252251,0.04904440596750161,631,Don’t worry. These planes really do fly themselves.
4381,1869,5,15,91,111,1.2252252252252251,0.04904440596750161,631,"I tried a cake last flight, but it fell due to turbulence."
1073,1869,4,17,90,111,1.2252252252252251,0.04734504824060214,631,"Sure, the Air Marshals get all the press, but have you heard about anyone starving to death on a plane since 9/11?"
3622,1869,0,25,86,111,1.2252252252252251,0.03982904640716733,631,It sure beats tossing my cookies.
726,1869,4,17,90,111,1.2252252252252251,0.04734504824060214,631,I'm old enough to remember when you weren't expected to work the entire flight.
1031,1869,3,19,89,111,1.2252252252252251,0.04558238068711177,631,The airflow at this altitude reduces the stickiness and results in an extra crispy crust. You just won't get this type of pie at the national chains.
5022,1954,3,16,79,98,1.2244897959183674,0.049254087406169565,631,You should know there’s a Domino’s sign on the top of the plane.
4599,1954,4,14,80,98,1.2244897959183674,0.051345482390755634,631,This is easy--as long as the pilot keeps the plane in this zero gravity dive.
1188,1956,1,22,84,107,1.2242990654205608,0.042634978050523124,631,The best pizza dough rises to the occasion.
1663,1956,2,20,85,107,1.2242990654205608,0.044655090377511794,631,These long flights are a great chance to catch up on work
3027,1956,2,20,85,107,1.2242990654205608,0.044655090377511794,631,It helps the dough rise faster.
1610,1956,2,20,85,107,1.2242990654205608,0.044655090377511794,631,"I tried telecommuting, but I think I'll be happier working back at the restaurant."
2946,1956,4,16,87,107,1.2242990654205608,0.04844325116189109,631,"Yeah, I also have some work I need to get done."
215,1956,0,24,83,107,1.2242990654205608,0.04051426427955259,631,"I tell you Janet, you should stop taking your work home with you."
2832,1956,1,22,84,107,1.2242990654205608,0.042634978050523124,631,"I'm going to have to do a sales job.  The guy in row 3 wanted pepperoni, but all I've got is plain cheese."
11,1956,1,22,84,107,1.2242990654205608,0.042634978050523124,631,I usually wait until the fasten seatbelt signs are off...
83,1956,0,24,83,107,1.2242990654205608,0.04051426427955259,631,These days we all take our work with us.
839,1956,4,16,87,107,1.2242990654205608,0.04844325116189109,631,They agreed to waive my bag fee if I made everyone pretzels.
2029,1956,2,20,85,107,1.2242990654205608,0.044655090377511794,631,I'm testing a new business idea. It's called Pie in the Sky.
5376,1956,2,20,85,107,1.2242990654205608,0.044655090377511794,631,I’m auditioning for a spot to flip in the Trump administration
1654,1956,1,22,84,107,1.2242990654205608,0.042634978050523124,631,"Yup, just walked right on through screening."
973,1956,1,22,84,107,1.2242990654205608,0.042634978050523124,631,Inside joke - the mile high club - for pizza tossing
5534,1956,3,18,86,107,1.2242990654205608,0.046587689789030155,631,"It's a service pizza. If we hit turbulense, I'll make a stromboli."
4236,1956,0,24,83,107,1.2242990654205608,0.04051426427955259,631,I like to bring my own food.
4116,1956,3,18,86,107,1.2242990654205608,0.046587689789030155,631,I find working on flights really helps pass the time.
4122,1956,1,22,84,107,1.2242990654205608,0.042634978050523124,631,I didn't realize it was self-rising
4363,1956,3,18,86,107,1.2242990654205608,0.046587689789030155,631,It’s a giant Xanax
3955,1956,1,22,84,107,1.2242990654205608,0.042634978050523124,631,Staff do fly free but now only during working hours.
1180,1976,4,13,77,94,1.2234042553191489,0.052731943044405004,631,I'm practicing for my pielot's license.
5198,1976,3,15,76,94,1.2234042553191489,0.05051610849850969,631,Flying pizza delivery. I'd like an aisle seat.
5475,1976,2,17,75,94,1.2234042553191489,0.04819851261634567,631,That’s a real pie in the sky idea.
3017,1979,4,16,88,108,1.2222222222222223,0.048037522351901875,631,I make a lotta dough.
3253,1979,4,16,88,108,1.2222222222222223,0.048037522351901875,631,"When the moon hits your eye like a big pizza pie, that's just your gluten-free commute to Ronkonkoma."
3562,1979,1,22,85,108,1.2222222222222223,0.042289392926889366,631,Want to join the mile-pie club?
3500,1979,5,14,89,108,1.2222222222222223,0.04980636325046914,631,On longer flights I make pastries.
2915,1979,1,22,85,108,1.2222222222222223,0.042289392926889366,631,Surprise! You've been bumped up to Pepperoni Class.
3595,1979,3,18,87,108,1.2222222222222223,0.046201009590497714,631,Lots of people do homework at the last minute.
3770,1979,1,22,85,108,1.2222222222222223,0.042289392926889366,631,Better this than my cookies.
3817,1979,0,24,84,108,1.2222222222222223,0.04019107472557346,631,How did you know we delivered everywhere?
3369,1979,3,18,87,108,1.2222222222222223,0.046201009590497714,631,"Fortunately I got upgraded, but the oven is stuck back in coach."
2182,1979,5,14,89,108,1.2222222222222223,0.04980636325046914,631,"Does it pay well? Yeah, I make a lot of... oh God, just kill me."
4799,1979,6,12,90,108,1.2222222222222223,0.05151450365446505,631,Everything just feels up in the air at this point.
1840,1979,4,16,88,108,1.2222222222222223,0.048037522351901875,631,"Work just never ends, you know?"
1839,1979,5,14,89,108,1.2222222222222223,0.04980636325046914,631,"Working during the flight makes the time pass so quickly, don't you think?"
1724,1979,4,16,88,108,1.2222222222222223,0.048037522351901875,631,I'm a nervous flier so my doctor said to do something that relaxes me.
1227,1979,3,18,87,108,1.2222222222222223,0.046201009590497714,631,It’s on my bucket list.
1038,1979,2,20,86,108,1.2222222222222223,0.04428840729415601,631,"SkyChefs went on strike, so the crew chief pulled me from La Familiga on 110th and Broadway."
932,1979,5,14,89,108,1.2222222222222223,0.04980636325046914,631,"Hey some people have relief dogs, I got my relief dough"
773,1979,3,18,87,108,1.2222222222222223,0.046201009590497714,631,I really kneaded this.
557,1979,2,20,86,108,1.2222222222222223,0.04428840729415601,631,I hope you like plane bagels.
487,1979,0,24,84,108,1.2222222222222223,0.04019107472557346,631,"The whole process makes for a lighter, crispier crust."
599,1979,3,20,94,117,1.2222222222222223,0.04395545918145444,631,That's amore!
2062,1979,4,16,88,108,1.2222222222222223,0.048037522351901875,631,We are a “fly by night” operation.
3880,1979,3,18,87,108,1.2222222222222223,0.046201009590497714,631,Eight feet was the previous record.
3582,1979,1,22,85,108,1.2222222222222223,0.042289392926889366,631,Another 3 hours and I have the record
4714,1979,6,12,90,108,1.2222222222222223,0.05151450365446505,631,"Yes, to speed the dough rising, I ask the pilot to dive!"
3992,1979,2,20,86,108,1.2222222222222223,0.04428840729415601,631,Fly the friendly pies.
4383,1979,1,22,85,108,1.2222222222222223,0.042289392926889366,631,I'm a little light on dough!
5407,1979,4,16,88,108,1.2222222222222223,0.048037522351901875,631,You'd never believe the weirdo's I usually have to sit next to when I fly..
4156,1979,6,12,90,108,1.2222222222222223,0.05151450365446505,631,Did you know pizza dough doubles as a flotation device?
4102,1979,3,18,87,108,1.2222222222222223,0.046201009590497714,631,"So I say to the candlestick maker, this time I am going to book my own travel."
5691,1979,4,16,88,108,1.2222222222222223,0.048037522351901875,631,...and I make lasagna on the return flight.
4630,1979,2,20,86,108,1.2222222222222223,0.04428840729415601,631,The hardest part is getting the Ragu past security.
1534,2011,0,23,81,104,1.2211538461538463,0.04089351818997074,631,For me it's like a security blanket
1546,2011,2,19,83,104,1.2211538461538463,0.04522933588640989,631,I hope you're ok with raw dough. The pizza oven was confiscated.
4998,2011,2,19,83,104,1.2211538461538463,0.04522933588640989,631,Changes in air pressure are the secret ingredient in my ultra crispy crust!
3396,2011,2,19,83,104,1.2211538461538463,0.04522933588640989,631,It's what I dough.  It's what I knead.
5241,2011,4,15,85,104,1.2211538461538463,0.04918440626354967,631,This is the best in-flight entertainment you'll ever get.
3558,2011,3,17,84,104,1.2211538461538463,0.04724827321830709,631,"And if I don't get there in thirty minutes or less, I'm in real trouble."
3717,2011,0,23,81,104,1.2211538461538463,0.04089351818997074,631,The pizza rises with the plane.
3897,2011,2,19,83,104,1.2211538461538463,0.04522933588640989,631,You know what? They just keep making these seats smaller and smaller.
4524,2011,2,19,83,104,1.2211538461538463,0.04522933588640989,631,I thought they said give pizza chance.
4792,2011,1,21,82,104,1.2211538461538463,0.043115963718089116,631,It’s gonna be a plain pizza—I don’t have mushroom.
1276,2011,1,21,82,104,1.2211538461538463,0.043115963718089116,631,"They said I kneaded more dough to sit first class!"""
3672,2011,5,13,86,104,1.2211538461538463,0.051047157774787154,631,"My friend said, ""Don't toss your cookies."" So I thought I would try this instead."
4446,2011,3,17,84,104,1.2211538461538463,0.04724827321830709,631,"Oh, I used to be all thumbs."
5504,2011,1,21,82,104,1.2211538461538463,0.043115963718089116,631,Customs will never check your carry-on for take-out.
237,2011,0,23,81,104,1.2211538461538463,0.04089351818997074,631,Remember when a person could leave their work behind at the office?
273,2011,1,21,82,104,1.2211538461538463,0.043115963718089116,631,Some say I take the rising process too seriously...
304,2011,3,17,84,104,1.2211538461538463,0.04724827321830709,631,Want to join the mile high pizza club?
682,2011,0,23,81,104,1.2211538461538463,0.04089351818997074,631,It's like an emotional support animal only doughier.
1046,2011,2,19,83,104,1.2211538461538463,0.04522933588640989,631,"Yes, as a two-dimensional character, I am able to keep this pizza suspended in mid air... indefinitely."
690,2011,2,19,83,104,1.2211538461538463,0.04522933588640989,631,I have a peanut allergy.
217,2011,2,19,83,104,1.2211538461538463,0.04522933588640989,631,"I like to travel with some extra dough on me."""
1710,2032,3,15,77,95,1.2210526315789474,0.050036822652392024,631,You’d be surprised how effective it is in overcoming “fear of flying.”
2096,2033,3,18,89,110,1.2181818181818183,0.04544620440567174,631,"Move to the suburbs, they said. You can work on the train, they said."
5380,2034,3,16,82,101,1.2178217821782178,0.04793551856202062,631,"Few people don't know this, but we were the first ""Mile-high club."""
1945,2034,1,20,80,101,1.2178217821782178,0.04360933771395099,631,We are now officially in the 'Mile Pie Club.'
5251,2034,1,20,80,101,1.2178217821782178,0.04360933771395099,631,And what kind of sauce would you like on your personal inflight pizza?
1301,2034,3,16,82,101,1.2178217821782178,0.04793551856202062,631,Remote work is a benefit in so many industries these days.
596,2034,1,20,80,101,1.2178217821782178,0.04360933771395099,631,I do work from home a lot these days.
367,2039,1,18,73,92,1.2173913043478262,0.045918161263364475,631,Only the take off and landing are tricky
4042,2039,4,12,76,92,1.2173913043478262,0.05315216047844578,631,If you think this is high wait for the turbulence!
5094,2041,1,21,84,106,1.2169811320754718,0.04240038689480044,631,"To be sure, my mom always thought my childhood dream was pie in the sky."
5244,2041,5,13,88,106,1.2169811320754718,0.05016543517300939,631,At this point my dreams of becoming a pilot are just pie in the sky
2518,2041,4,15,87,106,1.2169811320754718,0.04834124912308584,631,The crust is best when tossed at above thirty thousand feet.
1317,2041,1,21,84,106,1.2169811320754718,0.04240038689480044,631,Do you want extra cheese?
5434,2041,4,15,87,106,1.2169811320754718,0.04834124912308584,631,You should see me juggle. This is a piece of cake.
2439,2041,0,23,83,106,1.2169811320754718,0.04022559246936711,631,I'm practicing mindfulness.
2535,2041,3,17,86,106,1.2169811320754718,0.04644547176488884,631,You wouldn't believe what they wanted to charge for a carry-on with no toppings!
5216,2041,3,17,86,106,1.2169811320754718,0.04644547176488884,631,"Turbulence helps."""
3912,2041,5,13,88,106,1.2169811320754718,0.05016543517300939,631,"I liked the fast-risin' crust they made for Laura and me in the White House. So I thought, what better way to get a crust fast and risin' ..."
4226,2041,5,13,88,106,1.2169811320754718,0.05016543517300939,631,Wait 'til you see how it rises when I depressurize the cabin.
1292,2041,3,17,86,106,1.2169811320754718,0.04644547176488884,631,Damn TSA has confiscated my fidget spinner again!
4221,2041,4,15,87,106,1.2169811320754718,0.04834124912308584,631,I’m looking for ways to make dough rise even if you’re not in the White House.
4181,2041,3,17,86,106,1.2169811320754718,0.04644547176488884,631,It's the iPizza XS
1977,2041,3,17,86,106,1.2169811320754718,0.04644547176488884,631,"the higher you throw it the better the pizza is,so here I am."
5288,2041,2,19,85,106,1.2169811320754718,0.04446894790914134,631,"Believe me, it's hard to make a good dough with only 3.4 ounces of water!"
1288,2041,3,17,86,106,1.2169811320754718,0.04644547176488884,631,And dont forget to adjust your oven temperature for high-altitude baking...
1969,2041,2,19,85,106,1.2169811320754718,0.04446894790914134,631,"It’s Chicago style, I had a layover in O’Hare."
5228,2041,4,15,87,106,1.2169811320754718,0.04834124912308584,631,They were going to pour out all of my sauce at security so I just ate it.
3447,2041,5,13,88,106,1.2169811320754718,0.05016543517300939,631,I am just practicing.
2773,2041,2,19,85,106,1.2169811320754718,0.04446894790914134,631,"The concept is called Coast to Coast Pizza. The only toppings offered are pretzels and peanuts, though."
3232,2041,2,19,85,106,1.2169811320754718,0.04446894790914134,631,"On this flight?  Hawiian, of course!"
3250,2041,3,17,86,106,1.2169811320754718,0.04644547176488884,631,Oh sure. It's funny until someone looses a pie.
3257,2041,1,21,84,106,1.2169811320754718,0.04240038689480044,631,If we're flying to Chicago I'm going to need more ingredients.
3541,2041,3,17,86,106,1.2169811320754718,0.04644547176488884,631,Now I am a member of the mile pie club.
3268,2041,0,23,83,106,1.2169811320754718,0.04022559246936711,631,Wanna go fuck in the washroom?
3269,2041,2,19,85,106,1.2169811320754718,0.04446894790914134,631,"The oven has its seat in economy comfort. You said pepperoni and mushroom, right?"
4395,2041,3,17,86,106,1.2169811320754718,0.04644547176488884,631,I'm trying out some high-altitude flour.
3319,2041,4,15,87,106,1.2169811320754718,0.04834124912308584,631,"And, delivery is free"
3325,2041,2,19,85,106,1.2169811320754718,0.04446894790914134,631,"Personally, I don’t mind long flights - it gives me a chance to catch up on my work."
4489,2041,3,17,86,106,1.2169811320754718,0.04644547176488884,631,"If I can just make more dough, we’ll fly first class next time."
4942,2041,5,13,88,106,1.2169811320754718,0.05016543517300939,631,Gotta let it rise.
3689,2041,3,17,86,106,1.2169811320754718,0.04644547176488884,631,"Order me a salad,please."
3362,2041,7,9,90,106,1.2169811320754718,0.05362797707103756,631,"My caption is for the issue I just received, Sept. 10th, stop getting ahead of the delivery! The caption for the couple on the beach should be: ""It's nice out here on the roof."" The cartoons you are choosing are worse than the captions submitted."
3457,2041,5,13,88,106,1.2169811320754718,0.05016543517300939,631,It's high rise dough.
3424,2041,2,19,85,106,1.2169811320754718,0.04446894790914134,631,"First Class gets jet baked with everything.  Business Class no anchovies, no garlic."
4352,2041,5,13,88,106,1.2169811320754718,0.05016543517300939,631,I won 1st prize in Peoria.
2563,2041,5,13,88,106,1.2169811320754718,0.05016543517300939,631,Never mind that I'm sitting here.  My pizza's strictly first-class.
3172,2041,2,19,85,106,1.2169811320754718,0.04446894790914134,631,"4 years at Italian University, my dad will be proud when he sees this."
3705,2041,5,13,88,106,1.2169811320754718,0.05016543517300939,631,"Fuck you, Papa John"
5037,2041,2,19,85,106,1.2169811320754718,0.04446894790914134,631,When we get to cruising altitude I can just hold it on my lap.
5470,2041,5,13,88,106,1.2169811320754718,0.05016543517300939,631,I'm a crazy not so rich American living my fantasy of rolling in dough.
3856,2041,4,15,87,106,1.2169811320754718,0.04834124912308584,631,It's artisan. I even deliver.
4271,2041,3,17,86,106,1.2169811320754718,0.04644547176488884,631,When I'm nervous I make pizzas.
2879,2041,5,13,88,106,1.2169811320754718,0.05016543517300939,631,"mama mia, the yeast is REALLY rising now!"
4290,2041,2,19,85,106,1.2169811320754718,0.04446894790914134,631,There's a lot that's up in the air right now.
2906,2041,2,19,85,106,1.2169811320754718,0.04446894790914134,631,"If I had any extra dough, I wouldn't be flying coach."
3664,2041,4,15,87,106,1.2169811320754718,0.04834124912308584,631,15 minute fresh pizza delivery or it's free- I'm on the international shift.
5011,2041,4,15,87,106,1.2169811320754718,0.04834124912308584,631,I was just fired at Mar-a-Lago.
5575,2041,5,13,88,106,1.2169811320754718,0.05016543517300939,631,I am serious. And don't call me Shirley...
3022,2041,4,15,87,106,1.2169811320754718,0.04834124912308584,631,It’s a nervous habit.
3550,2041,3,17,86,106,1.2169811320754718,0.04644547176488884,631,It’s haut artisan.
3054,2041,1,21,84,106,1.2169811320754718,0.04240038689480044,631,"Well, the airline is experimenting with a new pizzeria flight-in concept."
5609,2041,4,15,87,106,1.2169811320754718,0.04834124912308584,631,Just another one of my pie in the sky ideas
3087,2041,2,19,85,106,1.2169811320754718,0.04446894790914134,631,Final phase of my ‘Fear of Pizza Tossing’ program.
5103,2041,1,21,84,106,1.2169811320754718,0.04240038689480044,631,In another fifteen years I'll have made enough dough to retire.
5057,2041,5,13,88,106,1.2169811320754718,0.05016543517300939,631,"Conceptually, object-oriented programming is the same as functional programming."
4022,2041,4,15,87,106,1.2169811320754718,0.04834124912308584,631,I guess I’m more of a ‘headroom’ kind of guy.
631,2041,4,15,87,106,1.2169811320754718,0.04834124912308584,631,"Sorry, I’m just an anxious flyer."
573,2041,4,15,87,106,1.2169811320754718,0.04834124912308584,631,I'm flying coach to save some dough.
106,2041,5,13,88,106,1.2169811320754718,0.05016543517300939,631,Actually I'm the pitchman a new fragrance called Calzogne.
747,2041,4,15,87,106,1.2169811320754718,0.04834124912308584,631,"I used mileage point, left me some extra dough"
750,2041,4,15,87,106,1.2169811320754718,0.04834124912308584,631,I lost my thumbs.
829,2041,6,11,89,106,1.2169811320754718,0.05192557563874058,631,We’ve started our descent .
875,2041,6,11,89,106,1.2169811320754718,0.05192557563874058,631,The recipe  call for anything else?
952,2041,5,13,88,106,1.2169811320754718,0.05016543517300939,631,"If this bothers you, why’d you buy a ticket in business class?"
960,2041,1,21,84,106,1.2169811320754718,0.04240038689480044,631,Taking work home was never this easy when I worked for Lehman Brothers.
82,2041,3,17,86,106,1.2169811320754718,0.04644547176488884,631,"When I took the job, I didn’t realize this is what they meant by “you can expect to make dough even on your way to work.”"
1074,2041,3,17,86,106,1.2169811320754718,0.04644547176488884,631,I always finish my homework on my commute to the Culinary Institute.
69,2041,1,21,84,106,1.2169811320754718,0.04240038689480044,631,"So then I thought, where is the artisan bakery market not saturated? Of course, there is that guy who has opened in first class..."""
1127,2041,3,17,86,106,1.2169811320754718,0.04644547176488884,631,Fly the friendly pies of ....
1165,2041,4,15,87,106,1.2169811320754718,0.04834124912308584,631,"I used to be CEO, had my name on all the boxes, and was in all of the commercials"
206,2041,2,19,85,106,1.2169811320754718,0.04446894790914134,631,You're going to need a seat belt extender after this flight!
394,2041,3,17,86,106,1.2169811320754718,0.04644547176488884,631,I was using a laptop but the edges kept getting burnt!
562,2041,5,13,88,106,1.2169811320754718,0.05016543517300939,631,"After three months, low carb made me crazy."
1222,2041,5,13,88,106,1.2169811320754718,0.05016543517300939,631,"We're serious about our motto: Delivered  to your door, piping fresh."
4028,2041,1,21,84,106,1.2169811320754718,0.04240038689480044,631,I myself can’t stand pizza.
1236,2041,2,19,85,106,1.2169811320754718,0.04446894790914134,631,Pizza on the fly is my specialty.
1630,2118,5,14,92,111,1.2162162162162162,0.04857579402349662,631,It's my comfort dog.
2348,2119,0,22,80,102,1.2156862745098038,0.04092563958237657,631,Turbulence!!
2298,2119,0,22,80,102,1.2156862745098038,0.04092563958237657,631,Do you think your parents will like the pizza?
2372,2119,2,18,82,102,1.2156862745098038,0.04542226432881113,631,It’s the only way we can ensure that first class passengers can get fresh pizza. Toppings are handled back in row 26.
4125,2119,2,18,82,102,1.2156862745098038,0.04542226432881113,631,"I'm on a quest to be the biggest fucking asshole on the plane. It's who I am, and you can't change me."
4806,2119,2,18,82,102,1.2156862745098038,0.04542226432881113,631,You won't believe what I can do with more leg room.
5409,2124,1,18,74,93,1.2150537634408602,0.04548184284329831,631,Someone has to improve the food!
233,2125,3,17,87,107,1.2149532710280373,0.04605402166872554,631,It makes for the perfect crust
201,2125,2,19,86,107,1.2149532710280373,0.044098040416874346,631,I could make much bigger dough if I wanted too.
1957,2127,5,12,86,103,1.2135922330097086,0.05097653916825528,631,"It’s nice to fly an airline with 
 free PIE-FI."
2861,2127,4,14,85,103,1.2135922330097086,0.0490738233325375,631,"....and then I pat it, prick it, and mark it with a “T”"
1147,2127,4,14,85,103,1.2135922330097086,0.0490738233325375,631,This isn’t the worst thing I’ve snuck through TSA
2900,2127,4,14,85,103,1.2135922330097086,0.0490738233325375,631,"See? The altitude helps the Yeast rise faster which results in a far superior pizza, ill be it it is rather expensive."
2918,2127,4,14,85,103,1.2135922330097086,0.0490738233325375,631,"No, the pizza is for 1st class passengers only, but they make me sit in coach."
308,2127,3,16,84,103,1.2135922330097086,0.0470942961235598,631,"Airline food, amirite?"
2939,2127,2,18,83,103,1.2135922330097086,0.045027828265129306,631,Hey! Don’t judge! I kneed to practice!
301,2127,3,16,84,103,1.2135922330097086,0.0470942961235598,631,"Don't worry, it's gluten-free."
1142,2127,2,18,83,103,1.2135922330097086,0.045027828265129306,631,"Even uncooked dough is better than airline food, wouldn't you agree?"
1653,2127,3,16,84,103,1.2135922330097086,0.0470942961235598,631,I saw a guy with a hot dog grill on the subway.  I thought this would be a little classier.
3000,2127,4,14,85,103,1.2135922330097086,0.0490738233325375,631,Emotional support dough is allowed as long as you have a letter from your baker
3045,2127,4,14,85,103,1.2135922330097086,0.0490738233325375,631,"Don't believe that ""pie in the sky"" is impossible."
1055,2127,6,10,87,103,1.2135922330097086,0.05281074658317402,631,"My restaurant entered me in the 
""highest pizza toss""
competition."
3063,2127,2,18,83,103,1.2135922330097086,0.045027828265129306,631,It’s the iPad Pro “flex”.
263,2127,4,14,85,103,1.2135922330097086,0.0490738233325375,631,Yes I am travelling for work.
577,2127,0,22,81,103,1.2135922330097086,0.04058042015646035,631,"The boss allowed me to work from home today, but he doesn't know I'm traveling."
1125,2127,2,18,83,103,1.2135922330097086,0.045027828265129306,631,Just trying to make a little extra dough.
634,2127,3,16,84,103,1.2135922330097086,0.0470942961235598,631,The turbulence really helps the crust.
3109,2127,5,12,86,103,1.2135922330097086,0.05097653916825528,631,My wife thinks I’m a workaholic.
3247,2127,4,14,85,103,1.2135922330097086,0.0490738233325375,631,I always take my work with me when I travel.
1555,2127,4,14,85,103,1.2135922330097086,0.0490738233325375,631,I took the red-eye so the dough could rise overnight.
1414,2127,4,14,85,103,1.2135922330097086,0.0490738233325375,631,Welcome back to the season finale of Mile Pie Club.
2756,2127,5,12,86,103,1.2135922330097086,0.05097653916825528,631,"If I don't do this on my off time, I lose it."
336,2127,3,16,84,103,1.2135922330097086,0.0470942961235598,631,It's all part of our new Frequent Pizza Program.
431,2127,4,14,85,103,1.2135922330097086,0.0490738233325375,631,"Wait, you're saying yeast makes the dough rise???"
1912,2127,4,14,85,103,1.2135922330097086,0.0490738233325375,631,"Sorry, they only allow sausage and pepperoni in first class."
1870,2127,2,18,83,103,1.2135922330097086,0.045027828265129306,631,"Whoever throws the pizza dough the highest wins $10,000. We're at 30,000 feet... I WIN!"
1989,2127,3,16,84,103,1.2135922330097086,0.0470942961235598,631,My fidget spinner broke...
1992,2127,3,16,84,103,1.2135922330097086,0.0470942961235598,631,It's easier in this thin air.
1320,2127,4,14,85,103,1.2135922330097086,0.0490738233325375,631,Cooking relaxes me.
836,2127,2,18,83,103,1.2135922330097086,0.045027828265129306,631,On the return flight I cook a turkey.
1855,2127,3,16,84,103,1.2135922330097086,0.0470942961235598,631,I try to avoid the in-flight meals
2017,2127,5,12,86,103,1.2135922330097086,0.05097653916825528,631,I take the train to keep my hands free and get some work done. It was a complete mess when I was driving.
859,2127,2,18,83,103,1.2135922330097086,0.045027828265129306,631,Chef Ramsay is mixing the sauce up in first class.
1269,2127,2,18,83,103,1.2135922330097086,0.045027828265129306,631,"It's hard to get the tomato sauce past the TSA,though."
1773,2127,2,18,83,103,1.2135922330097086,0.045027828265129306,631,"Supposedly, the higher you toss the pizza, the better it tastes."
2733,2127,4,14,85,103,1.2135922330097086,0.0490738233325375,631,The mile high pie club
2025,2127,4,14,85,103,1.2135922330097086,0.0490738233325375,631,Anyone can look at their phone and laptop. Do you know anyone who can do this
2040,2127,4,14,85,103,1.2135922330097086,0.0490738233325375,631,I've been having a terrible time getting it to rise.
532,2127,4,14,85,103,1.2135922330097086,0.0490738233325375,631,"yup, I'm studying for my final exam too..."
982,2127,5,12,86,103,1.2135922330097086,0.05097653916825528,631,"Excuse me, do you have any mozzarella?"
1221,2127,4,14,85,103,1.2135922330097086,0.0490738233325375,631,It might get a little hot in here when I fire up my portable oven.
472,2127,3,16,84,103,1.2135922330097086,0.0470942961235598,631,You wanna join me in the mile high pie club?
705,2127,1,20,82,103,1.2135922330097086,0.0428618467774595,631,It’s not easy. I have to follow the high-altitude instructions.
2304,2127,3,16,84,103,1.2135922330097086,0.0470942961235598,631,They made me check the pasta sauce
2481,2127,3,16,84,103,1.2135922330097086,0.0470942961235598,631,Somebody in first class ordered a pie in the sky.
2512,2127,5,12,86,103,1.2135922330097086,0.05097653916825528,631,I let gravity do all the work.
2709,2127,4,14,85,103,1.2135922330097086,0.0490738233325375,631,"As long as the reference frame doesn't hit turbulence, I think we can say the law of relative motion has been confirmed"
3324,2127,4,14,85,103,1.2135922330097086,0.0490738233325375,631,What’s the next step after ‘Toss the crust up in the air’?
1212,2127,4,14,85,103,1.2135922330097086,0.0490738233325375,631,My take on pie in the sky.
2095,2127,6,10,87,103,1.2135922330097086,0.05281074658317402,631,It's part of my PhD​ research about pizza moisture and the effects on social media alienation.
3436,2127,3,16,84,103,1.2135922330097086,0.0470942961235598,631,They say the secret to a good crust is elevation.
4318,2127,0,22,81,103,1.2135922330097086,0.04058042015646035,631,We chefs know that pizza's best when its dough is tossed in the air.
4401,2127,4,14,85,103,1.2135922330097086,0.0490738233325375,631,"Say, you wouldn't have some spare pepperoni?"""
4450,2127,4,14,85,103,1.2135922330097086,0.0490738233325375,631,The President called for New York pizza and said to hurry and he wants it fresh.
4538,2127,5,12,86,103,1.2135922330097086,0.05097653916825528,631,Thanks for fling Alitalia.
4592,2127,5,12,86,103,1.2135922330097086,0.05097653916825528,631,The boss wants a quick-rising dough.
4673,2127,4,14,85,103,1.2135922330097086,0.0490738233325375,631,"Ya' see, dear, the working class wears many different hats."
259,2127,4,14,85,103,1.2135922330097086,0.0490738233325375,631,"Yes, even I have to bring my work with me."
4972,2127,2,18,83,103,1.2135922330097086,0.045027828265129306,631,A billable hour is a billable hour.
5078,2127,3,16,84,103,1.2135922330097086,0.0470942961235598,631,It's more than just a pie in the sky.
5174,2127,4,14,85,103,1.2135922330097086,0.0490738233325375,631,The Easy Bake oven fits right under the seat in front of you.
5242,2127,5,12,86,103,1.2135922330097086,0.05097653916825528,631,"Don't worry, I brought some extra dough in case this one goes flying"
5316,2127,2,18,83,103,1.2135922330097086,0.045027828265129306,631,"I'm thinking I should reconsider the ""guaranteed fresh to your home"" campaign."
5392,2127,3,16,84,103,1.2135922330097086,0.0470942961235598,631,It's in lieu of an in-flight movie.
5444,2127,4,14,85,103,1.2135922330097086,0.0490738233325375,631,It's a contest to see who can throw the pie the highest.
5543,2127,2,18,83,103,1.2135922330097086,0.045027828265129306,631,"My boss, he always yelling: ""Toss it higher, HIGHER!"" What he gonna say now, uh?"
5553,2127,1,20,82,103,1.2135922330097086,0.0428618467774595,631,I call this toss “airplane mode”.
5684,2127,2,18,83,103,1.2135922330097086,0.045027828265129306,631,Sometimes Captain McKenzie orders out.
4284,2127,1,20,82,103,1.2135922330097086,0.0428618467774595,631,My doctor said it's good for my anxiety.
4196,2127,1,20,82,103,1.2135922330097086,0.0428618467774595,631,"I usually toss my cookies when flying, 
this time I'm feeling a bit flippant."
4847,2127,3,16,84,103,1.2135922330097086,0.0470942961235598,631,I'm the cater for the mile high club. What do you do for a living?
4184,2127,3,16,84,103,1.2135922330097086,0.0470942961235598,631,I get more hang time at this altitude.
3442,2127,2,18,83,103,1.2135922330097086,0.045027828265129306,631,I heard that you have to pay for air plane food.
3459,2127,1,20,82,103,1.2135922330097086,0.0428618467774595,631,Sorry I couldn't find the kitchen
3498,2127,4,14,85,103,1.2135922330097086,0.0490738233325375,631,This is my emotional support item.
3598,2127,3,16,84,103,1.2135922330097086,0.0470942961235598,631,The secret is using high-altitude flour.
3625,2127,0,22,81,103,1.2135922330097086,0.04058042015646035,631,"...so pie in the sky is a thing"""
1118,2127,2,18,83,103,1.2135922330097086,0.045027828265129306,631,I just can’t stand airplane food.
26,2127,4,14,85,103,1.2135922330097086,0.0490738233325375,631,It also makes for a great pillow.
3779,2127,5,12,86,103,1.2135922330097086,0.05097653916825528,631,"For a lousy seat, it sure cost a lot of dough."
3879,2127,5,12,86,103,1.2135922330097086,0.05097653916825528,631,"Just a dream, right"
153,2127,3,16,84,103,1.2135922330097086,0.0470942961235598,631,Ever tried the mile high crust?
1098,2127,1,20,82,103,1.2135922330097086,0.0428618467774595,631,My plan to become a famous Italian chef might just be so much pie-in-the-sky.
3949,2127,3,16,84,103,1.2135922330097086,0.0470942961235598,631,I knead to use the overhead
3962,2127,4,14,85,103,1.2135922330097086,0.0490738233325375,631,Just don't ask for peanuts on it.
3995,2127,6,10,87,103,1.2135922330097086,0.05281074658317402,631,467 seats on this plane but I’m always sat next to a tosser.
4007,2127,2,18,83,103,1.2135922330097086,0.045027828265129306,631,My therapist said to find something that calms me.
4037,2127,5,12,86,103,1.2135922330097086,0.05097653916825528,631,Would you like to join the Mile Pie Club?
146,2127,2,18,83,103,1.2135922330097086,0.045027828265129306,631,"I was told a pizzeria in a plane was a ""pie in the sky"" idea."
96,2127,2,18,83,103,1.2135922330097086,0.045027828265129306,631,There's no kitchen in economy.
4059,2127,3,16,84,103,1.2135922330097086,0.0470942961235598,631,My boss said I don't have to spend vacation hours if I work on the plane
5206,2219,3,17,88,108,1.212962962962963,0.04566899344097394,631,It's not at all like riding a bike. You lose the skill if you don't constantly practice.
219,2219,3,17,88,108,1.212962962962963,0.04566899344097394,631,I’m always working.
1005,2221,3,15,81,99,1.2121212121212122,0.048205752059134375,631,Our competitors made a cooking show that takes place in luxury cars so here we are.
5686,2221,1,19,79,99,1.2121212121212122,0.04372080059897002,631,I figured in flight meals are due for an upgrade.
5599,2221,1,19,79,99,1.2121212121212122,0.04372080059897002,631,"Don't worry, it comes with the in-flight movie."
4411,2221,2,17,80,99,1.2121212121212122,0.046017947241275524,631,We're seeking an international franchise.
2813,2221,1,19,79,99,1.2121212121212122,0.04372080059897002,631,"Yes, it’s my emotional support pizza dough. That’s the only way they let it on the plane"
125,2221,1,19,79,99,1.2121212121212122,0.04372080059897002,631,"When I get nervous, I like to cook."
1344,2221,1,19,79,99,1.2121212121212122,0.04372080059897002,631,"The thing is, if I don't do this than its weirder."
643,2221,2,17,80,99,1.2121212121212122,0.046017947241275524,631,When you love what you do then you never commute a day in your life.
876,2221,1,19,79,99,1.2121212121212122,0.04372080059897002,631,It's the best option if you want authentic New York pizza.
2719,2221,1,19,79,99,1.2121212121212122,0.04372080059897002,631,"Just catching up on some work,you?"
2011,2221,2,17,80,99,1.2121212121212122,0.046017947241275524,631,I love the extra headroom.
2000,2232,4,14,86,104,1.2115384615384615,0.04864304475885961,631,"A baker? No, I'm the Secretary of Defense. Wheeee!"
3392,2232,2,18,84,104,1.2115384615384615,0.04464003593905589,631,We are well known for our quick delivery for online orders. For $2.50 more I can add cheese and veggies of your choice.
5246,2232,6,10,88,104,1.2115384615384615,0.05234079477983342,631,"When a big pizza pie hits you in the eye, that's amore"
1751,2235,3,16,86,105,1.2095238095238094,0.0462815838009878,631,I told them it was a pie in the sky idea...
830,2235,3,16,86,105,1.2095238095238094,0.0462815838009878,631,"Depends, did you purchase any add-on toppings?"
1373,2237,3,12,71,86,1.2093023255813953,0.05260980717655106,631,"If you play your cards right, I'll turn a medium into an extra large."
3733,2238,3,15,83,101,1.2079207920792079,0.04733874490250266,631,Um...It's not coming down...steep dive...very steep dive!
5305,2238,1,19,81,101,1.2079207920792079,0.04295249893759181,631,You still have to be ready to catch self-rising dough when we descend.
5295,2238,3,15,83,101,1.2079207920792079,0.04733874490250266,631,Can you believe that security confiscated my tomato sauce?
5269,2238,3,15,83,101,1.2079207920792079,0.04733874490250266,631,It's a soar-dough!
5178,2238,1,19,81,101,1.2079207920792079,0.04295249893759181,631,And that's why I always make my own pizza before assisting the person beside me.
5079,2238,3,15,83,101,1.2079207920792079,0.04733874490250266,631,There's a wood burning oven in the overhead.
4959,2238,1,19,81,101,1.2079207920792079,0.04295249893759181,631,Just'a like Mama used to fly.
1226,2238,3,15,83,101,1.2079207920792079,0.04733874490250266,631,Can't you see I'm working here?
1295,2238,3,15,83,101,1.2079207920792079,0.04733874490250266,631,I feel like everything is up in the air right now!
4781,2238,2,17,82,101,1.2079207920792079,0.04519886023965674,631,It's what I do when I can't have my emotional support dog.
4779,2238,3,15,83,101,1.2079207920792079,0.04733874490250266,631,"In this economy, I had to find a niche market."
1351,2238,4,13,84,101,1.2079207920792079,0.04938599569639575,631,You really don't want to see us enter a flat spin.
4638,2238,4,13,84,101,1.2079207920792079,0.04938599569639575,631,You must think I'm an idiot.
4533,2238,5,11,85,101,1.2079207920792079,0.05135169298966313,631,It doubles my air miles.
5329,2238,4,13,84,101,1.2079207920792079,0.04938599569639575,631,I’m starting to re-think this international delivery concept.
5439,2238,3,15,83,101,1.2079207920792079,0.04733874490250266,631,"During a steep descent, it floats in the air."
5523,2238,1,19,81,101,1.2079207920792079,0.04295249893759181,631,They said I'd never get this much dough through customs.
4423,2238,3,15,83,101,1.2079207920792079,0.04733874490250266,631,"My co-workers said, ""Bring plenty of dough,"" when they learned where I was headed."
136,2238,4,13,84,101,1.2079207920792079,0.04938599569639575,631,And then the idea hit me in the eye.
145,2238,0,21,80,101,1.2079207920792079,0.040581983231523164,631,"So you see, the earth can't be round."
363,2238,5,11,85,101,1.2079207920792079,0.05135169298966313,631,Ah no! These films are rubbish. Chef’s life never like that!
371,2238,2,17,82,101,1.2079207920792079,0.04519886023965674,631,This'll be a whole lot easier on Space X.
767,2238,2,17,82,101,1.2079207920792079,0.04519886023965674,631,"At the chef's school they said to ""Toss it high""."
816,2238,5,11,85,101,1.2079207920792079,0.05135169298966313,631,I just can't seem to leave my work at the bakery
5487,2238,4,13,84,101,1.2079207920792079,0.04938599569639575,631,4 years of college and I'm rolling in the dough.
1019,2238,3,15,83,101,1.2079207920792079,0.04733874490250266,631,This is in lieu of a comfort dog.
1157,2238,4,13,84,101,1.2079207920792079,0.04938599569639575,631,Don't forget to adjust the cooking time for altitude.
1167,2238,5,11,85,101,1.2079207920792079,0.05135169298966313,631,"If this bothers you, I can eat it."
1201,2238,3,15,83,101,1.2079207920792079,0.04733874490250266,631,"People don't realize it but, pizza-making is what's called a use-it-or-lose-it skill.  If you don't do it every day, it's gone"
5646,2238,3,15,83,101,1.2079207920792079,0.04733874490250266,631,"'""Yes looking back I think he meant to suggest taking my therapy doberman on the flight but we got cut off right about then."""
5598,2238,2,17,82,101,1.2079207920792079,0.04519886023965674,631,"Oh, I was a pilot, than this baking thing came along and I  see no knead for more dough."
5565,2238,4,13,84,101,1.2079207920792079,0.04938599569639575,631,"This is OK, but the First Class chefs get to cook duck l'orange."
1020,2238,5,11,85,101,1.2079207920792079,0.05135169298966313,631,Want a piece in the “Mile High Club”?
4337,2238,2,17,82,101,1.2079207920792079,0.04519886023965674,631,I'm loving this new inflight work trend...
1374,2238,3,15,83,101,1.2079207920792079,0.04733874490250266,631,"And then there was the time I stuffed a 
manicotti on the bus to Hoboken..."
1424,2238,3,15,83,101,1.2079207920792079,0.04733874490250266,631,It's really all in your altitude!
2717,2238,2,17,82,101,1.2079207920792079,0.04519886023965674,631,"So as I was saying, the gig economy hurts everyone."
4006,2238,2,17,82,101,1.2079207920792079,0.04519886023965674,631,Getting it in the air is always the most stressful part.
2870,2238,2,17,82,101,1.2079207920792079,0.04519886023965674,631,I just don’t understand why Bourdain would kill himself...but Weinstein? If he had been the one to kill himself...sure that would make sense...
2904,2238,3,15,83,101,1.2079207920792079,0.04733874490250266,631,"Sure it’s a long commute, but I can get a lot of work done on it."
4003,2238,1,19,81,101,1.2079207920792079,0.04295249893759181,631,The in-flight food is indeed crepe
2930,2238,2,17,82,101,1.2079207920792079,0.04519886023965674,631,"did you see the ""I love lucy"" episode where...………….."
2643,2238,1,19,81,101,1.2079207920792079,0.04295249893759181,631,"Actually, it's a therapy pizza."
3094,2238,3,15,83,101,1.2079207920792079,0.04733874490250266,631,You have no idea how hot it gets in here”
3958,2238,5,11,85,101,1.2079207920792079,0.05135169298966313,631,Don't ask. It's on a kneed to know basis.
3891,2238,2,17,82,101,1.2079207920792079,0.04519886023965674,631,I prefer to fix my own airline meals.
3310,2238,3,15,83,101,1.2079207920792079,0.04733874490250266,631,"It's a working vacation."" Mary Ellen Doyle, Charleston, S"
3373,2238,5,11,85,101,1.2079207920792079,0.05135169298966313,631,"If this works, we'll try crepes suzettes."
3382,2238,6,9,86,101,1.2079207920792079,0.05324486993959902,631,We got a complaint that our dough wasn't airy enough.
3462,2238,3,15,83,101,1.2079207920792079,0.04733874490250266,631,"Oh, same as you. I'm just doin' my flippin' job."
3241,2238,0,21,80,101,1.2079207920792079,0.040581983231523164,631,They took away my emotional support emu at the gate.
3730,2238,0,21,80,101,1.2079207920792079,0.040581983231523164,631,"I’m flipping, how about you?"
4024,2238,3,15,83,101,1.2079207920792079,0.04733874490250266,631,When Papa John said Pisa delivery I took him at his word!
2582,2238,4,13,84,101,1.2079207920792079,0.04938599569639575,631,This is the best way to get the dough to rise.
1537,2238,3,15,83,101,1.2079207920792079,0.04733874490250266,631,Wanna join me in the Mile -High Pie-in-the-Sky club?
1539,2238,3,15,83,101,1.2079207920792079,0.04733874490250266,631,I'm gluten-only.
1616,2238,1,19,81,101,1.2079207920792079,0.04295249893759181,631,"Actually, the turbulence makes my job much easier."
1780,2238,3,15,83,101,1.2079207920792079,0.04733874490250266,631,I find this is the only way to get the dough light and airy
4259,2238,3,15,83,101,1.2079207920792079,0.04733874490250266,631,"Now that I'm manager, I'm trying everything through that 30,000 foot lens."
1942,2238,3,15,83,101,1.2079207920792079,0.04733874490250266,631,My company wanted to test the effects of germs and aluminum encasing on our product before we're launching 'Pizza Dough in Can'
2637,2238,3,15,83,101,1.2079207920792079,0.04733874490250266,631,We go to great lengths to see that our dough rises properly.
2026,2238,4,13,84,101,1.2079207920792079,0.04938599569639575,631,"They snicker, but they’re secretly grateful. As long as I keep this in the air, the plane stays in the air."
2159,2238,5,11,85,101,1.2079207920792079,0.05135169298966313,631,This helps to rise
4214,2238,4,13,84,101,1.2079207920792079,0.04938599569639575,631,Some people chew gum to pop their ears.
2317,2238,5,11,85,101,1.2079207920792079,0.05135169298966313,631,I’d never fly coach. Not enough headroom.
4152,2238,1,19,81,101,1.2079207920792079,0.04295249893759181,631,And it’ll stay there as long I keep my hands like this.
2415,2238,2,17,82,101,1.2079207920792079,0.04519886023965674,631,"I argued, but it turns out the TSA classifies sauce as a liquid"
4135,2238,4,13,84,101,1.2079207920792079,0.04938599569639575,631,"...the dough is ready by the time we land at JFK. A drive to little Italy for the sauce, then Amtrak to 30th Street and the broad street line to south Philly for the pepperoni. 24 minutes at 400 degrees and then we start the process all over again."
4239,2238,3,15,83,101,1.2079207920792079,0.04733874490250266,631,It’s my emotional support pizza crust.
2034,2238,1,19,81,101,1.2079207920792079,0.04295249893759181,631,I see you're getting some work done too.
1077,2238,2,17,82,101,1.2079207920792079,0.04519886023965674,631,"I never dreamed the demand for fresh, hand-tossed, pizza crusts would have me travelling the globe."
4093,2309,2,16,79,97,1.2061855670103092,0.0462004455661469,631,"I'm actually an accountant, but when they took away my anxiety monkey I had to try something."
2849,2309,1,18,78,97,1.2061855670103092,0.043814432989690705,631,"Ladies and gentlemen, the Captain has turned on the Tossing Dough sign. We always recommend to use generous amounts of flour on your dough while you’re tossing."
5268,2309,0,20,77,97,1.2061855670103092,0.041290772648446425,631,They always told me I had pie in the sky ideas back at the Pizzeria I used to work in.
2811,2309,2,16,79,97,1.2061855670103092,0.0462004455661469,631,"Well, I guess Southwest finally got tired of peanuts."
2496,2309,3,14,80,97,1.2061855670103092,0.04846914279015989,631,This is one of my favorite nightmares
3432,2309,1,18,78,97,1.2061855670103092,0.043814432989690705,631,Hope you don’t mind. I have to keep my hands busy or else I get very bad air sickness.
746,2309,2,16,79,97,1.2061855670103092,0.0462004455661469,631,No. I've never been to Italy. Why?
132,2309,1,18,78,97,1.2061855670103092,0.043814432989690705,631,These new seats make it really hard to work on the plane.
3944,2309,3,14,80,97,1.2061855670103092,0.04846914279015989,631,I'm pitching a new cooking show to the network.
1623,2318,2,18,87,107,1.205607476635514,0.04351493126493826,631,How else do you get dough to rise?
2711,2319,1,18,79,98,1.2040816326530612,0.043416050423211075,631,Just do it.
2685,2319,1,18,79,98,1.2040816326530612,0.043416050423211075,631,Everyone told me this was a pie in the sky idea.
2205,2319,3,14,81,98,1.2040816326530612,0.048018124763472565,631,I just love the new pizza to go concept!
122,2319,4,12,82,98,1.2040816326530612,0.050161077954179,631,"The bastards made me gate-check my oven, so I really don’t have a choice, now do I?"
2661,2319,3,14,81,98,1.2040816326530612,0.048018124763472565,631,I'd like to make better dough so I could afford first class.
2594,2319,3,14,81,98,1.2040816326530612,0.048018124763472565,631,Thank God they didn't ask me to check my bag.
2346,2319,4,12,82,98,1.2040816326530612,0.050161077954179,631,"Wait, “flying”? Oh, I’ve made a terrible mistake"
2482,2319,2,16,80,98,1.2040816326530612,0.045774958984969194,631,'It gets tricky in turbulence.'
2474,2319,2,16,80,98,1.2040816326530612,0.045774958984969194,631,And to think I almost became an airline pilot
2417,2319,2,16,80,98,1.2040816326530612,0.045774958984969194,631,That pesky turbulence can pose a challenge.
117,2319,3,14,81,98,1.2040816326530612,0.048018124763472565,631,Hot pie home delivered in 3 hours or less or it's free.
2264,2319,4,12,82,98,1.2040816326530612,0.050161077954179,631,Then we put the dough on your overheated laptop battery and Voila. pizza!
2360,2319,1,18,79,98,1.2040816326530612,0.043416050423211075,631,Usually work from home but get extra dough for overtime
2350,2319,3,14,81,98,1.2040816326530612,0.048018124763472565,631,But what path does the pizza dough take relative to an observer on the ground?
2538,2319,2,16,80,98,1.2040816326530612,0.045774958984969194,631,I'm trying to make enough dough to get into first class
3514,2319,3,14,81,98,1.2040816326530612,0.048018124763472565,631,Airtime is essential.
2782,2319,2,16,80,98,1.2040816326530612,0.045774958984969194,631,It tastes better the longer it stays in the air.
3393,2319,4,12,82,98,1.2040816326530612,0.050161077954179,631,"This way, I can say I hand-toss my crusts higher than anybody.”"
3340,2319,4,12,82,98,1.2040816326530612,0.050161077954179,631,I have trouble leaving my work behind also
62,2319,4,12,82,98,1.2040816326530612,0.050161077954179,631,My life coach said I should live my dreams!
3275,2319,0,20,78,98,1.2040816326530612,0.040921388033960934,631,There's a glitch with the pizza drones today.
3226,2319,4,12,82,98,1.2040816326530612,0.050161077954179,631,I hate having to take work home with me!
3193,2319,2,16,80,98,1.2040816326530612,0.045774958984969194,631,And what's really great is that it doubles as a pillow!!!!
3132,2319,2,16,80,98,1.2040816326530612,0.045774958984969194,631,"It's my patented gluten-free artisanal high-altitude bread,
but the business model is still up in the air."
3121,2319,0,20,78,98,1.2040816326530612,0.040921388033960934,631,"Unfortunately, the made me check the sauce."
3084,2319,1,18,79,98,1.2040816326530612,0.043416050423211075,631,It’s my first working vacation
3026,2319,3,14,81,98,1.2040816326530612,0.048018124763472565,631,You should see what they are serving in first class
2958,2319,4,12,82,98,1.2040816326530612,0.050161077954179,631,The main challenge is adjusting the recipe for elevation.
2932,2319,3,14,81,98,1.2040816326530612,0.048018124763472565,631,These Hawaiian pizzas take a little more time.
2909,2319,4,12,82,98,1.2040816326530612,0.050161077954179,631,The secret to a successful side-hussle is productively using your dowmtime
2869,2319,2,16,80,98,1.2040816326530612,0.045774958984969194,631,My business is up in the air.
2820,2319,1,18,79,98,1.2040816326530612,0.043416050423211075,631,"During takeoffs and landings, it goes flying."
63,2319,4,12,82,98,1.2040816326530612,0.050161077954179,631,"So, she's like, ""I just don't think we have that much in common, Gino."""
2790,2319,4,12,82,98,1.2040816326530612,0.050161077954179,631,some guy ordered a pizza in aisle 7
2172,2319,3,14,81,98,1.2040816326530612,0.048018124763472565,631,This is my first pie-in-the-sky idea that actually took off.
2722,2319,2,16,80,98,1.2040816326530612,0.045774958984969194,631,Airlines are raising a lot of dough these days.
2047,2319,4,12,82,98,1.2040816326530612,0.050161077954179,631,"Hey, would you prefer I throw up something else?"
2078,2319,2,16,80,98,1.2040816326530612,0.045774958984969194,631,This one wouldn't fit in my carry on.
1234,2319,1,18,79,98,1.2040816326530612,0.043416050423211075,631,"Uhh, I'm getting as far away from Hell's Kitchen as possible."
1204,2319,0,20,78,98,1.2040816326530612,0.040921388033960934,631,The hard part is finding a yeast that coexists with a high level of nitroamines.
1174,2319,2,16,80,98,1.2040816326530612,0.045774958984969194,631,You wouldn’t happen to have some tomato sauce?
1148,2319,3,14,81,98,1.2040816326530612,0.048018124763472565,631,I'm limiting my screen time.
1146,2319,0,20,78,98,1.2040816326530612,0.040921388033960934,631,My oven just died so I'm going to my moms to use hers
1071,2319,3,14,81,98,1.2040816326530612,0.048018124763472565,631,"Actually, the trickiest part of the process is adjusting the ingredients for the altitude."
283,2319,4,12,82,98,1.2040816326530612,0.050161077954179,631,My friends always told my dreams were pie in the sky.
1238,2319,0,20,78,98,1.2040816326530612,0.040921388033960934,631,"Do you think ""Pie in the Sky"" for a restaurant name is a bit on the nose?"
991,2319,0,20,78,98,1.2040816326530612,0.040921388033960934,631,You've heard of QANON right?
925,2319,4,12,82,98,1.2040816326530612,0.050161077954179,631,"Actually, I'm an air marshall."
915,2319,2,16,80,98,1.2040816326530612,0.045774958984969194,631,"It's planned for international first class, but they say we have to practice in economy"
905,2319,1,18,79,98,1.2040816326530612,0.043416050423211075,631,I have to get twenty-six of these done by Milan.
389,2319,2,16,80,98,1.2040816326530612,0.045774958984969194,631,I’ll be okay after we’ve leveled off at cruising altitude.
692,2319,3,14,81,98,1.2040816326530612,0.048018124763472565,631,"Ill tell you why, I kneed the dough."
655,2319,1,18,79,98,1.2040816326530612,0.043416050423211075,631,I couldn't get the pepperoni through security.
408,2319,4,12,82,98,1.2040816326530612,0.050161077954179,631,It said to let the crust rise.  Do you think 800 feet is high enough?
939,2319,0,20,78,98,1.2040816326530612,0.040921388033960934,631,"...and if an emergency happens after mid flight, the gluten in this baby will stretch like a sail and I'll have a gentle landing."
2104,2319,1,18,79,98,1.2040816326530612,0.043416050423211075,631,I work remotely most days.
1338,2319,4,12,82,98,1.2040816326530612,0.050161077954179,631,The risky part is when the train starts moving.
1397,2319,4,12,82,98,1.2040816326530612,0.050161077954179,631,I need to make more dough.
3420,2319,3,14,81,98,1.2040816326530612,0.048018124763472565,631,...and so how's your work-life balance treating you?
181,2319,1,18,79,98,1.2040816326530612,0.043416050423211075,631,The fee for checking it was outrageous.
1952,2319,3,14,81,98,1.2040816326530612,0.048018124763472565,631,I made a lot of dough back in New York.
1918,2319,2,16,80,98,1.2040816326530612,0.045774958984969194,631,They come out fluffier at higher altitudes
1885,2319,2,16,80,98,1.2040816326530612,0.045774958984969194,631,I started as a teenager when my new stepfather told me not to play with my food.
1866,2319,3,14,81,98,1.2040816326530612,0.048018124763472565,631,I got on at Naples.
225,2319,3,14,81,98,1.2040816326530612,0.048018124763472565,631,My company successfully lobbied the FAA to change the rule.
1341,2319,5,10,83,98,1.2040816326530612,0.05221615820079095,631,My Thin Crust Pizza at 40 Thousand  Feet
1759,2319,4,12,82,98,1.2040816326530612,0.050161077954179,631,So? Where you been? Deregulation means business-friendly.
1667,2319,3,14,81,98,1.2040816326530612,0.048018124763472565,631,"Mr. Manafort asked me if we deliver, and I said, well..."
1660,2319,0,20,78,98,1.2040816326530612,0.040921388033960934,631,I'm going for the Genus Word Book for longest pizza dough tossing.
1594,2319,4,12,82,98,1.2040816326530612,0.050161077954179,631,"You know, I dont think youre allowed to use a laptop on this flight..."
1577,2319,3,14,81,98,1.2040816326530612,0.048018124763472565,631,I'm gonna need two tray tables ...
1523,2319,3,14,81,98,1.2040816326530612,0.048018124763472565,631,It seems to rise better up here!
1418,2319,4,12,82,98,1.2040816326530612,0.050161077954179,631,They allow this but my stress ball was deemed potentially hazardous. Go Figure.
1411,2319,2,16,80,98,1.2040816326530612,0.045774958984969194,631,"Better you should ask, why are we sitting four across?"
1746,2319,2,16,80,98,1.2040816326530612,0.045774958984969194,631,There's no getting away from work these days.
3422,2319,2,16,80,98,1.2040816326530612,0.045774958984969194,631,I'm going for the record.
415,2319,4,12,82,98,1.2040816326530612,0.050161077954179,631,"I'm flying straight to Moscow.  Putin may hate America, but he likes his Chicago deep dish FRESH."
3484,2319,3,14,81,98,1.2040816326530612,0.048018124763472565,631,"If I were rolling in dough, I could sit in first class."
4470,2319,2,16,80,98,1.2040816326530612,0.045774958984969194,631,"Well, we promise 30’ delivery in this area."
4499,2319,3,14,81,98,1.2040816326530612,0.048018124763472565,631,I hope you have enough battery life. I'm going to need the power outlet soon.
4515,2319,0,20,78,98,1.2040816326530612,0.040921388033960934,631,I find the recirculated air does wonders for the crust.
4542,2319,3,14,81,98,1.2040816326530612,0.048018124763472565,631,"I do all my crusts on an airplane. It’s expensive, but worth it!"
4584,2319,0,20,78,98,1.2040816326530612,0.040921388033960934,631,The pizza throwing contest is tomorrow.
4674,2319,2,16,80,98,1.2040816326530612,0.045774958984969194,631,"...and then Papa said to me, 'Choose a job that you love and you will never work a day in your life.'"
4785,2319,6,8,84,98,1.2040816326530612,0.05419336318198782,631,"OK, I got that.  Now, what does the video say my next step is?"
4832,2319,1,18,79,98,1.2040816326530612,0.043416050423211075,631,I'm part of the promised Presidential Program for Pie in the Sky.
4835,2319,4,12,82,98,1.2040816326530612,0.050161077954179,631,Di I mention that we deliver?
4900,2319,3,14,81,98,1.2040816326530612,0.048018124763472565,631,"Sorry, my interview is tomorrow."
3446,2319,3,14,81,98,1.2040816326530612,0.048018124763472565,631,"...what are you looking at?  In this day and age, everybody works on vacation."
5000,2319,2,16,80,98,1.2040816326530612,0.045774958984969194,631,I was supposed to be in the window seat behind us but my Sky Pie kept hitting the overhead bin.
5025,2319,1,18,79,98,1.2040816326530612,0.043416050423211075,631,I’m just tossing this out..
5072,2319,4,12,82,98,1.2040816326530612,0.050161077954179,631,They said to turn that shit off!
5128,2319,3,14,81,98,1.2040816326530612,0.048018124763472565,631,To tell you the truth I get more done on the plane without all the office distractions.
5375,2319,2,16,80,98,1.2040816326530612,0.045774958984969194,631,yes eet is my - how you say - emotional support dough!
5459,2319,2,16,80,98,1.2040816326530612,0.045774958984969194,631,International delivery - fresh - sounds great...
5514,2319,2,16,80,98,1.2040816326530612,0.045774958984969194,631,"These days, you can’t leave work at work anymore"
5572,2319,2,16,80,98,1.2040816326530612,0.045774958984969194,631,I'm a high flier who tosses his dough around - what do you do?
5615,2319,3,14,81,98,1.2040816326530612,0.048018124763472565,631,Occupational therapy.
5616,2319,4,12,82,98,1.2040816326530612,0.050161077954179,631,I've been trying to get some work done before we land.
5622,2319,3,14,81,98,1.2040816326530612,0.048018124763472565,631,This is my secret trick to get the bread to rise without yeast.
5649,2319,4,12,82,98,1.2040816326530612,0.050161077954179,631,"If I had more dough, I’d be in business."
4081,2319,1,18,79,98,1.2040816326530612,0.043416050423211075,631,Uber Eats doesn’t pay me enough for this.
4439,2319,1,18,79,98,1.2040816326530612,0.043416050423211075,631,"Since you asked, it was really a toss up whether to become a chef, but I kneaded the dough."
4469,2319,3,14,81,98,1.2040816326530612,0.048018124763472565,631,I'm practicing for my interview.
4425,2319,2,16,80,98,1.2040816326530612,0.045774958984969194,631,"Hey, it's business class."
567,2319,2,16,80,98,1.2040816326530612,0.045774958984969194,631,Our light pizza menu is really pie in the sky.
3522,2319,1,18,79,98,1.2040816326530612,0.043416050423211075,631,They told me this idea was just pie in the sky.
3528,2319,0,20,78,98,1.2040816326530612,0.040921388033960934,631,Just getting a head start. I'm this month's visiting chef at a New York City restaurant.
3540,2319,5,10,83,98,1.2040816326530612,0.05221615820079095,631,It sounds like your Ambien is kicking in.
3555,2319,4,12,82,98,1.2040816326530612,0.050161077954179,631,Be grateful I'm not tossing my cookies
3624,2319,4,12,82,98,1.2040816326530612,0.050161077954179,631,These days it's all about NY-LA pizza.
3638,2319,2,16,80,98,1.2040816326530612,0.045774958984969194,631,"One moment I accept a company cell phone, next thing you know I'm working on vacation!"
3707,2319,4,12,82,98,1.2040816326530612,0.050161077954179,631,You have to practice...
25,2319,2,16,80,98,1.2040816326530612,0.045774958984969194,631,This is what you get when you are first class. hand made pizza
3801,2319,5,10,83,98,1.2040816326530612,0.05221615820079095,631,I wanted to see how high I could get it.
4434,2319,4,12,82,98,1.2040816326530612,0.050161077954179,631,Altitude helps the dough rise.
3899,2319,5,10,83,98,1.2040816326530612,0.05221615820079095,631,"The more dough you raise, the less you knead it."
3909,2319,1,18,79,98,1.2040816326530612,0.043416050423211075,631,I'd heard this airline was a fly pie night operation.
3862,2319,4,12,82,98,1.2040816326530612,0.050161077954179,631,I forgot to finish my homework.
4065,2319,5,10,83,98,1.2040816326530612,0.05221615820079095,631,"It's the altitude of the crust, not the airplane, that makes the difference."""
4304,2319,4,12,82,98,1.2040816326530612,0.050161077954179,631,"When they told me that an aisle seat would cost a little extra dough, I believed them!"
4263,2319,2,16,80,98,1.2040816326530612,0.045774958984969194,631,He said he had a craving for real New York pizza and told me to get to JFK and catch a flight right away!
4163,2319,3,14,81,98,1.2040816326530612,0.048018124763472565,631,The dough doesn’t stretch as well in business class
4143,2319,3,14,81,98,1.2040816326530612,0.048018124763472565,631,Enjoy your salad.
1676,2319,0,20,78,98,1.2040816326530612,0.040921388033960934,631,"I figured I might as well die doing what I love, and I love pizza"
4069,2319,3,14,81,98,1.2040816326530612,0.048018124763472565,631,I just want to be sharp for my job interview.
4067,2319,2,16,80,98,1.2040816326530612,0.045774958984969194,631,I'm a member of the mile high pizza club.
4096,2319,3,14,81,98,1.2040816326530612,0.048018124763472565,631,I didn't know if they were going to serve food on this flight.
3853,2447,2,15,77,94,1.202127659574468,0.046815269577118276,631,"The dough rises best at 35,000 feet"
2219,2447,1,17,76,94,1.202127659574468,0.04430450164682011,631,"""I like to do the sixth turn over Seattle --light as air!"
2560,2447,1,17,76,94,1.202127659574468,0.04430450164682011,631,The airline wanted to charge me a $50 baggage fee.
2206,2447,0,19,75,94,1.202127659574468,0.04164262559887302,631,"Hey, I'm not tossing my cookies!"
2729,2447,2,15,77,94,1.202127659574468,0.046815269577118276,631,"'So, I didn't make top chef - big deal. Let's see em' top pizza at 30,000 feet'"
2698,2447,2,15,77,94,1.202127659574468,0.046815269577118276,631,"I thought ""window seat or isle, it's a toss-up"""
793,2447,2,15,77,94,1.202127659574468,0.046815269577118276,631,My electronics are off.
661,2447,2,15,77,94,1.202127659574468,0.046815269577118276,631,"In pizza, varying gravitational force is essential to the formation of a good crust."
4397,2447,0,19,75,94,1.202127659574468,0.04164262559887302,631,Whatzamatta you? itza not so bad...shaddupa yo face !
3115,2456,2,16,81,99,1.202020202020202,0.045357095658013595,631,"This is why I""m such a great pizza chef. I practice every day."
5076,2457,0,19,77,96,1.1979166666666667,0.040877951813226225,631,It’s disturbing... yes... it’s disturbing...
4235,2457,3,13,80,96,1.1979166666666667,0.04825869539561291,631,Think of it as my fidget spinner.
4452,2457,3,13,80,96,1.1979166666666667,0.04825869539561291,631,They actually had to remove a row in first class to accommodate the pizza oven.
4521,2457,3,13,80,96,1.1979166666666667,0.04825869539561291,631,I just feel like I’m always connected to work.
4572,2457,2,15,79,96,1.1979166666666667,0.04593041950246607,631,I'm an emotional support pizzaiolo.
4709,2457,3,13,80,96,1.1979166666666667,0.04825869539561291,631,Some people say I'm a workaholic.
3989,2457,2,15,79,96,1.1979166666666667,0.04593041950246607,631,"Well, There's no app yet."
4717,2457,2,15,79,96,1.1979166666666667,0.04593041950246607,631,I'm going for the Guinness Book of records for making dough rise
4734,2457,3,13,80,96,1.1979166666666667,0.04825869539561291,631,It's nothing special. You know this is coach--right?
4824,2457,2,15,79,96,1.1979166666666667,0.04593041950246607,631,My way of competing with those food trucks
4092,2457,3,13,80,96,1.1979166666666667,0.04825869539561291,631,I just love this “virtual office” concept!
4866,2457,2,15,79,96,1.1979166666666667,0.04593041950246607,631,We've cut delivery time in half.'
5539,2457,3,13,80,96,1.1979166666666667,0.04825869539561291,631,Planes are the only place I can get any real work done anymore.
5442,2457,2,15,79,96,1.1979166666666667,0.04593041950246607,631,My wife says I have to keep this up for nine and a half months.
5370,2457,3,13,80,96,1.1979166666666667,0.04825869539561291,631,Can you read the recipe again? I just don't understand why this step requires a plane surface.
5354,2457,4,11,81,96,1.1979166666666667,0.05047969816570406,631,"The pilot likes his pizza fresh, light, and airy."
5303,2457,3,13,80,96,1.1979166666666667,0.04825869539561291,631,"""Relieves my anxiety and keeps me focused when I fly."
5300,2457,3,13,80,96,1.1979166666666667,0.04825869539561291,631,"Like most passengers, I keep my dough in a carry-on bag."
5274,2457,1,17,78,96,1.1979166666666667,0.043477640116023786,631,"You see it is not enough to simply toss the dough, it really has to fly."
5165,2457,2,15,79,96,1.1979166666666667,0.04593041950246607,631,It's the fastest way I can get the dough to rise.
5015,2457,1,17,78,96,1.1979166666666667,0.043477640116023786,631,"This  is Henry, my companion dough."
4694,2457,2,15,79,96,1.1979166666666667,0.04593041950246607,631,This is my play dough.
3218,2457,3,13,80,96,1.1979166666666667,0.04825869539561291,631,It's all about airtime.
3805,2457,5,9,82,96,1.1979166666666667,0.05260701638103629,631,So was that you that cut the cheese?
352,2457,5,9,82,96,1.1979166666666667,0.05260701638103629,631,The crew needs an emotional support pizza.
405,2457,3,13,80,96,1.1979166666666667,0.04825869539561291,631,"This flight is usually two hours or four pizza pies."""
2187,2457,1,17,78,96,1.1979166666666667,0.043477640116023786,631,"Some people toss their cookies when they fly, but not me."
552,2457,4,11,81,96,1.1979166666666667,0.05047969816570406,631,"You can take the man out of the pizza toss, but you can't take the pizza toss out of the man."
571,2457,3,13,80,96,1.1979166666666667,0.04825869539561291,631,"I knew this trip was going to be ""pie in the sky""."
572,2457,3,13,80,96,1.1979166666666667,0.04825869539561291,631,"This is business class, right? So how about I do mine and you mind your own?"
686,2457,5,9,82,96,1.1979166666666667,0.05260701638103629,631,We got thrown off the last flight when the oven started smoking.
2136,2457,4,11,81,96,1.1979166666666667,0.05047969816570406,631,In order to make a perfect quiche it has to be twirled at 40.000 feet for 21 seconds.
1954,2457,4,11,81,96,1.1979166666666667,0.05047969816570406,631,"For this year's vacation, it was a toss-up between Florence and Rome."
1719,2457,1,17,78,96,1.1979166666666667,0.043477640116023786,631,Can you look up the high-altitude cook time?
843,2457,0,19,77,96,1.1979166666666667,0.040877951813226225,631,I'll be finishing my pizza dough before I help you with yours.
951,2457,3,13,80,96,1.1979166666666667,0.04825869539561291,631,"I find that flour has the best consistence at 28,000 feet"
1703,2457,1,17,78,96,1.1979166666666667,0.043477640116023786,631,Making pizza is more than a job. It's a non-stop passion.
1041,2457,2,15,79,96,1.1979166666666667,0.04593041950246607,631,I never cared for airline pizza.
1043,2457,0,19,77,96,1.1979166666666667,0.040877951813226225,631,Dad said go for it . . .I'm going to call it Five Mile High Club Pizza . .
1044,2457,2,15,79,96,1.1979166666666667,0.04593041950246607,631,Have you seen the food they serve on these flights?
1121,2457,4,11,81,96,1.1979166666666667,0.05047969816570406,631,"They always said, “You can take the chef out of Italy,” so I decided to take them up on it."
1593,2457,3,13,80,96,1.1979166666666667,0.04825869539561291,631,You asked for a plane slice.
1307,2457,3,13,80,96,1.1979166666666667,0.04825869539561291,631,At least it doesn't cry.
227,2457,3,13,80,96,1.1979166666666667,0.04825869539561291,631,"In case of a water landing, my dough serves as a flotation device."
222,2457,2,15,79,96,1.1979166666666667,0.04593041950246607,631,"And she was all ""What about my kneads?"""
205,2457,3,13,80,96,1.1979166666666667,0.04825869539561291,631,Airtisanal is the new thing.
2403,2457,2,15,79,96,1.1979166666666667,0.04593041950246607,631,It's all about the aerodynamics.
3721,2457,2,15,79,96,1.1979166666666667,0.04593041950246607,631,"International Pizza Delivery. Every stop is fresh and fast.""

Talieah Ram, HI, Honolulu"
3720,2457,3,13,80,96,1.1979166666666667,0.04825869539561291,631,Even better than first class.
3635,2457,4,11,81,96,1.1979166666666667,0.05047969816570406,631,This isn't what I was expecting when I ordered the make-your-own-pizza.
3631,2457,4,11,81,96,1.1979166666666667,0.05047969816570406,631,"I'm a fidgety flyer, but this helps."
3364,2457,2,15,79,96,1.1979166666666667,0.04593041950246607,631,I went for extra sauce instead of extra legroom!
3297,2457,1,17,78,96,1.1979166666666667,0.043477640116023786,631,The captain prefers a rising crust.
3259,2457,2,15,79,96,1.1979166666666667,0.04593041950246607,631,"Then in March 2003 I declared war on Iraq, and that was no picnic either, I can tell you."
3245,2457,3,13,80,96,1.1979166666666667,0.04825869539561291,631,"There are no meals served on this flight, so I brought my own."
3152,2457,2,15,79,96,1.1979166666666667,0.04593041950246607,631,"In case of a sudden ocean landing, it's an inflatable device."
3844,2457,2,15,79,96,1.1979166666666667,0.04593041950246607,631,It's a therepy calzone.
3082,2457,3,13,80,96,1.1979166666666667,0.04825869539561291,631,Mile High Pizza. For the Mile High Club after party.
2986,2457,3,13,80,96,1.1979166666666667,0.04825869539561291,631,"Hey, it's better than a bag of peanuts"
2866,2457,4,11,81,96,1.1979166666666667,0.05047969816570406,631,I can’t deal with “chicken or pasta” anymore!
2788,2457,4,11,81,96,1.1979166666666667,0.05047969816570406,631,It's a call-in order for Putin.
2772,2457,2,15,79,96,1.1979166666666667,0.04593041950246607,631,I can’t get away from work either.I work for this airline.
2750,2457,3,13,80,96,1.1979166666666667,0.04825869539561291,631,I used to use a laptop but I kept dropping it.
2646,2457,2,15,79,96,1.1979166666666667,0.04593041950246607,631,"Your travel pillow will be ready in a moment, ma'am."
2565,2457,1,17,78,96,1.1979166666666667,0.043477640116023786,631,I find the altitude makes for a perfect crust
2489,2457,0,19,77,96,1.1979166666666667,0.040877951813226225,631,I don't care much for airline food. I bring my own.
2425,2457,0,19,77,96,1.1979166666666667,0.040877951813226225,631,"Student debt. I
can't stop working!"
3077,2457,3,13,80,96,1.1979166666666667,0.04825869539561291,631,"I should have known that TSA would trash my pizza cutter...
I really kneaded it."
1372,2457,4,11,81,96,1.1979166666666667,0.05047969816570406,631,The oven’s in the overhead locker
1378,2457,1,17,78,96,1.1979166666666667,0.043477640116023786,631,"You know, most people dont have the dough to fly first class."
3451,2527,3,13,81,97,1.1958762886597938,0.04780215719327684,631,Sorry. I didn’t have enough dough for first class.
272,2527,2,15,80,97,1.1958762886597938,0.04550021538441706,631,"Mamma Mia. I think the customer said 'carry out,' not 'carry on'."
600,2527,2,15,80,97,1.1958762886597938,0.04550021538441706,631,Could I interest you in a mile-high crust?
740,2527,4,11,82,97,1.1958762886597938,0.04999822861495349,631,"Since we're landing at LaGuardia, I'll  call this one my Yeast Coast Special"
771,2527,3,13,81,97,1.1958762886597938,0.04780215719327684,631,Most people make the mistake of adding their toppings before we reach altitude.
874,2527,2,15,80,97,1.1958762886597938,0.04550021538441706,631,"Yes, it's a new first class feature. The folks in the back now have to forage."""
1337,2527,3,13,81,97,1.1958762886597938,0.04780215719327684,631,Italy really impressed me.
1473,2527,3,13,81,97,1.1958762886597938,0.04780215719327684,631,"I always try to anticipate an air pocket,"
1785,2527,2,15,80,97,1.1958762886597938,0.04550021538441706,631,"Y’know, they should really offer free WiFi on these things."
3700,2527,2,15,80,97,1.1958762886597938,0.04550021538441706,631,"What do you think, sky high or mile high pizza?"
4129,2527,1,17,79,97,1.1958762886597938,0.043075433459524665,631,got to practice im going to the finals....
5238,2527,3,13,81,97,1.1958762886597938,0.04780215719327684,631,"Witb the flight lover's pizza, you are only allowed two carry on toppings."
2552,2539,0,18,74,92,1.1956521739130435,0.041585659081903516,631,"Maggie couldn’t believe her eyes, 4 seats in a row by a window."
1464,2539,0,18,74,92,1.1956521739130435,0.041585659081903516,631,You get a lighter crust up here.
1330,2539,1,16,75,92,1.1956521739130435,0.044365060402479714,631,I had to smuggle in a bottle of marinara sauce. You do not want to know where it is...
1063,2539,1,16,75,92,1.1956521739130435,0.044365060402479714,631,"The ""30 minutes or it's free"" guarantee doesn't start until we've landed."
297,2539,1,16,75,92,1.1956521739130435,0.044365060402479714,631,I'd worry more about the bed bugs if I were you.
2620,2539,1,16,75,92,1.1956521739130435,0.044365060402479714,631,"Yeah, they confiscated my pizza cutter. At least I tried."
1100,2539,2,14,76,92,1.1956521739130435,0.046980316386280786,631,Everything's up in the air! Where is gravity when we need it?
2779,2539,2,14,76,92,1.1956521739130435,0.046980316386280786,631,Protect your laptop if the pilot makes a sudden right turn.
1247,2539,2,14,76,92,1.1956521739130435,0.046980316386280786,631,The best dough is on the Space Shuttle
4095,2539,0,18,74,92,1.1956521739130435,0.041585659081903516,631,It's all about calculating altitude and turbulence anticipation in to the toss timing equation.
4105,2539,1,16,75,92,1.1956521739130435,0.044365060402479714,631,It's the airline CEO's pet project-made to order comfort food for the comfort animals.
4312,2539,2,14,76,92,1.1956521739130435,0.046980316386280786,631,I would not be doing this if I did not need the dough
4472,2539,0,18,74,92,1.1956521739130435,0.041585659081903516,631,"Well, it’s a test. 
If it doesn’t come; we’re in trouble."
4893,2539,2,14,76,92,1.1956521739130435,0.046980316386280786,631,it can't go in the overhead
4032,2539,3,12,77,92,1.1956521739130435,0.0494574733583754,631,"{Singing}
I like to fly
With my pizza pie
That's amore"
4922,2539,1,16,75,92,1.1956521739130435,0.044365060402479714,631,"If we experience turbulence, I'll toss my cookies."
121,2555,3,13,82,98,1.1938775510204083,0.04735406622354269,631,"Up here, the dough rises better."
4586,2556,5,8,80,93,1.1935483870967742,0.05352917638697465,631,"You know,I just find it very relaxing..."
4410,2556,3,12,78,93,1.1935483870967742,0.04896799509143365,631,‘You just watch Signorina when I put on the marinara sauce”.’
4387,2556,1,16,76,93,1.1935483870967742,0.043935820942387044,631,"TSA made me check my pan, so I need to keep flipping it until I claim my bags."
4344,2556,3,12,78,93,1.1935483870967742,0.04896799509143365,631,Just think: I used to fly this plane.
4206,2556,2,14,77,93,1.1935483870967742,0.04652000056511267,631,It's light ... It's gluten-free
4233,2556,3,12,78,93,1.1935483870967742,0.04896799509143365,631,I need to get more rise to my dough.
4727,2556,3,12,78,93,1.1935483870967742,0.04896799509143365,631,I know what you’re thinking.
3988,2556,3,12,78,93,1.1935483870967742,0.04896799509143365,631,"It's my new start-up, AirPizzaNPasta."
3807,2556,1,16,76,93,1.1935483870967742,0.043935820942387044,631,Gino's has the best pizza in Boston.  I fly it in daily from New York.
4277,2556,1,16,76,93,1.1935483870967742,0.043935820942387044,631,"Pardon me, but my carry-on pizza oven is under your seat."
4729,2556,4,10,79,93,1.1935483870967742,0.05129930441995542,631,It's all part of our new 'Mile-High' promotion.
5190,2556,4,10,79,93,1.1935483870967742,0.05129930441995542,631,"If you just clock in and out, you’ll never make the big dough."
4905,2556,0,18,75,93,1.1935483870967742,0.041189832133487855,631,I do have to toss it once in a while. It does get hot. That's why they call it a hot dog.
5069,2556,4,10,79,93,1.1935483870967742,0.05129930441995542,631,We have the freshest in-flight meals that money can buy.
5221,2556,1,16,76,93,1.1935483870967742,0.043935820942387044,631,"It’s a long commute, but at least I get a lot of work done."
5236,2556,3,12,78,93,1.1935483870967742,0.04896799509143365,631,The cabin air imbues the dough with an earthy cheese aroma.
5240,2556,2,14,77,93,1.1935483870967742,0.04652000056511267,631,Idle hands are the devil's workshop.
5323,2556,4,10,79,93,1.1935483870967742,0.05129930441995542,631,Brace for landing.
5397,2556,3,12,78,93,1.1935483870967742,0.04896799509143365,631,CPTD. Compulsive Pizza Throwing Disorder.
5432,2556,2,14,77,93,1.1935483870967742,0.04652000056511267,631,"If Manafort can flip, so can I..."
5529,2556,0,18,75,93,1.1935483870967742,0.041189832133487855,631,"Welcome to ""Famous Original Ray's Airlines."""
5562,2556,3,12,78,93,1.1935483870967742,0.04896799509143365,631,It keeps my mind off being seven miles up in the air.
3776,2556,2,14,77,93,1.1935483870967742,0.04652000056511267,631,"If we don't deliver in 3000 miles or less, it's free."
4765,2556,1,16,76,93,1.1935483870967742,0.043935820942387044,631,She's my emotional-support dough.
3757,2556,5,8,80,93,1.1935483870967742,0.05352917638697465,631,May I borrow your charger?
5406,2556,2,14,77,93,1.1935483870967742,0.04652000056511267,631,"It was a toss-up, but I figured I’d fly coach and save a little dough."
3722,2556,3,12,78,93,1.1935483870967742,0.04896799509143365,631,It's how I explain relativity.
1455,2556,2,14,77,93,1.1935483870967742,0.04652000056511267,631,Repetitive motions calm my fear of flying.
1367,2556,2,14,77,93,1.1935483870967742,0.04652000056511267,631,I bet the flight attendant I couldn't get a extra thin crust between my knees and the seat in front of me.
1359,2556,2,14,77,93,1.1935483870967742,0.04652000056511267,631,Just catching up on work like everyone else.
1358,2556,2,14,77,93,1.1935483870967742,0.04652000056511267,631,Would you like plane or pepperoni?
1257,2556,3,12,78,93,1.1935483870967742,0.04896799509143365,631,I’m hoping they make it an Olympic event.
1244,2556,2,14,77,93,1.1935483870967742,0.04652000056511267,631,Actually it's part of an experiment for my college physics class.
1059,2556,1,16,76,93,1.1935483870967742,0.043935820942387044,631,It's gotta be fresh
1016,2556,5,8,80,93,1.1935483870967742,0.05352917638697465,631,"Actually, the best dough comes from Ossining."
850,2556,2,14,77,93,1.1935483870967742,0.04652000056511267,631,We offer free delivery
3747,2556,2,14,77,93,1.1935483870967742,0.04652000056511267,631,I find the dough rises more quickly at higher altitudes.
728,2556,2,14,77,93,1.1935483870967742,0.04652000056511267,631,"... then my cousin's daughter, Deborah, met up with us in Chicago and could you believe it? Her neighbor, Cindy, was there and she had a bun in the oven... Oh, I just realized her husband is a baker. That's funny... Anyway, my nephew came by later..."
580,2556,0,18,75,93,1.1935483870967742,0.041189832133487855,631,I would've been fine with a bag of peanuts.
500,2556,3,12,78,93,1.1935483870967742,0.04896799509143365,631,Don't worry- it's only plastic explosives.
435,2556,4,10,79,93,1.1935483870967742,0.05129930441995542,631,The altitude makes it crispier.
321,2556,3,12,78,93,1.1935483870967742,0.04896799509143365,631,I need a vacation.
144,2556,2,14,77,93,1.1935483870967742,0.04652000056511267,631,I'm trying to set a Guinness Book world record.
71,2556,3,12,78,93,1.1935483870967742,0.04896799509143365,631,"And really, it's all just up in the air right now."
1485,2556,4,10,79,93,1.1935483870967742,0.05129930441995542,631,The guy in the headphones is on our A list
1650,2556,2,14,77,93,1.1935483870967742,0.04652000056511267,631,Nothing to it.  I just told them I can't fly without my comfort food.
791,2556,1,16,76,93,1.1935483870967742,0.043935820942387044,631,They never check the toque. I could have brought anything up here.
1859,2556,1,16,76,93,1.1935483870967742,0.043935820942387044,631,"What do you expect? With all the added fees, I can't afford the in-flight meal..."
2448,2556,2,14,77,93,1.1935483870967742,0.04652000056511267,631,"Pizza fly, that's also amore."
2438,2556,3,12,78,93,1.1935483870967742,0.04896799509143365,631,It's the new SkyMall in-flight delivery service.
1739,2556,1,16,76,93,1.1935483870967742,0.043935820942387044,631,"The olive oil was over 3.4 ounces, I didn't have a choice."
2341,2556,2,14,77,93,1.1935483870967742,0.04652000056511267,631,"We deliver anywhere, really, anywhere..."
2928,2556,2,14,77,93,1.1935483870967742,0.04652000056511267,631,"Sorry, but I desperately need the practice."
3020,2556,2,14,77,93,1.1935483870967742,0.04652000056511267,631,I want to go into politics. I'm good at spin.
2337,2556,3,12,78,93,1.1935483870967742,0.04896799509143365,631,...And this is your brain on drugs.
2239,2556,1,16,76,93,1.1935483870967742,0.043935820942387044,631,I'm a nervous tosser.
3244,2556,2,14,77,93,1.1935483870967742,0.04652000056511267,631,It's not pie in the sky if it works.
2228,2556,1,16,76,93,1.1935483870967742,0.043935820942387044,631,I always get more work done on a plane!
3416,2556,1,16,76,93,1.1935483870967742,0.043935820942387044,631,"Can you wait until the next stop?  My wife will
be boarding with the pizza oven."
3444,2556,1,16,76,93,1.1935483870967742,0.043935820942387044,631,"So there I was, marinara sauce on my pants."
3038,2556,2,14,77,93,1.1935483870967742,0.04652000056511267,631,You get a lighter crust at this altitude.
2559,2556,3,12,78,93,1.1935483870967742,0.04896799509143365,631,"Wait, so the mile high club doesn't refer to hand tossing a pizza at 30,000 feet?"
1881,2556,2,14,77,93,1.1935483870967742,0.04652000056511267,631,"The problem is, I still don't know how to get my oven on board."
1884,2556,2,14,77,93,1.1935483870967742,0.04652000056511267,631,You just have to remember to adjust the recipe for the high altitude.
1896,2556,0,18,75,93,1.1935483870967742,0.041189832133487855,631,"You see, the secret is all in the descent."
3554,2556,0,18,75,93,1.1935483870967742,0.041189832133487855,631,You're gonna love my specialty--pizza pie in the sky
3492,2622,1,16,77,94,1.1914893617021276,0.043514647367321815,631,"No it's a brat. Polish, too."
1643,2622,2,14,78,94,1.1914893617021276,0.046068483097531414,631,"First class is expensive, but I make a lot of dough."
1883,2624,0,17,73,90,1.1888888888888889,0.041490472243665276,631,"They're moving to fresh, homemade, hand tossed with free delivery."
493,2624,1,15,74,90,1.1888888888888889,0.044397603281480034,631,It's not easy delivering a pizza in 30 minutes or less.
2964,2626,0,17,74,91,1.1868131868131868,0.041084468550358834,631,"Just keeping my hands and mind busy.  Plus, it's good for your posture!"
2979,2626,2,13,76,91,1.1868131868131868,0.046651195530939105,631,"You have to be really dedicated to get to 10,000 hours."
3012,2626,4,9,78,91,1.1868131868131868,0.05162106675444049,631,"The best part is, I don't have to open my dough case going through security.""

Terry Bequette, Williston V"
3421,2626,0,17,74,91,1.1868131868131868,0.041084468550358834,631,I toss this so I dont toss my cookies
3576,2626,4,9,78,91,1.1868131868131868,0.05162106675444049,631,"United only charges for bags, not baguettes"
3597,2626,3,11,77,91,1.1868131868131868,0.04919892568609763,631,"After tossing, the recipe clearly states you should let the dough rise."
3827,2626,2,13,76,91,1.1868131868131868,0.046651195530939105,631,Couldn't get the wifi
4840,2626,5,7,79,91,1.1868131868131868,0.05393454159503579,631,I wouldn't be able to fly if not for my comfort dough
4012,2626,4,9,78,91,1.1868131868131868,0.05162106675444049,631,"Yeah, I didn't have enough dough for first class either."
5687,2626,2,13,76,91,1.1868131868131868,0.046651195530939105,631,They wanted to make the point that good airline food is really pie in the sky.
5521,2626,2,13,76,91,1.1868131868131868,0.046651195530939105,631,"Yeah, this is my service dough. I’m allowed to have it."
2845,2626,2,13,76,91,1.1868131868131868,0.046651195530939105,631,The hardest part is making home deliveries.
4288,2626,2,13,76,91,1.1868131868131868,0.046651195530939105,631,The ones that stick to the ceiling are free.
5336,2626,1,15,75,91,1.1868131868131868,0.04395604395604396,631,Nothing says pizza like the New York skyline.
5317,2626,2,13,76,91,1.1868131868131868,0.046651195530939105,631,"No, but I had to check the oven."
5210,2626,2,13,76,91,1.1868131868131868,0.046651195530939105,631,"I hate airplane food, besides it's getting so expensive."
5164,2626,2,13,76,91,1.1868131868131868,0.046651195530939105,631,It's great that they let you bring on your own food.
4778,2626,1,15,75,91,1.1868131868131868,0.04395604395604396,631,I always bring along some light kneading on these trips.
4010,2626,1,15,75,91,1.1868131868131868,0.04395604395604396,631,I just set a world record for highest pizza toss.
3941,2626,3,11,77,91,1.1868131868131868,0.04919892568609763,631,It’s high in carbon footprint.
3869,2626,3,11,77,91,1.1868131868131868,0.04919892568609763,631,"It's my carry on baguette."""
2660,2626,2,13,76,91,1.1868131868131868,0.046651195530939105,631,I'm glad they finally opened a food court in SkyMall.
260,2626,2,13,76,91,1.1868131868131868,0.046651195530939105,631,I just don't like airplane food...
380,2626,2,13,76,91,1.1868131868131868,0.046651195530939105,631,Mama mia! Turbulence!
553,2626,3,11,77,91,1.1868131868131868,0.04919892568609763,631,My mom took my electronics away and said I had to learn to do something productive with my hand eye coordination.
560,2626,2,13,76,91,1.1868131868131868,0.046651195530939105,631,To Little Italy. Why do you ask?
561,2626,4,9,78,91,1.1868131868131868,0.05162106675444049,631,"...And then I said, 'I guess I'll take my business elsewhere!'"
621,2626,2,13,76,91,1.1868131868131868,0.046651195530939105,631,I pop-up here at 10am on weekdays.
688,2626,3,11,77,91,1.1868131868131868,0.04919892568609763,631,Food Delivery continues to be the trend.
919,2626,2,13,76,91,1.1868131868131868,0.046651195530939105,631,"When it takes 2,000 hours to master hand tossing of  pizza dough, you take advantage of every opportunity to practice."
937,2626,3,11,77,91,1.1868131868131868,0.04919892568609763,631,It helps keep my mind off the cigarettes
961,2626,3,11,77,91,1.1868131868131868,0.04919892568609763,631,My little Italian grandmother couldn't be happier and more supportive of my mental disorder.
1168,2626,3,11,77,91,1.1868131868131868,0.04919892568609763,631,"Take-offs are like bake-offs. Sooner or later, everybody falls asleep."
1279,2626,2,13,76,91,1.1868131868131868,0.046651195530939105,631,"It takes my mind off of being at 35,000 feet."
2724,2626,2,13,76,91,1.1868131868131868,0.046651195530939105,631,Your toppings will be waiting on the jetway.
1460,2626,5,7,79,91,1.1868131868131868,0.05393454159503579,631,Keeps me away from social media
1327,2626,1,15,75,91,1.1868131868131868,0.04395604395604396,631,Unfortunately they limit me to a travel-size marinara.
1510,2626,3,11,77,91,1.1868131868131868,0.04919892568609763,631,My wife told me I need a break from work at the pizza parlor  so she bought me this trip. So far so good. It feels good to leave it behind for a bit.
2652,2626,0,17,74,91,1.1868131868131868,0.041084468550358834,631,My emotional support animal is yeast.
2621,2626,1,15,75,91,1.1868131868131868,0.04395604395604396,631,The air-time's the most important factor.
2391,2626,1,15,75,91,1.1868131868131868,0.04395604395604396,631,The airfare is cheaper than the rent on a restaurant!
2389,2626,3,11,77,91,1.1868131868131868,0.04919892568609763,631,"Hey miss, watch me technically tossing this dough at 600mph."
2387,2626,2,13,76,91,1.1868131868131868,0.046651195530939105,631,Most nights I can work from home
1462,2626,2,13,76,91,1.1868131868131868,0.046651195530939105,631,It’s a toss in the air.
2199,2626,2,13,76,91,1.1868131868131868,0.046651195530939105,631,I figured I'd make the most of a layover at La Guardia
1940,2626,4,9,78,91,1.1868131868131868,0.05162106675444049,631,This is the chef's idea of 'The Mile High Club'.
1909,2626,4,9,78,91,1.1868131868131868,0.05162106675444049,631,I'm really bad at leaving my work at the office.
1781,2626,1,15,75,91,1.1868131868131868,0.04395604395604396,631,"Sorry, i forgot my laptop"
1690,2626,3,11,77,91,1.1868131868131868,0.04919892568609763,631,"So they invited me to stand behind the President at this political rally and the next thing you know #pizzapieguy went viral. After Colbert, they want me on AGT."
2061,2626,2,13,76,91,1.1868131868131868,0.046651195530939105,631,"You’re probably right, they called the wrong location. There is no way this is going to be delivered in 30 minutes or less."
955,2676,2,12,72,86,1.186046511627907,0.048257256089076536,631,"I am the White House Chef. I told him, ""My cake dough is light."" He smirked and said, ""When I see it fly, I'll be impressed."" It was a bitch getting through security, but it's flying."
3895,2677,3,11,78,92,1.184782608695652,0.0487035648134137,631,When the moon hits your eye like a big pizza pie...
1818,2677,1,15,76,92,1.184782608695652,0.04352302998477531,631,It’s 3 ounces of marinara per flight.
1514,2677,2,13,77,92,1.184782608695652,0.04618599010841946,631,The contest begins an hour after landing and the dough must be tossed for six hours so I have no choice.
1430,2677,3,11,78,92,1.184782608695652,0.0487035648134137,631,"It's the air pressure, stupid"""
1190,2677,0,17,75,92,1.184782608695652,0.04068614746834949,631,I told them it was my service animal.  Boy were they relieved when they saw it wasn't a deer.
968,2677,1,15,76,92,1.184782608695652,0.04352302998477531,631,I'd offer a slice but I couldn't get the sauce through security.
749,2677,3,11,78,92,1.184782608695652,0.0487035648134137,631,I'm taking a break from my phone and need to keep my hands busy.
1415,2677,1,15,76,92,1.184782608695652,0.04352302998477531,631,Dessert and wine will be in baggage claim.
1801,2685,4,8,76,88,1.1818181818181819,0.052486388108147805,631,Did I leave my oven at home?
1798,2685,1,14,73,88,1.1818181818181819,0.044397318354580724,631,Just don't ask for gluten free.....
1597,2685,2,12,74,88,1.1818181818181819,0.04724780309106128,631,Sorry if I'm not leaving you mushroom.
1516,2685,3,10,75,88,1.1818181818181819,0.04993583800023195,631,I had to to do this to get the trademark.
1206,2685,2,12,74,88,1.1818181818181819,0.04724780309106128,631,Only a sucker eats the airplane food.
1205,2685,2,12,74,88,1.1818181818181819,0.04724780309106128,631,"Like I always say, 'what goes up. must come down!'"
1163,2685,3,10,75,88,1.1818181818181819,0.04993583800023195,631,"Do you know ""stairway to oven"" ?"
1000,2685,3,10,75,88,1.1818181818181819,0.04993583800023195,631,Well  since our thirty minutes or less applies to the entire USA.....
969,2685,1,14,73,88,1.1818181818181819,0.044397318354580724,631,"I hope we take off soon.  Our policy is ""If it's not ready in four hours, it's free!"""
846,2685,3,10,75,88,1.1818181818181819,0.04993583800023195,631,"Why yes, I am John Schnatter!"
799,2685,3,10,75,88,1.1818181818181819,0.04993583800023195,631,A little extra yeast just in case so it makes a good raft.
794,2685,3,10,75,88,1.1818181818181819,0.04993583800023195,631,The oven seat's the best
781,2685,2,12,74,88,1.1818181818181819,0.04724780309106128,631,It sure beats grilling on the subway.
731,2685,3,10,75,88,1.1818181818181819,0.04993583800023195,631,"I used to run a first class establishment, but I need more miles."
622,2685,2,12,74,88,1.1818181818181819,0.04724780309106128,631,"Rest assured, I am the only one here making dough!"
610,2685,2,12,74,88,1.1818181818181819,0.04724780309106128,631,"If you do what you are passionate about, it never feels like a job."
505,2685,3,10,75,88,1.1818181818181819,0.04993583800023195,631,I just love a pizza fly.
480,2685,0,16,72,88,1.1818181818181819,0.0413508023770311,631,I just read Outliers by Malcolm Gladwell.
436,2685,1,14,73,88,1.1818181818181819,0.044397318354580724,631,I couldn't bring my emotional support lasagna.
388,2685,1,14,73,88,1.1818181818181819,0.044397318354580724,631,"Pardon the pun, but my best work prospects have been up in the air lately."
356,2685,1,14,73,88,1.1818181818181819,0.044397318354580724,631,I get a lot of work done on flights.
355,2685,1,14,73,88,1.1818181818181819,0.044397318354580724,631,"Actually, I like the variety.  Sometimes  I make knishes."
333,2685,2,12,74,88,1.1818181818181819,0.04724780309106128,631,Testing out a new recipe at high altitudes
86,2685,1,14,73,88,1.1818181818181819,0.044397318354580724,631,It's my emotional support concept.
35,2685,4,8,76,88,1.1818181818181819,0.052486388108147805,631,At least when I was deported they let me take my pizza with me.
1831,2685,2,12,74,88,1.1818181818181819,0.04724780309106128,631,"Sorry,I cook when I get anxious."
696,2685,2,12,74,88,1.1818181818181819,0.04724780309106128,631,Not everyone can work on a plane.
1928,2685,1,14,73,88,1.1818181818181819,0.044397318354580724,631,Nobody delivers pizza faster than me.
1734,2685,1,14,73,88,1.1818181818181819,0.044397318354580724,631,If they don’t get their pizza in six hours or less it’s free.
2075,2685,3,10,75,88,1.1818181818181819,0.04993583800023195,631,"Anchovies? Sorry, only available in first class."
3662,2685,2,12,74,88,1.1818181818181819,0.04724780309106128,631,It took 999 tosses before someone finally noticed.
3744,2685,2,12,74,88,1.1818181818181819,0.04724780309106128,631,My therapist says its more compulsion than addiction.
3812,2685,2,12,74,88,1.1818181818181819,0.04724780309106128,631,My pie is the best in the sky.
3971,2685,0,16,72,88,1.1818181818181819,0.0413508023770311,631,"Your dough has risen to a cruising altitude of 35,000 feet. You may now select from the following toppings: pretzles or peanuts."
4015,2685,1,14,73,88,1.1818181818181819,0.044397318354580724,631,Brought To You By FreshDirect
4020,2685,2,12,74,88,1.1818181818181819,0.04724780309106128,631,I'm on a frequent fryer program
4045,2685,2,12,74,88,1.1818181818181819,0.04724780309106128,631,I finished reading the safety instruction manual and now I'm bored.
4182,2685,3,10,75,88,1.1818181818181819,0.04993583800023195,631,would you rather have the airline luncheon?
4224,2685,1,14,73,88,1.1818181818181819,0.044397318354580724,631,"It is how high you toss the dough, actually."
4375,2685,3,10,75,88,1.1818181818181819,0.04993583800023195,631,"I usually toss my cookies on airline flights, so thought I'd mix it up a bit..."
4480,2685,0,16,72,88,1.1818181818181819,0.0413508023770311,631,I really hate this new Gig Economy.
4558,2685,2,12,74,88,1.1818181818181819,0.04724780309106128,631,but they took my water...
3614,2685,2,12,74,88,1.1818181818181819,0.04724780309106128,631,"Yeah, it’s the new NASA low-gravity research priority, Space Force pizza."
4666,2685,3,10,75,88,1.1818181818181819,0.04993583800023195,631,"In other news, tiny UFO gets past TSA and beams up prominent Italian chef in mid flight."
4877,2685,2,12,74,88,1.1818181818181819,0.04724780309106128,631,It’s the New York altitude makes all the difference.
4930,2685,2,12,74,88,1.1818181818181819,0.04724780309106128,631,Your pizza will be ready when the plane lands.
5099,2685,2,12,74,88,1.1818181818181819,0.04724780309106128,631,No one from Naples eats airplane food.
5166,2685,1,14,73,88,1.1818181818181819,0.044397318354580724,631,"I wasn't going to flip,but...."
5223,2685,2,12,74,88,1.1818181818181819,0.04724780309106128,631,It's pie in the sky before we die!
5292,2685,2,12,74,88,1.1818181818181819,0.04724780309106128,631,"I've never tossed one 30,000 feet in the air before."""
5299,2685,1,14,73,88,1.1818181818181819,0.044397318354580724,631,"Space-time, the gravity well, time slows."
5371,2685,1,14,73,88,1.1818181818181819,0.044397318354580724,631,"Ever since they started charging for snacks, I fly with a little extra dough."
5391,2685,1,14,73,88,1.1818181818181819,0.044397318354580724,631,It costs me a lot of dough to fly.
5403,2685,1,14,73,88,1.1818181818181819,0.044397318354580724,631,Tossing it in the air makes the dough really fluffy.
5423,2685,2,12,74,88,1.1818181818181819,0.04724780309106128,631,I think I'll throw up.
5425,2685,2,12,74,88,1.1818181818181819,0.04724780309106128,631,With turbulence I can flip the pizza without raising my arms.
4767,2685,1,14,73,88,1.1818181818181819,0.044397318354580724,631,"yes, I am unemployed"
3467,2685,1,14,73,88,1.1818181818181819,0.044397318354580724,631,What goes up comes down
4332,2685,2,12,74,88,1.1818181818181819,0.04724780309106128,631,They tell me the gelignite adds a peppery taste.
2043,2685,3,10,75,88,1.1818181818181819,0.04993583800023195,631,"'Wwll, it's 'PI' day and this seemed appropriate for a junket to Italy."""
2084,2685,0,16,72,88,1.1818181818181819,0.0413508023770311,631,"Don't worry, it's just pie-in-the-sky."
2118,2685,3,10,75,88,1.1818181818181819,0.04993583800023195,631,I decided to do this to protest against the world of electronics.
2249,2685,2,12,74,88,1.1818181818181819,0.04724780309106128,631,What time does it land
2302,2685,1,14,73,88,1.1818181818181819,0.044397318354580724,631,I can't guarantee your safety past the Grand Canyon.
2400,2685,3,10,75,88,1.1818181818181819,0.04993583800023195,631,They ran out of peanuts.
2412,2685,2,12,74,88,1.1818181818181819,0.04724780309106128,631,Landings can be challenging.
2505,2685,2,12,74,88,1.1818181818181819,0.04724780309106128,631,It's a service dough.
2555,2685,3,10,75,88,1.1818181818181819,0.04993583800023195,631,"It’s plane-doh, non-toxic and no anchovies!"
2605,2685,2,12,74,88,1.1818181818181819,0.04724780309106128,631,"The first one is free, and there is a $50 ""pizza claim charge"" for each additional pizza."
2808,2685,3,10,75,88,1.1818181818181819,0.04993583800023195,631,"Thin and crispy, original, cheesy or air force base?"
2864,2685,2,12,74,88,1.1818181818181819,0.04724780309106128,631,Do you happen to have a rolling pin?
2901,2685,1,14,73,88,1.1818181818181819,0.044397318354580724,631,The pilot loves my pizzas. I have no trouble except when there is sudden turbulence.
2445,2685,4,8,76,88,1.1818181818181819,0.052486388108147805,631,You think this is bad? Last time I flew I really flipped out.
2992,2685,3,10,75,88,1.1818181818181819,0.04993583800023195,631,They made me check the oven.
3036,2685,1,14,73,88,1.1818181818181819,0.044397318354580724,631,Why just sit when I can get some work done?
3178,2685,4,8,76,88,1.1818181818181819,0.052486388108147805,631,Many say airplane food sucks so here I am.
3188,2685,1,14,73,88,1.1818181818181819,0.044397318354580724,631,Still hoping for an upgrade to business class.
3258,2685,1,14,73,88,1.1818181818181819,0.044397318354580724,631,I'm on a delivery run for Sky-High Pizza.
3331,2685,1,14,73,88,1.1818181818181819,0.044397318354580724,631,"I make a nice Chicago Pizza, a delicious New York Pizza, a California Pizza, a Rochester Pizza, a Texas Pizza, an Albuquerque Pizza,  a Miami Pizza, a Pittsburgh Pizza..."
3344,2685,2,12,74,88,1.1818181818181819,0.04724780309106128,631,Mine's strictly an analog profession.
3347,2685,1,14,73,88,1.1818181818181819,0.044397318354580724,631,The high altitude helps the dough rise.
1524,2766,2,12,75,89,1.1797752808988764,0.04675856138200857,631,I'm trying to join something very few had done: Mile High Cooking Club.
687,2766,2,12,75,89,1.1797752808988764,0.04675856138200857,631,"We hit the tarmac in Philly, this baby’ll be ready for the sauce and cheese."
433,2766,3,10,76,89,1.1797752808988764,0.04941382071271396,631,I can't afford a lap top.
1644,2766,1,14,74,89,1.1797752808988764,0.043943150178405346,631,"So I thought, how can I stop myself staring at a screen the whole way home every day?"
2665,2766,1,14,74,89,1.1797752808988764,0.043943150178405346,631,"Well, the current world record for longest pizza toss is 1 week and 3 days. I am now on day 6."
2799,2766,0,16,73,89,1.1797752808988764,0.04093455548419586,631,"Without gluten, altitude becomes more important"
1117,2766,1,14,74,89,1.1797752808988764,0.043943150178405346,631,"Yeah, these long flights can be a nuisance -especially if you're sitting next to 'headphones' here.  He's been humming songs the entire flight -c'mon gimme a break!"
3704,2766,2,12,75,89,1.1797752808988764,0.04675856138200857,631,"Why, yes, I am developing a high-altitude cookbook."
1164,2766,2,12,75,89,1.1797752808988764,0.04675856138200857,631,"Oh, I'm practicing for my job interview. It's next to the airport."
902,2766,3,10,76,89,1.1797752808988764,0.04941382071271396,631,They used to just ship out the water for New York-style...
3932,2766,1,14,74,89,1.1797752808988764,0.043943150178405346,631,"Thanks to these long commutes, I now have a bit more “me” time."
4517,2766,2,12,75,89,1.1797752808988764,0.04675856138200857,631,We have to get in there in 30 minutes.
1506,2766,1,14,74,89,1.1797752808988764,0.043943150178405346,631,My new pizza à la airplane mode
1375,2766,2,12,75,89,1.1797752808988764,0.04675856138200857,631,"I’m flying to LA on business, auditioning for a pilot on the Food Channel. And you?"
5493,2766,3,10,76,89,1.1797752808988764,0.04941382071271396,631,Beats flipping burgers.
3337,2766,2,12,75,89,1.1797752808988764,0.04675856138200857,631,Part of the challenge of coast-to-coast delivery is making sure the pizzas arrive fresh.
936,2766,3,10,76,89,1.1797752808988764,0.04941382071271396,631,"""Real regulars and big tippers, but they moved."""
3352,2783,3,9,73,85,1.1764705882352942,0.05069950631596087,631,"At this altitude, the dough simply performs better."
3274,2783,1,13,71,85,1.1764705882352942,0.04483543075566802,631,"Excuse me, do you have a moment to talk about our lord and savior, Pizza Crust?"
3041,2783,4,7,74,85,1.1764705882352942,0.05339056082773511,631,I thought this was the gluten-free section.
2675,2783,2,11,72,85,1.1764705882352942,0.0478573703400451,631,"Don't you hate it when people take up all the space in the overhead bin? It's like, what's wrong with people?"
2796,2783,2,11,72,85,1.1764705882352942,0.0478573703400451,631,My career plans are up in the air...
4481,2783,3,9,73,85,1.1764705882352942,0.05069950631596087,631,I call it a UFDoh.
3488,2783,3,9,73,85,1.1764705882352942,0.05069950631596087,631,"She was wearing a burqa? jeez, they'll let anyone on planes these days."
3926,2783,1,13,71,85,1.1764705882352942,0.04483543075566802,631,I have a large back order that I'm trying to catch up on.
4535,2783,1,13,71,85,1.1764705882352942,0.04483543075566802,631,I've heard it helps get the gluten out.
5438,2783,2,11,72,85,1.1764705882352942,0.0478573703400451,631,It's our most expensive pizza.
5064,2783,1,13,71,85,1.1764705882352942,0.04483543075566802,631,Is your screen working? My screen is not working.
4811,2783,3,9,73,85,1.1764705882352942,0.05069950631596087,631,It happens every time I put in too much yeast!
4766,2783,1,13,71,85,1.1764705882352942,0.04483543075566802,631,Looks like everybody else went for the gluten-free option.
2320,2783,3,9,73,85,1.1764705882352942,0.05069950631596087,631,"The reason I flip the pizza dough it keeps me calm, I hate flying.
plus the altatude makes for a taster crust."
4736,2783,2,11,72,85,1.1764705882352942,0.0478573703400451,631,"But I'm not obsessed, I'm dedicated."
3966,2783,2,11,72,85,1.1764705882352942,0.0478573703400451,631,We don't actually make the pizza. The tease is part of Economy Plus What-You-Would-Get-If-You-Were-in-First-Class.
4373,2783,1,13,71,85,1.1764705882352942,0.04483543075566802,631,"This is our 34,000-ft. special."
4444,2783,1,13,71,85,1.1764705882352942,0.04483543075566802,631,Flipping is easy... getting it past security is hard.
3440,2783,1,13,71,85,1.1764705882352942,0.04483543075566802,631,"I like to work, even when I’m traveling"
2268,2783,2,11,72,85,1.1764705882352942,0.0478573703400451,631,But I need my tray table!
1133,2783,3,9,73,85,1.1764705882352942,0.05069950631596087,631,"Yes, I have attention-deficit hyperactivity disorder. No, I'm not Italian."
2063,2783,3,9,73,85,1.1764705882352942,0.05069950631596087,631,Love those downdrafts.
1742,2783,2,11,72,85,1.1764705882352942,0.0478573703400451,631,"So you see, though from our point of view it's moving vertically, the spinning shell actually traces a shallow, helical parabola."
1001,2783,1,13,71,85,1.1764705882352942,0.04483543075566802,631,I can only do mini pizzas in coach.
2266,2783,1,13,71,85,1.1764705882352942,0.04483543075566802,631,"Piping hot in your mouth by the end of the flight, or it's free!"
653,2783,2,11,72,85,1.1764705882352942,0.0478573703400451,631,They're bigger than sick bags.
606,2783,2,11,72,85,1.1764705882352942,0.0478573703400451,631,It's the only way to get my dough to rise
4162,2810,2,11,73,86,1.1744186046511629,0.0473421069773523,631,PreCheck has its perks.
4021,2810,2,11,73,86,1.1744186046511629,0.0473421069773523,631,Papa John; Back to reality
4939,2810,2,11,73,86,1.1744186046511629,0.0473421069773523,631,"'Extra this, extra that,' I have to start early."
5612,2810,1,13,72,86,1.1744186046511629,0.04435850856191582,631,My job keeps me up in the air.
2068,2814,2,10,69,81,1.1728395061728396,0.04903426446477902,631,The best pizzas are made with fresh New York dough
551,2814,1,12,68,81,1.1728395061728396,0.04577900300676336,631,"You work, they work, I work. That's our economy."
754,2814,1,12,68,81,1.1728395061728396,0.04577900300676336,631,"My Flight To The Pizza Chefs Convention Was Overbooked
And They Offered Me Some Dough For This One"
589,2814,1,12,68,81,1.1728395061728396,0.04577900300676336,631,"I had to put the sauce into a few contact cases I had, most of it ended up on the floor by the security line though."
257,2814,2,10,69,81,1.1728395061728396,0.04903426446477902,631,I'm on a work trip.
5579,2814,1,12,68,81,1.1728395061728396,0.04577900300676336,631,Personal chefs still don't fly first class.
1447,2814,0,14,67,81,1.1728395061728396,0.04227381152657762,631,Emotional support dough.
5211,2814,0,14,67,81,1.1728395061728396,0.04227381152657762,631,"If this were American Airlines, I would’ve already been beaten and dragged out by my eyelashes to make room for the Burger King mascot.”
“Capitalism, am I right?"
1436,2814,0,14,67,81,1.1728395061728396,0.04227381152657762,631,"Yeah, I flipped before George Poppadomoulos!"
5100,2814,1,12,68,81,1.1728395061728396,0.04577900300676336,631,It's great that they have cooking shows on the in-flight entertainment system.
4962,2814,0,14,67,81,1.1728395061728396,0.04227381152657762,631,My Emotional Support Pizza is a lot easier to get on board than my Emotional Support Pig.
2589,2814,0,14,67,81,1.1728395061728396,0.04227381152657762,631,I'm-a time-a  da tosses (ha ha) with da altitude losses.
2759,2814,0,14,67,81,1.1728395061728396,0.04227381152657762,631,We’re going for the highest pie. We’ve got to beat Denver before closing.
2326,2827,0,15,72,87,1.1724137931034482,0.04073271884266332,631,They pay me to double check the air pressure.
3902,2827,0,15,72,87,1.1724137931034482,0.04073271884266332,631,I'm testing altitude adjustments.
3641,2827,0,15,72,87,1.1724137931034482,0.04073271884266332,631,The pizzeria game never sleeps.
5513,2827,0,15,72,87,1.1724137931034482,0.04073271884266332,631,I make more dough this way
3487,2827,0,15,72,87,1.1724137931034482,0.04073271884266332,631,It wouldn't fit in the overhead compartment.
183,2827,0,15,72,87,1.1724137931034482,0.04073271884266332,631,One time I had to make a pizza with tiny pizza toppings for some idiot!
2825,2827,0,15,72,87,1.1724137931034482,0.04073271884266332,631,"Some make theirs in the homeland and some make it in the US. I, however, make it on the plane to and from the homeland. That's artisan!"
3481,2834,0,13,63,76,1.1710526315789473,0.04348082011015344,631,Is your partner also pressuring you to make more dough?
5101,2834,2,9,65,76,1.1710526315789473,0.050914988985724385,631,I know it's a half-baked idea.
3842,2836,0,13,64,77,1.1688311688311688,0.0429698800970655,631,The US economy is shooting through the roof!
4336,2836,1,11,65,77,1.1688311688311688,0.0467779231605511,631,It’s therapy dough.
3994,2838,2,10,71,83,1.1686746987951808,0.04793495540400366,631,It is lighter and fluffier.
3170,2838,0,14,69,83,1.1686746987951808,0.04135266894703558,631,"It demeans me when you refer to it as 
‘just another one of my  pie-in-the-sky schemes."
3202,2838,1,12,70,83,1.1686746987951808,0.044764959391397526,631,My fidget-spinner didn't make it through security.
3236,2838,1,12,70,83,1.1686746987951808,0.044764959391397526,631,"...well, for one thing, you can’t just eat a puppy after the plane lands."
4058,2838,1,12,70,83,1.1686746987951808,0.044764959391397526,631,"The low cabin pressure gives it a slightly flakier crust, though a much higher price."
3255,2838,0,14,69,83,1.1686746987951808,0.04135266894703558,631,Occupational habit.
3169,2838,0,14,69,83,1.1686746987951808,0.04135266894703558,631,My company will only pay for flights if we use the time to get work done.
3266,2838,0,14,69,83,1.1686746987951808,0.04135266894703558,631,"Sure, the legroom is shrinking, but the armroom is still fantastic!"
2595,2838,1,12,70,83,1.1686746987951808,0.044764959391397526,631,"Well, would you prefer Mexican?"
3098,2838,1,12,70,83,1.1686746987951808,0.044764959391397526,631,"We get a better texture of the gluten-free dough after a quick toss at 30,000 feet."
2892,2838,2,10,71,83,1.1686746987951808,0.04793495540400366,631,"I know what your thinking, but the truth is this is my ‘Service Pizza’."
3074,2838,2,10,71,83,1.1686746987951808,0.04793495540400366,631,See?  Even pizza dough can't stretch out in an airplane seat.
3068,2838,1,12,70,83,1.1686746987951808,0.044764959391397526,631,I figured I could either toss this... or my cookies.
3042,2838,1,12,70,83,1.1686746987951808,0.044764959391397526,631,I upgraded to the new on-board DIY Easy Bake oven.
3031,2838,1,12,70,83,1.1686746987951808,0.044764959391397526,631,"...and after 3 hours at 35,000 feet, it will still be dough because TSA confiscated my toaster oven."
2938,2838,2,10,71,83,1.1686746987951808,0.04793495540400366,631,Practice makes perfect
3898,2838,1,12,70,83,1.1686746987951808,0.044764959391397526,631,This is my pie in the sky.
2823,2838,1,12,70,83,1.1686746987951808,0.044764959391397526,631,It's my companion crust.
3830,2838,0,14,69,83,1.1686746987951808,0.04135266894703558,631,Are you going to eat those peanuts?
2645,2838,2,10,71,83,1.1686746987951808,0.04793495540400366,631,This is why I told them delivery should have a five mile radius...
3272,2838,4,6,73,83,1.1686746987951808,0.053716633086265925,631,"I call it ""The  Aristocrats."""
3097,2838,1,12,70,83,1.1686746987951808,0.044764959391397526,631,I swear I’m up to no good.
3280,2838,1,12,70,83,1.1686746987951808,0.044764959391397526,631,Being a four fingered baker sucks
4892,2838,2,10,71,83,1.1686746987951808,0.04793495540400366,631,I was rollin' in the wrong kinda dough to buy a first class ticket.
3360,2838,3,8,72,83,1.1686746987951808,0.050907939556165197,631,"My dad was the Pillsbury Doughboy, sorry this seat became a toss up."
2580,2838,1,12,70,83,1.1686746987951808,0.044764959391397526,631,Would you prefer peanuts or pretzels?
5419,2838,0,14,69,83,1.1686746987951808,0.04135266894703558,631,"I need to practice, I have an exam coming up."
5334,2838,2,10,71,83,1.1686746987951808,0.04793495540400366,631,I've been told that I've got a kind of 'pie in the sky' mentality.
5308,2838,1,12,70,83,1.1686746987951808,0.044764959391397526,631,"Right, the pizza guy in first class gets the oven first."
5222,2838,2,10,71,83,1.1686746987951808,0.04793495540400366,631,yeah we are trying out new menu options.
5136,2838,2,10,71,83,1.1686746987951808,0.04793495540400366,631,Peanut allergy.
5073,2838,3,8,72,83,1.1686746987951808,0.050907939556165197,631,Have you heard of “farm to flight”? It’s taking off!
4909,2838,0,14,69,83,1.1686746987951808,0.04135266894703558,631,I read that long flights are great for getting some work done.
4844,2838,1,12,70,83,1.1686746987951808,0.044764959391397526,631,People have no idea what it takes to get the dough right.
4816,2838,1,12,70,83,1.1686746987951808,0.044764959391397526,631,Experimenting on how altitude and speed affects the crust.
4808,2838,3,8,72,83,1.1686746987951808,0.050907939556165197,631,The Air Marshals are hungry
4783,2838,4,6,73,83,1.1686746987951808,0.053716633086265925,631,"Well, nothing was working in the galley, and it's a long flight."
4752,2838,2,10,71,83,1.1686746987951808,0.04793495540400366,631,My boss lets us count work travel as work time.
4703,2838,0,14,69,83,1.1686746987951808,0.04135266894703558,631,I always take my work with me.
4698,2838,2,10,71,83,1.1686746987951808,0.04793495540400366,631,Had to get away from that oven....
4590,2838,0,14,69,83,1.1686746987951808,0.04135266894703558,631,I got an order for a Pie in the Sky.
4442,2838,2,10,71,83,1.1686746987951808,0.04793495540400366,631,The Mile High Pizza Club is the new safe sex.
4334,2838,2,10,71,83,1.1686746987951808,0.04793495540400366,631,It’s all about the altitude
4307,2838,0,14,69,83,1.1686746987951808,0.04135266894703558,631,I find that these sudden downdrafts improve the quality of the pizza.
4228,2838,3,8,72,83,1.1686746987951808,0.050907939556165197,631,The higher we go .... the better the dough.
3391,2838,1,12,70,83,1.1686746987951808,0.044764959391397526,631,"Doughn't mind me, this is just how I pasta time"
3299,2838,3,8,72,83,1.1686746987951808,0.050907939556165197,631,Trying to get a little work in before we take off.
2562,2838,1,12,70,83,1.1686746987951808,0.044764959391397526,631,The Devil makes work of idle hands
4429,2838,2,10,71,83,1.1686746987951808,0.04793495540400366,631,Pizzas have no fear of flying!
2363,2838,0,14,69,83,1.1686746987951808,0.04135266894703558,631,My flyer miles saved me some dough.
1387,2838,2,10,71,83,1.1686746987951808,0.04793495540400366,631,I am known for my 'mile high pizza pie' !
1380,2838,2,10,71,83,1.1686746987951808,0.04793495540400366,631,"WHILE WORKING IN THE CABINET, I TAKE PLANE RIDES AND DE-STRESS BY MAKING PIZZA."
1348,2838,3,8,72,83,1.1686746987951808,0.050907939556165197,631,It's nice to have a few hours to catch up on work.
1195,2838,3,8,72,83,1.1686746987951808,0.050907939556165197,631,I have never been a fan of plane food.
1166,2838,2,10,71,83,1.1686746987951808,0.04793495540400366,631,"You know they aren't making their own dough up here, right?"
1138,2838,1,12,70,83,1.1686746987951808,0.044764959391397526,631,I'm trying out for a job at a pizza parlor and I didn't have time to practice.
1007,2838,1,12,70,83,1.1686746987951808,0.044764959391397526,631,I couldn't hack another peanut!
3668,2838,1,12,70,83,1.1686746987951808,0.044764959391397526,631,Thank goodness we have these flights to catch up on work.
831,2838,3,8,72,83,1.1686746987951808,0.050907939556165197,631,MacBook Dough
825,2838,2,10,71,83,1.1686746987951808,0.04793495540400366,631,"It's easier at 40, 000 feet."
813,2838,1,12,70,83,1.1686746987951808,0.044764959391397526,631,...And I thought grilling  on the subway was novel!
646,2838,3,8,72,83,1.1686746987951808,0.050907939556165197,631,the other day I was making Nān-e Barbari and it nearly got me on the No Fly list
542,2838,1,12,70,83,1.1686746987951808,0.044764959391397526,631,It's an altitude thing.
3657,2838,1,12,70,83,1.1686746987951808,0.044764959391397526,631,"if you mind the smell of anchovies, there's a seat in the row behind us that's empty"
515,2838,1,12,70,83,1.1686746987951808,0.044764959391397526,631,On the next episode of The Psychic Pizza Dough Detective...
442,2838,2,10,71,83,1.1686746987951808,0.04793495540400366,631,"Yes, of course LaGuardia is much better than O'hare."
409,2838,0,14,69,83,1.1686746987951808,0.04135266894703558,631,They let me work from home today.
390,2838,1,12,70,83,1.1686746987951808,0.044764959391397526,631,I thought you said this was to go?
288,2838,2,10,71,83,1.1686746987951808,0.04793495540400366,631,Turns out the job description was just that: pie in the sky.
274,2838,1,12,70,83,1.1686746987951808,0.044764959391397526,631,Aerating the dough makes all the difference.
198,2838,5,4,74,83,1.1686746987951808,0.05638559240085067,631,"Sorry, not enough dough for first class."
134,2838,1,12,70,83,1.1686746987951808,0.044764959391397526,631,I like to carry my work home too!
2401,2838,0,14,69,83,1.1686746987951808,0.04135266894703558,631,"Sorry, my sausage always jumps up when I’m near a woman"
3539,2838,2,10,71,83,1.1686746987951808,0.04793495540400366,631,I’m just here in case the flight is diverted.
3619,2838,2,10,71,83,1.1686746987951808,0.04793495540400366,631,I’m just hoping for the stage in my career when I don’t have to always take my work on vacation
1416,2838,4,6,73,83,1.1686746987951808,0.053716633086265925,631,I hope I don't seem like the kind of person who has pie in the sky expectations.
1549,2838,1,12,70,83,1.1686746987951808,0.044764959391397526,631,It's a comfort food.
3532,2838,1,12,70,83,1.1686746987951808,0.044764959391397526,631,It was easier than learning Italian.
2127,2838,2,10,71,83,1.1686746987951808,0.04793495540400366,631,This is the highest altitude ive ever made a pizza at!
2259,2838,1,12,70,83,1.1686746987951808,0.044764959391397526,631,I prefer to bring my own snacks.
2212,2838,2,10,71,83,1.1686746987951808,0.04793495540400366,631,seems like everyone works during their commute
2101,2838,4,6,73,83,1.1686746987951808,0.053716633086265925,631,I forgot my I phone
2290,2838,1,12,70,83,1.1686746987951808,0.044764959391397526,631,"If  there’s a change in cabin pressure, I may need help with my oxygen mask..."
2312,2838,2,10,71,83,1.1686746987951808,0.04793495540400366,631,I find the high altitude renders a certain je ne sais quoi to the texture of the dough.
3825,2838,1,12,70,83,1.1686746987951808,0.044764959391397526,631,"Being the best pizza chef is like method acting: you eat, dream, fly with pizza."
3808,2838,1,12,70,83,1.1686746987951808,0.044764959391397526,631,Would you mind tossing while I stretch?
2039,2838,3,8,72,83,1.1686746987951808,0.050907939556165197,631,I was told you need a lot of dough to sit in First Class.
2020,2838,1,12,70,83,1.1686746987951808,0.044764959391397526,631,Pizza making was a fall back when my juggling career failed.
2006,2838,2,10,71,83,1.1686746987951808,0.04793495540400366,631,"Not that I have a problem, but my boss is sending me to Rome where they have a 12-step program for people like me."
2328,2838,3,8,72,83,1.1686746987951808,0.050907939556165197,631,Having to cook here is pain in the air
1948,2838,2,10,71,83,1.1686746987951808,0.04793495540400366,631,It's the best way I can get the dough to rise.
1850,2838,2,10,71,83,1.1686746987951808,0.04793495540400366,631,Just trying to take my mind off me forgetting my laptop
1704,2838,1,12,70,83,1.1686746987951808,0.044764959391397526,631,Last year I was tossing salad.
1671,2838,1,12,70,83,1.1686746987951808,0.044764959391397526,631,The key is to bring your own water.
3745,2838,0,14,69,83,1.1686746987951808,0.04135266894703558,631,If I'm gonna be stuck in a seat for a few hours I like to at least get some work done.
3739,2838,2,10,71,83,1.1686746987951808,0.04793495540400366,631,I couldn’t get the sauce through security.
3713,2838,1,12,70,83,1.1686746987951808,0.044764959391397526,631,This helps me relax during flights...
2154,2838,1,12,70,83,1.1686746987951808,0.044764959391397526,631,"Most people love the edges but I’m more of a middle man, myself.”"
1607,2838,2,10,71,83,1.1686746987951808,0.04793495540400366,631,"Slinging dough in the sky, mile high pizza pies, that's Lombardi. (That's Lombardi) 15D look at me, can't you see I'm not just some Grimaldi (some Grimaldi)...""(to the tune of Dean Martin's ""That's Amore"""
1583,2838,2,10,71,83,1.1686746987951808,0.04793495540400366,631,"Yeah, I know, those fidget spinners drive me crazy too!"
1233,2938,0,14,70,84,1.1666666666666667,0.040906724472818005,631,I don’t like traveling but I knead the dough.
2106,2938,0,13,65,78,1.1666666666666667,0.042470599286468784,631,I have to get ahead on orders. As soon as this plane lands I bet I'll have six new ones waiting for me.
2955,2938,2,9,67,78,1.1666666666666667,0.04969660420745535,631,Oh fuck!
4453,2938,1,12,71,84,1.1666666666666667,0.04427439259594549,631,"The butcher and candlestick maker took the red-eye; remember, never put all your eggs in one basket.. that's my line, but you're welcome to use it."
3361,2938,1,11,66,78,1.1666666666666667,0.04622501635210242,631,"Trying another spin on my dough, before we land in Cyprus!"
2935,2938,0,13,65,78,1.1666666666666667,0.042470599286468784,631,I’m so happy that I stole some time for a vacation.
3751,2938,1,11,66,78,1.1666666666666667,0.04622501635210242,631,The quiet car? I thought they said  “quite a car!”
1290,2938,0,13,65,78,1.1666666666666667,0.042470599286468784,631,I just can't seem to leave my work behind!
1732,2938,1,11,66,78,1.1666666666666667,0.04622501635210242,631,Peanuts or pretzels? It's a toss up.
4468,2938,1,11,66,78,1.1666666666666667,0.04622501635210242,631,"I want to buy a nice laptop, but I just knead dough."
1024,2938,0,13,65,78,1.1666666666666667,0.042470599286468784,631,I'm making a pizza.
477,2938,0,13,65,78,1.1666666666666667,0.042470599286468784,631,"If I were to put it in those terms, I guess the middle seat is sort of like the sauce."
299,2950,2,10,74,86,1.1627906976744187,0.046374627232631714,631,I don't feel like reading my book.
5321,2950,1,12,73,86,1.1627906976744187,0.04332445313847639,631,The real disappointment is TSA confiscated the pepperoni.
5418,2950,2,10,74,86,1.1627906976744187,0.046374627232631714,631,He asked if I had anything to declare and I said just a little dough.
3925,2953,1,11,68,80,1.1625,0.04515707466615905,631,Thought I'd make big bucks selling this pizza out here but half the people on this plane don't even have mouths!
3763,2953,1,11,68,80,1.1625,0.04515707466615905,631,It's all in the air time.
4011,2953,2,9,69,80,1.1625,0.0485346998405017,631,"Settle in, because this is just the first step in making my signature Mile High Club."
3797,2953,1,11,68,80,1.1625,0.04515707466615905,631,I always get the munchies when I get high.
3929,2953,1,11,68,80,1.1625,0.04515707466615905,631,my mom said this would be more lucrative than a fidget spinner
3976,2953,1,11,68,80,1.1625,0.04515707466615905,631,"To put it in context, first class has a caviar buffet. And there's no oven."
3847,2953,1,11,68,80,1.1625,0.04515707466615905,631,"Welcome to my new show, ""Making Pizza in Unexpected Places"""
3729,2953,1,11,68,80,1.1625,0.04515707466615905,631,The secret is in the altitude.
3883,2953,2,9,69,80,1.1625,0.0485346998405017,631,"So I figured, what the hell, why should we passengers be the only ones who get tossed around up here?"
3907,2953,2,9,69,80,1.1625,0.0485346998405017,631,"Well, now you know how we get “rising crust”dough..."
3983,2953,1,11,68,80,1.1625,0.04515707466615905,631,"My first time -- trying to find out whether I might 
acquire a taste for flying ..."
3724,2953,1,11,68,80,1.1625,0.04515707466615905,631,"I knead to spin some dough, so I'm leaven on a jet plane."
3086,2953,2,9,69,80,1.1625,0.0485346998405017,631,It's the only way to make sure it's authentic.
3640,2953,1,11,68,80,1.1625,0.04515707466615905,631,"Yes, a pizza chef tossing raw dough in coach is cool, but in First Class they get a pizza oven too."
2953,2953,2,9,69,80,1.1625,0.0485346998405017,631,"At least, I ‘m not on my phone or tablet!"
2956,2953,1,11,68,80,1.1625,0.04515707466615905,631,"If you don't eat it,it can used as a flotation device in the event of an emergency."
3002,2953,1,11,68,80,1.1625,0.04515707466615905,631,Sourdough crust requires patience and attention.
3023,2953,1,11,68,80,1.1625,0.04515707466615905,631,My brother in San Francisco misses fresh baked New York pizza.
3025,2953,1,11,68,80,1.1625,0.04515707466615905,631,Emotional support dough. And the pizza turns out delicious.
3059,2953,1,11,68,80,1.1625,0.04515707466615905,631,We bake it until we make it!
4019,2953,1,11,68,80,1.1625,0.04515707466615905,631,Would you like pepperoni on that?
3656,2953,3,7,70,80,1.1625,0.05169209596069913,631,"This 30 minute or it's free deal is murder when you're trying to service Rapid City, South Dakota"
3192,2953,2,9,69,80,1.1625,0.0485346998405017,631,"I'd spring for first class, but who has the dough?"
3235,2953,1,11,68,80,1.1625,0.04515707466615905,631,Wurst case scenario...
3254,2953,4,5,71,80,1.1625,0.054667435288411496,631,"The dough settles better at 30,000 feet."
3359,2953,0,13,67,80,1.1625,0.0415054899525657,631,I'm allergic to chicken & fish.
3489,2953,1,11,68,80,1.1625,0.04515707466615905,631,My tray table is up Susan. What do you want?
3494,2953,0,13,67,80,1.1625,0.0415054899525657,631,I hate to work on the plane.
3530,2953,4,5,71,80,1.1625,0.054667435288411496,631,Missed my flight.
3628,2953,0,13,67,80,1.1625,0.0415054899525657,631,If it doesn't come down......then I'll have something!
3198,2953,2,9,69,80,1.1625,0.0485346998405017,631,My travel insurance policy covers loss of dough.
4025,2953,1,11,68,80,1.1625,0.04515707466615905,631,The crust really rises in this altitude!
2358,2953,1,11,68,80,1.1625,0.04515707466615905,631,I like to bring some extra dough when I travel.
4070,2953,1,11,68,80,1.1625,0.04515707466615905,631,How about that airline food?
4976,2953,1,11,68,80,1.1625,0.04515707466615905,631,"At this elevation, it gets upgraded to HAUTE CUISINE."
5033,2953,1,11,68,80,1.1625,0.04515707466615905,631,The secret ingredient is the air pressure.
5044,2953,0,13,67,80,1.1625,0.0415054899525657,631,I'm prepping a TED talk about dough being up in the air.
5061,2953,2,9,69,80,1.1625,0.0485346998405017,631,"Avoid the Noid isn't the worst goal in life, right?"
5098,2953,1,11,68,80,1.1625,0.04515707466615905,631,It's a personal pie.  I can only do family style in first class.
5126,2953,2,9,69,80,1.1625,0.0485346998405017,631,It makes the flight seem shorter.
5179,2953,2,9,69,80,1.1625,0.0485346998405017,631,"Well, it's this or the moon so protect your eyes."
5320,2953,3,7,70,80,1.1625,0.05169209596069913,631,Dough mind if I do.
5344,2953,0,13,67,80,1.1625,0.0415054899525657,631,I'm hoping to get into the mile high club by throwing some dough around.
5348,2953,2,9,69,80,1.1625,0.0485346998405017,631,Not all pizza delivery drones are alike.
5417,2953,3,7,70,80,1.1625,0.05169209596069913,631,"If I had more dough, I wouldn't be flying economy."
5476,2953,1,11,68,80,1.1625,0.04515707466615905,631,I bring my own snack.
5518,2953,3,7,70,80,1.1625,0.05169209596069913,631,"Don't worry, I'm the captain but I make a darn good pizza."
5551,2953,3,7,70,80,1.1625,0.05169209596069913,631,"Our thirty minute delivery guarantee made more
sense before in-flight calling."
5629,2953,0,13,67,80,1.1625,0.0415054899525657,631,Is this the free entertainment or do I have to pay for this?
4974,2953,2,9,69,80,1.1625,0.0485346998405017,631,I've been getting told that I look like Matthew Modine since high school.
4950,2953,4,5,71,80,1.1625,0.054667435288411496,631,I like making pizza abroad.
4931,2953,2,9,69,80,1.1625,0.0485346998405017,631,"advertised ""free delivery"" anywhere!"
4867,2953,1,11,68,80,1.1625,0.04515707466615905,631,What? It helps make the dough airy.
4073,2953,1,11,68,80,1.1625,0.04515707466615905,631,"Mama Mia, That’s a Airline Food"
4078,2953,1,11,68,80,1.1625,0.04515707466615905,631,Do you mind? I’m gluten free
4106,2953,3,7,70,80,1.1625,0.05169209596069913,631,It's an Italian thing
4132,2953,3,7,70,80,1.1625,0.05169209596069913,631,"Before I got the dough to fly, I had to get the dough to fly."
4296,2953,0,13,67,80,1.1625,0.0415054899525657,631,They did say working in the restaurant industry would take me places.
4348,2953,1,11,68,80,1.1625,0.04515707466615905,631,Helps with my fear of flying.
4360,2953,0,13,67,80,1.1625,0.0415054899525657,631,When I finish mine I can assist you with yours.
4051,2953,3,7,70,80,1.1625,0.05169209596069913,631,Really! I have no idea either.
4547,2953,4,5,71,80,1.1625,0.054667435288411496,631,The nicotine patches give me hives.
4623,2953,3,7,70,80,1.1625,0.05169209596069913,631,SIR THIS IS NOT YOUR KITCHEN
2664,2953,0,13,67,80,1.1625,0.0415054899525657,631,This is the highest I’ve ever tossed
4692,2953,1,11,68,80,1.1625,0.04515707466615905,631,Testing drone deliveries.
4724,2953,0,13,67,80,1.1625,0.0415054899525657,631,Didn't think I could do this sitting down
4744,2953,2,9,69,80,1.1625,0.0485346998405017,631,"This would’ve been so much easier had they 
not phased out the in-flight cornmeal."
4749,2953,0,13,67,80,1.1625,0.0415054899525657,631,You see...we never get credit for inventing flight.
4836,2953,2,9,69,80,1.1625,0.0485346998405017,631,"I love to travel, but pizza is my passion."
4618,2953,0,13,67,80,1.1625,0.0415054899525657,631,"Why, yes it is!  I can’t go anywhere without 
my emotional support pizza dough."
4634,2953,2,9,69,80,1.1625,0.0485346998405017,631,We're going international.
1854,2953,0,13,67,80,1.1625,0.0415054899525657,631,"I don't even think about it. If you do, you end up with pizza dough all over your face."
2550,2953,0,13,67,80,1.1625,0.0415054899525657,631,I'm up in the air on the best dough prep.
1331,2953,0,13,67,80,1.1625,0.0415054899525657,631,Sourdough pizza crust hopefully the foodie rage of 2019...this is the starter
1303,2953,1,11,68,80,1.1625,0.04515707466615905,631,You did order a plain (plane) pizza.
1294,2953,3,7,70,80,1.1625,0.05169209596069913,631,Dough not rising is the yeast of my worries.
1287,2953,3,7,70,80,1.1625,0.05169209596069913,631,I did not have time to buy anything at the airport
1240,2953,1,11,68,80,1.1625,0.04515707466615905,631,On the way to the pizza convention. Didn't want to lose my touch.
1235,2953,1,11,68,80,1.1625,0.04515707466615905,631,My old restaurant had too much overhead.
1216,2953,0,13,67,80,1.1625,0.0415054899525657,631,My clients expect a longer delivery time.
236,2953,2,9,69,80,1.1625,0.0485346998405017,631,I’m still up in the air about pizza...
1197,2953,1,11,68,80,1.1625,0.04515707466615905,631,It’s highly interactive in person. It doesn’t quite translate to social media.
1065,2953,1,11,68,80,1.1625,0.04515707466615905,631,I get nervous on doughmestic flights
239,2953,4,5,71,80,1.1625,0.054667435288411496,631,They say the altitude helps the dough rise.
337,2953,2,9,69,80,1.1625,0.0485346998405017,631,I have a connecting flight to Flavortown.
1011,2953,3,7,70,80,1.1625,0.05169209596069913,631,I was hired to distract passengers from the absolutely unjustifiably outrageous extra charges every one is paying.
412,2953,1,11,68,80,1.1625,0.04515707466615905,631,This whole work on the go idea is a bit of a bit of a pie in the sky if you ask me.
912,2953,3,7,70,80,1.1625,0.05169209596069913,631,Grub-hub Deluxe”
817,2953,2,9,69,80,1.1625,0.0485346998405017,631,"I normally fly first class, but I haven't made as much dough lately."
430,2953,0,13,67,80,1.1625,0.0415054899525657,631,"Italy was nice, but the Tower of Pisa didn't exactly live up to my expectations"
709,2953,0,13,67,80,1.1625,0.0415054899525657,631,The TSA agent confiscated my fidget spinner.
440,2953,0,13,67,80,1.1625,0.0415054899525657,631,I guess I just don't understand why a $350 ticket only buys me some crackers and half of a soda. I'm sure you feel the same.
650,2953,1,11,68,80,1.1625,0.04515707466615905,631,I lost my thumbs in 'Nam.  Now this is all I can do for a living.
452,2953,2,9,69,80,1.1625,0.0485346998405017,631,How about a plane pizza courtesy of the Captain?
507,2953,2,9,69,80,1.1625,0.0485346998405017,631,I use long flights to get some work done.
523,2953,1,11,68,80,1.1625,0.04515707466615905,631,Nothing makes dough rise faster than a 747.
1402,2953,2,9,69,80,1.1625,0.0485346998405017,631,I'm going for the mile high carbohydrate club.
545,2953,0,13,67,80,1.1625,0.0415054899525657,631,I'm traveling to one of those televised baking competitions. Mind if I practice?
190,2953,2,9,69,80,1.1625,0.0485346998405017,631,I know all the tricks for getting dough through security.
1535,2953,2,9,69,80,1.1625,0.0485346998405017,631,"According to Malcolm Gladwell, I still need 9, 999 more hours of practice."
2275,2953,3,7,70,80,1.1625,0.05169209596069913,631,Does the plane weigh more now?
2196,2953,1,11,68,80,1.1625,0.04515707466615905,631,More airlines are banning pets;  it's my 'emotional support hobby.'
2189,2953,3,7,70,80,1.1625,0.05169209596069913,631,"Don't get me wrong, it's great to visit new places, I just can't ever seem to fully disconnect from work."
2188,2953,3,7,70,80,1.1625,0.05169209596069913,631,I asked for a fidget spinner
2163,2953,0,13,67,80,1.1625,0.0415054899525657,631,"Yeah, I WAS a pilot but this is the only way to make any dough in the airline business..."
9,2953,1,11,68,80,1.1625,0.04515707466615905,631,Only way to get to my bake off was this take off.
2080,2953,0,13,67,80,1.1625,0.0415054899525657,631,"Better to toss dough than toss chunks, amiright?"
50,2953,3,7,70,80,1.1625,0.05169209596069913,631,I hope the smoke alarm doesn’t go off when I cook this in the bathroom.
70,2953,3,7,70,80,1.1625,0.05169209596069913,631,"'Figure if I can do it im my sleep, I can do it on public transit."""
2054,2953,2,9,69,80,1.1625,0.0485346998405017,631,I knead the dough
1458,2953,0,13,67,80,1.1625,0.0415054899525657,631,On these short commuter hops everyone's so busy no-one notices when we reach zero-g.
2037,2953,2,9,69,80,1.1625,0.0485346998405017,631,The first rule of the mile-high pizza club--no turbulence.
78,2953,0,13,67,80,1.1625,0.0415054899525657,631,I always end up taking my work with me on a flight.
2004,2953,2,9,69,80,1.1625,0.0485346998405017,631,Altitude means something to dough.
1904,2953,1,11,68,80,1.1625,0.04515707466615905,631,"People always ask me, ""Vito, your pizza is so great, but why does it cost so much?"" My answer, ""I always let my dough rise to at least 35,000 ft altitude. That's what gives it that airy fluffiness, and I'm trying to build up my frequent flyer miles."""
1828,2953,1,11,68,80,1.1625,0.04515707466615905,631,These commuter flights help me make extra dough.
1722,2953,1,11,68,80,1.1625,0.04515707466615905,631,"I used to juggle snakes, but nobody noticed that either."
101,2953,2,9,69,80,1.1625,0.0485346998405017,631,I'm trying to get over my fear of flying...pizza.
1714,2953,1,11,68,80,1.1625,0.04515707466615905,631,The higher you go the better the pizza.
1700,2953,2,9,69,80,1.1625,0.0485346998405017,631,Authentic Newark pizza.
1651,2953,1,11,68,80,1.1625,0.04515707466615905,631,"In first class, this airline serves REALLY fresh pizza!"
143,2953,2,9,69,80,1.1625,0.0485346998405017,631,My career's kind of up in the air right now...
1578,2953,1,11,68,80,1.1625,0.04515707466615905,631,And they said leaving the food truck industry was a pie in the sky!
2010,2953,1,11,68,80,1.1625,0.04515707466615905,631,"I wanted to do a Benihana dinner, but had a little trouble selling that to the TSA."
544,2953,2,9,69,80,1.1625,0.0485346998405017,631,"Everybody said it was a pie in the sky idea, but just look at me now!"
2002,3078,0,13,68,81,1.1604938271604939,0.04103893861381398,631,It's called 'Lap to Table.'
1158,3079,0,12,63,75,1.16,0.04261708831227464,631,It’s the sky toss that counts
2485,3079,0,12,63,75,1.16,0.04261708831227464,631,I vowed to not bring work home over this vacation. How do you think that promise is working.
641,3079,1,10,64,75,1.16,0.04665379487862243,631,I always fly economy class to save some dough.
3187,3079,0,12,63,75,1.16,0.04261708831227464,631,You think this is crazy crutch? You should've seen the guy on my last flight with the drinking problem.
1097,3079,0,12,63,75,1.16,0.04261708831227464,631,Only way to create an authenticBoeing Deep Dish.
1014,3079,1,10,64,75,1.16,0.04665379487862243,631,The frequent flier miles are baked in.
5285,3079,0,12,63,75,1.16,0.04261708831227464,631,Everyone in economy wants to know what they're having for dinner behind the curtain in first class.
2109,3086,0,13,69,82,1.1585365853658536,0.04058259927336568,631,It’s the only way to have authentic MY-style pizza in LA.
2045,3086,0,13,69,82,1.1585365853658536,0.04058259927336568,631,You should see what they get in first class!
4829,3086,0,13,69,82,1.1585365853658536,0.04058259927336568,631,I got a lot of frequent fryer miles.
5532,3086,1,11,70,82,1.1585365853658536,0.04413684952548057,631,It's my bread and butter.
588,3086,3,7,72,82,1.1585365853658536,0.050500393370146945,631,You think this flight cost YOU a lot of dough?
5337,3086,0,13,69,82,1.1585365853658536,0.04058259927336568,631,"Now I can advertise my pizza dough is thrown as high as 35,000 feet."
40,3086,1,11,70,82,1.1585365853658536,0.04413684952548057,631,"I get a free flight, but I have to make enough for everyone."
1386,3086,0,13,69,82,1.1585365853658536,0.04058259927336568,631,I brought along some extra dough in case we need it !
3270,3094,1,10,65,76,1.1578947368421053,0.0460839492511007,631,Chicago-style just doesn't fly
5533,3094,1,10,65,76,1.1578947368421053,0.0460839492511007,631,"Last year I dressed as a vampire for Halloween, but I didn't commit to the role."
2459,3094,1,10,65,76,1.1578947368421053,0.0460839492511007,631,"The secret is love, patience, and about 30 000 feet altitude."
2383,3094,1,10,65,76,1.1578947368421053,0.0460839492511007,631,"Looks like you have a deadline, too?"
604,3094,1,10,65,76,1.1578947368421053,0.0460839492511007,631,"It’s a gig, yeah — but I’m not just all about dough."
987,3094,1,10,65,76,1.1578947368421053,0.0460839492511007,631,Ever since they banned peanuts I’ve been making my own snacks
994,3094,1,10,65,76,1.1578947368421053,0.0460839492511007,631,Plane cheese?
1115,3094,1,10,65,76,1.1578947368421053,0.0460839492511007,631,It's called Middle Seat Syndrome.
1144,3094,1,10,65,76,1.1578947368421053,0.0460839492511007,631,Would you like a slice ?
1741,3094,1,10,65,76,1.1578947368421053,0.0460839492511007,631,The new Cooking Channel games show: “Pizza Plane.”
2368,3094,1,10,65,76,1.1578947368421053,0.0460839492511007,631,"What do you do for a living?""
""I am a freelance blog writer from L.A. Last week I tried making Kombucha on an Uber. This week I am making a gluten-free margarita pizza on a plane."
5496,3094,2,8,66,76,1.1578947368421053,0.049745427644764306,631,Do you think you can make more dough?
2721,3094,1,10,65,76,1.1578947368421053,0.0460839492511007,631,"They don't tell you this when you're buying, but business class also has more head room."
5279,3094,2,8,66,76,1.1578947368421053,0.049745427644764306,631,I’m attempting a Guinness Record for the highest pizza dough toss.
4043,3094,3,6,67,76,1.1578947368421053,0.0531552891492741,631,Making bread is better conversation than listening to drivel from other passengers.
3746,3094,2,8,66,76,1.1578947368421053,0.049745427644764306,631,Lard have mercy!
3804,3094,0,12,64,76,1.1578947368421053,0.04210526315789474,631,The captain likes it airy.
3018,3094,2,8,66,76,1.1578947368421053,0.049745427644764306,631,It’s not easy making a New York a style pizza with a French twist.
2874,3094,3,6,67,76,1.1578947368421053,0.0531552891492741,631,Can you believe they made me check my brick oven?
4641,3094,0,12,64,76,1.1578947368421053,0.04210526315789474,631,"20-20 hindsight, but offering thirty minutes or free was probably a mistake."
4605,3094,1,10,65,76,1.1578947368421053,0.0460839492511007,631,I can keep it in the air much longer up here.
4543,3094,0,12,64,76,1.1578947368421053,0.04210526315789474,631,We call it Pizza on the Fly
2804,3094,1,10,65,76,1.1578947368421053,0.0460839492511007,631,"No, I cook for “first”, l don’t fly “first”."
4654,3094,0,12,64,76,1.1578947368421053,0.04210526315789474,631,"When you forget your device, you find amusement wherever you can."
5156,3094,2,8,66,76,1.1578947368421053,0.049745427644764306,631,"This one's with dry chicken, soggy vegetables and wilted lettuce..."
4522,3094,1,10,65,76,1.1578947368421053,0.0460839492511007,631,It’s my support dough.
3916,3094,2,8,66,76,1.1578947368421053,0.049745427644764306,631,I just love being able to work from home.
4023,3094,1,10,65,76,1.1578947368421053,0.0460839492511007,631,"I'm premiering my ""Cooking at High Altitude"" show this fall."
4484,3094,1,10,65,76,1.1578947368421053,0.0460839492511007,631,Bury your nose in a book? Pretend you are working on your laptop? The only way to get someone to talk to you on an airplane? Do something different!!
5191,3094,2,8,66,76,1.1578947368421053,0.049745427644764306,631,The safest topping is WD-40.
3177,3094,0,12,64,76,1.1578947368421053,0.04210526315789474,631,Have you ever seen someone toss a pizza this high?
5400,3094,2,8,66,76,1.1578947368421053,0.049745427644764306,631,Coach is getting meals again!   Day old cold pizza _
3412,3094,0,12,64,76,1.1578947368421053,0.04210526315789474,631,"Don't mind me, I'm just the pie marshal."
2285,3094,2,8,66,76,1.1578947368421053,0.049745427644764306,631,I’m really an aisle seat kind of guy.
1838,3094,0,12,64,76,1.1578947368421053,0.04210526315789474,631,"Gotta be careful because above 35,000 feet I get a rise out of other passengers."
5405,3129,1,10,66,77,1.155844155844156,0.04552772158797496,631,I could keep working during landing but I don’t want it to end up on the toupee in 37C
3458,3129,1,10,66,77,1.155844155844156,0.04552772158797496,631,"Oh crap, I just remembered that TSA confiscated my pizza wheel."
3289,3129,2,8,67,77,1.155844155844156,0.04913793781438531,631,My mother likes her pizza freshly made.
3281,3129,0,12,65,77,1.155844155844156,0.04160540750111606,631,I like a high-rise crust
3014,3129,1,10,66,77,1.155844155844156,0.04552772158797496,631,Coach or Business Class?  It's a Toss-Up.
2982,3129,1,10,66,77,1.155844155844156,0.04552772158797496,631,"When it comes to perfect pizza dough, it's all in the turbulence."
2957,3129,1,10,66,77,1.155844155844156,0.04552772158797496,631,There's something about turbulence that really makes the dough rise.
2867,3129,1,10,66,77,1.155844155844156,0.04552772158797496,631,It's a very competitive business claiming that your dough rises the highest.
2827,3129,1,10,66,77,1.155844155844156,0.04552772158797496,631,This way I don't have to pay to check a second bag.
2801,3129,1,10,66,77,1.155844155844156,0.04552772158797496,631,Perugia.  And you?
2672,3129,1,10,66,77,1.155844155844156,0.04552772158797496,631,"So, I do R&D over at Big Pretzel."
2597,3129,2,8,67,77,1.155844155844156,0.04913793781438531,631,The hard part is baking it.
2583,3129,3,6,68,77,1.155844155844156,0.0525004803055042,631,It's all in the altitude!
2554,3129,2,8,67,77,1.155844155844156,0.04913793781438531,631,I'm trying to get  into the Mile High Pizza Throwers Club.
2469,3129,0,12,65,77,1.155844155844156,0.04160540750111606,631,Flying saucer northbound coming in for landing
2421,3129,2,8,67,77,1.155844155844156,0.04913793781438531,631,"Gives my hands something to do on these long trips."""
2388,3129,0,12,65,77,1.155844155844156,0.04160540750111606,631,You don't work the dough--the dough works you...
2069,3129,1,10,66,77,1.155844155844156,0.04552772158797496,631,The toughest part is finding a car with the right humidity in it.
3475,3129,0,12,65,77,1.155844155844156,0.04160540750111606,631,I do a great lasagna on longer flights.
3506,3129,1,10,66,77,1.155844155844156,0.04552772158797496,631,"I find TSA does a very thorough job kneading the dough, very handsy."
3533,3129,1,10,66,77,1.155844155844156,0.04552772158797496,631,Normally I get a warning before the seat belt sign goes on
3648,3129,1,10,66,77,1.155844155844156,0.04552772158797496,631,Wait so the overhead cabins DON’T double as ovens?
4648,3129,1,10,66,77,1.155844155844156,0.04552772158797496,631,What?!? You can bring your own food.
4585,3129,2,8,67,77,1.155844155844156,0.04913793781438531,631,The dough acts differently at this altitude.
4514,3129,1,10,66,77,1.155844155844156,0.04552772158797496,631,30 hours or it's free.
4513,3129,0,12,65,77,1.155844155844156,0.04160540750111606,631,"...yeah, I need a new laptop too. I really like how your’s has butterfly keys"
4358,3129,2,8,67,77,1.155844155844156,0.04913793781438531,631,"If-a the dough don't come down, then-a you know we're in trouble!"
4291,3129,1,10,66,77,1.155844155844156,0.04552772158797496,631,I decided to take this recipe to the next level and kick it up a notch.
4279,3129,2,8,67,77,1.155844155844156,0.04913793781438531,631,"I tried that with an iPad, but it didn't work very well during a turbulence."
4138,3129,0,12,65,77,1.155844155844156,0.04160540750111606,631,"I'm marketing it as ""In Flight Pizza"". My one carry-on can supply 4 carry outs."
2056,3129,1,10,66,77,1.155844155844156,0.04552772158797496,631,It helps me get a little extra air into it.
4026,3129,1,10,66,77,1.155844155844156,0.04552772158797496,631,"You know, after non fat and the gluten-free pizza, the new hype just can be the zero gravity calzone."
3987,3129,1,10,66,77,1.155844155844156,0.04552772158797496,631,I believe in theDomino Effect
3973,3129,3,6,68,77,1.155844155844156,0.0525004803055042,631,"Wi, Pie is available starting at 10,000 feet."
3913,3129,0,12,65,77,1.155844155844156,0.04160540750111606,631,Things are really up in the air right now.
3890,3129,1,10,66,77,1.155844155844156,0.04552772158797496,631,I like long flights. I can get work done without any distractions.
3857,3129,1,10,66,77,1.155844155844156,0.04552772158797496,631,It only goes bad in the event of loss of cabin pressure.
3852,3129,3,6,68,77,1.155844155844156,0.0525004803055042,631,I’m going to crash this fucking plane.
3818,3129,0,12,65,77,1.155844155844156,0.04160540750111606,631,I think we went over a bump.
3693,3129,0,12,65,77,1.155844155844156,0.04160540750111606,631,Airplanes have now banned food so now I’m bringing junkfood it’s freshly baked in the sky.
4018,3129,1,10,66,77,1.155844155844156,0.04552772158797496,631,It's a new seating option.  All flights lasting 30 to 45 minutes allow the baking of bread!  Everybody loves the smell.
1972,3129,1,10,66,77,1.155844155844156,0.04552772158797496,631,I'm hoping to set the flying pizza altitude record.
1968,3129,1,10,66,77,1.155844155844156,0.04552772158797496,631,"Well, it's kind of like a pizzaiolo's version of the mile high club."
1931,3129,0,12,65,77,1.155844155844156,0.04160540750111606,631,The old world record for highest pizza toss was  only 21' 5'?
930,3129,2,8,67,77,1.155844155844156,0.04913793781438531,631,"Bag fees. No legroom. What's next, no working on the flight?"
914,3129,0,12,65,77,1.155844155844156,0.04160540750111606,631,Google Grubhub and see what's taking so long to get the cheese and sauce here.
910,3129,1,10,66,77,1.155844155844156,0.04552772158797496,631,"This is the new high altitude dough, which I'm just giving a spin  for our Mount Everest location."
783,3129,3,6,68,77,1.155844155844156,0.0525004803055042,631,I am a big fan of high altitude baking.
685,3129,2,8,67,77,1.155844155844156,0.04913793781438531,631,...when...the...moon hits your eye...
670,3129,2,8,67,77,1.155844155844156,0.04913793781438531,631,Is that a pizza or a hotdog?
629,3129,2,8,67,77,1.155844155844156,0.04913793781438531,631,"The wifi connection is weak, but at least we're gluten-free."
530,3129,0,12,65,77,1.155844155844156,0.04160540750111606,631,I don't get to stop working just because people can't reach me.
516,3129,1,10,66,77,1.155844155844156,0.04552772158797496,631,Because they wouldn't let me carry on the wood-fired pizza oven.
474,3129,2,8,67,77,1.155844155844156,0.04913793781438531,631,It's what I do... I toss dough for a living... Gotta stay sharp.
399,3129,0,12,65,77,1.155844155844156,0.04160540750111606,631,"What toppings do you like ? By the way, hot warm does your laptop get ?"
275,3129,2,8,67,77,1.155844155844156,0.04913793781438531,631,Just doing my part to keep gluten alive and not feared....
244,3129,2,8,67,77,1.155844155844156,0.04913793781438531,631,Goes great with Monterey Hi-Jack.
238,3129,2,8,67,77,1.155844155844156,0.04913793781438531,631,"i'm so sorry. i was cursed by a pieromancer (pizza-themed wizard) to toss dough for all eternity. if i stop tossing this dough, my blood turns to dust and my bones turn to water. i haven't slept in fourteen years. you must find a way to end my life."
208,3129,1,10,66,77,1.155844155844156,0.04552772158797496,631,"No wifi, no problem"
207,3129,1,10,66,77,1.155844155844156,0.04552772158797496,631,It's fine - I put it in airplane mode.
141,3129,1,10,66,77,1.155844155844156,0.04552772158797496,631,“High altitude is the best natural ingredient for high rising dough.”
967,3129,1,10,66,77,1.155844155844156,0.04552772158797496,631,Pretzels or cookies?
1008,3129,3,6,68,77,1.155844155844156,0.0525004803055042,631,I'd like to add you to my LinkedIn network
1025,3129,3,6,68,77,1.155844155844156,0.0525004803055042,631,It's the fastest way to get the dough to rise.
1048,3129,3,6,68,77,1.155844155844156,0.0525004803055042,631,I’m trying out to be the new Chef  Boyardee
1922,3129,2,8,67,77,1.155844155844156,0.04913793781438531,631,Look it up: 'Mile-High Club for pizza chefs.
1906,3129,2,8,67,77,1.155844155844156,0.04913793781438531,631,"No, I'm actually a prep chef, but you know how the TSA is about knives..."
1892,3129,2,8,67,77,1.155844155844156,0.04913793781438531,631,My last service dog was on the do not fly list
1869,3129,1,10,66,77,1.155844155844156,0.04552772158797496,631,Let me guess. You’re surprised I’m making pizza on an airplane.
1753,3129,1,10,66,77,1.155844155844156,0.04552772158797496,631,It keeps my mind off airplane food.  Capiche?
5389,3129,1,10,66,77,1.155844155844156,0.04552772158797496,631,I don’t think altitude is the issue.
1715,3129,0,12,65,77,1.155844155844156,0.04160540750111606,631,I don't think I brought enough dough for everyone.
1698,3129,2,8,67,77,1.155844155844156,0.04913793781438531,631,Say what you want about the gig economy.  I like not being tied down.
4665,3129,1,10,66,77,1.155844155844156,0.04552772158797496,631,Can you believe I got thru security with this?
1488,3129,2,8,67,77,1.155844155844156,0.04913793781438531,631,This low cost airline really does help you save your dough.
1427,3129,1,10,66,77,1.155844155844156,0.04552772158797496,631,There’s a lotta dough riding on this flip.
1422,3129,0,12,65,77,1.155844155844156,0.04160540750111606,631,I'm hoping for a thunder storm   Only way to get really good Chicago deep dish crust
1363,3129,1,10,66,77,1.155844155844156,0.04552772158797496,631,"Look up the high altitude baking adjustment, would-ya?"
1314,3129,1,10,66,77,1.155844155844156,0.04552772158797496,631,I'm just so happy to see a person of color here!
1225,3129,0,12,65,77,1.155844155844156,0.04160540750111606,631,I'm usually better when I'm in an aisle seat.
1160,3129,0,12,65,77,1.155844155844156,0.04160540750111606,631,"This is chef's seat,  last seat available"
1069,3129,2,8,67,77,1.155844155844156,0.04913793781438531,631,I’m actually a TSA agent in disguise
1056,3129,0,12,65,77,1.155844155844156,0.04160540750111606,631,"Yeah, I always bring my own food."
1449,3129,1,10,66,77,1.155844155844156,0.04552772158797496,631,I have restless hands too.
4667,3129,2,8,67,77,1.155844155844156,0.04913793781438531,631,"Surorisingly, it's not quite as effective as earbudsbin discouraging talkative seatmates."
3552,3129,2,8,67,77,1.155844155844156,0.04913793781438531,631,"You're not gluten-sensitive, are you?"
4977,3129,1,10,66,77,1.155844155844156,0.04552772158797496,631,"No, it's my comfort pizza."
4831,3129,2,8,67,77,1.155844155844156,0.04913793781438531,631,It helps to make the dough light and airy.
4956,3129,1,10,66,77,1.155844155844156,0.04552772158797496,631,My wife thinks this idea is a pie in the sky.
5233,3129,0,12,65,77,1.155844155844156,0.04160540750111606,631,"Ohhh, you don't want daddy's dough anymore."
4748,3129,2,8,67,77,1.155844155844156,0.04913793781438531,631,I am liberating my inner self!.
5262,3129,0,12,65,77,1.155844155844156,0.04160540750111606,631,So Mario told me that if you spin it in the air you  get the correct amount of airflow to retain moisture for the perfect crust.
5081,3129,0,12,65,77,1.155844155844156,0.04160540750111606,631,It’s much cheaper than psychotherapy for my fear of flying and I get paid!
4790,3129,1,10,66,77,1.155844155844156,0.04552772158797496,631,"The Bytes are appropriate,don't you agree"
4771,3129,2,8,67,77,1.155844155844156,0.04913793781438531,631,I have a hard time leaving my work behind...
5421,3129,4,4,69,77,1.155844155844156,0.05566025450864261,631,Hard to get a flipping seat from TSA if your name is Doe
5235,3129,0,12,65,77,1.155844155844156,0.04160540750111606,631,Would you rather me be crying?
4846,3129,2,8,67,77,1.155844155844156,0.04913793781438531,631,It's my comfort pancake.
4881,3129,2,8,67,77,1.155844155844156,0.04913793781438531,631,I couldn't resist a duty-free dough.
4913,3129,1,10,66,77,1.155844155844156,0.04552772158797496,631,I shouldn’t say this—but this is going to be the bomb!
5661,3129,2,8,67,77,1.155844155844156,0.04913793781438531,631,"- ""Yeah, I simply don't have enough dough to fly first class"""
5568,3129,2,8,67,77,1.155844155844156,0.04913793781438531,631,The guy in row 27 has gluten-free.
4907,3129,0,12,65,77,1.155844155844156,0.04160540750111606,631,"”I’m sorry,  but you cannot order slices."
4760,3129,0,12,65,77,1.155844155844156,0.04160540750111606,631,"The higher we get, the faster we toast."
5538,3129,1,10,66,77,1.155844155844156,0.04552772158797496,631,They like their bratwurst large in Munich
5314,3129,2,8,67,77,1.155844155844156,0.04913793781438531,631,"""I prefer a car with a moonroof."""
5304,3129,3,6,68,77,1.155844155844156,0.0525004803055042,631,Are you busy?
2720,3236,2,8,68,78,1.1538461538461537,0.048545007377001466,631,"Yeah, I thought about poetry, but I wanted to make some real dough."
2852,3237,0,12,67,79,1.1518987341772151,0.040639993680056885,631,Prepare for landing
581,3238,0,11,62,73,1.1506849315068493,0.0421602404397703,631,I can see your butt.
2170,3239,1,9,64,74,1.1486486486486487,0.04586747660388901,631,I've discovered a culinary use for motion sickness.
2714,3239,1,9,64,74,1.1486486486486487,0.04586747660388901,631,All this flying is a lot of dough!
1105,3239,1,9,64,74,1.1486486486486487,0.04586747660388901,631,They told me I needed more air-time.
1161,3239,0,11,63,74,1.1486486486486487,0.04163642831779319,631,How else did you think we make rising crust?
2053,3239,0,11,63,74,1.1486486486486487,0.04163642831779319,631,"No. Please. Tell me more, I''m not busy at all."
1047,3239,1,9,64,74,1.1486486486486487,0.04586747660388901,631,"In first class, I make large pies"
2703,3239,1,9,64,74,1.1486486486486487,0.04586747660388901,631,"Does that thing bake, too?"
860,3239,1,9,64,74,1.1486486486486487,0.04586747660388901,631,"''I don't mean to scare you, but you do need a proper oven."""
886,3239,1,9,64,74,1.1486486486486487,0.04586747660388901,631,You know what they say--practice makes perfect.
716,3239,0,11,63,74,1.1486486486486487,0.04163642831779319,631,Fresh food is an obsession of mine.  Why do you ask?
823,3239,2,7,65,74,1.1486486486486487,0.04973991010198834,631,"So I said to myself, Mario!  They’re all working on the train, so why shouldn’t you?"
737,3239,2,7,65,74,1.1486486486486487,0.04973991010198834,631,"My analyst says I'm a pessimist, but when this plane goes down and I get something in my face I aim to prove her wrong when I shout dough!"
807,3239,0,11,63,74,1.1486486486486487,0.04163642831779319,631,"Sure, you can only bring one hundred milliliters of sauce, but you can't beat fresh pizza."
2241,3239,1,9,64,74,1.1486486486486487,0.04586747660388901,631,"I get no time off work, and I'm always traveling, I hate my job."
2267,3239,2,7,65,74,1.1486486486486487,0.04973991010198834,631,"The crust is lighter, and I've been screen-free for a week."
2316,3239,1,9,64,74,1.1486486486486487,0.04586747660388901,631,"If we don’t land in thirty minutes, it’s free."
2323,3239,1,9,64,74,1.1486486486486487,0.04586747660388901,631,I fly coach now. I have to watch my dough.
2334,3239,1,9,64,74,1.1486486486486487,0.04586747660388901,631,"With this new policy, I have to get the pizza there in 30 minutes otherwise it's free."
2355,3239,1,9,64,74,1.1486486486486487,0.04586747660388901,631,This is the only way for me to stay off Twitter.
2392,3239,0,11,63,74,1.1486486486486487,0.04163642831779319,631,No one talks about the commute for authentic Neapolitan Pizza.
151,3239,2,7,65,74,1.1486486486486487,0.04973991010198834,631,What do you expect from Chef BOAC?
2404,3239,1,9,64,74,1.1486486486486487,0.04586747660388901,631,The real workout for my hands is when I try speaking Italian.
927,3239,2,7,65,74,1.1486486486486487,0.04973991010198834,631,This is to get sponsorship my growing business.
668,3239,1,9,64,74,1.1486486486486487,0.04586747660388901,631,Actually I started out as an Amazon drone then got promoted to Special Delivery.  Salami or Cheese?
1795,3239,1,9,64,74,1.1486486486486487,0.04586747660388901,631,"After a month in Italy, I discovered the yeast rises best in high altitude."
1919,3239,1,9,64,74,1.1486486486486487,0.04586747660388901,631,"Well you see, the high altitude makes the crust  fluffier."
160,3239,1,9,64,74,1.1486486486486487,0.04586747660388901,631,It's in cabin Pi-Fli
1627,3239,1,9,64,74,1.1486486486486487,0.04586747660388901,631,I am making a pizza. It is uncommon to see this on a plane.
232,3239,0,11,63,74,1.1486486486486487,0.04163642831779319,631,I gotta quota.
1632,3239,1,9,64,74,1.1486486486486487,0.04586747660388901,631,"I do make a lot of dough, but not in the way you're thinking."
249,3239,1,9,64,74,1.1486486486486487,0.04586747660388901,631,Do you know what elevation we are at? I gotta figure out what temperature this needs to go in.
262,3239,1,9,64,74,1.1486486486486487,0.04586747660388901,631,I guess I really do take my work home with me.
1675,3239,1,9,64,74,1.1486486486486487,0.04586747660388901,631,...and that's how you make a true neopolitan pizza
1696,3239,0,11,63,74,1.1486486486486487,0.04163642831779319,631,I'm really trying to focus on work-life balance right now.
1609,3239,2,7,65,74,1.1486486486486487,0.04973991010198834,631,I got thrown out of the kitchen cuz I flip too much!
1727,3239,1,9,64,74,1.1486486486486487,0.04586747660388901,631,This high speed train is messing up the spin.
1737,3239,2,7,65,74,1.1486486486486487,0.04973991010198834,631,"I work in first class, but  take my breaks in coach."
110,3239,1,9,64,74,1.1486486486486487,0.04586747660388901,631,"Yes, a bet. Actually, an easy way to make some dough."
375,3239,1,9,64,74,1.1486486486486487,0.04586747660388901,631,I see you brought work along too.....
1743,3239,2,7,65,74,1.1486486486486487,0.04973991010198834,631,We don't deliver.
1469,3239,1,9,64,74,1.1486486486486487,0.04586747660388901,631,I'm missing my regular spin class
1389,3239,1,9,64,74,1.1486486486486487,0.04586747660388901,631,I always make sure I have enough dough to fly wherever I want.
28,3239,2,7,65,74,1.1486486486486487,0.04973991010198834,631,Thirty minutes or it’s free” doesn’t start until they push back from the terminal
17,3239,0,11,63,74,1.1486486486486487,0.04163642831779319,631,Chicago style? I prefer New Yorker.
1304,3239,0,11,63,74,1.1486486486486487,0.04163642831779319,631,I get a lot of work done when I fly.
1763,3239,2,7,65,74,1.1486486486486487,0.04973991010198834,631,"""The high altitude, really makes the difference."""
1291,3239,0,11,63,74,1.1486486486486487,0.04163642831779319,631,"Why yes, I do. Why do you ask?"
1280,3239,2,7,65,74,1.1486486486486487,0.04973991010198834,631,You see. It is all about relativity.
518,3239,1,9,64,74,1.1486486486486487,0.04586747660388901,631,"My boss told me I had to toss higher. I said, how about 30,000 feet?"
0,3239,0,11,63,74,1.1486486486486487,0.04163642831779319,631,I call it my 'mile high pizza pie'  special!
2490,3239,2,7,65,74,1.1486486486486487,0.04973991010198834,631,Height and rotation are key; next week I'm riding merry-go-rounds.
2007,3239,3,5,66,74,1.1486486486486487,0.053331903246550814,631,I say immerse yourself in the culture on takeoff.
2511,3239,2,7,65,74,1.1486486486486487,0.04973991010198834,631,At least the headspace​ isn't bad.
130,3239,2,7,65,74,1.1486486486486487,0.04973991010198834,631,"My new cooking sensation, a sky high pizza."
4378,3239,1,9,64,74,1.1486486486486487,0.04586747660388901,631,I know it's only so much pie in the sky...
4319,3239,0,11,63,74,1.1486486486486487,0.04163642831779319,631,I try to bring some pizzazz to my commute
4550,3239,3,5,66,74,1.1486486486486487,0.053331903246550814,631,We're gonna cancel the 30-minute guaratee.
2537,3239,2,7,65,74,1.1486486486486487,0.04973991010198834,631,"Frankly, I would never be doing this if I didn't knead the dough."
4595,3239,0,11,63,74,1.1486486486486487,0.04163642831779319,631,"It rises better at 10,000 feet and the heat from the engine provides that crisp airline taste."
4637,3239,2,7,65,74,1.1486486486486487,0.04973991010198834,631,How am I supposed to finish this after they confiscated all my sauce? The nerve of some people!
2570,3239,1,9,64,74,1.1486486486486487,0.04586747660388901,631,"I'm practicing for my new business, Pie-In-The-Sky."
2571,3239,2,7,65,74,1.1486486486486487,0.04973991010198834,631,“It’s how I deal with my fear of flying.”
4645,3239,1,9,64,74,1.1486486486486487,0.04586747660388901,631,"They wouldn’t let me bring my knife set on board, so I showed them....."
4675,3239,1,9,64,74,1.1486486486486487,0.04586747660388901,631,I can't fly without my comfort dough.
4817,3239,2,7,65,74,1.1486486486486487,0.04973991010198834,631,They say the higher up you toss the pizza dough the better it gets
4904,3239,2,7,65,74,1.1486486486486487,0.04973991010198834,631,I'm rehearsing for my appearance on America's Got Delusions.
4944,3239,1,9,64,74,1.1486486486486487,0.04586747660388901,631,Welcome to Air Italy!
4957,3239,1,9,64,74,1.1486486486486487,0.04586747660388901,631,You should've seen their faces when they found the 4oz jar of red sauce
5012,3239,3,5,66,74,1.1486486486486487,0.053331903246550814,631,Because it's fluffier at higher altitudes.
2667,3239,1,9,64,74,1.1486486486486487,0.04586747660388901,631,"Then I came to the revelation that these modern planes really fly themselves, and..."
2662,3239,1,9,64,74,1.1486486486486487,0.04586747660388901,631,Looking down all the time is no way to go through life.
5080,3239,0,11,63,74,1.1486486486486487,0.04163642831779319,631,My wife wants me to bring more dough home.
5207,3239,1,9,64,74,1.1486486486486487,0.04586747660388901,631,...dough rises better in high altitudes.
5347,3239,1,9,64,74,1.1486486486486487,0.04586747660388901,631,I don’t trust other people cooking my food
5365,3239,0,11,63,74,1.1486486486486487,0.04163642831779319,631,It's the newest thing in pizza to go!
5390,3239,2,7,65,74,1.1486486486486487,0.04973991010198834,631,We deliver anywhere. Freshness guaranteed!
5402,3239,2,7,65,74,1.1486486486486487,0.04973991010198834,631,These longer flights can be tricky. Dough doesn't rise the same way at higher altitudes.
5431,3239,2,7,65,74,1.1486486486486487,0.04973991010198834,631,Pressurization fusion pizza.
2658,3239,2,7,65,74,1.1486486486486487,0.04973991010198834,631,Which movie should I go with? It's a real toss up...
5497,3239,1,9,64,74,1.1486486486486487,0.04586747660388901,631,At least I'm not tossing my cookies.
5509,3239,1,9,64,74,1.1486486486486487,0.04586747660388901,631,All because the lady loves pizza.
5608,3239,0,11,63,74,1.1486486486486487,0.04163642831779319,631,I'm bad at keeping my work and private life separate.
4192,3239,0,11,63,74,1.1486486486486487,0.04163642831779319,631,"Yeah, I'm experimenting with this new southwest chicken flatbread."
5645,3239,2,7,65,74,1.1486486486486487,0.04973991010198834,631,"The idea first came to me when I overheard someone at work say, ""I'll just order a 'plane pizza'."""
4153,3239,2,7,65,74,1.1486486486486487,0.04973991010198834,631,I heard you say 'cuckoo' under your breath.
4063,3239,0,11,63,74,1.1486486486486487,0.04163642831779319,631,I thought I could get some work done during the flight.
2805,3239,0,11,63,74,1.1486486486486487,0.04163642831779319,631,"Tuscan Airlines lets me top in coach.....Italia: it’s Calzone only
with a upgrade to Deepdish with 25,000 miles."
2821,3239,3,5,66,74,1.1486486486486487,0.053331903246550814,631,I always fly prepared for a decent meal.
2826,3239,1,9,64,74,1.1486486486486487,0.04586747660388901,631,All I know is I got an order from R. A. Tee for a plane pizza.
2847,3239,1,9,64,74,1.1486486486486487,0.04586747660388901,631,"I lost a bet at the Pizzeria Convention in Vegas.
Perfect dough by Detroit."
2856,3239,1,9,64,74,1.1486486486486487,0.04586747660388901,631,See how long it stays up at this altitude!
2860,3239,0,11,63,74,1.1486486486486487,0.04163642831779319,631,It's the latest - in-flight tossed crust.
2898,3239,1,9,64,74,1.1486486486486487,0.04586747660388901,631,"Our slogan is, ""Mile High Pizza--artisanal with a twist"
2919,3239,2,7,65,74,1.1486486486486487,0.04973991010198834,631,"Call it a ‘pie in the sky’, if you like…."
2961,3239,0,11,63,74,1.1486486486486487,0.04163642831779319,631,"When a customer goes,  ""Five bucks for delivery?!"" I want to beat them to death with a rolling pin. I usually don't, though."
756,3239,0,11,63,74,1.1486486486486487,0.04163642831779319,631,Favorite topping?
3091,3239,1,9,64,74,1.1486486486486487,0.04586747660388901,631,My therapist recommended I travel more and toss some dough around
3137,3239,2,7,65,74,1.1486486486486487,0.04973991010198834,631,High altitude makes it extra airy.
3138,3239,2,7,65,74,1.1486486486486487,0.04973991010198834,631,"Someone films it, i get kicked off, i become insta famous; and suddenly Flying High Za is born."
4147,3239,1,9,64,74,1.1486486486486487,0.04586747660388901,631,Is this pick up or delivery?
3159,3239,1,9,64,74,1.1486486486486487,0.04586747660388901,631,I just  not ready to accept in-flight meals served in a box.
3496,3239,3,5,66,74,1.1486486486486487,0.053331903246550814,631,It's a new thing - the Mile-High Pizza-Pie Club.
2695,3239,1,9,64,74,1.1486486486486487,0.04586747660388901,631,You'll never believe how I got all this dough through security
3507,3239,2,7,65,74,1.1486486486486487,0.04973991010198834,631,It all started with the whole gluten-free trend: how do you get the dough to rise?? Someone recommended the high-altitude.
3509,3239,1,9,64,74,1.1486486486486487,0.04586747660388901,631,"The tomato sauce was over three ounces, so this is going to be a plane pizza."
3531,3239,1,9,64,74,1.1486486486486487,0.04586747660388901,631,"It's expensive, but the altitude is the key ingredient."
3650,3239,1,9,64,74,1.1486486486486487,0.04586747660388901,631,"The trick is to wait for a sudden downdraft."""
3681,3239,2,7,65,74,1.1486486486486487,0.04973991010198834,631,"Would you like a ""plane"" pizza?"
2692,3239,0,11,63,74,1.1486486486486487,0.04163642831779319,631,They insisted the pizza delivery be fresh on arrival... to Tahiti.
3714,3239,1,9,64,74,1.1486486486486487,0.04586747660388901,631,"I started the business because the food on board is really bad, and I kneaded the dough"
3778,3239,1,9,64,74,1.1486486486486487,0.04586747660388901,631,I like the dough to rise as much as possible.
3875,3239,0,11,63,74,1.1486486486486487,0.04163642831779319,631,Why am I working on the flight?  I need the dough.
3928,3239,0,11,63,74,1.1486486486486487,0.04163642831779319,631,"Some people play games on their computers or listen to music to relax on a plane, I make a pizza."
3271,3239,2,7,65,74,1.1486486486486487,0.04973991010198834,631,"It's the 30,000-foot hot dog."
2539,3353,0,11,64,75,1.1466666666666667,0.04112531205098986,631,I'm perfecting my high-altitude recipe.
519,3353,4,3,68,75,1.1466666666666667,0.055970820368587894,631,I QUIT MED SCHOOL 'CAUSE I HAD SUCH A SKILL FOR  HAND AND EYE COORDINATION.
2798,3353,2,7,66,75,1.1466666666666667,0.049112238922818546,631,"If it hits my laptop, he'll be wearing it."
138,3353,2,7,66,75,1.1466666666666667,0.049112238922818546,631,My company expects me to work while I travel.
869,3353,0,11,64,75,1.1466666666666667,0.04112531205098986,631,"Some people think I'm preparing pizza, I'm actually tossing a bratwurst."
485,3353,0,11,64,75,1.1466666666666667,0.04112531205098986,631,You just can’t duplicate that San Francisco sourdough taste anywhere else.
1078,3353,1,9,65,75,1.1466666666666667,0.045295161459604626,631,It's easier in an emergency depressurization dive.
556,3353,1,9,65,75,1.1466666666666667,0.045295161459604626,631,I don't have Netflix.
5398,3353,1,9,65,75,1.1466666666666667,0.045295161459604626,631,You can get special permission for emotional support yeast.
2059,3353,2,7,66,75,1.1466666666666667,0.049112238922818546,631,I'm waiting for it to rise.
4725,3353,0,11,64,75,1.1466666666666667,0.04112531205098986,631,I'm going for the World Championship.
1403,3353,1,9,65,75,1.1466666666666667,0.045295161459604626,631,"One crepe flying up, Madame."
1478,3353,0,11,64,75,1.1466666666666667,0.04112531205098986,631,I haven’t studied the landing.
5507,3353,2,7,66,75,1.1466666666666667,0.049112238922818546,631,Comfort economy is really worth the extra dough.
4780,3353,0,11,64,75,1.1466666666666667,0.04112531205098986,631,Don't try this at home!
4793,3353,0,11,64,75,1.1466666666666667,0.04112531205098986,631,"By the way, this is how we make pizza in Italy!"
1958,3353,1,9,65,75,1.1466666666666667,0.045295161459604626,631,Just remember who was first in the Food Bus revolution.
4825,3353,0,11,64,75,1.1466666666666667,0.04112531205098986,631,"Once the dough rises above 10k feet, it’s ready."
4880,3353,1,9,65,75,1.1466666666666667,0.045295161459604626,631,Just trying to reach those ten thousand hours.
4890,3353,1,9,65,75,1.1466666666666667,0.045295161459604626,631,The toughest part is getting it through customs
2299,3353,1,9,65,75,1.1466666666666667,0.045295161459604626,631,"These early flights can seem like such a stretch, but the day really does pan out beautifully if you time it right."
5068,3353,1,9,65,75,1.1466666666666667,0.045295161459604626,631,I wanted to make sure your pizza was fresh.
5070,3353,2,7,66,75,1.1466666666666667,0.049112238922818546,631,"Special order, thin air crust."
5266,3353,1,9,65,75,1.1466666666666667,0.045295161459604626,631,It's only tricky during turbulence.
4445,3353,2,7,66,75,1.1466666666666667,0.049112238922818546,631,Baking — best inflight entertainment
4400,3353,3,5,67,75,1.1466666666666667,0.05265332251978381,631,"Real, authentic pizza dough is tossed at 10,000 feet."
4651,3353,0,11,64,75,1.1466666666666667,0.04112531205098986,631,The hardest part is getting the oven through security.
5678,3353,1,9,65,75,1.1466666666666667,0.045295161459604626,631,"I added too much water, and I have to be in Providence by noon."
2479,3353,1,9,65,75,1.1466666666666667,0.045295161459604626,631,"Hey, I'm Vinny. Do ya like pizza?"
2937,3353,2,7,66,75,1.1466666666666667,0.049112238922818546,631,"Actually, the recycled air gives the crust a delicious zing."
3384,3353,3,5,67,75,1.1466666666666667,0.05265332251978381,631,Didn't have enough dough for the window seat.
3760,3353,1,9,65,75,1.1466666666666667,0.045295161459604626,631,I’m just giving it the full effect in the air
3849,3353,1,9,65,75,1.1466666666666667,0.045295161459604626,631,What do you mean they have in-flight wifi?
4030,3353,1,9,65,75,1.1466666666666667,0.045295161459604626,631,You can't believe the trouble I've had getting this to rise.
4039,3353,2,7,66,75,1.1466666666666667,0.049112238922818546,631,The higher we fly...ditto the pizza!
5535,3353,2,7,66,75,1.1466666666666667,0.049112238922818546,631,Once we reach altitude I’ll have enough dough to ride in first class.
2090,3353,0,11,64,75,1.1466666666666667,0.04112531205098986,631,"If I don't land this job, my mother will throw me out."
5150,3353,2,7,66,75,1.1466666666666667,0.049112238922818546,631,Yes. I have been told I toss and turn a lot.
4174,3353,1,9,65,75,1.1466666666666667,0.045295161459604626,631,"Sorry,only personal pizzas in coach."
4229,3353,1,9,65,75,1.1466666666666667,0.045295161459604626,631,I told him delivery would be extra but he insisted on authentic Neapolitan style pizza.
1219,3353,0,11,64,75,1.1466666666666667,0.04112531205098986,631,"They raised my rent, so I'm doing a pop-up"
4250,3353,1,9,65,75,1.1466666666666667,0.045295161459604626,631,I'm flexible and I have lots of dough.
4303,3353,1,9,65,75,1.1466666666666667,0.045295161459604626,631,Pizza-pie? More like pizza-fly.
4384,3353,1,9,65,75,1.1466666666666667,0.045295161459604626,631,My wife tells me I need to leave my work at home.
4170,3353,2,7,66,75,1.1466666666666667,0.049112238922818546,631,The pizza is lightest when I'm up up and away!
2514,3398,1,9,66,76,1.144736842105263,0.044736842105263165,631,. . . . it's called pie in the sky . . . .
2627,3399,0,10,60,70,1.1428571428571428,0.04212627318711346,631,"You can take the hot-dog out of New York, but you can never take New York out of the hot-dog."
5582,3399,2,7,68,77,1.1428571428571428,0.04790300390810151,631,Just remember to bake it an extra ten minutes when at cruising altitude.
563,3399,0,10,60,70,1.1428571428571428,0.04212627318711346,631,"I call the recipe ""From Sea To Shining Sea"""
2076,3399,2,6,62,70,1.1428571428571428,0.051017450372708696,631,It's a high-rising dough and it's only happy at high altitudes.
5458,3399,1,8,61,70,1.1428571428571428,0.04678356086900135,631,She’s a service dough.
173,3399,0,10,60,70,1.1428571428571428,0.04212627318711346,631,I hate Spirit Airlines.
3943,3399,0,10,60,70,1.1428571428571428,0.04212627318711346,631,"I'm training, as a pastry chef."
3938,3399,0,10,60,70,1.1428571428571428,0.04212627318711346,631,If I tossed it before boarding I would have had to check it with the oven.
1986,3399,0,10,60,70,1.1428571428571428,0.04212627318711346,631,I’m working for peanuts.
2970,3399,0,10,60,70,1.1428571428571428,0.04212627318711346,631,I like to feel productive at all times .... but I'm not a techie...
1189,3399,0,10,60,70,1.1428571428571428,0.04212627318711346,631,The president wanted me to come back here to the press corp area to show you how much he loves real ‘American cuisine’.
674,3399,0,10,60,70,1.1428571428571428,0.04212627318711346,631,Plane food is ass!
3056,3411,0,10,61,71,1.1408450704225352,0.04157742116654289,631,You can now pay your fare using the barter system.
4490,3411,0,10,61,71,1.1408450704225352,0.04157742116654289,631,You shouldn't take your job with you.
290,3411,1,8,62,71,1.1408450704225352,0.046163800079517044,631,Working two jobs in different cities is tough.
3903,3414,0,10,62,72,1.1388888888888888,0.04104253469235572,631,My therapist recommended that I try to break a Guinness world record.
768,3414,1,8,63,72,1.1388888888888888,0.04556013565281042,631,"Sorry, I was told by the airline that I was getting a seat with ample elbow room."
4374,3414,0,10,62,72,1.1388888888888888,0.04104253469235572,631,I hear the fillet mignon is superb.
3569,3414,2,6,64,72,1.1388888888888888,0.04966852391033734,631,"I was a pilot, but I couldn't keep anything in the air."
4491,3414,1,8,63,72,1.1388888888888888,0.04556013565281042,631,"My emotional support anadama has opened the world up to me. Whoa there! Sit, Anna! Bad girl."
4789,3414,1,8,63,72,1.1388888888888888,0.04556013565281042,631,Well I heard they’re charging for peanuts now.
4906,3414,1,8,63,72,1.1388888888888888,0.04556013565281042,631,"If this were a small dog, I could've put it under the seat."
5049,3414,1,8,63,72,1.1388888888888888,0.04556013565281042,631,....snakes on planes. So I  thought 'dough on planes' and here I am.
5464,3414,1,8,63,72,1.1388888888888888,0.04556013565281042,631,Once I get started I can't stop.
5634,3414,1,8,63,72,1.1388888888888888,0.04556013565281042,631,Just trying to get some work done.
3367,3414,1,8,63,72,1.1388888888888888,0.04556013565281042,631,You couldn't afford it; takes a lot of dough.
3262,3414,2,6,64,72,1.1388888888888888,0.04966852391033734,631,Do you always get stuck sat next to a tosser?
3260,3414,0,10,62,72,1.1388888888888888,0.04104253469235572,631,Some folks have a comfort animal. I have a comfort food.
3229,3414,0,10,62,72,1.1388888888888888,0.04104253469235572,631,"Yes, we pilots moonlight, but usually not during our own flights."
3204,3414,1,8,63,72,1.1388888888888888,0.04556013565281042,631,Hope you don't mind. It improves my technique if I'm in a middle seat.
3092,3414,1,8,63,72,1.1388888888888888,0.04556013565281042,631,In flight entertainment
4345,3414,1,8,63,72,1.1388888888888888,0.04556013565281042,631,Pursuit of the Guinness Record requires diligence and endurance.
3076,3414,1,8,63,72,1.1388888888888888,0.04556013565281042,631,Al Italia.
2863,3414,0,10,62,72,1.1388888888888888,0.04104253469235572,631,Its better to knead the bread than toss my cookies!
2604,3414,2,6,64,72,1.1388888888888888,0.04966852391033734,631,"Julie needed to work on her presentation, but Chef BoyArDeezNuts wouldn't stop amusing himself about he was getting some real pizza throwing altitude now. She refused to laugh, and considered how best to snatch the dough from the air..."
2510,3414,0,10,62,72,1.1388888888888888,0.04104253469235572,631,"The food critics are right; my pizza recipe is not your typical ""pie in the sky"" idea."
2252,3414,1,8,63,72,1.1388888888888888,0.04556013565281042,631,They didn’t like the baked Alaska in first class.
2100,3414,1,8,63,72,1.1388888888888888,0.04556013565281042,631,"When I purchased the 'Pie in the Sky' package, I assumed that meant I'd be flying first class."
1868,3414,0,10,62,72,1.1388888888888888,0.04104253469235572,631,"I'm competing in the ""altitude"" category"
1673,3414,1,8,63,72,1.1388888888888888,0.04556013565281042,631,"As your airline chef, today's special for any thought of making that connecting flight is pie in the sky."
1599,3414,3,4,65,72,1.1388888888888888,0.05346212279886589,631,It's a great place to get work done
1554,3414,1,8,63,72,1.1388888888888888,0.04556013565281042,631,I don't worry until the dough hits the ceiling.
1444,3414,1,8,63,72,1.1388888888888888,0.04556013565281042,631,15 minutes
1377,3414,0,10,62,72,1.1388888888888888,0.04104253469235572,631,"Hi. I'm your in-flight student chef you do have a credit card, right?"
1177,3414,0,10,62,72,1.1388888888888888,0.04104253469235572,631,Beats a quarter-ounce bag of pretzels.
1182,3414,1,8,63,72,1.1388888888888888,0.04556013565281042,631,There just isn't the right amount of height in a cab.
800,3414,1,8,63,72,1.1388888888888888,0.04556013565281042,631,"Only problem is getting them back to earth.



Robert Fine,  Atlanta,GA"
2923,3414,2,6,64,72,1.1388888888888888,0.04966852391033734,631,Would you rather I toss my cookies?
1162,3414,1,8,63,72,1.1388888888888888,0.04556013565281042,631,"What I save on yeast, however, doesn’t cover the delivery charge."
4333,3448,0,10,63,73,1.1369863013698631,0.04052109440479188,631,I’m trying to get the best rise out of the dough.
2648,3448,0,10,63,73,1.1369863013698631,0.04052109440479188,631,My customers told me that I needed a pie in the sky to make me famous.
2546,3448,0,10,63,73,1.1369863013698631,0.04052109440479188,631,... and make sure you don't over-knead it and ...
453,3448,2,6,65,73,1.1369863013698631,0.049020343729643576,631,"It's very meditative - and all the anti-gluten people hate it."""
509,3448,1,8,64,73,1.1369863013698631,0.04497195343285892,631,Too much yeast?
762,3448,1,8,64,73,1.1369863013698631,0.04497195343285892,631,My dough ... never leave home without it -
1365,3448,1,8,64,73,1.1369863013698631,0.04497195343285892,631,"Dammit, I forgot my travel pillow."
1217,3455,2,6,66,74,1.135135135135135,0.04838879136051528,631,"A little bumpy is good for thin crust, moderate turbulence is great for a deep crust and severe turbulence, I just vomit in it and make a calzone."
1434,3455,0,10,64,74,1.135135135135135,0.040012605956627305,631,And they're mixing up the sauce right now in the cockpit.
5118,3457,1,7,59,67,1.1343283582089552,0.04705493189919477,631,"...so the security guy asked me: 'Do you have any idea why I had to take a look at your suitcase?' I said: 'No, I doughnut!' Then he let me go."
3133,3457,0,9,58,67,1.1343283582089552,0.041974785069899656,631,His 'high hopes' and 'pie in the sky' got his wheels landed on 9/11
1169,3457,0,9,58,67,1.1343283582089552,0.041974785069899656,631,The dough flies itself when we drop into air pockets.
318,3457,0,9,58,67,1.1343283582089552,0.041974785069899656,631,"I usually fly First Class, but am trying to save some dough."
3914,3461,1,8,66,75,1.1333333333333333,0.043839729948095284,631,That how I bake the UFO story.
4994,3462,0,9,59,68,1.1323529411764706,0.0414000577075105,631,I'm actually with Homeland Security. This is just a cover.
65,3462,0,9,59,68,1.1323529411764706,0.0414000577075105,631,"My name is Pasquale, and I'm a workaholic."
4079,3462,0,9,59,68,1.1323529411764706,0.0414000577075105,631,Walk in the club and I flex like oouu diamond on wrist it look like glue diamond on wrist it look like glue pull up swervin in the coupe pull up swervin in the coupe pull up swervin in the coupe
5601,3465,2,5,62,69,1.1304347826086956,0.050204371233880496,631,THE TEACHER TOLD ME TO PRACTICE FLIPPING DOUGH IN THE AIR
5668,3465,0,9,60,69,1.1304347826086956,0.040840714635988,631,I’m trying to reach frequent fryer status.
5648,3465,1,7,61,69,1.1304347826086956,0.04576266416505649,631,I find altitude and a little turbulence really bring out the flavor.
4075,3465,0,9,60,69,1.1304347826086956,0.040840714635988,631,Play-doh: fun to play with
5677,3465,0,9,60,69,1.1304347826086956,0.040840714635988,631,I'm working on making a first class pizza.
4118,3465,0,9,60,69,1.1304347826086956,0.040840714635988,631,I bring the sauce in 3 oz. bottles.
5624,3465,0,9,60,69,1.1304347826086956,0.040840714635988,631,We're testing a new in-flight menu option today.
4172,3465,1,7,61,69,1.1304347826086956,0.04576266416505649,631,Did you know that dough rises faster at high altitudes?
3968,3465,1,7,61,69,1.1304347826086956,0.04576266416505649,631,"Y’know, they don’t pay me until I’m clocked in."
4002,3465,3,3,63,69,1.1304347826086956,0.05428384981276501,631,"If you think it tastes good now, wait until we encounter some heavy turbulence."
5067,3465,2,5,62,69,1.1304347826086956,0.050204371233880496,631,If I touch it too much it gets a yeast infection.
4173,3465,1,7,61,69,1.1304347826086956,0.04576266416505649,631,"They said one carry on. Priorities Right"""
3851,3465,0,9,60,69,1.1304347826086956,0.040840714635988,631,"Actually, it’s my support pizza. I don’t go anywhere without it."
3831,3465,1,7,61,69,1.1304347826086956,0.04576266416505649,631,She said she needed space and that I always too my work home.  What a load! Right?
3735,3465,2,5,62,69,1.1304347826086956,0.050204371233880496,631,I'm assisting he pilot in keeping the plane aloft!
3732,3465,1,7,61,69,1.1304347826086956,0.04576266416505649,631,I only do this when there is lag time in the cockpit.
3448,3465,0,9,60,69,1.1304347826086956,0.040840714635988,631,Did you know there's a fee if your checked oven weighs over fifty pounds?
3687,3465,3,3,63,69,1.1304347826086956,0.05428384981276501,631,Size matters.
3685,3465,1,7,61,69,1.1304347826086956,0.04576266416505649,631,"Sorry, it doesn't have an airplane mode"
3637,3465,0,9,60,69,1.1304347826086956,0.040840714635988,631,Whoops! Damn turbulence.
3570,3465,1,7,61,69,1.1304347826086956,0.04576266416505649,631,Hope you're ready for another pizza-gate.
3561,3465,1,7,61,69,1.1304347826086956,0.04576266416505649,631,Air Pizza!
3542,3465,0,9,60,69,1.1304347826086956,0.040840714635988,631,"The key is to use New York water, but at 30,000 feet."
3518,3465,1,7,61,69,1.1304347826086956,0.04576266416505649,631,"What do I do?  I'm working on a plan to replace Monday night football with high altitude pizza throwing."""
3454,3465,0,9,60,69,1.1304347826086956,0.040840714635988,631,"Well,finally at yeast I got your attention!"
3919,3465,2,5,62,69,1.1304347826086956,0.050204371233880496,631,I think it’s a business you can make a lot of dough in.
5093,3465,1,7,61,69,1.1304347826086956,0.04576266416505649,631,I’m a high loafer.
4193,3465,0,9,60,69,1.1304347826086956,0.040840714635988,631,"Listen, you write-a da screenplay and I make-a da pizza."
4267,3465,1,7,61,69,1.1304347826086956,0.04576266416505649,631,"O, me? O, I always fly solo."
4754,3465,0,9,60,69,1.1304347826086956,0.040840714635988,631,Did somebody order a plane pizza?
4857,3465,1,7,61,69,1.1304347826086956,0.04576266416505649,631,"It's just like D.C., it's all in the spin."
5290,3465,1,7,61,69,1.1304347826086956,0.04576266416505649,631,Beats Yeast!
4860,3465,2,5,62,69,1.1304347826086956,0.050204371233880496,631,They're my comfort yeast.
4903,3465,1,7,61,69,1.1304347826086956,0.04576266416505649,631,Yelping won’t change the fact that we don’t offer calzones”.
5278,3465,1,7,61,69,1.1304347826086956,0.04576266416505649,631,"When life gives you turbulence, make pizza"
5256,3465,2,5,62,69,1.1304347826086956,0.050204371233880496,631,I normally throw up the food.
4912,3465,0,9,60,69,1.1304347826086956,0.040840714635988,631,"Working from home is great but the commute can really focus my mind. 
MICK O’KANE
Melbourne, Australia"
5338,3465,1,7,61,69,1.1304347826086956,0.04576266416505649,631,This is as far as I got before the Wi-fi cut out.
4923,3465,0,9,60,69,1.1304347826086956,0.040840714635988,631,I look forward to making enough dough that I don’t have to keep taking my work with me everywhere.
4964,3465,1,7,61,69,1.1304347826086956,0.04576266416505649,631,"Well, I got tired of airplane food first."
5230,3465,0,9,60,69,1.1304347826086956,0.040840714635988,631,"Instead of fondling women during the flight like Trump does, I knead the dough to keep me out of trouble."
5225,3465,0,9,60,69,1.1304347826086956,0.040840714635988,631,Will you pass me one of those 100 ml bottles of sauce?
5144,3465,1,7,61,69,1.1304347826086956,0.04576266416505649,631,I’m taking “pizza to go” to a whole new level.
4983,3465,1,7,61,69,1.1304347826086956,0.04576266416505649,631,Guess what altitude it’s at...now.
5112,3465,0,9,60,69,1.1304347826086956,0.040840714635988,631,We're expanding our delivery network overseas.
4995,3465,2,5,62,69,1.1304347826086956,0.050204371233880496,631,I'll just toss in a little work too.
5014,3465,1,7,61,69,1.1304347826086956,0.04576266416505649,631,"Keep hearing the word ""flip""; it's coming from above; needs constant loyalty."
4936,3465,1,7,61,69,1.1304347826086956,0.04576266416505649,631,I build up Frequest flyer miles if I make pizzas for the crew.  I'm there!!
4225,3465,1,7,61,69,1.1304347826086956,0.04576266416505649,631,"You ordered a special meal, Miss?"
4696,3465,1,7,61,69,1.1304347826086956,0.04576266416505649,631,I get all my best dough work done en route.
5339,3465,2,5,62,69,1.1304347826086956,0.050204371233880496,631,I try not to take work home with me.
4273,3465,2,5,62,69,1.1304347826086956,0.050204371233880496,631,I picked up a second job to make some extra dough.
4289,3465,0,9,60,69,1.1304347826086956,0.040840714635988,631,No rest for the weary.
4382,3465,1,7,61,69,1.1304347826086956,0.04576266416505649,631,"You have your work, I have mine."
4392,3465,1,7,61,69,1.1304347826086956,0.04576266416505649,631,"#1 -   ""Smile, you're on Candid Camera""

#2 -  ""The real challenge is the sauce and the cheese"""
5594,3465,0,9,60,69,1.1304347826086956,0.040840714635988,631,You make one racist remark!
4448,3465,1,7,61,69,1.1304347826086956,0.04576266416505649,631,(singing) “There’ll be pie in the sky when you fly?”
5556,3465,2,5,62,69,1.1304347826086956,0.050204371233880496,631,"Have you seen ""Up in the Air""?"
4451,3465,1,7,61,69,1.1304347826086956,0.04576266416505649,631,Oven?  Why do you ask?
4683,3465,0,9,60,69,1.1304347826086956,0.040840714635988,631,"You are witnessing the creation of my first ""Pie in the Sky"" Pizza."
5552,3465,1,7,61,69,1.1304347826086956,0.04576266416505649,631,At least I can do my work during take off and landing.
5528,3465,0,9,60,69,1.1304347826086956,0.040840714635988,631,"James Beard could cook anything on a travel iron, but I find the heat from my laptop more consistent."
4576,3465,1,7,61,69,1.1304347826086956,0.04576266416505649,631,I know I should be in “business class”.
4594,3465,0,9,60,69,1.1304347826086956,0.040840714635988,631,Forget toppings; thick or thin crust
4604,3465,2,5,62,69,1.1304347826086956,0.050204371233880496,631,This gets easier when we lose air pressure and drop quickly.
5463,3465,1,7,61,69,1.1304347826086956,0.04576266416505649,631,Mine
4617,3465,0,9,60,69,1.1304347826086956,0.040840714635988,631,My broker recommended the dough business - he said it was a rising industry.
4643,3465,3,3,63,69,1.1304347826086956,0.05428384981276501,631,"Yes, it is strange. I’ve never seen an open seat on a plane before either."
5345,3465,2,5,62,69,1.1304347826086956,0.050204371233880496,631,I have this gift and I'm so afraid of losing it.
4479,3465,0,9,60,69,1.1304347826086956,0.040840714635988,631,"You know, I really don’t mind bringing work on vacation."
3426,3465,0,9,60,69,1.1304347826086956,0.040840714635988,631,I'll  do anything to get on Gordon Ramsey's show !_Do you want cheese or sausage......
3855,3465,2,5,62,69,1.1304347826086956,0.050204371233880496,631,"Well, I'd like to 'just be myself' , but then who would do this?"
3343,3465,1,7,61,69,1.1304347826086956,0.04576266416505649,631,"I have to deliver a large, thin presentation in New York."
717,3465,1,7,61,69,1.1304347826086956,0.04576266416505649,631,The President ordered a FRESH Chicago-Style pizza.
739,3465,1,7,61,69,1.1304347826086956,0.04576266416505649,631,We're taking Uber Eats to new heights: pepperoni?
752,3465,0,9,60,69,1.1304347826086956,0.040840714635988,631,Google  says you are doing it all wrong!
760,3465,2,5,62,69,1.1304347826086956,0.050204371233880496,631,The best part of commuting on the train is being able to work while you ride.
896,3465,1,7,61,69,1.1304347826086956,0.04576266416505649,631,As'a you see'a it is work'a on the go'a
977,3465,0,9,60,69,1.1304347826086956,0.040840714635988,631,I was going to buy an extra seat but I didn;t have enough dough.
986,3465,0,9,60,69,1.1304347826086956,0.040840714635988,631,Actually I’m the only one in the country doing it. It’s called middle seat pizza.
1017,3465,1,7,61,69,1.1304347826086956,0.04576266416505649,631,"The name ""Pie in the Sky Pizza"" came first.  The gimmick came later."
1062,3465,0,9,60,69,1.1304347826086956,0.040840714635988,631,Sure airplanes are dirty but they're cleaner than my restaurant.
1070,3465,1,7,61,69,1.1304347826086956,0.04576266416505649,631,I just like to get some work done on the way.
1143,3465,1,7,61,69,1.1304347826086956,0.04576266416505649,631,Trying to lose weight on one of those low carb diets is just pie in the sky.
1178,3465,0,9,60,69,1.1304347826086956,0.040840714635988,631,"I was worried that the anti-gravity unit would be too heavy, but..."
1184,3465,2,5,62,69,1.1304347826086956,0.050204371233880496,631,I would never eat the airline’s food
1211,3465,1,7,61,69,1.1304347826086956,0.04576266416505649,631,Jim's narcolepsy and sleepwalking lead to many awkward awakenings.
1213,3465,2,5,62,69,1.1304347826086956,0.050204371233880496,631,Now what??
1306,3465,1,7,61,69,1.1304347826086956,0.04576266416505649,631,"My Pie in the Sky :
Whenever I fly,
So does my pizza pie !"
1310,3465,0,9,60,69,1.1304347826086956,0.040840714635988,631,The altitude keeps the crust tender.
1334,3465,1,7,61,69,1.1304347826086956,0.04576266416505649,631,Extra pepperoni will cost $25 per slice.
1405,3465,0,9,60,69,1.1304347826086956,0.040840714635988,631,"Pan Am? No Madam, it's a Pan Cake Airplane!"
1451,3465,2,5,62,69,1.1304347826086956,0.050204371233880496,631,It's as light as air.
1507,3465,2,5,62,69,1.1304347826086956,0.050204371233880496,631,In a few minutes I'm going to have to borrow your laptop sleeve.
1517,3465,1,7,61,69,1.1304347826086956,0.04576266416505649,631,It just seems like my whole life has become some pie in the sky fantasy.
1542,3465,0,9,60,69,1.1304347826086956,0.040840714635988,631,The Sky High Pie? The crust is truly elevated.
1621,3465,0,9,60,69,1.1304347826086956,0.040840714635988,631,"Today special, Airplane dough."
1705,3465,0,9,60,69,1.1304347826086956,0.040840714635988,631,I wanted to take the tossing competition to a new height!
678,3465,2,5,62,69,1.1304347826086956,0.050204371233880496,631,'Ready Guinness lady? It's forty thousand and two feet - a new world record!'
1754,3465,1,7,61,69,1.1304347826086956,0.04576266416505649,631,"Last year at  ""Le Cordon Bleu"" we create an airy, non-dense lemon soufflé"
671,3465,1,7,61,69,1.1304347826086956,0.04576266416505649,631,"Guess my occupation!"""
620,3465,0,9,60,69,1.1304347826086956,0.040840714635988,631,Order up some pepperoni from Amazon for me please.
1,3465,2,5,62,69,1.1304347826086956,0.050204371233880496,631,This is my emotional support pet dough
24,3465,2,5,62,69,1.1304347826086956,0.050204371233880496,631,"Some say cooking is an art, but I say it's a science. Cabin pressure is the best way I've found to avoid air holes in the dough."
30,3465,1,7,61,69,1.1304347826086956,0.04576266416505649,631,"When it still wouldn't rise, I decided I needed to try something different."
33,3465,1,7,61,69,1.1304347826086956,0.04576266416505649,631,Hopefully by the time we arrive the dough will be ready!
52,3465,1,7,61,69,1.1304347826086956,0.04576266416505649,631,Elon’s pipe dream.
107,3465,2,5,62,69,1.1304347826086956,0.050204371233880496,631,"Attention, this is your captain speaking, please remember all cooking ingredients must be off or turned onto Airplane Mode..."
3355,3465,1,7,61,69,1.1304347826086956,0.04576266416505649,631,Why fly first-class? you ask...I am an EXECUTIVE chef!
109,3465,0,9,60,69,1.1304347826086956,0.040840714635988,631,I’m making a blindfold.
126,3465,1,7,61,69,1.1304347826086956,0.04576266416505649,631,"Sorry, only first class gets the gluten free option!"
209,3465,0,9,60,69,1.1304347826086956,0.040840714635988,631,It’s important to get some height in the toss.
280,3465,1,7,61,69,1.1304347826086956,0.04576266416505649,631,Leg room is no problem when I make artisan pizza.
306,3465,2,5,62,69,1.1304347826086956,0.050204371233880496,631,I hate flying. This is my emotional support dough.
314,3465,0,9,60,69,1.1304347826086956,0.040840714635988,631,"Don't get me wrong, I miss them alright. But does anyone ever ask how much I long for homemade meals?"
350,3465,2,5,62,69,1.1304347826086956,0.050204371233880496,631,How you doin'?
358,3465,1,7,61,69,1.1304347826086956,0.04576266416505649,631,Altitude is the secret ingredient
362,3465,0,9,60,69,1.1304347826086956,0.040840714635988,631,I've never met anyone who can say 'no' to pizza.
366,3465,0,9,60,69,1.1304347826086956,0.040840714635988,631,"We'll see how it turns out, I only have 4 oz of sauce"
368,3465,0,9,60,69,1.1304347826086956,0.040840714635988,631,As a sky Marshall I can pick my disguise.
376,3465,1,7,61,69,1.1304347826086956,0.04576266416505649,631,actually I wanted to be a pilot.  My bread plane wouldn't rise.
446,3465,1,7,61,69,1.1304347826086956,0.04576266416505649,631,I'm going for the record for highest pizza toss!
541,3465,1,7,61,69,1.1304347826086956,0.04576266416505649,631,"You can't believe the special requests we get these days, on our orders."
574,3465,1,7,61,69,1.1304347826086956,0.04576266416505649,631,You're lucky the flight is to New York and not Chicago.
579,3465,0,9,60,69,1.1304347826086956,0.040840714635988,631,I always take an inside seat.
594,3465,0,9,60,69,1.1304347826086956,0.040840714635988,631,"Wait, I just wanted was a “plain” pizza."
597,3465,1,7,61,69,1.1304347826086956,0.04576266416505649,631,"Mr. Cesar wants the pizza hot and ready, so we start prep early."
638,3465,0,9,60,69,1.1304347826086956,0.040840714635988,631,"The higher the toss, the tastier the crust."
1757,3465,0,9,60,69,1.1304347826086956,0.040840714635988,631,It’ll come down as soon as they let us turn off airplane mode.
2886,3465,1,7,61,69,1.1304347826086956,0.04576266416505649,631,"Oddly enough, I quit Wall Street because I was taking my work home with me."
1853,3465,1,7,61,69,1.1304347826086956,0.04576266416505649,631,It has to keep moving to stay alive.
2626,3465,0,9,60,69,1.1304347826086956,0.040840714635988,631,I'd prefer you don't let the flight attendant know I've brought my own food.
2694,3465,1,7,61,69,1.1304347826086956,0.04576266416505649,631,I've always been told that my ideas were pie in the sky. And that gave me an idea...
2716,3465,0,9,60,69,1.1304347826086956,0.040840714635988,631,...then top with no more than 3 ounces of marinara sauce.
2725,3465,0,9,60,69,1.1304347826086956,0.040840714635988,631,"I'm really the pilot,but since the airlines got so big on multitasking I don't know what I'll be doing."
3165,3465,0,9,60,69,1.1304347826086956,0.040840714635988,631,I’m allergic to peanuts.
2739,3465,1,7,61,69,1.1304347826086956,0.04576266416505649,631,This is supposed to be a relaxing vacation but I cannot seem to be able to unplug...
3120,3465,1,7,61,69,1.1304347826086956,0.04576266416505649,631,I hope you’re not allergic to gluten
3089,3465,2,5,62,69,1.1304347826086956,0.050204371233880496,631,"Honey, you have your laptop, you brought your work on vacation too"
3051,3465,2,5,62,69,1.1304347826086956,0.050204371233880496,631,"If you want something done right, do it yourself."
3166,3465,1,7,61,69,1.1304347826086956,0.04576266416505649,631,My dream is to offer overseas delivery but I guess that's just pie in the sky
2999,3465,0,9,60,69,1.1304347826086956,0.040840714635988,631,It takes a lot of dough to get this kind of legroom.
2997,3465,1,7,61,69,1.1304347826086956,0.04576266416505649,631,Dough’s this bother you?
3171,3465,1,7,61,69,1.1304347826086956,0.04576266416505649,631,"Extra pepperoni, extra mushroom, extra leg room ... I’m rolling in dough."
1792,3465,0,9,60,69,1.1304347826086956,0.040840714635988,631,This is my first flight and also my wurst nightmare.
3234,3465,2,5,62,69,1.1304347826086956,0.050204371233880496,631,It's for the Guinness Book of World Records: who can throw the dough the highest.
3240,3465,1,7,61,69,1.1304347826086956,0.04576266416505649,631,They won't let me fly to Chicago.
2742,3465,3,3,63,69,1.1304347826086956,0.05428384981276501,631,"yeah but, is it gluten free?"
3286,3465,0,9,60,69,1.1304347826086956,0.040840714635988,631,I'll be mad if they run out of tomato juice.
3294,3465,3,3,63,69,1.1304347826086956,0.05428384981276501,631,"When the plane in the sky's like a big pizza pie, it's a ME-a."
2824,3465,1,7,61,69,1.1304347826086956,0.04576266416505649,631,"This airline makes a great Bloody Mary, except I don't really drink . But,if I make a lot of dough and throw on a couple of blood shot pepperoni eyes with an anchovy  mouth I can pretend it's my ex wife."
3341,3465,1,7,61,69,1.1304347826086956,0.04576266416505649,631,I'm trying to capture that Southwest flavor.
2984,3465,1,7,61,69,1.1304347826086956,0.04576266416505649,631,My therapist told me that I need to learn how to connect with other people.
2889,3465,0,9,60,69,1.1304347826086956,0.040840714635988,631,"Mile High Pizza Pie
Who's in?"
2978,3465,0,9,60,69,1.1304347826086956,0.040840714635988,631,"I make a lot of dough, but very little money."""
2917,3465,0,9,60,69,1.1304347826086956,0.040840714635988,631,I'm terrified of flying.
2622,3465,1,7,61,69,1.1304347826086956,0.04576266416505649,631,"You see, if I was any other ethnicity, they would throw me off the plane."
2592,3465,2,5,62,69,1.1304347826086956,0.050204371233880496,631,All our toppings are fresh from Italy
2553,3465,0,9,60,69,1.1304347826086956,0.040840714635988,631,It kes me occupied on these long flights!
2119,3465,0,9,60,69,1.1304347826086956,0.040840714635988,631,The airline decided that pizzas served on flights should be as fresh as possible.
1932,3465,0,9,60,69,1.1304347826086956,0.040840714635988,631,"Like you, I'm cramming for my quiz this morning.  Wish me luck!"
1939,3465,0,9,60,69,1.1304347826086956,0.040840714635988,631,The key to a thin crust is the elevation.
1953,3465,1,7,61,69,1.1304347826086956,0.04576266416505649,631,I take it with me wherever I go to keep in practice.
1960,3465,1,7,61,69,1.1304347826086956,0.04576266416505649,631,"Ever since they stopped serving meals, I toss my own dough."
1997,3465,0,9,60,69,1.1304347826086956,0.040840714635988,631,I'm testing the concept that in the Southern hemisphere the pizza dough spins in the opposite direction ... Let's see
2046,3465,0,9,60,69,1.1304347826086956,0.040840714635988,631,Surprisingly you can't do this in Business Class.
2048,3465,1,7,61,69,1.1304347826086956,0.04576266416505649,631,I  PROMISED MY GRANDMOTHER I'D KEEP HER STARTER ALIVE.
2071,3465,2,5,62,69,1.1304347826086956,0.050204371233880496,631,Plain pizza is my specialty
2081,3465,0,9,60,69,1.1304347826086956,0.040840714635988,631,"I’ve never stuck on the cabin roof once in over 220,000 miles. The secret is to knead it when there’s turbulence."
2091,3465,0,9,60,69,1.1304347826086956,0.040840714635988,631,I was lucky enough to upgrade to Pizza Plus.
2098,3465,1,7,61,69,1.1304347826086956,0.04576266416505649,631,Thought this would be a good time to catch up on some work.
2504,3465,3,3,63,69,1.1304347826086956,0.05428384981276501,631,I find the extra hang time gives it a bit more of a crunch.
2132,3465,0,9,60,69,1.1304347826086956,0.040840714635988,631,Do you know when they're serving lunch?
2152,3465,3,3,63,69,1.1304347826086956,0.05428384981276501,631,"I already told you, Dad - It's not that kind of career day."
2186,3465,1,7,61,69,1.1304347826086956,0.04576266416505649,631,I'm training to be a pizza chef
2224,3465,2,5,62,69,1.1304347826086956,0.050204371233880496,631,"It’s actually not pizza, but gluten-free artisanal flatbread that provides the perfect base for little peanuts and pretzels."
2231,3465,2,5,62,69,1.1304347826086956,0.050204371233880496,631,They wouldn’t let me bring my service rooster.
2272,3465,1,7,61,69,1.1304347826086956,0.04576266416505649,631,I've discovered that flipping dough can sometimes keep me from flipping out during turbulence.
2282,3465,2,5,62,69,1.1304347826086956,0.050204371233880496,631,Man cannot live by peanuts alone.
2308,3465,1,7,61,69,1.1304347826086956,0.04576266416505649,631,I guess I'm just sick of airline nuts.
2309,3465,0,9,60,69,1.1304347826086956,0.040840714635988,631,"I started making pie-in-the-sky 
around the same time pigs learned to fly."
2325,3465,1,7,61,69,1.1304347826086956,0.04576266416505649,631,I hate work-related travel.
2457,3465,1,7,61,69,1.1304347826086956,0.04576266416505649,631,The safety card in the seat-back pocket says nothing about this.
2461,3465,1,7,61,69,1.1304347826086956,0.04576266416505649,631,I think I might have used plane flour instead of self-raising.
2466,3465,0,9,60,69,1.1304347826086956,0.040840714635988,631,Who wouldve thought I’d fit an oven in my carry on?
1907,3465,1,7,61,69,1.1304347826086956,0.04576266416505649,631,I like to get a little work done when I fly.
1895,3465,0,9,60,69,1.1304347826086956,0.040840714635988,631,It’S a fear of flying thing
5681,3652,1,7,62,70,1.1285714285714286,0.04514264748228169,631,I like to eat it plane.
5411,3652,2,5,63,70,1.1285714285714286,0.04951704046747739,631,Chicken or beef?
3652,3652,0,9,61,70,1.1285714285714286,0.04029615300200892,631,I'm really a sushi chef. But apparently rules are rules.
5153,3652,1,7,62,70,1.1285714285714286,0.04514264748228169,631,I remember when business class had pizza trays.
255,3652,1,7,62,70,1.1285714285714286,0.04514264748228169,631,Do you mind it I put a mini pizza oven on the armrest?
853,3652,1,7,62,70,1.1285714285714286,0.04514264748228169,631,It makes the very highest rising crust.
1547,3652,1,7,62,70,1.1285714285714286,0.04514264748228169,631,Ever been embarrassed travelling with a giant vibrator? Own it!
1894,3652,0,9,61,70,1.1285714285714286,0.04029615300200892,631,First-class has no idea they offer cheaper tickets to people who can help with their catering.
1905,3652,2,5,63,70,1.1285714285714286,0.04951704046747739,631,My masters thesis explores optimal leavening.
2093,3652,2,5,63,70,1.1285714285714286,0.04951704046747739,631,"Baking is not all pie-in-the-sky, you know."
2227,3652,1,7,62,70,1.1285714285714286,0.04514264748228169,631,When in Roma!
2250,3652,2,5,63,70,1.1285714285714286,0.04951704046747739,631,Can you search long pizza takes to bake in high altitude?
2380,3652,1,7,62,70,1.1285714285714286,0.04514264748228169,631,My only real concerns are take offs and landings.
5186,3652,1,7,62,70,1.1285714285714286,0.04514264748228169,631,Good chance to catch up on some kneading.
2757,3652,1,7,62,70,1.1285714285714286,0.04514264748228169,631,You should see how we grate the cheese.
3346,3652,1,7,62,70,1.1285714285714286,0.04514264748228169,631,Stretch my dough while I stretch my legs?
3376,3652,2,5,63,70,1.1285714285714286,0.04951704046747739,631,It fills my knead.....
2443,3652,0,9,61,70,1.1285714285714286,0.04029615300200892,631,Pepperoni or mushroom?
4777,3652,1,7,62,70,1.1285714285714286,0.04514264748228169,631,Catch!
3942,3652,2,5,63,70,1.1285714285714286,0.04951704046747739,631,So anyway the app is called ‘Pie in the sky.’
3906,3652,1,7,62,70,1.1285714285714286,0.04514264748228169,631,"With IKEA Airlines, assembly is required."
5574,3673,1,7,63,71,1.1267605633802817,0.04453912197420254,631,One plain cheese pizza coming right up!
1286,3673,1,7,63,71,1.1267605633802817,0.04453912197420254,631,I've been doing really well since they cut down on the overhead.
2476,3673,2,5,64,71,1.1267605633802817,0.04884821258914619,631,See? Magic!
5110,3673,0,9,62,71,1.1267605633802817,0.03976580062454876,631,I always thought a trip to Hawaii was just pie in the sky. Turns out it’s true.
2971,3673,1,7,63,71,1.1267605633802817,0.04453912197420254,631,would you marry me?
3101,3673,1,7,63,71,1.1267605633802817,0.04453912197420254,631,"Have you seen the latest Hemispheres? I'm featured under ""where to avoid in Atlanta."""
2959,3673,1,7,63,71,1.1267605633802817,0.04453912197420254,631,"For the extra dough, I always take a little work home at night."
3480,3673,0,9,62,71,1.1267605633802817,0.03976580062454876,631,It seemed like a good place to let the bread rise!
5664,3673,2,5,64,71,1.1267605633802817,0.04884821258914619,631,"When I knead bread, I really need the dough"
3423,3673,1,7,63,71,1.1267605633802817,0.04453912197420254,631,"Actually, it's a pickle.
Seems you can make a fake gun out of dough."""
4650,3673,0,9,62,71,1.1267605633802817,0.03976580062454876,631,I've learned that keeping it in the air yields the best results.
4676,3673,1,7,63,71,1.1267605633802817,0.04453912197420254,631,It's just something to do to make the trip go faster.
3645,3673,1,7,63,71,1.1267605633802817,0.04453912197420254,631,I am on my way to a Pizza DoughTossing Contest.
5050,3686,1,7,64,72,1.125,0.043951442120546434,631,I’m exploring ways to grow my social media brand.
4818,3686,0,9,63,72,1.125,0.039249114101422455,631,I like making dough in economy.
4661,3686,0,9,63,72,1.125,0.039249114101422455,631,"It’s okay, it’s gluten free."
4627,3686,2,5,65,72,1.125,0.048197153144195225,631,"Look up, Lombardi might be performing magic right behind you!"
5479,3686,0,9,63,72,1.125,0.039249114101422455,631,The stewardesses are happier than with my old job as fishmonger.
3427,3686,1,7,64,72,1.125,0.043951442120546434,631,"I'm still learning what 'let the dough rise' means, exactly."
2198,3686,0,8,56,64,1.125,0.041666666666666664,631,Do you really want to have another mediterranean snack box?
4614,3686,0,9,63,72,1.125,0.039249114101422455,631,"so if Pi = 3.14159 , the airline said it exceeded their carry on baggage limit"
4379,3686,2,5,65,72,1.125,0.048197153144195225,631,It;s either focus on the pizza crust or puke in my hat.
4309,3686,1,7,64,72,1.125,0.043951442120546434,631,I prefer the train to driving because I can use the time to catch up on work.
5585,3686,0,9,63,72,1.125,0.039249114101422455,631,Toppings are extra
4154,3686,1,7,64,72,1.125,0.043951442120546434,631,Perhaps you’d like a side of wings?
3523,3686,1,7,64,72,1.125,0.043951442120546434,631,There's already an article about it - Millenials kill the stationary pizza industry
5318,3686,0,9,63,72,1.125,0.039249114101422455,631,The pie in the sky? Excellent choice.
3283,3686,1,7,64,72,1.125,0.043951442120546434,631,What? The airline charges for food.
5089,3686,0,9,63,72,1.125,0.039249114101422455,631,I'm able to catch up on even more work on longer flights.
2934,3686,2,5,65,72,1.125,0.048197153144195225,631,High Altitude Baking Sure Has It's Challenges!
707,3686,0,9,63,72,1.125,0.039249114101422455,631,"With the price of airfare being so high,i'm gonna sell pizza!"
3040,3686,0,9,63,72,1.125,0.039249114101422455,631,I figured that I could get a little work done on the plane.
374,3686,2,5,65,72,1.125,0.048197153144195225,631,It's the cheese and mushroom mile high pizza.
139,3686,0,9,63,72,1.125,0.039249114101422455,631,"This is 'Flyer,'my emotional support dough."
1003,3686,1,7,64,72,1.125,0.043951442120546434,631,You wouldn't believe where I had to hide this from security
175,3686,1,7,64,72,1.125,0.043951442120546434,631,"The dough needs to rise to 35,000 feet before it bakes."
1194,3686,2,5,65,72,1.125,0.048197153144195225,631,"The message was, “Loaf with press pool while I head for links.” He must love baloney."
1391,3686,1,7,64,72,1.125,0.043951442120546434,631,In 5 minutes I finish my presentation.
1419,3686,1,7,64,72,1.125,0.043951442120546434,631,"What? I want my dough to rise, literally"
1437,3686,2,5,65,72,1.125,0.048197153144195225,631,Would you mind overheating that to 450 degrees Fahrenheit?
1438,3686,2,5,65,72,1.125,0.048197153144195225,631,"Yes, I forgot my laptop. O"
1713,3686,0,9,63,72,1.125,0.039249114101422455,631,Are you hungry?
1819,3686,0,9,63,72,1.125,0.039249114101422455,631,"Yes, it's gluten free. Why so surprised?"
1926,3686,2,5,65,72,1.125,0.048197153144195225,631,I'm running late.
2077,3686,2,5,65,72,1.125,0.048197153144195225,631,My dough rises higher in first class.
2230,3686,1,7,64,72,1.125,0.043951442120546434,631,Much better than a bag of peanuts
2364,3686,1,7,64,72,1.125,0.043951442120546434,631,"If we go down, it has a 50 percent chance of surviving."
2819,3686,1,7,64,72,1.125,0.043951442120546434,631,"As I was saying, working in Business Intelligence is like making pizza. Allow me to demonstrate...By the way, my name is Larry Liang."
91,3686,0,9,63,72,1.125,0.039249114101422455,631,"Ah, I see, you also took your work with you on this flight. Meeting deadlines is exhausting, istn't it?"
2855,3686,0,9,63,72,1.125,0.039249114101422455,631,"Ah, experiential NYC travel. I get it. What’s next? Muggings for exact change only"
2872,3686,1,7,64,72,1.125,0.043951442120546434,631,I'm an aisle person so if you switch seats with me the pizza's on me.
445,3686,0,9,63,72,1.125,0.039249114101422455,631,I lost my laptop at baggage claim during my layover....
396,3686,0,9,63,72,1.125,0.039249114101422455,631,Never thought I'd join the mile pie club!
4759,3726,1,7,65,73,1.1232876712328768,0.043378995433789966,631,I guess you could call me the Rosie Ruiz of the pizza throwing contest.
5325,3726,0,9,64,73,1.1232876712328768,0.038745577051317676,631,You’re flying high with the pizza guy - think calming pizza thoughts.
317,3726,1,7,65,73,1.1232876712328768,0.043378995433789966,631,It's sort of a pie in the sky idea.
5188,3726,0,9,64,73,1.1232876712328768,0.038745577051317676,631,I'm trying to catch up with my tossing in the air.
3370,3726,1,7,65,73,1.1232876712328768,0.043378995433789966,631,"Hard to believe but that pizza is traveling
at more than 300 miles an hour."
2835,3726,2,5,66,73,1.1232876712328768,0.047563165881277764,631,"I discovered, just by chance, that if you toss pizza dough at 39,000 feet on a two-hour flight, it does wonders for the flavor."""
920,3726,1,7,65,73,1.1232876712328768,0.043378995433789966,631,"And since they switched to electric, I found a new use for the old locomotive boiler furnace."
1060,3733,2,5,67,74,1.1216216216216217,0.04694559031179952,631,"No, it's not gluten-free."
3611,3734,0,8,58,66,1.121212121212121,0.040481665913459045,631,"Yes, Gluten Free. Also very dry and tasteless."
3663,3734,2,4,60,66,1.121212121212121,0.05070666827479246,631,"It's called a ""pizza bomb"", want some?"
3716,3734,1,6,59,66,1.121212121212121,0.04587990563775582,631,"Have you flown before?  As long as I can keep this in the air, we'll be safe."
3752,3734,1,6,59,66,1.121212121212121,0.04587990563775582,631,"First Class likes their pizza fresh, but my galley got taken out so they could add twenty rows to coach."
3824,3734,1,6,59,66,1.121212121212121,0.04587990563775582,631,I work for the national high altitude testing station
4044,3734,0,8,58,66,1.121212121212121,0.040481665913459045,631,It helps to lower my stress levels.
4104,3734,1,6,59,66,1.121212121212121,0.04587990563775582,631,"My life coach said, ""No one is you and that is your super power."""
4330,3734,1,6,59,66,1.121212121212121,0.04587990563775582,631,"Hey, do you have any pepperoni? I left all of mine at my pizza shop."
4393,3734,0,8,58,66,1.121212121212121,0.040481665913459045,631,I'd rather make my own lunch.
3848,3734,1,6,59,66,1.121212121212121,0.04587990563775582,631,This is how New York style crust gets its “high” gluten.
3592,3734,2,4,60,66,1.121212121212121,0.05070666827479246,631,Ther say it’s the best way to make the perfect pizza
2781,3734,1,6,59,66,1.121212121212121,0.04587990563775582,631,The airline pays my way. As long as I can still throw a pizza they can still make the seats closer together.
3520,3734,2,4,60,66,1.121212121212121,0.05070666827479246,631,This is how I usually get an aisle seat. Hasn't worked yet.
3460,3734,0,8,58,66,1.121212121212121,0.040481665913459045,631,It's my latest technique to combat fear of flying.
3326,3734,0,8,58,66,1.121212121212121,0.040481665913459045,631,"By my calculations, it will come back down in row 32."
3249,3734,1,6,59,66,1.121212121212121,0.04587990563775582,631,"Oh!  Sorry, I thought you were an influencer ."
3237,3734,1,6,59,66,1.121212121212121,0.04587990563775582,631,Are you a member of the mile high pizza club?
3158,3734,1,6,59,66,1.121212121212121,0.04587990563775582,631,"INVEST NOW.  fresh pizza on a plane. 
OTC. FRPZA"
3078,3734,0,8,58,66,1.121212121212121,0.040481665913459045,631,These flights on Holloween can be a lot of fun
3067,3734,1,6,59,66,1.121212121212121,0.04587990563775582,631,"So I says, ""Hey! I'm walkin' here!"""
3039,3734,1,6,59,66,1.121212121212121,0.04587990563775582,631,The turbulence makes the dough rise easier when put in the oven.
3037,3734,0,8,58,66,1.121212121212121,0.040481665913459045,631,"I'm testing a new method for making dough rise."""
2712,3734,0,8,58,66,1.121212121212121,0.040481665913459045,631,I'm training.
2688,3734,0,8,58,66,1.121212121212121,0.040481665913459045,631,"Well, it has to be ready the minute we hit he tarmac!"
3574,3734,1,6,59,66,1.121212121212121,0.04587990563775582,631,Mr. Trump wanted a Chicago pizza.
4487,3734,1,6,59,66,1.121212121212121,0.04587990563775582,631,"Don't look at me, you can't keep a good dough down."
5125,3734,1,6,59,66,1.121212121212121,0.04587990563775582,631,I'm testing how much baking powder I need for the airiest crust!
4552,3734,1,6,59,66,1.121212121212121,0.04587990563775582,631,"Douth ""KNEEDS"" faster at higher levels."
5660,3734,0,8,58,66,1.121212121212121,0.040481665913459045,631,It's my business and I like to keep my hands in it.
5657,3734,0,8,58,66,1.121212121212121,0.040481665913459045,631,And they said opening a restaurant in midtown was a highflying idea…
5595,3734,0,8,58,66,1.121212121212121,0.040481665913459045,631,The only topping is little peanuts.
5567,3734,0,8,58,66,1.121212121212121,0.040481665913459045,631,When we descend really fast it stays up there.
5540,3734,1,6,59,66,1.121212121212121,0.04587990563775582,631,It's therapy -  my thoughts turn to flashbacks.
5415,3734,1,6,59,66,1.121212121212121,0.04587990563775582,631,"I know this looks silly, but it’s better than tossing my cookies..."
5412,3734,1,6,59,66,1.121212121212121,0.04587990563775582,631,I'm just a metaphor for your dead corporate job.
5349,3734,1,6,59,66,1.121212121212121,0.04587990563775582,631,So I told them: This will definitely rise high in the Dow ...
5270,3734,1,6,59,66,1.121212121212121,0.04587990563775582,631,They told me I needed more dough to fly in the first class section.
5254,3734,0,8,58,66,1.121212121212121,0.040481665913459045,631,Just thought balloons--the captions go under the seat cushions.
5253,3734,1,6,59,66,1.121212121212121,0.04587990563775582,631,It's easy once you get the dough through TSA.
5232,3734,1,6,59,66,1.121212121212121,0.04587990563775582,631,I learned a new recipe and it just took off!
5183,3734,0,8,58,66,1.121212121212121,0.040481665913459045,631,Mile high pie in the sky is my specialty.
4509,3734,2,4,60,66,1.121212121212121,0.05070666827479246,631,"Pardon, Do you have any grey poupon?"
5163,3734,0,8,58,66,1.121212121212121,0.040481665913459045,631,"If you want  pepperoni, see the guy in 19D."
5132,3734,1,6,59,66,1.121212121212121,0.04587990563775582,631,"Organophosphates, low cabin pressure, and the really sick dudes in Row 27 promote optimal fermentation of the yeast."
5129,3734,1,6,59,66,1.121212121212121,0.04587990563775582,631,"We have new pricing on our flights, it's called economy pizza'"
2679,3734,1,6,59,66,1.121212121212121,0.04587990563775582,631,They are better when tossed a mile high.
5096,3734,1,6,59,66,1.121212121212121,0.04587990563775582,631,I'm trying to prove the up here it's not exactly 3.1415359...
5030,3734,2,4,60,66,1.121212121212121,0.05070666827479246,631,But it's a therapist approved practice for combating my smartphone addiction..?
4999,3734,2,4,60,66,1.121212121212121,0.05070666827479246,631,"At 500 miles per hour, the dough doesn't need sugar."
4920,3734,1,6,59,66,1.121212121212121,0.04587990563775582,631,"You may think this is a pie in the sky idea, but this is the next big thing,  dough spinners!"
4914,3734,1,6,59,66,1.121212121212121,0.04587990563775582,631,the  moment i  saw you  i flipped over you
4887,3734,1,6,59,66,1.121212121212121,0.04587990563775582,631,"They tried to make me go to rehab, but I said... Dough! Dough! Dough!"
4869,3734,0,8,58,66,1.121212121212121,0.040481665913459045,631,my interview is in an hour.
4809,3734,0,8,58,66,1.121212121212121,0.040481665913459045,631,"I toss pizza, so I don't toss cookies."
4705,3734,1,6,59,66,1.121212121212121,0.04587990563775582,631,"So, what do you think of President Trump ?"
4608,3734,2,4,60,66,1.121212121212121,0.05070666827479246,631,I just don't know what the balance of tarmac hours vs. airborne hours will mean for the crust.
5135,3734,0,8,58,66,1.121212121212121,0.040481665913459045,631,We specialize in a light dough.
2673,3734,1,6,59,66,1.121212121212121,0.04587990563775582,631,I find that my dough rises faster at higher altitudes.
2996,3734,0,8,58,66,1.121212121212121,0.040481665913459045,631,"They said it was too ""pie in the sky""."
2632,3734,1,6,59,66,1.121212121212121,0.04587990563775582,631,Our pizza's have TSA approved dough.
1406,3734,0,8,58,66,1.121212121212121,0.040481665913459045,631,"Well, you know, people in Connecticut like pizza, too."
1079,3734,0,8,58,66,1.121212121212121,0.040481665913459045,631,"On such long flights, gotta do something with my hands..."
1076,3734,0,8,58,66,1.121212121212121,0.040481665913459045,631,You can't find better pizza between Princeton Junction and Newark.
1057,3734,1,6,59,66,1.121212121212121,0.04587990563775582,631,It's all about the Guinness Book of World Records.
1027,3734,0,8,58,66,1.121212121212121,0.040481665913459045,631,Mario said not to get come back until I had some serious training.
917,3734,1,6,59,66,1.121212121212121,0.04587990563775582,631,I'm running late for my next job.
911,3734,1,6,59,66,1.121212121212121,0.04587990563775582,631,Can you hand me the pepperoni while nobody is looking?
888,3734,0,8,58,66,1.121212121212121,0.040481665913459045,631,I thought I might replace my togue with this beret?  What do you  think
857,3734,1,6,59,66,1.121212121212121,0.04587990563775582,631,Inertia is a property of matter.
769,3734,0,8,58,66,1.121212121212121,0.040481665913459045,631,I’m throwing up pizza right here!
766,3734,1,6,59,66,1.121212121212121,0.04587990563775582,631,"So anyway, I got fired for cranking one into the marinara."
683,3734,0,8,58,66,1.121212121212121,0.040481665913459045,631,"I'm a one-man shop.  Not only do I make the pizza, I also deliver the pizza."
662,3734,0,8,58,66,1.121212121212121,0.040481665913459045,631,Let them know it's still  in the air.
492,3734,0,8,58,66,1.121212121212121,0.040481665913459045,631,It really does make a difference.
2657,3734,1,6,59,66,1.121212121212121,0.04587990563775582,631,"I'm the original "" Pie in the Sky"
420,3734,0,8,58,66,1.121212121212121,0.040481665913459045,631,What time does the plane land? My arm's getting tired.
330,3734,1,6,59,66,1.121212121212121,0.04587990563775582,631,I'm taking the pizza business to a higher level.
325,3734,1,6,59,66,1.121212121212121,0.04587990563775582,631,I get the freshest artichokes on the Central Coast.
195,3734,0,8,58,66,1.121212121212121,0.040481665913459045,631,"Air travel is such a great way to catch up on work, don’t you think?"
174,3734,2,4,60,66,1.121212121212121,0.05070666827479246,631,ho una pistola
111,3734,0,8,58,66,1.121212121212121,0.040481665913459045,631,It’s so hard to find affordable real estate these days.
81,3734,0,8,58,66,1.121212121212121,0.040481665913459045,631,"A Nigerian Prince rented me this space."""
79,3734,3,2,61,66,1.121212121212121,0.05511230963886662,631,My secret ingredients are turbulence and air rage.
57,3734,0,8,58,66,1.121212121212121,0.040481665913459045,631,"Aw shit, turbulence"
55,3734,1,6,59,66,1.121212121212121,0.04587990563775582,631,I’m hoping the International Date-Line voids our “30 minutes or less” policy
43,3734,1,6,59,66,1.121212121212121,0.04587990563775582,631,Because they charge extra for meals.
12,3734,1,6,59,66,1.121212121212121,0.04587990563775582,631,"It's sorta necessary, when you've run out of yeast."
1461,3734,1,6,59,66,1.121212121212121,0.04587990563775582,631,"Tossing pizza  dough at 35,000 feet makes the  pizza much more airy."
1513,3734,0,8,58,66,1.121212121212121,0.040481665913459045,631,"Hell is a choice.  
The same way happiness is."
482,3734,0,8,58,66,1.121212121212121,0.040481665913459045,631,The cabin pressure helps to produce very fine air bubbles in the dough.
1614,3734,2,4,60,66,1.121212121212121,0.05070666827479246,631,Feeling the descent always makes me toss my cookies.
1520,3734,0,8,58,66,1.121212121212121,0.040481665913459045,631,The food on this airline needs improvement
2544,3734,0,8,58,66,1.121212121212121,0.040481665913459045,631,They don't mind as long as you say it's an emotional support animal.
2515,3734,1,6,59,66,1.121212121212121,0.04587990563775582,631,"Underneath my optimistic exterior, deep down, I'm a realist."
2434,3734,0,8,58,66,1.121212121212121,0.040481665913459045,631,Cabin pressure pizzas are the latest food trend.
2376,3734,0,8,58,66,1.121212121212121,0.040481665913459045,631,Would you mind getting the anchovies from the overhead bin?
2336,3734,2,4,60,66,1.121212121212121,0.05070666827479246,631,How else am I supposed to get the dough to rise?
2216,3734,0,8,58,66,1.121212121212121,0.040481665913459045,631,I do it for The smiles.
2123,3734,3,2,61,66,1.121212121212121,0.05511230963886662,631,"If the plane is traveling at 600 miles an hour, how long does it take for this dough to hit my lap?"
2108,3734,1,6,59,66,1.121212121212121,0.04587990563775582,631,This is artisanal in coach.
2085,3734,0,8,58,66,1.121212121212121,0.040481665913459045,631,Practising how to flip. I’m on my way to audition for the movie: The Judge’s Hearing.”
2042,3734,1,6,59,66,1.121212121212121,0.04587990563775582,631,I have to follow the high altitude baking instructions.
2027,3734,1,6,59,66,1.121212121212121,0.04587990563775582,631,With our company when you order Italian style pizza you get Italian style pizza.
2024,3734,0,8,58,66,1.121212121212121,0.040481665913459045,631,To think I went to culinary school to be a chef and now it's all about fresh delivery.
2016,3734,2,4,60,66,1.121212121212121,0.05070666827479246,631,No worries- here I do best under pressure.
2590,3734,0,8,58,66,1.121212121212121,0.040481665913459045,631,I was told this flight would take 30 minutes or less.
1984,3734,0,8,58,66,1.121212121212121,0.040481665913459045,631,"Yes, it is surprising that the Culinary Institute requires field study about relative motion."
2005,3734,0,8,58,66,1.121212121212121,0.040481665913459045,631,"I started out flipping coins, playing 'Heads or Tails'. A summer of Frisbee tag. I've paid my dues."
1647,3734,1,6,59,66,1.121212121212121,0.04587990563775582,631,Emotional support pizza.
1672,3734,0,8,58,66,1.121212121212121,0.040481665913459045,631,It tell me what the cabin pressure is and when we approach turbulence.
1717,3734,0,8,58,66,1.121212121212121,0.040481665913459045,631,Sure they’ve more room to work up front but all that filo does your head in
1789,3734,1,6,59,66,1.121212121212121,0.04587990563775582,631,god you know what I just realized about 9/11? nobody talks about it but it totally killed the mile high club.
1810,3734,2,4,60,66,1.121212121212121,0.05070666827479246,631,I'm practicing for the highest pizza making toss.
488,3734,2,4,60,66,1.121212121212121,0.05070666827479246,631,Would you mind taking over while I check on the peanuts?
1951,3734,1,6,59,66,1.121212121212121,0.04587990563775582,631,It's really the only way to retain moisture...
1965,3734,1,6,59,66,1.121212121212121,0.04587990563775582,631,Sure. I practice eight hours a day.
1980,3734,2,4,60,66,1.121212121212121,0.05070666827479246,631,"And so I said ""you can take your keto and.."""
1634,3851,0,8,59,67,1.1194029850746268,0.039913905875911725,631,In a minute I'll introduce two more and juggle.
1699,3851,1,6,60,67,1.1194029850746268,0.045226141960648454,631,I never heard there was a deal with airline food
4441,3851,0,8,59,67,1.1194029850746268,0.039913905875911725,631,"If I slip and this hits you in the eye, that's amore."
1862,3851,1,6,60,67,1.1194029850746268,0.045226141960648454,631,I'm practicing for the world championship in Rome!
1988,3851,2,4,61,67,1.1194029850746268,0.04997687416213937,631,"No, we don’t have a peanut topping."
2050,3851,1,6,60,67,1.1194029850746268,0.045226141960648454,631,They just taste better when you make them up in the air up in the air.
2240,3851,2,4,61,67,1.1194029850746268,0.04997687416213937,631,"Well, Pistol Pete dribbled
to school every day."
4300,3851,1,6,60,67,1.1194029850746268,0.045226141960648454,631,Look up the recipe for peanut marinara.
2292,3851,2,4,61,67,1.1194029850746268,0.04997687416213937,631,My job is my life
2306,3851,1,6,60,67,1.1194029850746268,0.045226141960648454,631,"Oh me, oh my! I thought this was the audition for the newest reality TV show ""Cooks on a Plane!"""
4274,3851,1,6,60,67,1.1194029850746268,0.045226141960648454,631,"So my boss said ""get it really high up in the air"""
2420,3851,1,6,60,67,1.1194029850746268,0.045226141960648454,631,The Altitude helps with the rise of the Dough
2785,3851,0,8,59,67,1.1194029850746268,0.039913905875911725,631,The mile-high restaurant industry seemed easier to get into.
2829,3851,1,6,60,67,1.1194029850746268,0.045226141960648454,631,It's my companion dough.
3069,3851,0,8,59,67,1.1194029850746268,0.039913905875911725,631,"'I promised my father to take his""Flying Pizza"" business flying.'"
3130,3851,0,8,59,67,1.1194029850746268,0.039913905875911725,631,Outside of airplanes I am a GW Bush advisor - this is my Inside Job
5689,3851,1,6,60,67,1.1194029850746268,0.045226141960648454,631,"Well, doughn't you know?"
3661,3851,1,6,60,67,1.1194029850746268,0.045226141960648454,631,See how talented I am!  I would make a great husband...
1618,3851,0,8,59,67,1.1194029850746268,0.039913905875911725,631,"Don't worry, I don't need to switch to transmitting mode for another 30 minutes."
1441,3851,0,8,59,67,1.1194029850746268,0.039913905875911725,631,I actually work in banking. This is my emotional support vocation.
1376,3851,0,8,59,67,1.1194029850746268,0.039913905875911725,631,"In fact,  I do drive an airfare-romeo"
1107,3851,0,8,59,67,1.1194029850746268,0.039913905875911725,631,Super yeast
4591,3851,1,6,60,67,1.1194029850746268,0.045226141960648454,631,"It’s my ‘comfort food’. You know, like a ‘security blanket’, or an ‘emotional support pet’, OR A ‘CASUAL GAME’ !"
4756,3851,0,8,59,67,1.1194029850746268,0.039913905875911725,631,This is the closest seat I could get to the wood burning oven in the back.
5259,3851,1,6,60,67,1.1194029850746268,0.045226141960648454,631,They said I could take this plane if I brought a lot of dough.
5205,3851,0,8,59,67,1.1194029850746268,0.039913905875911725,631,... and we're thinking there's a real market for 'plane to table' bread.
4497,3851,0,8,59,67,1.1194029850746268,0.039913905875911725,631,I have a plane to table restaurant. It’s the next big thing.
4700,3851,1,6,60,67,1.1194029850746268,0.045226141960648454,631,I really love to fly but autopilot has allowed me to explore my other passions.
4745,3851,1,6,60,67,1.1194029850746268,0.045226141960648454,631,This will get me an entire row for just me and the Air Marshall.
5032,3851,1,6,60,67,1.1194029850746268,0.045226141960648454,631,How did you guess it was my first time to Rome?
5357,3851,1,6,60,67,1.1194029850746268,0.045226141960648454,631,The disguises can be crazy but Air Marshal's make pretty good dough
18,3851,0,8,59,67,1.1194029850746268,0.039913905875911725,631,Some people squeeze stress balls. I do this.
214,3851,1,6,60,67,1.1194029850746268,0.045226141960648454,631,"Idle hands are the devil’s work place. Plus, it’s the only way to assure a properly crispy crust."
369,3851,1,6,60,67,1.1194029850746268,0.045226141960648454,631,My wife told me to pursue my pie-in-the-sky ideas.
451,3851,0,8,59,67,1.1194029850746268,0.039913905875911725,631,The doctor said this would help me quit social media”
701,3851,1,6,60,67,1.1194029850746268,0.045226141960648454,631,"It rises better at 30,000 feet!"
713,3851,0,8,59,67,1.1194029850746268,0.039913905875911725,631,"Thank you, no one else seems to believe in a pie in the sky."
4875,3851,2,4,61,67,1.1194029850746268,0.04997687416213937,631,I'm the founder of Pizza Chefs with Boarders
805,3851,2,4,61,67,1.1194029850746268,0.04997687416213937,631,My wife hates when I bring work home with me.
1053,3851,1,6,60,67,1.1194029850746268,0.045226141960648454,631,Dough in flight
5662,3851,1,6,60,67,1.1194029850746268,0.045226141960648454,631,This is the roll-out of our new air delivery service.
722,3851,0,8,59,67,1.1194029850746268,0.039913905875911725,631,I'm an apprentice at cooking school...gotta' practice
3960,3851,1,6,60,67,1.1194029850746268,0.045226141960648454,631,It's a real conversation starter.
3819,3851,1,6,60,67,1.1194029850746268,0.045226141960648454,631,"The screen's a little small, but it has an i7 processor & 12 GB's of memory"
882,3895,1,6,61,68,1.1176470588235294,0.044590674528640815,631,The hard part was getting the pizza dough through airport security.
3692,3895,0,8,60,68,1.1176470588235294,0.039361741477541526,631,"Hot dog, pancake, pizza dough - in the giant scheme of things does it really matter?"
1897,3895,0,8,60,68,1.1176470588235294,0.039361741477541526,631,"Whopsee snitzerdoodle!
I can't believe they let me on this flight knowing how I feel about sausages."
461,3895,1,6,61,68,1.1176470588235294,0.044590674528640815,631,"Oh, I make enough to keep me comfortable."
3327,3899,2,4,63,69,1.1159420289855073,0.048578391679141936,631,We live in a society
1255,3899,1,6,62,69,1.1159420289855073,0.04397274927300527,631,Headed to a conference?
3651,3899,0,8,61,69,1.1159420289855073,0.03882454402978924,631,Just drawing attention to the fact that this coach individual seating space is too unreal.
2150,3899,1,6,62,69,1.1159420289855073,0.04397274927300527,631,This is why we call it our Personal Pan Pizza!
4467,3903,0,7,54,61,1.1147540983606556,0.04114721441970865,631,But I don't want his nose there....
4555,3904,1,6,63,70,1.1142857142857143,0.0433716527952698,631,It was a toss-up as to whether or not I would get on this flight.
302,3904,1,6,63,70,1.1142857142857143,0.0433716527952698,631,So what's the deal with airline food?
695,3906,0,7,56,63,1.1111111111111112,0.039912289339283334,631,It's my way of conquering fear of flying.
712,3906,1,5,57,63,1.1111111111111112,0.04588053629154694,631,We live in turbulent times!
1902,3906,0,7,56,63,1.1111111111111112,0.039912289339283334,631,Idle hands are the devil's last chance to make a pizza.
595,3906,1,5,57,63,1.1111111111111112,0.04588053629154694,631,Flour was the only way to board cocaine
1012,3906,0,7,56,63,1.1111111111111112,0.039912289339283334,631,"Why no,  I’m not afraid of flying.  Why do you ask?"
1898,3906,0,7,56,63,1.1111111111111112,0.039912289339283334,631,"Yes I know it annoying, but would you rather have a smelly, yapping service dog next you?"
1648,3906,1,5,57,63,1.1111111111111112,0.04588053629154694,631,"I can't control myself, there's a rat in my hat!"
1604,3906,1,5,57,63,1.1111111111111112,0.04588053629154694,631,Subscribe to mine. This is also going to be uploaded soon.
1129,3906,0,7,56,63,1.1111111111111112,0.039912289339283334,631,I’m aiming for a new world record— the higher you spin ostensibly the moister the crust...
1588,3906,0,7,56,63,1.1111111111111112,0.039912289339283334,631,"I'm just your subconscious mind, manifesting your fear of flying."
1587,3906,1,5,57,63,1.1111111111111112,0.04588053629154694,631,Pepperoni?
1154,3906,1,5,57,63,1.1111111111111112,0.04588053629154694,631,"I tried grilling on the subway, but that didn't get me anywhere."
1258,3906,2,3,58,63,1.1111111111111112,0.051157173304408075,631,The altitude makes it rise even higher.
1545,3906,0,7,56,63,1.1111111111111112,0.039912289339283334,631,"Like your support animal? Try a support pie. A lot less guilt after you eat it, except for the gluten."
1316,3906,1,5,57,63,1.1111111111111112,0.04588053629154694,631,I’m trying to break a record.
1454,3906,1,5,57,63,1.1111111111111112,0.04588053629154694,631,"I don't mind the commute, because the dough is good."
1370,3906,1,5,57,63,1.1111111111111112,0.04588053629154694,631,I'm sorry you feel inconvenienced.  I need my comfort food nearby wherever I fly
1971,3906,1,5,57,63,1.1111111111111112,0.04588053629154694,631,"Less gravity, more flavor."
603,3906,0,7,56,63,1.1111111111111112,0.039912289339283334,631,"Flying to Chicago is good, but flights to New York are better."
1366,3906,1,5,57,63,1.1111111111111112,0.04588053629154694,631,Normally I don't bring my work with me on the plane... but I needed the dough to pay for the flight.
1360,3906,0,7,56,63,1.1111111111111112,0.039912289339283334,631,I am hoping to top my previous world record.
1350,3906,0,7,56,63,1.1111111111111112,0.039912289339283334,631,Just wait until you see their tomato juice.
1346,3906,1,5,57,63,1.1111111111111112,0.04588053629154694,631,My therapist suggested I knead through my anxiety
2802,3906,0,7,56,63,1.1111111111111112,0.039912289339283334,631,Will that be thin crust or original
1319,3906,1,5,57,63,1.1111111111111112,0.04588053629154694,631,So great to have time to catch up on some work.
1576,3906,0,7,56,63,1.1111111111111112,0.039912289339283334,631,Having the dough flying in the air produces better pizza crust.
3549,3906,0,7,56,63,1.1111111111111112,0.039912289339283334,631,"If dinner had a lot of pesto, I always have this dream."
2102,3906,1,5,57,63,1.1111111111111112,0.04588053629154694,631,They say pancakes are lighter at altitude
2018,3906,0,7,56,63,1.1111111111111112,0.039912289339283334,631,I will be judging New York vs. Chicago pizza.  Going to be a real food fight.
2332,3906,1,5,57,63,1.1111111111111112,0.04588053629154694,631,"They said it takes a lot of dough to go this resort, so I'm prepared!"
155,3906,0,7,56,63,1.1111111111111112,0.039912289339283334,631,My pizzaaaaaaaaaaaa is fallllllling and so are we!
172,3906,1,5,57,63,1.1111111111111112,0.04588053629154694,631,I don't have to take anxiety meds this way.
2361,3906,0,7,56,63,1.1111111111111112,0.039912289339283334,631,Moments before the emergency landing on Lake Michigan.
2370,3906,1,5,57,63,1.1111111111111112,0.04588053629154694,631,I bet you thought you've had a slice of plane pizza before.
2402,3906,0,7,56,63,1.1111111111111112,0.039912289339283334,631,Everyone works on the dough nowadays
127,3906,1,5,57,63,1.1111111111111112,0.04588053629154694,631,They made me gate-check my oven.
2232,3906,1,5,57,63,1.1111111111111112,0.04588053629154694,631,"I still can't believe they bought it"" - Emotional Support Pizzama"
84,3906,0,7,56,63,1.1111111111111112,0.039912289339283334,631,The project I'm working on is up in the air at the moment.
253,3906,0,7,56,63,1.1111111111111112,0.039912289339283334,631,It's my emotional support pizza -- extra cheese.
60,3906,0,7,56,63,1.1111111111111112,0.039912289339283334,631,I work for the Mile High Pizza Palace.
2215,3906,1,5,57,63,1.1111111111111112,0.04588053629154694,631,"Yea, I'm sorry, we don't have a ""fresher"" lunch option then this."
592,3906,1,5,57,63,1.1111111111111112,0.04588053629154694,631,"Sorry, I'm a nervous tosser."
735,3906,1,5,57,63,1.1111111111111112,0.04588053629154694,631,I just can't stop throwing around my dough.
2649,3906,0,7,56,63,1.1111111111111112,0.039912289339283334,631,"And then if you cook it in oil, you've got a frying saucer."
2210,3906,0,7,56,63,1.1111111111111112,0.039912289339283334,631,Hold on to your laptop in case this goes through the ceiling.
2726,3906,0,7,56,63,1.1111111111111112,0.039912289339283334,631,"Oh, no, this is just a hobby. I'm a baker by trade."
2145,3906,1,5,57,63,1.1111111111111112,0.04588053629154694,631,Tell me if I'm boring you.
387,3906,1,5,57,63,1.1111111111111112,0.04588053629154694,631,I'm in the mile pie club.
2144,3906,1,5,57,63,1.1111111111111112,0.04588053629154694,631,I prefer to do it up here because the turbulence makes it much easier.
2736,3906,2,3,58,63,1.1111111111111112,0.051157173304408075,631,Welcome to my kitchen
462,3906,0,7,56,63,1.1111111111111112,0.039912289339283334,631,"They warned me about my muscle memory, but I didn't believe them until it was to late. Hopefully this vacation will help me to relax and forget."
2783,3906,1,5,57,63,1.1111111111111112,0.04588053629154694,631,"Nooooooo, they told me gravity would be less up here!"
2112,3906,0,7,56,63,1.1111111111111112,0.039912289339283334,631,Watch it stay up there when we dive.
2107,3906,0,7,56,63,1.1111111111111112,0.039912289339283334,631,"Could we switch; the isle seat is closer to the kitchen,"
956,3906,0,7,56,63,1.1111111111111112,0.039912289339283334,631,I hate it when they specifically ask for New York style pizza.
2564,3906,1,5,57,63,1.1111111111111112,0.04588053629154694,631,"Yeah, I'm going to tell him I want a divorce when we land."
929,3906,1,5,57,63,1.1111111111111112,0.04588053629154694,631,"You get the best protein formation at 35,000 feet."
1825,3906,0,7,56,63,1.1111111111111112,0.039912289339283334,631,"I actually wanted to be a pilot, but the real dough is in the restaurant business."
4963,3906,0,7,56,63,1.1111111111111112,0.039912289339283334,631,The Theory of Special Relativity...
5036,3906,0,7,56,63,1.1111111111111112,0.039912289339283334,631,It saves time when people on flights ask me what I do for a crust!
5027,3906,2,3,58,63,1.1111111111111112,0.051157173304408075,631,"Your first personal pan pizza is free. After that, it's $25 for each full-size carry-out."""
4981,3906,0,7,56,63,1.1111111111111112,0.039912289339283334,631,I call it my stuffed sausage Cordon JetBleu
2895,3906,0,7,56,63,1.1111111111111112,0.039912289339283334,631,I always take some dough with me.
4677,3906,0,7,56,63,1.1111111111111112,0.039912289339283334,631,Sometimes I just crave a little peace and quiet.
3005,3906,1,5,57,63,1.1111111111111112,0.04588053629154694,631,I have so much work to catch dough with on this flight.
4699,3906,1,5,57,63,1.1111111111111112,0.04588053629154694,631,I going to a job interview at 'Pizza Perfect'.
3577,3906,0,7,56,63,1.1111111111111112,0.039912289339283334,631,Paul Hollywood is my hero.
4970,3906,0,7,56,63,1.1111111111111112,0.039912289339283334,631,Flying gives me the time to catch up on work.
4353,3906,0,7,56,63,1.1111111111111112,0.039912289339283334,631,The oven guy got upgraded to first class...
4753,3906,0,7,56,63,1.1111111111111112,0.039912289339283334,631,"President Trump LOVES his High Altitude Pizza, but; Air Force 1 is broke down!"
3621,3906,0,7,56,63,1.1111111111111112,0.039912289339283334,631,"Yeah, a little longer high altitude."
4784,3906,1,5,57,63,1.1111111111111112,0.04588053629154694,631,I’m an accomplished chef. I resent being called a Flipper
4933,3906,0,7,56,63,1.1111111111111112,0.039912289339283334,631,I’m pulling an all-nighter for my exam tomorrow at Universita  Della Pizza a Roma
4924,3906,0,7,56,63,1.1111111111111112,0.039912289339283334,631,When we’re at our cruising altitude I just use more water and less baking soda - works great!
4786,3906,2,3,58,63,1.1111111111111112,0.051157173304408075,631,It's the only way to get it to you in 30 mins or less.
3699,3906,1,5,57,63,1.1111111111111112,0.04588053629154694,631,This is how my parents met.
4295,3906,0,7,56,63,1.1111111111111112,0.039912289339283334,631,I have different ideas about making dough.
4884,3906,1,5,57,63,1.1111111111111112,0.04588053629154694,631,I've been accepted at the 'Pizza Tuscany' Culinary School!
4258,3906,1,5,57,63,1.1111111111111112,0.04588053629154694,631,My mother never let me have gluten as a child.
4127,3906,0,7,56,63,1.1111111111111112,0.039912289339283334,631,"If there's not enough for everyone, there's not enough for you."
4812,3906,1,5,57,63,1.1111111111111112,0.04588053629154694,631,So the contest is for the highest tossed pizza.
4076,3906,1,5,57,63,1.1111111111111112,0.04588053629154694,631,Where are my thumbs?
4035,3906,0,7,56,63,1.1111111111111112,0.039912289339283334,631,"If you trade seats with me, I’ll give you some dough."
3777,3906,0,7,56,63,1.1111111111111112,0.039912289339283334,631,How did you get that thing through security?
3997,3906,0,7,56,63,1.1111111111111112,0.039912289339283334,631,Care for some pie in the sky?
3946,3906,1,5,57,63,1.1111111111111112,0.04588053629154694,631,"But between you and me, the real reason I became an air marshal is to make some extra dough on the weekends."
5042,3906,1,5,57,63,1.1111111111111112,0.04588053629154694,631,"Trust me lady, you don't want a pizza this."
2828,3906,0,7,56,63,1.1111111111111112,0.039912289339283334,631,Every pizza dreams of being a frisbee
5062,3906,0,7,56,63,1.1111111111111112,0.039912289339283334,631,The elevation really lets the dough rise more effectively
5171,3906,0,7,56,63,1.1111111111111112,0.039912289339283334,631,"They'll microwave it for me, but cheese is 25 bucks."
809,3906,1,5,57,63,1.1111111111111112,0.04588053629154694,631,"If you want someone to make you one with everything, talk to the pilot."
788,3906,1,5,57,63,1.1111111111111112,0.04588053629154694,631,Airplane food. What's up with that?
4663,3906,0,7,56,63,1.1111111111111112,0.039912289339283334,631,"Sorry Miss, I'm just trying to make extra dough."
785,3906,0,7,56,63,1.1111111111111112,0.039912289339283334,631,"You’ve probably read about it: the 30,000 foot pizza toss!"
3221,3906,2,3,58,63,1.1111111111111112,0.051157173304408075,631,Dough rises at this altitude.
5104,3906,0,7,56,63,1.1111111111111112,0.039912289339283334,631,"I convinced the airline, that by installing a wood fired pizza oven, I would  make them more dough."
2833,3906,0,7,56,63,1.1111111111111112,0.039912289339283334,631,I just can't seem to get away from my job......
3206,3906,0,7,56,63,1.1111111111111112,0.039912289339283334,631,This way I'm not charged for a 2nd carry on.
5569,3906,1,5,57,63,1.1111111111111112,0.04588053629154694,631,"Yes, ma'am...it is pie in the sky!"
5243,3906,0,7,56,63,1.1111111111111112,0.039912289339283334,631,I prefer to cook in a low-pressure environment.
5252,3906,0,7,56,63,1.1111111111111112,0.039912289339283334,631,"They said in would levitate
once where'er off the ground."
5512,3906,1,5,57,63,1.1111111111111112,0.04588053629154694,631,"The 7:34 is *always* late, so I have to make the best of it."
3575,3906,0,7,56,63,1.1111111111111112,0.039912289339283334,631,Another good month and I'll have enough dough for first class.
5545,3906,0,7,56,63,1.1111111111111112,0.039912289339283334,631,I only have to put it away for landing if its an electronic device.
5530,3906,0,7,56,63,1.1111111111111112,0.039912289339283334,631,Mine is a niche profession.
5631,3906,1,5,57,63,1.1111111111111112,0.04588053629154694,631,I realize my upgrade attempt was just pie in the sky.
3419,4012,1,5,58,64,1.109375,0.045191323330536354,631,"Yes, it's gluten free."
3710,4012,1,5,58,64,1.109375,0.045191323330536354,631,With all your dough you should be traveling in first class.
3609,4012,1,5,58,64,1.109375,0.045191323330536354,631,I actually chose this gig over Air Force One.
2396,4012,0,7,57,64,1.109375,0.039322054350368486,631,"I mean, this is only a temporary gig until I graduate from Harvard."
1274,4012,0,7,57,64,1.109375,0.039322054350368486,631,The recipe asked for plain flower.
381,4012,0,7,57,64,1.109375,0.039322054350368486,631,I just like the flexibility of freelancing...
123,4012,0,7,57,64,1.109375,0.039322054350368486,631,NASA rejected my space shuttle research in zero-G pizza technology.
4302,4012,0,7,57,64,1.109375,0.039322054350368486,631,I didn't think I was bothering anybody...
427,4020,1,5,59,65,1.1076923076923078,0.04452244962611625,631,Is Wi-Fi available yet?  I always forget the next step.
2311,4020,1,5,59,65,1.1076923076923078,0.04452244962611625,631,small business trip
3231,4020,0,7,58,65,1.1076923076923078,0.038748926306942086,631,Why can't I ever meet a guy who isn't all about himself?
1503,4020,1,5,59,65,1.1076923076923078,0.04452244962611625,631,"Crust ...crispy, crunchy or filled with cheese? The subway rats prefer it crispy, I like it crunchy; but, the 'high-flying-sky rats' -in First Class- prefer cheesy crust as they nibble it with spilled champagne! Lessens the jet-lag!"
470,4024,1,5,60,66,1.106060606060606,0.04387303082685012,631,I honed my technique on a small start-up airline.
3816,4025,0,6,52,58,1.103448275862069,0.04033776909417944,631,I've always had a big weenie
246,4026,0,6,53,59,1.1016949152542372,0.03968693424047915,631,Where did you think self rising dough came from?
4099,4027,0,6,54,60,1.1,0.03905667329424718,631,They wouldn't give me a Kosher diet.
4297,4027,0,6,54,60,1.1,0.03905667329424718,631,I have a fear of not pieing.
3394,4027,0,6,54,60,1.1,0.03905667329424718,631,Do you think if I put extra pineapples they'll let me move to first class?
4199,4027,0,6,54,60,1.1,0.03905667329424718,631,"Fortunately, the train arrives preheated."
3404,4027,1,4,55,60,1.1,0.04572084295183095,631,"One of the passengers on an otherwise-mundane flight is tossing pizza dough. He is dressed as a chef and would look right-at-home in a pizza kitchen, but it is a very atypical in-flight pastime...to humorous effect! (Actually he would be arrested)"
4164,4027,0,6,54,60,1.1,0.03905667329424718,631,It's the yeast they could do!
3470,4027,1,4,55,60,1.1,0.04572084295183095,631,I have always found the higher the dough is tossed the better the crust.
3517,4027,0,6,54,60,1.1,0.03905667329424718,631,I'm applying for an executive chef position on the Trump's USA Space Force. This is my Rocket-man's flying saucer pizza.
3593,4027,0,6,54,60,1.1,0.03905667329424718,631,Feeding people helps suppress my fear of flying.
3599,4027,0,6,54,60,1.1,0.03905667329424718,631,I just need somewhere to prep where i won't disturb anyone.
4161,4027,0,6,54,60,1.1,0.03905667329424718,631,"You can dress it with toppings and call it a pizza, but it's still mansplaining."
4149,4027,0,6,54,60,1.1,0.03905667329424718,631,They told me to toss it as high as possible...
3665,4027,1,4,55,60,1.1,0.04572084295183095,631,"The dough has to rise 30,000 feet."
4145,4027,0,6,54,60,1.1,0.03905667329424718,631,I guess it was pretty pie in the sky for me to think I 'd have a work free vacation.
4141,4027,1,4,55,60,1.1,0.04572084295183095,631,"I’m starting a “mile high”, pizza club."
3832,4027,0,6,54,60,1.1,0.03905667329424718,631,They say tossing it high reduces moisture.
4119,4027,1,4,55,60,1.1,0.04572084295183095,631,All this diligence inspires me.
3911,4027,1,4,55,60,1.1,0.04572084295183095,631,"My work informs everything I do. For instance, if the dough here were to just hang in the air? It'd mean I'll be seeing my dear great aunt really soon."
4082,4027,1,4,55,60,1.1,0.04572084295183095,631,"Actually, I'm training to be a pilot."
4103,4027,1,4,55,60,1.1,0.04572084295183095,631,I wouldn't look so stupid if customs didn't confiscate my marinara.
4320,4027,1,4,55,60,1.1,0.04572084295183095,631,"No matter how you slice it, this is much better that a support peacock.”"
5047,4027,0,6,54,60,1.1,0.03905667329424718,631,"My favorite tune is Bruno Mars' Uptown Funk:  ""dough, dough dough dough dough dough dough dough ,dough""






s"
4432,4027,1,4,55,60,1.1,0.04572084295183095,631,My therapist  says I need to work on leaving work at work.
5200,4027,1,4,55,60,1.1,0.04572084295183095,631,They told me I couldn't fly dough.
5247,4027,0,6,54,60,1.1,0.03905667329424718,631,"Well, this is business class, and I am in the pizza business..."
5280,4027,1,4,55,60,1.1,0.04572084295183095,631,So sauce and cheese? That kind of plain?
5332,4027,1,4,55,60,1.1,0.04572084295183095,631,You got my e-mail to turn and look!
5362,4027,1,4,55,60,1.1,0.04572084295183095,631,"“Alexa, are the ovens hot?”"
5383,4027,0,6,54,60,1.1,0.03905667329424718,631,"No, I work in a Thai restaurant. This helps bring some sense of normalcy to a life addicted to fidget spinners."
5159,4027,0,6,54,60,1.1,0.03905667329424718,631,For years I was told my ideas were pie in the sky and I've finally made it.
5449,4027,1,4,55,60,1.1,0.04572084295183095,631,"Yes, you just have to knock it around a couple times then lock it in the overhead for a couple hours. I call it the ""friendly skies loaf""."
5472,4027,0,6,54,60,1.1,0.03905667329424718,631,"I didn't say less gravy,I said less gravity"
5480,4027,0,6,54,60,1.1,0.03905667329424718,631,The TSA wouldn't let me bring the finished pie through security.
5620,4027,0,6,54,60,1.1,0.03905667329424718,631,The floppy disk is back!
5636,4027,0,6,54,60,1.1,0.03905667329424718,631,"We're working out a new format for serving meals in coach, like saving on the cost of a kitchen"
5670,4027,0,6,54,60,1.1,0.03905667329424718,631,"Pizza maker? No, I don't have a girlfriend, so this keeps my wrists strong."
3363,4027,1,4,55,60,1.1,0.04572084295183095,631,"The vegetarian options are usually pretty limited, so I like to bring my own food."
5460,4027,0,6,54,60,1.1,0.03905667329424718,631,The man in 16D needs a seat belt extender.
4321,4027,0,6,54,60,1.1,0.03905667329424718,631,Why waste time.
5090,4027,0,6,54,60,1.1,0.03905667329424718,631,The radiation improves the flavor
5006,4027,0,6,54,60,1.1,0.03905667329424718,631,"No worries, Newton’s laws will flatten his toupee and end his ogling; BTW are you free for dinner?"
4465,4027,1,4,55,60,1.1,0.04572084295183095,631,So then congress passed a law that said Flight Marshalls oughta make use of themselves. Would you like deep dish or thin crust?
4466,4027,0,6,54,60,1.1,0.03905667329424718,631,"Excuse me, you wouldn't have any extra anchovies on you, would you?... a brick oven, perhaps?"
4483,4027,0,6,54,60,1.1,0.03905667329424718,631,The pilot made me put this on for some reason.
4541,4027,1,4,55,60,1.1,0.04572084295183095,631,It's the latest craze in the Hamptons.
4682,4027,0,6,54,60,1.1,0.03905667329424718,631,I’m competing in the pizza tournament in Brooklyn tomorrow.
4731,4027,1,4,55,60,1.1,0.04572084295183095,631,I’m planning on opening a chain of Pizz”Air”eras so I guess you could say with this flight I’m running a “pilot...”
5077,4027,0,6,54,60,1.1,0.03905667329424718,631,#planebae
4738,4027,0,6,54,60,1.1,0.03905667329424718,631,Just WAIT 'til I put the sauce on.
4797,4027,0,6,54,60,1.1,0.03905667329424718,631,I’’m on my way to America to teach the art of making superb  Russian pizza
4828,4027,0,6,54,60,1.1,0.03905667329424718,631,Visiting Italy has changed my life!
4861,4027,2,2,56,60,1.1,0.05153025549750767,631,It's my secret for making perfectly risen dough at my beachside pizzeria.
4873,4027,0,6,54,60,1.1,0.03905667329424718,631,I find that it rises faster this way.
4918,4027,1,4,55,60,1.1,0.04572084295183095,631,Look... my dough is flying.
4927,4027,2,2,56,60,1.1,0.05153025549750767,631,I like to roll with the bunch
4755,4027,0,6,54,60,1.1,0.03905667329424718,631,My hand-tossed device allows me to work remotely.
3349,4027,0,6,54,60,1.1,0.03905667329424718,631,It was time to make the donuts
4331,4027,2,2,56,60,1.1,0.05153025549750767,631,This way it gets extra leavening from the recirculated plane air.
3279,4027,0,6,54,60,1.1,0.03905667329424718,631,Call me Captain.
150,4027,2,2,56,60,1.1,0.05153025549750767,631,i love me a pizza
100,4027,0,6,54,60,1.1,0.03905667329424718,631,They stopped allowing my service peacock so I do this now.
45,4027,1,4,55,60,1.1,0.04572084295183095,631,It’s funny how we all bring our work on vacation.
38,4027,0,6,54,60,1.1,0.03905667329424718,631,I can do this only when seatbacks are upright.
8,4027,0,6,54,60,1.1,0.03905667329424718,631,Don’t feel like eating pretzels today.
946,4027,1,4,55,60,1.1,0.04572084295183095,631,I guess Newton eas right about his First Law of Motion
958,4027,0,6,54,60,1.1,0.03905667329424718,631,"Well, apparently customers weren't buying the 'master chef' descriptions on there in-flight meal selections, sooo..."
992,4027,2,2,56,60,1.1,0.05153025549750767,631,The competition starts tomorrow so I have to practise right up until we land.
998,4027,1,4,55,60,1.1,0.04572084295183095,631,I am in training for the Doughboy Olympics.
1034,4027,1,4,55,60,1.1,0.04572084295183095,631,"Hot and ready order for Tokyo, why?"
1036,4027,0,6,54,60,1.1,0.03905667329424718,631,It's my one wish before dying.
1111,4027,0,6,54,60,1.1,0.03905667329424718,631,Get Me Back To The Kitchen!
666,4027,0,6,54,60,1.1,0.03905667329424718,631,"Really though, where else would airplane pretzels come from?"
1156,4027,0,6,54,60,1.1,0.03905667329424718,631,They rise faster when they're high.
1198,4027,0,6,54,60,1.1,0.03905667329424718,631,I just want to see how high it can rise.
1199,4027,1,4,55,60,1.1,0.04572084295183095,631,"Yes ma'am, this qualifies me for insurance as a full-time worker"
1343,4027,0,6,54,60,1.1,0.03905667329424718,631,"I dream of becoming a pilot one day, but that's just a pie in the sky."
1439,4027,0,6,54,60,1.1,0.03905667329424718,631,"Certainly, getting the flour through customs is a challenge, but pizza’s a natural fit for economy."
1480,4027,1,4,55,60,1.1,0.04572084295183095,631,You got tomatoes?
1652,4027,1,4,55,60,1.1,0.04572084295183095,631,I know - I can't escape from work these days either!
1664,4027,1,4,55,60,1.1,0.04572084295183095,631,Wanna trade for that aisle seat?
1666,4027,0,6,54,60,1.1,0.03905667329424718,631,I want my resume to read: Head Chef of Mars.
1686,4027,0,6,54,60,1.1,0.03905667329424718,631,Freaky fast delivery: Naples to New York.
168,4027,1,4,55,60,1.1,0.04572084295183095,631,My cellphone died.
934,4027,1,4,55,60,1.1,0.04572084295183095,631,"I am testing to see if gravity at 30,000 feet affects the dough differently than at sea level."
197,4027,0,6,54,60,1.1,0.03905667329424718,631,"I wanted to fly first-class, but I didn't have the dough."
221,4027,0,6,54,60,1.1,0.03905667329424718,631,"thats a spicy meatball""says a passenger

""actually this a sausage pizza the next one will be a meatball"" says pizza ma"
778,4027,1,4,55,60,1.1,0.04572084295183095,631,How else am I supposed to get a nice rise?
3323,4027,1,4,55,60,1.1,0.04572084295183095,631,It's important to let the dough rise
779,4027,0,6,54,60,1.1,0.03905667329424718,631,It's simple. More dough for First Class means more dough for you.
797,4027,0,6,54,60,1.1,0.03905667329424718,631,"AYYYY, a pizza pie!"
615,4027,1,4,55,60,1.1,0.04572084295183095,631,I am an analog nomad...
614,4027,0,6,54,60,1.1,0.03905667329424718,631,It's our new version of Pizza Hawaii - Authentic Style.
576,4027,1,4,55,60,1.1,0.04572084295183095,631,The dough is rising and going international.
531,4027,0,6,54,60,1.1,0.03905667329424718,631,"The pilot's called: Dough at 35,000 feet."
808,4027,0,6,54,60,1.1,0.03905667329424718,631,I would never be one of those people who brought cooked food on a plane
814,4027,1,4,55,60,1.1,0.04572084295183095,631,I think I'll call this one Rosemary's Baby
819,4027,1,4,55,60,1.1,0.04572084295183095,631,I get the extra legroom so I can work on the plane.
1729,4027,0,6,54,60,1.1,0.03905667329424718,631,"Well, it's not like I'd bake it before delivering, it would get cold."
847,4027,1,4,55,60,1.1,0.04572084295183095,631,"I'm sorry, my pizza making skills will not survive a a non-stop flight to Australia."
483,4027,0,6,54,60,1.1,0.03905667329424718,631,"No, I was actually in town for a computer engineering conference."
458,4027,0,6,54,60,1.1,0.03905667329424718,631,"Its my YouTube Channel 
""Cooking with Tony on the train"""
848,4027,0,6,54,60,1.1,0.03905667329424718,631,"When the bank told me my dream of opening a pizzeria was just pie in the sky, I didn't think they meant it literally."
456,4027,1,4,55,60,1.1,0.04572084295183095,631,Working calms me.
881,4027,0,6,54,60,1.1,0.03905667329424718,631,Pizza for everybody...
421,4027,1,4,55,60,1.1,0.04572084295183095,631,"Up high, in the sky!"
407,4027,0,6,54,60,1.1,0.03905667329424718,631,"I, just like everyone else, like to get work done on their commute and I do not appreciate your judgement on my craft."
933,4027,0,6,54,60,1.1,0.03905667329424718,631,The secret to my pizza is turbulence
401,4027,1,4,55,60,1.1,0.04572084295183095,631,"Hey, could you quickly google “pizza aeroplaneo” recipe for me, please?"
370,4027,0,6,54,60,1.1,0.03905667329424718,631,The higher-ups also think I should use my travel time for work.
254,4027,0,6,54,60,1.1,0.03905667329424718,631,"Are you traveling for work as well?

-or-

I can’t bring my knitting needles anymore, so..."
508,4027,1,4,55,60,1.1,0.04572084295183095,631,Until now being a cook at Pie-In-The-Sky Pizza was just a fantasy!
1747,4027,1,4,55,60,1.1,0.04572084295183095,631,"Altitude does amazing changes in the dough's attitude, you know."
1137,4027,0,6,54,60,1.1,0.03905667329424718,631,I’m trying to make it somewhere in between Chicago and New York.
1787,4027,1,4,55,60,1.1,0.04572084295183095,631,"Most people just get it on the side, but this couple insisted on having it plane"
2324,4027,1,4,55,60,1.1,0.04572084295183095,631,"Oh stewardess, is the pizza sauce complimentary?"
1766,4027,0,6,54,60,1.1,0.03905667329424718,631,I hope plain pizza is okay.  I had to leave the sausage and peppers with security.
2436,4027,0,6,54,60,1.1,0.03905667329424718,631,It's the secret to my rising crust.
2456,4027,0,6,54,60,1.1,0.03905667329424718,631,"Remember to knead your own dull first, before helping others"""
2470,4027,0,6,54,60,1.1,0.03905667329424718,631,The food on the airplane is so bad. Would you like some hand-made pizza?
2497,4027,1,4,55,60,1.1,0.04572084295183095,631,"I changed careers to reduce my stress, but I can't seem to break the habit of working on my commute!"
2519,4027,0,6,54,60,1.1,0.03905667329424718,631,"I  flew coach to save some dough."""
2520,4027,0,6,54,60,1.1,0.03905667329424718,631,"I just couldn’t learn to juggle, so..."
2579,4027,0,6,54,60,1.1,0.03905667329424718,631,"""Nomophobia."
2598,4027,1,4,55,60,1.1,0.04572084295183095,631,I make my own pretzels.
2601,4027,0,6,54,60,1.1,0.03905667329424718,631,I’m training to become a comfort chef.
2603,4027,1,4,55,60,1.1,0.04572084295183095,631,I think I finally nailed my high altitude pizza recipe.
2610,4027,0,6,54,60,1.1,0.03905667329424718,631,"Coming soon in a cinema near you:
Pizza Hot Shots!"
2707,4027,0,6,54,60,1.1,0.03905667329424718,631,We make your pie in the sky dreams come true. Same day delivery. Guaranteed.
2715,4027,0,6,54,60,1.1,0.03905667329424718,631,I'm a time traveler from the good 'ol days here to demonstrate that flying was once a carefree pleasure.
2760,4027,1,4,55,60,1.1,0.04572084295183095,631,I'm competing for the world's highest pizza toss.
2840,4027,1,4,55,60,1.1,0.04572084295183095,631,Well. It's quite than a fidget spinner.
3223,4027,1,4,55,60,1.1,0.04572084295183095,631,THEY say the secret is the water...
3213,4027,1,4,55,60,1.1,0.04572084295183095,631,"We call it the '""Volcano Hawaiian'"", and it's blackened to a crisp..."
3205,4027,0,6,54,60,1.1,0.03905667329424718,631,they didn't know how high I could fly
3161,4027,0,6,54,60,1.1,0.03905667329424718,631,I'm hoping to join the mile pie club?
3136,4027,1,4,55,60,1.1,0.04572084295183095,631,"It’s a space experiment.  Unfortunately, NASA turned me down."
3100,4027,1,4,55,60,1.1,0.04572084295183095,631,The chef told me to keep it in the air all the way to Naples
2322,4027,0,6,54,60,1.1,0.03905667329424718,631,"You know, not using headphones on a plane can be a bit distracing."""
3079,4027,0,6,54,60,1.1,0.03905667329424718,631,I’ve got 30 mintes to get the pizzas ready for 250 passengers!
2995,4027,0,6,54,60,1.1,0.03905667329424718,631,I just couldn't pass up that low fare.
2973,4027,0,6,54,60,1.1,0.03905667329424718,631,I'm practicing for my show.
2965,4027,0,6,54,60,1.1,0.03905667329424718,631,"So, let me tell you about New York City real estate prices ..."
2950,4027,0,6,54,60,1.1,0.03905667329424718,631,Sorry. On Alitalia we only deliver to First Class
2943,4027,1,4,55,60,1.1,0.04572084295183095,631,It's my speciality....pizza dough in the shape of a hotdog.
2890,4027,0,6,54,60,1.1,0.03905667329424718,631,My goal for next year is to shorten my commute to the restaurant.
3064,4027,0,6,54,60,1.1,0.03905667329424718,631,Everything is getting thrown around.
2307,4027,0,6,54,60,1.1,0.03905667329424718,631,Do you think they have an oven on this plane?
2416,4027,0,6,54,60,1.1,0.03905667329424718,631,"If it's Tuesday, it will be the French baking show."
2179,4027,0,6,54,60,1.1,0.03905667329424718,631,Trying out for the CEO job in Detroit for Papa John's!
2130,4027,1,4,55,60,1.1,0.04572084295183095,631,"It’s ‘turbulence tossed,’ and this is the only route I get any consistency."
2156,4027,0,6,54,60,1.1,0.03905667329424718,631,"It's my ""pie in the sky""crust!"
2168,4027,1,4,55,60,1.1,0.04572084295183095,631,Next I sit both cheeks for extra large pizza.
2175,4027,1,4,55,60,1.1,0.04572084295183095,631,"Yes, it's hand-tossed, unlike the #MeToo scandals."
1961,4027,1,4,55,60,1.1,0.04572084295183095,631,I kneaded a creative new way to make some dough so....
2181,4027,1,4,55,60,1.1,0.04572084295183095,631,"I get nostalgic for the days I could practice my 12"" pizza crusts."
2195,4027,1,4,55,60,1.1,0.04572084295183095,631,I've actually done this before. My probation ended last week.
2121,4027,0,6,54,60,1.1,0.03905667329424718,631,"Toss 'em an idea!  It may come full circle."""
2293,4027,0,6,54,60,1.1,0.03905667329424718,631,It's my special approach to leavening.  The altitude makes it wonderfully light.
1994,4027,0,6,54,60,1.1,0.03905667329424718,631,They say practice makes perfect.
1799,4027,1,4,55,60,1.1,0.04572084295183095,631,I want to make sure that it rises.
2297,4027,0,6,54,60,1.1,0.03905667329424718,631,It's for emotional support. My cat doesn't like to fly.
2294,4027,0,6,54,60,1.1,0.03905667329424718,631,It’s a ninety minute commute.  I either do this or be an internet troll.
1823,4027,0,6,54,60,1.1,0.03905667329424718,631,"The possibility of an adjacent empty seat
always triggers my anxiety."
2296,4027,0,6,54,60,1.1,0.03905667329424718,631,I wouldn't touch the bread rolls they give us.
1845,4027,0,6,54,60,1.1,0.03905667329424718,631,Now what are the chances of there being a brick oven on here?
1943,4027,1,4,55,60,1.1,0.04572084295183095,631,Practice is key for finely tossed pizza dough ‘care to participate?’
1947,4027,0,6,54,60,1.1,0.03905667329424718,631,"Hey, soon as the captain cranks up the cabin temp to four-fifty, we'll be in Pizza Heaven!"
4350,4194,0,6,55,61,1.098360655737705,0.038446030818224834,631,"I notice others working in flight, so I thought, why 
not?"
223,4194,0,6,55,61,1.098360655737705,0.038446030818224834,631,"I'd like to open my own place, but right now it's just pie in the sky."
411,4194,0,6,55,61,1.098360655737705,0.038446030818224834,631,Two more hours and I’m in the Guinness World Book for airborne pizza tossing.
697,4194,0,6,55,61,1.098360655737705,0.038446030818224834,631,"Convenient, yes; but, not better than delivery."
3228,4194,1,4,56,61,1.098360655737705,0.04499494830653312,631,Amazon has a radical new approach to the international pizza market.
3548,4194,0,6,55,61,1.098360655737705,0.038446030818224834,631,How would I know if the meals are fresh?
4251,4194,0,6,55,61,1.098360655737705,0.038446030818224834,631,Apologies in advance if you get dusted with flour from my comfort dough.
4265,4194,0,6,55,61,1.098360655737705,0.038446030818224834,631,So Google says I'm a Pizzaiolo?  Ha!  The guy behind us says I'm a nut; shows you how little he knows!
4965,4194,0,6,55,61,1.098360655737705,0.038446030818224834,631,"My dad just won't listen to me, this is the only way I can do to get his attention."
3727,4194,2,2,57,61,1.098360655737705,0.050704964850981624,631,I'm nervous.
2573,4204,0,6,56,62,1.096774193548387,0.03785410929280441,631,Airier this way.
1064,4204,0,6,56,62,1.096774193548387,0.03785410929280441,631,"I’m like everybody else, I have work to get done today."
1264,4204,0,6,56,62,1.096774193548387,0.03785410929280441,631,Tossing an extra mile up gets the pizza just right.
1382,4204,1,4,57,62,1.096774193548387,0.0442916958370775,631,It’s not real dough.  I’m working on my wrist streanth.
1824,4204,0,6,56,62,1.096774193548387,0.03785410929280441,631,The overhead bins were full.
4048,4204,0,6,56,62,1.096774193548387,0.03785410929280441,631,"if you were born with the weakness to fall
you were born with the strength to rise

-rupi kaur"
2280,4204,0,6,56,62,1.096774193548387,0.03785410929280441,631,"I read that Roger Federer beat a tennis ball wherever at all times as a child.  It’s taking me longer, but I will be the GOAT in the pizza world."
5358,4211,1,3,51,55,1.0909090909090908,0.04694525268130203,631,"So I can claim my crusts were tossed 30,000 feet in the air."
5217,4211,0,5,50,55,1.0909090909090908,0.03912104390108503,631,Pie in the Sky. We are the airline's on-time-arrivals consultant.
5082,4211,1,3,51,55,1.0909090909090908,0.04694525268130203,631,It's cool! Observe the physics of how the dough travels through the air.
5031,4211,0,5,50,55,1.0909090909090908,0.03912104390108503,631,I'm not very confident about this interview in Rome... I can't help thinking my dream job is just pie in the sky.
4991,4211,1,3,51,55,1.0909090909090908,0.04694525268130203,631,"It has a lithium battery , so they made me take it out of my checked luggage."
4532,4211,0,5,50,55,1.0909090909090908,0.03912104390108503,631,Workation prep.
4112,4211,1,3,51,55,1.0909090909090908,0.04694525268130203,631,I love this new Sky Pizza App
4038,4211,0,5,50,55,1.0909090909090908,0.03912104390108503,631,"No, I was in finance when they tapped me for prez of Papa John's."
3846,4211,0,5,50,55,1.0909090909090908,0.03912104390108503,631,"This is my tenth flight now with no orders on ""PieintheSky.com,"" I can't understand it!"
2994,4211,1,3,51,55,1.0909090909090908,0.04694525268130203,631,I have a lot of customers so I have to raise this dough fast.
2028,4211,1,3,51,55,1.0909090909090908,0.04694525268130203,631,Fingers are hard to draw.
2450,4211,0,5,50,55,1.0909090909090908,0.03912104390108503,631,I find working during the flight helps pass the time.
1635,4211,1,3,51,55,1.0909090909090908,0.04694525268130203,631,... and suddenly I realized that ‘flying high’ is open to interpretation ...
1620,4211,1,3,51,55,1.0909090909090908,0.04694525268130203,631,My faculty advisor told me I'd be working on the oceanic crust.
202,4211,0,5,50,55,1.0909090909090908,0.03912104390108503,631,I washed out at NASA.
47,4211,0,5,50,55,1.0909090909090908,0.03912104390108503,631,I'm not exactly sure. They said something about Trump and Russia.
1368,4211,1,3,51,55,1.0909090909090908,0.04694525268130203,631,It's The Cloud.  Did you think they kept it in a submarine?
118,4211,0,5,50,55,1.0909090909090908,0.03912104390108503,631,Show me first your penny.
147,4211,1,3,51,55,1.0909090909090908,0.04694525268130203,631,Haven't you heard of mile high grub?
149,4211,1,3,51,55,1.0909090909090908,0.04694525268130203,631,Pizza on a plane
1364,4211,1,3,51,55,1.0909090909090908,0.04694525268130203,631,I thought I would be working for Flying Pizza.
949,4211,0,5,50,55,1.0909090909090908,0.03912104390108503,631,They said they wanted their pizza to go
700,4211,0,5,50,55,1.0909090909090908,0.03912104390108503,631,"Oh, you know, just a bit of work on the flight to get ahead on my business trip."
569,4211,0,5,50,55,1.0909090909090908,0.03912104390108503,631,"It's like Uber, just for New York-style pizza."
2905,4211,0,5,50,55,1.0909090909090908,0.03912104390108503,631,"Yep, I have three more ready to spin in my toque."
171,4211,0,5,50,55,1.0909090909090908,0.03912104390108503,631,"I take my work home





















































""I take my work home."""
566,4211,1,3,51,55,1.0909090909090908,0.04694525268130203,631,"With all the crazy charges flying, I decided to take matters into my own hands."
1670,4211,1,3,51,55,1.0909090909090908,0.04694525268130203,631,You kids and your fancy computers - I fly the old fashioned way!
1783,4211,0,5,50,55,1.0909090909090908,0.03912104390108503,631,If we loose cabin pressure they become wafers
1557,4211,0,5,50,55,1.0909090909090908,0.03912104390108503,631,I bake it with the emanating frustration of 500 cramped fellow travelers.
535,4211,0,5,50,55,1.0909090909090908,0.03912104390108503,631,"Time to shred the cheese, lady!!"
2271,4211,1,3,51,55,1.0909090909090908,0.04694525268130203,631,"Have you heard of Tarkovsky? I know you're a chick, but you should check his stuff out. It's pretty tight."
2204,4211,0,5,50,55,1.0909090909090908,0.03912104390108503,631,"This pizza dough can only rise at 36,000 feet"
2171,4211,1,3,51,55,1.0909090909090908,0.04694525268130203,631,It's important to practice at least three hours a day.
2155,4211,1,3,51,55,1.0909090909090908,0.04694525268130203,631,It worked for Indiana Jones.
2147,4211,0,5,50,55,1.0909090909090908,0.03912104390108503,631,I fly into New York for the water.
2088,4211,1,3,51,55,1.0909090909090908,0.04694525268130203,631,I get so irresolute on these New York to Chicago flights.
1871,4211,0,5,50,55,1.0909090909090908,0.03912104390108503,631,The only problem with my trying to get work done while traveling is occasionally hitting the call button and annoying the flight attendants.
1833,4211,0,5,50,55,1.0909090909090908,0.03912104390108503,631,The best part of working from home is that you can do it anywhere
2022,4211,1,3,51,55,1.0909090909090908,0.04694525268130203,631,The altitude makes it gluten free
1979,4211,1,3,51,55,1.0909090909090908,0.04694525268130203,631,"I always try to get a little work done on the flight, so it doesn't feel like wasted time."
1966,4211,0,5,50,55,1.0909090909090908,0.03912104390108503,631,"If I time it with wind sheer, it'll stay up for a minute!"
235,4253,0,5,51,56,1.0892857142857142,0.038450387280282515,631,I’m preparing to be the trek cook at mountain base camps.
439,4253,0,5,51,56,1.0892857142857142,0.038450387280282515,631,The pressure of the oxygen up here really helps the yeast rise....
495,4253,0,5,51,56,1.0892857142857142,0.038450387280282515,631,Personal laptop? No. Personal pan pizza? Yes!
702,4253,0,5,51,56,1.0892857142857142,0.038450387280282515,631,"Unfortunately, I often have to take my work home with me."
2051,4253,1,3,52,56,1.0892857142857142,0.04612789753884693,631,Plain or Pepperoni
5632,4253,0,5,51,56,1.0892857142857142,0.038450387280282515,631,This is how I 'll kill time. You should try it.
1962,4253,0,5,51,56,1.0892857142857142,0.038450387280282515,631,This is my emotional support yeast.
3601,4253,1,3,52,56,1.0892857142857142,0.04612789753884693,631,"Chateaubriand at 30,000 feet is just pie in the sky."
2684,4253,1,3,52,56,1.0892857142857142,0.04612789753884693,631,"'Boy-ar-dee?' No, no. No relation."
1800,4253,2,1,53,56,1.0892857142857142,0.05269851592507146,631,I'm on a 'Pie in the sky! high
3872,4253,1,3,52,56,1.0892857142857142,0.04612789753884693,631,"If you can't stand the heat, get out of the kitchen -- but wait till we land."
3524,4253,1,3,52,56,1.0892857142857142,0.04612789753884693,631,They needed this pizza on the fly
4113,4253,0,5,51,56,1.0892857142857142,0.038450387280282515,631,So...that's how you raise the dough.
2340,4253,0,5,51,56,1.0892857142857142,0.038450387280282515,631,This is part of my train-ing
5272,4253,1,3,52,56,1.0892857142857142,0.04612789753884693,631,The water is better in New York....
5566,4253,0,5,51,56,1.0892857142857142,0.038450387280282515,631,I left my worry beads in the oven
812,4253,1,3,52,56,1.0892857142857142,0.04612789753884693,631,My restauraunt's taking 'pie in the sky' to the next level.
5604,4253,0,5,51,56,1.0892857142857142,0.038450387280282515,631,Our extra toppings stuff is good but our specialty is our plane pizza.
4657,4253,0,5,51,56,1.0892857142857142,0.038450387280282515,631,Hitting a few air pockets would make this so much easier.
5673,4253,1,3,52,56,1.0892857142857142,0.04612789753884693,631,I think the full name of the class is international discomfort economy class/taste of Italia.
4501,4273,0,5,52,57,1.087719298245614,0.037802263481198896,631,My pizza is not exactly first class either.
4457,4273,0,5,52,57,1.087719298245614,0.037802263481198896,631,'Oh yes we did.'
4180,4273,0,5,52,57,1.087719298245614,0.037802263481198896,631,"It's like a fidget spinner, but for Italians."
4394,4273,1,3,53,57,1.087719298245614,0.04533847748151766,631,It's all about gravity and speed of descent!
4272,4273,1,3,53,57,1.087719298245614,0.04533847748151766,631,"...so kid, that's why work-life balance is so important"
4556,4273,0,5,52,57,1.087719298245614,0.037802263481198896,631,"You see, if you bake this without yeast, it becomes very hard. Makes for a great dildo."
4089,4273,1,3,53,57,1.087719298245614,0.04533847748151766,631,"Well, once you get started..............."
4440,4273,0,5,52,57,1.087719298245614,0.037802263481198896,631,It's the only way to get proper aeration.
4625,4273,0,5,52,57,1.087719298245614,0.037802263481198896,631,I have way more fun with it since I cut it off.
4899,4273,1,3,53,57,1.087719298245614,0.04533847748151766,631,"...NY, Chicago,  or Mystic?"
4684,4273,1,3,53,57,1.087719298245614,0.04533847748151766,631,It’s an art tossing dough in the air
4768,4273,1,3,53,57,1.087719298245614,0.04533847748151766,631,I HAVE TO KEEP PRACTICING
4833,4273,1,3,53,57,1.087719298245614,0.04533847748151766,631,It thinks it's a drone!
4916,4273,1,3,53,57,1.087719298245614,0.04533847748151766,631,I hope you like anchovies.
5013,4273,0,5,52,57,1.087719298245614,0.037802263481198896,631,"Lady, I only wash my hands if it’s a number two."
5051,4273,0,5,52,57,1.087719298245614,0.037802263481198896,631,It's better than really throwing up.
5060,4273,0,5,52,57,1.087719298245614,0.037802263481198896,631,I just can't do airplane food.
5102,4273,1,3,53,57,1.087719298245614,0.04533847748151766,631,Oops. Sorry about that!
5384,4273,1,3,53,57,1.087719298245614,0.04533847748151766,631,What do you think this thing runs on?
5387,4273,0,5,52,57,1.087719298245614,0.037802263481198896,631,I have such a hard time leaving my work behind.
4646,4273,1,3,53,57,1.087719298245614,0.04533847748151766,631,"Since they coverted the galley to more first class, I'm glad when I get an aisle in coach for their food."
5124,4273,0,5,52,57,1.087719298245614,0.037802263481198896,631,Center seats are so boring.
2277,4273,0,5,52,57,1.087719298245614,0.037802263481198896,631,I actually love long flights. I can actually get some work done.
3758,4273,0,5,52,57,1.087719298245614,0.037802263481198896,631,It's fresher this way than freezing the pie!
292,4273,0,5,52,57,1.087719298245614,0.037802263481198896,631,She’s a registered emotional support dough.
298,4273,0,5,52,57,1.087719298245614,0.037802263481198896,631,"My boss takes ""on time delivery"" very seriously...."
478,4273,0,5,52,57,1.087719298245614,0.037802263481198896,631,The  pilots likes their pizzas fresh and crispy.
764,4273,0,5,52,57,1.087719298245614,0.037802263481198896,631,NY pizza... a Laguardia specialty.
801,4273,0,5,52,57,1.087719298245614,0.037802263481198896,631,I was 2/3 of the way to the record and got the call about my mom's funeral...
1152,4273,1,3,53,57,1.087719298245614,0.04533847748151766,631,"And then she said ""Paul, just because you found out you're 3% Italian does not mean you can make a great pizza"""
1263,4273,0,5,52,57,1.087719298245614,0.037802263481198896,631,I'm actually a programmer but this is the only carpal tunnel therapy that works.
1265,4273,0,5,52,57,1.087719298245614,0.037802263481198896,631,You think this is something? There are two of me in first class.
4062,4273,0,5,52,57,1.087719298245614,0.037802263481198896,631,"Krusty Krab Pizza, is the pizza, for you and me!"
1560,4273,1,3,53,57,1.087719298245614,0.04533847748151766,631,...and then Trump fired me.
1736,4273,0,5,52,57,1.087719298245614,0.037802263481198896,631,I can't decide whether to add peppers or to leave it plain.
2012,4273,0,5,52,57,1.087719298245614,0.037802263481198896,631,"Usually, the ladies like my food better than me."
2114,4273,0,5,52,57,1.087719298245614,0.037802263481198896,631,Apparently you can’t do this in first class.
1490,4273,0,5,52,57,1.087719298245614,0.037802263481198896,631,"I used to just get the Kosher meal, but they stopped offering it."
2386,4273,1,3,53,57,1.087719298245614,0.04533847748151766,631,Are you watching ratatouille? What a coincidence!
2428,4273,1,3,53,57,1.087719298245614,0.04533847748151766,631,"Would you believe a guy on a desert island ordered a pizza, price no object?"
2433,4273,1,3,53,57,1.087719298245614,0.04533847748151766,631,"It’s a Williamsburg pie, but in the air. Think about it."
2480,4273,1,3,53,57,1.087719298245614,0.04533847748151766,631,Do you know how we cook with noisy jealousy? We generally cook fried.
2727,4273,0,5,52,57,1.087719298245614,0.037802263481198896,631,Getting a jump on my work day
2983,4273,0,5,52,57,1.087719298245614,0.037802263481198896,631,The dough will rise better in the air!
3066,4273,0,5,52,57,1.087719298245614,0.037802263481198896,631,"You're being filmed for my new cooking show: ""Pie the Sky- Coach Version""."
3070,4273,0,5,52,57,1.087719298245614,0.037802263481198896,631,"I hate working during flights,but these pies need to be ready for an 11:00AM meeting."
3117,4273,0,5,52,57,1.087719298245614,0.037802263481198896,631,I've been traded to the Chicago Deep Dish Devils.
3210,4273,0,5,52,57,1.087719298245614,0.037802263481198896,631,"So like I said, it’s all in how you spin it”"
3216,4273,1,3,53,57,1.087719298245614,0.04533847748151766,631,Bet you didn't know I'm a culinary academy graduate!
2166,4273,2,1,54,57,1.087719298245614,0.051789419347799064,631,I got an order for a fly pie.
3734,4273,0,5,52,57,1.087719298245614,0.037802263481198896,631,This calms me more then a therapy dog
3659,4273,0,5,52,57,1.087719298245614,0.037802263481198896,631,My pizzeria is called  'pie in the sky'.
4878,4325,0,5,53,58,1.0862068965517242,0.03717555967998436,631,The secret of success is practice.
4631,4325,0,5,53,58,1.0862068965517242,0.03717555967998436,631,Gotta prep for dinner with clients the moment we land.
512,4325,0,5,53,58,1.0862068965517242,0.03717555967998436,631,"""Just practicing for Luigi's Pizza-Flippin' contest in Coney Island tomorrow."""
3585,4325,0,5,53,58,1.0862068965517242,0.03717555967998436,631,"The secret's in the hat. Say ""Toque"", and magic happens!"
1106,4325,0,5,53,58,1.0862068965517242,0.03717555967998436,631,"Some people turn to technology for inspiration; I, however, like to create my own dough."
240,4325,0,5,53,58,1.0862068965517242,0.03717555967998436,631,"I wanted to be a pilot, but felt falling out of the sky, so....."
3695,4325,0,5,53,58,1.0862068965517242,0.03717555967998436,631,The President wants pizza and there's no room to spin the dough in the galley.
3591,4332,0,5,54,59,1.0847457627118644,0.03656923485905472,631,"It's a pizza chef contest thing. The pilot just said we're at 32,000 feet. Could you take a snapshot?"
3649,4332,0,5,54,59,1.0847457627118644,0.03656923485905472,631,Don't panic!  I'm your proud professional pizza pilot prodigy providing practically perfect prime partly predigested pepperoni passenger and paratroop provisions and parables/poems passing as provender.
4356,4332,1,3,55,59,1.0847457627118644,0.0438379113795422,631,Our motto is your order and we deliver fresh.
3667,4335,0,5,55,60,1.0833333333333333,0.03598231413236438,631,"Well, I'm in a contest to see how high I can get a loaf of bread to rise. I knead the dough."
5441,4335,2,1,57,60,1.0833333333333333,0.049240942650857204,631,It’s my real time pie in the sky.”
623,4335,0,5,55,60,1.0833333333333333,0.03598231413236438,631,I like to get some work done on these flights.
93,4335,0,5,55,60,1.0833333333333333,0.03598231413236438,631,I think I left the faucet running
1983,4335,1,3,56,60,1.0833333333333333,0.04312422383919018,631,I've always wanted to try my high altitude dough recipe. All I need now is an oven.
4656,4340,0,4,50,54,1.0740740740740742,0.035973550457676445,631,"Dough brings me a lot of  ""dough"", baby..."
4072,4340,0,4,50,54,1.0740740740740742,0.035973550457676445,631,I’ve been told the higher you toss it the better it tastes.
3996,4340,0,4,50,54,1.0740740740740742,0.035973550457676445,631,LOST IT: AM I REALLY FLIPPING DOUGH ON A PLANE?
3868,4340,0,4,50,54,1.0740740740740742,0.035973550457676445,631,So then they banned peanuts and this was the obvious alternative.”
3719,4340,0,4,50,54,1.0740740740740742,0.035973550457676445,631,"Like you, I'm studying for a Final Exam?"
3141,4340,0,4,50,54,1.0740740740740742,0.035973550457676445,631,This wasn’t the type of dough I️ was trying to make but would you like some?
2868,4340,0,4,50,54,1.0740740740740742,0.035973550457676445,631,You ever meet a master baker on a plane?
2207,4340,1,2,51,54,1.0740740740740742,0.044642002106734975,631,On an airplane filled with baseball fans it’s always batter up!
2128,4340,0,4,50,54,1.0740740740740742,0.035973550457676445,631,"What, I can't work on the go?"
1246,4340,0,4,50,54,1.0740740740740742,0.035973550457676445,631,"I was gonna work on a bullet chart, but it was impossible to get through TSA.."
422,4340,0,4,50,54,1.0740740740740742,0.035973550457676445,631,How about no dough bro?
2636,4340,0,4,50,54,1.0740740740740742,0.035973550457676445,631,I’m auditioning for Making Pzza For The Stars!
2243,4352,1,2,52,55,1.0727272727272728,0.04384350386709234,631,"Actually, I have a bad nut allergy,but i will take their ketchup packets."
4057,4352,1,2,52,55,1.0727272727272728,0.04384350386709234,631,Non-stop to VPN.
4354,4352,1,2,52,55,1.0727272727272728,0.04384350386709234,631,"Do you mind if I ask you a personal question, how much dough did this flight cost you?"
4409,4352,0,4,51,55,1.0727272727272728,0.03533910239300183,631,I have taken raising the dough to the highest level!
2184,4352,0,4,51,55,1.0727272727272728,0.03533910239300183,631,"... and when anyone is watching, I exclaim, “Arrivederci!”"
327,4352,1,2,52,55,1.0727272727272728,0.04384350386709234,631,Who needs a bespoke floatation device?
307,4352,1,2,52,55,1.0727272727272728,0.04384350386709234,631,I'm going to call it the mile high club sandwich.
1683,4352,0,4,51,55,1.0727272727272728,0.03533910239300183,631,When you have a pizza tournament on land and you're still in the air
2921,4360,1,2,53,56,1.0714285714285714,0.04307304922539478,631,They said that support sushi would be too smelly.
2704,4360,0,4,52,56,1.0714285714285714,0.03472660248602838,631,I missed the anchovy flight.
2686,4360,1,2,53,56,1.0714285714285714,0.04307304922539478,631,Did you say that you wanted pepperoni?
2529,4360,0,4,52,56,1.0714285714285714,0.03472660248602838,631,I misread the small print.  I thought it said only therapy dough was allowed onboard.
2379,4360,1,2,53,56,1.0714285714285714,0.04307304922539478,631,In flight Pizza?
2283,4360,0,4,52,56,1.0714285714285714,0.03472660248602838,631,I flip when I fly.  So thankfully the airline allows each passenger one comfort food along for the ride.
1767,4360,0,4,52,56,1.0714285714285714,0.03472660248602838,631,I read The 4-Hour Workweek and it was such a revolution.
1625,4360,0,4,52,56,1.0714285714285714,0.03472660248602838,631,My boss said I needed to get it higher.
1413,4360,0,4,52,56,1.0714285714285714,0.03472660248602838,631,"""There's more than one mile high club."""
798,4360,0,4,52,56,1.0714285714285714,0.03472660248602838,631,IOneloaf or two for you.!
658,4360,0,4,52,56,1.0714285714285714,0.03472660248602838,631,It stays up longer this way.
5550,4360,0,4,52,56,1.0714285714285714,0.03472660248602838,631,"Oh good,refreshments!  I'll have a margarita."
5426,4360,0,4,52,56,1.0714285714285714,0.03472660248602838,631,"Hey, google, it’s a toss up."
3461,4360,0,4,52,56,1.0714285714285714,0.03472660248602838,631,I've been having trouble getting my dough to rise
3956,4360,0,4,52,56,1.0714285714285714,0.03472660248602838,631,The sous-chef told me to toss the dough higher.
908,4360,0,4,52,56,1.0714285714285714,0.03472660248602838,631,"when I flunked out of chef school they told me ""you're not really that bad.  To make you feel better we're going to show you REALLY bad."""
3397,4360,0,4,52,56,1.0714285714285714,0.03472660248602838,631,This competition is truly a toss up!
2335,4377,0,4,53,57,1.0701754385964912,0.034134933513474304,631,"I am just flipping the flippin' pizza, don't  flip out."
2681,4378,0,4,54,58,1.0689655172413792,0.033563052647743945,631,"Commuting’s drag, but at least I can work on the flight."
4885,4378,0,4,54,58,1.0689655172413792,0.033563052647743945,631,"I call this the 'fly-rise' method"""
2893,4380,0,3,45,48,1.0625,0.035308292679127,631,Quality control test for bread lightness.
4772,4381,0,3,47,50,1.06,0.033926691677251195,631,So do you want pepperoni or sausage?
4084,4381,1,1,48,50,1.06,0.04435478484645721,631,Dough you really knead to be doing that right now?
3602,4381,0,3,47,50,1.06,0.033926691677251195,631,"""OOps....there goes my hot dog delivery to the White House!"
3529,4381,0,3,47,50,1.06,0.033926691677251195,631,"Toppings today are mushrooms, pepperoni and carry-on."
3329,4381,0,3,47,50,1.06,0.033926691677251195,631,"Honestly, the turbulence makes it a little easier"
3304,4381,0,3,47,50,1.06,0.033926691677251195,631,"We have a BOGO on our personal pan pizzas this month, but only if we land at a non destination  airport."
1915,4381,1,1,48,50,1.06,0.04435478484645721,631,I'm practicing for the appetizer round.
3485,4388,0,3,48,51,1.0588235294117647,0.0332756132323081,631,"Excuse me, miss.  You with the glasses and the curly hair.  You've been randomly selected to give up your seat.  Security is on its way."
3445,4388,1,1,49,51,1.0588235294117647,0.043492300025134954,631,"I had to leave the sauce at TSA. On the bright side, this'll be a great party trick for my nephew's birthday."
3381,4388,0,3,48,51,1.0588235294117647,0.0332756132323081,631,I’m taking recipe testing to be heights.
3311,4388,1,1,49,51,1.0588235294117647,0.043492300025134954,631,Armrest?
3493,4388,0,3,48,51,1.0588235294117647,0.0332756132323081,631,This used to be pizza dough ... but not anymore!
3545,4388,0,3,48,51,1.0588235294117647,0.0332756132323081,631,"Oh, the naysayers...the oven in the sky is up next."
3546,4388,0,3,48,51,1.0588235294117647,0.0332756132323081,631,I told you it had an in flight mode.
3581,4388,1,1,49,51,1.0588235294117647,0.043492300025134954,631,"Well, practice makes perfect!"
2780,4388,0,3,48,51,1.0588235294117647,0.0332756132323081,631,Just setting the record for highest throw
3642,4388,0,3,48,51,1.0588235294117647,0.0332756132323081,631,It’s my therapy avocation..
3669,4388,1,1,49,51,1.0588235294117647,0.043492300025134954,631,I'm traveling to an interview in Naples.
3742,4388,0,3,48,51,1.0588235294117647,0.0332756132323081,631,I'm prepping the mini pizza slices you're going to have for your in-flight dinners.
3225,4388,0,3,48,51,1.0588235294117647,0.0332756132323081,631,I'll add toppings when they turn off the seat-belt sign and bake it during my layover.
3815,4388,0,3,48,51,1.0588235294117647,0.0332756132323081,631,I can really get a lot of work done on airplanes these days.  It's a real pie-in-the-sky situation.
3835,4388,0,3,48,51,1.0588235294117647,0.0332756132323081,631,What were you going to do? Clap?
3927,4388,0,3,48,51,1.0588235294117647,0.0332756132323081,631,Would you care for pepperoni on your emotional support pizza?
3933,4388,0,3,48,51,1.0588235294117647,0.0332756132323081,631,"No one seems interested, and I thought they said I would ""fly the friendly pies."""
3636,4388,0,3,48,51,1.0588235294117647,0.0332756132323081,631,"Mamm,I am afraid your pizza delivery will be delayed due to high altitude effect on the oven temperature"
3186,4388,0,3,48,51,1.0588235294117647,0.0332756132323081,631,And next week we cover frosting techniques. Stay tuned for more.
3129,4388,0,3,48,51,1.0588235294117647,0.0332756132323081,631,"In the event the cabin becomes depressurized, a pizza maker will automatically be deployed from the overhead compartment."
3176,4388,1,1,49,51,1.0588235294117647,0.043492300025134954,631,"As I was saying, this is gluten free..."
2723,4388,0,3,48,51,1.0588235294117647,0.0332756132323081,631,Flying is the best time for me to practice my pizza tossing.
2683,4388,0,3,48,51,1.0588235294117647,0.0332756132323081,631,Flap up.
3991,4388,0,3,48,51,1.0588235294117647,0.0332756132323081,631,"We deliver, fast, fresh,first class"
2888,4388,0,3,48,51,1.0588235294117647,0.0332756132323081,631,It easy to make the Mile High Club in pizza dough and you get to keep your restaurant
2897,4388,1,1,49,51,1.0588235294117647,0.043492300025134954,631,"I'ma join the Mile High Club today, only not-a whatchu think!"
2926,4388,0,3,48,51,1.0588235294117647,0.0332756132323081,631,"Seat 15D... You selected Pizzafarian in the ""special diet"" section?"
2940,4388,0,3,48,51,1.0588235294117647,0.0332756132323081,631,We may not have much leg room but we have the freshest pretzels in the sky!
2967,4388,0,3,48,51,1.0588235294117647,0.0332756132323081,631,I hate these pilots that think zero-G loops are funny.
2985,4388,0,3,48,51,1.0588235294117647,0.0332756132323081,631,the dough raises better in the air
3029,4388,0,3,48,51,1.0588235294117647,0.0332756132323081,631,It’s my social medium need.
3033,4388,0,3,48,51,1.0588235294117647,0.0332756132323081,631,Yhe transcontinental pizza rises in  Italy and bakes in Chicago.
3073,4388,0,3,48,51,1.0588235294117647,0.0332756132323081,631,"If you stare at the screen too long, your fingers will get doughy!"
3125,4388,0,3,48,51,1.0588235294117647,0.0332756132323081,631,"And then she said, Next time try to burn down the wall, not everyone else. So then I  said, So this isn't the flight to Italy."
2844,4388,0,3,48,51,1.0588235294117647,0.0332756132323081,631,It’s our new pie in the sky as you fly delivery service
3140,4388,0,3,48,51,1.0588235294117647,0.0332756132323081,631,"Geez, these pizza apps are getting quicker every day!"
3160,4388,1,1,49,51,1.0588235294117647,0.043492300025134954,631,So you think think the pizza dough will land in my hand. Correct. BUT what if we were doing this outside? I love testing Newton’s Laws of Motion!
3174,4388,1,1,49,51,1.0588235294117647,0.043492300025134954,631,"This is not a pizza, heh, heh!  It's a special epoxy we're mixing to plug the bullet holes in the plane that the terrorists made, when they took over the cockpit.  Oh, you didn't know?"
3182,4388,0,3,48,51,1.0588235294117647,0.0332756132323081,631,"Now you know what ""Up in the Air"" is all about. The dough."
4041,4388,0,3,48,51,1.0588235294117647,0.0332756132323081,631,"Same here, I have to keep working while I fly to make that dough."
5086,4388,0,3,48,51,1.0588235294117647,0.0332756132323081,631,Life's like a baguette of bread flips
4087,4388,0,3,48,51,1.0588235294117647,0.0332756132323081,631,"The new trend in pizza is gluten free, local ingredients and tossed up and down at a high altitude."
5043,4388,0,3,48,51,1.0588235294117647,0.0332756132323081,631,"One gets a much better rise in the dough at 30,000 feet."
2676,4388,0,3,48,51,1.0588235294117647,0.0332756132323081,631,"Lets ""Enjoyed "" life "" Again .Every one is either looking down with the new Technology.(great)  but we like to see the faces (Sometime )and the pretty smiles"
5087,4388,1,1,49,51,1.0588235294117647,0.043492300025134954,631,Great piece of advice from my accountant
5139,4388,0,3,48,51,1.0588235294117647,0.0332756132323081,631,It helps improve my circulation.
5149,4388,0,3,48,51,1.0588235294117647,0.0332756132323081,631,Juggling or pizza? Juggling or pizza? The eternal question. Which would be more indispensable in disproving Einstein's assertions?
5157,4388,0,3,48,51,1.0588235294117647,0.0332756132323081,631,At least he didn’t clap when the plane landed.
5197,4388,0,3,48,51,1.0588235294117647,0.0332756132323081,631,hurga durga there goes me sausage
5248,4388,0,3,48,51,1.0588235294117647,0.0332756132323081,631,The difficult part will be asking everyone in the row to help me with the toppings.
5293,4388,0,3,48,51,1.0588235294117647,0.0332756132323081,631,It's altitude training for MasterChef.
5350,4388,0,3,48,51,1.0588235294117647,0.0332756132323081,631,I'm always concerned about how well the crust will hold up.
5381,4388,0,3,48,51,1.0588235294117647,0.0332756132323081,631,Cooking on the fly is a real toss-up.
5467,4388,0,3,48,51,1.0588235294117647,0.0332756132323081,631,The multitude will be hungry when we land.
5473,4388,0,3,48,51,1.0588235294117647,0.0332756132323081,631,The air in the cabin gives the dough its flavor
5520,4388,0,3,48,51,1.0588235294117647,0.0332756132323081,631,"I  make  a  living tossing dough
up in the air 24/7!!"
5570,4388,0,3,48,51,1.0588235294117647,0.0332756132323081,631,I always try to get some work done before the movie starts.
5577,4388,1,1,49,51,1.0588235294117647,0.043492300025134954,631,Extra leg room is just pie in the sky.
5647,4388,0,3,48,51,1.0588235294117647,0.0332756132323081,631,"The secret is in the plane's altitude and the reaction to the molecules in the yeast, and that causes the dough to..............."
5028,4388,0,3,48,51,1.0588235294117647,0.0332756132323081,631,"The higher we fly, the lighter the crust"
4863,4388,0,3,48,51,1.0588235294117647,0.0332756132323081,631,Can you google “how to tell when pizza man has lost his mind?”
4834,4388,0,3,48,51,1.0588235294117647,0.0332756132323081,631,I imported the air from New York.
4814,4388,0,3,48,51,1.0588235294117647,0.0332756132323081,631,Last time my plane waited on the tarmac so long I could have oven-baked a pizza.
4091,4388,0,3,48,51,1.0588235294117647,0.0332756132323081,631,BUN! It's flying now!
4238,4388,0,3,48,51,1.0588235294117647,0.0332756132323081,631,"Kneadless to say,TSA was a little surprised to see this in my carry-on baggage."
4241,4388,0,3,48,51,1.0588235294117647,0.0332756132323081,631,"The pressurized cabin gives this a certain tang, it could be a sensation; pressurized pizza."
4314,4388,0,3,48,51,1.0588235294117647,0.0332756132323081,631,I need to practice.
4366,4388,0,3,48,51,1.0588235294117647,0.0332756132323081,631,"I thought I could leave the job at the office, but there is so much to do!"
4370,4388,0,3,48,51,1.0588235294117647,0.0332756132323081,631,I've been on vacation so I'm trying to get back in the spin of things.
4414,4388,0,3,48,51,1.0588235294117647,0.0332756132323081,631,"My job is really up in the air, but I'm gonna smooth things out."
4420,4388,0,3,48,51,1.0588235294117647,0.0332756132323081,631,Would you like to be a beta tester?  It's a new take on a food delivery start-up.
4071,4388,0,3,48,51,1.0588235294117647,0.0332756132323081,631,Do you mind? I
4492,4388,0,3,48,51,1.0588235294117647,0.0332756132323081,631,"I’m babysitting the Bouncing Ball. As long as he’s in the air, he flies free."
4512,4388,0,3,48,51,1.0588235294117647,0.0332756132323081,631,It's so great that this train has free pie-fly.
4548,4388,0,3,48,51,1.0588235294117647,0.0332756132323081,631,I understood my stand-by seat was a toss up.
4562,4388,0,3,48,51,1.0588235294117647,0.0332756132323081,631,"Well, very shortly we'll be flying directly over Milano.  I'll be able to say I tossed pizza in Italy, and complete my resume on the return flight."
4564,4388,0,3,48,51,1.0588235294117647,0.0332756132323081,631,My therapist sent me on this trip to get over my inhibitions.
4601,4388,0,3,48,51,1.0588235294117647,0.0332756132323081,631,Because the airline wouldn’t let me dress my emotional support capon.
4611,4388,0,3,48,51,1.0588235294117647,0.0332756132323081,631,Don't flip out. Flip in.
4628,4388,0,3,48,51,1.0588235294117647,0.0332756132323081,631,life hack: finish work on commute home to maximize personal time.
4775,4388,0,3,48,51,1.0588235294117647,0.0332756132323081,631,"Sagabona kunjani wena, darling!"
4498,4388,0,3,48,51,1.0588235294117647,0.0332756132323081,631,I know what you mean.  I'm cramming for my finals in culinary school.
2642,4388,1,1,49,51,1.0588235294117647,0.043492300025134954,631,We're going for a 3-minutes or free concept.
5510,4388,0,3,48,51,1.0588235294117647,0.0332756132323081,631,"You did request self rising dough, didnt you?"
1087,4388,0,3,48,51,1.0588235294117647,0.0332756132323081,631,"Before you toss the dough, make sure your finger nails are cut down to the quick."
1083,4388,0,3,48,51,1.0588235294117647,0.0332756132323081,631,Our mile high club offers a choice of toppings.
98,4388,0,3,48,51,1.0588235294117647,0.0332756132323081,631,"Now you got your pie in the sky, so on the flight back could you request on-time departure and some legroom?"
61,4388,0,3,48,51,1.0588235294117647,0.0332756132323081,631,Care to join the mile-high pie club?
1113,4388,0,3,48,51,1.0588235294117647,0.0332756132323081,631,"I know that the seats are cramped, but at least this airline offers fresh food."
1256,4388,1,1,49,51,1.0588235294117647,0.043492300025134954,631,Elon Musk taught me how to do this.
1272,4388,0,3,48,51,1.0588235294117647,0.0332756132323081,631,I always brown bag it when I travel...
1082,4388,0,3,48,51,1.0588235294117647,0.0332756132323081,631,"I worked for the Obama administration for eight years and did nothing and learned nothing, like Obama, so now I flip pizza dough, like Obama, but for less money."
34,4388,0,3,48,51,1.0588235294117647,0.0332756132323081,631,"If you want to sit in business class, we’ll need a lot more than this."
1352,4388,0,3,48,51,1.0588235294117647,0.0332756132323081,631,"I""'ll meet  a top  person  one day"""
1353,4388,0,3,48,51,1.0588235294117647,0.0332756132323081,631,I am going to bake a pie in the sky.
1435,4388,1,1,49,51,1.0588235294117647,0.043492300025134954,631,Working overtime and I still can’t afford the in-flight WiFi
1481,4388,0,3,48,51,1.0588235294117647,0.0332756132323081,631,"I call it ""Pan-Am Style Pizza""."
1544,4388,0,3,48,51,1.0588235294117647,0.0332756132323081,631,"wait wait another thing about 9/11? nobody talks about it, but it totally killed the mile high club"
1580,4388,0,3,48,51,1.0588235294117647,0.0332756132323081,631,My  soufflé  turns out better in high  altitudes
1315,4388,0,3,48,51,1.0588235294117647,0.0332756132323081,631,"The higher we go, the higher I can throw it."
988,4388,0,3,48,51,1.0588235294117647,0.0332756132323081,631,I love how the dough thins out in this atmosphere.
959,4388,0,3,48,51,1.0588235294117647,0.0332756132323081,631,"It's only a 'service vegetable' now, but one day it'll be good enough to bake and, perchance, to eat."
885,4388,0,3,48,51,1.0588235294117647,0.0332756132323081,631,The President is expecting a hot-off pizza from Italy when we land.
324,4388,0,3,48,51,1.0588235294117647,0.0332756132323081,631,The difficult thing is just keeping it in the air.
364,4388,0,3,48,51,1.0588235294117647,0.0332756132323081,631,"Yes, we have an algorithm to spot the security risk when I do this maneuver!"
256,4388,0,3,48,51,1.0588235294117647,0.0332756132323081,631,"Alright Seinfeld, calm down. This is my job, okay?"
386,4388,0,3,48,51,1.0588235294117647,0.0332756132323081,631,D'oh!
392,4388,0,3,48,51,1.0588235294117647,0.0332756132323081,631,Economy Plus is my pie in the sky.
463,4388,0,3,48,51,1.0588235294117647,0.0332756132323081,631,If the tarmac delay is over then why aren't we fettuccine al-free to go?
503,4388,0,3,48,51,1.0588235294117647,0.0332756132323081,631,I'm hoping my secret recipe makes the watchlist.
543,4388,0,3,48,51,1.0588235294117647,0.0332756132323081,631,"Well, the ad said '40000 feet or it's free'"
565,4388,1,1,49,51,1.0588235294117647,0.043492300025134954,631,Hey what IS the deal with airplane food? I never got that.
578,4388,0,3,48,51,1.0588235294117647,0.0332756132323081,631,You got it—one extra large plane for delivery.
703,4388,0,3,48,51,1.0588235294117647,0.0332756132323081,631,My dream is pie in the sky.
732,4388,1,1,49,51,1.0588235294117647,0.043492300025134954,631,I hate these puff pastries.
758,4388,1,1,49,51,1.0588235294117647,0.043492300025134954,631,"I, too, am in the air."
187,4388,0,3,48,51,1.0588235294117647,0.0332756132323081,631,What's the deal with airplane food?
842,4388,0,3,48,51,1.0588235294117647,0.0332756132323081,631,It’s our way of advertising our Flying Pizza restaurant.
1605,4388,0,3,48,51,1.0588235294117647,0.0332756132323081,631,I need a seat with more kneed room.
1611,4388,0,3,48,51,1.0588235294117647,0.0332756132323081,631,"I'm a wood-fired oven connoisseur myself, but today I'll have to settle for a Dutch Oven."
31,4388,1,1,49,51,1.0588235294117647,0.043492300025134954,631,This is really hard to do while the train is moving!
1636,4388,0,3,48,51,1.0588235294117647,0.0332756132323081,631,It's a new treatment for carpal tunnel syndrome.
2608,4388,0,3,48,51,1.0588235294117647,0.0332756132323081,631,My pizza soars at this altitude.
2533,4388,0,3,48,51,1.0588235294117647,0.0332756132323081,631,We're getting some ideas about how to present sardines.
2506,4388,0,3,48,51,1.0588235294117647,0.0332756132323081,631,Wanna toss my Pizza?
2440,4388,1,1,49,51,1.0588235294117647,0.043492300025134954,631,Doughn't anyone bake around here?
2394,4388,0,3,48,51,1.0588235294117647,0.0332756132323081,631,"I made a pie in the sky joke to my job agency, then they sent me here."
2390,4388,0,3,48,51,1.0588235294117647,0.0332756132323081,631,Record third quarter job growth in middle economy.
2641,4388,1,1,49,51,1.0588235294117647,0.043492300025134954,631,It was a toss up between this or airline pilot.
2354,4388,0,3,48,51,1.0588235294117647,0.0332756132323081,631,"I,m practicing for the bakeoff."
2315,4388,0,3,48,51,1.0588235294117647,0.0332756132323081,631,"I don’t care what anybody says, this was the original Mile High Club."
2291,4388,0,3,48,51,1.0588235294117647,0.0332756132323081,631,My God...
2289,4388,0,3,48,51,1.0588235294117647,0.0332756132323081,631,"Buckle up and enjoy your flight, right?"
2251,4388,0,3,48,51,1.0588235294117647,0.0332756132323081,631,"Thanks for switching seats, getting the dough right is all about the microclimate."
2247,4388,0,3,48,51,1.0588235294117647,0.0332756132323081,631,"I was told ""Higher makes a crispier crust""."
335,4388,1,1,49,51,1.0588235294117647,0.043492300025134954,631,"This ISN'T the Mile Pie Club?"""
2225,4388,1,1,49,51,1.0588235294117647,0.043492300025134954,631,I do this to get a high speed rise
334,4388,1,1,49,51,1.0588235294117647,0.043492300025134954,631,It's sausage time!
1836,4388,0,3,48,51,1.0588235294117647,0.0332756132323081,631,"So, what do you dough for a living lassy?"
2174,4388,0,3,48,51,1.0588235294117647,0.0332756132323081,631,Next trip- 'the vomit comet' .......
2137,4388,0,3,48,51,1.0588235294117647,0.0332756132323081,631,My brother is a Gynecologist and has to fly business class.
2122,4388,0,3,48,51,1.0588235294117647,0.0332756132323081,631,Isn't it convenient to work while you travel?
1927,4388,0,3,48,51,1.0588235294117647,0.0332756132323081,631,Normally you wanna do this part with flour but who can toss dough with only 3 oz. of flour amirite!
1908,4388,0,3,48,51,1.0588235294117647,0.0332756132323081,631,"No, I'm just trying to fool my Iwatch  into registering that  I'm doing my regular walking workout so I don't have to start over."
1637,4388,0,3,48,51,1.0588235294117647,0.0332756132323081,631,"That's when Tony said, ""Here! Catch this giant pickle,"" and I've been doing it ever since."
1865,4388,0,3,48,51,1.0588235294117647,0.0332756132323081,631,"When the moon hits your eye like a big pizza pie, that’s amore!"
1844,4388,0,3,48,51,1.0588235294117647,0.0332756132323081,631,Please remember to respect other passengers and don't do text messaging while making a pizza.
2202,4388,0,3,48,51,1.0588235294117647,0.0332756132323081,631,If anyone on this trip says they have to “take a call” Ima slap them with this pizza dough.
13,4388,0,3,48,51,1.0588235294117647,0.0332756132323081,631,I've been told my crust is weightless.
1822,4388,1,1,49,51,1.0588235294117647,0.043492300025134954,631,My boss said that my dough wasn't airy enough.
1772,4388,0,3,48,51,1.0588235294117647,0.0332756132323081,631,My daughter is studying abroad in Italy. I want to show her some dad moves.
1655,4388,0,3,48,51,1.0588235294117647,0.0332756132323081,631,"I’ve been taking this course in efficiency, inconvenient at times, but it works..."
2158,4540,0,3,49,52,1.0576923076923077,0.032649026447198685,631,The boss moved me here from Times Square.
68,4540,1,1,50,52,1.0576923076923077,0.042662709019953504,631,Can you scroll down please? I'm in a hurry.
889,4540,0,3,49,52,1.0576923076923077,0.032649026447198685,631,Your 3D printer screwed up your order. I'm supposed to be in New York.
67,4540,0,3,49,52,1.0576923076923077,0.032649026447198685,631,I'm new at this and my boss didn't tell me when I could stop.
1243,4540,0,3,49,52,1.0576923076923077,0.032649026447198685,631,"I'm on my way to the National Self Rising Bake Off,but i cannot seem to control my entry."
845,4540,1,1,50,52,1.0576923076923077,0.042662709019953504,631,The crust is lighter when made here.
2752,4540,0,3,49,52,1.0576923076923077,0.032649026447198685,631,I got a takeout order on the phone from that crazy bastard Fusilli.
3288,4540,1,1,50,52,1.0576923076923077,0.042662709019953504,631,"I don't care if there is not Wifi on the plane, I still can do my job!"
3348,4540,0,3,49,52,1.0576923076923077,0.032649026447198685,631,I like my pie with extra airline miles.
3935,4540,0,3,49,52,1.0576923076923077,0.032649026447198685,631,"Just trying to get my 10,000 hours in any chance I get."
5363,4540,1,1,50,52,1.0576923076923077,0.042662709019953504,631,It's that extra something you get from the Coriolis effect.
4286,4540,0,3,49,52,1.0576923076923077,0.032649026447198685,631,"Mamma mia, that's a spicy seat cushion!"
4436,4540,0,3,49,52,1.0576923076923077,0.032649026447198685,631,"You never heard of a ""flying sausage""?"
4794,4540,0,3,49,52,1.0576923076923077,0.032649026447198685,631,My lap is really sensitive.
4879,4540,0,3,49,52,1.0576923076923077,0.032649026447198685,631,The downdrafts help me perfect my technique.
3156,4540,0,3,49,52,1.0576923076923077,0.032649026447198685,631,"I wanted to make a big pizza pie as close to the moon, that's all...Mary"
2718,4556,0,3,50,53,1.0566037735849056,0.03204557643805459,631,First you dissolve the yeast in 3 ounces of water...
1764,4556,1,1,51,53,1.0566037735849056,0.041864165752847474,631,I'm really up in the air about thick crust or thin.
1678,4556,0,3,50,53,1.0566037735849056,0.03204557643805459,631,My dream is to chef on the International Space Station.
1529,4556,0,3,50,53,1.0566037735849056,0.03204557643805459,631,"The Boss said to make a plain pizza, so here I am."
22,4556,0,3,50,53,1.0566037735849056,0.03204557643805459,631,It  takes my mind off travel sickness.
3081,4556,0,3,50,53,1.0566037735849056,0.03204557643805459,631,I was told my dough needs more air.
3703,4556,0,3,50,53,1.0566037735849056,0.03204557643805459,631,one cold bun is coming right up
4876,4556,1,1,51,53,1.0566037735849056,0.041864165752847474,631,I'm surprised they didn't charge me for two seats what with two air travelers and all.
4865,4556,0,3,50,53,1.0566037735849056,0.03204557643805459,631,They only come out in flight.
5115,4556,0,3,50,53,1.0566037735849056,0.03204557643805459,631,"At least I think he said ""flight bread pizza"""
5120,4556,0,3,50,53,1.0566037735849056,0.03204557643805459,631,"Yeah, my partner complains about me taking my work home with me too"
2797,4556,0,3,50,53,1.0566037735849056,0.03204557643805459,631,"How did you think they made ""cloud bread""?"
5261,4556,0,3,50,53,1.0566037735849056,0.03204557643805459,631,This helps with my anxiety to fly.
2588,4556,0,3,50,53,1.0566037735849056,0.03204557643805459,631,Do you want it plain or  with full turbulence toppings?
5455,4556,0,3,50,53,1.0566037735849056,0.03204557643805459,631,"Hopefully they have an oven, otherwise the engine will have to do."
5640,4556,0,3,50,53,1.0566037735849056,0.03204557643805459,631,You should see
4796,4556,0,3,50,53,1.0566037735849056,0.03204557643805459,631,"They advertised it as: ""A 'Mile High' Initiation for the Pizza Lover"
2593,4556,0,3,50,53,1.0566037735849056,0.03204557643805459,631,I try to get as much work done as possible on the flight when I travel on business.
5508,4574,0,3,51,54,1.0555555555555556,0.031464006330825245,631,"See, the higher you throw the dough in the air, the crispier the crust."
1231,4574,0,3,51,54,1.0555555555555556,0.031464006330825245,631,We've risen higher than my crust and the guy at Easter time.
1459,4574,0,3,51,54,1.0555555555555556,0.031464006330825245,631,Did I mention that I'm not crazy about airline food?
1933,4574,1,1,52,54,1.0555555555555556,0.0410949597147016,631,"Yeah, that’s Papa John’s guy is really giving us all a bad rap."
2008,4574,1,1,52,54,1.0555555555555556,0.0410949597147016,631,30 minutes or less?
3508,4574,1,1,52,54,1.0555555555555556,0.0410949597147016,631,I'm making a pizza-chute.
4190,4574,0,3,51,54,1.0555555555555556,0.031464006330825245,631,"They confiscated my water bottle, so I had to use spit in the dough."
4335,4574,0,3,51,54,1.0555555555555556,0.031464006330825245,631,It  puffs up  immoderately in first.
5074,4574,0,3,51,54,1.0555555555555556,0.031464006330825245,631,The airplane food market is going to take off. As a white male chef I have a duty to tap into it.
1080,4574,1,1,52,54,1.0555555555555556,0.0410949597147016,631,"Yeah, this train just added pie-fly to the wi-fi."
1553,4574,0,3,51,54,1.0555555555555556,0.031464006330825245,631,I need to stop taking my work home with me.
3390,4585,0,2,45,47,1.0425531914893618,0.029760791752350448,631,I don't have sauce or cheese so this is just practice.
3403,4585,0,2,45,47,1.0425531914893618,0.029760791752350448,631,...And that's when I realized maybe this job wasn't meant to be
3413,4585,0,2,45,47,1.0425531914893618,0.029760791752350448,631,Airpockets abound!
3515,4585,0,2,45,47,1.0425531914893618,0.029760791752350448,631,"Hey, it’s easier to take care than a support dog—and I can eat it later tonight."
3538,4585,0,2,45,47,1.0425531914893618,0.029760791752350448,631,"What!?, your doing your work on the plain"
2706,4585,0,2,45,47,1.0425531914893618,0.029760791752350448,631,"Don't worry, it won't kill you to eat it!"
3295,4585,0,2,45,47,1.0425531914893618,0.029760791752350448,631,apparently it's the only way to get novichok through JFK...
2094,4585,0,2,45,47,1.0425531914893618,0.029760791752350448,631,I find I get the best crust when I get the most height.
2111,4585,0,2,45,47,1.0425531914893618,0.029760791752350448,631,"No, I won't meet you in the bathroom! I'm a proud member of the Mile High Pizza Making Club!"
2139,4585,0,2,45,47,1.0425531914893618,0.029760791752350448,631,"I found dough rises faster at 36,000 feet."
2177,4585,0,2,45,47,1.0425531914893618,0.029760791752350448,631,Margherita al pesce -- just as soon as we pull in to Crust Station.
2222,4585,0,2,45,47,1.0425531914893618,0.029760791752350448,631,"It's a self assurance thing.  In the dream I'm spinning the stuff
with my feet."
2345,4585,0,2,45,47,1.0425531914893618,0.029760791752350448,631,I like keeping my hands busy.
2371,4585,0,2,45,47,1.0425531914893618,0.029760791752350448,631,This is for emotional support--I suffer from fear of  not having pizza while flying.
2414,4585,0,2,45,47,1.0425531914893618,0.029760791752350448,631,Unfortunately the Sauce is check-in only.
2430,4585,0,2,45,47,1.0425531914893618,0.029760791752350448,631,"Oh no, I'm not a method actor. Method is for losers, man. I just don't like airline food."
2484,4585,0,2,45,47,1.0425531914893618,0.029760791752350448,631,"You like Weiswurst, Madame?"
2576,4585,0,2,45,47,1.0425531914893618,0.029760791752350448,631,"An extra thirty bucks, but that's 2 toppings."
2629,4585,0,2,45,47,1.0425531914893618,0.029760791752350448,631,Pepperoni high rise comin up!
2656,4585,0,2,45,47,1.0425531914893618,0.029760791752350448,631,I only work first class.
2680,4585,0,2,45,47,1.0425531914893618,0.029760791752350448,631,It pairs well with ginger ale.
3590,4585,0,2,45,47,1.0425531914893618,0.029760791752350448,631,whole wheat---fair trade----organic wheat----healthy pizza---Italy needs it
2891,4585,0,2,45,47,1.0425531914893618,0.029760791752350448,631,"If we go down, save the pizza."
2948,4585,0,2,45,47,1.0425531914893618,0.029760791752350448,631,"Would you please order me a can of tomato juice, open it, and hand it to me when we land in Australia tomorrow?"
3114,4585,0,2,45,47,1.0425531914893618,0.029760791752350448,631,It’s either this or my lunch.
3118,4585,0,2,45,47,1.0425531914893618,0.029760791752350448,631,You gotta make sure it rises properly.
3124,4585,0,2,45,47,1.0425531914893618,0.029760791752350448,631,You’ve got to watch the rise at altitude.
3144,4585,0,2,45,47,1.0425531914893618,0.029760791752350448,631,It's a shame they don't have an oven on here.
3155,4585,0,2,45,47,1.0425531914893618,0.029760791752350448,631,I'll get better when the pressure drops.
3179,4585,0,2,45,47,1.0425531914893618,0.029760791752350448,631,"Since the incident,Papa John now flies coach."
3209,4585,0,2,45,47,1.0425531914893618,0.029760791752350448,631,"The higher we go, the better my dough."
3212,4585,0,2,45,47,1.0425531914893618,0.029760791752350448,631,I just never thought I'd have to work on the commute.
3371,4585,0,2,45,47,1.0425531914893618,0.029760791752350448,631,"Have you ever seen someone on the plane tossing pizza dough? Neither have I, so I guess I'm a weir-dough."
3701,4585,0,2,45,47,1.0425531914893618,0.029760791752350448,631,And that's why I would make a great pilot!
4322,4585,0,2,45,47,1.0425531914893618,0.029760791752350448,631,"It's their new batter system,18 more and I can make my connector."
3822,4585,0,2,45,47,1.0425531914893618,0.029760791752350448,631,Sausage or pepperoni?
4740,4585,0,2,45,47,1.0425531914893618,0.029760791752350448,631,Competition is the essence of capitalism
4742,4585,0,2,45,47,1.0425531914893618,0.029760791752350448,631,You’ve-a got to keep-a the dough a-moving.
4820,4585,0,2,45,47,1.0425531914893618,0.029760791752350448,631,The seats are so cramped that I cant make a meringue on board these days.
4989,4585,0,2,45,47,1.0425531914893618,0.029760791752350448,631,"Colonel Sanders used that word all the time, but you don't see him in coach."
5023,4585,0,2,45,47,1.0425531914893618,0.029760791752350448,631,This is one sure way to get the dough to rise.
5111,4585,0,2,45,47,1.0425531914893618,0.029760791752350448,631,"When you really think about it, being airborne is really as big a part of my job as the pilot's"
4707,4585,0,2,45,47,1.0425531914893618,0.029760791752350448,631,This way I don't have to pay for using the overhead bin.
5121,4585,0,2,45,47,1.0425531914893618,0.029760791752350448,631,I'm at the double pepperoni frequent flyer level.
5537,4585,0,2,45,47,1.0425531914893618,0.029760791752350448,631,"If this isn't the world's highest pizza toss, I'll be a monkey's sous chef."
5583,4585,0,2,45,47,1.0425531914893618,0.029760791752350448,631,"We're a mile from touchdown, your lunch is floating, so fasten your belt."
5590,4585,0,2,45,47,1.0425531914893618,0.029760791752350448,631,I owe it to my customers' gut health to prep my food in the least sterile environments.
5651,4585,0,2,45,47,1.0425531914893618,0.029760791752350448,631,"Ladies and gentlemen, I think we have lift-off.""
Arthur Rowse

aerowse@gmail.co"
5654,4585,0,2,45,47,1.0425531914893618,0.029760791752350448,631,"No really, it makes a difference when you toss it at altitude."
5658,4585,0,2,45,47,1.0425531914893618,0.029760791752350448,631,Just flipping pizza on a plane!
5490,4585,0,2,45,47,1.0425531914893618,0.029760791752350448,631,"Lady, dough you need something or what"
4664,4585,0,2,45,47,1.0425531914893618,0.029760791752350448,631,"You wanted extra Pepperoni, right?"
4583,4585,0,2,45,47,1.0425531914893618,0.029760791752350448,631,I fly with this so if it ever stays up in the air I'll know there's trouble.
4527,4585,0,2,45,47,1.0425531914893618,0.029760791752350448,631,I’m heading to Drury Lane to check out the competition.
3833,4585,0,2,45,47,1.0425531914893618,0.029760791752350448,631,I just like to feel that I can handle anything these no meal flights throw at me.
3839,4585,0,2,45,47,1.0425531914893618,0.029760791752350448,631,"... and so of course I’m like, ‘What do you mean, what’s the deal with airline food?’"
3993,4585,0,2,45,47,1.0425531914893618,0.029760791752350448,631,"If I keep working while we fly, I may be able to finish before we land."
3999,4585,0,2,45,47,1.0425531914893618,0.029760791752350448,631,"I just find the dough has a more satisfying chew when it's been thrown at 30,000 feet"
4117,4585,0,2,45,47,1.0425531914893618,0.029760791752350448,631,Want to join the Pizza High Club?
4121,4585,0,2,45,47,1.0425531914893618,0.029760791752350448,631,I wanted my dough to soar the highest. I'm practicing right now. The flight attendant is about to lead me out to the top of the aircraft. This'll show them. This'll show them all.
4123,4585,0,2,45,47,1.0425531914893618,0.029760791752350448,631,It helps me relax on these long flights.
4131,4585,0,2,45,47,1.0425531914893618,0.029760791752350448,631,Richard complains that I bring my work home with me.
4255,4585,0,2,45,47,1.0425531914893618,0.029760791752350448,631,"I JUST FIND THAT WHEN THE CABIN DEPRESSURIZES , THE CRUST IS MUCH MORE FLAKY."
1995,4585,0,2,45,47,1.0425531914893618,0.029760791752350448,631,"But if I , G.W.Bush, pass some dough back to Putin   behind me, will I be accused of ""canoodling"" with Russia?    Sour dough---he didn’t win the election.  What, he  had his own election?  Why?"
4327,4585,0,2,45,47,1.0425531914893618,0.029760791752350448,631,Just keeping my skills up.
4364,4585,0,2,45,47,1.0425531914893618,0.029760791752350448,631,I suffer from fear of flying syndrome and find this quite therapeutic.
4417,4585,0,2,45,47,1.0425531914893618,0.029760791752350448,631,It's an experiment to see if anyone notices in this technological age.
4424,4585,0,2,45,47,1.0425531914893618,0.029760791752350448,631,It just makes me feel better whenever it comes down.
4518,4585,0,2,45,47,1.0425531914893618,0.029760791752350448,631,"I got sick of ""One potato, two potato"""
3709,4585,0,2,45,47,1.0425531914893618,0.029760791752350448,631,I wonder if he's going to share with the rest of us?
1903,4585,0,2,45,47,1.0425531914893618,0.029760791752350448,631,If it doesn't come down we're in trouble.
398,4585,0,2,45,47,1.0425531914893618,0.029760791752350448,631,I’m always online when I’m away from the office
1816,4585,0,2,45,47,1.0425531914893618,0.029760791752350448,631,It's supposed to be a no-rise dough.
647,4585,0,2,45,47,1.0425531914893618,0.029760791752350448,631,Just trying to make some extra dough!
637,4585,0,2,45,47,1.0425531914893618,0.029760791752350448,631,"Cell phones, you know?  I can't stop working, even on vacation."
584,4585,0,2,45,47,1.0425531914893618,0.029760791752350448,631,"Haven’t we all learned  yet?, the more dough you have, the more you knead."
434,4585,1,0,46,47,1.0425531914893618,0.04255319148936171,631,Simplicity Simon met a pie man going to the affair.
378,4585,0,2,45,47,1.0425531914893618,0.029760791752350448,631,"Topped with rubber chicken, what else?"
357,4585,0,2,45,47,1.0425531914893618,0.029760791752350448,631,"I just find that it rises better at 30,000 feet."
343,4585,0,2,45,47,1.0425531914893618,0.029760791752350448,631,Too bad your parents don't have pie holes.
328,4585,0,2,45,47,1.0425531914893618,0.029760791752350448,631,"If I don't get there in thirty minutes or less, it's free."
698,4585,0,2,45,47,1.0425531914893618,0.029760791752350448,631,"They say making it in New York is hard, turns out making it here is much harder."
320,4585,0,2,45,47,1.0425531914893618,0.029760791752350448,631,The world record holder for highest pizza toss
154,4585,0,2,45,47,1.0425531914893618,0.029760791752350448,631,The Pizza Dough on the Pizza Plane.
148,4585,0,2,45,47,1.0425531914893618,0.029760791752350448,631,"I just thought that with 250 people's germs floating in the air,
this might be the tastiest antidote to the flu."
133,4585,0,2,45,47,1.0425531914893618,0.029760791752350448,631,"I hate to work on vacation, but I gotta make the dough somehow! Oh, jeez, this is the kind of answer they actually pick. Um, god, uh. Think, Alex. Don’t compromise your integrity. Really GIVE IT to them. Ah, got it!

Butthole"
119,4585,0,2,45,47,1.0425531914893618,0.029760791752350448,631,The secret to good pizza is tossing he dough nice and high
90,4585,0,2,45,47,1.0425531914893618,0.029760791752350448,631,I get a lot more accomplished while flying and I don't have to stop during take-offs and landings.
39,4585,0,2,45,47,1.0425531914893618,0.029760791752350448,631,I'm a pizza trainee!
37,4585,0,2,45,47,1.0425531914893618,0.029760791752350448,631,You should see what I’d have under there if this was Business Class
1879,4585,0,2,45,47,1.0425531914893618,0.029760791752350448,631,"I have always been a ""pie in the sky"" kinda guy."
218,4585,0,2,45,47,1.0425531914893618,0.029760791752350448,631,"I´m just making some pizza for the airplane riders, just ignore me."
761,4585,0,2,45,47,1.0425531914893618,0.029760791752350448,631,I'm a sexual predator the dough makes me safe!
341,4585,0,2,45,47,1.0425531914893618,0.029760791752350448,631,You May Think it's Strange but the turbulence manes it Munch Easter !
795,4585,1,0,46,47,1.0425531914893618,0.04255319148936171,631,"Rissing crust experiment, wish me luck!"
1811,4585,0,2,45,47,1.0425531914893618,0.029760791752350448,631,"Cheapa flight. No, uh service. Im'a makin' my owna pizza."
763,4585,0,2,45,47,1.0425531914893618,0.029760791752350448,631,"If you can't make first class, economy is fine."
1543,4585,0,2,45,47,1.0425531914893618,0.029760791752350448,631,"Hey, do you happen to have some tomato sauce?"""
1432,4585,0,2,45,47,1.0425531914893618,0.029760791752350448,631,Hot Dog here!
1398,4585,0,2,45,47,1.0425531914893618,0.029760791752350448,631,First Class makes it cost too much.
1371,4585,0,2,45,47,1.0425531914893618,0.029760791752350448,631,I'm on-the-job too; Uber eats delivery of a Chicago deep dish
1324,4585,0,2,45,47,1.0425531914893618,0.029760791752350448,631,"Hey, I’m a big Joe Hill fan."
1321,4585,0,2,45,47,1.0425531914893618,0.029760791752350448,631,I was inspired after reading articles on pack your own food for your next flight.
1253,4585,0,2,45,47,1.0425531914893618,0.029760791752350448,631,"Gianpaolo, he is a Sardinian long-eared bat.
But-a now, he is-a...Not Allowed!"
1229,4585,0,2,45,47,1.0425531914893618,0.029760791752350448,631,"Somehow by aerating the dough at 30,000 feet instead of sea level,"
1726,4585,0,2,45,47,1.0425531914893618,0.029760791752350448,631,I'm on a bus mans holiday
1049,4585,0,2,45,47,1.0425531914893618,0.029760791752350448,631,Subway rats like the discounted airline fares.
1018,4585,0,2,45,47,1.0425531914893618,0.029760791752350448,631,"What are you doing on a plane; tossing pizza dough into the air?

Have you gone mad?"
990,4585,0,2,45,47,1.0425531914893618,0.029760791752350448,631,I also like to use this time to catch up on work
938,4585,0,2,45,47,1.0425531914893618,0.029760791752350448,631,"I'm not a chef, it's how I get my therapy dough onto the plane."
891,4585,0,2,45,47,1.0425531914893618,0.029760791752350448,631,"It's my secret recipe for kids, just put FLUBBER in the cooking flour."
818,4585,0,2,45,47,1.0425531914893618,0.029760791752350448,631,And to think that I used to complain about after-hours emails.
1103,4585,0,2,45,47,1.0425531914893618,0.029760791752350448,631,"My girlfriend is picking me up at the airport, and I thought I would give her a surprise."
802,4585,0,2,45,47,1.0425531914893618,0.029760791752350448,631,"The dough, she's more elastic at 30,000 feet."
2021,4699,0,2,46,48,1.0416666666666667,0.029147663515556005,631,I’m the new Air Marshal
1271,4700,0,2,48,50,1.04,0.02799416848895062,631,"We're not different at all. The Captain announces we've leveled off for cruising before I begin, and I have to finish before turns and descent for landing."
3175,4700,0,2,48,50,1.04,0.02799416848895062,631,Sorry if I’m bothering you.  I need to catch up on work.
4077,4700,0,2,48,50,1.04,0.02799416848895062,631,I just got back from seeing the leaning tower of Pizza and now I’m infatuated with Italian dishes
5328,4700,0,2,48,50,1.04,0.02799416848895062,631,Well I'm gluten free
1067,4700,0,2,48,50,1.04,0.02799416848895062,631,The additional train movement adds texture
3013,4705,0,2,50,52,1.0384615384615385,0.02692846315438478,631,"Real news, fake news, it's a toss up!"
4243,4706,0,1,42,43,1.0232558139534884,0.023531040266750583,631,I'm like the wolf who has his hand.
3476,4706,0,1,42,43,1.0232558139534884,0.023531040266750583,631,It's our latest effort in customer satisfaction and delivery.
3351,4706,0,1,42,43,1.0232558139534884,0.023531040266750583,631,My instructor told me I wasn't throwing it high enough.
3185,4706,0,1,42,43,1.0232558139534884,0.023531040266750583,631,"Quiet car, yes. Pizza car, also yes."
1860,4706,0,1,42,43,1.0232558139534884,0.023531040266750583,631,"'We're starting a new trend - from pizza parlor to plane"""
1486,4706,0,1,42,43,1.0232558139534884,0.023531040266750583,631,"No, no, your doing it all wrong. You need the pizza dough....See, just look at wikipedia!"
648,4706,0,1,42,43,1.0232558139534884,0.023531040266750583,631,The recycled plane air makes the dough fluffier.
410,4706,0,1,42,43,1.0232558139534884,0.023531040266750583,631,It beats a 1/4 oz. bag of peanuts.
5284,4706,0,1,42,43,1.0232558139534884,0.023531040266750583,631,We're forecast to hit several patches of tomato sauce and mozzarella in the air.
2126,4715,0,1,43,44,1.0227272727272727,0.022990024493585143,631,The felon in seat 2B wants pizza for his last meal.
2705,4715,0,1,43,44,1.0227272727272727,0.022990024493585143,631,"Sorry, all of Emelia's pizzas are reserved till 7:30"
3900,4715,0,1,43,44,1.0227272727272727,0.022990024493585143,631,"Support dog, support cat, ...support dough."
4854,4715,0,1,43,44,1.0227272727272727,0.022990024493585143,631,Beef  or chicken ? I'm up in the air...
3985,4715,0,1,43,44,1.0227272727272727,0.022990024493585143,631,"To get rid of an air pocket, you have to be in an air pocket.""

Hersey English Dept."
1452,4715,0,1,43,44,1.0227272727272727,0.022990024493585143,631,This plane has really bad turbulence!
3113,4721,0,1,44,45,1.0222222222222221,0.022473328748774737,631,We just had a baby. My wife wants me to practice throwing things up without spinning it at the same time.
3761,4721,0,1,44,45,1.0222222222222221,0.022473328748774737,631,"If we hit a down draft, the guy to my left will be wearing a thin crust cap."
4560,4721,0,1,44,45,1.0222222222222221,0.022473328748774737,631,I’m too a workaholic.
1893,4721,0,1,44,45,1.0222222222222221,0.022473328748774737,631,"It may seem odd, but the increased elevation really lightens up the crust."
4565,4721,0,1,44,45,1.0222222222222221,0.022473328748774737,631,It taste like a hot dog only without the calories!
3052,4726,0,1,45,46,1.0217391304347827,0.021979349113192898,631,"You know, I don't mind any in-flight delays.  I just get that much closer to my 10,000 hours."
1004,4726,0,1,45,46,1.0217391304347827,0.021979349113192898,631,I had never tossed a pizza this high
2116,4726,0,1,45,46,1.0217391304347827,0.021979349113192898,631,"I'm not sure why, but high altitude inspires me."
4406,4726,0,1,45,46,1.0217391304347827,0.021979349113192898,631,"Yeah, I saw this bad film called “Up in the Air.”  It was horrible, but the scene where the side piece tells the character played by that tendentious buffoon, George Clooney, “Scram pervo!  This my real life and you aren’t in it!”  Really resonated."
5010,4726,0,1,45,46,1.0217391304347827,0.021979349113192898,631,"Of course, I'd rather be on a 747, but this'll do"
499,4731,0,1,46,47,1.0212765957446808,0.021506619680967013,631,That was some flash flood!  At least my hair didn't get wet!
1151,4731,0,1,46,47,1.0212765957446808,0.021506619680967013,631,I couldn’t wait ‘til Boston for some pizza.
1273,4731,0,1,46,47,1.0212765957446808,0.021506619680967013,631,"No little, dead fish . . . simply a plane pie-in-the-sky!"
1200,4734,0,1,47,48,1.0208333333333333,0.021053798026662972,631,Mile high pie!
1941,4734,0,1,47,48,1.0208333333333333,0.021053798026662972,631,"Yeah, it's a different kind of workplace stress."
1548,4736,0,1,49,50,1.02,0.020203050891044214,631,"...so, this is how I caught my hands in the dough."
5142,4736,0,1,49,50,1.02,0.020203050891044214,631,You've heard of emotional support animals?
1626,4736,0,1,49,50,1.02,0.020203050891044214,631,That cabin cooking area simply makes me sick!
2067,4739,0,0,40,40,1.0,0.025318484177091666,631,Here's the deal. I've never been one for airline food.
72,4739,0,0,40,40,1.0,0.025318484177091666,631,Actually the big story is making the hot dog grow too.
76,4739,0,0,41,41,1.0,0.02469323991623974,631,"""I didn't pay for the wi-fi"""
1196,4739,0,0,40,40,1.0,0.025318484177091666,631,"They say the secret is the NY water, but I think it’s the air at 30,000 feet above the Atlantic."
1592,4739,0,0,40,40,1.0,0.025318484177091666,631,This year I'm taking a working vacation.
1755,4739,0,0,40,40,1.0,0.025318484177091666,631,The altitude actually makes this really difficult.
1964,4739,0,0,41,41,1.0,0.02469323991623974,631,Dough therapy takes all harried commuters to their happy place.
4955,4739,0,0,40,40,1.0,0.025318484177091666,631,I hope this eventually becomes the next viral post on social media.
4644,4739,0,0,41,41,1.0,0.02469323991623974,631,I call it pizza pilot!
4639,4739,0,0,40,40,1.0,0.025318484177091666,631,Just putting my dough in airplane mode.
4416,4739,0,0,40,40,1.0,0.025318484177091666,631,"Well, not as bad as an emotional support dog but a little worse than worry beads -- for you."
2478,4739,0,0,40,40,1.0,0.025318484177091666,631,This is what I get for avoiding the seat next to the mother with her baby in the other car.
2413,4739,0,0,41,41,1.0,0.02469323991623974,631,I'm going for fourteen Guinness world records at once.
2329,4739,0,0,40,40,1.0,0.025318484177091666,631,Laptops are passe compared to my hovering pizza dough. It contains nanochips and is its own ISP in airline mode.
1502,4739,0,0,60,60,1.0,0.016807316136320357,631,"Florida still doesn't have good pizza, it's the water."
5503,4739,0,0,67,67,1.0,0.015038019057934237,631,"It's the germs, they make for a unique taste, way above savory and sweet,  not found in any known spices."""
2447,4739,0,0,60,60,1.0,0.016807316136320357,631,Sorry but the TSA drew the line at pepperoni.
2858,4739,0,0,51,51,1.0,0.019802950859533486,631,I always have trouble sleeping on planes. It's only the seat belt keeps me from turning as well.
2878,4739,0,0,51,51,1.0,0.019802950859533486,631,You’d be surprised the skills overlap between culinary and my career in the minors.”
978,4739,0,0,60,60,1.0,0.016807316136320357,631,All my dough is in flight safe mode.
2558,4739,0,0,60,60,1.0,0.016807316136320357,631,The captain needs a fresh pie.
2612,4739,0,0,60,60,1.0,0.016807316136320357,631,I'm working on a new gelato flavor.
2754,4739,0,0,60,60,1.0,0.016807316136320357,631,"You do have to avoid doing this if we hit an air pocket"""
3501,4739,0,0,51,51,1.0,0.019802950859533486,631,We at Six-Mile-High Pizza wouldn't be worth our salt if we didn't come up here to do this.
2815,4739,0,0,60,60,1.0,0.016807316136320357,631,"I keep hoping planes will soon have wood-fired ovens. Meanwhile, practice makes perfect."
2789,4739,0,0,63,63,1.0,0.01600051202457731,631,In first class they have a sou chef to do it for me.
5445,4739,0,0,63,63,1.0,0.01600051202457731,631,It’s actually easier to toss if we hit turbulence.
3151,4739,0,0,60,60,1.0,0.016807316136320357,631,A bun in the air is like one in the oven.
3477,4739,0,0,60,60,1.0,0.016807316136320357,631,You look as dough you’ve seen a ghost!
4609,4739,0,0,58,58,1.0,0.017391961901349125,631,"Gluten free, meet free, and taste better then the original"
248,4739,0,0,63,63,1.0,0.01600051202457731,631,These fidget spinners are getting out of control!
5341,4739,0,0,60,60,1.0,0.016807316136320357,631,"So then I said, ""Oh Yeah!  Let me speak to YOUR manager!""  And now here I am."
2124,4739,0,0,63,63,1.0,0.01600051202457731,631,"Since Americans invented the pizza, I want to tell those Genoa bakers how to make the real stuff."
4969,4739,0,0,63,63,1.0,0.01600051202457731,631,... even when it's bad it's pretty good.  And I'm in the mile high club for both.
5307,4739,0,0,51,51,1.0,0.019802950859533486,631,what am i go my to do? there is no room in the overhead rack. would you mind googling “cooking pizza under the seat in front of you”?
41,4739,0,0,62,62,1.0,0.016260700012185932,631,I'm famous for my flying pizza.
1191,4739,0,0,55,55,1.0,0.018349396085439344,631,"I cannot get that Longfellow poem, about ""Heights by great men"", out of my head."
5437,4739,0,0,55,55,1.0,0.018349396085439344,631,"Did you notice?  The plane is sinking, and the pizza dough is rising"
4,4739,0,0,57,57,1.0,0.01769980813511972,631,"You have to make sure to let the dough rise, literally."
1595,4739,0,0,57,57,1.0,0.01769980813511972,631,"I usually sit up front, but I knead the dough so today I'm flying coach."
1215,4739,0,0,54,54,1.0,0.018692405136401476,631,I find that this is the best way for the dough to rise.
3102,4739,0,0,63,63,1.0,0.01600051202457731,631,Powering up my laptop - it's a pizza work
4739,4739,0,0,63,63,1.0,0.01600051202457731,631,Always being connected has got me stretched thin.
3126,4739,0,0,63,63,1.0,0.01600051202457731,631,There's Fast Food. Then there's  Express Food.
4109,4739,0,0,60,60,1.0,0.016807316136320357,631,"Or, 'Our Space Force dough rises higher, but at pork barrel prices. Now with more lard!"
5452,4739,0,0,67,67,1.0,0.015038019057934237,631,Excuse my flight mode.
3964,4739,0,0,116,116,1.0,0.008658089785895598,631,"If you can’t keep your eye off my big pizza pie, that’s amor-ayy!"
2378,4739,0,0,67,67,1.0,0.015038019057934237,631,Security took my oven.
1475,4739,0,0,106,106,1.0,0.00947877943928333,631,"I always bring extra dough when I am flying, so I can tip the flight attendants!"
56,4739,0,0,180,180,1.0,0.0055710522538739635,631,Then...they wanted farm-to-aircraft...they said...
2639,4739,0,0,180,180,1.0,0.0055710522538739635,631,No really. With the lower air density up here pretty much anyone can do it.
2854,4739,0,0,180,180,1.0,0.0055710522538739635,631,"Actually, the hardest part is cutting the pizza after it's done."
1203,4739,0,0,176,176,1.0,0.005698028822981898,631,The beauty of it is I can do my job anywhere.
1266,4739,0,0,176,176,1.0,0.005698028822981898,631,The delay in the rise of the Chicago-style is usually 45 minutes.
2668,4739,0,0,176,176,1.0,0.005698028822981898,631,It'll cost you $25 but you're allowed one free topping.
2669,4739,0,0,176,176,1.0,0.005698028822981898,631,I do my best work in the air.
3889,4739,0,0,176,176,1.0,0.005698028822981898,631,They said the yeast needs to rise...
4477,4739,0,0,176,176,1.0,0.005698028822981898,631,"When the moon hits your eye like a big pizza pie, that's amore.
How you doing?"
979,4739,0,0,106,106,1.0,0.00947877943928333,631,You wanted pepperoni but this is a vegetarian flight
5052,4739,0,0,182,182,1.0,0.005509662779839086,631,The best pizzas are always hand-tossed.
4980,4739,0,0,176,176,1.0,0.005698028822981898,631,Im just doing my homework from cooking school
116,4739,0,0,173,173,1.0,0.005797125801881866,631,"We're about to land, you should put your laptop away."
948,4739,0,0,106,106,1.0,0.00947877943928333,631,"Believe me, I know I'm a bore. But, this chef always gives his 'student' two armrests when viewing pizza flips."
163,4739,0,0,173,173,1.0,0.005797125801881866,631,"As Air Marshals, we are usually supposed to blend in but today is Casual Friday."
786,4739,0,0,173,173,1.0,0.005797125801881866,631,"Okay, yes, it's a 'pie in the sky' idea."
926,4739,0,0,173,173,1.0,0.005797125801881866,631,"I'm sorry, but this is only for first class passengers."
1784,4739,0,0,173,173,1.0,0.005797125801881866,631,"They told me I couldn't check it in"""
1857,4739,0,0,173,173,1.0,0.005797125801881866,631,Sometimes I take my work home with me.
1967,4739,0,0,173,173,1.0,0.005797125801881866,631,"Nothing ""hits your eye like a big pizza pie""-that's a flying."
3358,4739,0,0,173,173,1.0,0.005797125801881866,631,Airplane food... am I right?
3378,4739,0,0,173,173,1.0,0.005797125801881866,631,"Whoops, I jerked off so hard my dick popped off."
5130,4739,0,0,173,173,1.0,0.005797125801881866,631,I hope you like plane bread.
97,4739,0,0,173,173,1.0,0.005797125801881866,631,"I don't know!  I was in my pizzeria in the Bronx in 1947, there was an explosion...and, and, here I am!"
361,4739,0,0,106,106,1.0,0.00947877943928333,631,"Can you believe my clients in 1st Class, were able to convince the airlines that I was a service dog!"
4915,4739,0,0,182,182,1.0,0.005509662779839086,631,Emma is a registered emotional support dough.
4723,4739,0,0,182,182,1.0,0.005509662779839086,631,"Actually, I'm an air marshal.  This is just camouflage."
4175,4739,0,0,186,186,1.0,0.005390855162578571,631,The secret is getting the dough to rise.
4823,4739,0,0,186,186,1.0,0.005390855162578571,631,Do you think they'll let me borrow their microwave?
5281,4739,0,0,186,186,1.0,0.005390855162578571,631,"No, you’re thinking of the Famous Original Ray’s in 7F."
5491,4739,0,0,186,186,1.0,0.005390855162578571,631,I wanted to upgrade but didn’t have enough dough.
1260,4739,0,0,184,184,1.0,0.005449611511042573,631,"I find the does rises better at 30,000 feet."
3189,4739,0,0,106,106,1.0,0.00947877943928333,631,I'm high jacking this plane! My food is a lethal weapon
2614,4739,0,0,184,184,1.0,0.005449611511042573,631,"No, it actually comes straight down."
4910,4739,0,0,184,184,1.0,0.005449611511042573,631,It's either this or the peanuts.
5515,4739,0,0,184,184,1.0,0.005449611511042573,631,"What, so everybody can work on the plane but me?!"
913,4739,0,0,185,185,1.0,0.0054200741037597235,631,"So I says’ it don’t need  pineapple,’ and next thing ya know, I won this trip to Hawaii."
85,4739,0,0,182,182,1.0,0.005509662779839086,631,T.S.A. took away my sauce and cheese.
4761,4739,0,0,182,182,1.0,0.005509662779839086,631,You should see the dough they make in first class
419,4739,0,0,182,182,1.0,0.005509662779839086,631,"I hear the higher it gets, the better it flattens out."
1987,4739,0,0,182,182,1.0,0.005509662779839086,631,It's for the First Class passengers.
2543,4739,0,0,182,182,1.0,0.005509662779839086,631,"Because pizzas have zero gravity at 30,000 feet"
2857,4739,0,0,182,182,1.0,0.005509662779839086,631,I'm trying to decide between being a chef or being a method actor playing a chef.
2655,4739,0,0,106,106,1.0,0.00947877943928333,631,You can only learn so much from an online pizza making course. Now it’s time for the hands on lessons
3096,4739,0,0,182,182,1.0,0.005509662779839086,631,"When you are an Air Marshal, you need a good disguise."
2549,4739,0,0,106,106,1.0,0.00947877943928333,631,"If it doesn't come down, we are in big trouble."
3922,4739,0,0,182,182,1.0,0.005509662779839086,631,"No, not plain pizza. It's www.plane pizza."
3952,4739,0,0,182,182,1.0,0.005509662779839086,631,I admit it’s a little pie in the sky.
4197,4739,0,0,182,182,1.0,0.005509662779839086,631,...forgot my out-of-office reply.
4326,4739,0,0,182,182,1.0,0.005509662779839086,631,"Its a new federal program called ""pie in the sky"" !"
4476,4739,0,0,182,182,1.0,0.005509662779839086,631,They don't allow comfort peacocks anymore.
865,4739,0,0,182,182,1.0,0.005509662779839086,631,"Wait'll you see the flash baking in the jet engine."""
353,4739,0,0,106,106,1.0,0.00947877943928333,631,"This is easy, I am normally sat next to children."
162,4739,0,0,171,171,1.0,0.005865127858981557,631,I had to check the ingredients.
383,4739,0,0,171,171,1.0,0.005865127858981557,631,"""I'm putting it in airplane mode"""
359,4739,0,0,164,164,1.0,0.006116236550659085,631,The secret to a perfect pizza is tossing it high in the air.
3511,4739,0,0,108,108,1.0,0.009302426203099127,631,So my psychiatrist said “Just act natural.”
1282,4739,0,0,164,164,1.0,0.006116236550659085,631,It would have been surprisingly good but for the sauce in the checked luggage.
1477,4739,0,0,164,164,1.0,0.006116236550659085,631,My food truck is in the shop.
1794,4739,0,0,164,164,1.0,0.006116236550659085,631,The air is lighter in the air
2492,4739,0,0,164,164,1.0,0.006116236550659085,631,Have you ever seen a basketball star without his ball?
2771,4739,0,0,164,164,1.0,0.006116236550659085,631,Don't worry - TSA checked it for gluten.
2339,4739,0,0,108,108,1.0,0.009302426203099127,631,The cabin pressurization is good for the crust.
3055,4739,0,0,164,164,1.0,0.006116236550659085,631,Business is really starting to take off.
3183,4739,0,0,164,164,1.0,0.006116236550659085,631,Just catching up on a little work.
3336,4739,0,0,164,164,1.0,0.006116236550659085,631,Best thing is I don't have to stop doing this when we take off and land.
247,4739,0,0,164,164,1.0,0.006116236550659085,631,I'm pretty sure this is a new world record for height.
3385,4739,0,0,164,164,1.0,0.006116236550659085,631,I wish I could stop taking my work home with me.
922,4739,0,0,162,162,1.0,0.006191980139726142,631,"I’m not being flip. Yeah, there really is a mile-high pizza toss club."
1428,4739,0,0,108,108,1.0,0.009302426203099127,631,"I didn't have to buy an extra ticket, since it's a Lap Pizza."
1342,4739,0,0,108,108,1.0,0.009302426203099127,631,"You've misspelled ""dough."""
1339,4739,0,0,108,108,1.0,0.009302426203099127,631,You have to rest it on the back of your hands - toss it in the air with your left hand while spin it with your right hand - It takes a little practice. Wanna try?
1120,4739,0,0,162,162,1.0,0.006191980139726142,631,"Sorry, we haven’t gone digital yet..."
1186,4739,0,0,162,162,1.0,0.006191980139726142,631,Thank you for looking at me !
2663,4739,0,0,162,162,1.0,0.006191980139726142,631,Had to take work home with me.
3083,4739,0,0,162,162,1.0,0.006191980139726142,631,Remember the Seinfleld episode when Puddy just stared at the seat in front of him?
770,4739,0,0,108,108,1.0,0.009302426203099127,631,"As long as we're on an elliptical flight path, it'll stay up there."
5260,4739,0,0,162,162,1.0,0.006191980139726142,631,"When we reach 30,000 feet, you can begin to spread it out."
570,4739,0,0,160,160,1.0,0.006269623282193989,631,"We start by infusing the dough with quality, organic middle seat flavor...everything at my restaurant is inspired by experiences of the common man."
4801,4739,0,0,164,164,1.0,0.006116236550659085,631,"After I left politics, I needed a creative outlet."
4324,4739,0,0,167,167,1.0,0.006006033087351441,631,The TSA confiscated my tomato sauce.
2284,4739,0,0,167,167,1.0,0.006006033087351441,631,I don’t care what they say. My pizza dough gets the oxygen mask before me.
5092,4739,0,0,169,169,1.0,0.005934744229311227,631,There is also a portable brick oven on board.
3357,4739,0,0,171,171,1.0,0.005865127858981557,631,I like to throw my dough around when I travel.
5095,4739,0,0,171,171,1.0,0.005865127858981557,631,"My bad, you don't need as much yeast at this altitude..."
5424,4739,0,0,171,171,1.0,0.005865127858981557,631,Trump promised me the pizza concession for the Space Force.
276,4739,0,0,169,169,1.0,0.005934744229311227,631,I’m just trying to get into the mile high pie club.
426,4739,0,0,169,169,1.0,0.005934744229311227,631,I hate airline food.
887,4739,0,0,169,169,1.0,0.005934744229311227,631,My specialty is high altitude cooking.
1155,4739,0,0,169,169,1.0,0.005934744229311227,631,I must admit I just don’t get this ‘working vacation’ concept.
1173,4739,0,0,169,169,1.0,0.005934744229311227,631,"When we say fast food, we mean it."
4280,4739,0,0,109,109,1.0,0.009216687726822183,631,"I am saving money by riding the train, because I really 'need the dough"
1175,4739,0,0,169,169,1.0,0.005934744229311227,631,I don’t like their movie selection.
1615,4739,0,0,169,169,1.0,0.005934744229311227,631,The ability to work remotely has reached new heights in the 21st century.
2192,4739,0,0,169,169,1.0,0.005934744229311227,631,"Don’t worry, miss, it’s gluten-free."
5322,4739,0,0,108,108,1.0,0.009302426203099127,631,I'm also more productive without internet.
5146,4739,0,0,108,108,1.0,0.009302426203099127,631,I have to do this every time someone orders their pizza plane.
2731,4739,0,0,169,169,1.0,0.005934744229311227,631,"I've heard the crust is lighter at an altitude of 30,000 feet."
3321,4739,0,0,169,169,1.0,0.005934744229311227,631,I'm using the flight time to catch up on my work.
4685,4739,0,0,108,108,1.0,0.009302426203099127,631,"Actually, I'm the pilot. The cook is flying the plane."
3536,4739,0,0,169,169,1.0,0.005934744229311227,631,I'm beginning to think that there are limitations to the advice that you should dress for the job you want.
4204,4739,0,0,169,169,1.0,0.005934744229311227,631,Of course I also brought the pizza oven in my carry on.
4516,4739,0,0,169,169,1.0,0.005934744229311227,631,The guy who ordered this is a good tipper.
4534,4739,0,0,169,169,1.0,0.005934744229311227,631,"Then I realized Midge, may call you that? Thanks! If I just let go of my silly so-called firm grip on reality the middle seat's not bad, after all, you just have the perfect..."
4597,4739,0,0,169,169,1.0,0.005934744229311227,631,I bring my own meal.
4603,4739,0,0,169,169,1.0,0.005934744229311227,631,The X-Rays in security speed up the proofing process tenfold!
4919,4739,0,0,169,169,1.0,0.005934744229311227,631,I flip because I can't flambé.
3858,4739,0,0,108,108,1.0,0.009302426203099127,631,The secret's in the air pressure.
3959,4739,0,0,186,186,1.0,0.005390855162578571,631,The next 8 hours will go by in no time
2624,4739,0,0,186,186,1.0,0.005390855162578571,631,It's just my therapy dough.
4911,4739,0,0,189,189,1.0,0.005305058450660253,631,Need a snack?
721,4739,0,0,189,189,1.0,0.005305058450660253,631,You just have to remember to use high altitude instructions
3794,4739,0,0,232,232,1.0,0.004319664502958778,631,It's all about the air time.
916,4739,0,0,227,227,1.0,0.004415021794919262,631,I just quit smoking and they said to find something to do with my hands.
1849,4739,0,0,227,227,1.0,0.004415021794919262,631,It's honestly the only thing I've found that calms my nerves on these transatlantic flights.
3093,4739,0,0,227,227,1.0,0.004415021794919262,631,They said the higher I toss it the better it’ll taste.
3892,4739,0,0,227,227,1.0,0.004415021794919262,631,"I know the flour is a tad messy and flies all over, but by the time we land in London, this will be one hell of a pizza dough, as long as the cheese doesn't go off in the the overhead and customs doesn't find the mushrooms in my crotch."
1072,4739,0,0,225,225,1.0,0.0044543540318737395,631,"It's difficult to do, but I always try to leave New York with a little bit of dough leftover..."
4570,4739,0,0,225,225,1.0,0.0044543540318737395,631,I couldn't afford a food truck
5182,4739,0,0,225,225,1.0,0.0044543540318737395,631,"My wife thanks I’m obsessive - compulsive, I just happen to like wearing this hat."
1656,4739,0,0,221,221,1.0,0.004535159051950786,631,"It is called the 30,000-feet-high-rise crust."
3021,4739,0,0,221,221,1.0,0.004535159051950786,631,Will this be 'to go'
693,4739,0,0,103,103,1.0,0.009756213637973549,631,It's a working vacation
3431,4739,0,0,232,232,1.0,0.004319664502958778,631,"It may be Economy, but it's fresh."
4349,4739,0,0,221,221,1.0,0.004535159051950786,631,"OK, what’s the next step?"
1114,4739,0,0,216,216,1.0,0.004640383719914204,631,I'm testing our pizza dough for the highest rise!
1176,4739,0,0,216,216,1.0,0.004640383719914204,631,I can't stand airplane food.
2327,4739,0,0,219,219,1.0,0.0045766710216763274,631,So your saying the mile high club has absolutely nothing to do with Pizza dough?
3145,4739,0,0,216,216,1.0,0.004640383719914204,631,"It’s not an electronic device, so I never have to put it under the seat in front of me."
3513,4739,0,0,219,219,1.0,0.0045766710216763274,631,I think time dilation helps.
3787,4739,0,0,216,216,1.0,0.004640383719914204,631,I have to keep this up or i start to panic.
4454,4739,0,0,216,216,1.0,0.004640383719914204,631,My mother's recipe.  She was a stewardess for Pan Am.
5066,4739,0,0,216,216,1.0,0.004640383719914204,631,I figured this is the quickest way to get the dough to rise.
1159,4739,0,0,214,214,1.0,0.004683853593942862,631,"Yes, I am humming that Dean Martin song. What of it?"
1873,4739,0,0,214,214,1.0,0.004683853593942862,631,Don't mind my companion dough.
4237,4739,0,0,214,214,1.0,0.004683853593942862,631,It's my fidget spinner.
665,4739,0,0,216,216,1.0,0.004640383719914204,631,Works better than nicotine.
1820,4739,0,0,232,232,1.0,0.004319664502958778,631,Bet you can't do this with your laptop!
113,4739,0,0,232,232,1.0,0.004319664502958778,631,Can you believe I’m also the captain?
5436,4739,0,0,229,229,1.0,0.004376378092266018,631,"No lie, they asked, ""how high  can your pie fly?"""
234,4739,0,0,237,237,1.0,0.004228339259425431,631,"Would you mind recording what happens when I land this dough on the the guy's head sitting behind us?"""
2356,4739,0,0,103,103,1.0,0.009756213637973549,631,The chief’s carving prime rib in first class.
1499,4739,0,0,237,237,1.0,0.004228339259425431,631,I couldn't get the sauce through TSA.
1733,4739,0,0,237,237,1.0,0.004228339259425431,631,"Hey good lookin', whatcha got cookin'?"
2052,4739,0,0,103,103,1.0,0.009756213637973549,631,I moonlight as a travel writer.
3438,4739,0,0,237,237,1.0,0.004228339259425431,631,I told him he is obese. He demoted me to Pizza Chef on Air Force 1.
1748,4739,0,0,235,235,1.0,0.004264402017646002,631,I work remotely
1876,4739,0,0,235,235,1.0,0.004264402017646002,631,"I couldn't have my pipe dream, so I have my pie in the sky."
5167,4739,0,0,235,235,1.0,0.004264402017646002,631,The tricky part is putting on the sauce and cheese.
271,4739,0,0,227,227,1.0,0.004415021794919262,631,My professional life is a bit up in the air at the moment.
1450,4739,0,0,233,233,1.0,0.004301085214684212,631,I almost got an upgrade but I was bumped by a Sushi chef!
4262,4739,0,0,233,233,1.0,0.004301085214684212,631,It's a pie in the sky idea.
708,4739,0,0,229,229,1.0,0.004376378092266018,631,"If I had more dough, I could afford first class."
1864,4739,0,0,229,229,1.0,0.004376378092266018,631,What better way to achieve lighter than air dough?
2697,4739,0,0,229,229,1.0,0.004376378092266018,631,I'm moving to Italy to live out my dream
1709,4739,0,0,103,103,1.0,0.009756213637973549,631,I am a chef but also work with a UFO sightings group.
1691,4739,0,0,103,103,1.0,0.009756213637973549,631,"I apologize, my rat and I must be ready for the next inspection."
2896,4739,0,0,229,229,1.0,0.004376378092266018,631,I was told I'd be sitting in Cooking Class
1649,4739,0,0,103,103,1.0,0.009756213637973549,631,"Now that the airline put Pie-fi on the plane, I can finally work while I fly.."
2974,4739,0,0,229,229,1.0,0.004376378092266018,631,To each her own.
3015,4739,0,0,229,229,1.0,0.004376378092266018,631,The tough part is getting the dough through TSA....
3019,4739,0,0,229,229,1.0,0.004376378092266018,631,"When they mentioned a high rise and that I'd be going places, I said I'm on board."
3139,4739,0,0,229,229,1.0,0.004376378092266018,631,"According to Ancestry.com, I'm 7% Italian."
3456,4739,0,0,229,229,1.0,0.004376378092266018,631,I find I can keep it in the air longer.
4519,4739,0,0,229,229,1.0,0.004376378092266018,631,It’s the only way to get enough height.
5224,4739,0,0,212,212,1.0,0.004728145600076584,631,Where is my damn tote bag?
1284,4739,0,0,160,160,1.0,0.006269623282193989,631,I do it mostly for the frequent pie-er miles.
448,4739,0,0,210,210,1.0,0.004773283284129395,631,I need this for my Harvard application...
3105,4739,0,0,211,211,1.0,0.0047506072257940506,631,I'm a nervous flier. This is my emotional support pizza.
2631,4739,0,0,199,199,1.0,0.0050377993572935185,631,"Of course, we're glad the business is expanding, but we had to throw that 'delivery in 30 minutes or less' promise right out the window."
3075,4739,0,0,199,199,1.0,0.0050377993572935185,631,"In the pizzeria I make real dough, but up here I work for peanuts."
4254,4739,0,0,106,106,1.0,0.00947877943928333,631,It's really just a side hustle.
5119,4739,0,0,199,199,1.0,0.0050377993572935185,631,It was this or the monkey.
5613,4739,0,0,199,199,1.0,0.0050377993572935185,631,"Once I get tired of this, I can use it as a neck pillow."
1981,4739,0,0,200,200,1.0,0.005012547071170855,631,"It helps me stay grounded, even when I'm not..."
5229,4739,0,0,200,200,1.0,0.005012547071170855,631,In First Class they serve the food already cooked!
4124,4739,0,0,106,106,1.0,0.00947877943928333,631,The guy wanted  authentic New York pizza.
3377,4739,0,0,197,197,1.0,0.005089074999136403,631,Do you mind moving your elbows in?
5257,4739,0,0,197,197,1.0,0.005089074999136403,631,"These Southwest Airlines flight attendants are a little ridiculous, aren't they?"
5548,4739,0,0,197,197,1.0,0.005089074999136403,631,"If you are impressed by this, you should have seen how I made it through customs."
2475,4739,0,0,199,199,1.0,0.0050377993572935185,631,So this isn't what they meant when they said let the dough rise?
502,4739,0,0,198,198,1.0,0.005063307365215441,631,"Sorry, hand tossed is for first class."
2988,4739,0,0,198,198,1.0,0.005063307365215441,631,I can even make it land on the sad sack sitting in back of you.
3867,4739,0,0,106,106,1.0,0.00947877943928333,631,I hope you don't have an allergy. The only topping the airline has given me is peanuts.
4299,4739,0,0,198,198,1.0,0.005063307365215441,631,"When we say we are the only airline whose food is really fresh,
we are not kidding"""
3775,4739,0,0,106,106,1.0,0.00947877943928333,631,We deliver in 30 days or it's free.
893,4739,0,0,195,195,1.0,0.005141405163241247,631,Trying to not forget cooking lessons in Tuscany.
907,4739,0,0,193,193,1.0,0.005194822718271142,631,I get Frequent Pie-er Miles for each flight I take.
1491,4739,0,0,191,191,1.0,0.005249361913223779,631,If it doesn't come down I know we're in trouble.
2234,4739,0,0,191,191,1.0,0.005249361913223779,631,The wood fire oven didn't fit in my carry on but I'll toss this in when we land.
3680,4739,0,0,191,191,1.0,0.005249361913223779,631,I like my pretzels fresh.
5204,4739,0,0,191,191,1.0,0.005249361913223779,631,My wife says my work has become an obsession.
204,4739,0,0,189,189,1.0,0.005305058450660253,631,The hardest part is compensating for altitude.
1601,4739,0,0,198,198,1.0,0.005063307365215441,631,Only on long flights.
5466,4739,0,0,202,202,1.0,0.004962794435043854,631,It's compensation for never being good with a hula hoop.
3682,4739,0,0,202,202,1.0,0.004962794435043854,631,the secret is to adjust your oven temperature for high-altitude baking.
3673,4739,0,0,202,202,1.0,0.004962794435043854,631,"Yes it is pizza dough but it
also works as a life jacket and a parachute"
120,4739,0,0,208,208,1.0,0.004819291099718669,631,The high altitude just does wonders for dough’s chew...
872,4739,0,0,208,208,1.0,0.004819291099718669,631,It's my emotional support comfort food.
1250,4739,0,0,208,208,1.0,0.004819291099718669,631,I couldn't find someone to feed my sourdough while I was away.
1681,4739,0,0,208,208,1.0,0.004819291099718669,631,It’s just another pie in the sky.
2083,4739,0,0,208,208,1.0,0.004819291099718669,631,Call ahead. it'll be ready where you arrive.
2270,4739,0,0,208,208,1.0,0.004819291099718669,631,It's an approved emotional support accessory.
2929,4739,0,0,208,208,1.0,0.004819291099718669,631,This was way more fun on the space station.
3618,4739,0,0,208,208,1.0,0.004819291099718669,631,"Sure...I make a lot of dough, but I want more."
5335,4739,0,0,208,208,1.0,0.004819291099718669,631,The cabin pressure helps my twirl .
193,4739,0,0,212,212,1.0,0.004728145600076584,631,Oh please Linda! Like you won't want a piece
593,4739,0,0,206,206,1.0,0.004866194452441242,631,It should be ready by the time we reach L. A. .
3603,4739,0,0,206,206,1.0,0.004866194452441242,631,Your tour to Italy includes a private cooking class.
5422,4739,0,0,206,206,1.0,0.004866194452441242,631,And now my new therapist seems to think an emotional support dog might work better for me.
5516,4739,0,0,206,206,1.0,0.004866194452441242,631,I understand there's no extra charge if you make it yourself onboard.
5626,4739,0,0,206,206,1.0,0.004866194452441242,631,The airline's upgrading food service.
598,4739,0,0,185,185,1.0,0.0054200741037597235,631,This is the farthest delivery I've ever made.
3252,4739,0,0,204,204,1.0,0.0049140197466545615,631,I'm trying to expand my delivery range to compete with Uber Eats.
4953,4739,0,0,204,204,1.0,0.0049140197466545615,631,Welcome to Plane and Pizza
5173,4739,0,0,204,204,1.0,0.0049140197466545615,631,It's good to get the dough really airbourne
5213,4739,0,0,204,204,1.0,0.0049140197466545615,631,We guarantee delivery to anywhere in the US within 5 hours or your pizza is free.
5450,4739,0,0,204,204,1.0,0.0049140197466545615,631,"When I mentioned I had dough , it almost got me into first-class."
714,4739,0,0,202,202,1.0,0.004962794435043854,631,"I don’t put my work down, even on vacation"
4855,4739,0,0,106,106,1.0,0.00947877943928333,631,I got tired of reading the Wall Street Journal.
4642,4739,0,0,106,106,1.0,0.00947877943928333,631,How do you like it?
4587,4739,0,0,106,106,1.0,0.00947877943928333,631,Top Chef Virgin.
5578,4739,0,0,210,210,1.0,0.004773283284129395,631,"I can't help it, I really knead the dough."
3291,4739,0,0,160,160,1.0,0.006269623282193989,631,My boss said I had to work on this flight.
3479,4739,0,0,160,160,1.0,0.006269623282193989,631,It's a new club: Mile High Pie.
5048,4739,0,0,160,160,1.0,0.006269623282193989,631,"Yes that’s right, the New York Pizza academy!"
4872,4739,0,0,128,128,1.0,0.007843197564226983,631,"And the great thing is, I can keep doing this during take off and landing!"
406,4739,0,0,125,125,1.0,0.008032193289024988,631,"It extends much better at 35,000 feet."
447,4739,0,0,125,125,1.0,0.008032193289024988,631,The standards for delivery have risen substantially over the past few years
931,4739,0,0,125,125,1.0,0.008032193289024988,631,Why does the TSA always confiscates my pizza wheel?
1193,4739,0,0,125,125,1.0,0.008032193289024988,631,It's glutton free.
1728,4739,0,0,125,125,1.0,0.008032193289024988,631,I've gotta be me!
2273,4739,0,0,125,125,1.0,0.008032193289024988,631,"I used to get depressed reading the news everyday, and then one morning it occurred to me ..."
2628,4739,0,0,125,125,1.0,0.008032193289024988,631,I like to get a head start on my day during the commute.
2842,4739,0,0,125,125,1.0,0.008032193289024988,631,Pepperoni may shift during flight.
2980,4739,0,0,125,125,1.0,0.008032193289024988,631,"We're the only budget airline to offer pizza. But, we had to compromise a bit."
3301,4739,0,0,125,125,1.0,0.008032193289024988,631,"No, we’re definitely dropping."
4506,4739,0,0,128,128,1.0,0.007843197564226983,631,Please! Don't let on. I want to be inconspicuous.
4791,4739,0,0,125,125,1.0,0.008032193289024988,631,"Yeah, ​but when we cross the time zone it's gonna be the freshest 
day-old bakery bargain!"
1362,4739,0,0,126,126,1.0,0.007968190728895957,631,"They say there's less gravity at 30,000 feet."
1628,4739,0,0,126,126,1.0,0.007968190728895957,631,The instructor said to really get the dough up in the air
1963,4739,0,0,126,126,1.0,0.007968190728895957,631,Please don’t look at my work.
2837,4739,0,0,113,113,1.0,0.008888976681684724,631,"I'm attempting to set a new record for ""Ripley's Believe it or Not"",  with the most consecutive ""transcontinental"" pizza tosses."
2193,4739,0,0,126,126,1.0,0.007968190728895957,631,They say the secret is to toss it really high in the air.
2245,4739,0,0,126,126,1.0,0.007968190728895957,631,Maybe you’ve heard of us - “Hang time Pizza.
2287,4739,0,0,126,126,1.0,0.007968190728895957,631,It's hard to leave work when my job is up in the air.
3409,4739,0,0,126,126,1.0,0.007968190728895957,631,I haven't got the app yet.
3905,4739,0,0,126,126,1.0,0.007968190728895957,631,"It's wireless, it's global, and no internet bill."
3930,4739,0,0,126,126,1.0,0.007968190728895957,631,I was in cooking school but I flipped.
4187,4739,0,0,126,126,1.0,0.007968190728895957,631,I opted for the do-it-yourself tourist class meal option.
5175,4739,0,0,125,125,1.0,0.008032193289024988,631,"I'm sorry, but we're out of gluten free."
4017,4739,0,0,128,128,1.0,0.007843197564226983,631,"I am the ideal passenger.  I am snugly buckled in, have my tray in the upright position, and have shut down all my electronic devices.”"
3338,4739,0,0,128,128,1.0,0.007843197564226983,631,My commute is killing our prep time.
3208,4739,0,0,128,128,1.0,0.007843197564226983,631,They made me check in the extra large.
1522,4739,0,0,132,132,1.0,0.007604617709126885,631,My connecting flight is to pepperoni.
2257,4739,0,0,132,132,1.0,0.007604617709126885,631,After the stopover in Reykjavik I’ll move on to the pastry challenge.
575,4739,0,0,111,111,1.0,0.009049866402333346,631,I've got work to do too.
2522,4739,0,0,132,132,1.0,0.007604617709126885,631,"Yep, it's the new Domino's long-distance delivery initiative to distract from the bad pizza."
2534,4739,0,0,132,132,1.0,0.007604617709126885,631,"Hey Buddy - You don't have to throw your dough around, just because you're in first class!"
2836,4739,0,0,132,132,1.0,0.007604617709126885,631,We bake it here and sell it as authentic Jets pizza!
332,4739,0,0,111,111,1.0,0.009049866402333346,631,So... you getting chicken or the fish?
282,4739,0,0,111,111,1.0,0.009049866402333346,631,When the person to your right stares uncomfortably at you when you are just trying to make a pizza!
4177,4739,0,0,132,132,1.0,0.007604617709126885,631,"I actually enjoy the travel and the dough is great"".."
4655,4739,0,0,132,132,1.0,0.007604617709126885,631,Is this the flight to Pisa?
5355,4739,0,0,132,132,1.0,0.007604617709126885,631,"I was offered an upgrade to first class, but unfortunately I didn't have enough dough"
2397,4739,0,0,136,136,1.0,0.0073801240461674605,631,I don't know why but lately I'm having these strange dreams where I'm twirling pizza dough on a plane...
1289,4739,0,0,133,133,1.0,0.007547223547528769,631,It keeps my hands busy until my computer is repaired.
1442,4739,0,0,130,130,1.0,0.007722065279990304,631,I couldn't get my dough to rise.
2654,4739,0,0,130,130,1.0,0.007722065279990304,631,Are you sure it's safe to use your laptop?
2758,4739,0,0,130,130,1.0,0.007722065279990304,631,It’s new! Fresh food in Economy Class!
3428,4739,0,0,130,130,1.0,0.007722065279990304,631,My pizzeria is booming. I feel like I'm going 400 miles per hour.
4549,4739,0,0,130,130,1.0,0.007722065279990304,631,My pizza is about to land.  Kindly switch off all electronic devices.
279,4739,0,0,128,128,1.0,0.007843197564226983,631,"The crust is fluffier at 36,000 feet."
826,4739,0,0,132,132,1.0,0.007604617709126885,631,I'm a gluten free-quent flyer.
1474,4739,0,0,128,128,1.0,0.007843197564226983,631,I find it keeps the odd balls from pestering me
1837,4739,0,0,128,128,1.0,0.007843197564226983,631,Pizza Inn-Flight
2507,4739,0,0,128,128,1.0,0.007843197564226983,631,"Everyone else brings their work on the plane, so I figured what the heck."
2763,4739,0,0,128,128,1.0,0.007843197564226983,631,Anyone can do this.
2945,4739,0,0,128,128,1.0,0.007843197564226983,631,"These new jets have gotten so fast that the time dilation that occurs as we approach the speed of light allows me to prepare all the pizza dough for a week in one round trip.  I'll show you the math in a minute.  Its the best part.  So, where was I?"
4430,4739,0,0,126,126,1.0,0.007968190728895957,631,My secret is to let the dough rise for two to three hours
715,4739,0,0,111,111,1.0,0.009049866402333346,631,I used all the dough I had just to take this trip. Except for this one last pie!
4633,4739,0,0,126,126,1.0,0.007968190728895957,631,You used to be able to take a break from work while flying.
466,4739,0,0,127,127,1.0,0.007905200090854148,631,"I know its hard to tell but this isn't a pizza, its a giant sausage and boy is it hot."
4433,4739,0,0,121,121,1.0,0.008298826628866152,631,Practicing...i’m going to be on Beat Bobby Flay
5359,4739,0,0,121,121,1.0,0.008298826628866152,631,It always feels good to get a little work done on a flight.
5478,4739,0,0,116,116,1.0,0.008658089785895598,631,Once a short-order cook...Always a short-order cook...
1752,4739,0,0,118,118,1.0,0.008510715353136088,631,"It's not easy to work while traveling, but I do what I can."
5369,4739,0,0,116,116,1.0,0.008658089785895598,631,"Actually, the pizza's turn out better when there is turbulence."
2566,4739,0,0,118,118,1.0,0.008510715353136088,631,Have you tried the food on these flights ?
4979,4739,0,0,116,116,1.0,0.008658089785895598,631,I knead flying dough when I travel
2993,4739,0,0,118,118,1.0,0.008510715353136088,631,"It turns out, I'm the deal with airline food"
4947,4739,0,0,116,116,1.0,0.008658089785895598,631,"I hate when I'm trying to get my work done and end up sitting next to some disruptive idiot"" thought the pizza chef, looking directly at Kare"
3190,4739,0,0,118,118,1.0,0.008510715353136088,631,"It's literally ""build you own"". Toppings are on 14C."
3954,4739,0,0,118,118,1.0,0.008510715353136088,631,I need all the practice I can get. My new pizzeria has extremely low ceilings.
3683,4739,0,0,121,121,1.0,0.008298826628866152,631,Haven't you heard of the Domino's hotspots?
4083,4739,0,0,118,118,1.0,0.008510715353136088,631,I didn’t think under 30 mins or your money back would mean crossing the Atlantic.
5196,4739,0,0,118,118,1.0,0.008510715353136088,631,"Well, yes I was a corporate attorney, but mid-flight I suddenly realized I should be pursuing my passion."
269,4739,0,0,119,119,1.0,0.00843889368629713,631,It's my emotional pet.
42,4739,0,0,116,116,1.0,0.008658089785895598,631,Can you move? I have to use the oven again.
4582,4739,0,0,116,116,1.0,0.008658089785895598,631,I think we are in orbit ... it's stayed up there for five minutes now.
346,4739,0,0,116,116,1.0,0.008658089785895598,631,"So yeah, it's just my emotional support dough."
1061,4739,0,0,116,116,1.0,0.008658089785895598,631,It's lighter than air
1551,4739,0,0,116,116,1.0,0.008658089785895598,631,I forgot to pack my laptop.
2301,4739,0,0,116,116,1.0,0.008658089785895598,631,"Donta worry, issa not a bomb"
4242,4739,0,0,116,116,1.0,0.008658089785895598,631,Airline food is my passion.
2399,4739,0,0,116,116,1.0,0.008658089785895598,631,I paid for the extra bread room.
3505,4739,0,0,116,116,1.0,0.008658089785895598,631,Each slice comes with 3 ounces of sauce.
4862,4739,0,0,116,116,1.0,0.008658089785895598,631,My pies are always light and airy.
3062,4739,0,0,121,121,1.0,0.008298826628866152,631,"In first class, you get to eat the pizza."
1498,4739,0,0,121,121,1.0,0.008298826628866152,631,You want to let it rise as high as possible...
444,4739,0,0,121,121,1.0,0.008298826628866152,631,“I’m tired of lousy airplane snacks!”
2528,4739,0,0,127,127,1.0,0.007905200090854148,631,I bring a whole new concept to home pizza delivery!
4134,4739,0,0,127,127,1.0,0.007905200090854148,631,I had to check the sauce and toppings at the desk.
200,4739,0,0,123,123,1.0,0.008163333305850111,631,The key is using good water.
1318,4739,0,0,113,113,1.0,0.008888976681684724,631,"Ah, ah, yeah, I’m out on delivery. So you’re from out of state? What brings you to Alaska?"
498,4739,0,0,123,123,1.0,0.008163333305850111,631,Cookin' up convo in economy class? Should of brought my headphones..
903,4739,0,0,123,123,1.0,0.008163333305850111,631,"I'm so far behind, I've just got to get some work done on this flight."
1835,4739,0,0,123,123,1.0,0.008163333305850111,631,I had a problem getting my hot brick oven thru security
694,4739,0,0,113,113,1.0,0.008888976681684724,631,I feel as if my whole career is up in the air
1956,4739,0,0,123,123,1.0,0.008163333305850111,631,‘Just part of the airline’s new ‘farm to table’ dining promotion.’
513,4739,0,0,113,113,1.0,0.008888976681684724,631,I just wish people would stop calling me 'tosser'.
2630,4739,0,0,123,123,1.0,0.008163333305850111,631,One of the overhead compartments is a pizza oven
3256,4739,0,0,123,123,1.0,0.008163333305850111,631,Im trying to catch up on some work during my commute.
3495,4739,0,0,123,123,1.0,0.008163333305850111,631,"Up here, it rises naturally."
3951,4739,0,0,123,123,1.0,0.008163333305850111,631,"Can you really not tell what I do for a living, or are you just trying to make conversation?"
4315,4739,0,0,123,123,1.0,0.008163333305850111,631,My partners are sending me to San Francisco to raise more dough.
4496,4739,0,0,123,123,1.0,0.008163333305850111,631,"As long as it rises, turns, and comes back down, I know the plane is on course."
3686,4739,0,0,117,117,1.0,0.008583770043743413,631,Sorry but I have to cram for my pizza dough tossing lesson and this is  as good a place as anywhere.
4938,4739,0,0,123,123,1.0,0.008163333305850111,631,I have ADHD. This helps me concentrate.
3150,4739,0,0,117,117,1.0,0.008583770043743413,631,"Oh, I just bake the bread for business class."
5008,4739,0,0,123,123,1.0,0.008163333305850111,631,I'm on the clock.
608,4739,0,0,124,124,1.0,0.008097232353140797,631,"Pizza can be elevated cuisine."""
3725,4739,0,0,124,124,1.0,0.008097232353140797,631,I prefer fresh pizza...with lots of gluten.
4505,4739,0,0,124,124,1.0,0.008097232353140797,631,Working while seatbelted is a piece of cake compared to dealing with air pockets.
4526,4739,0,0,124,124,1.0,0.008097232353140797,631,I used to think it was really annoying how everybody takes their work with them on the plane.
2477,4739,0,0,117,117,1.0,0.008583770043743413,631,My side hustle may be overtaking my life
4858,4739,0,0,126,126,1.0,0.007968190728895957,631,It's for emotional support.
5603,4739,0,0,242,242,1.0,0.0041407956243116086,631,Saves people from asking “So what’ya do”?
1002,4739,0,0,132,132,1.0,0.007604617709126885,631,"...then the chef said, “I don’t care how you do it, just throw it high, high, high in the air.” Then he turned and walked away."
900,4739,0,0,111,111,1.0,0.009049866402333346,631,"I'll add the pepperoni, when the crust stops rising."
989,4739,0,0,149,149,1.0,0.00673404490507766,631,"Surprisingly, they frown on this up in business class."
2362,4739,0,0,149,149,1.0,0.00673404490507766,631,I wanted to go outside the box.
3009,4739,0,0,149,149,1.0,0.00673404490507766,631,Always happens when the pilot does a loop-the-loop!
4205,4739,0,0,149,149,1.0,0.00673404490507766,631,"If we lose cabin pressure, don't be alarmed if I take a bite before offering you a slice."
4287,4739,0,0,149,149,1.0,0.00673404490507766,631,"Just between you and me, it's part of our air marshal tactical training in creating plausible undercover identities."
4554,4739,0,0,149,149,1.0,0.00673404490507766,631,I agree - early morning flights do make it easy to get a lot of work done.
4620,4739,0,0,149,149,1.0,0.00673404490507766,631,Turbulence actually makes for a perfectly tossed dough!
4687,4739,0,0,149,149,1.0,0.00673404490507766,631,It's replacing the peanuts and mystery wafers...
4787,4739,0,0,149,149,1.0,0.00673404490507766,631,"and, just in case, it doubles as a parachute"
5194,4739,0,0,149,149,1.0,0.00673404490507766,631,I haven't had a square meal in ages.
628,4739,0,0,146,146,1.0,0.006872892814876451,631,It's my new mobile pop-up concept.
242,4739,0,0,149,149,1.0,0.00673404490507766,631,Are you familiar with airline food?
4928,4739,0,0,146,146,1.0,0.006872892814876451,631,"The recipe calls for banking, a little turbulence at 25,000 feet, and a soft landing."
486,4739,0,0,144,144,1.0,0.006968683416725756,631,"We really need to start putting restrictions on our ""30 minutes or less"" guarantee."
4033,4739,0,0,111,111,1.0,0.009049866402333346,631,Flying gives me a chance to catch-up on my work
1608,4739,0,0,144,144,1.0,0.006968683416725756,631,The rules didn't say anything about how high you could be when you threw the pizza dough.
1749,4739,0,0,144,144,1.0,0.006968683416725756,631,I can't help it - I lost my Smartphone!!
2767,4739,0,0,144,144,1.0,0.006968683416725756,631,I'm studying for my finals at the culinary institute and I have to get this down pat.
3571,4739,0,0,144,144,1.0,0.006968683416725756,631,Will this be carry out or in your carry-on?
3854,4739,0,0,111,111,1.0,0.009049866402333346,631,Does it fly with the forward motion of the airplane or does gravity pull it down to the spot from which it went up?
3691,4739,0,0,144,144,1.0,0.006968683416725756,631,They pay for my commute.
4085,4739,0,0,144,144,1.0,0.006968683416725756,631,I always take my work home with me.
4329,4739,0,0,144,144,1.0,0.006968683416725756,631,Only our sky high standards keep our pizza crust truly “gluten free.”
4670,4739,0,0,144,144,1.0,0.006968683416725756,631,Would you like peanuts or pretzels on top?
4986,4739,0,0,146,146,1.0,0.006872892814876451,631,I don’t give a fuck about you or anyone on this plane.
20,4739,0,0,149,149,1.0,0.00673404490507766,631,Just practicing for the jelly bean throwing contest.
4929,4739,0,0,152,152,1.0,0.006600696014083522,631,New airline policy: now serving first class passengers gourmet meals made fresh in the economy cabin.
1109,4739,0,0,152,152,1.0,0.006600696014083522,631,I wish I could’ve gotten an oven seat.
1827,4739,0,0,101,101,1.0,0.00995037190209989,631,It's called Have Dough will Travel....we debut next fall on Bravo.
1512,4739,0,0,158,158,1.0,0.006349238343433311,631,"... so I told the driver to hurry, I've got a plain to catch."
1633,4739,0,0,158,158,1.0,0.006349238343433311,631,Emotional support and therapy dough.
2014,4739,0,0,158,158,1.0,0.006349238343433311,631,I have to keep up with work like everyone else when I travel.
3874,4739,0,0,158,158,1.0,0.006349238343433311,631,30 minutes or more and the pizzas free.
3937,4739,0,0,158,158,1.0,0.006349238343433311,631,"Oh, you're gluten-free?"""
5492,4739,0,0,111,111,1.0,0.009049866402333346,631,"Yes, we're calling it Pie United"
2503,4739,0,0,153,153,1.0,0.0065574122947052805,631,"They say 'don't bring your work home with you', but..."
2524,4739,0,0,153,153,1.0,0.0065574122947052805,631,You can't beat this carrier's business-class perks.
3443,4739,0,0,153,153,1.0,0.0065574122947052805,631,They ordered it fresh from Brooklyn.
3466,4739,0,0,153,153,1.0,0.0065574122947052805,631,It's how I win the pizza crust contest every year. I rise above the rest.
4712,4739,0,0,153,153,1.0,0.0065574122947052805,631,"""I never get air sick!"""
5058,4739,0,0,153,153,1.0,0.0065574122947052805,631,The pressure's a lot lower up here.
5203,4739,0,0,153,153,1.0,0.0065574122947052805,631,"Finally, I can make a pizza without the vile taste of low-altidude tomatoes. Foolproof, huh?"
525,4739,0,0,151,151,1.0,0.006644554941850954,631,Saved some extra dough by flying economy.
981,4739,0,0,151,151,1.0,0.006644554941850954,631,Actually the more turbalace the better the pie comes out.
1220,4739,0,0,151,151,1.0,0.006644554941850954,631,"Could you google, 'delusional identity disorder'?"
1711,4739,0,0,151,151,1.0,0.006644554941850954,631,No peanuts? No problem.
1846,4739,0,0,151,151,1.0,0.006644554941850954,631,It’s like Uber Eats — for pilots .
3887,4739,0,0,151,151,1.0,0.006644554941850954,631,"If we get a sudden drop in altitude, this s what we'll all look like."
3917,4739,0,0,151,151,1.0,0.006644554941850954,631,We decided to implement 30 minutes or less nationwide.
4418,4739,0,0,151,151,1.0,0.006644554941850954,631,"Actually, this flight is a mini test market for the airline. We're trying out a new cannabis topping for our pizza menu. We've named the pizza ""High In The Sky"". Should be good for a few laughs."
4621,4739,0,0,151,151,1.0,0.006644554941850954,631,I tried to make sushi but they took away my knives.
5113,4739,0,0,151,151,1.0,0.006644554941850954,631,The flavour increases with height.
5531,4739,0,0,151,151,1.0,0.006644554941850954,631,"No, I don't mind your asking.  I'm making a mile high club."
5123,4739,0,0,144,144,1.0,0.006968683416725756,631,If you think it will bother you we can put down the armrest
5688,4739,0,0,135,135,1.0,0.007434995612424509,631,I always get so much work done on flights
36,4739,0,0,142,142,1.0,0.007067181930127675,631,I find I can get a lot of work done on flights.
170,4739,0,0,142,142,1.0,0.007067181930127675,631,You would not believe the fees for carry-on pizza dough.
5055,4739,0,0,137,137,1.0,0.007326056475204618,631,"I'm sorry, flying makes me throw up."
5271,4739,0,0,137,137,1.0,0.007326056475204618,631,"They say not to, but I always take my work with me."
5547,4739,0,0,137,137,1.0,0.007326056475204618,631,I thought they said the Mile Pie Club ?!
1641,4739,0,0,141,141,1.0,0.007117482792171623,631,I have a theory about the expansion of the universe that rivals the Big Bang.
528,4739,0,0,135,135,1.0,0.007434995612424509,631,I'm taking out all the air pockets.
2064,4739,0,0,111,111,1.0,0.009049866402333346,631,My wife hates it when I bring my work home with me.
1978,4739,0,0,111,111,1.0,0.009049866402333346,631,I'll get a break when we hit a downdraft.
1863,4739,0,0,111,111,1.0,0.009049866402333346,631,A middle seat is fine for me--I don't need a plug.
1209,4739,0,0,135,135,1.0,0.007434995612424509,631,The Witness Relocation Program is the best thing that's ever happened to me.
1356,4739,0,0,135,135,1.0,0.007434995612424509,631,Downdraft helps a lot over the mountains.
1423,4739,0,0,111,111,1.0,0.009049866402333346,631,"Practice, practice, practice!"
4693,4739,0,0,137,137,1.0,0.007326056475204618,631,Would you like any toppings on your in-flight pizza?
1381,4739,0,0,135,135,1.0,0.007434995612424509,631,"If Starbucks can open a store in Milan, so can I!"
1584,4739,0,0,135,135,1.0,0.007434995612424509,631,"We know you have a choice when dining, and we thank you for eating Giuseppe's."
1697,4739,0,0,135,135,1.0,0.007434995612424509,631,It's just a pie in the sky idea.
2023,4739,0,0,135,135,1.0,0.007434995612424509,631,It’s the cabin pressure - not the New York water.
2920,4739,0,0,135,135,1.0,0.007434995612424509,631,"It takes practice, but the dough is pretty good."
1145,4739,0,0,111,111,1.0,0.009049866402333346,631,I'm going to shoot an ad for Pillsbury Companies' new diet line.
3970,4739,0,0,135,135,1.0,0.007434995612424509,631,Not easy to get any work done in flippin coach.
1122,4739,0,0,111,111,1.0,0.009049866402333346,631,It's for the Guinness Book Record...
3990,4739,0,0,135,135,1.0,0.007434995612424509,631,Me?Just playing with my albino pickle.
5054,4739,0,0,135,135,1.0,0.007434995612424509,631,The airline told me I needed dough to fly.
1021,4739,0,0,111,111,1.0,0.009049866402333346,631,I hope they tip me well.
1015,4739,0,0,111,111,1.0,0.009049866402333346,631,Most people don't realize it's easier to toss an oversized sausage.
1394,4739,0,0,111,111,1.0,0.009049866402333346,631,"The less people know about how sausages are made, the better they'll sleep at night !!"
2274,4739,0,0,111,111,1.0,0.009049866402333346,631,I've always wanted to travel the world and learn to cook.
2347,4739,0,0,111,111,1.0,0.009049866402333346,631,"Admittedly, it makes for a pricey pie.  But, these new Brooklynites seemingly don't mind, provided they get the airiest pizza crust possible."
3784,4739,0,0,137,137,1.0,0.007326056475204618,631,The passenger in 3C ordered a special pizza meal -- our policy is 30 minutes or free.
211,4739,0,0,142,142,1.0,0.007067181930127675,631,I’m a workaholic
660,4739,0,0,142,142,1.0,0.007067181930127675,631,"No no, I don't need your isle seat, that's just the cheese in my back pocket."
1463,4739,0,0,142,142,1.0,0.007067181930127675,631,It's nice to get some work done on the commute.
1489,4739,0,0,142,142,1.0,0.007067181930127675,631,"You do your thing, I do mine"
3743,4739,0,0,142,142,1.0,0.007067181930127675,631,"Airplane plane mode, Italiano."
3328,4739,0,0,111,111,1.0,0.009049866402333346,631,"Unfortunately, I had to check the sauce."
3885,4739,0,0,142,142,1.0,0.007067181930127675,631,I had to check my tomato sauce.
4140,4739,0,0,142,142,1.0,0.007067181930127675,631,"I was told the higher in the air you can toss it, the fluffier the crust."
3053,4739,0,0,111,111,1.0,0.009049866402333346,631,Did you say extra cheese?
4365,4739,0,0,142,142,1.0,0.007067181930127675,631,Sometimes I get these pie in the sky ideas.
4581,4739,0,0,142,142,1.0,0.007067181930127675,631,My biggest negative trait?  I take my work everywhere with me!
2972,4739,0,0,111,111,1.0,0.009049866402333346,631,This is the only way I can get the dough to rise.
4990,4739,0,0,142,142,1.0,0.007067181930127675,631,I don't eat Airline food.
5588,4739,0,0,142,142,1.0,0.007067181930127675,631,The plane is my favorite place to get work done; so many less distractions.”
909,4739,0,0,139,139,1.0,0.007220263657073482,631,The cabin air imparts the distinctive flavor of our onboard cuisine.
2690,4739,0,0,111,111,1.0,0.009049866402333346,631,Getting work done really is the best use of the time spent commuting.
2687,4739,0,0,111,111,1.0,0.009049866402333346,631,Yeast is my comfort animal.
999,4739,0,0,139,139,1.0,0.007220263657073482,631,My therapist says this will stop me from obsessing on the divorce.
1976,4739,0,0,139,139,1.0,0.007220263657073482,631,I'll give you a slice if you switch seats with me.
166,4739,0,0,137,137,1.0,0.007326056475204618,631,"They said I didn't have enough dough for first class."""
2501,4739,0,0,111,111,1.0,0.009049866402333346,631,So what if they don't provide free meals any more?!
2408,4739,0,0,137,137,1.0,0.007326056475204618,631,"I don't want to bring my work home with me, but my wife insists."
2910,4739,0,0,137,137,1.0,0.007326056475204618,631,"Can you Google a recipe for me?"""
2942,4739,0,0,137,137,1.0,0.007326056475204618,631,I'm just the co-pilot. You gotta make a lot of dough to make it to the top.
3468,4739,0,0,137,137,1.0,0.007326056475204618,631,"When we say real New York style delivered to your door, we mean it."
3630,4739,0,0,111,111,1.0,0.009049866402333346,631,Would you rather see a gremlin on the wing?
3147,4739,0,0,67,67,1.0,0.015038019057934237,631,In reality you just end up with a plain pizza.
2578,4739,0,0,103,103,1.0,0.009756213637973549,631,I just can't seem to get the dough to rise enough.
1974,4739,0,0,242,242,1.0,0.0041407956243116086,631,"YEAH THE COMMUTE IS BRUTAL BUT NO MATTER HOW YOU SLICE IT,  I AM JUST IN IT FOR THE DOUGH."
738,4739,0,0,83,83,1.0,0.012121434739137725,631,"I’m with Air P ‘n P, Pizza and Pasta delivered anywhere."
632,4739,0,0,83,83,1.0,0.012121434739137725,631,Such turbulence! I'm gonna toss my lunch!
607,4739,0,0,83,83,1.0,0.012121434739137725,631,I’m making a delivery right now.”
564,4739,0,0,83,83,1.0,0.012121434739137725,631,I'm trying to reduce the amount of work I have to do at home tonight.
529,4739,0,0,83,83,1.0,0.012121434739137725,631,I'm the pilot's postmate.
416,4739,0,0,83,83,1.0,0.012121434739137725,631,"It requires extra work at high altitude."""
129,4739,0,0,83,83,1.0,0.012121434739137725,631,"So I said, “ if you can’t handle the heat then get out of the oven.” That’s how I lose all my best chefs."
5602,4739,0,0,85,85,1.0,0.011834526708278772,631,"I've got hundreds of followers on my website, but some geeks just don't get it."
5366,4739,0,0,85,85,1.0,0.011834526708278772,631,You're all overworked and underproved.
4090,4739,0,0,85,85,1.0,0.011834526708278772,631,Just tryin' to make a little dough where I can.
3543,4739,0,0,85,85,1.0,0.011834526708278772,631,I'm practicing for the Naples Games.
841,4739,0,0,83,83,1.0,0.012121434739137725,631,I do much better on take-offs than landings.
3135,4739,0,0,85,85,1.0,0.011834526708278772,631,"Funny, it feels lighter up here."
997,4739,0,0,90,90,1.0,0.011173358719233181,631,"This is the express train, right?  Well, I'm from Pizza Express -  literally delivering on our promise: 'pizza on the go, for people on the  go!'"
5607,4739,0,0,89,89,1.0,0.011299615367639217,631,My dissertation examined some often ignored and little understood aspects of relative motion.
1887,4739,0,0,89,89,1.0,0.011299615367639217,631,Its important to get the right lift...
1875,4739,0,0,89,89,1.0,0.011299615367639217,631,"I LOVE PIZZA, AND I HATE PLANE FOOD"
1242,4739,0,0,89,89,1.0,0.011299615367639217,631,Turbulence can present a challenge.
774,4739,0,0,89,89,1.0,0.011299615367639217,631,Pizza a la air
5638,4739,0,0,88,88,1.0,0.011428758022062361,631,"And then I said “No, but why not?”"
5477,4739,0,0,88,88,1.0,0.011428758022062361,631,Would you a like a pizza miss
5395,4739,0,0,88,88,1.0,0.011428758022062361,631,"So you take your work home, too? Terence O'Neill, Houston, Texas"
5361,4739,0,0,88,88,1.0,0.011428758022062361,631,I've never been a pie in the sky kind of guy.
5360,4739,0,0,88,88,1.0,0.011428758022062361,631,Gluten-free crust? Sure!
1453,4739,0,0,85,85,1.0,0.011834526708278772,631,You see dough is my life
4737,4739,0,0,88,88,1.0,0.011428758022062361,631,I have to take my work with me wherever I go
985,4739,0,0,83,83,1.0,0.012121434739137725,631,I think we’re going down.
1565,4739,0,0,83,83,1.0,0.012121434739137725,631,"Was so behind, I decided I still had to make some dough while traveling.  Hopefully we can catch up later in the flight."
2092,4739,0,0,80,80,1.0,0.01257886513566569,631,"My travel agent told me that if a brought a lot of dough, I could get a discount on my flight."
1603,4739,0,0,80,80,1.0,0.01257886513566569,631,just One of the perks of upgrading beyond basic economy
1052,4739,0,0,80,80,1.0,0.01257886513566569,631,"We're known for ""that little taste of Brooklyn in your Times Square pie""."
1028,4739,0,0,80,80,1.0,0.01257886513566569,631,"The high altitude really helps the dough rise, but you have to be careful with the tomato sauce and toppings!"
953,4739,0,0,80,80,1.0,0.01257886513566569,631,I'm with Einstein's Pizza.
192,4739,0,0,80,80,1.0,0.01257886513566569,631,"It's hypnotic, no?"
178,4739,0,0,80,80,1.0,0.01257886513566569,631,I prefer to make my own pretzels.
5672,4739,0,0,83,83,1.0,0.012121434739137725,631,"I brought my work with me, too."
5642,4739,0,0,83,83,1.0,0.012121434739137725,631,Sometimes I feel I can't leave work behind.
5559,4739,0,0,83,83,1.0,0.012121434739137725,631,I'm clearly not flipped out.
5536,4739,0,0,83,83,1.0,0.012121434739137725,631,"If the pizza was ready-to-eat, you would get their attention, think The Little Red Hen."
1482,4739,0,0,83,83,1.0,0.012121434739137725,631,At least I can use the time to catch up on my billable hours.
5193,4739,0,0,83,83,1.0,0.012121434739137725,631,"I find that tossing the dough in the air
makes the best crust!"
4647,4739,0,0,83,83,1.0,0.012121434739137725,631,If I get it done on time it's your snack. And no peanuts too.
4636,4739,0,0,83,83,1.0,0.012121434739137725,631,I don’t think of it as pie in the sky.
4188,4739,0,0,83,83,1.0,0.012121434739137725,631,"I know my dough is impressive, what's your number?"
3980,4739,0,0,83,83,1.0,0.012121434739137725,631,I'm practicing to be an Astronaut!
3510,4739,0,0,83,83,1.0,0.012121434739137725,631,How else am I supposed to make the crust light and airy?
2963,4739,0,0,83,83,1.0,0.012121434739137725,631,I can see the water is starting to . . . OH! That was last weeks picture.
2848,4739,0,0,83,83,1.0,0.012121434739137725,631,I normally knead the exit row
2770,4739,0,0,83,83,1.0,0.012121434739137725,631,"Just another 36 hours, and I'll make it into the Guiness Book of World Records!"
2001,4739,0,0,83,83,1.0,0.012121434739137725,631,"Sure it costs more, but that's of little consequence compared to achieving the fluffiest pizza dough this side of the moon."
1821,4739,0,0,83,83,1.0,0.012121434739137725,631,I HAD TO GET AWAY FROM THE TECHNOLOGY
1815,4739,0,0,83,83,1.0,0.012121434739137725,631,you would think it's all in the wrists...
4662,4739,0,0,83,83,1.0,0.012121434739137725,631,It's really taking off:   'Pie in the Sky'  -- the franchis
4713,4739,0,0,88,88,1.0,0.011428758022062361,631,"Excuse me Ms., do you mind getting up? I thought I was in first class."
4689,4739,0,0,88,88,1.0,0.011428758022062361,631,I am studying for my pizzaiolo final exam.
3859,4739,0,0,88,88,1.0,0.011428758022062361,631,Kyle is preparing your Personal Plane Pizza!
2949,4739,0,0,91,91,1.0,0.011049892402196598,631,It rises faster at high altitudes.
2407,4739,0,0,91,91,1.0,0.011049892402196598,631,"My family didn't think I would make it, but I'm gonna show them!"
2395,4739,0,0,91,91,1.0,0.011049892402196598,631,"I'll going for the Guinness World Record for ""highest pizza flip."""
2353,4739,0,0,91,91,1.0,0.011049892402196598,631,"I spin dough, therefore I am!"
1642,4739,0,0,91,91,1.0,0.011049892402196598,631,"it's okay, we're in the 21st century, ma'am."
1515,4739,0,0,91,91,1.0,0.011049892402196598,631,When I’m nervous I tend to do things with my hands.
1299,4739,0,0,91,91,1.0,0.011049892402196598,631,I'm already in the Mile-High club so....
855,4739,0,0,91,91,1.0,0.011049892402196598,631,On the return flight I'll whip up some sushi
4951,4739,0,0,93,93,1.0,0.010810968751610264,631,The conductor never asks to see my ticket
4782,4739,0,0,93,93,1.0,0.010810968751610264,631,You think THIS is a lot of  dough? You should see it after inflation.
4520,4739,0,0,93,93,1.0,0.010810968751610264,631,"We've expanded our complimentary offerings: coffee, tea, pepperoni or me."
3199,4739,0,0,91,91,1.0,0.011049892402196598,631,It’s that “little something extra” that makes my matzoh balls float.
4500,4739,0,0,93,93,1.0,0.010810968751610264,631,I thought they said I was getting a plenary cooking offer.
3901,4739,0,0,93,93,1.0,0.010810968751610264,631,"My name is Chef Pizza Boy, im not the Air Marshall for this flight or anything."
3557,4739,0,0,93,93,1.0,0.010810968751610264,631,"I know it’s cheesy, but I'd like it to rise above the competitions'"
2766,4739,0,0,93,93,1.0,0.010810968751610264,631,"And in Tuscany, when the moon hits your eye, its like...what's the phrase again?"
2735,4739,0,0,93,93,1.0,0.010810968751610264,631,"Unfortunately, the pepperoni is in Economy"
1426,4739,0,0,93,93,1.0,0.010810968751610264,631,The air up here is great for fermentation
1239,4739,0,0,93,93,1.0,0.010810968751610264,631,"I'm the new Director of the FDA.
And I know so little about drugs..."
1116,4739,0,0,93,93,1.0,0.010810968751610264,631,"TSA said, ""Fine, take the dough; but no sauce."""
3285,4739,0,0,97,97,1.0,0.010362833403620979,631,Whats harder to pound? This dough or your mom.....
5495,4739,0,0,96,96,1.0,0.010471347707292388,631,I have these 'pie in the sky' dreams and I have to follow them.
5351,4739,0,0,96,96,1.0,0.010471347707292388,631,"Altitude is really the secret to perfect dough. You try my pizza you'll be like ""Yeah, this is worth $1000."""
4937,4739,0,0,96,96,1.0,0.010471347707292388,631,"I'm doing a paper on peripheral awareness in the year 2018."""
4474,4739,0,0,93,93,1.0,0.010810968751610264,631,"If this were first class, you bet an oven would be on my ‘ask’ list."
3588,4739,0,0,91,91,1.0,0.011049892402196598,631,La Scala's diva in first class has very defined culinary requirements. Her arugula salad is being prepared in seat 23C.
3771,4739,0,0,91,91,1.0,0.011049892402196598,631,"When your crush says they ""Like people who can cook."""
4988,4739,0,0,91,91,1.0,0.011049892402196598,631,"I’ve always wanted to be in the mile pie club. 



-Felicia Hendrix"
3782,4739,0,0,88,88,1.0,0.011428758022062361,631,"After the photographers left, our CEO said, ‘Screw this. I’d rather stand in the galley than spend the whole flight in coach.’"
3620,4739,0,0,88,88,1.0,0.011428758022062361,631,Yeast acts differently at higher altitudes!
3303,4739,0,0,88,88,1.0,0.011428758022062361,631,You have to work the Semtex into the right shape .
2947,4739,0,0,88,88,1.0,0.011428758022062361,631,My manager is on this flight...
2903,4739,0,0,88,88,1.0,0.011428758022062361,631,It's a 9 to 5 type of job!
2044,4739,0,0,88,88,1.0,0.011428758022062361,631,You mean this isn't a piazza?
2033,4739,0,0,88,88,1.0,0.011428758022062361,631,"I thought even I could finish my work, up in the air!!"
1993,4739,0,0,88,88,1.0,0.011428758022062361,631,"Lorenzo! I told you, on this trip you don't knead anything!"
1769,4739,0,0,88,88,1.0,0.011428758022062361,631,I never thought Uber Eats POOL would take off.
1735,4739,0,0,88,88,1.0,0.011428758022062361,631,I'm trying to perfect my rising crust.
1665,4739,0,0,88,88,1.0,0.011428758022062361,631,It relaxes me.
1645,4739,0,0,88,88,1.0,0.011428758022062361,631,There's no rule against emotional support dough.
1347,4739,0,0,88,88,1.0,0.011428758022062361,631,"""Hand tossed in zero gravity is unbelievable.  This is an acceptable alternative when I can't get a seat on the Space Shuttle."""
1336,4739,0,0,88,88,1.0,0.011428758022062361,631,Mama mia! I don't want a layover in Cleveland!
1329,4739,0,0,88,88,1.0,0.011428758022062361,631,"I'd tell you, but I signed a non disclosure with the pilot. Oh. Opps."
1095,4739,0,0,88,88,1.0,0.011428758022062361,631,I always wanted to be part of the Chief mile high club.
1092,4739,0,0,88,88,1.0,0.011428758022062361,631,I ran my computer battery down to empty.
554,4739,0,0,88,88,1.0,0.011428758022062361,631,"Yeah, we do trans-atlantic deliveries now."
479,4739,0,0,88,88,1.0,0.011428758022062361,631,Still not earning enough dough for business class.
75,4739,0,0,88,88,1.0,0.011428758022062361,631,"My carry-on is a compact kitchen and you order with my app, SkyPye."
4053,4739,0,0,93,93,1.0,0.010810968751610264,631,I'm opening a Pizza Restaurant in Naples Italy?
4508,4739,0,0,92,92,1.0,0.010929124924699354,631,"What, have you never seen a flying Pizza?"
4068,4739,0,0,92,92,1.0,0.010929124924699354,631,It's quick rising dough
954,4739,0,0,92,92,1.0,0.010929124924699354,631,"Well, seems everyone brings their work with them anymore."
5587,4739,0,0,91,91,1.0,0.011049892402196598,631,It’s kind of like riding a bike..
2178,4739,0,0,80,80,1.0,0.01257886513566569,631,I’m thinking that keeping it up in the air is a good omen.
2572,4739,0,0,80,80,1.0,0.01257886513566569,631,"Oh, sorry but I have to use the facilities; would you mind holding my dough for me? Turbulence is always an issue in getting dough to rise properly, and it also upsets my tummy."
3317,4739,0,0,80,80,1.0,0.01257886513566569,631,The lighter air give fluffier dough.
3600,4739,0,0,80,80,1.0,0.01257886513566569,631,It's a fresh from Italy.
2791,4739,0,0,69,69,1.0,0.014598929061844594,631,"There's a lot less competition up here, but the dough can be too airy."
2548,4739,0,0,69,69,1.0,0.014598929061844594,631,"This is part of the experience, right?"
2495,4739,0,0,69,69,1.0,0.014598929061844594,631,Just can't stop taking my work with me everywhere I go.
2463,4739,0,0,69,69,1.0,0.014598929061844594,631,It’s my new special of the day... Helium-filled  Calzone.
2406,4739,0,0,69,69,1.0,0.014598929061844594,631,I don't own any electronic devices. I just knead this.
2338,4739,0,0,69,69,1.0,0.014598929061844594,631,I’m a Pizzafarian...
2110,4739,0,0,69,69,1.0,0.014598929061844594,631,"Ya, I am not much on Facebook!"
2031,4739,0,0,69,69,1.0,0.014598929061844594,631,It only gets tricky when there's turbulence.
1446,4739,0,0,69,69,1.0,0.014598929061844594,631,Lifehack 4973: Pizza cheifs fly for free.
972,4739,0,0,69,69,1.0,0.014598929061844594,631,"Mile high, pizza pie, club check."
963,4739,0,0,69,69,1.0,0.014598929061844594,631,"I always preach, "" Let the dough rise! """
3308,4739,0,0,69,69,1.0,0.014598929061844594,631,It's all in the wrists! My doctor said this would help prevent carpal tunnel.
679,4739,0,0,69,69,1.0,0.014598929061844594,631,"In the event of a water landing, I'll probably yell, ""Mamma Mia!"""
329,4739,0,0,69,69,1.0,0.014598929061844594,631,I can't read on trains
1731,4739,0,0,73,73,1.0,0.013793431476706131,631,We have finally solved the problem of the last mile delivery!
555,4739,0,0,73,73,1.0,0.013793431476706131,631,"Whaddya lookin' at? This is the only way I can win the ""New York's Highest Hand Tossed Pizza"" competition."
5122,4739,0,0,72,72,1.0,0.013986355971611485,631,"This flight is gluten-free, so I had to take things into my own hands"
2162,4739,0,0,72,72,1.0,0.013986355971611485,631,I figured: tossing pizza dough is better than tossing my lunch
1910,4739,0,0,72,72,1.0,0.013986355971611485,631,Can you google “when the moon hits your eye like a big pizza pie”
1814,4739,0,0,72,72,1.0,0.013986355971611485,631,Artisanal airline menu!
1361,4739,0,0,72,72,1.0,0.013986355971611485,631,It's to back the claim that we toss 'em the highest.
501,4739,0,0,72,72,1.0,0.013986355971611485,631,"It's gonna be a little dry, they confiscated the sauce."
5488,4739,0,0,75,75,1.0,0.013423121104280487,631,You know that feeling you get at work a few days before vacation..
5433,4739,0,0,75,75,1.0,0.013423121104280487,631,It’s his emotional support dough.
548,4739,0,0,69,69,1.0,0.014598929061844594,631,It's up in the air if this pizza gets delivered on time.
3559,4739,0,0,69,69,1.0,0.014598929061844594,631,"Don't worry, it's gluten-free dough."
3762,4739,0,0,69,69,1.0,0.014598929061844594,631,It's so much harder to work on planes these days.
3820,4739,0,0,69,69,1.0,0.014598929061844594,631,John... John Schnatter... but you can call me expapa.
2244,4739,0,0,67,67,1.0,0.015038019057934237,631,The airplane personnel gets hungry too.
1740,4739,0,0,67,67,1.0,0.015038019057934237,631,tossing dough can make you dough
5446,4739,0,0,66,66,1.0,0.015267620413811482,631,I was hired to prove that good airline food is not just pie in the sky
5346,4739,0,0,66,66,1.0,0.015267620413811482,631,Our pizza tossed at this altitude is the new 'UP-SEE-DO-SEE' wonder-treatment for E. D.
4622,4739,0,0,66,66,1.0,0.015267620413811482,631,"Relationships are like tossing pizza. Sometimes it hits the fan, sometimes it pans out in the end."
3982,4739,0,0,66,66,1.0,0.015267620413811482,631,It's cheaper than rent.
3626,4739,0,0,66,66,1.0,0.015267620413811482,631,There goes the baloney!
3402,4739,0,0,66,66,1.0,0.015267620413811482,631,For $10 you can get peanut or pretzel toppings.
2616,4739,0,0,66,66,1.0,0.015267620413811482,631,"I usually use yeast, but I'll give helium a try next time."
1283,4739,0,0,66,66,1.0,0.015267620413811482,631,I need my comfort food in order to fly.
1068,4739,0,0,66,66,1.0,0.015267620413811482,631,More airline economizing--you can buy a slice if you like...
377,4739,0,0,66,66,1.0,0.015267620413811482,631,"Well, it all started when I got on this flat-earth website...."
311,4739,0,0,66,66,1.0,0.015267620413811482,631,This is trending on youtube if you’d rather see this in non-person
4544,4739,0,0,73,73,1.0,0.013793431476706131,631,Check out the hottest new app for Oktoberfest:  go to virtualwurst.com
2650,4739,0,0,73,73,1.0,0.013793431476706131,631,Is this some kind of a toque?
4146,4739,0,0,72,72,1.0,0.013986355971611485,631,"In addition to free wireless, Metro North has added pizza ovens to its trains"""
2617,4739,0,0,72,72,1.0,0.013986355971611485,631,The higher you throw the better the dough
626,4739,0,0,72,72,1.0,0.013986355971611485,631,I'm practicing for the World Pizza Champianship!
182,4739,0,0,72,72,1.0,0.013986355971611485,631,"Gino said I was too chicken to join the Mile High Club, so would you mind grabbing my phone out of my pocket?"
1624,4739,0,0,71,71,1.0,0.01418475390906605,631,'Makes a change from me being sat by the tosser.'
5655,4739,0,0,69,69,1.0,0.014598929061844594,631,It's a pop-up type thing.
5561,4739,0,0,69,69,1.0,0.014598929061844594,631,I never worry about WiFi either.
4482,4739,0,0,69,69,1.0,0.014598929061844594,631,Flipping keeps me from flipping out flying
4218,4739,0,0,69,69,1.0,0.014598929061844594,631,sfdgs
4150,4739,0,0,69,69,1.0,0.014598929061844594,631,It's for anxiety. It's called pizza therapy-anytime/anywhere. All you need is dough.
5084,4739,0,0,75,75,1.0,0.013423121104280487,631,"It's not delivery, it's economy class."
4802,4739,0,0,96,96,1.0,0.010471347707292388,631,"Imagine you're on a train and your friend  is watching  from the station as you roll by..."""
5003,4739,0,0,75,75,1.0,0.013423121104280487,631,My father's a retired sushi chef.
3410,4739,0,0,75,75,1.0,0.013423121104280487,631,Another hour of this and then I'll start preparing pizzas for the First Class passengers.
3792,4739,0,0,77,77,1.0,0.013072174640400053,631,It's overcooked
3749,4739,0,0,116,116,1.0,0.008658089785895598,631,"Oops, must be the result of my sou-chef's
 yeast infection."
3195,4739,0,0,77,77,1.0,0.013072174640400053,631,It’s actually a giant peanut
1996,4739,0,0,77,77,1.0,0.013072174640400053,631,I’m finally going to be in the Mile Pie Club.
1693,4739,0,0,77,77,1.0,0.013072174640400053,631,I brought my work on the plane like everyone else. That's the joke.
858,4739,0,0,77,77,1.0,0.013072174640400053,631,Oh I love going to New York but if you care anything at all about pizza or bagels you really have to make your own.
27,4739,0,0,77,77,1.0,0.013072174640400053,631,"So sorry, but could you keep the typing down a bit? I have work to do."
5675,4739,0,0,76,76,1.0,0.013245323570650438,631,it fits below the seat in front of me but I pay for the toss space.
5185,4739,0,0,76,76,1.0,0.013245323570650438,631,"I'm really surprised that you asked, but as you already know flying isn't what it used to be; nobody seems to care, and oh by the way I really wanted to be a baker, and then there was this time that the TSA..."
3296,4739,0,0,76,76,1.0,0.013245323570650438,631,We’d planned on hibachi steak but this works out better with the turbulence
3111,4739,0,0,76,76,1.0,0.013245323570650438,631,"Yeah, airplane tickets take a lot of dough, but I had some left over..."
5108,4739,0,0,77,77,1.0,0.013072174640400053,631,"Hi there, I’m Marty. I’m gonna be on a cooking show. First time in the city. What about you? Business or pleasure? Just let me know if my tossing bothers you. I toss when I’m nervous."
450,4739,0,0,76,76,1.0,0.013245323570650438,631,I like my dough extra airy.
5605,4739,0,0,80,80,1.0,0.01257886513566569,631,I find it distracts me from my hysterical fear of flying.
5276,4739,0,0,80,80,1.0,0.01257886513566569,631,The air pockets are just better up here.
4968,4739,0,0,80,80,1.0,0.01257886513566569,631,We call it ‘enhanced tourist class.’
4822,4739,0,0,80,80,1.0,0.01257886513566569,631,I'm think of calling it Famous Ray's Pie in the Sky.
4757,4739,0,0,80,80,1.0,0.01257886513566569,631,Don’t you love long flights? I hope to catch up with my pizza backlog before we land.
4613,4739,0,0,80,80,1.0,0.01257886513566569,631,"So I was asking myself, ""Where do I wish they sold pizza?"" and, Bam!  That's when I started SkyHut."
4606,4739,0,0,80,80,1.0,0.01257886513566569,631,I think we’re losing altitude.
4566,4739,0,0,80,80,1.0,0.01257886513566569,631,up in the air
4546,4739,0,0,80,80,1.0,0.01257886513566569,631,"If I can do it here, I can do it anywhere.  Next month I open a franchise in the Grand Central Station men's room."
4361,4739,0,0,80,80,1.0,0.01257886513566569,631,Trust me. In an emergency I think it can slow our descent.
3790,4739,0,0,80,80,1.0,0.01257886513566569,631,I'm keeping this plane airborne.
210,4739,0,0,82,82,1.0,0.012270169563871839,631,The turbulence really helps the dough rise.
5250,4739,0,0,77,77,1.0,0.013072174640400053,631,I can never work on planes.
5286,4739,0,0,77,77,1.0,0.013072174640400053,631,It keeps the yeast happy -- they're my emotional support fungi.
331,4739,0,0,74,74,1.0,0.013605756997417963,631,"And THIS is Pizzas, Pies, and Planes! Stay tuned for more after the break."
2208,4739,0,0,75,75,1.0,0.013423121104280487,631,It's better this than salad.
1834,4739,0,0,75,75,1.0,0.013423121104280487,631,You know what they say: the higher the dough rises - the better.
1501,4739,0,0,75,75,1.0,0.013423121104280487,631,It's a service pizza.
862,4739,0,0,75,75,1.0,0.013423121104280487,631,Free Delivery!
861,4739,0,0,75,75,1.0,0.013423121104280487,631,"No reason, I just like to dough around."
772,4739,0,0,75,75,1.0,0.013423121104280487,631,It's useful in the event of an emergency landing in Italy.
706,4739,0,0,75,75,1.0,0.013423121104280487,631,This is why my high-altitude recipes are fool proof
403,4739,0,0,75,75,1.0,0.013423121104280487,631,"30,000 thousand feet and the yeast still won’t rise.""

David Schmidt, Arlington, V"
2,4739,0,0,75,75,1.0,0.013423121104280487,631,Planes are great for catching up on work
5352,4739,0,0,74,74,1.0,0.013605756997417963,631,THEY TOLD ME THIS WILL  MAKE ME A MEMBER OF THE MILE HIGH CLUB.
4730,4739,0,0,74,74,1.0,0.013605756997417963,631,It's for a dual degree in cooking and philosophy thesis: Consider the case of the tossed  dough-in-flight.  What is it that exists: the dough or the flight?
4438,4739,0,0,74,74,1.0,0.013605756997417963,631,"Well, you know Totonno’s. They insist on only the freshest dough."
4343,4739,0,0,74,74,1.0,0.013605756997417963,631,"Don't worry, he's just a hologram"
4016,4739,0,0,74,74,1.0,0.013605756997417963,631,"Well by the time I realized he was saying ""pie in this guy,"" I had already booked my ticket, so..."
3755,4739,0,0,74,74,1.0,0.013605756997417963,631,Thanks for asking. You know how it is with startups.  Money is tight and our investors wanted a proof of concept for a drone pizza delivery service before they would fund us.
3521,4739,0,0,74,74,1.0,0.013605756997417963,631,"Sure, it's quite cheesy, but we'd like it to rise above the competitions'"
3375,4739,0,0,74,74,1.0,0.013605756997417963,631,This will be a long flight without headphones.
3090,4739,0,0,74,74,1.0,0.013605756997417963,631,"Once it cooks for 10 seconds on the engine, it's ready."
3065,4739,0,0,74,74,1.0,0.013605756997417963,631,I make the best pizza!
2532,4739,0,0,74,74,1.0,0.013605756997417963,631,"I'm a experimental Chef, so the Airlines hired me to make edible flotation doughvices."
2183,4739,0,0,74,74,1.0,0.013605756997417963,631,Sorry . . . It's only for the first-class passengers.
1880,4739,0,0,74,74,1.0,0.013605756997417963,631,It comes out so much better when you do it above the smog.
1297,4739,0,0,74,74,1.0,0.013605756997417963,631,My wife and I are okay with take-home pizza but only if it’s freshly made and hasn’t been sitting in the box from New York to Stamford.
804,4739,0,0,74,74,1.0,0.013605756997417963,631,Looking for that bonus at work... Charlie...(Sky)
559,4739,0,0,74,74,1.0,0.013605756997417963,631,"The dough making competition is in Chicago? ""*record scratch* ""Mama Mia!!"
4843,4739,0,0,75,75,1.0,0.013423121104280487,631,The air is lighter here; it gets more fluffy
4553,4739,0,0,96,96,1.0,0.010471347707292388,631,"Last time I flew, tossed his food something awful."
4493,4739,0,0,96,96,1.0,0.010471347707292388,631,The Live yeast are support animals.
4396,4739,0,0,96,96,1.0,0.010471347707292388,631,I’m trying to break the record for the longest continuous pizza tossing contest
1923,4739,0,0,328,328,1.0,0.0030534386730848464,631,"And of course, at altitude, things take longer to bake."
2732,4739,0,0,324,324,1.0,0.003091193800414762,631,"Fidget spinners went out of style a few months ago, so..."
3607,4739,0,0,322,322,1.0,0.0031104236682463243,631,VOLARE
4293,4739,0,0,322,322,1.0,0.0031104236682463243,631,"So I said, why NOT pie in the sky?"""
3888,4739,0,0,318,318,1.0,0.0031496102047394847,631,"'Why?' Honestly, you're the first to ask...."
3878,4739,0,0,308,308,1.0,0.003252036819405075,631,"When I travel, I always carry extra dough."
315,4739,0,0,101,101,1.0,0.00995037190209989,631,It helps the dough rise.
188,4739,0,0,101,101,1.0,0.00995037190209989,631,I can't bake it until we've passed over Denver.
4839,4739,0,0,316,316,1.0,0.0031695760880373494,631,"It’s not DeLayed, it’s DiGiorno!"
3896,4739,0,0,314,314,1.0,0.003189796720413336,631,What was I supposed to do? The guy ordered a plane pizza.
5502,4739,0,0,314,314,1.0,0.003189796720413336,631,"Ask me about my wiener 




Jonathan Broder 
Philadelphia, Pa"
156,4739,0,0,328,328,1.0,0.0030534386730848464,631,"Sooner or later, somebody's laptop catches fire. Then, paninis!"
5327,4739,0,0,105,105,1.0,0.009569487529386909,631,"So all that to say, I just really like making pizzas."
2385,4739,0,0,310,310,1.0,0.003231021986872483,631,I had just enough dough for economy.
5160,4739,0,0,310,310,1.0,0.003231021986872483,631,"It comes out weenie-shaped at 35,000 feet."
996,4739,0,0,308,308,1.0,0.003252036819405075,631,I just can't stand to eat airline food.
3497,4739,0,0,308,308,1.0,0.003252036819405075,631,"Yes,as a matter of fact,my crust is airy."
3119,4739,0,0,104,104,1.0,0.009661948493603892,631,"This is my technique for preparing gourmet pizza, my dear."
3843,4739,0,0,303,303,1.0,0.0033057896397676355,631,"Well, I guess its possible they meant plain rather than plane pizza."
537,4739,0,0,301,301,1.0,0.003327791628198609,631,So you're making a pie in the sky?
1326,4739,0,0,301,301,1.0,0.003327791628198609,631,It's cheaper than paying rent in Manhattan.
5195,4739,0,0,301,301,1.0,0.003327791628198609,631,TSA confiscated my sauce.
5600,4739,0,0,103,103,1.0,0.009756213637973549,631,I have pepperoni in the overhead.  Mind getting it?
736,4739,0,0,299,299,1.0,0.0033500884518780417,631,"It shouldn't be an issue. The dough's set on airplane mode."""
3214,4739,0,0,312,312,1.0,0.0032102770087768196,631,The cabin pressure really works wonders for the dough.
5201,4739,0,0,40,40,1.0,0.025318484177091666,631,I’m up the air over anchovies versus pepperoni!!
135,4739,0,0,330,330,1.0,0.003034904859879441,631,We’re taking delivery of “fresh pizza” to a new level!
385,4739,0,0,332,332,1.0,0.0030165946831969483,631,"I'll be visiting Rome, Venice, Florence and that place with the leaning tower."
2850,4739,0,0,404,404,1.0,0.0024783166487147004,631,Keep the instructions open.
751,4739,0,0,402,402,1.0,0.002490661956224961,631,I'm elevating my pizza game.
5377,4739,0,0,398,398,1.0,0.0025157252606512843,631,I seem to be the only one going to the baking contest.
2176,4739,0,0,101,101,1.0,0.00995037190209989,631,The pizza oven is in Chicago.
4838,4739,0,0,391,391,1.0,0.002560821561397049,631,We usually don't deliver.
2079,4739,0,0,101,101,1.0,0.00995037190209989,631,I guess I have always thought of my pizzas as upper crust.
1950,4739,0,0,395,395,1.0,0.0025348562818421384,631,If she can bring a peacock...
4551,4739,0,0,395,395,1.0,0.0025348562818421384,631,I just throw the dough. The actual wood fire pizza oven is in first class.
892,4739,0,0,391,391,1.0,0.002560821561397049,631,The real problem is TSA would only let me bring 3.4 ounces of sauce on the plane.
1296,4739,0,0,391,391,1.0,0.002560821561397049,631,Sorry ... nervous habit.
1936,4739,0,0,101,101,1.0,0.00995037190209989,631,Wanna join the piled high club?
1911,4739,0,0,101,101,1.0,0.00995037190209989,631,...and that’s why it’s called ‘New York-style pizza.’
611,4739,0,0,385,385,1.0,0.002600782433051497,631,This gig economy thing has gotten a bit out of hand.
194,4739,0,0,383,383,1.0,0.002614381318623124,631,"It's a start-up: ""Pie in the sky!"""
720,4739,0,0,379,379,1.0,0.002642010231246703,631,So what line of work are you in?
1245,4739,0,0,379,379,1.0,0.002642010231246703,631,I'm the in-flight chef.
1508,4739,0,0,101,101,1.0,0.00995037190209989,631,"5 sayings down, 95 to go"
1023,4739,0,0,366,366,1.0,0.002735980672225286,631,"My boss told me I wasn't throwing the dough high enough, so here I am."
3399,4739,0,0,366,366,1.0,0.002735980672225286,631,"It's a competitive career, yeah, but I make pretty good dough."
1355,4739,0,0,101,101,1.0,0.00995037190209989,631,My deadline is twenty minutes after we land.
897,4739,0,0,358,358,1.0,0.002797205532991247,631,"In an effort to improve airline food, we're now offering fresh pizza prepared seat-side...for a fee."
2089,4739,0,0,352,352,1.0,0.002844953091662162,631,You might recognize me from Instagram.
4377,4739,0,0,348,348,1.0,0.002877700820560333,631,"You're supposed to let it rise overnight, but I figured with the time difference--bada bing bada boom!"
4800,4739,0,0,338,338,1.0,0.0029629662145051745,631,"Well, I might be an Air Marshall but then again, I might not be an Air Marshall."
5440,4739,0,0,338,338,1.0,0.0029629662145051745,631,I’m just waiting for 3C to decide on the anchovies.
2237,4739,0,0,299,299,1.0,0.0033500884518780417,631,...and THAT'S amore.
2366,4739,0,0,101,101,1.0,0.00995037190209989,631,Definitely liking the new Chef Class. I would be happy to pay for some extra counter space.
4186,4739,0,0,299,299,1.0,0.0033500884518780417,631,It’s hard to get to Seattle in thirty minutes or less.
4697,4739,0,0,294,294,1.0,0.0034071599696467786,631,I was following the recipe and then it called for the dough to rise
2810,4739,0,0,258,258,1.0,0.0038835024667850456,631,Let me know if this is bothering you.
213,4739,0,0,256,256,1.0,0.003913901819282185,631,"I'd spring the extra dough for First Class, but its 'Gluten Free'..."
3774,4739,0,0,103,103,1.0,0.009756213637973549,631,"I'd like to upgrade to 1st Class, but I don't have the dough."
780,4739,0,0,256,256,1.0,0.003913901819282185,631,It started with fidget spinning and turned into this.
883,4739,0,0,256,256,1.0,0.003913901819282185,631,The pilots still get an inflight meal.
1050,4739,0,0,256,256,1.0,0.003913901819282185,631,It's just till we replace the starboard gyroscope during the Atlanta layover.
3163,4739,0,0,256,256,1.0,0.003913901819282185,631,"I'm starting a new mile high club"""
3293,4739,0,0,256,256,1.0,0.003913901819282185,631,"For toppings we have peanuts, pretzels and snack mix."
3307,4739,0,0,256,256,1.0,0.003913901819282185,631,The jet lag is not so bad flying yeast to west.
4257,4739,0,0,256,256,1.0,0.003913901819282185,631,I normally knead an exit row seat.
5461,4739,0,0,256,256,1.0,0.003913901819282185,631,Why? Have you ever tasted airline pizza?
975,4739,0,0,258,258,1.0,0.0038835024667850456,631,"Honestly, I prefer the 15-inch, but the twelve makes it so much easier to work on a plane."
4179,4739,0,0,254,254,1.0,0.003944780848757796,631,"35,678...35,679...going for the world record"
4507,4739,0,0,248,248,1.0,0.004040412285310494,631,This is nothing.  You should see the Mongolian barbecue I'm doing for Greyhound!
945,4739,0,0,246,246,1.0,0.004073328203658579,631,Yes! How did you know this is the farthest delivery order I've had?
1556,4739,0,0,246,246,1.0,0.004073328203658579,631,"Sorry, TSA took away the pepperoni."
3032,4739,0,0,246,246,1.0,0.004073328203658579,631,You still haven't asked me what I do for a living?
3282,4739,0,0,246,246,1.0,0.004073328203658579,631,You can use the armrest.
3544,4739,0,0,246,246,1.0,0.004073328203658579,631,"we can deliver hot and quick, anywhere in the world."
4158,4739,0,0,246,246,1.0,0.004073328203658579,631,TSA said it's illegal only if I add too many jalapenos.
161,4739,0,0,244,244,1.0,0.004106784838636516,631,"So then he asks, ""How long can you keep it in the air?"""
4269,4739,0,0,244,244,1.0,0.004106784838636516,631,"Sorry, no cheese. TSA says it’s too sharp."
1483,4739,0,0,239,239,1.0,0.004192881331359823,631,I make a lot of dough and still can’t get into first class
3923,4739,0,0,239,239,1.0,0.004192881331359823,631,You hungry?
1108,4739,0,0,248,248,1.0,0.004040412285310494,631,I get more work done on a plane than anywhere else.
4764,4739,0,0,255,255,1.0,0.00392928066759905,631,The good thing about manual labor is that it does not alienate you.
4126,4739,0,0,262,262,1.0,0.0038240987685076605,631,"It's New York's first plane-tossed. Sells well, but shuttle schedules and TSA regulations are killing our supply chain."
2998,4739,0,0,262,262,1.0,0.0038240987685076605,631,"You work during the flight, why can't I?"
2623,4739,0,0,266,266,1.0,0.0037664850218440873,631,there's more to this air marshall job than you would think
1030,4739,0,0,288,288,1.0,0.0034782661297070093,631,Our vision?  Delivery before you post.
1192,4739,0,0,288,288,1.0,0.0034782661297070093,631,Would you rather I hog the arm-rest?
1701,4739,0,0,288,288,1.0,0.0034782661297070093,631,The secret is not declaring it in customs.
2851,4739,0,0,286,286,1.0,0.003502632341691731,631,"Yes, I'm making pizza. My fear of flying is nothing compared to my fear of airline meals."
5326,4739,0,0,286,286,1.0,0.003502632341691731,631,"With enough dough, I'll make it to the business class."
108,4739,0,0,284,284,1.0,0.003527342346620086,631,It's like an oven in here!
1756,4739,0,0,284,284,1.0,0.003527342346620086,631,"Oh, I travel to New York regularly.  I love the frequent flyer miles, plus their water makes a huge difference in my crust."
4715,4739,0,0,282,282,1.0,0.003552403472273746,631,"The commute’s long, but it gives me some time to prep."
5282,4739,0,0,278,278,1.0,0.003603609453148897,631,Fresh delivery any where is our promise
957,4739,0,0,274,274,1.0,0.00365631323976935,631,Some airlines are not as understanding about companion dough.
4589,4739,0,0,103,103,1.0,0.009756213637973549,631,Einstein was a fraud. I’m here to show it.
1089,4739,0,0,274,274,1.0,0.00365631323976935,631,Finally I got it to rise!
3823,4739,0,0,274,274,1.0,0.00365631323976935,631,"Hope you don't mind,but this is my therapy dough."
3961,4739,0,0,270,270,1.0,0.0037105815252334914,631,This is my wife's idea ever since I broke our fourth laptop.
4245,4739,0,0,268,268,1.0,0.0037383242874094724,631,D.B. Cooper just ordered a pizza to go.
4428,4739,0,0,103,103,1.0,0.009756213637973549,631,"Have any sardines on you?""   -Chef Bob uses this line to attract  women. It has never worked."
4339,4739,0,0,268,268,1.0,0.0037383242874094724,631,"Yeah, me too, gotta do some prep before I get there."
432,4739,0,0,266,266,1.0,0.0037664850218440873,631,"Sorry, I pledging for Phi Zeta Pi. This is just part of the hazing."
1354,4739,0,0,266,266,1.0,0.0037664850218440873,631,The good news is the atmosphere makes for an excellent crust. The bad news is each pizza costs a thousand dollars and arrives  seven hours late.
1275,4739,0,0,264,264,1.0,0.0037950732459999894,631,"And when you get home, you just put it in the oven."
2966,4739,0,0,264,264,1.0,0.0037950732459999894,631,You have to be very creativo to avoid the DEA.
5026,4739,0,0,264,264,1.0,0.0037950732459999894,631,The trickiest part is getting olive oil past security.
1445,4739,0,0,259,259,1.0,0.0038684791900953806,631,I’m taking hand tossed to new heights.
1657,4739,0,0,262,262,1.0,0.0038240987685076605,631,Think how fun this would be in zero gravity.
616,4739,0,0,294,294,1.0,0.0034071599696467786,631,"A water landing is really the worst case scenario, that and Pineapple."
3387,4739,0,0,242,242,1.0,0.0041407956243116086,631,Those new pizza hotspots are really changing the industry.
1998,4739,0,0,404,404,1.0,0.0024783166487147004,631,we're proud of our delivery service.
2427,4739,0,0,101,101,1.0,0.00995037190209989,631,... and that's how you make a plain pizza
3334,4739,0,0,98,98,1.0,0.010256545123110545,631,Your boss got you working through the holidays too?
3298,4739,0,0,98,98,1.0,0.010256545123110545,631,It's the perfect leeway to push the air out of the pizza dough.
4510,4739,0,0,1762,1762,1.0,0.0005676980075419402,631,"You know that you’re not allowed to have large electronics out during takeoff, right?"
4769,4739,0,0,1687,1687,1.0,0.0005929439928537334,631,It's a therapy pizza.
2373,4739,0,0,98,98,1.0,0.010256545123110545,631,It’s mike high rise dough
2218,4739,0,0,98,98,1.0,0.010256545123110545,631,I figured I'd take coach and save a bit of dough.
2169,4739,0,0,98,98,1.0,0.010256545123110545,631,"Even at 500 miles an hour, I somehow manage to catch it."
2954,4739,0,0,1297,1297,1.0,0.0007713074233431468,631,Would you mind switching seats with my friend? He's got the pepperoni.
1889,4739,0,0,98,98,1.0,0.010256545123110545,631,There wasn't room in the galley for me.
1802,4739,0,0,98,98,1.0,0.010256545123110545,631,"I feel like being an nasty idiot today.....on the count of 3, I am going to fling this thing into the 1st class seats."
1679,4739,0,0,98,98,1.0,0.010256545123110545,631,I have to make about 5 pizzas by the time we land
3799,4739,0,0,98,98,1.0,0.010256545123110545,631,You could say I'm a workaholic.
1408,4739,0,0,98,98,1.0,0.010256545123110545,631,They call me The Flying Saucer.
1032,4739,0,0,98,98,1.0,0.010256545123110545,631,It's a living!
2975,4739,0,0,1218,1218,1.0,0.000821355305402927,631,"It’s a great job. I travel, meet people and make a lot of dough."
1744,4739,0,0,1150,1150,1.0,0.0008699435359723488,631,"Yeah, I decided to finally use my Frequent Flour miles."
730,4739,0,0,98,98,1.0,0.010256545123110545,631,"I was surprised I wasn't allowed to board with ""those requiring a little extra time"", I really kneaded it."
538,4739,0,0,1110,1110,1.0,0.0009013069865203068,631,it's not a carry on if I'm tossing it
624,4739,0,0,98,98,1.0,0.010256545123110545,631,I am stepping out of my comfort zone.
309,4739,0,0,98,98,1.0,0.010256545123110545,631,She is being deported. Her mother is not Hawaiian.
252,4739,0,0,98,98,1.0,0.010256545123110545,631,"Actually, I’m a physicist trying to disprove that the dough’s acceleration is inversely correlated to the speed of the aircraft."
863,4739,0,0,991,991,1.0,0.0010095912442294821,631,"If it sticks to the roof, that means we're falling down..."
6,4739,0,0,98,98,1.0,0.010256545123110545,631,I ran out of sudoku.
251,4739,0,0,919,919,1.0,0.0010887317889679941,631,Wait... did I turn off the oven?
4159,4739,0,0,1165,1165,1.0,0.0008587377348036135,631,"This way, it's technically not a carry-on."
4080,4739,0,0,98,98,1.0,0.010256545123110545,631,"I may look like a regular pizza tosser, but at the end of this flight, I can be your next Papa John"
4232,4739,0,0,98,98,1.0,0.010256545123110545,631,My other job is in shipping and handling.
4317,4739,0,0,98,98,1.0,0.010256545123110545,631,What topping do you want on your pizza- salted pretzels or blue potato chips?
4166,4739,0,0,96,96,1.0,0.010471347707292388,631,"For me, of course, it's 'What are you doing in my kitchen?'"
3948,4739,0,0,96,96,1.0,0.010471347707292388,631,I'm the Chef for the annual upcoming 'Mile High Club' get together.
3737,4739,0,0,96,96,1.0,0.010471347707292388,631,The airflow over the dough’s surface dries it out just enough to make it less sticky and easier to handle during turbulence
3047,4739,0,0,96,96,1.0,0.010471347707292388,631,It's the only way I can get the dough to rise.
3016,4739,0,0,96,96,1.0,0.010471347707292388,631,I used to read recipes but I prefer just to get my work done.
2873,4739,0,0,96,96,1.0,0.010471347707292388,631,I hate cooking to deadlines.
2743,4739,0,0,96,96,1.0,0.010471347707292388,631,They seated me here...because the kitchen is really small.
2635,4739,0,0,96,96,1.0,0.010471347707292388,631,"We have been told, that if you want a thicker crust, the higher the altitude, the better the crust."
2419,4739,0,0,96,96,1.0,0.010471347707292388,631,I cleared it with security.
1401,4739,0,0,96,96,1.0,0.010471347707292388,631,"Fly, Hawaiian"
1134,4739,0,0,96,96,1.0,0.010471347707292388,631,Sometimes the altitude does affect the dough.
970,4739,0,0,96,96,1.0,0.010471347707292388,631,My salary has been rising steadily
833,4739,0,0,96,96,1.0,0.010471347707292388,631,I didn’t have enough dough for a First Class seat.
811,4739,0,0,96,96,1.0,0.010471347707292388,631,I have to get a head start on work.
742,4739,0,0,96,96,1.0,0.010471347707292388,631,"I have to warn you, pizza makes your clothes shrink."
471,4739,0,0,96,96,1.0,0.010471347707292388,631,The secret to a great crust is tray table yeast.
1938,4739,0,0,2255,2255,1.0,0.00044355734069323087,631,This is the only way I can charge it as a business expense
983,4739,0,0,1770,1770,1.0,0.0005651314156098835,631,"Luckily for you, I’m no longer a fish monger."
5234,4739,0,0,98,98,1.0,0.010256545123110545,631,I consider it adapting a traditional work ethic to the pace of modern life.
5088,4739,0,0,98,98,1.0,0.010256545123110545,631,"The hostess told me to try to relax doing what I like most. Unfortunately, there’s not an app for that."
4987,4739,0,0,98,98,1.0,0.010256545123110545,631,"Hey, I'm a baker!"
4961,4739,0,0,98,98,1.0,0.010256545123110545,631,My buddy challenged me to get the highest toss
4447,4739,0,0,98,98,1.0,0.010256545123110545,631,It's a great substitute for aerobics.
757,4739,0,0,1733,1733,1.0,0.0005772006012381332,631,Good question--I haven't thought that far ahead.
4372,4739,0,0,98,98,1.0,0.010256545123110545,631,Going for the world record of highest pizza ever tossed.
1230,4739,0,0,907,907,1.0,0.001103144128092509,631,I thought I would catch up on some work during the flight
4485,4739,0,0,408,408,1.0,0.0024539895773198097,631,My father was an epidemiologist.
454,4739,0,0,842,842,1.0,0.00118835433930272,631,You don't understand. I really need to get there in 30 minutes or less.
867,4739,0,0,795,795,1.0,0.0012586534902782334,631,The trick is getting the dough through security.
3573,4739,0,0,506,506,1.0,0.0019782403346770188,631,I’m on a working vacation.  You?
3998,4739,0,0,101,101,1.0,0.00995037190209989,631,They don't let me do this in first class.
4960,4739,0,0,467,467,1.0,0.0021436239536769385,631,And for great sushi check out 15C
2882,4739,0,0,488,488,1.0,0.002051283130195224,631,This time I think Amazon has gone too far!
898,4739,0,0,461,461,1.0,0.002171553940185973,631,"I have good intentions, but I never get much work done on flights."
3146,4739,0,0,461,461,1.0,0.002171553940185973,631,"To be honest, my job is completely up in the air right now."
2318,4739,0,0,455,455,1.0,0.0022002213534027884,631,I could be juggling kittens and nobody would ever look up.
2499,4739,0,0,455,455,1.0,0.0022002213534027884,631,"In super-economy, you have to make your own lunch."
229,4739,0,0,458,458,1.0,0.0021857936551072338,631,"I'm telling you, working remotely has done wonders for my work-life-balance."
5291,4739,0,0,446,446,1.0,0.0022446703250682608,631,"No matter how often I fly, I still knead to relax."
5020,4739,0,0,444,444,1.0,0.0022547928647376684,631,I used to be the chef for first class...I just got demoted.
2806,4739,0,0,510,510,1.0,0.001962709482882136,631,"...and the doctor said ""it's called obsessive compulsive disorder"""
3251,4739,0,0,437,437,1.0,0.0022909522475545474,631,"Yeah, a lot of people say I look like George Bush."
3071,4739,0,0,101,101,1.0,0.00995037190209989,631,"My therapist says I need a vacation, but I find this sourdough culture so relaxing I just can't let go."
404,4739,0,0,442,442,1.0,0.0022650071150214003,631,"Honestly, I don't care for airline food."
2288,4739,0,0,442,442,1.0,0.0022650071150214003,631,"Don’t worry, it’s an emotional support pizza."
4478,4739,0,0,435,435,1.0,0.0023014974962281276,631,I bring my work with me too.
2800,4739,0,0,101,101,1.0,0.00995037190209989,631,‘“It’s my service dough”.
4050,4739,0,0,391,391,1.0,0.002560821561397049,631,"...and, of course, you have to use the high altitude yeast."
1914,4739,0,0,427,427,1.0,0.002344667496325844,631,"In economy, you take your chances for a meal. You were lucky!"
4338,4739,0,0,420,420,1.0,0.0023837919196847135,631,"I like to let the yeast rise 35,000 feet or so."
2509,4739,0,0,416,416,1.0,0.00240674061143149,631,I wanted to make a pie in the sky.
2547,4739,0,0,101,101,1.0,0.00995037190209989,631,I hope your dough yeast isn't infectious
2493,4739,0,0,101,101,1.0,0.00995037190209989,631,Dinner in the diner is so yesterday.
3072,4739,0,0,101,101,1.0,0.00995037190209989,631,My business' future is up in the air right now but at least I've got some dough to ride things out for the time being...
2113,4739,0,0,510,510,1.0,0.001962709482882136,631,"So, you just wanted a plane pizza?"
4111,4739,0,0,101,101,1.0,0.00995037190209989,631,You also telecommute?
3783,4739,0,0,514,514,1.0,0.0019474205921241636,631,"Could you Google “mozzarella distributor, Des Moines”."
169,4739,0,0,723,723,1.0,0.0013840833764163605,631,"On the other hand,it's not a disaster for me when the wifi goes out."
635,4739,0,0,723,723,1.0,0.0013840833764163605,631,"The secret to a good pizza is letting the dough rise to about  
41,000 ft."
3332,4739,0,0,705,705,1.0,0.0014194467733905055,631,Well.....everyone else gets to bring their work with them!
4101,4739,0,0,699,699,1.0,0.0014316395936992954,631,The worst part was getting the rolling pin through security.
3044,4739,0,0,683,683,1.0,0.001465201858391245,631,It’s just something I do for takeoffs and landings.
1852,4739,0,0,672,672,1.0,0.0014892036890780567,631,Rotation and altitude are the key to the perfect crust
2310,4739,0,0,666,666,1.0,0.0015026300259009535,631,I think my Ambien is kicking in.
2213,4739,0,0,665,665,1.0,0.0015048913214254268,631,"I thought you said, ""Let's join the Mile Pie Club!"""
587,4739,0,0,659,659,1.0,0.0015186033231123235,631,You think spreadsheets are hard? My boss wants me to create a pie-in-the-sky scenario for our client.
5017,4739,0,0,647,647,1.0,0.0015467908724983847,631,Marketing research shows that airline travelers want pie in the sky.
4954,4739,0,0,101,101,1.0,0.00995037190209989,631,Do you think they have an oven up in first class?
4610,4739,0,0,634,634,1.0,0.0015785324569385023,631,"I make all this dough, yet here I am flying coach"
3061,4739,0,0,623,623,1.0,0.0016064262210049773,631,We deliver anywhere . . . .
3690,4739,0,0,614,614,1.0,0.0016299923913762745,631,It's more of a working vacation.
1393,4739,0,0,595,595,1.0,0.001682086381289759,631,"I’m relieved, not to be the only one bringing my work on the plane."
3437,4739,0,0,592,592,1.0,0.0016906176792450607,631,You know who would make a great hero for your novel? A pizza chef. Did I mention I'm a pizza chef?
4488,4739,0,0,101,101,1.0,0.00995037190209989,631,Flying business class always gives me a chance to catch up on my work.
1718,4739,0,0,579,579,1.0,0.0017286091158359804,631,How did you think Grub Hub worked?
1531,4739,0,0,577,577,1.0,0.0017346060296742221,631,"Believe it or not, delivery is still free."
312,4739,0,0,571,571,1.0,0.0017528490518140245,631,Now I can take a business travel tax deduction.
1563,4739,0,0,555,555,1.0,0.0018034272435412898,631,Apologies..could not get the can of anchovies through security
66,4739,0,0,493,493,1.0,0.0020304578991772126,631,"Haven't you heard that if you make it in New York, you make it anywhere?"
4208,4739,0,0,101,101,1.0,0.00995037190209989,631,Sure!  I'll put pepperoni on yours.
4278,4739,0,0,521,521,1.0,0.001921230473373122,631,"If you can work on the flight, why can't I?"
5627,4739,0,0,521,521,1.0,0.001921230473373122,631,"You have your pi, I have my pie."
3519,4739,0,0,800,800,1.0,0.00125078198318565,631,"Turbulence does half the work, but you may want to sign off when I spread the sauce."
5506,4739,0,0,40,40,1.0,0.025318484177091666,631,That was quite a downdraft!
