target_id,rank,funny,somewhat_funny,unfunny,count,score,precision,contest,caption
4077,1,1615,1486,766,3867,2.2195500387897593,0.012116017058854404,632,"I got her to open up, but now she's beside herself."
4635,2,4575,4404,2658,11637,2.1647331786542923,0.007147316216719832,632,What makes you think the Russians were involved?
1972,3,4165,4245,2629,11039,2.1391430383186885,0.007348725123622838,632,They were all in it together.
127,4,3318,2902,2650,8870,2.0753100338218715,0.008673154331006601,632,We gotta get the short one to open up.
3733,5,3420,3796,2809,10025,2.0609476309226933,0.00784954299240929,632,"We’re pretty sure it was an inside inside inside inside inside job, detective."
3580,6,1585,2009,1448,5042,2.027171757239191,0.01091716207833872,632,I can’t shake the feeling that they all fit together somehow.
881,7,2926,4071,2901,9898,2.0025257627803597,0.007712490570372268,632,I only arrested the one on the left. But when we interrogated her she really opened up.
1251,8,2179,2527,2192,6898,1.998115395766889,0.009585118316997692,632,"Well, that would explain just the one set of footprints."
3940,9,542,971,562,2075,1.9903614457831325,0.016015230381347736,632,We got a tip from someone on the inside.
4557,10,2757,4142,3074,9973,1.9682141782813596,0.007650536934593233,632,I think the small one is hiding something but I can't get her to open up
1333,11,2074,2058,2306,6438,1.9639639639639639,0.010270815714147502,632,We're gonna have a hard time proving armed robbery.
3178,12,2027,2973,2561,7561,1.9293744213728343,0.008922135766970317,632,"Call it a hunch, but I think the little one is at the center of it all."
4514,13,1720,2266,2332,6318,1.9031339031339032,0.010002051049559108,632,We've already got Number 1 on 5 counts of harboring Russian fugitives.
1147,14,632,1210,899,2741,1.9025902955125866,0.014155891983053264,632,"As we suspected, they were all in on it."
1568,15,1886,2312,2545,6743,1.9022690197241583,0.009800551536460875,632,You were right about starting with the cavity search.
3743,16,628,960,932,2520,1.8793650793650793,0.015491098430901585,632,"Nesting, yes. Collusion, no."
971,17,589,1039,905,2533,1.875246742992499,0.015059794907116626,632,We couldn't get any more out of them.
801,18,1267,1810,2021,5098,1.8520988622989407,0.011056457580810026,632,It’s hard to imagine a more organized crime family.
3360,19,1800,2890,2939,7629,1.85070127146415,0.0088607196035535,632,"I suspect it's an inside, inside, inside, inside, inside job."
4049,20,730,1305,1360,3395,1.8144329896907216,0.013085729716767339,632,The big one's covering for them.
4152,21,1126,1252,2068,4446,1.7881241565452093,0.012309353238789105,632,Seriously? Loosen my tie and remove my head?
3098,22,859,1417,1752,4028,1.778301886792453,0.012196781329450858,632,There were more Russians at that meeting than we thought...
1018,23,675,1445,1551,3671,1.761372922909289,0.012235555939941415,632,"If you ask me, I think they were all in on it together."
3285,24,913,1430,1936,4279,1.7609254498714653,0.011927915094975448,632,That's the brilliance of it. They all come in on a single visa.
3634,25,787,1466,1791,4044,1.751730959446093,0.01193446238454885,632,"Number 6 will talk, she’s too afraid of going back inside."
4144,26,876,1593,2021,4490,1.744988864142539,0.011368598048209094,632,"On the upside, we were able to get all of them in one patrol car."
2267,27,612,717,1323,2652,1.7319004524886878,0.015751759694935273,632,"I said, 'Arrest the Russian hackers', not 'Unnest the Russian stackers'."
4045,28,736,1530,1917,4183,1.7176667463542912,0.011515088321717097,632,We think they had a woman on the inside.
3974,29,693,1527,1845,4065,1.7166051660516606,0.011570155867561275,632,"I'm sure the smallest one did it, but the others are all
covering for her."
2038,30,167,296,418,881,1.7150964812712826,0.025735723010236713,632,"If they do not fit, we must acquit."
81,31,689,932,1610,3231,1.7149489322191271,0.013969120104231968,632,Don’t worry. It’s an open-and-shut case.
1810,32,325,466,790,1581,1.7058823529411764,0.01978915205264087,632,We're going to keep trying until we get a boy.
3828,33,460,713,1213,2386,1.6844090528080469,0.015881847108918948,632,Now you know what’s taking Mueller so long.
1502,34,89,244,293,626,1.6741214057507987,0.02839793750208457,632,It’s a good thing we have someone on the inside.
830,35,385,727,1167,2279,1.6568670469504168,0.015724530185985852,632,"Nope, no relation. Why do you ask"
3414,36,409,813,1264,2486,1.6560740144810941,0.014940304296337675,632,The little one won't crack. Seems she was in the deepest.
501,37,621,983,1793,3397,1.6549896967912865,0.013198615438999505,632,She is full of herself.
2139,38,419,944,1381,2744,1.6494169096209912,0.013940503925586286,632,"The little one has a solid alibi, but the rest are pretty hollow."
616,39,509,1154,1711,3374,1.6437462951985773,0.012547638608546782,632,We suspect they were all covering up for the little one.
2286,40,100,285,373,758,1.6398416886543536,0.025553232567739458,632,They’ve all cracked but the little one on the end.
2494,41,72,206,275,553,1.6329113924050633,0.029876933318895398,632,"Keep in mind: If you choose number one, then they are all guilty by association."
1205,42,91,168,303,562,1.6227758007117439,0.031559849465268436,632,I booked the big one for possession of minors.
1631,43,385,816,1346,2547,1.6226933647428348,0.014526606801815719,632,Don't you think their alibis all fit together just a bit too damn neatly?
1487,44,356,801,1283,2440,1.6200819672131148,0.01470474203202052,632,They all fit in the description.
303,45,197,619,830,1646,1.6154313487241798,0.017011417031241816,632,"Well, they CLAIM they were all together on the night in question."
2574,46,152,413,605,1170,1.6128205128205129,0.020621245112041487,632,I swear there was only one when I brought her in.
4567,47,215,520,822,1557,1.6101477199743095,0.018175798297330018,632,Their story stacks up perfectly.
580,48,156,533,701,1390,1.6079136690647482,0.01825377209227144,632,She finally opened up.
374,49,262,551,975,1788,1.6012304250559284,0.017267396975846797,632,There's a good chance the Russians are involved.
4279,50,268,556,1013,1837,1.5944474686989658,0.017036097646513804,632,"I don't know, but I think it was an inside, inside, inside, inside, inside job."
2116,51,279,557,1049,1885,1.5915119363395225,0.01689305039439818,632,The short one appears to be the brains. The rest all seem hollow.
3599,52,236,476,891,1603,1.5913911416094821,0.01829320718438896,632,You wouldn't believe what happened during the cavity search.
2892,53,261,518,991,1770,1.5875706214689265,0.017427012301846293,632,He’ll still deny they are Russian insiders.
3708,54,50,128,213,391,1.5831202046035806,0.035764382342398864,632,"Personally, I still think they're hiding something."
3707,55,211,517,889,1617,1.5807050092764379,0.01766828246311947,632,They're all part of something bigger.
3375,56,76,152,300,528,1.5757575757575757,0.031776603329398405,632,Just wait until their lawyers wobble in.
2341,57,185,449,803,1437,1.569937369519833,0.01870809388042824,632,The big one covers for the others.
3846,58,165,387,707,1259,1.5694996028594121,0.02008096871553513,632,"The little one's our only solid suspect, but I don't think we'll be getting anything out of her."
4831,59,153,435,724,1312,1.5647865853658536,0.019115339140209815,632,They all seem to have something to hide.
3367,60,51,104,210,365,1.5643835616438355,0.03798882180096871,632,Good news: the witness positively identified her.  Bad news: the witness wasn't sure about her height.
1965,61,91,279,451,821,1.561510353227771,0.02388737173837216,632,She just kept repeating herself
4470,62,204,283,750,1237,1.5586095392077608,0.02159488650727632,632,"No, it’s NOT perspective... It’s OCD !!"
1410,63,128,380,640,1148,1.5540069686411149,0.020244360791808427,632,They all match the witness's description.
2514,64,128,375,636,1139,1.5539947322212466,0.02036234008413472,632,The SAME alibi?  ALL of them?!
4526,65,152,324,658,1134,1.5537918871252205,0.02132388063924385,632,It looks like an open and shut and open and shut and open and shut and open and shut and open and shut case.
758,66,134,302,601,1037,1.5496624879459981,0.02209953437377594,632,I've heard they've got people on the inside.
177,67,178,218,653,1049,1.5471877979027646,0.023669643914203186,632,WHAT has gotten into you lately?
3055,68,128,316,603,1047,1.5463228271251195,0.021695844517591538,632,Pretty sure it was an inside job.
2225,69,138,228,558,924,1.5454545454545454,0.024335929570035414,632,Wait till you see their lawyers.
4081,70,118,306,572,996,1.5441767068273093,0.022077893391844725,632,The little one might still be hiding something...
85,71,119,304,574,997,1.543630892678034,0.02210808820104249,632,The pieces of this case are fitting together nicely.
1706,72,126,291,582,999,1.5435435435435436,0.022391045753331378,632,Turns out it was an inside job.
451,73,125,291,581,997,1.5426278836509528,0.02238166383022021,632,Looks like an inside inside inside inside inside job.
2704,74,50,134,248,432,1.5416666666666667,0.033363127957729465,632,"If this lineup doesn't work, we can bring in the sketch artist."
2187,75,159,216,611,986,1.54158215010142,0.02407235577299429,632,Wooden dolls fool the TSA  ??
278,76,91,276,486,853,1.536928487690504,0.023286359885981933,632,We finally got the big one to open up.
825,77,96,288,512,896,1.5357142857142858,0.022744885951851194,632,"I keep telling you, it was an inside job."
2338,78,101,260,506,867,1.532871972318339,0.023589707555407336,632,I can’t get the last one to crack.
1727,79,41,81,184,306,1.5326797385620916,0.041167625785026106,632,I should probably recuse myself.
2711,80,101,256,505,862,1.531322505800464,0.02369369106328227,632,I guess at this point we hope he remembers how tall she was.
2363,81,99,247,493,839,1.5303933253873658,0.02405918215675345,632,Odds are good it was an inside job.
354,82,102,234,490,826,1.5302663438256658,0.02452104387636254,632,I can't get anything more out of them.
4467,83,93,266,495,854,1.5292740046838407,0.023396817137506947,632,I can’t help thinking they all fit together somehow.
2645,84,101,232,488,821,1.5286236297198539,0.024574974895968733,632,Think we'd better hand this one over to internal affairs.
3641,85,107,211,489,807,1.526641883519207,0.02526460189691239,632,It appears that we have uncovered a nest of Russian spies.
3336,86,89,225,452,766,1.5261096605744124,0.025093140607315587,632,"It's a real open-shut, open-shut, open-shut, open-shut, open-shut case."
1842,87,85,249,464,798,1.5250626566416041,0.024086951561016586,632,I think the smallest one is still hiding something.
4799,88,85,245,464,794,1.522670025188917,0.024178608812271785,632,"I know one of them is guilty, but how do the others fit into this?"
1596,89,76,222,418,716,1.5223463687150838,0.02541380998394503,632,"Trust me, they were all in on it."
2368,90,135,140,510,785,1.5222929936305734,0.027512800059582992,632,... and you are hoping the Blue Fairy can make them alive ??
4327,91,83,197,424,704,1.515625,0.02628088006651124,632,What makes you think Russia is behind this?
4124,92,79,167,386,632,1.514240506329114,0.02814376742682864,632,"I've heard six different stories, each shorter than the last."
1971,93,90,182,434,706,1.5127478753541077,0.026758573856455067,632,It's an inside-inside-inside-inside-inside job.
230,94,60,154,323,537,1.51024208566108,0.029717538003430778,632,What makes you think I'm the father?
4108,95,63,186,363,612,1.5098039215686274,0.027312408409567605,632,They were arrested for unlawful assembly.
4810,96,85,167,410,662,1.5090634441087614,0.027687346631327738,632,It’s believed that the victim was shot six times- each time with a smaller gun.
4309,97,88,161,415,664,1.5075301204819278,0.027870729880764705,632,I think we might be looking at an inside inside inside inside inside job.
726,98,80,153,385,618,1.506472491909385,0.028718095064878678,632,"Third from the left, I'm positive. I'll never forget that face as long as I live."
2048,99,79,171,400,650,1.5061538461538462,0.027562481289140753,632,I think the one on the left is covering for the others.
108,100,70,138,343,551,1.5045372050816697,0.030273387603442597,632,"You wouldn't think it, but they're arms smugglers."
543,101,51,198,347,596,1.5033557046979866,0.026604153300676087,632,"The more I look into it, the more suspects I find."
4080,102,55,196,357,608,1.5032894736842106,0.02664397746979553,632,"If you ask me, I think the little one is hiding something."
4330,103,49,126,271,446,1.5022421524663676,0.032489442172972234,632,"Fortunately, they were all unarmed."
2736,104,50,176,325,551,1.5009074410163339,0.02800932895946016,632,They're covering for each other.
1111,105,56,198,365,619,1.5008077544426495,0.02640659004631542,632,I think they were all in on it.
3263,106,68,152,356,576,1.5,0.02907594586628823,632,I suppose you're from Internal Affairs??
1627,107,52,169,330,551,1.4954627949183303,0.028243330513350838,632,They just lined up as if they’ve done this before...
3675,108,53,166,330,549,1.4954462659380692,0.028434121187159194,632,We think it was the little one. The others were just covering for her.
282,109,70,136,355,561,1.4919786096256684,0.02986547291300873,632,"I know this is going to sound racist, but they all look alike to me."
3542,110,66,141,349,556,1.4910071942446044,0.02963225663242499,632,They said we were looking for embedded Russians.
4227,111,49,174,331,554,1.4909747292418774,0.0277815637199392,632,Their alibis all stack up...
92,112,55,156,332,543,1.4898710865561695,0.02889335506253092,632,"I call every one ""Doll.""  I mean no disrespect."
4400,113,53,157,329,539,1.4879406307977736,0.02880891584128443,632,We're letting the big one go.  We think it was an inside job.
963,114,65,128,338,531,1.4858757062146892,0.030549112842746202,632,The president denies knowing any of these dolls.
4711,115,61,135,333,529,1.4858223062381852,0.03016441095885245,632,"Don't worry, she's not gonna walk."
3021,116,41,174,312,527,1.4857685009487667,0.02776172336186526,632,During interrogation she really opened up.
940,117,53,148,323,524,1.484732824427481,0.029399893006072,632,There's a lot to unpack here.
2597,118,40,154,290,484,1.4834710743801653,0.02931290640692458,632,All I know so far is all but the little one were hiding something.
3723,119,56,136,321,513,1.4834307992202729,0.030235050810604645,632,All of these suspects fit the profile.
3529,119,46,156,311,513,1.4834307992202729,0.02894845545704131,632,I really underestimated how much she had going on inside.
1841,121,31,127,234,392,1.4821428571428572,0.03229675332891058,632,Weird.  There was just one up there a minute ago.
4822,122,36,96,217,349,1.481375358166189,0.03619697261603362,632,"I know the type-- you've seen one, you've seen 'em all."
4103,123,57,130,320,507,1.4812623274161736,0.030622686913762118,632,They told us to find embedded Russians.
58,124,55,133,317,505,1.4811881188118812,0.030455141853001962,632,Looks like it was an inside job.
4594,125,56,129,317,502,1.4800796812749004,0.03071700558943286,632,"This case is a riddle, wrapped in a mystery, inside an enigma, nested into about three more similar-type things."
4496,126,54,123,307,484,1.4772727272727273,0.03128126483857277,632,Did you ever stop to think that maybe we all look alike to them?
3189,127,48,129,296,473,1.4756871035940804,0.03095817004016087,632,Their stories? Every one rings hollow--only the youngest is solid.
4891,128,47,119,282,448,1.4754464285714286,0.03205206023530794,632,"#1? Why, because she has the most to hide?"
359,129,52,119,299,470,1.474468085106383,0.03167750330271787,632,They've all got airtight alibis: each one can account for the whereabouts of all the others!
2888,130,42,138,289,469,1.4733475479744136,0.03025511627330925,632,"They say they were all together on the day of the crime."""
1338,131,24,109,199,332,1.4728915662650603,0.03449433799475248,632,We've run into a problem....no one can identify any distinquishing feature.
2041,132,46,125,289,460,1.4717391304347827,0.031283416059846456,632,"All I said to Suspect #1 was ""What are you hiding?"""
2332,133,35,144,276,455,1.4703296703296704,0.02979244742803115,632,Maybe they're all in it together.
2191,134,47,114,283,444,1.4684684684684686,0.03224894259491021,632,"Oh come on, I have limbs!"
1526,135,59,80,284,423,1.4680851063829787,0.03537012322789786,632,This is what you get with no swimsuit competition.
203,136,37,124,266,427,1.4637002341920375,0.03147338225306385,632,"I cannot forecast to you the action of Russia. It is a riddle, wrapped in a mystery, inside an enigma."
3227,137,36,125,264,425,1.463529411764706,0.0314013001811266,632,The suspect brought her own lineup and I just went with it.
3478,138,37,122,264,423,1.4633569739952719,0.03168260047664906,632,"I don't know how, Chief, but somehow it all fits together."
3746,139,45,96,261,402,1.462686567164179,0.0343260116264166,632,It fits.
399,140,38,113,260,411,1.4598540145985401,0.03250902845347001,632,We've finally cracked open a Russian crime family.
156,141,39,105,254,398,1.4597989949748744,0.033456004370583124,632,Saying she’s stacked IS NOT a double entendre!
4510,142,65,58,286,409,1.4596577017114913,0.03725313875862648,632,Two more woodenhead and I 'll have enough for a baseball bat.
655,143,41,108,265,414,1.458937198067633,0.032875930800868564,632,I feel like a fat man with five other fat men struggling to get out.
1641,144,39,107,258,404,1.4579207920792079,0.03309129589482165,632,"Collins, you're an idiot if you can't see they're all in on it."
3766,144,31,123,250,404,1.4579207920792079,0.03157152212703557,632,I’m still putting the pieces together but it appears to be an inside job.
4776,146,36,102,243,381,1.4566929133858268,0.0339155636607392,632,"The rightmost one is the main suspect, but the district attorney wants to charge the rest of them with harboring a fugitive."
2355,147,37,108,254,399,1.456140350877193,0.03300449148384613,632,"Even worse, Sarge - no fingerprints."
2458,148,45,90,260,395,1.4556962025316456,0.03475385801158785,632,I think the big one is covering for the others.
1424,149,36,107,251,394,1.4543147208121827,0.03310304568511083,632,"We tried, but the last one jsut won't crack!"
3044,149,43,93,258,394,1.4543147208121827,0.03444163728663117,632,I can’t help feeling that they’re hiding something.
4716,149,31,117,246,394,1.4543147208121827,0.0321127649489089,632,No telling how deep this thing goes...
320,152,41,95,254,390,1.4538461538461538,0.03431766888635301,632,Somehow I think the Russians are behind this.
3222,153,39,97,250,386,1.4533678756476685,0.03418429744470832,632,"This is why we do cavity searches, Nancy"
2110,154,35,103,245,383,1.4516971279373367,0.03356771918271008,632,Let's start by charging Number 1 with harboring a fugitive.
1107,155,34,100,241,375,1.448,0.03385362220184693,632,"I know it doesn't make sense Chief, but I think they were ALL driving the getaway car."
3887,156,39,84,239,362,1.4475138121546962,0.035801654790255134,632,"Yeah, we just kept telling ourselves “the next one has to be a boy!”"
4859,157,32,100,235,367,1.446866485013624,0.03393837836634121,632,"The first five opened right up, but 
 the smallest one wouldn't crack."
2123,157,41,82,244,367,1.446866485013624,0.035858330539831854,632,"I'm telling you, we're not gonna get anything else out of her."
4156,159,34,94,235,363,1.4462809917355373,0.03464269440745233,632,What? They all matched the description.
2777,159,43,76,244,363,1.4462809917355373,0.036566327712546476,632,We keep trying till we have a son!
1710,159,29,104,230,363,1.4462809917355373,0.03352635157505392,632,"Call it a hunch, but I think it was an inside job."
820,162,35,94,239,368,1.4456521739130435,0.03451744830285861,632,I think the big ones are covering for the little ones.
1216,163,36,87,235,358,1.4441340782122905,0.0354244498174626,632,Witnesses only remember the tall one.
1515,164,32,95,232,359,1.4428969359331476,0.03445555069469614,632,"Well detective, I think this case is open and shut and open and shut and open and shut, and open and shut..."
3391,164,34,91,234,359,1.4428969359331476,0.03490426979439089,632,You’re the one who said the suspect was unarmed.
3655,164,30,99,230,359,1.4428969359331476,0.03400091024472616,632,We think one of these suspects was working from the inside.
3960,164,38,83,238,359,1.4428969359331476,0.03578483201426733,632,I thought it was bring your kids to work day.
3761,168,31,92,226,349,1.4412607449856734,0.03491369201329749,632,"No, sorry. The one I saw was a little taller."
3121,169,35,83,229,347,1.440922190201729,0.03599289103772319,632,"I don't know, Chief, this whole case fits together just a little too neatly."
186,169,35,83,229,347,1.440922190201729,0.03599289103772319,632,What makes you think there is collusion?
3968,171,29,91,218,338,1.4408284023668638,0.035222748380425,632,I guess fingerprints are out of the question.
2464,172,35,82,228,345,1.4405797101449276,0.036142795764749235,632,We've identified the big babushka on the left as the leader of an elaborate shell game.
273,173,32,87,224,343,1.4402332361516035,0.03558273676404835,632,I didn't think she had it in her.
1859,174,33,88,229,350,1.44,0.03530349092584714,632,"We've got our girl. Third from the right, Rosy Cheekless."
4105,175,30,89,221,340,1.438235294117647,0.035309658791332944,632,"It is a riddle, wrapped in a mystery, inside an enigma."
4441,175,35,79,226,340,1.438235294117647,0.03651756251208883,632,"The accuser is saying its an inside, inside, inside, inside, inside job."
458,177,30,90,223,343,1.4373177842565599,0.03508544513926287,632,Their alibis are a little wobbly
1564,178,38,73,230,341,1.436950146627566,0.03713641847705365,632,"Yes, it's bring your daughters to work day."
4287,178,34,81,226,341,1.436950146627566,0.03619547443785922,632,"I picked her up in Russia, I had no idea she was smuggling her family in with her."
452,180,30,84,216,330,1.4363636363636363,0.03605840395200998,632,"They were brought in by those two detectives from TV, 
Tchotchke and Hutch"
553,181,30,78,209,317,1.4353312302839116,0.03710626197506899,632,"They all look guilty, but some to a lesser degree."
2774,182,35,74,222,331,1.4350453172205437,0.0372241877914846,632,"It’s a matter of perspective. The witness isn’t sure if the perp was very small and close, or just bigger and further away."
233,183,32,79,218,329,1.4346504559270516,0.03663674320474734,632,"Apparently, there were voices inside her telling her to do it."
904,183,26,91,212,329,1.4346504559270516,0.03508631118728022,632,What do you mean - are there any distinguishing features?
4065,183,30,83,216,329,1.4346504559270516,0.0361273263981337,632,I can't do this. They all look just like Mom.
4681,183,27,89,213,329,1.4346504559270516,0.03534943921361867,632,"I know you said don't use the word 'doll' when addressing a woman, but..."
375,187,34,74,219,327,1.4342507645259939,0.03730277824695691,632,"Everything is in order, comrade."
2913,188,32,81,221,334,1.4341317365269461,0.03623737797585382,632,"Don't look at me like that, Linda. You know I've got a type."
4040,189,38,63,221,322,1.4316770186335404,0.03872407443201029,632,"This case is open and shut, open and shut, open and shut, open and shut, open and shut . . . ."
3769,190,28,79,206,313,1.4313099041533546,0.03687276324166817,632,"Hey listen, those sperm donations got me through college."
147,191,26,85,207,318,1.430817610062893,0.03590804104480959,632,It was the one inside the one inside the second one from the left.
1321,192,29,81,213,323,1.4303405572755419,0.036317873938495546,632,"This case is a mystery, inside a riddle, inside an enigma, inside a ..."
1560,192,28,83,212,323,1.4303405572755419,0.03605216092809329,632,We've had an informant on the inside for sometime now.
5,194,32,71,212,315,1.4285714285714286,0.03777542432150393,632,My suspicion is that they're all in this together.
103,194,24,87,204,315,1.4285714285714286,0.03556992358132936,632,We’re starting to suspect it was an inside job
1026,194,31,73,211,315,1.4285714285714286,0.03750682978183657,632,I have to recuse myself.
4890,194,24,81,196,301,1.4285714285714286,0.03671359410907987,632,It's part of the Russia investigation.
3197,198,34,65,212,311,1.427652733118971,0.038663786117850374,632,"Well, the witness said she was Russian and stacked..."
3964,198,31,71,209,311,1.427652733118971,0.037850418080876955,632,"I swear, every time I think this Russia Investigation is about to end..."
1067,200,24,84,201,309,1.4271844660194175,0.03603919690773413,632,"I swear, there was only one when i turned around."
590,201,36,59,212,307,1.4267100977198697,0.039571077670117395,632,"Gary, a woman has been strangled to death, and you bring me the only six women in this entire town who don't have any arms?"
1694,202,33,63,208,304,1.424342105263158,0.03902191760033759,632,This is what happens with chain migration.
3998,202,32,65,207,304,1.424342105263158,0.03874270712820657,632,We're out of suspects. Nobody else will open up.
4379,202,27,75,202,304,1.424342105263158,0.03731533019677366,632,Alibis? Look at them! They don't have a leg to stand on.
3568,205,30,67,203,300,1.4233333333333333,0.0385403503195016,632,"We could try to get them to open up, but I think we already know what we'll find."
4458,205,26,75,199,300,1.4233333333333333,0.037365390759460944,632,"NO, you may not twist my head off."
4535,207,23,80,195,298,1.4228187919463087,0.03662557280464753,632,Looks like they were all in on it
3236,208,27,74,202,303,1.4224422442244224,0.03739013116160777,632,"Innocent? No, they're all in it together."
4634,208,23,82,198,303,1.4224422442244224,0.03620215390198589,632,How many more times are we going to reopen this case?
2815,210,23,79,195,297,1.4208754208754208,0.03669733106966866,632,I thought we had one suspect until we looked into it further.
1738,210,28,69,200,297,1.4208754208754208,0.038215758809514465,632,We know five of them have been inside.
2479,212,24,75,194,293,1.4197952218430034,0.0373519781415822,632,"The witness stated that the assailant was female, of average height, and unarmed."
4231,212,15,93,185,293,1.4197952218430034,0.03442065882035072,632,"What do you mean, ""They all look alike?"""
350,214,22,77,190,289,1.4186851211072664,0.03706399427467184,632,"So you think it's an inside,inside, inside, inside, inside job?"
747,214,21,79,189,289,1.4186851211072664,0.03673840568209183,632,This definitely looks like it was an inside job.
3205,214,20,81,188,289,1.4186851211072664,0.036409905692421224,632,I'm starting to think this may have been an inside job
3074,217,22,48,150,220,1.4181818181818182,0.044991413951254985,632,You try putting together a lineup on such short notice!
4889,218,21,80,191,292,1.417808219178082,0.03647152669969348,632,"Sorry, Captain, I can’t get the little one to crack."
537,219,16,82,175,273,1.4175824175824177,0.03640173412787856,632,This is clearly a job for Internal Affairs.
4840,220,24,71,190,285,1.4175438596491228,0.03807063660690459,632,|“It’s no use; they’re just covering for each other.”
323,221,26,65,191,282,1.4148936170212767,0.03898873213887066,632,"What makes you think I'm the father, Svetlana?"
4531,221,23,71,188,282,1.4148936170212767,0.03800531293408424,632,"They all have the same alibi. At the time of the murder, they were on a shelf at the airport gift shop."
3053,223,21,70,179,270,1.4148148148148147,0.038479417555262865,632,Can you have them turn around?
4397,224,27,62,191,280,1.4142857142857144,0.03950909355339439,632,No wonder the Russian Investigation is taking so long.
4794,224,23,70,187,280,1.4142857142857144,0.038191123568067656,632,"Oh come on, you have to admit the resemblance is striking!"
1345,226,24,67,187,278,1.4136690647482015,0.038716261200009865,632,I swear I only brought one in.
1340,227,24,66,186,276,1.4130434782608696,0.03891022799892514,632,"They'll wibble and wobble, but they won't flip on each other."
960,228,21,71,182,274,1.4124087591240877,0.03806743804129817,632,Looks like another inside job.
4495,229,23,52,163,238,1.411764705882353,0.04286628428327568,632,Can you put red dots on number three’s cheeks before the witness arrives?
4631,230,23,62,178,263,1.4106463878326996,0.03989111491873442,632,This is a waste of time. There’s no way any of them are pickpockets.
90,231,24,59,178,261,1.4099616858237547,0.04046846578402419,632,"I swear, none of them are mine."
2302,231,15,77,169,261,1.4099616858237547,0.037046521206758616,632,"So she says to me, “Mostly they all look like you, Detective Podorevskaya”."
2882,233,20,70,179,269,1.4089219330855018,0.03816713394730865,632,It all fits a little too neatly.
4161,233,27,56,186,269,1.4089219330855018,0.04063159384608909,632,I have a feeling they're all in it together.
1820,235,27,54,184,265,1.4075471698113207,0.041066559937006045,632,"Congratulations Murphy, I think you finally cracked the case of the E Pluribus Unum Gang."
2089,235,33,42,190,265,1.4075471698113207,0.04310439573501334,632,Number four has an alibi. She was getting tattoos removed from her cheeks.
3765,235,22,64,179,265,1.4075471698113207,0.039287701929173774,632,Word on the street is that this was an inside job.
3672,238,20,67,176,263,1.4068441064638784,0.038750190063672696,632,We think it's a pyramid scheme.
4019,239,21,64,176,261,1.4061302681992338,0.03932644508966616,632,"It’s definitely organized crime. 
Very, very organized crime."
547,240,21,63,176,260,1.4038461538461537,0.0394113490998446,632,"Every time I think I've solved it, another suspect pops up."
4858,241,27,48,178,253,1.4031620553359683,0.04244796757203429,632,We were trying for a boy.
3125,242,24,55,177,256,1.40234375,0.04096690471233528,632,You won't believe where the littlest one was hiding.
4180,242,21,61,174,256,1.40234375,0.03982932985883238,632,We've done all we can... Internal Affairs will handle them from here.
813,244,23,55,174,252,1.4007936507936507,0.04103723810907403,632,They all say it was an inside job inside a job inside a job inside a job inside a job inside a job.
1665,244,22,57,173,252,1.4007936507936507,0.040650158155767786,632,"Yeah, I'm pretty sure I'm the dad."
4832,244,21,59,172,252,1.4007936507936507,0.0402593567330258,632,I can't shake this feeling that they were all working together.
2456,247,28,47,182,257,1.4007782101167314,0.04229979818108923,632,It was an open and open and open and open and open and shut case.
198,248,15,72,168,255,1.4,0.03752411606829412,632,I don't know.  They all just seem to fit together.
3008,248,19,56,160,235,1.4,0.04143278604232342,632,It all fits!
4025,250,15,69,164,248,1.3991935483870968,0.038219788484188534,632,This case fits together neatly. A little too neatly.
1953,251,20,57,166,243,1.3991769547325104,0.040880988683082646,632,"She’s actually my first cousin, five times removed."
2730,252,15,68,163,246,1.3983739837398375,0.0384189245635206,632,"They have alibis, but they're not airtight."
3585,252,16,66,164,246,1.3983739837398375,0.038848394689187965,632,"It's simple.  After six wooden girls, Gepetto wanted a real, live, talking boy."
3208,254,18,56,159,233,1.3948497854077253,0.04118136244310035,632,"Obviously, an inside job."
860,255,19,57,165,241,1.3941908713692945,0.04064484268463675,632,I dunno...They all look like my sister...
1077,255,23,49,169,241,1.3941908713692945,0.042312123833533055,632,I swear! I’ve never seen them before in my wife!
3586,255,16,63,162,241,1.3941908713692945,0.03934804692770462,632,"I don't know, she just kept opening up!"
4769,255,18,59,164,241,1.3941908713692945,0.04021722380084841,632,I don't know how they all fit in that phone booth.
91,259,18,58,163,239,1.393305439330544,0.04044104983438484,632,"Just what we need, another Russia investigation."
3043,260,15,60,154,229,1.3930131004366813,0.040260019464161086,632,"I feel like They’re all hiding something, except for the little one."
560,260,18,54,157,229,1.3930131004366813,0.04166275649178082,632,Their story does fit together.
4865,262,14,61,152,227,1.3920704845814977,0.040005488413437304,632,We can't get the little one to crack.
215,263,17,58,160,235,1.3914893617021276,0.04045184392699663,632,I've got five of them in the lineup to flip on the big one. They have a lot of insider information.
3000,263,16,60,159,235,1.3914893617021276,0.03999976784879992,632,So what happens when we ask one to step forward?
3255,263,16,60,159,235,1.3914893617021276,0.03999976784879992,632,"If you ask me, they're in this together."
639,266,19,55,164,238,1.3907563025210083,0.040965647855860494,632,"Tell Mr. Mueller he's getting closer."""
1549,266,32,29,177,238,1.3907563025210083,0.04625070999962856,632,"You need to stop painting your name on the floor, Lars!"
3519,266,25,43,170,238,1.3907563025210083,0.0434847976818168,632,All signs point to Russia
3699,266,18,57,163,238,1.3907563025210083,0.040530569739239276,632,"Yes, at a low moment I donated to a sperm bank."
4189,266,18,57,163,238,1.3907563025210083,0.040530569739239276,632,I think they're all covering for the little one on the end.
4690,271,18,56,162,236,1.3898305084745763,0.04075902489899058,632,"We found the first suspect, and then the rest came forward one after another."
4644,271,20,52,164,236,1.3898305084745763,0.04163438679851468,632,It's number 3! No way I'd forget that face.
3036,271,16,60,160,236,1.3898305084745763,0.0398644460308272,632,All six confessed it was an inside job.
14,271,23,46,167,236,1.3898305084745763,0.04291396327707373,632,"Maybe it’s just me, but deep down, I just know this whole thing fits together perfectly."
322,271,16,60,160,236,1.3898305084745763,0.0398644460308272,632,Do not be deceived - they are experts at multilayer encryption
45,271,21,50,165,236,1.3898305084745763,0.04206523731983731,632,Just because you have a neck doesn't mean you can come in here and boss me around.
1131,271,16,60,160,236,1.3898305084745763,0.0398644460308272,632,I still think they're hiding something.
3571,278,24,42,165,231,1.3896103896103895,0.044016120649155735,632,This is a perfect example of chain migration.
4695,278,17,56,158,231,1.3896103896103895,0.04091349735320039,632,"Except for the big one, they each claim they were ''in"" at the time."
2448,278,14,62,155,231,1.3896103896103895,0.039509286477449564,632,It has all the markings of a copycat crime.
2186,278,18,54,159,231,1.3896103896103895,0.041370977527425204,632,"Call it a hunch, but the little cop in my gut tells me they're still hiding something."
728,278,17,56,158,231,1.3896103896103895,0.04091349735320039,632,"I thought I told you, no profiling."
503,278,20,50,161,231,1.3896103896103895,0.04227108720370807,632,I can get more if the smallest one decides to open up.
356,284,19,51,159,229,1.388646288209607,0.0420702845237504,632,Conflict of interest? What conflict of interest?
2211,284,22,45,162,229,1.388646288209607,0.043414570723987446,632,"Kim, Kylie, Kourtney, Khloé, Kendall, Kris - they're all the same to me."
4071,284,20,49,160,229,1.388646288209607,0.04252310207783816,632,"I tried to get her to open up, but now she's beside herself."
4086,284,17,55,157,229,1.388646288209607,0.04114970351148897,632,Looks like a classic inside inside inside inside inside job.
1584,288,16,56,155,227,1.3876651982378854,0.040915953966348825,632,"They're not armed, but don't let that fool you. They're part of a tightly knit hierarchical organization."
1699,288,15,58,154,227,1.3876651982378854,0.04043674633396154,632,We think it must have been an inside job.
3690,288,16,56,155,227,1.3876651982378854,0.040915953966348825,632,"Y'know, it is possible they were all there."
2493,291,15,50,143,208,1.3846153846153846,0.04289731361944242,632,This looks like an inside job
734,292,16,54,154,224,1.3839285714285714,0.04124652812276145,632,They are all covering for each other.
1011,292,20,46,158,224,1.3839285714285714,0.0431442908132634,632,"All he said was, 'The perp was a real Russian doll'."
1274,292,19,48,157,224,1.3839285714285714,0.042677762275920954,632,It was a classic case of chain migration.
2159,292,16,54,154,224,1.3839285714285714,0.04124652812276145,632,All we know so far is it was an inside job.
3034,292,16,54,154,224,1.3839285714285714,0.04124652812276145,632,We really need to start using a different sketch artist.
3705,292,10,66,148,224,1.3839285714285714,0.038223624380547834,632,"Maybe it's me, but they all look the same!"
3991,292,23,40,161,224,1.3839285714285714,0.04451454976159722,632,I wish ICE would leave us out of these chain migration cases.
4031,292,15,56,153,224,1.3839285714285714,0.040758283149346805,632,"You were right, size matters."
4595,300,17,50,153,220,1.3818181818181818,0.04223107300229944,632,I'm starting to think it was an inside inside inside inside job.
1422,300,15,54,151,220,1.3818181818181818,0.04123641019894099,632,Those girls don”t have a leg to stand on.
2992,300,16,52,152,220,1.3818181818181818,0.04173670478739828,632,Seems to have been an inside job.
2650,303,11,55,136,202,1.381188118811881,0.04141734128469358,632,I suspect they were all in it together.
2115,304,18,47,153,218,1.3807339449541285,0.042982861378886385,632,Looks like six degrees of separation again.
40,304,17,49,152,218,1.3807339449541285,0.042488215274013516,632,So only one of them has a green card?
195,304,22,39,157,218,1.3807339449541285,0.044906994030987565,632,I love Bring Your Family to Work day!
227,304,18,47,153,218,1.3807339449541285,0.042982861378886385,632,"The witness only saw her from a distance,so we're in real trouble."
427,304,17,49,152,218,1.3807339449541285,0.042488215274013516,632,Turns out more than one person fit the description.
1100,304,13,57,148,218,1.3807339449541285,0.04044918659983567,632,It shouldn't take long to put this one together.
1643,304,19,45,154,218,1.3807339449541285,0.04347187950229678,632,I knew the Russians were hiding something.
2180,304,20,43,155,218,1.3807339449541285,0.043955457483773934,632,A classic case of chain immigration.
2858,304,17,49,152,218,1.3807339449541285,0.042488215274013516,632,I have a hunch this was an inside job.
2705,313,12,57,144,213,1.380281690140845,0.040535541278116476,632,"Odds are, it's an inside job."
3581,314,13,52,141,206,1.3786407766990292,0.041992190397785595,632,It all fits together now.
2142,315,18,43,148,209,1.3779904306220097,0.04425464278163955,632,"I know how crazy this sounds, but I think they may have ALL been there."
1394,316,16,50,151,217,1.3778801843317972,0.042084141268877155,632,Getting them to open up was easy.  Their so full of themselves.
4051,316,13,56,148,217,1.3778801843317972,0.040534759821842875,632,I'm getting a feeling this was an inside job.
1278,316,15,52,150,217,1.3778801843317972,0.041574097089782984,632,I’ve got a feeling the Russians are behind this one.
4311,319,18,44,150,212,1.3773584905660377,0.04379889310848305,632,"I'd  like six coffees please -- one trenta, venti, grande, tall, regular, and small."
3308,319,9,62,141,212,1.3773584905660377,0.0389351581844597,632,Only one I'd trust is the little one. The rest look like they've got something to hide.
222,319,17,46,149,212,1.3773584905660377,0.04328547465255841,632,"Honest, I did not separate this family at the border."
493,322,22,37,156,215,1.3767441860465117,0.04531608445016194,632,It could be Russia.  And it could be China. And it could be some guy in his home in New Jersey...
3790,322,15,51,149,215,1.3767441860465117,0.04182422542018082,632,All but one claim it was an inside job.
796,324,17,45,148,210,1.3761904761904762,0.04356021865615861,632,Looks like it was an inside inside inside inside inside job.
1608,324,15,49,146,210,1.3761904761904762,0.042501243700980705,632,"I’m gonna sit this one out, I think it’s a conflict of interest."
3947,324,19,41,150,210,1.3761904761904762,0.04459405322029547,632,I get the feeling one of them may still be hiding something.
1248,327,13,42,126,181,1.3756906077348066,0.0458374897408974,632,What makes you think I'm hiding something?
4525,328,12,56,145,213,1.375586854460094,0.04046879915994067,632,The cameras only show the big one going in. Could it be an inside job?
4315,328,18,44,151,213,1.375586854460094,0.043628764838569416,632,I guess the paternity tests results came back
2277,328,14,52,147,213,1.375586854460094,0.04154883284455542,632,"I swear Barb, after a while, they all start to look the same."
2166,328,17,46,150,213,1.375586854460094,0.0431181889542058,632,"Then BAM! All of a sudden, I was a husband, a father, a grandfather, a great grandfather, a ...."
2161,328,11,58,144,213,1.375586854460094,0.039917825627143314,632,It's the smallest one—the others are all covering for her.
1808,328,13,54,146,213,1.375586854460094,0.04101237140298292,632,I'm starting to think they were in it together.
2003,328,18,44,151,213,1.375586854460094,0.043628764838569416,632,She’s my sisters
591,328,16,48,149,213,1.375586854460094,0.042601494293533874,632,I knew that first one was hiding something.
280,328,14,52,147,213,1.375586854460094,0.04154883284455542,632,We have the evidence. Now we need to put it all together.
2066,328,16,48,149,213,1.375586854460094,0.042601494293533874,632,Yep. I used to be #7.
3381,338,14,50,144,208,1.375,0.042220400809546636,632,President Trump ordered us to use the Russian way of keeping families from being separated at the border.
3702,338,13,52,143,208,1.375,0.041666666666666664,632,"Well, obviously it was an inside job."
3289,338,17,44,147,208,1.375,0.043839658355668464,632,Our chances of finding ‘em just keep getting smaller and smaller and smaller.
2358,338,16,46,146,208,1.375,0.04330663357193764,632,"Even after all that mandatory diversity training, I still think they all look alike."
2253,338,12,54,142,208,1.375,0.041105473816797876,632,They've all really spilled their guts except the last one.  She's harder to crack.
2779,338,17,44,147,208,1.375,0.043839658355668464,632,"I'm sure it has something to do with the Russians, but I can't quite fit it all together."
1763,344,19,39,148,206,1.3737864077669903,0.045184507843281714,632,This case is a puzzle inside a riddle inside an enigma inside a Weeble.
211,344,11,55,140,206,1.3737864077669903,0.040776980931109506,632,"What do you mean, 'somebody on the inside?'"
688,344,16,45,145,206,1.3737864077669903,0.04358394954964233,632,And each one has hundreds of social media accounts.
793,344,19,39,148,206,1.3737864077669903,0.045184507843281714,632,"Go ahead, twist my head. I dare you."
1188,344,22,33,151,206,1.3737864077669903,0.04673027754821714,632,Previously on Tchotchke and Hutch...
1262,344,16,45,145,206,1.3737864077669903,0.04358394954964233,632,They’re beside themselves.
1492,344,16,45,145,206,1.3737864077669903,0.04358394954964233,632,I don't see how this is profiling.
2119,344,16,45,145,206,1.3737864077669903,0.04358394954964233,632,"No, these are different from the blow-up ones."
4440,344,8,61,137,206,1.3737864077669903,0.0389959367519521,632,I’ve taken their statements. The little one is solid but the rest ring hollow.
4694,344,12,53,141,206,1.3737864077669903,0.04135361980231003,632,Their stories don't quite fit.
2208,354,14,48,142,204,1.3725490196078431,0.04275091964890239,632,I'll take the fifth.
2797,354,15,46,143,204,1.3725490196078431,0.043312080427612,632,"We have a positive ID on the third from the left. No, second from right. No, wait..."
3780,356,17,41,144,202,1.3712871287128714,0.04470744194665902,632,We were happy until she accused me of looking at her sisters.
3876,356,19,37,146,202,1.3712871287128714,0.04579598977893038,632,"This downsizing is freaking me out."""
3139,356,14,47,141,202,1.3712871287128714,0.04302301005028441,632,Do you think it's Russian meddling?
3051,356,13,49,140,202,1.3712871287128714,0.042446681102035165,632,It's the one on the left.  She spilled her guts.
942,356,14,47,141,202,1.3712871287128714,0.04302301005028441,632,"I’m telling you right now, the last one won’t crack."
613,356,15,45,142,202,1.3712871287128714,0.04359171998207776,632,"Under interrogation, they gave each other up."
272,356,15,45,142,202,1.3712871287128714,0.04359171998207776,632,Looks like an inside job.
1098,363,10,54,137,201,1.3681592039800996,0.04075049030791089,632,I think we’re dealing with another copycat crime.
1364,363,18,38,145,201,1.3681592039800996,0.045371934172833056,632,Hear me out. Have you tried opening Paul Manafort up?
2140,363,16,42,143,201,1.3681592039800996,0.044261833706046416,632,"I'm telling you boss, it was an inside job"
3899,363,14,46,141,201,1.3681592039800996,0.04312316587936834,632,"Well, we had it narrowed down to one suspect, but she just kept opening up."
4910,367,18,34,141,193,1.3626943005181347,0.04664111887924567,632,They say they only talked about adoptions.
4872,367,10,50,133,193,1.3626943005181347,0.04175661673459276,632,I know they're in it together.
4589,367,12,46,135,193,1.3626943005181347,0.04302975451262458,632,"I know,we aren't supposed to say they all look alike"
4434,367,13,44,136,193,1.3626943005181347,0.04365240130353962,632,"In this case, the only thing that does matter is “size”."
4383,367,12,46,135,193,1.3626943005181347,0.04302975451262458,632,We believe they’re part of a larger organization
3760,367,13,44,136,193,1.3626943005181347,0.04365240130353962,632,"I, too, have layers within."
2252,373,11,32,106,149,1.3624161073825503,0.050585870209866476,632,Is fingerprinting off the table?
4092,374,18,33,140,191,1.361256544502618,0.04697322467720678,632,This is what happens when you skimp on sketch artists.
3346,374,12,45,134,191,1.361256544502618,0.04331067109412293,632,I think it was an inside inside inside inside inside job.
3293,374,17,35,139,191,1.361256544502618,0.04638288731400126,632,"Yeah, we thought this was an open and shut case...to find out it was an open and open and open and open and open and open case!"
2996,374,10,49,132,191,1.361256544502618,0.042018936548171675,632,I got a funny feeling this was an inside job
2486,374,15,39,137,191,1.361256544502618,0.0451790773876506,632,I caught the big one trying to sneak the others into the country.
1840,374,13,43,135,191,1.361256544502618,0.04394230116431437,632,They say they've got nothing left to hide.
1385,374,18,33,140,191,1.361256544502618,0.04697322467720678,632,"""I'm pretty sure you'd only be able to prosecute the one on the right, anyway. The others all told me they heard voices inside."
1533,374,18,33,140,191,1.361256544502618,0.04697322467720678,632,You know the paternity evidence is stacked against you.
239,374,11,47,133,191,1.361256544502618,0.0426696921670556,632,My gut tells me it's an inside job.
226,374,17,35,139,191,1.361256544502618,0.04638288731400126,632,We've got em' all on multiple counts of Nesting with Russians.  But was there Collusion?
225,374,13,43,135,191,1.361256544502618,0.04394230116431437,632,We'll bring the witnesses in and see how they stack up.
62,374,16,37,138,191,1.361256544502618,0.04578493894930221,632,"Ah, the Matryoshka crime family. Don't be fooled by their smiles. They are hollow on the inside."
1719,374,15,39,137,191,1.361256544502618,0.0451790773876506,632,Their alibis just don’t stack up.
2927,387,10,48,131,189,1.3597883597883598,0.04228580578767684,632,"It’s clearly an inside, inside, inside job."
2950,387,15,38,136,189,1.3597883597883598,0.045492041312325635,632,It’s hard to tell. They were all nesting at the time.
3328,387,10,48,131,189,1.3597883597883598,0.04228580578767684,632,Six counts of collusion - they’re stacking up!
3484,387,14,40,135,189,1.3597883597883598,0.04486912671796164,632,"We know what she looks like, we just don't know how tall."
3864,387,16,36,137,189,1.3597883597883598,0.04610654089272134,632,This Russian interference goes deeper than I thought.
3848,387,14,40,135,189,1.3597883597883598,0.04486912671796164,632,We're starting to suspect this was an inside job.
4606,387,13,42,134,189,1.3597883597883598,0.04423744163152584,632,"I don't know, something tells me they were in it together."
4809,387,14,40,135,189,1.3597883597883598,0.04486912671796164,632,"Well, your people all look the same to me as well."
2868,387,13,42,134,189,1.3597883597883598,0.04423744163152584,632,We have reason to believe they are working together.
3843,387,12,44,133,189,1.3597883597883598,0.043596604819329816,632,"Not only do the suspects fit the description, they also fit in the suspects."
2761,387,10,48,131,189,1.3597883597883598,0.04228580578767684,632,"I don’t know, they all seem to have something to hide."
2658,387,13,42,134,189,1.3597883597883598,0.04423744163152584,632,I can’t shake the feeling that this is an inside job.
2647,387,15,38,136,189,1.3597883597883598,0.045492041312325635,632,"You know Sarge, I just can't shake the idea that all of these players fit together somehow."
219,387,14,40,135,189,1.3597883597883598,0.04486912671796164,632,I nest my case.
241,387,15,38,136,189,1.3597883597883598,0.045492041312325635,632,I think the little one is hiding something.
1020,387,12,44,133,189,1.3597883597883598,0.043596604819329816,632,The pieces in this Russia case are starting to fit together
1312,387,12,44,133,189,1.3597883597883598,0.043596604819329816,632,Their alibis check out...same place at the same time.
299,387,7,54,128,189,1.3597883597883598,0.04023962599383342,632,I think it is an inside job.
1639,387,16,36,137,189,1.3597883597883598,0.04610654089272134,632,We can release suspect number six. She wasn't hiding anything.
1774,387,13,42,134,189,1.3597883597883598,0.04423744163152584,632,I'm pretty sure they're all in on it. I just can't figure out where they hid the body.
2343,387,15,38,136,189,1.3597883597883598,0.045492041312325635,632,I can't be sure. Would you ask them to turn sideways?
2559,387,10,48,131,189,1.3597883597883598,0.04228580578767684,632,I have a hunch they may be working together.
1618,387,15,38,136,189,1.3597883597883598,0.045492041312325635,632,We picked them up near FAO Schwartz.
2994,410,10,47,130,187,1.358288770053476,0.04255734897081398,632,You'll never get the little one to crack.
3451,410,16,35,136,187,1.358288770053476,0.04643418987157308,632,"Their names are Donald, Melania, Ivanka, Jared, Donald Junior, and Eric, and yes of course they are for sale"
3873,410,11,45,131,187,1.358288770053476,0.04322764113031443,632,We found the others lingering inside.
3712,413,11,44,130,185,1.3567567567567567,0.04351413389723504,632,"Cloning yes, collusion no."
257,413,13,40,132,185,1.3567567567567567,0.04484404823371198,632,"I tell ya, Janice, the more we keep digging into this ""Russia thing""..."
953,413,10,46,129,185,1.3567567567567567,0.04283369517384656,632,She's a repeat offender
3784,413,9,48,128,185,1.3567567567567567,0.04214227136338895,632,"If you ask me, they were all in on it."
3515,417,13,32,118,163,1.3558282208588956,0.04898498765704616,632,"uh...rosy cheeks, babushka and Mona Lisa smile...that's all I remember"
425,418,8,49,126,183,1.355191256830601,0.04169895523309552,632,"We're onto something, all the pieces are starting to fit together."
4792,418,17,31,135,183,1.355191256830601,0.04774144982010588,632,"I know how they work and trust me, it all fits. This case is open and open and open and open and open and shut, shut, shut, shut, shut."
4297,418,11,43,129,183,1.355191256830601,0.04380582824993761,632,"They all opened up except for the little one, she just would not crack."
4241,418,10,45,128,183,1.355191256830601,0.04311497823594398,632,She was smaller.
2492,418,12,41,130,183,1.355191256830601,0.04448595091756656,632,I didn't realize the full scope of Russian interference in our line up.
2487,418,12,41,130,183,1.355191256830601,0.04448595091756656,632,"Only one passport, but they’re all registered to vote."
4073,418,8,49,126,183,1.355191256830601,0.04169895523309552,632,"When we checked the CCTV tape we observed that only one of 'em entered the bank, but  all six exited ten minutes later."
2100,418,14,37,132,183,1.355191256830601,0.045815917646538085,632,"The Russian's want Ivanka to market them as the new Barbie"".."
2054,418,19,27,137,183,1.355191256830601,0.04898310434915192,632,They say they were just talking about adoption.
1632,418,14,37,132,183,1.355191256830601,0.045815917646538085,632,"Inside job"" doesn't even begin to describe it"
1088,418,14,37,132,183,1.355191256830601,0.045815917646538085,632,They claim they were never in the same hotel room as the President.
663,418,14,37,132,183,1.355191256830601,0.045815917646538085,632,Wow! You've got a lovely neck.
2197,418,16,33,134,183,1.355191256830601,0.047108351600842265,632,How often did you donate your sperm?
3734,431,14,36,131,181,1.3535911602209945,0.046143531160406356,632,"And I thought this was going to be an open and shut; open and shut; open and shut; open and shut; open and shut; and, open and shut case."
24,431,11,42,128,181,1.3535911602209945,0.04410287298279207,632,Most of them are cooperating. I just can't seem to get the little one to crack.
468,431,15,34,132,181,1.3535911602209945,0.046803982973208876,632,I hate russian dolls....they're so full of themselves.
2886,431,10,44,127,181,1.3535911602209945,0.04340133697400642,632,"Ah yes, now I see how it all fits together."
3265,431,12,40,129,181,1.3535911602209945,0.04479342317284229,632,It's only fitting -- they all did it.
3897,431,13,38,130,181,1.3535911602209945,0.04547348803144925,632,One of them is linked to a series of inside jobs
1212,437,7,51,126,184,1.3532608695652173,0.04079500827447718,632,You know what this means don’t you—it was an inside job.
508,438,6,19,63,88,1.3522727272727273,0.06473112286460529,632,No confessions here . . . they’re all so full of themselves!
4572,439,13,37,129,179,1.3519553072625698,0.04579719372200453,632,Only the little one has a solid alibi.
3342,439,13,37,129,179,1.3519553072625698,0.04579719372200453,632,Maybe we have gone too far with profiling.
3073,439,11,41,127,179,1.3519553072625698,0.04440542259156037,632,"Smuggling, for sure, but damned if I can figure out which one of them to charge."
2979,439,18,27,134,179,1.3519553072625698,0.049104342435269316,632,Who the hell wrote 'Lars' on our floor in permanent ink?
2820,439,15,33,131,179,1.3519553072625698,0.047147898681559115,632,The short one seems solid.
4050,439,9,45,125,179,1.3519553072625698,0.04296859502310156,632,"Well, this is just the first suspect."
2485,439,13,37,129,179,1.3519553072625698,0.04579719372200453,632,"Sorry, you just don't fit in!"
1963,439,17,29,133,179,1.3519553072625698,0.048460971382776837,632,It’s Bring Your Daughter to Work Day.
1517,439,10,43,126,179,1.3519553072625698,0.04369291540853259,632,Don't tell me size doesn't matter.
1516,439,11,41,127,179,1.3519553072625698,0.04440542259156037,632,"We gathered everyone who matched the description you gave us, but we need you to be a bit more specific"
1221,439,12,39,128,179,1.3519553072625698,0.04510667638136217,632,We just blew this case wide open.
2785,439,12,39,128,179,1.3519553072625698,0.04510667638136217,632,"Without fingerprints, how do you prove it?"
78,451,7,50,125,182,1.3516483516483517,0.04104403142687508,632,I am pretty sure it was an inside job.
1828,452,15,31,129,175,1.3485714285714285,0.04785622379824812,632,I was the only boy of the septuplets
979,453,11,25,99,135,1.348148148148148,0.053941924135995356,632,This has been the most excruciating cavity search of my career
3446,454,7,46,120,173,1.346820809248555,0.04227959201828843,632,It looks like they were all in it together.
4640,454,14,32,127,173,1.346820809248555,0.04751901984587583,632,"Am I racist, or do they all look the same?"
4489,454,13,34,126,173,1.346820809248555,0.04680645160645114,632,You try getting one of them to open up.
4342,454,10,40,123,173,1.346820809248555,0.04460049222385315,632,The evidence is starting to stack up.
4261,454,12,36,125,173,1.346820809248555,0.046082866413249116,632,Let's just hope that the witness is better remembering heights rather than faces.
3666,454,8,44,121,173,1.346820809248555,0.04306712477468873,632,My gut says they were all in on it.
2973,454,10,40,123,173,1.346820809248555,0.04460049222385315,632,They all match the description.
1009,454,12,36,125,173,1.346820809248555,0.046082866413249116,632,It’s the one without the dimples.
1920,454,12,36,125,173,1.346820809248555,0.046082866413249116,632,She ran out saying she couldn't contain herself.
1735,454,10,40,123,173,1.346820809248555,0.04460049222385315,632,I think Number Six is still hiding something.
1121,454,16,28,129,173,1.346820809248555,0.04891302400551533,632,"Cool it Marge, it's not sexist if they're actually dolls!"
798,454,18,24,131,173,1.346820809248555,0.05026838556802374,632,I swear they all just wanted to talk about adoptions.
654,454,12,36,125,173,1.346820809248555,0.046082866413249116,632,Does this job ever make you feel... empty inside?
138,454,11,38,124,173,1.346820809248555,0.045347736897618986,632,I just can't see any one of them being armed and dangerous...
2573,454,12,36,125,173,1.346820809248555,0.046082866413249116,632,...and they're all programmed to vote.
3919,469,11,37,123,171,1.345029239766082,0.04567397471290442,632,No question in my mind. It was an inside job.
4874,469,13,33,125,171,1.345029239766082,0.047156238879747805,632,Vice picked them up on a nesting charge.
4723,469,9,41,121,171,1.345029239766082,0.0441419649185016,632,All except the tall one were working undercover.
4442,469,8,43,120,171,1.345029239766082,0.04335566418891334,632,"In a case like this, perspective matters."
4305,469,10,39,122,171,1.345029239766082,0.0449145022957021,632,Search the smallest one again. I think she's hiding something.
4234,469,13,33,125,171,1.345029239766082,0.047156238879747805,632,They fit the profile.
4076,469,8,43,120,171,1.345029239766082,0.04335566418891334,632,I think it may have been an inside job.
3722,469,15,29,127,171,1.345029239766082,0.048593309873815396,632,Witnesses say one of them was at the Trump Tower meeting.
4194,469,12,35,124,171,1.345029239766082,0.0464210234234386,632,"I think it was an inside,inside,inside,inside,inside job."
3012,469,10,39,122,171,1.345029239766082,0.0449145022957021,632,"Looks like she's finally starting to open up, chief."
2928,469,11,37,123,171,1.345029239766082,0.04567397471290442,632,"Well, I'm convinced it was an inside job."
3389,469,12,35,124,171,1.345029239766082,0.0464210234234386,632,"We've got one who was working from the outside — basic reconnaissance — the rest were definitely in on it, but the short one, she won't crack."
2062,469,14,31,126,171,1.345029239766082,0.04788016619528635,632,"We’ve been through this, Frank. They are not Pussy Riot!"
1939,469,16,27,128,171,1.345029239766082,0.049296137922732325,632,I think the smallest one is hiding something.
1193,469,11,37,123,171,1.345029239766082,0.04567397471290442,632,"I don't get it. The witness said she looked like the one on the right from a distance, but the one on the left close up."
811,469,13,33,125,171,1.345029239766082,0.047156238879747805,632,"Yeah, height and weight ain’t good, but they all fit the description."
729,469,8,43,120,171,1.345029239766082,0.04335566418891334,632,We're operating under the theory that it was an inside job.
4725,486,13,32,124,169,1.3431952662721893,0.0475130576868527,632,"I swear, there was only one here before I left!"
3978,486,10,38,121,169,1.3431952662721893,0.04523453897576646,632,Chief said he has an idea about fixing overcrowded jails.
3798,486,8,42,119,169,1.3431952662721893,0.04364949896712175,632,I think her story is beginning to unravel.
3711,486,14,30,125,169,1.3431952662721893,0.04824865831180052,632,"If one did it, they all did it."
3540,486,13,32,124,169,1.3431952662721893,0.0475130576868527,632,The one on the end is hiding something.
879,486,13,32,124,169,1.3431952662721893,0.0475130576868527,632,We figured out how the Russians managed to get so many spies into the country.
1604,486,16,26,127,169,1.3431952662721893,0.04968719940948825,632,"When seen from left to right, it's titled ""INPUTS"";
when seen from right to left, it's called ""PUTINS""."
1457,486,11,36,122,169,1.3431952662721893,0.04600658533824066,632,"Looks like an open and shut, open and shut, open and shut case."
486,486,15,28,126,169,1.3431952662721893,0.04897321111611494,632,I've heard of stacking the jury...but now we're nesting the suspects?
2724,486,10,38,121,169,1.3431952662721893,0.04523453897576646,632,I didn't ask her to take her top off I swear
4289,496,9,41,122,172,1.3430232558139534,0.04393039847073926,632,That's the last time they try and sneak through on one passport.
4850,497,10,37,120,167,1.341317365269461,0.04556078294577334,632,No one is above the law of diminishing returns.
4685,497,15,27,125,167,1.341317365269461,0.04936100968472458,632,"Looks like an open and shut, open and shut, open and shut, open and shut, open and shut, open and shut case."
1658,497,9,39,119,167,1.341317365269461,0.0447620383331585,632,Trust me when I say our pool of suspects keeps getting smaller and smaller
1230,500,10,36,119,165,1.3393939393939394,0.045893422034413635,632,How can you accuse me of ethnic profiling?
4875,500,8,40,117,165,1.3393939393939394,0.044253661159434264,632,"Oh, you're here for the Russian trolls- those are up on the fourth floor."
3467,502,12,30,118,160,1.3375,0.0484731495409066,632,She was so full of herself!
3652,503,13,29,121,163,1.3374233128834356,0.04862796680848483,632,It couldn't be number three.  She was in number four at the time.
3603,503,14,27,122,163,1.3374233128834356,0.049400602404890095,632,"The sketch wasn't drawn to scale, of course, which is the first problem."
3487,503,10,35,118,163,1.3374233128834356,0.04623265155504615,632,"Mahoney, I gotta hunch this was an inside, inside, inside, inside, inside job."
3311,503,9,37,117,163,1.3374233128834356,0.0454061417406432,632,"We think it was an inside, inside, inside job."
2951,503,12,31,120,163,1.3374233128834356,0.04784285520209022,632,Anyway you stack em one looks as guilty as the next!
3277,503,10,35,118,163,1.3374233128834356,0.04623265155504615,632,I don’t like the way this case is stacking up.
2830,503,9,37,117,163,1.3374233128834356,0.0454061417406432,632,Now I'm sure the clues all fit together!
2242,503,12,31,120,163,1.3374233128834356,0.04784285520209022,632,"Sadly, we are divorced now - she was so full of herself."
1320,503,7,41,115,163,1.3374233128834356,0.04370625794658608,632,It's definitely an inside job but none of them will talk.
894,503,8,39,116,163,1.3374233128834356,0.04456430573600861,632,They're quite full of themselves.
2864,503,10,35,118,163,1.3374233128834356,0.04623265155504615,632,After reviewing this lineup I'd say it all fits together
3632,514,10,34,117,161,1.3354037267080745,0.046578674660653574,632,"We got them on smuggling. As for how many counts, you got me."
189,514,12,30,119,161,1.3354037267080745,0.048216723615863835,632,We have reason to believe the one at the end is harboring other fugitives.
1905,514,6,42,113,161,1.3354037267080745,0.043116283779238575,632,Let's just wait and see how they stack up.
3235,514,12,30,119,161,1.3354037267080745,0.048216723615863835,632,Next you do the body cavity search.
3534,514,9,36,116,161,1.3354037267080745,0.045737656057019536,632,The one on the right refuses to open up.
4285,519,9,35,115,159,1.3333333333333333,0.04607573356985444,632,It's an open-and-open-and-open-and-shut case.
3730,519,9,35,115,159,1.3333333333333333,0.04607573356985444,632,All of them say they were together at the time of the crime.
670,519,9,35,115,159,1.3333333333333333,0.04607573356985444,632,The line-up? It's nothing compared to the cavity search.
3630,519,11,31,117,159,1.3333333333333333,0.047772337349142,632,It's this whole 'Russian' thing.
3607,523,10,32,115,157,1.3312101910828025,0.0472919556935171,632,Can I see 5 inside of 2?
988,523,11,30,116,157,1.3312101910828025,0.04814756889652573,632,They said I never really fit in.
1120,523,7,38,112,157,1.3312101910828025,0.0446267982420122,632,It was clearly an insider job.
1970,523,9,34,114,157,1.3312101910828025,0.04642057470550615,632,"When the chief said to round up all of Aleksei's Russian dolls, I 'm pretty sure these aren't the ones he was talking about."
2529,523,8,36,113,157,1.3312101910828025,0.04553252067106949,632,They're all in on it.
2813,523,8,36,113,157,1.3312101910828025,0.04553252067106949,632,I just have a feeling it was someone on the inside—but who?
3364,523,9,34,114,157,1.3312101910828025,0.04642057470550615,632,I'm starting to think it was an inside job too.
4204,523,6,40,111,157,1.3312101910828025,0.04370230890931458,632,It wasn't easy but I think we got 'em all.
4485,523,6,40,111,157,1.3312101910828025,0.04370230890931458,632,"If you ask me, the short one's at the center of the plot."
4561,523,8,36,113,157,1.3312101910828025,0.04553252067106949,632,"Every time I get inside one of their heads, we find a new suspect."
4164,533,6,39,109,154,1.3311688311688312,0.04423777955055231,632,What do we do now? Number 4 wiped off her blush.
2865,534,10,25,101,136,1.3308823529411764,0.052242883263882905,632,Hillary's emails are in the little one.
3523,535,11,29,115,155,1.3290322580645162,0.0485307182870547,632,"I own the company, but I'm more of a figurehead."
3385,535,8,35,112,155,1.3290322580645162,0.04586795260062676,632,"Every time we think we have our suspect, another one appears."
3163,535,9,33,113,155,1.3290322580645162,0.046772387755327584,632,Bad news: the one on the left has an alibi.
3140,535,7,37,111,155,1.3290322580645162,0.04494532117152985,632,Well the witness did say the suspect was between 2ft and 5ft tall.
903,535,8,35,112,155,1.3290322580645162,0.04586795260062676,632,The genius of it is if we nab one of them--we get them all.
294,535,11,29,115,155,1.3290322580645162,0.0485307182870547,632,It all stacks up.
250,535,11,29,115,155,1.3290322580645162,0.0485307182870547,632,Yes I lined up my matryoshka dolls along the suspect wall again and yes I know I was told not to do this.
2097,535,14,23,118,155,1.3290322580645162,0.05105479565272579,632,Spatial profiling
910,543,12,26,114,152,1.3289473684210527,0.05007515769017118,632,"I said ""arresting molls"" not ""nesting dolls."""
3631,543,9,32,111,152,1.3289473684210527,0.04739310382823097,632,What makes you think they worked together?
4222,543,7,36,109,152,1.3289473684210527,0.04551735426177722,632,Their alibis are suspiciously similar.
1416,546,9,32,112,153,1.326797385620915,0.04713138922175149,632,I swear I just brought in the one.
882,546,9,32,112,153,1.326797385620915,0.04713138922175149,632,"They're starting to all look the same,aren't they..."
1288,546,8,34,111,153,1.326797385620915,0.04621004801952416,632,"I swear, all I said to Janet was 'There's a better you inside of you, and we both know it.'"
2235,546,11,28,114,153,1.326797385620915,0.04892204486714798,632,"What? It's ""Take Your Daughters To Work"" day..."
2988,546,11,28,114,153,1.326797385620915,0.04892204486714798,632,"They thought they could get away with it, but they're all just so full of themselves."
4745,546,13,24,116,153,1.326797385620915,0.05064943334326898,632,It's the worst case of stolen identity I've ever seen.
1731,552,8,33,109,150,1.3266666666666667,0.04681981899960586,632,"Whadayamean, they all look the same to you?"
3913,553,7,35,109,151,1.3245033112582782,0.045600887712760656,632,Just coincidence.  No collusion.
4698,553,8,33,110,151,1.3245033112582782,0.04655900751672395,632,"Comrade, do you think one of them could be hiding something?"
3776,553,10,29,112,151,1.3245033112582782,0.04841840169236755,632,"I only reported one doll to customs, I swear I didn’t know about the others"
3802,553,8,33,110,151,1.3245033112582782,0.04655900751672395,632,"From the looks of it, I would say that it must have been an inside job."
3955,553,8,33,110,151,1.3245033112582782,0.04655900751672395,632,"I thought you said it was an ""Open and Shut"" case."
3480,553,11,27,113,151,1.3245033112582782,0.04932181913913976,632,I'd bet my badge the smallest one is at the centre of all this.
4167,553,7,35,109,151,1.3245033112582782,0.045600887712760656,632,"Beth, I just can't handle these serial cases anymore."
4384,553,13,23,115,151,1.3245033112582782,0.0510807427970181,632,They insist on being deported as One.
4509,553,10,29,112,151,1.3245033112582782,0.04841840169236755,632,"So, you're still telling me it wasn't the Russians?"
4583,553,6,37,108,151,1.3245033112582782,0.04462220007396827,632,"Fuggedaboutit, Chief, they're all covering for each other."
3957,553,7,35,109,151,1.3245033112582782,0.045600887712760656,632,"The notorious babushka gang, Got 'em dead to rights."
2825,553,10,29,112,151,1.3245033112582782,0.04841840169236755,632,20 years on the force and this one really shook me up...I just didn't think she had it in her.
1503,553,10,29,112,151,1.3245033112582782,0.04841840169236755,632,Nesting is the same as colluding.
1958,553,8,33,110,151,1.3245033112582782,0.04655900751672395,632,The theory is they were all in it together
94,553,10,29,112,151,1.3245033112582782,0.04841840169236755,632,"Listen, you try nesting them without being accused of inappropriate touching!"
504,553,9,31,111,151,1.3245033112582782,0.04749780417759235,632,"Their stories are pretty consistent, almost like they witnessed it from the same vantage point."
853,553,8,33,110,151,1.3245033112582782,0.04655900751672395,632,We think the smallest one did the robbery. We brought in the rest for harboring a fugitive.
1286,553,11,27,113,151,1.3245033112582782,0.04932181913913976,632,"No, I'm an empty nester."
2169,553,13,23,115,151,1.3245033112582782,0.0510807427970181,632,Take my head off - see for yourself.
1428,553,8,33,110,151,1.3245033112582782,0.04655900751672395,632,"Every time I think I know who did it, another culprit comes out of the woodwork."
1537,553,9,31,111,151,1.3245033112582782,0.04749780417759235,632,Well they all have your neckline Phil...
1597,553,6,37,108,151,1.3245033112582782,0.04462220007396827,632,"Upon first impression, the suspect is very full of herself"
1824,553,10,29,112,151,1.3245033112582782,0.04841840169236755,632,Ok so maybe it was an inside job after all.
1352,553,8,33,110,151,1.3245033112582782,0.04655900751672395,632,"Well, yes. Technically they ARE ""Russian"" nesting dolls, but they were made in Taiwan, so I didn't think they'd be a security issue."
116,577,9,30,109,148,1.3243243243243243,0.048146578815984276,632,But how did they get up the stairs?
2105,577,7,22,82,111,1.3243243243243243,0.05602468474634608,632,Is it racist if I say they all look alike?
3295,577,10,28,110,148,1.3243243243243243,0.049091972001957924,632,Maybe if we rearrange them?
4139,577,10,28,110,148,1.3243243243243243,0.049091972001957924,632,What makes you think I put my sisters in the line-up?
2937,581,5,29,87,121,1.322314049586777,0.05008928121572211,632,Chain Migration?  What are you saying?
4492,582,10,28,111,149,1.3221476510067114,0.048809940965001956,632,"I don't want to be that person, but they all look alike."
3809,582,8,32,109,149,1.3221476510067114,0.046915039101258,632,It couldn’t have been her. She was on the inside when it happened.
3438,582,7,34,108,149,1.3221476510067114,0.045938286562576126,632,"That littlest one is close to cracking, I can just feel it."
3099,582,9,30,110,149,1.3221476510067114,0.04787186663834796,632,Fine - you pick her out of the lineup then
4596,582,9,30,110,149,1.3221476510067114,0.04787186663834796,632,It was supposed to be a line up of Russian trolls!
2957,582,9,30,110,149,1.3221476510067114,0.04787186663834796,632,The wooden expressions are throwing me off.
2802,582,5,38,106,149,1.3221476510067114,0.04391966221603887,632,The first one cracked and the others followed.
2788,582,7,34,108,149,1.3221476510067114,0.045938286562576126,632,What do you mean they all look the same?
2664,582,16,16,117,149,1.3221476510067114,0.054097861939361384,632,"They all work at The Onion, create fake news, hold stock in a shell corporation, and are part of a pyramid scheme, and five of them have been in hiding."
999,582,8,32,109,149,1.3221476510067114,0.046915039101258,632,One of them will crack.
1909,582,9,30,110,149,1.3221476510067114,0.04787186663834796,632,We may have more suspects.
1684,582,8,32,109,149,1.3221476510067114,0.046915039101258,632,Exactly where do you see yourself fitting in?
1093,582,7,34,108,149,1.3221476510067114,0.045938286562576126,632,They must have had someone on the inside.
883,582,11,26,112,149,1.3221476510067114,0.04973032333068207,632,"Nested, then arrested!"
571,582,10,28,111,149,1.3221476510067114,0.048809940965001956,632,Turns out they were all in on it.
4848,582,10,28,111,149,1.3221476510067114,0.048809940965001956,632,"Sorry, this is a Trump 2020 campaign meeting. Lineups are down the hall."
121,582,7,34,108,149,1.3221476510067114,0.045938286562576126,632,I dunno Sandra... number 3 says she's here to discuss adoption. That's some pretty wholesome stuff right there.
2236,582,6,36,107,149,1.3221476510067114,0.044940309864732325,632,I think we need to ask all of them about their interior motives.
190,582,6,36,107,149,1.3221476510067114,0.044940309864732325,632,"""I thought you were over Russian dolls, Jerry.""

-Alexys Mason (age 13, Baldwin Middle School)"
2452,601,9,29,108,146,1.321917808219178,0.048535405079492736,632,Nice lineup. But the suspect is a Barbie Doll.
2400,601,9,29,108,146,1.321917808219178,0.048535405079492736,632,"Look, just nest them, and save ICE some money by deporting only the big one."
1091,601,8,31,107,146,1.321917808219178,0.04755220536358844,632,"I tell you, this perp is a riddle, wrapped in a mystery, inside an enigma."
2058,601,9,29,108,146,1.321917808219178,0.048535405079492736,632,"They're really full of themselves, huh?"
367,605,11,25,111,147,1.3197278911564625,0.050147851995045616,632,"Russian collusion? No, inclusion."
414,605,6,35,106,147,1.3197278911564625,0.045264414932032815,632,Without a doubt it was an inside job.
854,605,10,27,110,147,1.3197278911564625,0.049209949193241884,632,All the witnesses agree:  they colluded.
1854,605,8,31,108,147,1.3197278911564625,0.047278358467382736,632,Are you sure they are Russian?
2910,605,8,31,108,147,1.3197278911564625,0.047278358467382736,632,"Now, don't be rushin' to any conclusions. What makes you think they're all in this together?"
3049,605,6,35,106,147,1.3197278911564625,0.045264414932032815,632,"I' think I know how we can save some shelf space, Olga."
3241,605,8,31,108,147,1.3197278911564625,0.047278358467382736,632,"Listen, I'm not the one who's full of myself okay?"
2390,612,7,32,105,144,1.3194444444444444,0.04690579113307767,632,I just need some perspective.
2403,612,8,30,106,144,1.3194444444444444,0.047929931555813904,632,Did you have to put my whole family through the line up?
2678,612,8,30,106,144,1.3194444444444444,0.047929931555813904,632,My instinct tells me the short one on the end is at the center of this whole thing.
2915,612,9,28,107,144,1.3194444444444444,0.04893264182598465,632,"I don’t know about this larsony, Hal, but now I do know how the Russians got inside our polling booths."
3550,612,10,26,108,144,1.3194444444444444,0.049915213444351805,632,What's wrong? You said the suspect would be wearing a babushka.
4130,612,10,26,108,144,1.3194444444444444,0.049915213444351805,632,I have it cranked down to near freezing in there Sue and not a hint of rosy cheeks on number 4. I’d say we found our Matryoshka.
3818,612,11,24,109,144,1.3194444444444444,0.05087881317719878,632,"Detective work is never a one-size-fits-all proposition, Sarge."
3929,612,9,28,107,144,1.3194444444444444,0.04893264182598465,632,Would you be a doll and help stack them back up?
2248,612,12,22,110,144,1.3194444444444444,0.05182449929758505,632,"I call it the ""Me Too"" doll."
4190,612,8,30,106,144,1.3194444444444444,0.047929931555813904,632,What? I told you it was an open-and-shut case.
4398,612,8,30,106,144,1.3194444444444444,0.047929931555813904,632,Can you go in and turn them to the left?
3608,612,13,20,111,144,1.3194444444444444,0.05275323520477669,632,"Come on, Jeff, save the Russian toys for the White House."
2178,612,6,34,104,144,1.3194444444444444,0.04585878481485102,632,Russia's #Me Too moment
1623,612,5,36,103,144,1.3194444444444444,0.044787309001208295,632,I can’t explain it!  There was only one the last time I  looked.
1976,612,11,24,109,144,1.3194444444444444,0.05087881317719878,632,"I just don't understand it,They sat in the cabinet for years,and now this!"
1894,612,9,28,107,144,1.3194444444444444,0.04893264182598465,632,"Well, you might not think your neck is freakish, but I'm telling you, you're the only one that has one."
1686,612,8,30,106,144,1.3194444444444444,0.047929931555813904,632,Thanks!  You are a doll.
1621,612,7,32,105,144,1.3194444444444444,0.04690579113307767,632,"Well Ma'am, at least this spy ring gets smaller and smaller."
1575,612,13,20,111,144,1.3194444444444444,0.05275323520477669,632,At last. Proof of the Russian conspiracy to conceal a puppet leader.
1179,612,10,26,108,144,1.3194444444444444,0.049915213444351805,632,It's how they smuggle lobbyists past our facial recognition security.
1008,612,8,30,106,144,1.3194444444444444,0.047929931555813904,632,I didn't know I would need a visa for each of them!
905,612,7,32,105,144,1.3194444444444444,0.04690579113307767,632,I can't believe you think I'm hiding something.
511,612,9,28,107,144,1.3194444444444444,0.04893264182598465,632,It's an open and shut case.
489,612,15,16,113,144,1.3194444444444444,0.05456330285842935,632,The name's Nest. Eliot Nest.
380,612,9,28,107,144,1.3194444444444444,0.04893264182598465,632,We think it was someone on the inside.
338,612,10,26,108,144,1.3194444444444444,0.049915213444351805,632,What makes you think its a gang thing?
4715,612,7,32,105,144,1.3194444444444444,0.04690579113307767,632,"Inside job, eh?"
2165,612,7,32,105,144,1.3194444444444444,0.04690579113307767,632,"The vic says it coulda been all of 'em, for all she knows."
4909,612,8,30,106,144,1.3194444444444444,0.047929931555813904,632,They'll talk if they can go into hiding afterwards.
237,641,11,23,108,142,1.3169014084507042,0.05132323400957692,632,They inherited their neck from me.
317,642,7,30,102,139,1.316546762589928,0.04793294940566513,632,We got her to open up.
2299,642,10,24,105,139,1.316546762589928,0.05109169093298822,632,Meet the Doppler sisters
2480,644,8,29,106,143,1.3146853146853146,0.04802776333926085,632,I can't get the littlest one to crack.
3520,645,7,17,75,99,1.3131313131313131,0.06031331758731997,632,Sadly it's my wife.  I didn't know she had it in her.
2731,646,9,25,104,138,1.3115942028985508,0.05017764342283398,632,"Ok, you can bring in Mueller now."
909,647,8,26,101,135,1.3111111111111111,0.04983850832175466,632,Doesn't the fourth one from the left look a bit shifty to you?
4693,648,5,33,101,139,1.3093525179856116,0.045492154415543704,632,"I don't know, Sue. The evidence stacks up too  perfectly."
4154,648,7,29,103,139,1.3093525179856116,0.0477290785840068,632,"In this case, identifying the perp's exact height is extremely important."
3808,648,8,27,104,139,1.3093525179856116,0.04880911141409572,632,"I don't get it.  Each one tells the same story, but in smaller and smaller font."
3496,648,6,31,102,139,1.3093525179856116,0.046624033801495386,632,They aren't mine.
2936,648,10,23,106,139,1.3093525179856116,0.05090047333909807,632,"This Russian case is a riddle, wrapped in a mystery, inside an enigma. But where do these nested dolls come in?"
2844,648,5,33,101,139,1.3093525179856116,0.045492154415543704,632,I thought we agreed that six children would be it.
2556,648,7,29,103,139,1.3093525179856116,0.0477290785840068,632,When she said “I have a secret inside me” I thought she was referring to the robbery.
2543,648,8,27,104,139,1.3093525179856116,0.04880911141409572,632,"All I said was, 'These gals sure are stacked.'"""
2659,648,4,35,100,139,1.3093525179856116,0.04433138503151419,632,We think it might be an inside job
2263,648,9,25,105,139,1.3093525179856116,0.04986575750541569,632,Is it just me or is she full of herself?
2310,648,7,29,103,139,1.3093525179856116,0.0477290785840068,632,I'm sure it was an inside job.
1372,648,9,25,105,139,1.3093525179856116,0.04986575750541569,632,"That moustache isn't fooling anyone, Tony, we know you're the inside woman."
1270,648,8,27,104,139,1.3093525179856116,0.04880911141409572,632,Looks like a quintessential inside job to me.
934,648,10,23,106,139,1.3093525179856116,0.05090047333909807,632,"I don't care what 23 'n' Me says, I'm not related to any of 'em."
805,648,7,29,103,139,1.3093525179856116,0.0477290785840068,632,"You’re right Sarge, it was an inside, inside, inside, inside, inside, inside job."
765,648,8,27,104,139,1.3093525179856116,0.04880911141409572,632,"All in all, they were in this together!"
735,648,7,29,103,139,1.3093525179856116,0.0477290785840068,632,"I thought it would be an open and shut case. But it's been open, open, open, open, open..."
331,665,9,23,101,133,1.3082706766917294,0.05138817017271687,632,Russian interference with the facial recognition software again.
1797,666,6,30,101,137,1.3065693430656935,0.04698058280335823,632,If your witness picks the big one we've got them all.
2617,666,8,26,103,137,1.3065693430656935,0.049212392488627785,632,How do you expect me to book them - they don't have fingerprints!
3660,666,8,26,103,137,1.3065693430656935,0.049212392488627785,632,"Well, you did say you could pick her out of a lineup."
4683,666,7,28,102,137,1.3065693430656935,0.04810943116997928,632,Our sketch artist just quit.
4524,670,9,23,102,134,1.3059701492537314,0.05105509152021827,632,My intuition tells me that the shortest one is still hiding something.
2288,670,8,25,101,134,1.3059701492537314,0.049943983816910474,632,Can you give me more than just 'the suspect seemed really full of herself'?
2282,670,7,27,100,134,1.3059701492537314,0.048807588230415234,632,"When I began the interrogation, they all just started opening up...."
2077,670,8,25,101,134,1.3059701492537314,0.049943983816910474,632,"When I said I wanted 6 Russian suspects by Friday, this is not what I meant..."
1781,670,9,23,102,134,1.3059701492537314,0.05105509152021827,632,There are more layers to this case than we initially realized.
207,670,4,33,97,134,1.3059701492537314,0.045227404490724696,632,Something tells me it was an inside job.
1301,670,8,25,101,134,1.3059701492537314,0.049943983816910474,632,"I think we’re looking at an inside, inside, inside job."
928,670,6,29,99,134,1.3059701492537314,0.047644095313435435,632,Something just doesn't fit here.
420,670,9,23,102,134,1.3059701492537314,0.05105509152021827,632,I’m starting to think this was an inside job.
366,670,7,27,100,134,1.3059701492537314,0.048807588230415234,632,Witnesses say they were all in it together.
1316,670,9,23,102,134,1.3059701492537314,0.05105509152021827,632,"Tell Mueller, the Russia investigation just got a whole lot more complicated!"""
2907,681,9,22,100,131,1.3053435114503817,0.051851372774513585,632,"It’s, “Bring your family to work” day."
3731,681,6,28,97,131,1.3053435114503817,0.04833472273958615,632,"Ethnic profiling and sexism, maybe. But don’t accuse me of size-ism.”"
1628,683,7,27,101,135,1.3037037037037038,0.048497689417499795,632,So the Russia probe has come down to this?
3175,684,9,22,101,132,1.303030303030303,0.05150902795244111,632,They all say it was an inside job.
3317,684,5,30,97,132,1.303030303030303,0.04680318660721329,632,"Don’t worry, we had a guy on the inside."
3395,684,7,26,99,132,1.303030303030303,0.049212387857098486,632,We separated them at the border.
3466,684,6,28,98,132,1.303030303030303,0.04802289763845537,632,I'm not sure I fit in.
3514,684,9,22,101,132,1.303030303030303,0.05150902795244111,632,"It appears to have been an inside job, likely the Russians."
3662,684,5,30,97,132,1.303030303030303,0.04680318660721329,632,The shortest suspect on the end is the most suspicious.  I can't seem to get inside of her head.
3837,684,10,20,102,132,1.303030303030303,0.05261977177458386,632,We uncovered a nest of Russian hackers.
4630,684,5,30,97,132,1.303030303030303,0.04680318660721329,632,The big one says they were all in it together.
4268,684,6,28,98,132,1.303030303030303,0.04802289763845537,632,"You got me. It's a riddle, wrapped in a mystery, wrapped in an enigma..."
4507,684,7,26,99,132,1.303030303030303,0.049212387857098486,632,Don't you think we should add some diversity to this line-up?
4665,684,8,24,100,132,1.303030303030303,0.05037379814547864,632,They have nothing left to hide.
4800,684,7,26,99,132,1.303030303030303,0.049212387857098486,632,You oughta see my little brother!
4861,684,6,28,98,132,1.303030303030303,0.04802289763845537,632,"No, I don't. But maybe I think all YOU people look alike."
3039,684,7,26,99,132,1.303030303030303,0.049212387857098486,632,I know one was taller than the other
4248,684,5,30,97,132,1.303030303030303,0.04680318660721329,632,I think we‘ve reached a dead end with the little one
2960,684,7,26,99,132,1.303030303030303,0.049212387857098486,632,Getting them to turn to the side is a challenge.
351,684,8,24,100,132,1.303030303030303,0.05037379814547864,632,When you witnessed the crime how far away were you?
2762,684,6,28,98,132,1.303030303030303,0.04802289763845537,632,Something about this just doesn't stack up.
2651,684,6,28,98,132,1.303030303030303,0.04802289763845537,632,How many Russian dolls does anybody need?
2443,684,5,30,97,132,1.303030303030303,0.04680318660721329,632,"It's the old Russian dolls, all six travel on one airplane ticket scheme."
2410,684,2,36,94,132,1.303030303030303,0.0429366628137054,632,She did have a very clever scheme for getting them all into this country.
2289,684,5,30,97,132,1.303030303030303,0.04680318660721329,632,Things just don't stack up.
2020,684,8,24,100,132,1.303030303030303,0.05037379814547864,632,"At first glance, I wouldn't of thought she had it in her"
1389,684,10,20,102,132,1.303030303030303,0.05261977177458386,632,Six of one and a half dozen or the other.
1197,684,5,30,97,132,1.303030303030303,0.04680318660721329,632,They all matched the DNA sample.
836,684,8,24,100,132,1.303030303030303,0.05037379814547864,632,"Now that you've seen the line-up, would you still say my description is ""xenophobic and sexist?"""
558,684,11,18,103,132,1.303030303030303,0.05370754884197588,632,Apparently the suspect had multiple people on the inside.
482,684,7,26,99,132,1.303030303030303,0.049212387857098486,632,"They entered illegally, but I can't bring myself to separate them."
470,684,7,26,99,132,1.303030303030303,0.049212387857098486,632,"Yes, we have that same egg-shaped-head, but there's no relation."
246,684,11,18,103,132,1.303030303030303,0.05370754884197588,632,"We shouldn't separate the mother from her children."""
67,684,8,24,100,132,1.303030303030303,0.05037379814547864,632,Just nesting ... I mean resting.
2876,684,10,20,102,132,1.303030303030303,0.05261977177458386,632,We’ve lost track of which one we suspect.
3224,716,10,19,100,129,1.302325581395349,0.0534704638035713,632,Get Special Prosecutor Mueller on the line.  Tell him we have a positive ID on a nest of Russian election hackers.
1644,716,5,29,95,129,1.302325581395349,0.0474707314492864,632,"My wife left me,and took our five kids."
2740,716,7,25,97,129,1.302325581395349,0.049957165715698616,632,It's more of a perp wobble...
3033,719,9,21,100,130,1.3,0.05197357247809658,632,It's so hard to get a positive ID in these insider trading cases.
4844,719,6,27,97,130,1.3,0.048409404902408866,632,Don’t worry. If my DNA matches I’ll recuse myself.
4807,719,5,29,96,130,1.3,0.04716152985886383,632,Seems like an inside job to me.
4177,719,2,35,93,130,1.3,0.04320217755504824,632,It shouldn’t be too hard to get them to open up.
4136,719,9,21,100,130,1.3,0.05197357247809658,632,Seems they all fit the same mold!
4116,719,6,27,97,130,1.3,0.048409404902408866,632,I've got a source on the inside.
4070,719,8,23,99,130,1.3,0.05081330191750084,632,I just don’t think you’ll fit in
3987,719,8,23,99,130,1.3,0.05081330191750084,632,I feel like this job has made me more well rounded.
3884,719,8,23,99,130,1.3,0.05081330191750084,632,"Don't ask me how I know, but the little one is hiding something."
3458,719,5,29,96,130,1.3,0.04716152985886383,632,You don't want to know what we found in the little one.
3307,719,6,27,97,130,1.3,0.048409404902408866,632,How is that racist? Look at them!
3087,719,8,23,99,130,1.3,0.05081330191750084,632,They're saying it was an inside job
2575,719,7,25,98,130,1.3,0.04962591124989274,632,The witness says they were all in on it.
101,719,9,21,100,130,1.3,0.05197357247809658,632,They all have something to hide.
2386,719,6,27,97,130,1.3,0.048409404902408866,632,"So probably the most important thing we look for in new recruits around here is, you know, fit."
13,719,9,21,100,130,1.3,0.05197357247809658,632,It was an inside job.
428,719,10,19,101,130,1.3,0.05310850045437944,632,"Clearly, it was inside job."
652,719,6,27,97,130,1.3,0.048409404902408866,632,"If you ask me, looks like an inside job."
2420,719,8,23,99,130,1.3,0.05081330191750084,632,The charge? Cannibalism.
869,719,7,25,98,130,1.3,0.04962591124989274,632,Bring in the witness -- all six of them.
710,719,8,23,99,130,1.3,0.05081330191750084,632,I think one of them is hiding something.
1066,719,8,23,99,130,1.3,0.05081330191750084,632,I think they're in on it together
1358,719,9,21,100,130,1.3,0.05197357247809658,632,The big one's covering for the others.
1488,719,6,27,97,130,1.3,0.048409404902408866,632,My instincts say inside job.
2007,719,7,25,98,130,1.3,0.04962591124989274,632,"You gotta admit, they all fit the description . . ."
2241,719,7,25,98,130,1.3,0.04962591124989274,632,"Its a riddle wrapped in a mystery, inside an enigma. Still working on the other three"
913,719,9,21,100,130,1.3,0.05197357247809658,632,I'd bet my pension the Russians are behind this.
3584,746,6,26,95,127,1.2992125984251968,0.0491331692464483,632,"No offense, comrade, when I said they were stacked."
3562,746,8,22,97,127,1.2992125984251968,0.05161431074911196,632,Sometimes I feel so hollow inside
3456,746,3,32,92,127,1.2992125984251968,0.045156563081588594,632,Their mother is kinda OCD.
3361,746,5,28,94,127,1.2992125984251968,0.04784437211676261,632,I really couldn't say. At a distance they all look the same.
2980,746,8,22,97,127,1.2992125984251968,0.05161431074911196,632,"In a case like this, size does matter!"
3333,746,4,30,93,127,1.2992125984251968,0.046519883558478206,632,I still feel like they're hiding something.
3093,746,8,22,97,127,1.2992125984251968,0.05161431074911196,632,Collusion’
3066,746,6,26,95,127,1.2992125984251968,0.0491331692464483,632,"We  think the tall one was the mastermind but, obviously, we couldn't arrest one without arresting them all."
3611,746,6,26,95,127,1.2992125984251968,0.0491331692464483,632,"Frankly, I'm not seeing the Russian connection here, Lieutenant. No collusion!"
3335,746,5,28,94,127,1.2992125984251968,0.04784437211676261,632,It's always an inside job.
3728,746,4,30,93,127,1.2992125984251968,0.046519883558478206,632,"Whaddaya think, inside job?"""
4158,746,6,26,95,127,1.2992125984251968,0.0491331692464483,632,I think the big one's hiding something.
3820,746,8,22,97,127,1.2992125984251968,0.05161431074911196,632,Seems to me it was an inside inside inside inside inside job.
3916,746,6,26,95,127,1.2992125984251968,0.0491331692464483,632,This is my extended family.
4112,746,7,24,96,127,1.2992125984251968,0.05038901365529011,632,"Sometimes, I don't know what's got into me."
4131,746,4,30,93,127,1.2992125984251968,0.046519883558478206,632,Define 'medium height'
2746,746,7,24,96,127,1.2992125984251968,0.05038901365529011,632,How did you know I was Russian?
4301,746,10,18,99,127,1.2992125984251968,0.0539815322866224,632,"I know they’re nesting, but are they colluding?"
4408,746,7,24,96,127,1.2992125984251968,0.05038901365529011,632,You're telling me they were all in it together?
4502,746,6,26,95,127,1.2992125984251968,0.0491331692464483,632,She really opened up after that last interrogation.
4574,746,8,22,97,127,1.2992125984251968,0.05161431074911196,632,"You'd never guess that, deep down, one of them is a killer."
4636,746,3,32,92,127,1.2992125984251968,0.045156563081588594,632,Really?  You think they look alike?
4684,746,8,22,97,127,1.2992125984251968,0.05161431074911196,632,I thought you said size doesn’t matter.
3793,746,6,26,95,127,1.2992125984251968,0.0491331692464483,632,Thanks. You're a doll !
2691,746,7,24,96,127,1.2992125984251968,0.05038901365529011,632,The evidence points to an inside job.
1647,746,5,28,94,127,1.2992125984251968,0.04784437211676261,632,I think they're related.
2628,746,4,30,93,127,1.2992125984251968,0.046519883558478206,632,They all have their alibis except for the big one.
4926,746,6,26,95,127,1.2992125984251968,0.0491331692464483,632,"Given a solid profile on the suspect, Det. Smirnov suddenly realizes it was an inside job."
10,746,7,24,96,127,1.2992125984251968,0.05038901365529011,632,"Meet Guilty, Uilty, Ilty, Lty, Ty, and Y."
86,746,9,20,98,127,1.2992125984251968,0.05281118679843102,632,Why do you think I’m hiding something?
283,746,5,28,94,127,1.2992125984251968,0.04784437211676261,632,We need to get inside their heads.
310,746,7,24,96,127,1.2992125984251968,0.05038901365529011,632,These aren't the Russian trolls we're looking for.
376,746,3,32,92,127,1.2992125984251968,0.045156563081588594,632,I think they're all covering for each other.
460,746,4,30,93,127,1.2992125984251968,0.046519883558478206,632,"Once I got the first one to open up to me, it was easy."
531,746,7,24,96,127,1.2992125984251968,0.05038901365529011,632,Obviously all Russian hackers but I’d say Putin’s babushka is the one without the rosy cheek dots.
563,746,8,22,97,127,1.2992125984251968,0.05161431074911196,632,It’s the clearest case of conspiracy I’ve ever seen.
632,746,5,28,94,127,1.2992125984251968,0.04784437211676261,632,It’s always the little cute one that won’t break.
687,746,5,28,94,127,1.2992125984251968,0.04784437211676261,632,We may have uncovered a nesting of spies.
2648,746,6,26,95,127,1.2992125984251968,0.0491331692464483,632,We need to learn how high up the Russian collusion went.
752,746,13,12,102,127,1.2992125984251968,0.057349446020605106,632,It's obvious! They're part of a pyramid scheme. I had nothing to do with it. No collusion! Why don't you just build a wall so I can sit on it and get back to my personification of being a good egg?!
874,746,7,24,96,127,1.2992125984251968,0.05038901365529011,632,The evidence against Russia is stacking-up.
901,746,7,24,96,127,1.2992125984251968,0.05038901365529011,632,"Don’t mean to objectify them detective, but these dolls are STACKED!"
1090,746,4,30,93,127,1.2992125984251968,0.046519883558478206,632,"I don't know what it is about this about this case, Phil, but no matter how close I look, I just keep seeing more of the same."
1118,746,7,24,96,127,1.2992125984251968,0.05038901365529011,632,Were they all at that Trump Tower meeting? I only saw one.
1241,746,4,30,93,127,1.2992125984251968,0.046519883558478206,632,We think they all belong to the same gang.
1346,746,6,26,95,127,1.2992125984251968,0.0491331692464483,632,Looks like an inside-inside-inside job.
1447,746,5,28,94,127,1.2992125984251968,0.04784437211676261,632,'Are they getting smaller or are they further away?'
1870,746,6,26,95,127,1.2992125984251968,0.0491331692464483,632,Looks like some potential meddling by you-know-who.
1927,746,5,28,94,127,1.2992125984251968,0.04784437211676261,632,Don’t make me repeat myself.
2328,746,5,28,94,127,1.2992125984251968,0.04784437211676261,632,I bet they'll try to stack the jury
2421,746,10,18,99,127,1.2992125984251968,0.0539815322866224,632,"Primo job on the cavity search, dollface."
756,746,6,26,95,127,1.2992125984251968,0.0491331692464483,632,"Sorry officer, they all look the same to me."
4932,746,9,20,98,127,1.2992125984251968,0.05281118679843102,632,I think we're looking at a repeat offender.
2144,799,9,21,101,131,1.297709923664122,0.05162611929639256,632,"If you stand at the other end and look this way, they all look the same height."
38,800,11,16,101,128,1.296875,0.054744591964955305,632,It wasn’t until  the autopsy we realized he was a serial killer...
2729,800,5,28,95,128,1.296875,0.047526638562299946,632,"If you ask me, the one on the left is covering for the others."
2931,800,9,20,99,128,1.296875,0.052449093007252895,632,The little men inside me say it's an inside job.
3038,800,6,26,96,128,1.296875,0.04880382023053614,632,There's more; get number six to open up.
3131,800,7,24,97,128,1.296875,0.05004842020641091,632,"They were all in on it, trust me. It was all an inside job."
3133,800,7,24,97,128,1.296875,0.05004842020641091,632,Their alibis fit together perfectly .
3223,800,11,16,101,128,1.296875,0.054744591964955305,632,"I'm sorry, but they all look alike"
3314,800,6,26,96,128,1.296875,0.04880382023053614,632,"Look at it this way, at least YOU are not beside yourself"
3422,800,5,28,95,128,1.296875,0.047526638562299946,632,"You said the suspect wasn't armed, so what's the problem?"
3443,800,4,30,94,128,1.296875,0.046214173983405826,632,"If you ask me, I think they were set up."
3481,800,6,26,96,128,1.296875,0.04880382023053614,632,I come from a big family that keeps a lot of things on the inside.
3619,800,6,26,96,128,1.296875,0.04880382023053614,632,"Yes, it is a riddle of sorts. Wrapped in a mystery, inside an enigma."
3691,800,10,18,100,128,1.296875,0.05360913031701276,632,"I told you I'm sterile, there is no way I am the father."
3792,800,1,36,91,128,1.296875,0.04203159988365334,632,All their alibis are hollow. They're all hiding something.
3841,800,4,30,94,128,1.296875,0.046214173983405826,632,I thought you said we only had one suspect?
3850,800,9,20,99,128,1.296875,0.052449093007252895,632,It was a mistake.  I thought it was a Russian dating service.
3870,800,6,26,96,128,1.296875,0.04880382023053614,632,"If you ask me, they all look guilty."
3871,800,7,24,97,128,1.296875,0.05004842020641091,632,You wouldn’t believe the things the littlest one has seen
4224,800,11,16,101,128,1.296875,0.054744591964955305,632,Just got an order from 1600 Pennsylvania Avenue for 3 Russian dolls.. I am thinking it is a misunderstanding..
4293,800,9,20,99,128,1.296875,0.052449093007252895,632,"if the dolls fit, you must acquit"
4480,800,5,28,95,128,1.296875,0.047526638562299946,632,They were all covering for each other until we separated them.
4614,800,6,26,96,128,1.296875,0.04880382023053614,632,"I don’t buy their story, the pieces fit together a little TOO well..."
4754,800,9,20,99,128,1.296875,0.052449093007252895,632,"They're all in it together, I just don't know how they fit together."
4846,800,8,22,98,128,1.296875,0.051262811678842515,632,"We can rule out the little one. But the rest, they all have something to hide."
2692,800,5,28,95,128,1.296875,0.047526638562299946,632,Something tells me they were all in this together!
2668,800,7,24,97,128,1.296875,0.05004842020641091,632,We need just one that talks
3313,800,3,32,93,128,1.296875,0.04486333002470405,632,…Now I’ve got the witness telling me they were ALL at the scene.
2246,800,7,24,97,128,1.296875,0.05004842020641091,632,"I told you, I have somebody on the inside."
184,800,8,22,98,128,1.296875,0.051262811678842515,632,They were trying to smuggle each other into the Country.
201,800,7,24,97,128,1.296875,0.05004842020641091,632,They all have the same alibi.
249,800,8,22,98,128,1.296875,0.051262811678842515,632,But you said the perpetrator had a woman on the inside!
2284,800,4,30,94,128,1.296875,0.046214173983405826,632,There’s just no telling how deep this goes...
379,800,7,24,97,128,1.296875,0.05004842020641091,632,We believe the little one on the right was the most deeply embedded.
520,800,8,22,98,128,1.296875,0.051262811678842515,632,they really wanted a boy .
640,800,7,24,97,128,1.296875,0.05004842020641091,632,Having children gives me a sense of perspective.
774,800,5,28,95,128,1.296875,0.047526638562299946,632,Size matters.
962,800,5,28,95,128,1.296875,0.047526638562299946,632,These dolls won't talk -- but all the pieces fit.
1162,800,6,26,96,128,1.296875,0.04880382023053614,632,I say we call Mueller's office and tell him we have some insiders.
1163,800,8,22,98,128,1.296875,0.051262811678842515,632,"Sharon, I don’t care if they’re Russian. The policy is: if they’re family, they must be kept separated."
1310,800,5,28,95,128,1.296875,0.047526638562299946,632,They've been covering for each other since they came over from Russia.
300,800,4,30,94,128,1.296875,0.046214173983405826,632,At least we only need one jail cell.
1386,800,6,26,96,128,1.296875,0.04880382023053614,632,How do I know you're YOU?
1544,800,5,28,95,128,1.296875,0.047526638562299946,632,"Witness says it's #3, but I  think the little one's still hiding something."
1666,800,6,26,96,128,1.296875,0.04880382023053614,632,Fire the sketch artist.
1680,800,8,22,98,128,1.296875,0.051262811678842515,632,It looks like this was an inside job.
1702,800,6,26,96,128,1.296875,0.04880382023053614,632,Some perspective might help.
1757,800,7,24,97,128,1.296875,0.05004842020641091,632,You said you wanted fillers in the lineup.
1769,800,8,22,98,128,1.296875,0.051262811678842515,632,They’re covering for the smaller one.
1884,800,4,30,94,128,1.296875,0.046214173983405826,632,I picked up the suspect and discovered so much more inside.
1922,800,5,28,95,128,1.296875,0.047526638562299946,632,The suspects seem fairly full of themselves.
2157,800,6,26,96,128,1.296875,0.04880382023053614,632,"What do you mean, 'an inside job'?"
2190,800,7,24,97,128,1.296875,0.05004842020641091,632,I got a feeling the little one is hiding something.
1375,800,8,22,98,128,1.296875,0.051262811678842515,632,"At first I thought it was #1, but something in me says #6"
4127,853,5,27,94,126,1.2936507936507937,0.0478986500356018,632,I think the one on the right is hiding something.
2376,853,8,21,97,126,1.2936507936507937,0.0517226551540564,632,"Although #3 had a beef with the victim, the evidence isn't strogonoff to make an arrest."
2184,853,7,23,96,126,1.2936507936507937,0.05048018352979028,632,I think I would be a good fit here.
1873,853,4,29,93,126,1.2936507936507937,0.04655423233443903,632,It's an inside inside inside inside inside job.
708,853,4,29,93,126,1.2936507936507937,0.04655423233443903,632,Any experience supervising tchotchkes?
52,853,6,25,95,126,1.2936507936507937,0.049206349206349205,632,I think they're covering up for each other.
1497,853,4,29,93,126,1.2936507936507937,0.04655423233443903,632,I’ve been interrogating them for hours but they’re just so full of themselves.
3668,860,4,13,56,73,1.2876712328767124,0.06609184852114214,632,"I'm really struggling to get the little one to open up, Barb."
2655,861,7,20,92,119,1.2857142857142858,0.05221603522431953,632,I still feel like the little one's hiding something...
4927,861,8,18,93,119,1.2857142857142858,0.05356252596587122,632,Just like the elections-Russians inside of Russians
4420,861,7,20,92,119,1.2857142857142858,0.05221603522431953,632,Scarf.  Apron.  Rosy cheeks.  A real doll.  Can't recall how tall.
4363,861,6,22,91,119,1.2857142857142858,0.05083389106934592,632,"Think carefully, Mrs. Mertz...is it possible your assailant fled the scene in a larger version of herself?"
4272,861,7,20,92,119,1.2857142857142858,0.05221603522431953,632,I thought it was bring your family to work day.
3522,861,8,18,93,119,1.2857142857142858,0.05356252596587122,632,The other ones appeared after we were married.
3153,861,4,26,89,119,1.2857142857142858,0.04795023226904771,632,"Well, they DID say an ""inner voice"" told them to do it..."
3085,861,7,20,92,119,1.2857142857142858,0.05221603522431953,632,"He figures if he questions them together, one is bound to crack. But the one on the far right is one tough babushka."
2987,861,6,22,91,119,1.2857142857142858,0.05083389106934592,632,"Russian, oh no, we're from Cleveland."
2949,861,6,22,91,119,1.2857142857142858,0.05083389106934592,632,I can't be sure. They all look alike.
2378,861,6,22,91,119,1.2857142857142858,0.05083389106934592,632,"Every time I get one of them to crack, another one pops right out."
3172,861,8,18,93,119,1.2857142857142858,0.05356252596587122,632,"Could be an inside job, Matryoshka."
1876,861,6,22,91,119,1.2857142857142858,0.05083389106934592,632,I hate these Russian custody cases.
555,861,5,24,90,119,1.2857142857142858,0.049413101784373706,632,"I don't know, something's just not stacking up."
878,861,8,18,93,119,1.2857142857142858,0.05356252596587122,632,"I don't know, just got a feeling someone is still hiding something here."
997,861,5,24,90,119,1.2857142857142858,0.049413101784373706,632,"поцелуй мою задницу, 'just a routine open-and-shut case'  the Captain said! The damn thing turned into an epic open-and-shut, open-and-shut, open-and-shut, open-and-shut,  open-and-shut, can't open-and-shut case before we finally cracked it!"
1030,861,2,30,87,119,1.2857142857142858,0.044881678534354326,632,"Yeah, Sarge, I really got the big one to open up."
716,861,6,22,91,119,1.2857142857142858,0.05083389106934592,632,They're my kids starting with Sarah who is 6.
1167,861,5,24,90,119,1.2857142857142858,0.049413101784373706,632,I'm stumped. The DNA results are all identical.
1485,861,5,24,90,119,1.2857142857142858,0.049413101784373706,632,This thing goes a lot deeper than we thought.
1817,861,4,26,89,119,1.2857142857142858,0.04795023226904771,632,The one without rouge looks familiar.
1857,861,5,24,90,119,1.2857142857142858,0.049413101784373706,632,"Yes, but aren't we ALL related?!?"
2024,861,8,18,93,119,1.2857142857142858,0.05356252596587122,632,I doubt we got the strangler.
2600,884,4,25,87,116,1.2844827586206897,0.048679773132767,632,Let's try it again with them sitting.
4667,884,5,23,88,116,1.2844827586206897,0.05019606906660046,632,We rounded up these suspects using advanced facial recognition software.
3386,886,9,15,93,117,1.2820512820512822,0.055425043371008176,632,Please don’t tell me you’re pregnant again...
2445,886,6,21,90,117,1.2820512820512822,0.05128205128205127,632,I think the little one is still hiding something.
2972,886,4,25,88,117,1.2820512820512822,0.0483231243923597,632,All I can remember is that she wobbled but didn’t fall down.
3111,886,4,25,88,117,1.2820512820512822,0.0483231243923597,632,"A board certified forensic psychiatrist diagnosed her with multiple personality disorder, but we found the others concealed on her person."
3338,886,6,21,90,117,1.2820512820512822,0.05128205128205127,632,We finally snared that elusive Russian spy nest
3406,886,9,15,93,117,1.2820512820512822,0.055425043371008176,632,Nice neck.
4141,886,4,25,88,117,1.2820512820512822,0.0483231243923597,632,What else did the body cavity search find?
3717,886,3,27,87,117,1.2820512820512822,0.046773519588670424,632,The witness wants to know if you can you ask them not to smile.
4072,886,3,27,87,117,1.2820512820512822,0.046773519588670424,632,They all look innocent to me.
4098,886,6,21,90,117,1.2820512820512822,0.05128205128205127,632,Nyet...nyet...nyet...nyet...nyet.....NYET!
4128,886,5,23,89,117,1.2820512820512822,0.049824557874277246,632,They opened up pretty quickly under pressure.
2417,886,4,25,88,117,1.2820512820512822,0.0483231243923597,632,It looks like another brilliant Russian diversion...and they say size does not matter.
3593,886,6,21,90,117,1.2820512820512822,0.05128205128205127,632,I  thought you said to round up unusual suspects.
2217,886,6,21,90,117,1.2820512820512822,0.05128205128205127,632,"I told you these perps were full of themselves, Martha."
4472,886,2,29,86,117,1.2820512820512822,0.04517078611651564,632,"O.K., we've got the dolls, now bring in the guys."
1907,886,5,23,89,117,1.2820512820512822,0.049824557874277246,632,"She identified the tall one, but I suspect the others were in on it."
2189,886,6,21,90,117,1.2820512820512822,0.05128205128205127,632,"I thought this case would be open and shut, but it looks like we have a copycat"
20,886,8,17,92,117,1.2820512820512822,0.05407932337178789,632,The one on the left is hiding the most.
268,886,5,23,89,117,1.2820512820512822,0.049824557874277246,632,"Yes, this is one of those times where your personal hobbies interfere with work, Mark."
462,886,4,25,88,117,1.2820512820512822,0.0483231243923597,632,I'm starting to think it was an inside job.
635,886,7,19,91,117,1.2820512820512822,0.05269925046926825,632,"Sorry, Joan, but I'm still not seeing evidence of Russian collusion."
642,886,8,17,92,117,1.2820512820512822,0.05407932337178789,632,I don't see the resemblance.
433,886,4,25,88,117,1.2820512820512822,0.0483231243923597,632,"My sisters were arrested at the airport, again."
993,886,8,17,92,117,1.2820512820512822,0.05407932337178789,632,"Well, if there' is a Russian connection, I can't see any evidence of it."
1036,886,8,17,92,117,1.2820512820512822,0.05407932337178789,632,"When investigating a matryoshkacide, you start at the top."
1164,886,7,19,91,117,1.2820512820512822,0.05269925046926825,632,This goes much deeper than we thought.
1196,886,3,27,87,117,1.2820512820512822,0.046773519588670424,632,Sometimes I feel like there's a completely different person inside me.
1273,886,5,23,89,117,1.2820512820512822,0.049824557874277246,632,"Given the circumstances, our chance for an I.D. are greatly diminished."
1501,886,7,19,91,117,1.2820512820512822,0.05269925046926825,632,I just know they're all covering for tiny
877,886,7,19,91,117,1.2820512820512822,0.05269925046926825,632,"As far as crime families go, this one is awfully cute."
3256,916,5,22,88,115,1.2782608695652173,0.0502439906307349,632,Maybe we should have gone the bobblehead route after all.
3685,916,5,22,88,115,1.2782608695652173,0.0502439906307349,632,"Weird poster, Sarge."
3654,916,5,22,88,115,1.2782608695652173,0.0502439906307349,632,I knew there was a Russian connection. We found a nest of them.
3560,916,7,18,90,115,1.2782608695652173,0.05319369508780919,632,They're listening.
3548,916,4,24,87,115,1.2782608695652173,0.04870218981939781,632,They all fit the general description.
3512,916,4,24,87,115,1.2782608695652173,0.04870218981939781,632,Should we use just one holding cell?
3402,916,1,30,84,115,1.2782608695652173,0.04375199868936842,632,Trust me. The big one is covering for all the others.
3192,916,7,18,90,115,1.2782608695652173,0.05319369508780919,632,Two more years and I move up to bobblehead dolls.
2679,916,5,22,88,115,1.2782608695652173,0.0502439906307349,632,"According to the DNA kit, my family is 95% Russian Stacking Doll."
3063,916,4,24,87,115,1.2782608695652173,0.04870218981939781,632,This goes deeper than we thought.
2970,916,4,24,87,115,1.2782608695652173,0.04870218981939781,632,We think they smuggled each other across the border.
2934,916,6,20,89,115,1.2782608695652173,0.05173986756649167,632,"OK, let's roll in the witness."
2883,916,7,18,90,115,1.2782608695652173,0.05319369508780919,632,"Bob Mueller has the Trump set. It starts with Flynn, then Don Jr, Stormy Daniels, Cohen, Manafort, Trump, and the tiny one in the middle of it all is Putin."
2805,916,7,18,90,115,1.2782608695652173,0.05319369508780919,632,"No ma’am, I’m not hiding anything and the Russians were never involved."
3693,916,6,20,89,115,1.2782608695652173,0.05173986756649167,632,What if they're all in on it...
2677,916,5,22,88,115,1.2782608695652173,0.0502439906307349,632,"Not much so far, but I can confirm the tallest one is an empty nester."
2636,916,8,16,91,115,1.2782608695652173,0.05460883168857887,632,"This is your final test. If you can tell me which one is the tallest and  if you swear loyalty to Donald Trump, you will be named the new director of the FBI."
2632,916,5,22,88,115,1.2782608695652173,0.0502439906307349,632,It had to be an inside job.
3155,916,4,24,87,115,1.2782608695652173,0.04870218981939781,632,Let's hope the victim can contain herself.
3815,916,8,16,91,115,1.2782608695652173,0.05460883168857887,632,I also have six sons
4270,916,5,22,88,115,1.2782608695652173,0.0502439906307349,632,This won't work.  I can't get them to step forward.
3932,916,5,22,88,115,1.2782608695652173,0.0502439906307349,632,"I know it's a one way mirror, but I still feel like they're staring at me."
2608,916,6,20,89,115,1.2782608695652173,0.05173986756649167,632,"Ok, let’s say that your theory explains how they pulled the heist with no arms or legs, then where the hell did they hide the diamonds?"
4924,916,6,20,89,115,1.2782608695652173,0.05173986756649167,632,It was the Russians.
4887,916,3,26,86,115,1.2782608695652173,0.047109956398917796,632,This case has many layers to it.
4773,916,4,24,87,115,1.2782608695652173,0.04870218981939781,632,Crimininologists claim that height is not an adequate descriptor.
4752,916,4,24,87,115,1.2782608695652173,0.04870218981939781,632,"OK, but it still could be an inside-inside-inside-inside-inside-inside job."
4677,916,5,22,88,115,1.2782608695652173,0.0502439906307349,632,She was an enigma wrapped in a riddle -- that's all I recall.
4649,916,7,18,90,115,1.2782608695652173,0.05319369508780919,632,"It's hard to tell, they all look so different."
4459,916,5,22,88,115,1.2782608695652173,0.0502439906307349,632,Don't be fooled by their looks; they were all in on it.
3874,916,5,22,88,115,1.2782608695652173,0.0502439906307349,632,It could have been anyone of them. I’m pretty certain we’re looking at an inside job.
4448,916,5,22,88,115,1.2782608695652173,0.0502439906307349,632,"Yes,I fathered them all."""
4396,916,4,24,87,115,1.2782608695652173,0.04870218981939781,632,"The cavity search results are in, and we found 5 additional suspects."
4394,916,5,22,88,115,1.2782608695652173,0.0502439906307349,632,I originally came here looking for my birth mother.
4277,916,6,20,89,115,1.2782608695652173,0.05173986756649167,632,You mean this isn't bring your family to work day?
4276,916,6,20,89,115,1.2782608695652173,0.05173986756649167,632,"Apart from the fat chick behind me, they've all done time inside."
4186,916,7,18,90,115,1.2782608695652173,0.05319369508780919,632,"Nyet.  No matter DNA, none of them are mine!"
4173,916,7,18,90,115,1.2782608695652173,0.05319369508780919,632,"We know there's collusion, but they ain't talking."
4151,916,4,24,87,115,1.2782608695652173,0.04870218981939781,632,I think the tall one is covering for the rest of them
4037,916,6,20,89,115,1.2782608695652173,0.05173986756649167,632,It's really an open-and-shut case.
4417,916,3,26,86,115,1.2782608695652173,0.047109956398917796,632,We're suspecting an inside job.
2516,916,4,24,87,115,1.2782608695652173,0.04870218981939781,632,I could swear there was only one of them a minute ago.
2614,916,6,20,89,115,1.2782608695652173,0.05173986756649167,632,I don’t know. I just feel so empty inside.
2466,916,4,24,87,115,1.2782608695652173,0.04870218981939781,632,Under Trump's new immigration laws my family will have to stay on the shelf !
1354,916,2,28,85,115,1.2782608695652173,0.04546199171408151,632,I personally think it was an inside job
1285,916,8,16,91,115,1.2782608695652173,0.05460883168857887,632,"Yes, I spent some time with them. But there was no collusion.
 NO COLLUSION!"
1208,916,7,18,90,115,1.2782608695652173,0.05319369508780919,632,You know how hard it is to find five other quadruple amputees for a lineup?
1097,916,5,22,88,115,1.2782608695652173,0.0502439906307349,632,"I have a feeling they'll crack easily under pressure, except maybe the little one."
1000,916,6,20,89,115,1.2782608695652173,0.05173986756649167,632,It's either all of them or none of them.
968,916,1,30,84,115,1.2782608695652173,0.04375199868936842,632,They're hiding something.
842,916,7,18,90,115,1.2782608695652173,0.05319369508780919,632,I should take the fifth or in this case maybe the sixth?
773,916,8,16,91,115,1.2782608695652173,0.05460883168857887,632,I didn’t fit.
1355,916,5,22,88,115,1.2782608695652173,0.0502439906307349,632,"Greta, I promise you... they're not sex toys"
748,916,4,24,87,115,1.2782608695652173,0.04870218981939781,632,Better call Internal Affairs.
696,916,4,24,87,115,1.2782608695652173,0.04870218981939781,632,"Let’s tell the press this is why Hillary lost, and call it a day."
541,916,6,20,89,115,1.2782608695652173,0.05173986756649167,632,I vaguely resemble a nesting doll.
358,916,7,18,90,115,1.2782608695652173,0.05319369508780919,632,See if you can get anything out of the little one.
319,916,3,26,86,115,1.2782608695652173,0.047109956398917796,632,Probably an inside job.
296,916,10,12,93,115,1.2782608695652173,0.05733441463017632,632,Would be easier if I could hear their voices. Can we make each of them say 'Make America Great Again?'
253,916,5,22,88,115,1.2782608695652173,0.0502439906307349,632,"To find yourself, you've got to look within yourself."
144,916,6,20,89,115,1.2782608695652173,0.05173986756649167,632,Looks to me like a case of Russian stacking.
76,916,6,20,89,115,1.2782608695652173,0.05173986756649167,632,"If you ask me they’re all innocent, because women are the best. They’re so strong. And clever. Like my mom. Hey do you want to get a drink after work?"
703,916,6,20,89,115,1.2782608695652173,0.05173986756649167,632,If the girl don't fit you must acquit.
1518,916,4,24,87,115,1.2782608695652173,0.04870218981939781,632,It's really a matter of perspective.
1377,916,6,20,89,115,1.2782608695652173,0.05173986756649167,632,They all fit inside the description.
1573,916,3,26,86,115,1.2782608695652173,0.047109956398917796,632,I knew I’d get her to open up!
2424,916,7,18,90,115,1.2782608695652173,0.05319369508780919,632,"Grand latte, latte, moderate latte, latte minor, mini latte and micro latte."
2473,916,3,26,86,115,1.2782608695652173,0.047109956398917796,632,Tell him we've uncovered a nest of Russian agents.
2387,916,2,28,85,115,1.2782608695652173,0.04546199171408151,632,I’m starting to believe this was an inside job.
2325,916,6,20,89,115,1.2782608695652173,0.05173986756649167,632,You think she's still in there?
2240,916,7,18,90,115,1.2782608695652173,0.05319369508780919,632,"Yes, but why won't they open up to ME!?"
2199,916,7,18,90,115,1.2782608695652173,0.05319369508780919,632,"I couldn't tell if she did it, or whether it was her inner child, so I arrested them all"
2155,916,4,24,87,115,1.2782608695652173,0.04870218981939781,632,The evidence is stacked against them.
2127,916,6,20,89,115,1.2782608695652173,0.05173986756649167,632,I want to start a family.
1557,916,7,18,90,115,1.2782608695652173,0.05319369508780919,632,Nesting is NOT collusion right?
1943,916,7,18,90,115,1.2782608695652173,0.05319369508780919,632,We're close. I just gotta figure out how the pieces fit together.
1981,916,5,22,88,115,1.2782608695652173,0.0502439906307349,632,"She's pleading the fifth, for the sixth time."
1911,916,6,20,89,115,1.2782608695652173,0.05173986756649167,632,They fit the mold.
1888,916,7,18,90,115,1.2782608695652173,0.05319369508780919,632,"Actually, they're all in it together."
1875,916,6,20,89,115,1.2782608695652173,0.05173986756649167,632,It’s a riddle wrapped in a mystery inside a Matryoshka.
1855,916,5,22,88,115,1.2782608695652173,0.0502439906307349,632,You said bring the whole family
1846,916,3,26,86,115,1.2782608695652173,0.047109956398917796,632,I think we should mix them up.
1740,916,5,22,88,115,1.2782608695652173,0.0502439906307349,632,"This is not an open-and-shut case.  
It's more like an open-and-open-and-open case."
1602,916,6,20,89,115,1.2782608695652173,0.05173986756649167,632,It was an inside job but the big one is going to take the fall for it.
1592,916,9,14,92,115,1.2782608695652173,0.05598821125637304,632,"For the last time Steve, stop sorting women by weight."
1934,916,6,20,89,115,1.2782608695652173,0.05173986756649167,632,I still think it was an inside job.
3498,1002,6,16,80,102,1.2745098039215685,0.05600576617202239,632,The witness said it was the one with the sickly sweet smile.
2237,1003,5,21,87,113,1.2743362831858407,0.05067151409312536,632,"Instead of good cop, bad cop, let's try SAME cop, same cop."
4505,1003,3,25,85,113,1.2743362831858407,0.04745046590603366,632,You're positive she was Russian?
1893,1003,6,19,88,113,1.2743362831858407,0.052207567970408965,632,The little one tells me the others are emotionally empty.
409,1003,7,17,89,113,1.2743362831858407,0.05369970173362178,632,"I'm trying, but I just don't fit in."
430,1003,4,23,86,113,1.2743362831858407,0.04908741720232113,632,Today is not 'bring your kids to work' day.
1002,1003,5,21,87,113,1.2743362831858407,0.05067151409312536,632,"Well, they all match the picture the forensic artist drew for me."
411,1009,6,11,67,84,1.2738095238095237,0.0641623516208414,632,These Russians keep popping up in every investigation.
3246,1010,5,20,85,110,1.2727272727272727,0.05151433383380236,632,Have we decided which of these anonymous insiders penned the Times Op-Ed piece?
3768,1010,7,16,87,110,1.2727272727272727,0.05465654519932713,632,"Here I am a detective, and all the while my  wife and children we're living a life of crime"
4435,1010,7,16,87,110,1.2727272727272727,0.05465654519932713,632,"Just guessing, but I assume the suspects are all related."
1947,1013,6,19,89,114,1.2719298245614035,0.05180350493576278,632,Putin says we can't put the Trump matrishka dolls up till the day after the midterms...
816,1014,6,18,87,111,1.2702702702702702,0.05268537483680522,632,Should I ask them to turn to the right?
1921,1015,3,15,60,78,1.2692307692307692,0.05961659307208677,632,You said this was an inside job.
3416,1016,5,19,84,108,1.2685185185185186,0.051971318143448894,632,Turns out her alibi totally stacks up.
3390,1016,4,21,83,108,1.2685185185185186,0.0502786996951927,632,"Considering the ongoing Russia investigation, they’re the best I could do."
3076,1016,4,21,83,108,1.2685185185185186,0.0502786996951927,632,The small one’s hiding something
2974,1016,8,13,87,108,1.2685185185185186,0.05674705903526818,632,The special counsel caught them each hiding something
2905,1016,2,25,81,108,1.2685185185185186,0.046709818132625494,632,This is an internal investigation.
2902,1016,2,25,81,108,1.2685185185185186,0.046709818132625494,632,It was easy to get her to confess...she just started opening up.
2489,1016,3,23,82,108,1.2685185185185186,0.0485270787963912,632,I'm starting to think they are all in it together
2754,1016,4,21,83,108,1.2685185185185186,0.0502786996951927,632,The evidence is stacking up. It was an inside job.
2681,1016,5,19,84,108,1.2685185185185186,0.051971318143448894,632,"So,  You're an empty nester"
3419,1016,5,19,84,108,1.2685185185185186,0.051971318143448894,632,The details fit together nicely.
2377,1016,3,23,82,108,1.2685185185185186,0.0485270787963912,632,I don't get it. They only had one car.
2265,1016,6,17,85,108,1.2685185185185186,0.05361052299778273,632,"Yes, I know I should have shaved this morning..."
2213,1016,7,15,86,108,1.2685185185185186,0.0552010728394295,632,Well it happened 25 years ago so I'm not sure what size she would be now.
2852,1016,6,17,85,108,1.2685185185185186,0.05361052299778273,632,A family resemblance? With them or me?
3455,1016,4,21,83,108,1.2685185185185186,0.0502786996951927,632,We need to find out who they had on the inside.
3869,1016,4,21,83,108,1.2685185185185186,0.0502786996951927,632,"Go ahead, top me."
3525,1016,3,23,82,108,1.2685185185185186,0.0485270787963912,632,This appears to be a case within a case within a case within a case. I have no idea where to begin.
2072,1016,6,17,85,108,1.2685185185185186,0.05361052299778273,632,"Well, you said that the suspect was full of herself."
4662,1016,8,13,87,108,1.2685185185185186,0.05674705903526818,632,"It's useless, Barbara, they won't open up."
4518,1016,4,21,83,108,1.2685185185185186,0.0502786996951927,632,well of course they aren’t talking... they’re all gonna cover each other”
4410,1016,5,19,84,108,1.2685185185185186,0.051971318143448894,632,"Honestly, captain, I think these suspects stack up better than any others we've seen."
4357,1016,5,19,84,108,1.2685185185185186,0.051971318143448894,632,"OK, if you think it will help...….Number 3, please step forward, speak clearly and say 'I want you inside me'."
4329,1016,4,21,83,108,1.2685185185185186,0.0502786996951927,632,It's a matter of perspective... they all look alike to me.
3507,1016,8,13,87,108,1.2685185185185186,0.05674705903526818,632,"At the very least, we know they are some how related."
4317,1016,6,17,85,108,1.2685185185185186,0.05361052299778273,632,Ok. I admit it. I'm a matryoshakavist.
4061,1016,4,21,83,108,1.2685185185185186,0.0502786996951927,632,"Just proves, you never really know someone until you look deep inside."
3896,1016,4,21,83,108,1.2685185185185186,0.0502786996951927,632,It was her or one of her sisters.
3891,1016,5,19,84,108,1.2685185185185186,0.051971318143448894,632,"Yes, detective, all the suspects DID come from the same neighborhood."
3888,1016,6,17,85,108,1.2685185185185186,0.05361052299778273,632,Are you SURE it’s the one in the middle?
3688,1016,4,21,83,108,1.2685185185185186,0.0502786996951927,632,I'm stumped - we can't get anything out of the little one.
3533,1016,7,15,86,108,1.2685185185185186,0.0552010728394295,632,"Hmmm, you’re right, it all fits."
4213,1016,1,27,80,108,1.2685185185185186,0.04481893398391732,632,It's a case of perspective.
2010,1016,4,21,83,108,1.2685185185185186,0.0502786996951927,632,"The name’s Detective Matryoshka, doll."
1061,1016,5,19,84,108,1.2685185185185186,0.051971318143448894,632,It's definitely an inside job.
1872,1016,3,23,82,108,1.2685185185185186,0.0485270787963912,632,Who and what are they hiding?
851,1016,3,23,82,108,1.2685185185185186,0.0485270787963912,632,"Detective, I gaurentee to you all these suspects except one will open up."
824,1016,3,23,82,108,1.2685185185185186,0.0485270787963912,632,Let me guess you're holding them for a friend?
789,1016,4,21,83,108,1.2685185185185186,0.0502786996951927,632,"You can  call it OCD, but I call it necessary ..."
741,1016,7,15,86,108,1.2685185185185186,0.0552010728394295,632,Better call Mueller.
611,1016,6,17,85,108,1.2685185185185186,0.05361052299778273,632,We caught the Matryoshka Gang.
577,1016,4,21,83,108,1.2685185185185186,0.0502786996951927,632,"Obviously, it was an inside job."
922,1016,3,23,82,108,1.2685185185185186,0.0485270787963912,632,I rounded the usual suspects.
575,1016,5,19,84,108,1.2685185185185186,0.051971318143448894,632,"Look at me and the Russian dolls, at least you've got a neck."
476,1016,5,19,84,108,1.2685185185185186,0.051971318143448894,632,"When he said she was a Russian doll, I didn’t know he meant literally."
467,1016,5,19,84,108,1.2685185185185186,0.051971318143448894,632,I told my therapist about my doll obsession and she told me to compartmentalize.
181,1016,4,21,83,108,1.2685185185185186,0.0502786996951927,632,It looks like it's an inside job.
1978,1016,6,17,85,108,1.2685185185185186,0.05361052299778273,632,"Well, they ran out of space in the morgue."
89,1016,6,17,85,108,1.2685185185185186,0.05361052299778273,632,"They claim it was only nesting, but I think we can get them on collusion."
17,1016,4,21,83,108,1.2685185185185186,0.0502786996951927,632,I feel sorry for the witness.
483,1016,2,25,81,108,1.2685185185185186,0.046709818132625494,632,They are charged with harboring a criminal.  Each of them.
927,1016,4,21,83,108,1.2685185185185186,0.0502786996951927,632,"The problem is, all those Russians look alike."
161,1016,5,19,84,108,1.2685185185185186,0.051971318143448894,632,At least we are not Barbies.
1016,1016,9,11,88,108,1.2685185185185186,0.058252029798801196,632,"Nyet, I’m not Russian. I don’t even know any Russians."
996,1016,3,23,82,108,1.2685185185185186,0.0485270787963912,632,"This case has many layers, judging from the line-up"
1739,1016,3,23,82,108,1.2685185185185186,0.0485270787963912,632,"I'm not sure but I think it was the fourth one from the right, or maybe the second from the left."
1660,1016,3,23,82,108,1.2685185185185186,0.0485270787963912,632,"It was an honest mistake to bring them in. They spoke no English, had no documentation, and were hiding inside of one another."
1654,1016,8,13,87,108,1.2685185185185186,0.05674705903526818,632,"Don't let the smiles fool you, they're hollow to their core."
1598,1016,7,15,86,108,1.2685185185185186,0.0552010728394295,632,Hurry this up. If you keep them in there too long they'll start nesting.
1445,1016,4,21,83,108,1.2685185185185186,0.0502786996951927,632,"So you're the father of all those ersatz nesting dolls.
I can certainly see the resemblance."
1409,1016,7,15,86,108,1.2685185185185186,0.0552010728394295,632,"We think they’re covering for each other.  The witness only saw one, but they all insist they were there."
1748,1016,7,15,86,108,1.2685185185185186,0.0552010728394295,632,"Have you ever heard of the ""many worlds"" theory?"
1237,1016,6,17,85,108,1.2685185185185186,0.05361052299778273,632,"If it weren't for chain migration, my family would still be in Russia."
1234,1016,6,17,85,108,1.2685185185185186,0.05361052299778273,632,"I told her to repeat what she said, and then this happened."
1171,1016,5,19,84,108,1.2685185185185186,0.051971318143448894,632,I'm thinking it was an inside job.
1170,1016,3,23,82,108,1.2685185185185186,0.0485270787963912,632,Something tells me they're all in on it.
1261,1016,5,19,84,108,1.2685185185185186,0.051971318143448894,632,I've caught the famous Matryoshka crime family boss.
1057,1016,7,15,86,108,1.2685185185185186,0.0552010728394295,632,"I'm sorry lieutenant, but the finger printing is taking longer than I thought it would."
585,1083,5,19,85,109,1.2660550458715596,0.05155120411209087,632,And they say we never go after the big ones.
4852,1083,5,19,85,109,1.2660550458715596,0.05155120411209087,632,"“It’s obviously the third one, look at that smug look she’s got.”"
3683,1085,5,18,83,106,1.2641509433962264,0.052437250040552504,632,I think this might've been an inside job.
3474,1085,7,14,85,106,1.2641509433962264,0.05575889373409183,632,"This was an open and shut case, but you had to keep opening and opening and opening."
3461,1085,5,18,83,106,1.2641509433962264,0.052437250040552504,632,This may have been an inside job.
4929,1085,3,22,81,106,1.2641509433962264,0.04889045053158236,632,They're the Russian hackers?
3287,1085,6,16,84,106,1.2641509433962264,0.05412355966797255,632,"Honest, darling. I haven't visited that sperm bank since we started dating!"
3134,1085,6,16,84,106,1.2641509433962264,0.05412355966797255,632,"It's about #metoo, isn't it?"
3239,1085,3,22,81,106,1.2641509433962264,0.04889045053158236,632,"Yeah, my daughters are all dolls. But one day they'll all leave the nest."
3059,1085,6,16,84,106,1.2641509433962264,0.05412355966797255,632,"On the contrary, I know how to contain myselves."
3698,1085,3,22,81,106,1.2641509433962264,0.04889045053158236,632,I told you they had someone on the inside!
2887,1085,3,22,81,106,1.2641509433962264,0.04889045053158236,632,They've all alibied each other.
3267,1085,4,20,82,106,1.2641509433962264,0.050694878168294905,632,You’ just don’t stack up
3920,1085,3,22,81,106,1.2641509433962264,0.04889045053158236,632,Are you telling me that all your grandmothers are missing?
4660,1085,3,22,81,106,1.2641509433962264,0.04889045053158236,632,I'm letting 'em stew. They're so full of themselves.
3999,1085,4,20,82,106,1.2641509433962264,0.050694878168294905,632,I think the one on the right is still hiding something.
4005,1085,6,16,84,106,1.2641509433962264,0.05412355966797255,632,...all I can remember is that she was stacked.
4046,1085,4,20,82,106,1.2641509433962264,0.050694878168294905,632,Our top suspect is the stocky one with the babushka.
4134,1085,4,20,82,106,1.2641509433962264,0.050694878168294905,632,"We've have suspects and a motive, but I just can't make the pieces fit."
4197,1085,3,22,81,106,1.2641509433962264,0.04889045053158236,632,"Oh, I bet you think they all look the same, don't you?"
4361,1085,2,24,80,106,1.2641509433962264,0.047016822881431934,632,We can only find records on the tall one.
4560,1085,3,22,81,106,1.2641509433962264,0.04889045053158236,632,"Well it was clearly an inside, inside, inside, inside, inside, inside job."
4705,1085,4,20,82,106,1.2641509433962264,0.050694878168294905,632,"Sure, they’ll eventually crack, but I have a feeling there’ll be nothing there."
4803,1085,5,18,83,106,1.2641509433962264,0.052437250040552504,632,"You got to admit,"" boss lady, ""five outa six ain't bad."
4857,1085,5,18,83,106,1.2641509433962264,0.052437250040552504,632,Mueller wants first crack...
4866,1085,4,20,82,106,1.2641509433962264,0.050694878168294905,632,What more can I say? I think it was the one with no dimples -- third from the right.
2807,1085,4,20,82,106,1.2641509433962264,0.050694878168294905,632,The first one is suspicious to her inner core.
3973,1085,3,22,81,106,1.2641509433962264,0.04889045053158236,632,Something's not stacking up. Must be an inside job.
2789,1085,4,20,82,106,1.2641509433962264,0.050694878168294905,632,I think they were all in on it together.
3300,1085,5,18,83,106,1.2641509433962264,0.052437250040552504,632,I need a break. I think the one in the middle just winked at me.
2524,1085,2,24,80,106,1.2641509433962264,0.047016822881431934,632,Case cracked. It’s an inside inside inside inside inside inside job.
2697,1085,1,26,79,106,1.2641509433962264,0.04506536491083569,632,It's gotta be the little one -- it was an inside job!
60,1085,4,20,82,106,1.2641509433962264,0.050694878168294905,632,"Once we caught the tallest one, we had all of 'em"
125,1085,5,18,83,106,1.2641509433962264,0.052437250040552504,632,I swear there was only one of them a minute ago.
153,1085,1,26,79,106,1.2641509433962264,0.04506536491083569,632,The little one's still hiding something.
169,1085,3,22,81,106,1.2641509433962264,0.04889045053158236,632,Are you accusing me of stacking the evidence ?
260,1085,4,20,82,106,1.2641509433962264,0.050694878168294905,632,"You seen one perp, you seen 'em all."
330,1085,4,20,82,106,1.2641509433962264,0.050694878168294905,632,"Two years undercover changes a person, Laura."
363,1085,5,18,83,106,1.2641509433962264,0.052437250040552504,632,I think the shortest one is hiding something.
445,1085,4,20,82,106,1.2641509433962264,0.050694878168294905,632,I'm still not sure how deep this thing goes.
461,1085,5,18,83,106,1.2641509433962264,0.052437250040552504,632,"We've got enough to indict number six, but I still think she's hiding something."
604,1085,4,20,82,106,1.2641509433962264,0.050694878168294905,632,Each one claims it was an inside job.
637,1085,4,20,82,106,1.2641509433962264,0.050694878168294905,632,Can I see their side profiles?
530,1085,5,18,83,106,1.2641509433962264,0.052437250040552504,632,I found them all together
769,1085,4,20,82,106,1.2641509433962264,0.050694878168294905,632,This might be an inside job.
2046,1085,6,16,84,106,1.2641509433962264,0.05412355966797255,632,My family tree is more like a nest.
1794,1085,2,24,80,106,1.2641509433962264,0.047016822881431934,632,I sculpt what I know.
1750,1085,6,16,84,106,1.2641509433962264,0.05412355966797255,632,"I said I want more arresting, not more nesting!"
720,1085,4,20,82,106,1.2641509433962264,0.050694878168294905,632,Looks like an inside job to me
1541,1085,6,16,84,106,1.2641509433962264,0.05412355966797255,632,"I have a funny feeling, it was an inside job."
1505,1085,6,16,84,106,1.2641509433962264,0.05412355966797255,632,"Once we got the prime suspect to open up, she exposed the entire spy nest."
1609,1085,4,20,82,106,1.2641509433962264,0.050694878168294905,632,She's the one in the middle. I'll never forget that babushka.
1235,1085,9,10,87,106,1.2641509433962264,0.05889349088892649,632,We’re calling them the #me6 dolls.
1209,1085,6,16,84,106,1.2641509433962264,0.05412355966797255,632,We suspect insider trading.
1191,1085,3,22,81,106,1.2641509433962264,0.04889045053158236,632,It must have been an inside job.
819,1085,6,16,84,106,1.2641509433962264,0.05412355966797255,632,The big one says it was an inside job.
1477,1085,4,20,82,106,1.2641509433962264,0.050694878168294905,632,"The Captain wanted me up there, but then he realized I had legs!"
3243,1140,3,22,82,107,1.2616822429906542,0.04849425301966832,632,"You heard this was an inside, inside, inside, inside, inside, inside job?"
4669,1140,3,22,82,107,1.2616822429906542,0.04849425301966832,632,I suspect they're all hiding something.
4359,1140,6,16,85,107,1.2616822429906542,0.05367215111863026,632,I’ve got a hunch this was an inside job.
4252,1140,5,18,84,107,1.2616822429906542,0.052003500482620646,632,"I’m sorry doll, they all fit the profile."
4006,1140,3,22,82,107,1.2616822429906542,0.04849425301966832,632,"No collusion yet, but they'll open up."
3565,1140,2,24,81,107,1.2616822429906542,0.046640720756442565,632,I don't know... I think they're covering for someone.
3120,1140,2,24,81,107,1.2616822429906542,0.046640720756442565,632,This case has more layers than you can possibly imagine.
3962,1140,2,24,81,107,1.2616822429906542,0.046640720756442565,632,Our source says it was an inside job.
2599,1140,6,16,85,107,1.2616822429906542,0.05367215111863026,632,"Jane Doe, Jane Doe, Jane Doe, Jane Doe, Jane Doe, and Jane Doe."
1023,1140,3,22,82,107,1.2616822429906542,0.04849425301966832,632,They’re detained. Something to do with election interference.
2809,1140,5,18,84,107,1.2616822429906542,0.052003500482620646,632,I think the little one is at the center of it all.
646,1140,6,16,85,107,1.2616822429906542,0.05367215111863026,632,Did you or did you not see Trump with these dolls?
627,1140,5,18,84,107,1.2616822429906542,0.052003500482620646,632,This all seems to fit together.
549,1140,1,26,80,107,1.2616822429906542,0.04471041365750594,632,"Until we know for sure, I want to keep a lid on this thing."
415,1140,2,24,81,107,1.2616822429906542,0.046640720756442565,632,My gut tells me this was an inside job.
3687,1155,3,21,80,104,1.2596153846153846,0.04925735314273533,632,"Yes, you need to see my son.  He's inside somewhere."
3681,1155,8,11,85,104,1.2596153846153846,0.057963948498689105,632,It's what's inside that counts.
3526,1155,4,19,81,104,1.2596153846153846,0.05111744649348446,632,They say they were all together at the time of the crime.
3462,1155,5,17,82,104,1.2596153846153846,0.05291218983750678,632,I modeled them after my wife and daughters.
3374,1155,6,15,83,104,1.2596153846153846,0.054648022203794944,632,I told you it's the one without the rosy cheeks. How can't you see the difference??
3194,1155,7,13,84,104,1.2596153846153846,0.05633038991674542,632,"No, it is not a good day. Things just aren't  stacking up as they should ."
4901,1155,3,21,80,104,1.2596153846153846,0.04925735314273533,632,Number 1. That's the Empty Nester
3077,1155,3,21,80,104,1.2596153846153846,0.04925735314273533,632,Anybody look familiar
3764,1155,5,17,82,104,1.2596153846153846,0.05291218983750678,632,"I ordered a Russian Bride, and this is what I got."
2816,1155,7,13,84,104,1.2596153846153846,0.05633038991674542,632,They claim to have dirt on Ken and Barbie.
2780,1155,6,15,83,104,1.2596153846153846,0.054648022203794944,632,It's the third one from the right. The witness didn't mention rosy cheeks.
2699,1155,4,19,81,104,1.2596153846153846,0.05111744649348446,632,We're trying to figure which one interfered with the election.
2694,1155,5,17,82,104,1.2596153846153846,0.05291218983750678,632,It was the best I could do when he said she looked like his babushka.
2634,1155,9,9,86,104,1.2596153846153846,0.05955271465638483,632,It's the best we could do with these budget cuts.
3089,1155,4,19,81,104,1.2596153846153846,0.05111744649348446,632,It's Natasha. Moose and Squirrel are responsible.
3782,1155,7,13,84,104,1.2596153846153846,0.05633038991674542,632,You never asked why I have no neck.
4062,1155,4,19,81,104,1.2596153846153846,0.05111744649348446,632,I still want to try for a boy.
3936,1155,3,21,80,104,1.2596153846153846,0.04925735314273533,632,You wouldn't fit in.
2633,1155,5,17,82,104,1.2596153846153846,0.05291218983750678,632,Its no good chief.I know they are all in it together but they cover each other really well.
4771,1155,5,17,82,104,1.2596153846153846,0.05291218983750678,632,Something inside me says the short one has nothing to hide.
4733,1155,5,17,82,104,1.2596153846153846,0.05291218983750678,632,It’s looking like an inside job.
4652,1155,4,19,81,104,1.2596153846153846,0.05111744649348446,632,"I had a twin, but he cracked on assembly."
4623,1155,7,13,84,104,1.2596153846153846,0.05633038991674542,632,"Let’s face it:  Lineups have devolved into a hollow, repetitive experience."
4552,1155,4,19,81,104,1.2596153846153846,0.05111744649348446,632,"Okay yes Wendy I did take the weed from the evidence locker again, but I regret it because now all of the suspects look like Russian dolls"
3931,1155,6,15,83,104,1.2596153846153846,0.054648022203794944,632,"Strange, they’re normally so full of themselves."
4546,1155,4,19,81,104,1.2596153846153846,0.05111744649348446,632,The only thing I'm sure about is it's an inside job
4381,1155,3,21,80,104,1.2596153846153846,0.04925735314273533,632,I'm the legs in the family
4325,1155,3,21,80,104,1.2596153846153846,0.04925735314273533,632,Usually Russian smugglers are less obvious.
4255,1155,4,19,81,104,1.2596153846153846,0.05111744649348446,632,The Russians have seemingly figured out the perfect undercover strategy.
4245,1155,1,25,78,104,1.2596153846153846,0.045308650872167004,632,"No, I can’t pick her out of the line up, they all look the same to me."
4135,1155,4,19,81,104,1.2596153846153846,0.05111744649348446,632,The pieces are starting to fit together- it's an inside job...
4090,1155,3,21,80,104,1.2596153846153846,0.04925735314273533,632,"Still think the whole Russia thing is hoax now, Trisha?"
4521,1155,4,19,81,104,1.2596153846153846,0.05111744649348446,632,"With common name, Babushka!"
2531,1155,9,9,86,104,1.2596153846153846,0.05955271465638483,632,How could you tell I had artificial legs?
3075,1155,4,19,81,104,1.2596153846153846,0.05111744649348446,632,Which one did it is a matter of perspective.
2293,1155,4,19,81,104,1.2596153846153846,0.05111744649348446,632,They said it was an inside job.
1228,1155,4,19,81,104,1.2596153846153846,0.05111744649348446,632,They all have your eyes....
1169,1155,5,17,82,104,1.2596153846153846,0.05291218983750678,632,Look I know it’s a weird painting but I promised my wife I’d hang it up
1069,1155,3,21,80,104,1.2596153846153846,0.04925735314273533,632,I was always considered the black sheep of the family.
985,1155,2,23,79,104,1.2596153846153846,0.04732420460231771,632,I guess size does matter
858,1155,3,21,80,104,1.2596153846153846,0.04925735314273533,632,"I swear I'm John Smith and they're all my kids. Mischka, Mooschka, Meyescha, Schneakin, Schlippin and Schnookum Smith."
705,1155,4,19,81,104,1.2596153846153846,0.05111744649348446,632,Please say yes.  I have this insatiable nesting instinct.
1297,1155,4,19,81,104,1.2596153846153846,0.05111744649348446,632,I've been accused of insider trading.
570,1155,5,17,82,104,1.2596153846153846,0.05291218983750678,632,It's cheaper when I travel.
423,1155,6,15,83,104,1.2596153846153846,0.054648022203794944,632,"Yes, but sometimes what you see really is all there is."
388,1155,5,17,82,104,1.2596153846153846,0.05291218983750678,632,The Knicknack's attorney is on his way.
342,1155,4,19,81,104,1.2596153846153846,0.05111744649348446,632,I think we should cut back on the number of Russian sperm donors.
285,1155,7,13,84,104,1.2596153846153846,0.05633038991674542,632,"The evidence just doesn't stack up"""
100,1155,5,17,82,104,1.2596153846153846,0.05291218983750678,632,"I know the eye witness only saw one, but i'm sure they were all in on it!"
2483,1155,6,15,83,104,1.2596153846153846,0.054648022203794944,632,I have no clue where the other five came from.
459,1155,6,15,83,104,1.2596153846153846,0.054648022203794944,632,Is this really necessary? We already got them to open up.
1298,1155,7,13,84,104,1.2596153846153846,0.05633038991674542,632,"Before I answer that question, what are your views on bigamy?"
194,1155,1,25,78,104,1.2596153846153846,0.045308650872167004,632,"It's the second one from the left, she confessed, said it was an inside job"
1443,1155,6,15,83,104,1.2596153846153846,0.054648022203794944,632,I have a hunch the little one is hiding something.
1336,1155,3,21,80,104,1.2596153846153846,0.04925735314273533,632,This feels like an inside job.
2158,1155,4,19,81,104,1.2596153846153846,0.05111744649348446,632,Call it instinct. They’re almost always hiding something.
2053,1155,3,21,80,104,1.2596153846153846,0.04925735314273533,632,I think there’s more deep down inside the one on the right.
2025,1155,5,17,82,104,1.2596153846153846,0.05291218983750678,632,They all had alibis.
2022,1155,4,19,81,104,1.2596153846153846,0.05111744649348446,632,Really? No connections with Russia?
2021,1155,11,5,88,104,1.2596153846153846,0.06260941476900267,632,"[This is for last week's, I missed the deadline, but this is so good. Note that my magazine gets delivered late.]
It's my emotional support pizza dough."
1993,1155,6,15,83,104,1.2596153846153846,0.054648022203794944,632,We're gonna have a full line-up.  We're not russian to judgment on this one.
2125,1155,4,19,81,104,1.2596153846153846,0.05111744649348446,632,They're all in on it somehow.
1948,1155,5,17,82,104,1.2596153846153846,0.05291218983750678,632,"Good news is, they'll only need one cell."
1476,1155,3,21,80,104,1.2596153846153846,0.04925735314273533,632,No doubt. Third from the right.
1949,1155,8,11,85,104,1.2596153846153846,0.057963948498689105,632,Of course that's her. I can pick her out of a crowd..
1540,1155,5,17,82,104,1.2596153846153846,0.05291218983750678,632,"It' s like mother's, mother's, mother's, mother's, mother's, mother always said."
2244,1155,3,21,80,104,1.2596153846153846,0.04925735314273533,632,"I've been at this for 12 hours: as soon as I think they are about to break, there's a whole other layer."
1606,1155,5,17,82,104,1.2596153846153846,0.05291218983750678,632,Take your pants off: I know you are # 7
1755,1155,4,19,81,104,1.2596153846153846,0.05111744649348446,632,Go ahead. Ask me 'what's new.'  You know you want to.
1790,1155,5,17,82,104,1.2596153846153846,0.05291218983750678,632,Apparently it was an inside job.
3141,1225,3,18,72,93,1.2580645161290323,0.05274872249394527,632,They all matched the composite sketch!
944,1225,3,18,72,93,1.2580645161290323,0.05274872249394527,632,I still think she's hiding something.
2588,1227,4,18,79,101,1.2574257425742574,0.051996697051488655,632,My wife's personal trainer kept telling her to work on her core.  I think we must have misunderstood.
4854,1228,7,13,85,105,1.2571428571428571,0.05584609185904446,632,"It's now a case of Russian collusion, with multiple personalities."
1538,1229,4,18,80,102,1.2549019607843137,0.051546223005715035,632,We suspect it was Russian agents
1291,1230,5,17,84,106,1.2547169811320755,0.05202342542836301,632,"Not what you’re thinking, Veronika."
2891,1231,3,19,77,99,1.2525252525252526,0.05044316967661914,632,Can we line up the Wonder Woman set instead?
2958,1231,3,19,77,99,1.2525252525252526,0.05044316967661914,632,I think they're just covering for the short one.
3002,1231,7,11,81,99,1.2525252525252526,0.058043824996013745,632,"We pulled 'em in as part of the Mayor's new ""Eliminate Kitsch"" program."
3004,1231,6,13,80,99,1.2525252525252526,0.056240044068990115,632,I can’t get any more out of them.  I think it’s an inside job.
3353,1231,4,17,78,99,1.2525252525252526,0.05244670085248555,632,"Despite the uncanny similarities, this shouldn't take long.  The witness said the suspect lacked dots on her cheeks.  That's number four, counting from left to right."
3079,1231,5,15,79,99,1.2525252525252526,0.054376460841029636,632,"Jeez, it coulda been any one of ' em..."
3158,1231,5,15,79,99,1.2525252525252526,0.054376460841029636,632,"If you open up the big one, you'll find a shirtless Putin."
2870,1231,4,17,78,99,1.2525252525252526,0.05244670085248555,632,"The odds are stacked against her, but let's avoid Russian to judgment."
3452,1231,5,15,79,99,1.2525252525252526,0.054376460841029636,632,"I couldn't get her to talk at first, but then she really opened up."
3011,1231,7,11,81,99,1.2525252525252526,0.058043824996013745,632,I've got chills.  They're multiplying.
2674,1231,3,19,77,99,1.2525252525252526,0.05044316967661914,632,"Same old, same old. Says they all look alike."
2394,1231,4,17,78,99,1.2525252525252526,0.05244670085248555,632,I believe that the little one has insider information.
2630,1231,5,15,79,99,1.2525252525252526,0.054376460841029636,632,"She looked like that, but she seemed taller."
2626,1231,5,15,79,99,1.2525252525252526,0.054376460841029636,632,"This whole caper -- it's a riddle, wrapped in a mystery, inside a matryoshka."
2613,1231,4,17,78,99,1.2525252525252526,0.05244670085248555,632,They say they can't untie their babushkas. Got no arms. You gonna do it for them?
2544,1231,3,19,77,99,1.2525252525252526,0.05044316967661914,632,The third one from the right is an imposter and maybe a spy.
2537,1231,5,15,79,99,1.2525252525252526,0.054376460841029636,632,"You know, sometimes I think: 'There but for the grace of God go I.'"
2468,1231,3,19,77,99,1.2525252525252526,0.05044316967661914,632,I did tell you it was an inside job.
2438,1231,6,13,80,99,1.2525252525252526,0.056240044068990115,632,I think number four had plastic surgery to conceal her identity.
2408,1231,2,21,76,99,1.2525252525252526,0.04835669864391352,632,That 5 foot Russian doll is not fooling me
2346,1231,7,11,81,99,1.2525252525252526,0.058043824996013745,632,"Looks like the 'Like Mother, Like Daughter' saying goes on for all generations..."
3479,1231,3,19,77,99,1.2525252525252526,0.05044316967661914,632,"I know this looks bad, but the Agency's official policy strictly prohibits profiling"
2643,1231,4,17,78,99,1.2525252525252526,0.05244670085248555,632,We got a positive ID from the victim.  Said he never forgets a facsimile.
3485,1231,4,17,78,99,1.2525252525252526,0.05244670085248555,632,They're all involved – it’s an inside job.
4654,1231,4,17,78,99,1.2525252525252526,0.05244670085248555,632,I have to control the urge to rearrange them.
3530,1231,4,17,78,99,1.2525252525252526,0.05244670085248555,632,"We don't have anything right now, but I've got an inside man."
2314,1231,4,17,78,99,1.2525252525252526,0.05244670085248555,632,The witness claims she only saw one woman.
4853,1231,3,19,77,99,1.2525252525252526,0.05044316967661914,632,We found them on six different Twitter accounts.
4781,1231,4,17,78,99,1.2525252525252526,0.05244670085248555,632,Call it a hunch - one of them is still hiding something.
4724,1231,6,13,80,99,1.2525252525252526,0.056240044068990115,632,LIMERICK: When fogged by mental pollution...Let the evidence build your conclusion...One after one...From Russia they've come...And it all stacks up to collusion.
4657,1231,4,17,78,99,1.2525252525252526,0.05244670085248555,632,I smell a cover-up.
4624,1231,1,23,75,99,1.2525252525252526,0.04617604617604616,632,"Looks to be an inside job, Frank."
4597,1231,4,17,78,99,1.2525252525252526,0.05244670085248555,632,I still think the little one's hiding something.
4580,1231,5,15,79,99,1.2525252525252526,0.054376460841029636,632,"False accusers all, I swear."
4499,1231,5,15,79,99,1.2525252525252526,0.054376460841029636,632,"I'd have to say, I think it was an inside job."
4491,1231,5,15,79,99,1.2525252525252526,0.054376460841029636,632,I’ve got a funny feeling the little one is hiding something
4353,1231,4,17,78,99,1.2525252525252526,0.05244670085248555,632,Who can tell? ALL these dolls know how to hide bodies.
4339,1231,2,21,76,99,1.2525252525252526,0.04835669864391352,632,"It looks like we've gone from ""chain"" migration to ""nesting"" migration."
4302,1231,5,15,79,99,1.2525252525252526,0.054376460841029636,632,Good luck; with this gang it’s always one cover-up after another
4235,1231,4,17,78,99,1.2525252525252526,0.05244670085248555,632,And I am telling you that I CAN be objective in this case!
4218,1231,4,17,78,99,1.2525252525252526,0.05244670085248555,632,Inbreeding.
4175,1231,6,13,80,99,1.2525252525252526,0.056240044068990115,632,So where do you see yourself five dolls from now?
4024,1231,3,19,77,99,1.2525252525252526,0.05044316967661914,632,"No officer, I don't think I can recognize her from a lineup."
4023,1231,6,13,80,99,1.2525252525252526,0.056240044068990115,632,"I'm telling you, this was an inside-inside-inside-inside-inside job."
3979,1231,6,13,80,99,1.2525252525252526,0.056240044068990115,632,Intelligence we received suggested that she’d been smuggling women into a woman nestled within another woman’s women.
3966,1231,4,17,78,99,1.2525252525252526,0.05244670085248555,632,They look put together but I’m sure one will crack
3965,1231,2,21,76,99,1.2525252525252526,0.04835669864391352,632,"Our youngest just went off to college and empty nest syndrome is 
really hitting us hard."
3875,1231,4,17,78,99,1.2525252525252526,0.05244670085248555,632,Did the crime require arms?
3555,1231,4,17,78,99,1.2525252525252526,0.05244670085248555,632,"I don't know ,it's is a riddle wrapped in a mystery inside an enigma."
3510,1231,3,19,77,99,1.2525252525252526,0.05044316967661914,632,How they slipped through Customs on one passport is under investigation.
2301,1231,5,15,79,99,1.2525252525252526,0.054376460841029636,632,I think the one on the far right is hiding something.
113,1231,4,17,78,99,1.2525252525252526,0.05244670085248555,632,"First it was ""Weeble's Wobble"" and now this..."
2172,1231,2,21,76,99,1.2525252525252526,0.04835669864391352,632,"I guess the question is, “is this an inside job?”"
1113,1231,3,19,77,99,1.2525252525252526,0.05044316967661914,632,How do they know we are Russian?
1051,1231,3,19,77,99,1.2525252525252526,0.05044316967661914,632,"They all say the same thing, ""Death to democracy"" in increasingly high-pitched voices."
1047,1231,5,15,79,99,1.2525252525252526,0.054376460841029636,632,It was down to one suspect. Now I've got six and I have to add fraudulent concealment charges.
1024,1231,3,19,77,99,1.2525252525252526,0.05044316967661914,632,There's a lot of insider information here.
966,1231,5,15,79,99,1.2525252525252526,0.054376460841029636,632,It's a tough case but don't worry - we have someone on the inside
832,1231,5,15,79,99,1.2525252525252526,0.054376460841029636,632,Putin says Trump wants comrade doll #2 and #5 for his collection.
795,1231,4,17,78,99,1.2525252525252526,0.05244670085248555,632,The suspect is here.
786,1231,5,15,79,99,1.2525252525252526,0.054376460841029636,632,"#4, step forward."
763,1231,6,13,80,99,1.2525252525252526,0.056240044068990115,632,Okay...well I don't think it's a microagression to call them 'dolls' in this case
715,1231,4,17,78,99,1.2525252525252526,0.05244670085248555,632,What? You think the Americans won't buy it?
1154,1231,4,17,78,99,1.2525252525252526,0.05244670085248555,632,No one told me you were undercover.
510,1231,7,11,81,99,1.2525252525252526,0.058043824996013745,632,I suppose you might be able to imagine how some people could find that comment offensive.
410,1231,4,17,78,99,1.2525252525252526,0.05244670085248555,632,It appears to be an inside job.
337,1231,4,17,78,99,1.2525252525252526,0.05244670085248555,632,Show me where’s the doll that touched you.
326,1231,3,19,77,99,1.2525252525252526,0.05044316967661914,632,Their stories all nestle into each other.
277,1231,4,17,78,99,1.2525252525252526,0.05244670085248555,632,"He concealed multiple identities. But, no, there was nothing unusual about him..."
218,1231,2,21,76,99,1.2525252525252526,0.04835669864391352,632,"He took one look and said,""They all look alike to me."""
214,1231,5,15,79,99,1.2525252525252526,0.054376460841029636,632,I could only get my sisters.
197,1231,3,19,77,99,1.2525252525252526,0.05044316967661914,632,Five of them have solid cover stories.
2264,1231,5,15,79,99,1.2525252525252526,0.054376460841029636,632,"In a Russian lineup, size matters."
68,1231,5,15,79,99,1.2525252525252526,0.054376460841029636,632,I have a hunch they where in it together.
49,1231,3,19,77,99,1.2525252525252526,0.05044316967661914,632,There's something not right. The evidence is not stacking up...
446,1231,1,23,75,99,1.2525252525252526,0.04617604617604616,632,I feel like they're all hiding something.
1184,1231,4,17,78,99,1.2525252525252526,0.05244670085248555,632,Whaddaya mean I can’t call ‘em dolls?
973,1231,5,15,79,99,1.2525252525252526,0.054376460841029636,632,"I'd explain it, but you'd just dismiss it as reductionist."
1296,1231,4,17,78,99,1.2525252525252526,0.05244670085248555,632,"This has ""Putin conspiracy"" written all over it. Better call Mueller."
2170,1231,3,19,77,99,1.2525252525252526,0.05044316967661914,632,"I'm telling you, it was an inside job."
2163,1231,5,15,79,99,1.2525252525252526,0.054376460841029636,632,"Yes, she does appear to have some form of split personality disorder."
2128,1231,4,17,78,99,1.2525252525252526,0.05244670085248555,632,I feel we have met many times before.
2082,1231,6,13,80,99,1.2525252525252526,0.056240044068990115,632,"I'm sure the evidence will begin to stack up shortly."""
2049,1231,8,9,82,99,1.2525252525252526,0.059793216032036536,632,"Yes, I am citizen."
1242,1231,2,21,76,99,1.2525252525252526,0.04835669864391352,632,"I don't know Deborah,they all fit the description of ""an insider Russian spy"""
1912,1231,5,15,79,99,1.2525252525252526,0.054376460841029636,632,I’ve sized them up and they’re ready to roll.
1864,1231,7,11,81,99,1.2525252525252526,0.058043824996013745,632,A gift from the Dean of University Diversity.
1851,1231,4,17,78,99,1.2525252525252526,0.05244670085248555,632,I say we close this up.
1798,1231,4,17,78,99,1.2525252525252526,0.05244670085248555,632,"Not sure yet, but we're thinking it's an inside, inside, inside, inside, inside job."
1749,1231,4,17,78,99,1.2525252525252526,0.05244670085248555,632,What? You don't think they all look the same?
1944,1231,3,19,77,99,1.2525252525252526,0.05044316967661914,632,Watch out for the little one. She's the strong and solid type.
1696,1231,3,19,77,99,1.2525252525252526,0.05044316967661914,632,It was an inside job. The question is ... how far inside?
1687,1231,8,9,82,99,1.2525252525252526,0.059793216032036536,632,So how may female dolls have you opened up or otherwise molested Mr. Yuri ?
1678,1231,6,13,80,99,1.2525252525252526,0.056240044068990115,632,"Please don't give me that ""They all look alike,"" baloney!"
1615,1231,4,17,78,99,1.2525252525252526,0.05244670085248555,632,I think they're all in it together.
1587,1231,7,11,81,99,1.2525252525252526,0.058043824996013745,632,That moment when you find even your lineup has been hacked
1566,1231,3,19,77,99,1.2525252525252526,0.05044316967661914,632,These Russian Twitter trolls all look alike.
1529,1231,6,13,80,99,1.2525252525252526,0.056240044068990115,632,This line-up is stacked.
1494,1231,1,23,75,99,1.2525252525252526,0.04617604617604616,632,"OK, next time Ill ask about the height..."
1460,1231,6,13,80,99,1.2525252525252526,0.056240044068990115,632,I've got something inside I wanna show you.
1347,1231,3,19,77,99,1.2525252525252526,0.05044316967661914,632,"""I thought it was repeated 6 times..or maybe 7""."
1713,1231,3,19,77,99,1.2525252525252526,0.05044316967661914,632,"Bob, it's just not a good fit."
2334,1333,7,11,82,100,1.25,0.057515917866976685,632,I'm pretty sure it's the Russians.
2580,1333,0,25,75,100,1.25,0.04351941398892446,632,We caught one and they all came pouring out.
2591,1333,5,15,80,100,1.25,0.053889149223571936,632,You think moving them around will help?
2656,1333,6,13,81,100,1.25,0.055732042902271274,632,"The fourth one, lacking the rosy cheeks, that’s Putin’s spy!.."
2771,1333,5,15,80,100,1.25,0.053889149223571936,632,"Ludmilla, Anastasia, Svetlana, Tatiana, Oleg, and Barbie"
4925,1333,5,15,80,100,1.25,0.053889149223571936,632,It’s gotta be an inside job.
3539,1333,6,13,81,100,1.25,0.055732042902271274,632,"Our kids aren't stacked against us. They're stacked inside us."""
4100,1333,4,17,79,100,1.25,0.0519809599951771,632,The little one’s got an airtight alibi.
4225,1333,5,15,80,100,1.25,0.053889149223571936,632,"Oh, Russian HACKING suspects."
4527,1333,5,15,80,100,1.25,0.053889149223571936,632,I was told to round up 'the usual suspects' for this Russian witch hunt.
2329,1333,4,17,79,100,1.25,0.0519809599951771,632,Inside job.
2823,1333,4,17,79,100,1.25,0.0519809599951771,632,We’ve given full cavity searches to all but one of them.
2138,1333,8,8,80,96,1.25,0.06105792475542054,632,You're right boss - she could having been standing far away.
3453,1333,3,19,78,100,1.25,0.05,632,"So I says, 'Listen doll face, we know it's an inside job'."
2027,1333,4,17,79,100,1.25,0.0519809599951771,632,I can’t see how any of them could have pulled this off without hands or legs.
2118,1333,4,17,79,100,1.25,0.0519809599951771,632,Just goes to show there could be a Russian agent inside any of us
243,1333,4,17,79,100,1.25,0.0519809599951771,632,You think it was someone a bit taller?
513,1333,5,15,80,100,1.25,0.053889149223571936,632,I knew she was hiding something.
535,1333,2,21,77,100,1.25,0.047937248544110224,632,Open and shut. All the evidence is stacked against them.
662,1333,1,23,76,100,1.25,0.04578165130223675,632,One of these is not like the other...
352,1333,5,15,80,100,1.25,0.053889149223571936,632,I just don't think we should profile.
759,1333,6,13,81,100,1.25,0.055732042902271274,632,"There's definitely no collusion with Russia, why do you ask?"
760,1333,2,21,77,100,1.25,0.047937248544110224,632,I still have the feeling they did it together.
1089,1333,4,17,79,100,1.25,0.0519809599951771,632,"Well, I remember her face very distinctly..."
1253,1333,5,15,80,100,1.25,0.053889149223571936,632,"Yes, my family are related to the Russian Mafia. But they're completely 'armless."""
749,1333,5,15,80,100,1.25,0.053889149223571936,632,"I can't stop singing ""Hello, Dolly."""
1899,1333,4,17,79,100,1.25,0.0519809599951771,632,"Sorry Captain, we did a cavity search and now it seems we have 5 more possible suspects."
2781,1360,4,16,77,97,1.2474226804123711,0.05290310762316375,632,The DNA results are ready.
3417,1360,4,16,77,97,1.2474226804123711,0.05290310762316375,632,Mueller says to start making them with orange jumpsuits
3327,1360,1,22,74,97,1.2474226804123711,0.04641561051285256,632,"Uhm, i feel like this was a inside Job."
3292,1360,4,16,77,97,1.2474226804123711,0.05290310762316375,632,Solving this case has been like peeling an onion.
3145,1360,4,16,77,97,1.2474226804123711,0.05290310762316375,632,"Just look at the smirks on their faces. We have evidence of collusion, but no one's talking."
3186,1360,3,18,76,97,1.2474226804123711,0.05083268794669077,632,The clues are starting to fit together...
2925,1360,2,20,75,97,1.2474226804123711,0.04867427998012128,632,Just when I thought we were going to bust this case wide open...
2800,1360,2,20,75,97,1.2474226804123711,0.04867427998012128,632,You will never fit in!
3583,1360,5,14,78,97,1.2474226804123711,0.054895495520948266,632,The Usual Sus(us)(us)(us)(us)(us)pects.
3264,1360,7,10,80,97,1.2474226804123711,0.05867766775439582,632,Show us where the doll touched you.
3609,1360,2,20,75,97,1.2474226804123711,0.04867427998012128,632,I can't help feeling there's more to this than meets the eye.
4007,1360,3,18,76,97,1.2474226804123711,0.05083268794669077,632,An inside job if you ask me
3773,1360,2,20,75,97,1.2474226804123711,0.04867427998012128,632,It’s an alibi wrapped in a pretext inside an excuse.
3801,1360,2,20,75,97,1.2474226804123711,0.04867427998012128,632,"Yes, there is a family remblance."
3826,1360,2,20,75,97,1.2474226804123711,0.04867427998012128,632,Don’t you think this line up is a bit redundant?
3872,1360,2,20,75,97,1.2474226804123711,0.04867427998012128,632,"Nest, please."
3892,1360,1,22,74,97,1.2474226804123711,0.04641561051285256,632,"Once the first suspect opened up, the rest were easy. But we couldn't crack the last one."
4126,1360,5,14,78,97,1.2474226804123711,0.054895495520948266,632,I cracked the case.
4351,1360,2,20,75,97,1.2474226804123711,0.04867427998012128,632,I just keep uncovering one thing after another.
4584,1360,2,20,75,97,1.2474226804123711,0.04867427998012128,632,"I got the big one to open up, but it was all downhill from there."
4593,1360,2,20,75,97,1.2474226804123711,0.04867427998012128,632,Why do you assume I put together this lineup?
4740,1360,5,14,78,97,1.2474226804123711,0.054895495520948266,632,They said it's not Russia. I will say this—I don’t see any reason why it would be.
4922,1360,4,16,77,97,1.2474226804123711,0.05290310762316375,632,This was a major cover-up.
3710,1360,6,12,79,97,1.2474226804123711,0.05681806104393969,632,My inner selves also need a break
2676,1360,4,16,77,97,1.2474226804123711,0.05290310762316375,632,"If they nest, then all we must arrest."
2698,1360,4,16,77,97,1.2474226804123711,0.05290310762316375,632,It was only a matter of time until they opened up.
2409,1360,3,18,76,97,1.2474226804123711,0.05083268794669077,632,I just don’t fit in.
279,1360,6,12,79,97,1.2474226804123711,0.05681806104393969,632,They've all got air-tight alibis except for the big one.
304,1360,4,16,77,97,1.2474226804123711,0.05290310762316375,632,"When you've seen one Matryoshka doll, you've seen them all!"
368,1360,5,14,78,97,1.2474226804123711,0.054895495520948266,632,And they all have that same twisted smile.
435,1360,4,16,77,97,1.2474226804123711,0.05290310762316375,632,I keep my inner child bottled up.
2660,1360,4,16,77,97,1.2474226804123711,0.05290310762316375,632,Our perp has someone on the inside.
783,1360,3,18,76,97,1.2474226804123711,0.05083268794669077,632,It's a helluva smuggling case.... which on do we charge with possession ?
835,1360,4,16,77,97,1.2474226804123711,0.05290310762316375,632,"My girls were out of school today, and I thought it might be fun."
872,1360,4,16,77,97,1.2474226804123711,0.05290310762316375,632,"So, it’s an inside inside inside job."
914,1360,3,18,76,97,1.2474226804123711,0.05083268794669077,632,We've interrogated them for hours and they just won't open up!
920,1360,3,18,76,97,1.2474226804123711,0.05083268794669077,632,"My money's on the tall one, but they did say they go everywhere together."
1006,1360,3,18,76,97,1.2474226804123711,0.05083268794669077,632,I suspect Russian involvement.
506,1360,5,14,78,97,1.2474226804123711,0.054895495520948266,632,The line up? The pat-down alone took all morning.
1348,1360,4,16,77,97,1.2474226804123711,0.05290310762316375,632,I think we’re looking at an inside job here.
1399,1360,3,18,76,97,1.2474226804123711,0.05083268794669077,632,"The little one’s at the center of this whole thing, and she’s tough; we’ll need to bring down the hammer if we want to crack her."
1499,1360,3,18,76,97,1.2474226804123711,0.05083268794669077,632,Our witness thinks it was an inside-inside-inside-inside-inside job.
1509,1360,3,18,76,97,1.2474226804123711,0.05083268794669077,632,What makes you think the Russians have infiltrated my department?
1565,1360,3,18,76,97,1.2474226804123711,0.05083268794669077,632,Let's try again with their neck tattoos showing.
1772,1360,4,16,77,97,1.2474226804123711,0.05290310762316375,632,"Sorry, I can’t be sure. They all look alike to me."
1783,1360,3,18,76,97,1.2474226804123711,0.05083268794669077,632,There were even more Russians at the meeting than we had ever imagined.
2060,1360,6,12,79,97,1.2474226804123711,0.05681806104393969,632,We’re thinking it was an inside job.
2108,1360,4,16,77,97,1.2474226804123711,0.05290310762316375,632,"Same old, same old. Jeez!"
2331,1360,4,16,77,97,1.2474226804123711,0.05290310762316375,632,The big one's legit. The rest were smuggled in.
2362,1360,2,20,75,97,1.2474226804123711,0.04867427998012128,632,Well I don't see what's wrong with them.
1343,1360,5,14,78,97,1.2474226804123711,0.054895495520948266,632,I think we've hit a nest of Russian spies.
1827,1411,3,12,58,73,1.2465753424657535,0.06100634345154058,632,"It was definitely 3, but a little taller."
87,1412,3,17,74,94,1.2446808510638299,0.05170656656583808,632,I'd still like to see the DNA results.
4914,1413,4,15,76,95,1.2421052631578948,0.053365543013411613,632,Something just doesn't stack up
4806,1413,5,13,77,95,1.2421052631578948,0.05542423068342733,632,I too feel like I'm beside myself.
4707,1413,2,19,74,95,1.2421052631578948,0.048989313627048496,632,What? They all fit.
4604,1413,2,19,74,95,1.2421052631578948,0.048989313627048496,632,"As we go down the line, odds are, finding our culprit gets smaller."
4490,1413,3,17,75,95,1.2421052631578948,0.051224183891818154,632,"Personally, seems like it was an inside job."
4341,1413,4,15,76,95,1.2421052631578948,0.053365543013411613,632,I think it might be someone on the inside.
4109,1413,3,17,75,95,1.2421052631578948,0.051224183891818154,632,I'm positive one of them is hiding something!
3995,1413,6,11,78,95,1.2421052631578948,0.05740914136775824,632,They each voted only once. There was no collusion.
3626,1413,5,13,77,95,1.2421052631578948,0.05542423068342733,632,"After she was diagnosed with multiple personality disorder she kept telling me I was destroying her ""little nest""."
3468,1413,6,11,78,95,1.2421052631578948,0.05740914136775824,632,Their story just doesn't stack up
3378,1413,3,17,75,95,1.2421052631578948,0.051224183891818154,632,We caught them sneaking each other into the movie theater.
3366,1413,5,13,77,95,1.2421052631578948,0.05542423068342733,632,I'm afraid there are more layers to this investigation than we expected!
3094,1413,4,15,76,95,1.2421052631578948,0.053365543013411613,632,Would you believe I was the only boy out of all my siblings?
4843,1413,3,17,75,95,1.2421052631578948,0.051224183891818154,632,Now if we can just figure out where the accomplices were hiding.
3070,1413,4,15,76,95,1.2421052631578948,0.053365543013411613,632,I don't know which to arrest. They all look like my mother.
2671,1413,2,19,74,95,1.2421052631578948,0.048989313627048496,632,I suspect that one of them is hiding something.
2505,1413,3,17,75,95,1.2421052631578948,0.051224183891818154,632,Sometimes I feel there is someone inside of me trying to get out.
2501,1413,3,17,75,95,1.2421052631578948,0.051224183891818154,632,It was an inside inside inside inside inside inside job.
2340,1413,4,15,76,95,1.2421052631578948,0.053365543013411613,632,I feel like I know them personally.
2036,1413,3,17,75,95,1.2421052631578948,0.051224183891818154,632,The suspect must have had help from someone on the inside.
1747,1413,3,17,75,95,1.2421052631578948,0.051224183891818154,632,The perp's heighth is going to be an important identifying factor.
1612,1413,5,13,77,95,1.2421052631578948,0.05542423068342733,632,"Well, it's really just an empty feeling that I just cannot shake.."
1150,1413,5,13,77,95,1.2421052631578948,0.05542423068342733,632,"Inside me is a thin man, trying to get out."
946,1413,4,15,76,95,1.2421052631578948,0.053365543013411613,632,"This is an inside job."""
653,1413,4,15,76,95,1.2421052631578948,0.053365543013411613,632,"The deeper I get, the deeper it goes."
176,1413,4,15,76,95,1.2421052631578948,0.053365543013411613,632,They fit into the description.
3091,1413,3,17,75,95,1.2421052631578948,0.051224183891818154,632,This Russian investigation is getting smaller and smaller.
15,1413,4,15,76,95,1.2421052631578948,0.053365543013411613,632,I think one of them is still hiding something.
4638,1441,5,12,75,92,1.2391304347826086,0.05651438814339231,632,"I don't think we are racially profiling,  why do you ask?"
109,1441,4,14,74,92,1.2391304347826086,0.05435976935181598,632,"Oddly, our new facial recognition system only identified #2 as a match to the suspect shown on CCTV cameras."
314,1443,3,14,67,84,1.2380952380952381,0.055192376276423635,632,We suspect it's an inside job.
3207,1444,3,15,72,90,1.2333333333333334,0.05252667118728806,632,"Shall we go bigger or smaller"""
4870,1444,1,19,70,90,1.2333333333333334,0.04753604322766905,632,Something inside is telling me one of them is trying to a bit too hard to fit in with the others.
4815,1444,3,15,72,90,1.2333333333333334,0.05252667118728806,632,The witness claims she saw them all together.
4528,1444,2,17,71,90,1.2333333333333334,0.05009354545128693,632,It’s not sexist Carol. The literally are dolls.
4455,1444,5,11,74,90,1.2333333333333334,0.05708263279047432,632,Would No. 2 please step forward.
4443,1444,3,15,72,90,1.2333333333333334,0.05252667118728806,632,Is this what they call Russian profiling ?
4322,1444,4,13,73,90,1.2333333333333334,0.054851974222946666,632,The weapon was not found in their Persons.
4181,1444,4,13,73,90,1.2333333333333334,0.054851974222946666,632,It's complicated.
4165,1444,2,17,71,90,1.2333333333333334,0.05009354545128693,632,I have a feeling that #4's blush isn't the only thing that she's hiding.
3649,1444,4,13,73,90,1.2333333333333334,0.054851974222946666,632,"Yeah, the first three are Riddle, Mystery and Enigma, but I never learned the names of the ones after that"
3415,1444,5,11,74,90,1.2333333333333334,0.05708263279047432,632,I feel as though I'm coming apart. I've lost my individuality. I'm searching for my inner self.
3396,1444,4,13,73,90,1.2333333333333334,0.054851974222946666,632,I want you to try to put the suspect into perspective
3240,1444,3,15,72,90,1.2333333333333334,0.05252667118728806,632,Dont tell me there are alot of other versions of you!
3200,1444,4,13,73,90,1.2333333333333334,0.054851974222946666,632,The Mueller investigation may be out of control.
2861,1444,5,11,74,90,1.2333333333333334,0.05708263279047432,632,No collusion. No collusion. No collusion. No collusion. No collusion. No collusion.
2909,1444,2,17,71,90,1.2333333333333334,0.05009354545128693,632,I think I see a pattern in this case.
2999,1444,2,17,71,90,1.2333333333333334,0.05009354545128693,632,"Ok, lets see if size matters."
240,1444,3,15,72,90,1.2333333333333334,0.05252667118728806,632,The president says they have to be pardoned. They're Putin's nieces.
270,1444,3,15,72,90,1.2333333333333334,0.05252667118728806,632,There's a clear hierarchy amongst them.
360,1444,3,15,72,90,1.2333333333333334,0.05252667118728806,632,Where does it say that new recruits can't be family?
587,1444,1,19,70,90,1.2333333333333334,0.04753604322766905,632,I'm pretty sure it's an inside-inside-inside-inside-inside job.
638,1444,4,13,73,90,1.2333333333333334,0.054851974222946666,632,We found them during a cavity search of the larger suspect.
182,1444,3,15,72,90,1.2333333333333334,0.05252667118728806,632,Number two is my mom.
1140,1444,4,13,73,90,1.2333333333333334,0.054851974222946666,632,I think it was all of them.
1688,1444,3,15,72,90,1.2333333333333334,0.05252667118728806,632,The Russians seems to be behind everything these days.
1847,1444,4,13,73,90,1.2333333333333334,0.054851974222946666,632,My gut tells me they're all hiding something!
2373,1444,1,19,70,90,1.2333333333333334,0.04753604322766905,632,They all weeble.  What we're looking for a wobbler.
2605,1444,5,11,74,90,1.2333333333333334,0.05708263279047432,632,"We know one of them did it, but they keep covering for each other."
1058,1444,2,17,71,90,1.2333333333333334,0.05009354545128693,632,"Whaddya mean, multiple counts of trafficking in persons??  I only hid one girl in the back of my truck when I left Moscow. I don’t know where the others came from!"
2319,1473,1,18,67,86,1.2325581395348837,0.048716546920086694,632,I bet this was an inside job.
4264,1473,2,16,68,86,1.2325581395348837,0.05144802965162532,632,Barbie said it was all of them.
1331,1473,4,12,70,86,1.2325581395348837,0.056516328414623146,632,We have an identity crisis.
1878,1473,2,16,68,86,1.2325581395348837,0.05144802965162532,632,Can you ask Number 3 to step forward?
2312,1477,5,11,75,91,1.2307692307692308,0.056510068207111776,632,The Russian trolls are getting very creative
4802,1477,3,15,73,91,1.2307692307692308,0.05200949259867795,632,It’s the Matroyshka Crime Family. Make sure that last one isn’t hiding anything.
3268,1477,3,15,73,91,1.2307692307692308,0.05200949259867795,632,"""I'm starting to think whoever it was, was an insider."""
3119,1477,6,9,76,91,1.2307692307692308,0.058630947911258176,632,Her alibi just doesn't stack up.
2926,1477,3,15,73,91,1.2307692307692308,0.05200949259867795,632,It's only one woman!
2920,1477,2,17,72,91,1.2307692307692308,0.04960632092961231,632,The victim has some nesting issues.
2714,1477,4,13,74,91,1.2307692307692308,0.054306422866657135,632,"They refuse to hide anymore.
#matryoshka-too"
2551,1477,4,13,74,91,1.2307692307692308,0.054306422866657135,632,"I know you wanted to stop at two, but I really wanted six children!"
2045,1477,3,15,73,91,1.2307692307692308,0.05200949259867795,632,"You can bring in the witness Detective, but I really have my doubts on getting a positive ID on a suspect."
1075,1477,2,17,72,91,1.2307692307692308,0.04960632092961231,632,I still think it was an inside inside inside inside inside job.
1734,1477,3,15,73,91,1.2307692307692308,0.05200949259867795,632,I swear. I had no idea my Babushka was the cover for illegal Russian Nanas-for-hire.
1691,1477,4,13,74,91,1.2307692307692308,0.054306422866657135,632,"This job supports me, my wife, and our five daughters"
1335,1477,2,17,72,91,1.2307692307692308,0.04960632092961231,632,The perp is using the multiple personality alibi.
1323,1477,2,17,72,91,1.2307692307692308,0.04960632092961231,632,We may never get to the bottom of this case — every clue has another clue inside of it and every suspect leads to another suspect!
1784,1477,5,11,75,91,1.2307692307692308,0.056510068207111776,632,Они все это сделали.
906,1477,4,13,74,91,1.2307692307692308,0.054306422866657135,632,"Sorry, I'm
 not sure what nepotism means."
844,1477,1,19,71,91,1.2307692307692308,0.04708064179651174,632,I guess the apple doesn't fall far from this tree.
173,1477,4,13,74,91,1.2307692307692308,0.054306422866657135,632,I think we're one and done here.
119,1477,5,11,75,91,1.2307692307692308,0.056510068207111776,632,"If you press the short one hard enough, she'll open up."
3982,1496,3,14,70,87,1.2298850574712643,0.053483689652870973,632,Bring in the witness—but I still say it's a Russian inside job.
3132,1496,3,14,70,87,1.2298850574712643,0.053483689652870973,632,"It is art, it’s supposed to copy reality, or it’s reality that copies… I forgot."
2515,1496,1,18,68,87,1.2298850574712643,0.04822746775604901,632,"One of dose tings iz not like da udders,
One of dose tings doesn't belong..."
1670,1496,5,10,72,87,1.2298850574712643,0.05826767089569042,632,I know what you are thinking. This looks like an inside job.
1029,1496,3,14,70,87,1.2298850574712643,0.053483689652870973,632,"OK Bob, it's time to wrap up this Russia Investigation."
2209,1496,3,14,70,87,1.2298850574712643,0.053483689652870973,632,Maybe the next one will be a boy.
3425,1502,1,18,69,88,1.2272727272727273,0.04774779376717186,632,What makes you think this is an inside job?
3553,1502,3,14,71,88,1.2272727272727273,0.0529369233082146,632,I'm sure we all look alike to YOU.
3473,1502,3,14,71,88,1.2272727272727273,0.0529369233082146,632,Folk art rarely imitates life
3426,1502,4,12,72,88,1.2272727272727273,0.05534935292479492,632,The oldest wants her own shelf
3651,1502,5,10,73,88,1.2272727272727273,0.05766093902328693,632,Did you really talk to the Trumps about adoption?
3349,1502,3,14,71,88,1.2272727272727273,0.0529369233082146,632,"This is going to be a hard case to crack, they all refuse to open up."
2603,1502,3,14,71,88,1.2272727272727273,0.0529369233082146,632,This was a crime within crime within a crime within a crime within a crime within a crime. Now I’ve got it straightened out.
3229,1502,0,20,68,88,1.2272727272727273,0.0449290417189001,632,He recognized a few of them.
3150,1502,2,16,70,88,1.2272727272727273,0.05040917406074102,632,Vice said they sent us a lineup of Russian dolls. I got here early.
3115,1502,2,16,70,88,1.2272727272727273,0.05040917406074102,632,"At one point, we did have it narrowed down to one suspect."
2893,1502,3,14,71,88,1.2272727272727273,0.0529369233082146,632,They're all hiding something.
2803,1502,5,10,73,88,1.2272727272727273,0.05766093902328693,632,"Yes, that is the way they stack up"
3673,1502,3,14,71,88,1.2272727272727273,0.0529369233082146,632,I don't know what to say Boss... the big one cracked under interrogation and they just kept coming out...
2491,1502,1,18,69,88,1.2272727272727273,0.04774779376717186,632,So? It's what on the inside that counts!
3258,1502,4,12,72,88,1.2272727272727273,0.05534935292479492,632,I have an inexplicable urge to nest.
3709,1502,5,10,73,88,1.2272727272727273,0.05766093902328693,632,"If we keep going at this rate, our suspect will disappear."
4805,1502,5,10,73,88,1.2272727272727273,0.05766093902328693,632,"Of course I noticed your new hairdo,Barb."
3762,1502,6,8,74,88,1.2272727272727273,0.05988336086844929,632,"They're all guilty - 1 smuggler and 5 accomplices.  Trick question: how many jail cells will we need, Barnes?"
2447,1502,4,12,72,88,1.2272727272727273,0.05534935292479492,632,I think that profiler guy was drunk.
4750,1502,0,20,68,88,1.2272727272727273,0.0449290417189001,632,All these suspects are linked together somehow...
4639,1502,1,18,69,88,1.2272727272727273,0.04774779376717186,632,Is it just me or are all these perps starting to look alike?
4609,1502,2,16,70,88,1.2272727272727273,0.05040917406074102,632,It was a terrible crime..... murder by gravity.
4494,1502,4,12,72,88,1.2272727272727273,0.05534935292479492,632,They only paid for one ticket to the movie so I'm charging them with grand theft.
4389,1502,2,16,70,88,1.2272727272727273,0.05040917406074102,632,One of the toughest lineups we've ever had.
3753,1502,5,10,73,88,1.2272727272727273,0.05766093902328693,632,I knew once we got Trump and Putin in a lineup no one could tell them apart
4366,1502,3,14,71,88,1.2272727272727273,0.0529369233082146,632,What do you suppose they're hiding?
4106,1502,3,14,71,88,1.2272727272727273,0.0529369233082146,632,It's clear that this job has reshaped you.
4010,1502,1,18,69,88,1.2272727272727273,0.04774779376717186,632,I'm not an agent.  I just trusted the matruskas too much.
3980,1502,5,10,73,88,1.2272727272727273,0.05766093902328693,632,She said the middle one looks like Keyser Soze
3901,1502,3,14,71,88,1.2272727272727273,0.0529369233082146,632,I'm just resting. THEY'RE nesting.
3860,1502,4,12,72,88,1.2272727272727273,0.05534935292479492,632,The eyewitness  ID was great except for the height and weight description.
3774,1502,6,8,74,88,1.2272727272727273,0.05988336086844929,632,I don’t see the Russian connection.
4125,1502,2,16,70,88,1.2272727272727273,0.05040917406074102,632,I’m looking for a seventh. Are you available?
2411,1502,3,14,71,88,1.2272727272727273,0.0529369233082146,632,"Cheer up  . 
I”ll change the prescription"
745,1502,1,18,69,88,1.2272727272727273,0.04774779376717186,632,Word is they're gonna ask you to go undercover again.
2202,1502,2,16,70,88,1.2272727272727273,0.05040917406074102,632,The facial-recognition software failed to narrow our list of suspects.
53,1502,2,16,70,88,1.2272727272727273,0.05040917406074102,632,I'm beginning to think this was an inside job.
73,1502,4,12,72,88,1.2272727272727273,0.05534935292479492,632,I just feel like I don't fit in.
2223,1502,3,14,71,88,1.2272727272727273,0.0529369233082146,632,What makes you think they were all in on it?
291,1502,3,14,71,88,1.2272727272727273,0.0529369233082146,632,I’m afraid this lineup is a exercise in diminishing returns.
364,1502,2,16,70,88,1.2272727272727273,0.05040917406074102,632,Just because I think you could stand in the lineup doesn't mean I think you're fat.
497,1502,1,18,69,88,1.2272727272727273,0.04774779376717186,632,"You think this lineup is an inside job? Maybe you've lost perspective."""
514,1502,3,14,71,88,1.2272727272727273,0.0529369233082146,632,This was definitely an inside job
593,1502,3,14,71,88,1.2272727272727273,0.0529369233082146,632,"After 27 years on the job, all criminals start to look the same."
690,1502,4,12,72,88,1.2272727272727273,0.05534935292479492,632,Sex change? Why do you ask?
1032,1502,5,10,73,88,1.2272727272727273,0.05766093902328693,632,The Trump doll is so popular it's on back order.  So why do the buyers keep sticking pins in them?
1034,1502,3,14,71,88,1.2272727272727273,0.0529369233082146,632,Let's get to the bottom of this
1151,1502,3,14,71,88,1.2272727272727273,0.0529369233082146,632,Don't worry.  The odds are stacked against them - we've got a guy on the inside.
1155,1502,3,14,71,88,1.2272727272727273,0.0529369233082146,632,How the hell am I supposed to know which one? They all look alike to me.
1161,1502,2,16,70,88,1.2272727272727273,0.05040917406074102,632,I REPRESENT RUSSIAN #ME-TOO.
1206,1502,3,14,71,88,1.2272727272727273,0.0529369233082146,632,It looks like they are covering for each other.
199,1502,4,12,72,88,1.2272727272727273,0.05534935292479492,632,"I know, third from the right, stands out like a sore thumb, but trust me, I found them all in the same place at the same time, and it was hard pulling them apart for this line up."
1325,1502,4,12,72,88,1.2272727272727273,0.05534935292479492,632,Don't worry. We'll find out where that Russian mob is nesting.
1258,1502,3,14,71,88,1.2272727272727273,0.0529369233082146,632,It's my installation art piece about the Mueller investigation!
2185,1502,4,12,72,88,1.2272727272727273,0.05534935292479492,632,My daughters are really big on cosplay.
2122,1502,2,16,70,88,1.2272727272727273,0.05040917406074102,632,About all we know is that the suspect is Russian
2094,1502,4,12,72,88,1.2272727272727273,0.05534935292479492,632,What?
2084,1502,4,12,72,88,1.2272727272727273,0.05534935292479492,632,The big one cracked and gave us five co-conspirators.
1980,1502,1,18,69,88,1.2272727272727273,0.04774779376717186,632,You think it was an inside job?
1818,1502,4,12,72,88,1.2272727272727273,0.05534935292479492,632,I did not collude with any of these Russian dolls.
2182,1502,4,12,72,88,1.2272727272727273,0.05534935292479492,632,I’m telling you Claire it’s whats on the inside that counts
1741,1502,5,10,73,88,1.2272727272727273,0.05766093902328693,632,Have you ever really looked inside yourself?
1633,1502,3,14,71,88,1.2272727272727273,0.0529369233082146,632,"We suspect Russian influence, but they aren’t talking."
1552,1502,3,14,71,88,1.2272727272727273,0.0529369233082146,632,I just Don't Fit!!!
1512,1502,4,12,72,88,1.2272727272727273,0.05534935292479492,632,It turns out it IS all about the size.
1495,1502,3,14,71,88,1.2272727272727273,0.0529369233082146,632,The Russia conspiracy is deceptively multilayered.
1780,1502,2,16,70,88,1.2272727272727273,0.05040917406074102,632,It's a trial separation.
1337,1502,3,14,71,88,1.2272727272727273,0.0529369233082146,632,We have reason to believe this is an inside job.
1192,1570,4,9,62,75,1.2266666666666666,0.06172690021546691,632,Our leads keep shrinking the deeper we get into this case.
3054,1571,5,9,72,86,1.2209302325581395,0.05824887120010922,632,Your witness nailed it. And furthermore it all stacks up.
2901,1571,2,15,69,86,1.2209302325581395,0.05071624554750068,632,"'well, seems like an open and shut case to me...'"
2758,1571,4,11,71,86,1.2209302325581395,0.05585099090320066,632,I know how it sounds but they all do look alike.
2745,1571,4,11,71,86,1.2209302325581395,0.05585099090320066,632,"Victim states that the perp squeaked then ""flew off the handle."""
2566,1571,5,9,72,86,1.2209302325581395,0.05824887120010922,632,I’m in big trouble Mary...big trouble
2583,1571,4,11,71,86,1.2209302325581395,0.05585099090320066,632,Looks like we've got a RICO case here.
2490,1571,3,13,70,86,1.2209302325581395,0.05334543442181245,632,I got one doll for each day of the week. You don‘t want to know where the smallest is.
2402,1571,4,11,71,86,1.2209302325581395,0.05585099090320066,632,Solving this case is like peeling an onion. I keep finding more layers.
3102,1571,5,9,72,86,1.2209302325581395,0.05824887120010922,632,I just meant doll face like some waitresses call every guy honey.
2602,1571,4,11,71,86,1.2209302325581395,0.05585099090320066,632,The evidence stacks up to #1.
3113,1571,4,11,71,86,1.2209302325581395,0.05585099090320066,632,Don't look at me. I think they all look like my Great Grandmama Mishka.
4257,1571,4,11,71,86,1.2209302325581395,0.05585099090320066,632,The issue is that the security camera can't tell them apart.
3535,1571,1,17,68,86,1.2209302325581395,0.04794308866997278,632,This isn't what I meant when I said bring in the Russian smugglers
3559,1571,1,17,68,86,1.2209302325581395,0.04794308866997278,632,"Sure you could put one away but, another one will always be waiting to come out."
3797,1571,3,13,70,86,1.2209302325581395,0.05334543442181245,632,"Sorry, I can’t make a positive ID because they all have resting kitsch face."
3836,1571,3,13,70,86,1.2209302325581395,0.05334543442181245,632,I just don't feel like I fit in.
4026,1571,4,11,71,86,1.2209302325581395,0.05585099090320066,632,"I'm Ukrainian actually, why do you ask?"
4215,1571,5,9,72,86,1.2209302325581395,0.05824887120010922,632,"She started choking,so I got behind her and performed the heimlich maneuver. Next thing I knew there were 5 more."
4230,1571,4,11,71,86,1.2209302325581395,0.05585099090320066,632,"Finally, we have someone in the Russian’s inner circle."
4269,1571,2,15,69,86,1.2209302325581395,0.05071624554750068,632,What do you mean they are all mine?
4656,1571,3,13,70,86,1.2209302325581395,0.05334543442181245,632,I have a feeling I've seen number six somewhere before.
4798,1571,5,9,72,86,1.2209302325581395,0.05824887120010922,632,We both know this was an inside job.
2303,1571,1,17,68,86,1.2209302325581395,0.04794308866997278,632,We're still trying to identify the key players in the Russia Investigation.
3204,1571,2,15,69,86,1.2209302325581395,0.05071624554750068,632,The witness said there was only one of them.
2287,1571,3,13,70,86,1.2209302325581395,0.05334543442181245,632,DHS doesn't care if they're nesting. Each one has to have her own visa.
3152,1571,4,11,71,86,1.2209302325581395,0.05585099090320066,632,They’re all stacked against me.
2137,1571,2,15,69,86,1.2209302325581395,0.05071624554750068,632,All of them.
3,1571,3,13,70,86,1.2209302325581395,0.05334543442181245,632,What profiling?
18,1571,2,15,69,86,1.2209302325581395,0.05071624554750068,632,"I'd recuse myself, but I don't wish to add another layer to this case."
59,1571,2,15,69,86,1.2209302325581395,0.05071624554750068,632,We think it was an inside job
245,1571,0,19,67,86,1.2209302325581395,0.04499935488425764,632,Don't let the rosy cheeks and humble traditional garb fool ya. These babushkas have done some pretty twisted things.
418,1571,0,19,67,86,1.2209302325581395,0.04499935488425764,632,What makes you think it was an inside job?
551,1571,3,13,70,86,1.2209302325581395,0.05334543442181245,632,It can’t have been ‘all of them’. Unless...an inside job?
623,1571,4,11,71,86,1.2209302325581395,0.05585099090320066,632,I don't know--they all have nesting bitch face.
767,1571,5,9,72,86,1.2209302325581395,0.05824887120010922,632,"So, you’re positive your witness will pick out the perp."
848,1571,4,11,71,86,1.2209302325581395,0.05585099090320066,632,Ok Humpty Dumpty  We have a. #metoo that claims there was more than a bucket of water involved
950,1571,4,11,71,86,1.2209302325581395,0.05585099090320066,632,Well your eye witness is wrong. Number 4 is Jensen from Vice.
1027,1571,2,15,69,86,1.2209302325581395,0.05071624554750068,632,"I'm not sure, they all look alike."
2272,1571,2,15,69,86,1.2209302325581395,0.05071624554750068,632,"Not every case is “cookie-cutter,” detective. You need to think outside the box on this one."
524,1571,2,15,69,86,1.2209302325581395,0.05071624554750068,632,Ask #4  to remove her kerchief.
1126,1571,3,13,70,86,1.2209302325581395,0.05334543442181245,632,I just don't have it in me anymore.
1046,1571,2,15,69,86,1.2209302325581395,0.05071624554750068,632,Couldn't we just get some ducks?
2073,1571,3,13,70,86,1.2209302325581395,0.05334543442181245,632,It was the little one.
1983,1571,2,15,69,86,1.2209302325581395,0.05071624554750068,632,I suspect an inside job.
1877,1571,3,13,70,86,1.2209302325581395,0.05334543442181245,632,Second one from the left is our suspect; the rest I found at the Christmas Tree Shop.  If the victim cannot identify the perp I have 30 days to return them or I'll get stuck with store credit.
1773,1571,1,17,68,86,1.2209302325581395,0.04794308866997278,632,Would it be racial profiling if I said it was all of them?
1913,1571,2,15,69,86,1.2209302325581395,0.05071624554750068,632,"I am 100% certain that I did not say ""Ural suspects."""
1272,1571,2,15,69,86,1.2209302325581395,0.05071624554750068,632,I thought you said 'round up the Russian stackers.'
1246,1571,2,15,69,86,1.2209302325581395,0.05071624554750068,632,"You got her to open up, now what?"
1222,1571,1,17,68,86,1.2209302325581395,0.04794308866997278,632,"Which dollface was it, dollface?"
1201,1571,2,15,69,86,1.2209302325581395,0.05071624554750068,632,"Boy, I hate these identity theft lineups."
1173,1571,5,9,72,86,1.2209302325581395,0.05824887120010922,632,Svetlana we already have 6 children...I am not Russian to have any more.
3218,1623,4,10,69,83,1.216867469879518,0.05697897692712264,632,Was your assailant any of these women?
3147,1623,3,12,68,83,1.216867469879518,0.05433917050702214,632,"Just when we think we got to the bottom of it, another one pops out."
3193,1623,2,14,67,83,1.216867469879518,0.05156439751534847,632,Do you recognize any of these people as the perpetrator whom you saw stealing the baby?
3196,1623,2,14,67,83,1.216867469879518,0.05156439751534847,632,"Captain, isn't this ""Bring Your Family To Work"" day?"
3209,1623,1,16,66,83,1.216867469879518,0.04863156105710082,632,"Sorry, Captain- they're just too full of themselves."
3116,1623,5,8,70,83,1.216867469879518,0.059501782930698174,632,"Run down to Starbucks and get a Short, a Tall, a Venti, a Grande, a Trenta, and a Quaranta. Pronto."
3266,1623,2,14,67,83,1.216867469879518,0.05156439751534847,632,"It doesn't matter how cute they are. If you can't do the time, don't do the crime."
3494,1623,3,12,68,83,1.216867469879518,0.05433917050702214,632,I am the oldest of six.
3357,1623,3,12,68,83,1.216867469879518,0.05433917050702214,632,"When we talked about going undercover, I didn't realize I'd have to literally GET INSIDE the organization"
3423,1623,2,14,67,83,1.216867469879518,0.05156439751534847,632,Trying to prove that size doesn’t matter.
3444,1623,4,10,69,83,1.216867469879518,0.05697897692712264,632,You've got to change your Weeble ways...baby.
3472,1623,4,10,69,83,1.216867469879518,0.05697897692712264,632,"This is a tough one. Maybe we should have them each say, """"Good morning, Mr. Kushner."
3549,1623,3,12,68,83,1.216867469879518,0.05433917050702214,632,It appears to me that it was an inside job.
3065,1623,1,16,66,83,1.216867469879518,0.04863156105710082,632,New suspects keep popping up!
3302,1623,2,14,67,83,1.216867469879518,0.05156439751534847,632,"It seems like every time we question one, the next story becomes a little less believable..."
3023,1623,4,10,69,83,1.216867469879518,0.05697897692712264,632,It's a slow day so I thought I'd bring the family in
2283,1623,1,16,66,83,1.216867469879518,0.04863156105710082,632,I  swear there were only three suspects in the lineup when we started.
2955,1623,3,12,68,83,1.216867469879518,0.05433917050702214,632,Prisons here aren't overcrowded. We put one prisoner inside another.
2212,1623,1,16,66,83,1.216867469879518,0.04863156105710082,632,"The victim said she looked Russian, we had trouble finding enough Russian-looking women for the line-up, so I improvised - what's the problem?"
2258,1623,4,10,69,83,1.216867469879518,0.05697897692712264,632,We're pretty sure there's Russian involvement.
2271,1623,1,16,66,83,1.216867469879518,0.04863156105710082,632,"Well, we're not sure about height."
3657,1623,3,12,68,83,1.216867469879518,0.05433917050702214,632,Russian collusion? What makes you say that?
2291,1623,2,14,67,83,1.216867469879518,0.05156439751534847,632,"I'm starting to think it was an inside, inside, 
inside, inside, inside, job"
2422,1623,4,10,69,83,1.216867469879518,0.05697897692712264,632,"Being the only boy, I grew up feeling special, but now I just feel empty inside."
3003,1623,2,14,67,83,1.216867469879518,0.05156439751534847,632,"I hate working cases in Brighton Beach, Marci."
2488,1623,3,12,68,83,1.216867469879518,0.05433917050702214,632,Your six-pack lacks a black.
2555,1623,4,10,69,83,1.216867469879518,0.05697897692712264,632,I think I have Matrushka Collusion Syndrome
2610,1623,4,10,69,83,1.216867469879518,0.05697897692712264,632,I’ve been leaving early to be with my wife. She has empty nest syndrome.
2631,1623,3,12,68,83,1.216867469879518,0.05433917050702214,632,The dolls look lie me before my sex change
2739,1623,3,12,68,83,1.216867469879518,0.05433917050702214,632,My gut tells me the little one is still hiding something.
2757,1623,3,12,68,83,1.216867469879518,0.05433917050702214,632,I'm not big on conspiracies but I'm pretty sure they're hiding something.
2943,1623,3,12,68,83,1.216867469879518,0.05433917050702214,632,we're downsizing
2518,1623,4,10,69,83,1.216867469879518,0.05697897692712264,632,Hard to prove collusion if  the Rooskies won't talk.
3658,1623,3,12,68,83,1.216867469879518,0.05433917050702214,632,Turns out there's no fun way to tell your employees about downsizing.
3954,1623,3,12,68,83,1.216867469879518,0.05433917050702214,632,It's good that we don't have to separate from their parents anymore.
3704,1623,2,14,67,83,1.216867469879518,0.05156439751534847,632,"Number Four, wobble forward please."
4451,1623,3,12,68,83,1.216867469879518,0.05433917050702214,632,"I can't get nothing out of 'em, they just keep speaking Russian at the same time."
4466,1623,3,12,68,83,1.216867469879518,0.05433917050702214,632,"Since our kids moved to Moscow, we're experiencing empty nesting doll syndrome"
4471,1623,0,18,65,83,1.216867469879518,0.04551011283857881,632,My family and I have an interest in a bowling alley.
4576,1623,3,12,68,83,1.216867469879518,0.05433917050702214,632,"What do you mean with ""suspicion of partiality""?"
4585,1623,1,16,66,83,1.216867469879518,0.04863156105710082,632,"'How's that ""getting inside the criminal mind"" working out for you?'"
4600,1623,1,16,66,83,1.216867469879518,0.04863156105710082,632,"yes, I am so sorry, they all said “Me Too”"
4425,1623,1,16,66,83,1.216867469879518,0.04863156105710082,632,"Had to let  her go, couldn't pick her out of the lineup"
4621,1623,1,16,66,83,1.216867469879518,0.04863156105710082,632,My wife says I'm derivative.
4661,1623,3,12,68,83,1.216867469879518,0.05433917050702214,632,It's always an inside job with the Russians.
4741,1623,3,12,68,83,1.216867469879518,0.05433917050702214,632,I'm trying to find my inner selves.
4790,1623,4,10,69,83,1.216867469879518,0.05697897692712264,632,These are the armed robbery suspects?
4795,1623,4,10,69,83,1.216867469879518,0.05697897692712264,632,This one took us a while to unpack.
4876,1623,3,12,68,83,1.216867469879518,0.05433917050702214,632,"Sorry, I'm in a solid relationship!"
4931,1623,3,12,68,83,1.216867469879518,0.05433917050702214,632,"They call themselves ""the Onions."""
4629,1623,0,18,65,83,1.216867469879518,0.04551011283857881,632,It’s part of our new Russian diplomacy program.
3680,1623,1,16,66,83,1.216867469879518,0.04863156105710082,632,"See, I told you the Russians were taking over organized crime at every level."
4312,1623,4,10,69,83,1.216867469879518,0.05697897692712264,632,"Yes, I am this country's premier forensic sketch artist.  My reconstructions are not influenced in any way by personal prejudices."
4290,1623,4,10,69,83,1.216867469879518,0.05697897692712264,632,Too bad our witness got everything but the height.
3745,1623,3,12,68,83,1.216867469879518,0.05433917050702214,632,"Look, this is the best we could do based on your description."
3747,1623,3,12,68,83,1.216867469879518,0.05433917050702214,632,Looks like Russia is meddling in our selection.
3757,1623,2,14,67,83,1.216867469879518,0.05156439751534847,632,"Unfortunately, your cloning' s diminishing returns disqualifies you. Better luck next time!"
3771,1623,2,14,67,83,1.216867469879518,0.05156439751534847,632,"I think they all look more like cops."""
3803,1623,3,12,68,83,1.216867469879518,0.05433917050702214,632,I gotta call EAP.  I'm losing it.  I can't stop trying to contemplate infinity.
3821,1623,3,12,68,83,1.216867469879518,0.05433917050702214,632,I thought you said there was only one suspect
4304,1623,3,12,68,83,1.216867469879518,0.05433917050702214,632,I got nuthin'. You?
3857,1623,3,12,68,83,1.216867469879518,0.05433917050702214,632,Well. Gosh. I’m beginning to suspect this was inside job.
3918,1623,4,10,69,83,1.216867469879518,0.05697897692712264,632,"I’m tellin’ ya, it was an inside job."
3933,1623,4,10,69,83,1.216867469879518,0.05697897692712264,632,I was going to say the clues in this case were starting to fit together until this lineup SNAFU.
2196,1623,2,14,67,83,1.216867469879518,0.05156439751534847,632,What Russian bias?
3969,1623,4,10,69,83,1.216867469879518,0.05697897692712264,632,Every time I crack this case a new suspect comes up...
4163,1623,1,16,66,83,1.216867469879518,0.04863156105710082,632,I don’t know ...This case feels like a riddle inside an enigma inside a conundrum.
4170,1623,4,10,69,83,1.216867469879518,0.05697897692712264,632,I confess. It was an inside job.
3865,1623,1,16,66,83,1.216867469879518,0.04863156105710082,632,They don’t all look the same to me.
2175,1623,3,12,68,83,1.216867469879518,0.05433917050702214,632,I can't shake the feeling this was an inside job.
1777,1623,4,10,69,83,1.216867469879518,0.05697897692712264,632,"Sorry, but they’re the only women I feel comfortable taking to at work."
2051,1623,2,14,67,83,1.216867469879518,0.05156439751534847,632,"I know, instead of my dogs and I looking more and more alike, ...”"
695,1623,1,16,66,83,1.216867469879518,0.04863156105710082,632,"If we don't crack this case soon, I'll blow my lid!"""
701,1623,2,14,67,83,1.216867469879518,0.05156439751534847,632,Babies having babies....
732,1623,3,12,68,83,1.216867469879518,0.05433917050702214,632,"Didn’t Trump know a “Rolly Polly”, little girl or not, will bounce back and smack him?"
733,1623,2,14,67,83,1.216867469879518,0.05156439751534847,632,"He said he had met the one on the left in Moscow, but he had never seen any of the others."
754,1623,2,14,67,83,1.216867469879518,0.05156439751534847,632,"Da, Maria Butina, the new generation of Matryoshka surveillance dolls make wonderful gifts.  And they're non-partisan!"
766,1623,3,12,68,83,1.216867469879518,0.05433917050702214,632,Their legs were removed by Russian hackers
682,1623,2,14,67,83,1.216867469879518,0.05156439751534847,632,That new tariff is starting to make us all redundant
782,1623,4,10,69,83,1.216867469879518,0.05697897692712264,632,Are there any others?
929,1623,2,14,67,83,1.216867469879518,0.05156439751534847,632,Im begging to think it was an inside job.
936,1623,3,12,68,83,1.216867469879518,0.05433917050702214,632,Can we get a sketch artist with a sense of scale next time?
937,1623,4,10,69,83,1.216867469879518,0.05697897692712264,632,Is it weird that number three reminds me of my mother?
961,1623,1,16,66,83,1.216867469879518,0.04863156105710082,632,So you're saying there's a difference?
981,1623,3,12,68,83,1.216867469879518,0.05433917050702214,632,My theory? This goes all the way to the top.
1040,1623,3,12,68,83,1.216867469879518,0.05433917050702214,632,"I admit it looks suspicious, but there was no collusion."
846,1623,3,12,68,83,1.216867469879518,0.05433917050702214,632,Something here doesn't stack up.
1116,1623,4,10,69,83,1.216867469879518,0.05697897692712264,632,This caption was deleted for being too hilarious.
672,1623,3,12,68,83,1.216867469879518,0.05433917050702214,632,"We know it was an inside job, we just don’t know how deep it goes."
634,1623,3,12,68,83,1.216867469879518,0.05433917050702214,632,The display is beginning to get on my nerves!
105,1623,0,18,65,83,1.216867469879518,0.04551011283857881,632,All I can say for sure is they were all in on it.
140,1623,2,14,67,83,1.216867469879518,0.05156439751534847,632,"The case is 'a riddle wrapped in a mystery inside an enigma, but perhaps,' as Churchill said, 'there is a key'."
145,1623,2,14,67,83,1.216867469879518,0.05156439751534847,632,If you could hear the voices inside my head...
163,1623,5,8,70,83,1.216867469879518,0.059501782930698174,632,I don't know what got into me.
192,1623,4,10,69,83,1.216867469879518,0.05697897692712264,632,"You said it was a gang that's dressed alike and eating people, but I never expected this"
286,1623,1,16,66,83,1.216867469879518,0.04863156105710082,632,I'm losing my perspective.
667,1623,1,16,66,83,1.216867469879518,0.04863156105710082,632,It’s Bring Your Kids to Work Day.
290,1623,3,12,68,83,1.216867469879518,0.05433917050702214,632,They all have identical alibis.
407,1623,3,12,68,83,1.216867469879518,0.05433917050702214,632,What's the Russian Stockholm Syndrome?
465,1623,1,16,66,83,1.216867469879518,0.04863156105710082,632,"Well, they're the usual suspects to me."
477,1623,3,12,68,83,1.216867469879518,0.05433917050702214,632,"They said it was an inside job, but we aren't sure which one did it."
481,1623,3,12,68,83,1.216867469879518,0.05433917050702214,632,"No one is going to take the fall for you this time, Mr. Weeble"
521,1623,3,12,68,83,1.216867469879518,0.05433917050702214,632,Do you really think it was an inside job?
552,1623,2,14,67,83,1.216867469879518,0.05156439751534847,632,I have five smaller brothers. What about you?
362,1623,4,10,69,83,1.216867469879518,0.05697897692712264,632,Frustrating. Their every response is infinitely recursive.
2069,1623,3,12,68,83,1.216867469879518,0.05433917050702214,632,"They're tired of nesting, and they'd like some vodka, please."
1130,1623,4,10,69,83,1.216867469879518,0.05697897692712264,632,"The smaller ones all have the same alibi, and the big one won't talk."
1254,1623,1,16,66,83,1.216867469879518,0.04863156105710082,632,"So, as you can see, my thesis of uniform female development is the true origin of The Handmaid’s Tale. Pay up!"
2015,1623,1,16,66,83,1.216867469879518,0.04863156105710082,632,Quite a nest of thieves you've discovered Detective.
1992,1623,2,14,67,83,1.216867469879518,0.05156439751534847,632,We've got someone on the inside.
1991,1623,2,14,67,83,1.216867469879518,0.05156439751534847,632,Print out the Weebles file. There may well be a connection.
1984,1623,3,12,68,83,1.216867469879518,0.05433917050702214,632,I suspect this was an inside job.
1966,1623,2,14,67,83,1.216867469879518,0.05156439751534847,632,My instincts tell me it was an inside job.
1925,1623,4,10,69,83,1.216867469879518,0.05697897692712264,632,We found the drugs in the last one.
1887,1623,2,14,67,83,1.216867469879518,0.05156439751534847,632,I just feel empty.
1849,1623,4,10,69,83,1.216867469879518,0.05697897692712264,632,The problem was that it was an inside job.
1844,1623,5,8,70,83,1.216867469879518,0.059501782930698174,632,I wish I had a neck I could hang my badge around.
1736,1623,3,12,68,83,1.216867469879518,0.05433917050702214,632,I guess that I just didn't fit in.
1729,1623,3,12,68,83,1.216867469879518,0.05433917050702214,632,It’s not what you think. I’m non-binary.
1722,1623,3,12,68,83,1.216867469879518,0.05433917050702214,632,"Well they only speak Russian, but these days that's an advantage."
1718,1623,2,14,67,83,1.216867469879518,0.05156439751534847,632,"The little voice, inside the little voice, inside the little voice, inside the little voice is telling me we have a problem with this case."
1683,1623,1,16,66,83,1.216867469879518,0.04863156105710082,632,Third from the right. She's ready to talk.
1168,1623,4,10,69,83,1.216867469879518,0.05697897692712264,632,Working these cases leaves me hollow inside.
1667,1623,3,12,68,83,1.216867469879518,0.05433917050702214,632,Why should I say “aah”?
1663,1623,3,12,68,83,1.216867469879518,0.05433917050702214,632,Looks to me like an inside job.
1283,1623,2,14,67,83,1.216867469879518,0.05156439751534847,632,Your opinion of me is starting to make sense.
1366,1623,2,14,67,83,1.216867469879518,0.05156439751534847,632,They are in it together.
1398,1623,3,12,68,83,1.216867469879518,0.05433917050702214,632,So the DNA results came back. They match that of a young Russian girl...
1417,1623,2,14,67,83,1.216867469879518,0.05156439751534847,632,"Regardless of size, all Russian women look the same to me."
1419,1623,3,12,68,83,1.216867469879518,0.05433917050702214,632,What do you mean it was an inside job?
1434,1623,3,12,68,83,1.216867469879518,0.05433917050702214,632,"I cracked this case wide open, boss!"
1664,1623,2,14,67,83,1.216867469879518,0.05156439751534847,632,How many times do I have to tell you?  I have no hidden ties to Russia.
1470,1623,2,14,67,83,1.216867469879518,0.05156439751534847,632,What you see is what you get.
1532,1623,1,16,66,83,1.216867469879518,0.04863156105710082,632,"Due to their close association, they're ALL accessories to the crime."
1571,1623,4,10,69,83,1.216867469879518,0.05697897692712264,632,What can I say? You are what you eat.
1605,1623,2,14,67,83,1.216867469879518,0.05156439751534847,632,"Call me crazy, I say it's the Russians."
1607,1623,3,12,68,83,1.216867469879518,0.05433917050702214,632,What? Chief said to stack the lineup.
1642,1623,4,10,69,83,1.216867469879518,0.05697897692712264,632,Not again
1653,1623,2,14,67,83,1.216867469879518,0.05156439751534847,632,sometimes I feel smaller and smaller”
1519,1623,2,14,67,83,1.216867469879518,0.05156439751534847,632,"Every time I get one of them to open up, another one appears!"
485,1763,3,12,69,84,1.2142857142857142,0.05375041813985263,632,"One of them is hiding something, but which one?"
1094,1764,1,13,57,71,1.2112676056338028,0.05275314730327469,632,"Well, they all look the same to me."
2766,1765,2,13,66,81,1.2098765432098766,0.051866547006419766,632,One of them's wanted for possession. Heck maybe all of them.
4014,1765,3,11,67,81,1.2098765432098766,0.05476112374374538,632,Of course I'm their father.   Can't you see the resemblance?
892,1765,2,13,66,81,1.2098765432098766,0.051866547006419766,632,"Let's eat in tonight, I feel like nesting."
1743,1768,6,5,71,82,1.2073170731707317,0.061931679577379065,632,"I knock on wood and all I get is girl. I vont
vasectomy right no"
1751,1768,4,9,69,82,1.2073170731707317,0.05686215517169996,632,"Comrade, I think the little one is hiding something."
3058,1770,0,14,54,68,1.2058823529411764,0.04939859350354098,632,"Katia, you just don't know who I am inside."
4314,1771,3,10,65,78,1.205128205128205,0.05582599374914914,632,We think Putin's behind this one.
3589,1771,2,12,64,78,1.205128205128205,0.05275927638889398,632,She just up and left me. Kept complaining about an empty feeling.
3588,1771,4,8,66,78,1.205128205128205,0.058732800981056335,632,I know... it's supposed to be a witch hunt. But I keep finding these.
3547,1771,0,16,62,78,1.205128205128205,0.04601674237795457,632,"We know a voice insider her made her do it, but the question is <i>which</i>."
3500,1771,2,12,64,78,1.205128205128205,0.05275927638889398,632,"Don't get me wrong Babs, the witness is a doll."
3499,1771,3,10,65,78,1.205128205128205,0.05582599374914914,632,"Call in Vladimir, maybe he will be able to tell them apart."
3408,1771,2,12,64,78,1.205128205128205,0.05275927638889398,632,I just can’t decide which one I like the best.
3334,1771,2,12,64,78,1.205128205128205,0.05275927638889398,632,"Of course they are here, but there’s no collusion"
3331,1771,2,12,64,78,1.205128205128205,0.05275927638889398,632,What else are they hiding?
3220,1771,5,6,67,78,1.205128205128205,0.061502375922241455,632,They don’t nest in captivity.
3167,1771,1,14,63,78,1.205128205128205,0.04950293841863706,632,Matryoshka gang member snitched from the inside.
3600,1771,0,16,62,78,1.205128205128205,0.04601674237795457,632,We're thinking it may have been an inside job.
3016,1771,3,10,65,78,1.205128205128205,0.05582599374914914,632,I had no idea she had a split personality.
2982,1771,0,16,62,78,1.205128205128205,0.04601674237795457,632,Deep down inside--they're all guilty.
2969,1771,1,14,63,78,1.205128205128205,0.04950293841863706,632,It was Norm's idea.
2811,1771,2,12,64,78,1.205128205128205,0.05275927638889398,632,"The orders were, ‘Make it pleasing to the POTUS’."
2765,1771,1,14,63,78,1.205128205128205,0.04950293841863706,632,I want a divorce-I now need time for myself
2684,1771,2,12,64,78,1.205128205128205,0.05275927638889398,632,What!  He wants to use MY matryoshkas to influence the election?  -   Collusion!
2657,1771,3,10,65,78,1.205128205128205,0.05582599374914914,632,Manafort flipped.
3188,1771,3,10,65,78,1.205128205128205,0.05582599374914914,632,Can you pick which one has been meddling in are affairs?
3621,1771,2,12,64,78,1.205128205128205,0.05275927638889398,632,The Russian mafia just isn't what it used to be.
3744,1771,0,16,62,78,1.205128205128205,0.04601674237795457,632,"Clearly, a cover-up by the Russians."
2616,1771,3,10,65,78,1.205128205128205,0.05582599374914914,632,"For the last time, please stop calling this an ineggstigation"
4696,1771,2,12,64,78,1.205128205128205,0.05275927638889398,632,"The smallest is a riddle, which is wrapped in a mystery, put inside an enigma; but then the next three are really big and nasty."
4671,1771,1,14,63,78,1.205128205128205,0.04950293841863706,632,My perspective of this case is forced.
4618,1771,1,14,63,78,1.205128205128205,0.04950293841863706,632,I just thought this would crack the case wide open.
4503,1771,3,10,65,78,1.205128205128205,0.05582599374914914,632,I am ready for my next modeling job
4460,1771,2,12,64,78,1.205128205128205,0.05275927638889398,632,"No, Mam, we cannot open up number 2 and insert number 3.  Can you think of another characteristic of the suspect?"
4388,1771,4,8,66,78,1.205128205128205,0.058732800981056335,632,They say they are here to see our cathedral...
4282,1771,3,10,65,78,1.205128205128205,0.05582599374914914,632,The White House called and they wanted us to put together a lineup of potential future wives for Donald.
4202,1771,3,10,65,78,1.205128205128205,0.05582599374914914,632,I told you it was an inside job!
3661,1771,1,14,63,78,1.205128205128205,0.04950293841863706,632,The Matryoshka family does not believe in birth control.
4196,1771,2,12,64,78,1.205128205128205,0.05275927638889398,632,What other gang would assault a turducken?
4137,1771,4,8,66,78,1.205128205128205,0.058732800981056335,632,Looks are deceiving. I call them the Gang of 6.
4078,1771,2,12,64,78,1.205128205128205,0.05275927638889398,632,I think one of them might still be hiding something.
4028,1771,3,10,65,78,1.205128205128205,0.05582599374914914,632,I got it--'no' meant 'no'--so I asked if she had any sisters.
4001,1771,2,12,64,78,1.205128205128205,0.05275927638889398,632,I think that the one on the right is hiding something.
3997,1771,0,16,62,78,1.205128205128205,0.04601674237795457,632,"Its called ""Six Dolls of Collusion."""
3921,1771,2,12,64,78,1.205128205128205,0.05275927638889398,632,What can I say?  She was Russian and a real doll!
3898,1771,2,12,64,78,1.205128205128205,0.05275927638889398,632,This was supposed to be an open-and-shut and open-and-shut and open-and-shut case.
3785,1771,2,12,64,78,1.205128205128205,0.05275927638889398,632,"Are they a bit wooden? Yes. Are we the Moscow Police Department? Hell, yes."
4185,1771,3,10,65,78,1.205128205128205,0.05582599374914914,632,"Yes, officer, I do believe this is an open and shut case at every level."
2385,1771,2,12,64,78,1.205128205128205,0.05275927638889398,632,Just another day in the tax fraud department.
3557,1771,3,10,65,78,1.205128205128205,0.05582599374914914,632,"It is a riddle, wrapped in a mystery, inside an enigma; but perhaps there is a key. That key is the Russian national interest."
2323,1771,1,14,63,78,1.205128205128205,0.04950293841863706,632,My staff will pop up later.
1247,1771,4,8,66,78,1.205128205128205,0.058732800981056335,632,"Captain, I went undercover, and we nabbed the entire Kokeshi gang, all hiding in one tiny box."
1244,1771,3,10,65,78,1.205128205128205,0.05582599374914914,632,"Okay, let’s start with you removing your head"
1185,1771,0,16,62,78,1.205128205128205,0.04601674237795457,632,I'm starting to suspect collusion.
1045,1771,4,8,66,78,1.205128205128205,0.058732800981056335,632,"I'd bet my reputation it's an inside, inside, inside, inside, inside job."
1028,1771,3,10,65,78,1.205128205128205,0.05582599374914914,632,Only one contains the Russian Novichok nerve agent.  The rest are filled with borscht.
987,1771,5,6,67,78,1.205128205128205,0.061502375922241455,632,Word on the street is it’s an inside job.
931,1771,2,12,64,78,1.205128205128205,0.05275927638889398,632,These suspects are hard to size up and I can't get any of the victims to make a positive ID.
880,1771,0,16,62,78,1.205128205128205,0.04601674237795457,632,"I dunno cap’n, something doesn’t fit"
784,1771,5,6,67,78,1.205128205128205,0.061502375922241455,632,"Hey, you're the one who chose the officers to stand with the suspect ..."
713,1771,3,10,65,78,1.205128205128205,0.05582599374914914,632,"Okay, send in Manafort first; Flynn, next, then Don, Jr...."
679,1771,1,14,63,78,1.205128205128205,0.04950293841863706,632,WHAT? YOU THINK I'M HIDING SOMETHING?
625,1771,1,14,63,78,1.205128205128205,0.04950293841863706,632,"The teller swears she only saw one of these suspects. The other five must have been hiding some
where."
528,1771,3,10,65,78,1.205128205128205,0.05582599374914914,632,We finally have a line-up of all those present at that adoption meeting.
417,1771,2,12,64,78,1.205128205128205,0.05275927638889398,632,First step is a gender change.
340,1771,2,12,64,78,1.205128205128205,0.05275927638889398,632,"I never said ""mafia"", I said we'd be taking on the ""matryoshka""."
336,1771,3,10,65,78,1.205128205128205,0.05582599374914914,632,"As the only man in the family, I didn’t quite stack up."
209,1771,1,14,63,78,1.205128205128205,0.04950293841863706,632,"Seems like an open and stack case, chief"
2326,1771,3,10,65,78,1.205128205128205,0.05582599374914914,632,"Please take over for me, Sarge.  I can't bear to see my family put through this."
65,1771,4,8,66,78,1.205128205128205,0.058732800981056335,632,Are you sure there is no collusion?
1267,1771,3,10,65,78,1.205128205128205,0.05582599374914914,632,I think they are still hiding something
1326,1771,2,12,64,78,1.205128205128205,0.05275927638889398,632,They all claim no Russian nesting.
204,1771,2,12,64,78,1.205128205128205,0.05275927638889398,632,The witness said the culprit had a nesting bitch face
1351,1771,3,10,65,78,1.205128205128205,0.05582599374914914,632,Where did  all the other 5 of you go?
2173,1771,1,14,63,78,1.205128205128205,0.04950293841863706,632,"We can't get a break, they're all covering for one another."
2141,1771,1,14,63,78,1.205128205128205,0.04950293841863706,632,The odds are stacked against us getting a positive ID.
2096,1771,2,12,64,78,1.205128205128205,0.05275927638889398,632,All these body searches are getting us nowhere.
1902,1771,3,10,65,78,1.205128205128205,0.05582599374914914,632,"Sir, we are ALL searching for our inner self."
1865,1771,1,14,63,78,1.205128205128205,0.04950293841863706,632,I can't identify.  They all look alike to me.
1852,1771,1,14,63,78,1.205128205128205,0.04950293841863706,632,I suspect there is another insid-her
1850,1771,2,12,64,78,1.205128205128205,0.05275927638889398,632,'I think the last one is hiding something.'
1802,1771,3,10,65,78,1.205128205128205,0.05582599374914914,632,Can you find the one that's not the same?
2234,1771,1,14,63,78,1.205128205128205,0.04950293841863706,632,The odds may be stacked against us...
1775,1771,2,12,64,78,1.205128205128205,0.05275927638889398,632,Something inside keeps wanting more.
1707,1771,4,8,66,78,1.205128205128205,0.058732800981056335,632,We've got suspects. The usual. Rounded up. Now they need to be rounded down.
1669,1771,1,14,63,78,1.205128205128205,0.04950293841863706,632,"Okay, come clean. We know you're smuggling women in those containers."
1483,1771,2,12,64,78,1.205128205128205,0.05275927638889398,632,They all have the same alibi.  They say they were all together.
1471,1771,4,8,66,78,1.205128205128205,0.058732800981056335,632,i would love to hear about your inner self
1450,1771,3,10,65,78,1.205128205128205,0.05582599374914914,632,I'm struggling to see how all this fits together.
1350,1771,4,8,66,78,1.205128205128205,0.058732800981056335,632,Do you think the victim's ID will hold up in court?
1439,1771,4,8,66,78,1.205128205128205,0.058732800981056335,632,They’ve agreed to cooperate in the Russian collusion investigation.
1369,1771,3,10,65,78,1.205128205128205,0.05582599374914914,632,I deny any Russian collusion.
1733,1771,3,10,65,78,1.205128205128205,0.05582599374914914,632,Only the first five are my wives. The last one's my daughter.
2285,1771,2,12,64,78,1.205128205128205,0.05275927638889398,632,I was NOT profiling!
3934,1859,3,11,69,83,1.2048192771084338,0.05355160463762834,632,This empty nest syndrome is a bitch.
1392,1860,1,14,64,79,1.2025316455696202,0.04894123029908691,632,Ten witnesses and we can't get a positive ID. I should have known that each one would have a different perspective.
2167,1860,3,10,66,79,1.2025316455696202,0.055175935994185736,632,"Don't matter they don't have arms: smallest bounces the wallet out of the victim's pocket and the others become a 5-card Monte so no one knows where the wallet really is! They scatter, reassemble as one person, then blend into the crowd to get away."
4063,1860,5,6,68,79,1.2025316455696202,0.06077436797269635,632,We had to put the baby up for adoption. She just didn't fit in'
4216,1860,2,12,65,79,1.2025316455696202,0.05215183571084887,632,The six of us are discussing your offer.
2737,1864,0,15,61,76,1.1973684210526316,0.0459585505172973,632,Why do you ask?
2786,1864,3,9,64,76,1.1973684210526316,0.0562567324379788,632,I'd like to fit inside the small one.
2790,1864,2,11,63,76,1.1973684210526316,0.0530466092376872,632,I feel so small inside
2849,1864,2,11,63,76,1.1973684210526316,0.0530466092376872,632,It looks to be a Russian conspiracy
2862,1864,2,11,63,76,1.1973684210526316,0.0530466092376872,632,"If my hunch is right, the little one is at the center of this thing."
2918,1864,2,11,63,76,1.1973684210526316,0.0530466092376872,632,"Every time we make a break in this case, our list of suspects grows."
3032,1864,2,11,63,76,1.1973684210526316,0.0530466092376872,632,We’re about to be downsized.
3148,1864,1,13,62,76,1.1973684210526316,0.04962928126251099,632,"So, you're charging me with insider trading?"
2701,1864,3,9,64,76,1.1973684210526316,0.0562567324379788,632,The Ken of Russian dolls came with legs. And responsibilities.
3157,1864,2,11,63,76,1.1973684210526316,0.0530466092376872,632,We finally cracked the Kiev nesting doll crime syndicate.
3442,1864,2,11,63,76,1.1973684210526316,0.0530466092376872,632,Number six looks like she's hiding something.
3280,1864,2,11,63,76,1.1973684210526316,0.0530466092376872,632,"This is the oddest ""#Metoo"" moment ever!"
3316,1864,4,7,65,76,1.1973684210526316,0.05929331444253048,632,They have a solid alibi ; they were inside all night .
3376,1864,1,13,62,76,1.1973684210526316,0.04962928126251099,632,"They all appeared to be in the same place at the same time when the crime was committed, except for one...."
3405,1864,3,9,64,76,1.1973684210526316,0.0562567324379788,632,We have witnesses lined up.
3060,1864,4,7,65,76,1.1973684210526316,0.05929331444253048,632,I promise. I had a vasectomy. There won’t be anymore.
2654,1864,3,9,64,76,1.1973684210526316,0.0562567324379788,632,There’s no way you’re getting me to testify against the Russian mafia.
2205,1864,3,9,64,76,1.1973684210526316,0.0562567324379788,632,"No, you see, it's an optical illusion; they're actually all the same size."
2562,1864,1,13,62,76,1.1973684210526316,0.04962928126251099,632,"It's either the one in the middle, or the other one in the middle."
3469,1864,1,13,62,76,1.1973684210526316,0.04962928126251099,632,We knew the case was solved when the big one cracked and little one told details to the inside job.
2080,1864,2,11,63,76,1.1973684210526316,0.0530466092376872,632,"Clearly, this was an inside job."
2099,1864,1,13,62,76,1.1973684210526316,0.04962928126251099,632,Victim says number 4 looks familiar.  Can you ask her to turn to the left?
2111,1864,2,11,63,76,1.1973684210526316,0.0530466092376872,632,The charge?” “Human trafficking.
2194,1864,1,13,62,76,1.1973684210526316,0.04962928126251099,632,We all hold so many others inside.
2233,1864,1,13,62,76,1.1973684210526316,0.04962928126251099,632,"I got her to open up, but she was full of herself."""
2243,1864,2,11,63,76,1.1973684210526316,0.0530466092376872,632,I don't think a line-up that only includes your sisters will fly with the sargeant.
2251,1864,3,9,64,76,1.1973684210526316,0.0562567324379788,632,This is a doll hunt.
2270,1864,3,9,64,76,1.1973684210526316,0.0562567324379788,632,Our first witness said they all infiltrated the NRA
2292,1864,1,13,62,76,1.1973684210526316,0.04962928126251099,632,OK which one of these is not involved in the inside job?
2316,1864,2,11,63,76,1.1973684210526316,0.0530466092376872,632,ANY SUGGESTIONS ON HOW TO GET THEM TO LEAVE THE NEST?
2397,1864,1,13,62,76,1.1973684210526316,0.04962928126251099,632,"I think this is going to be an open, and open, and open, and open, and open and shut case."
2535,1864,2,11,63,76,1.1973684210526316,0.0530466092376872,632,Why did the kids get smaller every time we mated?
2548,1864,0,15,61,76,1.1973684210526316,0.0459585505172973,632,I think she's full of herself.
2557,1864,1,13,62,76,1.1973684210526316,0.04962928126251099,632,"That's a bit racist, don't you think?"
2625,1864,4,7,65,76,1.1973684210526316,0.05929331444253048,632,23&me
3552,1864,4,7,65,76,1.1973684210526316,0.05929331444253048,632,I'm not sure 'getting her to open up' was really helpful.
2070,1864,1,13,62,76,1.1973684210526316,0.04962928126251099,632,"She’s the one, alright."
3636,1864,3,9,64,76,1.1973684210526316,0.0562567324379788,632,I was really hoping it would be a geometric sequence.
4474,1864,2,11,63,76,1.1973684210526316,0.0530466092376872,632,"Well,in this instance size does matter."
4549,1864,4,7,65,76,1.1973684210526316,0.05929331444253048,632,"Chief, why are the women in my life always so full of themselves?"
4564,1864,3,9,64,76,1.1973684210526316,0.0562567324379788,632,You'll never guess where I found them hiding.
4578,1864,1,13,62,76,1.1973684210526316,0.04962928126251099,632,Obviously it's an open and shut case of foreign collusion.
4895,1864,4,7,65,76,1.1973684210526316,0.05929331444253048,632,I did not have sex with these women.
4607,1864,1,13,62,76,1.1973684210526316,0.04962928126251099,632,I think it’s time to open them up.
4610,1864,2,11,63,76,1.1973684210526316,0.0530466092376872,632,Russians have come.
4729,1864,0,15,61,76,1.1973684210526316,0.0459585505172973,632,We’re still trying to get to the center of this.
4739,1864,3,9,64,76,1.1973684210526316,0.0562567324379788,632,My inner self is less hollow than you think.
4747,1864,3,9,64,76,1.1973684210526316,0.0562567324379788,632,There's a lotta layers to this one.
4761,1864,3,9,64,76,1.1973684210526316,0.0562567324379788,632,"Dave call Call ICE immediately! They must be separated, how do they keep hiding from us?"
4768,1864,1,13,62,76,1.1973684210526316,0.04962928126251099,632,The odds of identifying the right suspect are stacked against us.
4779,1864,3,9,64,76,1.1973684210526316,0.0562567324379788,632,He'll still never admit the Russians had anything to do with it.
4793,1864,3,9,64,76,1.1973684210526316,0.0562567324379788,632,Some how they all fit together
4818,1864,1,13,62,76,1.1973684210526316,0.04962928126251099,632,I'm guessing it was an inside job.
4469,1864,2,11,63,76,1.1973684210526316,0.0530466092376872,632,"I know it's not politically correct, but they ARE dolls."
4454,1864,3,9,64,76,1.1973684210526316,0.0562567324379788,632,"But it's not a crime, my youngest didn't open up either."
4444,1864,2,11,63,76,1.1973684210526316,0.0530466092376872,632,No I'm not a smuggler. I'm just here for the stereotype support group.
4439,1864,2,11,63,76,1.1973684210526316,0.0530466092376872,632,my wife always wanted a boy who looked like me.
3748,1864,3,9,64,76,1.1973684210526316,0.0562567324379788,632,"It’s all a matter of perspective, Officer."
3800,1864,2,11,63,76,1.1973684210526316,0.0530466092376872,632,Cultural ethnicity at the root of all play and art.
3832,1864,0,15,61,76,1.1973684210526316,0.0459585505172973,632,This is tough. Please return them to their nest until tomorrow.
3885,1864,3,9,64,76,1.1973684210526316,0.0562567324379788,632,"Believe me, I know their M.O.
My mother was a Matryoshka!"
3930,1864,2,11,63,76,1.1973684210526316,0.0530466092376872,632,What do you think they’re trying to cover up?
3942,1864,3,9,64,76,1.1973684210526316,0.0562567324379788,632,"Looks like an open-and-shut, open-and-shut, open-and-shut, open-and-shut, open-and-shut case."
4083,1864,2,11,63,76,1.1973684210526316,0.0530466092376872,632,"Yes, Natasha left, but it doesn't affect my work."
3629,1864,2,11,63,76,1.1973684210526316,0.0530466092376872,632,The witness tapering trap is set.
4107,1864,3,9,64,76,1.1973684210526316,0.0562567324379788,632,"Well, well, well. I was wondering when the No Fun Police would arrive."
4146,1864,3,9,64,76,1.1973684210526316,0.0562567324379788,632,Sounds like an inside job.
4155,1864,1,13,62,76,1.1973684210526316,0.04962928126251099,632,It’s not bring your child to work day.
4159,1864,2,11,63,76,1.1973684210526316,0.0530466092376872,632,"We got the others to open up, but I think the little one is still hiding something."
4292,1864,2,11,63,76,1.1973684210526316,0.0530466092376872,632,We suspect Russian interference.
4308,1864,3,9,64,76,1.1973684210526316,0.0562567324379788,632,I gotta hunch they's all covering for the little one on the end.
4338,1864,1,13,62,76,1.1973684210526316,0.04962928126251099,632,"Third from the left, but a little bigger"
4370,1864,2,11,63,76,1.1973684210526316,0.0530466092376872,632,"Anyone of them could've done it, Chief. It's a matter of perspective."
4129,1864,1,13,62,76,1.1973684210526316,0.04962928126251099,632,Are you from Tinder? Did you swipe left or right?
1998,1864,0,15,61,76,1.1973684210526316,0.0459585505172973,632,"What do you mean, me too?"
210,1864,2,11,63,76,1.1973684210526316,0.0530466092376872,632,"Remember, one of these Russian dolls is not like the others."
1985,1864,2,11,63,76,1.1973684210526316,0.0530466092376872,632,Are they still all looking at us?
599,1864,3,9,64,76,1.1973684210526316,0.0562567324379788,632,All five of our eyewitness selected differently.”
617,1864,4,7,65,76,1.1973684210526316,0.05929331444253048,632,Hey doll...
644,1864,3,9,64,76,1.1973684210526316,0.0562567324379788,632,I’m infiltrating the Russian mob.
660,1864,1,13,62,76,1.1973684210526316,0.04962928126251099,632,"OK, so the small one did it... but how are we going to get her to open up?"
744,1864,2,11,63,76,1.1973684210526316,0.0530466092376872,632,What's wrong doll face?
799,1864,3,9,64,76,1.1973684210526316,0.0562567324379788,632,At least we know it was an inside job.
859,1864,1,13,62,76,1.1973684210526316,0.04962928126251099,632,There was no Russian involvement!
887,1864,2,11,63,76,1.1973684210526316,0.0530466092376872,632,Our witness couldn't ID the suspect -- the lineup is stacked against him.
888,1864,2,11,63,76,1.1973684210526316,0.0530466092376872,632,I know they're hiding something
890,1864,3,9,64,76,1.1973684210526316,0.0562567324379788,632,I distinctly remember she had a removable face.
938,1864,3,9,64,76,1.1973684210526316,0.0562567324379788,632,"Next nestion, I mean question."
965,1864,3,9,64,76,1.1973684210526316,0.0562567324379788,632,"We figured human trafficking. 
Turns out they're full of cocaine."
970,1864,1,13,62,76,1.1973684210526316,0.04962928126251099,632,The usual suspects.  Pick a size.
1017,1864,2,11,63,76,1.1973684210526316,0.0530466092376872,632,". . . take your daughters to work day, why?"
1022,1864,2,11,63,76,1.1973684210526316,0.0530466092376872,632,"Of course I can remain partial, I was just their donor Dad."
568,1864,0,15,61,76,1.1973684210526316,0.0459585505172973,632,They relate to me for some reason — just a few more questions to see if their story stacks up.
1082,1864,1,13,62,76,1.1973684210526316,0.04962928126251099,632,We believe the crime was an inside job.
533,1864,3,9,64,76,1.1973684210526316,0.0562567324379788,632,I think we have a case of mistaken identity.
457,1864,4,7,65,76,1.1973684210526316,0.05929331444253048,632,We believe it was an inside job
1994,1864,1,13,62,76,1.1973684210526316,0.04962928126251099,632,"When Russia's involved, it takes a while to get to the bottom of things."
37,1864,1,13,62,76,1.1973684210526316,0.04962928126251099,632,I've narrowed it down to a Russian with no limbs.
54,1864,0,15,61,76,1.1973684210526316,0.0459585505172973,632,I see now I maybe shouldn't have put these particular suspects in height order.
110,1864,2,11,63,76,1.1973684210526316,0.0530466092376872,632,"I have been doing this contest for over fifteen years, won it once, and I have no idea what this scene is all about."
114,1864,4,7,65,76,1.1973684210526316,0.05929331444253048,632,"So, what you're saying is, these shoes are ""One Size Fits All""?"
130,1864,3,9,64,76,1.1973684210526316,0.0562567324379788,632,They might be hiding something.
146,1864,2,11,63,76,1.1973684210526316,0.0530466092376872,632,there were a gift from my Russian friend Vladimir.
149,1864,1,13,62,76,1.1973684210526316,0.04962928126251099,632,I don’t think the little one is willing to open up.
166,1864,4,7,65,76,1.1973684210526316,0.05929331444253048,632,"Well, I think I should at least be ahead of Eric. Maybe between him and Donald Jr."
180,1864,3,9,64,76,1.1973684210526316,0.0562567324379788,632,The Russians are sending a message
196,1864,2,11,63,76,1.1973684210526316,0.0530466092376872,632,"Sorry, I couldn't resist."
213,1864,2,11,63,76,1.1973684210526316,0.0530466092376872,632,It's the Babushka Gang; I know they're hiding something.
327,1864,3,9,64,76,1.1973684210526316,0.0562567324379788,632,I think the one without red cheeks is too obvious
419,1864,3,9,64,76,1.1973684210526316,0.0562567324379788,632,Their alibis all fit inside each other's.
454,1864,0,15,61,76,1.1973684210526316,0.0459585505172973,632,The tall one was the hardest to round up.
518,1864,1,13,62,76,1.1973684210526316,0.04962928126251099,632,It was definitely the second one from the left...DEFINITELY!!!
1166,1864,1,13,62,76,1.1973684210526316,0.04962928126251099,632,Now do you see that a cavity search was justified?
212,1864,3,9,64,76,1.1973684210526316,0.0562567324379788,632,"I am sorry to dismiss you, Natalya, but you just do not fit in."
1210,1864,2,11,63,76,1.1973684210526316,0.0530466092376872,632,"I know, its extraordinary, we've contacted ancestry for confirmation."
1724,1864,2,11,63,76,1.1973684210526316,0.0530466092376872,632,Part of me thinks they're all guilty.
1758,1864,2,11,63,76,1.1973684210526316,0.0530466092376872,632,You can drop the internal smuggling charge but she's paying for 6 economy seats.
1759,1864,2,11,63,76,1.1973684210526316,0.0530466092376872,632,I swear.  I only knew the mother .
1786,1864,2,11,63,76,1.1973684210526316,0.0530466092376872,632,...but I feel like a woman on the inside.
1789,1864,3,9,64,76,1.1973684210526316,0.0562567324379788,632,"They all claim to be dolls, not trolls"""
1791,1864,2,11,63,76,1.1973684210526316,0.0530466092376872,632,"I feel like there's a small Russian woman inside me, trying to get out"
1856,1864,2,11,63,76,1.1973684210526316,0.0530466092376872,632,"One thing is for sure, it was an inside job."
1874,1864,2,11,63,76,1.1973684210526316,0.0530466092376872,632,You’re so full of yourself
1892,1864,2,11,63,76,1.1973684210526316,0.0530466092376872,632,How in God's name would I know?   All women look alike . . .
1910,1864,2,11,63,76,1.1973684210526316,0.0530466092376872,632,I don’t care what the DNA test results say. They’re not my kids!
1935,1864,2,11,63,76,1.1973684210526316,0.0530466092376872,632,"When they complain about the strip search, we use those props to show just how far we could go."
1936,1864,3,9,64,76,1.1973684210526316,0.0562567324379788,632,The suspect is described as a white babushka with quaint features.
1940,1864,1,13,62,76,1.1973684210526316,0.04962928126251099,632,I just know she’s in there somewhere.
1964,1864,3,9,64,76,1.1973684210526316,0.0562567324379788,632,She said I would make a great model for the male doll.
1203,1864,4,7,65,76,1.1973684210526316,0.05929331444253048,632,I need to recuse myself.
1689,1864,3,9,64,76,1.1973684210526316,0.0562567324379788,632,"зависит от того, насколько далеко был свидетель."
1613,1864,1,13,62,76,1.1973684210526316,0.04962928126251099,632,I'm quite in touch with the feminine inside.
1895,1864,2,11,63,76,1.1973684210526316,0.0530466092376872,632,I should seen it -- a doll within a doll within a doll....a Russian spy!
1567,1864,3,9,64,76,1.1973684210526316,0.0562567324379788,632,"Harmless, nothing! We've got evidence that they tipped the vote in twenty-seven counties."
1217,1864,1,13,62,76,1.1973684210526316,0.04962928126251099,632,My bad.... I thought you said get the 'NEST' of the usual suspects
1590,1864,2,11,63,76,1.1973684210526316,0.0530466092376872,632,"I don't know who did it, but my gut tells me it was an inside job."
1229,1864,3,9,64,76,1.1973684210526316,0.0562567324379788,632,I think it;s a crime family.
1232,1864,2,11,63,76,1.1973684210526316,0.0530466092376872,632,The inflatable Putin nesting dolls go from piroshki- to gulag size
1282,1864,2,11,63,76,1.1973684210526316,0.0530466092376872,632,"OK, I admit it. I have a type."
1306,1864,2,11,63,76,1.1973684210526316,0.0530466092376872,632,It's only  a matter of perspective..
1308,1864,2,11,63,76,1.1973684210526316,0.0530466092376872,632,"I warn you, Natasha. I'm an empty shell."
1390,1864,0,15,61,76,1.1973684210526316,0.0459585505172973,632,I really thought this case would be open and shut.
1293,1864,0,15,61,76,1.1973684210526316,0.0459585505172973,632,All I remember is the suspect hiding inside another suspect hiding inside anther suspect hiding inside another suspect…
1401,1864,1,13,62,76,1.1973684210526316,0.04962928126251099,632,"I'm telling you, it's always an inside job with this group."
1431,1864,1,13,62,76,1.1973684210526316,0.04962928126251099,632,"It's  collusion alright, but I can't figure out how it all fits together."
1525,1864,3,9,64,76,1.1973684210526316,0.0562567324379788,632,"I can't stop thinking about that first  ""Alien"" movie."
1438,1864,4,7,65,76,1.1973684210526316,0.05929331444253048,632,Just resting with the nesting.
1444,1864,1,13,62,76,1.1973684210526316,0.04962928126251099,632,Obviously the one without blush on her cheeks.
1496,1864,2,11,63,76,1.1973684210526316,0.0530466092376872,632,The witnesses claim all Russians look alike.
1400,1864,2,11,63,76,1.1973684210526316,0.0530466092376872,632,I'm thinking of getting in touch with my inner child.
1504,1864,1,13,62,76,1.1973684210526316,0.04962928126251099,632,These suspects aren’t stacking up the way I had hoped.
2414,2015,4,7,66,77,1.1948051948051948,0.05857431568194384,632,i'm thinking the big one.
3180,2016,3,8,62,73,1.1917808219178083,0.05739637027386547,632,It was as  close as I could get on short notice.
3226,2016,3,8,62,73,1.1917808219178083,0.05739637027386547,632,Which of my many iterations would you like to talk with?
3244,2016,1,12,60,73,1.1917808219178083,0.05033198101609271,632,Why you theenk Russian deed it? Could have been American Girl Doll?
3269,2016,2,10,61,73,1.1917808219178083,0.05397986492025978,632,"Well, at least one of them must fit the description from the witness..."
3440,2016,1,12,60,73,1.1917808219178083,0.05033198101609271,632,Why are we here?
3399,2016,2,10,61,73,1.1917808219178083,0.05397986492025978,632,"Detective, this is clearly an inside job."
3142,2016,3,8,62,73,1.1917808219178083,0.05739637027386547,632,I'm already outfitted with backup.
3554,2016,2,10,61,73,1.1917808219178083,0.05397986492025978,632,I'm sorry but I STILL don't understand how perspective works.
3521,2016,2,10,61,73,1.1917808219178083,0.05397986492025978,632,This case has so many layers to unpack.
3383,2016,2,10,61,73,1.1917808219178083,0.05397986492025978,632,"We got dirt on the big one, but the others are all clean."
3056,2016,3,8,62,73,1.1917808219178083,0.05739637027386547,632,"Actually, I need seven wives."
2682,2016,4,6,63,73,1.1917808219178083,0.06062063035320436,632,It's really an optical illusion.
2843,2016,2,10,61,73,1.1917808219178083,0.05397986492025978,632,I have a bad feeling we're never going to get to the bottom of this case.
2735,2016,4,6,63,73,1.1917808219178083,0.06062063035320436,632,Who's guilty? I suppose it's a matter of perspective.
2723,2016,1,12,60,73,1.1917808219178083,0.05033198101609271,632,I wouldn't exactly call it a foot chase
2720,2016,4,6,63,73,1.1917808219178083,0.06062063035320436,632,I'm sorry. All Russians look the same to me...
2709,2016,2,10,61,73,1.1917808219178083,0.05397986492025978,632,"So, Lieutenant, you're saying I really screwed up on my first line up, aren't you?"
2690,2016,1,12,60,73,1.1917808219178083,0.05033198101609271,632,"I think it was an inside job; so, I’m betting it’s the tiny one."
2685,2016,3,8,62,73,1.1917808219178083,0.05739637027386547,632,It seems distance is an issue here...
2618,2016,1,12,60,73,1.1917808219178083,0.05033198101609271,632,I'm a forty year-old man with a woman inside him. And a woman inside her. And a woman inside her. And a woman inside her...
2586,2016,3,8,62,73,1.1917808219178083,0.05739637027386547,632,"Well, I said the words 'collection' and 'meddling', suddenly the president called and said, 'no collusion' and then Gulliani showed up and said, 'not a crime' and took the witness away..."
3646,2016,3,8,62,73,1.1917808219178083,0.05739637027386547,632,One size fits all...
2550,2016,2,10,61,73,1.1917808219178083,0.05397986492025978,632,This is a witch hunt.  NO COLLUSION! I've never met these women.
3046,2016,3,8,62,73,1.1917808219178083,0.05739637027386547,632,"Well,now that you  ask, kind of  queasy."
3671,2016,2,10,61,73,1.1917808219178083,0.05397986492025978,632,"I get what you're saying, but actually it's technically not a neckbeard."
4538,2016,3,8,62,73,1.1917808219178083,0.05739637027386547,632,Where's your sense of humor?
3740,2016,1,12,60,73,1.1917808219178083,0.05033198101609271,632,"My sister, my mother, my sister, my mother..."
2538,2016,4,6,63,73,1.1917808219178083,0.06062063035320436,632,"They're inscribed: To Don, Love Vlad."
4731,2016,2,10,61,73,1.1917808219178083,0.05397986492025978,632,You really believe they are gang members?
4718,2016,1,12,60,73,1.1917808219178083,0.05033198101609271,632,Apparently the offender was a little smaller.
4692,2016,2,10,61,73,1.1917808219178083,0.05397986492025978,632,Easy round-up. The suspects were all hiding in one spot.
4679,2016,3,8,62,73,1.1917808219178083,0.05739637027386547,632,"This could be an inside, inside, inside job."
4676,2016,2,10,61,73,1.1917808219178083,0.05397986492025978,632,"I don’t know about you, but things aren’t quite stacking up..."
4579,2016,2,10,61,73,1.1917808219178083,0.05397986492025978,632,The Russians  deny any connection.
4500,2016,0,14,59,73,1.1917808219178083,0.04639817678744653,632,Are you sure there aren't any more suspects?
4465,2016,3,8,62,73,1.1917808219178083,0.05739637027386547,632,"That's hilarious Chief, but for the last time, no, you may not ""twist me open."""
4368,2016,3,8,62,73,1.1917808219178083,0.05739637027386547,632,It can’t be a coincidence that we found these in Trump Tower and the Oval Office!
4356,2016,3,8,62,73,1.1917808219178083,0.05739637027386547,632,Where do I fit in this lineup?
4313,2016,2,10,61,73,1.1917808219178083,0.05397986492025978,632,"You know I can't stick my neck out for you on this one, Karen."
4303,2016,0,14,59,73,1.1917808219178083,0.04639817678744653,632,"I know them all—Matryoshka, Matryoshka, Matryoshka, Matryoshka, Matryoshka, and Matryoshka."
4263,2016,2,10,61,73,1.1917808219178083,0.05397986492025978,632,"Yeah sure, they can paint me up as a woman but I’m not wearing a skirt."
4219,2016,2,10,61,73,1.1917808219178083,0.05397986492025978,632,"I thought this would be a tough case to crack, looks like she opened up."
4188,2016,3,8,62,73,1.1917808219178083,0.05739637027386547,632,And just when did you plan on telling me about them!
4022,2016,3,8,62,73,1.1917808219178083,0.05739637027386547,632,I think they're all connected.
4016,2016,3,8,62,73,1.1917808219178083,0.05739637027386547,632,You bring a whole new meaning to empty nester.
4011,2016,3,8,62,73,1.1917808219178083,0.05739637027386547,632,yes--this is indeed a terrible setup for humor.
3924,2016,1,12,60,73,1.1917808219178083,0.05033198101609271,632,"So I sez, ‘yo, doll,’ and she knocks me over. Again and again. ‘Til I saw double."
3877,2016,1,12,60,73,1.1917808219178083,0.05033198101609271,632,The tall one is my wife
3788,2016,2,10,61,73,1.1917808219178083,0.05397986492025978,632,"'Let us lock you up inside a Nesting Doll', they said.. 'It will be fun', they said.."
3763,2016,2,10,61,73,1.1917808219178083,0.05397986492025978,632,I'm just a shell of my younger self.
3727,2016,3,8,62,73,1.1917808219178083,0.05739637027386547,632,"I swear, I never saw them before before ."
2520,2016,3,8,62,73,1.1917808219178083,0.05739637027386547,632,The odds are deminishing that anyone will pick the correct stacking doll.
2502,2016,3,8,62,73,1.1917808219178083,0.05739637027386547,632,"Yeah, easy to say,being someone with shoulders."
2384,2016,2,10,61,73,1.1917808219178083,0.05397986492025978,632,"I think we can safely call this the ""Russian Doll Caper."""
1513,2016,1,12,60,73,1.1917808219178083,0.05033198101609271,632,"I'm not hiding anything, why do you ask?"
1415,2016,1,12,60,73,1.1917808219178083,0.05033198101609271,632,They all did it...
1300,2016,5,4,64,73,1.1917808219178083,0.0636818524245724,632,"""Rosebud?"
1199,2016,2,10,61,73,1.1917808219178083,0.05397986492025978,632,"Yes, I colluded."
1056,2016,3,8,62,73,1.1917808219178083,0.05739637027386547,632,I'll need to see them all wearing high heels.
1005,2016,2,10,61,73,1.1917808219178083,0.05397986492025978,632,"Hey boss, I've got the collusion line-up all ready to go."
998,2016,4,6,63,73,1.1917808219178083,0.06062063035320436,632,These Russian dolls are just so full of  themselves.
730,2016,1,12,60,73,1.1917808219178083,0.05033198101609271,632,"Sorry, I was watching the Faberge eggs."""
723,2016,2,10,61,73,1.1917808219178083,0.05397986492025978,632,Just because she's stacked doesn't mean she shouldn't be able to nest in public.
666,2016,1,12,60,73,1.1917808219178083,0.05033198101609271,632,"I don't know about you, Agnes, but they're all starting to look alike to me"
661,2016,2,10,61,73,1.1917808219178083,0.05397986492025978,632,I'm just not that into you.
608,2016,1,12,60,73,1.1917808219178083,0.05033198101609271,632,I get the feeling they're in cahoots.
490,2016,3,8,62,73,1.1917808219178083,0.05739637027386547,632,Definitely the girl in the middle.
436,2016,4,6,63,73,1.1917808219178083,0.06062063035320436,632,"I'd like you to meet my family. My wife,Nikita,and 5 daughters- Galina,Raisa,Natasha,Kalista,& suggested by a friend,Ivanka."
329,2016,3,8,62,73,1.1917808219178083,0.05739637027386547,632,I think they're all hiding something.
269,2016,1,12,60,73,1.1917808219178083,0.05033198101609271,632,"""We're confident the left one is behind the recent theft of so many nest eggs."
261,2016,2,10,61,73,1.1917808219178083,0.05397986492025978,632,"Ogres have layers, onions have layers, we all have layers."
234,2016,2,10,61,73,1.1917808219178083,0.05397986492025978,632,Are you here for the Russian Doll Symposium?
174,2016,4,6,63,73,1.1917808219178083,0.06062063035320436,632,Before I identify her I'd like to hear them speak.
165,2016,2,10,61,73,1.1917808219178083,0.05397986492025978,632,It feels like something inside me is screaming to get out.
97,2016,4,6,63,73,1.1917808219178083,0.06062063035320436,632,It’s probably an inside job.
84,2016,4,6,63,73,1.1917808219178083,0.06062063035320436,632,"No, they're not sold individually."
63,2016,0,14,59,73,1.1917808219178083,0.04639817678744653,632,How are things stacking up?
1521,2016,1,12,60,73,1.1917808219178083,0.05033198101609271,632,Let's see how deep this thing goes.
1555,2016,1,12,60,73,1.1917808219178083,0.05033198101609271,632,I just feel so hollow without my little girls.
221,2016,1,12,60,73,1.1917808219178083,0.05033198101609271,632,How do I know that's you?
1578,2016,3,8,62,73,1.1917808219178083,0.05739637027386547,632,I don't know; this just doesn't add up.
2366,2016,2,10,61,73,1.1917808219178083,0.05397986492025978,632,"There's a pattern of collusion here, I just know it."
2361,2016,2,10,61,73,1.1917808219178083,0.05397986492025978,632,"Lana, these are real witnesses ... they didn't just pop out of my head!"
2247,2016,0,14,59,73,1.1917808219178083,0.04639817678744653,632,Simply blaming the Russians is not the answer this time!
2206,2016,3,8,62,73,1.1917808219178083,0.05739637027386547,632,The trick is actually getting the big ones to flip on the little ones.
2198,2016,2,10,61,73,1.1917808219178083,0.05397986492025978,632,"Yes Dear,  the girls do seem to take after my side of the family."
1558,2016,2,10,61,73,1.1917808219178083,0.05397986492025978,632,"I don't get it, but Rachel Maddow is pretty certain it's one of these."
2192,2016,1,12,60,73,1.1917808219178083,0.05033198101609271,632,I swear there’s no Russian collusion!
2183,2016,5,4,64,73,1.1917808219178083,0.0636818524245724,632,I have unstacked them in order to give them their own identity.
2133,2016,1,12,60,73,1.1917808219178083,0.05033198101609271,632,The suspects of  tampering with the US election
2064,2016,5,4,64,73,1.1917808219178083,0.0636818524245724,632,I had to grow this mustache so you wouldn't think I was one of  them.
2019,2016,3,8,62,73,1.1917808219178083,0.05739637027386547,632,"The hours are long, it's dangerous and, yes, you are the tallest partner I've had in the last six years."
2040,2016,2,10,61,73,1.1917808219178083,0.05397986492025978,632,"If  I’ve told you once, I’ve told you six times, I don’t know her."
1995,2016,2,10,61,73,1.1917808219178083,0.05397986492025978,632,I keep finding new layers to this case
1979,2016,3,8,62,73,1.1917808219178083,0.05739637027386547,632,"Yes, all were caught huddled together in the vicinity of the meeting with Don Jr. and Manafort..."
1968,2016,2,10,61,73,1.1917808219178083,0.05397986492025978,632,"Guess which doll the pot is in and get promoted to capitan."""
1900,2016,2,10,61,73,1.1917808219178083,0.05397986492025978,632,Do you like my Russian nesting doll mural? I thought I'd personalize the office space.
1799,2016,3,8,62,73,1.1917808219178083,0.05739637027386547,632,"Number 3 step forward and say ""We didn't influence the election."""
1782,2016,1,12,60,73,1.1917808219178083,0.05033198101609271,632,On my word as American Ambassador ! None of these are my children. The president can vouch for me.
1765,2016,0,14,59,73,1.1917808219178083,0.04639817678744653,632,Remember: Inside every matryoshka doll is another matryoshka doll just waiting to get out.
1737,2016,1,12,60,73,1.1917808219178083,0.05033198101609271,632,"Big family, second job, gotta pay for the nest."
1725,2016,4,6,63,73,1.1917808219178083,0.06062063035320436,632,The press is gonna say we are profiling again.
1708,2016,4,6,63,73,1.1917808219178083,0.06062063035320436,632,I think one of them is my mom.
1675,2016,3,8,62,73,1.1917808219178083,0.05739637027386547,632,Their resemblance could have been coincidence.  No collusion!
2008,2016,2,10,61,73,1.1917808219178083,0.05397986492025978,632,It's Bobuska and no I don't have a mini me.
2792,2121,2,10,62,74,1.1891891891891893,0.05330844518372845,632,"I'm sorry, you just don't fit in here"
3464,2121,3,8,63,74,1.1891891891891893,0.05667471724545397,632,"Am I related to anyone who works here?  No, why do you ask?"
3286,2121,2,10,62,74,1.1891891891891893,0.05330844518372845,632,"I don't know what the charge is, but you've got six gorgeous dolls there."
2541,2121,2,10,62,74,1.1891891891891893,0.05330844518372845,632,I realize the odds are stacked against you.
3622,2121,2,10,62,74,1.1891891891891893,0.05330844518372845,632,"So, do you speak Russian?"
1822,2121,1,12,61,74,1.1891891891891893,0.04971475717491745,632,It was the redhead.
1190,2121,3,8,63,74,1.1891891891891893,0.05667471724545397,632,We realized they’re all nanny cams
2204,2121,1,12,61,74,1.1891891891891893,0.04971475717491745,632,"I feel like I just don't really fit in here, ya know?"
1600,2121,1,12,61,74,1.1891891891891893,0.04971475717491745,632,Maybe we should go with the photo lineup instead.
3749,2130,1,11,59,71,1.1830985915492958,0.050390264281685394,632,It's a portrait  of  my wife.
3735,2130,3,7,61,71,1.1830985915492958,0.05782739582776625,632,We are down to six suspects...
3715,2130,0,13,58,71,1.1830985915492958,0.046225147349214256,632,"I,too, feel the need to express my inner child, Marsha."
3713,2130,2,9,60,71,1.1830985915492958,0.054236456570277786,632,I don't know.
3692,2130,1,11,59,71,1.1830985915492958,0.050390264281685394,632,And they say size doesn't matter.
3598,2130,0,13,58,71,1.1830985915492958,0.046225147349214256,632,"I don't know, boss, but I'd say the description fits."
3249,2130,4,5,62,71,1.1830985915492958,0.061208023944109534,632,Nyet! Ukraine.
3517,2130,1,11,59,71,1.1830985915492958,0.050390264281685394,632,This case has layers.
3427,2130,3,7,61,71,1.1830985915492958,0.05782739582776625,632,But it's what's inside that counts.
3350,2130,1,11,59,71,1.1830985915492958,0.050390264281685394,632,Sometimes I feel like I don’t fit in .
3324,2130,0,13,58,71,1.1830985915492958,0.046225147349214256,632,"sure...Eastern, Orthodox, Mormon!"
3273,2130,2,9,60,71,1.1830985915492958,0.054236456570277786,632,Did you think it was immaculate conception?
3271,2130,2,9,60,71,1.1830985915492958,0.054236456570277786,632,Crime runs in the family.
3251,2130,4,5,62,71,1.1830985915492958,0.061208023944109534,632,"Yes we all look a bit like Putin. Big chests, no necks. But I swear, we’re not related"
3532,2130,1,11,59,71,1.1830985915492958,0.050390264281685394,632,This has all the makings of an inside job.
3179,2130,1,11,59,71,1.1830985915492958,0.050390264281685394,632,"Trying to prove collusion is like a riddle, wrapped in a mystery, inside an enigma."
3162,2130,2,9,60,71,1.1830985915492958,0.054236456570277786,632,We suspected Russian collusion...
3811,2130,2,9,60,71,1.1830985915492958,0.054236456570277786,632,I don't know where I fit in.
2808,2130,2,9,60,71,1.1830985915492958,0.054236456570277786,632,"How many Russians were in the meeting?""

""Well how could I know that?  They all look the same to me."
2814,2130,1,11,59,71,1.1830985915492958,0.050390264281685394,632,"Personally I think we can let the little one go, she can't harbor a fugitive."
4913,2130,0,13,58,71,1.1830985915492958,0.046225147349214256,632,Feeling skinny living in a fat person's body
2840,2130,2,9,60,71,1.1830985915492958,0.054236456570277786,632,"The big one has an alibi, so we know that it was an inside job."
2856,2130,1,11,59,71,1.1830985915492958,0.050390264281685394,632,I think they’re working together
3210,2130,1,11,59,71,1.1830985915492958,0.050390264281685394,632,I always get these cases.  I’m the toy cop who got his wish to be a real boy.
2935,2130,1,11,59,71,1.1830985915492958,0.050390264281685394,632,All I ever want to be is empty nester.
3018,2130,3,7,61,71,1.1830985915492958,0.05782739582776625,632,"Excellent idea superintendant, we can teach doll art and math ratio simultaneously"""
3026,2130,2,9,60,71,1.1830985915492958,0.054236456570277786,632,I bet you $1 that the editors change this to the ‘meme’ contest.
3092,2130,2,9,60,71,1.1830985915492958,0.054236456570277786,632,"Deep down inside,I know she's guilty."
3122,2130,1,11,59,71,1.1830985915492958,0.050390264281685394,632,Another Day at The Border.
3124,2130,1,11,59,71,1.1830985915492958,0.050390264281685394,632,Why do you think you’ll fit in ?
3159,2130,1,11,59,71,1.1830985915492958,0.050390264281685394,632,What happens inside stays inside
2965,2130,2,9,60,71,1.1830985915492958,0.054236456570277786,632,"We really appreciate your dedication Carl, but we feel like now may be a good time to take some time off."
3855,2130,2,9,60,71,1.1830985915492958,0.054236456570277786,632,I can't get rid of this feeling that there is someone inside me waiting to get out.
4766,2130,1,11,59,71,1.1830985915492958,0.050390264281685394,632,Let's just wait for the DNA results before we jump to any conclusions.
3906,2130,1,11,59,71,1.1830985915492958,0.050390264281685394,632,"Deep down, aren't we all really the same?"
4851,2130,2,9,60,71,1.1830985915492958,0.054236456570277786,632,The third one from the left is Matryoshka
4824,2130,1,11,59,71,1.1830985915492958,0.050390264281685394,632,I don't think it's going to stick if the witness just says it was the Russian.
4820,2130,1,11,59,71,1.1830985915492958,0.050390264281685394,632,I'm this close to getting them to open up to me.
2764,2130,2,9,60,71,1.1830985915492958,0.054236456570277786,632,We've got her on five counts of occlusion
4714,2130,3,7,61,71,1.1830985915492958,0.05782739582776625,632,"No, that's an optical illusion."
4691,2130,2,9,60,71,1.1830985915492958,0.054236456570277786,632,"They may be criminals, Janice, but at least they don’t mind getting dolled up for work."
4673,2130,2,9,60,71,1.1830985915492958,0.054236456570277786,632,"Putin called, “Get your boobbuskas and get out of here”."
4637,2130,1,11,59,71,1.1830985915492958,0.050390264281685394,632,"So, which one do you think was in the Trump Tower meeting?"
4620,2130,2,9,60,71,1.1830985915492958,0.054236456570277786,632,Our witness said she has a scratch across her left brow; it turns out they each have a scratch across their left brow.
4616,2130,1,11,59,71,1.1830985915492958,0.050390264281685394,632,I think your perspective is skewed.
4601,2130,2,9,60,71,1.1830985915492958,0.054236456570277786,632,After a while in this job you begin to lose your perspective.
4570,2130,4,5,62,71,1.1830985915492958,0.061208023944109534,632,... each one has a different story.
4436,2130,4,5,62,71,1.1830985915492958,0.061208023944109534,632,"The police lineup is ready for the witness, Sargent."
4427,2130,3,7,61,71,1.1830985915492958,0.05782739582776625,632,Then what the hell kind of Russian insiders did you mean?
4421,2130,1,11,59,71,1.1830985915492958,0.050390264281685394,632,Tell number four to put on some makeup and bring in the witnesses
4395,2130,2,9,60,71,1.1830985915492958,0.054236456570277786,632,"I always get this mixed up. It's either ""all relative"" or ""all relatives""."
4344,2130,2,9,60,71,1.1830985915492958,0.054236456570277786,632,"Yes, the evidence points to the Russians hacking our cloning program."
3977,2130,2,9,60,71,1.1830985915492958,0.054236456570277786,632,I told you our next case would be smaller than the last one.
3986,2130,1,11,59,71,1.1830985915492958,0.050390264281685394,632,How was I supposed to tell them apart?
4003,2130,3,7,61,71,1.1830985915492958,0.05782739582776625,632,I've never had a more useless lineup.
4054,2130,2,9,60,71,1.1830985915492958,0.054236456570277786,632,It's the supersize culture.
4057,2130,1,11,59,71,1.1830985915492958,0.050390264281685394,632,I don't do group therapy. I'm too afraid to open up and let people see the real me.
4096,2130,1,11,59,71,1.1830985915492958,0.050390264281685394,632,Forget the lineup.  All Russians look alike.
3862,2130,1,11,59,71,1.1830985915492958,0.050390264281685394,632,I always feel that you are hiding something inside you.
4182,2130,0,13,58,71,1.1830985915492958,0.046225147349214256,632,"I'm innocent. 
My dolls are not child pornography."
4192,2130,3,7,61,71,1.1830985915492958,0.05782739582776625,632,"Somehow, they all look alike!"
4209,2130,2,9,60,71,1.1830985915492958,0.054236456570277786,632,Stop repeating “ weebles wobble!”
4217,2130,1,11,59,71,1.1830985915492958,0.050390264281685394,632,Putting them to bed is a breeze.
4310,2130,3,7,61,71,1.1830985915492958,0.05782739582776625,632,"problem is, they don't mind it on the inside."
4332,2130,3,7,61,71,1.1830985915492958,0.05782739582776625,632,We are not Russian. Believe me. Bigly.
4343,2130,3,7,61,71,1.1830985915492958,0.05782739582776625,632,"Don’t be so hard on yourself, everything skews younger these days."
4184,2130,2,9,60,71,1.1830985915492958,0.054236456570277786,632,Each one is capable of hiding something
2763,2130,0,13,58,71,1.1830985915492958,0.046225147349214256,632,Looking at the suspects I get the sense it was an inside job.
2829,2130,3,7,61,71,1.1830985915492958,0.05782739582776625,632,I still have not received my royalties check!
2680,2130,2,9,60,71,1.1830985915492958,0.054236456570277786,632,Nothing fits.
1084,2130,3,7,61,71,1.1830985915492958,0.05782739582776625,632,"To crack this case, we need someone on the inside."
1070,2130,2,9,60,71,1.1830985915492958,0.054236456570277786,632,I think the little one will talk if we can get her to open up.
1012,2130,0,13,58,71,1.1830985915492958,0.046225147349214256,632,"See, I told you that size matters."
974,2130,1,11,59,71,1.1830985915492958,0.050390264281685394,632,"If Trump is impeached, we're out of business."
923,2130,3,7,61,71,1.1830985915492958,0.05782739582776625,632,"Yes, Chief! the line-up is ready!"
886,2130,4,5,62,71,1.1830985915492958,0.061208023944109534,632,I'm hoping our next one will be a boy.
865,2130,1,11,59,71,1.1830985915492958,0.050390264281685394,632,"This gang is slick, but the weak link is always dimpleless; carry her in for interrogation."
724,2130,2,9,60,71,1.1830985915492958,0.054236456570277786,632,"I have always had an intense nesting instinct, comrade Kewpie"
694,2130,2,9,60,71,1.1830985915492958,0.054236456570277786,632,My gut says this is an inside job
689,2130,0,13,58,71,1.1830985915492958,0.046225147349214256,632,One of them is the insider that's inside the insider that's on inside with the Russians.
684,2130,1,11,59,71,1.1830985915492958,0.050390264281685394,632,You said Russian. These ARE the usual suspects.
683,2130,2,9,60,71,1.1830985915492958,0.054236456570277786,632,I can't think of a more perfect fit for me.
656,2130,0,13,58,71,1.1830985915492958,0.046225147349214256,632,Haven’t I seen you somewhere before? There’s something about you that seems so familiar.
630,2130,3,7,61,71,1.1830985915492958,0.05782739582776625,632,These Russians dolls really stick together...
595,2130,2,9,60,71,1.1830985915492958,0.054236456570277786,632,"I hope this is the last case I see like this, but I know it won't be."
584,2130,1,11,59,71,1.1830985915492958,0.050390264281685394,632,"Last chance Sergey...which Babushka is the insider?""   ""I'm telling you, they ALL are."""
583,2130,1,11,59,71,1.1830985915492958,0.050390264281685394,632,It’s a riddle inside a mystery inside an enigma inside a conundrum inside a problem inside a puzzle.
2687,2130,1,11,59,71,1.1830985915492958,0.050390264281685394,632,Luckily we had a man on the inside.
12,2130,3,7,61,71,1.1830985915492958,0.05782739582776625,632,I keep repeating myself.
77,2130,2,9,60,71,1.1830985915492958,0.054236456570277786,632,I’m sure it was number 2.
82,2130,1,11,59,71,1.1830985915492958,0.050390264281685394,632,I just wish they took up less space.
107,2130,1,11,59,71,1.1830985915492958,0.050390264281685394,632,The witness just said he could have sworn there was only one.
339,2130,3,7,61,71,1.1830985915492958,0.05782739582776625,632,"Okay, I admit it. I'm the one who keeps stealing your salt & pepper shakers."
1101,2130,2,9,60,71,1.1830985915492958,0.054236456570277786,632,I think my jury is stacked.
389,2130,2,9,60,71,1.1830985915492958,0.054236456570277786,632,I've been doing this job too long- everyone is starting to look like a perp to me.
412,2130,1,11,59,71,1.1830985915492958,0.050390264281685394,632,We've rounded the usual suspects.
422,2130,2,9,60,71,1.1830985915492958,0.054236456570277786,632,I spent my Nest Egg fighting for Nest Egg Gender Equality!
438,2130,0,13,58,71,1.1830985915492958,0.046225147349214256,632,"I'm convinced they're hiding something, but I can't get anyone to open up."
515,2130,2,9,60,71,1.1830985915492958,0.054236456570277786,632,I don't see how this line-up is a result of profiling
540,2130,1,11,59,71,1.1830985915492958,0.050390264281685394,632,But I thought you said our Perp was an empty-nester.
574,2130,2,9,60,71,1.1830985915492958,0.054236456570277786,632,"Without them, I’m empty inside."
391,2130,2,9,60,71,1.1830985915492958,0.054236456570277786,632,We need to stop for today. That's our 18th suspect and the witness still isn't sure.
1152,2130,2,9,60,71,1.1830985915492958,0.054236456570277786,632,Next time no babushkas. OK?
405,2130,4,5,62,71,1.1830985915492958,0.061208023944109534,632,"Oh, Russian PUPPET. Well how are we going to arrest the President?"
1299,2130,0,13,58,71,1.1830985915492958,0.046225147349214256,632,"Chief, I'm beginning to think this was an inside job."
2665,2130,2,9,60,71,1.1830985915492958,0.054236456570277786,632,"I think it was number 3, but, they all look alike."
1214,2130,0,13,58,71,1.1830985915492958,0.046225147349214256,632,"We only need one suspect, then all the rest will fit right into place..."
2572,2130,0,13,58,71,1.1830985915492958,0.046225147349214256,632,Look. You're gonna want to fit in around here...
2530,2130,1,11,59,71,1.1830985915492958,0.050390264281685394,632,I got my girls just where I want them.
2431,2130,3,7,61,71,1.1830985915492958,0.05782739582776625,632,There could be more hiding in plain sight.
2317,2130,2,9,60,71,1.1830985915492958,0.054236456570277786,632,You think maybe the Russians are behind this?
2160,2130,1,11,59,71,1.1830985915492958,0.050390264281685394,632,Something inside me says we'll get to the bottom of this.
2088,2130,1,11,59,71,1.1830985915492958,0.050390264281685394,632,"YURI: We need Stormy Daniels, age four to forty!"
2068,2130,1,11,59,71,1.1830985915492958,0.050390264281685394,632,"Well, it’s entirely possible this was an inside job."
2063,2130,3,7,61,71,1.1830985915492958,0.05782739582776625,632,"Believe me, Dolls do walk !!"
2043,2130,1,11,59,71,1.1830985915492958,0.050390264281685394,632,We're not sure you're fitting in here...
2034,2130,1,11,59,71,1.1830985915492958,0.050390264281685394,632,#YouToo
2030,2130,2,9,60,71,1.1830985915492958,0.054236456570277786,632,It looks like this might have been an inside job.
1975,2130,1,11,59,71,1.1830985915492958,0.050390264281685394,632,What I don't get is why the teller keeps insisting there was only one stick-up man.
1959,2130,5,3,63,71,1.1830985915492958,0.06441146390250896,632,You take the lead on this one. I do better with Weebles.
2481,2130,2,9,60,71,1.1830985915492958,0.054236456570277786,632,"They all look so similar, more or less."
1811,2130,2,9,60,71,1.1830985915492958,0.054236456570277786,632,Do you think we’ll ever get to the bottom of this case?
1889,2130,3,7,61,71,1.1830985915492958,0.05782739582776625,632,I’d prefer stacked Barbies.
1408,2130,0,13,58,71,1.1830985915492958,0.046225147349214256,632,'It would be less work if we nest them inside each other.'
1464,2130,3,7,61,71,1.1830985915492958,0.05782739582776625,632,Stop Russian my investigation.
1395,2130,2,9,60,71,1.1830985915492958,0.054236456570277786,632,You really needed my chair for this?
1466,2130,3,7,61,71,1.1830985915492958,0.05782739582776625,632,Who did Trump hire?
1500,2130,1,11,59,71,1.1830985915492958,0.050390264281685394,632,"I think it's number 3, but I'm just not sure."
1522,2130,2,9,60,71,1.1830985915492958,0.054236456570277786,632,I think it looks too much like profiling.
1583,2130,0,13,58,71,1.1830985915492958,0.046225147349214256,632,They weren't ALL spotted at the scene.
1311,2130,1,11,59,71,1.1830985915492958,0.050390264281685394,632,I just searched my ancestry online and discovered i am hermaphrodite !
1601,2130,2,9,60,71,1.1830985915492958,0.054236456570277786,632,Any of these look like the person who poisoned you?
1671,2130,3,7,61,71,1.1830985915492958,0.05782739582776625,632,I don't think you would fit in.
1709,2130,2,9,60,71,1.1830985915492958,0.054236456570277786,632,"I forget the suspect was described as ""definitely not hollow"""
1715,2130,1,11,59,71,1.1830985915492958,0.050390264281685394,632,We've rounded up the Ural Suspects
1726,2130,3,7,61,71,1.1830985915492958,0.05782739582776625,632,"I'd like to be taken off this case, sarge. They all remind me of my nana."
1793,2130,3,7,61,71,1.1830985915492958,0.05782739582776625,632,Only the big one fears prison.
2749,2267,1,11,60,72,1.1805555555555556,0.04975050777451365,632,The babysitter is sick
2450,2267,2,9,61,72,1.1805555555555556,0.05353829779280629,632,Me too....
4801,2267,3,7,62,72,1.1805555555555556,0.057075262919065665,632,"I don't know, they came at me one after the other Karen"
588,2267,1,11,60,72,1.1805555555555556,0.04975050777451365,632,"Honestly, I only touched her scarf and base."
1423,2267,2,9,61,72,1.1805555555555556,0.05353829779280629,632,"Sure it seems weird, but I’m telling you, they love foot rubs"
3177,2272,4,4,60,68,1.1764705882352942,0.06264991316913528,632,But they all fit the description. You never mentioned hight...
3182,2272,3,6,59,68,1.1764705882352942,0.05904261221631226,632,Looks like an inside job.  We think the little one did it.
3201,2272,1,10,57,68,1.1764705882352942,0.051069236647683494,632,I can’t be sure—they all looked alike from where I was standing!
3270,2272,1,10,57,68,1.1764705882352942,0.051069236647683494,632,Ibsen?
3348,2272,2,8,58,68,1.1764705882352942,0.055200076943347304,632,It's more of a line down really...
3358,2272,0,12,56,68,1.1764705882352942,0.04657344059657538,632,This one's not stacking up.
3377,2272,1,10,57,68,1.1764705882352942,0.051069236647683494,632,"Now that she's gone, I know it's not possible to replace her.  She was one of a kind."
3388,2272,3,6,59,68,1.1764705882352942,0.05904261221631226,632,"Girls salty, boys more peppery."
3756,2272,2,8,58,68,1.1764705882352942,0.055200076943347304,632,Like peeling an onion but all I found at the end was a lousy $100 billion in laundered money.
3410,2272,1,10,57,68,1.1764705882352942,0.051069236647683494,632,Everyone agreed I would fit in here perfectly.
3430,2272,2,8,58,68,1.1764705882352942,0.055200076943347304,632,No. I will not give you a DNA sample.
3432,2272,1,10,57,68,1.1764705882352942,0.051069236647683494,632,I think the Russians may be trying to rig this one too.
3544,2272,3,6,59,68,1.1764705882352942,0.05904261221631226,632,"I know we shouldn't rush into finding a suspect, but it's very obvious this was an inside job."
3570,2272,0,12,56,68,1.1764705882352942,0.04657344059657538,632,"Yah, I have six personalities, so what?"
3176,2272,2,8,58,68,1.1764705882352942,0.055200076943347304,632,"The usual suspects don't have nearly the same shelf life."""
3572,2272,2,8,58,68,1.1764705882352942,0.055200076943347304,632,"She may look like a doll, but she's as nesty as they come."
3578,2272,0,12,56,68,1.1764705882352942,0.04657344059657538,632,"Of course you don't see a problem with nesting, doll."
3700,2272,0,12,56,68,1.1764705882352942,0.04657344059657538,632,I was really attracted to the team player aspect of this job.
3754,2272,0,12,56,68,1.1764705882352942,0.04657344059657538,632,These are a lot harder to pick out of the line-up than the salt shakers.
3429,2272,1,10,57,68,1.1764705882352942,0.051069236647683494,632,And that’s when I decided I had to get a Nest cam.
3161,2272,0,12,56,68,1.1764705882352942,0.04657344059657538,632,So...do you like kids?
2733,2272,1,10,57,68,1.1764705882352942,0.051069236647683494,632,They just naturally lined-up this way.
3143,2272,1,10,57,68,1.1764705882352942,0.051069236647683494,632,HR said that your previous comments were... unacceptable.
3772,2272,3,6,59,68,1.1764705882352942,0.05904261221631226,632,I asked for a 6 pack of  O' Dolls .
2675,2272,0,12,56,68,1.1764705882352942,0.04657344059657538,632,I just think that we're rushin' to conclusions here is all.
2683,2272,1,10,57,68,1.1764705882352942,0.051069236647683494,632,"I can clearly place number four, but not so sure about the others"
2728,2272,1,10,57,68,1.1764705882352942,0.051069236647683494,632,The evidence is really stacking up against them.
2732,2272,2,8,58,68,1.1764705882352942,0.055200076943347304,632,My inner selves are just not happy with this project.
2741,2272,1,10,57,68,1.1764705882352942,0.051069236647683494,632,And your wish?
2760,2272,3,6,59,68,1.1764705882352942,0.05904261221631226,632,"Rossetti, watch out for that tiny one on the end. Her street name roughly translates to ‘Souless Babushka of Death who also makes great blinis’"
2769,2272,3,6,59,68,1.1764705882352942,0.05904261221631226,632,I'm afraid I'll have to ask you to remove your head.
2784,2272,2,8,58,68,1.1764705882352942,0.055200076943347304,632,They all claim their name is Ivanka.
2791,2272,2,8,58,68,1.1764705882352942,0.055200076943347304,632,Sometimes I think a little man inside of me makes me do strange things
2799,2272,4,4,60,68,1.1764705882352942,0.06264991316913528,632,Is it one tariff or six?
2837,2272,1,10,57,68,1.1764705882352942,0.051069236647683494,632,Let's see how deep this thing really goes.
2867,2272,1,10,57,68,1.1764705882352942,0.051069236647683494,632,They're multiplying
2874,2272,2,8,58,68,1.1764705882352942,0.055200076943347304,632,"All I said was: ""The Weebles always wobble but they don't fall down!"""
2908,2272,1,10,57,68,1.1764705882352942,0.051069236647683494,632,"What do you mean, they've already spilled their guts? They haven't said a word."
2963,2272,1,10,57,68,1.1764705882352942,0.051069236647683494,632,"No, I'm not hiding anything."
2964,2272,3,6,59,68,1.1764705882352942,0.05904261221631226,632,It’s the Bad Bushka Gang.”
2991,2272,0,12,56,68,1.1764705882352942,0.04657344059657538,632,"ROOSKI EMPLOYMENT SERVICE
Female ICE Agent to Male ICE Agent:
""Okay, I think we've reached our quota...wait, what are we going to do with them?""
""Hmm, if only we can hide them somewhere?"""
3027,2272,2,8,58,68,1.1764705882352942,0.055200076943347304,632,But you said to round up the usual suspects.
3064,2272,2,8,58,68,1.1764705882352942,0.055200076943347304,632,i just applied to e-harmony
3100,2272,1,10,57,68,1.1764705882352942,0.051069236647683494,632,"I don’t care, I saw the big one eat all the  other ones"
3146,2272,3,6,59,68,1.1764705882352942,0.05904261221631226,632,You think they're strange? Look at us
3805,2272,3,6,59,68,1.1764705882352942,0.05904261221631226,632,They're still questioning the smallest. She won't crack.
4519,2272,2,8,58,68,1.1764705882352942,0.055200076943347304,632,"I'm sorry for having them framed, but they are my family even though they are also cannibals."
3834,2272,1,10,57,68,1.1764705882352942,0.051069236647683494,632,What size clone do you want of yourself?
4350,2272,0,12,56,68,1.1764705882352942,0.04657344059657538,632,Are you sure these couldn't be Russian spies doing an inside job?
4352,2272,1,10,57,68,1.1764705882352942,0.051069236647683494,632,"Now that I've seen the line-up, I just can't be certain."
4358,2272,1,10,57,68,1.1764705882352942,0.051069236647683494,632,Nope. Even smaller.
4387,2272,1,10,57,68,1.1764705882352942,0.051069236647683494,632,They each claim it wasn’t an inside job.
4391,2272,1,10,57,68,1.1764705882352942,0.051069236647683494,632,They're all suspects on the insider trading case.
4423,2272,2,8,58,68,1.1764705882352942,0.055200076943347304,632,The nesting dolls must be identical  as they descend in size. The fourth doll on the left have cheeks . Fixit!
4463,2272,1,10,57,68,1.1764705882352942,0.051069236647683494,632,"A positive ID, but I'm recommending a lesser included charge."
4515,2272,3,6,59,68,1.1764705882352942,0.05904261221631226,632,All witnesses identified #4. We're fortunate innocence coincides with rosy cheeks...
2641,2272,0,12,56,68,1.1764705882352942,0.04657344059657538,632,Suspect in a shell game.
4550,2272,4,4,60,68,1.1764705882352942,0.06264991316913528,632,"You've been dropping your g's lately... I heard ""Russian."""
4588,2272,3,6,59,68,1.1764705882352942,0.05904261221631226,632,Similarity? I don't see it.
4612,2272,1,10,57,68,1.1764705882352942,0.051069236647683494,632,What? We were told to crack down on the Russians.
4619,2272,1,10,57,68,1.1764705882352942,0.051069236647683494,632,"If I hear one more,'the farmer & his six daughters' joke, I'm gonna puke!"
4702,2272,0,12,56,68,1.1764705882352942,0.04657344059657538,632,"Don't look at me, an hour ago there was just the one of them."
4719,2272,1,10,57,68,1.1764705882352942,0.051069236647683494,632,We think they're all colluding.
4737,2272,1,10,57,68,1.1764705882352942,0.051069236647683494,632,They tell me that some bullies are using them as bowling pins.
4742,2272,1,10,57,68,1.1764705882352942,0.051069236647683494,632,It took some time to get them to open up
4746,2272,1,10,57,68,1.1764705882352942,0.051069236647683494,632,I have this feeling there’s something inside me.
4751,2272,1,10,57,68,1.1764705882352942,0.051069236647683494,632,Go tell Mueller to bring us another matryoshka doll. This one's a dead end.
4873,2272,2,8,58,68,1.1764705882352942,0.055200076943347304,632,My secrets lie deep within me.
4892,2272,1,10,57,68,1.1764705882352942,0.051069236647683494,632,Maybe Mueller will make them crack.
4337,2272,1,10,57,68,1.1764705882352942,0.051069236647683494,632,My gut still tells me that number six is hiding something.
3816,2272,2,8,58,68,1.1764705882352942,0.055200076943347304,632,"It won’t work.
I’m just not into you."
4328,2272,2,8,58,68,1.1764705882352942,0.055200076943347304,632,I'm almost certain at least five of these women were involved in an inside job.
4286,2272,1,10,57,68,1.1764705882352942,0.051069236647683494,632,What if it was the Russians AND an inside job?
3847,2272,2,8,58,68,1.1764705882352942,0.055200076943347304,632,"They were all covering up for one another, so I lined them up."
3895,2272,2,8,58,68,1.1764705882352942,0.055200076943347304,632,I 'm not sure which one so I took them all.
3948,2272,1,10,57,68,1.1764705882352942,0.051069236647683494,632,"Well, we finally got to the bottom of this."
3950,2272,2,8,58,68,1.1764705882352942,0.055200076943347304,632,Moustache and pants got to go. And wear your headscarf! Next!
3952,2272,1,10,57,68,1.1764705882352942,0.051069236647683494,632,"Yeah, I know I'm full of myself!"
3958,2272,1,10,57,68,1.1764705882352942,0.051069236647683494,632,Looks like the odds aren't stacked in our favor.
3961,2272,0,12,56,68,1.1764705882352942,0.04657344059657538,632,"So, you’re saying it was an inside job..."
3967,2272,0,12,56,68,1.1764705882352942,0.04657344059657538,632,"A little voice inside of me says ""They're all guilty"""
3972,2272,1,10,57,68,1.1764705882352942,0.051069236647683494,632,"She was Russian, wooden in demeanor, but just can’t remember her height."
4027,2272,2,8,58,68,1.1764705882352942,0.055200076943347304,632,"Same old story: a cheerful, decorative family gone bad."
4029,2272,1,10,57,68,1.1764705882352942,0.051069236647683494,632,I want a divorce.
4042,2272,3,6,59,68,1.1764705882352942,0.05904261221631226,632,"Thanks, but actually they look a lot more like my wife...believe me, she’s a doll!"
4055,2272,2,8,58,68,1.1764705882352942,0.055200076943347304,632,"There is no inclusion; and even if it were, it is legal."
4069,2272,2,8,58,68,1.1764705882352942,0.055200076943347304,632,"I said to round up the ""usual suspects"", not ""unusual suspects""."
4079,2272,2,8,58,68,1.1764705882352942,0.055200076943347304,632,Can you believe it? Six generations of hardened criminals.
4166,2272,2,8,58,68,1.1764705882352942,0.055200076943347304,632,Is your name really Matryoshka Hargitay?
4220,2272,0,12,56,68,1.1764705882352942,0.04657344059657538,632,It's our only chance. We can't make an ID off of fingerprints.
4233,2272,2,8,58,68,1.1764705882352942,0.055200076943347304,632,"Oh no, I'm not doing this job anymore! All day long people keep pulling my head off to look inside me."""
4242,2272,1,10,57,68,1.1764705882352942,0.051069236647683494,632,"It's like they exploded or something.  I mean, I just made an innocent comment and suddenly generations are surrounding me.  From the smallest one to the largest.  It's like they had been holding it in for so long."
4271,2272,1,10,57,68,1.1764705882352942,0.051069236647683494,632,I assume this was an inside job.
4275,2272,1,10,57,68,1.1764705882352942,0.051069236647683494,632,This can't be what they meant by Russian interference.
4295,2272,2,8,58,68,1.1764705882352942,0.055200076943347304,632,These damn criminals. So empty inside.
2560,2272,1,10,57,68,1.1764705882352942,0.051069236647683494,632,My wife thinks birth control is a man’s responsibility so maybe it’s time for a vasectomy.
1546,2272,3,6,59,68,1.1764705882352942,0.05904261221631226,632,When the witnesses look at the line up make sure they know size matters.
2536,2272,0,12,56,68,1.1764705882352942,0.04657344059657538,632,Suspect #4 doesn't quite fit in.
597,2272,2,8,58,68,1.1764705882352942,0.055200076943347304,632,"Sorry, doll... You're not my cup of tea."
620,2272,3,6,59,68,1.1764705882352942,0.05904261221631226,632,POLYGAMOUS?! My wives are lying!
668,2272,0,12,56,68,1.1764705882352942,0.04657344059657538,632,I have to report a conflict of interest...
673,2272,1,10,57,68,1.1764705882352942,0.051069236647683494,632,"C'mon, Sarge!  Even though things don't yet quite stack up, we gotta let 'em go.  Besides, they just got here from the old country and don't look like they'd try to run."
707,2272,0,12,56,68,1.1764705882352942,0.04657344059657538,632,"I dunno, Muller ordered the lineup."
742,2272,2,8,58,68,1.1764705882352942,0.055200076943347304,632,"Oh my, look at that neck! awrrr!"
778,2272,1,10,57,68,1.1764705882352942,0.051069236647683494,632,"My dog looks like me, too."
780,2272,2,8,58,68,1.1764705882352942,0.055200076943347304,632,"All I can tell you, Carla, is that this is starting to look like an inside job."
837,2272,2,8,58,68,1.1764705882352942,0.055200076943347304,632,WHO is the father of the forth one ????
573,2272,0,12,56,68,1.1764705882352942,0.04657344059657538,632,What do you mean 'trolls'. I thought you said find out everything about Russian dolls.
840,2272,1,10,57,68,1.1764705882352942,0.051069236647683494,632,We’re all a little Russian inside if you go back far enough.
867,2272,3,6,59,68,1.1764705882352942,0.05904261221631226,632,maybe if we think outside the box we will have a boy?
884,2272,1,10,57,68,1.1764705882352942,0.051069236647683494,632,"Each time I crack the case, another one pops up."
952,2272,1,10,57,68,1.1764705882352942,0.051069236647683494,632,You can talk about the child within to your therapist!
959,2272,0,12,56,68,1.1764705882352942,0.04657344059657538,632,"I'm sorry, but without legs they'll never make it to The Rockettes!"
969,2272,0,12,56,68,1.1764705882352942,0.04657344059657538,632,"Well, obviously, they didn't walk here."
982,2272,2,8,58,68,1.1764705882352942,0.055200076943347304,632,Can you show them to me nested again?
983,2272,2,8,58,68,1.1764705882352942,0.055200076943347304,632,"What do you mean, you have a problem with the lineup?"
1001,2272,2,8,58,68,1.1764705882352942,0.055200076943347304,632,"Wendy, I am going to need your help with this serial mother."
1119,2272,1,10,57,68,1.1764705882352942,0.051069236647683494,632,We’re trying a new strategy to address suspected Russian witness tampering.
861,2272,2,8,58,68,1.1764705882352942,0.055200076943347304,632,I give you one last chance to stay in Spy School: Who is most famous shortstop for New Yorker Yankees?
569,2272,2,8,58,68,1.1764705882352942,0.055200076943347304,632,"The victim couldn't give much of a description, but said she was a real doll..."
562,2272,0,12,56,68,1.1764705882352942,0.04657344059657538,632,I think we’ve got enough to put five of them away.
544,2272,1,10,57,68,1.1764705882352942,0.051069236647683494,632,"She gave me her babushka dolls, so I let her go through."
4930,2272,3,6,59,68,1.1764705882352942,0.05904261221631226,632,Looks like the odds are stacked against them
0,2272,1,10,57,68,1.1764705882352942,0.051069236647683494,632,"It seems like it was an inside job""."
21,2272,2,8,58,68,1.1764705882352942,0.055200076943347304,632,"My gut tells me they're all involved, somehow - and I think the little one on the end could be Russian"""
31,2272,1,10,57,68,1.1764705882352942,0.051069236647683494,632,"Inside me, there's a series of women, dying to get out."
36,2272,0,12,56,68,1.1764705882352942,0.04657344059657538,632,"I heard he liked Russian dolls of all sizes. Okay, maybe my snitch shouldn't have put it that way!"
48,2272,2,8,58,68,1.1764705882352942,0.055200076943347304,632,I think #6 is hiding something.
57,2272,1,10,57,68,1.1764705882352942,0.051069236647683494,632,You should get to know the man inside me.
128,2272,0,12,56,68,1.1764705882352942,0.04657344059657538,632,"No, Mr. Huevos is my father. I just look like him."
136,2272,1,10,57,68,1.1764705882352942,0.051069236647683494,632,"Dead ringers, every one..."
137,2272,2,8,58,68,1.1764705882352942,0.055200076943347304,632,"Why are you russian out of the room, doll?"
248,2272,2,8,58,68,1.1764705882352942,0.055200076943347304,632,There was an inside woman. And an inside-inside woman.
251,2272,1,10,57,68,1.1764705882352942,0.051069236647683494,632,We believe the perps are related.
263,2272,1,10,57,68,1.1764705882352942,0.051069236647683494,632,Well is there an engagement ring in the last one?
284,2272,3,6,59,68,1.1764705882352942,0.05904261221631226,632,Now that we’ve opened up the suspect I think we can declare this one a case closed. weid%22:1%2C%22surl%22:%22https://www.newyorker.com/
287,2272,0,12,56,68,1.1764705882352942,0.04657344059657538,632,"To catch her, you first need to get inside her."
306,2272,1,10,57,68,1.1764705882352942,0.051069236647683494,632,I can see your butt.
324,2272,3,6,59,68,1.1764705882352942,0.05904261221631226,632,I think you may be too close to this case.
377,2272,2,8,58,68,1.1764705882352942,0.055200076943347304,632,"None of these, but I can tell you that whoever did this is an empty vessel of a woman."
382,2272,1,10,57,68,1.1764705882352942,0.051069236647683494,632,I know. Something's just not stacking up.
432,2272,0,12,56,68,1.1764705882352942,0.04657344059657538,632,"Why am I getting the feeling that this line-up is stacked against me?"""
495,2272,1,10,57,68,1.1764705882352942,0.051069236647683494,632,"We looked everywhere, Inspector, and we can only find the big doll."
1122,2272,0,12,56,68,1.1764705882352942,0.04657344059657538,632,We're going to have to let you go. Your blank stare has lost its luster.
2554,2272,2,8,58,68,1.1764705882352942,0.055200076943347304,632,You’re right—I’m just a shell of a man.
1123,2272,1,10,57,68,1.1764705882352942,0.051069236647683494,632,"Yeah, I know what you're thinking —they're all guilty."
1219,2272,0,12,56,68,1.1764705882352942,0.04657344059657538,632,"No, you cannot file them as dependents."
1932,2272,3,6,59,68,1.1764705882352942,0.05904261221631226,632,What? Are you saying all Russian girls look the same to you? Don't be racist.
1987,2272,2,8,58,68,1.1764705882352942,0.055200076943347304,632,I’m not so full of myself
2104,2272,0,12,56,68,1.1764705882352942,0.04657344059657538,632,"Yes, I admit to the Russian hacking of the ""Hello Dolly"" production."
2117,2272,2,8,58,68,1.1764705882352942,0.055200076943347304,632,They refuse to take off their head scarves...
2260,2272,1,10,57,68,1.1764705882352942,0.051069236647683494,632,OK.  Everyone can leave except for Nestasia.
2261,2272,1,10,57,68,1.1764705882352942,0.051069236647683494,632,We’ll get to the center of this crime family!
2262,2272,3,6,59,68,1.1764705882352942,0.05904261221631226,632,"I suspect it was an inside, inside, inside job."
2365,2272,2,8,58,68,1.1764705882352942,0.055200076943347304,632,"The littlest one, was in deep!"
2374,2272,1,10,57,68,1.1764705882352942,0.051069236647683494,632,I just want to play with the dolls.
1929,2272,1,10,57,68,1.1764705882352942,0.051069236647683494,632,This could take an eternity.
2379,2272,1,10,57,68,1.1764705882352942,0.051069236647683494,632,Blame it on budget cuts
2392,2272,3,6,59,68,1.1764705882352942,0.05904261221631226,632,"Family Business"", why do you ask"
2406,2272,1,10,57,68,1.1764705882352942,0.051069236647683494,632,"I thinking of calling this case, ‘The Silence of the Babushkas.’"
2418,2272,2,8,58,68,1.1764705882352942,0.055200076943347304,632,Something tells me we're looking for an insider.
2430,2272,0,12,56,68,1.1764705882352942,0.04657344059657538,632,None of them look like hackers to me!
2459,2272,1,10,57,68,1.1764705882352942,0.051069236647683494,632,"The ribs weren’t the same size...and I did have a shapely neck, once"
2469,2272,1,10,57,68,1.1764705882352942,0.051069236647683494,632,"Once they analyze my radiation badge,  they'll see there's more to me than meets the eye"
2474,2272,3,6,59,68,1.1764705882352942,0.05904261221631226,632,"Sargent, if we don't get a positive ID on number four with this line up, I'm quitting the force."
2510,2272,1,10,57,68,1.1764705882352942,0.051069236647683494,632,"I don't know if I'd call it a type, but I do like a well rounded woman."
2523,2272,2,8,58,68,1.1764705882352942,0.055200076943347304,632,"Individuality will save the world, don't ya' think?"
2388,2272,2,8,58,68,1.1764705882352942,0.055200076943347304,632,"The only thing I can say is, ""Size matters."""
1896,2272,3,6,59,68,1.1764705882352942,0.05904261221631226,632,Could you ask numbers 2 through 5 to climb inside of number 1?
1890,2272,2,8,58,68,1.1764705882352942,0.055200076943347304,632,"If say it was the little one, but I'm afraid there's something even smaller and more evil that made her commit the election fraud."
1883,2272,3,6,59,68,1.1764705882352942,0.05904261221631226,632,We suspect the Russians.
1265,2272,4,4,60,68,1.1764705882352942,0.06264991316913528,632,"Apparently, they're begun to genetically modify dolls"
1289,2272,2,8,58,68,1.1764705882352942,0.055200076943347304,632,We have a small home.
1304,2272,1,10,57,68,1.1764705882352942,0.051069236647683494,632,I asked you to arrange a lineup of Russian sweating molls.
1318,2272,3,6,59,68,1.1764705882352942,0.05904261221631226,632,"This is hard for
me; she was a completely different woman on the inside."
1344,2272,3,6,59,68,1.1764705882352942,0.05904261221631226,632,I hope you're the largest one of the group.
1361,2272,1,10,57,68,1.1764705882352942,0.051069236647683494,632,I'm just a lonely empty nester
1363,2272,0,12,56,68,1.1764705882352942,0.04657344059657538,632,They suspect me of colluding with Russia.
1421,2272,0,12,56,68,1.1764705882352942,0.04657344059657538,632,Then one day you wake up an empty nester.
1435,2272,0,12,56,68,1.1764705882352942,0.04657344059657538,632,"Her alibi just doesn't fit"""
1475,2272,3,6,59,68,1.1764705882352942,0.05904261221631226,632,"As Russian puppets, they are programmed. They hear “my last election” and “more flexibility”, they say “I will transmit this information to Vladimir”."
1481,2272,2,8,58,68,1.1764705882352942,0.055200076943347304,632,Keep them separated -- you'll see their alibis are hollow.
1511,2272,2,8,58,68,1.1764705882352942,0.055200076943347304,632,Evil lurks inside of everyone.
1551,2272,1,10,57,68,1.1764705882352942,0.051069236647683494,632,"Whadda ya mean it's not a good line-up, Lieutenant?"""
1614,2272,0,12,56,68,1.1764705882352942,0.04657344059657538,632,Their alibi is airtight
1682,2272,2,8,58,68,1.1764705882352942,0.055200076943347304,632,I DUNNO--I'M HEARING A LOT OF CONFLICTING VOICES INSIDE MY HEAD;  IT COULD HAVE BEEN ANY ONE OR ALL OF THEM!
1753,2272,3,6,59,68,1.1764705882352942,0.05904261221631226,632,What'd you do with their arms?
1756,2272,0,12,56,68,1.1764705882352942,0.04657344059657538,632,The perp is probably hiding in plain sight.
1785,2272,1,10,57,68,1.1764705882352942,0.051069236647683494,632,"I thought it would be an easy case to crack open, but now it's beginning to look like an inside job!"
1788,2272,1,10,57,68,1.1764705882352942,0.051069236647683494,632,"Who you gonna believe, me or your lying eyes and eyes and eyes and eyes and eyes and eyes and eyes?"
1805,2272,0,12,56,68,1.1764705882352942,0.04657344059657538,632,"Yes, they're just six chips off the old block."
1832,2272,2,8,58,68,1.1764705882352942,0.055200076943347304,632,Matryoshka and I lead a multi-layered life.
1174,2272,2,8,58,68,1.1764705882352942,0.055200076943347304,632,So I called in my daughters.  What of it?
3475,2465,2,8,59,69,1.173913043478261,0.054454286181317355,632,Their parole officer wants them to wear ankle bracelets.
3574,2465,2,8,59,69,1.173913043478261,0.054454286181317355,632,"These are my daughters.  They are ll,9,7,5,3,and 1 years old."
1974,2465,1,10,58,69,1.173913043478261,0.050388608077731906,632,Wow- you are stacked.
2627,2465,2,8,59,69,1.173913043478261,0.054454286181317355,632,"Now that we've lined them up, let's stack them."
44,2469,0,12,58,70,1.1714285714285715,0.04537138476459545,632,We’re looking for a woman who can take her place alongside prior greats who have helped us develop our famous product line.
4903,2470,0,11,54,65,1.1692307692307693,0.04686945233443824,632,"As far as i'm concerned, it’s an open-and-shut case of impersonating an officer."
3344,2471,2,7,57,66,1.1666666666666667,0.05539993744719456,632,"I searched them all for the murder weapon but all I found were other, smaller suspects."
3326,2471,2,7,57,66,1.1666666666666667,0.05539993744719456,632,Something's telling me it's an inside job
3323,2471,3,5,58,66,1.1666666666666667,0.05945883900105632,632,"Sure, the rhyme’s imperfect, but I still think that one of these stacking dolls is our hacking troll."
3306,2471,1,9,56,66,1.1666666666666667,0.05101913957479687,632,Nyet. Neechavo. Nada.
3304,2471,2,7,57,66,1.1666666666666667,0.05539993744719456,632,It is No. 2. She cannot understand Russian.
3296,2471,2,7,57,66,1.1666666666666667,0.05539993744719456,632,It looks like this one might involve the Russians...
3284,2471,1,9,56,66,1.1666666666666667,0.05101913957479687,632,"on the other hand, how much difference could it make if they can't remove their headscarves?"
3281,2471,1,9,56,66,1.1666666666666667,0.05101913957479687,632,I’m just the middle man.
3279,2471,1,9,56,66,1.1666666666666667,0.05101913957479687,632,You are perfect for our Costco version
3278,2471,2,7,57,66,1.1666666666666667,0.05539993744719456,632,Thank God they're not all the same height.
3110,2471,1,9,56,66,1.1666666666666667,0.05101913957479687,632,What? You never heard of trophy wives?
3371,2471,2,7,57,66,1.1666666666666667,0.05539993744719456,632,I'm one of a kind.
3048,2471,0,11,55,66,1.1666666666666667,0.04622501635210244,632,I thought I might fit in
2961,2471,2,7,57,66,1.1666666666666667,0.05539993744719456,632,I think the right one is hiding something
2940,2471,1,9,56,66,1.1666666666666667,0.05101913957479687,632,I may not look it but auditions make me nervous.
2922,2471,2,7,57,66,1.1666666666666667,0.05539993744719456,632,I can't do it anymore.  I look in their eyes and just see my mother.
2860,2471,0,11,55,66,1.1666666666666667,0.04622501635210244,632,Have you ever wanted to live inside someone else’s skin?
2854,2471,1,9,56,66,1.1666666666666667,0.05101913957479687,632,Diversifying with bobbleheads? Why didn't I think of that?
2831,2471,2,7,57,66,1.1666666666666667,0.05539993744719456,632,"I’m telling you, she was there and then she was gone… Can"
2649,2471,1,9,56,66,1.1666666666666667,0.05101913957479687,632,Where do you fit in?
3114,2471,0,11,55,66,1.1666666666666667,0.04622501635210244,632,"Usually, yes, but in this case I don’t think ‘Doll Face’ was out of line."
3373,2471,1,9,56,66,1.1666666666666667,0.05101913957479687,632,Most of these perps have been on the inside before.
3460,2471,1,9,56,66,1.1666666666666667,0.05101913957479687,632,Can you see if #6 is hiding another one inside her?
2615,2471,2,7,57,66,1.1666666666666667,0.05539993744719456,632,Gnome wasn't built in a day
4907,2471,1,9,56,66,1.1666666666666667,0.05101913957479687,632,I for one look forward to being an empty nester.
4839,2471,2,7,57,66,1.1666666666666667,0.05539993744719456,632,Please don't reassign me to a new nesting team just because of my gender resassignment.
4680,2471,3,5,58,66,1.1666666666666667,0.05945883900105632,632,I'm still not seeing any Russian collusion.
4426,2471,0,11,55,66,1.1666666666666667,0.04622501635210244,632,It was a closed case until she opened up.
4422,2471,0,11,55,66,1.1666666666666667,0.04622501635210244,632,It helps me maintain perspective.
4374,2471,0,11,55,66,1.1666666666666667,0.04622501635210244,632,What makes you think I don’t have a split personality?
4323,2471,3,5,58,66,1.1666666666666667,0.05945883900105632,632,"She has been in a cell for three days, of course she is pale."
4294,2471,2,7,57,66,1.1666666666666667,0.05539993744719456,632,I swear I don’t roll!
4284,2471,3,5,58,66,1.1666666666666667,0.05945883900105632,632,"Yes, FBI lady...I jumped & groped all those sizes...but that shouldn't nix me for the Supreme Court because I'm an far-right, Trump Republican nominee."
4273,2471,2,7,57,66,1.1666666666666667,0.05539993744719456,632,"I can't tell them apart, I'm colorblind."
4254,2471,0,11,55,66,1.1666666666666667,0.04622501635210244,632,If I hadn't lost my head you would have never found them.
4157,2471,2,7,57,66,1.1666666666666667,0.05539993744719456,632,I 've been lookin' for a doll like you.
4142,2471,1,9,56,66,1.1666666666666667,0.05101913957479687,632,I wish you could see my inner self
4110,2471,1,9,56,66,1.1666666666666667,0.05101913957479687,632,Can you take it from here? This is hitting a little too close to home for me.
4053,2471,1,9,56,66,1.1666666666666667,0.05101913957479687,632,"If I hear another  Ukrainian song, you are toast"
3750,2471,1,9,56,66,1.1666666666666667,0.05101913957479687,632,"Well, this explains the ""getaway mom."""
3639,2471,2,7,57,66,1.1666666666666667,0.05539993744719456,632,"Hey, all the witness said was she was medium build, between 3'5 and 5'6, and we really need a conviction here."
3606,2471,0,11,55,66,1.1666666666666667,0.04622501635210244,632,I don’t know what happened.  Something just took over inside me.
3508,2471,1,9,56,66,1.1666666666666667,0.05101913957479687,632,"Linda, I finally made our lineups more scalable. Aren't you proud?"
3470,2471,0,11,55,66,1.1666666666666667,0.04622501635210244,632,Don’t give me that “doll face” line
3463,2471,1,9,56,66,1.1666666666666667,0.05101913957479687,632,Stop calling me doll.
3407,2471,0,11,55,66,1.1666666666666667,0.04622501635210244,632,You think the mix-up’s bad for us? Picture Macy’s toy display right now.
2568,2471,1,9,56,66,1.1666666666666667,0.05101913957479687,632,The paternity tests came back positive.
3789,2471,3,5,58,66,1.1666666666666667,0.05945883900105632,632,"It's OK, they can all vote."
2511,2471,2,7,57,66,1.1666666666666667,0.05539993744719456,632,"Hello, Dolly!"
1279,2471,0,11,55,66,1.1666666666666667,0.04622501635210244,632,But I am the same man you married.
1226,2471,1,9,56,66,1.1666666666666667,0.05101913957479687,632,It has all the earmarks of an inside job.
1158,2471,0,11,55,66,1.1666666666666667,0.04622501635210244,632,Some of the perps we arrest are so full of themselves.
1128,2471,1,9,56,66,1.1666666666666667,0.05101913957479687,632,"You were right, it's babushkas all the way down."
1073,2471,2,7,57,66,1.1666666666666667,0.05539993744719456,632,The evidence is stacking up against me.
1054,2471,1,9,56,66,1.1666666666666667,0.05101913957479687,632,They deny it was an inside job.
1048,2471,1,9,56,66,1.1666666666666667,0.05101913957479687,632,Russians. They always have someone on the inside.
990,2471,2,7,57,66,1.1666666666666667,0.05539993744719456,632,"You say, 'there are six or seven versions of me just trying to get out?' Show me what you mean!"
753,2471,0,11,55,66,1.1666666666666667,0.04622501635210244,632,I can't wrap my head around this one.
706,2471,1,9,56,66,1.1666666666666667,0.05101913957479687,632,"They're all in this together.
Book 'em all and see who squeals first."
677,2471,1,9,56,66,1.1666666666666667,0.05101913957479687,632,We're pretty sure it was an inside job.
659,2471,1,9,56,66,1.1666666666666667,0.05101913957479687,632,"This was clearly an inside job, but I ran out of leads."
607,2471,2,7,57,66,1.1666666666666667,0.05539993744719456,632,"We’re looking for a young female, average height"
589,2471,3,5,58,66,1.1666666666666667,0.05945883900105632,632,The DNA  came back. It’s a match.
397,2471,2,7,57,66,1.1666666666666667,0.05539993744719456,632,"Like every great crime family, they had the perfect hideout."
384,2471,1,9,56,66,1.1666666666666667,0.05101913957479687,632,Which is the one causing the trouble?
343,2471,3,5,58,66,1.1666666666666667,0.05945883900105632,632,Are these the same Russians busted for election meddling?
162,2471,3,5,58,66,1.1666666666666667,0.05945883900105632,632,These are the ones who hacked our election.
106,2471,0,11,55,66,1.1666666666666667,0.04622501635210244,632,"We've been trying to infiltrate their human trafficking ring for months, but none of our undercover officers seem to fit in."""
46,2471,2,7,57,66,1.1666666666666667,0.05539993744719456,632,Be a doll get me a coffee.......
2561,2471,1,9,56,66,1.1666666666666667,0.05101913957479687,632,Toughest lineup our witness will ever face.
1425,2471,2,7,57,66,1.1666666666666667,0.05539993744719456,632,...I admit my experience with Tinder has been underwhelming.
1436,2471,2,7,57,66,1.1666666666666667,0.05539993744719456,632,"For the last time, I'm not the inside man."
472,2471,0,11,55,66,1.1666666666666667,0.04622501635210244,632,I like to nest too.
1510,2471,2,7,57,66,1.1666666666666667,0.05539993744719456,632,"Personally, I'd eliminate the one third from the right."
2470,2471,1,9,56,66,1.1666666666666667,0.05101913957479687,632,Number four is a spy we embedded with these Russians.
1461,2471,1,9,56,66,1.1666666666666667,0.05101913957479687,632,"No, no, you misunderstood me. I wasn't calling you Doll . I'm mean they're dolls, right? Sharon, comon', they're dolls."
2441,2471,1,9,56,66,1.1666666666666667,0.05101913957479687,632,"When I said 'she looked like a doll,' I really meant more like a ""babe."""
2383,2471,1,9,56,66,1.1666666666666667,0.05101913957479687,632,"Our witness has identified the third from the left as the perpetrator,  so it was definitely an inside job."""
2380,2471,2,7,57,66,1.1666666666666667,0.05539993744719456,632,Next Halloween I won't let the suspects pick out their own costumes.
2370,2471,0,11,55,66,1.1666666666666667,0.04622501635210244,632,"What do you mean,I’m behind on child support. I never knew that I had children."
2356,2471,1,9,56,66,1.1666666666666667,0.05101913957479687,632,"I hope the witness is sure, because I don't think the DNA will help."
2333,2471,4,3,59,66,1.1666666666666667,0.06325783747136794,632,The last cartoon I wrote a caption to disappeared from the website. All I have now are memories.
2327,2471,3,5,58,66,1.1666666666666667,0.05945883900105632,632,The Captain is going with the Nestled Doll Theory so we brought in the Babushka gang.
2269,2471,3,5,58,66,1.1666666666666667,0.05945883900105632,632,"Nope, still feels like they can see me."
2012,2471,3,5,58,66,1.1666666666666667,0.05945883900105632,632,The evidence still points to an inside job!
2396,2471,1,9,56,66,1.1666666666666667,0.05101913957479687,632,"It's damn hard to say who could flip.  But that little one, she's really been keeping her apron clean."
1942,2471,1,9,56,66,1.1666666666666667,0.05101913957479687,632,It might be easier for the witness if we gave them numbers.”
1918,2471,2,7,57,66,1.1666666666666667,0.05539993744719456,632,They’re Russian Easter egg dolls that we discovered in Trump Towers. Must mean something!
1868,2471,2,7,57,66,1.1666666666666667,0.05539993744719456,632,Please tell me these aren't all yours.
1524,2471,1,9,56,66,1.1666666666666667,0.05101913957479687,632,"No, no, they're innocent. But opportunities like this just don't come around every day."
1620,2471,1,9,56,66,1.1666666666666667,0.05101913957479687,632,Each one knows someone on the inside.
1845,2471,1,9,56,66,1.1666666666666667,0.05101913957479687,632,I think it's gonna depend on how far our witness was from the crime scene.
1771,2471,1,9,56,66,1.1666666666666667,0.05101913957479687,632,"We have complied with Mr. Putin's order that he is now inside every doll set on the market."""
1754,2471,0,11,55,66,1.1666666666666667,0.04622501635210244,632,"They want to confess, but it sounds pretty hollow."
1977,2471,1,9,56,66,1.1666666666666667,0.05101913957479687,632,They' re all guilty to some degree.
1697,2471,0,11,55,66,1.1666666666666667,0.04622501635210244,632,How many of you do I need to open to talk to you about which is your real wife?
4002,2567,1,9,57,67,1.164179104477612,0.05031342257188375,632,"""I 'm thinking Russian dolls might give my political campaign a little buzz."
4611,2567,2,7,58,67,1.164179104477612,0.054623479615184975,632,"I did not collude with Boy Scouts to control Campfire Girls"" elections!












\\\\\\\\"
1545,2569,1,8,52,61,1.1639344262295082,0.05320507735360911,632,To put it in a nutshell...
3505,2569,2,6,53,61,1.1639344262295082,0.05811392555691986,632,Open your mouth.
924,2569,1,8,52,61,1.1639344262295082,0.05320507735360911,632,I was just trying to fit in!
641,2572,1,9,58,68,1.161764705882353,0.049626763740833676,632,Now I believe it: What you see is what you get.
3382,2573,1,8,54,63,1.1587301587301588,0.05163159310171238,632,Mueller thinks it's an inside job
3827,2573,0,10,53,63,1.1587301587301588,0.04640892840955829,632,"A nice woman, yes, but she really needed a shrink."
3627,2573,1,8,54,63,1.1587301587301588,0.05163159310171238,632,"She did identify the mugger, but she mumbled."
3615,2573,0,10,53,63,1.1587301587301588,0.04640892840955829,632,You have no idea how deep this one goes.
3604,2573,1,8,54,63,1.1587301587301588,0.05163159310171238,632,"I'm sorry, this is the other Russian collusion investigation."
3739,2573,1,8,54,63,1.1587301587301588,0.05163159310171238,632,"They're mostly friendly, but I couldn't get the little one to open up."
3576,2573,1,8,54,63,1.1587301587301588,0.05163159310171238,632,Number 1 was literally beside herself when I brought her in.
3575,2573,2,6,55,63,1.1587301587301588,0.05637245937794518,632,"That's right boss, seems it was an inside job."
3566,2573,1,8,54,63,1.1587301587301588,0.05163159310171238,632,My bad. I didn't realize the word dolls is sexist.
3536,2573,1,8,54,63,1.1587301587301588,0.05163159310171238,632,"So, I sez, ""Look doll, Russian or no Russian, I'm gettin' to d' middle o' dis case."""
3506,2573,2,6,55,63,1.1587301587301588,0.05637245937794518,632,"Officer, I can only see two possibilities for solving this case. Either the five on the left tried to smother the little one on the right or their just nesting dolls and you really should consider getting out on the street and solving a REAL CRIME!"
3439,2573,1,8,54,63,1.1587301587301588,0.05163159310171238,632,Mueller called about my Russian connections.
3428,2573,1,8,54,63,1.1587301587301588,0.05163159310171238,632,I'm beginning myself to believe it's number 3.
3380,2573,3,4,56,63,1.1587301587301588,0.06074443963372587,632,Told ya I could swallow the big one.
2827,2573,2,6,55,63,1.1587301587301588,0.05637245937794518,632,I know what you're thinking...I can assure you I am here just to admire.
3272,2573,1,8,54,63,1.1587301587301588,0.05163159310171238,632,"Yes, I recognize all six of them."
3234,2573,1,8,54,63,1.1587301587301588,0.05163159310171238,632,Do you think it's genetic?
3228,2573,1,8,54,63,1.1587301587301588,0.05163159310171238,632,I didn't know she was pregnant
3191,2573,1,8,54,63,1.1587301587301588,0.05163159310171238,632,"I can't seem to find the woman inside me, nor the boy, girl, baby, or zygote. I just feel so empty!"
3169,2573,0,10,53,63,1.1587301587301588,0.04640892840955829,632,I found the culprits.
3126,2573,3,4,56,63,1.1587301587301588,0.06074443963372587,632,"...Or, you can applaud my fidelity to the composite sketch."
3067,2573,2,6,55,63,1.1587301587301588,0.05637245937794518,632,One of them is hiding something. We need to get them to trust us and open up.
3042,2573,0,10,53,63,1.1587301587301588,0.04640892840955829,632,We need a new product. The Happy Dutch Maid is suffering declining sales.
3007,2573,2,6,55,63,1.1587301587301588,0.05637245937794518,632,"What do you mean?  They look completely different!  Look, this is the South, they're probably distant....or not so distant cousins."
2895,2573,0,10,53,63,1.1587301587301588,0.04640892840955829,632,The witness identified ALL of them -- was it because the perpetrator was running away from her?
2857,2573,2,6,55,63,1.1587301587301588,0.05637245937794518,632,I don't think they are going to open up for us.
3853,2573,2,6,55,63,1.1587301587301588,0.05637245937794518,632,I don’t get it.
2822,2573,0,10,53,63,1.1587301587301588,0.04640892840955829,632,"In my defense, ""rushing collision"" is easily misheard.  Just say ""hit-and-run"" next time."
3343,2573,1,8,54,63,1.1587301587301588,0.05163159310171238,632,"You’ve see one, you’ve seen ‘em all”"
3902,2573,2,6,55,63,1.1587301587301588,0.05637245937794518,632,Do you have any grey poupon?
4710,2573,2,6,55,63,1.1587301587301588,0.05637245937794518,632,Good thing the witness is a circus height guesser.
3971,2573,2,6,55,63,1.1587301587301588,0.05637245937794518,632,I know one of them is hiding something—but which one is it?
2821,2573,1,8,54,63,1.1587301587301588,0.05163159310171238,632,Don't call me Pyotr please. I'm Pete now.
4906,2573,1,8,54,63,1.1587301587301588,0.05163159310171238,632,For entry the head scarf is optional but a smile is compulsory.
4868,2573,0,10,53,63,1.1587301587301588,0.04640892840955829,632,"Every time it seems we’ve cracked this case open, there’s more to the story."
4785,2573,2,6,55,63,1.1587301587301588,0.05637245937794518,632,They’re introverts! You try getting them to come out of their shells.
4755,2573,2,6,55,63,1.1587301587301588,0.05637245937794518,632,Let’s add in an onion.
4646,2573,2,6,55,63,1.1587301587301588,0.05637245937794518,632,These are American nesting dolls! Not Russian.
4645,2573,1,8,54,63,1.1587301587301588,0.05163159310171238,632,Lineup is figurative not literal
4591,2573,2,6,55,63,1.1587301587301588,0.05637245937794518,632,. . . But first I had to gain their trust . . .
4545,2573,1,8,54,63,1.1587301587301588,0.05163159310171238,632,I don't think they have anything to hide.
4543,2573,1,8,54,63,1.1587301587301588,0.05163159310171238,632,Most of  ‘em have been inside already.
4539,2573,2,6,55,63,1.1587301587301588,0.05637245937794518,632,Why do I want off this case? Because the only suspect is my mother.
4537,2573,1,8,54,63,1.1587301587301588,0.05163159310171238,632,And so the charges stack!
4501,2573,1,8,54,63,1.1587301587301588,0.05163159310171238,632,Just cut me open to see if there is another me inside.
4487,2573,1,8,54,63,1.1587301587301588,0.05163159310171238,632,We have a tall order.
4406,2573,1,8,54,63,1.1587301587301588,0.05163159310171238,632,"It's the old shell game, but which one is the culprit?"
4382,2573,1,8,54,63,1.1587301587301588,0.05163159310171238,632,"I don't know what, but something inside me made me paint it."
4335,2573,1,8,54,63,1.1587301587301588,0.05163159310171238,632,No matter what they say we know that they're in it together.
4321,2573,1,8,54,63,1.1587301587301588,0.05163159310171238,632,Are you still sure you don't have Russian relatives?
4236,2573,2,6,55,63,1.1587301587301588,0.05637245937794518,632,"Well, quite obviously there is a criminal element at work here.  Each of them appears self involved and full of themselves."
4200,2573,2,6,55,63,1.1587301587301588,0.05637245937794518,632,"Well, the first problem is: the suspect was identified as a white male of average height."
4132,2573,2,6,55,63,1.1587301587301588,0.05637245937794518,632,We’re pretty sure at least one of them was present at the meeting with Don Jr.
4093,2573,0,10,53,63,1.1587301587301588,0.04640892840955829,632,We had to bring in the entire Matryoshka crime family.
4089,2573,2,6,55,63,1.1587301587301588,0.05637245937794518,632,"The evidence doesn’t stack up, Boss."
4085,2573,0,10,53,63,1.1587301587301588,0.04640892840955829,632,I think this one goes all the way to the top.
4082,2573,3,4,56,63,1.1587301587301588,0.06074443963372587,632,"I swear, I didn't know they were inside of me."
4059,2573,2,6,55,63,1.1587301587301588,0.05637245937794518,632,Each breakthrough points to an inside job...
4034,2573,1,8,54,63,1.1587301587301588,0.05163159310171238,632,Our tip said it was an inside job.
4013,2573,1,8,54,63,1.1587301587301588,0.05163159310171238,632,Don't tell them which one is the imposter.  See if they can figure it out themselves.
3989,2573,1,8,54,63,1.1587301587301588,0.05163159310171238,632,I like the variety.
3938,2573,0,10,53,63,1.1587301587301588,0.04640892840955829,632,How would I know she was Russian?
2804,2573,0,10,53,63,1.1587301587301588,0.04640892840955829,632,All matryoshkas look alike.
1955,2573,0,10,53,63,1.1587301587301588,0.04640892840955829,632,You are what you eat
2722,2573,1,8,54,63,1.1587301587301588,0.05163159310171238,632,"'I just can't figure out how they fit in to this..."""
1085,2573,1,8,54,63,1.1587301587301588,0.05163159310171238,632,"Good cop, bad cop? Let's just stack them--case closed."
1076,2573,0,10,53,63,1.1587301587301588,0.04640892840955829,632,They all looked equally suspicious
1068,2573,0,10,53,63,1.1587301587301588,0.04640892840955829,632,I can't hide it any longer - there's a woman inside me longing to come out.
1050,2573,0,10,53,63,1.1587301587301588,0.04640892840955829,632,"Okay, I reached deep into my personal resources to put this lineup together."
1041,2573,2,6,55,63,1.1587301587301588,0.05637245937794518,632,I’m sorry I referred to it as an in-nest-igation.
995,2573,0,10,53,63,1.1587301587301588,0.04640892840955829,632,"I'm not profiling, they fit the description..."
958,2573,1,8,54,63,1.1587301587301588,0.05163159310171238,632,Matroska Schmatroska. What's wrong with Patroska?
925,2573,1,8,54,63,1.1587301587301588,0.05163159310171238,632,well you see the football team was in a huddle and I thought they were talking about me so I decided to hide in the woman's room
902,2573,2,6,55,63,1.1587301587301588,0.05637245937794518,632,I kept them all in the cellar
875,2573,1,8,54,63,1.1587301587301588,0.05163159310171238,632,Vhat can I say?  Eetz nesting season!
868,2573,1,8,54,63,1.1587301587301588,0.05163159310171238,632,"When you asked me if I could assemble a line-up, I specifically told you I had it in me."
821,2573,1,8,54,63,1.1587301587301588,0.05163159310171238,632,These suspects fit together somehow.
809,2573,2,6,55,63,1.1587301587301588,0.05637245937794518,632,I'd peg Number 4 as the Ivanka knock-off.
761,2573,1,8,54,63,1.1587301587301588,0.05163159310171238,632,The one in the middle.
757,2573,0,10,53,63,1.1587301587301588,0.04640892840955829,632,How do I know they never plot with each other?  They have collusion insurance.
658,2573,2,6,55,63,1.1587301587301588,0.05637245937794518,632,"I'm sorry, it was dark inside. But she did have a distinctive mole."
618,2573,2,6,55,63,1.1587301587301588,0.05637245937794518,632,The line-up room is next door. This is the witness waiting room.
602,2573,1,8,54,63,1.1587301587301588,0.05163159310171238,632,You can't judge a book by its cover.
525,2573,0,10,53,63,1.1587301587301588,0.04640892840955829,632,Witch hunt?
484,2573,1,8,54,63,1.1587301587301588,0.05163159310171238,632,I think they’re hiding someone.
400,2573,1,8,54,63,1.1587301587301588,0.05163159310171238,632,Inclusion.  But no collusion.
341,2573,1,8,54,63,1.1587301587301588,0.05163159310171238,632,Something inside me says it couldn't of been them!
313,2573,1,8,54,63,1.1587301587301588,0.05163159310171238,632,Number one is our perp. The rest are fillers.
231,2573,2,6,55,63,1.1587301587301588,0.05637245937794518,632,Grow up!
178,2573,1,8,54,63,1.1587301587301588,0.05163159310171238,632,The witness is nesting. Hopefully she can identify at least one of them!
168,2573,1,8,54,63,1.1587301587301588,0.05163159310171238,632,"Every day, I'm reminded of my five younger brothers. I can't take it any more."
164,2573,1,8,54,63,1.1587301587301588,0.05163159310171238,632,Hold tight.  The suspect is being brought over by the a-nesting officer.
99,2573,1,8,54,63,1.1587301587301588,0.05163159310171238,632,Trump hired me.
2752,2573,2,6,55,63,1.1587301587301588,0.05637245937794518,632,"Time and time again, her modus operandi has been remarkably similar."
1095,2573,2,6,55,63,1.1587301587301588,0.05637245937794518,632,Do these pants make my ass look fat?
1142,2573,1,8,54,63,1.1587301587301588,0.05163159310171238,632,How is anyone supposed to nab the real culprit?
598,2573,1,8,54,63,1.1587301587301588,0.05163159310171238,632,"I may win a nobel prize for cloning, is that a crime?"
1256,2573,2,6,55,63,1.1587301587301588,0.05637245937794518,632,No relation whatsoever
2718,2573,2,6,55,63,1.1587301587301588,0.05637245937794518,632,"Listen , there’s a lot more to me then meets the eye"
1245,2573,1,8,54,63,1.1587301587301588,0.05163159310171238,632,I feel like there is more than one me that was hurt by her.
2661,2573,0,10,53,63,1.1587301587301588,0.04640892840955829,632,Hanging out with Trump again?
2542,2573,2,6,55,63,1.1587301587301588,0.05637245937794518,632,can we just pin it on all of them and say it was collusion?
2425,2573,2,6,55,63,1.1587301587301588,0.05637245937794518,632,How do I fit in?
2405,2573,1,8,54,63,1.1587301587301588,0.05163159310171238,632,"And when I arrived home, she'd put all my belongings in a box in a box in a box in a box on the stoop."
2087,2573,4,2,57,63,1.1587301587301588,0.06482221622648096,632,I encouraged them to let out what they've got bottled up inside.
2042,2573,1,8,54,63,1.1587301587301588,0.05163159310171238,632,"After I fell off the wall, this is how they put me together again."
1988,2573,1,8,54,63,1.1587301587301588,0.05163159310171238,632,The DNA test was inconclusive.
1917,2573,1,8,54,63,1.1587301587301588,0.05163159310171238,632,As long as we're not rushin' the process I think we'll be okay.
1837,2573,3,4,56,63,1.1587301587301588,0.06074443963372587,632,"Trust me, it was an inside job."
1760,2573,0,10,53,63,1.1587301587301588,0.04640892840955829,632,What conflict of interest?
1723,2573,1,8,54,63,1.1587301587301588,0.05163159310171238,632,"When you’re investigating the Russian mob, Lydia, getting a good height estimate from witnesses is critical!"
1712,2573,1,8,54,63,1.1587301587301588,0.05163159310171238,632,I could've sworn that there was only one when I got there.
2399,2573,1,8,54,63,1.1587301587301588,0.05163159310171238,632,So yea.....they all look the same to me.
1599,2573,1,8,54,63,1.1587301587301588,0.05163159310171238,632,We really shouldn't have let Ames design our line-up room.
1373,2573,2,6,55,63,1.1587301587301588,0.05637245937794518,632,"It's just a shame that our only witness is a guy that works the late shift at Toys ""R"" Us."
1668,2573,1,8,54,63,1.1587301587301588,0.05163159310171238,632,Matryoshka? Babushka?  They all look alike to me!
1376,2573,1,8,54,63,1.1587301587301588,0.05163159310171238,632,I am not convinced we have are seeing all the suspects.
1430,2573,2,6,55,63,1.1587301587301588,0.05637245937794518,632,"Well, in that case I guess it was all of them?"
1456,2573,1,8,54,63,1.1587301587301588,0.05163159310171238,632,"All of them have airtight alibis, except for one..."
1465,2573,1,8,54,63,1.1587301587301588,0.05163159310171238,632,"OK, so I have everything except the blushing cheeks and head scarf, and I'm the next size up, so I said I'd help them. There was never any mention of a champaign...or...campaign...or...can I just leave now?"
1448,2573,2,6,55,63,1.1587301587301588,0.05637245937794518,632,I just thought Internal Affairs might would know what to do.
1482,2573,2,6,55,63,1.1587301587301588,0.05637245937794518,632,The Russian investigation is more layered than I expected.
1556,2573,2,6,55,63,1.1587301587301588,0.05637245937794518,632,"Nyet. They don't say nothing, but I think little one did it."
1572,2573,2,6,55,63,1.1587301587301588,0.05637245937794518,632,Looks like Mueller-time. The little one was in the wet-bed tape.
1582,2573,1,8,54,63,1.1587301587301588,0.05163159310171238,632,Organized crime nesting dolls. Inside job?
1473,2573,0,10,53,63,1.1587301587301588,0.04640892840955829,632,Can you please just see where I'm coming from?
1280,2573,2,6,55,63,1.1587301587301588,0.05637245937794518,632,"It's a witch hunt, alright."
772,2700,1,8,55,64,1.15625,0.05087893153952011,632,"""Don't even THINK of saying it ..!!"""
1393,2700,2,6,56,64,1.15625,0.055540052400361674,632,I'm not guilty.  I suffer from multiple personality disorder.
3247,2702,0,9,52,61,1.1475409836065573,0.04578439358612767,632,Looks like we have ourselves a case of multiple identity.
3219,2702,1,7,53,61,1.1475409836065573,0.051406797055264415,632,"Trust me, this case is filled with twists and turns."
3321,2702,1,7,53,61,1.1475409836065573,0.051406797055264415,632,So you're telling me we've lost track of the suspect?
3190,2702,2,5,54,61,1.1475409836065573,0.056472177848147814,632,They’re not really smaller. That’s just foreshortening.
3282,2702,1,7,53,61,1.1475409836065573,0.051406797055264415,632,i'm not too sure we'll ever crack this case open.
3299,2702,2,5,54,61,1.1475409836065573,0.056472177848147814,632,The DNA samples seem stacked against me.
3303,2702,2,5,54,61,1.1475409836065573,0.056472177848147814,632,It'll just come down to who fits inside the profile.
3312,2702,1,7,53,61,1.1475409836065573,0.051406797055264415,632,"It's not the size that counts, right?"
3433,2702,1,7,53,61,1.1475409836065573,0.051406797055264415,632,"Not collusion, to be our next model you must become one of us."
3351,2702,0,9,52,61,1.1475409836065573,0.04578439358612767,632,We had narrowed it down to one suspect
3359,2702,0,9,52,61,1.1475409836065573,0.04578439358612767,632,"In my defense, Roseanne Nightingale sounds a lot like Russian Nesting Dolls."
3379,2702,1,7,53,61,1.1475409836065573,0.051406797055264415,632,Here's the lineup. See anyone that doesn't fit in?
3411,2702,0,9,52,61,1.1475409836065573,0.04578439358612767,632,None of these dolls were in any way connected with the 2016 election. You want to look at other kinds of Doll.
3450,2702,0,9,52,61,1.1475409836065573,0.04578439358612767,632,"I know I should be up front, but my gut tell's me all the action's right here. Like this case is going to break wide open, and I have the next clue: *inside* me...Crazy, huh?"
3165,2702,1,7,53,61,1.1475409836065573,0.051406797055264415,632,So you think we're all just dollies?
3489,2702,0,9,52,61,1.1475409836065573,0.04578439358612767,632,"Putin told me to remind you, send these to the White House, no return address!"
3497,2702,1,7,53,61,1.1475409836065573,0.051406797055264415,632,Welcome to Russia.
3332,2702,2,5,54,61,1.1475409836065573,0.056472177848147814,632,Who you calling pinhead?
3104,2702,1,7,53,61,1.1475409836065573,0.051406797055264415,632,This is all a misunderstanding.  I swear I didn't mean nuthin' by it when I asked if I could try to fit inside her.
2495,2702,1,7,53,61,1.1475409836065573,0.051406797055264415,632,There is no Russian doll collusion here.
3050,2702,0,9,52,61,1.1475409836065573,0.04578439358612767,632,You think I have a self-image problem?
3541,2702,3,3,55,61,1.1475409836065573,0.061119186499368025,632,I'm a real doll inside and out!
2330,2702,1,7,53,61,1.1475409836065573,0.051406797055264415,632,I told you--there's no Russian cover-up!
2372,2702,0,9,52,61,1.1475409836065573,0.04578439358612767,632,It wasn't my intention to diminish women!
2412,2702,0,9,52,61,1.1475409836065573,0.04578439358612767,632,They do look like their mother. But fortunately none of them has her secretive personality.
2416,2702,0,9,52,61,1.1475409836065573,0.04578439358612767,632,You gotta use the small ones to get inside the big one’s head.
2587,2702,0,9,52,61,1.1475409836065573,0.04578439358612767,632,You'll fit right in soon enough.
2646,2702,1,7,53,61,1.1475409836065573,0.051406797055264415,632,My mother said it was hereditary.
2667,2702,1,7,53,61,1.1475409836065573,0.051406797055264415,632,"Unfortunately, their lack of arms rules out our fingerprint evidence."
2768,2702,0,9,52,61,1.1475409836065573,0.04578439358612767,632,We have a little evidence stacked against them.
2770,2702,0,9,52,61,1.1475409836065573,0.04578439358612767,632,I know something about crime nests.
2787,2702,0,9,52,61,1.1475409836065573,0.04578439358612767,632,What?  I'm just channeling my inner child.
2793,2702,1,7,53,61,1.1475409836065573,0.051406797055264415,632,She was wearing a bubushka that's all I remember
2806,2702,1,7,53,61,1.1475409836065573,0.051406797055264415,632,I can't stand it. She won't talk to me.
2845,2702,1,7,53,61,1.1475409836065573,0.051406797055264415,632,Your line of Russian Suspects. Some think it was the short one.
2885,2702,0,9,52,61,1.1475409836065573,0.04578439358612767,632,"'Search the smallest one."" ""Well that's the problem."""
2998,2702,1,7,53,61,1.1475409836065573,0.051406797055264415,632,There's something off with the third from the left.
3022,2702,1,7,53,61,1.1475409836065573,0.051406797055264415,632,Third from the right is a rebel.
3084,2702,1,7,53,61,1.1475409836065573,0.051406797055264415,632,Is perestroika over yet Mrs. Putin?
3642,2702,1,7,53,61,1.1475409836065573,0.051406797055264415,632,Smuggler!
4762,2702,1,7,53,61,1.1475409836065573,0.051406797055264415,632,I didn't think we would be so affected by the Russian Intervention.
3670,2702,1,7,53,61,1.1475409836065573,0.051406797055264415,632,"I’m not sure who is guilty, but I do know that since we have had them in custody, the Russian Nesting Doll crime wave has ended."
4437,2702,1,7,53,61,1.1475409836065573,0.051406797055264415,632,"'It's a family tradition. When I was still inside my mother Motryashka, she sung to me a story her mother sung when she was still inside of her. It's a story of how to make money in Russia.'"
4445,2702,2,5,54,61,1.1475409836065573,0.056472177848147814,632,Better get up carefully from that chair. It doesn't have the required five wheels to be steady.
4475,2702,1,7,53,61,1.1475409836065573,0.051406797055264415,632,How many Babushka Dolls does it take to change a light bulb?
4482,2702,2,5,54,61,1.1475409836065573,0.056472177848147814,632,I feel that I need to get in touch with my inner selves.
4513,2702,1,7,53,61,1.1475409836065573,0.051406797055264415,632,They're claiming no collusion...
4553,2702,2,5,54,61,1.1475409836065573,0.056472177848147814,632,"Without any fingerprints, we need a solid identification."
4686,2702,0,9,52,61,1.1475409836065573,0.04578439358612767,632,How did you ever find six suspects who look so much alike?
4721,2702,1,7,53,61,1.1475409836065573,0.051406797055264415,632,The evidence has been staked against you Comrade!
4787,2702,0,9,52,61,1.1475409836065573,0.04578439358612767,632,A bit bland for Guccifer.
4819,2702,1,7,53,61,1.1475409836065573,0.051406797055264415,632,I think the Russians have hacked our selections.
4835,2702,3,3,55,61,1.1475409836065573,0.061119186499368025,632,We're trying to get to the bottom of this.
4863,2702,0,9,52,61,1.1475409836065573,0.04578439358612767,632,So which one do you think will take the fall?
4864,2702,0,9,52,61,1.1475409836065573,0.04578439358612767,632,"No blush, no smile---always a dead giveaway."
4881,2702,0,9,52,61,1.1475409836065573,0.04578439358612767,632,We're ready.  Bring in the White House staff.
4883,2702,0,9,52,61,1.1475409836065573,0.04578439358612767,632,You finally got the Mom to crack
4904,2702,2,5,54,61,1.1475409836065573,0.056472177848147814,632,"Instead of 1, 2, 3 just say Small, Medium or Large."
2309,2702,0,9,52,61,1.1475409836065573,0.04578439358612767,632,The one without the rosy cheeks wants to go to the White House.
4414,2702,1,7,53,61,1.1475409836065573,0.051406797055264415,632,The little voice inside of me says number six did it.
4405,2702,0,9,52,61,1.1475409836065573,0.04578439358612767,632,"All I said was, 'whoever one did it, she's a doll!'"
4316,2702,1,7,53,61,1.1475409836065573,0.051406797055264415,632,I’ll admit they do look familiar.
4262,2702,1,7,53,61,1.1475409836065573,0.051406797055264415,632,We've been annexed by Crazytown.
3716,2702,1,7,53,61,1.1475409836065573,0.051406797055264415,632,Inside I contain multitudes.
3724,2702,1,7,53,61,1.1475409836065573,0.051406797055264415,632,It's not my fault they all look like *Borat Voice* my wiiiffeeeeee
3770,2702,0,9,52,61,1.1475409836065573,0.04578439358612767,632,The victim identified the perp by her hollow eyes.
3775,2702,1,7,53,61,1.1475409836065573,0.051406797055264415,632,"Why does everyone say ""Russia"" like that?"
3795,2702,0,9,52,61,1.1475409836065573,0.04578439358612767,632,"Gary, I told you to keep you hands off the merchandise."
3796,2702,2,5,54,61,1.1475409836065573,0.056472177848147814,632,I can't squeeze you in.
3830,2702,1,7,53,61,1.1475409836065573,0.051406797055264415,632,I have a feeling we’ll be downsized next.
3863,2702,1,7,53,61,1.1475409836065573,0.051406797055264415,632,"Don't know why, but they're like family to me !"
3647,2702,2,5,54,61,1.1475409836065573,0.056472177848147814,632,I think I've been hacked....
3903,2702,2,5,54,61,1.1475409836065573,0.056472177848147814,632,Feeling a little beside yourself today?
3915,2702,2,5,54,61,1.1475409836065573,0.056472177848147814,632,An inside job and both victims ID the little one -  it all fits together perfectly
4052,2702,1,7,53,61,1.1475409836065573,0.051406797055264415,632,"For some reasons,I'm really up for some borscht."
4075,2702,1,7,53,61,1.1475409836065573,0.051406797055264415,632,We can't get them to talk.
4114,2702,2,5,54,61,1.1475409836065573,0.056472177848147814,632,Six more and we have an even- dozen
4191,2702,2,5,54,61,1.1475409836065573,0.056472177848147814,632,"Deep inside,I'm just a little boy."
4214,2702,2,5,54,61,1.1475409836065573,0.056472177848147814,632,It was an inside job so it definitely wasn't the one your left
4226,2702,0,9,52,61,1.1475409836065573,0.04578439358612767,632,My money's on it being an inside job.
4246,2702,0,9,52,61,1.1475409836065573,0.04578439358612767,632,They all say I groped them while they were nesting!
3908,2702,2,5,54,61,1.1475409836065573,0.056472177848147814,632,Hi. My name is Julian. I am from Ecuador.
2276,2702,1,7,53,61,1.1475409836065573,0.051406797055264415,632,We can't be sure they weren't all in in it.
2463,2702,0,9,52,61,1.1475409836065573,0.04578439358612767,632,"I hauled them in for microaggressions, micromicroaggressions, micromicromicroaggressions, micromicromicromicroaggressions…"
2245,2702,1,7,53,61,1.1475409836065573,0.051406797055264415,632,My inner child thinks it's number six.
626,2702,3,3,55,61,1.1475409836065573,0.061119186499368025,632,I've always parted on the side.  Why do you ask?
647,2702,1,7,53,61,1.1475409836065573,0.051406797055264415,632,Everyone tells me I fit the profile.
650,2702,2,5,54,61,1.1475409836065573,0.056472177848147814,632,. . . . all of the above.
657,2702,2,5,54,61,1.1475409836065573,0.056472177848147814,632,That's her!!!  3rd size down.  I'd swear my 4th smallest son on it!!!
699,2702,0,9,52,61,1.1475409836065573,0.04578439358612767,632,Something doesn't stack up.
727,2702,1,7,53,61,1.1475409836065573,0.051406797055264415,632,"Wait, you said nest the russian dolls, not arrest?"
750,2702,0,9,52,61,1.1475409836065573,0.04578439358612767,632,I swear I'm not racist. They all look alike.
762,2702,0,9,52,61,1.1475409836065573,0.04578439358612767,632,Is it wrong just to take a little time out to examine our innermost selves?
810,2702,0,9,52,61,1.1475409836065573,0.04578439358612767,632,It’s a family thing.
856,2702,1,7,53,61,1.1475409836065573,0.051406797055264415,632,"You wouldn't think she had it in her to commit a crime, would you?"
866,2702,1,7,53,61,1.1475409836065573,0.051406797055264415,632,"There's quite a bit of indigestion, in our family!"
895,2702,1,7,53,61,1.1475409836065573,0.051406797055264415,632,The nesting doll wearing a babushka did it.
964,2702,3,3,55,61,1.1475409836065573,0.061119186499368025,632,"I was told to look for a mule, not a doll...."
986,2702,0,9,52,61,1.1475409836065573,0.04578439358612767,632,"'The one with the babushka' doesn't really help us, lady."""
1013,2702,0,9,52,61,1.1475409836065573,0.04578439358612767,632,"You know, Cagney, I suspect this is an inside job."
1021,2702,0,9,52,61,1.1475409836065573,0.04578439358612767,632,You almost stepped on Lars.
1035,2702,2,5,54,61,1.1475409836065573,0.056472177848147814,632,"I'm sure its the fourth one from the left, as she's hated me since I removed her cheek spots."
538,2702,0,9,52,61,1.1475409836065573,0.04578439358612767,632,This one's a tribute to my mother.
1052,2702,2,5,54,61,1.1475409836065573,0.056472177848147814,632,Murder by Borscht?
532,2702,1,7,53,61,1.1475409836065573,0.051406797055264415,632,Of course she complains about wearing hand-me-downs.
526,2702,0,9,52,61,1.1475409836065573,0.04578439358612767,632,"I suspect Russian collusion."""
151,2702,1,7,53,61,1.1475409836065573,0.051406797055264415,632,...and the mastermind behind it all is a matrioshka brain!
160,2702,2,5,54,61,1.1475409836065573,0.056472177848147814,632,You think I stacked the lineup?
172,2702,1,7,53,61,1.1475409836065573,0.051406797055264415,632,It's the one in the middle.
187,2702,2,5,54,61,1.1475409836065573,0.056472177848147814,632,"Make no mistake, our suspect was helped by someone on the inside."
205,2702,0,9,52,61,1.1475409836065573,0.04578439358612767,632,"What do you mean, eyes are watching me hack into their system?"
247,2702,1,7,53,61,1.1475409836065573,0.051406797055264415,632,"Since it's a mob, I say we go with RICO charges."
275,2702,1,7,53,61,1.1475409836065573,0.051406797055264415,632,The resemblance is eerie but no makeup might be the giveaway.
289,2702,1,7,53,61,1.1475409836065573,0.051406797055264415,632,You can see that the suspects have really opened up.
292,2702,2,5,54,61,1.1475409836065573,0.056472177848147814,632,I can't help feeling like we're stacking the evidence against her.
302,2702,0,9,52,61,1.1475409836065573,0.04578439358612767,632,I’ve found these dolls after bring your kid to work day. They are totally not mine.
371,2702,1,7,53,61,1.1475409836065573,0.051406797055264415,632,"Which one is our suspect, again?"
413,2702,1,7,53,61,1.1475409836065573,0.051406797055264415,632,How did Putin get to pick the lineup?
424,2702,1,7,53,61,1.1475409836065573,0.051406797055264415,632,"Face it, we both need to lose a little weight."
447,2702,1,7,53,61,1.1475409836065573,0.051406797055264415,632,I’d guess the smallest one.  It looked like an inside job.
463,2702,0,9,52,61,1.1475409836065573,0.04578439358612767,632,What? No I said it was a matricide.
516,2702,1,7,53,61,1.1475409836065573,0.051406797055264415,632,"Believe me. I know their type. Just when you think you've got 'em, there's always one more."""
523,2702,1,7,53,61,1.1475409836065573,0.051406797055264415,632,I think it was the one with the apron.
529,2702,1,7,53,61,1.1475409836065573,0.051406797055264415,632,You might say the odds are stacked against them.
71,2702,0,9,52,61,1.1475409836065573,0.04578439358612767,632,This job has made me wonder what I have inside me.
1071,2702,3,3,55,61,1.1475409836065573,0.061119186499368025,632,The small one is pure evil.
1189,2702,1,7,53,61,1.1475409836065573,0.051406797055264415,632,It's the ones that aren't hollow that you have to look out for.  God knows what they're hiding and where they're hiding it!
1761,2702,2,5,54,61,1.1475409836065573,0.056472177848147814,632,I think the one on the end is hiding something.
1770,2702,1,7,53,61,1.1475409836065573,0.051406797055264415,632,These are called Full Transparency
1779,2702,0,9,52,61,1.1475409836065573,0.04578439358612767,632,"""Only the biggest one seems to be a trustworthy eyewitness."""
1815,2702,1,7,53,61,1.1475409836065573,0.051406797055264415,632,My hunch is that a series of crimes were committed.
1831,2702,1,7,53,61,1.1475409836065573,0.051406797055264415,632,"Frankly, we just don't think you fit in here."
1946,2702,1,7,53,61,1.1475409836065573,0.051406797055264415,632,Its the best I could do on short notice
2002,2702,0,9,52,61,1.1475409836065573,0.04578439358612767,632,"Don’t sweat it, every witness is unreliable"
2109,2702,1,7,53,61,1.1475409836065573,0.051406797055264415,632,I'm getting to the bottom of it.
2112,2702,0,9,52,61,1.1475409836065573,0.04578439358612767,632,Take all the time you need.
2121,2702,1,7,53,61,1.1475409836065573,0.051406797055264415,632,Sorry boss...I just don't know why I didn't fit...
2164,2702,0,9,52,61,1.1475409836065573,0.04578439358612767,632,Too soon?
2210,2702,1,7,53,61,1.1475409836065573,0.051406797055264415,632,I just felt like she was hiding something
2273,2702,1,7,53,61,1.1475409836065573,0.051406797055264415,632,"Yes, I've been told that they take after me."
2222,2702,1,7,53,61,1.1475409836065573,0.051406797055264415,632,"Why me? Those things are made of wood, fire them. ”"
2226,2702,0,9,52,61,1.1475409836065573,0.04578439358612767,632,Tell me you didn't call in the bomb squad again.
2238,2702,1,7,53,61,1.1475409836065573,0.051406797055264415,632,"In my defense, this is what they get for allowing the kids to help with suspect sketches on bring your kid to work day."
2239,2702,0,9,52,61,1.1475409836065573,0.04578439358612767,632,Why would I want to get to know the inner me?
1752,2702,1,7,53,61,1.1475409836065573,0.051406797055264415,632,"Collusion to illusion, really?"
1178,2702,0,9,52,61,1.1475409836065573,0.04578439358612767,632,These Russian ladies have agreed not to tamper with the November elections in the U.S..
1728,2702,2,5,54,61,1.1475409836065573,0.056472177848147814,632,We just don't know which Russian colluded.
1676,2702,1,7,53,61,1.1475409836065573,0.051406797055264415,632,"We think the leader is the one called, ""Babushka"" — but we can't get them to open up."
1195,2702,1,7,53,61,1.1475409836065573,0.051406797055264415,632,I'm undercover...
1239,2702,0,9,52,61,1.1475409836065573,0.04578439358612767,632,"...Comrade, I believe my adopted family, whilst they despised her, were entirely legless at the time of the alleged crime - so it can't be them who physically adducted my missing Mamuschka"
1315,2702,1,7,53,61,1.1475409836065573,0.051406797055264415,632,"Well, maybe Vladimir Putin is in one of them"
1342,2702,0,9,52,61,1.1475409836065573,0.04578439358612767,632,What do you mean? Of course these are my sisters!
1349,2702,2,5,54,61,1.1475409836065573,0.056472177848147814,632,"Trust me, Lieutenant, once we flip the first one, they'll all go down."
1371,2702,0,9,52,61,1.1475409836065573,0.04578439358612767,632,"You can leave, I've got it covered."
1388,2702,1,7,53,61,1.1475409836065573,0.051406797055264415,632,We have a positive ID . The killer definitely did not have rosy cheeks...
1420,2702,1,7,53,61,1.1475409836065573,0.051406797055264415,632,I don't know what to do. They keeking coving eachother.
1427,2702,1,7,53,61,1.1475409836065573,0.051406797055264415,632,"Ma'am, look again. Your complaint clearly states that the woman that stole your purse did NOT have round dots on her cheeks."
1453,2702,0,9,52,61,1.1475409836065573,0.04578439358612767,632,You wanted diversity I gave you diversity
1459,2702,1,7,53,61,1.1475409836065573,0.051406797055264415,632,"No, sir. One size does NOT fit all."
1527,2702,0,9,52,61,1.1475409836065573,0.04578439358612767,632,Am I hiding something?  Nyet!
1539,2702,1,7,53,61,1.1475409836065573,0.051406797055264415,632,"According to Mr. Petrov, the babushka that robbed him was a real doll."
1622,2702,0,9,52,61,1.1475409836065573,0.04578439358612767,632,The proof is stacking up.
1624,2702,2,5,54,61,1.1475409836065573,0.056472177848147814,632,"Call the police, Honey.    They've stolen our boys!    Oh dear, I feel  so EMPTY!"
1634,2702,1,7,53,61,1.1475409836065573,0.051406797055264415,632,She said there were many sides to her but I didn't believe it.
1659,2702,1,7,53,61,1.1475409836065573,0.051406797055264415,632,"Look Doll, you are up for a peer review and it ain't gonna be just a rubber stamp this time"
1716,2702,2,5,54,61,1.1475409836065573,0.056472177848147814,632,Why blow money on a hired model?
2,2702,1,7,53,61,1.1475409836065573,0.051406797055264415,632,"They don't charge, and they're easy to store."
2884,2869,2,5,55,62,1.1451612903225807,0.05560481450241429,632,We don’t know how many of them were acting alone.
4911,2870,1,6,51,58,1.1379310344827587,0.051875157633235774,632,"No Steve...I said I was I ""rushin' through Dulles AND that the lines were criminal""!"
3329,2870,2,4,52,58,1.1379310344827587,0.05741073642646485,632,Do you think he remembers her features?
3330,2870,0,8,50,58,1.1379310344827587,0.04567352955396704,632,Something tells me they were all at the scene of the crime at the same time. I didn't spend 3 years undercover for nothing.
3362,2870,0,8,50,58,1.1379310344827587,0.04567352955396704,632,"I hate Russian dolls, they are full of themselves."
3401,2870,0,8,50,58,1.1379310344827587,0.04567352955396704,632,I firmly deny paternity.
3409,2870,2,4,52,58,1.1379310344827587,0.05741073642646485,632,We've had no luck getting them to open up.
3431,2870,0,8,50,58,1.1379310344827587,0.04567352955396704,632,"OK, the contacts were Russian.  But they've all been taken out of context."
3441,2870,0,8,50,58,1.1379310344827587,0.04567352955396704,632,"Well, at least we only have to question one of them."
3447,2870,1,6,51,58,1.1379310344827587,0.051875157633235774,632,There's a little voice inside me trying to get out.
3459,2870,0,8,50,58,1.1379310344827587,0.04567352955396704,632,Problem is they all look like colluders.
3493,2870,0,8,50,58,1.1379310344827587,0.04567352955396704,632,Guess which one is filled with bitcoins
3528,2870,0,8,50,58,1.1379310344827587,0.04567352955396704,632,Charge 'em all.  It was clearly an inside job.
3538,2870,1,6,51,58,1.1379310344827587,0.051875157633235774,632,This is only a shell covering my true inner self.
3563,2870,0,8,50,58,1.1379310344827587,0.04567352955396704,632,We picked the whole lot of them up at the border for smuggling.
3605,2870,1,6,51,58,1.1379310344827587,0.051875157633235774,632,Their stories just nestle inside each other's.
3616,2870,1,6,51,58,1.1379310344827587,0.051875157633235774,632,Honestly Chief? I don't think we're ever going to get to the bottom of this.
3695,2870,2,4,52,58,1.1379310344827587,0.05741073642646485,632,Don't look at me Nancy; you're the one who said to look for someone working on the inside.
3720,2870,0,8,50,58,1.1379310344827587,0.04567352955396704,632,I know they're smuggling something . . .
3322,2870,1,6,51,58,1.1379310344827587,0.051875157633235774,632,Don’t look at me like that...That’s how they came
3758,2870,1,6,51,58,1.1379310344827587,0.051875157633235774,632,"I swear boss, I only brought in one suspect and four more appeared from nowhere...?"
3276,2870,1,6,51,58,1.1379310344827587,0.051875157633235774,632,"Yes, Mr. Weeble, I do see some resemblance, but I am still required to ask for names of your wife and children."
3237,2870,1,6,51,58,1.1379310344827587,0.051875157633235774,632,Are you sure you've got them all?
4912,2870,0,8,50,58,1.1379310344827587,0.04567352955396704,632,If you could only see what I'm like inside.
2742,2870,1,6,51,58,1.1379310344827587,0.051875157633235774,632,What did you mean when you said that you couldn't tell the difference so you treated them all as one
2794,2870,0,8,50,58,1.1379310344827587,0.04567352955396704,632,It appears they've all recently been in hiding.
2795,2870,0,8,50,58,1.1379310344827587,0.04567352955396704,632,It's the Revealing Your Inner Child workshop.
2798,2870,1,6,51,58,1.1379310344827587,0.051875157633235774,632,"Well, we already elected a clown, so why not?"
2826,2870,2,4,52,58,1.1379310344827587,0.05741073642646485,632,"I'm sorry, mam, but things are not stacking up."
2839,2870,2,4,52,58,1.1379310344827587,0.05741073642646485,632,I have no idea where the other five came from -- do any of them look familiar from the arrest?
2848,2870,1,6,51,58,1.1379310344827587,0.051875157633235774,632,"No, you can't call me Sergeant Babushka during this investigation."
2938,2870,1,6,51,58,1.1379310344827587,0.051875157633235774,632,I didn't know I needed a release.
2948,2870,1,6,51,58,1.1379310344827587,0.051875157633235774,632,"Is it just me, or is this the best looking line-up we've seen in a while?"
2967,2870,1,6,51,58,1.1379310344827587,0.051875157633235774,632,Were never going to solve this case Nicole. Number 1 says that number 2 is her Mother. Number 2 says that number 3 is her Mother. Number 3 says that number 4 is her mother. Number 5 says that ......
2990,2870,1,6,51,58,1.1379310344827587,0.051875157633235774,632,O decided to leave The White House and come back to my old job working for the Russians.
2997,2870,1,6,51,58,1.1379310344827587,0.051875157633235774,632,This is the most maddening case of cannibalism I've ever seen.
3019,2870,0,8,50,58,1.1379310344827587,0.04567352955396704,632,Their five brothers have nothing to do with this.
3154,2870,0,8,50,58,1.1379310344827587,0.04567352955396704,632,Let them go. The witness swears it wasn’t an inside job.
3173,2870,1,6,51,58,1.1379310344827587,0.051875157633235774,632,"The Babushka in me is my savage wife""
Talieah Ram, Honolulu, HI"
3216,2870,0,8,50,58,1.1379310344827587,0.04567352955396704,632,I'm not sure you'll be a good fit for us.
3242,2870,0,8,50,58,1.1379310344827587,0.04567352955396704,632,Experience tells me they’re in cahoots.
2719,2870,0,8,50,58,1.1379310344827587,0.04567352955396704,632,"Okay, you got me. Yes, the aunts from the old country were in town, and my regular guy downtown couldn't get me 'six matronly babushkas' for the lineup casting, so I had to improvise."
3767,2870,1,6,51,58,1.1379310344827587,0.051875157633235774,632,"You see, it's a family business."
3813,2870,0,8,50,58,1.1379310344827587,0.04567352955396704,632,"Okay,  but I have to be the lead Matruska"
4508,2870,0,8,50,58,1.1379310344827587,0.04567352955396704,632,I feel like the one on the right is hiding something.
4523,2870,1,6,51,58,1.1379310344827587,0.051875157633235774,632,Hard to tell which one influenced the 2016 election!
4541,2870,0,8,50,58,1.1379310344827587,0.04567352955396704,632,"Honestly, it was pretty easy to find the copy cat killers."
4542,2870,2,4,52,58,1.1379310344827587,0.05741073642646485,632,I feel like I'm trapped in the Matrixoshka!
4563,2870,1,6,51,58,1.1379310344827587,0.051875157633235774,632,Everytime we bring one in another one pops out.
4575,2870,1,6,51,58,1.1379310344827587,0.051875157633235774,632,Purchases benefit the Butina Defense Fund.
4581,2870,1,6,51,58,1.1379310344827587,0.051875157633235774,632,I caught 'em nesting.
4598,2870,2,4,52,58,1.1379310344827587,0.05741073642646485,632,"Why no, sergeant, I don’t recall there being 7 suspects involved."
4613,2870,0,8,50,58,1.1379310344827587,0.04567352955396704,632,"If we can get a positive I.D., 
I'm sure you'll be able to get her to open up."
4626,2870,2,4,52,58,1.1379310344827587,0.05741073642646485,632,"Yeah, I'm an Amway dealer. How did you know?"
4628,2870,1,6,51,58,1.1379310344827587,0.051875157633235774,632,Our stowaway could be anyone of them.
4728,2870,1,6,51,58,1.1379310344827587,0.051875157633235774,632,And that is the long and the short of it.
4808,2870,0,8,50,58,1.1379310344827587,0.04567352955396704,632,"They all have the same alibi; ""We were together."" And, babushka confirmed it."
4811,2870,1,6,51,58,1.1379310344827587,0.051875157633235774,632,I fear my job has gotten a little monotonous!
4834,2870,1,6,51,58,1.1379310344827587,0.051875157633235774,632,You said to get more females in the line up.”
4869,2870,1,6,51,58,1.1379310344827587,0.051875157633235774,632,Sometimes it's hard to keep my head on straight.
4897,2870,0,8,50,58,1.1379310344827587,0.04567352955396704,632,It personalizes the data
4430,2870,2,4,52,58,1.1379310344827587,0.05741073642646485,632,The witness complained of blurred vision.
3810,2870,1,6,51,58,1.1379310344827587,0.051875157633235774,632,And then they all ba-bashed me.
4401,2870,1,6,51,58,1.1379310344827587,0.051875157633235774,632,"Well, they’re alleged associates of election stackers – but of course they’re insisting “No Collusion!”"
4318,2870,1,6,51,58,1.1379310344827587,0.051875157633235774,632,What do you mean the witness said for the little one to step forward?
3819,2870,1,6,51,58,1.1379310344827587,0.051875157633235774,632,"Now,What exactly makes you think I’m their father?"
3839,2870,2,4,52,58,1.1379310344827587,0.05741073642646485,632,...And inside the littlest one we found three kilograms of heroin
3928,2870,0,8,50,58,1.1379310344827587,0.04567352955396704,632,"But, she was a senior, detective."
3985,2870,3,2,53,58,1.1379310344827587,0.06245761230294493,632,"First you brought a hollow, Turkish horse, now this...You’ve got to stop taking my metaphors seriously Greg."
4036,2870,1,6,51,58,1.1379310344827587,0.051875157633235774,632,"Well, she was wearing glasses, so it’s hard to tell..."
4095,2870,1,6,51,58,1.1379310344827587,0.051875157633235774,632,I think she said her name was Matryoshka.
4133,2870,0,8,50,58,1.1379310344827587,0.04567352955396704,632,Only the first two are mine. The rest were cloned.
4143,2870,1,6,51,58,1.1379310344827587,0.051875157633235774,632,We know your hiding something!
4147,2870,1,6,51,58,1.1379310344827587,0.051875157633235774,632,I think we are Russian this.
4169,2870,0,8,50,58,1.1379310344827587,0.04567352955396704,632,Don’t look at me Susan. My shift has just started.
4176,2870,0,8,50,58,1.1379310344827587,0.04567352955396704,632,"Sometimes I wonder, is it true what they say about us profiling perps?"
4178,2870,2,4,52,58,1.1379310344827587,0.05741073642646485,632,I wonder who she had to sleep with.
4244,2870,0,8,50,58,1.1379310344827587,0.04567352955396704,632,I just feel like they’re each hiding something.
4247,2870,1,6,51,58,1.1379310344827587,0.051875157633235774,632,"They seem to know each other, but were extremely strong and powerful in their denials."
4267,2870,3,2,53,58,1.1379310344827587,0.06245761230294493,632,So exactly how deep does this colllusion go
4280,2870,1,6,51,58,1.1379310344827587,0.051875157633235774,632,It’s called diversity doll
4283,2870,1,6,51,58,1.1379310344827587,0.051875157633235774,632,"""For what you're paying, what did you expect, the Rockettes"""
4371,2870,1,6,51,58,1.1379310344827587,0.051875157633235774,632,I promote them as man cave must-haves.
2686,2870,0,8,50,58,1.1379310344827587,0.04567352955396704,632,Our all-women Collusion Team
2584,2870,1,6,51,58,1.1379310344827587,0.051875157633235774,632,"Day 5, 2:45pm, back at the precinct - I knew the doll said it was an inside job, but now that I'd seen the suspects I could tell this case was going to be more difficult than I thought."
2652,2870,0,8,50,58,1.1379310344827587,0.04567352955396704,632,At least they won't be able to deny anything in court
827,2870,1,6,51,58,1.1379310344827587,0.051875157633235774,632,They told me I would fit in well here.
843,2870,1,6,51,58,1.1379310344827587,0.051875157633235774,632,Trust me. We all fall down eventually...so will they.....
855,2870,2,4,52,58,1.1379310344827587,0.05741073642646485,632,Better talk now! I'm the good cop.
862,2870,2,4,52,58,1.1379310344827587,0.05741073642646485,632,"No, you're the one with the map of Russia written on your face."
918,2870,0,8,50,58,1.1379310344827587,0.04567352955396704,632,Round up the usual suspects. We’re sick and tired of it. It’s profiling.
951,2870,1,6,51,58,1.1379310344827587,0.051875157633235774,632,They say they had nothing to do with the election.
977,2870,0,8,50,58,1.1379310344827587,0.04567352955396704,632,Leggo my Mego?
1031,2870,2,4,52,58,1.1379310344827587,0.05741073642646485,632,"I don't know how to book them, they all have the same name."
1039,2870,0,8,50,58,1.1379310344827587,0.04567352955396704,632,Our witness wasn't sure. You think DNA samples will help?
1059,2870,1,6,51,58,1.1379310344827587,0.051875157633235774,632,I think we’re hiding some gender fluidity issues here.
1063,2870,1,6,51,58,1.1379310344827587,0.051875157633235774,632,It was her...I mean them...I mean her...
1074,2870,0,8,50,58,1.1379310344827587,0.04567352955396704,632,Clever - they were sneaking in wood to beat the tariffs.
1081,2870,0,8,50,58,1.1379310344827587,0.04567352955396704,632,It would help if you have them wobble.
1134,2870,1,6,51,58,1.1379310344827587,0.051875157633235774,632,"What's wrong, I just called her dollface?..."
1136,2870,0,8,50,58,1.1379310344827587,0.04567352955396704,632,Nope. My children would be much better looking. I'm gonna need some proof.
1137,2870,2,4,52,58,1.1379310344827587,0.05741073642646485,632,Just spoke to all of the suspects; you wouldn't believe how full of themselves they all were.
1175,2870,0,8,50,58,1.1379310344827587,0.04567352955396704,632,I wrangled up all the known smugglers in the area
709,2870,0,8,50,58,1.1379310344827587,0.04567352955396704,632,"It's unorthodox, but it's a probable twelve to seven that our guy's only doing it for her."
1177,2870,1,6,51,58,1.1379310344827587,0.051875157633235774,632,Are you quite certain that Perp #3 was the person that stole your Swingline stapler?
619,2870,0,8,50,58,1.1379310344827587,0.04567352955396704,632,There's more to me than meets the eye.
546,2870,2,4,52,58,1.1379310344827587,0.05741073642646485,632,the Usual Suspects' Line down
56,2870,0,8,50,58,1.1379310344827587,0.04567352955396704,632,Don't You Think They Will Notice the Difference?
2663,2870,1,6,51,58,1.1379310344827587,0.051875157633235774,632,"As I feared, no one was able to identify the Russian who hacked their website."
132,2870,1,6,51,58,1.1379310344827587,0.051875157633235774,632,They all look the same to me. I am sorry for you loss Mrs. Thumb
202,2870,1,6,51,58,1.1379310344827587,0.051875157633235774,632,"The other guys?  Uh, they just, uh, sort of disappeared."
235,2870,0,8,50,58,1.1379310344827587,0.04567352955396704,632,So my sisters are a 'no go' as extras in the line up?
238,2870,1,6,51,58,1.1379310344827587,0.051875157633235774,632,"That was the last witness, Detective. No positive ID's. You still refuse to believe it was an inside, inside, inside, inside job?"""
255,2870,2,4,52,58,1.1379310344827587,0.05741073642646485,632,We caught them hiding inside one another.
265,2870,0,8,50,58,1.1379310344827587,0.04567352955396704,632,"OK, we rounded up the usual chachkies, send in Grandma to identify which one did it!"
333,2870,1,6,51,58,1.1379310344827587,0.051875157633235774,632,I think we can rule out number four.
334,2870,1,6,51,58,1.1379310344827587,0.051875157633235774,632,We're checking to see if there is a DNA match.
385,2870,1,6,51,58,1.1379310344827587,0.051875157633235774,632,"Be patient, Karen, you know these Russian cases always have more layers to them."
393,2870,1,6,51,58,1.1379310344827587,0.051875157633235774,632,Why do you think there's more than one murderer?
401,2870,0,8,50,58,1.1379310344827587,0.04567352955396704,632,"""Unisex version? We'll do next year, da."""
464,2870,1,6,51,58,1.1379310344827587,0.051875157633235774,632,"If we just nail the king pin, we get the whole crew, it's a no-brainer."
507,2870,1,6,51,58,1.1379310344827587,0.051875157633235774,632,Well no one told me we had partial finger prints.
512,2870,2,4,52,58,1.1379310344827587,0.05741073642646485,632,"Sorry, chief. New layers emerged before I could make this an open-and-shut case."
539,2870,0,8,50,58,1.1379310344827587,0.04567352955396704,632,"I swear I was not in Russia, officer"
609,2870,1,6,51,58,1.1379310344827587,0.051875157633235774,632,Bob Muller thought this would be hilarious for the POTUS visit next week.
1207,2870,0,8,50,58,1.1379310344827587,0.04567352955396704,632,It's not going to be a problem. They're all Republican dolls and none of them can pee or slap.
102,2870,1,6,51,58,1.1379310344827587,0.051875157633235774,632,"Look, I've never seen those kids before in my life!"
1218,2870,2,4,52,58,1.1379310344827587,0.05741073642646485,632,"This is a waste of time. These girls don't even have arms, how could they have robbed a bank? And don't even think about saying ""Russian collusion."""
2129,2870,0,8,50,58,1.1379310344827587,0.04567352955396704,632,Good thing we have that measurment chart.
2131,2870,0,8,50,58,1.1379310344827587,0.04567352955396704,632,"You’ll be going under cover, deep under cover."
2146,2870,1,6,51,58,1.1379310344827587,0.051875157633235774,632,Don't you think we should include the suspect in the lineup?
2179,2870,1,6,51,58,1.1379310344827587,0.051875157633235774,632,Really puts thing in perspective.
2224,2870,1,6,51,58,1.1379310344827587,0.051875157633235774,632,I have nothing to do with Russian.  Fake news!!
2231,2870,0,8,50,58,1.1379310344827587,0.04567352955396704,632,"There's been a mistake. We're looking for a petrushka, not a matryoshka."
2308,2870,1,6,51,58,1.1379310344827587,0.051875157633235774,632,"OK, so you think I stole six dolls. But let's put this in perspective ..."
2350,2870,0,8,50,58,1.1379310344827587,0.04567352955396704,632,We offer gender diversity and the ability to stand on our own 12 legs
2381,2870,0,8,50,58,1.1379310344827587,0.04567352955396704,632,"She ID'd the one second from left, but the defense will have a field day on cross examination."
2382,2870,0,8,50,58,1.1379310344827587,0.04567352955396704,632,It's clearly an inside job.
2435,2870,1,6,51,58,1.1379310344827587,0.051875157633235774,632,I’m pretty sure this is a case of misshapen identity.
2461,2870,0,8,50,58,1.1379310344827587,0.04567352955396704,632,"They look so alike, I really can't tell which is Trump's mother."
2462,2870,1,6,51,58,1.1379310344827587,0.051875157633235774,632,Would you like to help me find my inner self ?
2477,2870,1,6,51,58,1.1379310344827587,0.051875157633235774,632,"I don't see the issue, you asked for a variety of grandmothers."
2508,2870,1,6,51,58,1.1379310344827587,0.051875157633235774,632,"I know we have to be ""fair"" to the suspect, but this is ridiculous."
2606,2870,1,6,51,58,1.1379310344827587,0.051875157633235774,632,I think I’ve been here too long.
1215,2870,1,6,51,58,1.1379310344827587,0.051875157633235774,632,OUT OF THESE PHOTOS WHICH PARTNER YOU LIKE?
2107,2870,1,6,51,58,1.1379310344827587,0.051875157633235774,632,Do you mind if I yodel ?
2057,2870,1,6,51,58,1.1379310344827587,0.051875157633235774,632,"Still guarding the Trump illegal immigration kids, Uh!!!"
2320,2870,1,6,51,58,1.1379310344827587,0.051875157633235774,632,Is it just you or all of you for the audition?
2000,2870,0,8,50,58,1.1379310344827587,0.04567352955396704,632,The only explanation is that each of them is covering for the other
1353,2870,1,6,51,58,1.1379310344827587,0.051875157633235774,632,I can't speak to the disguise used by my extended family...
1365,2870,0,8,50,58,1.1379310344827587,0.04567352955396704,632,"They  ALL match the perp's DNA.  Ah,  hell,, I need a drink."
1426,2870,1,6,51,58,1.1379310344827587,0.051875157633235774,632,"No, it was the presidential set."
1432,2870,1,6,51,58,1.1379310344827587,0.051875157633235774,632,The six of them take up almost no space in the luggage.
1433,2870,1,6,51,58,1.1379310344827587,0.051875157633235774,632,My friends tell me I am not unique.
1520,2870,0,8,50,58,1.1379310344827587,0.04567352955396704,632,I looked everywhere inside but we are still missing two.
1585,2870,1,6,51,58,1.1379310344827587,0.051875157633235774,632,"Look, I'm sorry, but you said we were looking for Russian insiders."
1617,2870,1,6,51,58,1.1379310344827587,0.051875157633235774,632,"Sorry, my wife’s side of the family never measured up."
2044,2870,2,4,52,58,1.1379310344827587,0.05741073642646485,632,No I’ve never been to Moscow.  Why would you ask me that?
1681,2870,0,8,50,58,1.1379310344827587,0.04567352955396704,632,"I think we’re finally peeling away the onion on this Russian investigation”.



John Klotsche 
So. Huntington, N"
1685,2870,2,4,52,58,1.1379310344827587,0.05741073642646485,632,"No, Dianne, I don't know how they hacked us without hands."
1695,2870,2,4,52,58,1.1379310344827587,0.05741073642646485,632,I think the Russia probe is getting out of hand.
1764,2870,0,8,50,58,1.1379310344827587,0.04567352955396704,632,"No, no; I'm single.  You?"
1813,2870,1,6,51,58,1.1379310344827587,0.051875157633235774,632,"I said shills, not shells."
1903,2870,0,8,50,58,1.1379310344827587,0.04567352955396704,632,The kids need a new outfit.
1950,2870,1,6,51,58,1.1379310344827587,0.051875157633235774,632,This line up will give the case perspective.
1952,2870,2,4,52,58,1.1379310344827587,0.05741073642646485,632,I just can’t tell how this case fits together.
1961,2870,0,8,50,58,1.1379310344827587,0.04567352955396704,632,I'm beginning to suspect collusion.
1266,2870,1,6,51,58,1.1379310344827587,0.051875157633235774,632,"I cannot forecast to you the action of Russia. It is a riddle, wrapped in a mystery, inside an enigma; but perhaps there is a key. That key is Russian national interest.""  Winston Churchill."
3029,3037,0,8,51,59,1.1355932203389831,0.04495355820696532,632,"Sure, I’ll be glad to take a paternity test!"
2120,3037,2,4,53,59,1.1355932203389831,0.056477689996624364,632,Welcome to our weight loss program.
915,3037,1,6,52,59,1.1355932203389831,0.05104190368129809,632,"Yeah, see, what had happened was . . ."
1928,3037,0,8,51,59,1.1355932203389831,0.04495355820696532,632,Why? What makes you say that!?
3879,3041,0,7,48,55,1.1272727272727272,0.04535342286998717,632,"To them, it's more like a lineDOWN."
3290,3041,0,7,48,55,1.1272727272727272,0.04535342286998717,632,The eyewitness almost got it right.
3298,3041,0,7,48,55,1.1272727272727272,0.04535342286998717,632,You said you wouldn’t use family for the line-up anymore.
3320,3041,0,7,48,55,1.1272727272727272,0.04535342286998717,632,Will it hurt?
3393,3041,0,7,48,55,1.1272727272727272,0.04535342286998717,632,They're modeled after my mother.
3502,3041,1,5,49,55,1.1272727272727272,0.05225259457122248,632,I need to get my eyes checked…I think I’m seeing sextuple.
3546,3041,0,7,48,55,1.1272727272727272,0.04535342286998717,632,"Yes, they arrived all over the country. The note said to only open the small one if the Dems win in November."
3718,3041,2,3,50,55,1.1272727272727272,0.05834153162906526,632,Where are your younger bothers?
3732,3041,1,5,49,55,1.1272727272727272,0.05225259457122248,632,They paid for the ads in rubles...
3799,3041,0,7,48,55,1.1272727272727272,0.04535342286998717,632,I think the biggest one is hiding something...and the second biggest...and the third biggest...and
3807,3041,1,5,49,55,1.1272727272727272,0.05225259457122248,632,It's a tribute to Star Wars.  Which one do you like the best?
3831,3041,0,7,48,55,1.1272727272727272,0.04535342286998717,632,I swear I’m traveling alone this time!
3856,3041,0,7,48,55,1.1272727272727272,0.04535342286998717,632,"Once she open up, she exposed her co-conspirators."
4917,3041,1,5,49,55,1.1272727272727272,0.05225259457122248,632,A criminal's mind is multi layered - does intent lie with the outermost public face or are the darkest motives carried in the smallest doll? We need to crack this case - I told my kids I'd return the others before bedtime!
3859,3041,0,7,48,55,1.1272727272727272,0.04535342286998717,632,I feel bad. We should have just let them get away...but they would'nt run!
3779,3041,1,5,49,55,1.1272727272727272,0.05225259457122248,632,You’re the one who told me it was an inside job.
3203,3041,1,5,49,55,1.1272727272727272,0.05225259457122248,632,"Boss, you know I'm bored sometimes, but at least I'm unique playing matryoshka dolls at work."
2776,3041,0,7,48,55,1.1272727272727272,0.04535342286998717,632,Don’t stare at me this way. I will blush as red as the dolls behind me...
3137,3041,1,5,49,55,1.1272727272727272,0.05225259457122248,632,"If I pull off your head, how many more of you will I find inside?"
3911,3041,0,7,48,55,1.1272727272727272,0.04535342286998717,632,Bring in the Babushka to ID the suspect.
2818,3041,1,5,49,55,1.1272727272727272,0.05225259457122248,632,They all came together so does that mean they’re all guilty?
2842,3041,1,5,49,55,1.1272727272727272,0.05225259457122248,632,I'm nesting resting.  Give me a break!
2863,3041,0,7,48,55,1.1272727272727272,0.04535342286998717,632,I Told You I A'm Not The Father !
2866,3041,0,7,48,55,1.1272727272727272,0.04535342286998717,632,"Now that we’ve officially become empty-nesters. I’d thought I’d be excited. But, now I just feel empty."
2894,3041,1,5,49,55,1.1272727272727272,0.05225259457122248,632,We can only help you if you agree to be the smallest one
2898,3041,0,7,48,55,1.1272727272727272,0.04535342286998717,632,So it's a whole family of criminals?
2906,3041,0,7,48,55,1.1272727272727272,0.04535342286998717,632,It's just a question of the height.
2929,3041,1,5,49,55,1.1272727272727272,0.05225259457122248,632,"Well, now we know how Putin won the election."
3020,3041,1,5,49,55,1.1272727272727272,0.05225259457122248,632,They said she was Russian but not sure how tall.
3057,3041,1,5,49,55,1.1272727272727272,0.05225259457122248,632,"They all look like the one who attacked me, but I think she was a little smaller.  Could you ask the one on the far right to remove her top?"
3071,3041,1,5,49,55,1.1272727272727272,0.05225259457122248,632,I think it's time for me to move on.
3080,3041,0,7,48,55,1.1272727272727272,0.04535342286998717,632,The evidence stacks up to collusion.
3088,3041,0,7,48,55,1.1272727272727272,0.04535342286998717,632,can't tell them apart!
3118,3041,0,7,48,55,1.1272727272727272,0.04535342286998717,632,"Yeah, just let them all go. I'm not doing this."
3166,3041,0,7,48,55,1.1272727272727272,0.04535342286998717,632,Your theory for this line up has a lot of holes in it.
3944,3041,0,7,48,55,1.1272727272727272,0.04535342286998717,632,my word against theirs
4650,3041,0,7,48,55,1.1272727272727272,0.04535342286998717,632,"I like the one in the middle, but I wish she had legs!"
3992,3041,0,7,48,55,1.1272727272727272,0.04535342286998717,632,I don't know.  It's just that I am feeling unfulfilled.
4655,3041,0,7,48,55,1.1272727272727272,0.04535342286998717,632,"No, but he did pick out the great-granddaughter's cheeks."
4659,3041,0,7,48,55,1.1272727272727272,0.04535342286998717,632,Collusion!  Collusion with who?
4709,3041,1,5,49,55,1.1272727272727272,0.05225259457122248,632,Why do I always have to be on the outside?
4712,3041,1,5,49,55,1.1272727272727272,0.05225259457122248,632,"Relax. Once they wobble to the left, you'll see perp doesn't fit in."
4783,3041,0,7,48,55,1.1272727272727272,0.04535342286998717,632,No Ma'm I had intended to build these dolls in your likeness
4791,3041,0,7,48,55,1.1272727272727272,0.04535342286998717,632,They brought me in to do the work of six others.
4828,3041,1,5,49,55,1.1272727272727272,0.05225259457122248,632,"But Richie Colton actually created 'I love New York', the silk screen isin the Museum of the City of New York, and this is the only way I know to get to an editor of the New Yorker..."
4829,3041,1,5,49,55,1.1272727272727272,0.05225259457122248,632,"If coincidences are just coincidences, why do they feel so contrived?"
4842,3041,1,5,49,55,1.1272727272727272,0.05225259457122248,632,"I've seen some cover up attempts before, but this one takes the cake."
4855,3041,0,7,48,55,1.1272727272727272,0.04535342286998717,632,"We can work on your gender, but your arms and legs could be a problem."
4867,3041,1,5,49,55,1.1272727272727272,0.05225259457122248,632,"Slow night, eh?"
4877,3041,0,7,48,55,1.1272727272727272,0.04535342286998717,632,I figure it'll all work out until I ask one of them to turn around.
4884,3041,1,5,49,55,1.1272727272727272,0.05225259457122248,632,Surely you don't think I'm the inside man?
4893,3041,0,7,48,55,1.1272727272727272,0.04535342286998717,632,A little bird told me nesting is what it's all about.
2756,3041,0,7,48,55,1.1272727272727272,0.04535342286998717,632,"Yes, I am an only child."
4647,3041,0,7,48,55,1.1272727272727272,0.04535342286998717,632,"Look, I don’t hide my hobbies."
4625,3041,0,7,48,55,1.1272727272727272,0.04535342286998717,632,"Boss,  they  look  like
legal aliens!"
4592,3041,0,7,48,55,1.1272727272727272,0.04535342286998717,632,Those sketch artists...
4555,3041,0,7,48,55,1.1272727272727272,0.04535342286998717,632,I just can’t explain this empty feeling inside.
3993,3041,0,7,48,55,1.1272727272727272,0.04535342286998717,632,I am going to stick my neck out and say they don’t have a leg to stand on   Case closed
4012,3041,0,7,48,55,1.1272727272727272,0.04535342286998717,632,All but one are Weebles. Third from the right?  Not much of a disguise.
4088,3041,0,7,48,55,1.1272727272727272,0.04535342286998717,632,We have received signs of interference several times in a row.
4102,3041,0,7,48,55,1.1272727272727272,0.04535342286998717,632,This investigation just doesn't stack up!
4138,3041,1,5,49,55,1.1272727272727272,0.05225259457122248,632,She said she did it because of her empty nesting syndrome.
4160,3041,1,5,49,55,1.1272727272727272,0.05225259457122248,632,"Sure I fought back, but like the rest of her family, they wobbled, but never fell down."
4183,3041,1,5,49,55,1.1272727272727272,0.05225259457122248,632,What? So I made the obvious T.S. Eliot joke. Big deal.
3945,3041,0,7,48,55,1.1272727272727272,0.04535342286998717,632,Oh ... So THAT’s what art imitate life means.
4232,3041,0,7,48,55,1.1272727272727272,0.04535342286998717,632,The 4th suspect doesn’t look anything like the others.”
4306,3041,1,5,49,55,1.1272727272727272,0.05225259457122248,632,"Don't know, he said.  ""All Russians look the same to me."
4346,3041,1,5,49,55,1.1272727272727272,0.05225259457122248,632,"You know what, get me the glazed and the Boston cream"
4349,3041,1,5,49,55,1.1272727272727272,0.05225259457122248,632,They're not talking. They want to see their lawyers.
4367,3041,0,7,48,55,1.1272727272727272,0.04535342286998717,632,I was gonna buy a nesting doll that I could call my own but took the plain but pretty doll that other fellows would not steal
4407,3041,1,5,49,55,1.1272727272727272,0.05225259457122248,632,My therapist told me to embrace my inner women.
4419,3041,1,5,49,55,1.1272727272727272,0.05225259457122248,632,"From my calculations, they're not humans.  They're dolls."
4447,3041,0,7,48,55,1.1272727272727272,0.04535342286998717,632,"When I start talking different, then i'll leave."
4298,3041,0,7,48,55,1.1272727272727272,0.04535342286998717,632,"Once again, it’s a matter of perspective."
2738,3041,0,7,48,55,1.1272727272727272,0.04535342286998717,632,Dis izz my vife and kidz and ve are seeking refugee status
1589,3041,0,7,48,55,1.1272727272727272,0.04535342286998717,632,It's a living!
2609,3041,0,7,48,55,1.1272727272727272,0.04535342286998717,632,"Yes, I do think the ‘fillers’ are a bit obvious in this line-up."
764,3041,1,5,49,55,1.1272727272727272,0.05225259457122248,632,"The eyewitness said, and I quote, 'I can't be sure unless I grab 'em by the pussy' """
802,3041,0,7,48,55,1.1272727272727272,0.04535342286998717,632,The story he gave was full of contradictions—it just didn't stack up.
891,3041,0,7,48,55,1.1272727272727272,0.04535342286998717,632,"One of these girls is not like the others. 
One of these girls, just doesn't fit."
1053,3041,2,3,50,55,1.1272727272727272,0.05834153162906526,632,Oh you wanted them a-nested? My mistake.
1078,3041,0,7,48,55,1.1272727272727272,0.04535342286998717,632,"Maybe it’s all the coffee and late nights, but does it look like our suspect is slowly getting smaller?"
1103,3041,0,7,48,55,1.1272727272727272,0.04535342286998717,632,"I was asked to come up with a minimalist  graphics design  for our new   ""A Brassiere for every Size""  ad campaign."
1149,3041,2,3,50,55,1.1272727272727272,0.05834153162906526,632,My goodness! Whatever shall we do with this terrible cartoon?!” - Everyone.
1172,3041,0,7,48,55,1.1272727272727272,0.04535342286998717,632,"Sorry, but you’re just not like the other girls."
1181,3041,1,5,49,55,1.1272727272727272,0.05225259457122248,632,I’m sure Number 3 is dirty.
1236,3041,1,5,49,55,1.1272727272727272,0.05225259457122248,632,"Trust me,the Russians had nothing to do with this! Be a doll and forget it."
1250,3041,2,3,50,55,1.1272727272727272,0.05834153162906526,632,This should be easy.
1284,3041,1,5,49,55,1.1272727272727272,0.05225259457122248,632,Their alibi makes no sense whatsoever but yet they’re still just SO full of themselves...
1294,3041,3,1,51,55,1.1272727272727272,0.0638524469869863,632,They all claim to be children seeking asylum but we're waiting for poison control to clear them first.
1356,3041,1,5,49,55,1.1272727272727272,0.05225259457122248,632,"No, Missey, I won’t send you to Glasgow School of art, in Scotiamd, when all you care about is reproductions of yourseelf."
1396,3041,0,7,48,55,1.1272727272727272,0.04535342286998717,632,I know there hiding something. I just can't put my finger on it.
719,3041,0,7,48,55,1.1272727272727272,0.04535342286998717,632,It wasn't I who goofed up. It was one of the inner layers.
1405,3041,2,3,50,55,1.1272727272727272,0.05834153162906526,632,I'm having a real hard time adjusting to civilian life.
697,3041,0,7,48,55,1.1272727272727272,0.04535342286998717,632,"Can I see number one step forward, but from much farther away?"
564,3041,0,7,48,55,1.1272727272727272,0.04535342286998717,632,We know the Russians meddled in the election.  We now have to get proof of the scale of interference.
2621,3041,1,5,49,55,1.1272727272727272,0.05225259457122248,632,And where do you fit in?
35,3041,1,5,49,55,1.1272727272727272,0.05225259457122248,632,Work on your neck and come back in 2 weeks.
41,3041,0,7,48,55,1.1272727272727272,0.04535342286998717,632,Criminal masterminds are always full of themselves.
96,3041,1,5,49,55,1.1272727272727272,0.05225259457122248,632,I don't think birth control is the answer!
112,3041,1,5,49,55,1.1272727272727272,0.05225259457122248,632,I doubt DNA  evidence is going to help solve the case either
223,3041,1,5,49,55,1.1272727272727272,0.05225259457122248,632,"I don't see why you're upset...you said bring in some Russians, and these little ladies are all in cahoots."
224,3041,1,5,49,55,1.1272727272727272,0.05225259457122248,632,I feel a connection to the people in the lineup.
256,3041,1,5,49,55,1.1272727272727272,0.05225259457122248,632,I have a very inter-nesting theory about the case.
301,3041,1,5,49,55,1.1272727272727272,0.05225259457122248,632,"Deep down inside, I still love you."
335,3041,1,5,49,55,1.1272727272727272,0.05225259457122248,632,I'll see if I can get one to open up.
357,3041,3,1,51,55,1.1272727272727272,0.0638524469869863,632,I thought it would be fun to line up the family for a photo...
398,3041,0,7,48,55,1.1272727272727272,0.04535342286998717,632,They're each other's alibis.
478,3041,0,7,48,55,1.1272727272727272,0.04535342286998717,632,But you said you wanted a sequential lineup of the suspect.
496,3041,0,7,48,55,1.1272727272727272,0.04535342286998717,632,The odds are stacked against us.
557,3041,2,3,50,55,1.1272727272727272,0.05834153162906526,632,I could never get to the real her.
669,3041,2,3,50,55,1.1272727272727272,0.05834153162906526,632,My inner self is an empty icebox.
1413,3041,1,5,49,55,1.1272727272727272,0.05225259457122248,632,I  hear they're all empty inside.
480,3041,1,5,49,55,1.1272727272727272,0.05225259457122248,632,So have you had one of those DNA tests done yet?
1543,3041,1,5,49,55,1.1272727272727272,0.05225259457122248,632,"I don't know who's guilty, but it'll cost an arm and a leg to bail them out."
2018,3041,2,3,50,55,1.1272727272727272,0.05834153162906526,632,Collusion or not this is stacking up to be a nest of trouble!
2029,3041,0,7,48,55,1.1272727272727272,0.04535342286998717,632,"We talked about this...take down the painting, Larry!"
2055,3041,1,5,49,55,1.1272727272727272,0.05225259457122248,632,"Madame Agent, please to tell Mr. Special Counsel that the last and smallest of my matroshka dolls is not your Mr. Trump."
2090,3041,1,5,49,55,1.1272727272727272,0.05225259457122248,632,"Alright, now turn toward pluralistic democracy."
2092,3041,1,5,49,55,1.1272727272727272,0.05225259457122248,632,we can fit at least 8 of you in there
2103,3041,1,5,49,55,1.1272727272727272,0.05225259457122248,632,"I still can’t be sure, can they turn to the right again?"
2135,3041,1,5,49,55,1.1272727272727272,0.05225259457122248,632,It does appear that my gene pool is getting redundant.
2256,3041,2,3,50,55,1.1272727272727272,0.05834153162906526,632,Well it was either this or the Fiddler on the Roof set
2315,3041,1,5,49,55,1.1272727272727272,0.05225259457122248,632,I'm gonna say it's the one without the rosy cheeks
2342,3041,0,7,48,55,1.1272727272727272,0.04535342286998717,632,Why did you order that lineup?
2349,3041,1,5,49,55,1.1272727272727272,0.05225259457122248,632,We are hoping #6 will be a boy!
2407,3041,0,7,48,55,1.1272727272727272,0.04535342286998717,632,No one wants to know what’s inside the real me.
2415,3041,2,3,50,55,1.1272727272727272,0.05834153162906526,632,What about #metoo don't you get!
2436,3041,1,5,49,55,1.1272727272727272,0.05225259457122248,632,Once more Oedipus dreams of Me Too waterboarding by the KGB...
1531,3041,0,7,48,55,1.1272727272727272,0.04535342286998717,632,"There's no end... each time we probe a new suspect, another one turns up."
2001,3041,1,5,49,55,1.1272727272727272,0.05225259457122248,632,"I don’t believe in stereotypes. And yes I think vodka is healthier than orange juice. And stop calling me Boris, my name is Sal."
1967,3041,1,5,49,55,1.1272727272727272,0.05225259457122248,632,"Can you and your six identical daughters help find whoever glued my hands to my waist, and your hands to your thighs?"
2221,3041,0,7,48,55,1.1272727272727272,0.04535342286998717,632,Something just doesn't stack up with them.
1914,3041,0,7,48,55,1.1272727272727272,0.04535342286998717,632,I've had sextuplets.
1553,3041,1,5,49,55,1.1272727272727272,0.05225259457122248,632,"I think it is an inside, inside, inside job."
1937,3041,1,5,49,55,1.1272727272727272,0.05225259457122248,632,Tell me truthfully. Where are you hiding the rest of the bunch?
1554,3041,1,5,49,55,1.1272727272727272,0.05225259457122248,632,It is mere coincidence that my shop is in lobby of Trump Tower. No collusion.
1562,3041,0,7,48,55,1.1272727272727272,0.04535342286998717,632,"Your great grandmother hid my great grandfather, grandfather, and  two of his brothers."
1610,3041,1,5,49,55,1.1272727272727272,0.05225259457122248,632,We may have to call Mueller.
1649,3041,1,5,49,55,1.1272727272727272,0.05225259457122248,632,We'll need a microscrcope for round 2.
1657,3041,0,7,48,55,1.1272727272727272,0.04535342286998717,632,I don't know. I only saw the big one.
1677,3041,0,7,48,55,1.1272727272727272,0.04535342286998717,632,"Sorry, you are not pretty enough."
1637,3041,2,3,50,55,1.1272727272727272,0.05834153162906526,632,They're better than trolls.
1693,3041,1,5,49,55,1.1272727272727272,0.05225259457122248,632,"The economy, stupid. No more individualism. I'm ready to join the crowd."
1732,3041,1,5,49,55,1.1272727272727272,0.05225259457122248,632,Still have no prints?
1821,3041,2,3,50,55,1.1272727272727272,0.05834153162906526,632,They ARE my “usual suspects” ... in cognito!
1829,3041,0,7,48,55,1.1272727272727272,0.04535342286998717,632,"If the inspirational dolls weren't your doing, then who's behind them?"
1839,3041,1,5,49,55,1.1272727272727272,0.05225259457122248,632,Collusion comes in all sizes.
1901,3041,1,5,49,55,1.1272727272727272,0.05225259457122248,632,She's pretty much one of a kind.
1867,3041,1,5,49,55,1.1272727272727272,0.05225259457122248,632,"Don't ask me why.  I've been told that if you have a dog for a long time, you start to look like him, too."
3305,3191,0,7,49,56,1.125,0.04459412925079223,632,Do they make you feel like you want to nest?
3369,3191,1,5,50,56,1.125,0.05136133772583239,632,We combed over that rat nest horror and found them gleefully busting the squat-and-kick move whilst whispering incredibly flattering things only a narcissist tool would believe at the height of self-delusion and the fullest diaper ever filled.
3404,3191,1,5,50,56,1.125,0.05136133772583239,632,"We keep trying for a boy, but my wife being hooked on thalidomide - it apparently affects the sex of a child, too."
3491,3191,0,7,49,56,1.125,0.04459412925079223,632,I am not the father
3725,3191,0,7,49,56,1.125,0.04459412925079223,632,So which one did it?
3678,3191,0,7,49,56,1.125,0.04459412925079223,632,She was feeling a little beside herself when we boarded.
3925,3191,0,7,49,56,1.125,0.04459412925079223,632,"Perhaps, with a bit more hormone therapy.  Seven to eight more treatments. Minimum."
3294,3191,1,5,50,56,1.125,0.05136133772583239,632,This job makes you feel hollow sometimes.
3437,3191,0,7,49,56,1.125,0.04459412925079223,632,We got a tip from an informant inside the organization.
3225,3191,1,5,50,56,1.125,0.05136133772583239,632,I'm making more of an effort to get into my work.
2847,3191,1,5,50,56,1.125,0.05136133772583239,632,The evidence in this case are stacking up nicely.
3101,3191,1,5,50,56,1.125,0.05136133772583239,632,I continue to be suspicious as to whether I am the father of our six daughters.
3081,3191,0,7,49,56,1.125,0.04459412925079223,632,My doctor says that I need to learn how to open up!
2956,3191,0,7,49,56,1.125,0.04459412925079223,632,Wanna grab coffee after I put dimple on #4.
2947,3191,0,7,49,56,1.125,0.04459412925079223,632,I asked a few friends to fill-in gaps for the line-up.
2871,3191,1,5,50,56,1.125,0.05136133772583239,632,I think I should change my name from Nestor.
2832,3191,1,5,50,56,1.125,0.05136133772583239,632,Won’t work - no height given by witness.
2748,3191,0,7,49,56,1.125,0.04459412925079223,632,Collusion is not a crime!
3943,3191,0,7,49,56,1.125,0.04459412925079223,632,These ladies were running nested while loops when they broke into the code.
2710,3191,0,7,49,56,1.125,0.04459412925079223,632,I thought they might be from the Snow White story but there are only six of them.
3202,3191,1,5,50,56,1.125,0.05136133772583239,632,Should we tell #4 to give us some dimples?
3963,3191,0,7,49,56,1.125,0.04459412925079223,632,Only one stands out.
4763,3191,0,7,49,56,1.125,0.04459412925079223,632,"They won't talk one-on-one, but if I can get them all together, I think I'll find out it's an inside job."
3990,3191,0,7,49,56,1.125,0.04459412925079223,632,Thalidomide.
2703,3191,1,5,50,56,1.125,0.05136133772583239,632,I can clone you too.
4894,3191,0,7,49,56,1.125,0.04459412925079223,632,"Number 4 is rougeless and I'm clueless. Be a doll and take over this case for me, will ya?"
4826,3191,0,7,49,56,1.125,0.04459412925079223,632,Thanks. Want to see my sons?
4825,3191,0,7,49,56,1.125,0.04459412925079223,632,Stop playing with your toys at work!
4821,3191,2,3,51,56,1.125,0.057335309036732875,632,You guys all look alike...
4777,3191,0,7,49,56,1.125,0.04459412925079223,632,"""I'm telling you, six ate seven!"""
4708,3191,1,5,50,56,1.125,0.05136133772583239,632,You told me your alleged sex abuser said his accusers were all stacked up against him and that they had no legs to stand on
4582,3191,1,5,50,56,1.125,0.05136133772583239,632,Detain the littlest one.  Deport the rest.
4566,3191,0,7,49,56,1.125,0.04459412925079223,632,One of them has the inside information we're looking for.
4536,3191,0,7,49,56,1.125,0.04459412925079223,632,I just don't see how I fit in here anymore.
4517,3191,0,7,49,56,1.125,0.04459412925079223,632,The one on the left did it. You can see it in her eyes.
4476,3191,0,7,49,56,1.125,0.04459412925079223,632,They were previously confined in each other.
4452,3191,1,5,50,56,1.125,0.05136133772583239,632,"Yes, that's the one I saw at Salisbury Cathedral."
4431,3191,0,7,49,56,1.125,0.04459412925079223,632,I'm sorry we're looking for someone only three inches tall
4429,3191,1,5,50,56,1.125,0.05136133772583239,632,"No, it's not the tall one. We're looking at an inside job."
4331,3191,0,7,49,56,1.125,0.04459412925079223,632,I told you I was going undercover with the Russians.”
4228,3191,0,7,49,56,1.125,0.04459412925079223,632,But I identify as a Babushka.
4221,3191,1,5,50,56,1.125,0.05136133772583239,632,Are you sure it’s Russian spies we’re looking for?
4207,3191,2,3,51,56,1.125,0.057335309036732875,632,"Sorry, ma'am, we don't allow inconspicuous criminals past this point."
4122,3191,2,3,51,56,1.125,0.057335309036732875,632,I told you this crew was the epitome of organized crime.
4033,3191,2,3,51,56,1.125,0.057335309036732875,632,"Oh, so you mean 'Workforce Reduction' in the literal sense ..."
3975,3191,1,5,50,56,1.125,0.05136133772583239,632,Russian nesting coercion
2670,3191,0,7,49,56,1.125,0.04459412925079223,632,The President drained the gene pool.
2846,3191,1,5,50,56,1.125,0.05136133772583239,632,What can I say?  I've got a type...
2592,3191,0,7,49,56,1.125,0.04459412925079223,632,"What are you doing here? Are you here to arrest me? I haven’t done a thing wrong, believe me."
1391,3191,1,5,50,56,1.125,0.05136133772583239,632,Something tells me there's more to this case.
1383,3191,1,5,50,56,1.125,0.05136133772583239,632,"The clothing is perfect but I'm not so sure now, they might have had a beard."
1281,3191,1,5,50,56,1.125,0.05136133772583239,632,"No, Sonya, truth is complicated."
1231,3191,1,5,50,56,1.125,0.05136133772583239,632,I'm selling them on ebay and need to show their height.
1138,3191,0,7,49,56,1.125,0.04459412925079223,632,"Out of all the the guys that showed up, you picked for the modeling job, wow. What won you over?."
1072,3191,1,5,50,56,1.125,0.05136133772583239,632,I lost my inner child
1038,3191,0,7,49,56,1.125,0.04459412925079223,632,"Two issues; its difficult to determine the suspect's height due to the suspect only being seen on a security monitor and secondly, the one on the left looks like my wife ."
1019,3191,0,7,49,56,1.125,0.04459412925079223,632,Really; my family tree is also a birch.
992,3191,0,7,49,56,1.125,0.04459412925079223,632,I'll never be an empty nester.
945,3191,0,7,49,56,1.125,0.04459412925079223,632,"THEY'RE MUSLUM, THEY'RE MINE, AND THEY'RE BEAUTIFUL"
845,3191,0,7,49,56,1.125,0.04459412925079223,632,I was married to her for six years and always wanteed a boy.
643,3191,2,3,51,56,1.125,0.057335309036732875,632,It grows on you after a while.
614,3191,1,5,50,56,1.125,0.05136133772583239,632,Good job it won't be hard to identify​​ this time..
603,3191,0,7,49,56,1.125,0.04459412925079223,632,I can't shake the feeling that this goes even deeper.
431,3191,0,7,49,56,1.125,0.04459412925079223,632,Size doesn't matter.
266,3191,1,5,50,56,1.125,0.05136133772583239,632,Hey stop Russian me!
252,3191,1,5,50,56,1.125,0.05136133772583239,632,Be a doll and bring me a cup of coffee.
171,3191,0,7,49,56,1.125,0.04459412925079223,632,I can't tell you when they first started disappearing?
55,3191,0,7,49,56,1.125,0.04459412925079223,632,"Hmm. Now, I think the one on the right might be hiding something."
8,3191,0,7,49,56,1.125,0.04459412925079223,632,"To nest or not to nest, that is the question."
2622,3191,1,5,50,56,1.125,0.05136133772583239,632,I'm gonna have to recuse myself from this one.
1542,3191,0,7,49,56,1.125,0.04459412925079223,632,"My dream girl: doesn’t talk back, doesn’t walk away."
1591,3191,1,5,50,56,1.125,0.05136133772583239,632,"My name is Boris, please note how my children stack up!"
150,3191,0,7,49,56,1.125,0.04459412925079223,632,Let's just deport them.
1616,3191,0,7,49,56,1.125,0.04459412925079223,632,"Matryoshka, Matryoshka, Matryoshka, Matryoshka, Matryoshka, Matryoshka"
2525,3191,3,1,52,56,1.125,0.06274303396942414,632,"Now what are we going to do since they're all bots working for Putin?
Mike Starry, Fresno, CA
jmstarry@comcast.net"
1593,3191,1,5,50,56,1.125,0.05136133772583239,632,All the others will blame it on the evil inside them
2471,3191,1,5,50,56,1.125,0.05136133772583239,632,I feel empty inside.
2454,3191,2,3,51,56,1.125,0.057335309036732875,632,They claim their friends suggested a visit to Salisbury to see the famous 123 meter spire.
2427,3191,0,7,49,56,1.125,0.04459412925079223,632,I just want. I can’t love them all.
2413,3191,0,7,49,56,1.125,0.04459412925079223,632,Feel like Nesting tonight?
2359,3191,1,5,50,56,1.125,0.05136133772583239,632,You know it is illegal to have so many wives!
2353,3191,0,7,49,56,1.125,0.04459412925079223,632,All of 'em claim they were inside that night with their sisters.
2339,3191,1,5,50,56,1.125,0.05136133772583239,632,"Well, I suppose the perspective argument might be raised."
2336,3191,0,7,49,56,1.125,0.04459412925079223,632,"First boy in the family,but feeling a little empty inside."
2522,3191,0,7,49,56,1.125,0.04459412925079223,632,This is beginning to look more and more like an inside job.
2313,3191,0,7,49,56,1.125,0.04459412925079223,632,All the munchkins in the break room are missing.
1762,3191,0,7,49,56,1.125,0.04459412925079223,632,"What?! The witness said, “They all look alike” !"
2091,3191,0,7,49,56,1.125,0.04459412925079223,632,It's a Russian trolls' lineup
2101,3191,1,5,50,56,1.125,0.05136133772583239,632,I vait for tin person inside.
2114,3191,0,7,49,56,1.125,0.04459412925079223,632,My inner voices are getting louder all the time.
1661,3191,0,7,49,56,1.125,0.04459412925079223,632,What? I'm and artist.
2168,3191,0,7,49,56,1.125,0.04459412925079223,632,I heard admission was 6 for the price of one.
2232,3191,0,7,49,56,1.125,0.04459412925079223,632,You say you've lost your inner child.
2280,3191,0,7,49,56,1.125,0.04459412925079223,632,Can you get me 5 more of ANY of these for the lineup?
2154,3191,0,7,49,56,1.125,0.04459412925079223,632,"Well sorry, but you're the one that asked to see the usual suspects for this Russia thing."
2321,3191,0,7,49,56,1.125,0.04459412925079223,632,"What do you mean, I keep repeating myself?"
2214,3287,0,7,50,57,1.1228070175438596,0.04385964912280703,632,I've lost the little woman.
3914,3287,1,5,51,57,1.1228070175438596,0.05049985383360874,632,Are we still creating an unattainable body image if our models are different sizes?
4569,3287,1,5,51,57,1.1228070175438596,0.05049985383360874,632,"I have a new perspective on the case, but it's forced."
3561,3290,0,6,46,52,1.1153846153846154,0.044736922925984586,632,We started the list with one suspect. I thought I had the investigation cracked after the first
3400,3290,1,4,47,52,1.1153846153846154,0.05249323847751087,632,The identification depends on the perspective of the witness.
3448,3290,0,6,46,52,1.1153846153846154,0.044736922925984586,632,What’s are you are doing here?
3384,3290,0,6,46,52,1.1153846153846154,0.044736922925984586,632,"'You said ""one personal item"". And yes, it happens to be too large to fit on my desk.'"
3397,3290,0,6,46,52,1.1153846153846154,0.044736922925984586,632,Tradition feh! if you’ve seen one you’ve seen them all.
3368,3290,0,6,46,52,1.1153846153846154,0.044736922925984586,632,"Would you explain whatever you mean by, 'family secrets'?"
3398,3290,1,4,47,52,1.1153846153846154,0.05249323847751087,632,I am who I am.
3590,3290,1,4,47,52,1.1153846153846154,0.05249323847751087,632,The captain's  pretty sure it's a mob inside inside inside inside inside inside job
3628,3290,1,4,47,52,1.1153846153846154,0.05249323847751087,632,What exactly did you expect ordering  through an internet add selling 'Cute Russian dolls' ?
3613,3290,0,6,46,52,1.1153846153846154,0.044736922925984586,632,We've stumbled onto an elaborate cover-up.
3614,3290,0,6,46,52,1.1153846153846154,0.044736922925984586,632,Trolls?! I swear I thought you said Russian dolls...
4933,3290,0,6,46,52,1.1153846153846154,0.044736922925984586,632,Six pack? More like a six stack.
3645,3290,0,6,46,52,1.1153846153846154,0.044736922925984586,632,The oldest would be the most steeped in crime but which one would that be?
3656,3290,0,6,46,52,1.1153846153846154,0.044736922925984586,632,"I tell you, they are all in on it"
3325,3290,0,6,46,52,1.1153846153846154,0.044736922925984586,632,I have a hunch it's an inside job.
3663,3290,0,6,46,52,1.1153846153846154,0.044736922925984586,632,Sometimes I feel like I'm a round peg in a square hole.
3669,3290,0,6,46,52,1.1153846153846154,0.044736922925984586,632,"Every time we try to do a proper line-up, the perps refuse to open up."
3612,3290,0,6,46,52,1.1153846153846154,0.044736922925984586,632,The victim described the perp's face perfectly. The height was a different story.
3310,3290,0,6,46,52,1.1153846153846154,0.044736922925984586,632,"Say what you want about my dolls, you know I Putin more work than anyone else"
2945,3290,0,6,46,52,1.1153846153846154,0.044736922925984586,632,I still think there are more members of this gang that are unaccounted for.
3160,3290,2,2,48,52,1.1153846153846154,0.059242618939646566,632,I had to sit down. I’m seeing sextuple.
2721,3290,1,4,47,52,1.1153846153846154,0.05249323847751087,632,"No, you don't get royalties."
3759,3290,1,4,47,52,1.1153846153846154,0.05249323847751087,632,"Yes, I moved my chair. The little one stares at me."""
2734,3290,1,4,47,52,1.1153846153846154,0.05249323847751087,632,I got stuck in one once. Thus the shape of my head.
2772,3290,2,2,48,52,1.1153846153846154,0.059242618939646566,632,We were told by multiple sources that the perp had a real doll face.
2775,3290,2,2,48,52,1.1153846153846154,0.059242618939646566,632,I innocent of harassing. I was only interested in nesting.
2783,3290,0,6,46,52,1.1153846153846154,0.044736922925984586,632,They’re not talking...
2817,3290,0,6,46,52,1.1153846153846154,0.044736922925984586,632,"Who's the eyewitness?  Ken?"""
2889,3290,0,6,46,52,1.1153846153846154,0.044736922925984586,632,"That was inappropriate, Sergeant. One of these so-called “dolls” is an axe murderer!”"
2953,3290,0,6,46,52,1.1153846153846154,0.044736922925984586,632,It's unfair to bring an entire family in.
2968,3290,2,2,48,52,1.1153846153846154,0.059242618939646566,632,"Well shucks Judy - it must have been an inside job"""
2977,3290,0,6,46,52,1.1153846153846154,0.044736922925984586,632,"Nikogda, nikogda, nikogda! Got it! Never apologize, never explain, never complain!"
3013,3290,1,4,47,52,1.1153846153846154,0.05249323847751087,632,What are you looking at comrade- I mean commander*
3028,3290,0,6,46,52,1.1153846153846154,0.044736922925984586,632,"Believer me, this wasn't an inside job.""  Mary Ellen Doyle, Charleston, South Carolina"
3041,3290,1,4,47,52,1.1153846153846154,0.05249323847751087,632,I've been trying but not one has cracked.
3097,3290,1,4,47,52,1.1153846153846154,0.05249323847751087,632,"So, vere izzit dat Putin said dzey all need rosey chicks?!"
3117,3290,0,6,46,52,1.1153846153846154,0.044736922925984586,632,Any more secrets?
3123,3290,0,6,46,52,1.1153846153846154,0.044736922925984586,632,"I’m feeling very boxed in and diminished.  I’ve been feeling this way for at least two years...no - about a year... umm...well, maybe a few months...at least several weeks...
ok, since this morning."
3212,3290,1,4,47,52,1.1153846153846154,0.05249323847751087,632,"Do you ever find yourself thinking ""Twenty-five years of police work,and it has all led up to this exact moment in time""?"
3778,3290,0,6,46,52,1.1153846153846154,0.044736922925984586,632,I call it ‘Many-Mini-Me Genealogy.’
4556,3290,1,4,47,52,1.1153846153846154,0.05249323847751087,632,"Like I said, it's an enigma wrapped inside a riddle, surrounded by a mystery, with a conundrum for a bow, delivered by some guy named Vlad..."
3849,3290,2,2,48,52,1.1153846153846154,0.059242618939646566,632,I don’t need be told I’m off the wall.
4547,3290,1,4,47,52,1.1153846153846154,0.05249323847751087,632,Biggest robbery of the  year.  Evidence points to an inside job.
4577,3290,2,2,48,52,1.1153846153846154,0.059242618939646566,632,Eenie-meenie-miney-mo
4622,3290,0,6,46,52,1.1153846153846154,0.044736922925984586,632,There's something inside me I just can't talk about.
4713,3290,1,4,47,52,1.1153846153846154,0.05249323847751087,632,We put the baby dolls in a separate detention facility...
4734,3290,0,6,46,52,1.1153846153846154,0.044736922925984586,632,It's going to be tough getting to the bottom of this.
4738,3290,1,4,47,52,1.1153846153846154,0.05249323847751087,632,Those tariffs.
4753,3290,1,4,47,52,1.1153846153846154,0.05249323847751087,632,My mother always said to find a job you're fit for.
4765,3290,1,4,47,52,1.1153846153846154,0.05249323847751087,632,I thought we would stack the odds in our favor.
4767,3290,1,4,47,52,1.1153846153846154,0.05249323847751087,632,They vehemently deny colluding. I’m pretty sure they don’t even know what collusion means.”
4813,3290,0,6,46,52,1.1153846153846154,0.044736922925984586,632,"Your turn next, Dolly.”"
4814,3290,1,4,47,52,1.1153846153846154,0.05249323847751087,632,They're beside themselves with remorse.
4817,3290,1,4,47,52,1.1153846153846154,0.05249323847751087,632,I think this job is beginning to get to me.
4845,3290,0,6,46,52,1.1153846153846154,0.044736922925984586,632,I think it was a mistake to name her “Little Miss Me Too.”
4847,3290,1,4,47,52,1.1153846153846154,0.05249323847751087,632,Kinda looks like we're tampering with the Russian selections.
4880,3290,1,4,47,52,1.1153846153846154,0.05249323847751087,632,Would you like to see what is in me?
4886,3290,0,6,46,52,1.1153846153846154,0.044736922925984586,632,Numbers one through five were hiding something.
2637,3290,1,4,47,52,1.1153846153846154,0.05249323847751087,632,I know we're the investigators but sometimes I get the feelings it's us who are being watched.
4493,3290,1,4,47,52,1.1153846153846154,0.05249323847751087,632,I called you because I still can’t crack the case.  I still can’t open these things.
4484,3290,1,4,47,52,1.1153846153846154,0.05249323847751087,632,"No, he was gone before I could turn my head."
4481,3290,0,6,46,52,1.1153846153846154,0.044736922925984586,632,We will get to the bottom of this.
4468,3290,1,4,47,52,1.1153846153846154,0.05249323847751087,632,One of these here Russian dolls is a murderer!
3881,3290,1,4,47,52,1.1153846153846154,0.05249323847751087,632,Electoral Security Unit
3922,3290,1,4,47,52,1.1153846153846154,0.05249323847751087,632,Call Rudy”
3926,3290,1,4,47,52,1.1153846153846154,0.05249323847751087,632,"'I'M FEELING VERY EMPTY INSIDE"""
3984,3290,0,6,46,52,1.1153846153846154,0.044736922925984586,632,"I don't know, but some women seem full of themselves!!"
3988,3290,1,4,47,52,1.1153846153846154,0.05249323847751087,632,It seems crime runs deep in the family.
3994,3290,0,6,46,52,1.1153846153846154,0.044736922925984586,632,"Sorry, mam, but I'm not a nesting doll."
4030,3290,1,4,47,52,1.1153846153846154,0.05249323847751087,632,"Not you too, Tammy. I swear they're all in on it."
4060,3290,1,4,47,52,1.1153846153846154,0.05249323847751087,632,I swear it wasn't collusion
3822,3290,1,4,47,52,1.1153846153846154,0.05249323847751087,632,I think Number 4 is hiding something.
4074,3290,0,6,46,52,1.1153846153846154,0.044736922925984586,632,Are you asking me if  it was an inside job?
4119,3290,1,4,47,52,1.1153846153846154,0.05249323847751087,632,"I  know this feeling more than you think... not having a leg to stand on, or never a bird in the hand."
4148,3290,0,6,46,52,1.1153846153846154,0.044736922925984586,632,I think the 3-D printer needs toner or whatever that goop is
4171,3290,0,6,46,52,1.1153846153846154,0.044736922925984586,632,Do you think our government is aware of the Russian influence in our lineup?
4223,3290,0,6,46,52,1.1153846153846154,0.044736922925984586,632,About the time I think police line-ups are getting boring …. here come babushkas running out of the woodwork.
4278,3290,0,6,46,52,1.1153846153846154,0.044736922925984586,632,I found them all hanging out together
4365,3290,0,6,46,52,1.1153846153846154,0.044736922925984586,632,"I can't put my finger on it, Sue, but something about this lineup just doesn't quite fit."
4386,3290,1,4,47,52,1.1153846153846154,0.05249323847751087,632,My wife was beside herself when I landed this job.
4428,3290,0,6,46,52,1.1153846153846154,0.044736922925984586,632,"They all have the same fingerprints, too."
4111,3290,1,4,47,52,1.1153846153846154,0.05249323847751087,632,"You can order me on eBay, under ‘Necker’s Knob’"
2619,3290,1,4,47,52,1.1153846153846154,0.05249323847751087,632,"Nest with me, Nastassia."
3618,3290,0,6,46,52,1.1153846153846154,0.044736922925984586,632,What? You said to investigate how deep this Russia thing goes.
2582,3290,2,2,48,52,1.1153846153846154,0.059242618939646566,632,"I’ll never forget it.
He was a man wearing red dots on each cheek
And he had a mustache."
566,3290,1,4,47,52,1.1153846153846154,0.05249323847751087,632,They are suspected of breaking the law of diminishing returns.
567,3290,0,6,46,52,1.1153846153846154,0.044736922925984586,632,"If you ask them to turn to the side, they might fall over."
578,3290,2,2,48,52,1.1153846153846154,0.059242618939646566,632,Are you sure they can't recall how tall the burglar was?
586,3290,0,6,46,52,1.1153846153846154,0.044736922925984586,632,"I keep coming to a dead end on the Russian Doll case, boss. There's no other way, they must have had someone on the inside."
610,3290,1,4,47,52,1.1153846153846154,0.05249323847751087,632,Is that all you can put together?
686,3290,0,6,46,52,1.1153846153846154,0.044736922925984586,632,"Based on my hunches, every breakthrough in this case has yielded a new theory."
714,3290,0,6,46,52,1.1153846153846154,0.044736922925984586,632,Why ask me?  I'm not hollow inside.
736,3290,0,6,46,52,1.1153846153846154,0.044736922925984586,632,"It's not racial profiling, Number 4 isn't nearly as jolly!"
737,3290,0,6,46,52,1.1153846153846154,0.044736922925984586,632,The Russians are not hiding nuclear weapons in there!
770,3290,1,4,47,52,1.1153846153846154,0.05249323847751087,632,"Do you think they'll be able to pick out Ms. Matryoshka for the crime of identity theft?

Janet Street, Atlanta, GA"
781,3290,1,4,47,52,1.1153846153846154,0.05249323847751087,632,"They have always been women, that's why."
817,3290,1,4,47,52,1.1153846153846154,0.05249323847751087,632,"Amazing, your children were all delivered by C-section?"
826,3290,0,6,46,52,1.1153846153846154,0.044736922925984586,632,"Yes, I realize that the surgery was a great success, but now I just feel so empty inside........."
841,3290,1,4,47,52,1.1153846153846154,0.05249323847751087,632,"Now, don't try to tell me they are all your daughters, Shah BabaGanush"
864,3290,0,6,46,52,1.1153846153846154,0.044736922925984586,632,I know.  Cute.  But really full of herself.
941,3290,0,6,46,52,1.1153846153846154,0.044736922925984586,632,This has nothing to do with my pronnes to always blaim the Russians!
980,3290,0,6,46,52,1.1153846153846154,0.044736922925984586,632,You asked for a headline that would intimidate the mafia
559,3290,0,6,46,52,1.1153846153846154,0.044736922925984586,632,Getting them to open up was easy; they thought I was an embedded Russian too.
1003,3290,0,6,46,52,1.1153846153846154,0.044736922925984586,632,"I shouldn't be rushin' to any conclusions, but it's like they know each other inside and out."
556,3290,1,4,47,52,1.1153846153846154,0.05249323847751087,632,This is stacking up to be an open and shut case.
522,3290,1,4,47,52,1.1153846153846154,0.05249323847751087,632,Do they seriously have Raggedy Ann in the next room?
2607,3290,0,6,46,52,1.1153846153846154,0.044736922925984586,632,Don't let their size fool you. The smaller they get the more they have to say.
11,3290,0,6,46,52,1.1153846153846154,0.044736922925984586,632,I'm not sure that's the best solution for jail overcrowding.
30,3290,0,6,46,52,1.1153846153846154,0.044736922925984586,632,The dog sniffed them out.
61,3290,0,6,46,52,1.1153846153846154,0.044736922925984586,632,It's an open and shut and open and shut and open and shut case.
70,3290,0,6,46,52,1.1153846153846154,0.044736922925984586,632,One in six is not affected by nesting fever.”
74,3290,1,4,47,52,1.1153846153846154,0.05249323847751087,632,"Sir, is there anyone else IN your family?"
93,3290,1,4,47,52,1.1153846153846154,0.05249323847751087,632,"Yes officer, the perpetrator is the third one from the right."
118,3290,1,4,47,52,1.1153846153846154,0.05249323847751087,632,"See if you can get them to take off there scarf."""
120,3290,1,4,47,52,1.1153846153846154,0.05249323847751087,632,"Since my wife took the kids, I'm feeling like an empty nester"
216,3290,0,6,46,52,1.1153846153846154,0.044736922925984586,632,I hope the victim remembers height rather than facial features...
220,3290,0,6,46,52,1.1153846153846154,0.044736922925984586,632,"It also could be somebody sitting on their bed that weighs 400 pounds, O.K.?"
293,3290,2,2,48,52,1.1153846153846154,0.059242618939646566,632,"You see one, you've seen them all."
321,3290,0,6,46,52,1.1153846153846154,0.044736922925984586,632,So the lineup is stacking up
378,3290,0,6,46,52,1.1153846153846154,0.044736922925984586,632,They’re all suspects.
386,3290,0,6,46,52,1.1153846153846154,0.044736922925984586,632,What? Victim said they were Russian.
434,3290,1,4,47,52,1.1153846153846154,0.05249323847751087,632,"I don't care what the new policy says, I'm not separating them."
492,3290,0,6,46,52,1.1153846153846154,0.044736922925984586,632,It's always the little one that holds the biggest secret.
545,3290,1,4,47,52,1.1153846153846154,0.05249323847751087,632,What makes you think it was only the Russians who hacked into Hillary's computer server?
1096,3290,1,4,47,52,1.1153846153846154,0.05249323847751087,632,"'With a haircut like this, did I have any choice but to do line up duty?'"
264,3290,1,4,47,52,1.1153846153846154,0.05249323847751087,632,"I suspect hidden intel, given they were mixed in with the Barbies."""
1112,3290,1,4,47,52,1.1153846153846154,0.05249323847751087,632,I didn’t think this was nesting season.
1776,3290,0,6,46,52,1.1153846153846154,0.044736922925984586,632,"I'm tellin ya, my name is Humpty!"
1792,3290,0,6,46,52,1.1153846153846154,0.044736922925984586,632,She only said she was Russian.
1960,3290,0,6,46,52,1.1153846153846154,0.044736922925984586,632,You never what's really in a person.
2011,3290,0,6,46,52,1.1153846153846154,0.044736922925984586,632,"Look, there were six of them and one of me"
2017,3290,0,6,46,52,1.1153846153846154,0.044736922925984586,632,Now I know how Robert Mueller feels...
2078,3290,0,6,46,52,1.1153846153846154,0.044736922925984586,632,"I said Russian tall, not Russian doll.”"
2083,3290,0,6,46,52,1.1153846153846154,0.044736922925984586,632,"Only the tall one saw something, the others were all inside."
2085,3290,1,4,47,52,1.1153846153846154,0.05249323847751087,632,It seems like the deeper I dig the smaller the result.
2305,3290,0,6,46,52,1.1153846153846154,0.044736922925984586,632,Let's try to keep this all in perspective
2345,3290,0,6,46,52,1.1153846153846154,0.044736922925984586,632,So maybe I colluded a little bit.
2348,3290,1,4,47,52,1.1153846153846154,0.05249323847751087,632,I do have an opinion. I'm paid not to express it.
2440,3290,0,6,46,52,1.1153846153846154,0.044736922925984586,632,Does this mean I have to shave the mustache?
2532,3290,0,6,46,52,1.1153846153846154,0.044736922925984586,632,We’re training Russian gas station attendants to notice distinguishing characteristic so they can pick out the criminal in a line-up.
2534,3290,1,4,47,52,1.1153846153846154,0.05249323847751087,632,"I think if we start with suspect #6, everything will start to come together."
2545,3290,0,6,46,52,1.1153846153846154,0.044736922925984586,632,Some parts of me identify with her.
1106,3290,1,4,47,52,1.1153846153846154,0.05249323847751087,632,I just kept diggin'.
2558,3290,0,6,46,52,1.1153846153846154,0.044736922925984586,632,I told them there was something wrong with the x-ray machine.
1746,3290,1,4,47,52,1.1153846153846154,0.05249323847751087,632,"Well, it could be Russia AND an inside job..."
1744,3290,0,6,46,52,1.1153846153846154,0.044736922925984586,632,It's not what it looks like. I just admire the way she can fit so much inside her.
2389,3290,1,4,47,52,1.1153846153846154,0.05249323847751087,632,"I'm sorry if you think they look like you."""
1673,3290,0,6,46,52,1.1153846153846154,0.044736922925984586,632,We have collected DNA samples from both the postman and the milkman.
1153,3290,0,6,46,52,1.1153846153846154,0.044736922925984586,632,I've uncovered the usual suspects.
1176,3290,1,4,47,52,1.1153846153846154,0.05249323847751087,632,"We also know that her name is Natasha, if that helps?"
1701,3290,0,6,46,52,1.1153846153846154,0.044736922925984586,632,We think one of them has an accomplice on the inside.
1295,3290,0,6,46,52,1.1153846153846154,0.044736922925984586,632,"The odds are really stacked against women nowadays, don't you think?"
1319,3290,1,4,47,52,1.1153846153846154,0.05249323847751087,632,Because I’m sure it was an inside job!
1330,3290,0,6,46,52,1.1153846153846154,0.044736922925984586,632,"What do you mean, I'm too close to the case? I'm telling you, my mothers are innocent!"
1332,3290,1,4,47,52,1.1153846153846154,0.05249323847751087,632,"Good work , Detective.  That’s one crime family we can put neatly away."
1402,3290,0,6,46,52,1.1153846153846154,0.044736922925984586,632,"How ya doin', doll."
1442,3290,0,6,46,52,1.1153846153846154,0.044736922925984586,632,"We've come a long way in keeping up with the digital age, by expanding the sizes on our test tube babies. No longer will offer the traditional one size fits all."
1314,3290,0,6,46,52,1.1153846153846154,0.044736922925984586,632,OK.....Let’s see you wobble.
1467,3290,0,6,46,52,1.1153846153846154,0.044736922925984586,632,More Russian interference in the 2016 election. Something about plying voters with pelmeni.
1672,3290,0,6,46,52,1.1153846153846154,0.044736922925984586,632,"Same old same old, you?"
1486,3290,0,6,46,52,1.1153846153846154,0.044736922925984586,632,"When the witness comes in , we'll have 'em one at a time say, ""No collusion here!"" real menacing-like."
1650,3290,0,6,46,52,1.1153846153846154,0.044736922925984586,632,They're the suspects in that Russian wood carving caper.
1528,3290,2,2,48,52,1.1153846153846154,0.059242618939646566,632,"It might be number 2, but then again it might be the one inside of number 2."
1535,3290,0,6,46,52,1.1153846153846154,0.044736922925984586,632,You clearly were Russian to find others to blame for the crime.
1586,3290,0,6,46,52,1.1153846153846154,0.044736922925984586,632,"I said, I'm resting not nesting!"
1547,3290,1,4,47,52,1.1153846153846154,0.05249323847751087,632,They're not all mine.
1455,3290,1,4,47,52,1.1153846153846154,0.05249323847751087,632,"Oh, I misheard you.  You mean you wanted me arrest any nasty gals I found?"
947,3457,0,6,47,53,1.1132075471698113,0.043938680706010445,632,Just because they're wood they don't count as dependents?
4477,3457,1,4,48,53,1.1132075471698113,0.051539276936327136,632,"I don't care if they are full of themselves, be hard on them anyways!"
698,3457,2,2,49,53,1.1132075471698113,0.05815484908461297,632,I only touched her so she could fit in with the others
876,3457,1,4,48,53,1.1132075471698113,0.051539276936327136,632,No luck -- our witness said the robber ran away.
2986,3461,0,5,44,49,1.1020408163265305,0.0436912672743712,632,"We've established that it was a pretty crime, but exactly how petty?"
3035,3461,0,5,44,49,1.1020408163265305,0.0436912672743712,632,I have inner child issues.
3168,3461,2,1,46,49,1.1020408163265305,0.06008000589338672,632,You are so full of yourself yourself!
3037,3461,0,5,44,49,1.1020408163265305,0.0436912672743712,632,Ancestry.com told me I might find a DNA match around here.
3061,3461,0,5,44,49,1.1020408163265305,0.0436912672743712,632,We're supposed to be looking for a Russian crime family. This is the best you could do?
3078,3461,0,5,44,49,1.1020408163265305,0.0436912672743712,632,"They ain't criminals, they're my sisters."
2975,3461,0,5,44,49,1.1020408163265305,0.0436912672743712,632,When we started dating she said she only wanted to have two.
3105,3461,0,5,44,49,1.1020408163265305,0.0436912672743712,632,"No,you can't use the women's room."
3112,3461,0,5,44,49,1.1020408163265305,0.0436912672743712,632,"I am sure, it is the third from the right er a .. maybe it is the third form the left. Anyway she did it"
3128,3461,1,3,45,49,1.1020408163265305,0.05252872520911736,632,My bride is in there somewhere.
2971,3461,0,5,44,49,1.1020408163265305,0.0436912672743712,632,Ya but we're looking for the perpetrator of a series of crimes.
3248,3461,0,5,44,49,1.1020408163265305,0.0436912672743712,632,I really did my best to fit in.
3504,3461,0,5,44,49,1.1020408163265305,0.0436912672743712,632,"Listen, do not Russian to a decision."
3291,3461,1,3,45,49,1.1020408163265305,0.05252872520911736,632,Definitely Russian .... but there was an echo.
3372,3461,0,5,44,49,1.1020408163265305,0.0436912672743712,632,I just don't understand how they all fit on just one getaway scooter
3421,3461,1,3,45,49,1.1020408163265305,0.05252872520911736,632,"I can’t explain it, but my intuition tells me the killer was Russian"
3424,3461,0,5,44,49,1.1020408163265305,0.0436912672743712,632,The Mini-me revolution is here to stay
3465,3461,1,3,45,49,1.1020408163265305,0.05252872520911736,632,"I never thought we'd get caught up in the Mueller investigation."""
3482,3461,0,5,44,49,1.1020408163265305,0.0436912672743712,632,I was so sure we had our perp. The victim said she was a real doll.
3490,3461,1,3,45,49,1.1020408163265305,0.05252872520911736,632,...it's all relative...
3501,3461,1,3,45,49,1.1020408163265305,0.05252872520911736,632,When I said I wanted all eyes on me I didn’t mean it like this...
3524,3461,0,5,44,49,1.1020408163265305,0.0436912672743712,632,"Yeah,Doc. What can my wife Dolly and I do to have some boy babies?"
3558,3461,1,3,45,49,1.1020408163265305,0.05252872520911736,632,We sent the littlest doll to a separate detention facility.
2877,3461,0,5,44,49,1.1020408163265305,0.0436912672743712,632,How many times do I have to tell you? Size doesn't matter!
3564,3461,0,5,44,49,1.1020408163265305,0.0436912672743712,632,"He was an ex-Russian spy, they say it was an inside job..."
3253,3461,1,3,45,49,1.1020408163265305,0.05252872520911736,632,"We just got the results back from Murray Povich. 
You ARE the father!"
2872,3461,1,3,45,49,1.1020408163265305,0.05252872520911736,632,I told you it was the Russia mafia.
2437,3461,0,5,44,49,1.1020408163265305,0.0436912672743712,632,I feel like if we keep digging we're eventually going to get to the bottom of this puzzle.
2834,3461,0,5,44,49,1.1020408163265305,0.0436912672743712,632,They all say their just innocent  tourists.
3592,3461,0,5,44,49,1.1020408163265305,0.0436912672743712,632,It's the Law of Diminishing Returns!
2306,3461,0,5,44,49,1.1020408163265305,0.0436912672743712,632,Any further investigation will result in diminishing returns.
2337,3461,0,5,44,49,1.1020408163265305,0.0436912672743712,632,"I dunno, for some reason they appeal to me."
2347,3461,0,5,44,49,1.1020408163265305,0.0436912672743712,632,I know you actually have a neck.
2367,3461,0,5,44,49,1.1020408163265305,0.0436912672743712,632,"Sorry, you're just not fitting in around here"
2426,3461,0,5,44,49,1.1020408163265305,0.0436912672743712,632,"I know it's tempting, but not everything fits together so easily."
2428,3461,1,3,45,49,1.1020408163265305,0.05252872520911736,632,"Well, the DNA test showed they're not mine."
2449,3461,1,3,45,49,1.1020408163265305,0.05252872520911736,632,I decided to keep them.  Looks just like my first girlfriend.
2460,3461,0,5,44,49,1.1020408163265305,0.0436912672743712,632,Sexism? Next you’ll be accusing me of ethnic profiling and heightism too.
2467,3461,1,3,45,49,1.1020408163265305,0.05252872520911736,632,We just want you to submit to a genetic test.
2482,3461,1,3,45,49,1.1020408163265305,0.05252872520911736,632,"female officer: ""You KNOW something.. what are you not telling me Patryoshka?""
Patryoshka: *hides head in little hands, breaks down in tears"
2498,3461,1,3,45,49,1.1020408163265305,0.05252872520911736,632,I AM NESTING AGE
2855,3461,2,1,46,49,1.1020408163265305,0.06008000589338672,632,What size is your wife?
2499,3461,0,5,44,49,1.1020408163265305,0.0436912672743712,632,Obviously the jury has been stacked against me.
2546,3461,0,5,44,49,1.1020408163265305,0.0436912672743712,632,Do you think Vladimir will like the Melania collection?
2552,3461,0,5,44,49,1.1020408163265305,0.0436912672743712,632,Don’t you doll face me!
2565,3461,1,3,45,49,1.1020408163265305,0.05252872520911736,632,"Listen carefully, Sofia. It doesn't matter that all 30 women in the lineup are identical except in size. What matters is that the informant ID's several defendants for this week's puppet trials."
2567,3461,0,5,44,49,1.1020408163265305,0.0436912672743712,632,"I know they're too big for a Christmas stocking, but the Irish like them for whisky decanters."
2578,3461,1,3,45,49,1.1020408163265305,0.05252872520911736,632,"My wife is a doll, but this baby thing is from crazy town."
2585,3461,1,3,45,49,1.1020408163265305,0.05252872520911736,632,She’s in there somewhere.
2666,3461,1,3,45,49,1.1020408163265305,0.05252872520911736,632,I was told by HR that I'm a natural fit
2712,3461,0,5,44,49,1.1020408163265305,0.0436912672743712,632,They’re claiming that they had something to do with the outcome of the last election.
2727,3461,0,5,44,49,1.1020408163265305,0.0436912672743712,632,You said to get six doll faces.
2759,3461,1,3,45,49,1.1020408163265305,0.05252872520911736,632,They have a one-child policy. One per year.
2819,3461,0,5,44,49,1.1020408163265305,0.0436912672743712,632,Talk about a compounded cover up!
2828,3461,0,5,44,49,1.1020408163265305,0.0436912672743712,632,I found the Russian Collusion.
2500,3461,1,3,45,49,1.1020408163265305,0.05252872520911736,632,It grows on you.
3595,3461,1,3,45,49,1.1020408163265305,0.05252872520911736,632,"In my defense, there's no precedent for 'appropriate' behavior."
4559,3461,0,5,44,49,1.1020408163265305,0.0436912672743712,632,Another Russian cartel.  They cover for each other.
3674,3461,1,3,45,49,1.1020408163265305,0.05252872520911736,632,Hi! How are yourselves today?
4390,3461,1,3,45,49,1.1020408163265305,0.05252872520911736,632,"Well, it's better than falling down on the job."
4399,3461,1,3,45,49,1.1020408163265305,0.05252872520911736,632,What? I was told to find a subject and slightly varying fillers... I thought this was a perfect fit.
4412,3461,1,3,45,49,1.1020408163265305,0.05252872520911736,632,"You can call CSI, but DNA testing might not help us on this one."
4424,3461,1,3,45,49,1.1020408163265305,0.05252872520911736,632,Looks like an open-and-shut case.
4478,3461,1,3,45,49,1.1020408163265305,0.05252872520911736,632,"Captain, I've figured it out.  It's the one without a disguise."
4486,3461,0,5,44,49,1.1020408163265305,0.0436912672743712,632,Ever since the inauguration we have a standing order if there are aerial photo ops.
4520,3461,1,3,45,49,1.1020408163265305,0.05252872520911736,632,"Number four isn't sweating this, she knows the lineup is stacked against us."
4530,3461,1,3,45,49,1.1020408163265305,0.05252872520911736,632,This job used to be easier; people were different back then.
4554,3461,0,5,44,49,1.1020408163265305,0.0436912672743712,632,Today we brought in the unusual suspects.
2274,3461,0,5,44,49,1.1020408163265305,0.0436912672743712,632,You should see the last five.
4562,3461,1,3,45,49,1.1020408163265305,0.05252872520911736,632,"Sorry, I can't look. I'm scared of heights."
4590,3461,0,5,44,49,1.1020408163265305,0.0436912672743712,632,How can you help me if all my personalities are exactly the same?
4376,3461,2,1,46,49,1.1020408163265305,0.06008000589338672,632,Hello reader. Imagine a funny caption about this cartoon written here.
4642,3461,0,5,44,49,1.1020408163265305,0.0436912672743712,632,"They fit well together--can't sell separately,I promised."
4663,3461,0,5,44,49,1.1020408163265305,0.0436912672743712,632,This goes all the way to the bottom.
4668,3461,0,5,44,49,1.1020408163265305,0.0436912672743712,632,Don't let the dollish face fool you. The third from the right is the killer.
4743,3461,1,3,45,49,1.1020408163265305,0.05252872520911736,632,"Actually, I am bigger on the inside."
4758,3461,0,5,44,49,1.1020408163265305,0.0436912672743712,632,They just don’t seem to fit the crime.
4759,3461,1,3,45,49,1.1020408163265305,0.05252872520911736,632,I don't want to talk to those ego-maniacs. They're always so full of themselves.
4788,3461,0,5,44,49,1.1020408163265305,0.0436912672743712,632,"Your daughter is the fourth one from the left, chief. We did our best with the line up to blend her in."
4797,3461,0,5,44,49,1.1020408163265305,0.0436912672743712,632,Number seven could still be hiding.
4827,3461,0,5,44,49,1.1020408163265305,0.0436912672743712,632,Great moves. Now do it without legs.
4841,3461,1,3,45,49,1.1020408163265305,0.05252872520911736,632,"How do you say ""dismissed"" in Ukrainian?"
4849,3461,0,5,44,49,1.1020408163265305,0.0436912672743712,632,It's for the Russian Mob case.
4915,3461,0,5,44,49,1.1020408163265305,0.0436912672743712,632,All these Russian cases are a riddle wrapped in a mystery inside an enigma.
4934,3461,1,3,45,49,1.1020408163265305,0.05252872520911736,632,"Ya, Comrade. This is the gang of ""children held"" in that DC pizza parlor--Clever, ya? Trump loved that one. He doesn't use computers, but we told him Facebook was as good a place as Twitter to tell a tall Russian fable...
Leslie Hardin
Summit, NJ"
4658,3461,0,5,44,49,1.1020408163265305,0.0436912672743712,632,sometimes I feel like there's another person inside me
4362,3461,0,5,44,49,1.1020408163265305,0.0436912672743712,632,They're Russian nesting trolls.
4334,3461,0,5,44,49,1.1020408163265305,0.0436912672743712,632,All of them deny that they were at the meeting with Donald Trump’s son.
4274,3461,0,5,44,49,1.1020408163265305,0.0436912672743712,632,"I get frustrated when they say ""They all look the same except for the size."""
3696,3461,1,3,45,49,1.1020408163265305,0.05252872520911736,632,They're Russians... let's just throw them all in jail.
3719,3461,0,5,44,49,1.1020408163265305,0.0436912672743712,632,I’m starting to think you may be right - it WAS an inside job!
3742,3461,0,5,44,49,1.1020408163265305,0.0436912672743712,632,"Russian remake of ""Child's Play"" featuring the Chuckettes"
3781,3461,0,5,44,49,1.1020408163265305,0.0436912672743712,632,"Mary,Mary, quite contrary..."
3806,3461,0,5,44,49,1.1020408163265305,0.0436912672743712,632,Your Honor.  I deny harassment.  It meant nothing to me.  It was her boobs I was after.
3825,3461,1,3,45,49,1.1020408163265305,0.05252872520911736,632,"Say what you will, but it's cut down on all the hemming and hawing."
3833,3461,1,3,45,49,1.1020408163265305,0.05252872520911736,632,If you dig deep enough you’ll find Russian collusion!
3851,3461,2,1,46,49,1.1020408163265305,0.06008000589338672,632,"So, in order to find my inner self, you are saying that I should take more steroids ?"
3866,3461,0,5,44,49,1.1020408163265305,0.0436912672743712,632,The chicks in the lineup may look alike but one of them is guilty of pandering to those Christmas nutcracker dudes.
3867,3461,2,1,46,49,1.1020408163265305,0.06008000589338672,632,Where’s the rest of your team?
3880,3461,0,5,44,49,1.1020408163265305,0.0436912672743712,632,I don’t care if I’m nesting - this is my office Pete.
3882,3461,1,3,45,49,1.1020408163265305,0.05252872520911736,632,I just have a feeling they're hiding something.
3909,3461,0,5,44,49,1.1020408163265305,0.0436912672743712,632,I'm just afraid it will happen again.
3910,3461,1,3,45,49,1.1020408163265305,0.05252872520911736,632,I was made this way and it was time I came out of the stack.
3912,3461,0,5,44,49,1.1020408163265305,0.0436912672743712,632,The family. No daughters yet.
3917,3461,0,5,44,49,1.1020408163265305,0.0436912672743712,632,I told the surgeon I wanted Burt Reynolds and he did it.
3937,3461,0,5,44,49,1.1020408163265305,0.0436912672743712,632,Dopplerskaya Gang... the matriarch has nothing to hide.
3981,3461,0,5,44,49,1.1020408163265305,0.0436912672743712,632,"It's definitely number three.  I'd recognize that cold, icy stare anywhere."
4047,3461,0,5,44,49,1.1020408163265305,0.0436912672743712,632,"So far, no one has been able to positively identify the one that voted in the last election,"
4058,3461,2,1,46,49,1.1020408163265305,0.06008000589338672,632,"No, they are not my daughters !"
4104,3461,0,5,44,49,1.1020408163265305,0.0436912672743712,632,Hmmph.
4118,3461,0,5,44,49,1.1020408163265305,0.0436912672743712,632,Is Russian party sign for Me Too Movement.
4145,3461,0,5,44,49,1.1020408163265305,0.0436912672743712,632,I  knew the suspect was hiding something.
4243,3461,1,3,45,49,1.1020408163265305,0.05252872520911736,632,"It’s the Melania AI Exhibit. If you pull out your cell phone, they close their eyes and rhythmically chant ‘Be Best!’"
4249,3461,2,1,46,49,1.1020408163265305,0.06008000589338672,632,"It's obvious, isn't it? Look at her. All smug smile, blank stare."
4250,3461,0,5,44,49,1.1020408163265305,0.0436912672743712,632,"I say we talk to the broad three from the right. Remember? The kid said his sister never wears make-up. Runs an international operation using her family to smuggle millions of dollars' worth of the stuff, sure. But never wears it."
4266,3461,0,5,44,49,1.1020408163265305,0.0436912672743712,632,The legs and arms will have to go.
3644,3461,0,5,44,49,1.1020408163265305,0.0436912672743712,632,I can only recognize the one on the far left.
2259,3461,1,3,45,49,1.1020408163265305,0.05252872520911736,632,The chances of finding the suspect are diminishing.
1411,3461,0,5,44,49,1.1020408163265305,0.0436912672743712,632,I swear I only brought in the won.
2195,3461,0,5,44,49,1.1020408163265305,0.0436912672743712,632,How many of them will finger Kavanaugh?
550,3461,1,3,45,49,1.1020408163265305,0.05252872520911736,632,This is the funniest one
576,3461,0,5,44,49,1.1020408163265305,0.0436912672743712,632,"Of course we know they were Russian, but what *size* was the DNA at the crime scene??"
579,3461,0,5,44,49,1.1020408163265305,0.0436912672743712,632,"Let's just do it and be legends, man."
594,3461,0,5,44,49,1.1020408163265305,0.0436912672743712,632,DNA history just came in on these gals.
605,3461,1,3,45,49,1.1020408163265305,0.05252872520911736,632,"You're right Ms Butina, the NRA will hide the guns in the dolls. And I like that badge they gave you."
651,3461,0,5,44,49,1.1020408163265305,0.0436912672743712,632,"Yes, I contain multitudes.  So what?"
664,3461,0,5,44,49,1.1020408163265305,0.0436912672743712,632,"Middle part, rosey cheeks, babooshka scarf, pinafore; Yes.
But no height info."
676,3461,0,5,44,49,1.1020408163265305,0.0436912672743712,632,"Yea, but they are all lying."
718,3461,1,3,45,49,1.1020408163265305,0.05252872520911736,632,"Sorry, I couldn't resist her. She's a real doll!"
751,3461,1,3,45,49,1.1020408163265305,0.05252872520911736,632,What are you trying to say?
771,3461,2,1,46,49,1.1020408163265305,0.06008000589338672,632,"She rested on the seventh one."""
776,3461,0,5,44,49,1.1020408163265305,0.0436912672743712,632,"The one on the left is just a decoy; we're pretty sure it was an ""inside"" job."
791,3461,1,3,45,49,1.1020408163265305,0.05252872520911736,632,This is our lineup to identify the Russian hackers.
808,3461,0,5,44,49,1.1020408163265305,0.0436912672743712,632,"I thought it was ‘big of me’ to marry all of them, too."
818,3461,0,5,44,49,1.1020408163265305,0.0436912672743712,632,"They look to see Putin pulling the puppet strings.  They do not expect to see what Churchhill saw, 'a riddle, wrapped in a mystery, inside an enigma,' in other words the Russian nesting doll."
857,3461,0,5,44,49,1.1020408163265305,0.0436912672743712,632,Each alibi depends on another's.
863,3461,1,3,45,49,1.1020408163265305,0.05252872520911736,632,That's not a six-pack.
871,3461,0,5,44,49,1.1020408163265305,0.0436912672743712,632,well...they like to come out and get some fresh air now and then
873,3461,1,3,45,49,1.1020408163265305,0.05252872520911736,632,Is this some kind of a cruel joke?
916,3461,0,5,44,49,1.1020408163265305,0.0436912672743712,632,"I filed, but it was diminishing returns"
926,3461,1,3,45,49,1.1020408163265305,0.05252872520911736,632,There's a killer inside of us all.
932,3461,0,5,44,49,1.1020408163265305,0.0436912672743712,632,The victim said the one that assaulted him had arms.
948,3461,1,3,45,49,1.1020408163265305,0.05252872520911736,632,The one without rosy cheeks did it!
972,3461,1,3,45,49,1.1020408163265305,0.05252872520911736,632,Someone’s hiding something. We’re going to have to do a cavity search.
1015,3461,0,5,44,49,1.1020408163265305,0.0436912672743712,632,"They're nesting dolls, not ICE targets."
542,3461,0,5,44,49,1.1020408163265305,0.0436912672743712,632,Those human traffickers are getting more devious by the day.
536,3461,0,5,44,49,1.1020408163265305,0.0436912672743712,632,The victim said she found herself suddenly surrounded on all sides. Now we know why.
488,3461,1,3,45,49,1.1020408163265305,0.05252872520911736,632,Clandestine Russian collusion with many layers.
487,3461,1,3,45,49,1.1020408163265305,0.05252872520911736,632,"Eanie, Meanie, Mieni, Moe is not the supporting evidence the prosecutor was hoping for."
6,3461,1,3,45,49,1.1020408163265305,0.05252872520911736,632,"All they keep saying, no matter what questions I ask them,
is 'Охота на ведьм' -- 'Witch hunt.' """
19,3461,0,5,44,49,1.1020408163265305,0.0436912672743712,632,"We'll take turns questioning them.
One of their stories is bound to wobble..."
29,3461,0,5,44,49,1.1020408163265305,0.0436912672743712,632,"But, I was really, really into her!"
47,3461,0,5,44,49,1.1020408163265305,0.0436912672743712,632,Which one is hiding the little one?
66,3461,0,5,44,49,1.1020408163265305,0.0436912672743712,632,You can't use the 'I'm just a cog in the wheel' excuse.
72,3461,1,3,45,49,1.1020408163265305,0.05252872520911736,632,It may not surprise you to know that our favorite food is onions.
98,3461,0,5,44,49,1.1020408163265305,0.0436912672743712,632,"But, Olga, don't they all fit the description?"
111,3461,1,3,45,49,1.1020408163265305,0.05252872520911736,632,"Do you some in a different size, too?"
126,3461,0,5,44,49,1.1020408163265305,0.0436912672743712,632,"I get the line-up, but I think she’s a MacGuffin."
129,3461,1,3,45,49,1.1020408163265305,0.05252872520911736,632,You want to open them and see if there is any nerve powder inside?
167,3461,1,3,45,49,1.1020408163265305,0.05252872520911736,632,"Yes, now I'm an empty nester."
206,3461,0,5,44,49,1.1020408163265305,0.0436912672743712,632,"We tried everything but they just won't open up any further."""
1083,3461,1,3,45,49,1.1020408163265305,0.05252872520911736,632,"Now that we know it was an inside job, we just have to figure out how deep this thing goes."
217,3461,0,5,44,49,1.1020408163265305,0.0436912672743712,632,Freshly minted politicians for sale...
274,3461,0,5,44,49,1.1020408163265305,0.0436912672743712,632,"I said,' Dollface, you're busted.'"
281,3461,0,5,44,49,1.1020408163265305,0.0436912672743712,632,They were in the doll house caper.
288,3461,1,3,45,49,1.1020408163265305,0.05252872520911736,632,I can't shake the feeling that one of them is hiding something.
365,3461,0,5,44,49,1.1020408163265305,0.0436912672743712,632,"I'm telling you Chief, this whole thing feels like an inside job."""
369,3461,2,1,46,49,1.1020408163265305,0.06008000589338672,632,This case has TOO many LAYERS! HAHAHAHAHA IS THIS FUNNY? IS THIS WHAT YOU WANT? HAHAHAHAHA DO YOU LIKE THIS? IS THIS GOOD FOR YOU? HAHAHAHAHA IS THIS THE JOKE THAT CAN GO IN THE MAGAZINE? WHAT DO YOU WANT FROM ME? HUH? WILL I EVER BE GOOD ENOUGH?
390,3461,0,5,44,49,1.1020408163265305,0.0436912672743712,632,This reminds me of the time someone  was attacked by Sybil
394,3461,0,5,44,49,1.1020408163265305,0.0436912672743712,632,I've been getting in shape for work.
402,3461,0,5,44,49,1.1020408163265305,0.0436912672743712,632,"Sometimes I feel like I'm missing something, deep inside."
403,3461,0,5,44,49,1.1020408163265305,0.0436912672743712,632,My theory is they were working together.
416,3461,2,1,46,49,1.1020408163265305,0.06008000589338672,632,"If you can’t be ‘em, join ‘em."
471,3461,0,5,44,49,1.1020408163265305,0.0436912672743712,632,Nope I'm an only child.
473,3461,1,3,45,49,1.1020408163265305,0.05252872520911736,632,Please identify the last one you saw.
267,3461,0,5,44,49,1.1020408163265305,0.0436912672743712,632,I believe our case will get stronger once we find their nest.
2207,3461,0,5,44,49,1.1020408163265305,0.0436912672743712,632,"Have a look under my head. First one is my wife, followed by my children and the cat."
1087,3461,1,3,45,49,1.1020408163265305,0.05252872520911736,632,"I rounded 'em up in a souvenir shop in Russiatown, next to Tchotchkes' bar"
1127,3461,0,5,44,49,1.1020408163265305,0.0436912672743712,632,"I try to be Bohemian. I read Mayakovsky, I go to anarchist rallies wearing my tie askew, but no matter how hard I try all I can create are the same dolls over and over"
1651,3461,0,5,44,49,1.1020408163265305,0.0436912672743712,632,The jury is stacked.
1652,3461,1,3,45,49,1.1020408163265305,0.05252872520911736,632,"...and the Russians kept coming, and coming, and coming!  What was I to do?"
1674,3461,1,3,45,49,1.1020408163265305,0.05252872520911736,632,"What!!??
 I missed gender selection by one measly chrome’zone"
1700,3461,1,3,45,49,1.1020408163265305,0.05252872520911736,632,Evidence of collusion.
1812,3461,1,3,45,49,1.1020408163265305,0.05252872520911736,632,It’s not what I meant when I said ‘let’s get the witness to front an assortment of dolls.
1819,3461,2,1,46,49,1.1020408163265305,0.06008000589338672,632,"Detective Igor, I can't put my finger on it, but there is a certain pattern to your line-ups."
1838,3461,1,3,45,49,1.1020408163265305,0.05252872520911736,632,Find your spot on the wall
1848,3461,0,5,44,49,1.1020408163265305,0.0436912672743712,632,I only took one - the others came with.
1880,3461,1,3,45,49,1.1020408163265305,0.05252872520911736,632,It's a blame game.
1881,3461,0,5,44,49,1.1020408163265305,0.0436912672743712,632,I asked her how many kids she was hiding. That's a fight I'll never forget...
1891,3461,0,5,44,49,1.1020408163265305,0.0436912672743712,632,Have we stacked the odds against suspect number 4?
1904,3461,0,5,44,49,1.1020408163265305,0.0436912672743712,632,Mueller wanted our department to try a different approach in the Russia investigation
1645,3461,0,5,44,49,1.1020408163265305,0.0436912672743712,632,And they stack just about anywhere
1926,3461,1,3,45,49,1.1020408163265305,0.05252872520911736,632,I think she was a little smaller.
1945,3461,0,5,44,49,1.1020408163265305,0.0436912672743712,632,"You're a doll, I'm telling' ya'.  How would you not fit in?"
1957,3461,1,3,45,49,1.1020408163265305,0.05252872520911736,632,"No lie, Bev. I replace one meal a day with a delicious shake, and my waist goes from the size of this gal behind me here down to the size of that little lady at the end."
1997,3461,1,3,45,49,1.1020408163265305,0.05252872520911736,632,I'm manageable from the inside out.
2013,3461,0,5,44,49,1.1020408163265305,0.0436912672743712,632,I think I need glasses she seems to be multiplying
2016,3461,1,3,45,49,1.1020408163265305,0.05252872520911736,632,I have been gradually excepting the fact that I am related to the  accused .”
2031,3461,1,3,45,49,1.1020408163265305,0.05252872520911736,632,"I figure we need to keep it simple for him: ""Show us on the dollies how high up the collusion goes."
2035,3461,0,5,44,49,1.1020408163265305,0.0436912672743712,632,I will confess if you release them all together as a set.
2056,3461,0,5,44,49,1.1020408163265305,0.0436912672743712,632,The models are my wife and our five daughters.
2061,3461,2,1,46,49,1.1020408163265305,0.06008000589338672,632,"It's not knowing where I fit that gets me. Whether I'm the smaller part of somebody else, or I have all these little ones inside me."
2079,3461,0,5,44,49,1.1020408163265305,0.0436912672743712,632,As a judge your personal feelings doesn't matter.
2086,3461,1,3,45,49,1.1020408163265305,0.05252872520911736,632,So...looking at the report...there is no discernible link between the suspects
2152,3461,1,3,45,49,1.1020408163265305,0.05252872520911736,632,In the gulag it's hair today -- gone tomorrow.
1933,3461,0,5,44,49,1.1020408163265305,0.0436912672743712,632,I related to FLOTUS - isn't automatic exceptions for peoples like me?
1102,3461,1,3,45,49,1.1020408163265305,0.05252872520911736,632,"It is a riddle, wrapped in a mystery, inside an enigma; but perhaps there is a key. That key is Russian national interest."
1640,3461,1,3,45,49,1.1020408163265305,0.05252872520911736,632,"Suspect #1 told me his accomplice resembled ""yo mama."""
1629,3461,0,5,44,49,1.1020408163265305,0.0436912672743712,632,I see your family is a chip off the old block
1129,3461,0,5,44,49,1.1020408163265305,0.0436912672743712,632,"It took awhile, but we eventually uncovered a sicko nesting tendency."""
1146,3461,1,3,45,49,1.1020408163265305,0.05252872520911736,632,The boss said to line up the guise in dolls.
1148,3461,0,5,44,49,1.1020408163265305,0.0436912672743712,632,Why do I get the feeling you're hiding something?
1156,3461,1,3,45,49,1.1020408163265305,0.05252872520911736,632,"Well, Humpty, did you think you could hump her for 6 years and then dump her without paying child support?"
1202,3461,0,5,44,49,1.1020408163265305,0.0436912672743712,632,"See, I told you epigenetics was real."
1227,3461,0,5,44,49,1.1020408163265305,0.0436912672743712,632,Did you ask for the suspects' height?
1252,3461,0,5,44,49,1.1020408163265305,0.0436912672743712,632,I know you are getting closer and closer and closer to solving this case but we need to move on.
1260,3461,0,5,44,49,1.1020408163265305,0.0436912672743712,632,Now I have 6 more dependents! Hello Dollies!
1264,3461,0,5,44,49,1.1020408163265305,0.0436912672743712,632,My mom comes in all shapes and sizes.
1287,3461,0,5,44,49,1.1020408163265305,0.0436912672743712,632,I like my dolls because I'm moved around a lot and they're easy to pack.
1290,3461,0,5,44,49,1.1020408163265305,0.0436912672743712,632,This case feels like it has multiple layers of subterfuge.
1309,3461,0,5,44,49,1.1020408163265305,0.0436912672743712,632,She said she had a nesting urge.
1630,3461,1,3,45,49,1.1020408163265305,0.05252872520911736,632,"Babushka means 'old.' For you, I recommend bobblehead."
1313,3461,0,5,44,49,1.1020408163265305,0.0436912672743712,632,Six for the price of one!
1360,3461,0,5,44,49,1.1020408163265305,0.0436912672743712,632,The witness claims they all did it.
1380,3461,0,5,44,49,1.1020408163265305,0.0436912672743712,632,I feel a strong personal connection to this case...
1446,3461,0,5,44,49,1.1020408163265305,0.0436912672743712,632,I was told to report any signs of Russian interference.
1484,3461,0,5,44,49,1.1020408163265305,0.0436912672743712,632,I am just the little guy.
1489,3461,0,5,44,49,1.1020408163265305,0.0436912672743712,632,I don't know where the other four came from.
1493,3461,1,3,45,49,1.1020408163265305,0.05252872520911736,632,This Russia investigation just keeps growing!
1563,3461,1,3,45,49,1.1020408163265305,0.05252872520911736,632,I have seen my inner me and I don’t like him.
1569,3461,1,3,45,49,1.1020408163265305,0.05252872520911736,632,Their all my seed.
1577,3461,1,3,45,49,1.1020408163265305,0.05252872520911736,632,The one on the is hiding something.
1579,3461,0,5,44,49,1.1020408163265305,0.0436912672743712,632,"I don't know about you, but I think the evidence is stacked against them."
1603,3461,0,5,44,49,1.1020408163265305,0.0436912672743712,632,I have a lot more of those in me.
1626,3461,1,3,45,49,1.1020408163265305,0.05252872520911736,632,"Honestly, they all look the same to me"
1334,3461,1,3,45,49,1.1020408163265305,0.05252872520911736,632,"I need a break, boss. I've had an out of body experience."
3477,3697,2,1,47,50,1.1,0.05890150893739515,632,I was a Mormon and then I became a Russian.
1969,3697,1,3,46,50,1.1,0.05150787536377128,632,"You misspelled ""Liars"""
2433,3697,1,3,46,50,1.1,0.05150787536377128,632,"There's no telling what another full body pat-down will turn up."""
79,3697,1,3,46,50,1.1,0.05150787536377128,632,"Actually, they share a bedroom."
69,3697,0,5,45,50,1.1,0.04285714285714286,632,Yes Frank. It’s a woman’s world these days. Get over it.
1044,3697,1,3,46,50,1.1,0.05150787536377128,632,"Go ahead, just pop my top and there are 5 others like me"
3109,3703,1,2,43,46,1.0869565217391304,0.0522543663110723,632,"I've had sex with them, er, I mean I've had six of them."
3135,3703,0,4,42,46,1.0869565217391304,0.04200399056866503,632,Make sure all my Nesters have a 5 o'clock shadow.
3151,3703,0,4,42,46,1.0869565217391304,0.04200399056866503,632,You can never tell what is inside a man
3164,3703,0,4,42,46,1.0869565217391304,0.04200399056866503,632,"Look, a doll is a doll. What can I say?"
3215,3703,0,4,42,46,1.0869565217391304,0.04200399056866503,632,"Gender bias, Niet!"
3257,3703,0,4,42,46,1.0869565217391304,0.04200399056866503,632,"I think number one, but there's a little voice inside me saying two. And three. And four. And ..."
3260,3703,0,4,42,46,1.0869565217391304,0.04200399056866503,632,The police say it's an inside job.
3262,3703,0,4,42,46,1.0869565217391304,0.04200399056866503,632,"I’m telling you, Maam... give it time. You’ll be disgusted by what happens."
3283,3703,1,2,43,46,1.0869565217391304,0.0522543663110723,632,You’ll do. It’s nothing a babushka and apron couldn’t fix.
3318,3703,1,2,43,46,1.0869565217391304,0.0522543663110723,632,It seems that it is the Matryoshka klan... but no relation...
3337,3703,0,4,42,46,1.0869565217391304,0.04200399056866503,632,How tall was the suspect again? That mugshot isn’t doing anything for me.
3356,3703,0,4,42,46,1.0869565217391304,0.04200399056866503,632,"Come on, one lap dance, they can't see us."
3370,3703,0,4,42,46,1.0869565217391304,0.04200399056866503,632,"So, which one did you see inside Salisbury cathedral?"
3403,3703,0,4,42,46,1.0869565217391304,0.04200399056866503,632,"Yeah, I fucked all of them. Well...not the little one obviously. I’m not a creep."
3551,3703,0,4,42,46,1.0869565217391304,0.04200399056866503,632,I think of them all as my babies.
3556,3703,1,2,43,46,1.0869565217391304,0.0522543663110723,632,I have a sudden craving for beef stroganoff for lunch.
3107,3703,0,4,42,46,1.0869565217391304,0.04200399056866503,632,Really it's just a question of perspective
3090,3703,0,4,42,46,1.0869565217391304,0.04200399056866503,632,You’ll start talking when you’re on the inside.
3052,3703,0,4,42,46,1.0869565217391304,0.04200399056866503,632,"They each have very different personalities though, don't you see?"
3579,3703,0,4,42,46,1.0869565217391304,0.04200399056866503,632,This is just another hostile work environment.
2601,3703,1,2,43,46,1.0869565217391304,0.0522543663110723,632,Looks like we've rounded up the usual Droste effects.
2638,3703,1,2,43,46,1.0869565217391304,0.0522543663110723,632,They say their orders to buy those Facebook ads came from Putin himself!
2713,3703,0,4,42,46,1.0869565217391304,0.04200399056866503,632,I just want to fit in.
2725,3703,0,4,42,46,1.0869565217391304,0.04200399056866503,632,I think this case has more layers than it looked like from the outside.
2751,3703,0,4,42,46,1.0869565217391304,0.04200399056866503,632,Sure
2782,3703,0,4,42,46,1.0869565217391304,0.04200399056866503,632,"Nyet, only one is a genuine nester"
2801,3703,0,4,42,46,1.0869565217391304,0.04200399056866503,632,I think our current profile may be too inclusive.
2810,3703,0,4,42,46,1.0869565217391304,0.04200399056866503,632,So you're telling me you only captured one suspect ?
2838,3703,0,4,42,46,1.0869565217391304,0.04200399056866503,632,"Listen up, comrade. Women are not playthings!"
2911,3703,1,2,43,46,1.0869565217391304,0.0522543663110723,632,There's much more to me than you think.
2932,3703,0,4,42,46,1.0869565217391304,0.04200399056866503,632,I'm starting a #MeTooAlso movement.
2946,3703,1,2,43,46,1.0869565217391304,0.0522543663110723,632,"When you hear 'Russia Investigation', this isn't what I was thinking"""
2962,3703,0,4,42,46,1.0869565217391304,0.04200399056866503,632,Maybe all the suspects are from the same family.
2989,3703,0,4,42,46,1.0869565217391304,0.04200399056866503,632,"Linda, this appears to be an inside job."""
3009,3703,1,2,43,46,1.0869565217391304,0.0522543663110723,632,It was the little one! Must've been an inside job...
3030,3703,0,4,42,46,1.0869565217391304,0.04200399056866503,632,What's this I hear about you not participating in the precinct's fantasy football league this year?
3047,3703,0,4,42,46,1.0869565217391304,0.04200399056866503,632,"Oh, I thought you said fantasy line-up"
3069,3703,0,4,42,46,1.0869565217391304,0.04200399056866503,632,"Da, this is Trump Hotel Gift Shop"
3610,3703,0,4,42,46,1.0869565217391304,0.04200399056866503,632,"You're acting mighty full of yourself, Susan."
3659,3703,0,4,42,46,1.0869565217391304,0.04200399056866503,632,I can't be sure officer.  Things came apart so fast.  I could have sworn there were two more.
2563,3703,1,2,43,46,1.0869565217391304,0.0522543663110723,632,I say your a Russian spy.
4587,3703,0,4,42,46,1.0869565217391304,0.04200399056866503,632,"So now you know, I spent my vacations in Russia."
4603,3703,0,4,42,46,1.0869565217391304,0.04200399056866503,632,The witness said she was a large Russian woman who descended on the victim quickly
4615,3703,0,4,42,46,1.0869565217391304,0.04200399056866503,632,It would help if we knew how far away she was when it happened
4701,3703,0,4,42,46,1.0869565217391304,0.04200399056866503,632,There was only one suspect until they frisked her.
4703,3703,0,4,42,46,1.0869565217391304,0.04200399056866503,632,"Yes, I'm the Father and I nested with the Mother six times."
4722,3703,0,4,42,46,1.0869565217391304,0.04200399056866503,632,"She’ll be rushin’ to pick one, but just tell her to take her time."
4736,3703,1,2,43,46,1.0869565217391304,0.0522543663110723,632,"Our work is done comrade, we've completely infiltrated their culture  ... we went from prototype to the Kardashian sisters."
4770,3703,1,2,43,46,1.0869565217391304,0.0522543663110723,632,"Victim said the perpetrator was a  female with a Russian accent. There were six Russian women in the toy store that day without an alibi, Cheryl. You can’t ignore it."
4775,3703,0,4,42,46,1.0869565217391304,0.04200399056866503,632,no i did not design and build these dolls to insult our government
4780,3703,1,2,43,46,1.0869565217391304,0.0522543663110723,632,so these are the russians  you wanted me to see have them turn around  again. ok they don't move well and they've all been stamped make america great again.
4789,3703,2,0,44,46,1.0869565217391304,0.06080051293740008,632,I got one of them to crack
4823,3703,2,0,44,46,1.0869565217391304,0.06080051293740008,632,The team was pretty advanced — they had a full stack.
4856,3703,0,4,42,46,1.0869565217391304,0.04200399056866503,632,"I’m not your most stable employee, but I’ve never once fallen down on the job."
4879,3703,0,4,42,46,1.0869565217391304,0.04200399056866503,632,The victim said she couldn't recognize the Nesting Doll if it wasn't in its nest.
4885,3703,0,4,42,46,1.0869565217391304,0.04200399056866503,632,Lets just hand them all over to ICE to send back to Russia
4898,3703,0,4,42,46,1.0869565217391304,0.04200399056866503,632,Just practicing for when we capture the real Russian trolls
4918,3703,0,4,42,46,1.0869565217391304,0.04200399056866503,632,"No Steve...I said that ""I was rushin' through Dulles AND the lines were criminal!"""
4586,3703,0,4,42,46,1.0869565217391304,0.04200399056866503,632,My arms won’t fit.
3637,3703,0,4,42,46,1.0869565217391304,0.04200399056866503,632,Everything points to it being an inside job
4512,3703,0,4,42,46,1.0869565217391304,0.04200399056866503,632,We deny any connection with Russia
4187,3703,0,4,42,46,1.0869565217391304,0.04200399056866503,632,"Looks like they've reverted to their more recalcitrant,partisan stance"
3682,3703,0,4,42,46,1.0869565217391304,0.04200399056866503,632,"Believe me, I'm not keeping anything bottled up inside."
3684,3703,0,4,42,46,1.0869565217391304,0.04200399056866503,632,"Captain, I think one of them knows where the real perp is deep inside."
3701,3703,0,4,42,46,1.0869565217391304,0.04200399056866503,632,The Russian one.
3817,3703,0,4,42,46,1.0869565217391304,0.04200399056866503,632,"As you can see, I'm no off-the-shelf weeble."
3824,3703,0,4,42,46,1.0869565217391304,0.04200399056866503,632,"What can I say, Susan? I found them all on Facebook."
3861,3703,0,4,42,46,1.0869565217391304,0.04200399056866503,632,It's going to be tough to pick out the cloner.
3886,3703,0,4,42,46,1.0869565217391304,0.04200399056866503,632,"They're all guilty by dissociation, if you ask me."
3890,3703,1,2,43,46,1.0869565217391304,0.0522543663110723,632,What we’ve got here is a lineup of strong women.
3983,3703,1,2,43,46,1.0869565217391304,0.0522543663110723,632,These women are literally objects.
4021,3703,1,2,43,46,1.0869565217391304,0.0522543663110723,632,"The witness used her I  Phone to record the incident, so the chief said to use the emojis.  This is all I could find."
4044,3703,0,4,42,46,1.0869565217391304,0.04200399056866503,632,"Get Kate Bush down here, pronto."
4091,3703,1,2,43,46,1.0869565217391304,0.0522543663110723,632,The tall one smuggled them all in. They want us to separate the smallest ones.
4099,3703,0,4,42,46,1.0869565217391304,0.04200399056866503,632,"On the bright side, this is the first time my family has been together in five years!"
4101,3703,0,4,42,46,1.0869565217391304,0.04200399056866503,632,"They told me they're not really Russian dolls, they just look that way."
4140,3703,0,4,42,46,1.0869565217391304,0.04200399056866503,632,"Iggie & Aggie Egg:
Cheaper by the Half Dozen"
4162,3703,2,0,44,46,1.0869565217391304,0.06080051293740008,632,You think this is proof beyond an un-reasonable doubt?
4174,3703,1,2,43,46,1.0869565217391304,0.0522543663110723,632,"We're still getting to the kidnapped girl, boss."
4402,3703,0,4,42,46,1.0869565217391304,0.04200399056866503,632,"Book them for complicity, I don't care which one did it."
2504,3703,0,4,42,46,1.0869565217391304,0.04200399056866503,632,All we know is they're all hiding something.
2564,3703,0,4,42,46,1.0869565217391304,0.04200399056866503,632,"I'm sorry captain', I just had to see what was inside."
2476,3703,0,4,42,46,1.0869565217391304,0.04200399056866503,632,"Darling, I think it’s time to change our doll collect to Barbie dolls."
572,3703,0,4,42,46,1.0869565217391304,0.04200399056866503,632,and.
606,3703,0,4,42,46,1.0869565217391304,0.04200399056866503,632,"It's not my fault, you said, ""line them up by height..."""
629,3703,0,4,42,46,1.0869565217391304,0.04200399056866503,632,"Yes, I'm sure it was the third one from the right because I remember thinking she didn't look good without makeup."
675,3703,0,4,42,46,1.0869565217391304,0.04200399056866503,632,This is very stereotype and sexist exhibit!
692,3703,0,4,42,46,1.0869565217391304,0.04200399056866503,632,"Only if you're not squemish, explore inside."
721,3703,0,4,42,46,1.0869565217391304,0.04200399056866503,632,I've been doing it for about a year.
731,3703,0,4,42,46,1.0869565217391304,0.04200399056866503,632,I don't want a paper doll to call my own.  I want a matryoshka doll closer to my size.
788,3703,0,4,42,46,1.0869565217391304,0.04200399056866503,632,You are looking at the original Mazurka Man.
804,3703,1,2,43,46,1.0869565217391304,0.0522543663110723,632,Inside I think I'm more women than man
833,3703,0,4,42,46,1.0869565217391304,0.04200399056866503,632,"I can explain, comrade, if you'll agree to a non-disclosure agreement."
852,3703,0,4,42,46,1.0869565217391304,0.04200399056866503,632,We need one more person in the lineup. Go.
907,3703,0,4,42,46,1.0869565217391304,0.04200399056866503,632,"It’s a crime family, of course."
939,3703,1,2,43,46,1.0869565217391304,0.0522543663110723,632,"I know I'm sexy, but I have so much more inside."
991,3703,0,4,42,46,1.0869565217391304,0.04200399056866503,632,I keep finding new things in this case.
1037,3703,0,4,42,46,1.0869565217391304,0.04200399056866503,632,Now have them line up in alphabetical order.
1043,3703,0,4,42,46,1.0869565217391304,0.04200399056866503,632,"Most will crack under pressure, and number 4 has a cosmetics allergy."
2484,3703,0,4,42,46,1.0869565217391304,0.04200399056866503,632,You can't open just one.
565,3703,0,4,42,46,1.0869565217391304,0.04200399056866503,632,"Sorry L.T., I did the cavity search just like you said. There was nothing there."
1159,3703,0,4,42,46,1.0869565217391304,0.04200399056866503,632,They were subpoenaed for the Mueller Investigation.
494,3703,2,0,44,46,1.0869565217391304,0.06080051293740008,632,"That reminds me, are we having turducken for Thanksgiving?"
455,3703,0,4,42,46,1.0869565217391304,0.04200399056866503,632,There is no amount of rubles that can mess with my scruples.
16,3703,0,4,42,46,1.0869565217391304,0.04200399056866503,632,Their alibis keep emerging.
33,3703,1,2,43,46,1.0869565217391304,0.0522543663110723,632,"You have to face it, you just don’t fit in."
42,3703,0,4,42,46,1.0869565217391304,0.04200399056866503,632,I don’t know what’s gotten into me.
117,3703,0,4,42,46,1.0869565217391304,0.04200399056866503,632,Have you checked the smallest doll?  The missing smallest doll might be in the smallest doll.
133,3703,0,4,42,46,1.0869565217391304,0.04200399056866503,632,The third one from the right got pale and stopped smiling when I mentioned the Steele dossier.
139,3703,1,2,43,46,1.0869565217391304,0.0522543663110723,632,You mean the mic was “ON” when I said you were the “worst boss ever”?”
143,3703,0,4,42,46,1.0869565217391304,0.04200399056866503,632,"Yes, the line up did come from the Dark Side of the Family, It's been a problem for years."
152,3703,0,4,42,46,1.0869565217391304,0.04200399056866503,632,Just because they're Russian doesn't make this fake news.
159,3703,0,4,42,46,1.0869565217391304,0.04200399056866503,632,It wasn’t easy keeping it together.
258,3703,0,4,42,46,1.0869565217391304,0.04200399056866503,632,They aren't talking. It's like they are hiding something.
259,3703,0,4,42,46,1.0869565217391304,0.04200399056866503,632,They said Russian Bots- Not Dolls...
344,3703,0,4,42,46,1.0869565217391304,0.04200399056866503,632,"I didn't say you're a doll, I said you remind me of one."
372,3703,1,2,43,46,1.0869565217391304,0.0522543663110723,632,Our victim said he'd known the perpetrator since she was a child.
381,3703,0,4,42,46,1.0869565217391304,0.04200399056866503,632,"Covert, Boris, covert operations! Your imagination sucks."
383,3703,1,2,43,46,1.0869565217391304,0.0522543663110723,632,Jet fuel can’t melt steel beams.
426,3703,0,4,42,46,1.0869565217391304,0.04200399056866503,632,No sons - why do you ask?
443,3703,0,4,42,46,1.0869565217391304,0.04200399056866503,632,One of them is accused of is hiding something
466,3703,0,4,42,46,1.0869565217391304,0.04200399056866503,632,"This is the ""Nested Witch Hunt"" exhibit"
1187,3703,0,4,42,46,1.0869565217391304,0.04200399056866503,632,I said something hilarious five minutes ago.
1135,3703,0,4,42,46,1.0869565217391304,0.04200399056866503,632,Blame it on the Russia investigation.
1200,3703,0,4,42,46,1.0869565217391304,0.04200399056866503,632,It's  obvious.  I'm never going to fit in.
1194,3703,1,2,43,46,1.0869565217391304,0.0522543663110723,632,"No, I'm a Weeble and I can't fall down."
1982,3703,0,4,42,46,1.0869565217391304,0.04200399056866503,632,"I confess to MeTwo, Three, Four, Five, Six and Seven, Chief."
1999,3703,0,4,42,46,1.0869565217391304,0.04200399056866503,632,Its’s #4. She has such an unusual face.
2005,3703,1,2,43,46,1.0869565217391304,0.0522543663110723,632,Tell Mueller we’ve calibrated it for the Witch Hunt
2037,3703,0,4,42,46,1.0869565217391304,0.04200399056866503,632,"I can't be sure,but I think it's a set up."
2065,3703,0,4,42,46,1.0869565217391304,0.04200399056866503,632,You're just not my type.
2095,3703,2,0,44,46,1.0869565217391304,0.06080051293740008,632,I'm tired of just copying my mother.
1938,3703,0,4,42,46,1.0869565217391304,0.04200399056866503,632,"""Five of them were in hiding."""
2130,3703,1,2,43,46,1.0869565217391304,0.0522543663110723,632,I knew it! You cheated on me and now they have committed crimes.
2188,3703,1,2,43,46,1.0869565217391304,0.0522543663110723,632,She's a handful.
2215,3703,0,4,42,46,1.0869565217391304,0.04200399056866503,632,"They may look innocent, but one of them led the collusion to nest."
2268,3703,1,2,43,46,1.0869565217391304,0.0522543663110723,632,To you they're dolls.  To me they are all suspects.
2294,3703,0,4,42,46,1.0869565217391304,0.04200399056866503,632,It's got me stumped.  Any ideas?
2352,3703,2,0,44,46,1.0869565217391304,0.06080051293740008,632,Just another day in Soviet Russia...
2419,3703,0,4,42,46,1.0869565217391304,0.04200399056866503,632,"Is it me, or does this case just not stack up?"
2442,3703,0,4,42,46,1.0869565217391304,0.04200399056866503,632,Why so glum? It’s not your fault the witness couldn’t pick out the killer.
2149,3703,0,4,42,46,1.0869565217391304,0.04200399056866503,632,I heard it was an inside job.
1931,3703,1,2,43,46,1.0869565217391304,0.0522543663110723,632,"""We demanded he tell us which doll he planted the weed in
and to stop beating around the Babushka..."""
1956,3703,0,4,42,46,1.0869565217391304,0.04200399056866503,632,Number 2 in the lineup...she did it!
1863,3703,0,4,42,46,1.0869565217391304,0.04200399056866503,632,New undercover agent recruits.
1213,3703,0,4,42,46,1.0869565217391304,0.04200399056866503,632,"I asked her if she was able to identify the perp; she just said, “Yep!”"
1255,3703,0,4,42,46,1.0869565217391304,0.04200399056866503,632,Male nesting is a thing!
1271,3703,0,4,42,46,1.0869565217391304,0.04200399056866503,632,What can I say? We fit together well.
1276,3703,0,4,42,46,1.0869565217391304,0.04200399056866503,632,"Yes, but it works well in North Korea."
1341,3703,0,4,42,46,1.0869565217391304,0.04200399056866503,632,I thought you were coming back on Tuesday.
1908,3703,0,4,42,46,1.0869565217391304,0.04200399056866503,632,"I think they all did it - but the little one's the ringleader"""
1381,3703,0,4,42,46,1.0869565217391304,0.04200399056866503,632,"Well...?""
""Uhh...I mean, I thought she was just one!"
1384,3703,1,2,43,46,1.0869565217391304,0.0522543663110723,632,Just why did you separate them?
1359,3703,0,4,42,46,1.0869565217391304,0.04200399056866503,632,You should see what came outta me earlier today.
1478,3703,1,2,43,46,1.0869565217391304,0.0522543663110723,632,Looks are so superficial.  It's what is inside you that counts.
1574,3703,0,4,42,46,1.0869565217391304,0.04200399056866503,632,#4 looks less cheeky than the others.  Let's lean on her first and see if the others fall in line.
1588,3703,0,4,42,46,1.0869565217391304,0.04200399056866503,632,Rita lost two pounds last week and I failed to notice.
1595,3703,0,4,42,46,1.0869565217391304,0.04200399056866503,632,"I'm so sorry. When you said I was in charge of arresting Donald, I thought you said ""Nesting Dolls."""
1714,3703,0,4,42,46,1.0869565217391304,0.04200399056866503,632,"You're scanning machines are fake!
How can a Russian man smuggle little girls across border?"
1717,3703,0,4,42,46,1.0869565217391304,0.04200399056866503,632,"There''s a little voice inside me saying ""this is all a bit passe""."
1745,3703,0,4,42,46,1.0869565217391304,0.04200399056866503,632,I feel it inside. They're all guilty.
1796,3703,0,4,42,46,1.0869565217391304,0.04200399056866503,632,I play well with others.
1458,3703,0,4,42,46,1.0869565217391304,0.04200399056866503,632,"Sadly, the evidence keeps stacking up against them."
1468,3866,0,4,43,47,1.0851063829787233,0.041142194186747603,632,"I was wrong, turns out there are plenty of folks matching the description... no arms, no legs"
2257,3866,0,4,43,47,1.0851063829787233,0.041142194186747603,632,I always wanted a boy.
2841,3866,0,4,43,47,1.0851063829787233,0.041142194186747603,632,I stagnated in my empty nest.
3434,3866,0,4,43,47,1.0851063829787233,0.041142194186747603,632,My patients suffer from separation anxiety.
3454,3866,0,4,43,47,1.0851063829787233,0.041142194186747603,632,Come on. Cough’em up.
2050,3871,1,2,45,48,1.0833333333333333,0.05011806391880343,632,"I know you're my partner, and I know I shouldn't have done it, but something just came over me and, all of a sudden, I was Russian to call you ""doll face!"""
4369,3872,1,2,46,49,1.0816326530612246,0.049114044483651885,632,"Because you are a seventh cousin removed from Mr. Trump, I cannot consider dating you."
814,3872,1,2,46,49,1.0816326530612246,0.049114044483651885,632,"One of these sick fucks is our Highway 1 Killer. She’d tie her victims to a car and drag them over the entirety of the 1 at 3am, when nobody was around. Usually we’d only find a few scraps of bone and a long red trail left behind. Brutal as shit, cap"
898,3872,1,2,46,49,1.0816326530612246,0.049114044483651885,632,"'Got it. The big suspect stays. Smaller suspects out of the line-up for now but hold them.  Add five new suspects into the line-up with big suspect, but none of them identical to big suspect or each other. Size not withstanding.'"
3537,3875,0,3,40,43,1.069767441860465,0.03930950021993099,632,"It's the most elaborate inside-job we've ever investigated,..... but she forgot one simple detail"
3518,3875,0,3,40,43,1.069767441860465,0.03930950021993099,632,Good work catching the Russian Doll gang. Now the only thing they'll be stacking is jail time.
3516,3875,0,3,40,43,1.069767441860465,0.03930950021993099,632,"I didn’t realize my wife had it, I mean...them, in her."
3513,3875,0,3,40,43,1.069767441860465,0.03930950021993099,632,I just don't fit in around here anymore.
3511,3875,0,3,40,43,1.069767441860465,0.03930950021993099,632,Please have intelligence find out why these were sent to me...
3492,3875,0,3,40,43,1.069767441860465,0.03930950021993099,632,I'm mullin' a ruse of rouge.
3457,3875,0,3,40,43,1.069767441860465,0.03930950021993099,632,"Frankly, it looks to me like an open and shut case."
3435,3875,0,3,40,43,1.069767441860465,0.03930950021993099,632,I think she has multiple personalities
3420,3875,0,3,40,43,1.069767441860465,0.03930950021993099,632,"Yes officer, we’re ALL polygamists."
3392,3875,0,3,40,43,1.069767441860465,0.03930950021993099,632,"He had stared long and hard at the photo,I'm not too dissimilar. Did I get the job?"
3363,3875,0,3,40,43,1.069767441860465,0.03930950021993099,632,You’re never going to believe where we found number 6.
3347,3875,1,1,41,43,1.069767441860465,0.051503946641122844,632,"Why  does everyone say ""Gesundheit"" when they walk by?"
3319,3875,0,3,40,43,1.069767441860465,0.03930950021993099,632,All I'm saying is I wonder what it's like to be inside 5 women at once.
3301,3875,0,3,40,43,1.069767441860465,0.03930950021993099,632,"No, really, I wouldn’t mind if you wear the pants in our relationship."
3274,3875,0,3,40,43,1.069767441860465,0.03930950021993099,632,I think I know why the boss assigned me to the Babushka doll show but you don't quite fit the mold.
3261,3875,1,1,41,43,1.069767441860465,0.051503946641122844,632,Which one looks the least likely to open up and tell the truth?
3259,3875,0,3,40,43,1.069767441860465,0.03930950021993099,632,The other side is asking for a paternity test.
3543,3875,1,1,41,43,1.069767441860465,0.051503946641122844,632,Crimea a river
3573,3875,0,3,40,43,1.069767441860465,0.03930950021993099,632,"You're just too big to make number seven, plus you're hairdo and clothes are all wrong!"
3587,3875,1,1,41,43,1.069767441860465,0.051503946641122844,632,I just can't sell them.  They're like my own children.
3601,3875,0,3,40,43,1.069767441860465,0.03930950021993099,632,"Lars, you’re fired, this weeks comic was terrible"
3786,3875,0,3,40,43,1.069767441860465,0.03930950021993099,632,The wait is actually longer than you'd think.
3783,3875,0,3,40,43,1.069767441860465,0.03930950021993099,632,"Da, we are a a Russian family of  Matryoshnas, but we are not spies! Do not deport!"
3777,3875,0,3,40,43,1.069767441860465,0.03930950021993099,632,"Look Karen I was told to bring in ALL possible suspects, OK?"
3755,3875,1,1,41,43,1.069767441860465,0.051503946641122844,632,They say they are showing their right to be individuals.
3752,3875,1,1,41,43,1.069767441860465,0.051503946641122844,632,"No, Detective, I will not get in the line-up even though I look like a nesting doll."
3721,3875,0,3,40,43,1.069767441860465,0.03930950021993099,632,Number 4 could use a little rouge.
3714,3875,1,1,41,43,1.069767441860465,0.051503946641122844,632,You say that you are the father of all of them
3706,3875,0,3,40,43,1.069767441860465,0.03930950021993099,632,They're not as innocent as they look.
3254,3875,0,3,40,43,1.069767441860465,0.03930950021993099,632,"Natasha, of course they all look the same."
3694,3875,0,3,40,43,1.069767441860465,0.03930950021993099,632,I've got a hunch suspect 6 is hiding something.
3679,3875,0,3,40,43,1.069767441860465,0.03930950021993099,632,I think the odds are stacked against us here.
3676,3875,1,1,41,43,1.069767441860465,0.051503946641122844,632,Your inner self has many hidden parts.
3648,3875,0,3,40,43,1.069767441860465,0.03930950021993099,632,i`m just an empty shell of a doll
3638,3875,1,1,41,43,1.069767441860465,0.051503946641122844,632,Is it for all  six sittings statues or just one?.
3635,3875,0,3,40,43,1.069767441860465,0.03930950021993099,632,I see you need to rush out; you'll see it looks like a Russian.
3625,3875,0,3,40,43,1.069767441860465,0.03930950021993099,632,And the title of your next book will be: “How to Transition from Russian to Republican in Six Easy Steps.
3620,3875,0,3,40,43,1.069767441860465,0.03930950021993099,632,"So then I asked her, ""what are you hiding?"""
3617,3875,1,1,41,43,1.069767441860465,0.051503946641122844,632,Nobody wants to be the next size up
3689,3875,0,3,40,43,1.069767441860465,0.03930950021993099,632,Of course Frank can take you to a nicer lunch place than I can. He guards the Hummel wing.
3794,3875,1,1,41,43,1.069767441860465,0.051503946641122844,632,"It has to be Mom, this is NOT a inside job."
2672,3875,0,3,40,43,1.069767441860465,0.03930950021993099,632,"It was my client who instructed me to write the six separate checks for $230,000 each.”"
3238,3875,0,3,40,43,1.069767441860465,0.03930950021993099,632,"Hey, it was the 90's."
2952,3875,0,3,40,43,1.069767441860465,0.03930950021993099,632,"I only requested the case because I thought the sergeant said 'Russian mole.' """
2933,3875,0,3,40,43,1.069767441860465,0.03930950021993099,632,They say they'd like to speak to Christopher Steele.
2919,3875,0,3,40,43,1.069767441860465,0.03930950021993099,632,"This one did it, that one did it - sounds like a case of 'nested ifs' to me."
2917,3875,1,1,41,43,1.069767441860465,0.051503946641122844,632,"I have to confess, I was hoping there would be one more."
2916,3875,0,3,40,43,1.069767441860465,0.03930950021993099,632,I have a feeling deep down inside that we’re never going to catch this one.
2904,3875,0,3,40,43,1.069767441860465,0.03930950021993099,632,"Trust me, we’ll get to the bottom of this."
2869,3875,1,1,41,43,1.069767441860465,0.051503946641122844,632,"So, the thief stole cosmetics."
2859,3875,0,3,40,43,1.069767441860465,0.03930950021993099,632,"I’ve been living my whole life hidden. It’s all coming out, doll by doll."
2778,3875,0,3,40,43,1.069767441860465,0.03930950021993099,632,We're on a roll!
2773,3875,0,3,40,43,1.069767441860465,0.03930950021993099,632,What? The witness is fuzzy on the perp's height.
2750,3875,0,3,40,43,1.069767441860465,0.03930950021993099,632,"On the maternal side, the DNA test shows all clones."
2747,3875,0,3,40,43,1.069767441860465,0.03930950021993099,632,They're the only Press Secretary applicants who kept a straight face when we told them what they'd be saying.
2716,3875,1,1,41,43,1.069767441860465,0.051503946641122844,632,We've got sales in sales in sales in sales in sales in sales
2707,3875,0,3,40,43,1.069767441860465,0.03930950021993099,632,My girls wanted a collusion theme for our Christmas photo.
2706,3875,1,1,41,43,1.069767441860465,0.051503946641122844,632,It's standard operating procedure in the  'me too' movement not to lead the witness or stack the evidence in favor of the accused.
2700,3875,1,1,41,43,1.069767441860465,0.051503946641122844,632,"I don't want to jump to any conclusions, but I put ten dollars on the one with the bonnet."
2688,3875,0,3,40,43,1.069767441860465,0.03930950021993099,632,"So, you have no affiliation with Russia? And what about the wall, Mr. Dumpty, what about that one?"
2954,3875,0,3,40,43,1.069767441860465,0.03930950021993099,632,Our theory is that it was an inside job.
2966,3875,0,3,40,43,1.069767441860465,0.03930950021993099,632,Be patient. The answer is in me.
2981,3875,0,3,40,43,1.069767441860465,0.03930950021993099,632,"We suspect it was an inside job, but we haven't any proof it's linked to Russia."
2985,3875,0,3,40,43,1.069767441860465,0.03930950021993099,632,"Some of these criminals, you'll learn, can be really full of themselves."
3233,3875,0,3,40,43,1.069767441860465,0.03930950021993099,632,So you say you don't know Matryoshka?
3217,3875,0,3,40,43,1.069767441860465,0.03930950021993099,632,"Unless our witness id's the shortest one, we will most likely still be looking at the ""it was the demon inside me"" defense..."
3206,3875,0,3,40,43,1.069767441860465,0.03930950021993099,632,The new ones are internet capable.
3198,3875,0,3,40,43,1.069767441860465,0.03930950021993099,632,this is a news station not a Russian doll  store
3185,3875,0,3,40,43,1.069767441860465,0.03930950021993099,632,Chief is looking for the culprit.
3181,3875,0,3,40,43,1.069767441860465,0.03930950021993099,632,"This  will be interesting trying to get finger prints from dolls who have none, you want to give it a shot?"
3170,3875,0,3,40,43,1.069767441860465,0.03930950021993099,632,I'm looking forward to the Olympics.
3149,3875,1,1,41,43,1.069767441860465,0.051503946641122844,632,"Hey, don't look at me! I just asked the subject to try to contain herself."
3250,3875,0,3,40,43,1.069767441860465,0.03930950021993099,632,"Bob Mueller told me this might crack the case, but all I found was a doll"
3144,3875,1,1,41,43,1.069767441860465,0.051503946641122844,632,This suspect is so full of themself; I've finally got them to open up
3129,3875,0,3,40,43,1.069767441860465,0.03930950021993099,632,So torture me. I tell you I'm not a Matryoshka!
3127,3875,1,1,41,43,1.069767441860465,0.051503946641122844,632,This lineup looks like an inside job
3103,3875,0,3,40,43,1.069767441860465,0.03930950021993099,632,"Sir, I'm afraid you don't fit in here."""
3082,3875,1,1,41,43,1.069767441860465,0.051503946641122844,632,"First there was one, then two then three and when it got to six I got the hell out of there"
3040,3875,1,1,41,43,1.069767441860465,0.051503946641122844,632,these dolls will rush ya
3025,3875,1,1,41,43,1.069767441860465,0.051503946641122844,632,One of them swallowed the evidence. I don't get paid enough for this.
3005,3875,0,3,40,43,1.069767441860465,0.03930950021993099,632,It's a family business. My great-great-great-grandmother Matryoshka designed them. It's in my blood.
3001,3875,0,3,40,43,1.069767441860465,0.03930950021993099,632,"And, then, she begat..."
3138,3875,0,3,40,43,1.069767441860465,0.03930950021993099,632,The one in the middle definitely stuck gum under her desk.
3252,3875,1,1,41,43,1.069767441860465,0.051503946641122844,632,The winner:  uniformity meets predictability.
3835,3875,1,1,41,43,1.069767441860465,0.051503946641122844,632,"It is a little man with headphones in last doll saying ""No collusion""."
3858,3875,0,3,40,43,1.069767441860465,0.03930950021993099,632,I'm worried we're Russian to judgement.
4670,3875,0,3,40,43,1.069767441860465,0.03930950021993099,632,Let ‘em go. Their alibis is all match.
4666,3875,0,3,40,43,1.069767441860465,0.03930950021993099,632,"I'm sorry, sir, but we're all out pf your sizes."
4653,3875,1,1,41,43,1.069767441860465,0.051503946641122844,632,It’s Janet.  Miss Jackson if you’re nesty.
4651,3875,1,1,41,43,1.069767441860465,0.051503946641122844,632,My nested daughters and wife won't disturb us..they've been silenced.
4648,3875,0,3,40,43,1.069767441860465,0.03930950021993099,632,"They got touchy when I asked them to sing 'Edelweiss.' Apparently, they're not Austrian."
4632,3875,1,1,41,43,1.069767441860465,0.051503946641122844,632,This isn't what Mueller meant when he said our suspects were the protagonists of ‘Russian Dolls 6?!'
4608,3875,0,3,40,43,1.069767441860465,0.03930950021993099,632,"Yeah, apparently the whole family was in on it; it's a real mare's nest."
4602,3875,0,3,40,43,1.069767441860465,0.03930950021993099,632,"Well, one thing's for sure- the victim is definitely not an American doll."
4599,3875,1,1,41,43,1.069767441860465,0.051503946641122844,632,"If we keep up the pressure, one of them is bound to cave."
4571,3875,1,1,41,43,1.069767441860465,0.051503946641122844,632,It's the Russian in me.
4565,3875,0,3,40,43,1.069767441860465,0.03930950021993099,632,The line up needs people who look more like the perp.
4548,3875,1,1,41,43,1.069767441860465,0.051503946641122844,632,I hope we got the right person because they all look like “PODsible” suspects
4544,3875,0,3,40,43,1.069767441860465,0.03930950021993099,632,The description we have works. We just don't know the height.
4533,3875,0,3,40,43,1.069767441860465,0.03930950021993099,632,"I don’t know, Sarge. It’s like there’s this nest of crime that keeps revealing hidden layers. By the way, these giant dolls are creeping me out."
4532,3875,0,3,40,43,1.069767441860465,0.03930950021993099,632,They say their Russia’s Ocean’s 6...
4529,3875,0,3,40,43,1.069767441860465,0.03930950021993099,632,"On behalf of the ""'Womanhood is thy reward"" committee we demand that you stop broadcasting or selling on air those nesting dolls that do not promote ethnic engendered diversity."
4522,3875,0,3,40,43,1.069767441860465,0.03930950021993099,632,"They were found rushing to hide a whole nest of coke."""
4674,3875,0,3,40,43,1.069767441860465,0.03930950021993099,632,The resemblance is purely coincidental.
4700,3875,0,3,40,43,1.069767441860465,0.03930950021993099,632,They make feel so empty inside!
4706,3875,0,3,40,43,1.069767441860465,0.03930950021993099,632,Don’t worry immunity is very fashionable these days
4726,3875,0,3,40,43,1.069767441860465,0.03930950021993099,632,They are worried that Mueller's Russian inquiries will be stacked against them.'
4928,3875,0,3,40,43,1.069767441860465,0.03930950021993099,632,"Incredulity aside, these six are responsible for worst crime wave this city has ever seen."
4923,3875,1,1,41,43,1.069767441860465,0.051503946641122844,632,You did say the victim was attacked by a weeble didn't you?
4921,3875,1,1,41,43,1.069767441860465,0.051503946641122844,632,"I'm telling ya, Smith, one of these things just ain't like the others."
4919,3875,0,3,40,43,1.069767441860465,0.03930950021993099,632,You are right. They are not the usual suspects
4916,3875,1,1,41,43,1.069767441860465,0.051503946641122844,632,"There’s…there’s no one left. If it was a parasite — as these skin ruptures would indicate — it seems to have infected then burst en masse from the entire population at once. But why would the bodies be lined up here, outside the church? Unless…"
4905,3875,0,3,40,43,1.069767441860465,0.03930950021993099,632,Do you think the lack of freckles is leading the witness?
4900,3875,0,3,40,43,1.069767441860465,0.03930950021993099,632,Third from the left has the cold eyes of a killer.
4882,3875,0,3,40,43,1.069767441860465,0.03930950021993099,632,Putin gets more diabolical every day.
4506,3875,0,3,40,43,1.069767441860465,0.03930950021993099,632,I just wanted my very own valley of the dolls.
4862,3875,1,1,41,43,1.069767441860465,0.051503946641122844,632,Every time I speak I hear echoes as if I were hollow.
4786,3875,0,3,40,43,1.069767441860465,0.03930950021993099,632,"I can't tell, can you ask each of them to hold up a cup of cocoa, that would help."
4784,3875,0,3,40,43,1.069767441860465,0.03930950021993099,632,"Of course the lineup's suggestive, cold blooded killers like #4 don't have adorable little rosy cheeks."
4760,3875,0,3,40,43,1.069767441860465,0.03930950021993099,632,I would put you on a pedestal - not a shelf!
4757,3875,0,3,40,43,1.069767441860465,0.03930950021993099,632,They never taught me how to make boy dolls.
4756,3875,0,3,40,43,1.069767441860465,0.03930950021993099,632,"I swear, I am the Step-Dad-Dad-Dad-Dad-Dad-Dad."
4749,3875,0,3,40,43,1.069767441860465,0.03930950021993099,632,"The big one is hiding something, I'm sure of it."
4744,3875,0,3,40,43,1.069767441860465,0.03930950021993099,632,"You show me yours, I'll show you mine."
4735,3875,0,3,40,43,1.069767441860465,0.03930950021993099,632,They were all married to Russian leaders.
4804,3875,0,3,40,43,1.069767441860465,0.03930950021993099,632,Evil’s always wishing
3838,3875,0,3,40,43,1.069767441860465,0.03930950021993099,632,It started out so small.
4498,3875,0,3,40,43,1.069767441860465,0.03930950021993099,632,The big one claims it’s an inside job.
4461,3875,0,3,40,43,1.069767441860465,0.03930950021993099,632,Can we say that babushka is a gender-neutral word?
4150,3875,0,3,40,43,1.069767441860465,0.03930950021993099,632,And you thought the two midgets in a trench coat was weird.
4149,3875,0,3,40,43,1.069767441860465,0.03930950021993099,632,"Molls...I said ""Gimme a lineup for arresting Russian molls."""
4117,3875,0,3,40,43,1.069767441860465,0.03930950021993099,632,"Sometimes I just feel, I don’t know, like the real me is locked away deep inside!"
4097,3875,0,3,40,43,1.069767441860465,0.03930950021993099,632,They all said they wanted to be up there!
4084,3875,0,3,40,43,1.069767441860465,0.03930950021993099,632,"the baby is the Russian spy, but the big one is Putin it up so I had to move."
4066,3875,0,3,40,43,1.069767441860465,0.03930950021993099,632,"I know it looks just like the last lineup, but this Russian troll conspiracy goes deeper than we thought."
4064,3875,0,3,40,43,1.069767441860465,0.03930950021993099,632,I dunno she kinda- - you know- - -disappeared!
4048,3875,0,3,40,43,1.069767441860465,0.03930950021993099,632,My sisters. Now you know why I tried to become a Russian oligarch.
4043,3875,0,3,40,43,1.069767441860465,0.03930950021993099,632,"They all. say ""it's fake news."""
4041,3875,1,1,41,43,1.069767441860465,0.051503946641122844,632,"""Unfortunately, there were no fingerprints left at the scene of the crime, Mr. Smith. Concentrate on the suspect's distinguishing facial features."""
4032,3875,0,3,40,43,1.069767441860465,0.03930950021993099,632,Pictured Above: God designs man in his own image. (Genesis 1:27)
4018,3875,0,3,40,43,1.069767441860465,0.03930950021993099,632,How do you think I’ll stack up?
3949,3875,0,3,40,43,1.069767441860465,0.03930950021993099,632,I don't see any collusion.
3946,3875,1,1,41,43,1.069767441860465,0.051503946641122844,632,The Leeds are getting smaller
3927,3875,1,1,41,43,1.069767441860465,0.051503946641122844,632,What exactly is that when it's at home? A perp walk or Craigslist??
3904,3875,0,3,40,43,1.069767441860465,0.03930950021993099,632,I've got a funny feeling they're hiding something.
3900,3875,0,3,40,43,1.069767441860465,0.03930950021993099,632,Yeah... we lost the little one. Like something just scooped her up.
4153,3875,0,3,40,43,1.069767441860465,0.03930950021993099,632,"Just give me a chance, and I won’t let you down. I can feel it inside of me.”"
4211,3875,0,3,40,43,1.069767441860465,0.03930950021993099,632,"Oh Hi boss, I am just sitting down to watch these dolls so they won't get stolen. It is not like I am just sitting down an relaxing. Really"
4251,3875,0,3,40,43,1.069767441860465,0.03930950021993099,632,"Hey, I tried, but everywhere I looked..."
4260,3875,0,3,40,43,1.069767441860465,0.03930950021993099,632,Our source says it was a Russian insider.
4456,3875,0,3,40,43,1.069767441860465,0.03930950021993099,632,It's time we had a Ken doll of our own...
4453,3875,1,1,41,43,1.069767441860465,0.051503946641122844,632,"There’s no case to pursue here.  It’s just another ‘he said, she said, she said, she said, she said, she said, she said.’"
4450,3875,0,3,40,43,1.069767441860465,0.03930950021993099,632,Could number three turn to her left?
4449,3875,0,3,40,43,1.069767441860465,0.03930950021993099,632,They're suspects in a Russian conspiracy
4416,3875,0,3,40,43,1.069767441860465,0.03930950021993099,632,Can you ask the one second from the right to hop to her left
4415,3875,0,3,40,43,1.069767441860465,0.03930950021993099,632,"The little one keeps shouting-""NO COLLUSION!"""
4378,3875,0,3,40,43,1.069767441860465,0.03930950021993099,632,"This big case you said this was just keeps getting smaller and smaller. We're so close, goddamnit!"
4375,3875,0,3,40,43,1.069767441860465,0.03930950021993099,632,Looks like we have another cover up!
4473,3875,0,3,40,43,1.069767441860465,0.03930950021993099,632,You should stop taking your naps in the nesting dolls!
4355,3875,0,3,40,43,1.069767441860465,0.03930950021993099,632,"Now take your time and remember, you can see them, but they can't see you"
4345,3875,0,3,40,43,1.069767441860465,0.03930950021993099,632,They all rebound from every knock-down.
4340,3875,0,3,40,43,1.069767441860465,0.03930950021993099,632,I was Russian to find the suspects and Nesting you know...
4333,3875,0,3,40,43,1.069767441860465,0.03930950021993099,632,"Oh, it's nesting, not resting?"
4320,3875,0,3,40,43,1.069767441860465,0.03930950021993099,632,Sing? No we're still working on getting them to talk
4307,3875,0,3,40,43,1.069767441860465,0.03930950021993099,632,I said six EVIL dolls!
4300,3875,0,3,40,43,1.069767441860465,0.03930950021993099,632,What part of doll Russian female did I misunderstand?
4296,3875,1,1,41,43,1.069767441860465,0.051503946641122844,632,We make do with what we've got in this department.
4281,3875,0,3,40,43,1.069767441860465,0.03930950021993099,632,Am I a guide or part of the exhibit?
4348,3875,0,3,40,43,1.069767441860465,0.03930950021993099,632,"I’ve seen suspects with split personalities before, but nothing quite like this."
2640,3875,0,3,40,43,1.069767441860465,0.03930950021993099,632,Wanna nest?
2639,3875,0,3,40,43,1.069767441860465,0.03930950021993099,632,there is no Donald Trump inside me
2635,3875,0,3,40,43,1.069767441860465,0.03930950021993099,632,You’re positive she was wearing a scarf?
930,3875,0,3,40,43,1.069767441860465,0.03930950021993099,632,What’s your hurry?
911,3875,0,3,40,43,1.069767441860465,0.03930950021993099,632,Can we make this fast? I need to take my sister's family to the Empire State Building.
900,3875,1,1,41,43,1.069767441860465,0.051503946641122844,632,First let's put things into perspective.
889,3875,0,3,40,43,1.069767441860465,0.03930950021993099,632,I don’t get this cartoon I’m in...am I the witness or a cop?
885,3875,0,3,40,43,1.069767441860465,0.03930950021993099,632,We're working under the theory that it was an inside job.
850,3875,0,3,40,43,1.069767441860465,0.03930950021993099,632,Maybe we should go back to beating it out of her.
849,3875,0,3,40,43,1.069767441860465,0.03930950021993099,632,"Okay Harry, what could possibly make you think this place is bugged?"
847,3875,0,3,40,43,1.069767441860465,0.03930950021993099,632,This is wayyyyy above my pay grade.
839,3875,0,3,40,43,1.069767441860465,0.03930950021993099,632,"""Can't we decide custody without hiring a lawyer?"""
807,3875,0,3,40,43,1.069767441860465,0.03930950021993099,632,Why do I feel like the Bods are stacked against  me?
800,3875,0,3,40,43,1.069767441860465,0.03930950021993099,632,Are you talking to me? Or mini-mini-mini-mini-mini-me?
794,3875,0,3,40,43,1.069767441860465,0.03930950021993099,632,I sure hope to be transferred out of Juvenile soon.
790,3875,0,3,40,43,1.069767441860465,0.03930950021993099,632,Who knew a whole a family can fit the same description at the suspect.
787,3875,1,1,41,43,1.069767441860465,0.051503946641122844,632,I suspect it was a man on the inside.
779,3875,0,3,40,43,1.069767441860465,0.03930950021993099,632,The one in the left was caught red handed. But this could be an inside job.
743,3875,0,3,40,43,1.069767441860465,0.03930950021993099,632,I think this was an inside job.
722,3875,0,3,40,43,1.069767441860465,0.03930950021993099,632,You stick with what you know.
943,3875,1,1,41,43,1.069767441860465,0.051503946641122844,632,"I absolutely deny it. And categorically, too."
956,3875,1,1,41,43,1.069767441860465,0.051503946641122844,632,"Sequences in a timeline or perspective of distance, your call"
975,3875,0,3,40,43,1.069767441860465,0.03930950021993099,632,Dimples? Pimples? Whatever. I couldn’t find the rest of a set without them.
1004,3875,0,3,40,43,1.069767441860465,0.03930950021993099,632,I heard the No Tranny Nesting Directive is being ignored over there . . so maybe . . ..
1305,3875,0,3,40,43,1.069767441860465,0.03930950021993099,632,It's our new 'No Collusion' range.
1275,3875,0,3,40,43,1.069767441860465,0.03930950021993099,632,My other outfit is in the wash.
1269,3875,0,3,40,43,1.069767441860465,0.03930950021993099,632,"Can you tell me which one of them enraged you, ma’am?"
1268,3875,0,3,40,43,1.069767441860465,0.03930950021993099,632,"The witness identified 'third from the left,' but I think he's lying."
1259,3875,1,1,41,43,1.069767441860465,0.051503946641122844,632,Putin says I'm just a tourist.
1233,3875,1,1,41,43,1.069767441860465,0.051503946641122844,632,You call these Russian hackers?  How are they supposed to type without arms?
1224,3875,0,3,40,43,1.069767441860465,0.03930950021993099,632,The middle one is just right? I'll pack up my desk.
1144,3875,0,3,40,43,1.069767441860465,0.03930950021993099,632,I can still see you. Now get back to work.
717,3875,0,3,40,43,1.069767441860465,0.03930950021993099,632,Russians know how to camouflage
1139,3875,0,3,40,43,1.069767441860465,0.03930950021993099,632,Hey boss! I matched that description real good. No way that perp is gettin’ off.
1132,3875,0,3,40,43,1.069767441860465,0.03930950021993099,632,Looks like they weren’t fazed by your “Russia Investigation” joke.
1125,3875,0,3,40,43,1.069767441860465,0.03930950021993099,632,"We'll be back in business in no time, just you wait and see!"
1108,3875,1,1,41,43,1.069767441860465,0.051503946641122844,632,Six more votes for Trump.
1104,3875,1,1,41,43,1.069767441860465,0.051503946641122844,632,"No, Mabel!  I told you to round up the usual suspects from the Eagle’s Nest Bar, not ‘line up the round Russian nesting dolls from Aunt Mildred’s next door!’"
1080,3875,0,3,40,43,1.069767441860465,0.03930950021993099,632,". . . and where's your babushka, Miss Perfect?"
1060,3875,0,3,40,43,1.069767441860465,0.03930950021993099,632,I'm afraid with me what you see is what you get.
1033,3875,0,3,40,43,1.069767441860465,0.03930950021993099,632,"So sorry, we don’t have a prenatal model!"
1025,3875,1,1,41,43,1.069767441860465,0.051503946641122844,632,I didn't think anyone would notice if I took one.
1133,3875,0,3,40,43,1.069767441860465,0.03930950021993099,632,"Alright, I won’t ask them to take their tops off."
1317,3875,0,3,40,43,1.069767441860465,0.03930950021993099,632,Russian collusion dolls. Gonna need a translator.
700,3875,1,1,41,43,1.069767441860465,0.051503946641122844,632,I think this is just your basic insider trading case that the Russians have dolled up to look more layered than it really is
674,3875,0,3,40,43,1.069767441860465,0.03930950021993099,632,Do you think they're all guilty?
271,3875,1,1,41,43,1.069767441860465,0.051503946641122844,632,"Can you identify the suspect who hacked your computer? Don't worry, they cannot see you through the propaganda."
254,3875,0,3,40,43,1.069767441860465,0.03930950021993099,632,"I never collided,I mean colluded,with any Russians!"
200,3875,0,3,40,43,1.069767441860465,0.03930950021993099,632,"Yes, I'm certain.They all did it."
188,3875,0,3,40,43,1.069767441860465,0.03930950021993099,632,It's what's on the inside that counts.
183,3875,0,3,40,43,1.069767441860465,0.03930950021993099,632,The evidence is stacked against us.
179,3875,0,3,40,43,1.069767441860465,0.03930950021993099,632,I arranged the suspects in order of height and collectibility.
175,3875,0,3,40,43,1.069767441860465,0.03930950021993099,632,"Believe me, if they had legs they'd have your job too."
154,3875,1,1,41,43,1.069767441860465,0.051503946641122844,632,The charge is resisting a nest.
123,3875,0,3,40,43,1.069767441860465,0.03930950021993099,632,She wore blue velvet.
122,3875,0,3,40,43,1.069767441860465,0.03930950021993099,632,"I know how it looks on the outside, but I think its an inside job."
104,3875,0,3,40,43,1.069767441860465,0.03930950021993099,632,How many times do I have to tell you. You can’t influence American elections with a Russian accent.
95,3875,0,3,40,43,1.069767441860465,0.03930950021993099,632,"I've tried to make one flip, but they all pop right back up."
80,3875,1,1,41,43,1.069767441860465,0.051503946641122844,632,My gut tells me the perp is hiding in plain sight.
75,3875,1,1,41,43,1.069767441860465,0.051503946641122844,632,No selfies: as you can see the lighting in here can cause superimpositions.
64,3875,0,3,40,43,1.069767441860465,0.03930950021993099,632,"They tried to get in on one ticket, but you can't fool me! My grandmother was Russian."
51,3875,0,3,40,43,1.069767441860465,0.03930950021993099,632,"You see, I had to break out of the one-size-fits-all mindset...and that's how I got to where I am today."
25,3875,0,3,40,43,1.069767441860465,0.03930950021993099,632,Size isn't everything.
312,3875,0,3,40,43,1.069767441860465,0.03930950021993099,632,Whodunit? It's a mystery inside a riddle inside a puzzle.
316,3875,0,3,40,43,1.069767441860465,0.03930950021993099,632,"Not exactly Pussy Riot, Are They?"
318,3875,0,3,40,43,1.069767441860465,0.03930950021993099,632,Tell Lars he should be a little less abstract.
328,3875,0,3,40,43,1.069767441860465,0.03930950021993099,632,"Uh..Phil, our witness revealed the assailant as being mean, and I quote, ""I""guess you can say they lacked a 'rosy' disposition""."
665,3875,0,3,40,43,1.069767441860465,0.03930950021993099,632,Their alibis check out with each other.
649,3875,1,1,41,43,1.069767441860465,0.051503946641122844,632,It begins with me.
633,3875,0,3,40,43,1.069767441860465,0.03930950021993099,632,How can you be sure there isn't a 7th?
612,3875,0,3,40,43,1.069767441860465,0.03930950021993099,632,Anyone could have mistaken the smallest one for a buttplug!
601,3875,0,3,40,43,1.069767441860465,0.03930950021993099,632,My perfect recall now seems like a mystery wrapped in an enigma
500,3875,0,3,40,43,1.069767441860465,0.03930950021993099,632,"Is the Russian collusion narrative a fantasy cast off by the dying brain cells of morally bankrupt, centrist liberalism? Absolutely. Absolutely. But we've still gotta figure out which one of these matryoshka dolls sucked Manafort's hog."
475,3875,0,3,40,43,1.069767441860465,0.03930950021993099,632,It's not racist - lots of my best friends are roundies.
469,3875,0,3,40,43,1.069767441860465,0.03930950021993099,632,I plead the seventh.
691,3875,0,3,40,43,1.069767441860465,0.03930950021993099,632,Guess who's the glitch in the Matrix?
444,3875,0,3,40,43,1.069767441860465,0.03930950021993099,632,I just know someone is going to say this is racial profiling.
440,3875,0,3,40,43,1.069767441860465,0.03930950021993099,632,What makes you think I’ve been napping inside the dolls?
437,3875,1,1,41,43,1.069767441860465,0.051503946641122844,632,Do they remember you of the current administration?
429,3875,1,1,41,43,1.069767441860465,0.051503946641122844,632,"It's strange, lately I keep having these visions of human kumquats."
421,3875,0,3,40,43,1.069767441860465,0.03930950021993099,632,I feel like this was an inside job.
406,3875,0,3,40,43,1.069767441860465,0.03930950021993099,632,It’s a Russian conspiracy.
387,3875,0,3,40,43,1.069767441860465,0.03930950021993099,632,"And then my agent proposed ""CSI: Matryoshka""...."
347,3875,1,1,41,43,1.069767441860465,0.051503946641122844,632,"I'd search them, but I'm afraid I might find more of them."
346,3875,0,3,40,43,1.069767441860465,0.03930950021993099,632,"I tell you, these types come right out of the woodwork."
442,3875,0,3,40,43,1.069767441860465,0.03930950021993099,632,No urns or caskets for them to be repatriated in
1327,3875,0,3,40,43,1.069767441860465,0.03930950021993099,632,"Oh I promise you, they're all in here."
1277,3875,1,1,41,43,1.069767441860465,0.051503946641122844,632,"Yes, Eve's my wife!  All versions of her! She just likes to keep me guessing!"
1368,3875,0,3,40,43,1.069767441860465,0.03930950021993099,632,Your profiling is getting out of control
2266,3875,1,1,41,43,1.069767441860465,0.051503946641122844,632,"They passionately insist their innocence, but it feels hallow to me."
2254,3875,0,3,40,43,1.069767441860465,0.03930950021993099,632,I hate just putting her on a shelf but...
2229,3875,0,3,40,43,1.069767441860465,0.03930950021993099,632,"Yes, I am allowed to hang portraits of my family and no the postal employee manual does not state we have to reveal anything fragile, liquid, perishable, or concealable like multiple versions of ourselves decreasing in size."
2219,3875,0,3,40,43,1.069767441860465,0.03930950021993099,632,Redundancy is not a career path.
2216,3875,0,3,40,43,1.069767441860465,0.03930950021993099,632,"For now, the non-disclosure agreements are working."
2174,3875,0,3,40,43,1.069767441860465,0.03930950021993099,632,"There my sisters from another mister"""
2171,3875,0,3,40,43,1.069767441860465,0.03930950021993099,632,"Now, Mr. Rorschach, can you tell me which one is different than the others?"
2162,3875,1,1,41,43,1.069767441860465,0.051503946641122844,632,They Told Me They Were on the Pill
2156,3875,1,1,41,43,1.069767441860465,0.051503946641122844,632,"What can I tell ya, they all have alibis."
2147,3875,1,1,41,43,1.069767441860465,0.051503946641122844,632,I have inside information that one or more of these women influenced the 2016 election.
2136,3875,0,3,40,43,1.069767441860465,0.03930950021993099,632,I think they’re all in cahoots.
2134,3875,0,3,40,43,1.069767441860465,0.03930950021993099,632,"Maybe one of them interfered in our election more than the others, but at least now we know it was an inside job."
2132,3875,1,1,41,43,1.069767441860465,0.051503946641122844,632,"I could fit inside doll like you, Lieutenant Sachahobich."
2098,3875,1,1,41,43,1.069767441860465,0.051503946641122844,632,"Finally, the last of the Russian spies"
2081,3875,0,3,40,43,1.069767441860465,0.03930950021993099,632,We’ve uncovered Putin’s new initiative: the Matryoshka network.
2071,3875,0,3,40,43,1.069767441860465,0.03930950021993099,632,I just can't get my head around the size of the crimes in this city anymore!
1339,3875,0,3,40,43,1.069767441860465,0.03930950021993099,632,They all had alibis so we're back at doll one.
2300,3875,0,3,40,43,1.069767441860465,0.03930950021993099,632,Take any one of them for your kid and let me go.
2307,3875,1,1,41,43,1.069767441860465,0.051503946641122844,632,I miss Obama
2311,3875,0,3,40,43,1.069767441860465,0.03930950021993099,632,One of them is definitely Keyser Soze!
2364,3875,0,3,40,43,1.069767441860465,0.03930950021993099,632,But I got away with it for so long
2596,3875,0,3,40,43,1.069767441860465,0.03930950021993099,632,"But sweetie, I’m going to leave my wife and family. I’m being honest. I promise"
2594,3875,0,3,40,43,1.069767441860465,0.03930950021993099,632,I simply can’t sell them. This batch must have been made in reverse.
2576,3875,0,3,40,43,1.069767441860465,0.03930950021993099,632,The lawyer said we were Russian her client
2553,3875,0,3,40,43,1.069767441860465,0.03930950021993099,632,"Sorry Sarge, but I just couldn't get their fingerprints."
2547,3875,0,3,40,43,1.069767441860465,0.03930950021993099,632,"It's number 2.
No, no. 4.
No,..."
2539,3875,0,3,40,43,1.069767441860465,0.03930950021993099,632,They all look guilty.
2527,3875,0,3,40,43,1.069767441860465,0.03930950021993099,632,"it's # 7, I am sure as I am looking at you"
2521,3875,1,1,41,43,1.069767441860465,0.051503946641122844,632,If dogs could fly - I'd be in another line of business.
2052,3875,0,3,40,43,1.069767441860465,0.03930950021993099,632,We only go off birth control once a year.
2513,3875,0,3,40,43,1.069767441860465,0.03930950021993099,632,How long before I lose my limbs?
2496,3875,0,3,40,43,1.069767441860465,0.03930950021993099,632,You are not my type.
2475,3875,0,3,40,43,1.069767441860465,0.03930950021993099,632,I am not sperm donor 4782.
2465,3875,0,3,40,43,1.069767441860465,0.03930950021993099,632,"I never touched the little ones, I swear."
2453,3875,0,3,40,43,1.069767441860465,0.03930950021993099,632,Why shouldn't they all look like Mom?
2451,3875,1,1,41,43,1.069767441860465,0.051503946641122844,632,I like to get to know the inside of a woman
2423,3875,0,3,40,43,1.069767441860465,0.03930950021993099,632,"I'm tellin' the truth, I ain't hidin' nothin'"
2398,3875,0,3,40,43,1.069767441860465,0.03930950021993099,632,They say I belittle them.
2369,3875,0,3,40,43,1.069767441860465,0.03930950021993099,632,"I can't get the little one to open up, but I think Russia's involved."
2507,3875,1,1,41,43,1.069767441860465,0.051503946641122844,632,Oh those? Confiscations. Immigration protesters!
2033,3875,0,3,40,43,1.069767441860465,0.03930950021993099,632,It's all of them.
2067,3875,1,1,41,43,1.069767441860465,0.051503946641122844,632,I’m not sure I’m ready to be an empty-nester just yet
2023,3875,0,3,40,43,1.069767441860465,0.03930950021993099,632,"After years of speculation, Jane felt like there was finally a crack in the case of who had been colluding with the Russians."
2026,3875,0,3,40,43,1.069767441860465,0.03930950021993099,632,I'd suggest a little more variety in your inventory would boost sales.
1619,3875,1,1,41,43,1.069767441860465,0.051503946641122844,632,I'm a driving instructor here to teach feminists how to parallel park and change tires.
1561,3875,0,3,40,43,1.069767441860465,0.03930950021993099,632,There but for the grace of God...
1550,3875,1,1,41,43,1.069767441860465,0.051503946641122844,632,"If I were a richmam, 
Ya ha deedle deedle..."
1534,3875,1,1,41,43,1.069767441860465,0.051503946641122844,632,Please don’t fire me - I now have a lot of extra mouths to feed
1530,3875,0,3,40,43,1.069767441860465,0.03930950021993099,632,I contain multitudes.
1508,3875,0,3,40,43,1.069767441860465,0.03930950021993099,632,There is no Russian interference in this selection.
1506,3875,0,3,40,43,1.069767441860465,0.03930950021993099,632,'We can look past them being nesting dolls but since they're Russian Robert Mueller demanded we hold them for questioning'
1491,3875,0,3,40,43,1.069767441860465,0.03930950021993099,632,Sometimes I just feel so empty inside
1490,3875,0,3,40,43,1.069767441860465,0.03930950021993099,632,Another spy ring.
1472,3875,0,3,40,43,1.069767441860465,0.03930950021993099,632,"I don’t think she did it, but the big one is covering for the rest of 'em."
1454,3875,0,3,40,43,1.069767441860465,0.03930950021993099,632,What? They can still use the guest room.
1452,3875,0,3,40,43,1.069767441860465,0.03930950021993099,632,"They said there may be a Russian nesting in the U.S. Presidential campaign, so we rounded up the usual suspects."
1429,3875,0,3,40,43,1.069767441860465,0.03930950021993099,632,"Yes, they are stateless nesting dolls. You know, to ensure plausible deniability. How many do you need?"
1382,3875,0,3,40,43,1.069767441860465,0.03930950021993099,632,I'm here to build a nest egg
1379,3875,0,3,40,43,1.069767441860465,0.03930950021993099,632,"You pick the perp. I""ll get her to open up."
1370,3875,1,1,41,43,1.069767441860465,0.051503946641122844,632,"It's a riddle, wrapped in a mystery, inside an enigma, but the last one was hiding a videotape."
1662,3875,0,3,40,43,1.069767441860465,0.03930950021993099,632,"Forget it, Jake, it’s Chinatown"
1698,3875,0,3,40,43,1.069767441860465,0.03930950021993099,632,"I kind of  feel I'm just another ""empty nester""
for Russian Doll Combine #6."
1625,3875,0,3,40,43,1.069767441860465,0.03930950021993099,632,"Hey, Bob Mueller used this lineup!"
1730,3875,0,3,40,43,1.069767441860465,0.03930950021993099,632,"Remember the garden of eden ? 
A window seat would cost you  an apple !
They did not call it a lap top for nothing ."
2006,3875,0,3,40,43,1.069767441860465,0.03930950021993099,632,You're such a doll.
1996,3875,0,3,40,43,1.069767441860465,0.03930950021993099,632,"I guess if you’re asking, I’d like either a White Russian or Moscoe Mule."
1962,3875,0,3,40,43,1.069767441860465,0.03930950021993099,632,"I told you, backup singers ."
1916,3875,0,3,40,43,1.069767441860465,0.03930950021993099,632,"OK, calm down.  You didn't eat any of the gummy bears in the bag on my desk did you?"
1885,3875,1,1,41,43,1.069767441860465,0.051503946641122844,632,A nesting security doll. What are the odds?
1704,3875,1,1,41,43,1.069767441860465,0.051503946641122844,632,"She was the third one to come out, I’m sure. Or maybe the fourth. Or the second."
1869,3875,0,3,40,43,1.069767441860465,0.03930950021993099,632,Bring in the first Babushka Killer witness.
1853,3875,0,3,40,43,1.069767441860465,0.03930950021993099,632,Hard to get the prospective on this case.
1843,3875,0,3,40,43,1.069767441860465,0.03930950021993099,632,"Well, there were 8 maids a-milking--- until all the king's horses came along!"
1871,3875,0,3,40,43,1.069767441860465,0.03930950021993099,632,"If one more witness says, “ka-ching,” I’m leaving."
1835,3875,0,3,40,43,1.069767441860465,0.03930950021993099,632,"No. 4 it is. By the way, blushing does not imply innocence"
1825,3875,0,3,40,43,1.069767441860465,0.03930950021993099,632,I coined the phrase ‘descendant.’
1809,3875,1,1,41,43,1.069767441860465,0.051503946641122844,632,You should have seen them before I took over
1807,3875,1,1,41,43,1.069767441860465,0.051503946641122844,632,"We’ve been through this a dozen times 
How can you tell me that you are not related?"
1804,3875,0,3,40,43,1.069767441860465,0.03930950021993099,632,I’d like to audition my children on America’s Got Talent.  They are all under thirteen years old and have had competed in other talent completions.  They do dangerous Eastern European magic tricks.
1795,3875,0,3,40,43,1.069767441860465,0.03930950021993099,632,I  like everything about the job except the wood part.
1787,3875,0,3,40,43,1.069767441860465,0.03930950021993099,632,I work well in a team environment.
1767,3875,0,3,40,43,1.069767441860465,0.03930950021993099,632,It is de rigueur for this museum to have some hieroglyphs representing our anthropomorphic progenitors.
1836,3875,0,3,40,43,1.069767441860465,0.03930950021993099,632,"They look innocent enough, but they are hollow inside."
3640,4216,1,1,42,44,1.0681818181818181,0.05034476562380576,632,"Solving a crime is like peeling an onion, in this case we were lucky, the perp was Russian"
4920,4216,0,3,41,44,1.0681818181818181,0.03843843094202265,632,"No, I 've never met any of them. This is the first time I 've met Dolly,Polly,Nolly,Jolly,Solly and Miss Molly.....ever.  Really!"
4240,4216,0,3,41,44,1.0681818181818181,0.03843843094202265,632,I'm sure that a different set of dolls took my wallet.
4020,4216,0,3,41,44,1.0681818181818181,0.03843843094202265,632,I happened when a Y was mistaken for an X...
3996,4216,1,1,42,44,1.0681818181818181,0.05034476562380576,632,"Sir, I'm afraid you'll have to lose the beard."
3738,4216,0,3,41,44,1.0681818181818181,0.03843843094202265,632,The short guy picked the one on the left and the tall woman picked the one on the right.
2457,4216,0,3,41,44,1.0681818181818181,0.03843843094202265,632,Unfortunately my dick is in the last one!
792,4216,0,3,41,44,1.0681818181818181,0.03843843094202265,632,You should see the Putin-themed Babushka dolls in the line up in Interview Room B.
1407,4216,0,3,41,44,1.0681818181818181,0.03843843094202265,632,don't talk to me or my daughters ever again
1307,4216,0,3,41,44,1.0681818181818181,0.03843843094202265,632,"I'm afraid I just can't say with certainty—the woman who made me strudel was a bit taller than number two, but plumper than number one, and she had longer arms"
1263,4216,1,1,42,44,1.0681818181818181,0.05034476562380576,632,"I don't care if they do keep coming back for more, It's still physical abuse."
828,4216,1,1,42,44,1.0681818181818181,0.05034476562380576,632,I am certain we can now market The Trump Russian Nesting Doll Series!
1861,4216,1,1,42,44,1.0681818181818181,0.05034476562380576,632,"Russian influence or not, this has your D.N.A. all over it."
332,4216,0,3,41,44,1.0681818181818181,0.03843843094202265,632,"Once you pop, you can't stop"
305,4216,0,3,41,44,1.0681818181818181,0.03843843094202265,632,At least we know we got the right person
3199,4231,0,2,38,40,1.05,0.03489912202260563,632,You're right. I've taken my addiction too far Captain.
3195,4231,0,2,38,40,1.05,0.03489912202260563,632,Do you see the family resemblance?
3187,4231,0,2,38,40,1.05,0.03489912202260563,632,I say it's an inside job.
3184,4231,0,2,38,40,1.05,0.03489912202260563,632,I am not apart of the Russia Investigation.
3183,4231,0,2,38,40,1.05,0.03489912202260563,632,I feel like you are hiding the real you.
3171,4231,0,2,38,40,1.05,0.03489912202260563,632,Matryoshka #1 steps forward -oh wait.
3156,4231,0,2,38,40,1.05,0.03489912202260563,632,The one on the left is a bit full of herself.
3130,4231,0,2,38,40,1.05,0.03489912202260563,632,"All I know is, my wife and five children have been accused of assault and battery."
3096,4231,0,2,38,40,1.05,0.03489912202260563,632,"When we separate them from their parents, we keep finding more."
3106,4231,0,2,38,40,1.05,0.03489912202260563,632,"Yes, she had better than average success with this new Russian diet."
3211,4231,1,0,39,40,1.05,0.04999999999999999,632,I don’t appreciate your nesting bitch face Joan.
3095,4231,0,2,38,40,1.05,0.03489912202260563,632,Everyone says they take after me.
3086,4231,0,2,38,40,1.05,0.03489912202260563,632,They  all  look alike because I used my grandmother as the model.
3083,4231,0,2,38,40,1.05,0.03489912202260563,632,At a distance they all look the same to me
3068,4231,0,2,38,40,1.05,0.03489912202260563,632,"Brighton Beach, maybe once or twice."
3024,4231,0,2,38,40,1.05,0.03489912202260563,632,"Now that I’ve closed the blinds, this shot is sure to go viral"
3108,4231,0,2,38,40,1.05,0.03489912202260563,632,"Oh come on sarge,"
3213,4231,0,2,38,40,1.05,0.03489912202260563,632,I keep thinking that could've been one of my kids up there.
3297,4231,0,2,38,40,1.05,0.03489912202260563,632,I told you the suspect was an empty nester.
3231,4231,0,2,38,40,1.05,0.03489912202260563,632,So I'm just another Russian doll?
3545,4231,0,2,38,40,1.05,0.03489912202260563,632,I just don't get it.
3531,4231,0,2,38,40,1.05,0.03489912202260563,632,Apparently this was not an inside job.
3527,4231,0,2,38,40,1.05,0.03489912202260563,632,I'm convinced it was an inside job.
3509,4231,0,2,38,40,1.05,0.03489912202260563,632,"If the witness fingers Number Six, it could crack this Russia thing wide open. Again."
3503,4231,0,2,38,40,1.05,0.03489912202260563,632,Now don't be russian into persecuting anyone Larry.
4902,4231,0,2,38,40,1.05,0.03489912202260563,632,See if you can get them to turn to the right.
3476,4231,0,2,38,40,1.05,0.03489912202260563,632,"It's called racial profiling, we've been doing it for years"
3230,4231,0,2,38,40,1.05,0.03489912202260563,632,You said you were going to use random donors
3412,4231,0,2,38,40,1.05,0.03489912202260563,632,All we need now is a witness.
3354,4231,0,2,38,40,1.05,0.03489912202260563,632,"look, I don't like it either but we have to shoot one of these dolls to make our quota"
3345,4231,0,2,38,40,1.05,0.03489912202260563,632,Don't bother. It looks like an inside job.
3341,4231,0,2,38,40,1.05,0.03489912202260563,632,"C-section, yes an excellent deduction but what has that to do with this case?"
3340,4231,0,2,38,40,1.05,0.03489912202260563,632,"I'm tellin' you, I cracked this case wide open."
3339,4231,0,2,38,40,1.05,0.03489912202260563,632,Somehow I feel like the odds are stacked against me.
3309,4231,0,2,38,40,1.05,0.03489912202260563,632,"I don't know, comrade. I'm sorry. She was sitting down."
3014,4231,0,2,38,40,1.05,0.03489912202260563,632,"Now you are saying, somthing 'doesn't' stack up?"
3355,4231,0,2,38,40,1.05,0.03489912202260563,632,"Well, we know it was an inside job."
2993,4231,0,2,38,40,1.05,0.03489912202260563,632,Let's bring them in and see if they open up.
2959,4231,0,2,38,40,1.05,0.03489912202260563,632,"Bring in some termites, Natasha. That’ll make them talk.”"
2978,4231,0,2,38,40,1.05,0.03489912202260563,632,"Commitment issues, huh? And you’re  sure you’re not the nesting type?"
2611,4231,0,2,38,40,1.05,0.03489912202260563,632,They looked so different on Twitter.
2604,4231,0,2,38,40,1.05,0.03489912202260563,632,Just practicing in case we get sextuplets to lineup.
2595,4231,0,2,38,40,1.05,0.03489912202260563,632,I swallow them one at a time.
2593,4231,0,2,38,40,1.05,0.03489912202260563,632,The allegations are stacked up against you.
2589,4231,0,2,38,40,1.05,0.03489912202260563,632,"I know they're matryoshka dolls, but women of every size are all the same."
2581,4231,0,2,38,40,1.05,0.03489912202260563,632,What’s wrong with a line-up with a little gender parity?
2569,4231,0,2,38,40,1.05,0.03489912202260563,632,The Russia investigation manifests in your local cop shop.
2612,4231,0,2,38,40,1.05,0.03489912202260563,632,"Sorry, This job requires you to fit a certain mold."
2528,4231,0,2,38,40,1.05,0.03489912202260563,632,I called you....they won't let me leave....
2519,4231,0,2,38,40,1.05,0.03489912202260563,632,"No, the two-faced one is not Vladimir!"
2517,4231,0,2,38,40,1.05,0.03489912202260563,632,"You know the drill-- shave the moustache, don the babushka and get in line-- I promise I won't tell anyone you are the model for the Matryoshka Nesting Dolls."
2509,4231,0,2,38,40,1.05,0.03489912202260563,632,Matryoshka did it.
2506,4231,0,2,38,40,1.05,0.03489912202260563,632,"Now John, you can’t keep letting your inner child out on every case like this"
2503,4231,0,2,38,40,1.05,0.03489912202260563,632,I'm resting - R-E-S-T-I-N-G. Resting.
2478,4231,0,2,38,40,1.05,0.03489912202260563,632,"Personally, I think they're all guilty except for one."
2472,4231,0,2,38,40,1.05,0.03489912202260563,632,Curse you!  You noticed the family resemblance.
2526,4231,0,2,38,40,1.05,0.03489912202260563,632,"If they can't ID the perp, we can't confirm the collusion."
2620,4231,0,2,38,40,1.05,0.03489912202260563,632,Lol I'm shaped like a fuckin sausage
2669,4231,0,2,38,40,1.05,0.03489912202260563,632,Just screw off!
2689,4231,0,2,38,40,1.05,0.03489912202260563,632,I thought it was an open and shut case
3577,4231,0,2,38,40,1.05,0.03489912202260563,632,You ask about my wife's inner child?  May I ask which one?
2944,4231,0,2,38,40,1.05,0.03489912202260563,632,Five kids in five years & I still don't fit in
2942,4231,0,2,38,40,1.05,0.03489912202260563,632,Daaarn! I knew we had us a smart president.. but now I understand why he made Mexico pay for that wall between us and them Eastern Europeans!
2941,4231,0,2,38,40,1.05,0.03489912202260563,632,I can’t see any resemblance. They’re not mine!
2930,4231,0,2,38,40,1.05,0.03489912202260563,632,Try to be a bigger person.
2921,4231,0,2,38,40,1.05,0.03489912202260563,632,"Don't know about their ability to commit any of the number of crimes that require limbs, but by golly that was the finest staring contest I've ever been privy too."
2912,4231,0,2,38,40,1.05,0.03489912202260563,632,"Yes, these are all women I've loved from a very young age."
2896,4231,0,2,38,40,1.05,0.03489912202260563,632,I figure one of them has to be responsible for election interference.
2880,4231,0,2,38,40,1.05,0.03489912202260563,632,Nope. No evidence of collusion whatsoever ;).
2878,4231,0,2,38,40,1.05,0.03489912202260563,632,So you're applying for Chain Migration
2836,4231,0,2,38,40,1.05,0.03489912202260563,632,"In a strange way she sort of looked like me, maybe smaller"
2824,4231,0,2,38,40,1.05,0.03489912202260563,632,The long and the short of it is don't be fooled by the dolled-up appearance.
2812,4231,0,2,38,40,1.05,0.03489912202260563,632,I got these voices inside me telling me they all fit together some way. And one of the voices wants to know if the one third from the right is busy next Friday night.
2796,4231,0,2,38,40,1.05,0.03489912202260563,632,My wife took the kids after the divorce.
2708,4231,1,0,39,40,1.05,0.04999999999999999,632,I must be pregnant.  All I want to do is nest.
2702,4231,0,2,38,40,1.05,0.03489912202260563,632,"The big one gave us the co-conspirators, but that's all we could get out of her."
2696,4231,0,2,38,40,1.05,0.03489912202260563,632,Have you read them their rights?
2984,4231,0,2,38,40,1.05,0.03489912202260563,632,"Yeah, I was in on the conspiracy, but I was pretty low on the totem pole."
3582,4231,0,2,38,40,1.05,0.03489912202260563,632,'You wouldn't notice if i could wear a babushka too.'
3665,4231,0,2,38,40,1.05,0.03489912202260563,632,I've had a bad case of the babushkas lately.
3664,4231,0,2,38,40,1.05,0.03489912202260563,632,Mary has been hiding in doll number four all day to teach us a lesson about rigged lineups.  But no one has noticed.
4627,4231,0,2,38,40,1.05,0.03489912202260563,632,I'm Question
4617,4231,0,2,38,40,1.05,0.03489912202260563,632,"""I think I cracked this case wide open."""
4551,4231,0,2,38,40,1.05,0.03489912202260563,632,What are the odds...six perfect DNA matches!
4516,4231,0,2,38,40,1.05,0.03489912202260563,632,So which one is the head matron?
4511,4231,0,2,38,40,1.05,0.03489912202260563,632,Thank you for releasing my inner female!
4504,4231,0,2,38,40,1.05,0.03489912202260563,632,She's on the right - this was an inside job.
4488,4231,0,2,38,40,1.05,0.03489912202260563,632,"I know she was short, so let's go with the one on the right"
4641,4231,0,2,38,40,1.05,0.03489912202260563,632,How do you expect me to identify the perp when they all look alike?
4479,4231,0,2,38,40,1.05,0.03489912202260563,632,My daughters all have great nesting instincts.
4438,4231,0,2,38,40,1.05,0.03489912202260563,632,"I’ve been an inside man my whole life, chief."
4433,4231,0,2,38,40,1.05,0.03489912202260563,632,Going to get expensive - the oldest wants to wear Dior.
4418,4231,0,2,38,40,1.05,0.03489912202260563,632,We searched but didn’t find the goods.
4413,4231,0,2,38,40,1.05,0.03489912202260563,632,Pull yourself together! You have a job to do.
4411,4231,0,2,38,40,1.05,0.03489912202260563,632,"This time, our informer on the inside wont be able to help us much."
4409,4231,0,2,38,40,1.05,0.03489912202260563,632,It's important that we keep things in perspective.
4403,4231,0,2,38,40,1.05,0.03489912202260563,632,I told Donald that he could use only two matryoshka dolls for the Golden Shower.
4446,4231,0,2,38,40,1.05,0.03489912202260563,632,"Yep, definitely No 4.  You can bet she lost those dots at the scene."
4380,4231,0,2,38,40,1.05,0.03489912202260563,632,"Sue, I am sorry for referring the new temp isn't 'doll' material."
4643,4231,0,2,38,40,1.05,0.03489912202260563,632,How many more dolls do we have the line up?
4682,4231,0,2,38,40,1.05,0.03489912202260563,632,I swear Putin had nothing to do with this!
2446,4231,0,2,38,40,1.05,0.03489912202260563,632,It's like hackers inside of hackers. We won't have a solid suspect until we get deeper inside the operation.
4888,4231,0,2,38,40,1.05,0.03489912202260563,632,They’re accused of insider trading.
4871,4231,0,2,38,40,1.05,0.03489912202260563,632,Isn't this what you meant by fillers?
4860,4231,0,2,38,40,1.05,0.03489912202260563,632,You really don't think that these could change the outcome of the next federal election?
4830,4231,0,2,38,40,1.05,0.03489912202260563,632,They all turn themselves in individually
4816,4231,0,2,38,40,1.05,0.03489912202260563,632,The good news is he I.D.'ed the tiny one. The bad news is you are filling out the harboring a fugitive forms.
4812,4231,0,2,38,40,1.05,0.03489912202260563,632,Let's put the suspect in the middle.
4664,4231,0,2,38,40,1.05,0.03489912202260563,632,I'm pretty sure one of them are guilty of the armed robbery.
4782,4231,0,2,38,40,1.05,0.03489912202260563,632,"Yes, if course I have a bit of abdominal discomfort!"
4732,4231,0,2,38,40,1.05,0.03489912202260563,632,It's a collecting hobby. They just remind me of someone!
4717,4231,0,2,38,40,1.05,0.03489912202260563,632,"Between those seven dwarfs and these six, our gang unit is doing a great job."
4699,4231,0,2,38,40,1.05,0.03489912202260563,632,"They closed or school and took our equipment, but we still have our Matryoshkas."
4697,4231,0,2,38,40,1.05,0.03489912202260563,632,Ixnax on the umptray.
4689,4231,0,2,38,40,1.05,0.03489912202260563,632,WE HAVEN'T SOLD ANY IN FIVE YEARS!  DON'T YOU THINK IT'S TIME TO CHANGE OUR PRODUCT LINE?
4688,4231,0,2,38,40,1.05,0.03489912202260563,632,Sometimes I feel so small inside.
4687,4231,0,2,38,40,1.05,0.03489912202260563,632,I hate to be pessimistic but I don't think we will get to the bottom of this.
4778,4231,0,2,38,40,1.05,0.03489912202260563,632,What do you mean that this is not the kind of Russia investigation you had in mind?.
4372,4231,0,2,38,40,1.05,0.03489912202260563,632,My boss told me to get my wife in order.
4360,4231,0,2,38,40,1.05,0.03489912202260563,632,"I asked the mother to come in after a domestic, then they all appeared."
4324,4231,0,2,38,40,1.05,0.03489912202260563,632,Empty Nesters are hard to ID . They keep hiding.
3970,4231,0,2,38,40,1.05,0.03489912202260563,632,I was thrown out of meditation class as I kept finding more of myselves.
3959,4231,0,2,38,40,1.05,0.03489912202260563,632,They said downsizing wasn’t going to reach this department.
3941,4231,0,2,38,40,1.05,0.03489912202260563,632,Good luck getting her to talk.  There are five more just like her that won’t open up
3894,4231,0,2,38,40,1.05,0.03489912202260563,632,"Apparently, you get the complete set when you place the mail-order."
3868,4231,0,2,38,40,1.05,0.03489912202260563,632,"I made a Browns “won one ring”, but I made these where’s our win dolls for the Jets"
3854,4231,0,2,38,40,1.05,0.03489912202260563,632,"She can stack more than five at a time, she is not to be trusted."
3845,4231,0,2,38,40,1.05,0.03489912202260563,632,Just can't trust those empty nesters.
3976,4231,0,2,38,40,1.05,0.03489912202260563,632,"I know there's a resemblance, but I'm American Indian on my father's side."
3840,4231,0,2,38,40,1.05,0.03489912202260563,632,we're still looking for the father.
3814,4231,0,2,38,40,1.05,0.03489912202260563,632,Thanks for coming. I needed a witness and she had to be female. I swear the big one just said “I want you inside me.”
3787,4231,0,2,38,40,1.05,0.03489912202260563,632,How come they all look like you?
3741,4231,0,2,38,40,1.05,0.03489912202260563,632,"Honestly Sheriff, it’s not me, it’s the little boy inside me."
3737,4231,0,2,38,40,1.05,0.03489912202260563,632,How about it? Wanna nest?
3729,4231,0,2,38,40,1.05,0.03489912202260563,632,All of a sudden it's politically incorrect to ask one of them to step forward.
3686,4231,0,2,38,40,1.05,0.03489912202260563,632,It’s going to take time to get to the core of this.
3677,4231,0,2,38,40,1.05,0.03489912202260563,632,"I found these usual cast of characters all together, but really hiding ALL together."
3823,4231,0,2,38,40,1.05,0.03489912202260563,632,"Sorry, I meant to use your picture"
4008,4231,0,2,38,40,1.05,0.03489912202260563,632,"Yes, interesting case: puts a whole new meaning on the term “mass murderer”."
4015,4231,0,2,38,40,1.05,0.03489912202260563,632,I was told Russian dolls - no mention of attractive women.
4035,4231,0,2,38,40,1.05,0.03489912202260563,632,"Yeah okay, you got me. I was the one who shit them self at Denny’s and then blamed it on the dolls"
4319,4231,0,2,38,40,1.05,0.03489912202260563,632,"It's not part of the Russia thing, they're just matching sugar bowls."
4291,4231,0,2,38,40,1.05,0.03489912202260563,632,It's the lies within lies that gets to me.
4265,4231,0,2,38,40,1.05,0.03489912202260563,632,Try and find my inner feelings.
4238,4231,0,2,38,40,1.05,0.03489912202260563,632,You look like a 7 to me.
4237,4231,0,2,38,40,1.05,0.03489912202260563,632,My gut tells me that there's more to this one than meets the eye.
4210,4231,0,2,38,40,1.05,0.03489912202260563,632,I'm pretty sure transitioning isn't a crime anymore.
4201,4231,0,2,38,40,1.05,0.03489912202260563,632,"What do you mean with ""racial profiling""?"
4193,4231,0,2,38,40,1.05,0.03489912202260563,632,I just think that look of guilt should be obvious to anyone!
4172,4231,0,2,38,40,1.05,0.03489912202260563,632,"Yup, copycat killers"
4168,4231,0,2,38,40,1.05,0.03489912202260563,632,They were on sale — fourty-percent  cheaper than plain Venetian.
4123,4231,0,2,38,40,1.05,0.03489912202260563,632,"And for the record, it's Detective Magnitsky."
4121,4231,0,2,38,40,1.05,0.03489912202260563,632,"So, what’s involved in down sizing me?"
4094,4231,0,2,38,40,1.05,0.03489912202260563,632,I got them to spill their guts.
4087,4231,0,2,38,40,1.05,0.03489912202260563,632,"Sure, they don't look like murderers, but there's no telling what's really inside them."
4067,4231,0,2,38,40,1.05,0.03489912202260563,632,"Capitalism Redux: 
In a Busted Taxi-Medallion World,
A Matroshka Marketer Courts Love"
4056,4231,0,2,38,40,1.05,0.03489912202260563,632,"Nyet, none of these suspects match the description."
4039,4231,0,2,38,40,1.05,0.03489912202260563,632,It was an inside job.  We just don't know how deep it goes.
3650,4231,0,2,38,40,1.05,0.03489912202260563,632,Saying the perp  was a doll who contained multitudes doesn't cut it.
2434,4231,0,2,38,40,1.05,0.03489912202260563,632,THEY ALL HAVE SUSPICIOUSLY SIMILAR STORIES ABOUT WHERE THEY WERE THAT NIGHT.
1180,4231,0,2,38,40,1.05,0.03489912202260563,632,"It's late.They're all good girls, detective, of that I can assure you."
2429,4231,0,2,38,40,1.05,0.03489912202260563,632,Of course I’m in touch with my inner self.
777,4231,0,2,38,40,1.05,0.03489912202260563,632,I take it that'll be an Orange Julius with a Smirnoff chaser.
775,4231,0,2,38,40,1.05,0.03489912202260563,632,Our daughters will be very happy when their arms and legs arrive.
740,4231,0,2,38,40,1.05,0.03489912202260563,632,"Trust me, these gals have been hiding something."
739,4231,1,0,39,40,1.05,0.04999999999999999,632,Bobble Baby?
725,4231,0,2,38,40,1.05,0.03489912202260563,632,They say ‘Life imitates Art.’ But I just don’t see it.
711,4231,0,2,38,40,1.05,0.03489912202260563,632,"STEREOTYPED OR NOT, I AM BORED TO DEATH WITH MAKING THESE DUMB RUSSIAN DOLLS"""
704,4231,0,2,38,40,1.05,0.03489912202260563,632,The suspect is Russian and .
803,4231,0,2,38,40,1.05,0.03489912202260563,632,I believe that we are dealing with a multiple personality disorder
693,4231,0,2,38,40,1.05,0.03489912202260563,632,"It's number three, definitely, number three!"
678,4231,0,2,38,40,1.05,0.03489912202260563,632,We haven't found the stash yet.
648,4231,0,2,38,40,1.05,0.03489912202260563,632,Looks to me like it was an inside inside inside inside inside job.
631,4231,0,2,38,40,1.05,0.03489912202260563,632,I have a hunch we can trace this back to Putin.
624,4231,0,2,38,40,1.05,0.03489912202260563,632,I'm here to break the glass ceiling.
622,4231,0,2,38,40,1.05,0.03489912202260563,632,I wanted a son....
621,4231,0,2,38,40,1.05,0.03489912202260563,632,It’s a very strong gene pool.
596,4231,0,2,38,40,1.05,0.03489912202260563,632,It will probably be an inside job.
680,4231,0,2,38,40,1.05,0.03489912202260563,632,"The usual suspects, per Mueller."
581,4231,0,2,38,40,1.05,0.03489912202260563,632,"Mary, this micro managing is getting out of hand."
806,4231,0,2,38,40,1.05,0.03489912202260563,632,"Of course I know the difference between a babushka and a handkerchief."""
823,4231,0,2,38,40,1.05,0.03489912202260563,632,We discovered the rest of her gang during a strip search.
1086,4231,0,2,38,40,1.05,0.03489912202260563,632,I need to take a break and nest here for a spell.
1065,4231,0,2,38,40,1.05,0.03489912202260563,632,Don't be fooled by appearances. The littlest one is the craftiest.
1062,4231,0,2,38,40,1.05,0.03489912202260563,632,It all started as a failed smuggling plot.
1014,4231,1,0,39,40,1.05,0.04999999999999999,632,"The evidence points to the Russians, but the White House insists it’s gang related."
1010,4231,0,2,38,40,1.05,0.03489912202260563,632,Is the Trump/Putin set ready yet?
1007,4231,1,0,39,40,1.05,0.04999999999999999,632,They are the same. It must be a glitch in the matrix.
989,4231,0,2,38,40,1.05,0.03489912202260563,632,"""Have you been colluding with Russia?"""
812,4231,1,0,39,40,1.05,0.04999999999999999,632,"Yeah, the surgery will be tough, but I've gotta be true to my inner selves."
984,4231,0,2,38,40,1.05,0.03489912202260563,632,We know the culprit already. So - at least these are NICE!
967,4231,0,2,38,40,1.05,0.03489912202260563,632,Trump came by and commissioned these.  He said he's sick of giving his granddaughters American Girl dolls.
935,4231,0,2,38,40,1.05,0.03489912202260563,632,"Sorry, I thought you said a line-up of SIX dolls."
919,4231,0,2,38,40,1.05,0.03489912202260563,632,"I swear, I never knew their mother."
870,4231,0,2,38,40,1.05,0.03489912202260563,632,"Sure Fed Ex can deliver, but there ain't no rushin' my nesting dolls!"
838,4231,0,2,38,40,1.05,0.03489912202260563,632,It could be worse.  It isn't infinite regress.
834,4231,0,2,38,40,1.05,0.03489912202260563,632,What makes you think they were colluding?
831,4231,0,2,38,40,1.05,0.03489912202260563,632,"From my perspective, this case is relative."
976,4231,0,2,38,40,1.05,0.03489912202260563,632,What can I say?  Fraternal sextuplets.
561,4231,0,2,38,40,1.05,0.03489912202260563,632,We may appear similar on the outside but not everyone fits in perfectly on the inside.
548,4231,0,2,38,40,1.05,0.03489912202260563,632,"Send one dollar and a sase and i will answer any question you have on any subject.  Send to 1141 1st  Avenue Ottawa,Illinois 61350...             Do you think my beard is nicer than Alex Trebecks?"
534,4231,0,2,38,40,1.05,0.03489912202260563,632,It seems we have a big Russia problem on our hands.
185,4231,0,2,38,40,1.05,0.03489912202260563,632,Are you going to annest me?
170,4231,0,2,38,40,1.05,0.03489912202260563,632,I'd like to add you to my LinkedIn network
158,4231,0,2,38,40,1.05,0.03489912202260563,632,Mom told me I broke the mold.
157,4231,0,2,38,40,1.05,0.03489912202260563,632,Who knows how deep this Russian crime syndicate goes.
148,4231,0,2,38,40,1.05,0.03489912202260563,632,Mueller has shut me down.  He says they are colluding.
142,4231,0,2,38,40,1.05,0.03489912202260563,632,I am mama's boy!
135,4231,0,2,38,40,1.05,0.03489912202260563,632,They have to be nesting some sort of crime ring
191,4231,0,2,38,40,1.05,0.03489912202260563,632,"I swear,the sisters all look alike..."
124,4231,0,2,38,40,1.05,0.03489912202260563,632,"No Russian interference here, I promise."
34,4231,0,2,38,40,1.05,0.03489912202260563,632,This looks to me like an inside job.
28,4231,0,2,38,40,1.05,0.03489912202260563,632,I suspect the unsually rounded.
27,4231,0,2,38,40,1.05,0.03489912202260563,632,I see no evidence of Russian collusion.
26,4231,0,2,38,40,1.05,0.03489912202260563,632,"Yes, is Russian version of your inflatable doll."
22,4231,0,2,38,40,1.05,0.03489912202260563,632,"You can take over the business and be our agent in D.C., but you've got to work on the cheeks and smile."
9,4231,0,2,38,40,1.05,0.03489912202260563,632,No collusion!
4,4231,0,2,38,40,1.05,0.03489912202260563,632,At least they're happy to be probed.
88,4231,0,2,38,40,1.05,0.03489912202260563,632,"'Sure, the whole thing stinks, but how are are we going to prove collusion?'"
229,4231,0,2,38,40,1.05,0.03489912202260563,632,My wife
236,4231,0,2,38,40,1.05,0.03489912202260563,632,I'm just hoping the victims will level with us.
244,4231,0,2,38,40,1.05,0.03489912202260563,632,Technically it was all of them...
527,4231,0,2,38,40,1.05,0.03489912202260563,632,I can't escape the feeling that this was an inside job
509,4231,1,0,39,40,1.05,0.04999999999999999,632,This looks like an open and shut case.
505,4231,0,2,38,40,1.05,0.03489912202260563,632,I swear by the five in my unscrewed head that I loved each of her!
502,4231,0,2,38,40,1.05,0.03489912202260563,632,"It took my best interrogating, but she cracked eventually"
491,4231,0,2,38,40,1.05,0.03489912202260563,632,I could make a doll that looks like you but will it sell?
479,4231,0,2,38,40,1.05,0.03489912202260563,632,You really want me to open up and reveal my feminine sides?
450,4231,0,2,38,40,1.05,0.03489912202260563,632,"It looks bad but I know they're innocent, they were nesting with me the whole time."
448,4231,0,2,38,40,1.05,0.03489912202260563,632,Yeah - that’ll fit
439,4231,0,2,38,40,1.05,0.03489912202260563,632,It was definitely her. She’s full of herself and seems likes she’s Russian to get out of here.
392,4231,0,2,38,40,1.05,0.03489912202260563,632,Clearly collusion. 3rd from the right is from the Ukraine.
348,4231,0,2,38,40,1.05,0.03489912202260563,632,"The further I go with this case, the emptier I feel inside."""
325,4231,0,2,38,40,1.05,0.03489912202260563,632,The one without the rosy cheeks looks suspicious.
315,4231,0,2,38,40,1.05,0.03489912202260563,632,"Every time I try to get to the bottom of this case, I keep finding another layer."
311,4231,0,2,38,40,1.05,0.03489912202260563,632,You're right - size matters.
2432,4231,0,2,38,40,1.05,0.03489912202260563,632,"Same ol' craft show, Marge. My daughter thinks I should paint my matryoshka as ballerinas and call the series #MeTuTuToo. Might work."
307,4231,0,2,38,40,1.05,0.03489912202260563,632,Wobble forward number three.
298,4231,0,2,38,40,1.05,0.03489912202260563,632,It’s starting to look like an inside job.
1105,4231,0,2,38,40,1.05,0.03489912202260563,632,I want to take a paternity test.
1109,4231,0,2,38,40,1.05,0.03489912202260563,632,Third from the right has no freckles. Why?!
309,4231,0,2,38,40,1.05,0.03489912202260563,632,I think there is some collusion on your behalf  Officer Putin.
1115,4231,0,2,38,40,1.05,0.03489912202260563,632,"I can't quite put my finger on why I think this, but none of these seem like our perp."
2150,4231,0,2,38,40,1.05,0.03489912202260563,632,I'm transitioning
2059,4231,0,2,38,40,1.05,0.03489912202260563,632,This case is open and open and open and open and open and shut and shut and shut and shut and shut.
2047,4231,0,2,38,40,1.05,0.03489912202260563,632,"We've got it narrowed down between the one on the far left, and the one on the far right."
2039,4231,0,2,38,40,1.05,0.03489912202260563,632,"I feel like all these years on the force are making me lose my perspective, chief."
2028,4231,0,2,38,40,1.05,0.03489912202260563,632,It's the Matryoshka without the makeup that did the poisoning.
1989,4231,0,2,38,40,1.05,0.03489912202260563,632,"Well, I think the small one is hiding something."
1954,4231,1,0,39,40,1.05,0.04999999999999999,632,I've got a bad feeling about this I D parade  -- let's talk to the suspect's lawyer first
2151,4231,0,2,38,40,1.05,0.03489912202260563,632,"I swear to you, I'm not in the cloning business."
1930,4231,0,2,38,40,1.05,0.03489912202260563,632,Please have number three and four step forward.
1915,4231,0,2,38,40,1.05,0.03489912202260563,632,I’ve had better luck with onions.
1886,4231,0,2,38,40,1.05,0.03489912202260563,632,“You want proof of Russian collusion? That’s SIX women pretending to be ONE.”
1882,4231,0,2,38,40,1.05,0.03489912202260563,632,All six deny any knowledge about Wikileaks.
1879,4231,0,2,38,40,1.05,0.03489912202260563,632,The eye-witness said they were all in on the heist and the tall one was the getaway vehicle.
1866,4231,0,2,38,40,1.05,0.03489912202260563,632,Bring in the bowling pin witness.
1862,4231,0,2,38,40,1.05,0.03489912202260563,632,Did you check inside them to see if your brothers were there?
1834,4231,0,2,38,40,1.05,0.03489912202260563,632,Russian fake news.
1919,4231,0,2,38,40,1.05,0.03489912202260563,632,"They locked me in one of the dolls for a year so I could ""get to know the product."""
1826,4231,0,2,38,40,1.05,0.03489912202260563,632,I bet that ball of yarn on your head would look great on a Matryoshka Doll.
2176,4231,0,2,38,40,1.05,0.03489912202260563,632,I know my rights. My head is not going anywhere.
2181,4231,0,2,38,40,1.05,0.03489912202260563,632,It's that damn #metoo
1114,4231,0,2,38,40,1.05,0.03489912202260563,632,All Russians accused of election tampering came forward but said it left them feeling empty inside.
2404,4231,0,2,38,40,1.05,0.03489912202260563,632,Is forced perspective still a crime in this city?
2401,4231,0,2,38,40,1.05,0.03489912202260563,632,There are a lot of layers within the Russian mob.
2375,4231,0,2,38,40,1.05,0.03489912202260563,632,"Can't talk now, I'm rushing to get this order done!"
2360,4231,0,2,38,40,1.05,0.03489912202260563,632,I won't nest until justice is served.
2351,4231,0,2,38,40,1.05,0.03489912202260563,632,What is this 'identical politics' I keep hearing about?
2318,4231,0,2,38,40,1.05,0.03489912202260563,632,"There was NO collusion, doll!"
2177,4231,0,2,38,40,1.05,0.03489912202260563,632,"They're the Russian Collusion dolls --
Just like the evidence, they stack up neatly"
2296,4231,0,2,38,40,1.05,0.03489912202260563,632,"What do you mean there should be ""one"" more in that line up.  Take it from me, I just know."
2250,4231,0,2,38,40,1.05,0.03489912202260563,632,"This is not the first time Putin has tried to interfere in American politics, but it may be the dumbest."
2230,4231,0,2,38,40,1.05,0.03489912202260563,632,Why?  Because I'm trying to be in touch with my inner woman.
2228,4231,0,2,38,40,1.05,0.03489912202260563,632,"So, what are you insinuating?"
2227,4231,0,2,38,40,1.05,0.03489912202260563,632,I just can’t help but think that I should be in there with them.
2220,4231,0,2,38,40,1.05,0.03489912202260563,632,It’s what’s on the inside that matters.
2218,4231,0,2,38,40,1.05,0.03489912202260563,632,I was nesting with the rest of them.
2193,4231,0,2,38,40,1.05,0.03489912202260563,632,Ask as often as you wish; my answer is the same: no one in my family has a neck.
2275,4231,0,2,38,40,1.05,0.03489912202260563,632,I think they're hiding something inside.
1816,4231,0,2,38,40,1.05,0.03489912202260563,632,"im tellin ya, its some kinda shell company scam"
2279,4231,1,0,39,40,1.05,0.04999999999999999,632,"Now that you mention it, you do look like Jane Leeves."
1801,4231,0,2,38,40,1.05,0.03489912202260563,632,Witness swears he only saw one - the tallest one.
1328,4231,0,2,38,40,1.05,0.03489912202260563,632,Don't worry we got her DNA.
1322,4231,0,2,38,40,1.05,0.03489912202260563,632,"After we got the entire gang, now the witness is changing the story."
1302,4231,0,2,38,40,1.05,0.03489912202260563,632,Looks like Russian interference to me.
1257,4231,0,2,38,40,1.05,0.03489912202260563,632,This is one of the toughest ID lineups ever—
1249,4231,0,2,38,40,1.05,0.03489912202260563,632,"Look, Detective, I said organize a line-up for a nest of Russian thieves. You give me this."
1238,4231,0,2,38,40,1.05,0.03489912202260563,632,My gut tells me we should let them all go.
1211,4231,0,2,38,40,1.05,0.03489912202260563,632,"This gang is going to be a tough nut to crack, we need someone on the inside"
1362,4231,0,2,38,40,1.05,0.03489912202260563,632,Obviously this is our little secret.
1117,4231,0,2,38,40,1.05,0.03489912202260563,632,I'll add legs to the big one and you'll have a center for your basketball team.
1183,4231,0,2,38,40,1.05,0.03489912202260563,632,i cant find a partner  to dance with
1182,4231,0,2,38,40,1.05,0.03489912202260563,632,"Yes, I DID try to influence the collections"
1165,4231,0,2,38,40,1.05,0.03489912202260563,632,So you are saying the witness saw the suspect in her rear view mirror?
1157,4231,0,2,38,40,1.05,0.03489912202260563,632,It looks like you've been working overtime.
1141,4231,0,2,38,40,1.05,0.03489912202260563,632,"I distinctly remember you saying ""Round up some similar looking Russian figures"". You never said ""people""."
1124,4231,0,2,38,40,1.05,0.03489912202260563,632,They're empty nesters now.
1803,4231,0,2,38,40,1.05,0.03489912202260563,632,I'm available in other sizes.
1204,4231,0,2,38,40,1.05,0.03489912202260563,632,Don't ever talk to me or my harem of wives again.
1367,4231,0,2,38,40,1.05,0.03489912202260563,632,What part of ‘tall Russian female’ did you not understand?
1357,4231,0,2,38,40,1.05,0.03489912202260563,632,"But darling, I'm just a shell of my former self."
1397,4231,0,2,38,40,1.05,0.03489912202260563,632,"I don't need to go home again, I'm already there."
1800,4231,1,0,39,40,1.05,0.04999999999999999,632,Must have been collusion.
1778,4231,0,2,38,40,1.05,0.03489912202260563,632,I dunno. What would Dick Wolf do?
1768,4231,0,2,38,40,1.05,0.03489912202260563,632,"I never said empty nester? I'm telling you I don't
them...or their mother."
1720,4231,0,2,38,40,1.05,0.03489912202260563,632,This is why height is part of the suspect's description.
1711,4231,0,2,38,40,1.05,0.03489912202260563,632,You said you wanted fillers that looked like the suspect!
1646,4231,0,2,38,40,1.05,0.03489912202260563,632,Everyone always blames the Russians
1387,4231,0,2,38,40,1.05,0.03489912202260563,632,Did the cavity search reveal anything?
1576,4231,0,2,38,40,1.05,0.03489912202260563,632,You try. At least I got her to open up.
1559,4231,0,2,38,40,1.05,0.03489912202260563,632,I think the Russians are behind this as well.
1594,4231,0,2,38,40,1.05,0.03489912202260563,632,"Be careful of the one on the left, she was really full of herself earlier."
1523,4231,0,2,38,40,1.05,0.03489912202260563,632,Well let's just forget about this stupid case and go get some doughnuts because that is the police officer stereotype
1507,4231,0,2,38,40,1.05,0.03489912202260563,632,I want an inclusion rider.
1479,4231,0,2,38,40,1.05,0.03489912202260563,632,"The Tiffany egg is still missing, Captain.  I don't feel right probing any further."
1463,4231,0,2,38,40,1.05,0.03489912202260563,632,We need to stop russian our suspects they keep dividing
1441,4231,0,2,38,40,1.05,0.03489912202260563,632,"Come on Stan, you know our policy on Russian into things"
1437,4231,0,2,38,40,1.05,0.03489912202260563,632,"Sorry  I ripped your sisters head off, I just assumed...."
1414,4231,0,2,38,40,1.05,0.03489912202260563,632,They all look alike to me. Does that make me a bad egg?
1548,4231,0,2,38,40,1.05,0.03489912202260563,632,"Nora!”
“Yes Torvald?”
“This time I’m leaving; you keep the children!”"
2939,4552,0,2,39,41,1.048780487804878,0.034059122057973054,632,When I get one to crack….. out pops another!
4836,4552,0,2,39,41,1.048780487804878,0.034059122057973054,632,"Well, it said “Drink Me” so I did. 
Could you help me find the White Rabbit?"
4326,4552,0,2,39,41,1.048780487804878,0.034059122057973054,632,"How can I be the bad cop, Look at those faces."
3953,4552,0,2,39,41,1.048780487804878,0.034059122057973054,632,I've decided uncover the Russian collusion by myself.
3939,4552,0,2,39,41,1.048780487804878,0.034059122057973054,632,I know she said 5’7 but are people ever really right when they guess someone’s height?
3006,4552,0,2,39,41,1.048780487804878,0.034059122057973054,632,"Forget it Casandra, I won't let you inside me again."
2249,4552,0,2,39,41,1.048780487804878,0.034059122057973054,632,"That's Russian doll, not Russian troll"
3352,4552,0,2,39,41,1.048780487804878,0.034059122057973054,632,It's made me start to wonder. Just what's inside of me?
2201,4552,0,2,39,41,1.048780487804878,0.034059122057973054,632,I need help. I've run out of creative ideas.
2126,4552,0,2,39,41,1.048780487804878,0.034059122057973054,632,They're from the From Russia with Love collection.  The boss says his new Russian trade agreement is going to be HUGE.
2032,4552,0,2,39,41,1.048780487804878,0.034059122057973054,632,"after so many years in this job, all the perps look the same to me.."
1897,4552,0,2,39,41,1.048780487804878,0.034059122057973054,632,"Yes, I brought in a few of my family members for the lineup. How did you know?"
1378,4552,0,2,39,41,1.048780487804878,0.034059122057973054,632,"We're just beginning to peel back the onion in this case."""
1324,4552,0,2,39,41,1.048780487804878,0.034059122057973054,632,I'm thinking it's #4 because she's lost some of the rosiness in her cheeks but send in the witnesses.
712,4552,0,2,39,41,1.048780487804878,0.034059122057973054,632,"Not sure if this is relevant, but I do have an astigmatism."
2203,4552,0,2,39,41,1.048780487804878,0.034059122057973054,632,What say we go and do some nesting of our own?
3017,4568,0,1,36,37,1.027027027027027,0.02739983121755955,632,Matryoshka? I hardly know 'a.
3015,4568,0,1,36,37,1.027027027027027,0.02739983121755955,632,"From an external perspective, a lot of people had left and the atmosphere change. Those who remained seemed to embody the true spirit of Burning Man. From an internal perspective, I had stopped trying to control or judge my experience with my head, a"
2995,4568,0,1,36,37,1.027027027027027,0.02739983121755955,632,Bring in the victim.
2923,4568,0,1,36,37,1.027027027027027,0.02739983121755955,632,"They are all Russians, aren't they?"
2976,4568,0,1,36,37,1.027027027027027,0.02739983121755955,632,They said they we're Russian. The cops said they had all night.
2924,4568,0,1,36,37,1.027027027027027,0.02739983121755955,632,Is this where I register for colluding with Donald Trump?
3045,4568,0,1,36,37,1.027027027027027,0.02739983121755955,632,"Okay, now let's see what you've got in you!"
2983,4568,0,1,36,37,1.027027027027027,0.02739983121755955,632,There's something eerie going on here... It doesn't fit.
3062,4568,0,1,36,37,1.027027027027027,0.02739983121755955,632,"At first I thought it was one perp, but six of them were hiding. It's definitely a gang."
3288,4568,0,1,36,37,1.027027027027027,0.02739983121755955,632,The lowdown is that one of the 'Dolls' led the election hack.
3221,4568,0,1,36,37,1.027027027027027,0.02739983121755955,632,I can't tell unless you make them wobble.
3275,4568,0,1,36,37,1.027027027027027,0.02739983121755955,632,Could they face right?
2900,4568,0,1,36,37,1.027027027027027,0.02739983121755955,632,"I know I'm only allowed one child. But that means one child per wife, doesn't it?"
3315,4568,0,1,36,37,1.027027027027027,0.02739983121755955,632,I feel something is missing inside me.
3365,4568,0,1,36,37,1.027027027027027,0.02739983121755955,632,Excuse me just curious why the dolls.
3387,4568,0,1,36,37,1.027027027027027,0.02739983121755955,632,I have this gnawing sense that my inner child is trying to get my attention.
3413,4568,0,1,36,37,1.027027027027027,0.02739983121755955,632,It never seems to end with this kid.......
3418,4568,0,1,36,37,1.027027027027027,0.02739983121755955,632,Why do all the dolls look like your sister?
3445,4568,0,1,36,37,1.027027027027027,0.02739983121755955,632,The most important thing is pronouncing their names right.
3471,4568,0,1,36,37,1.027027027027027,0.02739983121755955,632,They said their commune had some bad egg salad
3174,4568,0,1,36,37,1.027027027027027,0.02739983121755955,632,Matryoshka's told me they wanted to be ninjas
2897,4568,0,1,36,37,1.027027027027027,0.02739983121755955,632,"Sure, I could have made them hollow...but why"
2835,4568,0,1,36,37,1.027027027027027,0.02739983121755955,632,"It's my wife and daughters, they stole my nest."
2875,4568,0,1,36,37,1.027027027027027,0.02739983121755955,632,I thought you wanted a lineup of the Russians.
2295,4568,0,1,36,37,1.027027027027027,0.02739983121755955,632,"She couldn't hide her inner self, is that my fault?"
3486,4568,0,1,36,37,1.027027027027027,0.02739983121755955,632,"Well, all signs point to the Russian"""
2298,4568,0,1,36,37,1.027027027027027,0.02739983121755955,632,"...is it twelve o'clock yet?  I'm in the mood for some kiev"""
2391,4568,0,1,36,37,1.027027027027027,0.02739983121755955,632,How big is yours?
2393,4568,0,1,36,37,1.027027027027027,0.02739983121755955,632,"I know that it looks bad, but there was NO COLLUSION!"
2395,4568,0,1,36,37,1.027027027027027,0.02739983121755955,632,I believe in you. Practice makes perfect.
2439,4568,0,1,36,37,1.027027027027027,0.02739983121755955,632,"The freckled one, what's she hiding?"
2497,4568,0,1,36,37,1.027027027027027,0.02739983121755955,632,I started collecting Russian dolls since I was five years old.
2540,4568,0,1,36,37,1.027027027027027,0.02739983121755955,632,"So, how does this job stack up to your last job"
2570,4568,0,1,36,37,1.027027027027027,0.02739983121755955,632,Are we too tough on borders?
2571,4568,0,1,36,37,1.027027027027027,0.02739983121755955,632,They hadn't had birth control by then.
2579,4568,0,1,36,37,1.027027027027027,0.02739983121755955,632,It was women of varied heights . . . . Probably five could fit inside me
2624,4568,0,1,36,37,1.027027027027027,0.02739983121755955,632,They're all guilty of insider trading except for the first.
2629,4568,0,1,36,37,1.027027027027027,0.02739983121755955,632,"Honey, we really can’t protect our girls forever."
2644,4568,0,1,36,37,1.027027027027027,0.02739983121755955,632,You told me to round up the usual suspects.
2695,4568,0,1,36,37,1.027027027027027,0.02739983121755955,632,"I swear you said ""dolls"", not ""trolls""."
2726,4568,0,1,36,37,1.027027027027027,0.02739983121755955,632,What else could I do?  One of them is guilty of collusion.
2744,4568,0,1,36,37,1.027027027027027,0.02739983121755955,632,I'm not even sure that collusion is a crime.
2753,4568,0,1,36,37,1.027027027027027,0.02739983121755955,632,Can we reconsider the King's horses? I still don't think this was an inside job. . .
2755,4568,0,1,36,37,1.027027027027027,0.02739983121755955,632,"Apparently, she said that she said that she said that she said that..."
2873,4568,0,1,36,37,1.027027027027027,0.02739983121755955,632,"If I hear one more ""empty nesters"" joke ......."
2879,4568,0,1,36,37,1.027027027027027,0.02739983121755955,632,"I wouldn't mind coming inside you,my little Matryoshka."
3488,4568,0,1,36,37,1.027027027027027,0.02739983121755955,632,the maht-er of all chain migration
4838,4568,0,1,36,37,1.027027027027027,0.02739983121755955,632,"My hunch tells me it's the little Odessa"""
3567,4568,0,1,36,37,1.027027027027027,0.02739983121755955,632,I just got off the phone with the Russian consulate. They claim she has diplomatic immunity.
4239,4568,0,1,36,37,1.027027027027027,0.02739983121755955,632,Wouldn’t we have more room if we stacked each one inside the next biggest?
4256,4568,0,1,36,37,1.027027027027027,0.02739983121755955,632,"We were supposed to investigate Russian trolls, not Russian dolls."
4258,4568,0,1,36,37,1.027027027027027,0.02739983121755955,632,"Oddest lineup I've ever run, and they've wrecked havoc with all my nesting instincts."
4259,4568,0,1,36,37,1.027027027027027,0.02739983121755955,632,"When you said the suspect was wearing layers, this is where my mind went."
4336,4568,0,1,36,37,1.027027027027027,0.02739983121755955,632,Well you kinda’ look like Raggedy Ann but I’m not blaming you for designer ripped jeans.
4354,4568,0,1,36,37,1.027027027027027,0.02739983121755955,632,I'm afraid it may have been an inside job....
4373,4568,0,1,36,37,1.027027027027027,0.02739983121755955,632,"“I really thought these dolls would be more important than those silly Faberge´ eggs."""
4377,4568,0,1,36,37,1.027027027027027,0.02739983121755955,632,Our middle daughter is missing!
4457,4568,0,1,36,37,1.027027027027027,0.02739983121755955,632,This case is just like the Mueller Russia Probe - a crime inside a crime inside a crime.
4534,4568,0,1,36,37,1.027027027027027,0.02739983121755955,632,Not sure I can get to the bottom of this on my own.
4540,4568,0,1,36,37,1.027027027027027,0.02739983121755955,632,Perhaps we should switch to color?
4573,4568,0,1,36,37,1.027027027027027,0.02739983121755955,632,"If we get a clear ID, the Russian mob is finished."
4605,4568,0,1,36,37,1.027027027027027,0.02739983121755955,632,"I think it’s the little one, she’s always hiding inside the rest"
4633,4568,0,1,36,37,1.027027027027027,0.02739983121755955,632,We are investigating it as an inside job.
4678,4568,0,1,36,37,1.027027027027027,0.02739983121755955,632,The set was made in 1984 in conjunction with some book.
4730,4568,0,1,36,37,1.027027027027027,0.02739983121755955,632,We may never solve the K Through 5 Mystery.
4764,4568,0,1,36,37,1.027027027027027,0.02739983121755955,632,"Lady, I understand it's your job
but at this point we might as well
be holding them hostage."
4772,4568,0,1,36,37,1.027027027027027,0.02739983121755955,632,"Yes it is truly,except for the smallest one who looks like her Mother"
4796,4568,0,1,36,37,1.027027027027027,0.02739983121755955,632,"The witness didn’t select her, Janine, but dammit, I know she’s hiding something."
4833,4568,0,1,36,37,1.027027027027027,0.02739983121755955,632,"Yes, I know. there were supposed to be seven. But these Russkies are tricky."
4896,4568,0,1,36,37,1.027027027027027,0.02739983121755955,632,"Sorry, Sweet Cheeks, but I suspect the one without dimples."
4212,4568,0,1,36,37,1.027027027027027,0.02739983121755955,632,It's my nesting troll farm.
3495,4568,0,1,36,37,1.027027027027027,0.02739983121755955,632,We got a break and were able to identify which of the nesting dolls the killer midget hid in.
4208,4568,0,1,36,37,1.027027027027027,0.02739983121755955,632,Welcome to the line down.
4198,4568,0,1,36,37,1.027027027027027,0.02739983121755955,632,"Once they open up, I have a feeling there's a lot more inside"
3591,4568,0,1,36,37,1.027027027027027,0.02739983121755955,632,"Honestly, I don't see any distinguishing features among them."
3596,4568,0,1,36,37,1.027027027027027,0.02739983121755955,632,The witness says she sometimes struggles with her depth perception.
3602,4568,0,1,36,37,1.027027027027027,0.02739983121755955,632,"I know, I know, but only Mueller's people were in the squad room."
3623,4568,0,1,36,37,1.027027027027027,0.02739983121755955,632,"Why hello, Dolly!"
3667,4568,0,1,36,37,1.027027027027027,0.02739983121755955,632,"All we know so far is that 
it's an inside inside inside inside inside job."
3736,4568,0,1,36,37,1.027027027027027,0.02739983121755955,632,C'Mon Sis. You know nepotism is frowned upon around her.
3791,4568,0,1,36,37,1.027027027027027,0.02739983121755955,632,"I took care of Eeeney, Meeeny. Miney, but Mo told me to bug off her little sisters,"
3829,4568,0,1,36,37,1.027027027027027,0.02739983121755955,632,"I thought they were just “best” friends, not nested."
3842,4568,0,1,36,37,1.027027027027027,0.02739983121755955,632,I need a vacation
3852,4568,0,1,36,37,1.027027027027027,0.02739983121755955,632,This cannibalism case is proving harder to crack than I expected.
3878,4568,0,1,36,37,1.027027027027027,0.02739983121755955,632,"Security here does not drive me crazy and is not as boring as you would think. Once a week I get to take inventory and even dust them off. Once, the little one tried to escape."
3889,4568,0,1,36,37,1.027027027027027,0.02739983121755955,632,"Next time, do you think I could fit some cigarettes and Brandy too?"
3907,4568,0,1,36,37,1.027027027027027,0.02739983121755955,632,"Couldn’t get an ID, the victim said the woman was more put together."
3923,4568,0,1,36,37,1.027027027027027,0.02739983121755955,632,"Well, who did you expect, Putin?"
3956,4568,0,1,36,37,1.027027027027027,0.02739983121755955,632,Shrinking economy?!? What gives you that idea?!??
4004,4568,0,1,36,37,1.027027027027027,0.02739983121755955,632,Nesters shmesters.....they give me the shpilkes!!
4009,4568,0,1,36,37,1.027027027027027,0.02739983121755955,632,Creation myth revisited.
4017,4568,0,1,36,37,1.027027027027027,0.02739983121755955,632,They should mule on how much they nested!
4068,4568,0,1,36,37,1.027027027027027,0.02739983121755955,632,"GET ELIZABETH AND PHILLIP
THEY'LL KNOW"
4113,4568,0,1,36,37,1.027027027027027,0.02739983121755955,632,Only today do I truly understand this hollow feeling I’ve had all my life.
4120,4568,0,1,36,37,1.027027027027027,0.02739983121755955,632,"Let ‘em all go. The perp had a meaner resting bitch face, just like my mother."
4205,4568,0,1,36,37,1.027027027027027,0.02739983121755955,632,Family resemblance is not a thing here!
2278,4568,0,1,36,37,1.027027027027027,0.02739983121755955,632,A very crafty inside job by the Russians.
2200,4568,0,1,36,37,1.027027027027027,0.02739983121755955,632,"Well, they're definitely guilty of going into Planned Parenthood."
2153,4568,0,1,36,37,1.027027027027027,0.02739983121755955,632,"The longer we investigate, more and more Russians become suspects."
519,4568,0,1,36,37,1.027027027027027,0.02739983121755955,632,Shall we talk about gravitational attraction before we are completely underwater?
554,4568,0,1,36,37,1.027027027027027,0.02739983121755955,632,"Comrade, I'm too big to fit in with the group.."
582,4568,0,1,36,37,1.027027027027027,0.02739983121755955,632,I totally get why I'm fired but you gotta admit it's pretty amazing how they all fit inside of me.
592,4568,0,1,36,37,1.027027027027027,0.02739983121755955,632,Classic case of shrunken identity.
615,4568,0,1,36,37,1.027027027027027,0.02739983121755955,632,"You and your damn ""peel away the onion"" are going to drive us out of business!"
636,4568,0,1,36,37,1.027027027027027,0.02739983121755955,632,It's the next step beyond in-vitro
671,4568,0,1,36,37,1.027027027027027,0.02739983121755955,632,I’ve always felt there was more to me than people gave me credit for.
681,4568,0,1,36,37,1.027027027027027,0.02739983121755955,632,I used to be an accountant. I fell into modeling by accident.
738,4568,0,1,36,37,1.027027027027027,0.02739983121755955,632,"Well I didn't know us Russians had to reveal all layers of the story!"""
517,4568,0,1,36,37,1.027027027027027,0.02739983121755955,632,You've been charged with kidnapping.
768,4568,0,1,36,37,1.027027027027027,0.02739983121755955,632,There's just no market for the male version.
815,4568,0,1,36,37,1.027027027027027,0.02739983121755955,632,Would you like a shoe shine ?
896,4568,0,1,36,37,1.027027027027027,0.02739983121755955,632,I had to get the wife and kids to fill in.
897,4568,0,1,36,37,1.027027027027027,0.02739983121755955,632,I'm a twin.  He's a little smaller than me.
933,4568,0,1,36,37,1.027027027027027,0.02739983121755955,632,"‘The killer is even smaller than number six.’ I heard it same as you. But how can we find her, captain? Where would we even begin to look?"
949,4568,0,1,36,37,1.027027027027027,0.02739983121755955,632,"They always look the same to me, but the one babe #4 isn't blushing and I'd know her anywhere."
957,4568,0,1,36,37,1.027027027027027,0.02739983121755955,632,No Russian to judgment.
978,4568,0,1,36,37,1.027027027027027,0.02739983121755955,632,"I think this department could do a hellava lot better when the witness describes ""a bushy-haired stranger""."
994,4568,0,1,36,37,1.027027027027027,0.02739983121755955,632,"I know these dolls look innocent, but the law is stacked against them."
1049,4568,0,1,36,37,1.027027027027027,0.02739983121755955,632,NYET!
797,4568,0,1,36,37,1.027027027027027,0.02739983121755955,632,"You won't be sorry if you hire me, I have a feeling, I'll fit in with everyone."
499,4568,0,1,36,37,1.027027027027027,0.02739983121755955,632,"Are you saying that the ""Me Too"" movement is a conundrum?"
449,4568,0,1,36,37,1.027027027027027,0.02739983121755955,632,Canoodling? Sure. Colluding? Never!
404,4568,0,1,36,37,1.027027027027027,0.02739983121755955,632,"Very well then I contradict myself; (I am large, I contain multitudes.)"
2255,4568,0,1,36,37,1.027027027027027,0.02739983121755955,632,We will NEVER mold or try to influence you.....
23,4568,0,1,36,37,1.027027027027027,0.02739983121755955,632,"Our victim says the little one started it all and the rest piled on."""
32,4568,0,1,36,37,1.027027027027027,0.02739983121755955,632,"Come on, be patient Sarge. My guess is the Russian case will be stacking up for us any time now."
115,4568,0,1,36,37,1.027027027027027,0.02739983121755955,632,"Come on , let your inner voice out"
131,4568,0,1,36,37,1.027027027027027,0.02739983121755955,632,When your mom comes to visit you when you're stoned.
134,4568,0,1,36,37,1.027027027027027,0.02739983121755955,632,"I swear I got them, boss. They’re the ones who did it!"
193,4568,0,1,36,37,1.027027027027027,0.02739983121755955,632,Would there be any other Russian doll with a secret?
208,4568,0,1,36,37,1.027027027027027,0.02739983121755955,632,Cutting costs is Job 1.
232,4568,0,1,36,37,1.027027027027027,0.02739983121755955,632,"I'm telling you, we still have plausible deniability on the charge of sex in the workplace!"
242,4568,0,1,36,37,1.027027027027027,0.02739983121755955,632,"Arm The Kewpies? Ridiculous! You're NRA, right?"
262,4568,0,1,36,37,1.027027027027027,0.02739983121755955,632,"Comrade, am filing gender discrimination suit."
276,4568,0,1,36,37,1.027027027027027,0.02739983121755955,632,These Russian attacks on our democracy keep scaling up.
295,4568,0,1,36,37,1.027027027027027,0.02739983121755955,632,This is up there with the sextuplets case.
297,4568,0,1,36,37,1.027027027027027,0.02739983121755955,632,A voice deep down inside me says the little one is the brains of the family.
308,4568,0,1,36,37,1.027027027027027,0.02739983121755955,632,The witness said the female perp had a sexy build.
345,4568,0,1,36,37,1.027027027027027,0.02739983121755955,632,"I’m sorry boss, but they were all impersonating a police officer!"
349,4568,0,1,36,37,1.027027027027027,0.02739983121755955,632,They're all in Dutch the law - but some more so than others.
355,4568,0,1,36,37,1.027027027027027,0.02739983121755955,632,Could we be using too MUCH perspective on Russian concealment of agents?
361,4568,0,1,36,37,1.027027027027027,0.02739983121755955,632,"Screw it, they’re Russians.  Let’s just have them all prosecuted."
370,4568,0,1,36,37,1.027027027027027,0.02739983121755955,632,And that's where the dog was buried.
373,4568,0,1,36,37,1.027027027027027,0.02739983121755955,632,Call Mueller in; one of the six was at the Trump Tower meeting!
1055,4568,0,1,36,37,1.027027027027027,0.02739983121755955,632,"Товарищ, пожалуйста, один колдун одновременно!"
1064,4568,0,1,36,37,1.027027027027027,0.02739983121755955,632,My theory - the short one did it.
7,4568,0,1,36,37,1.027027027027027,0.02739983121755955,632,"You know, from the looks of it, seems like it might be an inside job."
1110,4568,0,1,36,37,1.027027027027027,0.02739983121755955,632,Hajib?   Babuska?
1823,4568,0,1,36,37,1.027027027027027,0.02739983121755955,632,"Calls? I thought you said, ‘investigate the Russian dolls’."
1833,4568,0,1,36,37,1.027027027027027,0.02739983121755955,632,My wife packed my suitcase - I didn't know they were in there.
1858,4568,0,1,36,37,1.027027027027027,0.02739983121755955,632,Haven't seen him.
1860,4568,0,1,36,37,1.027027027027027,0.02739983121755955,632,She said it was immaculate conception---that's why they all look like her!
1906,4568,0,1,36,37,1.027027027027027,0.02739983121755955,632,"Remember, the whole family has to fit inside --- you!"
1924,4568,0,1,36,37,1.027027027027027,0.02739983121755955,632,"As a matter of fact, yes, I do think the case is stacked against my client."
1941,4568,0,1,36,37,1.027027027027027,0.02739983121755955,632,But they ALL look like Maria Butina!
1951,4568,0,1,36,37,1.027027027027027,0.02739983121755955,632,"There are a lot of Russian operatives who look like me, but I assure you you've got the wrong guy..."
1973,4568,0,1,36,37,1.027027027027027,0.02739983121755955,632,And they say that behind every homunculus there’s a good woman in a good woman in a good woman in a good woman....
1766,4568,0,1,36,37,1.027027027027027,0.02739983121755955,632,"So I'm a dick, but inside I feel there's another me itching to get out."
1986,4568,0,1,36,37,1.027027027027027,0.02739983121755955,632,What's inside a woman unraveled before today Denise.
2004,4568,0,1,36,37,1.027027027027027,0.02739983121755955,632,"Nyet, was his final answer ... but remember he's Russian."
2009,4568,0,1,36,37,1.027027027027027,0.02739983121755955,632,"No Claire, I am not biased on this case!"
2014,4568,0,1,36,37,1.027027027027027,0.02739983121755955,632,I never knew my parents.  I'm an orphan.  Why do you ask?
2102,4568,0,1,36,37,1.027027027027027,0.02739983121755955,632,You didn't say what KIND of doll...
2106,4568,0,1,36,37,1.027027027027027,0.02739983121755955,632,It's an in-service training on accessing your inner child.
2113,4568,0,1,36,37,1.027027027027027,0.02739983121755955,632,Your kids? All 21 years old. Are you sure you had nothing to do with Russian voting interference?
2143,4568,0,1,36,37,1.027027027027027,0.02739983121755955,632,"Dolls""? All I see are unique, intelligent, individual women"
2148,4568,0,1,36,37,1.027027027027027,0.02739983121755955,632,No distinguishing features--this is a tough one.
1099,4568,0,1,36,37,1.027027027027027,0.02739983121755955,632,They're all covering for the little one on the right.
1990,4568,0,1,36,37,1.027027027027027,0.02739983121755955,632,You really can’t pick which doll it was out of the line-up?
1742,4568,0,1,36,37,1.027027027027027,0.02739983121755955,632,the one on the end looks familiar!
1830,4568,0,1,36,37,1.027027027027027,0.02739983121755955,632,The poison is hidden in #5 so to fool them you see...
1690,4568,0,1,36,37,1.027027027027027,0.02739983121755955,632,"Ok, why do YOU think I wanted a Russian doll wife?"
1143,4568,0,1,36,37,1.027027027027027,0.02739983121755955,632,"OK. If it is really important for the good of the State, I'll start making Putins"
1160,4568,0,1,36,37,1.027027027027027,0.02739983121755955,632,This Russia probe seems to be getting smaller the more we dig into it.
1186,4568,0,1,36,37,1.027027027027027,0.02739983121755955,632,All but one of them seem to fit in.
1220,4568,0,1,36,37,1.027027027027027,0.02739983121755955,632,Could you have your wife put on rouge?
1223,4568,0,1,36,37,1.027027027027027,0.02739983121755955,632,"....Yeah. So strangely enough, that was my experience with 90 Day Fiance. Unwittingly, I became part of an illegal immigrant operation."
1225,4568,0,1,36,37,1.027027027027027,0.02739983121755955,632,I'm the only one.
1329,4568,0,1,36,37,1.027027027027027,0.02739983121755955,632,My daughter made me do it.
1692,4568,0,1,36,37,1.027027027027027,0.02739983121755955,632,I don’t think that’s what they meant by asking us to demonstrate tolerating diversity in the workplace.
1418,4568,0,1,36,37,1.027027027027027,0.02739983121755955,632,"In no particular order: Melania, Ivanka, Kellyanne, Sarah, Omarossa, and one whose name I can't recall."
1440,4568,0,1,36,37,1.027027027027027,0.02739983121755955,632,What do you expect? The suspect is a babushka.
1451,4568,0,1,36,37,1.027027027027027,0.02739983121755955,632,"Do you want to see the boy clones, too?"
1404,4568,0,1,36,37,1.027027027027027,0.02739983121755955,632,Where's my damn tote bag?
1474,4568,0,1,36,37,1.027027027027027,0.02739983121755955,632,Be a doll and go get me a cup of coffee.
1648,4568,0,1,36,37,1.027027027027027,0.02739983121755955,632,Did you notice that the smallest one has orange hair?
1469,4568,0,1,36,37,1.027027027027027,0.02739983121755955,632,How did you know my daughters left for college?
1635,4568,0,1,36,37,1.027027027027027,0.02739983121755955,632,Me next.
1611,4568,0,1,36,37,1.027027027027027,0.02739983121755955,632,I grilled them all from large to small and they gave exactly the same story.
1636,4568,0,1,36,37,1.027027027027027,0.02739983121755955,632,I feel like their hiding something.
1536,4568,0,1,36,37,1.027027027027027,0.02739983121755955,632,"Wait, you wanted the Fabergé Egg Gang?"
1514,4568,0,1,36,37,1.027027027027027,0.02739983121755955,632,You are my little Russian doll!
1480,4568,0,1,36,37,1.027027027027027,0.02739983121755955,632,"Well, I can't figure it out but I have a sudden urge to call my Mother."
1580,4568,0,1,36,37,1.027027027027027,0.02739983121755955,632,"No one is talking, but we think Russia is behind it."
3072,4762,0,1,37,38,1.0263157894736843,0.02666903735313325,632,I refused to shave my mustache.....
4878,4762,0,1,37,38,1.0263157894736843,0.02666903735313325,632,It wasn't hard to find fillers.
4704,4762,0,1,37,38,1.0263157894736843,0.02666903735313325,632,My personal preference is for mermaids.
4347,4762,0,1,37,38,1.0263157894736843,0.02666903735313325,632,"Nesting Doll? I thought you said, ""Resting, Paul?"""
3726,4762,0,1,37,38,1.0263157894736843,0.02666903735313325,632,I need a raise. I’m a single father of 5 in 1.
3624,4762,0,1,37,38,1.0263157894736843,0.02666903735313325,632,See if you can pick out the one in which I fit best.
3245,4762,0,1,37,38,1.0263157894736843,0.02666903735313325,632,I thought you said to round up the usual Russian Suspects?
2371,4762,0,1,37,38,1.0263157894736843,0.02666903735313325,632,Your Russia investigation is a witch hunt.
498,4762,0,1,37,38,1.0263157894736843,0.02666903735313325,632,We can see a  linear growth in criminality.
2124,4762,0,1,37,38,1.0263157894736843,0.02666903735313325,632,"The longer you sit, the rounder you feel"
1570,4762,0,1,37,38,1.0263157894736843,0.02666903735313325,632,"Yes, Hilda will be four next month."
1498,4762,0,1,37,38,1.0263157894736843,0.02666903735313325,632,C'mon Sharon! Those smiles are so convincing! How was I supposed to know they're wooden toys?
2335,4762,0,1,37,38,1.0263157894736843,0.02666903735313325,632,That Russian Dating Site said they had the perfect women for me.
408,4762,0,1,37,38,1.0263157894736843,0.02666903735313325,632,These are the official Stormy Nesting dolls
50,4762,0,1,37,38,1.0263157894736843,0.02666903735313325,632,"Personally, I think this case is stacking up just fine."
1,4762,0,1,37,38,1.0263157894736843,0.02666903735313325,632,"One of them is surely guilty, I know their kind....."
3136,4778,0,0,33,33,1.0,0.030772872744833184,632,"I swear, we were just nesting!"
3214,4778,0,0,34,34,1.0,0.029854071701326604,632,It's an insider's game.
2623,4778,0,0,33,33,1.0,0.030772872744833184,632,"This is a tough one. Not only do they look innocent, they’re all just so rolly-polly and cute..."
3232,4778,0,0,33,33,1.0,0.030772872744833184,632,"Uhh, the Guinness guy was supposed to be here before your shift.."""
3394,4778,0,0,33,33,1.0,0.030772872744833184,632,I feel watched
3436,4778,0,0,34,34,1.0,0.029854071701326604,632,What? The usual suspects were busy.
3449,4778,0,0,34,34,1.0,0.029854071701326604,632,"Liutenant, we’re still missing a weapon, and I’m starting to think they just don’t have it in them."
3594,4778,0,0,35,35,1.0,0.028988551782622423,632,Are you sure they match the President's description ...
3569,4778,0,0,33,33,1.0,0.030772872744833184,632,"Our case is wobbling, but I promise it won't fall down."
3031,4778,0,0,33,33,1.0,0.030772872744833184,632,Putin wants Trump made into a Russian Matryoshka Nesting Doll
3597,4778,0,0,33,33,1.0,0.030772872744833184,632,How many times do I have to say that you keep repeating yourself?
3633,4778,0,0,33,33,1.0,0.030772872744833184,632,Five voices of conscience inside of me made me decide to quit this monotonous job quickly.
3643,4778,0,0,33,33,1.0,0.030772872744833184,632,I told you to stop working so much overtime
3653,4778,0,0,33,33,1.0,0.030772872744833184,632,"Two are lesbians, four are straight."
3697,4778,0,0,34,34,1.0,0.029854071701326604,632,That Putin: he promised me teens for my youth group and instead he sent me these empty nesters.
3703,4778,0,0,35,35,1.0,0.028988551782622423,632,These gals ain't no pushovers.
3483,4778,0,0,34,34,1.0,0.029854071701326604,632,Well this is the first I’m hearing that the sketch artist is Russian.
3010,4778,0,0,34,34,1.0,0.029854071701326604,632,"Sure, I'll work some overtime, let me ask my wives."
2899,4778,0,0,33,33,1.0,0.030772872744833184,632,They all claim they had nothing to do with the election.
2903,4778,0,0,33,33,1.0,0.030772872744833184,632,You have no idea what's going on inside of me.
3751,4778,0,0,34,34,1.0,0.029854071701326604,632,I want to be able to open up and show people the real me.
2653,4778,0,0,33,33,1.0,0.030772872744833184,632,"Remember, don't be Russian through this case."
2662,4778,0,0,33,33,1.0,0.030772872744833184,632,With a face like that you're perfect for radio.
2673,4778,0,0,33,33,1.0,0.030772872744833184,632,These line-ups are getting tougher and tougher.
2693,4778,0,0,33,33,1.0,0.030772872744833184,632,"Come on,it's taken me years to get into this shape.  Just let me try."
2715,4778,0,0,33,33,1.0,0.030772872744833184,632,Why do I think the jury is rigged?
2717,4778,0,0,33,33,1.0,0.030772872744833184,632,Fake news!
2914,4778,0,0,33,33,1.0,0.030772872744833184,632,"Because I was told that either my Babushka Putins disappeared, irI did."
2743,4778,0,0,33,33,1.0,0.030772872744833184,632,"I'm trying keep it together, but this case keeps pulling me apart..."
2767,4778,0,0,33,33,1.0,0.030772872744833184,632,Our eye witness says the perp was taller.
2833,4778,0,0,33,33,1.0,0.030772872744833184,632,"Don't ask me. She's different, that's all."
2850,4778,0,0,34,34,1.0,0.029854071701326604,632,"Officer Barnes, we have reason to believe that you are involved in this case. Open wide!"
2851,4778,0,0,33,33,1.0,0.030772872744833184,632,I hope this sting works to nail the doll snatchers!
2853,4778,0,0,34,34,1.0,0.029854071701326604,632,Please describe your nesting skills...
2881,4778,0,0,33,33,1.0,0.030772872744833184,632,I just don't see any room for advancement.
2890,4778,0,0,34,34,1.0,0.029854071701326604,632,Hiya doll face!
2642,4778,0,0,35,35,1.0,0.028988551782622423,632,"Listen up egghead, your about to be like those dolls. Retired."
3804,4778,0,0,34,34,1.0,0.029854071701326604,632,I’m the guy who provides that baby on the inside.
4558,4778,0,0,33,33,1.0,0.030772872744833184,632,"Actually, the age progressions look pretty much the same."
3844,4778,0,0,35,35,1.0,0.028988551782622423,632,And this rounds out the line up.
4393,4778,0,0,33,33,1.0,0.030772872744833184,632,"Internal strife again, Igor?"
4404,4778,0,0,33,33,1.0,0.030772872744833184,632,"Does she contradict herself?  She says that’s fine, she contains multitudes."
4432,4778,0,0,33,33,1.0,0.030772872744833184,632,"You’ll I’m too involved in this case, chief, but I’m very close getting this criminal and putting her in jail."
4462,4778,0,0,34,34,1.0,0.029854071701326604,632,Get in touch with my inner self she says. Sure!  But which one?
4464,4778,0,0,33,33,1.0,0.030772872744833184,632,"I can't contain myself, Susan, I need to tell you how much I love you."
4483,4778,0,0,33,33,1.0,0.030772872744833184,632,"O.k, so I'm an arms dealer, I've never killed anyone."
4497,4778,0,0,33,33,1.0,0.030772872744833184,632,"Let’s face it, eventually the ‘nesting instinct’ takes over."
4392,4778,0,0,33,33,1.0,0.030772872744833184,632,I'm done toying with this. You figure it out.
4568,4778,0,0,33,33,1.0,0.030772872744833184,632,You gotta find my wife: she's chubby and wears a kerchief covering her hair.
4675,4778,0,0,33,33,1.0,0.030772872744833184,632,They're accused of cybercrime involving Facebook.
4720,4778,0,0,33,33,1.0,0.030772872744833184,632,"Comrade, I’ve uncovered a nest of capitalist spies."
4727,4778,0,0,34,34,1.0,0.029854071701326604,632,"Detective, the third suspect seems to fit the crime."
4748,4778,0,0,33,33,1.0,0.030772872744833184,632,"Honey, I shrunk the kids."
4774,4778,0,0,34,34,1.0,0.029854071701326604,632,"Yup, these are totally the usual suspects."
4837,4778,0,0,33,33,1.0,0.030772872744833184,632,They were smuggling each other into the voting booths...
2598,4778,0,0,33,33,1.0,0.030772872744833184,632,Where do you see yourself in ten years?
4672,4778,0,0,34,34,1.0,0.029854071701326604,632,So there's no Russian connection?
3812,4778,0,0,33,33,1.0,0.030772872744833184,632,"I can’t believe I ate the whole thing, Natasha."
4385,4778,0,0,34,34,1.0,0.029854071701326604,632,I was told it was family day.
4299,4778,0,0,33,33,1.0,0.030772872744833184,632,This is a witch Hunt!
3883,4778,0,0,33,33,1.0,0.030772872744833184,632,Looks like this one is going to fold.
3893,4778,0,0,33,33,1.0,0.030772872744833184,632,All of me would love to go out with all of her.
3905,4778,0,0,34,34,1.0,0.029854071701326604,632,Did you get a description of the accomplices?
3935,4778,0,0,34,34,1.0,0.029854071701326604,632,The one with the Hermes babushka
3951,4778,0,0,34,34,1.0,0.029854071701326604,632,Maybe you should take some time off Jim?
4000,4778,0,0,33,33,1.0,0.030772872744833184,632,"I said “line up”, not “doll up”"
4038,4778,0,0,33,33,1.0,0.030772872744833184,632,I ran out of wood.
4364,4778,0,0,33,33,1.0,0.030772872744833184,632,I'm fired?
4115,4778,0,0,33,33,1.0,0.030772872744833184,632,"i’m trying to be a good partner here... but frankly, you’re full of yourself."
4195,4778,0,0,33,33,1.0,0.030772872744833184,632,"You know Nadia, that twenty years in the Nesting department has changed me, and , for some reason, I feel like I could fit easily into either the Nutcracker or Icon department."
4199,4778,0,0,33,33,1.0,0.030772872744833184,632,"No, Ma'am, those dolls are hiding nothing, nothing at all..."
4203,4778,0,0,33,33,1.0,0.030772872744833184,632,Ever feel like it's catching up to you?
4206,4778,0,0,34,34,1.0,0.029854071701326604,632,Why are you always rushing me?
4229,4778,0,0,33,33,1.0,0.030772872744833184,632,They all look capable of violent activity to me...
4253,4778,0,0,36,36,1.0,0.028171808490950554,632,Can I tell them that size matters?
4288,4778,0,0,33,33,1.0,0.030772872744833184,632,I don't get it. They fit the description of the perp perfectly -- just not the right height.
4179,4778,0,0,34,34,1.0,0.029854071701326604,632,I'm just sure of one thing. Of these six suspects there is only one that would not be able to eat anyone. But which?
2590,4778,0,0,33,33,1.0,0.030772872744833184,632,"Jim, where's the rest of the paperwork?"
829,4778,0,0,33,33,1.0,0.030772872744833184,632,This is not a hoax.
2549,4778,0,0,33,33,1.0,0.030772872744833184,632,"They are members of the Russian Hotel Secrete Service”, Putin knows what Trump likes"
755,4778,0,0,33,33,1.0,0.030772872744833184,632,Who said anything about collusion?
785,4778,0,0,33,33,1.0,0.030772872744833184,632,Not to worry.  We’re all inside you.
822,4778,0,0,33,33,1.0,0.030772872744833184,632,This suspects of this case seems never ending.
893,4778,0,0,34,34,1.0,0.029854071701326604,632,"I told you before, my family doesn't want to do these practice line-ups anymore!"
899,4778,0,0,33,33,1.0,0.030772872744833184,632,"To be honest, I think there's no more to you than meets the eye."
908,4778,0,0,33,33,1.0,0.030772872744833184,632,Can you ask them to turn around?
912,4778,0,0,33,33,1.0,0.030772872744833184,632,Don't be so quick to judge - there's more to me than meets the eye.
746,4778,0,0,35,35,1.0,0.028988551782622423,632,What's so great about Russian agriculture?
917,4778,0,0,34,34,1.0,0.029854071701326604,632,looks like their alibi's all fit together .
954,4778,0,0,34,34,1.0,0.029854071701326604,632,"These people look as though they would fit inside one another, but they don't for they are not hollow."
955,4778,0,0,33,33,1.0,0.030772872744833184,632,I understand your counterparts are spread on level A
1042,4778,0,0,33,33,1.0,0.030772872744833184,632,What’s the rush in cracking This?
1079,4778,0,0,33,33,1.0,0.030772872744833184,632,"As I recall, the one on the end seems a little too short."
1092,4778,0,0,33,33,1.0,0.030772872744833184,632,One of them is hiding something.  Besides they are Russians
1145,4778,0,0,33,33,1.0,0.030772872744833184,632,"Czechoslovakia...smuggled...a wooden container...on top of one another...Oh, the horror!"
1198,4778,0,0,33,33,1.0,0.030772872744833184,632,The DNA analysis revealed that I'm the father.
921,4778,0,0,33,33,1.0,0.030772872744833184,632,I find you Russians to be completely full of yourselves.
1240,4778,0,0,33,33,1.0,0.030772872744833184,632,She fits all the descriptions.
702,4778,0,0,34,34,1.0,0.029854071701326604,632,Get off that chair and back with the rest of the dolls; your lack-of-neck was a dead giveaway
645,4778,0,0,33,33,1.0,0.030772872744833184,632,This job makes me feel so compartmentalized.
4899,4778,0,0,33,33,1.0,0.030772872744833184,632,I don' t think I have it in me to ID the suspect.
39,4778,0,0,35,35,1.0,0.028988551782622423,632,The one one right was the inside man.
43,4778,0,0,33,33,1.0,0.030772872744833184,632,".....so then he asked, ""Can you make one just a little smaller?"""
83,4778,0,0,33,33,1.0,0.030772872744833184,632,Looking at them it makes me feel like there are other mes inside this me. Lots of them.
141,4778,0,0,33,33,1.0,0.030772872744833184,632,I think one of them is hiding the littlest baby doll.
155,4778,0,0,33,33,1.0,0.030772872744833184,632,They swear they’re not related!
228,4778,0,0,33,33,1.0,0.030772872744833184,632,"Stop rushin’, doll.”"
685,4778,0,0,33,33,1.0,0.030772872744833184,632,Does this tie make my neck look bigger?
353,4778,0,0,33,33,1.0,0.030772872744833184,632,Amazing. They all fit the suspect's proportions exactly.
396,4778,0,0,33,33,1.0,0.030772872744833184,632,This one goes all the way to the top.
441,4778,0,0,33,33,1.0,0.030772872744833184,632,Compared to what?
453,4778,0,0,33,33,1.0,0.030772872744833184,632,"it was suspect number five. she's the one that killed my wife on that rainy night, twenty years ago. my decades-long nightmare has finally ended, and i will not rest until i see this bastard fry."
456,4778,0,0,33,33,1.0,0.030772872744833184,632,You wanted good? This is a great-great-great-great lineup.
474,4778,0,0,34,34,1.0,0.029854071701326604,632,I accidently bumped into the largest one.  She rocked back and forth and suddenly split open.
600,4778,0,0,33,33,1.0,0.030772872744833184,632,I tell you it was the little one - an inside job.
628,4778,0,0,33,33,1.0,0.030772872744833184,632,"Sargent, any idea yet which one is the Russian Spy?"
395,4778,0,0,33,33,1.0,0.030772872744833184,632,That is all I could find for your line-up.
2577,4778,0,0,33,33,1.0,0.030772872744833184,632,"She may be family, but I didn't know she had it in her."
1243,4778,0,0,34,34,1.0,0.029854071701326604,632,"In Russia, usual suspects round up you!"
1303,4778,0,0,34,34,1.0,0.029854071701326604,632,There's a cuddly for every age group.
2076,4778,0,0,33,33,1.0,0.030772872744833184,632,...But detective you can see I don’t fit into this case.
2093,4778,0,0,33,33,1.0,0.030772872744833184,632,Never heard of multiple peronalities?
2145,4778,0,0,33,33,1.0,0.030772872744833184,632,I have a keen insight for this case.
2281,4778,0,0,33,33,1.0,0.030772872744833184,632,I've been working the Matryoshka case for six months - it had to be an inside job.
2290,4778,0,0,33,33,1.0,0.030772872744833184,632,"Let one in, the next thing you know.....Now What?"
2297,4778,0,0,33,33,1.0,0.030772872744833184,632,"Don't look inside, please!"
2304,4778,0,0,34,34,1.0,0.029854071701326604,632,Are you a captain crunch .Follower
2075,4778,0,0,33,33,1.0,0.030772872744833184,632,"What?! They absolutely matched your description: different sizes, they all look the same and they're all Russians."
2322,4778,0,0,33,33,1.0,0.030772872744833184,632,It's simple. I have this thing Russian women.
2344,4778,0,0,33,33,1.0,0.030772872744833184,632,"well, there goes my large raise."
2354,4778,0,0,33,33,1.0,0.030772872744833184,632,Something inside me say's the Mother did it
2357,4778,0,0,33,33,1.0,0.030772872744833184,632,What are you hiding now ?
2444,4778,0,0,35,35,1.0,0.028988551782622423,632,Bottom text
2455,4778,0,0,34,34,1.0,0.029854071701326604,632,Never stop a Russian warlock with nesting dolls.
2512,4778,0,0,33,33,1.0,0.030772872744833184,632,I didn't do anything!  Every time I managed to get inside one of those dolls...
2533,4778,0,0,34,34,1.0,0.029854071701326604,632,They claim to be part of the Conformity Resistance.
2324,4778,0,0,33,33,1.0,0.030772872744833184,632,This one hits close to home within a home.
1292,4778,0,0,33,33,1.0,0.030772872744833184,632,I suspect Russian collusion on this one.
2074,4778,0,0,33,33,1.0,0.030772872744833184,632,But.. I am positive one of them did it!
1898,4778,0,0,33,33,1.0,0.030772872744833184,632,I thought you'd be impressed.
1374,4778,0,0,33,33,1.0,0.030772872744833184,632,I'm pretty sure it was the one in the middle.
1403,4778,0,0,33,33,1.0,0.030772872744833184,632,"So, contra-inception requires a dreamer and a subject at each level?"
1406,4778,0,0,34,34,1.0,0.029854071701326604,632,"—“Why don’t they smile like us?”
—“Maybe they were painted without smiles”"
1412,4778,0,0,33,33,1.0,0.030772872744833184,632,I’m pretty sure I’m related to all of them.
1449,4778,0,0,33,33,1.0,0.030772872744833184,632,"The victim described the attacker as ""a little inside her own head""."
1462,4778,0,0,33,33,1.0,0.030772872744833184,632,There's forty more in the smallest one if you need them.
1581,4778,0,0,33,33,1.0,0.030772872744833184,632,They all look the same to me...
1923,4778,0,0,34,34,1.0,0.029854071701326604,632,Wait until you see what's inside of me!
1638,4778,0,0,33,33,1.0,0.030772872744833184,632,"The New Yorker cartoon contest selection staff...an enigma.	Mysterious, inscrutable, puzzling, mystifying, baffling, perplexing, impenetrable, unfathomable, sphinxlike, Delphic, oracular"
1656,4778,0,0,33,33,1.0,0.030772872744833184,632,I seriously doubt there has been any Russian meddling!
1679,4778,0,0,34,34,1.0,0.029854071701326604,632,My Natasha left nest a year ago. I cannot pick her out. All Russians look the same to me.
1703,4778,0,0,33,33,1.0,0.030772872744833184,632,I was a perfect fit for the job.
1705,4778,0,0,34,34,1.0,0.029854071701326604,632,"We know you did it; We want to know why you kept them all on the same display shelf."""
1721,4778,0,0,33,33,1.0,0.030772872744833184,632,"Looks like the Matryoshka Gang again officer. Always the same
M.O.: the mother goes into the vault alone and she and five sisters come out with the cash."
1806,4778,0,0,33,33,1.0,0.030772872744833184,632,"Don't make elephant out of fly. When they hand to children at White House during Christmas visit, huge will be tremendous."
1814,4778,0,0,34,34,1.0,0.029854071701326604,632,"No Maam, It's not a suspect line-up.
It's just my family bringing me lunch!"
1655,4778,0,0,33,33,1.0,0.030772872744833184,632,"The inner me is a lot like the outer me, only smaller"
4908,4778,0,0,33,33,1.0,0.030772872744833184,632,Say when.
