target_id,rank,funny,somewhat_funny,unfunny,count,score,precision,contest,caption
5343,1,54,51,88,193,1.8238341968911918,0.060583830744396716,635,I don't normally date Middle-Aged men.
2448,2,41,42,92,175,1.7085714285714286,0.06228731110771537,635,"I wrote ""middle aged."""
5535,3,39,49,92,180,1.7055555555555555,0.05984524954724439,635,You could have been clearer when you said you were Middle-Aged.
3649,4,31,40,74,145,1.703448275862069,0.06646819445885499,635,You didn’t mention you wear glasses.
5646,5,32,58,84,174,1.7011494252873562,0.05776947414116523,635,I said I was Middle Aged.
6810,6,29,50,77,156,1.6923076923076923,0.061424625894545865,635,I don't usually date middle aged men.
7748,7,33,42,82,157,1.6878980891719746,0.06380441235900783,635,This is not what I expected when you said you were middle aged.
461,8,35,60,99,194,1.6701030927835052,0.05490876465299286,635,I meant middle-aged.
6235,9,32,41,84,157,1.6687898089171975,0.06350617335768186,635,Laundry day?
7524,10,44,51,116,211,1.6587677725118484,0.055285165744185516,635,"Younger men haven't panned out, so I’m trying the Middle Ages."
3906,11,31,41,86,158,1.6518987341772151,0.06280755349551795,635,"I've got to use the bathroom, I'll be back in about 45 minutes."
5149,12,28,51,88,167,1.6407185628742516,0.0583677388291162,635,Is that your sword touching my leg?
6077,13,34,42,96,172,1.6395348837209303,0.06049884506337034,635,I imagined something different when you said you were Middle-Aged.
6965,14,27,45,83,155,1.6387096774193548,0.06132448940731272,635,It's not easy for Middle Aged men these days.
6879,15,30,35,84,149,1.6375838926174497,0.0654379857167559,635,We need to talk about the other knight.
3923,16,29,50,91,170,1.6352941176470588,0.0582217741410564,635,"It’s not ye, it’s me"
5357,17,28,57,93,178,1.6348314606741574,0.055562212232476,635,People call me Lance. A lot.
1864,18,26,49,85,160,1.63125,0.05922844790200485,635,They gave us a round table.  Happy now?
509,19,32,53,102,187,1.625668449197861,0.055670566641812844,635,Surely you joust.
1863,20,36,41,104,181,1.6243093922651934,0.05927043624322881,635,"No, my profile says I’m looking for a middle-aged man, not a Middle Age man."
7676,21,26,42,83,151,1.6225165562913908,0.06214823968339199,635,Your profile said middle aged not middle ages.
3304,22,35,30,96,161,1.6211180124223603,0.0647163539881202,635,"So, when are you from?"
4246,23,20,55,79,154,1.6168831168831168,0.056941582077280825,635,"To be honest, I come with a bit of history."
5958,24,29,48,95,172,1.6162790697674418,0.05792152789189002,635,I'm sensing you believe these are dangerous times for men.
6650,25,23,47,81,151,1.6158940397350994,0.0600668701333929,635,I’m not wearing any under armour.
7399,26,31,35,92,158,1.6139240506329113,0.06331733715639515,635,"When you said you were middle aged, I pictured something a little different."
2143,27,33,36,98,167,1.6107784431137724,0.061748504561161904,635,"...it's just, your profile didn't mention you wear glasses."
7629,28,26,44,88,158,1.6075949367088607,0.06012393006027888,635,I don't do one knight stands.
6793,29,22,50,83,155,1.6064516129032258,0.05825041228616355,635,"So your profile said you were ""middle aged""..."
1981,30,31,36,95,162,1.6049382716049383,0.06214109414038747,635,Can you open that thing yourself or should I step on your foot?
6944,31,24,42,83,149,1.604026845637584,0.06158525547440179,635,"And you’re no Guinevere, so let’s call it even."
3177,32,32,44,103,179,1.6033519553072626,0.057906369251252456,635,You didn’t mention you were middle aged on your profile
2474,33,20,51,80,151,1.6026490066225165,0.057986426209994245,635,I take it that you've been hurt before.
4959,34,24,38,81,143,1.6013986013986015,0.06365524768973767,635,"So tell me, how do you know Arthur?"
5095,35,26,50,94,170,1.6,0.056833732011249166,635,First date since the divorce?
5150,35,31,55,109,195,1.6,0.05362857745011785,635,I see you remembered to bring protection.
6403,37,27,49,96,172,1.5988372093023255,0.056928430210694596,635,Well you weren't wearing glasses in your profile either.
4324,38,23,54,90,167,1.598802395209581,0.05573642730115314,635,Why does everything have to be a crusade with you?
4510,39,31,44,103,178,1.595505617977528,0.05769554241005465,635,My profile CLEARLY stated I was Middle-Aged....
4735,40,28,38,92,158,1.5949367088607596,0.0615830132638813,635,I guess my dating profile should have disclosed I was Middle Age.
1611,41,30,45,102,177,1.5932203389830508,0.057420548826545716,635,"Your ad clearly read:  “Must be middle aged, chivalrous, and wear protection.”"
4722,42,25,54,97,176,1.5909090909090908,0.05481534958546827,635,"Well, you were honest about being middle-aged."
2064,43,27,41,93,161,1.5900621118012421,0.060067282209513566,635,This isn't what I had in mind when your profile said that you were middle- aged.
7453,44,28,49,101,178,1.5898876404494382,0.056073345514757046,635,I must have misread “middle aged.”
1030,45,29,54,107,190,1.5894736842105264,0.053810249497141464,635,"Classy restaurant, busy dinner hour, fine wine, suit of armor.  You're breaking up with me, aren't you"
5502,46,27,42,94,163,1.5889570552147239,0.05949245132558585,635,You did say you were middle-aged.
3892,47,23,60,97,180,1.5888888888888888,0.05272752352767193,635,"A dating profile that says ‘Early middle-age’ is a little misleading, don’t you think?"
2379,48,30,43,103,176,1.5852272727272727,0.05775046829210563,635,I think it's time we saw people from our own age.
7637,48,32,39,105,176,1.5852272727272727,0.05886413779057354,635,I think there’s been a mistake — my profile said I was looking for someone Middle-Aged.
7473,50,25,43,91,159,1.5849056603773586,0.059388041546593995,635,My ex-wife says I have intimacy issues.
4930,51,24,38,86,148,1.5810810810810811,0.062146972092278305,635,Why is it always a fight with you?
2240,52,23,51,93,167,1.5808383233532934,0.05591054964754484,635,"Yeah, well you're not my vision of a princess either."
7314,53,29,37,98,164,1.579268292682927,0.06053823384286069,635,"No, I don't do one-knight stands."
1805,54,28,43,100,171,1.5789473684210527,0.05796818057887953,635,Now I understand why you insisted on a round table.
870,55,25,53,100,178,1.5786516853932584,0.05444702960408288,635,You seem a little defensive.
7485,56,24,45,92,161,1.5776397515527951,0.058208070474674786,635,Fine. Chivalry's not dead. You still look like an idiot.
1704,57,21,48,87,156,1.5769230769230769,0.0575473779267279,635,"Sorry, I haven't been on a date in a while. I'm a little rusty."
7367,57,32,41,109,182,1.5769230769230769,0.05737013641129885,635,This better not be another one knight stand.
3397,59,23,45,90,158,1.5759493670886076,0.0583952562283036,635,You weren't wearing glasses in your profile picture.
5735,60,28,48,105,181,1.574585635359116,0.05546917302988347,635,Mom said there’d be knights like this
413,61,33,42,113,188,1.574468085106383,0.05643217186906785,635,"I'm not disappointed, I was just hoping you would be more of a renaissance man."
1170,62,27,43,99,169,1.5739644970414202,0.057943726826548456,635,"Shirley, you joust."
3876,63,23,40,87,150,1.5733333333333333,0.06082701232827804,635,OK.  So they found us a round table.  Are you happy now?
1774,64,20,53,90,163,1.5705521472392638,0.05502082476270505,635,"I like star gazing from the turret, moonlit walks along the moat, and beheadings.  How about you?"
4697,64,29,35,99,163,1.5705521472392638,0.06090118566923531,635,"Christ Steven, it was just an honorary knighthood."
3283,66,23,43,90,156,1.5705128205128205,0.05901884537819236,635,I see you wear protection
5906,66,22,45,89,156,1.5705128205128205,0.058313901634483224,635,So you always wear protection?
6515,68,26,38,94,158,1.5696202531645569,0.060479345550494765,635,"So, ‘looking for a fun knight’ was a typo, then."
7393,69,31,41,109,181,1.569060773480663,0.057143680803078446,635,I usually don't date Middle Ages men.
382,70,26,39,95,160,1.56875,0.05988844123102354,635,"When I asked if you wore protection, I had something else in mind."
1032,71,20,39,80,139,1.5683453237410072,0.0621533109694038,635,"Oh, I like long walks on the beach, reading good books, and disemboweling and beheading Huns. You?"
19,72,24,44,94,162,1.5679012345679013,0.05800437543147368,635,"Well, I'm sort of between quests at the moment..."
5701,73,24,45,95,164,1.5670731707317074,0.05746079573595356,635,I guess writing “likes heavy metal” on my profile may have sent the wrong message
205,74,23,48,95,166,1.5662650602409638,0.05628484781980128,635,It's been a while since I've been on a date.  I'm a little rusty.
5967,75,21,40,84,145,1.5655172413793104,0.060973734298275135,635,What time do you have to be back to the museum?
1527,76,27,37,97,161,1.565217391304348,0.060267653978913635,635,I have to use the restroom. I’ll be back in a couple of hours.
6611,77,23,42,91,156,1.564102564102564,0.05906599131465074,635,"Yes, I can see your irony."
2033,78,22,45,91,158,1.5632911392405062,0.05779798138276732,635,I dub thee Sir Not Gonna Have a Second Date.
3763,79,25,50,103,178,1.5617977528089888,0.054569704253634325,635,"Well, I did say I was looking for someone middle-aged."
2385,80,22,47,93,162,1.5617283950617284,0.05671080300180901,635,"Well, for one thing, you come across as a little defensive."
6844,81,25,46,100,171,1.5614035087719298,0.05628850420348666,635,"Well, I’m actually just a squire right now, but they say to dress for the job you want, not the job you have."
4574,82,24,49,100,173,1.560693641618497,0.055183253340307145,635,It'll never work...I'm a morning person and you're a knight.
6016,83,26,44,102,172,1.558139534883721,0.05665868756408432,635,Happy now? They seated us at the Round Table.
6574,84,26,36,96,158,1.5569620253164558,0.06056366086475156,635,"When I said to bring protection, this wasn't what I had in mind."
1838,85,27,39,101,167,1.5568862275449102,0.05860410624048693,635,"To tell you the truth, I was looking for ""amour""."
1533,86,22,50,97,169,1.5562130177514792,0.05494559680683024,635,Now I see why you reserved a round table.
4005,86,21,52,96,169,1.5562130177514792,0.05430079401191172,635,"What part of ""renaissance man"" was misleading?"
4243,88,27,45,106,178,1.5561797752808988,0.05575443633972714,635,"Well, you're no Guinevere either."
4047,89,25,45,101,171,1.5555555555555556,0.05632423159788266,635,"Yeah, I've been a little guarded since the breakup."
2401,90,27,42,104,173,1.5549132947976878,0.05701505606835518,635,"Well you're not what I pictured either, Guinevere."
7451,91,22,47,95,164,1.5548780487804879,0.056224848920455726,635,Can't you just wear a lobster bib like everyone else?
1264,92,23,41,93,157,1.5541401273885351,0.058838243993847204,635,Don't raise your visor but your ex just walked in.
4450,92,22,43,92,157,1.5541401273885351,0.058140172333347874,635,"Okay...not exactly what I meant when I said ""Bring protection."""
1398,94,27,44,106,177,1.5536723163841808,0.05601359556031648,635,"Chivalrous, outdoorsy, likes horses... Okay, I think I walked into this one."
6663,95,28,40,106,174,1.5517241379310345,0.05735820385280564,635,"Oh, I thought your profile said Middle Aged."
1046,96,20,46,90,156,1.5512820512820513,0.05701049182594271,635,"So that's what you meant by ""attractive Middle-Aged man."""
5279,97,21,55,100,176,1.5511363636363635,0.05269976611227109,635,Your profile said you were into heavy metal.
4331,98,19,56,96,171,1.5497076023391814,0.05256656153039587,635,You okay with spaghetti?
6244,99,24,59,112,195,1.5487179487179488,0.0504505682141104,635,I like to think of myself as middle aged.
5633,100,18,49,88,155,1.5483870967741935,0.05582421118500361,635,You need to open up.
7443,101,26,45,106,177,1.5480225988700564,0.05546698141135557,635,I guess I did ask for a middle aged man
5171,102,19,44,87,150,1.5466666666666666,0.057995345540825104,635,No I said 'medieval life crisis'
6085,103,19,50,92,161,1.546583850931677,0.05499174878748129,635,I do appreciate a man who uses protection.
7342,104,23,43,97,163,1.5460122699386503,0.05720288022469597,635,Are you mostly free-lancing these days?
3806,105,20,55,99,174,1.5459770114942528,0.052551718092576465,635,"Well yes, l did write middle age on my profile."
1407,106,24,54,109,187,1.5454545454545454,0.052086485991953306,635,I don't know.  I just feel like you have some barriers.
1892,106,25,46,105,176,1.5454545454545454,0.055137479780139685,635,My mother cancelled...you can take that off now.
6030,108,26,39,102,167,1.5449101796407185,0.058048604544813344,635,"I don't think anyone has recognized you, Mr. Pence."
394,109,19,47,90,156,1.544871794871795,0.05631571519708802,635,Those steel tariffs must be killing you
138,110,18,51,91,160,1.54375,0.05454707375026622,635,It's laundry day.
6744,110,21,45,94,160,1.54375,0.05666773607019038,635,"When I asked you to  wear  protection, this isn't what I had in mind."
5272,112,27,40,106,173,1.5433526011560694,0.057072948032091786,635,"When I said wear a suit and bring protection tonight, this isn't what I meant."
5073,113,27,49,114,190,1.5421052631578946,0.05307664783746617,635,It's a really scary time for men.
4368,114,24,31,91,146,1.5410958904109588,0.06308605240020485,635,"Honestly Harold, if you hadn’t slain the maitre d’ maybe we’d have our appetizers by now."
2291,115,21,44,94,159,1.5408805031446542,0.056952107787027764,635,You told me to wear protection.
2913,116,23,41,97,161,1.5403726708074534,0.05777566167763458,635,"So, we got the round table. Happy now?"
2319,117,27,27,96,150,1.54,0.06390008980048516,635,I don’t usually do one knight stands.
1110,118,21,47,97,165,1.5393939393939393,0.055380808734839596,635,Mother said there’d be knights like this
1167,118,21,47,97,165,1.5393939393939393,0.055380808734839596,635,"Sorry, but you are the worst knight of my life."
6559,120,21,61,109,191,1.5392670157068062,0.04964894600225385,635,So how do you know Arthur?
1999,121,25,40,102,167,1.5389221556886228,0.057450149338746044,635,"Your dating profile did say ""Enjoying Middle Age,"" 
but I interpreted it differently."
6679,122,29,33,107,169,1.5384615384615385,0.05934744229311227,635,That's not what I had in mind when I suggested you wear protection tonight...
7602,122,23,38,95,156,1.5384615384615385,0.05920944262808776,635,"Trust me, no one noticed you had red wine with the fish."
2097,124,24,37,97,158,1.5379746835443038,0.059314308633657636,635,"To be fair, my profile did say I was middle-aged."
3811,124,22,41,95,158,1.5379746835443038,0.05793907057005573,635,"In my defense, my profile said I was middle aged."
2444,126,22,42,96,160,1.5375,0.05738503683740377,635,I really thought 'middle-ages-meetup.com meant something else.
6138,126,20,46,94,160,1.5375,0.05599830129948293,635,"Issues with intimacy? No, why?"
1787,128,20,40,89,149,1.5369127516778522,0.05910902801823172,635,I'm not opposed to a one knight stand....
3183,128,16,48,85,149,1.5369127516778522,0.05595621776881711,635,The dragon is free-range.”
5409,128,16,48,85,149,1.5369127516778522,0.05595621776881711,635,It's just that you looked younger on your tapestry.
3483,131,27,48,115,190,1.5368421052631578,0.05309735421200546,635,This explains the horse in the parking lot.
3392,132,28,32,104,164,1.5365853658536586,0.060169745859582534,635,I thought you might prefer the round table over a booth.
7556,133,27,37,106,170,1.535294117647059,0.05789203295602368,635,That is not what I meant when I said you need to wear protection tonight
6706,134,25,35,99,159,1.5345911949685536,0.05970756042895837,635,I think you read the ad wrong. I said middle aged.
901,135,20,46,95,161,1.5341614906832297,0.05574945053110634,635,"Well, you don’t look much like your picture either."
4821,136,23,34,93,150,1.5333333333333334,0.0610619421206093,635,At least tell me if you are a man or a woman.
4370,136,21,54,105,180,1.5333333333333334,0.05190355378099089,635,Sometimes I feel we're centuries apart.
745,138,24,42,103,169,1.532544378698225,0.0563241327398305,635,"Can you shut up, Scott? I had a really long day and was hoping for a quiet knight."
169,139,15,44,80,139,1.5323741007194245,0.05803417632091575,635,Would you excuse me for two hours while I visit the men's room?
4789,140,25,41,105,171,1.5321637426900585,0.05643127806429595,635,My pronoun is sir.
3458,141,22,41,97,160,1.53125,0.05740857853959726,635,"No, I don't want to see your lance a lot.  In fact, I don't want to see it at all."
3001,142,19,39,87,145,1.5310344827586206,0.0595763880799,635,"No, Bob, it's not called a Middle Ages crisis."
6008,143,19,40,88,147,1.530612244897959,0.05896169477585806,635,You weren't wearing glasses in your profile pic...
6854,144,28,40,113,181,1.5303867403314917,0.05570103286521898,635,Really? Now she's living with the dragon?
1144,145,20,39,90,149,1.5302013422818792,0.059134766764506304,635,Do I mind being called Lance? A lot.
7679,146,21,47,100,168,1.5297619047619047,0.054669076800630115,635,"Let me guess, you've been hurt before."
4089,147,25,40,105,170,1.5294117647058822,0.056696670073039225,635,I'm sorry you're disappointed but I did say in my profile that i'm a Middle-Aged man.
7030,147,23,44,103,170,1.5294117647058822,0.05545525321213948,635,...you just seem a bit guarded.
5020,149,19,62,108,189,1.529100529100529,0.04893609381633804,635,You didn't tell me you were into heavy metal.
6871,150,18,48,93,159,1.528301886792453,0.05486543362845168,635,I get the sense that you don't often let your guard down.
4088,151,21,53,106,180,1.5277777777777777,0.05192182178647088,635,"Why yes, I did request a round table."
3943,152,23,59,117,199,1.5276381909547738,0.04925669258199612,635,"Actually, I'm not wearing anything underneath."
463,153,22,45,102,169,1.5266272189349113,0.05507819229651902,635,I’m sensing that you’ve been hurt in past relationships.
1152,154,28,46,120,194,1.5257731958762886,0.052797174529360065,635,I always wear protection.
5477,155,23,37,98,158,1.5253164556962024,0.05867422298733566,635,I don’t think I can deal with your Middle Ages crisis.
7398,156,13,47,79,139,1.525179856115108,0.05623555109487112,635,Geez Henry; it was a metaphor.
4713,157,22,42,100,164,1.524390243902439,0.05635654457230424,635,I don’t know. Everything you say sounds so hollow.
7265,157,18,50,96,164,1.524390243902439,0.05363574666005098,635,It takes me a while to open up.
500,159,25,38,105,168,1.5238095238095237,0.05723426772804329,635,"You all claim I'm what you're looking for, but when I show up, you think I'm weird..."
1600,159,29,30,109,168,1.5238095238095237,0.059673322348300556,635,It took her several hours to realize that he had left the restaurant while she was in the bathroom.
2663,159,18,41,88,147,1.5238095238095237,0.05818787861343428,635,I'm not into one knight stands
1366,162,27,35,108,170,1.5235294117647058,0.05792738903172452,635,"If you think slaying a dragon is tough, try raising 3 kids as a single parent."
6195,162,26,37,107,170,1.5235294117647058,0.05732337006630438,635,We should talk about the other knight.
6816,164,19,53,102,174,1.5229885057471264,0.05200390899053689,635,You should know...I’ve been hurt before.
3370,165,18,45,92,155,1.5225806451612902,0.05593062603299775,635,Had to ask for the round table?
358,166,18,46,93,157,1.5222929936305734,0.05540077671701142,635,I'm not wearing a chastity belt while you're off with the boys on one of your crusades.
2247,167,23,48,109,180,1.5222222222222221,0.053118489263611304,635,"No, I’m not saying your profile was dishonest. We just have different definitions of heavy metal."
4456,167,18,58,104,180,1.5222222222222221,0.05011195136386576,635,So you find the Holy Grail. Then what?
126,169,19,45,95,159,1.5220125786163523,0.055604227429812796,635,Jenny didn't tell me you wear glasses.
3872,170,25,48,115,188,1.5212765957446808,0.052504379918241875,635,"So, ever had a one knight stand?"
2525,171,24,38,103,165,1.5212121212121212,0.05740629357136964,635,"I like you Lance, a lot"
4698,172,25,61,127,213,1.5211267605633803,0.04779552773868213,635,When you said you were a little rusty I thought you meant at dating.
2888,173,23,41,103,167,1.5209580838323353,0.056237976520527456,635,I feel like you never let your guard down when you're with me...
3379,174,20,49,102,171,1.5204678362573099,0.05333022519745499,635,"Sorry, I don't do one-Knight stands."
3546,174,27,35,109,171,1.5204678362573099,0.05766896103487634,635,Did you say one knight stand  ?
7700,176,23,31,94,148,1.5202702702702702,0.06174337536163284,635,I just think I’m looking for someone less guarded.
1753,177,16,47,89,152,1.519736842105263,0.05520202348083549,635,"So tell me, how long does it take for you to go through airport security?"
5488,178,18,57,104,179,1.5195530726256983,0.05032115934130573,635,They say a hard man is good to find.
5592,178,29,35,115,179,1.5195530726256983,0.0567688009602961,635,I only pillaged. I promise.
6843,180,19,44,95,158,1.518987341772152,0.05587439336745038,635,"Well, you're an improvement on the last guy. He was a real Neanderthal."
456,181,29,38,118,185,1.518918918918919,0.055322944568807354,635,I always wear protection on a first date.
6411,182,17,49,94,160,1.51875,0.053912836565523814,635,You seem unusually guarded tonight
5892,183,26,45,116,187,1.518716577540107,0.05326564367290566,635,"Yes, I know I wrote looking for middle aged man."
495,184,25,34,103,162,1.5185185185185186,0.05888714545007167,635,"'Well, his profile did say middle age.'"
7675,184,16,52,94,162,1.5185185185185186,0.052702606902734546,635,I don't see why you have to be so defensive.
7466,186,25,49,117,191,1.5183246073298429,0.05188267703387433,635,...That better be your lance
6050,187,19,47,98,164,1.5182926829268293,0.054343414658215766,635,"Look, I just feel like you’re stuck in the past."
944,188,24,52,117,193,1.5181347150259068,0.05094808403962988,635,I'm in Witness Protection.
2340,189,22,43,103,168,1.5178571428571428,0.05534788640105709,635,I can see you've been hurt before.
7778,190,22,44,104,170,1.5176470588235293,0.05485387316087507,635,Have you ever dated someone middle-aged?
7424,191,17,55,100,172,1.5174418604651163,0.05114880253371093,635,I wasn't sure what to wear either.
2785,192,15,47,87,149,1.516778523489933,0.05520604910969427,635,"So, your profile said you’re into heavy metal?"
3723,193,19,40,92,151,1.5165562913907285,0.0578147338979986,635,It takes awhile for me to open up.
5106,194,19,42,94,155,1.5161290322580645,0.056689009484820974,635,When I read your bio I thought middle ages was a typo.
5063,195,23,38,102,163,1.5153374233128833,0.05730432903320249,635,"Yea, well you’re no “damsel in distress” either !"
5392,195,22,40,101,163,1.5153374233128833,0.056639613027514614,635,Well you don't look like your profile photo either.
579,197,21,43,101,165,1.5151515151515151,0.055453555942528564,635,"This is my first date in a long time, sorry if I'm a bit rusty"
1391,198,25,37,107,169,1.514792899408284,0.05698993009905435,635,Have you thought of NOT telling everyone you voted for Trump?
5042,199,20,50,105,175,1.5142857142857142,0.052433172954580165,635,"But your posting specifically said ""middle aged man"""
6410,200,23,46,110,179,1.5139664804469273,0.05335845381497349,635,"You, on the other hand, look just like your picture."
6685,201,23,47,111,181,1.5138121546961325,0.05291255211255484,635,"No, I've never had a one Knight stand!"
2878,202,22,31,93,146,1.5136986301369864,0.06165433175743328,635,Was it too presumptuous of me to wear protection on a first date?
6118,203,17,44,91,152,1.513157894736842,0.0559985264903355,635,"Let me guess, you have trouble opening up to people."
4627,204,18,45,95,158,1.5126582278481013,0.055159748925169116,635,"I'll open up soon. It's been a while, I'm a little rusty."
5177,204,16,49,93,158,1.5126582278481013,0.053678176117681206,635,"So I said to myself, ""Mike, go out and meet people. Quit living in the past."""
5828,204,14,53,91,158,1.5126582278481013,0.05215453269998597,635,"I thought you meant you were taking classes at ""night"" school."
992,207,22,38,100,160,1.5125,0.05745349500291793,635,I never open up on the first date.
6501,207,18,46,96,160,1.5125,0.05464831817398669,635,I don't know. You just seem guarded.
3275,209,22,40,102,164,1.5121951219512195,0.0563808239779997,635,Exactly how errant are you?
1291,210,23,39,104,166,1.5120481927710843,0.056512979189600195,635,"Yeah, a lot of women say they want a knight in shining armor, until they actually meet one."
771,211,26,34,108,168,1.5119047619047619,0.05787567131659132,635,When I said you'd have to wear protection........
2661,212,23,41,106,170,1.511764705882353,0.0554940066591565,635,"Yeah, well, you don't look like your profile picture either"
5172,213,18,53,103,174,1.5114942528735633,0.05138342965595219,635,You've been looking for a fight since we left the house.
5197,213,26,37,111,174,1.5114942528735633,0.05631858474473961,635,"I am sorry, but that outfit makes you look middle aged."
5260,213,23,43,108,174,1.5114942528735633,0.054520277727507775,635,I get that it's a Middle Age dating site.
2850,216,26,38,112,176,1.5113636363636365,0.05582244368010009,635,"It’s been a while since I’ve dated, so I’m a little rusty."
5677,217,29,40,123,192,1.5104166666666667,0.05375798133309964,635,I see you've been updated on our new sexual harassment policy.
1709,218,16,45,90,151,1.509933774834437,0.05548704653153222,635,I promise you a knight you'll never forget.
6525,219,20,38,95,153,1.5098039215686274,0.058000782187251146,635,Are you ready for the best knight of your life?
250,220,15,51,93,159,1.509433962264151,0.052686693107716426,635,Damn autocorrect - I wanted a romantic 'night' out.
377,221,16,50,95,161,1.5093167701863355,0.05295463635086935,635,"After the divorce, she took the castle."
2192,221,16,50,95,161,1.5093167701863355,0.05295463635086935,635,"Your Tinder profile said you were middle-aged, not Middle Ages."
7753,221,25,32,104,161,1.5093167701863355,0.05918573540159799,635,You want to make England great again too?
3306,224,19,45,99,163,1.50920245398773,0.05460543935713165,635,It usually takes more than one drink for me to open up.
1987,225,18,49,100,167,1.5089820359281436,0.052954184864037586,635,You’ll have to excuse me; it’s been awhile since I’ve dated and I’m a little rusty.
4858,225,20,45,102,167,1.5089820359281436,0.054299497496755056,635,"Yeah? Well, you're no Lady Guinevere."
7413,227,26,35,110,171,1.5087719298245614,0.0570869625838569,635,Don't you think you are drawing unwanted attention to yourself with that plume?
1214,228,19,50,104,173,1.5086705202312138,0.05225040342949136,635,"Honey, when I said, 'Bring protection...'"
5100,228,17,54,102,173,1.5086705202312138,0.050947796697141126,635,It's been a while since I've dated and I'm a bit rusty.
2641,230,22,45,108,175,1.5085714285714287,0.05367821868462214,635,I’m interested in more than a one knight stand.
7229,231,21,49,109,179,1.5083798882681565,0.05217551671844794,635,I’m afraid of getting hurt again.
3715,232,26,45,120,191,1.5078534031413613,0.05242486518114446,635,So this is why you insisted on a round table.
2779,233,27,48,126,201,1.507462686567164,0.05092155853502084,635,You could just get the flu shot!
7651,234,17,41,90,148,1.5067567567567568,0.057124049045679484,635,I’m not really into one knight stands
5185,235,18,41,93,152,1.506578947368421,0.056778809982344074,635,I don't believe in one-knight stands.
4891,236,20,39,97,156,1.5064102564102564,0.057156782964562794,635,"Stop with the footsie--it hurts!,"
5661,237,28,24,106,158,1.5063291139240507,0.06204530510648255,635,Vice President Pence's first date.
6336,238,24,36,106,166,1.5060240963855422,0.05716114047512294,635,"You appear defensive, Arthur"
7657,238,17,50,99,166,1.5060240963855422,0.052500100281068524,635,Underneath? I go commando.
6291,240,21,44,105,170,1.5058823529411764,0.05423072675684573,635,"When you said you were going to night school, I guess I just assumed."
95,241,22,43,107,172,1.505813953488372,0.054385463713680776,635,"Guinevere this, Guinevere that—you’re still not over your ex."
2311,241,21,45,106,172,1.505813953488372,0.05375666663166287,635,"No, but what does bother me is you ordered spaghetti."
6759,243,22,44,108,174,1.5057471264367817,0.053912824825556656,635,"I do have to let you know, I have rust issues."
6324,243,24,40,110,174,1.5057471264367817,0.05513142676170929,635,"No, Arthur, I don’t think it’s a coincidence we got a round table."
7004,245,19,53,108,180,1.5055555555555555,0.05075300287858036,635,"Nice look...Lancelot.  I said, 'dress for amour'."
6040,246,23,46,113,182,1.5054945054945055,0.05270144531112879,635,Now I get why you reserved the round table.
3890,247,19,55,110,184,1.5054347826086956,0.049944898724200666,635,I hear it's a scary time to be a man.
3689,248,27,40,119,186,1.5053763440860215,0.054041709395885616,635,I guess it _is_ a very scary time for men in America.
3741,249,21,40,102,163,1.5030674846625767,0.05597945512651073,635,I can’t say I really have a “favorite” Crusade.
219,250,20,43,102,165,1.503030303030303,0.054795354289892115,635,"Well, I'm in between quests right now."
4677,251,23,38,106,167,1.5029940119760479,0.05626101700351002,635,"I'll be fine, mom.  I'm not going to turn down the opportunity to clerk for Justice Kavanaugh."
1806,252,16,54,101,171,1.5029239766081872,0.050708274837241746,635,You seem guarded tonight.
6297,252,27,32,112,171,1.5029239766081872,0.05768988717806336,635,Do you come-here-a-lot?
873,254,19,50,106,175,1.502857142857143,0.05181391848453037,635,I reserved the round table just like you wanted.
4409,255,24,43,114,181,1.5027624309392265,0.05349899994605568,635,"Well, I did say in my profile that I'm middle-aged."
4460,255,21,49,111,181,1.5027624309392265,0.05174921190330307,635,My mother told me there would be knights like this.
3051,257,19,54,110,183,1.5027322404371584,0.050144998988441054,635,What makes you think I'm intimidated by women?
3277,258,20,53,112,185,1.5027027027027027,0.050336309805749754,635,I can't seem to reach my wallet...
731,259,23,44,113,180,1.5,0.053144451381126036,635,"Okay, I'm ready to talk politics."
1003,259,24,35,107,166,1.5,0.057163064282964464,635,"My profile was very clear.  I 'm looking for amour, not armor."
1915,259,17,47,98,162,1.5,0.053445075028311466,635,"Honestly, I'm more attracted to you with the visor down."
2198,259,22,42,108,172,1.5,0.05438728101485963,635,Let's be clear I am not intersted in a one knight stand.
2761,259,26,39,117,182,1.5,0.054403560865862045,635,Let me be clear. I’m not interested in any one-knight stands
4557,259,10,46,76,132,1.5,0.055362452588412395,635,Sure I’ve been hurt. Why do you ask?
5196,259,19,37,94,150,1.5,0.05812121869541124,635,My ad clearly said “Middle Ages man seeking companion”.  It’s not my fault you thought it was a typo.
6997,259,26,36,114,176,1.5,0.055829052623908255,635,That's not exactly what I had in mind when I asked if you'd wear protection.
1178,267,18,56,111,185,1.4972972972972973,0.049155216118937285,635,I am guessing you don't look much like your photo.
2004,268,20,48,109,177,1.497175141242938,0.05200419130497026,635,I'm not really interested in just a one knight stand.
6529,268,28,32,117,177,1.497175141242938,0.056727829117516504,635,"I'm sorry, I'm just not into one knight stands."
557,270,23,41,111,175,1.497142857142857,0.05429003526144293,635,I said I wanted a memorable NIGHT.
6076,270,23,41,111,175,1.497142857142857,0.05429003526144293,635,"Don't worry, I have protection."
7698,270,23,41,111,175,1.497142857142857,0.05429003526144293,635,At least we're both Middle Age.
3208,273,19,48,106,173,1.4971098265895955,0.052254121128697706,635,I see you’ve met my ex.
1031,273,23,40,110,173,1.4971098265895955,0.054766289955002136,635,I guess mother was right - be careful what you wish for.
1633,275,18,48,103,169,1.4970414201183433,0.052497675588247625,635,Fifty years later Sophie fondly remembered the wine but couldn't recall what knight it was.
5441,276,24,35,108,167,1.4970059880239521,0.056898566775991505,635,Growing up in the Rust Belt must have been pretty traumatic for you.
2393,277,18,45,100,163,1.4969325153374233,0.05391176411641746,635,"This isn't what I meant when I asked if you used ""protection"""
690,278,21,37,101,159,1.4968553459119496,0.05704434509448607,635,I have trouble opening up to women.
3108,278,19,41,99,159,1.4968553459119496,0.05563123507040627,635,I like the knight life. I like to boogie.
2816,280,21,34,98,153,1.4967320261437909,0.05874225168773347,635,"You never like what I wear, Mother."
4752,280,15,46,92,153,1.4967320261437909,0.05417246774249814,635,Now I understand why you capitalized “Middle Aged” man in your profile.
466,282,16,35,84,135,1.4962962962962962,0.0602868342608349,635,I'm a little rusty too. But I'm not sure we're talking about the same thing.
236,283,25,40,117,182,1.4945054945054945,0.053841135516183865,635,You’re not what I expected when I asked to meet a damsel in distress either.
1371,284,22,44,112,178,1.4943820224719102,0.05299821175772499,635,What makes you think I'm being defensive?
7708,284,23,42,113,178,1.4943820224719102,0.053593753568727316,635,I have no interest in a one knight stand.
3779,286,20,46,108,174,1.4942528735632183,0.05266603406903353,635,I'm looking for someone a little less guarded
7276,287,20,45,107,172,1.494186046511628,0.05312042687463444,635,I thought after this we could slip into something more comfortable.
4064,287,18,49,105,172,1.494186046511628,0.05182451967297604,635,"Well, you don't look much like your profile picture either."
271,287,21,43,108,172,1.494186046511628,0.05375666663166287,635,"And how am I supposed to explain to your father that you've been diagnosed with late-onset, non-specific, trans-historical identity disorder?"
1410,290,17,50,103,170,1.4941176470588236,0.051599584760718305,635,And I thought ‘a knight on the town’ was just a typo.
602,291,23,37,108,168,1.494047619047619,0.05600331967120109,635,"No, I said I was looking for amour."
7375,292,22,37,105,164,1.4939024390243902,0.05638689219592797,635,I clearly wrote I wanted a night of amour.
4985,293,20,39,101,160,1.49375,0.05607502485019231,635,"I can fight my own battles now, mom."
1352,294,21,35,100,156,1.4935897435897436,0.05787582245460472,635,"If you want this relationship to go anywhere, you’re going to have to open up."
1342,295,17,42,95,154,1.4935064935064934,0.055468123988245924,635,It’s a scary time for men.
3410,295,19,38,97,154,1.4935064935064934,0.05697786986561231,635,I've had better knights
6569,295,19,38,97,154,1.4935064935064934,0.05697786986561231,635,"You told me to bring protection, didn’t you?"
5986,298,20,46,109,175,1.4914285714285713,0.05244033057838726,635,"To be honest, this is the first time I date a middle aged man."
4864,299,19,46,106,171,1.4912280701754386,0.05270033348869677,635,"yes, I have been hurt before"
2451,300,18,47,104,169,1.4911242603550297,0.05249370555946076,635,I haven't been on a date in ages.
2615,301,22,37,106,165,1.490909090909091,0.05612399284981335,635,"So tell me, Rusty, how did you get your name?"
3547,301,19,43,103,165,1.490909090909091,0.054112596346726216,635,You looked shinier online.
854,303,19,42,102,163,1.49079754601227,0.05460543935713165,635,I was hoping after a few drinks you’d let your guard down.
189,303,15,50,98,163,1.49079754601227,0.05175705323170611,635,"Look,you have your crusade and I have mine."
881,305,18,42,99,159,1.490566037735849,0.05490648521191934,635,"Actually, what I think I said was a ""quiet NIGHT"""
3845,306,16,44,95,155,1.4903225806451612,0.05443678333256357,635,So...where do you keep your cell phone?
4790,306,15,46,94,155,1.4903225806451612,0.053661682782364335,635,"But, hey, listen, enough about me already! What do you do?"
297,308,19,37,97,153,1.4901960784313726,0.05725461922262208,635,"Stop pouting, Martha. You're the one who asked for a knight on the town."
4187,309,19,36,96,151,1.490066225165563,0.0578248475574651,635,"No, it said 'seeking middle AGED man with attention to detail."
4504,310,16,41,92,149,1.4899328859060403,0.05603231173780146,635,It's been a few ages since my last date.
7752,311,17,37,91,145,1.4896551724137932,0.05799758993812811,635,"So here I am again,dating another Middle Age man"
6743,312,23,45,118,186,1.489247311827957,0.051841557349296005,635,I feel like I'm the only one being vulnerable right now.
492,313,23,42,115,180,1.488888888888889,0.05313796204092464,635,Knight school? How interesting.
5066,313,23,42,115,180,1.488888888888889,0.05313796204092464,635,"I have never even considered a one knight stand, but..."
5619,313,24,40,116,180,1.488888888888889,0.05371886313292135,635,"Just so you know, I always use protection on the first date."
4649,316,14,54,100,168,1.4880952380952381,0.049941579242046064,635,"Sorry, I just came from knight school."
2367,316,17,48,103,168,1.4880952380952381,0.0520386331054026,635,You strike me as the kind of guy who never lets his guard down.
438,316,18,46,104,168,1.4880952380952381,0.05271911735706901,635,I see you use protection...
5064,319,18,45,103,166,1.4879518072289157,0.053184772879511906,635,"Middle-aged men"", were your words exactly"
4290,320,26,47,130,203,1.4876847290640394,0.05004977569754954,635,You seem somewhat defensive.
1512,321,17,44,99,160,1.4875,0.05392422764439029,635,I'm surprised they let you in without a tie.
1929,321,15,48,97,160,1.4875,0.05244606393850267,635,I just don't think we are well-suited for each other.
83,323,20,37,101,158,1.4873417721518987,0.05660255481561403,635,It’s just that I’ve been hurt in the past.
4517,324,23,50,124,197,1.4873096446700507,0.0496591182490054,635,You could just get a flu shot ya know.
7042,324,21,54,122,197,1.4873096446700507,0.048604868972988303,635,All my prior boyfriends were into heavy metal
3491,326,21,49,117,187,1.4866310160427807,0.0505039230217543,635,You're right. It does have a metallic taste.
7695,326,19,53,115,187,1.4866310160427807,0.04935224643369403,635,"Well, I'm not exactly 30, but you're not exactly shining."
6187,328,20,47,112,179,1.4860335195530727,0.0515636742058887,635,It takes some time for me to open up...
36,329,19,48,110,177,1.4858757062146892,0.05137262325080604,635,You asked me to use protection.
4981,329,20,46,111,177,1.4858757062146892,0.05199372803576441,635,It's a scary time to be a man in America.
1869,331,21,41,109,171,1.4853801169590644,0.053982584016546147,635,I guess you could say I'm still feeling pretty guarded after my last relationship.
3157,332,16,50,103,169,1.485207100591716,0.051126027906370046,635,Must we always sit at the round table?
1322,333,27,43,130,200,1.485,0.05110709024555041,635,What do you mean?  My profile clearly stated I was middle-aged.
167,334,18,59,119,196,1.4846938775510203,0.047146209680064145,635,I’m a little nervous. I haven’t dated in ages.
160,335,15,48,98,161,1.484472049689441,0.05220717661908782,635,I admit I'm a bit guarded.
2175,335,18,42,101,161,1.484472049689441,0.054392173565642826,635,"So, you're currently freelance?"
5998,335,19,40,102,161,1.484472049689441,0.05510125494712266,635,I thought you'd be happy I gave up that dumb Civil War reenactment hobby.
93,338,23,31,105,159,1.4842767295597483,0.05841042882364934,635,You've got mail.
3703,339,25,26,106,157,1.484076433121019,0.060352478418585466,635,I think I misunderstood you when you asked me to wear protection.
7373,339,16,44,97,157,1.484076433121019,0.05392112568662546,635,Will you excuse me for the next 2 hours? I need to use the restroom.
836,341,24,42,120,186,1.4838709677419355,0.05239168339445811,635,"Just to be clear, I said I wanted more ""amor""."
2345,342,21,32,100,153,1.4836601307189543,0.05872789688321308,635,"That's not what I meant by ""protection."""
1712,343,22,44,116,182,1.4835164835164836,0.05210945426157968,635,"Well, you don't look like your picture either."
676,344,23,40,115,178,1.4831460674157304,0.05358044331058868,635,"As you can see, I use protection."
1062,345,15,41,91,147,1.4829931972789117,0.055750938398286196,635,I was hoping for more than a one knight stand.
1359,345,22,27,98,147,1.4829931972789117,0.06132277597351879,635,It's not what they mean when they say wear protection.
4919,347,19,47,110,176,1.4829545454545454,0.05158175443692301,635,"So, you came straight from work?"
5361,348,19,44,107,170,1.4823529411764707,0.05291603223907228,635,You seem a little guarded tonight.
1647,349,20,27,92,139,1.4820143884892085,0.0624062370275324,635,It's just a really scary time for men right now.
5564,350,17,46,103,166,1.4819277108433735,0.05248334047209202,635,"No.  I wrote, "" I like a good wine and a quiet n-i-g-h-t."
6168,350,21,38,107,166,1.4819277108433735,0.05519581893242157,635,"I 'm sorry, I'm no longer into one knight stands"
6838,352,14,51,99,164,1.4817073170731707,0.050785068881302096,635,"You’re right. I’m cold, hard and impenetrable. But I can change."
7570,352,17,45,102,164,1.4817073170731707,0.05294878014213649,635,It seems you’re just looking for a fight.
889,354,23,46,122,191,1.4816753926701571,0.05080933943889935,635,I understand now why you asked for a round table!
3163,355,22,34,106,162,1.4814814814814814,0.056900370745306385,635,I guess there is no need to ask if you brought protection.
3184,356,23,44,120,187,1.481283422459893,0.05162098194616338,635,"It's not you, I just have trouble letting my guard down."
783,357,17,43,100,160,1.48125,0.053912836565523814,635,"When I read you were in night school, something different came to mind."
5461,358,22,45,118,185,1.481081081081081,0.051471811214487836,635,It's not you.  It's your horse.
4943,359,19,38,101,158,1.481012658227848,0.05587439336745038,635,"Sorry, I didn't have time to change."
209,360,18,39,99,156,1.4807692307692308,0.05567181532146449,635,Date Knight.
1853,360,19,37,100,156,1.4807692307692308,0.05640978644815136,635,Mama never said there'd be knights like this.
6302,362,21,30,99,150,1.48,0.05961847378210367,635,You're the first person I've met on this site that looks exactly like their photo!
787,362,31,34,135,200,1.48,0.05302886290981109,635,"It’s our fourth date, Harvey, but you still seem very defensive."
7092,362,19,34,97,150,1.48,0.0580981195812862,635,Sure. You can call me 'Fair Maiden' if I can call you 'Sir Sleeps Alone'.
2982,365,22,39,112,173,1.4797687861271676,0.05412764618918525,635,Is that your lance under the table or are you just happy to see me?
4158,366,16,39,93,148,1.4797297297297298,0.056291595798545674,635,I misunderstood.  I thought you worked nights.
3394,367,15,40,91,146,1.4794520547945205,0.05602076179187727,635,We could have just established a safe word
3651,368,19,55,120,194,1.4793814432989691,0.04804203490723277,635,I specifically requested the Round Table.
1636,369,17,47,105,169,1.4792899408284024,0.05179828811071869,635,"Actually, my ad said amour."
4401,369,22,37,110,169,1.4792899408284024,0.05509332574708528,635,This isn't going to work. You're looking for a damsel in distress and I'm looking for man who isn't stuck in the dark ages.
3371,371,21,38,108,167,1.4790419161676647,0.054940151704722814,635,Oh yeah? Try wearing a chastity belt!
6408,372,18,54,116,188,1.4787234042553192,0.048564234335097385,635,"So, I understand you've been hurt before."
1097,373,17,43,101,161,1.4782608695652173,0.05366024683317378,635,You’re awfully guarded.
1440,373,14,60,110,184,1.4782608695652173,0.04685177902807085,635,I came straight from work
893,375,22,32,105,159,1.4779874213836477,0.05771191034584083,635,Will this be a one knight stand?
6437,376,18,50,112,180,1.4777777777777779,0.05011195136386576,635,Women say I seem guarded.
484,377,20,45,113,178,1.4775280898876404,0.05176075528288578,635,That’s funny. I also carry mace.
3348,377,21,43,114,178,1.4775280898876404,0.052370371008076705,635,My friends call me Rusty.
6656,379,12,50,93,155,1.4774193548387098,0.05123974868278338,635,My dating skills are a little rusty
7606,380,17,50,109,176,1.4772727272727273,0.0502942933006007,635,"Actually, your armor isn't the only thing that's dull."
2193,381,17,39,97,153,1.477124183006536,0.055707112322248196,635,It's a very scary time for young men in America.
6948,382,14,43,92,149,1.476510067114094,0.05436163232018789,635,I consider myself a bit of a renaissance man.
332,383,17,47,106,170,1.4764705882352942,0.051569816339502125,635,My kingdom for a straw!
4606,383,19,43,108,170,1.4764705882352942,0.052902488087409806,635,Quit the footsies.  It hurts.
980,385,19,52,118,189,1.4761904761904763,0.048951306006644976,635,"Not the round table you were expecting, I suppose."
1464,385,18,44,106,168,1.4761904761904763,0.052694965664258235,635,"You are aware it's just a metaphor, aren't you?"
1575,385,21,38,109,168,1.4761904761904763,0.054686537691158416,635,"I said I was looking for AMOUR, not ... oh, forget it"
2438,385,19,42,107,168,1.4761904761904763,0.05336708166826313,635,"What, this old thing?"
5101,385,17,36,94,147,1.4761904761904763,0.05738154108610372,635,"I'm sorry, but I'm not feeling any alchemy between us."
5294,385,20,40,108,168,1.4761904761904763,0.05403083753947164,635,"I think ""DateKnight.com"" was pretty self-explanatory"
4970,391,23,43,121,187,1.4759358288770053,0.051609067120396784,635,"He had described himself in his profile as a ""chivalrous, outdoorsy, Middle Aged man,"" but somehow she still felt mislead."
3088,392,22,35,109,166,1.4759036144578312,0.05583957568908744,635,"You look sharp, Stanley but I'm not looking for a one knight stand."
4820,393,15,39,91,145,1.4758620689655173,0.056292509370050016,635,You’re one to talk—your blazer and hairstyle are right out of the 1980s.
4987,394,20,48,117,185,1.4756756756756757,0.05030475296620791,635,Your ad said you liked heavy-metal
6248,395,19,30,94,143,1.4755244755244756,0.06023049707347353,635,"Sorry, but I'm past my one-knight-stand days."
2710,396,18,51,114,183,1.4754098360655739,0.04950949710831312,635,"Trust me: the way this date is going, you didn't need to bring protection."
622,397,23,31,108,162,1.4753086419753085,0.05755585750974682,635,"I know your wife isn’t here, but this is ridiculous, Mr. Vice President."
3648,397,15,47,100,162,1.4753086419753085,0.051954084005687864,635,It's just that everything you say sounds like a canned response.
1305,399,23,40,118,181,1.4751381215469612,0.05289011320173523,635,I said amore not armor!
6474,400,13,50,97,160,1.475,0.0508960588359398,635,You're just too guarded...
840,401,21,43,115,179,1.4748603351955307,0.05214526321911169,635,You seem guarded.
1825,401,16,53,110,179,1.4748603351955307,0.04904360287541143,635,I enjoy verbal jousting as well.
130,403,17,50,110,177,1.4745762711864407,0.050081979923231,635,I've also been hurt before.
6969,403,16,52,109,177,1.4745762711864407,0.04943686253842507,635,You’re going to have to let your guard down a little.
2166,405,18,47,110,175,1.4742857142857142,0.05113949039931535,635,Let me guess. You're sensitive on the inside?
5365,406,23,46,125,194,1.4742268041237114,0.05020420189854982,635,I rarely get a knight out.
7445,407,20,33,101,154,1.474025974025974,0.05768211340864101,635,"Sure, your place, if you have a wrench."
1066,408,19,44,110,173,1.4739884393063585,0.052216932225596265,635,When your profile said you were into heavy metal I thought it meant  hard rock.
4754,409,14,52,103,169,1.4733727810650887,0.04969978110188052,635,I’m kinda rusty at this too.
6058,410,24,31,112,167,1.473053892215569,0.05686059135510481,635,Why don't you just get a flu shot already?
214,411,13,44,91,148,1.472972972972973,0.05376600951172279,635,"Well, yes, I have been told I’m a little guarded."
4502,412,23,41,120,184,1.4728260869565217,0.05223222517489366,635,I know I said I preferred a quiet knight with a glass of red...
1402,413,21,52,126,199,1.4723618090452262,0.048215185104486365,635,That’s not my lance.
5281,414,19,47,114,180,1.4722222222222223,0.05071221829859611,635,"Well, you don't look anything like your Tinder photo either."""
5438,415,26,41,130,197,1.4720812182741116,0.051168984372206315,635,"Well, you don't look like my damsel in distress either."
1175,416,19,46,113,178,1.4719101123595506,0.05112818190226821,635,Excuse me if I'm a little rusty.
7603,417,17,33,92,142,1.471830985915493,0.058868956910129146,635,Apparently the dating service doesn't understand metaphors.
1087,418,17,41,101,159,1.471698113207547,0.054135056214416444,635,I see you brought protection.
5755,418,14,47,98,159,1.471698113207547,0.05188226887519477,635,So how do you like the Date Knight app?
7061,418,18,39,102,159,1.471698113207547,0.05486543362845168,635,"This isn't 'just a phase,' Carol."
1394,421,15,44,98,157,1.4713375796178343,0.05312426579918642,635,"So, Arthur, what do you do for a living?"
3980,422,15,52,107,174,1.471264367816092,0.049365222397446576,635,So that's why you requested a round table.
4371,422,25,32,117,174,1.471264367816092,0.05568961180419691,635,So you’re happy now that we got a round table?
1606,422,17,48,109,174,1.471264367816092,0.05069326107541237,635,This isn't exactly what I had in mind when I wrote middle age in my profile.
3748,422,18,46,110,174,1.471264367816092,0.05134440073187335,635,So I'm wearing a suit. Are you happy now?
1056,426,14,45,96,155,1.4709677419354839,0.05282919606029047,635,I know you wore it in your profile pic but I thought that just meant you had a good sense of humor.
6562,426,16,41,98,155,1.4709677419354839,0.05439207954747969,635,I wish just once you'd open up a little.
7213,428,20,41,111,172,1.4709302325581395,0.05307575344024856,635,"Or, you could just get a flu shot."
2775,429,20,40,110,170,1.4705882352941178,0.053539183557462594,635,"Another blind date, another awkward knight out."
4001,429,20,40,110,170,1.4705882352941178,0.053539183557462594,635,"Um, my dating profile actually specified that I was desperately seeking a middle-aged man, not a man from the Middle Ages."
6036,429,20,40,110,170,1.4705882352941178,0.053539183557462594,635,Being middle aged doesn’t mean we have to dress that way!
4884,432,20,39,109,168,1.4702380952380953,0.054013164680506195,635,"When I said I was into the British Invasion I meant 60's rock, not the crusades."
77,433,16,46,104,166,1.4698795180722892,0.05174903547078258,635,I can see why you have problems with intimacy.
2703,433,20,38,108,166,1.4698795180722892,0.05449807402713833,635,I said amour. Amour!
933,435,18,49,114,181,1.4696132596685083,0.04988718793640173,635,"I get it, you've been hurt before..."
3749,435,20,45,116,181,1.4696132596685083,0.051102898436506845,635,"Well, your profile clearly stated you were into heavy metal."
4705,437,14,49,101,164,1.4695121951219512,0.05074912438851703,635,"So, how do you know Susan?"
3281,437,16,45,103,164,1.4695121951219512,0.05220255764208921,635,"Sorry, but it takes about 3 people and some screw drivers to get me to open up"
2988,437,15,47,102,164,1.4695121951219512,0.051480970516185984,635,I’d love to date again but I’m a little rusty.
4561,440,19,38,105,162,1.4691358024691359,0.05480713233640329,635,You seem a bit guarded.
440,441,16,43,101,160,1.46875,0.0531417611368833,635,You looked shinier in your profile picture.
6636,441,22,46,124,192,1.46875,0.050036118063057654,635,"When your ad said middle-aged man, I’m afraid I drew the wrong conclusion."
5354,443,16,50,109,175,1.4685714285714286,0.04981975487298221,635,"By the way, fun fact - I’m also wearing an ankle monitor."
6418,444,13,48,97,158,1.4683544303797469,0.051323596834498095,635,You would probably meet more people if you were less guarded.
4030,445,19,43,111,173,1.4682080924855492,0.05219832783827912,635,"It was metaphorical, Jack."
5233,446,22,44,122,188,1.4680851063829787,0.050823380486225166,635,I thought you said 'amour'
7202,447,17,39,100,156,1.4679487179487178,0.05488530170876218,635,"So, I take it that you have intimacy issues."
2202,448,21,38,112,171,1.4678362573099415,0.053937847060781696,635,"Sorry, I'm not into one knight stands."
7116,448,21,38,112,171,1.4678362573099415,0.053937847060781696,635,"Yes, you did say that you were into heavy metal....."
6396,450,21,45,120,186,1.467741935483871,0.050658681328884736,635,"I said I wanted a night of amour, not a knight of armor!"
1463,451,18,49,115,182,1.467032967032967,0.04967937934659306,635,And you must be Lance.
311,452,20,37,108,165,1.4666666666666666,0.05473400932052741,635,"When I asked if you had protection, that wasn't what I had in mind."
3337,452,12,39,84,135,1.4666666666666666,0.056427649268687874,635,"For God's sake, Frank, you have my consent to raise your visor."
57,452,19,46,115,180,1.4666666666666666,0.05069351440011471,635,This would be my first one knight stand.
4639,455,19,44,113,176,1.4659090909090908,0.05153345104057288,635,Another one knight stand...
5824,455,17,48,111,176,1.4659090909090908,0.05025760088067269,635,For some reason they always seat me at the round table
6329,455,17,48,111,176,1.4659090909090908,0.05025760088067269,635,So the break-up left you feeling vulnerable.
6156,458,18,39,104,161,1.4658385093167703,0.05433895224803918,635,"Well, this has certainly been a knight to forget."
504,459,19,43,112,174,1.4655172413793103,0.05196718306152776,635,Are you sure you’re not bothered by our difference in age?
3194,460,12,50,97,159,1.4654088050314464,0.050299536038393156,635,I'm glad to see you finally got off your high horse.
1680,461,13,41,90,144,1.4652777777777777,0.054794589266310596,635,Most women like the plume.
7051,462,22,43,122,187,1.46524064171123,0.05101580530224552,635,It's a very scary time for men in America.
4743,463,22,36,114,172,1.4651162790697674,0.054321819870557723,635,"We'd probably have the bread basket by now if you hadn't called her ""wench""."
1165,464,15,43,99,157,1.464968152866242,0.05309978344118812,635,You and the horse you rode in on.
1052,465,23,33,114,170,1.464705882352941,0.05543494297538531,635,"Oh, swell.  Another one knight stand."
2616,465,16,47,107,170,1.464705882352941,0.05085014643798262,635,I'm looking for someone a little less rigid.
6082,467,19,47,117,183,1.46448087431694,0.050076242142497444,635,I said I wanted a romantic night!
3935,467,20,45,118,183,1.46448087431694,0.05067227316285649,635,"I said I was seeking amour, not armor."
4920,469,14,50,104,168,1.4642857142857142,0.04987356207838715,635,You seem defensive tonight
2970,470,18,40,106,164,1.4634146341463414,0.05359320223623875,635,I'll be honest - I have a hard time being vulnerable.
3002,470,18,40,106,164,1.4634146341463414,0.05359320223623875,635,I can't tell you the last time I had a knight out
5842,470,15,46,103,164,1.4634146341463414,0.051456595579893134,635,So that's what you meant by Renaissance man.
6552,470,19,38,107,164,1.4634146341463414,0.05428672052188843,635,So I see you prefer a round table over a booth.
3964,474,23,36,118,177,1.463276836158192,0.05375335163372507,635,"""Diane, this might be a little forward on our first date, but for baby names, I like, Lance a lot"""
2139,475,15,51,109,175,1.4628571428571429,0.049133233105052056,635,"Everyone’s looking for a knight in shining armor, but no one ever asks me what I’m looking for."
3878,475,20,41,114,175,1.4628571428571429,0.052368710317462784,635,"I'm in the White House press corps, why do you ask?"
5552,477,23,41,124,188,1.4627659574468086,0.051360864288116655,635,Don't worry. I'll wear protection.
3589,478,17,34,96,147,1.4625850340136055,0.05733180506580105,635,"Yes, you got us the round table. I'm very impressed."
5352,479,9,56,95,160,1.4625,0.04765532367127345,635,"Don’t worry, I’ve dated men with tough exteriors before.”"
634,480,17,46,110,173,1.4624277456647399,0.05087148180005207,635,"All I said was, ""We need to talk."""
1883,480,15,50,108,173,1.4624277456647399,0.04953262551371218,635,My profile said middle aged not Middle Ages...
4049,480,16,48,109,173,1.4624277456647399,0.05020651676234212,635,And the horse you came in on?
5799,483,22,42,122,186,1.4623655913978495,0.051209310337725446,635,Looks like another one knight stand.
5312,484,17,45,109,171,1.4619883040935673,0.05129989796636121,635,"I misread your personal ad – I thought it said you were looking for someone ""middle aged."""
3554,485,26,39,132,197,1.4619289340101522,0.051135573343915115,635,"Wow, this suit really makes a fart sound like a foghorn!"
7356,486,16,34,93,143,1.4615384615384615,0.05767178465523402,635,You've got a little something stuck in your helmet.
4026,487,21,35,111,167,1.4610778443113772,0.054881146047375325,635,I told you when you called that I had no interest in a one-knight stand.
2062,487,18,41,108,167,1.4610778443113772,0.052872540990529085,635,I'll have the swordfish.
6575,489,14,43,97,154,1.4610389610389611,0.053032251825975804,635,Our relationship would be a lot stronger if you'd just let your guard down
200,490,17,48,113,178,1.4606741573033708,0.04982821983389539,635,"When it comes to dating, I'm a little rusty."
1920,490,16,50,112,178,1.4606741573033708,0.04918710725125228,635,Do I look like a woman in distress?
3127,490,15,52,111,178,1.4606741573033708,0.048537527210163696,635,"At best, this will be a one knight stand."
171,493,22,32,111,165,1.4606060606060607,0.056044123743103316,635,Why are you always so defensive?
253,493,16,44,105,165,1.4606060606060607,0.051937316315804484,635,I just feel like you're masking your true feelings.
3102,493,15,46,104,165,1.4606060606060607,0.05122084532766459,635,When you said you were a Renaissance man I was picturing something a little different
121,496,11,48,93,152,1.4605263157894737,0.05102775964159575,635,So then after I graduated from knight school...
7364,496,18,34,100,152,1.4605263157894737,0.056690394990908305,635,I don’t know why you’re surprised—I told you I reserved a round table.
1450,498,14,53,109,176,1.4602272727272727,0.048255808784684065,635,I understand. We’ve all been wounded.
4402,498,17,47,112,176,1.4602272727272727,0.050233736435479154,635,I've been told it's a scary time for men.
6940,498,24,33,119,176,1.4602272727272727,0.054570813910135525,635,"My entry under Interests said:  "" amour""  not ""armor."""
4568,501,19,37,107,163,1.460122699386503,0.054520277983789535,635,My personal did say middle aged!
6683,502,22,42,123,187,1.4598930481283423,0.05099470508348625,635,My personal ad said that I'm looking for 'amour' not 'armor'!
2144,503,21,38,115,174,1.4597701149425288,0.05320702649788076,635,"I told the agency I liked middle aged men, not men from thee Middle Ages"
1821,504,13,48,100,161,1.4596273291925466,0.05061254357133756,635,This is so much more intimate than my usual round table.
1950,504,15,44,102,161,1.4596273291925466,0.052123977878382736,635,What am I looking for in a woman? That's easy. Distress.
4242,506,20,39,113,172,1.4593023255813953,0.053031042372903923,635,I hope this date doesn't end up as just another one knight stand.
7074,506,20,39,113,172,1.4593023255813953,0.053031042372903923,635,Could thee get me a straw?
7504,506,17,45,110,172,1.4593023255813953,0.051071450803199976,635,"No, I don't know how astronauts use the bathroom."
3349,509,13,58,112,183,1.459016393442623,0.04631455083850512,635,"Yeah, and I'm a dead ringer for Guinevere."
4880,510,21,53,133,207,1.458937198067633,0.04680119060296286,635,"So, you took me literally."
145,511,21,36,113,170,1.4588235294117646,0.05414003985935212,635,Am I sensing some disenchantment?
2470,511,20,38,112,170,1.4588235294117646,0.053493273144367956,635,Stop being so defensive.
6397,511,18,42,110,170,1.4588235294117646,0.05217569341321112,635,"I said ‘date night’, not ‘date knight.’"
6789,511,16,46,108,170,1.4588235294117646,0.05082396771800532,635,"I really need to remove ""seeks strong,silent type"" from my dating profile."
54,515,19,45,117,181,1.4585635359116023,0.05045502787549557,635,"You do know what a metaphor is,  right?"
2437,515,22,39,120,181,1.4585635359116023,0.05224817604981189,635,I can't believe you made us wait an extra hour for a round table.
6143,515,23,37,121,181,1.4585635359116023,0.052832369384092276,635,So....why did you insist on a round table?
6276,518,11,44,89,144,1.4583333333333333,0.05295740910852021,635,It’s our third date. Will you at least tell me your pronoun?
1707,518,19,39,110,168,1.4583333333333333,0.05330144559270083,635,You seem to have some trust issues.
404,518,20,37,111,168,1.4583333333333333,0.05396600876201017,635,"I meant date night,not date knight."
1571,521,18,35,102,155,1.4580645161290322,0.05585809244518224,635,Let me guess. You don't have pockets for your wallet?
2758,521,18,35,102,155,1.4580645161290322,0.05585809244518224,635,Your profile said you were a man in the Middle Ages but I thought that meant you were 45-65.
6348,521,14,43,98,155,1.4580645161290322,0.05277288858276596,635,"Maybe I'm wrong, but you seem a bit defensive tonight."
1294,524,19,38,109,166,1.4578313253012047,0.05377492180655879,635,Sue never said you were middle-aged.
2138,524,19,38,109,166,1.4578313253012047,0.05377492180655879,635,I said I wanted a NIGHT out on the town.
3441,524,19,38,109,166,1.4578313253012047,0.05377492180655879,635,Thanks for choosing the round table.
7228,527,14,42,97,153,1.457516339869281,0.05326211713937483,635,I take it vulnerability is not your strong point.
7543,527,11,48,94,153,1.457516339869281,0.05078242989609668,635,I'm a little rusty at this dating thing.
1597,529,11,53,100,164,1.4573170731707317,0.04843086966309117,635,"But anyways, enough about my personal crusades. What do you like to do on the weekends?"
2407,529,19,37,108,164,1.4573170731707317,0.054259402217691405,635,This is definitely going to be my last one knight stand!
6498,529,20,35,109,164,1.4573170731707317,0.05494451226563442,635,Would you mind taking your glasses off?
6713,532,25,35,126,186,1.456989247311828,0.05286225238087996,635,We’d be on dessert by now if you hadn’t insisted on waiting for a round table.
2095,533,16,47,110,173,1.4566473988439306,0.05017942517298571,635,"Leather, I could understand."
3713,534,16,52,116,184,1.4565217391304348,0.0480222332564823,635,My mother always told me to wear protection.
2781,535,18,37,105,160,1.45625,0.05454707375026622,635,"Yeah, so I lied too. I am not really a queen."
5440,536,12,43,92,147,1.4557823129251701,0.05307723128909842,635,"John, it's no longer funny when you order the 'Sir Loin'."
3768,537,20,37,112,169,1.455621301775148,0.05371424179752894,635,"I wouldn't say I'm a damsel, but I'm definitely distressed."
7035,538,15,46,106,167,1.4550898203592815,0.05075477271922511,635,Sorry. I'm rusty at this.
3312,539,16,49,113,178,1.4550561797752808,0.04915991051478783,635,Sometimes I feel like you're not in there anymore.
5495,539,19,43,116,178,1.4550561797752808,0.05106012845683395,635,My other suit is at the smithy's.
2947,541,15,40,99,154,1.4545454545454546,0.05379330321944897,635,I think you took what I was looking for too literally.
3889,541,19,42,115,176,1.4545454545454546,0.051483310760817656,635,"I totally agree, its a dangerous time to be a man."
4808,541,17,31,95,143,1.4545454545454546,0.05848414508029459,635,It's a very scary time for young men in America right now.
5457,541,22,31,112,165,1.4545454545454546,0.05601614265179734,635,How long have you been a mail man?
6588,541,25,30,121,176,1.4545454545454546,0.055137479780139685,635,"When Janet described you, I thought she was speaking metaphorically"
598,546,21,37,116,174,1.4540229885057472,0.053180107582976054,635,"Well, my profile did mention I was middle aged."
1161,547,12,50,101,163,1.4539877300613497,0.04938649130655747,635,"So, you're from LaMancha? Is that near Toledo?"
1798,547,14,46,103,163,1.4539877300613497,0.05089701609770987,635,A knight out. Very funny.
2705,549,18,33,101,152,1.4539473684210527,0.05665751999606682,635,So it really was a current photo.
1095,550,17,48,116,181,1.4530386740331491,0.04919575059171713,635,I have intimacy issues.
3530,551,13,51,106,170,1.4529411764705882,0.04869459489090595,635,I have a hard time opening up to people
1470,552,18,36,105,159,1.4528301886792452,0.054783238176112574,635,You might as well get the swordfish.
4210,552,16,40,103,159,1.4528301886792452,0.053310225972703046,635,"Yes, your profile said you're into heavy metal..."
76,554,17,33,98,148,1.4527027027027026,0.05699341741428134,635,Over time David learned to cope with Susan's sharp tongue.
7167,554,16,35,97,148,1.4527027027027026,0.05618114421406237,635,"Lance, you know I prefer a booth, but you always insist on a round table."
5131,556,21,44,125,190,1.4526315789473685,0.04980431890209128,635,"Well, you don't look like *your* photo either."
243,557,15,51,113,179,1.452513966480447,0.0483051420939579,635,I know my profile said I was into heavy metal...
1158,558,16,44,108,168,1.4523809523809523,0.05122502994917313,635,This date is a knightmare.
2108,558,18,40,110,168,1.4523809523809523,0.05259824799509113,635,I hope this isn't another one knight stand!
4004,560,23,39,126,188,1.452127659574468,0.05131370906909644,635,Your Tinder profile didn’t mention you were into heavy metal.
5727,561,18,30,98,146,1.452054794520548,0.05838496498345458,635,I’ll need a little help when the soup comes.
6669,562,22,36,119,177,1.4519774011299436,0.05310160718223659,635,I was hoping you'd have a bit more polish.
4225,563,18,39,109,166,1.4518072289156627,0.053060567261855415,635,The flu shot just doesn't seem to be enough anymore.
6383,563,17,41,108,166,1.4518072289156627,0.052367971585904484,635,You should be very happy - the maitre d' gave us the only round table.
6723,565,19,32,104,155,1.4516129032258065,0.056569689189434794,635,This wasn’t what I meant when I said I like guys into heavy metal.
469,565,15,40,100,155,1.4516129032258065,0.05352551739818831,635,"Sorry, I came straight from work."
6011,567,18,43,114,175,1.4514285714285715,0.051043991734469586,635,"Oh, you said 'amour'..."
367,568,17,54,124,195,1.4512820512820512,0.046638859059695635,635,"Yes, I've been hurt a few times. How can you tell?"
5362,569,16,42,106,164,1.451219512195122,0.05211728251141285,635,"Sorry, but I think your party is sitting at the larger round table, behind you."
6649,570,16,51,117,184,1.451086956521739,0.04799365609580473,635,I made sure to reserve a round table.
2163,571,14,41,98,153,1.4509803921568627,0.0532251680422193,635,You seem a little closed off.
3198,571,19,31,103,153,1.4509803921568627,0.0571219316300666,635,Its so refreshing when someone's profile photo actually matches them in person.
4999,573,18,42,113,173,1.4508670520231215,0.051471285682782114,635,How would you have dressed for a square table?
5400,573,15,48,110,173,1.4508670520231215,0.049473763192842975,635,The suit is a rental but I own the lance.
695,575,19,49,125,193,1.450777202072539,0.04811381406114681,635,"Well, mainly because Brett Kavanaugh is a much more common name than people realize."
5057,576,18,37,107,162,1.4506172839506173,0.054017685715407125,635,Is that a sword in your pocket or are you just happy to see me?
5901,576,14,45,103,162,1.4506172839506173,0.051099759545837356,635,"Regrettably, Gwen had assumed her date’s online profile promising “a knight to remember” included a typo."
6269,578,21,40,121,182,1.4505494505494505,0.05140693860385263,635,That's not what I meant when I said make sure to bring protection.
2694,579,21,30,109,160,1.45,0.05663521139548542,635,I liked you better in the hallway
5779,579,15,42,103,160,1.45,0.052305344436336276,635,And then ideally I’d slay the dragon and save the princess. What about you? What’s your perfect date?
968,579,17,38,105,160,1.45,0.053787375479812084,635,Defensive? I’m not being defensive!
1683,582,21,34,114,169,1.4497041420118344,0.05433532552192768,635,"I don't care how big your sword is, Mr. Lancelot."
6160,582,17,42,110,169,1.4497041420118344,0.05167744272925182,635,"Well, I see being middle aged as a good thing."
6869,582,19,38,112,169,1.4497041420118344,0.05302304068331496,635,I wasn't in distress until you called me a 'damsel.'
6977,582,19,38,112,169,1.4497041420118344,0.05302304068331496,635,Sorry. I've no interest in a one-knight stand.
7021,586,20,40,118,178,1.449438202247191,0.05164867222994587,635,"You seem nice, and all, but I like my knights in white satin."
3516,587,16,39,103,158,1.4493670886075949,0.05353538944132256,635,"So, when I was young they called me Lance, a lot."
4125,588,17,41,109,167,1.4491017964071857,0.052123705221692,635,Mother always said be careful what you wish for.
1558,589,18,43,115,176,1.4488636363636365,0.05081791173870569,635,It's been ages since my last blind date. I'm a bit rusty.
7274,589,16,47,113,176,1.4488636363636365,0.04952363096151929,635,I identify as Medieval. You?
6041,591,14,42,100,156,1.4487179487179487,0.05247778827850051,635,"I told the dating service that I wanted a NIGHT person"""
5929,592,18,47,120,185,1.4486486486486487,0.049009628230460595,635,This is my last 'one-knight' stand.
7457,593,20,34,111,165,1.4484848484848485,0.05464801067433541,635,"I  have  not  been  on  a  date  in
ages!"
2533,594,15,57,122,194,1.4484536082474226,0.045637802753654345,635,I know I can seem a bit guarded.
4892,595,18,42,114,174,1.4482758620689655,0.05124017826537317,635,"Thank you for getting off your high horse -- now, if you just open up and talk to me."
3772,595,18,29,98,145,1.4482758620689655,0.058665747839884354,635,Interested in a one knight stand?
147,597,20,42,121,183,1.4480874316939891,0.05059450520834999,635,"It’s the armor, isn’t it?"
1037,598,20,46,126,192,1.4479166666666667,0.04884105322596002,635,You were shinier in your profile.
3838,599,18,37,108,163,1.4478527607361964,0.05375639847891581,635,So your profile said you're a damsel in distress.
7732,600,12,53,107,172,1.447674418604651,0.04756017531854579,635,I'm smiling on the inside.
2359,601,14,40,98,152,1.4473684210526316,0.05345298381038939,635,Fine. Fine. Just keep your sword in your pants.
6047,601,18,49,123,190,1.4473684210526316,0.04806871190352065,635,"I’m getting hints of tobacco, leather, and just a slight metallic finish."
1202,603,9,54,98,161,1.4472049689440993,0.04736915708901675,635,"I guess I keep my guard up in some ways, too."
7044,603,21,30,110,161,1.4472049689440993,0.05635169972554054,635,It would be a lot easier if you just got the flu shot.
1525,605,20,40,119,179,1.446927374301676,0.051420659051204756,635,"You know, it's a very scary time for young men in America."
2194,605,16,48,115,179,1.446927374301676,0.048918313367375434,635,You don't need that. I'm on the pill.
446,607,17,50,121,188,1.446808510638298,0.04784230609913995,635,Pick up the check? I can hardly pick up my glass!
5003,608,15,41,103,159,1.4465408805031446,0.05252012078721878,635,You ever think YOU’RE the one being defensive?
6038,608,17,37,105,159,1.4465408805031446,0.05401468392302288,635,You don't look like your profile either.
6924,610,14,47,107,168,1.4464285714285714,0.04977775569790444,635,I can totally relate. I call my first marriage the Dark Ages.
3937,610,17,41,110,168,1.4464285714285714,0.051881431751729774,635,Why must you always be so defensive?
84,610,21,33,114,168,1.4464285714285714,0.05456030570229828,635,I said looking for a single night. Damn autocorrect.
558,610,22,31,115,168,1.4464285714285714,0.05520971796484705,635,I always use protection.
3856,610,15,45,108,168,1.4464285714285714,0.05048872113403122,635,I can see you're not ready for commitment.
3661,615,18,43,116,177,1.4463276836158192,0.05059358525648011,635,A screwdriver would be better
6461,616,18,51,126,195,1.4461538461538461,0.04717351040766706,635,"You are too defensive. I didn't say dull, I said you're a little tarnished."
2259,617,15,36,97,148,1.445945945945946,0.055314860161754444,635,I'm being defensive?!?
7513,617,17,32,99,148,1.445945945945946,0.05695253358217629,635,Usually my dates don't put on protection until after dinner.
4775,619,18,42,115,175,1.4457142857142857,0.051010892849501346,635,My chastity belt is killing me.
5459,619,16,46,113,175,1.4457142857142857,0.04970662228838053,635,Just for ONCE could we sit at a SQUARE table/
6149,621,17,48,119,184,1.4456521739130435,0.04857695840573304,635,Want to get a little errant?
7063,622,21,44,128,193,1.4455958549222798,0.04919438321752096,635,I just don't feel like you ever let your guard down.
5899,623,11,51,102,164,1.4451219512195121,0.048355454151196554,635,Medieval Studies at Indiana. Why do you ask?
7590,624,23,31,119,173,1.4450867052023122,0.054606439894713234,635,I transitioned to heavy metal after gothic rock.
7687,624,19,39,115,173,1.4450867052023122,0.05208656196632845,635,My therapist says I need to work on letting my guard down.
3729,624,19,39,115,173,1.4450867052023122,0.05208656196632845,635,"'Tis not thou, 'tis me."
5634,624,17,43,113,173,1.4450867052023122,0.05077975253209487,635,Did you order the WD 40?
5051,628,17,47,118,182,1.445054945054945,0.04895562472270629,635,Something tells me you've been hurt before.
1604,629,13,58,118,189,1.4444444444444444,0.04522283584633227,635,"The service is terrible here, I've been waiting ages."
3093,629,18,48,123,189,1.4444444444444444,0.04823423404215654,635,I'm actually an accountant by day. This is just my knight job.
3624,629,16,44,111,171,1.4444444444444444,0.05052943714956951,635,"For me, you're just another one knight stand......"
3712,629,17,38,107,162,1.4444444444444444,0.05326542720899233,635,Worst date knight ever.
5525,629,15,42,105,162,1.4444444444444444,0.05180582268001743,635,you need to let your guard down
5851,629,20,40,120,180,1.4444444444444444,0.051194437245227216,635,I said I wanted amour.
6548,629,15,50,115,180,1.4444444444444444,0.04806770405065719,635,Thank you for wearing protection Bob.
6981,629,14,48,109,171,1.4444444444444444,0.049149009343459706,635,"Your ad said, 'Tall, funny, middle-ages'."
7224,629,17,34,102,153,1.4444444444444444,0.05555555555555555,635,"I was hoping for someone middle-aged, not from the Middle Ages."
7621,629,14,40,99,153,1.4444444444444444,0.053182909069266864,635,"It is just one glass of wine, you won't become unhinged"
2628,639,16,51,120,187,1.4438502673796791,0.04740413088137649,635,So — what do you do?
1401,639,16,51,120,187,1.4438502673796791,0.04740413088137649,635,"Let me guess.  This is going to be a one-knight stand, right?"
6528,639,16,51,120,187,1.4438502673796791,0.04740413088137649,635,I overdressed again didn't I?
1982,642,20,39,119,178,1.4438202247191012,0.05161586352158608,635,This is a very scary time for young men in America.
2691,643,15,45,109,169,1.4437869822485208,0.05025855112830008,635,It’s just that you’ve become so...guarded...
3961,643,19,37,113,169,1.4437869822485208,0.05298765397764555,635,"Wow! You really meant it when you said you wear ""protection!"""
5995,643,16,43,110,169,1.4437869822485208,0.05095453208155913,635,"I really thought you would get us a better table, Arthur."
298,646,13,45,102,160,1.44375,0.05073893828698591,635,The aluminum tariffs have hit us especially hard
7575,646,19,33,108,160,1.44375,0.05519182884900728,635,"I specifically requested the round table, just for you."
184,648,12,43,96,151,1.4437086092715232,0.05201100375118375,635,I just wish you would understand that there is a person in here
159,649,17,44,115,176,1.4431818181818181,0.05014000469523565,635,"I swear, this isn't a one knight stand."
3360,649,20,38,118,176,1.4431818181818181,0.05204637610481106,635,I'm not really in to heavy-metal.
5707,649,16,46,114,176,1.4431818181818181,0.04948823098377217,635,I feel like I can never get through to you.
313,652,15,44,108,167,1.4431137724550898,0.050682372335296544,635,My ex girlfriend told me I had a hard time letting my guard down.
530,652,18,38,111,167,1.4431137724550898,0.052774401618699514,635,"Sorry, I’m just not into Heavy Metal."
4059,652,18,38,111,167,1.4431137724550898,0.052774401618699514,635,So... you’re in between jobs?
7095,652,16,42,109,167,1.4431137724550898,0.051389179137502794,635,I can’t open up.
6434,656,18,34,106,158,1.4430379746835442,0.0549813766349394,635,"So let me get this straight, you slayed a dragon but had to have the sommelier open the twist cap off the wine."
3065,656,18,34,106,158,1.4430379746835442,0.0549813766349394,635,"I gotta be honest, I never do anything on the first knight."
2712,656,16,38,104,158,1.4430379746835442,0.05349486392641975,635,You looked a lot shinier in your picture.
744,656,18,34,106,158,1.4430379746835442,0.0549813766349394,635,How would I know if the men's room has a socket wrench?
5125,660,14,38,97,149,1.4429530201342282,0.05419341644813102,635,We've both changed. But you've tarnished.
7471,661,18,49,125,192,1.4427083333333333,0.04768008930221066,635,"Yes, your profile said you are into heavy metal. My bad."
7347,662,23,35,125,183,1.4426229508196722,0.05231319431227177,635,"Well, yes, I guess I am happy to see that you are wearing protection but..."
51,663,15,43,107,165,1.4424242424242424,0.05111579477375062,635,"When your singles profile said that you were a renaissance man, I didn't think it was literal."
5928,664,14,37,96,147,1.4421768707482994,0.054717999104732976,635,What can I say? It’s a scary time to be a man.
753,665,19,46,125,190,1.4421052631578948,0.04861294052499483,635,Just because there is a sale doesn't mean you have to buy it.
4685,665,21,42,127,190,1.4421052631578948,0.0497454276447643,635,"Well, you look nothing like your dating profile picture either."
5021,665,23,38,129,190,1.4421052631578948,0.05085270058349189,635,I feel like you’re being defensive.
3794,668,12,52,108,172,1.441860465116279,0.04752067436835883,635,It's hard to see eye-to-eye with you.
5602,668,13,50,109,172,1.441860465116279,0.04823084022104475,635,Please tell me you’re in distress.
6002,668,19,38,115,172,1.441860465116279,0.052289680477643576,635,"I told them I wanted a date tonight, not a knight to date."
7145,671,12,44,98,154,1.4415584415584415,0.05128599422073884,635,"I thought by our third date, you'd let your guard down."
2521,672,15,53,120,188,1.4414893617021276,0.046603973419172995,635,It’s just so difficult to open up on a first date.
3517,673,16,32,97,145,1.4413793103448276,0.05696327215339709,635,"I don’t know, you just seem so guarded these days."
1873,674,13,49,108,170,1.4411764705882353,0.04861885143786177,635,When you said you were coming straight from Knight school I thought you meant something else...
551,675,17,37,107,161,1.4409937888198758,0.053484716933074036,635,So tell me: Why is this knight different from every other knight?
2764,675,15,41,105,161,1.4409937888198758,0.05201283920634853,635,We know its you Mr. Kavanagh.
3579,677,16,50,120,186,1.4408602150537635,0.04756477782636389,635,You always seem so guarded
6275,678,13,41,98,152,1.4407894736842106,0.05258526630908178,635,Was everything OK at work?  You seem a bit defensive.
3545,679,20,38,119,177,1.4406779661016949,0.051812028968093594,635,"When your profile promised “a knight to remember”, I prayed you were just a terrible speller."
5629,679,20,38,119,177,1.4406779661016949,0.051812028968093594,635,"Well, I appreciate that you use protection."
3607,681,20,34,114,168,1.4404761904761905,0.0538656653663477,635,I take it you're only interested in a one-knight stand?
5539,681,14,46,108,168,1.4404761904761905,0.04973724870538255,635,"Yes, it's a ROUND table.  I get it."
652,683,16,38,105,159,1.440251572327044,0.05323033225817191,635,You're a lot older-looking than your profile picture.
7408,683,15,40,104,159,1.440251572327044,0.05247720244463656,635,For this relationship to go anyway; you need to let your guard down
6046,685,22,37,125,184,1.440217391304348,0.05151032972324626,635,"I haven't dated in awhile, so forgive me if I'm a little rusty."
6394,686,15,36,99,150,1.44,0.05473548350350452,635,How far back do you want to go?
6103,686,19,28,103,150,1.44,0.0579129949908854,635,I think you misunderstood me when I said I wanted a night out on the town.
7041,688,16,41,109,166,1.4397590361445782,0.05158941109411006,635,I’m sure they would have taken that at coat check.
4008,689,9,44,88,141,1.4397163120567376,0.05168762296140457,635,"My friend said 'Renaissance man', but you look positively Medieval."
3740,690,14,52,116,182,1.4395604395604396,0.04702140181469425,635,"You know it's a metaphor, right?"
5393,691,15,28,89,132,1.4393939393939394,0.060127068543905614,635,"Yeah, I know...it's a really scary time for boys and men right now."
2678,692,16,44,113,173,1.439306358381503,0.050074791744100226,635,I'm sorry but I haven't dated in Ages.
4956,692,11,54,108,173,1.439306358381503,0.04659847736339207,635,"I'm just guessing, but do you have problems with intimacy​"
6260,692,14,48,111,173,1.439306358381503,0.04871404415529089,635,I just don't want to get hurt again.
2752,695,13,39,96,148,1.4391891891891893,0.053577950140455285,635,"Leonard, ""verbal jousting"" is a figure of speech."
5798,696,15,42,107,164,1.4390243902439024,0.05131454811613344,635,This isn’t going to work unless you can open up to me.
437,697,23,33,124,180,1.4388888888888889,0.05294779697752063,635,Shall we drink to a one knight stand?
4042,697,18,43,119,180,1.4388888888888889,0.04993098209147104,635,I liked you better when chivalry was dead...
6736,699,9,57,105,171,1.4385964912280702,0.04547091940785324,635,It was my only clean suit
111,700,21,40,126,187,1.4385026737967914,0.05031177043022171,635,Here's to a knight that you won't forget.
2041,701,16,32,98,146,1.4383561643835616,0.05665248691758129,635,"Honestly, I think we can just be two women having a drink, without this elaborate disguise."
1451,702,16,39,107,162,1.4382716049382716,0.052497883390674266,635,"It's an open relationship. Whenever he gets to have a night out, I get to have a knight in."
998,702,18,35,109,162,1.4382716049382716,0.05393876372984354,635,Who knew they were going to ban straws?
3009,704,18,42,118,178,1.4382022471910112,0.05033381386153279,635,You seem rather defensive.
5187,704,19,40,119,178,1.4382022471910112,0.05096050225337504,635,Why do you always have to be so defensive?
6385,704,18,42,118,178,1.4382022471910112,0.05033381386153279,635,"But enough about me, how do you feel about beheadings?"
7053,707,14,39,100,153,1.4379084967320261,0.05313532755155237,635,"I have an idea on what may have happened here.
I told the dating service lady that I enjoy quiet nights."
4452,708,16,42,111,169,1.4378698224852071,0.05091361459958752,635,Some say I'm too guarded
215,709,16,45,115,176,1.4375,0.04944907520834984,635,I am the dark and stormy knight!
5315,709,11,48,101,160,1.4375,0.049117606906038294,635,You never really let your guard down with me.
1515,711,15,43,109,167,1.437125748502994,0.050639735520872226,635,And now I have to deal with these ridiculous bans on straws.
3327,711,17,39,111,167,1.437125748502994,0.05204490894803572,635,"Oh.  It's speed dating for the middle-aged, not the Middle Ages."
4766,711,17,39,111,167,1.437125748502994,0.05204490894803572,635,"Well, you're not exactly what I pictured as my Lady in Waiting either!"
7066,711,18,37,112,167,1.437125748502994,0.05273345630908379,635,I don't know why you always make such a big deal about sitting at a round table.
5267,715,11,54,109,174,1.4367816091954022,0.046398638152308505,635,"You strike me as a guy with intimacy issues"""
6165,716,17,35,106,158,1.4367088607594938,0.05419850898784468,635,I'm naked underneath.
5665,716,17,35,106,158,1.4367088607594938,0.05419850898784468,635,Frankly I think its presumptuous to wear protection on our first date
3380,716,19,31,108,158,1.4367088607594938,0.05566623470895419,635,There were perfectly fine square tables we didn't have to wait an hour for.
5129,719,16,30,96,142,1.4366197183098592,0.057816968022104384,635,I know: I look nothing like my profile. I've gone through a sort of renaissance.
637,720,19,41,121,181,1.4364640883977902,0.05032714858901217,635,Yet another boring knight alone.
175,721,17,38,110,165,1.4363636363636363,0.05249918810543799,635,Let me guess. This is your idea of ‘irony.’
1023,721,16,40,109,165,1.4363636363636363,0.051790490649565875,635,"Well, you're as up to date as most men these days."
1952,721,12,48,105,165,1.4363636363636363,0.04885299992521653,635,"OK, I get it - you don't want to talk."
7480,721,17,38,110,165,1.4363636363636363,0.05249918810543799,635,The sitter just called. The peasants are in revolt again.
7611,721,16,40,109,165,1.4363636363636363,0.051790490649565875,635,Your profile said Under Armour.  I was thinking athletic.
6699,726,12,41,96,149,1.436241610738255,0.052441002455404354,635,I think you're being defensive.
518,727,20,35,117,172,1.436046511627907,0.05289668241843481,635,Knight on the town
2022,727,15,45,112,172,1.436046511627907,0.049578843581259434,635,"I asked for a ""night"" to remember..."
3345,727,17,41,114,172,1.436046511627907,0.05093192164903749,635,Don't expect me to be a pawn.
3627,727,15,45,112,172,1.436046511627907,0.049578843581259434,635,I'm a bit rusty on the dating scene.
5829,731,12,44,100,156,1.435897435897436,0.05078334849786572,635,"I guess this qualifies as incognito, but you're still attracting attention."
1973,731,12,44,100,156,1.435897435897436,0.05078334849786572,635,"I think that your therapist is an idiot, Harold."
4176,731,18,49,128,195,1.435897435897436,0.047107370551349725,635,"After the divorce I said to myself, ‘You’ve got to get back on the horse.’"
362,734,17,44,118,179,1.4357541899441342,0.04948138964470605,635,"Well, now that you mention it, you're not what I expected either."""
1176,734,13,52,114,179,1.4357541899441342,0.04687563467964695,635,I have a hard time letting people in.
2253,736,14,33,93,140,1.4357142857142857,0.05663637307380496,635,I'm not into Heavy Metal.
173,737,17,37,109,163,1.4355828220858895,0.052963963071386004,635,"The Round Table is a lot smaller than I thought."""
4741,737,15,41,107,163,1.4355828220858895,0.05151408215380799,635,"So ma'am, how long have you been in distress?"
7059,737,18,35,110,163,1.4355828220858895,0.053674218636754006,635,That's not exactly what I meant when I asked you to bring protection.
6127,740,17,47,122,186,1.435483870967742,0.048134573067903294,635,I told you I wasn't ready for a face-to-face meeting.
3557,741,15,34,98,147,1.435374149659864,0.05551163842680124,635,You seem a little defensive for a first date.
5623,741,13,38,96,147,1.435374149659864,0.05380674753780245,635,Apparently we have different expectations for date knight.
2487,743,15,44,111,170,1.4352941176470588,0.04998720173625875,635,"Look, I thought we sorted this out last time.
I did not mean to stab you with the fork."
7303,743,17,40,113,170,1.4352941176470588,0.05136095429380168,635,I guess you could say I am guarded.
4328,745,15,37,102,154,1.4350649350649352,0.05366250331841755,635,Well at least you look like your profile picture.
7126,746,15,47,115,177,1.4350282485875707,0.04857457931215681,635,This isn't quite the date knight I imagined.
1373,746,25,27,125,177,1.4350282485875707,0.054785975479412365,635,"If you think it's a scary time for men now, just wait till November 6th."
3080,748,12,36,90,138,1.434782608695652,0.05534627130239419,635,"If you'll excuse me, I must use the men's room. I'll be right back in an hour and a half."
3129,748,22,36,126,184,1.434782608695652,0.051474282753574005,635,"And that's how I became the King of England. So, what do you do for work?"
5765,748,14,42,105,161,1.434782608695652,0.05121399560604239,635,"Of course, it’s not ALL raping and pillaging, but we have fun."
7588,748,14,42,105,161,1.434782608695652,0.05121399560604239,635,"I know everyone's a little guarded on the first date, but this is ridiculous."
4284,752,16,41,111,168,1.4345238095238095,0.05110685406749417,635,"Another blind date, another bad knight."
2314,753,12,52,111,175,1.4342857142857144,0.04690565793114465,635,Why the long mace?
5981,753,19,38,118,175,1.4342857142857144,0.051574323659124045,635,What's your problem?  Your profile said 'love heavy metal.'
5617,755,14,38,100,152,1.4342105263157894,0.053356372253498784,635,"Oh, I thought you said you went to ""night"" school."
2994,756,15,49,118,182,1.434065934065934,0.047622355571632295,635,"Yes, but I also enjoy verbal jousting."
4114,756,16,47,119,182,1.434065934065934,0.04825558535637161,635,It's just hard to get through to you...
4496,756,18,43,121,182,1.434065934065934,0.04949774796772316,635,This isn't what I meant when I told you to bring some protection.
4094,759,14,41,104,159,1.4339622641509433,0.051664671374108316,635,Frankly I think your attitude is positively medieval.
3823,759,16,37,106,159,1.4339622641509433,0.05318327989128372,635,"I pictured something else when I read ""Man of Steel"" in your profile."
7241,761,19,34,113,166,1.4337349397590362,0.053627480768604574,635,"Not what I meant when I said I wanted a night out, Jerry."
5084,761,15,42,109,166,1.4337349397590362,0.050831380987298766,635,I wasn’t in distress until you sat at my table.
3754,761,20,32,114,166,1.4337349397590362,0.05430401498706001,635,What kind of relationship can we expect if you won't open up?
3192,764,18,39,116,173,1.4335260115606936,0.051357937635756745,635,"No, your knight will not be taking my queen."
4859,764,15,45,113,173,1.4335260115606936,0.04935582795193707,635,"I like you a lot, Lance."
1166,766,14,50,116,180,1.4333333333333333,0.04733755587428927,635,Knight cap??
3486,766,15,35,100,150,1.4333333333333333,0.05468368807956897,635,Queen checks knight
4135,766,14,37,99,150,1.4333333333333333,0.05385926367274824,635,You just seem a little defensive.
7352,766,19,40,121,180,1.4333333333333333,0.0505095082960169,635,Miriam! It's been ages!
5208,770,17,34,106,157,1.4331210191082802,0.054425184561423694,635,Clerking for Kavanaugh?
3249,771,16,39,109,164,1.4329268292682926,0.051992398039627755,635,"I swear, this is the last time I use a figure of speech in a personal ad."
6420,771,19,33,112,164,1.4329268292682926,0.05410785110474077,635,"That's not what I mean about always wearing protection, son."
1153,773,12,50,109,171,1.432748538011696,0.047640079397709936,635,"Well, you looked a lot less middle-aged online too."
3973,773,15,44,112,171,1.432748538011696,0.04975917517235707,635,You seem a little stiff.
498,775,16,45,117,178,1.4325842696629214,0.04901460638992516,635,"I meant ""Knight in Shining Armor"" as a metaphor, Ronald."
1554,776,14,52,119,185,1.4324324324324325,0.046437544263209854,635,What makes you say I'm old fashioned?
316,777,14,58,127,199,1.4321608040201006,0.04415888216570876,635,I don't think this is going to work out.  You're always so guarded.
2010,778,15,43,111,169,1.4319526627218935,0.05017139390728355,635,Should we start with the WD-40?
4656,779,16,44,116,176,1.4318181818181819,0.049406154705525354,635,"I care about the environment, too, but I need a straw."
6592,779,16,44,116,176,1.4318181818181819,0.049406154705525354,635,Would you say you’re an introvert?
1409,781,17,48,125,190,1.431578947368421,0.04737924935796279,635,I was hoping for a one knight stand.
6309,782,14,38,101,153,1.4313725490196079,0.05308240917615779,635,"As you can imagine, I hate the ban on straws"
3384,783,18,36,113,167,1.4311377245508983,0.05268837971698628,635,This is nice. I like their round tables.
1085,784,21,36,124,181,1.430939226519337,0.0514929773238427,635,Is that your jousting pole or are you just happy to meet me?
5306,784,22,34,125,181,1.430939226519337,0.05208564166715057,635,Stop complaining. You're not the one wearing a chastity belt.
5339,786,10,33,80,123,1.4308943089430894,0.0578172665145243,635,I think I'll start with a few squirts of 3 in 1 oil.
2867,787,16,49,123,188,1.4308510638297873,0.04713339759552943,635,Your move
163,788,11,40,93,144,1.4305555555555556,0.05275323520477669,635,"I'm not sure a relationship can be built on plague, pestilence, and death. But I'm willing to try."
3381,789,13,39,99,151,1.4304635761589404,0.052747835103946705,635,"I gotta remember to be less literal on my second wish."""
4124,789,16,33,102,151,1.4304635761589404,0.0552017641964893,635,My friends call me Lance ....... joust kidding!
1268,791,18,32,108,158,1.4303797468354431,0.05488848693076328,635,I guess you are pleased that we are at a round table!
3687,792,18,35,112,165,1.4303030303030304,0.053152114348697925,635,I thought your message said you were enamoured.
2812,793,14,46,112,172,1.430232558139535,0.048841742389011206,635,It's a really scary time for men right now.
6973,793,13,48,111,172,1.430232558139535,0.048140589356489835,635,"""It's a little heavy, but the SPF rating is great."
2540,795,16,45,118,179,1.4301675977653632,0.048799888637214656,635,So I hear you like to dance. I like to lance. A lot.
4489,796,18,28,103,149,1.429530201342282,0.057342307015553894,635,I think your text autocorrected amour.
3055,797,18,31,107,156,1.4294871794871795,0.055404505052215884,635,It's just my luck to find a genie that's way too literal.
4464,797,16,35,105,156,1.4294871794871795,0.05389093808984429,635,As a restaurant critic I must protect my identity.
5320,797,14,39,103,156,1.4294871794871795,0.052333614783672704,635,"I hate it when you go all medieval on me, Morty."
7725,797,7,53,96,156,1.4294871794871795,0.046473824189045373,635,I'll be impressed when you pick up the check.
368,801,15,40,108,163,1.4294478527607362,0.05146444741152521,635,"(""Note to self: Spell Check won't catch 'Seeking a pleasant knight out.'"")"
1968,801,20,30,113,163,1.4294478527607362,0.05502082476270505,635,I'm not being defensive. You're being defensive.
4626,801,15,40,108,163,1.4294478527607362,0.05146444741152521,635,You're so guarded.
4867,801,15,40,108,163,1.4294478527607362,0.05146444741152521,635,This time don't leave the tip in farthings.
3185,805,14,45,111,170,1.4294117647058824,0.04923817152228551,635,Well you look nothing like your profile picture either!
3881,805,18,37,115,170,1.4294117647058824,0.05198896144332101,635,What kind of knight in shining amour forgets his wallet?
2148,805,17,39,114,170,1.4294117647058824,0.05131509005819673,635,Your helmet looked bigger online.
644,808,15,46,116,177,1.4293785310734464,0.048529755021485196,635,It's getting hard to not feel like you're shutting me out.
2890,808,14,48,115,177,1.4293785310734464,0.047863720990512136,635,Of course I love Camelot Harry. I'm just saying it couldn't hurt to see a shrink.
6741,810,16,34,104,154,1.4285714285714286,0.0543944782241752,635,That's not what I meant when I asked if you had protection.
75,810,16,37,108,161,1.4285714285714286,0.05265784148389184,635,My therapist says I struggle to let myself be vulnerable.
1303,810,14,38,102,154,1.4285714285714286,0.05281093055072067,635,Sorry about that.  I guess I'm a little rusty.
2171,810,14,44,110,168,1.4285714285714286,0.0496433161405157,635,This isn't my first round table.
2245,810,15,36,103,154,1.4285714285714286,0.05360855177540852,635,"So, on the third date you wear protection"
3048,810,19,31,111,161,1.4285714285714286,0.054824880523363345,635,"I can't help feeling that you're hiding something from me, Frank."
4793,810,14,41,106,161,1.4285714285714286,0.051162181019157996,635,"Hey, no need to get defensive."
4894,810,15,39,107,161,1.4285714285714286,0.05191539769846597,635,And the cell-phone reception is fantastic!
5087,810,11,38,91,140,1.4285714285714286,0.05378085136525976,635,"My profile did say I was interested in men into heavy metal, but I had something else in mind."
5775,810,16,49,124,189,1.4285714285714286,0.04693874054914116,635,It's the only round table they had.
6190,810,17,44,121,182,1.4285714285714286,0.04883794071233273,635,This is a very scary time for young men.
6340,810,19,37,119,175,1.4285714285714286,0.05153064127664587,635,Haven't you heard? Men are under attack.
6760,822,13,45,108,166,1.427710843373494,0.049322733332448104,635,"Let's get out of here, the knight is young."
5802,822,17,37,112,166,1.427710843373494,0.05219970712460868,635,You’re going to the men’s room?  How long will you be gone?
1397,824,13,42,104,159,1.4276729559748427,0.0508342311709518,635,Of course I’m in distress. I just don’t need rescuing.
1731,824,14,40,105,159,1.4276729559748427,0.051611341337362816,635,So I see you’re into heavy metal.
5211,824,12,44,103,159,1.4276729559748427,0.050045055328591256,635,"Sorry, I'm looking for someone less guarded."
2872,827,13,39,100,152,1.4276315789473684,0.05247613416632076,635,"Safe sex, huh?"
6221,827,14,37,101,152,1.4276315789473684,0.05329993464144561,635,I just got out a relationship with a Renaissance man.
6527,827,14,37,101,152,1.4276315789473684,0.05329993464144561,635,It's just so hard to read you sometimes.
3564,830,13,36,96,145,1.4275862068965517,0.054266996018909774,635,Whaddya say we go back to my castle and I slip into my Under Armour?
4195,831,13,33,92,138,1.4275362318840579,0.05622911936283861,635,"When I said, ""I'm into heavy metal,"" this isn't quite what I meant."
4581,832,16,47,122,185,1.427027027027027,0.047642687186267955,635,"Well, at least they gave us a round table."
4009,833,18,40,120,178,1.4269662921348314,0.0502487185955009,635,You did suggest that I wear protection...
7105,833,17,42,119,178,1.4269662921348314,0.04961304010460381,635,I wish you would open up.
1256,835,19,32,113,164,1.4268292682926829,0.05405934940645325,635,"Knight after knight, the same thing...."
2334,835,16,38,110,164,1.4268292682926829,0.051941921036743416,635,You said a knight out on the town.
6228,837,10,47,100,157,1.4267515923566878,0.04883404693249284,635,"Is this table round enough for you, Derek?"
6023,837,17,33,107,157,1.4267515923566878,0.0543725975202736,635,"Sorry I'm late, I just got off the knight shift."
4495,837,12,43,102,157,1.4267515923566878,0.05047853776072686,635,"I'm into walks on the beach, puppies, piña coladas and Renaissance fairs. You?"
9,837,14,39,104,157,1.4267515923566878,0.0520711187619139,635,I've been hurt before.
434,837,16,35,106,157,1.4267515923566878,0.05361641580498976,635,I had different expectations for a one-night stand.
859,837,16,35,106,157,1.4267515923566878,0.05361641580498976,635,When you said a knight on the town I had no idea.
6174,843,18,42,123,183,1.4262295081967213,0.04924034049382548,635,"Damn auto correct, I meant I wanted a NIGHT to remember."
5145,844,13,49,114,176,1.4261363636363635,0.04734502151835809,635,I’m just messing with you - chivalry really is dead.
6035,844,16,43,117,176,1.4261363636363635,0.049359459654447047,635,"Call me your ""wench"" one more time and I'm going to put a size 8 chink in your armor."
6090,844,13,49,114,176,1.4261363636363635,0.04734502151835809,635,You do know they're expecting rain this evening
4374,847,14,44,111,169,1.4260355029585798,0.049413809434193136,635,This is a smaller round table than I'm used to.
5893,848,16,34,105,155,1.4258064516129032,0.05411309287045248,635,I've been hurt a lot.
4582,849,22,36,130,188,1.425531914893617,0.05058465967143875,635,So refreshing to meet a man who looks like his online photo.
3069,849,17,46,125,188,1.425531914893617,0.04769026448763316,635,That’s odd. Why only restaurants with round tables?
7716,851,15,44,115,174,1.4252873563218391,0.04908596999897506,635,"Ah, amour! A much misunderstood word."
3939,851,18,38,118,174,1.4252873563218391,0.05107597042549574,635,It was on sale.
3455,851,15,44,115,174,1.4252873563218391,0.04908596999897506,635,"Well, that's what you get for letting your phone auto-correct ""date night"
3735,854,14,43,110,167,1.4251497005988023,0.049822703934438946,635,I'm sorry this role playing hasn't helped our marriage.
5664,854,16,39,112,167,1.4251497005988023,0.051250283522378676,635,"Yes, I taste the irony."
7407,854,17,37,113,167,1.4251497005988023,0.05194936407711763,635,"I was almost on Lancing With the Stars, you know."
1016,857,17,34,109,160,1.425,0.05360436244333082,635,Are you a fan of heavy metal?
3387,857,10,65,125,200,1.425,0.04159961103413053,635,It's really hard for me to open up to people
4186,859,16,33,104,153,1.4248366013071896,0.054621953744659835,635,You wrote that you liked hot summer knights.
0,860,23,50,153,226,1.424778761061947,0.0446159706443767,635,I wouldn’t worry about people staring if you used a straw.
5,861,21,34,124,179,1.4245810055865922,0.051872187715297585,635,"Well, actually, my profile said ""Middle Ages Guy"""" not ""middle-aged guy."""
1089,861,14,48,117,179,1.4245810055865922,0.047448171386323616,635,You've always had a hard time opening up.
2543,863,20,33,119,172,1.4244186046511629,0.05280691919332254,635,"I don't know quite how to tell you this Helen, but I've lost the key to your chastity belt."
5157,863,13,47,112,172,1.4244186046511629,0.04808923499765444,635,"Yes, I do have protection."
6282,865,15,40,110,165,1.4242424242424243,0.05097099674668638,635,Got mail?
4531,866,15,37,106,158,1.4240506329113924,0.052583274045095836,635,You're tough to read
5454,867,20,38,126,184,1.423913043478261,0.050223657118925256,635,Awkward Date Knight
989,868,12,48,110,170,1.423529411764706,0.04774988582180242,635,YOU SEEM A LITTLE GUARDED
7188,868,18,36,116,170,1.423529411764706,0.0519397098725131,635,"So, the pellet with the poison’s in the chalice from the palace?"
4426,870,15,53,128,196,1.4234693877551021,0.04513252791838361,635,"No, I will not be your pawn."
1842,871,15,39,109,163,1.4233128834355828,0.0514102457667752,635,Chivalry is dead if we split the check.
737,872,11,58,120,189,1.4232804232804233,0.04379086073345727,635,I'm fresh off a particularly combative relationship.
1426,873,18,41,123,182,1.4230769230769231,0.04941005769395338,635,How long ago was your last relationship?
3994,873,16,34,106,156,1.4230769230769231,0.05383433640853844,635,"So tell me me about yourself, Helen of White Plains."
5000,873,17,43,122,182,1.4230769230769231,0.04879181318033501,635,"If we make it to a third date, maybe I’ll let you see Excalibur."
5317,873,10,57,115,182,1.4230769230769231,0.044222750459001245,635,"Yeah, well I thought your round table would be bigger."
5891,877,16,42,117,175,1.4228571428571428,0.0495326504676507,635,"Do I have ""protection""? Excuse me- isn't it obvious?"
1794,878,11,49,108,168,1.4226190476190477,0.04738456311208682,635,"A knight to remember... yes, I get it."
3474,878,20,31,117,168,1.4226190476190477,0.0537296083755572,635,"When I was a kid, ""page not found"" meant I had to carry my own sword."
7240,878,17,37,114,168,1.4226190476190477,0.05170118778037513,635,You must be taking the ban on straws pretty hard.
7511,878,21,29,118,168,1.4226190476190477,0.05438894019578299,635,"You may be overplaying this 'men are under attack' nonsense, Stanley."
2153,882,13,53,121,187,1.4224598930481283,0.04537922437866837,635,I don't let my guard down until the third date.
880,883,17,34,110,161,1.4223602484472049,0.05333574043280117,635,You seem so defensive this evening.
2984,883,16,36,109,161,1.4223602484472049,0.05260286547292216,635,Since our country is returning to the middle ages I thought I would dress for it.
3484,883,12,44,105,161,1.4223602484472049,0.049563115819641186,635,"I said I wanted to meet a middle-aged man, not a Middle Ages man."
929,886,17,31,106,154,1.422077922077922,0.05511173264832247,635,"They say it's a dangerous time for men in America.
I'm just being prudent."
117,887,13,47,113,173,1.4219653179190752,0.047873355563085286,635,Will you settle for a statistician in shining armor?
1866,887,19,35,119,173,1.4219653179190752,0.051914720298039965,635,I understand your anger. The ban on straws seems to have unfairly targeted some people.”
3556,887,15,43,115,173,1.4219653179190752,0.04925733288679937,635,I like a Renaissance man.
6006,887,11,51,111,173,1.4219653179190752,0.04644815930279919,635,You said you were into heavy metal but....
6270,891,18,45,129,192,1.421875,0.04752494436653119,635,Usually takes a few dates before I let my guard down.
3428,892,16,30,101,147,1.4217687074829932,0.05622648304146964,635,Let's call it a knight.
1520,893,15,40,111,166,1.4216867469879517,0.050727431224137615,635,"So, enough about me . . ."
2440,893,15,40,111,166,1.4216867469879517,0.050727431224137615,635,"If this date turns out to be a success, would I be able call you back in, let’s say.. a fortnight?"
6049,895,19,40,126,185,1.4216216216216215,0.04941297990056012,635,I am done with middle-aged men
7268,896,15,37,107,159,1.421383647798742,0.05231953397878156,635,"But Mom, YOU were the one who said I should always wear protection."
7158,896,9,49,101,159,1.421383647798742,0.047535930203971295,635,I worry your attitude toward women is a little medieval.
5012,896,12,43,104,159,1.421383647798742,0.04998498922733558,635,And what do you do for a living?
460,896,14,39,106,159,1.421383647798742,0.051553100196369085,635,This isn't my first round table Carole.
573,900,14,47,117,178,1.4213483146067416,0.04760461469176011,635,So do you have any hobbies?
1009,900,15,45,118,178,1.4213483146067416,0.04826675162075603,635,This isn’t going to work if you’re not ready to open up.
4939,900,17,41,120,178,1.4213483146067416,0.0495644959235679,635,"You know, a condom would have been just fine."
5377,900,20,35,123,178,1.4213483146067416,0.05144977329749681,635,"You may have heard, it's an incredibly scary time for young men."
6576,900,16,43,119,178,1.4213483146067416,0.04891992726986179,635,I’m kind of a Renaissance man.
895,905,15,42,114,171,1.4210526315789473,0.049658001518067006,635,"When you told me that you went to night school, I didn't realize..."
4152,905,11,58,121,190,1.4210526315789473,0.04361670392023696,635,"Probably need to delete ""chivalry a must"" on my E-Harmony profile."
7211,905,13,38,101,152,1.4210526315789473,0.05241328029213941,635,"Look, you're a great damsel, but I'm not feeling the distress."
4218,908,12,53,118,183,1.4207650273224044,0.04538415757428359,635,"I know you're still thinking of Guinevere."""
4086,909,13,43,108,164,1.420731707317073,0.049677062830013434,635,I was hoping you'd be less defensive.
4475,909,16,37,111,164,1.420731707317073,0.0518869990332724,635,"This is nothing, you should see the round table back at my place."
2803,911,16,29,100,145,1.4206896551724137,0.056789054377175296,635,"No, I'm not getting a metallic taste. Just cherry and black currant."
1544,912,17,40,119,176,1.4204545454545454,0.04996309145433401,635,I wanted a date night -- not a date knight.
1069,913,14,38,105,157,1.4203821656050954,0.05201115200256253,635,I should have been less specific.
5029,913,16,34,107,157,1.4203821656050954,0.05355817927534392,635,Just another awkward knight on the town.
2731,915,17,45,126,188,1.4202127659574468,0.04764423982857656,635,Guinevere never asked to split the check.
412,916,15,41,113,169,1.4201183431952662,0.050067437486469614,635,You looked shinier in your profile pic
2160,916,18,35,116,169,1.4201183431952662,0.052135165012356106,635,"You wanted a knight on the town, right?"
3774,916,18,35,116,169,1.4201183431952662,0.052135165012356106,635,Is this just a one knight stand?
480,919,15,33,102,150,1.42,0.05456355201096875,635,This is my first date in quite a while. I'm a little rusty
2270,919,15,33,102,150,1.42,0.05456355201096875,635,Surely you joist . . .
6705,921,21,47,144,212,1.419811320754717,0.045752423770673754,635,"That really is my lance, but I am happy to see you."
2190,922,13,47,114,174,1.4195402298850575,0.04765916519886831,635,"So, what line of work you in?"
2296,922,13,47,114,174,1.4195402298850575,0.04765916519886831,635,Here's to the horse you came in on.
2796,922,13,47,114,174,1.4195402298850575,0.04765916519886831,635,Well. . .  my other suit had a rust stain
4862,925,13,52,121,186,1.4193548387096775,0.045516929086850635,635,I also have a dungeon.
5388,925,18,29,108,155,1.4193548387096775,0.055581601557225295,635,"I said I wanted a date night, not date a knight"
4143,925,20,38,128,186,1.4193548387096775,0.049786035239532685,635,"So, tell me about this rash."
2765,928,16,38,113,167,1.4191616766467066,0.051195463604127384,635,I used to be a damsel in distress.  Now I am just distressed.
3300,928,15,40,112,167,1.4191616766467066,0.050485944843578115,635,What can I say? Love is a battlefield.
3388,930,12,51,116,179,1.4189944134078212,0.04605299263363084,635,My last relationship left me feeling somewhat vulnerable.
5110,930,10,55,114,179,1.4189944134078212,0.04466919221608451,635,"Well, we’ve all been hurt before."
6582,930,15,45,119,179,1.4189944134078212,0.04805403444485056,635,I’m putting the tin back in tinder.
7115,930,17,41,121,179,1.4189944134078212,0.04934299974365802,635,"I would invite you over, but I have a very early Crusade tomorrow morning."
4972,934,11,40,97,148,1.4189189189189189,0.0516446852695838,635,I’m sorry if I seem defensive.
510,935,17,33,110,160,1.41875,0.05354704259284777,635,"I'm sorry, I am just not into heavy metal."
2023,936,13,46,113,172,1.4186046511627908,0.048033710621340084,635,I don't think I'm being defensive.
6052,936,14,44,114,172,1.4186046511627908,0.04873640130394315,635,I'd thought the Dating Service had merely promised a good night.
4971,938,16,45,123,184,1.4184782608695652,0.047750904750814595,635,"I told you honey, it’s a scary time to be a man."
4357,939,20,34,123,177,1.4180790960451977,0.05163671538103528,635,So... Are you seeing anyone?
4340,939,15,44,118,177,1.4180790960451977,0.04842874867682589,635,So...umm...boxers or briefs?
6709,941,10,41,95,146,1.417808219178082,0.05120821677973074,635,A textbook example of ‘Passive-Defensive’ behavior.
4199,942,16,34,108,158,1.4177215189873418,0.05328459207343426,635,Surely there are other options to quit smoking?
3179,943,14,43,113,170,1.4176470588235295,0.04912993733157306,635,Why can't you get a smart phone and ignore me like a normal person?
4266,943,16,39,115,170,1.4176470588235295,0.050527002986055405,635,I see that you have been hurt before...
595,945,16,44,122,182,1.4175824175824177,0.04811539524202442,635,Too literal?
4407,945,21,34,127,182,1.4175824175824177,0.05117279647206774,635,Is this table round enough for you?
7394,945,14,48,120,182,1.4175824175824177,0.04683658531005489,635,That’s the third selection you’ve told him has a slightly metallic taste.
701,948,17,29,105,151,1.4172185430463575,0.05587562338495141,635,Is this your first date after the Kavanaugh hearing?
3391,949,13,42,108,163,1.4171779141104295,0.04985470893858636,635,I always bring protection on a second date.
5479,949,11,46,106,163,1.4171779141104295,0.048311606051478995,635,"If this relationship is to go forward, you've got to let your guard down.."
4567,951,20,48,143,211,1.4170616113744077,0.04539218956352094,635,"When I read your profile, I thought you meant heavy metal music."
7448,952,10,45,101,156,1.4166666666666667,0.048941089258524514,635,I always bring protection on a first date.
4719,952,18,34,116,168,1.4166666666666667,0.05233135272560261,635,I'm your knight in dining armor.
4139,952,17,36,115,168,1.4166666666666667,0.05164575954191906,635,Sally suddenly realized that this would not be a one knight stand
5880,952,15,35,106,156,1.4166666666666667,0.052998067394055284,635,I don't date much either.
702,952,13,44,111,168,1.4166666666666667,0.04880717653115037,635,My other suit is with the blacksmith.
2242,952,16,38,114,168,1.4166666666666667,0.05095094188758449,635,"Feeling a little defensive, are we?"
288,952,12,46,110,168,1.4166666666666667,0.04807134782293048,635,This is my first date in a while. I'm a little rusty.
4307,959,19,34,120,173,1.416184971098266,0.05186230764429585,635,I am looking for a man who likes to cuddle.
1654,960,11,45,105,161,1.4161490683229814,0.048709276836515915,635,"You've been acting very defensive, lately."
6320,960,13,41,107,161,1.4161490683229814,0.05027795891881388,635,"Your ad clearly stated, “desparately seeking my knight in shining armor.”"
4499,962,15,32,102,149,1.4161073825503356,0.05479102255675767,635,"Ok, Harry. I get it. Chivalry is not dead."
5852,963,13,31,93,137,1.416058394160584,0.056408099954634056,635,"When you said you would be bringing protection, I never imagined that you meant this"
7222,964,17,50,135,202,1.4158415841584158,0.045232082169012464,635,I think you’ll find me a knight to remember.
533,965,13,48,117,178,1.4157303370786516,0.04687801453306142,635,I’m on a crusade.
7456,965,13,48,117,178,1.4157303370786516,0.04687801453306142,635,I always imagined the Round Table to be a bit bigger.
5074,967,15,39,112,166,1.4156626506024097,0.05066886576544505,635,Mike Pence recommended it.
4991,968,19,26,109,154,1.4155844155844155,0.056570117048513315,635,Knight in shining armor-finally an online dating profile that’s accurate.
1510,969,20,31,120,171,1.4152046783625731,0.052955468644078456,635,"Wanda finally meets her knight in shining armor and discovers he's 53, twice-divorced, with bad credit and no retirement savings."
1572,969,16,39,116,171,1.4152046783625731,0.050289997622751624,635,They always think they're soooo funny--seating us at the round table.
2750,971,15,36,108,159,1.4150943396226414,0.0522572915461555,635,"What is it they always say?  ""Be careful what you wish for!"""
5452,971,11,44,104,159,1.4150943396226414,0.04911597027586713,635,When I said “chivalry is dead” I just wanted you to open the door for me.
1890,973,17,46,130,193,1.4145077720207253,0.046707025817854526,635,I said I believe in chivalry. I didn’t say I’d pay for dinner.
3226,973,16,48,129,193,1.4145077720207253,0.046125631644468534,635,I'm glad we met up - you look exactly like your tapestry.
6993,975,13,37,102,152,1.4144736842105263,0.05234487526143581,635,I'm sure you've had your share of lonely knights.
4704,976,12,51,118,181,1.4143646408839778,0.04565956577103732,635,"No, I don’t think you do know the meaning of Renaissance man."
5061,976,18,39,124,181,1.4143646408839778,0.049528982138035964,635,Lisa quickly realized she had misspelled  'date night '.
1971,978,19,39,128,186,1.413978494623656,0.0491495993154933,635,I'm a bit of a Renaissance man.
3672,978,15,47,124,186,1.413978494623656,0.046724646149568,635,"Yes, I know you go to the bathroom “like everyone else.”  I meant the logistics"
5886,978,20,37,129,186,1.413978494623656,0.04973736775947577,635,"Honestly, when I agreed to this, I thought you said a ""night of amour""..."
2996,981,9,54,111,174,1.4137931034482758,0.044722435360349415,635,"Magnetic, yes. Personality, not so much."
5620,981,16,40,118,174,1.4137931034482758,0.0496505951721385,635,I find it hard to let my guard down.
7336,983,20,39,132,191,1.4136125654450262,0.048772365715403554,635,Did you check your coat of arms?
834,984,22,23,117,162,1.4135802469135803,0.05651013016139393,635,"So, did you bring protection?"
6856,984,7,53,102,162,1.4135802469135803,0.0452015073790111,635,Witness Protection? Why do you ask?
88,986,16,42,121,179,1.4134078212290502,0.04864874932260608,635,"Not for one brief shining moment, you perv."
1162,986,17,40,122,179,1.4134078212290502,0.04928966939726459,635,Why are you being so defensive?
596,988,18,33,116,167,1.4131736526946108,0.05252825101555667,635,Now I understand why you requested a round table.
5111,988,10,49,108,167,1.4131736526946108,0.04671250603009398,635,"It’ will never work. You’re just too guarded for me, Harold."
674,990,17,42,125,184,1.4130434782608696,0.048317097632424345,635,I’m tasting a metallic note.
3012,991,8,48,99,155,1.4129032258064516,0.04737526057062226,635,Your avatar makes more sense now.
5255,991,16,32,107,155,1.4129032258064516,0.053988079782720085,635,I think you’re being a bit defensive.
5410,991,16,32,107,155,1.4129032258064516,0.053988079782720085,635,"Guess this just another ""One Knight Stand!"""
1563,994,13,40,107,160,1.4125,0.05045975730142029,635,"If I wore protection, would you be into a one knight stand?"
2718,994,12,42,106,160,1.4125,0.049674649014532356,635,Your Tinder says you appreciate a man who always wears protection.  And that you’re no easy conquest.
3137,994,19,28,113,160,1.4125,0.05493528210654593,635,I hope it wasn't too forward of me to bring protection.
4315,994,13,40,107,160,1.4125,0.05045975730142029,635,"Nice to meet you, Gawain.  What is your Sir name?"
5161,994,14,38,108,160,1.4125,0.051232835751298174,635,Flossing must be hell for you.
2012,999,12,49,116,177,1.4124293785310735,0.04633895662512567,635,"What a Lady, What a Knight"
3445,1000,13,35,100,148,1.412162162162162,0.053322289880432305,635,"Well, you got your round table, but can you Uber me home? The horse was a bit much."
4311,1001,14,40,111,165,1.412121212121212,0.050120238861401406,635,"Frankly, you look much older than your profile photo"
1242,1002,15,47,125,187,1.411764705882353,0.04652680695436595,635,So that’s your best suit?
3089,1002,14,35,104,153,1.411764705882353,0.05289146463947139,635,That's not what I meant by a nice night out and you know it.
7444,1004,15,42,118,175,1.4114285714285715,0.048753642567680736,635,In vino veritas? Surely you joust.
6594,1004,18,36,121,175,1.4114285714285715,0.0507342290627594,635,Sorry. It’s laundry day.
4203,1004,21,30,124,175,1.4114285714285715,0.052640348911912715,635,"Oh, really? You think men are under attack?"
2855,1004,19,34,122,175,1.4114285714285715,0.0513774604625835,635,Cougar seeks millennial” didn’t mean the year 1000
750,1004,15,42,118,175,1.4114285714285715,0.048753642567680736,635,"Yes, I wrote that in my profile but I didn’t mean it literally."
211,1009,13,39,106,158,1.4113924050632911,0.05089677677685415,635,"So, do you like horses?"
5795,1009,16,33,109,158,1.4113924050632911,0.05321991029232634,635,So what's your plan now that straws are illegal?
1856,1011,15,28,98,141,1.4113475177304964,0.057002925666411686,635,This'll probably shape up to be a one-knight stand.
3390,1011,10,38,93,141,1.4113475177304964,0.0523712509069801,635,Do we always have to pick the round table?
709,1013,15,51,131,197,1.4111675126903553,0.0448576577061999,635,It looked shinier in your photo
1511,1014,19,36,125,180,1.4111111111111112,0.0503179764263036,635,"Mr. Vice President, I'm glad you found a way to meet with me."
2256,1014,13,48,119,180,1.4111111111111112,0.04646998249465255,635,I think you have vulnerability issues.
5606,1014,16,42,122,180,1.4111111111111112,0.04843221048378526,635,You said date knight. That’s what you said.
4053,1017,17,33,113,163,1.4110429447852761,0.052744176402119466,635,"If I'm being honest, Bertrand, half of the time I'm not sure you're even there"""
5939,1017,12,43,108,163,1.4110429447852761,0.04902291641817369,635,"Soooo,you always carry protection."
6263,1019,12,36,98,146,1.4109589041095891,0.05294468452929616,635,I have a hard time letting my guard down.
2766,1020,19,38,128,185,1.4108108108108108,0.04931325632787383,635,I hope that's a glass of WD-40.
139,1020,20,36,129,185,1.4108108108108108,0.04990542712209848,635,Republican?
128,1022,16,37,115,168,1.4107142857142858,0.05089052778825297,635,Down the hatch!
726,1022,18,33,117,168,1.4107142857142858,0.052272534063563164,635,"I thought it was an auto-correct mistake, but you really did mean a knight on the town"
5213,1022,22,25,121,168,1.4107142857142858,0.05493233851881075,635,They say it’s a very scary time for young men in America.
4144,1025,11,49,113,173,1.4104046242774566,0.04632671505045365,635,Well I think you’re impenetrable too.
5935,1025,13,45,115,173,1.4104046242774566,0.04775553577981622,635,"They got you a round table,now what's wrong"
3670,1027,17,30,109,156,1.4102564102564104,0.05447075605157334,635,I guess it's a defense mechanism.
3884,1027,20,40,135,195,1.4102564102564104,0.04800527748200639,635,"Once a queen, always a queen but once a knight is enough."
380,1029,12,49,117,178,1.4101123595505618,0.04613610867982179,635,"I know you think it's ""a dangerous time to be a man"", but this just makes me want to strangle you more, Hank."""
1285,1029,19,35,124,178,1.4101123595505618,0.05072376492925198,635,Thanks for not wearing white satin.
2026,1029,20,33,125,178,1.4101123595505618,0.05134569408106999,635,Good luck. No straws are allowed in this city!
3200,1032,9,48,104,161,1.4099378881987579,0.047016623273976564,635,"Well, it is a round table."""
5624,1032,12,42,107,161,1.4099378881987579,0.04943159029148688,635,I wrote that as a metaphor.
2714,1034,14,47,122,183,1.4098360655737705,0.046579480072123224,635,"It's probably best you just keep it on, Brett."
6720,1035,16,36,114,166,1.4096385542168675,0.05132226721256936,635,Do you always ask the maitre'd for a round table?
5933,1035,12,44,110,166,1.4096385542168675,0.0483931576912195,635,My past blind dates have made me a little defensive.
525,1035,12,44,110,166,1.4096385542168675,0.0483931576912195,635,I apologize if I'm a little guarded.
1071,1035,18,32,116,166,1.4096385542168675,0.052725836286340116,635,Do you always reserve a round table?
4216,1039,16,29,104,149,1.4093959731543624,0.05554131716207265,635,So... what kind of work do you do?
221,1040,17,36,118,171,1.409356725146199,0.050910198104719494,635,You say this isn't your first time at a round table?
3049,1040,19,32,120,171,1.409356725146199,0.05224411134540036,635,What makes you think I am worried about the MeToo movement?
3756,1040,7,56,108,171,1.409356725146199,0.04363317287360332,635,‘I miss your soft side.’
3893,1040,14,42,115,171,1.409356725146199,0.04884106798841088,635,I read it as amour.
6730,1040,15,40,116,171,1.409356725146199,0.04954038122434039,635,Your armor looked shinier in your profile pictures.
5754,1045,14,44,118,176,1.4090909090909092,0.04785850850048904,635,"It was right in the Antique Store window, and somehow, no one had bought it yet. Anyway, I'm Kevin."
569,1045,18,36,122,176,1.4090909090909092,0.0504992781694119,635,It really is a scary time for men!
2130,1045,10,43,101,154,1.4090909090909092,0.04928280845836481,635,Chivalrous would be if you'd held the door for me.
2546,1045,17,38,121,176,1.4090909090909092,0.04985220186407594,635,A condom would suffice.
2937,1045,13,37,104,154,1.4090909090909092,0.05180195481846912,635,Would it have killed you to at least shine the damn suit?
3377,1045,16,31,107,154,1.4090909090909092,0.05420414962422673,635,Joanne kicked herself - she'd brought regular lubricant but left the WD-40 at home.
5787,1045,13,37,104,154,1.4090909090909092,0.05180195481846912,635,I do love a man in uniform
6045,1052,17,40,124,181,1.408839779005525,0.0488498332748003,635,"I'm sorry, I've just been hurt too many times."
4513,1053,11,43,105,159,1.4088050314465408,0.04904455850439279,635,"So Lawrence, when are you coming out?"
1067,1053,17,31,111,159,1.4088050314465408,0.05369392604653579,635,"I don't care how much you believe the wine loosens you up, you still squeak."
1562,1053,18,29,112,159,1.4088050314465408,0.054430223131922424,635,I know you asked for the round table but I'd really prefer a booth.
1349,1056,21,34,131,186,1.4086021505376345,0.05026701055238203,635,Don't take it personally.  I prefer my Knights in white satin.
2486,1056,16,44,126,186,1.4086021505376345,0.04728804453595312,635,"Ok, I'm ready to talk about our relationship."
7220,1056,19,38,129,186,1.4086021505376345,0.0490971187783732,635,"Oh, you wanted a NIGHT to remember."
5793,1059,16,35,113,164,1.4085365853658536,0.05176376228509495,635,Well you don't look like your profile picture either.
45,1059,14,39,111,164,1.4085365853658536,0.05029765091665162,635,"Too literal, Frank."
3586,1059,13,41,110,164,1.4085365853658536,0.0495483298270094,635,"Me?  I like lemon drop martinis, walks on the beach at sunset, a good book on a rainy night, and impaling heathen invaders with my trusty lance."
3891,1059,17,33,114,164,1.4085365853658536,0.052481461345841494,635,"When you called and told me that you'd been canned, frankly this wasn't what I was expecting."
6074,1063,11,36,95,142,1.408450704225352,0.053032059346174124,635,"Why don't you ask for a straw?"""
6787,1064,15,48,128,191,1.4083769633507854,0.0458069910765412,635,"Sylvia quickly grew to regret being the winning bidder in the ""Knight on the Town"" charity auction."
6910,1065,15,39,115,169,1.4082840236686391,0.049946576970811035,635,I want a relationship where I can let my guard down.
6494,1065,14,41,114,169,1.4082840236686391,0.04923635011824562,635,What? It's a very scary time for young men in America.
7565,1065,15,39,115,169,1.4082840236686391,0.049946576970811035,635,What's your day job?
6398,1065,14,41,114,169,1.4082840236686391,0.04923635011824562,635,"I just don't want to get hurt, you know?"
4442,1065,12,45,112,169,1.4082840236686391,0.047784238161731676,635,What do you mean you can’t get through to me?
4783,1065,16,37,116,169,1.4082840236686391,0.05064684520516393,635,So how long ago was your tinder picture taken?
2105,1065,16,37,116,169,1.4082840236686391,0.05064684520516393,635,I always insist on a round table.
6129,1065,11,47,111,169,1.4082840236686391,0.04704137581493985,635,The outfit I can deal with. It's your politics I can't stand.
3211,1073,13,45,116,174,1.4080459770114941,0.04753883383735767,635,So...how was your quest?
3068,1074,11,40,101,152,1.4078947368421053,0.05057637740110556,635,"Just so you know, I don't joust on the first date."
5047,1075,14,45,120,179,1.4078212290502794,0.04728158864370943,635,"On the other hand, you're the first blind date I couldn't see right through..."
7027,1075,16,41,122,179,1.4078212290502794,0.048591048784202055,635,I find that hand sanitizer also works.
252,1077,12,29,89,130,1.4076923076923078,0.05747224976180957,635,"Actually, I'm not  a 'one knight stand' type of girl."
6828,1078,16,32,109,157,1.4076433121019107,0.05342691498862353,635,They say you should always wear protection these days.
4474,1078,12,40,105,157,1.4076433121019107,0.05027721129785518,635,I am working through some intimacy issues.
2700,1078,18,28,111,157,1.4076433121019107,0.054934086684478696,635,"To be honest,the whole knight in shining armor-chivalry narrative kind of unravelled when you insisted on separate checks."
3583,1078,15,34,108,157,1.4076433121019107,0.05265715457441181,635,"I thought you said,one night stand."
2514,1082,19,28,115,162,1.4074074074074074,0.05437359339404611,635,Is that suit off the rack?  Because I heard the guy on the rack doesn't need it anymore.
2941,1082,14,38,110,162,1.4074074074074074,0.050725550544803606,635,We've been married for 40 years and I still don't really know you...
3234,1082,10,46,106,162,1.4074074074074074,0.04760626569756676,635,I can see you have issues with intimacy.
410,1085,13,42,112,167,1.407185628742515,0.048908207311504616,635,My ex said I was hard to read.
470,1085,14,40,113,167,1.407185628742515,0.049640282123672844,635,"So, I've been out of the dating scene for a while."
2019,1085,15,38,114,167,1.407185628742515,0.050361716374747935,635,The bartender here is known for his amazing screwdrivers.
2215,1085,17,34,116,167,1.407185628742515,0.05177443587327626,635,I keep my guard up on the first date
3343,1085,15,38,114,167,1.407185628742515,0.050361716374747935,635,Don’t tell me…we live happily ever after.
4905,1090,14,29,97,140,1.4071428571428573,0.0563504930315168,635,"Your disappointment is palpable, my lady, though — to speak truth — you’re no Guinevere either."
2587,1091,14,42,116,172,1.4069767441860466,0.04861457026268642,635,"Sometimes, I feel middle-aged, too."
3902,1091,14,42,116,172,1.4069767441860466,0.04861457026268642,635,I'm looking for someone middle-aged
830,1091,16,38,118,172,1.4069767441860466,0.0499937531481122,635,I was really looking for something more than just a one-Knight stand.
5173,1094,16,40,121,177,1.4067796610169492,0.048972448704479296,635,"...and Harold Limpkin, you're no Lancelot."
6281,1095,12,37,101,150,1.4066666666666667,0.051896185017672694,635,My mother told me to use protection
3566,1095,11,39,100,150,1.4066666666666667,0.05102674358388492,635,And yet you didn't hold the door for me?
7580,1097,17,40,125,182,1.4065934065934067,0.048632594572099015,635,"I'm a little rusty when it comes to first dates, too."
1320,1098,15,33,107,155,1.4064516129032258,0.05313527739356114,635,"Yes, I brought protection. Why do you ask?"
1786,1098,16,31,108,155,1.4064516129032258,0.05391794584599884,635,Well... how old do you think I am?
2042,1098,15,33,107,155,1.4064516129032258,0.05313527739356114,635,"Come to think of it, yes, I AM presently in need of rescuing."
2261,1098,13,37,105,155,1.4064516129032258,0.05153429287928516,635,You don't look anything like your profile picture either.
4319,1098,12,39,104,155,1.4064516129032258,0.05071485149348825,635,Can't we have just one night out when we don't fight?
6278,1098,12,39,104,155,1.4064516129032258,0.05071485149348825,635,Aren't there supposed to be more of you around the table?
3997,1104,13,39,108,160,1.40625,0.05038911092686594,635,I'm rethinking the whole knight-in-shining-armor thing.
1650,1104,13,39,108,160,1.40625,0.05038911092686594,635,You did wish for a knight out on the town.
6954,1106,15,37,113,165,1.406060606060606,0.050786111271450045,635,I should have never told you my name is Guinevere.
6306,1107,17,48,137,202,1.4059405940594059,0.04513493643235351,635,"Sorry, but I like Lance a lot more."
1015,1108,12,45,113,170,1.4058823529411764,0.04756299709754901,635,Need a straw?
6867,1108,16,37,117,170,1.4058823529411764,0.050405290099339445,635,Forgive me but I’m a little rusty.
5264,1110,15,41,119,175,1.4057142857142857,0.04869201682958109,635,"I see ... You thought I said I was into ""amore."""
4564,1110,16,39,120,175,1.4057142857142857,0.049361867346404124,635,It's a dangerous time for young men in America.
3514,1110,13,45,117,175,1.4057142857142857,0.047323879943941924,635,Would it be rude to ask for a straw?
872,1110,13,45,117,175,1.4057142857142857,0.047323879943941924,635,"If you were a real knight in shining armor, you wouldn't ask me to split the bill."
1738,1110,15,41,119,175,1.4057142857142857,0.04869201682958109,635,"I don't put it in my profile,but I'm heavy into metal....."
266,1110,18,35,122,175,1.4057142857142857,0.05067501196751292,635,"No, it’s fine..I just never thought to take your profile so...literally..."
2819,1110,14,43,118,175,1.4057142857142857,0.04801282180772568,635,"Bob, when you said you'd be wearing protection tonight, I thought you meant something else?"
3783,1117,18,37,125,180,1.4055555555555554,0.04964005900094969,635,"Oh, Arthur, I haven't had a date knight in ages!"
3888,1117,10,53,117,180,1.4055555555555554,0.04435706805201917,635,"Your dating profile said you were a lover, not a fighter."
7738,1117,14,45,121,180,1.4055555555555554,0.04707273597205301,635,You think I'm the defensive one?
4927,1120,17,41,127,185,1.4054054054054055,0.048050904080151655,635,How long has it been since your divorce?
2962,1121,15,32,106,153,1.4052287581699345,0.05362496737175651,635,"I checked your profile, it said you liked history and role playing. I just put the dots together."
3931,1122,19,41,135,195,1.405128205128205,0.04739998354699783,635,"It's just one Knight, come on."
1233,1123,16,32,110,158,1.4050632911392404,0.05315034959111755,635,This is my first time on MedievalMatch.com.
2040,1123,16,32,110,158,1.4050632911392404,0.05315034959111755,635,"No, actually l'm a morning person."
6852,1125,14,38,111,163,1.4049079754601228,0.05047531165088862,635,Perhaps I was a little vague when I said I enjoyed heavy metal.
5170,1126,17,34,117,168,1.4047619047619047,0.051522372188268065,635,I thought this was for middle age singles.
2950,1126,14,40,114,168,1.4047619047619047,0.04940340916998829,635,"You remind me of my first boyfriend, shiny and dull at the same time."""
4580,1126,12,44,112,168,1.4047619047619047,0.047938761339419884,635,"When you said 'Ironman' , I though you were an athlete!"
2082,1129,16,40,122,178,1.404494382022472,0.04875013879937401,635,So your sword wasn't innuendo?
2217,1129,17,38,123,178,1.404494382022472,0.04939692303197683,635,"I'm sorry, I thought you knew my ex husband was a bishop"
309,1131,19,36,128,183,1.4043715846994536,0.04964187567911173,635,"The hardest part is finding a restaurant that will still give me a straw."""
6215,1132,16,44,128,188,1.4042553191489362,0.04688395744268571,635,It's your move.
1901,1133,13,37,106,156,1.4038461538461537,0.05126912574907167,635,They say that once a knight is enough.
5599,1133,15,33,108,156,1.4038461538461537,0.05285782086836071,635,I need to go to the men's room. Do you have a can opener?
232,1135,12,41,108,161,1.4037267080745341,0.04935836911325174,635,So when I told Alexa I needed a  Night Out
738,1135,10,45,106,161,1.4037267080745341,0.04775949223363261,635,I suppose you left your wallet in your other suit of armor.
1386,1135,13,39,109,161,1.4037267080745341,0.050138691178298604,635,"So how was work today, Larry?"
2116,1135,19,27,115,161,1.4037267080745341,0.05458687445155262,635,[Run it without a caption next to Trump's remarks about how dangerous a time this is for boys and men.]
2184,1139,13,41,112,166,1.4036144578313252,0.04907238520395905,635,"Lately, I just can't seem to get through to you."
7428,1139,19,29,118,166,1.4036144578313252,0.05334993055639756,635,"So, the search for the Holy Grail led you to a wine bar?"
3739,1139,13,41,112,166,1.4036144578313252,0.04907238520395905,635,Really Arthur it was more of a metaphor
2181,1139,14,39,113,166,1.4036144578313252,0.04981082552752486,635,I never know how to dress on a first date.
1974,1139,9,49,108,166,1.4036144578313252,0.04600023466347322,635,What you may or may not have on under it is irrelevant
1185,1139,17,33,116,166,1.4036144578313252,0.05196322151403697,635,Now I understand why you asked for a round table.
4012,1145,15,39,117,171,1.4035087719298245,0.04947536757267596,635,"I'm sorry, but I like my damsels in distress."
7093,1146,16,39,121,176,1.4034090909090908,0.049134705691841175,635,It’s a dangerous time for young men.
3682,1147,11,51,119,181,1.4033149171270718,0.0448577353713209,635,I’ve always wanted to meet a Renaissance man.
6776,1147,15,43,123,181,1.4033149171270718,0.047515953525774784,635,I agree; the wine has a metallic taste.
3927,1149,13,30,96,139,1.4028776978417266,0.055665773975466605,635,"They said you’d come”someday,” but at this point, I just don’t give a damn.”"
2578,1150,12,38,104,154,1.4025974025974026,0.050897621826602193,635,"Maybe, but inside I'm still a pirate."
7404,1150,15,32,107,154,1.4025974025974026,0.05334055887478734,635,I misread your profile. I thought you were seeking a woman who was interested in amour.
6612,1152,13,38,108,159,1.4025157232704402,0.050567590334221875,635,"Howard, it's more the white horse that I've fantasized about."
7006,1152,14,36,109,159,1.4025157232704402,0.05134873599330073,635,"No, I do not want to come up to your room and see your holy grail ..."
7654,1152,17,30,112,159,1.4025157232704402,0.0536239421882588,635,I think you're at the wrong round table.
7567,1155,15,36,113,164,1.4024390243902438,0.0509666488633309,635,Everything tastes like WD-40 to you!
1075,1155,11,44,109,164,1.4024390243902438,0.047940927191796406,635,Shirley tells me you like horses...
997,1155,12,42,110,164,1.4024390243902438,0.04871497920656808,635,"Where's all that 'chivalry is dead' talk now, Marge?"
4800,1155,10,46,108,164,1.4024390243902438,0.04715417055703437,635,"No, I don't have a problem with middle-aged men."
3917,1159,13,42,114,169,1.4023668639053255,0.04844694720973954,635,Tell me about your mother...
7578,1159,15,38,116,169,1.4023668639053255,0.04987976994947613,635,Don't tell me that you are also wearing Under Armour.
1926,1161,11,48,115,174,1.4022988505747127,0.04605169669887236,635,It's nice to finally sit down after all these centuries.
4451,1161,14,42,118,174,1.4022988505747127,0.04816721990120218,635,You don't need to be so defensive.
7649,1161,14,42,118,174,1.4022988505747127,0.04816721990120218,635,I've got to stop swiping right after watching Game of Thrones.
2522,1164,16,40,123,179,1.4022346368715084,0.04852966679207242,635,"When your dating profile said ""Chivalry isn't dead,"" this isn't quite what I pictured."
7403,1164,19,34,126,179,1.4022346368715084,0.05043253567750886,635,Sometimes it’s hard to get through to you!
2808,1166,14,46,124,184,1.4021739130434783,0.04631821330646319,635,And another thing.  You never let down your defenses.
6391,1166,13,48,123,184,1.4021739130434783,0.04567253389796157,635,Why do you always seem so defensive?
7584,1166,14,46,124,184,1.4021739130434783,0.04631821330646319,635,"Well, one: it was a metaphor, and two: you're not that shiny."
1669,1169,17,42,130,189,1.402116402116402,0.04728326708882655,635,Me defensive?
7559,1169,14,48,127,189,1.402116402116402,0.04546257225019035,635,"No, I wouldn't say I'm especially ""in distress."" Why do you ask?"
3685,1171,7,45,95,147,1.401360544217687,0.04793748447525703,635,I wish you would let your guard down once in a while.
5843,1172,10,45,107,162,1.4012345679012346,0.04752914630762563,635,My hobbies??  I am into vintage clothing.
3766,1172,12,41,109,162,1.4012345679012346,0.04911600778702128,635,I thought you would be shinier.
2733,1172,11,43,108,162,1.4012345679012346,0.04832909046147267,635,I only need a few more to take off my armor.
1886,1172,10,45,107,162,1.4012345679012346,0.04752914630762563,635,I see why he insisted on a round table.
299,1172,16,33,113,162,1.4012345679012346,0.052145058877527774,635,I figured I'd find you seated at a round table.
1231,1177,12,43,112,167,1.401197604790419,0.04809319902519277,635,Not what​ I was picturing when you offered me a night out.
1317,1177,19,29,119,167,1.401197604790419,0.053084553880821554,635,All of my friends think that chivalry is dead.
2164,1179,11,47,114,172,1.4011627906976745,0.04639886712177673,635,Look daggers at me all you want.  It won't do any good.
6700,1180,13,45,119,177,1.4011299435028248,0.04689915240169089,635,"Wait, you’re an actuary too?"
7166,1180,11,49,117,177,1.4011299435028248,0.0455096454086546,635,I sense you have some vulnerability issues.
2756,1182,10,53,119,182,1.401098901098901,0.04398070160200697,635,Now it feels like you're getting defensive.
5138,1183,16,43,128,187,1.4010695187165776,0.04702640270329027,635,This is not going to be a knight to remember.
5496,1184,17,38,125,180,1.4,0.04894923198813674,635,I always feel you’re hiding something.
5123,1184,10,38,97,145,1.4,0.05123007976567024,635,You think the waitress forgot about my straw?
4336,1184,12,42,111,165,1.4,0.0484802289003985,635,"You’re not into heavy metal, are you?"
1435,1184,15,38,117,170,1.4,0.049641948061185444,635,I always request a round table.
6806,1184,17,30,113,160,1.4,0.0533470894209378,635,"To be frank, I'm looking for something more than just a one knight stand"
4214,1184,12,38,105,155,1.4,0.050634846945340393,635,"I said I wanted amour,not armor."
6167,1184,18,30,117,165,1.4,0.05285632955738962,635,"You know, Toby, this ISN'T what I meant when I asked you about protection."
3817,1184,11,48,116,175,1.4,0.04584546040490022,635,"Yep, it makes you look fat."
338,1184,16,30,109,155,1.4,0.053842700967016356,635,I think Under Armour is more sexy
3419,1184,14,38,113,165,1.4,0.04998151912707152,635,You're being defensive again.
3191,1184,17,34,119,170,1.4,0.05102499677469847,635,"Yeah, that pic is a couple years old."
3151,1184,16,42,127,185,1.4,0.04737529241466328,635,"Well, in my defense I did say that I have an active knight life!"""
3064,1184,16,38,121,175,1.4,0.04929719530253444,635,You said you wanted me to be more chivalrous!
2174,1184,11,44,110,165,1.4,0.0477118723613698,635,Thank you for reserving the round table.
1115,1184,12,38,105,155,1.4,0.050634846945340393,635,I understand some of your restaurant reviews have been controversial.
3471,1184,15,40,120,175,1.4,0.04862645390838646,635,Do I feel vulnerable after my last relationship?  Why do you ask?
170,1200,13,49,126,188,1.398936170212766,0.044964868915927436,635,"Uh, you called me Guinevere again."""
6163,1201,19,35,129,183,1.3989071038251366,0.04958234905972428,635,"I thought your profile said, “Night of Amor.”"
4788,1201,14,45,124,183,1.3989071038251366,0.04645603444542802,635,Don't make that face at me.
1997,1201,18,37,128,183,1.3989071038251366,0.04897305481490032,635,"""I asked Alexa for a nice night with an amour, so I'm guessing you're here because of autocorrection."""
3221,1201,14,45,124,183,1.3989071038251366,0.04645603444542802,635,"If this relationship is going anywhere, you're going to have to le your guard down."
3793,1201,15,43,125,183,1.3989071038251366,0.047097902042149434,635,So my ex-wife used to complain that I was too defensive about everything...
1848,1206,16,39,123,178,1.398876404494382,0.04868608655938901,635,We all have itches we'd like to scratch.
5927,1206,15,41,122,178,1.398876404494382,0.048029730921581346,635,"Actually, all the tables are round."
802,1208,18,33,122,173,1.3988439306358382,0.051027804503441354,635,Why is this knight different from all other knights?
565,1208,17,35,121,173,1.3988439306358382,0.05036490342803946,635,"Yes, I know what my profile said I was looking for, 
but you are the first guy to take me literally."
4801,1210,13,41,114,168,1.3988095238095237,0.04860462462227389,635,You look nothing like your photo.
5041,1210,14,39,115,168,1.3988095238095237,0.04933249977552187,635,"No, Lance, I asked if you were, like, middle-aged."
2658,1210,11,45,112,168,1.3988095238095237,0.04711515187084436,635,"Well, your profile did say you had abs of steel."
3656,1210,15,37,116,168,1.3988095238095237,0.05004979054433272,635,"You meet so few ""Guinivere's"" on Match.com that, frankly, I was intrigued"
7113,1210,16,35,117,168,1.3988095238095237,0.050756945662256796,635,Really....you ordered the ‘Sir Loin’?
2909,1215,16,33,114,163,1.3987730061349692,0.05188259027426864,635,And whither didst thou goest after graduate school?
6773,1216,11,41,106,158,1.3987341772151898,0.049131679265208256,635,A knight out on the town sounded so good.
7764,1216,11,41,106,158,1.3987341772151898,0.049131679265208256,635,"I go by Gwen, now."
1714,1216,7,49,102,158,1.3987341772151898,0.04573203786281019,635,You were so much more open online.
1390,1219,13,33,102,148,1.3986486486486487,0.053158956807005275,635,Not what I meant when I said you need to bring protection.
6137,1220,16,44,131,191,1.3979057591623036,0.04628948004866999,635,"Next time, try not to make a scene about a square table."
863,1221,8,52,111,171,1.3976608187134503,0.04426484087689004,635,Maybe a glass of mead will help you loosen up.
938,1221,12,44,115,171,1.3976608187134503,0.047271280247884205,635,This wasn’t what I was expecting when my profile noted I was into heavy metal
2552,1221,12,44,115,171,1.3976608187134503,0.047271280247884205,635,I guess protection is an ambiguous term.
2826,1221,10,48,113,171,1.3976608187134503,0.04579274000390457,635,My fetish leans more towards scrapbooking.
5273,1225,15,36,115,166,1.3975903614457832,0.050466620081087724,635,I'm a knight. We're at the round table. Your turn.
1577,1226,12,40,109,161,1.3975155279503106,0.049280146609084814,635,"At least I'm willing to try new things, Diane."
3800,1226,9,46,106,161,1.3975155279503106,0.046857375034827856,635,"I don't know about you, but I haven't been on a date in ages."
2395,1228,12,38,106,156,1.3974358974358974,0.05037451728489599,635,I was speaking figuratively.
2039,1229,11,38,102,151,1.3973509933774835,0.050672710977923224,635,You said to wear my best suit.
3403,1230,13,49,127,189,1.3968253968253967,0.0447761060679226,635,"oh, you meant a one NIGHT stand."
6922,1230,20,35,134,189,1.3968253968253967,0.04897867604289401,635,Me? I'm the Brand Manager for Over Armour.
6572,1232,19,35,130,184,1.3967391304347827,0.049359777210479204,635,This new straw ban must be killing you!
5314,1233,17,35,122,174,1.396551724137931,0.05012704974384207,635,"Speak, that I may know you."
6214,1233,15,39,120,174,1.396551724137931,0.048783599497280436,635,"So, this is date knight."
6758,1233,13,43,118,174,1.396551724137931,0.047402089023591595,635,"First of all, I am not being defensive."
839,1236,13,41,115,169,1.3964497041420119,0.04837376121668924,635,Are we making eye contact yet?
4196,1236,9,49,111,169,1.3964497041420119,0.04536795412745128,635,I’m always a little defensive on a first date.
7235,1236,15,37,117,169,1.3964497041420119,0.04980868930737526,635,So the knight picture is not just your online avatar.
1487,1239,11,43,110,164,1.396341463414634,0.04786235692234486,635,I don’t joust on the first date.
4729,1239,15,35,114,164,1.396341463414634,0.050892750038791165,635,You're not your typical one knight stand.
5050,1239,10,45,109,164,1.396341463414634,0.04707428715418532,635,I said I wanted a date NIGHT...N-I-G-H-T!
391,1242,16,29,109,154,1.396103896103896,0.0540514042060869,635,"Go ahead,  I want to see you drink it."
2075,1242,13,35,106,154,1.396103896103896,0.051642104751636005,635,I'm actually a woman so that's on you for assuming.
5105,1242,15,31,108,154,1.396103896103896,0.05326041549618417,635,I am glad that you brought protection.
3010,1245,16,46,135,197,1.3959390862944163,0.045266099541089504,635,It only takes one drink for me to open up. I'm just waiting for the straw.
5473,1246,16,44,132,192,1.3958333333333333,0.04609437009053328,635,What trust issues?
6766,1246,12,33,99,144,1.3958333333333333,0.05327169916216237,635,I work in hardware. How about you?”
718,1248,19,36,132,187,1.3957219251336899,0.04876620983616069,635,"When you said you were in the military, l guess I expected some thing else"
7658,1249,10,35,94,139,1.39568345323741,0.05268191052720168,635,"A ""knight"" to remember. Really?"
30,1250,17,38,127,182,1.3956043956043955,0.048508969643663344,635,Well you said you didn't want to see me anymore
327,1250,19,34,129,182,1.3956043956043955,0.04974480547434102,635,...and the horse you rode in on.
1405,1252,12,46,119,177,1.3954802259887005,0.04613892295283652,635,Did I mention I live in a castle?
1797,1252,15,40,122,177,1.3954802259887005,0.048180952848725526,635,Sorry I said 'Shut your trap'.
5241,1252,11,48,118,177,1.3954802259887005,0.045437857298292667,635,A boring knight on the town.
6502,1252,16,38,123,177,1.3954802259887005,0.04884266119693816,635,You're a lot rustier in person than you looked online.
1632,1256,16,36,120,172,1.3953488372093024,0.04985913758683844,635,I hope you don't find my wearing protection presumptuous.
7048,1256,13,42,117,172,1.3953488372093024,0.04776960574350838,635,"I'm tasting black pepper, cherries and a hint of conquest."
7784,1256,12,44,116,172,1.3953488372093024,0.04705247896642511,635,It’s hard for me to let my guard down.
1949,1259,17,32,118,167,1.3952095808383234,0.05163657655861628,635,Don't tell me I misspelled  'date night'  again.
6775,1259,14,38,115,167,1.3952095808383234,0.04949647904665218,635,"The counselor recommended amour, not armor!"
3747,1261,8,48,106,162,1.3950617283950617,0.04580226141392368,635,"Yes, I can see that, but who are you underneath it all?"
3913,1261,15,34,113,162,1.3950617283950617,0.05132850868026542,635,You don’t look like the wench in your picture.
7505,1261,12,40,110,162,1.3950617283950617,0.04903643640228667,635,Do you have a straw
3317,1264,13,36,108,157,1.394904458598726,0.050924782561811544,635,Careful what  you wish for.
1677,1265,11,38,103,152,1.394736842105263,0.05040606697001892,635,"So yeah, that’s how I haven’t been stung by a bee in over 35 years."
2513,1265,10,40,102,152,1.394736842105263,0.04953416206665211,635,The quest is just my day job. My real passion is wine.
5554,1265,13,49,128,190,1.394736842105263,0.04458876011198039,635,I see you still work at the Renaissance Fair.
1061,1268,12,49,124,185,1.3945945945945946,0.04475898198910884,635,It protects you as well as me.
2310,1268,9,55,121,185,1.3945945945945946,0.042744628305319124,635,"Armor, Armani, six of one, half a dozen of another, am I right?"
1174,1270,17,37,126,180,1.3944444444444444,0.04888402153977127,635,I’m gonna call it a knight.
2548,1271,15,39,121,175,1.3942857142857144,0.048556937855818806,635,My Friday knight was more fun.
532,1272,17,33,120,170,1.3941176470588235,0.050954726821149675,635,I said wine and amour not... oh never mind
728,1272,16,35,119,170,1.3941176470588235,0.050266992561159976,635,I hope you brought a can opener.
1444,1272,11,45,114,170,1.3941176470588235,0.046676571422634754,635,I am NOT being defensive!
3507,1272,15,37,118,170,1.3941176470588235,0.049569717538729574,635,I'm a little rusty.
4105,1272,13,41,116,170,1.3941176470588235,0.048144881434279994,635,"I know how it feels,my Spanx is killing mem,too."
6373,1272,9,49,112,170,1.3941176470588235,0.04516054728658376,635,I’m just trying to get you to open up a little.
7495,1278,15,35,115,165,1.393939393939394,0.05064037057600019,635,"No, no....let me guess.  Intimacy issues?"
4607,1278,11,43,111,165,1.393939393939394,0.04763200407336502,635,My profile said I was interested in amore not armor.
2364,1278,13,39,113,165,1.393939393939394,0.049159205364406,635,It has been ages since I opened myself up.
3654,1278,11,43,111,165,1.393939393939394,0.04763200407336502,635,"""Your dating-site profile comment about 'liking men in uniform' didn't specify which era"
4471,1278,13,39,113,165,1.393939393939394,0.049159205364406,635,"So tell me more about this book, Eat. Pray. Crusade."
800,1283,16,44,133,193,1.3937823834196892,0.04590076063369213,635,"Sorry, I’m a little rusty"
4025,1283,19,38,136,193,1.3937823834196892,0.047631889792418454,635,I’m always guarded on a first date!
4251,1283,15,46,132,193,1.3937823834196892,0.045309021845576954,635,This isn't going to work of you won't just open up a little.
3326,1286,10,43,107,160,1.39375,0.04782771344059818,635,"Well yes, Lance, my ad did say that."
5328,1287,15,44,129,188,1.3936170212765957,0.046148859924333256,635,"Yes, I am a republican, how did you guess?"
3110,1288,14,44,125,183,1.3934426229508197,0.04638888353699832,635,It’s becoming harder for me to read your feelings.
4226,1288,13,46,124,183,1.3934426229508197,0.04573706675588285,635,"It's not about your dating history, madam, I always wear protection."
5875,1290,14,31,105,150,1.3933333333333333,0.053425535513384165,635,"Yes, I still see the chink in your armor after three drinks."
3940,1291,18,34,126,178,1.3932584269662922,0.049906886609559865,635,Maybe we should just call it a night.
5659,1291,13,44,121,178,1.3932584269662922,0.046618638662185366,635,"What do you mean, they’ve outlawed straws?"
2633,1291,15,40,123,178,1.3932584269662922,0.04796099889340326,635,"Actually it's Ralph, you're thinking of my brother Lance."
3778,1291,12,46,120,178,1.3932584269662922,0.045932749739663874,635,You've rusted your what?
722,1295,10,37,98,145,1.393103448275862,0.05113327912536834,635,I suppose I use it as a sort of defense mechanism.
427,1295,15,27,103,145,1.393103448275862,0.055619595802000966,635,"Sorry about the autocorrect. I meant, amore."
3421,1297,15,38,120,173,1.393063583815029,0.04894081662661735,635,"It's Chateau Nottingham, 1266."
115,1298,17,32,119,168,1.3928571428571428,0.051382174997273176,635,Don't worry.  I brought protection
2883,1298,21,24,123,168,1.3928571428571428,0.054085782837722265,635,I said I was looking for amour not armor!
3522,1298,11,44,113,168,1.3928571428571428,0.04703628291938185,635,I think we'd best call it a knight.
4603,1298,12,31,97,140,1.3928571428571428,0.05430721162491817,635,What's the problem? You wanted a knight on the town.
5911,1298,18,30,120,168,1.3928571428571428,0.05207123876844219,635,"Since you ask, I said I was seeking ""a night of amour."""
1690,1303,14,47,130,191,1.3926701570680629,0.04501912830032124,635,"Great, another knight in shining armor."
2634,1303,21,33,137,191,1.3926701570680629,0.04911723852034891,635,It is a difficult and scary time for young men in America ...
6012,1305,11,42,110,163,1.392638036809816,0.048012519844418074,635,"I thought you said ""knight cap""."
2365,1305,19,26,118,163,1.392638036809816,0.05395484184132212,635,...and you said I would never use it! Ha!
4742,1305,11,42,110,163,1.392638036809816,0.048012519844418074,635,It looks like another boring knight.
6577,1308,13,36,109,158,1.3924050632911393,0.05066313699139136,635,It's the personal magnetism bit that worries me.
4081,1308,13,36,109,158,1.3924050632911393,0.05066313699139136,635,You need to open up more.
3669,1308,13,36,109,158,1.3924050632911393,0.05066313699139136,635,So tell me about yourself Mr. Kavanaugh”
4383,1311,14,43,124,181,1.3922651933701657,0.04673146358819822,635,You want me to tie my scarf around your what?
1361,1312,15,30,108,153,1.392156862745098,0.05346225236948235,635,I said that I was looking for amour.
4057,1312,19,42,143,204,1.392156862745098,0.04573668303591541,635,I'm so glad they were able to get us a round table
7756,1312,17,26,110,153,1.392156862745098,0.055047352819451986,635,"It's not what I expected when you said you had a ""night"" job."
940,1315,18,42,139,199,1.3919597989949748,0.046014481557761694,635,You're always so defensive.
6514,1316,12,34,102,148,1.3918918918918919,0.0521950032223775,635,I just continue to have the feeling that you're hiding something...
1565,1317,14,39,118,171,1.391812865497076,0.04863055405972705,635,You look shinier in your photo.
1631,1317,13,41,117,171,1.391812865497076,0.04791796467455219,635,"While I suspect your chivalrous heart is in the right place, I think we both can agree that your wallet is conveniently out of reach."
4632,1317,16,35,120,171,1.391812865497076,0.050025290477565855,635,"Our profiles both said ""into heavy metal"".  Not quite on the same page."
5309,1317,13,41,117,171,1.391812865497076,0.04791796467455219,635,"So, how long will you be gone?"
3315,1321,14,48,132,194,1.3917525773195876,0.04452468561332132,635,Looks like we're both a little rusty at dating.
1699,1322,14,37,115,166,1.391566265060241,0.049660472905777124,635,Knight in shining armor was a metaphor.
6170,1323,10,43,108,161,1.391304347826087,0.04759259774921409,635,What would you wear if we had a square table?
5435,1323,12,48,124,184,1.391304347826087,0.044881144665520074,635,"I know you've been hurt before, but you can open up to me."
1965,1323,13,46,125,184,1.391304347826087,0.045538046485657645,635,Your castle or mine?
418,1323,14,35,112,161,1.391304347826087,0.05075051099969022,635,I wish you'd stop being so defensive.
5075,1327,10,50,119,179,1.3910614525139664,0.04433429167407398,635,You call that activewear?
5950,1327,16,38,125,179,1.3910614525139664,0.04839580157481763,635,Funny. You wear yours on the outside.
7119,1327,13,44,122,179,1.3910614525139664,0.046409498102818275,635,"Next time we role play, you’re the mid-level accountant."
370,1330,14,33,109,156,1.391025641025641,0.051906352931664325,635,I think you are sitting at the wrong round table.
1762,1331,19,30,125,174,1.3908045977011494,0.05136670660537447,635,"I'm sorry, do you need a straw?"
4958,1331,15,38,121,174,1.3908045977011494,0.048711143235008414,635,I am returning from the war of the rosés.  You?
995,1333,14,31,106,151,1.390728476821192,0.05313443314200577,635,Drinking straw ban? Well this is awkward.
217,1334,15,45,132,192,1.390625,0.04543490305454515,635,"If we are in a relationship, I'm going to need you to open up."
6180,1334,17,41,134,192,1.390625,0.04661979685933792,635,Shall we begin in some verbal jousting?
7737,1336,12,42,115,169,1.3905325443786982,0.047561283178810775,635,I thought you were going to night school.
7789,1336,12,42,115,169,1.3905325443786982,0.047561283178810775,635,"Gee, I thought you were just being metaphorical in your personal ad."
6172,1336,15,36,118,169,1.3905325443786982,0.04973331672047508,635,"98% match, my ass!"
890,1336,16,34,119,169,1.3905325443786982,0.05043654597763186,635,Your breath still stinks
522,1336,12,42,115,169,1.3905325443786982,0.047561283178810775,635,You could have just asked for a bib.
3265,1336,15,36,118,169,1.3905325443786982,0.04973331672047508,635,Mary couldn’t understand why her footsie attempts were not reciprocated.
4454,1342,15,43,129,187,1.3903743315508021,0.046281630875234854,635,Your reservation for the round table was a very thoughtful gesture m'lady.
1823,1343,16,32,116,164,1.3902439024390243,0.05154517646071496,635,"Well, so far I'm still the Deputy Attorney General."
2068,1343,11,42,111,164,1.3902439024390243,0.04777888363001026,635,You look rustier than your profile picture!
5321,1343,12,40,112,164,1.3902439024390243,0.04855551894499016,635,I was really worried you wouldn't match your profile picture.
5635,1343,12,40,112,164,1.3902439024390243,0.04855551894499016,635,The real me comes out after a few glasses of wine
7054,1343,15,34,115,164,1.3902439024390243,0.05081425505976652,635,At least you requested a round table!
3821,1348,18,35,129,182,1.39010989010989,0.049064528575821546,635,So when you wrote ‘Seeking Knight in Shining Armor’ that was figuratively speaking?”
3975,1348,13,45,124,182,1.39010989010989,0.04586680853179309,635,"On the plus side, male coworkers pretty much leave me alone now."
4623,1348,16,39,127,182,1.39010989010989,0.04781111197804787,635,"To be perfectly honest, Ulrich, I believe I was happier when I thought chivalry was dead."
4061,1351,11,40,108,159,1.389937106918239,0.048798924780687335,635,My therapist says I’m too defensive.
1942,1352,16,37,124,177,1.3898305084745763,0.04877206048577863,635,Why don't we take the horse back to my place?
7577,1352,14,41,122,177,1.3898305084745763,0.04743744526482109,635,Your ex still comes here?
1730,1352,13,43,121,177,1.3898305084745763,0.04675585394220836,635,"Y'know, I've just about decided that it might be more convenient to just go ahead and get a flu shot."
6024,1355,13,34,107,154,1.3896103896103895,0.051553975950156095,635,Agreed. You will stop saying you think Trump is great and I will stop throwing hot coffee in your face
1485,1356,12,43,117,172,1.3895348837209303,0.046974694058702145,635,Hard to read? How so?
1570,1356,12,43,117,172,1.3895348837209303,0.046974694058702145,635,It's our third date can you at least lift your visor?
3584,1356,14,39,119,172,1.3895348837209303,0.04840062803226184,635,You were shinier in your profile picture.
4676,1356,11,45,116,172,1.3895348837209303,0.04624524219748789,635,My psychiatrist said I needed better defense mechanisms.
4805,1356,17,33,122,172,1.3895348837209303,0.05046403830383005,635,"I don't know, it's just that you seemed more gallant at the Renaissance fair."
6858,1361,15,44,131,190,1.3894736842105264,0.045755195753196,635,You require my fealty?
6900,1361,17,40,133,190,1.3894736842105264,0.0469566557953937,635,"I have heard of using protection on a first date, but this is ridiculous!"
3936,1363,11,36,102,149,1.389261744966443,0.05102914148768146,635,"You'll enjoy a knight out, they said..."
6860,1363,16,26,107,149,1.389261744966443,0.0552941849456689,635,You said you wanted a knight to remember.
6790,1365,13,39,115,167,1.3892215568862276,0.048682445272247986,635,"No, I’m not being defensive, you are!"
3224,1365,14,37,116,167,1.3892215568862276,0.04941786462989008,635,"I suggested role-playing in the bedroom, not at dinner..."
6839,1365,16,33,118,167,1.3892215568862276,0.050856809557458305,635,"Today, I'm identifying as 35% female, 25% male, and 40% sheet metal from China."
6888,1368,17,38,130,185,1.3891891891891892,0.04786216328025097,635,"Yeah, the visor is a pain alright, but the codpiece is what really cramps my style."
398,1368,13,46,126,185,1.3891891891891892,0.04534058940445558,635,"Soooo, you said change was difficult for you."
4545,1370,16,31,115,162,1.3888888888888888,0.051990514255763905,635,"I said that I wanted to meet a thin man, not a tin man."
5114,1370,13,37,112,162,1.3888888888888888,0.04972896403781414,635,Well I think you're the one being defensive.
6702,1370,15,40,125,180,1.3888888888888888,0.04752658695238461,635,But I’m emotionally vulnerable
7161,1370,13,37,112,162,1.3888888888888888,0.04972896403781414,635,Do you think they'll judge me if I ask for a straw?
2350,1374,17,41,135,193,1.38860103626943,0.04642175731296444,635,Just keep your codpiece where I can see it.
5038,1375,15,38,122,175,1.3885714285714286,0.04848345166776449,635,Wine always helps me let my guard down.
5486,1375,14,40,121,175,1.3885714285714286,0.0478012932945194,635,"To be fair, your ad did say you were looking for a good night"
1313,1377,12,37,108,157,1.3885350318471337,0.05002831268346424,635,"When you said you liked to joust, I assumed you meant verbally."
1068,1378,10,34,95,139,1.3884892086330936,0.05257501442005063,635,I heard you have a rapier wit.
2456,1379,13,40,117,170,1.388235294117647,0.048066141990550225,635,It opens if you swipe right.
4973,1379,11,44,115,170,1.388235294117647,0.04659535081214842,635,Another iron clad alibi why you are late?
4073,1379,16,34,120,170,1.388235294117647,0.050191582348821887,635,"What do you mean, I'm too defensive?"
735,1379,12,42,116,170,1.388235294117647,0.047336459115373826,635,You thought I meant a night on the town?
2891,1379,12,42,116,170,1.388235294117647,0.047336459115373826,635,"Well, I think *you're* guarded."
733,1384,11,37,104,152,1.388157894736842,0.05031215049456608,635,I’m into heavy metal.
6629,1385,10,37,100,147,1.3877551020408163,0.0505758283710382,635,I'm just glad to finally get a knight out.
6247,1386,13,36,111,160,1.3875,0.05014718901431801,635,I said I wanted a “date night “ not a “knight date”!!!
3628,1387,7,41,94,142,1.3873239436619718,0.048808182637422315,635,I take it you've been hurt before?
4543,1388,16,35,122,173,1.3872832369942196,0.04954831032269102,635,I'd always envisioned it being more - ya know - shining.
6967,1389,9,42,104,155,1.3870967741935485,0.04790289785045556,635,I don’t think I can get past your defense mechanisms.
5682,1389,8,44,103,155,1.3870967741935485,0.04702021312063362,635,"Don’t worry, everyone feels guarded on first dates"
7334,1389,14,32,109,155,1.3870967741935485,0.05209245171114574,635,My mistake. I thought that app was ‘middle agers dating service.’
5563,1389,14,32,109,155,1.3870967741935485,0.05209245171114574,635,My last blind date said he was Prince Charming.
7740,1389,10,40,105,155,1.3870967741935485,0.04876960942054544,635,I guess we've both decided to get back on the horse.
3150,1389,14,32,109,155,1.3870967741935485,0.05209245171114574,635,I was speaking metaphorically.
1206,1389,17,38,131,186,1.3870967741935485,0.04765010765577179,635,I had guessed you said to call you ‘Rusty’  because you’d have red hair.
347,1389,14,44,128,186,1.3870967741935485,0.04578389283692728,635,I wish you could be more vulnerable with me.
5367,1389,12,36,107,155,1.3870967741935485,0.050458390423747196,635,"I gotta be honest, I swiped right 'cause I thought it was a metaphor."
7607,1398,11,43,114,168,1.3869047619047619,0.04695276311897269,635,This is why I need to dress you.
6430,1398,13,39,116,168,1.3869047619047619,0.04844722864484392,635,If I hear you say this has a metallic taste one more time...
1127,1398,10,45,113,168,1.3869047619047619,0.04618740050139918,635,Why do they always put me at the round table?
2999,1398,11,43,114,168,1.3869047619047619,0.04695276311897269,635,My Mom made it for me when I started dating.
5952,1398,12,41,115,168,1.3869047619047619,0.047705848320054776,635,You forgot to bring your straws again?
763,1403,16,38,127,181,1.3867403314917126,0.047956451749934896,635,You might want to ask for a straw.
6583,1403,13,44,124,181,1.3867403314917126,0.045996295522886754,635,"Look on the bright side. If I'm a knight in shining armor, then that makes you a fair maiden."
7260,1403,13,44,124,181,1.3867403314917126,0.045996295522886754,635,"I said I wanted ""date night"" not to date a knight."
2606,1406,13,32,105,150,1.3866666666666667,0.052487703186855764,635,You’re not the first rough knight I’ve had!
7722,1406,10,38,102,150,1.3866666666666667,0.049864843426932995,635,"No, I don’t think it’s an exaggeration to call it a defense mechanism."
662,1408,13,37,113,163,1.3865030674846626,0.049480489281416525,635,"When I said ""Show me a night I'll never forget,"" this isn't what I had in mind."
1414,1408,14,35,114,163,1.3865030674846626,0.050240015740118014,635,I didn’t grasp just how “old fashioned” you are.
2330,1408,11,41,111,163,1.3865030674846626,0.0479253387619797,635,I meant metaphorically.
3555,1408,14,35,114,163,1.3865030674846626,0.050240015740118014,635,"Dating on Tinder has made me somewhat defensive."""
684,1412,12,44,120,176,1.3863636363636365,0.04619526340735692,635,Shall we call it a knight?
1028,1412,16,36,124,176,1.3863636363636365,0.04892588906719375,635,"I know they sound the same, but  I meant date ""night."""
5869,1412,9,33,90,132,1.3863636363636365,0.053392569830958164,635,Ask for a straw.
2788,1415,15,43,131,189,1.3862433862433863,0.045883153606487516,635,"Hmm, have you been waiting long?"
2651,1415,13,47,129,189,1.3862433862433863,0.04463954753597802,635,I did promise you that it would be a Knight To Remember.
7140,1417,10,36,99,145,1.3862068965517242,0.05102982271361636,635,My parents named me Lance. Why did you want to know?
3433,1418,12,42,117,171,1.3859649122807018,0.04711355967933064,635,"For the last time, Frank, I'm 61. You don't need protection."
6518,1418,11,44,116,171,1.3859649122807018,0.04637766764352695,635,"Well, my friend did say you were a Renaissance man."
4017,1420,19,33,132,184,1.3858695652173914,0.04922880576316656,635,"I don’t know, somehow it just feels like the same thing knight after knight."
6533,1420,14,43,127,184,1.3858695652173914,0.0461139096223114,635,Honey did you remeber to put the moat bridge up before we left?
7597,1420,14,43,127,184,1.3858695652173914,0.0461139096223114,635,I love these intimate moments.
1743,1423,17,42,138,197,1.385786802030457,0.045711170535425734,635,He was a dark and stormy knight.
1215,1424,13,28,99,140,1.3857142857142857,0.05514226605075418,635,This is not at all what I expected when I won the “Night on the Town” contest!
1505,1425,7,45,101,153,1.3856209150326797,0.04648292647050599,635,"No, you can ask for a straw yourself, Brad."
4640,1425,11,37,105,153,1.3856209150326797,0.05004657532024027,635,I’m a bit rusty at this.
7617,1425,13,33,107,153,1.3856209150326797,0.051736431315809656,635,"'Frank, usually one lets one's guard down by the 3rd date!'"
7307,1428,14,36,116,166,1.3855421686746987,0.04957847184581835,635,I wonder if the meat is locally slain.
5218,1428,14,36,116,166,1.3855421686746987,0.04957847184581835,635,So...I can tell you're new to MedievalDating.com
3744,1428,10,44,112,166,1.3855421686746987,0.04653974076050991,635,I think you're a little bit defensive.
2346,1428,15,34,117,166,1.3855421686746987,0.05030948440099925,635,I told you if you put it on you wouldn't be able to take it off.
2668,1428,12,40,114,166,1.3855421686746987,0.04808311731066357,635,"I'm basically an introvert."""
2426,1428,14,36,116,166,1.3855421686746987,0.04957847184581835,635,"Another knight, soon to be forgotten."
2861,1428,12,40,114,166,1.3855421686746987,0.04808311731066357,635,Would you like to see my sword?
443,1435,17,35,127,179,1.3854748603351956,0.04896846763812067,635,"Okay, I’m ready. What do you have to tell me?"
1835,1435,16,37,126,179,1.3854748603351956,0.04832328759705609,635,Do you use protection?
1944,1437,14,34,113,161,1.3850931677018634,0.050664920270924924,635,"No, I said that I wanted more amour in our life"
5714,1438,14,39,121,174,1.3850574712643677,0.047946728345759956,635,I'm waiting to hear THIS iron-clad alibi!
6988,1438,12,43,119,174,1.3850574712643677,0.046540382711700426,635,I thought having a knight out on the town would be more exciting.
7254,1438,15,37,122,174,1.3850574712643677,0.04863465356222228,635,Gee. I never realized the difficulties inherent in shopping for a codpiece online.
7750,1441,15,30,111,156,1.3846153846153846,0.052608970340233714,635,"Its full, fruity bouquet and balanced tannins  are  spoiled by the frankly disappointing metallic finish."
7476,1441,16,43,136,195,1.3846153846153846,0.045452419589860384,635,"My Job? Well, I’m currently on a quest, but the occasional pillage is rather lucrative"
7461,1441,9,37,97,143,1.3846153846153846,0.050529625699053136,635,You really have to fight for a table at this place.
7203,1441,12,46,124,182,1.3846153846153846,0.04512441502050706,635,Would you mind if we moved to a rounder table?
3420,1441,9,47,113,169,1.3846153846153846,0.04519766549176948,635,Sorry about my conversational skills. I'm a little rusty
6986,1441,11,38,107,156,1.3846153846153846,0.04936447929943576,635,"But I’m chainmail and you’re email, Gwen. It’ll never work."
2835,1441,14,37,118,169,1.3846153846153846,0.04893915463695014,635,Didn’t your ad say you wanted a Date Knight ?
364,1441,12,36,108,156,1.3846153846153846,0.05019526673346018,635,I'm not interested in a one knight stand.
7099,1441,17,31,121,169,1.3846153846153846,0.05105260023723939,635,I hope they have straws.
785,1450,14,40,123,177,1.384180790960452,0.04736092086386715,635,Do you have a straw on you?
3908,1450,12,44,121,177,1.384180790960452,0.045985368915535896,635,So you work the knight shift?
4544,1452,15,33,116,164,1.3841463414634145,0.050731142591730186,635,"When you said you enjoyed metal, I thought you meant endless guitar solos."
6651,1452,12,39,113,164,1.3841463414634145,0.04846853341499773,635,Do you think maybe you're being a little defensive?
1978,1454,14,30,107,151,1.3841059602649006,0.05304080411218255,635,Because I'd like to be on the Supreme Court someday.
5308,1455,10,33,95,138,1.3840579710144927,0.05276894838329535,635,A knight on the town?  Really?
2830,1456,17,32,123,172,1.3837209302325582,0.05038759689922481,635,It's a dangerous time for men.
3289,1457,13,35,111,159,1.3836477987421383,0.050314465408805034,635,Are you getting a metallic aftertaste?
5968,1457,15,31,113,159,1.3836477987421383,0.05187261725779657,635,"If I had known you were going to wear your suit,I would have at least put on my kirtle"
869,1457,10,41,108,159,1.3836477987421383,0.047882261242278595,635,"As I'm sure you can guess, I've got a thing for round tables."
1816,1457,9,43,107,159,1.3836477987421383,0.04704359091070543,635,And what doth a fair damsel like yourself doeth?
7047,1461,13,30,103,146,1.3835616438356164,0.053467637714051754,635,"Hey, YOU were the one complaining chivalry was dead."
433,1462,12,50,131,193,1.383419689119171,0.04334703485636944,635,"I know it's tacky, but I really could use a straw."
5014,1463,13,43,124,180,1.3833333333333333,0.046125486679440796,635,I’m more of a day person.
5667,1463,11,47,122,180,1.3833333333333333,0.04475951327431626,635,"That’s not a reassuring costume for discussing the divorce, Donald."
539,1465,15,34,118,167,1.3832335329341316,0.05006058442369952,635,You should see me when I get unhinged
1180,1465,12,40,115,167,1.3832335329341316,0.04785005237368278,635,Yours may be the only diet that actually works.
1370,1465,15,34,118,167,1.3832335329341316,0.05006058442369952,635,So now I’M the armor-plated bitch?
3117,1465,16,32,119,167,1.3832335329341316,0.0507760473031829,635,Could you ask the waiter for a straw?
7672,1465,10,44,113,167,1.3832335329341316,0.0463177911647214,635,"Please stop playing footsie, it's painful"
465,1470,13,33,108,154,1.3831168831168832,0.051460341086106386,635,"Oh - date ""night""."
1467,1470,8,43,103,154,1.3831168831168832,0.04715670170379113,635,"You're a little rusty at this dating thing, aren't you?"
2293,1470,13,33,108,154,1.3831168831168832,0.051460341086106386,635,"I know it’s hard to let your guard down on a first date, but at least maybe you could put your visor up?"
2465,1473,8,51,116,175,1.3828571428571428,0.04339779395109527,635,"No, I'm not getting a metallic aftertaste."
4398,1473,18,31,126,175,1.3828571428571428,0.05040022787388584,635,"Janet immediately regretted asking her date to bring protection...And now feared what he meant by ""sword""."
3029,1475,12,38,112,162,1.382716049382716,0.04886237632725487,635,"‘I’m tired of jousting with you, David. Seems that’s all you ever want to do.’"
5055,1475,11,40,111,162,1.382716049382716,0.0480713072866211,635,I believe in safe sex.
7726,1475,10,42,110,162,1.382716049382716,0.047267000625629135,635,I've been hurt one too many times..
7446,1478,9,57,130,196,1.3826530612244898,0.04101697151267085,635,"When I said I liked heavy metal, I was talking about the '80's""."
156,1479,10,50,123,183,1.3825136612021858,0.04356923110812124,635,"Not to brag but I also carry a large sword, live in a castle and arrived here on my noble steed."
818,1479,16,38,129,183,1.3825136612021858,0.04752444993490756,635,So this is your idea of a knight out on the town?
2036,1479,17,36,130,183,1.3825136612021858,0.048152077649802866,635,"It's a hard one...I'd say I'm pro-environment, but I'm also pro-straw."
971,1482,10,45,115,170,1.3823529411764706,0.04575508691438163,635,Did you notice I fixed the squeaking?
1293,1482,13,39,118,170,1.3823529411764706,0.04798300648526987,635,"I knew we'd click, I'm wearing a chastity belt."
2584,1482,14,37,119,170,1.3823529411764706,0.048703003558710094,635,This is NOT what you meant when you said to bring protection?
3493,1482,9,47,114,170,1.3823529411764706,0.044987935430161045,635,"Well, here we are, round table for two."
3673,1482,18,29,123,170,1.3823529411764706,0.05148239633832947,635,"To be honest, I had always kind of dreamed that my knight in shining armor would at least pick up the check."
1855,1487,13,47,131,191,1.382198952879581,0.04426288499573017,635,"My therapist suggested removing my emotional armor, so I'm trying this."
2778,1488,17,26,114,157,1.3821656050955413,0.053868046575585866,635,Most guys who read my profile have a better understanding of the concept of metaphor.
3119,1489,14,40,124,178,1.3820224719101124,0.047143528511573704,635,"Before this goes any further, you should know that I'm not that kind of lady-in-waiting."
5613,1489,15,38,125,178,1.3820224719101124,0.047812051332173304,635,Maybe my problem is I try too hard to be what women want me to be.
7515,1489,14,40,124,178,1.3820224719101124,0.047143528511573704,635,I agree.  It's got a metallic taste.
6083,1492,11,41,113,165,1.3818181818181818,0.047457708463313514,635,So nice of you to get us a round table for two.
5139,1492,16,31,118,165,1.3818181818181818,0.051203351869050666,635,Of course I look like my profile picture under here.
1894,1492,9,45,111,165,1.3818181818181818,0.045873897072017736,635,I feel like you're closing yourself off from me.
1266,1492,10,43,112,165,1.3818181818181818,0.04667252149371692,635,"I just wish you were more Transparent, that's all."
2178,1492,10,43,112,165,1.3818181818181818,0.04667252149371692,635,Would you like to get a room for a knight?
4441,1497,12,34,106,152,1.381578947368421,0.05107267845279518,635,"So,how's that metalsmithing class?"
4980,1497,11,36,105,152,1.381578947368421,0.05021235016011432,635,This isn’t what I meant by a one night stand
1759,1499,13,40,120,173,1.3815028901734103,0.047388022987843954,635,"So, you’ll chainmail me?"
2294,1499,9,48,116,173,1.3815028901734103,0.04446089722659308,635,Can we go by car? TSA is an issue.
2933,1499,12,42,119,173,1.3815028901734103,0.04667345484931171,635,What’s wrong with a knight on the town?
6747,1499,14,38,121,173,1.3815028901734103,0.048091974983588644,635,"Okay, but this is the last time: ""Prithee, m'lord, I am but a country lass..."""
7344,1499,16,34,123,173,1.3815028901734103,0.049469836547875255,635,"All right, I get it. For you, this is just a one knight stand."
5666,1504,17,40,137,194,1.3814432989690721,0.04615821185055319,635,Do you use protection Arthur?
4420,1505,9,43,108,160,1.38125,0.04681009657658733,635,This could be my worst date Knight ever
1566,1505,13,35,112,160,1.38125,0.05005647361045786,635,"You want to stop seeing me?  Shirley, you joust!"
3107,1505,7,47,106,160,1.38125,0.04509936182593848,635,I'm not much of a talker either.
7350,1505,13,35,112,160,1.38125,0.05005647361045786,635,Just admit you were cavalier with the waiter.
779,1509,11,47,123,181,1.3812154696132597,0.04456189183264404,635,Forgive my attire. I report forCNN and I'm on my way to a Trump rally.
260,1510,18,36,135,189,1.380952380952381,0.047619047619047616,635,"After my last relationship ended, I'll admit I'm a little guarded."
791,1510,13,38,117,168,1.380952380952381,0.04836175860713541,635,Do we have to do this on a knightly basis?
4373,1510,15,42,132,189,1.380952380952381,0.04581169965364299,635,"I'm afraid that this is not going to work, Phil. I  just can't get through to you."
4390,1510,9,46,113,168,1.380952380952381,0.045317940132534575,635,I said bring your suit and ardor.
4764,1510,11,34,102,147,1.380952380952381,0.05138409809082317,635,I really wish you'd open up a little.
7049,1510,19,26,123,168,1.380952380952381,0.05259824799509113,635,"So... you think you're the first to use a line like ""Tonight's the Knight""?"
1130,1516,13,41,122,176,1.3806818181818181,0.04681211346374087,635,"This is getting ridiculous, no body from Yale is going to recognize you 36 years later"
3278,1516,14,39,123,176,1.3806818181818181,0.047500621384116794,635,"As your aide, Senator McConnell, I'd advise against eating out anymore, period."
2879,1518,12,35,108,155,1.3806451612903226,0.05036188082231521,635,I like your suit too... Ann Taylor?
1972,1518,13,33,109,155,1.3806451612903226,0.0511869731525752,635,"No, really, I'm glad you wore your best suit."
7293,1518,15,29,111,155,1.3806451612903226,0.052798490334906384,635,"So much for thinking that ""middle ages""  in your profile was an autocorrect for ""middle aged"""
283,1518,12,35,108,155,1.3806451612903226,0.05036188082231521,635,Why so defensive?
1476,1518,15,29,111,155,1.3806451612903226,0.052798490334906384,635,I heard you have an emotional support horse.
6148,1523,16,38,130,184,1.3804347826086956,0.04731115479025063,635,"Mister, I'm not interested in any one knight stands."
5794,1523,13,44,127,184,1.3804347826086956,0.04538893889329568,635,I don't think this is going to work.  You just seem too guarded.
5158,1523,13,44,127,184,1.3804347826086956,0.04538893889329568,635,Let's just agree that you are only a metaphor and  call it a day.
426,1526,5,52,106,163,1.3803680981595092,0.042820173891041334,635,"Well, your profile did say you were old-fashioned."
1826,1526,13,36,114,163,1.3803680981595092,0.049391195453951736,635,"Nice try, George, but chivalry is still dead."
3309,1526,9,44,110,163,1.3803680981595092,0.04622259988592961,635,I'm a big fan of safe sex.
3862,1526,12,38,113,163,1.3803680981595092,0.04861841036409491,635,I don't think this'll work out. You're too defensive.
1543,1530,9,36,97,142,1.380281690140845,0.050699230600058785,635,"I have to say, from your profile picture I was expecting you to be taller."
5750,1530,11,32,99,142,1.380281690140845,0.052632615602609276,635,I was just wondering how things are going with you...no need to get so defensive.
488,1532,12,41,118,171,1.3801169590643274,0.04702808508121368,635,Let us skip the small talk and get straight to the rescue.
1773,1532,16,33,122,171,1.3801169590643274,0.04986821216790798,635,Late middle age is when I found my true calling.
4344,1532,16,33,122,171,1.3801169590643274,0.04986821216790798,635,"Congrats, you finally got your round table."
4961,1532,9,47,115,171,1.3801169590643274,0.04477993342550504,635,What’s wrong?  You seem a thousand years away.
6245,1532,14,37,120,171,1.3801169590643274,0.04846895589565221,635,Would you be embarrassed if I asked for a straw?
225,1537,17,34,128,179,1.3798882681564246,0.04889321693906301,635,This is not what I had in mind when I asked for a night out on the town.
3846,1537,12,44,123,179,1.3798882681564246,0.0455707490552975,635,...then ask for a straw!
144,1537,12,44,123,179,1.3798882681564246,0.0455707490552975,635,"So, do you joust around here?"
137,1540,12,36,110,158,1.379746835443038,0.049676527578937764,635,Just another knight to forget.
1014,1540,13,34,111,158,1.379746835443038,0.05048151193639521,635,I appreciate the dinner but I'm still not certain that I'm ready for a one knight stand!
6351,1540,10,40,108,158,1.379746835443038,0.04802609792741931,635,"Martha, Sometimes a suit of armour is just a suit of armour."
2275,1543,15,41,131,187,1.3796791443850267,0.04613856521338807,635,It's the standard uniform for cabinet members when dining out these days.
2169,1544,10,32,95,137,1.3795620437956204,0.052962257660607456,635,Let's skip the drinks... I can't wait to get you out of that suit!
3501,1545,15,33,118,166,1.3795180722891567,0.05022416396947179,635,"Oh, you're Jewish? I wondered why this knight was different from all other knights,"""
4751,1545,17,29,120,166,1.3795180722891567,0.05165757782443885,635,You look exactly like your picture .
7176,1545,16,31,119,166,1.3795180722891567,0.05094591246174881,635,"Yeah? Well I think that underneath that cold, hard exterior lies a cold, hard interior."
7589,1545,7,49,110,166,1.3795180722891567,0.04402626313247716,635,I wanted you to feel like a princess.
1768,1549,12,31,102,145,1.3793103448275863,0.05276725945350817,635,"Well, you dropped your shield, but I still feel that I don't know you."
3239,1549,9,48,117,174,1.3793103448275863,0.044258977927049,635,"When you said, ""a night out,""  I had something different in mind."
7777,1549,15,36,123,174,1.3793103448275863,0.04855411141683763,635,"When you’re part of this administration, you have to remain incognito at restaurants.”"
6584,1552,14,41,127,182,1.379120879120879,0.046373119951565,635,"Frustrating yes, but more effective than A.A."
4620,1552,15,39,128,182,1.379120879120879,0.04702317537063319,635,"Darn autocorrect...I meant to type ""Date Night"""
7165,1554,14,30,109,153,1.3790849673202614,0.0524646554470979,635,"I just can’t get through to you anymore, Lance"
3333,1554,17,24,112,153,1.3790849673202614,0.0548683698245101,635,What makes you say I have vulnerability issues?
1181,1554,13,32,108,153,1.3790849673202614,0.051638558841017194,635,It's been ages since my last date too.
1475,1557,11,50,129,190,1.3789473684210527,0.043102912045894254,635,My other suit is at the cleaners.
5710,1557,16,40,134,190,1.3789473684210527,0.0462205039946622,635,Can I get a straw?
2370,1559,13,35,113,161,1.3788819875776397,0.04980092307733052,635,The dating service never mentioned a one-knight stand.
3111,1559,14,33,114,161,1.3788819875776397,0.050574417356080204,635,"Arthur, Arthur, Arthur. Why isn't it ever Lancelot?"
5573,1559,13,35,113,161,1.3788819875776397,0.04980092307733052,635,"I usually avoid blind dates, but my therapist says I need to let down my guard."
3842,1562,15,34,120,169,1.378698224852071,0.04956961628460916,635,"Well, this is not the knight I expected."
5751,1562,12,40,117,169,1.378698224852071,0.047390080440945996,635,So…how was the tournament?
5358,1564,12,29,99,140,1.3785714285714286,0.054090496610040256,635,"Thanks, but I slay my own dragons."
2510,1565,9,49,119,177,1.3785310734463276,0.043754234544169844,635,I am guessing that your previous experiences with online dating have not been positive.
7121,1565,12,43,122,177,1.3785310734463276,0.0459024732090718,635,I also believe in safe sex but this is going a bit too far.
7370,1565,11,45,121,177,1.3785310734463276,0.04519774011299434,635,I said EMOTIONAL armor.
1924,1568,12,49,132,193,1.378238341968912,0.04327278002199499,635,Your profile said you were looking for amour
4010,1568,12,49,132,193,1.378238341968912,0.04327278002199499,635,You're a lot shinier in person.
6209,1570,15,29,112,156,1.3782051282051282,0.05251566288704322,635,I have a drinking problem.
1308,1570,14,31,111,156,1.3782051282051282,0.05172216026546819,635,I hate it when you get so defensive.
334,1572,15,32,117,164,1.3780487804878048,0.050643389900965695,635,You probably wonder what I do.
4556,1572,9,44,111,164,1.3780487804878048,0.045998399386694054,635,I think you’ll need a straw.
6877,1572,14,34,116,164,1.3780487804878048,0.049899260932142045,635,I thought the protection you were bringing would be more flexible
335,1575,9,47,116,172,1.377906976744186,0.04457364341085272,635,It's been ages since my last relationship.
2135,1575,9,47,116,172,1.377906976744186,0.04457364341085272,635,I'm also emotionally guarded
7230,1575,16,33,123,172,1.377906976744186,0.04962666499925537,635,Your profile mentioned you were a little rusty at this...
7729,1575,14,37,121,172,1.377906976744186,0.048236987540056994,635,Another Knight to forget.
261,1579,15,38,127,180,1.3777777777777778,0.0473739665833679,635,Are you still errant or in town for a while?
4235,1579,14,40,126,180,1.3777777777777778,0.04671423191503067,635,I understand you're into heavy metal.
7366,1579,13,42,125,180,1.3777777777777778,0.04604504552045184,635,Knight takes Queen
6473,1582,17,37,134,188,1.377659574468085,0.04715907113054171,635,You need to learn to be less defensive.
2720,1583,15,47,142,204,1.3774509803921569,0.04338171513997064,635,This was not the knight I had in mind.
7045,1584,12,42,121,175,1.3771428571428572,0.046240810183104136,635,You said on Tinder that you came with a horse.
6945,1584,7,52,116,175,1.3771428571428572,0.04254180651348645,635,Sorry if I seem a little defensive ...
3136,1584,11,44,120,175,1.3771428571428572,0.045525059927451796,635,This isn't the first time I've had a memorable night at a round table.
5364,1584,14,38,123,175,1.3771428571428572,0.047640061045022254,635,"I don't think it'll work out for us ... Not that I don't appreciate a guy who uses protection, though!"
1536,1588,11,47,125,183,1.3770491803278688,0.04417134937227653,635,"I know we said we’d take it slow, but I wish you’d make an effort to open up to me."
1540,1588,14,41,128,183,1.3770491803278688,0.04616552638602794,635,I think you need to update your profile picture.
2928,1588,12,45,126,183,1.3770491803278688,0.04484592897627189,635,"No, nothing in my profile is “just an expression.”"
4710,1591,17,44,146,207,1.3768115942028984,0.04401433043370495,635,So you weren't just being cute when you called yourself  a knight in shining armor on your dating profile?
5530,1591,8,36,94,138,1.3768115942028984,0.05059980710723712,635,"Oh, I thought you said Cruise.   I have not been on a Crusade."
4889,1593,9,40,105,154,1.3766233766233766,0.04794204873774058,635,I really only wanted a man to pull out my chair for me.
6652,1593,8,42,104,154,1.3766233766233766,0.0470484601166529,635,...and our prenup will have to be ironclad.
3632,1595,11,39,112,162,1.376543209876543,0.047975206465994014,635,It just feels like we are from different eras.
6264,1595,11,39,112,162,1.376543209876543,0.047975206465994014,635,"I’m not sure why, but I’ve been told that I should let down my guard more."
6782,1597,12,40,118,170,1.3764705882352941,0.04716312840106925,635,Now I see why you wanted me to reserve a round table.
7381,1597,9,46,115,170,1.3764705882352941,0.04489454028891388,635,It says in your bio you like horses?
3173,1597,9,46,115,170,1.3764705882352941,0.04489454028891388,635,"You have your emotional armour, and I’ve got mine"
4197,1597,11,42,117,170,1.3764705882352941,0.04641925286237885,635,Not what I had in mind when I said I wanted a night out.
6805,1601,15,37,126,178,1.3764044943820224,0.04773179996474256,635,"I should have asked for details when you said you enjoyed the ""nightlife""."
2414,1602,14,42,130,186,1.3763440860215055,0.045633489915568565,635,I presume that you're a virgin.
3287,1602,16,38,132,186,1.3763440860215055,0.04688987821918392,635,"This is the last time I post, “Looking for my knight in shining armor”."
3201,1604,15,26,108,149,1.3758389261744965,0.05427198207188896,635,"So tell me, why is this knight different from all other knights?"
7098,1605,12,35,110,157,1.375796178343949,0.049835604917198816,635,I didn't fully appreciate what this place meant by 'Date Knight'
1262,1606,12,38,115,165,1.3757575757575757,0.04813714943079437,635,"Henry, do you have to do this every time we go to Round Table Pizza...and quit calling me Guinevere."
1311,1606,15,32,118,165,1.3757575757575757,0.05038764377647361,635,"You call that ""shining?"""
2069,1606,12,38,115,165,1.3757575757575757,0.04813714943079437,635,"In these times, one has to develop a tough exterior."
2701,1606,12,38,115,165,1.3757575757575757,0.04813714943079437,635,I wish you would open up to me someday.
4855,1606,12,38,115,165,1.3757575757575757,0.04813714943079437,635,"I knew Galahad. Galahad was my friend. You,sir, are no Galahad."
5656,1606,12,38,115,165,1.3757575757575757,0.04813714943079437,635,"I'm sorry if I misled you, but I'm looking to be joust friends."
6250,1606,14,34,117,165,1.3757575757575757,0.04964881484323074,635,"Susan realized too late that she severely misunderstood ""Speed Dating Knights"""
1319,1613,11,43,119,173,1.3757225433526012,0.04585890544154804,635,"So, you agree, you have put up some barriers to intimacy."
7162,1614,17,34,130,181,1.3756906077348066,0.04844197438758054,635,My social skills are a little rusty.
7363,1614,15,38,128,181,1.3756906077348066,0.04715771595568367,635,I brought protection
4175,1614,14,40,127,181,1.3756906077348066,0.046502288330273686,635,"So, do you take the armor off before, during, or after?"
7132,1617,17,29,122,168,1.375,0.05114005381379217,635,Do you have to insist on the round table every time?
5007,1617,14,38,124,176,1.375,0.04741704992275061,635,Why do you always request a round table?
4589,1617,13,37,118,168,1.375,0.0482717423174129,635,You seem a little defensive tonight
4206,1617,12,45,127,184,1.375,0.04464858429814923,635,You seem really guarded this evening.
3575,1617,15,39,130,184,1.375,0.046601348409210916,635,"So, tell me your feelings about protected sex."
3492,1617,9,39,104,152,1.375,0.04833629795036935,635,"I haven't dated in years so, yes, you're going to encounter some rust here and there."
6131,1617,12,30,102,144,1.375,0.05295740910852021,635,It’s been a while since I’ve been out with anyone.  I might be a bit rusty.
2494,1617,10,46,120,176,1.375,0.04459412925079223,635,It’s just so hard to get people to let their guard down these days.
2427,1617,10,40,110,160,1.375,0.04754177243000268,635,"If you think this is bad, wait until you see my emotional armor."
2207,1617,16,31,121,168,1.375,0.05043827023845928,635,How about a knight cap?
1918,1617,13,31,108,152,1.375,0.05181651476613981,635,"Well, I did promise you a knight to remember."
1379,1617,12,39,117,168,1.375,0.047527624671647534,635,Father did always say to wear protection.
917,1617,13,46,133,192,1.375,0.04400093208595483,635,You might need a straw
3363,1617,13,34,113,160,1.375,0.04996067636041306,635,This is not what I meant when I said I want a night out!
5422,1631,13,47,135,195,1.3743589743589744,0.04352672280318827,635,"I meant figuratively, not literally."
3207,1632,18,34,135,187,1.374331550802139,0.04789778598718305,635,Oh...your profile meant verbal jousting...that makes more sense.
2699,1632,18,34,135,187,1.374331550802139,0.04789778598718305,635,I didn't mention it in my profile because people are so quick to judge.
1612,1632,14,42,131,187,1.374331550802139,0.045433400460493274,635,It's a very scary time for young men.
647,1635,14,39,126,179,1.3743016759776536,0.0468457013211158,635,"Really?  All of this just for a ""Sir Loin"" joke?"
7670,1636,11,42,118,171,1.3742690058479532,0.046199483564071296,635,There are other ways to quit drinking.
1383,1636,12,40,119,171,1.3742690058479532,0.04693816923561567,635,Is that your lance?
1927,1636,12,40,119,171,1.3742690058479532,0.04693816923561567,635,... and that then led to a regional manager position at Medieval Times.
2609,1636,11,42,118,171,1.3742690058479532,0.046199483564071296,635,You're the one being defensive!
3423,1636,13,38,120,171,1.3742690058479532,0.047665408639764116,635,"I should have said I wanted a ""day"" out on the town."
3847,1636,10,44,117,171,1.3742690058479532,0.045448793515147246,635,What? You asked for a knight out.
1535,1642,12,37,114,163,1.3742331288343559,0.048522742403700095,635,I can’t bear to get hurt again.
3574,1643,13,32,110,155,1.3741935483870968,0.051086549441834446,635,I think you greatly misunderstood your sex education teacher.
831,1643,12,34,109,155,1.3741935483870968,0.05025980852840191,635,I thought you worked FOR Under Armour
5143,1645,5,45,97,147,1.3741496598639455,0.045494911861521665,635,I just feel like everyone has their guard up on first dates.
4784,1645,9,37,101,147,1.3741496598639455,0.049422048174370896,635,Why should I think that this night is different from all other nights?
1408,1645,9,37,101,147,1.3741496598639455,0.049422048174370896,635,"Call me old fashioned, but I think a guy should dress up for a first date."
3167,1648,17,43,146,206,1.3737864077669903,0.044123920442813186,635,I'm sensing that you're a bit defensive
1078,1649,14,46,138,198,1.3737373737373737,0.04365717218702492,635,I was the Op-Ed Writer.
2325,1650,11,46,125,182,1.3736263736263736,0.04428117264740492,635,This is the only suit I own
7242,1650,16,36,130,182,1.3736263736263736,0.04758556598911821,635,Ha ha.  Let me guess.  Date knight?
7735,1650,13,42,127,182,1.3736263736263736,0.04563165334304093,635,I thought 'Take a nice knight out.' was a typo.
1479,1653,18,29,127,174,1.3735632183908046,0.05048380338793077,635,"Did you just say, ""Oil can"""
5945,1653,10,45,119,174,1.3735632183908046,0.044912005745335194,635,I meant that we should talk about your emotional armor.
4906,1655,9,44,113,166,1.3734939759036144,0.045555823950407345,635,"Your bio said I am in for a knight I will never forget."""
7028,1655,13,36,117,166,1.3734939759036144,0.04865604275227942,635,"I asked for more Chianti, not Quixote."
3115,1657,10,39,109,158,1.3734177215189873,0.04792238983489549,635,M'thinks we need to see other people...
3083,1657,12,35,111,158,1.3734177215189873,0.04957627212341192,635,"You really need to open up, Bob."
2032,1657,12,35,111,158,1.3734177215189873,0.04957627212341192,635,This week has felt like an absolute battle.
776,1657,14,31,113,158,1.3734177215189873,0.05117673365721463,635,Are you going to put the visor down every time I start talking?
720,1657,10,39,109,158,1.3734177215189873,0.04792238983489549,635,"If you want this to go anywhere, you're going to have to drop your guard."
635,1657,11,37,110,158,1.3734177215189873,0.04875634422894257,635,"""I hate the plume."""
302,1657,12,35,111,158,1.3734177215189873,0.04957627212341192,635,You don't need to be so defensive all the time.
688,1664,11,34,105,150,1.3733333333333333,0.05054217603683485,635,"Nice try, but I can see right through you...."
5430,1664,11,34,105,150,1.3733333333333333,0.05054217603683485,635,Another boring knight out.
3885,1666,8,56,129,193,1.3730569948186528,0.04061936036750169,635,Who does your rivets?
7297,1667,14,38,125,177,1.3728813559322033,0.04719597324441732,635,"Chivalry schivalry, we're splitting the check."
1843,1668,14,35,120,169,1.3727810650887573,0.04876424187406752,635,You need a straw?
2147,1668,14,35,120,169,1.3727810650887573,0.04876424187406752,635,"Well Brett, your backstory seems ironclad."
3233,1668,15,33,121,169,1.3727810650887573,0.049481245575341434,635,Are you going to open up or shall I ask for a straw?
4129,1668,18,27,124,169,1.3727810650887573,0.051572481015472814,635,Well I think it has a metallic aftertaste.
6184,1672,16,28,117,161,1.3726708074534162,0.05199429299816172,635,When you said you were looking for a lady with polish ...
5081,1672,15,30,116,161,1.3726708074534162,0.05124223602484471,635,So this is how men are protecting themselves against Me Too?
4169,1672,9,42,110,161,1.3726708074534162,0.046475028171149325,635,You're probably used to a round table.
3302,1672,10,40,111,161,1.3726708074534162,0.047302938545738554,635,"So, I’m guessing safe sex isn’t an issue
 with you."
2677,1672,13,34,114,161,1.3726708074534162,0.049703996315390006,635,Your voice message said you wanted a fun knight out on the town!
3977,1677,9,39,105,153,1.3725490196078431,0.04808184540999141,635,"Well, it's better than last Halloween when you went as a corpse."
5726,1677,10,37,106,153,1.3725490196078431,0.04896798106963177,635,I hear the dragon is excellent!
3558,1679,8,38,99,145,1.3724137931034484,0.048880991206815896,635,It’s just that I thought you were referring to ‘emotional armor’ in your dating profile.
6541,1680,14,42,132,188,1.372340425531915,0.045234930616849564,635,"Well, you don’t exactly look like your profile picture either."
2455,1681,11,39,114,164,1.3719512195121952,0.047498779530914095,635,I got hurt pretty bad when my last relationship ended.
5069,1681,11,39,114,164,1.3719512195121952,0.047498779530914095,635,Enjoying date knight?
6785,1681,9,43,112,164,1.3719512195121952,0.04589663014592587,635,My last date said I was a little too guarded.
6798,1681,12,37,115,164,1.3719512195121952,0.04827992083686157,635,First knight jitters?
1665,1685,11,36,109,156,1.3717948717948718,0.04915998150394333,635,"I'm sorry, it's just that this isn't what I was expecting when you said you were a little ""old fashioned."""
7243,1686,13,29,106,148,1.3716216216216217,0.052760185697494535,635,"I must say, this isn't quite what I imagined when your dating profile described you as a renaissance man"""
455,1687,11,43,121,175,1.3714285714285714,0.04543428205063056,635,"So, um ... who does your plume?"
3985,1688,12,51,139,202,1.3712871287128714,0.041862418460581856,635,"OK, I'm ready. Tell me what you thought of my play."
194,1689,9,44,114,167,1.3712574850299402,0.04533740948329619,635,It's my favorite kind of table too.
2024,1689,14,34,119,167,1.3712574850299402,0.04915490853536072,635,"Kudos on your thoughtfulness, but I think you missed the nuance in 'I expect you to wear protection.'"
2136,1689,16,30,121,167,1.3712574850299402,0.05060133167126256,635,I guess the dating site takes your requests pretty literally.
2851,1689,14,34,119,167,1.3712574850299402,0.04915490853536072,635,I thought you'd be younger.
2852,1689,8,46,113,167,1.3712574850299402,0.04453465877003387,635,"I think we should see other people. It's been fun, but we've never seen eye-to-eye."
5132,1689,18,26,123,167,1.3712574850299402,0.052007542728825025,635,Would it kill them to bring me a straw?
6845,1689,11,40,116,167,1.3712574850299402,0.04690171033599432,635,When you said you worked in court I didn't picture this.
2566,1696,14,31,114,159,1.371069182389937,0.05090805022020487,635,When I asked “do you use protection”...
2993,1696,15,29,115,159,1.371069182389937,0.05168405047132925,635,"That ridiculous suit of armor doesn't prove chivalry isn't dead, but it does prove that you're an idiot."
5598,1696,14,31,114,159,1.371069182389937,0.05090805022020487,635,"Honestly Harold, I didn't mean that suit."
6372,1699,15,39,132,186,1.3709677419354838,0.04618651955895597,635,This dump again? Of all the knights in the kingdom I had to pick Sir Tightwad.
4241,1700,11,34,106,151,1.3708609271523178,0.050267183735345784,635,"Enjoyed your ad, though I assumed ''knight'' was a typo."
2567,1700,10,36,105,151,1.3708609271523178,0.04938106458889338,635,"Darling,would you please ask the waiter for a straw."
2627,1702,11,44,123,178,1.3707865168539326,0.044904127714790396,635,I’m just used to much larger round table.”
3724,1702,11,44,123,178,1.3707865168539326,0.044904127714790396,635,"No, you smile first."
1789,1702,13,40,125,178,1.3707865168539326,0.0462962269517056,635,You could ask for a straw.
6239,1702,11,44,123,178,1.3707865168539326,0.044904127714790396,635,"Chivalry is not dead, just tired"
6365,1706,11,31,101,143,1.3706293706293706,0.05221228297708195,635,"So tell me-- how long have you had the nickname ""Rusty""?"
2110,1707,17,29,124,170,1.3705882352941177,0.05063225082303337,635,"No, honey, I said date NIGHT."
2394,1707,9,45,116,170,1.3705882352941177,0.04479638009049773,635,Is this going to be a good knight or a bad knight?
3018,1707,12,39,119,170,1.3705882352941177,0.0470696994045551,635,"As my profile says, I'm into heavy metal."
4133,1707,11,41,118,170,1.3705882352941177,0.046324323608239515,635,"I know you prefer round tables, but I'd prefer a booth."
6696,1707,7,49,114,170,1.3705882352941177,0.04321444643477208,635,Your logic is ironclad.
1084,1712,14,32,116,162,1.3703703703703705,0.050219126376369216,635,"So, do you like jousting?"
1719,1712,13,44,132,189,1.3703703703703705,0.04440878151898771,635,Seriously?
5227,1712,13,34,115,162,1.3703703703703705,0.04944976661122089,635,"I know my profile said ""seeking knight in shinning armor"" but I was hoping for a little more shine and a little less armor."
275,1715,11,35,108,154,1.37012987012987,0.049572742630662185,635,You don't look like your profile pic.
448,1715,10,37,107,154,1.37012987012987,0.0487090789699647,635,"After my divorce, my friends say  I've been a bit guarded."
1211,1717,18,28,127,173,1.369942196531792,0.05064568287268376,635,Don’t you think your “anonymous reviewer” disguise is going too far?
1736,1717,14,36,123,173,1.369942196531792,0.04791797004400017,635,"Check, mate."
6982,1717,13,38,122,173,1.369942196531792,0.04721142359654079,635,My ad said I enjoy verbal jousting.
2874,1720,10,34,102,146,1.36986301369863,0.05051805182078294,635,Your armor isn’t as shiny as your profile pic.
2836,1720,11,32,103,146,1.36986301369863,0.051444600018436065,635,Must the table always be round?
6123,1722,12,47,133,192,1.3697916666666667,0.043296481238023626,635,"Well, this certainly makes it harder to determine if you’re really 45."
1395,1723,10,41,114,165,1.3696969696969696,0.04647535679981963,635,"I'll show you what’s under mine if you show me what ’s under yours,"
3850,1723,13,35,117,165,1.3696969696969696,0.04880254378301108,635,"You do realize, that when I said in my profile I wanted to meet my knight in shining armor, that was just a figure of speech, don't you?"
5791,1723,12,37,116,165,1.3696969696969696,0.04803934272744916,635,Marcie considered the empty flea market suit of armor quietly rusting across the table from her and concluded that this was neither the best blind date nor the worst.
7346,1723,7,47,111,165,1.3696969696969696,0.044025325662036485,635,"Yes, I DID have to reserve a round table."
7441,1723,7,47,111,165,1.3696969696969696,0.044025325662036485,635,Right…so you ARE a knight and this IS a round table.”
4341,1728,8,52,124,184,1.3695652173913044,0.04181296431533894,635,My profile clearly says I tend to be a little protective.
7255,1728,14,23,101,138,1.3695652173913044,0.056406069340723536,635,"Really Ted, there’s no need to be so defensive."
18,1730,12,34,111,157,1.3694267515923566,0.049731127643127114,635,Do we have to sit at a round table?
3693,1730,10,38,109,157,1.3694267515923566,0.04806106971344674,635,"I know love is a battlefield, but was this really necessary?"
5553,1730,13,32,112,157,1.3694267515923566,0.05054546838229031,635,My Mama said there'd be knights like this.
6194,1730,9,40,108,157,1.3694267515923566,0.047203888660497885,635,"Long walks on the beach are actually a bit difficult, but I do like piña coladas."
6488,1730,11,36,110,157,1.3694267515923566,0.04890322831193146,635,Pillage here often?
7498,1735,11,43,122,176,1.3693181818181819,0.04522466219706072,635,Well you're the one who said I should be more armorous!
4727,1735,13,39,124,176,1.3693181818181819,0.046638398350590714,635,Our problem is that I'm a morning person and you're a knight person.
204,1735,16,33,127,176,1.3693181818181819,0.04868208495446325,635,"Date knight? 
So you're a professional pun?"
960,1735,9,47,120,176,1.3693181818181819,0.04376528237048315,635,Thank goodness!  You look just like your picture!
4376,1739,13,36,119,168,1.369047619047619,0.048177154292438316,635,You're not very open are you?
4674,1739,13,36,119,168,1.369047619047619,0.048177154292438316,635,You looked shinier in your pictures.
4868,1739,8,46,114,168,1.369047619047619,0.04432390098545984,635,"The dating site DID promise a night to remember."""
4903,1739,12,38,118,168,1.369047619047619,0.047431552750122945,635,I suppose this is a knight I'll never forget.
5643,1739,11,40,117,168,1.369047619047619,0.04667404200257338,635,"I appreciate this Jerry, but what would you have done if I'd asked you to be my Rock?"
7493,1739,11,40,117,168,1.369047619047619,0.04667404200257338,635,I never go on a date without protection.
2734,1745,13,43,131,187,1.3689839572192513,0.044713678699531204,635,I detect metallic notes.
5521,1745,13,43,131,187,1.3689839572192513,0.044713678699531204,635,I thought you promised me a “night” I wouldn’t forget.
6086,1747,11,37,112,160,1.36875,0.04825726637369376,635,Is this your idea of a date knight?
2369,1747,9,41,110,160,1.36875,0.04659968941376239,635,"Well, at least there won't be any awkward good night kiss business."
3873,1747,12,35,113,160,1.36875,0.049065059972070675,635,"When I said I wanted a night out on the town, this wasn't what I had in mind."
7273,1750,8,50,121,179,1.3687150837988826,0.04254209717064274,635,I've been told I'm emotionally guarded.
5859,1750,12,42,125,179,1.3687150837988826,0.04539727774027769,635,You’re acting very defensive tonight.
3992,1750,15,36,128,179,1.3687150837988826,0.04742599416081375,635,I get the feeling you’re still not ready to commit.
2081,1750,13,40,126,179,1.3687150837988826,0.046083440896549685,635,"With a disapproving glance, Roy's date let him know he'd chosen the wrong suit for the evening."
3844,1754,13,47,138,198,1.3686868686868687,0.042989196663061634,635,I have a bigger round table back at my place.
1109,1755,7,49,115,171,1.368421052631579,0.04301561451371009,635,"Sorry I'm late, I came straight from my knight class."
1404,1755,10,36,106,152,1.368421052631579,0.04911575245199942,635,Not your idea of a knight out?
1493,1755,11,34,107,152,1.368421052631579,0.049994954892136505,635,Lately you seem so closed off.
4232,1755,8,47,116,171,1.368421052631579,0.043808019147143704,635,I am NOT defensive!
6684,1755,12,39,120,171,1.368421052631579,0.04684378656784827,635,I’m going as an accountant. You?
2922,1760,13,41,128,182,1.3681318681318682,0.04554567488637074,635,"My ex-husband called me a battle ax, so yes, I think we are made for each other."
5481,1760,5,57,120,182,1.3681318681318682,0.03985857947411418,635,My psychologist says it's a defense mechanism.
3489,1762,17,26,120,163,1.3680981595092025,0.052186208712810385,635,You say you are a Supreme Court nominee?
244,1762,11,38,114,163,1.3680981595092025,0.04763358277080807,635,"I don't care if the ""knight is young"" but I'd rather go home now."
5210,1764,10,33,101,144,1.3680555555555556,0.050968216647002414,635,Because you told me to wear my best suit.
6913,1764,13,27,104,144,1.3680555555555556,0.05375066882887194,635,Let me guess.  This isn't your first online date!
2123,1764,15,23,106,144,1.3680555555555556,0.055528232402997126,635,"""Lest this first date be also the last I wouldst now see thee raise thy glass and too thy visor, buddy boy."""
2898,1764,13,27,104,144,1.3680555555555556,0.05375066882887194,635,Are you on guard with all women or just now that you are on the Supreme Court?
4507,1768,15,41,137,193,1.3678756476683938,0.04495272806589473,635,"Arthur, I think calling me defensive is your projection."
197,1769,11,42,121,174,1.367816091954023,0.04555148240723305,635,"I admit that when I read your profile, I thought it was just an expression when you said you were a crusader."
3587,1769,12,40,122,174,1.367816091954023,0.04627502909293241,635,It’s harder now that bars have stopped offering straws.
6327,1769,13,38,123,174,1.367816091954023,0.04698743540146684,635,Why couldn't we just get a square table like everyone else?
6941,1769,10,44,120,174,1.367816091954023,0.04481625577222157,635,Who says that chivalry is dead?
7759,1769,15,34,125,174,1.367816091954023,0.04838078773353713,635,I wouldn’t have gone out with you if I’d known you were so defensive.
6075,1774,13,31,111,155,1.367741935483871,0.05098062656312006,635,They don't have straws here anymore.
2660,1774,9,39,107,155,1.367741935483871,0.047580201371188055,635,Great time to ban straws...
1586,1774,12,33,110,155,1.367741935483871,0.05015213957755869,635,I'll keep drinking until you're shining.
6560,1774,8,41,106,155,1.367741935483871,0.046691416576940904,635,"See, Mildred, chivalry is NOT dead!"
1218,1774,13,31,111,155,1.367741935483871,0.05098062656312006,635,"If you see the waiter again, ask for a straw?"
323,1774,10,37,108,155,1.367741935483871,0.048452685612710676,635,No need to be so defensive.
1457,1774,12,33,110,155,1.367741935483871,0.05015213957755869,635,So ask the damn waiter for a straw!
6897,1781,13,42,130,185,1.3675675675675676,0.045024280368713136,635,Don't give me that look.  You said you needed a knight out.
679,1782,14,33,119,166,1.3674698795180722,0.04930489347895469,635,I thought you’d be shinier.
5113,1782,15,31,120,166,1.3674698795180722,0.05003990278866309,635,"I'm always a little cautious on a first date."""
5846,1782,13,35,118,166,1.3674698795180722,0.04855875998049461,635,You're not what I had in mind when I said I wanted a good night out.
6608,1782,12,37,117,166,1.3674698795180722,0.04780098137816316,635,Some people say I am a bit defensive.
6878,1786,12,30,105,147,1.3673469387755102,0.05205821763918388,635,I think we ought to call it a knight.
66,1786,12,30,105,147,1.3673469387755102,0.05205821763918388,635,Shirley was beginning to regret agreeing to date knight.
6376,1786,14,26,107,147,1.3673469387755102,0.053818527887705574,635,"At that moment, she knew that metaphor was not her friend."
2381,1789,13,39,125,177,1.3672316384180792,0.04642107289468501,635,The dating scene these days is a real battlefield.
3209,1789,14,37,126,177,1.3672316384180792,0.04710750836205875,635,You look just like your picture
4726,1789,12,41,124,177,1.3672316384180792,0.045724333492199565,635,"Yes, it comes in High Shine and also in Matte finish."
4377,1792,14,30,114,158,1.3670886075949367,0.051074427497710496,635,“Je t'aime mon armor”
1318,1792,13,32,113,158,1.3670886075949367,0.050278936833781984,635,Shut your face!
2133,1792,11,36,111,158,1.3670886075949367,0.048648948385022095,635,Your armor isn't as shiny as it is in your profile.
7299,1792,12,34,112,158,1.3670886075949367,0.049470656292917636,635,My profile clearly stated that I’m looking for amour ... NOT ARMOR!
815,1796,18,33,137,188,1.3670212765957446,0.04760611680600583,635,"Chivalry might not be dead, but this date is."
567,1796,14,41,133,188,1.3670212765957446,0.04515290891633859,635,Doris always preferred a quiet date knight.
697,1798,17,28,124,169,1.3668639053254439,0.05079476750842494,635,"After this glass of wine, maybe we can go back to my place for a knight cap."
983,1798,13,36,120,169,1.3668639053254439,0.0479409938747227,635,You seem very guarded!
2362,1798,10,42,117,169,1.3668639053254439,0.04568382382520252,635,People often tell me I’m too guarded on first dates.
5090,1798,9,44,116,169,1.3668639053254439,0.04490622875679337,635,"Nice suit, but ties are required."
1935,1802,16,34,130,180,1.3666666666666667,0.047859197583077905,635,"No, Harold, we're not getting a warhorse."
2018,1802,10,46,124,180,1.3666666666666667,0.04379569972852768,635,"Well you don't look anything like your picture either"""
4912,1802,10,35,105,150,1.3666666666666667,0.049531737202582964,635,"Where I come from, it's not considered presumptuous to bring protection on a first date."
5424,1802,12,31,107,150,1.3666666666666667,0.05130656787909022,635,Is this what you meant by knightcap?
7671,1802,14,38,128,180,1.3666666666666667,0.04654413282503513,635,I said I wanted a night in Ann Arbor!
7763,1807,14,42,135,191,1.3664921465968587,0.04464907093501669,635,"It has notes of apricot and fig, with just a hint of tin and zinc"""
1413,1808,10,43,119,172,1.3662790697674418,0.04513772184378244,635,"Wow, we're both into 17th century British poetry!"
7193,1808,14,35,123,172,1.3662790697674418,0.04805633940765861,635,Your profile said the armour would be shining.
6659,1810,13,41,129,183,1.366120218579235,0.04534075543725211,635,"Honestly, from your profile I expected a bit more luster."
6360,1811,9,38,106,153,1.3660130718954249,0.04796480082204944,635,Dr. Weintraub said I needed better psychological armor. But we settled for this.
7635,1811,10,36,107,153,1.3660130718954249,0.048853059575674256,635,What? It's my best suit!
3268,1811,11,34,108,153,1.3660130718954249,0.049725453662182735,635,"Maybe I do say ""literally"" too often."
6972,1814,15,41,138,194,1.365979381443299,0.04476059801904859,635,You're late.
206,1815,16,28,120,164,1.3658536585365855,0.051189933244652534,635,I feel safer in it since that whole Kavanaugh thing.
2418,1815,7,46,111,164,1.3658536585365855,0.04412549120187623,635,One can not be too careful when ordering steak flambe.
2755,1815,11,38,115,164,1.3658536585365855,0.047395419295073245,635,It was supposed to be a metaphor.
2931,1815,14,32,118,164,1.3658536585365855,0.04970689959570512,635,First date in a long while?
5644,1815,16,28,120,164,1.3658536585365855,0.051189933244652534,635,I hate date knight.
7465,1815,10,40,114,164,1.3658536585365855,0.04659945354903387,635,"So if you're up on your tetanus shots, I was thinking we could head back to my place..."
6818,1821,12,40,123,175,1.3657142857142857,0.04605782248395386,635,Damned auto-correct - my Tinder post  was for an exciting night
7619,1821,11,42,122,175,1.3657142857142857,0.04533918357195701,635,I understand from your profile that you're a little shy.
6078,1823,13,42,131,186,1.3655913978494623,0.04482514219114919,635,"You say ""armor,"" I say ""amore."""
6780,1823,13,42,131,186,1.3655913978494623,0.04482514219114919,635,What do you say we take this to my place for a Knight-cap
3325,1825,11,35,110,156,1.3653846153846154,0.04904930628232548,635,I haven't been out in ages. Sorry if I'm a bit rusty.
6549,1825,7,43,106,156,1.3653846153846154,0.04555197584103465,635,Do we have to joust over the bill again?!
1203,1825,11,35,110,156,1.3653846153846154,0.04904930628232548,635,"Damn spellcheck. Next time I will say ""evening"" preferred."
7319,1828,16,29,122,167,1.3652694610778444,0.05050733266273011,635,"If you say, ""Mmpphhht uffa gishhes"" one more time, I'm going to scream"
5520,1828,14,33,120,167,1.3652694610778444,0.04905813815177093,635,"Well, my guard is up too, buddy."
5838,1828,14,33,120,167,1.3652694610778444,0.04905813815177093,635,I am wondering about your concept of safe sex.
2977,1831,13,39,126,178,1.3651685393258426,0.04620562570872211,635,"Awfully defensive, aren’t you?"
3753,1831,14,37,127,178,1.3651685393258426,0.0468875230653458,635,Don't think that after one glass of wine we'll be having a one-knight stand.
4200,1831,15,35,128,178,1.3651685393258426,0.04755964456629324,635,Why do we always have to dine at a round table?
6343,1831,13,39,126,178,1.3651685393258426,0.04620562570872211,635,I'm leaving you for someone shinier.
6358,1831,11,43,124,178,1.3651685393258426,0.044810711922451056,635,I assume you will be expecting a “good knight” kiss?
7328,1831,10,45,123,178,1.3651685393258426,0.04409671111237305,635,You might want to update your profile picture
3091,1837,13,43,133,189,1.3650793650793651,0.044324874136622144,635,"Hope you didn't mind the long wait, but I only sit at round tables."
3618,1837,9,28,89,126,1.3650793650793651,0.05474694987885668,635,"So, what do you do when you're not jousting?"
1828,1839,15,24,109,148,1.364864864864865,0.05436342795493715,635,"I hear you, but I still feel this is something of an overreaction to the #MeToo movement."
5924,1840,11,36,112,159,1.3647798742138364,0.04839711110850822,635,Marge decided then that this would be her last knight out.
5840,1840,13,32,114,159,1.3647798742138364,0.05001503129509474,635,Do we always have to sit at this round table?
4812,1842,12,38,120,170,1.3647058823529412,0.04697172587279992,635,You don't look like your profile picture.
2391,1842,13,36,121,170,1.3647058823529412,0.04770698770351928,635,Tannins? What tannins? I get subtle hints of face mask.
2805,1844,14,38,129,181,1.3646408839779005,0.0463305779939964,635,Sorry. I never joust on the first date.
5453,1844,11,44,126,181,1.3646408839779005,0.044298537161430986,635,"You know, this isn't the first round table I've sat around."
3503,1846,15,21,104,140,1.3642857142857143,0.05663637307380496,635,"No Frank, I am looking for ""le grand amour""..."
7178,1847,10,35,106,151,1.3642384105960266,0.04926250243801632,635,"Frank, I said date NIGHT, not date knight."
7148,1848,14,31,117,162,1.3641975308641976,0.05011769970069022,635,Well I think you're being a little defensive.
2899,1848,10,39,113,162,1.3641975308641976,0.046958054462280074,635,Shall I ask the sommelier to bring you a straw?
5537,1848,14,31,117,162,1.3641975308641976,0.05011769970069022,635,"This isn't what I  pictured  when you said ""Date Knight"""
6638,1848,12,35,115,162,1.3641975308641976,0.04856358050108655,635,"Next time the dating app tells me ""you've got mail""  I'll  take it more seriously."
5597,1852,12,39,122,173,1.3641618497109826,0.046397945061846156,635,I was hoping you would let your guard down this evening
6632,1852,15,33,125,173,1.3641618497109826,0.04852225583522639,635,Here's hoping for a knight to remember.
1483,1852,12,39,122,173,1.3641618497109826,0.046397945061846156,635,Am I correct? You majored in medieval history.
2790,1852,14,35,124,173,1.3641618497109826,0.04782463775308154,635,"I just like to hear you say ,'Good Night' and mean it."
7302,1852,13,37,123,173,1.3641618497109826,0.04711669174600211,635,It's my response to the #MeToo movement.
3941,1857,17,33,134,184,1.3641304347826086,0.047696792227162846,635,You never shine it like you used to.
517,1858,11,34,109,154,1.3636363636363635,0.049458644607100075,635,This isn't what I meant when I asked for a date night
7429,1858,13,38,125,176,1.3636363636363635,0.04654535308430501,635,What makes you think I need rescuing?
6689,1858,15,38,134,187,1.3636363636363635,0.045898014936127385,635,"I don’t feel like being feudal tonight, Marty"
6328,1858,17,22,115,154,1.3636363636363635,0.054364070426276175,635,Spell-check got it wrong. I wanted a unique night out
5108,1858,8,40,106,154,1.3636363636363635,0.04681356868366891,635,I have some battle scars from my last relationship.
4706,1858,12,44,131,187,1.3636363636363635,0.043978685249494935,635,Would a straw help?
6870,1858,17,26,122,165,1.3636363636363635,0.05164758421960598,635,"Actually, when you called and asked, 'How about a knight on the town?', I misunderstood."
2550,1858,13,34,118,165,1.3636363636363635,0.048701474676766505,635,What makes you say I'm guarded?
1764,1858,13,38,125,176,1.3636363636363635,0.04654535308430501,635,My friend told me I should wear some protection.
1694,1858,10,32,101,143,1.3636363636363635,0.0511326016104156,635,So you just sit at any round table you see?
1492,1858,11,42,123,176,1.3636363636363635,0.045128702217906644,635,I just feel like there's this barrier between us...
906,1858,11,38,116,165,1.3636363636363635,0.04715945266515449,635,"Are you going to open up, or should I order you a straw?"
4113,1858,13,34,118,165,1.3636363636363635,0.048701474676766505,635,When is the food coming? We‘ve been waiting for centuries.
6934,1871,17,35,138,190,1.3631578947368421,0.04658846092392744,635,I'm not wearing underpants.
6995,1872,12,41,126,179,1.3631284916201116,0.04530448811288258,635,"It’s not me, it’s you."
2881,1872,11,43,125,179,1.3631284916201116,0.04460634421842305,635,"I’m just saying, a real knight in shining armor would’ve asked if I preferred the Chardonnay."
1616,1872,11,43,125,179,1.3631284916201116,0.04460634421842305,635,"Well, people use to say I was too thin-skinned."
1054,1872,13,39,127,179,1.3631284916201116,0.045992035634533454,635,I'm squeaking.  Order something oily.
2512,1872,11,43,125,179,1.3631284916201116,0.04460634421842305,635,I thought you said you liked old-fashioned guys
2967,1877,11,39,118,168,1.3630952380952381,0.04657165409121202,635,I want a divorce.
4083,1877,12,37,119,168,1.3630952380952381,0.04733080354506162,635,I wish you’d let your guard down.
4321,1877,10,41,117,168,1.3630952380952381,0.04579992320257528,635,"Mama told me to use protection when I started dating."""
3765,1880,10,37,110,157,1.3630573248407643,0.047947302720323624,635,"I'm not sure this is working out, Rupert.  I sense a little defensiveness."
4944,1880,15,27,115,157,1.3630573248407643,0.052031148601533767,635,"The 80's called, Karen. They want their shoulder pads back."
7490,1882,13,40,129,182,1.3626373626373627,0.04545586461892152,635,"So basically, you’ll get chivalry back, and I’ll get to own all the land and tax everyone."
5421,1882,15,36,131,182,1.3626373626373627,0.04677244021904243,635,Alice said that it’d be a knight to remember. I wish that she’d said it in writing.
5151,1882,12,42,128,182,1.3626373626373627,0.0447830644368899,635,"Margaret, I wish you could just see past my defenses."
5835,1882,10,46,126,182,1.3626373626373627,0.04340618993379235,635,I think I'm taking a shine to you
4024,1882,14,38,130,182,1.3626373626373627,0.046118850767867245,635,"Rook to queen bishop 4, unless you have other moves in mind."
2051,1882,12,42,128,182,1.3626373626373627,0.0447830644368899,635,"Well you are wearing something different from your online profile picture, too."
4666,1882,10,46,126,182,1.3626373626373627,0.04340618993379235,635,What do you think of heavy metal?
535,1882,11,44,127,182,1.3626373626373627,0.04410000104833949,635,I’m just not ready to commit to a relationship that includes a horse.
677,1890,15,32,124,171,1.3625730994152048,0.04890281138838091,635,I should have asked for a straw.
6368,1890,11,40,120,171,1.3625730994152048,0.046003121233998294,635,My name is Galahad but my friends call me Rusty.
222,1892,13,32,115,160,1.3625,0.04975371734792394,635,A knight cap - I know what you’re thinking.
5917,1893,7,40,102,149,1.3624161073825503,0.04686311319812884,635,"I mean, no one’s dating profile is perfectly accurate."
6132,1893,9,36,104,149,1.3624161073825503,0.048760033036853515,635,I know you have a problem with showing your true self but I thought you meant emotionally...
6147,1893,9,36,104,149,1.3624161073825503,0.048760033036853515,635,"If you don't want to be seen with me, there are other ways."
7078,1893,10,34,105,149,1.3624161073825503,0.049681339991210494,635,"You know, if this relationship is ever going to work, you need to let your guard down."
4472,1897,13,45,138,196,1.3622448979591837,0.04318574035110308,635,Chivalry is not dead. It's being re-enacted.
543,1898,12,43,130,185,1.3621621621621622,0.0442774393056662,635,"I've dated guys with emotional walls but, this is ridiculous."
2093,1899,13,37,124,174,1.3620689655172413,0.046891851781355486,635,"No , not really. You don't seem all that unhinged to me."
7684,1899,15,33,126,174,1.3620689655172413,0.048287962263851736,635,"Sorry Martha, I cheated on you!"
1980,1901,11,37,115,163,1.361963190184049,0.047526156819504735,635,Some people reminisce about the days of yore.  I do something about it.
2757,1901,10,39,114,163,1.361963190184049,0.04672253439180312,635,I used to be much more guarded.
5056,1903,14,27,111,152,1.361842105263158,0.05243241770831817,635,"Go ahead, ask the sommelier. I’m telling you 1297AD was NOT a very good year."
7655,1904,11,46,131,188,1.3617021276595744,0.04313236530001064,635,Every time I bring this up you get so defensive.
1862,1905,13,38,126,177,1.3615819209039548,0.046327213847568764,635,When I said I was interested in the Renaissance I really just meant the art.
1940,1905,13,38,126,177,1.3615819209039548,0.046327213847568764,635,And I thought chivalry was dead.
2134,1905,13,38,126,177,1.3615819209039548,0.046327213847568764,635,Not that kind of crusade.
4282,1905,13,38,126,177,1.3615819209039548,0.046327213847568764,635,So… I can remove it on the 3rd date?
6823,1909,16,28,122,166,1.3614457831325302,0.05066669537432947,635,something tells me this is going to be a one knight stand.
6274,1909,10,40,116,166,1.3614457831325302,0.046141065434040375,635,It’s nothing personal.   It’s just that my ISO ad was for a Renaissance man.
5811,1909,13,34,119,166,1.3614457831325302,0.04845674328482825,635,Sticks and stones my ass.
7757,1909,13,34,119,166,1.3614457831325302,0.04845674328482825,635,"It's hard for me to catch the waiters' eye, could you ask for a straw?"
3901,1909,10,40,116,166,1.3614457831325302,0.046141065434040375,635,"I don't normally brag, but I'm kind of a Rennaisance man."
3307,1909,10,40,116,166,1.3614457831325302,0.046141065434040375,635,"Frankly, you looked shinier on Tinder."
2117,1909,10,40,116,166,1.3614457831325302,0.046141065434040375,635,It's fine. You're just less shining than your photo.
4539,1909,10,40,116,166,1.3614457831325302,0.046141065434040375,635,I told you they wouldn't have straws here.
81,1917,10,36,109,155,1.3612903225806452,0.048335400396854585,635,"Where I come from, this is business casual"
5274,1917,12,32,111,155,1.3612903225806452,0.05003883784268974,635,"Keep the lance down,Trevor."
5818,1917,8,40,107,155,1.3612903225806452,0.04656969583754549,635,Nobody ever remembers my face but they always remember my name..
7683,1917,13,30,112,155,1.3612903225806452,0.05086917016433797,635,"M'lady, what, pray, is a ""Medieval Dickweed""?"
1204,1921,16,33,131,180,1.3611111111111112,0.04777084816866999,635,auto correct changed 'where's your email' to 'wear your mail?'
1403,1921,10,32,102,144,1.3611111111111112,0.05083902783564432,635,"Long thought dead, Chivalry returns to the dating scene."
2484,1921,7,38,99,144,1.3611111111111112,0.04788769633108411,635,Bad hair day again Edna
1496,1924,13,35,121,169,1.3609467455621302,0.04784090364080714,635,This isn't what I was expecting when I read that you liked heavy metal in your profile.
4264,1924,13,35,121,169,1.3609467455621302,0.04784090364080714,635,"So when your profile said ""man of steel"" you weren't kidding."
5817,1924,6,49,114,169,1.3609467455621302,0.04237517450378456,635,Your armor was shinier in your profile picture.
7186,1927,14,29,115,158,1.360759493670886,0.050966910163949136,635,My profile did promise a knight to remember.
4378,1927,11,35,112,158,1.360759493670886,0.04853605841443781,635,This isn't my first one knight stand
6931,1927,14,29,115,158,1.360759493670886,0.050966910163949136,635,When will you come out?
3319,1927,8,41,109,158,1.360759493670886,0.045976863759497305,635,“Besides Dungeons and Dragons what else do you do for fun?”
3995,1927,10,37,111,158,1.360759493670886,0.047698252707266665,635,You're afraid they'll recognize you from what incident?
6566,1932,12,42,129,183,1.360655737704918,0.044581738583243345,635,Do yoou need a straw?
1000,1933,11,31,105,147,1.3605442176870748,0.05103127893384367,635,I was hoping you'd agree to a one-knight stand with me ...
5198,1933,12,29,106,147,1.3605442176870748,0.051936301271262184,635,"No, really. I want to hear about YOUR day."
7563,1935,15,32,125,172,1.3604651162790697,0.04866333928039672,635,"Are you still seeing Lance?"""
6595,1935,11,40,121,172,1.3604651162790697,0.045783433312734365,635,See?  They DID have a round table!
5387,1935,8,46,118,172,1.3604651162790697,0.04349855627361141,635,It's just been so long since I had a knight out
5175,1935,15,32,125,172,1.3604651162790697,0.04866333928039672,635,"So then King Arthur says, “how many knights does it take to change a light bulb?”"
3550,1935,13,36,123,172,1.3604651162790697,0.047245334985692486,635,I'm afraid I have a hard time letting my guard down.
3044,1935,10,42,120,172,1.3604651162790697,0.04503469007217928,635,I said I was looking for Mr. RIGHT.
1038,1935,13,36,123,172,1.3604651162790697,0.047245334985692486,635,You  tweeted for a knight to remember.
490,1935,15,32,125,172,1.3604651162790697,0.04866333928039672,635,I'm weating a chastity belt in the same color
304,1935,9,44,119,172,1.3604651162790697,0.044273286007398306,635,Should I order a straw for you?
3303,1935,10,42,120,172,1.3604651162790697,0.04503469007217928,635,"Not bad, but I prefer the blood of my enemies"
2122,1945,14,30,117,161,1.360248447204969,0.0502731630053276,635,It’s a dangerous time to be a young male in America.
937,1946,11,45,130,186,1.3602150537634408,0.043417504173299294,635,which personal pronoun do you prefer?
4211,1946,14,39,133,186,1.3602150537634408,0.04538113688463371,635,"And, as for me, I can be somewhat defensive."
6057,1948,13,37,125,175,1.36,0.04666901237360557,635,Your profile said you were taller.
4664,1948,12,30,108,150,1.36,0.051187246733809776,635,"To be honest, when I posted on TINDR for a Knight in Shining Armor, I had Jon Hamm in mind."
1207,1948,14,35,126,175,1.36,0.04736747999334079,635,"Of all the things to ban, it had to be straws."
4097,1948,13,28,109,150,1.36,0.05205400740385792,635,I'm guessing you've been wounded by past speed-dating experiences.
314,1948,9,36,105,150,1.36,0.04849410121188961,635,Didn't you say you wanted a knight out?
552,1953,10,39,115,164,1.3597560975609757,0.04648918782806711,635,Jeff Flake at dinner.
618,1953,10,39,115,164,1.3597560975609757,0.04648918782806711,635,How long has it been since you've had a knight out?
1119,1953,12,35,117,164,1.3597560975609757,0.048071592267032046,635,I thought you'd be on a horse.
1417,1953,14,31,119,164,1.3597560975609757,0.04960354202334999,635,We'll do a gender reveal when the check comes.
6424,1953,12,35,117,164,1.3597560975609757,0.048071592267032046,635,"Sorry, when it comes to blind dates, I'm a little rusty."
6724,1953,11,37,116,164,1.3597560975609757,0.04728700967496823,635,So then-you’re not gonna believe this-the kid actually pulls the sword out of the stone!
6257,1959,15,34,129,178,1.3595505617977528,0.04746769827352355,635,"Sorry, I can already tell this won’t be a knight to remember."
3792,1959,11,42,125,178,1.3595505617977528,0.04471311318965635,635,"#metoo really got you spooked, huh?"
6393,1959,8,48,122,178,1.3595505617977528,0.042530254818241846,635,Chivalry IS dead. I'm just cosplaying.
582,1959,17,30,131,178,1.3595505617977528,0.04878670232270157,635,"Damn auto-correct for a romantic knight with protection."""
2722,1959,9,46,123,178,1.3595505617977528,0.04327011147401167,635,Sorry... I left my wallet in my other armor
89,1964,11,33,109,153,1.3594771241830066,0.04960662168271359,635,Can you wait just a minute while I slip into something more comfortable?
649,1964,8,39,106,153,1.3594771241830066,0.04693419839259384,635,Too much?
4467,1964,15,25,113,153,1.3594771241830066,0.052960496247617304,635,YOU can ask the waiter for a straw!
4934,1964,9,37,107,153,1.3594771241830066,0.04784159582163687,635,Online dating always feels so feudal to me.
3273,1968,10,40,117,167,1.3592814371257484,0.04591497938532641,635,"It’s been six years, Marvin. The ‘I’m your knight in shining armor’ thing is getting old.”"
5510,1968,12,36,119,167,1.3592814371257484,0.04746024721533159,635,Rita suddenly realizes her fairy godmother has taken her wish literally.
1907,1970,9,47,125,181,1.3591160220994476,0.04279143337054686,635,I never said it'd be THE Round Table.
5174,1970,14,37,130,181,1.3591160220994476,0.04623898291410745,635,My date next week?  A scarecrow apparently.
7009,1970,11,43,127,181,1.3591160220994476,0.04420273157075272,635,I was expecting more than one knight at the round table...
5807,1973,5,46,105,156,1.358974358974359,0.043567843474351824,635,Your argument that chivalry isn’t dead is oddly compelling.
2910,1973,11,34,111,156,1.358974358974359,0.04893296333391608,635,I'm so glad they could give us a round table
3944,1973,10,36,110,156,1.358974358974359,0.04808036932782009,635,"When you said you would have to show up in your work clothes, I wasn't expecting this."
6395,1976,14,33,123,170,1.3588235294117648,0.04833163826550019,635,Just because you're A knight in shining armor doesn't make you MY knight in shining armor.
6953,1976,15,31,124,170,1.3588235294117648,0.049046517732673336,635,No. I don’t believe it’s a “scary time” for men.  Check please!
6335,1976,13,35,122,170,1.3588235294117648,0.04760602496693968,635,"First, I'd like to hear about the knightly specials."
2565,1979,13,40,131,184,1.358695652173913,0.045046268206123195,635,Defensive? What makes you think I'm defensive?
5293,1979,13,40,131,184,1.358695652173913,0.045046268206123195,635,Tonight's the Knight
4871,1981,14,24,107,145,1.3586206896551725,0.05420609711517976,635,Did you know that the Middle Ages were really called the Dark Ages because there were too many knights?
2007,1982,8,41,110,159,1.3584905660377358,0.04574309181552561,635,My last Crusade also went poorly.
7036,1982,10,37,112,159,1.3584905660377358,0.047451590496458834,635,Now I know why your nickname is Rusty.
5405,1984,12,38,123,173,1.3583815028901733,0.04629735319270272,635,I can see you took my dating profile quite literally.
3174,1985,12,43,132,187,1.358288770053476,0.04388769718222706,635,Are you jousting me?
277,1986,9,35,104,148,1.3581081081081081,0.04889863962028005,635,So.......joust much?
2457,1986,12,29,107,148,1.3581081081081081,0.051641678388543166,635,So you seem to be a little rusty at this speed dating thing.
2573,1986,13,27,108,148,1.3581081081081081,0.05252420023325401,635,I've been craving a nice knight out on the town.
4909,1986,11,31,106,148,1.3581081081081081,0.05074381029671,635,I’m just working on my knight moves.
6025,1990,12,34,116,162,1.3580246913580247,0.048453804591639095,635,It’s a dangerous time to be a young man.
6959,1990,11,36,115,162,1.3580246913580247,0.04765595391242546,635,I bet you're one of those guys who feels weird about taking their socks off too.
6484,1990,12,34,116,162,1.3580246913580247,0.048453804591639095,635,"Wow, Scott, you take #ThrowBackThursdays to a whole new level."
400,1990,11,36,115,162,1.3580246913580247,0.04765595391242546,635,"The dress code here is casual, not chivalrous."
264,1990,13,32,117,162,1.3580246913580247,0.04923872881692085,635,You always get so guarded when we talk about your childhood
767,1995,10,43,123,176,1.3579545454545454,0.0443015286727115,635,Must you clank with each sip?
2371,1995,12,39,125,176,1.3579545454545454,0.04574380365261735,635,Your were shinier on Tinder
3679,1995,11,41,124,176,1.3579545454545454,0.04502844109753461,635,You haven't touched your wine.
4108,1995,10,43,123,176,1.3579545454545454,0.0443015286727115,635,"Well, I did wish for a memorable night."
5417,1995,12,39,125,176,1.3579545454545454,0.04574380365261735,635,"Note to self, remove ""attracted to men in suits"" from my profile."
6467,1995,18,27,131,176,1.3579545454545454,0.049820738274533816,635,"But Brett, you could have ordered beer.  As you say, ‘Everybody likes beer,’ and no one will recognize you in that get-up."
7459,2001,9,50,131,190,1.3578947368421053,0.04143860993154416,635,So what happened after you and the Lady of the Lake broke up?
5722,2002,11,37,117,165,1.3575757575757577,0.04705009450906852,635,I didn't know Brooks Bros. had a blacksmith's shop.
1321,2003,14,36,129,179,1.3575418994413408,0.046575435404238724,635,Do you mind if I finish your wine?
7782,2003,14,36,129,179,1.3575418994413408,0.046575435404238724,635,"Mom, there’s something you should know about me."
7772,2005,13,39,130,182,1.3571428571428572,0.04536219978148847,635,I still think make-up would cover that birthmark.
3869,2005,10,30,100,140,1.3571428571428572,0.0517637813708753,635,When I asked you to bring protection I was referring to condoms!
6386,2005,10,35,109,154,1.3571428571428572,0.0484708636020876,635,You're my first date knight ever.
710,2005,12,31,111,154,1.3571428571428572,0.05019152810962632,635,Maybe my profile put a little too much emphasis on chivalry.
310,2005,14,37,131,182,1.3571428571428572,0.046026535139099496,635,Thank you again for requesting a round table.
2496,2005,11,48,137,196,1.3571428571428572,0.041868949065698303,635,"What do you mean, ""I'm emotionally unavailable""?"
1286,2011,14,38,133,185,1.3567567567567567,0.045494428983865486,635,I dub thee Sir Merlot-a-lot.
7762,2011,14,38,133,185,1.3567567567567567,0.045494428983865486,635,"Well, you said you wanted a knight to remember."
477,2013,12,37,122,171,1.3567251461988303,0.046641511015103006,635,Love is a battlefield.
1871,2013,14,33,124,171,1.3567251461988303,0.04809396478749472,635,I think I've been taking too many iron supplements.
2742,2013,12,37,122,171,1.3567251461988303,0.046641511015103006,635,I know. I know. The round table was so much bigger back then.
3293,2013,11,39,121,171,1.3567251461988303,0.045898051158710124,635,How do you feel about long walks on the beach?
4362,2013,13,35,123,171,1.3567251461988303,0.04737330471242616,635,"Sorry, but I 'm thinking this may only be a one-knight stand."
5994,2013,11,39,121,171,1.3567251461988303,0.045898051158710124,635,This is my first knight out in a long time.
7236,2013,11,39,121,171,1.3567251461988303,0.045898051158710124,635,My doctor told me to always use protection
7033,2020,11,34,112,157,1.356687898089172,0.04867402231782082,635,"Sorry, I know I can be a little guarded on a first date."
7321,2020,9,38,110,157,1.356687898089172,0.04696639025877447,635,"oil can
oil can
oil can"
475,2020,8,40,109,157,1.356687898089172,0.04608885436427551,635,You look nothing like your profile picture
2382,2020,11,34,112,157,1.356687898089172,0.04867402231782082,635,"So, Lance, just exactly, how long have you and this... this Guinevere person been seeing each other?"
3020,2020,11,34,112,157,1.356687898089172,0.04867402231782082,635,"So, are you having a good 'knight' so far? Ha ha ha.....sorry, joust joking!"
7101,2025,11,45,132,188,1.3563829787234043,0.043039307229789686,635,"I, on the other hand, am feeling rather vulnerable."
2744,2026,14,34,126,174,1.3563218390804597,0.04749664583865804,635,I never bring a can opener on the first date.
2817,2026,10,42,122,174,1.3563218390804597,0.044611302308964235,635,"Your profile said you were guarded, but..."
4994,2026,10,42,122,174,1.3563218390804597,0.044611302308964235,635,Nothing will get through to you.
5253,2026,10,42,122,174,1.3563218390804597,0.044611302308964235,635,"You got yourself into that mesh, you can get yourself out."
4782,2030,11,35,114,160,1.35625,0.0480327415520527,635,I thought Sir Lancelot was just your screen name
5926,2030,11,35,114,160,1.35625,0.0480327415520527,635,"When I said I was looking for a knight in shining armor, I meant it metaphorically."
46,2032,9,34,103,146,1.356164383561644,0.04931244416467622,635,All I can think of is that the tin man didn't have a heart.
4075,2032,8,36,102,146,1.356164383561644,0.04834504977973183,635,"Just so we're clear, there will be no castling queenside."
5769,2032,11,30,105,146,1.356164383561644,0.0511924190879219,635,But it's vintage WD-40.
7184,2035,17,34,140,191,1.356020942408377,0.046298829255359455,635,"You look a lot different in person, actually."
5216,2036,9,45,123,177,1.3559322033898304,0.043362857563852976,635,"I enjoy long walks on the beach at sunset, candlelit dinners, and jousting."
6983,2036,9,45,123,177,1.3559322033898304,0.043362857563852976,635,This is not what I meant when I asked you to be more chivalrous.
2935,2036,16,31,130,177,1.3559322033898304,0.048267450355466604,635,Would it be wrong for me to admit that I'm imagining you naked?
829,2036,8,47,122,177,1.3559322033898304,0.04261614812151874,635,I get lubricated about once a week....
4637,2036,13,37,127,177,1.3559322033898304,0.0462292413700907,635,"Let me explain what I meant by ""date night."""
4786,2041,13,32,118,163,1.3558282208588956,0.04898498765704616,635,I am a bit old-fashioned.
956,2042,15,23,111,149,1.3557046979865772,0.0539344664720247,635,I'm glad we went with the round table.
2132,2042,5,43,101,149,1.3557046979865772,0.04474348508945083,635,Think of me as being a lot like a lobster dinner...
7558,2044,12,45,137,194,1.3556701030927836,0.042759734889234347,635,"So, you want to get medieval tonight?"
7688,2044,15,39,140,194,1.3556701030927836,0.044594201167927845,635,Glad you picked an Italian place--I only eat spaghetti.
2723,2046,9,30,96,135,1.3555555555555556,0.052009552495332005,635,Have you had difficult first dates before?
5774,2046,14,36,130,180,1.3555555555555556,0.04635853461857392,635,Is that proposal iron-clad?
228,2048,6,47,113,166,1.355421686746988,0.042738547497575836,635,The K is silent
457,2048,9,41,116,166,1.355421686746988,0.04522876841774378,635,"In hindsight, it may have been a bad idea to schedule this date on laundry day."
793,2048,4,51,111,166,1.355421686746988,0.040994447696572005,635,It's always so hard to let your guard down on first dates.
4873,2048,12,35,119,166,1.355421686746988,0.04758885944177743,635,Does it chafe?
6092,2048,9,41,116,166,1.355421686746988,0.04522876841774378,635,"I’m too old for you, Jill."
3398,2053,9,36,107,152,1.355263157894737,0.04797021006936673,635,What I’m really looking for is someone who’s emotionally available. You?
548,2054,12,41,130,183,1.355191256830601,0.04448595091756656,635,"All right, so why are we feeling vulnerable this time?"
1914,2054,10,45,128,183,1.355191256830601,0.04311497823594398,635,I can see myself in you.
2466,2054,12,41,130,183,1.355191256830601,0.04448595091756656,635,That thing I said on my dating profile was just a figure of speach.
7014,2054,15,35,133,183,1.355191256830601,0.04646662834950981,635,"You can wear that for the rest of your life, but I'm still not watching Game of Thrones with you!"
7631,2054,13,39,131,183,1.355191256830601,0.04515583095700101,635,So you're a knight of the round table and still live with your parents?
6122,2059,8,33,97,138,1.355072463768116,0.05017764342283398,635,I said night cap.
991,2060,10,40,119,169,1.3550295857988166,0.04546890448902634,635,Well do you have any interest in verbal jousting?
1246,2060,7,46,116,169,1.3550295857988166,0.04308241104010013,635,Perhaps a little jousting could break the ice.
2674,2060,13,34,122,169,1.3550295857988166,0.047736237910378496,635,"Well, this hasn't exactly been a night to remember for me, either."
3432,2060,10,40,119,169,1.3550295857988166,0.04546890448902634,635,I hope you’re not drinking and jousting!
4975,2060,12,36,121,169,1.3550295857988166,0.046992616778612904,635,"Wow, this is a first—you look the same in person as you did on Tinder."
6717,2060,13,34,122,169,1.3550295857988166,0.047736237910378496,635,Date knights just aren't what they used to be.
6286,2066,11,33,111,155,1.3548387096774193,0.04907347285520419,635,My Knight in dining armor!
5324,2066,7,41,107,155,1.3548387096774193,0.045530835878830146,635,When was the last time you got a shine?
5529,2066,13,40,133,186,1.3548387096774193,0.04464352173144694,635,"And even dressed like that Trump still grabbed you by the 
p_ _ _y?"
871,2066,12,31,112,155,1.3548387096774193,0.04991986497008818,635,"After years of online dating, Norma figured anything was better than another knight home alone."
5204,2066,18,30,138,186,1.3548387096774193,0.04778762628992129,635,"It's just...""
""I know.""
""I mean...on the phone...""
""Yes, I know.""
""I mean, when you said Knight School I assumed..."
681,2066,10,35,110,155,1.3548387096774193,0.048212224150199594,635,Can you hear me now?
2387,2072,11,39,122,172,1.3546511627906976,0.045677530547061286,635,Would you like me to ask the waiter for a bendy straw?
5319,2072,14,33,125,172,1.3546511627906976,0.04785849104276871,635,"Your profile said, ""Damsel in distress seeks her knight in shining armor...?"
7259,2072,15,31,126,172,1.3546511627906976,0.04856371712395093,635,"I'm pretty sure that in your dating profile, you spelled 'night-owl' without the 'k'."
7360,2072,10,41,121,172,1.3546511627906976,0.04492702239046524,635,I thought you said it was date knight!
1552,2076,8,34,99,141,1.3546099290780143,0.049449606713896456,635,Oh? So look who's calling me defensive!
2868,2077,14,28,116,158,1.3544303797468353,0.05085414860308856,635,"So, this is your idea of a knight cap."
3057,2077,12,32,114,158,1.3544303797468353,0.04924320379481943,635,I can't help but feeling you have your guard up since your divorce.
5827,2077,11,34,113,158,1.3544303797468353,0.04841763588708841,635,You asked for a date knight.
6433,2077,9,38,111,158,1.3544303797468353,0.046722758423789326,635,"No. I'm not in distress and, no, you can't join me."
7553,2077,10,36,112,158,1.3544303797468353,0.047577744900438736,635,"I know I asked for a ""date knight"", but ..."
7214,2082,14,34,127,175,1.3542857142857143,0.047268330807733044,635,"Let's just leave it at 'knight and day', you aren't the one."
494,2082,12,38,125,175,1.3542857142857143,0.04585773879473022,635,I was hoping you'd order the Sir Loin.
3958,2082,16,30,129,175,1.3542857142857143,0.04863803025753473,635,I'm into safe sex.
2028,2085,13,31,117,161,1.3540372670807452,0.04938278823566441,635,I said I wanted a night with amour ...
3911,2085,9,39,113,161,1.3540372670807452,0.046131342574406986,635,Well...this will be the last time I use checkmate.com...
4019,2085,9,39,113,161,1.3540372670807452,0.046131342574406986,635,"You must be from the rust belt, right?"
4533,2085,10,37,114,161,1.3540372670807452,0.04696531187238183,635,Ar you always this defensive?
7057,2085,13,31,117,161,1.3540372670807452,0.04938278823566441,635,I thought you said you wanted to meet someone with mettle.
6120,2090,8,47,123,178,1.353932584269663,0.04242320749262297,635,So you don't recommend the sword fish ?
1506,2091,10,32,105,147,1.3537414965986394,0.0499769037033849,635,"Sorry, sorry. Your profile did say, 'A Knight in Shining Armour,' I - well - I just didn't take it that literally that's all."
3205,2091,8,36,103,147,1.3537414965986394,0.048076137360922644,635,So what brings you to the middle-age mixer?
5732,2093,12,34,118,164,1.353658536585366,0.04795995514539018,635,You’re so guarded. I just really don’t know how to get through to you.
814,2093,10,38,116,164,1.353658536585366,0.046373741485601146,635,I take safe sex very seriously!
1629,2093,9,40,115,164,1.353658536585366,0.045559929766035956,635,"I like jousting, shining my armor and killing small animals with my sword.  And you?"
6907,2093,8,42,114,164,1.353658536585366,0.04473131454807574,635,I'm assuming the waitress will come back with a straw...
4028,2097,11,42,128,181,1.3535911602209945,0.04410287298279207,635,"It's bullet-proof, arrow-proof, cannon ball-proof, water-proof, snake proof, AND I can use either men's or women's bathroom."
2030,2098,8,37,105,150,1.3533333333333333,0.047427483010045526,635,I can tell what you're thinking--my armor was shinier in the profile picture.
908,2099,9,41,117,167,1.3532934131736527,0.04500746982978318,635,I think the “shining armor” thing is a metaphor
1917,2099,11,37,119,167,1.3532934131736527,0.04658285171889206,635,I find the wine has a metallic finish.
4723,2101,8,49,127,184,1.3532608695652173,0.0415166139196977,635,I think you're afraid of letting your guard down
3042,2102,14,43,144,201,1.3532338308457712,0.042881416381624855,635,It was amour at first sight.
1100,2103,10,47,133,190,1.3526315789473684,0.042009428670264845,635,"I told you, chivalry isn't dead."
1884,2104,10,41,122,173,1.3526011560693643,0.04471359225893441,635,I warned you that I have a pretty exciting knight life.
2124,2104,14,33,126,173,1.3526011560693643,0.047625189482048205,635,"Doesn't matter, I'm going to hurt you with my words"
3635,2104,11,39,123,173,1.3526011560693643,0.04545897785722781,635,I'm getting metallic notes.
473,2107,9,37,110,156,1.3525641025641026,0.04708587018600659,635,"Fiscal liberal, social conservative"
2303,2107,14,27,115,156,1.3525641025641026,0.051289805038305866,635,Welcome to the Supreme Court secretarial staff. You'll need to get your grope-free armor before you start on Monday.
2563,2107,12,31,113,156,1.3525641025641026,0.04965096302177674,635,Too bad they phased out straws.
4549,2107,10,35,111,156,1.3525641025641026,0.04795614827227325,635,Thanks for agreeing to meet me right after work.
7239,2107,10,35,111,156,1.3525641025641026,0.04795614827227325,635,"I have to be honest, when it comes to dating I tend to put my guard up."
2331,2112,9,44,123,176,1.3522727272727273,0.04345436885254556,635,Anything happen at work today ?  You seem rather guarded.
191,2112,10,42,124,176,1.3522727272727273,0.04419521735785612,635,My divorce was brutal.
4011,2114,15,20,107,142,1.352112676056338,0.05582374396643137,635,Every anniversary I feel deeper regret that we got married on Halloween.
4436,2115,15,39,142,196,1.3520408163265305,0.04421215197010981,635,It's a scary time to be a man today.
1996,2116,14,35,130,179,1.3519553072625698,0.0464774531514872,635,Now I understand why your profile says you are a knight person.
2987,2117,14,29,119,162,1.3518518518518519,0.04990000139241922,635,"Just my luck, I've got mail."
5976,2117,13,31,118,162,1.3518518518518519,0.04912564404526331,635,You're the one who wanted the round table!
7225,2117,12,33,117,162,1.3518518518518519,0.04833888359033945,635,I’ll see if they can get you a straw.
632,2120,12,46,141,199,1.3517587939698492,0.041961235111364736,635,What a knight.
1643,2120,14,42,143,199,1.3517587939698492,0.04315394468097461,635,I just got off work and didn't have time to change.
6448,2122,12,27,106,145,1.3517241379310345,0.05227674156904289,635,"I don't care, I'm asking for a straw."
118,2123,15,34,133,182,1.3516483516483517,0.04658663605510722,635,I really miss straws.
140,2124,11,36,118,165,1.3515151515151516,0.04693570999339344,635,Do you notice a strong metallic aftertaste?
478,2124,12,34,119,165,1.3515151515151516,0.047716566332787654,635,"If you see the waiter, can you ask him to bring me a straw?"
6556,2126,12,28,108,148,1.3513513513513513,0.05151221646380824,635,Early into the small talk Julie sensed this was going to be an awkward kinght
7371,2126,13,39,133,185,1.3513513513513513,0.044748337338281124,635,It's only a pimple.
4093,2126,13,39,133,185,1.3513513513513513,0.044748337338281124,635,I use protection
5423,2126,11,43,131,185,1.3513513513513513,0.04341549126037408,635,You look different from your profile picture.
2100,2130,12,35,121,168,1.3511904761904763,0.04711515187084436,635,"I thought your online, 'Knight in Shining Armor' shtick was a come on."
2792,2130,13,33,122,168,1.3511904761904763,0.04786568222894604,635,Round Table for two.
3074,2130,13,33,122,168,1.3511904761904763,0.04786568222894604,635,Is it awkward in here or is it me?
5117,2130,12,35,121,168,1.3511904761904763,0.04711515187084436,635,"A straw? Really, Harold?"
7573,2130,16,27,125,168,1.3511904761904763,0.05004979054433272,635,"I'll tell the waiter 'check, mate.'"
5685,2135,11,44,133,188,1.351063829787234,0.04294252431613958,635,Why are you being so guarded?
2283,2136,11,31,109,151,1.3509933774834437,0.049899391491588285,635,"Apologies, m’lady, I’m a little rusty."
4250,2137,16,28,127,171,1.3508771929824561,0.049402124945437505,635,"Now, tell me, are you a dark and stormy knight?"
3284,2137,17,26,128,171,1.3508771929824561,0.050093606365773084,635,"You know I meant ""knight in shining armor"" figuratively, right?"
5093,2137,10,40,121,171,1.3508771929824561,0.045030803362789334,635,I thought you were looking for a Renaissance man.
780,2137,14,32,125,171,1.3508771929824561,0.04798928057301768,635,You have a beautiful smile.
979,2137,13,34,124,171,1.3508771929824561,0.04726702444951881,635,I’ve always preferred the metaphor.
2206,2142,13,28,113,154,1.3506493506493507,0.05090844995603576,635,"No, my mighty stallion wasn't a metaphor."
3169,2142,12,30,112,154,1.3506493506493507,0.05006783237870982,635,You look shinier in person than on Tinder.
6169,2142,7,40,107,154,1.3506493506493507,0.04563305435739002,635,I'm glad we don't have to use chopsticks.
6587,2142,7,40,107,154,1.3506493506493507,0.04563305435739002,635,"What, not shining enough for you?"
2155,2146,12,37,125,174,1.3505747126436782,0.04597078225025984,635,Why so defensive Bill?
6829,2146,12,37,125,174,1.3505747126436782,0.04597078225025984,635,There will be no jousting tonight.
7458,2146,11,39,124,174,1.3505747126436782,0.045242370104201284,635,"the dog's dead; the scarecrow had a stroke, the lion's still a wimp, and you've hidden my oil can again.  I think it's time we called it quits."
7246,2149,15,38,141,194,1.3505154639175259,0.0445061297943811,635,I think you misunderstood when I said I wanted a night out.
1833,2150,10,35,112,157,1.3503184713375795,0.04770260266841387,635,"You know knight in shining armor is just a metaphor, right?"
5825,2151,10,42,125,177,1.3502824858757063,0.04398986300112271,635,I always thought of Middle Age as a state of mind...
4227,2152,14,35,131,180,1.35,0.04625986565805642,635,"Finally, a quiet knight out."
5497,2152,8,40,112,160,1.35,0.04538445138671343,635,It's a dangerous time to be a man.
5804,2152,7,42,111,160,1.35,0.04450990985692621,635,Why do you say I always keep my guard up?
4150,2152,11,41,128,180,1.35,0.04420130576588278,635,You could always ask the waitress for a straw
4403,2152,10,36,114,160,1.35,0.04708482910742558,635,"Chivalry may be dead, but I still find the attire surprisingly comfortable."
2763,2152,8,40,112,160,1.35,0.04538445138671343,635,Does my handsome knight in shining armor need a straw?
1255,2152,8,40,112,160,1.35,0.04538445138671343,635,Did you lie about your age on Match.com?
352,2152,13,37,130,180,1.35,0.045584009523852095,635,Same way as when nature calls. Why do you ask?
3336,2152,10,36,114,160,1.35,0.04708482910742558,635,I always bring protection on dates... just in case.
4182,2161,8,48,127,183,1.349726775956284,0.04159258519906689,635,"When my friend said you worked at a museum, I thought maybe you were a tour guide."
5860,2161,7,50,126,183,1.349726775956284,0.04086433534470527,635,I find your attitude quite cavalier.
6990,2161,14,36,133,183,1.349726775956284,0.04571912713300958,635,It was much shinier in your Profile Photo.
3996,2164,11,35,117,163,1.3496932515337423,0.04729583846953417,635,Maybe the bartender has a straw.”
7187,2164,9,39,115,163,1.3496932515337423,0.04566635098689633,635,Day off at the museum?
7192,2164,7,43,113,163,1.3496932515337423,0.04397652656111606,635,"I was hoping for a little more ""Shining"" and a little less ""Armor."""
2131,2167,16,33,137,186,1.3494623655913978,0.04646308801614986,635,"Personally, I believe your story, but I can only rescue damsels who have a corroborating witness."
6115,2167,14,37,135,186,1.3494623655913978,0.04519483676772036,635,Maybe it was a mistake to take our Role-playing public.
4969,2169,8,42,116,166,1.3493975903614457,0.04429272163889025,635,A straw would be nice.
2446,2169,11,36,119,166,1.3493975903614457,0.046700141761707406,635,I guess this wasn’t the night either of us had in mind.
6472,2169,8,42,116,166,1.3493975903614457,0.04429272163889025,635,I am generally cautious on my first dates.
276,2169,9,40,117,166,1.3493975903614457,0.04510947284449244,635,"I have to confess, I wasn't completely honest in my profile pic."
1400,2169,10,38,118,166,1.3493975903614457,0.04591169666256938,635,Don't be so defensive.
3991,2174,9,33,104,146,1.3493150684931507,0.04917118041892739,635,"Just so you know, I don't want to have kids."
5536,2175,14,38,137,189,1.3492063492063493,0.044686224198629304,635,Well this won't be a knight to remember.
910,2176,14,31,124,169,1.349112426035503,0.048360834544419064,635,I'm vulnerable.
3585,2176,12,35,122,169,1.349112426035503,0.046881612190317265,635,But I don't care about the difference in our ages.
5433,2176,9,41,119,169,1.349112426035503,0.04457082484270677,635,Back to your castle for a knight-cap? I don't think so.
5434,2176,10,39,120,169,1.349112426035503,0.04535417075963282,635,Why are you so defensive?
5275,2180,11,30,108,149,1.348993288590604,0.05032650018042513,635,It was hard to find a women's helmet that allowed my pony tail through
4283,2180,13,26,110,149,1.348993288590604,0.052097466959006175,635,Run out of clean clothes?
730,2182,15,37,140,192,1.3489583333333333,0.04480536236901356,635,First Knight out?
4185,2182,12,43,137,192,1.3489583333333333,0.04294074908025697,635,Middle Age
296,2184,11,38,123,172,1.3488372093023255,0.045567043816550114,635,"I thought it was misspelling when it read, "".....for a knight to remember."""
1933,2184,14,32,126,172,1.3488372093023255,0.04775305068990309,635,Be careful of what you wish for.
4774,2184,11,38,123,172,1.3488372093023255,0.045567043816550114,635,"You don't happen to have a straw, do you?"
6604,2187,12,37,126,175,1.3485714285714285,0.04575121660953553,635,I thought chivalry was dead.
4365,2187,12,37,126,175,1.3485714285714285,0.04575121660953553,635,So they're telling me chivalry is dead.
2235,2187,8,45,122,175,1.3485714285714285,0.04278373570979375,635,It's not your opinion on the divine rights of kings that's the dealbreaker.  It's your take on the usefulness of heavy cavalry in the age of the machine gun that is really hurtful.
5517,2187,13,35,127,175,1.3485714285714285,0.04646348314799946,635,I think I'm gonna need a straw.
657,2187,13,35,127,175,1.3485714285714285,0.04646348314799946,635,"Lance, I know it's a round table, but really..."
1,2187,13,35,127,175,1.3485714285714285,0.04646348314799946,635,So...when ya from?
1737,2187,11,39,125,175,1.3485714285714285,0.04502768455362601,635,Another awkward first date at the Holy Bar & Grail
321,2187,14,33,128,175,1.3485714285714285,0.04716499455354808,635,My ex wasn't of the highest calibur.
3647,2195,12,30,113,155,1.3483870967741935,0.04979518031056258,635,No offence but my date match description said I enjoyed a good NIGHT with a glass of wine.
4575,2195,8,38,109,155,1.3483870967741935,0.04630778832891874,635,"So, do you ever sit at square table?"
6081,2195,14,26,115,155,1.3483870967741935,0.05145030945761344,635,I thought you said this was dress casual.
4247,2198,13,36,129,178,1.348314606741573,0.04590945136142659,635,This is nice.  I haven't had a knight out in quite a while!
7664,2198,10,42,126,178,1.348314606741573,0.04378627419752401,635,"Well, my profile did say ‘Renaissance Man’."
2619,2200,9,29,97,135,1.348148148148148,0.05185185185185185,635,Is this your first date with another woman?
201,2201,13,29,116,158,1.3481012658227849,0.049935227891642724,635,Do you think he forgot my straw?
1376,2201,9,37,112,158,1.3481012658227849,0.04659425248092841,635,I prefer it over the house arrest.
3112,2201,10,35,113,158,1.3481012658227849,0.04745155444598154,635,"Sorry, I'm a little rusty at this"
4119,2201,9,37,112,158,1.3481012658227849,0.04659425248092841,635,It's a round table.
3538,2205,12,39,130,181,1.3480662983425415,0.04469109005057417,635,I'm not getting you a straw
6955,2206,12,32,117,161,1.3478260869565217,0.04847108823633957,635,And here I thought 'respond to my emaille address' was just a typo.
5814,2206,10,36,115,161,1.3478260869565217,0.04684193518322472,635,My profile's ideal man? I was using an analogy.
226,2206,11,42,131,184,1.3478260869565217,0.0435079489992585,635,Your Silver Singles profile mentioned nothing about liking heavy metal.
102,2206,15,26,120,161,1.3478260869565217,0.05081698190047694,635,I asked the Genie for a knight in shining armor who turns into a stallion in the bedroom. Shall we order some sugar cubes ?
4457,2206,11,26,101,138,1.3478260869565217,0.05309840678628378,635,I was hoping to catch you off guard.
472,2211,6,45,113,164,1.3475609756097562,0.04289615621591055,635,"If it's alright with you, let's start the role play after dinner."
1002,2211,12,33,119,164,1.3475609756097562,0.04784329015257228,635,I just have always been more of a knight person.
1766,2211,12,33,119,164,1.3475609756097562,0.04784329015257228,635,I am keen to get out there and really open up to someone.
2971,2211,15,27,122,164,1.3475609756097562,0.05013412520314809,635,I guess my ordering a rusty nail wasn't funny
3900,2211,13,31,120,164,1.3475609756097562,0.048618896652540926,635,"You did reserve the round table, right?"
4448,2211,8,41,115,164,1.3475609756097562,0.044606206028693744,635,And I was so hoping to break the cycle of dating guarded men
5987,2211,16,25,123,164,1.3475609756097562,0.050874819006775485,635,Would you say you're more of a Lance-a-lot or a Lance-a-little?
3722,2218,10,29,102,141,1.3475177304964538,0.05131089616378166,635,Most of my friends thought that just a condom would be fine but I thought I might need to take it to the next level.
6698,2219,9,48,133,190,1.3473684210526315,0.04124006651042936,635,I'm not calling you sir.
7062,2220,13,32,122,167,1.347305389221557,0.047994287975501475,635,This is taking 'wear protection on the first date' a little too far!
5934,2220,12,34,121,167,1.347305389221557,0.04723671042084371,635,It's just not... shining.
5547,2220,10,38,119,167,1.347305389221557,0.04568388203291401,635,I'm just a little surprised because you weren't wearing a helmet in your profile picture.
4271,2220,13,32,122,167,1.347305389221557,0.047994287975501475,635,Didst thy ad not sayeth 'Woman Seeking Renaissance Man'?
5864,2220,6,46,115,167,1.347305389221557,0.042407989931454206,635,"I'm just out here, looking for my damsel in distress."
5938,2225,10,30,104,144,1.3472222222222223,0.05055965385507762,635,"If you don't want a kiss, just say so!"
581,2226,17,25,128,170,1.3470588235294119,0.050242547596562555,635,"I expected something different from ""a night on the town."""
1090,2226,16,27,127,170,1.3470588235294119,0.0495449285469116,635,You won't need all that protection. I have a chastity belt.
2185,2226,8,43,119,170,1.3470588235294119,0.04356364069409665,635,"After my divorce, friends said I should get right back up on that horse. What's your story?"
3017,2226,6,47,117,170,1.3470588235294119,0.04193522984288745,635,I'm waiting for the right woman to let my guard down.
3073,2226,10,39,121,170,1.3470588235294119,0.04513333667116702,635,"Thank you, but I'm no longer in distress."
3254,2226,10,39,121,170,1.3470588235294119,0.04513333667116702,635,"Dammit Bill, just because it's a round table doesn't mean you to have dress up."
3804,2226,9,41,120,170,1.3470588235294119,0.04435543297949679,635,It's my defense mechanism.
4650,2226,8,43,119,170,1.3470588235294119,0.04356364069409665,635,You really should learn to let your guard down
2265,2234,11,46,139,196,1.346938775510204,0.04168361662521977,635,"Is it me, or does this wine have a metallic aftertaste?"
1660,2234,6,39,102,147,1.346938775510204,0.045945539129309786,635,My chastity belt is in the shop.
1609,2236,10,40,123,173,1.346820809248555,0.04460049222385315,635,Chivalry is still dead.
1988,2236,12,36,125,173,1.346820809248555,0.046082866413249116,635,"So, this is the big deal round table you've been bragging about!"
2667,2236,12,36,125,173,1.346820809248555,0.046082866413249116,635,"I'm sorry, but I was speaking metaphorically in my ad."
4440,2236,14,32,127,173,1.346820809248555,0.04751901984587583,635,"Brett, you've been confirmed.  I think you can relax now."
594,2240,15,39,145,199,1.3467336683417086,0.043650540650858854,635,"My profile was supposed to read that I enjoyed ""nights"" along with a glass of wine."
947,2241,15,31,130,176,1.3465909090909092,0.047624735246717675,635,Guess who’s going commando?
2449,2241,10,41,125,176,1.3465909090909092,0.044084465321070056,635,Maybe next time we could go somewhere less formal.
4721,2241,14,33,129,176,1.3465909090909092,0.04693804791834539,635,Gladys was determined to have a good knight.
6503,2241,18,25,133,176,1.3465909090909092,0.04962782084803994,635,"My friends were right, they told me this wasn’t going to be my knight."
7581,2241,11,39,126,176,1.3465909090909092,0.04481489872330064,635,Nasty divorce?  Something tells me you're not ready to start dating again.
5076,2246,8,37,108,153,1.34640522875817,0.04666395893470274,635,So this is your idea of a night to remember?
4479,2246,9,35,109,153,1.34640522875817,0.047576510753365754,635,I have a problem with trust.
5610,2248,12,38,129,179,1.3463687150837989,0.04500160050746133,635,"I don't know about the damsel part, but you do seem in distress."""
6512,2248,15,32,132,179,1.3463687150837989,0.04704738190533849,635,"But your ad said, ""Wanted, knight in shining armor..."""
2530,2248,10,42,127,179,1.3463687150837989,0.04358443129097123,635,You said there'd be dragons.
4417,2248,15,32,132,179,1.3463687150837989,0.04704738190533849,635,"So, you say your hobbies are archery and bird watching? Surely you joust!"
7226,2252,15,24,117,156,1.3461538461538463,0.051970156029884765,635,This is not what I meant by wining and dining with a night on the town.
3594,2252,8,38,110,156,1.3461538461538463,0.04606415326692786,635,"Mainly, I wear it to save on dry cleaning."
2199,2252,12,30,114,156,1.3461538461538463,0.049525328468917704,635,You looked younger online.
2886,2252,13,37,132,182,1.3461538461538463,0.04516320948105014,635,"It was worth the wait, to get this round table."
975,2256,13,38,134,185,1.345945945945946,0.04464886488710323,635,"Ohh, that type of Renaissance man."
4509,2256,11,42,132,185,1.345945945945946,0.04331295790575625,635,"Well, at least you don’t pretend to be open and available."
5072,2256,9,46,130,185,1.345945945945946,0.041934514536176824,635,... maybe you should open up more?
6294,2256,9,46,130,185,1.345945945945946,0.041934514536176824,635,It's time that we open up to one another.
7460,2256,11,42,132,185,1.345945945945946,0.04331295790575625,635,"It's not your shielding, Herm, it' your emptiness."
5336,2261,12,31,116,159,1.3459119496855345,0.04886044898009111,635,"Did you specifically ask for a round table"""
6293,2261,10,35,114,159,1.3459119496855345,0.047202971121912136,635,"You seem a little too guarded, even for a first date."
2597,2263,12,41,135,188,1.3457446808510638,0.043500867960013984,635,This was your idea. Don’t you dare ask for a straw.
1857,2264,9,38,115,162,1.345679012345679,0.04577124757801412,635,I'm always a little shy on first​ dates too.
7043,2264,8,40,114,162,1.345679012345679,0.04492578178224991,635,"No, I'm not going to ask them for a straw."
2998,2266,13,31,121,165,1.3454545454545455,0.048369226513421584,635,"In a couple of weeks, Senator Cruz, this #MeToo thing will all blow over."
7609,2266,14,29,122,165,1.3454545454545455,0.04912730303521736,635,But your online profile said you liked hard bodies!
7434,2266,9,39,117,165,1.3454545454545455,0.045209985108127626,635,This explains the part in your profile about an interest in Heavy Metal.
5944,2266,12,33,120,165,1.3454545454545455,0.047599078179091814,635,I take it this is your way of telling me you're afraid of commitment.
909,2266,12,33,120,165,1.3454545454545455,0.047599078179091814,635,"Well, hash tag Sir Lancelot, you certainly fooled me."
3143,2266,9,39,117,165,1.3454545454545455,0.045209985108127626,635,The last time I let down my walls? They stormed the castle.
945,2266,9,39,117,165,1.3454545454545455,0.045209985108127626,635,It seems like I haven't dated since the dark ages...  I have to admit I'm a bit rusty.
5608,2266,14,29,122,165,1.3454545454545455,0.04912730303521736,635,"Darling, now we can talk about your mother!"
4354,2274,10,47,137,194,1.3453608247422681,0.04129882941175399,635,"No problem, I never kiss on the first date anyway."
1581,2275,10,38,120,168,1.3452380952380953,0.04545817132938031,635,"Sorry, it’s not going to work. You’re tarnished."
958,2275,9,40,119,168,1.3452380952380953,0.04466720655225243,635,You'll have to excuse the echo.
1580,2275,10,38,120,168,1.3452380952380953,0.04545817132938031,635,I find it hard to let my guard down on a first date
4404,2275,12,34,122,168,1.3452380952380953,0.04700018446209247,635,I know I SAID I was searching for my knight in shining armor!
7564,2279,8,33,101,142,1.3450704225352113,0.049009543314738425,635,And I thought my ex had emotional armor.
4352,2279,9,31,102,142,1.3450704225352113,0.050018251236786236,635,"Marvin,  he has no idea what “fercula dant meliora“ means. Just ask to see the menu."
5723,2281,11,37,123,171,1.345029239766082,0.04567397471290442,635,"Well, the part of your profile about the shining armor was right."
6055,2281,9,41,121,171,1.345029239766082,0.0441419649185016,635,I was hoping this knight would be special.
4831,2281,10,39,122,171,1.345029239766082,0.0449145022957021,635,You don't have to be so defensive !
62,2284,14,32,128,174,1.3448275862068966,0.047287160035312366,635,"Check, please."
2783,2284,9,42,123,174,1.3448275862068966,0.04363337786521746,635,Your overt display of chivalry has been duly noted.
2849,2284,8,34,103,145,1.3448275862068966,0.04832373105650094,635,joust a gigolo!
5300,2284,7,36,102,145,1.3448275862068966,0.04732227321894,635,You look a lot older than on your Tinder profile.
6880,2284,10,40,124,174,1.3448275862068966,0.04438820149526367,635,"I did the chain mail thing, but that was before I really knew myself."
7257,2284,11,38,125,174,1.3448275862068966,0.045130402170149186,635,"I've always thought that ""clothes make the man."""
339,2290,12,37,128,177,1.344632768361582,0.04531795773852672,635,I'm a bit of a germophobe.
570,2290,14,33,130,177,1.344632768361582,0.04671316692717853,635,Actually I thought you said amour not armor...
1930,2290,11,39,127,177,1.344632768361582,0.04460399038430438,635,"No problem, I'll just drink it for you."
5408,2290,16,29,132,177,1.344632768361582,0.04806789609648001,635,Am I not your knight in dining armor?
6585,2290,7,47,123,177,1.344632768361582,0.041625840732074273,635,So... what do you do for work?
3534,2295,9,33,106,148,1.3445945945945945,0.04861837938016613,635,It’s important for me to feel safe on a first date.
7447,2295,9,33,106,148,1.3445945945945945,0.04861837938016613,635,I could ask the waiter for a straw for you!
7566,2297,8,46,126,180,1.3444444444444446,0.04192913401762013,635,I must warn you. I'm feeling a little chivalrous tonight.
2811,2297,16,30,134,180,1.3444444444444446,0.0474830311891928,635,"""In your profile picture, your armor was shining."
1741,2299,10,32,109,151,1.3443708609271523,0.04886920654135704,635,This is not what I meant by a night to remember.
5642,2299,11,30,110,151,1.3443708609271523,0.04976444080598481,635,I though you said you worked the night shift.
6802,2299,11,30,110,151,1.3443708609271523,0.04976444080598481,635,This is not quite what I meant when I said I needed a night out.
1801,2302,13,37,133,183,1.3442622950819672,0.04495555008574093,635,"No, I said I wanted a night out."
2281,2302,10,43,130,183,1.3442622950819672,0.04290517174397784,635,"I dunno Arthur, I guess I just need some me time."
3515,2302,9,45,129,183,1.3442622950819672,0.042199579642493185,635,"So,I guess in your dating profile, ""S.W.M"" meant  "" surrounded with metal""?"
245,2305,8,37,109,154,1.344155844155844,0.04641449394607366,635,"Yes, I know it's not shining, but I can change."
4244,2305,12,29,113,154,1.344155844155844,0.04993831194148001,635,"When I said men were stuck in the Middle Ages when it came to women’s rights, I didn’t mean literally."
4559,2307,12,30,115,157,1.3439490445859872,0.049258237717456216,635,Your cross-dressing I've patiently lived with George... but this?
6379,2307,10,34,113,157,1.3439490445859872,0.04757158131041275,635,"It's not my fault, you're the one who told me to bring protection."
1921,2307,5,44,108,157,1.3439490445859872,0.043066910287745,635,"You know, you're not the first woman to tell me I have intimacy issues."
3195,2307,9,36,112,157,1.3439490445859872,0.04670541757703387,635,You're taking the 'wear protection' advice very seriously.
5578,2311,11,33,116,160,1.34375,0.0477866022578077,635,"As long as your house really is a castle, I'm good."
4295,2311,9,37,114,160,1.34375,0.0461121095911193,635,"Ok, but no lube jobs til the 3rd date."
333,2311,10,35,115,160,1.34375,0.04695682062432096,635,"Well, I did suggest a Knight-cap"
3223,2311,11,44,137,192,1.34375,0.04220178843095845,635,Drink up.  You're due back at the museum.
497,2315,15,26,122,163,1.343558282208589,0.05028161855735523,635,"The ad said ""Speed Dating Saturday Knight"" ...I thought it was a typo"
976,2315,13,30,120,163,1.343558282208589,0.048752030118442334,635,Looks like you've been watching a lot of Fox News lately...
3405,2315,9,38,116,163,1.343558282208589,0.04553898321782982,635,They always keep the round table open just for me.
3769,2315,10,36,117,163,1.343558282208589,0.046363124943781746,635,I'm not taking any chances this flu season.
4896,2315,7,42,114,163,1.343558282208589,0.04384425011829858,635,"Frankly, I think the 1795 Lafite Rothschild has a better finish."
5107,2315,12,32,119,163,1.343558282208589,0.047968949109091163,635,"Well,you did ask for a knight out"""
5616,2315,11,34,118,163,1.343558282208589,0.0471728705570442,635,"Would you stop being so defensive, Lionel!"
5921,2315,10,36,117,163,1.343558282208589,0.046363124943781746,635,"I thought Sharon said ""a date night"" not ""date a knight."""
7183,2315,13,30,120,163,1.343558282208589,0.048752030118442334,635,"We’re breaking up? Your text said you wanted to be joust friends. You need to get a handle on your autocorrect, Linda."
6881,2324,11,35,120,166,1.3433734939759037,0.046579892793806366,635,I promised you a knight out.
6098,2324,12,33,121,166,1.3433734939759037,0.04735721447477964,635,My profile specifically said I’m not into one Knight stands...
4976,2324,13,31,122,166,1.3433734939759037,0.04812198159820585,635,Your profile said you were looking for someone with a tough exterior.
5959,2324,9,39,118,166,1.3433734939759037,0.04498497207320381,635,I guess I misunderstood what you meant by date night
3570,2324,15,27,124,166,1.3433734939759037,0.04961616483761749,635,"When I asked for a night out on the town, I had something else in mind."
2854,2324,7,43,116,166,1.3433734939759037,0.04333138599411931,635,C’mon. I was just jousting.
3578,2324,11,35,120,166,1.3433734939759037,0.046579892793806366,635,"No, chivalry isn't dead, just hungry"
414,2331,12,34,123,169,1.3431952662721893,0.046765887916509256,635,"I know I wrote ""treat me like a Queen"" on my Tinder profile but this is ridiculous."
2827,2331,9,40,120,169,1.3431952662721893,0.044449084784902476,635,"Dianne, you are seriously underdressed."
3058,2333,13,44,147,204,1.3431372549019607,0.04169116216800084,635,I just gave up on make-up.
721,2334,10,40,125,175,1.3428571428571427,0.04417779105628963,635,"If the Tinman could get a heart, so can you."
2640,2334,9,42,124,175,1.3428571428571427,0.0434280528877521,635,A round table at the Olive Garden. My my. And they said chivalry was dead.
1508,2336,7,47,124,178,1.3426966292134832,0.041436585197609455,635,I think this is a nonstarter.
1879,2336,9,43,126,178,1.3426966292134832,0.04294124517263526,635,I just find it difficult to really reach you
5401,2336,13,35,130,178,1.3426966292134832,0.045802515490435895,635,When I said I'd like a night out on the town...
5711,2339,15,32,134,181,1.3425414364640884,0.046604283131894325,635,I’m in transition.
5806,2339,10,42,129,181,1.3425414364640884,0.04318590551571891,635,Let's skip the romance and find out what's under that hard exterior shell.
7369,2339,9,44,128,181,1.3425414364640884,0.042469225104863485,635,I thought you said your therapist was getting you to shed your armor.
2983,2342,9,45,130,184,1.3423913043478262,0.04201129083281098,635,I'd like to think that I project a strong exterior.
5905,2342,10,43,131,184,1.3423913043478262,0.042712352881591566,635,I remember the middle ages differently.
6400,2344,8,35,106,149,1.342281879194631,0.04739907804334821,635,Defensive? How so?
1624,2345,8,48,131,187,1.3422459893048129,0.04086926240917271,635,So that makes you the lady of the knight.
4177,2345,13,38,136,187,1.3422459893048129,0.044247052344849665,635,You looked a lot younger in your picture
4270,2345,16,32,139,187,1.3422459893048129,0.046155223539819365,635,You told me to wear my suit.
6013,2345,12,40,135,187,1.3422459893048129,0.043592437818275966,635,Knight out at the round table.
683,2349,10,32,110,152,1.3421052631578947,0.04859947124817861,635,"I'm not the old Gwen; give it up, Arty."
7247,2349,12,41,137,190,1.3421052631578947,0.04311821093259505,635,"Perhaps you misread my online profile, I promised a great knight."
7395,2349,9,34,109,152,1.3421052631578947,0.04769455136450979,635,Karen thought her dinner date was being overly defensive.
393,2352,14,40,145,199,1.3417085427135678,0.04297329051477275,635,Is this your first time steed dating?
7094,2353,8,39,114,161,1.3416149068322982,0.04502034569571267,635,"So, you work in government?"
4332,2353,9,37,115,161,1.3416149068322982,0.04587451665265008,635,The MeToo movement has me feeling a little guarded.
4020,2353,9,37,115,161,1.3416149068322982,0.04587451665265008,635,A brunch in shining armor is just stupid.
926,2353,9,37,115,161,1.3416149068322982,0.04587451665265008,635,"Unless there's a woman under there, you're outta luck!"
3097,2353,8,39,114,161,1.3416149068322982,0.04502034569571267,635,Is this going to be a knightly thing?
3810,2353,13,29,119,161,1.3416149068322982,0.04914295762696268,635,"You know, they've stopped serving straws."
4870,2359,9,51,142,202,1.3415841584158417,0.03952537644621849,635,Sit still. I'll go get you a straw
6140,2360,9,38,117,164,1.3414634146341464,0.04530890895896981,635,Are you going to take off your helmet or should I ask the waiter for a straw?
6158,2360,14,28,122,164,1.3414634146341464,0.049264396134413295,635,I don't know the meaning of the word 'Ni!'
4258,2360,10,36,118,164,1.3414634146341464,0.04612714959911842,635,"Ironically, I am more of a morning person."
1837,2360,6,44,114,164,1.3414634146341464,0.04276034534227367,635,Not what I meant by a night out.
3663,2360,10,36,118,164,1.3414634146341464,0.04612714959911842,635,What makes you say that I'm looking for a fight?
4157,2360,7,42,115,164,1.3414634146341464,0.043626412101819036,635,"No, not shining.  But it is armour."
3040,2366,9,53,146,208,1.3413461538461537,0.03878389392786633,635,"Okay, so now are you ready to talk about the kids?"
2441,2367,10,37,120,167,1.341317365269461,0.04556078294577334,635,I thought you asked for a good knight out.
4749,2367,11,35,121,167,1.341317365269461,0.046345763663193554,635,You don’t look anything like your photo.
5209,2367,8,41,118,167,1.341317365269461,0.043948779378344856,635,It's the only suit I own.
7419,2367,11,35,121,167,1.341317365269461,0.046345763663193554,635,I'll take off my glasses if you take off your head.
7591,2367,10,37,120,167,1.341317365269461,0.04556078294577334,635,You meant literally
4554,2372,9,40,121,170,1.3411764705882352,0.04423293904018076,635,This isn't what I had in mind when I said I wanted a night out.
7437,2372,10,38,122,170,1.3411764705882352,0.04501295969392176,635,I didn't think it was going to be this kind of night.
6992,2374,13,33,127,173,1.3410404624277457,0.04669426056284422,635,No problem.  I brought the WD-40.
7128,2374,15,29,129,173,1.3410404624277457,0.04811216727359272,635,At least you're not another Neanderthal...
4758,2374,14,31,128,173,1.3410404624277457,0.04740851510685056,635,I am sorry to learn you've been hurt before.
2011,2374,12,35,126,173,1.3410404624277457,0.04596890943219232,635,"You're taking this #Me Too thing to seriously, Bernie."
3506,2374,8,43,122,173,1.3410404624277457,0.04294516612940674,635,The waiter said he'd bring a straw.
4103,2374,6,47,120,173,1.3410404624277457,0.04135046098450374,635,I really needed a knight out on the town.
1477,2380,13,34,129,176,1.3409090909090908,0.04613132529587373,635,"I love the chivalry, but I wish you could be more vulnerable."
6901,2380,12,36,128,176,1.3409090909090908,0.04542206631824068,635,"So, how do you know Linda?"
1964,2382,12,37,130,179,1.3407821229050279,0.044892373160697205,635,"If you're so worried about stains, don't order red wine."
6070,2383,11,40,131,182,1.3406593406593406,0.04368961816828609,635,Another date knight who won’t let his guard down.
6079,2383,10,42,130,182,1.3406593406593406,0.042989184311819015,635,Would I undercut my whole chivalry thing if I asked to cleave the bill in two?
7517,2385,5,37,96,138,1.3405797101449275,0.046564368704359385,635,I see you also like to wear suits.
529,2386,10,43,132,185,1.3405405405405406,0.04252114492513805,635,Want me to ask the waiter for a straw?
4411,2386,17,29,139,185,1.3405405405405406,0.04710975070840482,635,Perhaps you misunderstood my request for' a night out on the town' .
7282,2386,12,39,134,185,1.3405405405405406,0.04388116428384257,635,How is this knight different from all other nights?
6063,2389,10,45,136,191,1.3403141361256545,0.04162567949586185,635,I didn’t have time to change after work.
7571,2389,15,35,141,191,1.3403141361256545,0.04481356043043509,635,Chivalry is dead.  Let’s split the check.
257,2391,11,27,106,144,1.3402777777777777,0.05136368268187715,635,I think it's overkill... I'm sure Maxine Waters doesn't even know you dine here Senator!
5286,2392,9,32,106,147,1.3401360544217686,0.048743984419576024,635,You may need to get a straw.
5498,2393,10,31,109,150,1.34,0.048998927075866984,635,It's a shame you can't get a straw anymore.
5638,2393,13,25,112,150,1.34,0.05166576458763634,635,You do realize it echoes when you cut the cheese?
1006,2395,8,37,111,156,1.3397435897435896,0.045922935835103595,635,I requested a round table.
2230,2395,7,39,110,156,1.3397435897435896,0.045013365234963826,635,"Methinks, too."
6734,2395,10,33,113,156,1.3397435897435896,0.047690061937395584,635,Can we skip the pleasantries and get on to the jousting?
212,2398,10,34,115,159,1.3396226415094339,0.047070191755868004,635,“So what other chivalric acts do you perform when you’re not asking for separate checks?”
2845,2398,10,34,115,159,1.3396226415094339,0.047070191755868004,635,"This being the third date, and getting positive signals from Alice, Wally thought it best to wear protection."
6099,2398,10,34,115,159,1.3396226415094339,0.047070191755868004,635,Emotionally available I see.
7112,2398,9,36,114,159,1.3396226415094339,0.046216787599682604,635,Perhaps you missed the metaphor in my online profile.
630,2402,13,29,120,162,1.3395061728395061,0.048884167730282875,635,I think a flu shot would be more practical.
1850,2402,9,37,116,162,1.3395061728395061,0.045639203655150756,635,"You're very chivalrous, but I'm still not going back to your castle."
3636,2402,11,33,118,162,1.3395061728395061,0.047289527196614875,635,WHO hurt you so bad?
6712,2402,10,35,117,162,1.3395061728395061,0.046471691882024824,635,Why so stiff?
7709,2406,11,34,120,165,1.3393939393939394,0.046691712498431605,635,Your dating profile noted that you are looking for a man of steel
3399,2406,11,34,120,165,1.3393939393939394,0.046691712498431605,635,I have to be honest. You look nothing like your profile picture.
286,2406,10,36,119,165,1.3393939393939394,0.045893422034413635,635,The wine has metallic notes.
293,2406,8,40,117,165,1.3393939393939394,0.044253661159434264,635,These first date rituals are simply medieval.
2408,2406,10,36,119,165,1.3393939393939394,0.045893422034413635,635,"Well, yes, I will admit that this blind date has given me a knight I will always remember."
2329,2411,11,35,122,168,1.3392857142857142,0.04611384631836537,635,"Well, your Tinder profile didn't mention glasses. So..."
3644,2411,14,29,125,168,1.3392857142857142,0.04837711050241587,635,I'm not happy either that they stopped serving straws.
3833,2411,12,33,123,168,1.3392857142857142,0.04688040978600263,635,"I don't care if you are a knight in shining armor.  If you voted for Trump, I'm out of here."
6600,2411,8,41,119,168,1.3392857142857142,0.043733612061944795,635,"My voice message was that I wanted a ""good night"" drink."
7489,2411,12,33,123,168,1.3392857142857142,0.04688040978600263,635,"Okay, so now I realize what you meant by a ""knight on the town."""
6452,2416,10,38,123,171,1.3391812865497077,0.0447934085048287,635,"Geez, it's our third date. I think you can let your guard down now."
4992,2416,13,32,126,171,1.3391812865497077,0.04704091617192069,635,I’m not looking for just one knight.
3502,2416,11,36,124,171,1.3391812865497077,0.04555489979228209,635,Let's just try to enjoy the knight
6371,2416,13,32,126,171,1.3391812865497077,0.04704091617192069,635,"Oh, I thought your profile said you were looking for armor."
1274,2416,15,28,128,171,1.3391812865497077,0.04848140564693309,635,Straw?
1111,2416,10,38,123,171,1.3391812865497077,0.0447934085048287,635,I’m not looking for a one night stand.
421,2416,14,30,127,171,1.3391812865497077,0.04776659129452376,635,Sometimes I think I was better off with the dragon.
1628,2416,8,42,121,171,1.3391812865497077,0.04323020409703907,635,"You said your favorite movie was ""You've Got Mail."""
1700,2424,9,41,124,174,1.339080459770115,0.043512882780024555,635,We need to talk about your defensiveness.
1957,2424,13,33,128,174,1.339080459770115,0.04646648297482038,635,"I would say that it has hints of dungeon mold, a bouquet of stagnant mote, and a rusty chain mail finish. Quite lovely, really."
6436,2424,9,41,124,174,1.339080459770115,0.043512882780024555,635,I wish you would be a little more open about things
2129,2427,7,46,124,177,1.3389830508474576,0.04150366818970149,635,"She did promise me it would be a ""knight to remember"""
3731,2427,9,42,126,177,1.3389830508474576,0.04302275146915167,635,"Ugh,sure.  It'll be a knight to remember."
6482,2427,14,32,131,177,1.3389830508474576,0.04660433264102461,635,"Sorry Guen, but according to our pre-nup, my position is iron-clad: I get to keep the castle."
6872,2427,12,36,129,177,1.3389830508474576,0.04520576456758275,635,I guess I thought your armor would be... shinier
655,2431,12,37,131,180,1.3388888888888888,0.04468240147051739,635,Oil can.
4828,2431,12,37,131,180,1.3388888888888888,0.04468240147051739,635,#me too. You can't be too careful nowadays.
6617,2431,12,37,131,180,1.3388888888888888,0.04468240147051739,635,That's quite a riveting story.
152,2434,15,32,136,183,1.3387978142076502,0.046169080177371945,635,"Wine is fine, but I like beer.  I REALLY like beer.  Do you like beer?"
3619,2434,11,40,132,183,1.3387978142076502,0.04349007936203568,635,"So Lancelot, where you from?"
7085,2436,10,44,135,189,1.3386243386243386,0.04188243435026966,635,As if your emotional armour isn’t bad enough.
713,2437,9,49,140,198,1.3383838383838385,0.039973932318992586,635,Let's drink until knightfall.
5907,2438,13,22,107,142,1.3380281690140845,0.05371739271649279,635,"Buddy, this is not what I had in mind for a one night stand."
1378,2439,8,33,104,145,1.3379310344827586,0.04816626859714244,635,Did you not ask for a knight on the town?
1459,2439,14,21,110,145,1.3379310344827586,0.05380243557916528,635,"Yes, it may seem excessive.  But I, not you, am the woman who has to interview the new Supreme Court Justice."
1720,2439,13,23,109,145,1.3379310344827586,0.05290478838098876,635,Are you sure you don't want a straw?
1555,2442,10,30,108,148,1.337837837837838,0.04940727371455494,635,It’s just...well frankly you looked a little shinier in your online profile.
6206,2442,7,36,105,148,1.337837837837838,0.04653270576522762,635,You were shining more in the photo.
6681,2442,9,32,107,148,1.337837837837838,0.04846803103642355,635,"Nah mom, this is pretty standard law clerk dress code in DC these days"
1091,2445,9,33,109,151,1.3377483443708609,0.04781071694776171,635,Would it be awkward if I used a straw?
3559,2445,9,33,109,151,1.3377483443708609,0.04781071694776171,635,This is the best Knight out I've had in a long time.
5370,2447,8,36,110,154,1.3376623376623376,0.04626879319877378,635,I told my husband  I had a night meeting but he’s suspicious...
5380,2447,10,32,112,154,1.3376623376623376,0.0480683482108354,635,"I just wish you would make yourself a little more vulnerable with me."""
5223,2449,9,35,113,157,1.3375796178343948,0.04656600643213291,635,"If you don't stop calling me Guinevere, this date is over."
5363,2449,8,37,112,157,1.3375796178343948,0.04568077974060137,635,I'm tired of the verbal jousting.
905,2449,9,35,113,157,1.3375796178343948,0.04656600643213291,635,A drinking problem? Why do you ask?
4190,2449,4,45,108,157,1.3375796178343948,0.04195350245684987,635,"I want to see more of you, Claudia. But first I have to figure out how to open this visor."
1779,2453,12,30,118,160,1.3375,0.0484731495409066,635,I can see where the emojis confused things...
2516,2453,12,30,118,160,1.3375,0.0484731495409066,635,Of course the environment is important but I think they would understand if you asked for a straw.
3188,2453,10,34,116,160,1.3375,0.046823215630844676,635,Classical and metal. What’s your favorite music?
762,2456,8,39,116,163,1.3374233128834356,0.04456430573600861,635,"I'm sorry, this is not exactly what I had in mind when I requested a round table."
1454,2456,12,31,120,163,1.3374233128834356,0.04784285520209022,635,"You got the 'knight in shining armor' part right, but how is 'walking barefoot on the beach' going to work"
6765,2458,9,38,119,166,1.3373493975903614,0.04485522276104167,635,"Ok, now I am ready to tell you how I honestly feel about our relationship."
4762,2458,7,42,117,166,1.3373493975903614,0.04319667011109887,635,Sorry to hear you are suffering from metal fatigue
3067,2458,11,34,121,166,1.3373493975903614,0.04645459836440563,635,"Fine, I’ll stay for one drink... 
but it’s just not cool to post an old profile pic. 
It’s obvious you’re Middle Aged."
2099,2458,8,40,118,166,1.3373493975903614,0.044033755901749815,635,I think you'll find that I'm way more chivalrous than most guys.
673,2458,12,32,122,166,1.3373493975903614,0.047233982039692805,635,"Sorry I was late, my horse ran out of grass on the way here."
2659,2458,10,36,120,166,1.3373493975903614,0.045661913659749906,635,I loved your profile's emphasis on chivalry and old fashioned values.
3801,2464,9,39,121,169,1.3372781065088757,0.044322308496581274,635,I've got to find a more up-to-date dating service.
4653,2465,16,26,130,172,1.3372093023255813,0.048938779058954746,635,I want to tell you who I'm voting for.
6454,2465,11,36,125,172,1.3372093023255813,0.04533218300235968,635,Shall we try a 13th century Cabernet?
4118,2465,10,38,124,172,1.3372093023255813,0.04457586072926776,635,My defenses are up.
7309,2465,9,40,123,172,1.3372093023255813,0.043806482439825316,635,I'm going to need you to let your guard down.
2889,2465,13,32,127,172,1.3372093023255813,0.04680818013732356,635,I thought you meant knight cap!
1388,2465,9,40,123,172,1.3372093023255813,0.043806482439825316,635,"Stain resistant, never needs dry cleaning, small caliber bullet proof - what's not to like?"
2968,2465,6,46,120,172,1.3372093023255813,0.041412673612526735,635,"Since the nomination, they are flying off the rack."
4648,2472,16,27,132,175,1.3371428571428572,0.048324495458982666,635,"I did say no sex without protection, but isn't this a little extreme?"
5221,2472,11,37,127,175,1.3371428571428572,0.04479787535593945,635,I don’t like to reveal my gender until the secon date.
5743,2474,11,38,129,178,1.3370786516853932,0.04428031789635045,635,That I hide my feelings? Why do you say that?
5568,2474,11,38,129,178,1.3370786516853932,0.04428031789635045,635,Cynthia considers options to avoid a goodnight kiss.
3294,2474,14,32,132,178,1.3370786516853932,0.04638088473938688,635,I hate that they don’t give you straws anymore.
2482,2474,13,34,131,178,1.3370786516853932,0.045691426954511706,635,It's just that I thought you would have been shinier.
1675,2474,12,36,130,178,1.3370786516853932,0.044991405013298555,635,Is the ponytail too much?
1332,2474,13,34,131,178,1.3370786516853932,0.045691426954511706,635,"You know I don't like round tables, Diana. I retired for a reason."
154,2474,6,48,124,178,1.3370786516853932,0.040538212746219986,635,You said formal attire.
2702,2481,12,37,132,181,1.3370165745856353,0.044474280215465435,635,"Madame, there will be no need for your chastity belt tonight."
4932,2481,11,39,131,181,1.3370165745856353,0.04377869626289374,635,"If we're going to sleep together, I think I should wear protection."
326,2483,8,46,130,184,1.3369565217391304,0.04118287523672358,635,"When I said I wanted a night out, this isn't what I meant..."
770,2483,17,28,139,184,1.3369565217391304,0.047229207001036125,635,I thought you meant date knight!
5662,2485,14,35,138,187,1.3368983957219251,0.04478926084578408,635,"I'll say one thing for you, you are a knight in shining armor, the agency got that right"
7046,2486,14,36,140,190,1.3368421052631578,0.044290283576050256,635,"Knight time is the right time, get it?"
2125,2487,16,33,144,193,1.3367875647668395,0.04502110672793463,635,"What I said was, ""Looking for a good night"", but lets see where this goes."
4102,2488,12,42,142,196,1.336734693877551,0.04211056383748222,635,"Well, Kyle, if I knew you’d wear it on every anniversary, I’m not sure I would’ve said ‘yes’."
4041,2489,10,49,146,205,1.3365853658536586,0.039658878352016785,635,"Oh, it helps me stick to my diet........."
4159,2490,10,23,95,128,1.3359375,0.054652336839315765,635,I'm sensing a hint of blackberries with metallic overtones.
5344,2491,9,29,102,140,1.3357142857142856,0.05029278540398302,635,This is a first—you look the same as you did on Tinder.
6671,2491,10,27,103,140,1.3357142857142856,0.05130437785033452,635,You were the one who asked for a date knight.
3875,2493,9,30,104,143,1.3356643356643356,0.04956628193580806,635,"The wine is just all right, the food is overpriced, but, Hey, a round table!"
4636,2493,8,32,103,143,1.3356643356643356,0.048562570449889465,635,"Sure, I'm a knight in shining armor. But nobody ever asks who I'm looking for."
6312,2495,9,32,108,149,1.3355704697986577,0.04819500778266178,635,"_Maybe, we are taking this Knightcap thing a little too far"
3738,2495,8,34,107,149,1.3355704697986577,0.04724472514052362,635,So long story short you're looking for someone who will shine the armor.
356,2495,9,32,108,149,1.3355704697986577,0.04819500778266178,635,I guess chivalry isn't dead.
450,2498,7,37,108,152,1.3355263157894737,0.04567765480057183,635,"Sorry, using straws is against the law."
511,2498,9,33,110,152,1.3355263157894737,0.04754708087318879,635,"You do know ""Knight in Shining Armor"" is just an expression?"
2476,2498,5,41,106,152,1.3355263157894737,0.04372838204872038,635,I'm trying not to be so defensive.
5247,2498,12,27,113,152,1.3355263157894737,0.05022091224563313,635,You did ask for something full-bodied.
7040,2502,9,34,112,155,1.335483870967742,0.046922392097705524,635,I suppose you've heard every 'fun knight out' joke there is.
5971,2502,6,40,109,155,1.335483870967742,0.04416275963395738,635,"Well,at least the table is round."
5771,2502,15,22,118,155,1.335483870967742,0.05200417255893091,635,"It has a nice forward body, but the finish is a little metallic."
5445,2502,8,36,111,155,1.335483870967742,0.04602090502814394,635,Why do you always seem to be on the defensive?
4803,2502,7,38,110,155,1.335483870967742,0.04510140262838917,635,Opening the door for me was enough.
4022,2502,9,34,112,155,1.335483870967742,0.046922392097705524,635,I'm not looking for anything longterm so I hope you're okay with a one knight stand.
2595,2502,12,28,115,155,1.335483870967742,0.04952850110648353,635,I heard there is a high probability of golf ball size hail later tonight.
1865,2502,11,30,114,155,1.335483870967742,0.04867530422394468,635,"No, not particularly thin-skinned. Why do you ask?"
1159,2502,13,26,116,155,1.335483870967742,0.050367247318235636,635,"Well, I said I was ready for a one night stand."
285,2511,11,31,116,158,1.3354430379746836,0.048028754164689526,635,So when's your knight off?
5447,2511,7,39,112,158,1.3354430379746836,0.04454501774922074,635,"Well, I wanted a night out on the town, and  you ARE a knight out on the town."
5527,2511,8,37,113,158,1.3354430379746836,0.04544099758325997,635,How long have you been on knights only dot com?
6354,2511,10,33,115,158,1.3354430379746836,0.0471819411589724,635,"I'm a little behind on my credit card payments, but no, I wouldn't say I'm in distress."
6387,2511,16,21,121,158,1.3354430379746836,0.05205659902480587,635,"'Knight in shining armor' is a euphemism, Scott."
6737,2511,7,39,112,158,1.3354430379746836,0.04454501774922074,635,I can't wait to see you try to drink that.
7253,2511,9,35,114,158,1.3354430379746836,0.046319649355811045,635,"On our first date, I never expected a Knight like this."
4875,2518,15,24,122,161,1.3354037267080745,0.050574417356080204,635,Other women would kill to sit at the round table.
6126,2518,10,34,117,161,1.3354037267080745,0.046578674660653574,635,I sense you're feeling a bit defensive.
6053,2520,12,31,121,164,1.3353658536585367,0.04759472706739634,635,"Well, aaaaactually, it's not a ponytail. It's called a ""plume""."
4625,2520,7,41,116,164,1.3353658536585367,0.04348763673946618,635,People tell me I'm a little closed off.
6831,2520,13,29,122,164,1.3353658536585367,0.04837431905161235,635,It's like they say. Dress for the job you want.
61,2520,10,35,119,164,1.3353658536585367,0.045995919889110566,635,"I'm through with ""knights in shining armor."" I'm moving on to ""wealthy soulmates with Ferraris."""
4526,2520,13,29,122,164,1.3353658536585367,0.04837431905161235,635,"What? I thought you wanted a roundtable discussion, Linda"
405,2525,13,30,124,167,1.3353293413173652,0.04775516101065646,635,Your armor seemed shinier in your profile picture.
641,2525,13,30,124,167,1.3353293413173652,0.04775516101065646,635,This doesn't even crack my top ten for weirdness.
4275,2525,11,34,122,167,1.3353293413173652,0.04621975410328664,635,I think I misunderstood you when you said Knight Club.
4720,2525,7,42,118,167,1.3353293413173652,0.04298472056204856,635,"I can see it's a round table, but ..."
6350,2529,12,33,125,170,1.3352941176470587,0.04641263619170703,635,"I'm sorry, I just don't feel any magnetism."
7541,2529,9,39,122,170,1.3352941176470587,0.04410546298862444,635,You looked shinier in your profile portrait.
774,2529,10,37,123,170,1.3352941176470587,0.04488769886856752,635,Can I get you a straw?
3979,2529,9,39,122,170,1.3352941176470587,0.04410546298862444,635,Wouldst thou like a straw?
1995,2533,9,40,124,173,1.3352601156069364,0.043596125632259564,635,A real knight never takes off his helmet until the third date.
2921,2533,10,38,125,173,1.3352601156069364,0.044360291988099536,635,So good to see the Age of Chivalry isn't dead.
3526,2533,15,28,130,173,1.3352601156069364,0.047998981040204315,635,"It's okay, you're not the first women to realize I'm not *actually* what she's been waiting for all her life."
4540,2533,13,32,128,173,1.3352601156069364,0.04657762886457956,635,"That sounds like a tough breakup, but I think you're being too guarded now."
4596,2533,14,30,129,173,1.3352601156069364,0.04729364487721584,635,"Don't take this the wrong way, but you look a little rusty."
5549,2533,10,38,125,173,1.3352601156069364,0.044360291988099536,635,And when is your coming out party?
7281,2533,10,38,125,173,1.3352601156069364,0.044360291988099536,635,Do you think they can get me a straw for this?
2684,2540,10,39,127,176,1.3352272727272727,0.0438495031399426,635,You wouldn't have a straw would you?
5785,2540,10,39,127,176,1.3352272727272727,0.0438495031399426,635,"Oh don’t worry, the size of your lance does not matter, it is how you wield it."
1681,2540,15,29,132,176,1.3352272727272727,0.047407322749709886,635,"I was given the option on the job application form to not reveal my gender, race and sexuality. I assume this option still applies for the interviews."
459,2540,10,39,127,176,1.3352272727272727,0.0438495031399426,635,This wasn’t exactly what I meant when I asked to be treated like a princess.
79,2540,15,29,132,176,1.3352272727272727,0.047407322749709886,635,You make me feel so damned middle-aged.
507,2540,12,35,129,176,1.3352272727272727,0.04530617017018726,635,Mine doesn't have that metallic aftertaste.
1545,2546,15,30,134,179,1.335195530726257,0.046834471379369615,635,You look so much better than your photo.
5747,2546,5,50,124,179,1.335195530726257,0.039569694502311153,635,I hope you feel like you're in a safer space now.
6825,2548,13,35,134,182,1.335164835164835,0.04494849792479853,635,I was hoping for a night of shining amour.
7055,2548,13,35,134,182,1.335164835164835,0.04494849792479853,635,I’m torn between the swordfish and a nice piece of cod.
33,2550,8,46,131,185,1.335135135135135,0.041000136718991054,635,"Well, Carol promised me a knight to remember."
5697,2550,10,42,133,185,1.335135135135135,0.042408961601729245,635,"I would love to see you again, but I just get the feeling you are shutting me out."
6749,2550,15,32,138,185,1.335135135135135,0.04574157908336149,635,You go ahead....I'll wait for a straw
1948,2553,9,46,136,191,1.3350785340314135,0.040848999714552525,635,"Is it just me, or are you somewhat shy?"
5850,2554,11,32,119,162,1.3333333333333333,0.0471567158201698,635,Your choice of attire seems a bit defensive.  But then again you men are having a rough time right now.
5819,2554,9,38,121,168,1.3333333333333333,0.04440997617903022,635,"So, do you have many lonely knights?"
5369,2554,13,31,127,171,1.3333333333333333,0.04692102287185246,635,Raise the visor or our marriage is over
4003,2554,15,43,161,219,1.3333333333333333,0.040592431820040194,635,"I agree that it's a very scary time in America for young men, but don't worry, I'm wearing my chastity belt."
4624,2554,11,30,115,156,1.3333333333333333,0.04841006715135932,635,My name's Bill.  But I'm changing it to Lance.
4486,2554,11,37,129,177,1.3333333333333333,0.04437162327312129,635,"Tina, people wouldn't have wondered about two women dining alone."
4255,2554,7,43,121,171,1.3333333333333333,0.04229403846542066,635,Mi amor” does not mean “my armor”..
5872,2554,11,29,113,153,1.3333333333333333,0.049071180301212554,635,Not what I really dreamed about.  It was just a metaphor.
5236,2554,11,37,129,177,1.3333333333333333,0.04437162327312129,635,My hands are a disaster. Who does your mailles?
5890,2554,6,48,126,180,1.3333333333333333,0.0401734291192636,635,"Well, I promised you a knight on the town."
7091,2554,10,29,108,147,1.3333333333333333,0.04953735576689809,635,I think you’re taking this knight in shining armor thing too far.
6124,2554,12,32,124,168,1.3333333333333333,0.04675579089814616,635,Red wine with chicken? Surely you joust!
6647,2554,10,33,116,159,1.3333333333333333,0.046931702716822656,635,"No, this is hardly my idea of the perfect knight out."
6746,2554,7,40,115,162,1.3333333333333333,0.043783911457727816,635,I don't know what I ever saw in you.
6999,2554,12,25,110,147,1.3333333333333333,0.05138409809082317,635,I hope you approve. There was a wait list for a round table.
7601,2554,9,35,115,159,1.3333333333333333,0.04607573356985444,635,Wine makes me rust.
7650,2554,8,45,130,183,1.3333333333333333,0.0412479713927618,635,I thought Knight of the Round Table was just a cute line in your profile.
7733,2554,13,29,123,165,1.3333333333333333,0.04812318921509239,635,"No, asking for a straw would seem weird."
7770,2554,11,34,123,168,1.3333333333333333,0.04598715019526058,635,"Let me get this straight -- that wasn't a typo in your profile, AND you aren't a night person?"
7779,2554,11,31,117,159,1.3333333333333333,0.047772337349142,635,"You said you had a drinking problem on your profile, but this isn't what I was expecting."
6105,2554,6,46,122,174,1.3333333333333333,0.04102640764272521,635,"Well, yes, but I meant it figuratively."
3541,2554,11,35,125,171,1.3333333333333333,0.04543108504242546,635,Is this your first date on joust.com?
273,2554,11,35,125,171,1.3333333333333333,0.04543108504242546,635,"So, what kind of Knight am I in for?"
3344,2554,18,27,144,189,1.3333333333333333,0.046853007618123055,635,I wasn't told dating nights in my middle ages would be like this.
198,2554,8,40,120,168,1.3333333333333333,0.04359999982559999,635,I though that 'Sir' was just your Nickname ...
213,2554,12,35,130,177,1.3333333333333333,0.045089270201230526,635,"They have Sir Loin here? Haven't seen him in ages."""
3385,2554,16,25,130,171,1.3333333333333333,0.049071180301212554,635,Was told you wanted a date knight.
303,2554,8,43,126,177,1.3333333333333333,0.04214542615431087,635,"The pinot is nice, but I ordered the mead."
506,2554,10,35,120,165,1.3333333333333333,0.04576146687125984,635,"So, your name is Lance?"
639,2554,11,25,105,141,1.3333333333333333,0.051978745039030036,635,I'm not like those other princesses.
694,2554,15,31,137,183,1.3333333333333333,0.04606234716835281,635,It's not you. It's me.
867,2554,15,26,127,168,1.3333333333333333,0.04898940682229479,635,Your online dating profile said a “night “ to remember
899,2554,6,46,122,174,1.3333333333333333,0.04102640764272521,635,Shinier in what way?
188,2554,9,40,125,174,1.3333333333333333,0.043387652946810774,635,I think it's time we moved beyond heavy polishing.
959,2554,7,35,105,147,1.3333333333333333,0.04663030919937774,635,I sense that your response is rather guarded.
1534,2554,12,36,132,180,1.3333333333333333,0.04456841803099171,635,I read in your bio that you like round tables.
1539,2554,10,37,124,171,1.3333333333333333,0.04466748301088491,635,"Hey, it’s your fantasy.  You shine it."
1605,2554,12,30,120,162,1.3333333333333333,0.04796287192241285,635,"And here I thought that ""Knight in Shining Armor"" was just your username."
1941,2554,9,34,113,156,1.3333333333333333,0.04667021137429671,635,"Well, don't go getting all up in arms about it!"
2539,2554,10,37,124,171,1.3333333333333333,0.04466748301088491,635,Should we ask for straw?
2604,2554,14,30,130,174,1.3333333333333333,0.047060517087143136,635,Nice romantic spot...See much of the Lion and Scarecrow these day?
3082,2554,13,33,131,177,1.3333333333333333,0.04579567253210014,635,"The ban on straws is a real bummer for you, isn't it?"
3282,2554,7,39,113,159,1.3333333333333333,0.04431422155696967,635,I'm sorry to tell you. Chivalry is dead
3288,2554,9,41,127,177,1.3333333333333333,0.042900329615473194,635,You look nothing like your pictures.
1088,2554,12,28,116,156,1.3333333333333333,0.049256954712384636,635,There would be fewer notes of tin and leather if you put up your visor.
4798,2599,14,37,145,196,1.3316326530612246,0.043235169643025984,635,"I'm guessing the whole 'knight in shining armor thing' was just a metaphor, right?"
4432,2600,12,40,141,193,1.3316062176165804,0.04245069846677186,635,My armor’s called a “pantsuit.”
3128,2600,11,42,140,193,1.3316062176165804,0.041810159461167506,635,This isn't my first knight at a round table.
1382,2602,13,37,140,190,1.331578947368421,0.043551128761128634,635,We could go play chess at my place.
6179,2602,9,45,136,190,1.331578947368421,0.04091358755011365,635,I'm afraid my conversation skills are a little rusty.
739,2604,13,36,138,187,1.3315508021390374,0.04403458445890189,635,"""Renaissance man? I'm thinking Medieval."""
2321,2605,11,39,134,184,1.3315217391304348,0.04317838794840933,635,I'm guessing coming back to my place is out of the question?
353,2606,10,40,131,181,1.3314917127071824,0.042953605118565746,635,"When your attorney said ""there would be some jousting over the house,"" well, I just presumed............"
3466,2606,8,44,129,181,1.3314917127071824,0.041499849207817734,635,Do you think this Beaujolais Nouveau has a metallic aftertaste?
5895,2606,8,44,129,181,1.3314917127071824,0.041499849207817734,635,I like your pony tail.
4802,2609,10,39,129,178,1.3314606741573034,0.043436689834336295,635,"All right, perhaps I shouldn't have said in my posting that I still go wild for Heavy Metal."
7721,2609,10,39,129,178,1.3314606741573034,0.043436689834336295,635,"Call me old fashioned, but I never raise my visor on a first date."
4628,2609,11,37,130,178,1.3314606741573034,0.04416136315641928,635,"You said you wanted a knight in shining armor on your dating profile, what else were you expecting Sharon?"
3708,2609,14,31,133,178,1.3314606741573034,0.04626733093706166,635,I asked for a quite NIGHT out.
1283,2609,7,45,126,178,1.3314606741573034,0.04118623687056026,635,Just in case things go well I want you to know I'm  protected.
4558,2609,12,35,131,178,1.3314606741573034,0.04487433529203478,635,We have to stop meading like this.
3071,2615,13,32,130,175,1.3314285714285714,0.04612296795142708,635,"I said, show me a great night*..."
3599,2615,13,32,130,175,1.3314285714285714,0.04612296795142708,635,You don't really look like your profile picture.
4861,2615,7,44,124,175,1.3314285714285714,0.04163219310458711,635,"My anger management is going well, thank you."
2071,2618,10,37,125,172,1.3313953488372092,0.04444929704768596,635,So how do you get through metal detectors
2588,2618,12,33,127,172,1.3313953488372092,0.045953660572821915,635,Sorry I'm defensive.
1791,2618,9,39,124,172,1.3313953488372092,0.043677689408084204,635,I'm NOT too defensive!
7696,2618,9,39,124,172,1.3313953488372092,0.043677689408084204,635,I always get the knightly special.
1304,2618,10,37,125,172,1.3313953488372092,0.04444929704768596,635,"Truth be told, Roger, the lighting here makes you look medieval."
514,2618,13,31,128,172,1.3313953488372092,0.046687668350930515,635,The friend that set up this blind date said it would be a night to remember...another spell check failure
1608,2618,9,39,124,172,1.3313953488372092,0.043677689408084204,635,I’m getting notes of rust with a steely finish.”
5325,2625,7,42,120,169,1.331360946745562,0.04256655198206556,635,You can drop your guard now.
5721,2625,10,36,123,169,1.331360946745562,0.04498042331999497,635,It’s called wine. They haven’t served mead here in years.
12,2625,11,34,124,169,1.331360946745562,0.045756757535697745,635,This is not what I meant by one night stand.
531,2628,13,29,124,166,1.3313253012048192,0.04787454261260751,635,I try and try and my captions never win!
4672,2628,12,31,123,166,1.3313253012048192,0.04710575846155743,635,"It really isn't as difficult as you may think, if you help me down onto the floor I will be able to drink most of it."
4977,2628,8,39,119,166,1.3313253012048192,0.04389618525256441,635,"I know it's a blind date, but you can uncover yourself now."
5712,2628,10,35,121,166,1.3313253012048192,0.04552926289742698,635,So I guess your profile was honest. You are an old fashioned gentleman in a modern world.
5985,2628,10,35,121,166,1.3313253012048192,0.04552926289742698,635,Why don’t you ever take me to Camelot?
7306,2628,11,33,122,166,1.3313253012048192,0.046324217533713456,635,Ignore them. They only stare because they‘re envious.
7296,2634,9,36,118,163,1.3312883435582823,0.04526777836641852,635,I guess you weren’t lying in your profilewhen you said you were chivalrous.
4668,2634,11,32,120,163,1.3312883435582823,0.04691111256737629,635,Is that the new Over Armour brand you are wearing?
5263,2634,12,30,121,163,1.3312883435582823,0.047711558812807406,635,"Actually, I'm a morning person."
6645,2634,11,32,120,163,1.3312883435582823,0.04691111256737629,635,I see you still won't let your guard down.
7627,2634,8,38,117,163,1.3312883435582823,0.04442332040935547,635,Just ask the waiter for a straw.
6610,2639,9,35,116,160,1.33125,0.045834226692265556,635,"'When I said I wanted a quiet night, this isn't exactly what I had in mind"""
5448,2639,7,39,114,160,1.33125,0.04408563974896443,635,"Some how when you said the strong, silent type, I had another impression."
2956,2639,12,29,119,160,1.33125,0.04833865319888176,635,I've decided to run for President of the United States.
3595,2639,9,35,116,160,1.33125,0.045834226692265556,635,Wouldn't it be easier to use hand sanitizer?
5311,2643,10,32,115,157,1.3312101910828025,0.0472919556935171,635,Something tells me you used a fake profile picture
1412,2643,13,26,118,157,1.3312101910828025,0.04981472699214466,635,You said you wanted a knight out.
1891,2643,7,38,112,157,1.3312101910828025,0.0446267982420122,635,And you say chivalry is dead...
4209,2643,10,32,115,157,1.3312101910828025,0.0472919556935171,635,My friends told me that you were an old soul.
4665,2643,8,36,113,157,1.3312101910828025,0.04553252067106949,635,Have a sip. I’ll help you open up.
7440,2643,8,36,113,157,1.3312101910828025,0.04553252067106949,635,"I wanted a night off,not a knight out."
1036,2649,9,33,112,154,1.3311688311688312,0.04702795395330427,635,You look different than your picture on Match.com
508,2649,12,27,115,154,1.3311688311688312,0.049661612604756905,635,Will we be jousting at my place or yours?
6522,2649,12,27,115,154,1.3311688311688312,0.049661612604756905,635,You're my first knight.
6513,2652,9,32,110,151,1.3311258278145695,0.0476575850543528,635,No worries. I like older men.
1648,2653,10,29,109,148,1.3310810810810811,0.049253028082358805,635,"It's hard to feel close to you, Joan."
4738,2654,9,29,104,142,1.3309859154929577,0.04969372883209497,635,Where do you think the valet will put your horse?
1216,2655,8,51,144,203,1.3300492610837438,0.0385334161483152,635,I can’t even look at you anymore.
3351,2656,9,46,139,194,1.3298969072164948,0.040325646128094694,635,I didn't expect '...in shining armor' to be taken literally
1347,2657,14,34,140,188,1.3297872340425532,0.04447938803523123,635,"When you described yourself as a “knight in shining armor,” I thought you were speaking metaphorically."
2502,2657,12,38,138,188,1.3297872340425532,0.04318144709384714,635,"I suppose I could have clarified what I meant by ""looking for a traditional relationship."""
6836,2657,12,38,138,188,1.3297872340425532,0.04318144709384714,635,"My Job? I’m currently on a quest, but the occasional pillage is rather lucrative"
1803,2660,10,41,134,185,1.3297297297297297,0.04229272622026601,635,I get it. Date knight. Droll.
6226,2660,13,35,137,185,1.3297297297297297,0.044327620180693854,635,"I thought it was date night, not date knight."
7114,2662,11,37,131,179,1.329608938547486,0.043952982674802604,635,"No, it's alright, I just didn't think this was what you meant by 'a night out on the town'"
4002,2662,10,39,130,179,1.329608938547486,0.043233019642093265,635,"No, I'm not a damsel, and no, I'm not in distress..."
2786,2662,10,39,130,179,1.329608938547486,0.043233019642093265,635,Tinder is the knight
374,2665,8,42,126,176,1.3295454545454546,0.04221403550228797,635,"Well mom, there's a good reason Ed calls you a battleax."
2375,2665,8,42,126,176,1.3295454545454546,0.04221403550228797,635,"I really think you've been touring with ""Spam-a-lot"" a bit too long."
2554,2665,11,36,129,176,1.3295454545454546,0.04446155629522683,635,Sorry.  This is California.  No straws.
3767,2665,6,46,124,176,1.3295454545454546,0.04064670544482418,635,"I wasn't trying to start a fight, I just prefer a roundtable."
4109,2665,6,46,124,176,1.3295454545454546,0.04064670544482418,635,Hard day at work?
5284,2665,9,40,127,176,1.3295454545454546,0.042976270875024675,635,I wanted to talk about our sex life.
5292,2665,8,42,126,176,1.3295454545454546,0.04221403550228797,635,"Just my luck!  I choose a “Man of Steel”, they send a “Knight in Rusty Armor!”"
7643,2665,9,40,127,176,1.3295454545454546,0.042976270875024675,635,They forgot the bendy straw
5675,2673,11,35,127,173,1.329479768786127,0.044986463132178474,635,I've hidden your oil can.
4444,2673,8,41,124,173,1.329479768786127,0.04268655361780553,635,A Knight to Forget
6246,2673,11,35,127,173,1.329479768786127,0.044986463132178474,635,"Don't worry, I don't unsheathe on the first date."
748,2673,8,41,124,173,1.329479768786127,0.04268655361780553,635,"Back off, Sir Handsalot!"
2574,2673,7,43,123,173,1.329479768786127,0.04189186704648168,635,When I requested a round table I was expecting something a little grander.
3639,2678,9,38,123,170,1.3294117647058823,0.04397296149595056,635,Not exactly my idea of a knight out on the town
2698,2678,9,38,123,170,1.3294117647058823,0.04397296149595056,635,Should I ask for a square table for a change of pace?
3125,2678,5,46,119,170,1.3294117647058823,0.04068374080179009,635,I thought I mentioned my hobbies...
1522,2681,13,29,125,167,1.3293413173652695,0.04762834510883663,635,"Well, you were right! Mail enhancement has significantly improved my strength and confidence."
1928,2681,9,37,121,167,1.3293413173652695,0.04449584014529403,635,I don't feel like I'm getting through to you half the time.
4358,2681,8,39,120,167,1.3293413173652695,0.04367762497369607,635,Your profile picture must have been taken at a different angle.
5331,2681,9,37,121,167,1.3293413173652695,0.04449584014529403,635,"Truthfully, I checked the online​ dating box for steel blue eyes."
6535,2681,12,31,124,167,1.3293413173652695,0.046864852404693666,635,This is what I get for joining TheeHarmony.
853,2686,13,28,123,164,1.329268292682927,0.048244473886949316,635,You can imagine what it's like having a name like Brett.
2740,2686,12,30,122,164,1.329268292682927,0.04746274919914878,635,This isn't the knight cap I had in mind.
3404,2686,11,32,121,164,1.329268292682927,0.04666793184247682,635,Your profile said you like chivalrous men.
3907,2686,13,28,123,164,1.329268292682927,0.048244473886949316,635,You look vulnerable.
5882,2686,12,30,122,164,1.329268292682927,0.04746274919914878,635,I've gotten a little rusty when it comes to dating.
6662,2686,12,30,122,164,1.329268292682927,0.04746274919914878,635,"Actually, it filters the wine perfectly"
5059,2692,7,39,115,161,1.329192546583851,0.04385924472079835,635,"You wanted a round table, I got you a round table."
1678,2692,10,33,118,161,1.329192546583851,0.04643869724849377,635,"Sorry, I still don't understand the whole ""smart-casual""  thing."
740,2692,11,31,119,161,1.329192546583851,0.04726724398238232,635,"I know you wanted our first date to be old-fashioned, but this is a little extreme."
354,2692,9,35,117,161,1.329192546583851,0.045595096782268904,635,I just get the sense that you have your defenses up.
2477,2696,11,30,117,158,1.3291139240506329,0.047887770560679006,635,It's just that you take everything so literally.
2856,2696,6,40,112,158,1.3291139240506329,0.04347539871990822,635,This isn’t what I meant when I said I wanted a night out on the town
2887,2696,10,32,116,158,1.3291139240506329,0.047038419554538476,635,I only drink antioxidants.
4259,2696,11,30,117,158,1.3291139240506329,0.047887770560679006,635,"I said date night, not date knight."
5764,2696,9,34,115,158,1.3291139240506329,0.046173447554902596,635,"Sure, the table's round. But these aren't goblets and your armor barely shines."
6175,2696,7,38,113,158,1.3291139240506329,0.04439297184170536,635,"Prithee, of what is this Tinder pic that you do speak of?"
2141,2702,8,35,112,155,1.3290322580645162,0.04586795260062676,635,"Hand sanitizer, might be a better way to go."
3197,2702,7,37,111,155,1.3290322580645162,0.04494532117152985,635,And here I thought chivalry was dead.
6218,2702,11,29,115,155,1.3290322580645162,0.0485307182870547,635,Tell me about your divorce.
6675,2702,11,29,115,155,1.3290322580645162,0.0485307182870547,635,Does the wine have a slight metallic taste to you?
3887,2706,9,32,111,152,1.3289473684210527,0.04739310382823097,635,Thine Tinder hadst moved me
1019,2707,8,33,108,149,1.3288590604026846,0.04708340279165624,635,I hope you brought your sword because we're splitting the check.
3122,2708,9,29,105,143,1.3286713286713288,0.04939925102463513,635,"I  know they are frowned on, but I think you should try a straw."
5478,2709,12,41,145,198,1.3282828282828283,0.041649086019281446,635,Maybe a straw would help?
4327,2710,10,42,137,189,1.3280423280423281,0.041657842922968286,635,Pepper spray works for me.
4525,2710,12,38,139,189,1.3280423280423281,0.042987794286918075,635,Do you think it would be bad form to ask for a straw?
4317,2710,12,38,139,189,1.3280423280423281,0.042987794286918075,635,"When I said “shut your face,” I didn’t mean for you to take it literally ."
6520,2713,6,49,131,186,1.3279569892473118,0.0392440273633339,635,My horoscope said this would be a knight to remember.
6375,2714,13,34,136,183,1.3278688524590163,0.04462587892928657,635,This isn't exactly what I had in mind when I said I wanted a night out on the town.
122,2715,7,45,128,180,1.3277777777777777,0.04081004394600619,635,Are you sure I can't get you a straw?
2295,2715,5,49,126,180,1.3277777777777777,0.03925956181637003,635,Agincourt? You don't say. I served two tours in Afghanistan!
7248,2717,8,42,127,177,1.3276836158192091,0.0420161321810963,635,"I think you should open up more, don't be so guarded"
6181,2717,8,42,127,177,1.3276836158192091,0.0420161321810963,635,I thought you were being literal
5885,2717,13,32,132,177,1.3276836158192091,0.04567671223280236,635,"So, Jane, how do you feel about Kavanaugh's confirmation to the Supreme Court?"
6812,2717,11,36,130,177,1.3276836158192091,0.04424883466965751,635,I feel like you’re not opening up.
4916,2717,10,38,129,177,1.3276836158192091,0.04351733027467228,635,"Shall I call you ""dame"" or ""wench?"""
3914,2717,10,38,129,177,1.3276836158192091,0.04351733027467228,635,Perhaps I should have been more specific in my profile when I said I was looking for someone with 'old fashioned' sensibilities...
615,2717,15,28,134,177,1.3276836158192091,0.04706128675646033,635,[incredibly loud farting noise amplified by metallic ass plate]
5366,2717,13,32,132,177,1.3276836158192091,0.04567671223280236,635,You seem closed up tonight.
441,2725,9,39,126,174,1.3275862068965518,0.04325764724465567,635,Wouldn't say a lot. More like lance a little.
6788,2725,12,33,129,174,1.3275862068965518,0.04550325646927813,635,The dating service was awfully literal.
1807,2727,12,32,127,171,1.327485380116959,0.04605556638258975,635,I can still throw wine in your face.
4433,2727,11,34,126,171,1.327485380116959,0.04530249160053703,635,You don't look like your picture.
6220,2727,9,38,124,171,1.327485380116959,0.04375747760106747,635,"Sheila realizes, she needs to be more specific when visualizing a night to remember."
1695,2730,6,43,119,168,1.3273809523809523,0.041788692553313446,635,"I'll be honest, this wasn't the knight I was expecting..."
2857,2730,8,39,121,168,1.3273809523809523,0.043461095524328176,635,I’m taking the subway home tonight and I like to be prepared.
3988,2730,12,31,125,168,1.3273809523809523,0.04662628895691385,635,"Oops, I forgot to ask for a straw.."
3263,2733,9,36,120,165,1.3272727272727274,0.04480691627437607,635,"I wouldn't call it ""shining armor.""  It's more of a ""brushed nickel."""
1500,2733,11,32,122,165,1.3272727272727274,0.046427140834147104,635,I thought they’d have straws.
3310,2733,10,34,121,165,1.3272727272727274,0.04562422137446664,635,"Whaddaya mean, ""defensive""?"
7501,2736,14,25,123,162,1.3271604938271604,0.049404277939770716,635,"When my friend said this was going to be a ‘nice knight,’ this wasn’t what I expected.”"
5456,2736,12,29,121,162,1.3271604938271604,0.04782698199287786,635,"As the years wore on, the princess had long ago resigned herself to the fact that even “happily ever after” is not without it’s embarrassing moments."
5581,2736,11,31,120,162,1.3271604938271604,0.0470184960461895,635,"How was I supposed to know you meant a NIGHT club, Sharon?"
512,2736,10,33,119,162,1.3271604938271604,0.046195862740552984,635,Happy Date Knight.
2145,2736,12,29,121,162,1.3271604938271604,0.04782698199287786,635,This is such a treat. It isn’t everyday I get to sit at a round table”
6318,2741,10,32,117,159,1.3270440251572326,0.046787453303574665,635,Can we get the bill? My horse is double parked.
4979,2741,8,36,115,159,1.3270440251572326,0.045053776698898,635,I'm seeing no one else.
5772,2741,8,36,115,159,1.3270440251572326,0.045053776698898,635,So should we ask for a straw?
5509,2741,11,30,118,159,1.3270440251572326,0.047630633866600894,635,"So ,what was your first wife like?"
4273,2741,11,30,118,159,1.3270440251572326,0.047630633866600894,635,once a knight is too much.
134,2741,10,32,117,159,1.3270440251572326,0.046787453303574665,635,I've pretty much stopped drinking since the new straw restrictions
678,2741,8,36,115,159,1.3270440251572326,0.045053776698898,635,Not a fan of the coat check system?
319,2741,12,28,119,159,1.3270440251572326,0.04845914545711879,635,This is a knight that you will never forget.
3681,2741,12,28,119,159,1.3270440251572326,0.04845914545711879,635,"I told Siri I wanted a night of  dining and amore, not knight in shining armor!"
375,2741,14,24,121,159,1.3270440251572326,0.05007506136026408,635,Do you want a straw?
2467,2751,8,35,113,156,1.3269230769230769,0.04562176060173602,635,You don’t look like your picture on eHarmony.
3176,2751,7,37,112,156,1.3269230769230769,0.044706062837867086,635,"I just assumed ""'Knight' of the Round Table"" was a misprint."
4887,2751,6,39,111,156,1.3269230769230769,0.04377121278334116,635,Safe Sex.
5519,2751,10,31,115,156,1.3269230769230769,0.047400116163145614,635,"'Please Carl, you're being way too defensive about this'"
6323,2751,8,35,113,156,1.3269230769230769,0.04562176060173602,635,"I'm sorry, Roger.  When I wrote I was looking for my knight in shining armor, I was being figurative."
7623,2751,10,31,115,156,1.3269230769230769,0.047400116163145614,635,I made it from an old DeLorean.
6469,2757,10,30,113,153,1.326797385620915,0.048035061798416955,635,I always look forward to date knight.
6152,2757,9,32,112,153,1.326797385620915,0.04713138922175149,635,"""You are talking through your hat as usual"""
2859,2757,5,40,108,153,1.326797385620915,0.04332863489599247,635,I'm always a little defensive on first dates.
2726,2757,10,30,113,153,1.326797385620915,0.048035061798416955,635,Maybe if we tried a restaurant outside the D.C. area.....
2373,2757,9,32,112,153,1.326797385620915,0.04713138922175149,635,"I'm ready to answer your question now.  Yes, I am a Kavanaugh supporter."
6859,2762,8,33,109,150,1.3266666666666667,0.04681981899960586,635,"I know you wanted a booth, but I never get to sit at the Round Table anymore."
6915,2762,10,29,111,150,1.3266666666666667,0.048693596790356376,635,Is the suit too much?
1334,2764,9,46,141,196,1.3265306122448979,0.039983657315672945,635,"Oh, my profile? Sorry. That's an old tapestry of me"
847,2765,10,42,138,190,1.3263157894736841,0.04147396409711801,635,I understand being emotionally guarded but really
5065,2766,10,41,136,187,1.3262032085561497,0.04191302739336894,635,She said I need to work on being more vulnerable.
715,2767,12,36,136,184,1.326086956521739,0.0437447287014444,635,I realized I was actually just interested in the shining armor.
2376,2768,14,31,136,181,1.3259668508287292,0.04560754053067049,635,"At that moment Linda could not decide whether it was auto-correct or Jeff she disliked more. Either way, date night would never be the same."
2746,2768,9,41,131,181,1.3259668508287292,0.04210832438166571,635,I'm calling it a knight.
7358,2768,6,47,128,181,1.3259668508287292,0.039861622139803606,635,You may want a straw.
7766,2768,10,39,132,181,1.3259668508287292,0.04283104407362277,635,Would you be embarrassed if I asked them for a straw?
7038,2772,12,34,132,178,1.3258426966292134,0.04475297511536729,635,"Well, this is a knight I'll always remember."
5238,2772,10,38,130,178,1.3258426966292134,0.04331130149902055,635,So you weren't just trying to be cute on your dating profile...
5398,2772,8,42,128,178,1.3258426966292134,0.041819958075079836,635,"When I was promised a knight of passion,I wasn't expecting this."
555,2775,8,41,126,175,1.3257142857142856,0.04228074350582205,635,I'm sensing that you're more into verbal jousting.
2406,2775,9,39,127,175,1.3257142857142856,0.043050467086861006,635,I've had better knights on the town....
2572,2775,11,35,129,175,1.3257142857142856,0.04455003486396484,635,A knight I will purposely forget.
5863,2775,12,33,130,175,1.3257142857142856,0.04528119975632572,635,Is something wrong?  You seem to have a hard time opening up to me.
5930,2775,13,31,131,175,1.3257142857142856,0.046000744519671226,635,What?
6015,2775,12,33,130,175,1.3257142857142856,0.04528119975632572,635,So you think getting well oiled will really help?
3008,2781,15,40,160,215,1.3255813953488371,0.040964598009235714,635,"And, I was first in my class at Yale."
65,2781,13,30,129,172,1.3255813953488371,0.04656259956929364,635,I was afraid you wouldn’t look anything like your picture.
1946,2781,11,34,127,172,1.3255813953488371,0.045078562162536646,635,I'll be okay as long as they have straws.
4172,2781,7,42,123,172,1.3255813953488371,0.041953294776742776,635,This isn't exactly what I had in mind when you said chivalry's not dead.
4830,2781,10,36,126,172,1.3255813953488371,0.04431791184879234,635,What do you mean 'defensive?'
6625,2786,12,31,126,169,1.3254437869822486,0.04639003656988135,635,My dad told me never to go out on a date without protection.
5881,2786,8,39,122,169,1.3254437869822486,0.04324657189207239,635,We need to talk...
3400,2786,7,41,121,169,1.3254437869822486,0.04242432795320982,635,"Oh, ok, I thought you just meant you were chivalrous."
1441,2786,11,33,125,169,1.3254437869822486,0.045624479337524976,635,And what are your hobbies?
1878,2786,7,41,121,169,1.3254437869822486,0.04242432795320982,635,It's a living!
2713,2786,8,39,122,169,1.3254437869822486,0.04324657189207239,635,So what are you going to be for Halloween?
5375,2792,11,32,123,166,1.3253012048192772,0.04618870722828462,635,It's WD-40 with a twist. Do you like it?
5142,2792,9,36,121,166,1.3253012048192772,0.04457979335040287,635,"Well, your profile says “Be my Knight in shining armour”"
5565,2792,11,32,123,166,1.3253012048192772,0.04618870722828462,635,I was hoping to have a better knight
2679,2792,10,34,122,166,1.3253012048192772,0.045391379416056615,635,You look different than your profile picture
1229,2792,8,38,120,166,1.3253012048192772,0.04375315560090313,635,"Shining? In this light, maybe."
2906,2792,12,30,124,166,1.3253012048192772,0.046972502866549234,635,"It's just a blind date, you don't have to be so guarded."
6882,2798,9,35,119,163,1.3251533742331287,0.045123842299755586,635,"Yes, by all means, show me your sword."
1749,2798,8,37,118,163,1.3251533742331287,0.04427663923396039,635,"It's just that sometimes it feels like there's something between us preventing us from connecting"""
6680,2798,8,37,118,163,1.3251533742331287,0.04427663923396039,635,This is not going to work if you keep your guard up.
7599,2798,8,37,118,163,1.3251533742331287,0.04427663923396039,635,Do you want me to ask for a straw?
4412,2798,11,31,121,163,1.3251533742331287,0.04677223394249063,635,"No, I'm just surprised that you ordered chicken after rescuing me from that dragon is all."
1706,2798,11,31,121,163,1.3251533742331287,0.04677223394249063,635,I wouldn’t say I take advantage of my knights and weekends...
1849,2798,8,37,118,163,1.3251533742331287,0.04427663923396039,635,Your profile picture doesn’t do you justice.
1253,2798,11,31,121,163,1.3251533742331287,0.04677223394249063,635,I know what you mean. I get that chain mail as well.
4325,2798,9,35,119,163,1.3251533742331287,0.045123842299755586,635,Don't look at me like that. I used the metal cleaner you gave me.
373,2807,8,36,116,160,1.325,0.04481794059014916,635,You looked younger in your photo.
692,2807,8,36,116,160,1.325,0.04481794059014916,635,"No way, I'm not wearing white satin."
1048,2807,4,44,112,160,1.325,0.041160446911289825,635,Who doesn’t love a blind date?
2213,2807,7,38,115,160,1.325,0.04393212317360591,635,The haircut really isn't that bad.
5190,2807,11,30,119,160,1.325,0.04737612115133438,635,Do you want to ditch this joing and move to White Castle?
5739,2807,11,30,119,160,1.325,0.04737612115133438,635,"I am surprised, you left out that you are wearing glasses in your profile."
5836,2807,8,36,116,160,1.325,0.04481794059014916,635,You look exactly like your profile photo.
6540,2807,11,30,119,160,1.325,0.04737612115133438,635,I've always been a sucker for a steely gaze.
6964,2807,13,26,121,160,1.325,0.04900744392180058,635,"Dammit, Nick, this is not what I meant when I said 'chivalry is dead.'"
7289,2807,8,36,116,160,1.325,0.04481794059014916,635,My place to Netflix and joust afterwards?
3664,2817,8,35,114,157,1.3248407643312101,0.04537804663681654,635,"Yes, you certainly appear to be a Renaissance Man."
1752,2817,11,29,117,157,1.3248407643312101,0.048001511107020556,635,"Actually, I meant something different in my ad when I wrote 'willing to go medieval'."
965,2817,6,39,112,157,1.3248407643312101,0.04354134221538057,635,They serve a nice pig on a spit.
69,2820,10,30,114,154,1.3246753246753247,0.047769284036252045,635,Will you be emotionally available on Friday?
2753,2820,10,30,114,154,1.3246753246753247,0.047769284036252045,635,Could I get a straw?
5168,2820,12,26,116,154,1.3246753246753247,0.04951433502515563,635,Is this your idea of a night out?
6345,2820,13,24,117,154,1.3246753246753247,0.05036419175174925,635,You said Under Armour would be too casual for this place.
4853,2824,15,32,144,191,1.324607329842932,0.04450342825838779,635,Its not you Lance; a lot of it is me.
505,2825,12,25,114,151,1.3245033112582782,0.05020898389675462,635,"The difference between ""Middle Aged"" and ""Middle Ages"" on an eHarmony profile."
3697,2825,10,29,112,151,1.3245033112582782,0.04841840169236755,635,When you said “meet me at the round table” I had no idea.....
5077,2825,8,33,110,151,1.3245033112582782,0.04655900751672395,635,This is not what I expected when I used the Camelot dating app
2952,2828,13,35,140,188,1.324468085106383,0.04372290110745666,635,My Old English is a bit rusty.
5188,2828,10,41,137,188,1.324468085106383,0.0417255820923748,635,Did you remember to bring the WD-40?
3011,2830,9,42,134,185,1.3243243243243243,0.04146995732069653,635,Well how shiny were you expecting?
7348,2830,7,34,107,148,1.3243243243243243,0.04619778917837212,635,I see that my reputation precedes me.
805,2830,10,40,135,185,1.3243243243243243,0.04217240527597264,635,"Well, you're a step up from the toad I was matched with last week."
614,2833,11,37,134,182,1.3241758241758241,0.043338891984275485,635,"Helen, when I said I need to get oiled, I didn’t mean this."
2585,2833,9,41,132,182,1.3241758241758241,0.041914603930307166,635,"No first date magnetic attraction, huh?"
3189,2833,9,41,132,182,1.3241758241758241,0.041914603930307166,635,Join me for a knight cap?
3807,2833,9,41,132,182,1.3241758241758241,0.041914603930307166,635,"Since chivalry is dead, do you mind going Dutch?"
4316,2833,12,35,135,182,1.3241758241758241,0.0440337634812173,635,I thought you meant emotional armor
5182,2838,11,25,109,145,1.3241379310344827,0.05074423001067613,635,My therapist says I’m having issues being vulnerable.
6367,2839,11,36,132,179,1.324022346368715,0.04382914307735711,635,At least your wife's friends will not be able to recognize you.
1236,2840,12,33,131,176,1.3238636363636365,0.04506120395123536,635,You got to be kidding me!  That's not your LANCE?
2021,2840,10,37,129,176,1.3238636363636365,0.04359635273351086,635,I know I said you might need protection...
4879,2840,5,47,124,176,1.3238636363636365,0.039698446405235746,635,Not quite my knight in shining armor
5684,2840,11,35,130,176,1.3238636363636365,0.044334828708361605,635,"My heart's desire, my knight in dining armor."
6136,2840,17,23,136,176,1.3238636363636365,0.04853027329626482,635,Chivalry is dead .... and uncomfortable.
6980,2840,7,43,126,176,1.3238636363636365,0.04130177692133239,635,You really don’t look anything like your Tinder profile.
2386,2846,9,27,103,139,1.3237410071942446,0.05024787617783062,635,I amazed at how specialized dating apps have become.
3161,2847,7,42,124,173,1.323699421965318,0.04175252127716128,635,I'll put down my defences when you put down yours
90,2848,12,31,127,170,1.3235294117647058,0.04615606418235279,635,"Dorothy, we have really aged since the yellow brick road!"
4584,2848,7,41,122,170,1.3235294117647058,0.04221746130967708,635,Well of course it has a metalic aftertaste.
5947,2848,11,33,126,170,1.3235294117647058,0.045395689404735255,635,The Crusades are NEVER over.
146,2851,9,36,122,167,1.3233532934131738,0.0443548378386992,635,I get the feeling you don’t really like blind dates.
2137,2851,8,38,121,167,1.3233532934131738,0.043533972628334555,635,I don't  listen to heavy metal.
3786,2853,15,34,149,198,1.3232323232323233,0.043353601011174255,635,"Honestly Eddie, a square table, a round table, it doesn't really matter. You're still boring."
686,2854,7,39,118,164,1.3231707317073171,0.04319290895091213,635,Jen regretted asking for a knight in shining armor in her profile.
913,2854,9,35,120,164,1.3231707317073171,0.04489165603780125,635,Can you get me a straw?
1365,2854,9,35,120,164,1.3231707317073171,0.04489165603780125,635,A little defensive? well...maybe.
1590,2854,10,33,121,164,1.3231707317073171,0.04571736520080191,635,"I just have a hard time coming out of my shell, you know?"
2187,2854,13,27,124,164,1.3231707317073171,0.048109537289036594,635,I hope you don't think I'm the type of girl that will make out on the first knight.
6027,2854,10,33,121,164,1.3231707317073171,0.04571736520080191,635,I ‘ve been hurt too many times
3882,2860,9,34,118,161,1.3229813664596273,0.04544678520090311,635,Once a night is enough for me.
1129,2860,7,38,116,161,1.3229813664596273,0.043705042981233136,635,So that makes sense. Its’s “E-Armor-y” not “E-Harmony”
936,2860,10,32,119,161,1.3229813664596273,0.046293088432830025,635,"Pen mightier than the sword, eh? Surely you joust!"
3141,2863,9,44,139,192,1.3229166666666667,0.04044202709143904,635,I've heard you can be quite defensive.
665,2864,11,29,118,158,1.3227848101265822,0.04774102662256087,635,"Well, your profile isn't exactly true either..."
1271,2864,9,33,116,158,1.3227848101265822,0.04602123762796011,635,"Why no, I’ve never considered being a literal person as a relationship handicap. Why do you ask?"
3162,2864,12,27,119,158,1.3227848101265822,0.04857809463183497,635,Do you happen to have a straw?
6445,2864,8,35,115,158,1.3227848101265822,0.045136777219089576,635,Just another knight
6911,2864,7,37,114,158,1.3227848101265822,0.0442346357805993,635,"I'm  waiting for the wine to breathe, and for a straw."
6891,2869,8,34,113,155,1.3225806451612903,0.04570857566673902,635,"My first husband was emotionally distant, but I could tell right away that you’re different."
6865,2869,8,34,113,155,1.3225806451612903,0.04570857566673902,635,My therapist tells me I have rust issues.
5068,2869,12,36,138,186,1.3225806451612903,0.043343669421056115,635,Consider me a damsel in distrust.
6937,2869,10,30,115,155,1.3225806451612903,0.04750629695740086,635,She could  see this was  going to be a hard night
3402,2869,9,32,114,155,1.3225806451612903,0.046616103119451975,635,Blind tasting has gotten so out of hand.
2191,2869,9,32,114,155,1.3225806451612903,0.046616103119451975,635,I joust don't think this is going to work.
4422,2869,6,38,111,155,1.3225806451612903,0.04383719343615942,635,It's a shame our offices don't have casual Fridays.
1696,2876,11,37,135,183,1.3224043715846994,0.04313780448561643,635,This is the best knight club in town.
2948,2876,10,39,134,183,1.3224043715846994,0.04243608058553664,635,Would you still find me attractive if you weren't drunk and looking through a visor?
3416,2876,10,39,134,183,1.3224043715846994,0.04243608058553664,635,Well you responded to my profile picture!!
7096,2876,9,41,133,183,1.3224043715846994,0.0417225561906872,635,They say a knightly glass of wine is good for your heart.
6654,2880,11,27,114,152,1.3223684210526316,0.049042748231303196,635,A dry red with medieval undertones..
6609,2880,13,23,116,152,1.3223684210526316,0.05078846232718948,635,I assume this means that mediation is out of the question.
2687,2880,9,31,112,152,1.3223684210526316,0.047232556596034904,635,I thought that ‘Knight in shining armor’ was just a metaphor when I read your ad.
1615,2880,8,33,111,152,1.3223684210526316,0.04630092900641373,635,Let's get this straight. I ain't gonna wear no chastity belt when you're off at the Crusades reenactment festival.
6272,2880,12,25,115,152,1.3223684210526316,0.04992323637165031,635,"I'm sorry, this isn't going to work. I just can't see myself with a vegan."
6781,2885,7,44,129,180,1.3222222222222222,0.04067673621063481,635,This is not what I meant by “A night on the town.”
4234,2885,10,38,132,180,1.3222222222222222,0.04290473875974465,635,"Not quite as romantic as you expected, is it?"
5121,2885,15,28,137,180,1.3222222222222222,0.04638084561751625,635,"You know John, the wine isn’t the only thing that won’t open up."
6459,2885,13,32,135,180,1.3222222222222222,0.04502262039613309,635,But your profile said White Satin.
7015,2889,10,28,111,149,1.3221476510067114,0.048809940965001956,635,"Well, it's not a ""raise the visor"" kind of an evening, is it?"
5898,2889,11,26,112,149,1.3221476510067114,0.04973032333068207,635,You looked younger in your profile picture
3409,2889,6,36,107,149,1.3221476510067114,0.044940309864732325,635,It’s fine. I’ll ask for a straw.
1528,2892,8,41,128,177,1.3220338983050848,0.04188210908945813,635,Just when I was convinced that chivalry was dead.
5550,2892,11,35,131,177,1.3220338983050848,0.04412159412288499,635,Are you the victimized American white male?
6202,2892,9,39,129,177,1.3220338983050848,0.04264167441798044,635,"And they say chivalry is
dead."
396,2895,10,27,109,146,1.321917808219178,0.0494990793603276,635,"What, exactly, did you mean when you said, 'Let's go play Storm the Castle'?"
5332,2896,9,38,127,174,1.3218390804597702,0.04312282247903843,635,"I have to be more careful, what I wish for"
7233,2896,12,32,130,174,1.3218390804597702,0.045375104658000494,635,When I wrote ‘Will you be my knight in shining armour?’ I didn’t mean literally.”
6658,2896,12,32,130,174,1.3218390804597702,0.045375104658000494,635,"I originally booked the round table, but it was too expensive."
6207,2896,8,40,126,174,1.3218390804597702,0.04234544899399915,635,Lately my search for the perfect Bordeaux has been turning into something of a crusade.
5091,2896,10,36,128,174,1.3218390804597702,0.043886428273601175,635,I’m no longer a damsel but I’m still in distress.
4814,2896,9,38,127,174,1.3218390804597702,0.04312282247903843,635,You need oil more than you need wine!
2807,2896,10,36,128,174,1.3218390804597702,0.043886428273601175,635,"Yes, you did. But I thought you meant you are a “night person”"
884,2896,8,40,126,174,1.3218390804597702,0.04234544899399915,635,"No, really, it's me. It's hard for me to open up."
150,2896,14,28,132,174,1.3218390804597702,0.046816467816731495,635,I'm your knight in dining armor. Why don't you think that is funny?
4940,2896,10,36,128,174,1.3218390804597702,0.043886428273601175,635,"I have been waiting all my life for a Knight in Shining Armor, but now that you are finally here I am underwhelmed."
2839,2906,11,24,108,143,1.3216783216783217,0.05118645375973846,635,So how do I do this Fairy Princess thing?
4494,2906,8,30,105,143,1.3216783216783217,0.04821383494163514,635,I guess you took that knight in shining armor thing a little too literally.
7470,2906,8,30,105,143,1.3216783216783217,0.04821383494163514,635,"OK, this is not what I imagined when you asked me if I'd like a night out."
6621,2909,11,33,127,171,1.3216374269005848,0.04516907865275494,635,"I misinterpreted you when you said ""a night out."""
3340,2909,11,33,127,171,1.3216374269005848,0.04516907865275494,635,Met security never noticed I was wearing it out of the building.
7396,2909,9,37,125,171,1.3216374269005848,0.04361933937062729,635,"Brett, you do seem a little defensive."
3342,2912,7,40,121,168,1.3214285714285714,0.04248603703221037,635,"When you said a ‘night out on the town’, this wasn’t really what I had in mind."
2077,2912,8,38,122,168,1.3214285714285714,0.04331684824790538,635,"Yes Bob, I think the waiter got your ""fortified wine"" joke."
3611,2912,5,44,119,168,1.3214285714285714,0.04077365992700346,635,Mmmm...My online dating description did say I needed a knight in shining armor.
955,2912,12,30,126,168,1.3214285714285714,0.04649186315744844,635,Well at least you have finally quit smoking.
848,2912,11,32,125,168,1.3214285714285714,0.045718785421544166,635,"Believe me, I'm just a teddy bear once you get past the hard exterior."
1113,2912,9,36,123,168,1.3214285714285714,0.04413202172529347,635,"I’m not disappointed, but I will admit you looked shinier on Tinder."
4681,2912,7,40,121,168,1.3214285714285714,0.04248603703221037,635,"Sir Drinkalot, I presume?"
4419,2919,10,42,141,193,1.3212435233160622,0.040931412718458446,635,So Marvin...still a bit edgy since our last argument?
6033,2919,15,32,146,193,1.3212435233160622,0.044104901970999116,635,"Honestly Fred, how long is this gluten avoidance phase going to last?"
7608,2921,7,39,119,165,1.3212121212121213,0.042974991256048124,635,I thought role play was supposed to spice things up.
5266,2921,7,39,119,165,1.3212121212121213,0.042974991256048124,635,"I'm just now realizing you meant you wanted a ""night out""..."
4521,2921,11,31,123,165,1.3212121212121213,0.04628703051057582,635,"I really prefer it when the waiter calls me ""sir."""
3867,2921,10,33,122,165,1.3212121212121213,0.04548163765168957,635,This way we are both protected
5334,2925,11,22,104,137,1.3211678832116789,0.05276216165985752,635,The ban on straws is really making me reevaluate things.
430,2926,11,39,140,190,1.3210526315789475,0.04202338181477324,635,I forgot to ask for a straw.
2985,2926,9,43,138,190,1.3210526315789475,0.04067646781711041,635,It was your distress that intrigued me.
6772,2926,10,41,139,190,1.3210526315789475,0.041355408674238925,635,How bout we go back to mine and joust.
4541,2929,5,42,115,162,1.3209876543209877,0.04167926746446099,635,"You wouldn't believe the barriers people put up
to keep others at a distance..."
6874,2929,10,32,120,162,1.3209876543209877,0.0460496201600155,635,Do you think they validate parking for my steed?
7070,2929,8,36,118,162,1.3209876543209877,0.044353185282216816,635,I never remove my armor on a first date.
855,2932,13,34,140,187,1.320855614973262,0.04380705020518909,635,I read on your dating profile that you were looking for a knight in shining armor.
4911,2932,11,38,138,187,1.320855614973262,0.04247417609730338,635,I don't kiss on the first date either
5492,2932,11,38,138,187,1.320855614973262,0.04247417609730338,635,"Yes, I suppose the Late Mediaeval Period was also a scary time for young men."
1553,2935,12,27,120,159,1.320754716981132,0.04831427474293785,635,Well I didn’t ask for a straw Richard because I don’t need a straw.
7474,2936,10,30,116,156,1.3205128205128205,0.04724606012622367,635,I thought you said you wanted a nice knight out?
7072,2936,10,30,116,156,1.3205128205128205,0.04724606012622367,635,Not quite the iron-clad solution to abstinence that I had in mind!
5673,2936,11,28,117,156,1.3205128205128205,0.04811344077687164,635,It's hard to be a young man these days in America.
3596,2936,9,32,115,156,1.3205128205128205,0.046362454761498015,635,This round table is far more intimate than the one I'm used to.
6021,2936,7,36,113,156,1.3205128205128205,0.04454269008080187,635,I hear the Dragon Roll here is delicious!
1734,2941,10,38,133,181,1.3204419889502763,0.04270416049448215,635,"According to your bio, it was supposed to be shining."
2335,2941,9,40,132,181,1.3204419889502763,0.04197925641710982,635,Try sticks and stones.  See where that gets you.
1560,2943,9,31,113,153,1.3202614379084967,0.04697011284630677,635,It’s not ideal but my burka is at the dry cleaners.
3429,2943,9,31,113,153,1.3202614379084967,0.04697011284630677,635,Don't you tell me how to cope with middle age!
3683,2943,11,27,115,153,1.3202614379084967,0.04876669073051605,635,"Did I tell you my take on ""safe sex""?"
6894,2943,12,25,116,153,1.3202614379084967,0.049640602703948954,635,You’re not as shiny as your picture.
7519,2943,6,37,110,153,1.3202614379084967,0.0441383457412971,635,Does this mean I’ll never see you again?
5877,2948,12,32,131,175,1.32,0.04515254203857359,635,"You seem wonderful, but to be honest, I'm kind of a morning person."
7640,2948,12,32,131,175,1.32,0.04515254203857359,635,It's not chivalry that I wish were dead.
6688,2948,11,34,130,175,1.32,0.04441925942148704,635,"You clank, I snore...this could be the break we’re looking for!"
3242,2948,10,28,112,150,1.32,0.04853099288798357,635,The counselor said you should open up with me.
7316,2948,6,36,108,150,1.32,0.04469133513603739,635,I thought you were kidding when your profile said you were a knight in shining armor.
2254,2948,7,42,126,175,1.32,0.041356315449834334,635,Did you pick up the mail?
423,2948,8,40,127,175,1.32,0.042142926720601596,635,"I appreciate safe sex, but don't you think this is a bit much?"
2581,2948,9,30,111,150,1.32,0.04760012407631451,635,I thought you said a NIGHT on the town.
270,2948,8,32,110,150,1.32,0.046650684383699674,635,It's not what I meant when I said I wanted a night out.
2196,2957,9,37,126,172,1.319767441860465,0.04340529704497411,635,"When the dating site said that I'd have a ""good knight,"" I was thinking a ""good night""."
2324,2957,13,29,130,172,1.319767441860465,0.046432936969136966,635,"I wasn't lying on my profile when I said I had ""Buns of Steel""."
2680,2957,12,31,129,172,1.319767441860465,0.04569483755935121,635,My therapist calls it a defense mechanism.
5849,2957,5,45,122,172,1.319767441860465,0.04014999361824396,635,...a bit of metallic  taste?
3743,2961,11,25,111,147,1.3197278911564625,0.050147851995045616,635,They no longer have straws.
5567,2961,9,29,109,147,1.3197278911564625,0.04825381994708703,635,Are you my knight in shining armor or just someone with intimacy issues?
575,2961,8,31,108,147,1.3197278911564625,0.047278358467382736,635,What do you mean my profile was misleading?
963,2964,12,30,127,169,1.319526627218935,0.04625506381780278,635,"I appreciate the shining armor, but box wine?"
3700,2964,8,38,123,169,1.319526627218935,0.04310175653323499,635,Fruity?  Tasted netallic to me.
4156,2964,12,30,127,169,1.319526627218935,0.04625506381780278,635,"Ralph, my fantasy was a night in sublime ardor."
879,2967,5,36,103,144,1.3194444444444444,0.044787309001208295,635,"I don't raise the visor until the second date, but I can assure you I am Prince Charming."
5094,2967,9,28,107,144,1.3194444444444444,0.04893264182598465,635,That’s not what I meant on the dating website when I said I loved “heavy metal.”
6341,2969,13,27,126,166,1.319277108433735,0.04760734234739391,635,My friends used to love this restaurant. We came-a-lot.
7680,2969,11,31,124,166,1.319277108433735,0.04604802216302452,635,"I think she said business attire, not ambitious squire."
7355,2969,8,37,121,166,1.319277108433735,0.04360461322776577,635,Why do I think you are about to ask me for a divorce?
6960,2969,10,33,123,166,1.319277108433735,0.04524821537915737,635,It's ancient history now.
6777,2969,8,37,121,166,1.319277108433735,0.04360461322776577,635,Let me slip into something more comfortable.
5801,2969,10,33,123,166,1.319277108433735,0.04524821537915737,635,You look different from your online dating profile.
973,2969,9,35,122,166,1.319277108433735,0.04443401450320272,635,OK— I give: Just what DOES a 'Night on the Town' mean to you?
2955,2969,7,39,120,166,1.319277108433735,0.04275912703289512,635,You look so different in person.
2940,2969,13,27,126,166,1.319277108433735,0.04760734234739391,635,I said I thought we could both benefit from a night of amour
1947,2969,10,33,123,166,1.319277108433735,0.04524821537915737,635,This isn’t what I meant by ‘date night’.
1240,2969,12,29,125,166,1.319277108433735,0.046834172302435126,635,"You stopped shining a long time ago, honey"
5627,2969,8,37,121,166,1.319277108433735,0.04360461322776577,635,"I thought you were inviting me for a ""night"" out."
4988,2981,10,40,138,188,1.3191489361702127,0.041603930259310785,635,Could I ask you a personal question?
5737,2981,12,36,140,188,1.3191489361702127,0.042949570427322635,635,"I said I wanted a night out, you idiot. N I G H T, as in opposite of DAY!"
4833,2983,11,30,122,163,1.3190184049079754,0.04662795930378374,635,"You walk in the rain, don’t bring any oil and bitch because I don’t have a straw."
6740,2983,9,34,120,163,1.3190184049079754,0.04497428003601004,635,I thought I was getting a night on the town.
5431,2983,7,38,118,163,1.3190184049079754,0.043257428734028915,635,Not actually the roundtable I had imagined.
3851,2983,9,34,120,163,1.3190184049079754,0.04497428003601004,635,Your acne scars really aren't that bad.
757,2983,12,28,123,163,1.3190184049079754,0.04743318406847935,635,"'""I haven't done laundry since 1985."""
1446,2983,8,36,119,163,1.3190184049079754,0.04412420540608659,635,I’m tired of being accused of intimacy issues.
599,2983,9,34,120,163,1.3190184049079754,0.04497428003601004,635,I've decided that courtly love isn't all that it's cracked up to be.
1557,2983,5,42,116,163,1.3190184049079754,0.04146956012066838,635,Not the grail you were hoping for huh?
896,2983,9,34,120,163,1.3190184049079754,0.04497428003601004,635,We're drinking Two Buck Charlemagne.
6686,2992,10,39,136,185,1.318918918918919,0.042047963696146724,635,This is one knight I’d like to forget!
2832,2993,11,29,120,160,1.31875,0.04722809881426588,635,I just wanted to relive the old days. You always have to go too far.
2844,2993,10,31,119,160,1.31875,0.046388327900548476,635,Empty suit to shining armor in half a glass.
4194,2993,10,31,119,160,1.31875,0.046388327900548476,635,"I thought you meant ""Let's have a Knight Out""!"
5789,2993,14,23,123,160,1.31875,0.04966228321587556,635,You'll have to figure something else out. Straws have been banned from this restaurant.
7384,2993,8,35,117,160,1.31875,0.04466144042690841,635,"Sorry, but I usually don't go jousting on the first date."
1844,2998,10,38,134,182,1.3186813186813187,0.04250535524888666,635,"I promised you a knight to remember, not a night. It's not my fault you thought my autocorrect was acting up"
6234,2998,12,34,136,182,1.3186813186813187,0.043910485770761336,635,"You don't look anything like your profile pic, either"
7133,2998,10,38,134,182,1.3186813186813187,0.04250535524888666,635,What did it cost you to take Uber from Camelot?
5137,3001,12,26,119,157,1.3184713375796178,0.048695389317233585,635,I'm as hard as iron right now.
2233,3001,6,38,113,157,1.3184713375796178,0.04337378282774404,635,I'm not sure.  Your armor just isn't that shiny.
86,3001,9,32,116,157,1.3184713375796178,0.046111419288204794,635,"Dancing, I said dinner and Dancing"
2017,3001,10,30,117,157,1.3184713375796178,0.04698853377262087,635,I work freelance too
6606,3005,11,35,133,179,1.318435754189944,0.04370094055607176,635,Oh I thought that your profile meant you were not a day time person.
383,3006,13,30,133,176,1.3181818181818181,0.045648934989147856,635,I would like a second glass but I know once a knight is enough.
2020,3006,9,31,114,154,1.3181818181818181,0.04671043225372382,635,I’m worried the valet is going to ding my horse.
2162,3006,13,30,133,176,1.3181818181818181,0.045648934989147856,635,Can we start making our knightly dinner more of a weekly thing?
3449,3006,7,35,112,154,1.3181818181818181,0.044856433269738406,635,Is this your first experience with findyourknight.com?
5189,3006,9,31,114,154,1.3181818181818181,0.04671043225372382,635,I've been hurt before-I'm not taking any chances this time.
5268,3006,10,36,130,176,1.3181818181818181,0.04346285852125068,635,You did say knight in shining armor.
6321,3006,13,30,133,176,1.3181818181818181,0.045648934989147856,635,I see you took my 'knight in shining armor' thing a bit too literally.
5834,3013,14,34,147,195,1.317948717948718,0.04310422960405288,635,You're not as shiny as you were in your picture.
6265,3014,9,37,127,173,1.3179190751445087,0.04319323668380132,635,I only take off my helmet on the second date.
6061,3014,11,33,129,173,1.3179190751445087,0.04472228041451216,635,What I’d give to have one night without a goddam dragon story.
5120,3014,10,35,128,173,1.3179190751445087,0.04396440640277733,635,Let me propose a toast to a great knight
4590,3014,12,31,130,173,1.3179190751445087,0.045467523581122674,635,"To be honest, I meant to swipe left."
1745,3014,5,45,123,173,1.3179190751445087,0.03996000944344388,635,"Well, I promised you a knight to remember."
1047,3014,10,35,128,173,1.3179190751445087,0.04396440640277733,635,And I thought that chivalry was dead.
4707,3014,10,35,128,173,1.3179190751445087,0.04396440640277733,635,"Don't you think it's time to say ""good knight""?"
3026,3021,8,32,111,151,1.3178807947019868,0.04638914096799539,635,"This gives ""a blind date"" a whole new meaning."
3610,3021,8,32,111,151,1.3178807947019868,0.04638914096799539,635,Can I have a straw?
4631,3021,6,36,109,151,1.3178807947019868,0.04444493174983447,635,"No my dear, chivalry isn't dead"
6486,3021,7,34,110,151,1.3178807947019868,0.045427438613661636,635,We can't afford children until the steel tariffs are lowered.
7181,3025,11,39,142,192,1.3177083333333333,0.04165132516431587,635,I just don't feel like we're happy ever-aftering any more.
4353,3026,12,30,128,170,1.3176470588235294,0.046020568814809495,635,Actually? I thought you'd be a bit more shining.
2504,3026,8,38,124,170,1.3176470588235294,0.04288867189528611,635,This isn't tinfoil.  And I'm not being defensive.
6084,3026,13,28,129,170,1.3176470588235294,0.04677078573546625,635,"You need a knight out, they said. It will be fun, they said."
670,3026,9,36,125,170,1.3176470588235294,0.04369269757311607,635,You can rescue me from student loan debt.
143,3026,10,34,126,170,1.3176470588235294,0.044482192678532165,635,"So, would you say you're a day person or a knight person?"
941,3026,7,40,123,170,1.3176470588235294,0.04206928253093018,635,Want to spend the knight?
981,3032,9,29,110,148,1.3175675675675675,0.047975335869860275,635,Do you listen to heavy metal?
2776,3032,5,37,106,148,1.3175675675675675,0.04397633680056768,635,Do you want me to get a funnel?
6690,3032,8,31,109,148,1.3175675675675675,0.047007490769755696,635,"Beyond jousting, what are your other interests?"
1885,3035,12,29,126,167,1.3173652694610778,0.04659212470628737,635,"Clearly, you meant to select STEED dating."
2237,3035,10,33,124,167,1.3173652694610778,0.045017067328523216,635,I guess your outfit is one way to avoid another #MeToo moment
5104,3035,13,27,127,167,1.3173652694610778,0.04736001426877904,635,So!  Exactly what did my sister tell you about me?
2289,3038,10,26,109,145,1.3172413793103448,0.04961870734287214,635,Not tonight honey.
6311,3038,9,28,108,145,1.3172413793103448,0.04864391717126167,635,"I've enjoyed our conversation, but I think it's time to call it a knight."
2238,3040,11,37,138,186,1.3172043010752688,0.0425450668748997,635,"You know, those online profiles aren't meant to be taken literally."
4342,3040,6,47,133,186,1.3172043010752688,0.03898037354298555,635,"Okay, Sir Lancelot, you've got your Round Table."
7025,3040,15,29,142,186,1.3172043010752688,0.04519483676772036,635,"I dunno, maybe a straw?"
6471,3043,10,45,150,205,1.3170731707317074,0.03923900812389481,635,My ex said I was overprotective.
5394,3043,10,32,122,164,1.3170731707317074,0.04556994183730636,635,I'm your knight in shining armor. Be careful what you wish for.
4586,3043,6,40,118,164,1.3170731707317074,0.042158662249963993,635,"I appreciate the effort, but it was more like a metaphor I was using in the ""What I'm Looking For"" section."
4538,3043,7,38,119,164,1.3170731707317074,0.04303683889174222,635,You got your first wish so don't complain!
3775,3043,7,38,119,164,1.3170731707317074,0.04303683889174222,635,Would you please ask the somelier to send the plumber.
4849,3048,12,40,150,202,1.316831683168317,0.04084074451358246,635,"Oh so ""wild Knight"" was a typo huh..."
537,3049,8,35,118,161,1.3167701863354038,0.04442730842145508,635,I'm very good at protecting myself from criticism.
1521,3049,9,33,119,161,1.3167701863354038,0.04529266480488743,635,"Why, yes, it DOES have a metallic after-taste."
4408,3049,8,35,118,161,1.3167701863354038,0.04442730842145508,635,I hear the dragon burger is locally sourced.
5141,3049,8,35,118,161,1.3167701863354038,0.04442730842145508,635,Now I know when my girlfriend txt'd  me that dinner with you would be a knight to remember it wasn't a spell check glitch.
5217,3049,5,41,115,161,1.3167701863354038,0.04172369205759131,635,"So? This is a Blind Date, isn't it?"
5544,3049,7,37,117,161,1.3167701863354038,0.04354475837597791,635,"OK, I'll give you that, it is a round table"""
6751,3049,5,41,115,161,1.3167701863354038,0.04172369205759131,635,Cuts down on the snacking.
6817,3049,8,35,118,161,1.3167701863354038,0.04442730842145508,635,So why do you always call me defensive?
6551,3057,7,36,115,158,1.3164556962025316,0.04406994176748913,635,We don't use plastic straws any more.
6183,3057,7,36,115,158,1.3164556962025316,0.04406994176748913,635,it's just a figure of speech
6199,3057,10,30,118,158,1.3164556962025316,0.046733678783509286,635,I’m still going to call it a night”
2489,3057,6,38,114,158,1.3164556962025316,0.04314549932850975,635,Errant indeed.
3079,3057,9,32,117,158,1.3164556962025316,0.04586295975574165,635,You looked more like a damsel in distress in your photos.
369,3062,13,30,134,177,1.3163841807909604,0.045425881583444225,635,You're even more impenetrable than the wine list.
411,3062,8,40,129,177,1.3163841807909604,0.04174331132881311,635,You said in your profile that you were looking for your knight in shining armor.
4138,3062,9,38,130,177,1.3163841807909604,0.042505357028049924,635,"I know I said I wanted a knight in shining armor, but for once can’t you listen to me rather than trying to immediately solve my problem."
6284,3062,9,38,130,177,1.3163841807909604,0.042505357028049924,635,Are you gonna squeak again when you shake the salt?
2991,3066,11,40,145,196,1.316326530612245,0.04104462578283008,635,"Like this Bordeaux, you've aged well."
1076,3067,6,37,112,155,1.3161290322580645,0.043664216237242676,635,This is why I hate dating near Halloween.
2292,3067,12,25,118,155,1.3161290322580645,0.04908448698907763,635,My mom said no solo dates without the armor until this who MeToo thing blows over.
4683,3067,10,29,116,155,1.3161290322580645,0.047346726411212244,635,I could use a straw.
6833,3067,13,23,119,155,1.3161290322580645,0.04993069239998886,635,Your profile stated that you were looking for a knight in shining armor.
7642,3067,8,33,114,155,1.3161290322580645,0.045542706778752565,635,"Well at least I'll be able to use the word ""literally"" correctly"
5545,3072,10,35,129,174,1.3160919540229885,0.04374917732409341,635,You look nothing like your profile.
5974,3072,7,41,126,174,1.3160919540229885,0.041408552406104866,635,"Closed and musty, with tinny overtones."
3181,3072,10,35,129,174,1.3160919540229885,0.04374917732409341,635,It's been a long time since I've had such a nice knight out.
5159,3072,12,31,131,174,1.3160919540229885,0.045242370104201284,635,"Hey, you were the one who asked for a date knight."
1080,3072,7,41,126,174,1.3160919540229885,0.041408552406104866,635,I have a feeling you are hard to get close to.
113,3072,10,35,129,174,1.3160919540229885,0.04374917732409341,635,Well the dating service said you wanted to have a fun knight.
2729,3072,8,39,127,174,1.3160919540229885,0.0422031868515212,635,"My interests include: long walks on the beach, stabbing people in the heart, and a nice glass of Merlot."
2128,3079,6,36,110,152,1.3157894736842106,0.044201064565369964,635,"I was hoping for a 'fun night', but let's see where this goes."
2519,3079,11,38,141,190,1.3157894736842106,0.04190288316270685,635,"I feel safe,but it's hard to text."
3250,3079,11,38,141,190,1.3157894736842106,0.04190288316270685,635,"Look, you didn't say what kind of suit I had to wear for this restaurant"
5124,3082,11,37,139,187,1.3155080213903743,0.042350925689203595,635,"Well, you DID say on Tinder that you were an armored car driver."
6429,3083,13,27,128,168,1.3154761904761905,0.04711515187084436,635,You should know I'm not a sword-in-the-stone-on-a-first-date kind of girl.
5704,3083,13,27,128,168,1.3154761904761905,0.04711515187084436,635,"Ever since Trump declared it was a scary time for men, you've had your guard up!"
7118,3083,12,29,127,168,1.3154761904761905,0.046352470661044774,635,"A straw, maybe?"
1859,3086,7,33,109,149,1.3154362416107384,0.045759059849718245,635,"I want true amor, not armor."
5403,3086,7,33,109,149,1.3154362416107384,0.045759059849718245,635,"Don't worry, my codpiece is welded shut."
5922,3086,10,27,112,149,1.3154362416107384,0.048641296477702066,635,The best rust proofing spray is on Amazon.
2789,3089,9,40,135,184,1.315217391304348,0.041401768294655285,635,This wasn't the kind of knight I was expecting...
1792,3090,12,28,125,165,1.3151515151515152,0.04693570999339344,635,"Sorry, but I don't think I really see myself as a damsel in distress"
3910,3090,10,32,123,165,1.3151515151515152,0.04533366533349307,635,Why are you so defensive all the time?
3240,3090,11,30,124,165,1.3151515151515152,0.046141641091063744,635,"Well, you’re always complaining I chew with my mouth open."
1058,3090,9,34,122,165,1.3151515151515152,0.044511025404519275,635,I know you're exited about your new costume Harold. But Halloween is in two weeks.  You'll be rusty by then.
2035,3090,9,34,122,165,1.3151515151515152,0.044511025404519275,635,"When you said I was going to have a special night, I wasn't picturing this."
1486,3095,8,41,132,181,1.3149171270718232,0.041105698456263065,635,"I can't settle for anything less than an iron-clad pre-nup, Sally. Take it or leave it."
2055,3095,7,43,131,181,1.3149171270718232,0.04035208905833989,635,No I am NOT going to help you in the bathroom.
4389,3095,8,41,132,181,1.3149171270718232,0.041105698456263065,635,"So, the suit of armor on display picture was actually you?"
6352,3098,13,25,124,162,1.3148148148148149,0.04833888359033945,635,"Aren't you taking the ""fear"" of the Me-Too Movement a little far..."
371,3098,9,33,120,162,1.3148148148148149,0.045054663713696555,635,I know this is only our third date Phyllis but I thought I'd bring protection
810,3098,7,37,118,162,1.3148148148148149,0.04331928265970286,635,You can't be too careful on a first internet date.
1919,3098,9,33,120,162,1.3148148148148149,0.045054663713696555,635,I was looking for a different kind of wild night.
3972,3098,9,33,120,162,1.3148148148148149,0.045054663713696555,635,"Just my luck with that no
straw thing."
4347,3098,8,35,119,162,1.3148148148148149,0.04419549169601758,635,"I kinda like  the Knight in Shining Armor bit,  but the hair-piece is way over the top."""
4473,3098,9,33,120,162,1.3148148148148149,0.045054663713696555,635,It’s not shining.
6642,3105,5,35,103,143,1.3146853146853146,0.04484625829044653,635,"I suppose I could order you a straw, but that's frowned upon."
7100,3106,11,34,133,178,1.3146067415730338,0.043778128671605236,635,This was not my idea of date knight
5812,3106,10,36,132,178,1.3146067415730338,0.04304700428506973,635,I sense a vulnerability concern ..
1670,3106,17,22,139,178,1.3146067415730338,0.04793124640983685,635,"Oh, it’s fine. I’m just relieved it really WAS your javelin."
2201,3106,6,44,128,178,1.3146067415730338,0.03998905712371277,635,"Chivalry aside, you lack a likeness to your profile photo."
5641,3106,10,36,132,178,1.3146067415730338,0.04304700428506973,635,Don't tell me; it was that or a shirt with a collar.
1937,3111,9,32,118,159,1.3144654088050314,0.045617039804286615,635,"'I swiped right for a good night, not a good knight...'"
7785,3111,13,24,122,159,1.3144654088050314,0.048983265551674905,635,Not quite what I had in mind when I mentioned a night of amour.
3438,3113,7,41,127,175,1.3142857142857143,0.04121085422817974,635,"""Wine, check. Chivalry, check. Wearing protection, checkmate."
3692,3113,9,37,129,175,1.3142857142857143,0.04277496225831017,635,I thought you meant dinner and armour.
5603,3113,8,28,104,140,1.3142857142857143,0.04870967569425921,635,"So, what was it about me that made you ""Swipe Right?"""
994,3116,12,36,143,191,1.3141361256544504,0.04237110922830628,635,You do realize you can wear regular clothes to Medieval Times?
4272,3116,8,44,139,191,1.3141361256544504,0.039684562404907864,635,Apparently Tinder spellchecked ‘sense of humor’ to ‘suit of armor’
3600,3118,12,25,119,156,1.314102564102564,0.04881091213090623,635,"Sorry, but I'm not feeling maidenly tonight."
7508,3119,11,32,129,172,1.313953488372093,0.04480586272828767,635,I'm thinking a sip or two should open up a few things.
7194,3119,10,34,128,172,1.313953488372093,0.044040502708550075,635,What? Am I not shining enough?
6813,3119,5,44,123,172,1.313953488372093,0.03999460712146134,635,It's date n-i-g-h-t.
6619,3119,10,34,128,172,1.313953488372093,0.044040502708550075,635,Gentle on the tongue but a truncheon finish.
4986,3119,10,34,128,172,1.313953488372093,0.044040502708550075,635,A.A. is easier.
6353,3119,17,20,135,172,1.313953488372093,0.04914836793681221,635,I know straws are environmentally unfriendly but I could really use one.
4928,3119,6,42,124,172,1.313953488372093,0.04083586725911914,635,"You probably don't remember this, but we were in high school together."
1208,3119,10,34,128,172,1.313953488372093,0.044040502708550075,635,"To be honest, I lied about may age on the dating site."
6356,3119,11,32,129,172,1.313953488372093,0.04480586272828767,635,"So, I would have to polish it once a week?"
3476,3128,6,31,100,137,1.313868613138686,0.04719689263364732,635,I'm on the thirteenth step—my visor is welded shut.
2327,3129,3,53,132,188,1.3138297872340425,0.03636237297573139,635,I firmly believe that chivalry is not dead.
162,3130,10,28,115,153,1.3137254901960784,0.04771218268551839,635,Who says chivalry is dead?
2087,3130,8,32,113,153,1.3137254901960784,0.04587432563651779,635,"Yeah, I know I said that I wanted a night out."
7332,3130,10,28,115,153,1.3137254901960784,0.04771218268551839,635,Lady’s Knight.
4126,3133,15,23,131,169,1.3136094674556213,0.04835221484297916,635,You are taking Date Knight too seriously.
2582,3133,9,35,125,169,1.3136094674556213,0.04376393962400437,635,I snuck in a straw for you.
7383,3133,12,29,128,169,1.3136094674556213,0.04611517695745683,635,I thought it was just some silly cliche women put in their dating profiles.
254,3133,9,35,125,169,1.3136094674556213,0.04376393962400437,635,"Yes, I've been in distress for years."
25,3133,11,31,127,169,1.3136094674556213,0.045344979520150534,635,Well. You're online bio did say that I would have 'a knight to remember'.
1462,3133,7,39,123,169,1.3136094674556213,0.042123599741049296,635,"Honestly, Bob, you'd think we're in the Dark Ages..."
642,3139,10,38,137,185,1.3135135135135134,0.041919364783321075,635,Now I see what they meant by a blind date.
5983,3139,9,40,136,185,1.3135135135135134,0.04121260410671286,635,"Well, I read 'your knight in shining armor' on your profile, but I didn't expect this!"
8,3141,8,47,146,201,1.3134328358208955,0.03839236143426959,635,Would it be gauche of me to ask for a straw?
1551,3142,5,37,108,150,1.3133333333333332,0.0434905082772811,635,I'm new to the dating game and I don't want to get hurt.
7400,3142,8,31,111,150,1.3133333333333332,0.04647451652309233,635,I thought you might be more comfortable at this cafe since the tables are round.
1938,3144,8,36,122,166,1.3132530120481927,0.043450501594873146,635,"In my defense, you said on eharmony that you wanted ""a knight in shining armor."""
3633,3144,13,26,127,166,1.3132530120481927,0.04746622841015487,635,"Is this your first blind date, too?"
3815,3144,8,36,122,166,1.3132530120481927,0.043450501594873146,635,My fantasy was just metaphorical I hope you know
6133,3144,8,36,122,166,1.3132530120481927,0.043450501594873146,635,You just seem... so guarded... so defensive.
6536,3144,9,34,123,166,1.3132530120481927,0.04428278942178166,635,"My profile said knight in shining armor, didn’t it?"
3684,3149,12,33,137,182,1.3131868131868132,0.04378305161009105,635,I like to maintain boundaries
7439,3150,6,34,107,147,1.3129251700680271,0.04507494984134362,635,Are you going to keep you guard up all night?
7333,3150,10,26,111,147,1.3129251700680271,0.04903573129526933,635,My table at work is way bigger
73,3152,11,29,123,163,1.312883435582822,0.04647823840144727,635,Women I date say I'm defensive. I just don't see it.
2596,3152,5,41,117,163,1.312883435582822,0.04130114372106641,635,Not what I had in mind when I suggested we have a date night.
5226,3152,7,37,119,163,1.312883435582822,0.04309599977661552,635,And you say your name is Lance?
6718,3152,10,31,122,163,1.312883435582822,0.045656174641146144,635,I just got back from the Levant.  I trust you're still wearing your chastity belt.
7287,3152,10,31,122,163,1.312883435582822,0.045656174641146144,635,The waiter forgot my straw.
7420,3152,9,33,121,163,1.312883435582822,0.04481903525092777,635,"””””
“Well, I guess there’s no penetrating your armor, is there?"
773,3158,9,38,132,179,1.312849162011173,0.04210295187401207,635,"So, how long have you been on eHarmony?"
151,3158,12,32,135,179,1.312849162011173,0.04428284828710778,635,"This is the best knight out, I have ever had."
2229,3158,6,44,129,179,1.312849162011173,0.03980384982123902,635,I know I said it was OK if you went to night school.
3272,3158,13,30,136,179,1.312849162011173,0.044986012837957536,635,Maybe you should ask for a straw.
5135,3158,8,40,131,179,1.312849162011173,0.04135079029314314,635,I love Taco Tuesday and Throwback Thursday. Not at all sure about Medieval Monday.
5166,3158,8,40,131,179,1.312849162011173,0.04135079029314314,635,"Yes, well...I'm more of a *verbal* jouster..."
803,3164,11,39,145,195,1.3128205128205128,0.04110486666948538,635,And then there's too much chivalry.
6784,3165,6,43,127,176,1.3125,0.040215531341000095,635,"I know it's our first date, but you could open up a little"
7402,3165,10,30,120,160,1.3125,0.04623182967903929,635,"When I said I was looking for a knight in shining armor, I did not mean that literally."
4983,3165,12,31,133,176,1.3125,0.04479843022528078,635,This is not my idea of a night on the town
1325,3165,18,24,150,192,1.3125,0.04589675130229494,635,Is this not what you meant when you said you wanted a knight out?
1377,3165,4,42,114,160,1.3125,0.040812791649973555,635,Knight in shining armor was only a cliche for me.
2425,3165,5,35,104,144,1.3125,0.04458732254553229,635,"So, when did speed dating get painful for you?"
1200,3165,13,34,145,192,1.3125,0.042823173294720566,635,Was I supposed to wear a chastity belt?
1667,3172,8,43,138,189,1.312169312169312,0.039905187990259536,635,Fetch me a straw my lady
1718,3172,8,43,138,189,1.312169312169312,0.039905187990259536,635,"When I said ""night-cap"", that's not exactly what I had in mind."
624,3174,9,36,128,173,1.3121387283236994,0.043049078629008634,635,I warm up the crowds at presidential rallies. You?
1951,3174,13,28,132,173,1.3121387283236994,0.04606600168572614,635,"I might not be the great night out you were expecting, Carla, but at least I know how to spell."
2594,3174,5,44,124,173,1.3121387283236994,0.039804143381108104,635,Will you ask the waiter if I could get a straw for my wine?
5730,3174,7,40,126,173,1.3121387283236994,0.04145837069344609,635,Yes but what's your day job?
5993,3174,7,40,126,173,1.3121387283236994,0.04145837069344609,635,I thought your profile said you liked romantic date knights.
6664,3174,10,34,129,173,1.3121387283236994,0.043822785237046,635,I think we should see other people...
1132,3180,9,31,117,157,1.3121019108280254,0.04594757252133935,635,I don’t know David it still seems like you’re a little defensive.
3104,3180,9,31,117,157,1.3121019108280254,0.04594757252133935,635,"Actually, I'm more transparent than I appear."
6363,3180,8,33,116,157,1.3121019108280254,0.04505019537444462,635,"I know your dating profile says you consider yourself old-fashioned and chivalrous, but I think you're taking it a bit too far...."
6703,3180,8,33,116,157,1.3121019108280254,0.04505019537444462,635,Would you mind if I ask for a straw?
7616,3184,11,36,139,186,1.3118279569892473,0.042418178925552386,635,"In your profile pic, your armor is much younger..."
1627,3184,10,38,138,186,1.3118279569892473,0.041727440187391995,635,I think I'm at the wrong round table...
4989,3184,10,38,138,186,1.3118279569892473,0.041727440187391995,635,This is nice. I have not had a nice dinner in ages.
262,3187,8,37,125,170,1.311764705882353,0.04273802964748733,635,"What do you mean, ""knight in shining armor"" is a figure of speech?"
1276,3187,13,27,130,170,1.311764705882353,0.04663268595653584,635,I'm a cabinet member.  I have to dress like this when I dine out.
2924,3187,10,33,127,170,1.311764705882353,0.04433696501451201,635,SWF seeking KISA
3000,3187,13,27,130,170,1.311764705882353,0.04663268595653584,635,"Please believe me, Dorothy.   I really have changed."
4952,3187,8,37,125,170,1.311764705882353,0.04273802964748733,635,"Please, once a knight is enough!"
5784,3187,9,35,126,170,1.311764705882353,0.04354483692039487,635,You're getting a bit rusty with this romance stuff
617,3193,10,28,116,154,1.3116883116883118,0.04744510676886875,635,I've had a hard time allowing myself to be vulnerable since my last relationship ended.
1149,3193,7,34,113,154,1.3116883116883118,0.0446809897253688,635,I took a chastity pledge.
3967,3193,11,26,117,154,1.3116883116883118,0.04833136242785805,635,My lawyer told me this will help prevent sexual harrassment claims against me.
7431,3193,8,32,114,154,1.3116883116883118,0.045620974131008275,635,E-armory!!
7377,3197,10,42,147,199,1.3115577889447236,0.03988569815675263,635,Are you gonna drink that?
7746,3198,6,45,132,183,1.3114754098360655,0.039225485757876086,635,It takes care of the sticks and stones part.
6710,3198,10,37,136,183,1.3114754098360655,0.04217624561823606,635,"Yeah- blah,blah, blah, your life is tough. Try drinking wine through a helmet."
5763,3198,13,31,139,183,1.3114754098360655,0.04426040460254633,635,"You, My Lady, are not what I expected."
3959,3198,12,33,138,183,1.3114754098360655,0.04357676187148369,635,"Dad, I can appreciate you trying to look ""European"" but the present administration doesn't like immigrants of ANY kind. . ."
2823,3198,10,37,136,183,1.3114754098360655,0.04217624561823606,635,"You didn't wonder why on my personal ad I said your name 
had to be 'Guinevere '?"
87,3203,14,24,129,167,1.311377245508982,0.0479762822393677,635,"As their conversation became more stilted, Marjorie realized that this would not be a knight to remember."
2060,3203,10,32,125,167,1.311377245508982,0.04486807539822258,635,This is not what I meant when I said we should have a night out.
2892,3203,9,34,124,167,1.311377245508982,0.0440567738610973,635,My therapist says it’ll help me conquer my fear of dating.
4082,3203,12,28,127,167,1.311377245508982,0.046448185365265106,635,"I told you, they stopped offering straws."
7338,3203,12,28,127,167,1.311377245508982,0.046448185365265106,635,Did my dating app profile not make clear I'm a literal knight in shining armor?
1963,3208,7,33,111,151,1.3112582781456954,0.04524686318553303,635,"Darn spellcheck. I meant to text, ""Mon Amour"""
6296,3208,7,33,111,151,1.3112582781456954,0.04524686318553303,635,"You should know, that suit seemed much shiner on your Tinder profile."
3626,3210,13,35,148,196,1.3112244897959184,0.04218499356294894,635,"My apologies, Good Lady - I appear to have taken your online dating profile too literally."
2605,3211,8,40,132,180,1.3111111111111111,0.041157136985247186,635,I'll ask for a straw.
2828,3211,13,30,137,180,1.3111111111111111,0.04476914291089727,635,"The caveman diet didn't work for me so now I'm
trying the iron man diet."
4585,3211,10,36,134,180,1.3111111111111111,0.04263867279458846,635,Would it look strange if I used a straw?
6399,3214,6,39,119,164,1.3109756097560976,0.04199331758118013,635,It's been 20 minutes since we ordered a funnel.
3389,3214,8,35,121,164,1.3109756097560976,0.04373867990289973,635,And you said chivalry was dead.
1351,3214,10,31,123,164,1.3109756097560976,0.04541701793185895,635,Shall I ask for a straw for you?
454,3214,8,35,121,164,1.3109756097560976,0.04373867990289973,635,"It’s Halloween Karen, give me a break."
48,3214,8,35,121,164,1.3109756097560976,0.04373867990289973,635,"You've been a great friend, through good, bad, and medieval times."
4359,3219,12,36,145,193,1.310880829015544,0.041993691910485305,635,Your knight is about to get a whole lot better.
1657,3220,6,34,108,148,1.3108108108108107,0.04481925392372162,635,What do you mean I should let my guard down?
274,3221,13,29,135,177,1.310734463276836,0.0452939397396282,635,"This is not my idea of a ""knight to remember""."
764,3221,9,37,131,177,1.310734463276836,0.042364320313041326,635,"Sorry, I misinterpreted you when you said you wanted a date night."
2517,3221,10,35,132,177,1.310734463276836,0.043115391346637943,635,"I thought you said a ""night"" out."
5655,3221,11,33,133,177,1.310734463276836,0.04385360083689272,635,Actually I was hoping for a night out.
6253,3221,10,35,132,177,1.310734463276836,0.043115391346637943,635,"Your online profile said, ""in shining armor""..."
6369,3221,8,39,130,177,1.310734463276836,0.041599691107004504,635,"Trust me, chivalry is not dead."
7290,3221,15,25,137,177,1.310734463276836,0.046689866651261944,635,"I know last year’s flu vaccine was only forty percent effective, but aren’t you overcompensating?"
7786,3228,7,36,118,161,1.31055900621118,0.04337832347580376,635,"Quite frankly, I'm a day person."""
7682,3228,9,32,120,161,1.31055900621118,0.04513267608592535,635,"Wow, you weren't kidding when you said you were old-fashioned."
6119,3228,10,30,121,161,1.31055900621118,0.04598476054335667,635,"So,  your favorite brand of clothing is Under Armour?"
5883,3228,8,34,119,161,1.31055900621118,0.04426419206451489,635,"You know, there's more to chivalry than getting us seated at a round table."
5683,3228,6,38,117,161,1.31055900621118,0.04247398257779311,635,Your privilege is still showing.
3571,3228,6,38,117,161,1.31055900621118,0.04247398257779311,635,"Whoa, you're not going to get all medieval on me, are you?"
2088,3228,9,32,120,161,1.31055900621118,0.04513267608592535,635,"Your online profile said that you were ""looking for a knight in shining armour."""
340,3228,8,34,119,161,1.31055900621118,0.04426419206451489,635,Do you have a straw I can use?
432,3236,13,28,133,174,1.3103448275862069,0.04583560741527553,635,You looked far less defensive in your profile picture on Tinder
2564,3236,7,31,107,145,1.3103448275862069,0.04644161804790097,635,"I sometimes have bad days too, but I usually just stay home"
4027,3236,10,34,130,174,1.3103448275862069,0.043607116425664116,635,"Wait, you came here ON your mustang?"
6633,3236,8,29,108,145,1.3103448275862069,0.04746166165991397,635,"When I asked for a night out on the town, this wasn’t what I was expecting."
5782,3240,9,40,138,187,1.3101604278074865,0.040839156134435575,635,When I said I was looking for my knight in shining armor I was speaking metaphorically.
7594,3241,9,31,118,158,1.3101265822784811,0.04569855088893038,635,Don’t tell me to get that look off my face
7392,3241,8,33,117,158,1.3101265822784811,0.044807721413442934,635,Mosquitoes don't bite me anymore.
7706,3241,8,33,117,158,1.3101265822784811,0.044807721413442934,635,I think I’m more of a morning person
4616,3241,6,37,115,158,1.3101265822784811,0.04297069452659355,635,"So...now...tell me about the last ""damsel in distress"""
20,3241,7,35,116,158,1.3101265822784811,0.04389881824356169,635,It's a mead market out there.
6417,3241,13,23,122,158,1.3101265822784811,0.04910051093096639,635,I want you to wear it honey.  It's a  very scary time for young men in America.
3190,3247,11,31,129,171,1.3099415204678362,0.044887620795660756,635,Don't you think you're taking this Knights of Columbus thing a little too far?
7322,3247,10,33,128,171,1.3099415204678362,0.04411461267075381,635,"It's called Over Armor honey, we're going to make a fortune !"
7697,3247,10,33,128,171,1.3099415204678362,0.04411461267075381,635,Distress? Not really. Why do you ask?
7730,3247,10,33,128,171,1.3099415204678362,0.04411461267075381,635,Just don't claim those gloves will stop you from picking up the check.
7256,3251,10,24,108,142,1.3098591549295775,0.05015518679176264,635,"Yes, I'm disappointed.  I thought you said you liked foreplay not swordplay."
7496,3252,10,37,137,184,1.309782608695652,0.04198054429803068,635,"Literally and figuratively, Rusty"
403,3252,6,45,133,184,1.309782608695652,0.03904843114119457,635,"Once a king, always a king but once a night is enough."
199,3254,5,38,112,155,1.3096774193548386,0.04251000220947427,635,An uneasy silence descended over the first date after Carol realized her Medieval Jousting knowledge was lacking.
1199,3254,10,28,117,155,1.3096774193548386,0.04718088798079555,635,Not quite what I meant when I asked for a night out.
5144,3254,7,34,114,155,1.3096774193548386,0.044437311450764606,635,"Maybe it's the light, but your armor isn't shining."
7612,3257,9,34,125,168,1.3095238095238095,0.0438329489448384,635,Maybe you should buy some more casual suits.
6458,3257,9,34,125,168,1.3095238095238095,0.0438329489448384,635,I think the problem is we both have hard exteriors.
4709,3257,12,28,128,168,1.3095238095238095,0.046208066519710024,635,Getting served here is like getting a sword from a stone!
3542,3257,10,32,126,168,1.3095238095238095,0.044638698599203386,635,It's been hellish since they stopped giving out straws
3593,3257,10,45,155,210,1.3095238095238095,0.03844818274584959,635,"I guess this means ""no"""
1559,3257,7,38,123,168,1.3095238095238095,0.04217529388565521,635,When the waiter comes back I’ll ask him for a straw.
1289,3257,11,30,127,168,1.3095238095238095,0.04543015971863003,635,I don't think we're supposed to ask for straws anymore.
724,3257,9,34,125,168,1.3095238095238095,0.0438329489448384,635,You're not as shiny as your profile picture.
578,3257,13,26,129,168,1.3095238095238095,0.046973092413845376,635,The sliced cheese platter I ordered pairs nicely with the wine and the slits in my helmet
3229,3257,8,36,124,168,1.3095238095238095,0.04301210775782905,635,"Lance, we need to talk..."
3950,3267,10,36,135,181,1.3093922651933703,0.04243726932524094,635,I didn't mean a knight in shining armor literally...
5045,3267,4,48,129,181,1.3093922651933703,0.037849672423322676,635,Did you even notice my new plume before I mentioned it?
1517,3269,11,21,107,139,1.3093525179856116,0.051914570215880106,635,"Chivalry only goes so far, Henry. We’re not going to grow, unless you let your defenses down."
1818,3270,7,33,112,152,1.3092105263157894,0.0449948223577036,635,I thought your username 'knight@night41' just meant you were a romantic.
2644,3270,6,35,111,152,1.3092105263157894,0.0440158569524737,635,"I guess I’m 
your knight in shining armor might be one  you’ve heard before."
5837,3270,9,29,114,152,1.3092105263157894,0.046891478868581825,635,I think a straw would work.
7137,3270,9,29,114,152,1.3092105263157894,0.046891478868581825,635,"When you called, I thought you said, 'night of amour' """
1092,3274,8,48,151,207,1.3091787439613527,0.03757723013259126,635,"Truth be known, I need a straw but I’m always embarrassed to ask."
7523,3275,13,25,127,165,1.309090909090909,0.047570837845440646,635,"OK, but I'm drawing the line at painting the floors checkerboard."
7124,3275,8,35,122,165,1.309090909090909,0.04351362388126566,635,"When I accepted your date invitation, I didn’t realize you were literally a knight in shining armor."
4599,3275,7,37,121,165,1.309090909090909,0.04265589798929173,635,Your armor’s not as shiny as you let on.
1424,3275,8,35,122,165,1.309090909090909,0.04351362388126566,635,I’m not a princess. So you can stop with the M’lady.
1744,3275,8,35,122,165,1.309090909090909,0.04351362388126566,635,Your profile described you as a woman with old-fashioned values.
317,3280,13,29,136,178,1.3089887640449438,0.0450725794772196,635,I’m not making small talk because most of my questions have been answered just by your appearance.
3609,3280,11,33,134,178,1.3089887640449438,0.043641465105936264,635,Your armor was shinier on Facebook.
7237,3280,5,45,128,178,1.3089887640449438,0.039034569860314575,635,"Yo Launcelot, your turn to open up."
7776,3280,9,37,132,178,1.3089887640449438,0.042161801816988656,635,We're collegial when we're not crusading.
208,3284,11,37,143,191,1.3089005235602094,0.0415910058709393,635,I like to protect myself on first dates.
1374,3284,9,41,141,191,1.3089005235602094,0.04024411220753279,635,You're very serious about safe sex
6573,3284,10,39,142,191,1.3089005235602094,0.040923100668992546,635,Coming out should be easy once you get a blow torch.
7324,3287,7,32,110,149,1.308724832214765,0.04557245061381208,635,"Now that we're alone,I think you can let down your guard."
4326,3288,7,36,119,162,1.308641975308642,0.04315232729253137,635,"Sorry, you're not quite shiny enough."
6893,3288,6,38,118,162,1.308641975308642,0.04225449224236663,635,I never leave the house without protection.
7156,3288,9,32,121,162,1.308641975308642,0.044894162459776434,635,You’re more metallic than I expected.
5956,3288,9,32,121,162,1.308641975308642,0.044894162459776434,635,“It’s stainless. I didn’t think you’d like cheap chivalry”
4739,3288,13,24,125,162,1.308641975308642,0.04818932213022822,635,"Reality somehow paled in comparison to her imagination when Edna actually won the ""Live Your Favorite Harlequin Romance!"" sweepstakes..."
4095,3288,10,30,122,162,1.308641975308642,0.045740212713391765,635,You're always on the defensive.
1976,3288,10,30,122,162,1.308641975308642,0.045740212713391765,635,"I did say I was looking for my knight in shining armor, but I'm also looking for a man willing to be a bit more vulnerable."
2946,3288,8,34,120,162,1.308641975308642,0.0440318587713859,635,The first cut was the deepest.
1975,3288,10,30,122,162,1.308641975308642,0.045740212713391765,635,I promised you a knight on the town.
3553,3288,5,40,117,162,1.308641975308642,0.041337160988131436,635,"'I know it's a blind date, but this is ridiculous!'"
2338,3288,9,32,121,162,1.308641975308642,0.044894162459776434,635,Our corporate office advises we not even flirt with our eyes.
2146,3288,8,34,120,162,1.308641975308642,0.0440318587713859,635,Your armour looked a lot more shiny in your profile picture.
930,3300,4,46,125,175,1.3085714285714285,0.03858632565207748,635,You said you wanted more chivalry.
1244,3300,9,36,130,175,1.3085714285714285,0.04262993962331077,635,"The app is literally called ""Date Knight."" You were expecting a noble?"
2706,3300,11,32,132,175,1.3085714285714285,0.04414379505967629,635,This isn't exactly what I had in mind when you called to ask if I was interested in a night on the town.
6542,3300,9,36,130,175,1.3085714285714285,0.04262993962331077,635,"I am not amused, Arthur, and I'm no damn fairy princess."
1141,3304,16,26,146,188,1.3085106382978724,0.04528841562591542,635,The aluminum-foil hat made me look like a nut.
3698,3304,11,36,141,188,1.3085106382978724,0.04203087106795174,635,Down deep I'm a sensitive guy but I've been hurt too many times.
4827,3304,13,32,143,188,1.3085106382978724,0.04336326451733925,635,A straw? You should be more concerned about a zipper !
6325,3304,12,34,142,188,1.3085106382978724,0.04270226476623644,635,"Chivalry may not be dead, but this relationship is."
1326,3308,10,25,111,146,1.3082191780821917,0.049144853991973214,635,You know you spelled night wrong when you invited me to one I'd never forget.
5768,3309,7,35,117,159,1.3081761006289307,0.0436654358932049,635,Now you get off your high horse.
210,3309,9,31,119,159,1.3081761006289307,0.045452098780404,635,"If you hear a little ping coming from my armor, you will then know this date is going well."
4006,3309,11,27,121,159,1.3081761006289307,0.04717113816035839,635,"Judith, I'm not who you think I am; but then, I'm not who I think I am either."
1254,3312,8,37,127,172,1.308139534883721,0.04231687881204941,635,"How was work? Let's just say it's been a hard day's kni-

You know what? Forget it."
3220,3312,6,41,125,172,1.308139534883721,0.04067824136298142,635,Not quite what I had in mind when you suggested a quiet night out on the town...
3622,3312,10,33,129,172,1.308139534883721,0.04389438625157414,635,Am I of the same caliber as your ex?
4300,3312,10,33,129,172,1.308139534883721,0.04389438625157414,635,You and my ex are as different as knight and day
562,3316,9,39,137,185,1.308108108108108,0.04107752473938017,635,"I understand, you just don't want to get hurt again."""
6476,3316,10,37,138,185,1.308108108108108,0.04178657015471458,635,Is this your idea of a romantic knight
6950,3318,9,34,126,169,1.3076923076923077,0.043611285347218524,635,George asked me to tell you he doesn't want to see you anymore.
6543,3318,6,36,114,156,1.3076923076923077,0.0432502715562884,635,"No, a straw would not be couth."
6330,3318,15,26,141,182,1.3076923076923077,0.04569009928866469,635,Darn that autocorrect!  I typed 'amore'.
2431,3318,10,32,127,169,1.3076923076923077,0.04441155916843275,635,"There wasn’t any rust 
in your profile photo."
4924,3318,7,38,124,169,1.3076923076923077,0.041964978891537,635,It's my knight out
3037,3318,7,42,133,182,1.3076923076923077,0.0400235309517705,635,"When you told me you'd be a night to remember, I had no idea . . ."
990,3318,10,32,127,169,1.3076923076923077,0.04441155916843275,635,"Yep, the dragon's dead.  Now tell me about your libido."
749,3318,13,30,139,182,1.3076923076923077,0.04434139868359884,635,"I like how we still go out, even now we've reached our middle ages."
325,3318,9,34,126,169,1.3076923076923077,0.043611285347218524,635,Would you think me less a gentleman if I requested a straw?
2005,3318,12,28,129,169,1.3076923076923077,0.04597033112824591,635,Mama called it chivalry but I  just call it dress up.
6116,3328,12,35,145,192,1.3072916666666667,0.042058516843535426,635,"Cheval Blanc St-Emilion '47 through a plastic straw? Surely, you joust."
5484,3329,11,33,135,179,1.3072625698324023,0.04343129088322004,635,I see you didn't get the metaphor.
4594,3329,8,39,132,179,1.3072625698324023,0.041206370039949466,635,I wish I could pierce your armor.
3645,3329,11,33,135,179,1.3072625698324023,0.04343129088322004,635,"So when you say good night, you mean what exactly?"
3076,3329,12,31,136,179,1.3072625698324023,0.044148020639896736,635,"At my age, I have to get iron anywhere I can."
7703,3329,13,29,137,179,1.3072625698324023,0.04485329893172434,635,"I taste oak and fruit, with just a hint of metal."
2172,3329,11,33,135,179,1.3072625698324023,0.04343129088322004,635,"Full bodied, with a hint of rust."
1257,3329,7,41,131,179,1.3072625698324023,0.04043753495493227,635,"Honey, not all men behave like Supreme Court justices."
609,3329,11,33,135,179,1.3072625698324023,0.04343129088322004,635,"When you said you’re a night person on your profile, you weren’t kidding."
2218,3329,13,29,137,179,1.3072625698324023,0.04485329893172434,635,"So when you said, dinner and tournament, you were serious?"
5734,3338,4,43,119,166,1.3072289156626506,0.039774522081789825,635,"Oh, yeah?  Well, your personality isn't exactly shining, either."
2176,3338,6,39,121,166,1.3072289156626506,0.04156983650545614,635,"Well, why did you think the app was called DateKnight?"
4044,3338,5,41,120,166,1.3072289156626506,0.04068208398008355,635,"Well, I must admit Sir Galahad, you don’t look much like your profile picture."
1876,3338,9,33,124,166,1.3072289156626506,0.044126062111565154,635,"I know it's not the all knight diner you were hoping for, but you could finally get Sir Loin."
1659,3338,10,31,125,166,1.3072289156626506,0.044945841938954595,635,"Sorry, but I don't know if I'm really enjoying my knight out on the town."
2101,3338,10,31,125,166,1.3072289156626506,0.044945841938954595,635,"Well, I thought silver singles meant something else..."
2813,3344,8,31,114,153,1.3071895424836601,0.045696315271744704,635,"Well, I wouldn’t say I’m in distress. I just have some misgivings about choices I’ve made."
3841,3344,7,33,113,153,1.3071895424836601,0.04474543459850608,635,"I get it, already: you're chivalrous."
5745,3344,8,31,114,153,1.3071895424836601,0.045696315271744704,635,I know you hate Italian but it’s the only place left that hasn’t banned straws.
6463,3344,7,33,113,153,1.3071895424836601,0.04474543459850608,635,Best knight out I've had in months.
5709,3348,10,23,107,140,1.3071428571428572,0.05058387616011822,635,"All that talk on Tinder about a 'knight in shining armor' was only meant to be metaphorical, you know."
5341,3349,9,40,140,189,1.306878306878307,0.04047208828604648,635,"Adelsheim, it's our 4th date, when will you let your guard down?"
6506,3349,15,28,146,189,1.306878306878307,0.04444900080105966,635,"Sorry, straws have been banned."
6732,3351,10,34,132,176,1.3068181818181819,0.04318181818181818,635,"It's been 15 years,Brad. The ""I'm your knight-in-shining armor"" shtick is getting old."
6481,3351,11,32,133,176,1.3068181818181819,0.043927263589059,635,"Actually, the posting said ""a night in shining amour."""
1323,3351,11,32,133,176,1.3068181818181819,0.043927263589059,635,I'm not a feminist; I just don't think the waiter deserved to die because I didn't like the wine he suggested.
527,3354,9,32,122,163,1.3067484662576687,0.04465804868209733,635,No. I'm Steely DON.
2624,3354,8,34,121,163,1.3067484662576687,0.04380183729084483,635,Stop Frowning. All I asked for is a straw.
3033,3354,6,38,119,163,1.3067484662576687,0.042037129135750737,635,"Well, I have been compared to a battleaxe before."
3422,3354,9,32,122,163,1.3067484662576687,0.04465804868209733,635,This wasn't exactly what I meant when I said I wanted a nice night out.
5133,3354,11,28,124,163,1.3067484662576687,0.046323018426808464,635,I realized it's best to get the 'night-in-shining-armor' fantasy over with on the first date.
5330,3354,5,40,118,163,1.3067484662576687,0.041126388899791005,635,"No, I don't have any straws."
6331,3354,10,30,123,163,1.3067484662576687,0.04549815022758075,635,The War of the Roses was a much scarier time for men.
7143,3354,8,34,121,163,1.3067484662576687,0.04380183729084483,635,"I know I said I was looking for a knight in shining armor, but I meant it metaphorically."
74,3362,13,20,117,150,1.3066666666666666,0.050895046340322686,635,I propose a toast to buns of steel.
3755,3362,12,22,116,150,1.3066666666666666,0.05000820216095174,635,"I can't tell if you're a man afraid of your past, or a woman afraid of the future."
4349,3362,6,34,110,150,1.3066666666666666,0.04431599634096886,635,You said to wear your best suit.
7535,3362,9,28,113,150,1.3066666666666666,0.04724789844566308,635,"I recently switched to red wine, I heard its good for the joints."
2639,3366,9,43,147,199,1.306532663316583,0.03912054995786548,635,"John, you’re taking this ‘Battle of the Sexes’ thing way too serious!"
6145,3367,8,41,137,186,1.3064516129032258,0.04017263605642605,635,Can you ask for a straw?
723,3368,14,25,134,173,1.30635838150289,0.046652639857040136,635,"Sorry for the armor, but I'm told it's not safe for young men these days."
2748,3368,10,33,130,173,1.30635838150289,0.043676257453311336,635,Are you getting notes of rust in this wine.
5092,3368,11,31,131,173,1.30635838150289,0.04443904589720197,635,“No no...I’m not the Frog Prince”
6230,3368,11,31,131,173,1.30635838150289,0.04443904589720197,635,"So, is this how women working at the Supreme Court dress these days? I start on Monday"
2478,3372,10,25,112,147,1.3061224489795917,0.048854404673691385,635,Are you worried about comittment?
5147,3373,12,32,139,183,1.3060109289617485,0.04344478504733873,635,What color horse do you ride?
1136,3374,7,27,100,134,1.3059701492537314,0.048807588230415234,635,"You hate it, don't you? It was my best try for a vintage look."""
3393,3375,10,32,128,170,1.3058823529411765,0.04418662666328943,635,"I said, “I’d like to spend a NIGHT With you.”"
5582,3375,9,34,127,170,1.3058823529411765,0.04339175418909269,635,"When I said date night, this isn't what I meant."
6283,3375,10,32,128,170,1.3058823529411765,0.04418662666328943,635,"When I said you were my Knight in Shining Armor, I didn't mean you should take it literally."
6667,3375,9,34,127,170,1.3058823529411765,0.04339175418909269,635,This is not exactly what I meant by 'a night to remember'.
6295,3375,12,28,130,170,1.3058823529411765,0.04573494576830147,635,"I'm tough on the outside, but hollow on the inside"
4483,3380,8,32,117,157,1.305732484076433,0.044876680047285566,635,I have been hurt so often.
2400,3380,6,36,115,157,1.305732484076433,0.04301857479520009,635,I'm no longer a vulnerable male
2228,3380,9,30,118,157,1.305732484076433,0.04577745874766909,635,I was really just looking for Mr. Goodbar.
1473,3383,12,35,146,193,1.305699481865285,0.04187031318664707,635,You ready for a Knightcap?
3896,3383,10,39,144,193,1.305699481865285,0.04056079873536575,635,Has anyone ever told you that you look like Lancelot?
7692,3383,8,43,142,193,1.305699481865285,0.03920757148503059,635,I feel like I'm not getting through to you.
4753,3386,10,35,135,180,1.3055555555555556,0.042498929933016086,635,Don't ask me to dance again.
616,3386,9,37,134,180,1.3055555555555556,0.041762253279973086,635,I really think once a knight is enough.
1488,3386,9,37,134,180,1.3055555555555556,0.041762253279973086,635,"Dragons no, but i can slay your monthly cable bill."
2056,3386,15,25,140,180,1.3055555555555556,0.046005709184897395,635,And to think ... my therapist said I shouldn't wait around for someone like you.
2885,3386,7,41,132,180,1.3055555555555556,0.040248469612633044,635,"On second thought, a knight in shining armor isn’t what I’m looking for, Roger."
3148,3386,5,34,105,144,1.3055555555555556,0.044378836579475604,635,"Something grilled, perhaps?"
7019,3386,6,43,131,180,1.3055555555555556,0.03946981200523075,635,"You know, true chivalry isn't really about picking up the tab."
6413,3393,9,33,125,167,1.3053892215568863,0.043899603152382664,635,All my dates just seem to get older and older.
3299,3393,10,31,126,167,1.3053892215568863,0.04471375653900493,635,Date N-I-G-H-T. I meant N-I-G-H-T!
166,3393,13,25,129,167,1.3053892215568863,0.04707180286017913,635,"So the ""Knight in Shinning Armor"" in your personal ad was just a figure of speech?"
2621,3393,5,41,121,167,1.3053892215568863,0.04047957125965891,635,"Actually, I might buy the whole ""shining armor"" thing if it hadn't been for watching you try to drink that pinot noir and seeing it dribble down your breastplate."
3139,3393,3,45,119,167,1.3053892215568863,0.03865625377064315,635,"Well, my ad did say ""I will be your knight in shining armor""."
4907,3398,12,34,144,190,1.305263157894737,0.04231360318878251,635,"Yes, you have beautiful manners, but you do seem a bit defensive."
5162,3399,8,31,115,154,1.3051948051948052,0.04544241777411226,635,"Sorry, Lancelot, but tonight is not your night."
2495,3399,9,29,116,154,1.3051948051948052,0.04636696853343518,635,Ok. Next youre going you ask me if I  have any WD40 on me..
7699,3399,7,33,114,154,1.3051948051948052,0.04449866172519505,635,"I feel like you're listening, but you aren't really hearing."
5808,3402,8,38,131,177,1.305084745762712,0.041451198297433975,635,I'm not up for a one night stand.
6875,3402,8,38,131,177,1.305084745762712,0.041451198297433975,635,My therapist said I should be carful what I wish for
5333,3402,7,40,130,177,1.305084745762712,0.04066940502276149,635,Oh.  I thought you meant it literally.
7667,3402,5,44,128,177,1.305084745762712,0.03905890211116878,635,"I promise that after a few drinks, l ‘ll loosen up and come out of my shell."
1010,3402,15,24,138,177,1.305084745762712,0.04655761149380008,635,What are you drinking... W1040?
949,3402,4,46,127,177,1.305084745762712,0.03822821600260846,635,You’re open. I’m closed.
5086,3402,9,36,132,177,1.305084745762712,0.042218516976333616,635,I feel like you’re very guarded.
6862,3409,10,23,108,141,1.3049645390070923,0.050271061015436935,635,Thou doth not resemble thine dating portrait.
3577,3409,11,21,109,141,1.3049645390070923,0.051268866753727854,635,"Yeah, I know what my profile said. But seriously...you've never heard of a metaphor?"
4824,3409,8,27,106,141,1.3049645390070923,0.04821353887063618,635,"Let me guess, you couldn't get valet parking for horse?"
481,3412,9,32,123,164,1.3048780487804879,0.044424301211366236,635,"Well, to be honest it does not shine like your profile led me to believe."
1190,3412,10,30,124,164,1.3048780487804879,0.045258537727211556,635,"Yeah that's what a girl wants, but to literally wear the armor?"
3525,3412,7,36,121,164,1.3048780487804879,0.04270696828321724,635,"Your profile clearly stated ""for a good night out."""
3707,3412,9,32,123,164,1.3048780487804879,0.044424301211366236,635,I'm rethinking that 'knight in shining armor' thing.
3852,3412,8,34,122,164,1.3048780487804879,0.043574095963438635,635,"To be completely honest, you don't look a thing like your profile photo."
1780,3417,10,26,115,151,1.304635761589404,0.047908464490531356,635,Wasted daze and wasted knights.
1943,3417,7,32,112,151,1.304635761589404,0.04505907575160468,635,"This is not my idea of a ""knight"" out."
3347,3417,7,32,112,151,1.304635761589404,0.04505907575160468,635,"So, leaving the sword in the stone made a difference?"
4841,3417,10,26,115,151,1.304635761589404,0.047908464490531356,635,"Unfortunately, there are limited opportunities for jousting."
3839,3421,7,39,128,174,1.3045977011494252,0.04110312082710357,635,You look a lot older in person....
6682,3422,7,35,119,161,1.3043478260869565,0.04320566720511258,635,Does your Provider consider that a joint replacement?
6113,3422,6,37,118,161,1.3043478260869565,0.04229763500582682,635,"In the Tinder sphere, the context of wearing protection has a slightly different meaning."
4982,3422,8,40,136,184,1.3043478260869565,0.04039942301853788,635,"say what you want, it's definitely cut down the amount of wine you've been drinking."
4131,3422,11,34,139,184,1.3043478260869565,0.04254765532856652,635,Don’t expect a good knight kiss.
3266,3422,7,35,119,161,1.3043478260869565,0.04320566720511258,635,"On Tinder the armor was intriguing. Now, it is just weird."
1953,3422,8,33,120,161,1.3043478260869565,0.0440950045945313,635,"I had to run the gauntlet for the new website, fend off a secretarial beheading, and deal with angry interns who wanted to storm the battlements. How was your week?"""
1724,3422,9,31,121,161,1.3043478260869565,0.044966756406755994,635,"I know I said I wanted a knight in shining armor, but now you’re just being sarcastic."
704,3422,7,35,119,161,1.3043478260869565,0.04320566720511258,635,Now I understand why your profile said 'squeaky clean'.
287,3422,10,29,122,161,1.3043478260869565,0.04582192633769696,635,Do you think they serve straws here?
2366,3422,5,39,117,161,1.3043478260869565,0.041369677005426944,635,Therapy isn’t going like I thought
882,3432,9,41,144,194,1.3041237113402062,0.039715046201601725,635,"Yes, I did notice that the table is round Randy."
7647,3433,10,32,129,171,1.304093567251462,0.043963871125332794,635,Sale at Forever 21 A.D.?
1888,3433,11,30,130,171,1.304093567251462,0.04473948383619634,635,"So Hillary, you are thinking of running for political office again."
3443,3433,11,30,130,171,1.304093567251462,0.04473948383619634,635,Well at least I know you didn't take a Viagra before the date.
4085,3433,10,32,129,171,1.304093567251462,0.043963871125332794,635,It just seems like you're being a little defensive.
4602,3433,9,34,128,171,1.304093567251462,0.043174327032629786,635,"Frankly, I was expecting someone with shinier armor!"
7481,3433,12,28,131,171,1.304093567251462,0.04550187758250946,635,"When your profile said ""I'll be the Knight in Shining Armor"" I was thinking it would be more figurative."
7713,3433,11,30,130,171,1.304093567251462,0.04473948383619634,635,My shrink says I'm too defensive.
6357,3440,8,29,111,148,1.304054054054054,0.04663604153335771,635,This isn't quite what I meant by 'a night on the town'.
3463,3441,11,33,137,181,1.3038674033149171,0.043016725806722445,635,"Your dating profile did say ""knight in shining armor"""
5024,3441,7,41,133,181,1.3038674033149171,0.040061069410471384,635,My Mother said I should never date a man in Uniform.
6917,3441,10,35,136,181,1.3038674033149171,0.04229717892396261,635,That is not what “one night stand” means.
3100,3444,6,36,116,158,1.3037974683544304,0.04278921330116941,635,When I heard “date night” I had something else mind
6101,3444,7,34,117,158,1.3037974683544304,0.043721189714101105,635,It was hard enough to valet the stallion
6928,3444,9,30,119,158,1.3037974683544304,0.045527944607497005,635,"I told you to wear your BLUE suit, Harold."
1228,3447,9,40,142,191,1.3036649214659686,0.0401112515146358,635,"So, this online dating service is called “Joust Lunch”?"
3678,3447,7,44,140,191,1.3036649214659686,0.038712908649265236,635,I'm working with my therapist to let go of my armor
4130,3449,7,37,124,168,1.3035714285714286,0.04201148614394804,635,"For a knight in shining armor, you're not much of a conversationalist."
6898,3449,9,33,126,168,1.3035714285714286,0.043675358806569205,635,So.. do you joust on the 1st date?
923,3451,9,36,133,178,1.303370786516854,0.04201563792212953,635,i am playing hard to get
2876,3451,9,36,133,178,1.303370786516854,0.04201563792212953,635,"Lance, what’s up? You appear a bit guarded tonight."
3688,3451,8,38,132,178,1.303370786516854,0.041253289055961054,635,"I just couldn't have my defenses up all the time, the way you do."
7359,3454,9,29,117,155,1.303225806451613,0.0461089160188999,635,"To be honest, I've had better knights, and that suit could use a shine."
3877,3454,5,37,113,155,1.303225806451613,0.04231883049178542,635,Your profile said that you’re a “bit withdrawn.”
1728,3454,10,27,118,155,1.303225806451613,0.04700871533023784,635,"You said you wanted a fun knight out, right?"
67,3454,8,31,116,155,1.303225806451613,0.04519120440834244,635,So how’s the refrigerator magnet business going?
2065,3454,5,37,113,155,1.303225806451613,0.04231883049178542,635,"It has been a very good year ,
But there is a metalic taste..."
682,3459,7,36,122,165,1.303030303030303,0.042487546476998005,635,Before this goes anywhere I need to tell you something- I've been hurt a lot in the past.
2301,3459,10,30,125,165,1.303030303030303,0.04502134044713949,635,"I'd raise a glass,
but I hear you're a little rusty..."
3096,3459,10,30,125,165,1.303030303030303,0.04502134044713949,635,I think we should start hating other people.
5018,3459,10,30,125,165,1.303030303030303,0.04502134044713949,635,So....you're from Vegas.
5871,3459,10,30,125,165,1.303030303030303,0.04502134044713949,635,So are you planning to spend the night in shining armour?
6605,3459,11,28,126,165,1.303030303030303,0.045834822195189424,635,This isn’t the Knight I thought I would have
6826,3459,10,30,125,165,1.303030303030303,0.04502134044713949,635,How do you plan to manage the straw ban?
7300,3459,5,50,143,198,1.303030303030303,0.03644814054435001,635,"Yeah, I’m a night person too."
7425,3459,14,22,129,165,1.303030303030303,0.04819294985458768,635,"Now I get why, when you called, you sounded like you were down in a sewer."
6108,3468,12,29,134,175,1.302857142857143,0.04473918998827475,635,"When you promised me a night I would never forget, this wasn't what I expected."
6107,3468,12,29,134,175,1.302857142857143,0.04473918998827475,635,I just wanted a NIGHT out.
2464,3468,11,31,133,175,1.302857142857143,0.04399901903241882,635,You're taking MeToo too far.
788,3468,9,35,131,175,1.302857142857143,0.04248000454133184,635,Trust me. You’re going to have a night to remember.
5037,3468,11,31,133,175,1.302857142857143,0.04399901903241882,635,You BETTER keep your trap shut.
372,3473,13,30,142,185,1.3027027027027027,0.04371438407557844,635,Maybe we should go back to just 'regular' date night.
892,3473,12,32,141,185,1.3027027027027027,0.04303711152629429,635,I'm a metallurgist.  You can't fool me with that polished facade.
3407,3473,9,38,138,185,1.3027027027027027,0.040938120972819604,635,"Well, I'm somebody’s knight in shining armor."
2398,3476,9,28,115,152,1.3026315789473684,0.046710802457713245,635,Just because it was made in 1050 doesn’t make it mid-century modern.
3895,3476,9,28,115,152,1.3026315789473684,0.046710802457713245,635,Well this has been an interesting knight.
5856,3476,8,30,114,152,1.3026315789473684,0.045768555696054404,635,I told you to bring your straw.
6262,3476,6,34,112,152,1.3026315789473684,0.043823326425791564,635,Civilized and mysterious is a potent combo.
5346,3480,10,29,123,162,1.3024691358024691,0.045576932967382196,635,Do you like the knight life? Do you bogie?
5508,3480,5,39,118,162,1.3024691358024691,0.041156416731849,635,"You said to dress up for a night on the town, but I must have misunderstood."
4942,3480,11,27,124,162,1.3024691358024691,0.04641053818708393,635,What do you mean 'This isn't what I had in mind'? You said you wanted a date knight.
4313,3480,9,31,122,162,1.3024691358024691,0.044727794296295496,635,"Sorry, but if you read my profile closely, it says that I'm looking for a night with shining amour."
3511,3480,9,31,122,162,1.3024691358024691,0.044727794296295496,635,"If you are, please stop looking at me like that."
1368,3480,9,31,122,162,1.3024691358024691,0.044727794296295496,635,I think it is very presumptuous of you to think you needed to bring that kind of protection to our first date!
1243,3480,11,27,124,162,1.3024691358024691,0.04641053818708393,635,I said in my profile that I didn’t want to date anyone who’s into heavy metal.
168,3480,15,19,128,162,1.3024691358024691,0.049605070297509705,635,I’m not quite sure why I ordered wine.
2945,3488,10,32,130,172,1.302325581395349,0.04374326307339804,635,"What I really said was, ""I'd enjoy a night out on the town."""
3406,3488,7,38,127,172,1.302325581395349,0.04134579417903897,635,"I detect a metallic flavor...do you, dear?"
6455,3488,8,36,128,172,1.302325581395349,0.04216010142658346,635,"The food was mediocre, the wine not that great, however this knight I'll long remember"
7320,3488,9,34,129,172,1.302325581395349,0.0429589758758767,635,"What if we'd gotten a square table?"""
2249,3492,10,35,137,182,1.3021978021978022,0.042097256536818235,635,Meeting my knight in shining armor isn't all it's cracked up to be.
2518,3492,11,33,138,182,1.3021978021978022,0.04281228533752635,635,You are so guarded.  I don’t know how to penetrate your armor.
6301,3492,12,31,139,182,1.3021978021978022,0.043515566682704045,635,You really are serious about this role play thing aren't you
1422,3495,9,24,106,139,1.3021582733812949,0.04966226909474968,635,"I know your profile said a knight in shining armor, but..."
6655,3496,7,31,111,149,1.3020134228187918,0.04537836777761066,635,This isn't exactly what I meant by a night on the town
6059,3496,9,27,113,149,1.3020134228187918,0.04733482550189134,635,Tilda had suspicions that this may be just another one night stand.
6267,3498,13,22,124,159,1.3018867924528301,0.048670499575711096,635,"It's a ""figure of speech"" in common use. Google it."
5792,3499,10,31,128,169,1.301775147928994,0.04425642967059917,635,"You've Got Mail.""  Can we stop the charades now"
5215,3499,8,35,126,169,1.301775147928994,0.042635042053683014,635,"I only get wined and dined when you want to buy another new lance"""
4577,3499,9,33,127,169,1.301775147928994,0.04345329894327938,635,You seem...what is it exactly? Defensive?
1832,3499,8,35,126,169,1.301775147928994,0.042635042053683014,635,I know you said you were my Knight in shining armor but I didn’t kmow you meant literally.
2884,3499,8,35,126,169,1.301775147928994,0.042635042053683014,635,"When I posted that I was  looking for my knight in shining armor, i meant it metaphorically."
1880,3499,7,37,125,169,1.301775147928994,0.041800770719983546,635,They say that red wine prevents rust.
3965,3499,11,29,129,169,1.301775147928994,0.04504524331517565,635,So the 'Ye Olde Dating Site' isn't really for mature adults as it turns out?
155,3506,9,36,134,179,1.3016759776536313,0.04181461503128779,635,Great Tinder fails
1936,3506,9,36,134,179,1.3016759776536313,0.04181461503128779,635,I’m hoping to diversify into dragon-slaying
2066,3506,10,34,135,179,1.3016759776536313,0.04255857996753034,635,Well my holy grail is another Merlot.
3301,3506,7,40,132,179,1.3016759776536313,0.040285489111329495,635,I wanted a round table!
4310,3506,8,38,133,179,1.3016759776536313,0.04105717149995751,635,"Well...if you'll promise to charge down the aisle on a white horse
I'll say, 'Yes!'"
7554,3511,13,31,145,189,1.3015873015873016,0.0430362624604845,635,"The evening had gone well so far, and Kevin was increasingly hopeful about getting a good knight kiss."
4288,3512,9,42,148,199,1.3015075376884422,0.03899320089089007,635,This was not the knight I was promised.
1269,3513,6,32,108,146,1.3013698630136987,0.04493196769237266,635,Let's drink to a good knight.
40,3514,9,29,118,156,1.3012820512820513,0.04585360943628251,635,Did you ride in on a white Uber?
1755,3514,13,21,122,156,1.3012820512820513,0.049329559516483684,635,"Most women can still recognize you in disguise, Brett,- with or without displaying your trump card!"
6923,3514,4,39,113,156,1.3012820512820513,0.04109730609956295,635,And it's not exactly shining now is it?
119,3517,10,30,126,166,1.3012048192771084,0.04478652420648602,635,So you like to joust.
736,3517,9,32,125,166,1.3012048192771084,0.04396377372758592,635,This is a 5 star restaurant. You could of least wore something different than your work clothes.
3963,3517,10,30,126,166,1.3012048192771084,0.04478652420648602,635,You said you wanted a blind date with a knight in shining armor.
6571,3517,11,28,127,166,1.3012048192771084,0.04559443058780252,635,I thought you were going to take the knight off....
837,3521,6,41,129,176,1.3011363636363635,0.03990238605927146,635,No I didn't bring a can opener.
922,3521,11,31,134,176,1.3011363636363635,0.043782139485165246,635,Your online profile did say you were looking for a knight in shining armor.
5915,3521,10,33,133,176,1.3011363636363635,0.043034180286876625,635,No. Awkward is when you fail to save the princess.
5742,3524,14,28,144,186,1.3010752688172043,0.04417205829128798,635,I bet you never had a knight out like this one.
6177,3524,10,36,140,186,1.3010752688172043,0.04145696779333654,635,Why is this night different from all our other nights?
351,3524,11,34,141,186,1.3010752688172043,0.042152138941998464,635,Is the part where you try to convince me that chivalry isn’t dead or you believe in safe sex?
5265,3524,7,42,137,186,1.3010752688172043,0.039297738641229006,635,My therapist said we needed a date knight.
483,3528,14,31,151,196,1.3010204081632653,0.04256303108119312,635,What I asked for was one night out.
5904,3529,6,31,106,143,1.3006993006993006,0.04551700774639592,635,Everyone is so unbearably literal.
4230,3529,9,25,109,143,1.3006993006993006,0.048654672570104425,635,You aren't as shiny as your profile pic
629,3531,6,34,113,153,1.3006535947712419,0.04358086730672671,635,"'Well, you're right, my profile DID state that I love the night life.'"
4854,3531,9,28,116,153,1.3006535947712419,0.04644663530572514,635,I feel that you don’t fully respect my vulnerability.
1478,3533,7,35,121,163,1.3006134969325154,0.04275501507993653,635,I'm guarded.
2654,3533,8,33,122,163,1.3006134969325154,0.04363177370362716,635,"No kidding. Myself, I identify as a day person."
2686,3533,3,43,117,163,1.3006134969325154,0.03905163077683028,635,I can see why your new diet is working so well.
3232,3533,9,31,123,163,1.3006134969325154,0.04449125800158343,635,I thought you said Wine Knight.
5501,3533,10,29,124,163,1.3006134969325154,0.04533445048307514,635,It’s my emotional armor
7545,3538,10,32,131,173,1.300578034682081,0.04352477349666052,635,"Sorry Ellen, my first date skills are a little rusty."
7432,3538,9,34,130,173,1.300578034682081,0.04274567314723109,635,"Oh, yes it’s lady’s Knight"
1742,3538,9,34,130,173,1.300578034682081,0.04274567314723109,635,Your armor was shining more in your profile pic.
464,3538,7,38,128,173,1.300578034682081,0.041143236413273755,635,"I'm no Guinevere, but you're no Lancelot, either."
5287,3538,10,32,131,173,1.300578034682081,0.04352477349666052,635,Oh really? Yale Law?
3932,3543,11,29,130,170,1.3,0.04481465873252761,635,I promised you a knight to remember
7502,3543,9,33,128,170,1.3,0.04323339390753816,635,My profile did say that I was a knight person.
6908,3543,11,29,130,170,1.3,0.04481465873252761,635,This isn't exactly what I had in mind when I said I was looking forward to a night out.
5337,3543,8,29,113,150,1.3,0.04610075533066856,635,I am not having a middle-age crisis.
5298,3543,6,36,118,160,1.3,0.04233736919305072,635,Why didn't you tell me it's jacket and tie?
4051,3543,7,37,126,170,1.3,0.04159205525356738,635,The check is in the maille!
3752,3543,11,29,130,170,1.3,0.04481465873252761,635,I'm gonna work the knight shift after this.
795,3543,10,31,129,170,1.3,0.04403112527563468,635,I didn't literally mean knight in shining armor
2351,3543,9,33,128,170,1.3,0.04323339390753816,635,I'm sure this will be a knight to remember.
1567,3543,10,31,129,170,1.3,0.04403112527563468,635,"I'm sorry, this isn't the night I was expecting."
1460,3543,12,27,131,170,1.3,0.04558472640684806,635,I don't lance a lot on the first date . . .these days you've got to be careful . . ..
1183,3543,9,27,114,150,1.3,0.047061290894652906,635,I'll need to see your lance first.
758,3543,7,43,140,190,1.3,0.038742414210647676,635,Does this wine taste metallic to you too darling?
2429,3543,8,29,113,150,1.3,0.04610075533066856,635,"It’s a clever disguise, Brett."
7630,3557,10,36,141,187,1.2994652406417113,0.04126609701868109,635,You looked different in the chain mail order catalog.
6237,3558,8,37,132,177,1.2994350282485876,0.04129778033961663,635,I hope you got it on sale.
4573,3558,11,31,135,177,1.2994350282485876,0.04356731191091039,635,"I was expecting a ""night"" out"
64,3558,9,35,133,177,1.2994350282485876,0.04206789745598183,635,"I'll have my usual, consommé and a straw."
3480,3558,13,27,137,177,1.2994350282485876,0.045016811725377734,635,This plastic straw ban has certainly put a crimp in my social life.
13,3562,8,34,125,167,1.2994011976047903,0.04290424359829468,635,"I have to admit, I truly thought you Photoshopped your profile picture."
1767,3562,9,32,126,167,1.2994011976047903,0.04373692931190449,635,And the extra virgin olive oil is great for the hinge joints.
3457,3562,6,38,123,167,1.2994011976047903,0.04118840109735226,635,If you wanted mead you should’ve said so.
4122,3562,7,36,124,167,1.2994011976047903,0.04205507403214372,635,I’m really glad you stayed for the Knight.
4280,3562,7,36,124,167,1.2994011976047903,0.04205507403214372,635,"Oh, you meant that kind of nightclub."
4372,3562,10,30,127,167,1.2994011976047903,0.04455405539933768,635,"This isn't exactly what I had in mind when I said, I wanted to take a night out."
4694,3562,12,26,129,167,1.2994011976047903,0.04614491939870187,635,"Charles, stop complaining,  I'm tired of cleaning the wine spills off your clothes!"
5146,3562,10,30,127,167,1.2994011976047903,0.04455405539933768,635,My therapist described you as “well defended”
3629,3570,9,29,119,157,1.2993630573248407,0.04560100783036541,635,"I understand you were hurt from your last relationship,but this seems like a bit much."
2649,3570,8,31,118,157,1.2993630573248407,0.04469667322986063,635,How was date knight?
1143,3570,6,35,116,157,1.2993630573248407,0.04283075954452274,635,And I thought I was too old for online dating.
2053,3570,9,29,119,157,1.2993630573248407,0.04560100783036541,635,You were less rusty in your profile picture.
2824,3574,9,26,112,147,1.2993197278911566,0.04769885613474102,635,I get the armor part. Shining? Not so much.
6509,3574,7,30,110,147,1.2993197278911566,0.04570344578181841,635,"This is not exactly what I had in mind when I said ""date night."""
7532,3576,8,25,104,137,1.2992700729927007,0.04899698501915311,635,You check off a lot of boxes but I'm still gonna need to run a background check.
621,3577,13,32,149,194,1.2989690721649485,0.042194171478890874,635,When I said you needed more iron...
3426,3578,6,43,135,184,1.298913043478261,0.03874968198150284,635,"Why yes, my favorite movie is The Dark Knight. Why do you ask?"
6719,3578,8,39,137,184,1.298913043478261,0.04025333422404605,635,is that Machine Oil No. 9?
3982,3580,9,34,131,174,1.2988505747126438,0.04253439169983917,635,I'm out of prophylactics.
519,3580,11,30,133,174,1.2988505747126438,0.044068764600178036,635,"you don,t look anything like your picture."
1509,3580,8,36,130,174,1.2988505747126438,0.04174606220016528,635,You seem to like this round table.
3883,3580,7,38,129,174,1.2988505747126438,0.04094255660269385,635,I was kind of thinking of psychological armor.
6007,3580,10,32,132,174,1.2988505747126438,0.043308373847682456,635,So what do you hear from Attila?
4773,3585,6,37,121,164,1.298780487804878,0.041644230823181784,635,I can't be your damsel in distress.
6660,3585,9,31,124,164,1.298780487804878,0.044257113079324915,635,"So according to your Tinder, you're a 'Medieval Enthusiast'?"
2900,3585,7,35,122,164,1.298780487804878,0.04253303022289477,635,You told me come protected tonight.
6912,3585,6,37,121,164,1.298780487804878,0.041644230823181784,635,So is this what young people refer to as knight-life?
7056,3585,4,41,119,164,1.298780487804878,0.03980714210641064,635,What makes you say I must have been burned before by dating apps?
6691,3585,8,33,123,164,1.298780487804878,0.043403633016475894,635,"You may be a knight in shining armor, but your conversation's a little rusty."
4482,3585,9,31,124,164,1.298780487804878,0.044257113079324915,635,Did you listen to my voicemail or did you just read your phone’s transcription?
1497,3585,8,33,123,164,1.298780487804878,0.043403633016475894,635,Any hobbies other than jousting?
2978,3585,6,37,121,164,1.298780487804878,0.041644230823181784,635,So was I an accidental right swipe?
1579,3585,9,31,124,164,1.298780487804878,0.044257113079324915,635,Will you be able to get on your horse after we’re done here?
4104,3585,10,29,125,164,1.298780487804878,0.045094442642119315,635,That genie thinks he's soooo clever.
734,3585,11,27,126,164,1.298780487804878,0.04591650527087863,635,You thought it said It’s Joust Lunch?
663,3585,8,33,123,164,1.298780487804878,0.043403633016475894,635,What kind of student loan do you get for knight school?
365,3585,13,23,128,164,1.298780487804878,0.047517984537068673,635,"This is not what I meant when I said ""I wanted  to have a nice night"""
348,3599,7,32,115,154,1.2987012987012987,0.04430936428303814,635,"To be honest, this really isn't the knight for this."
2771,3599,6,34,114,154,1.2987012987012987,0.04334094282942356,635,"I'll cut you some slack since this is our first date, but please stop calling me Guinevere."
2865,3599,8,30,116,154,1.2987012987012987,0.04525706796723126,635,If you need to use the little squires' room you should just go.
5049,3599,6,34,114,154,1.2987012987012987,0.04334094282942356,635,What makes you say I can't relax?
7516,3603,6,31,107,144,1.2986111111111112,0.045248022694922535,635,"So, uh... I know people normally ask each other to go on a date, but I was wondering if you wanted to start a crusade? You know... Deus vult and all."
7120,3603,5,33,106,144,1.2986111111111112,0.04416173072554027,635,"This has been a great knight out, but I have to go."
668,3603,9,25,110,144,1.2986111111111112,0.048360715970460114,635,"Yes, it is a round table. Very round."
3021,3606,10,37,144,191,1.2984293193717278,0.04065783426778526,635,I like what you did with the ruffle
3788,3606,11,35,145,191,1.2984293193717278,0.04133002647396566,635,"Damn, I forgot they no longer have straws here."
7050,3608,10,34,137,181,1.298342541436464,0.04215260022128308,635,"When you said knight in shining armor on your profile, you weren’t kidding."
2747,3609,8,35,128,171,1.2982456140350878,0.04220833617175288,635,"Notes of apricot, a taste of tamarind and a touch of cold steel."
2871,3609,10,31,130,171,1.2982456140350878,0.043808019147143704,635,I was hoping for more of a left-leaning knight in shining armor.
4921,3609,11,29,131,171,1.2982456140350878,0.04458634310190635,635,This could set speed dating back500 years
5005,3609,11,29,131,171,1.2982456140350878,0.04458634310190635,635,What else did you hear about me?
5699,3609,5,41,125,171,1.2982456140350878,0.039688100150731494,635,"Well then, what would a risk taking actuary wear to bed?"
6442,3609,10,31,130,171,1.2982456140350878,0.043808019147143704,635,Can we save the role play for later please?
4796,3615,9,30,122,161,1.2981366459627328,0.04479483986275999,635,On our first date you seemed a bit guarded but this is taking things to a whole new level.
4166,3615,9,30,122,161,1.2981366459627328,0.04479483986275999,635,It's LGBQTIA neutral and SPF 9000
7747,3615,7,34,120,161,1.2981366459627328,0.04302671466919966,635,Yes I did say in my profile that I appreciate chivalry but...
902,3615,5,38,118,161,1.2981366459627328,0.0411827472628907,635,So you're saying that chivalry isn't dead?
85,3615,11,26,124,161,1.2981366459627328,0.0464957759526164,635,It all seems so long ago...the lake...sword....
3470,3615,8,32,121,161,1.2981366459627328,0.043919675850096124,635,"On second thought, the burka looked better."
7182,3621,8,29,114,151,1.2980132450331126,0.04583751125578329,635,I know it's going to be difficult but a straw will ruin your image!
7415,3621,6,33,112,151,1.2980132450331126,0.04386886135544158,635,You better get some steel wool if you want to use that line.
1278,3623,4,48,136,188,1.297872340425532,0.036687552036917766,635,That wine is just going to sit there until you let your defenses down
1834,3623,9,24,108,141,1.297872340425532,0.04904837143816246,635,Does  this wine hav a metallic taste ?
4423,3623,7,28,106,141,1.297872340425532,0.046937282575246236,635,Chivalry is dead--so we're splitting the check.
6598,3626,6,41,131,178,1.297752808988764,0.03952484765674557,635,Drat!  I thought your internet posting said you were LIKE a knight in shining armor.
5026,3626,11,31,136,178,1.297752808988764,0.043354508907759604,635,What a knight to remember
4337,3626,13,27,138,178,1.297752808988764,0.04479479196034548,635,This is why I never accept blind dates.
1018,3626,9,35,134,178,1.297752808988764,0.0418647046865899,635,"Actually Sheryl, I'm not a huge fan of Game of Thrones. It's too violent for me."
1574,3626,9,35,134,178,1.297752808988764,0.0418647046865899,635,I’m really quite shy underneath all this armor.
2610,3626,10,33,135,178,1.297752808988764,0.042616117497540705,635,But you must admit that 'eat incognito' and 'eat a burrito' sound a lot alike.
5810,3632,10,30,128,168,1.2976190476190477,0.04432390098545984,635,Has the #MeToo movement affected you much?
6634,3632,9,32,127,168,1.2976190476190477,0.043512322382735856,635,"I'm sure you are a nice person, but as a Knight in Shining Armor, I was expecting a Princess."
4055,3632,10,30,128,168,1.2976190476190477,0.04432390098545984,635,"Yeah my profile said so, but knight in shining armor was a metaphor."
106,3632,7,36,125,168,1.2976190476190477,0.04184196697431553,635,Your armor looked shinier online.
538,3632,6,38,124,168,1.2976190476190477,0.04098126646225077,635,"Hurt before? Why m'lady, what makes you say that?"
3338,3632,11,28,129,168,1.2976190476190477,0.04512088427766636,635,This is not the night out I had in mind.
2156,3638,9,29,120,158,1.2974683544303798,0.045351070969297406,635,"Now you claim it was a typo, but your posting for someone in their Middle Ages was perfectly clear on the match.com website!"
3252,3638,10,27,121,158,1.2974683544303798,0.04623143187427464,635,You know you can open up with me.
4900,3638,7,33,118,158,1.2974683544303798,0.043536976558959106,635,Is outrageous what a Republican has to do these days to eat peacefully.
6752,3638,6,35,117,158,1.2974683544303798,0.04260097032711705,635,"Wine me. Dine me.
But if you try to joust me, I'm calling HR"
7353,3638,10,27,121,158,1.2974683544303798,0.04623143187427464,635,This armor's nothing. You should see my chastity belt.
7388,3643,9,40,146,195,1.2974358974358975,0.03940769435702319,635,"So that's what you meant by ""a Renaissance Man"" in your profile!"
4937,3644,9,37,139,185,1.2972972972972974,0.040794348474624695,635,Thanks. I really needed a girl's knight out.
422,3644,7,41,137,185,1.2972972972972974,0.03932772627940912,635,"I've never been on a half blind date, either."
2737,3644,7,30,111,148,1.2972972972972974,0.045438618903242536,635,"I thought I wanted a knight in shining armor, but..."
6426,3647,11,30,134,175,1.2971428571428572,0.04384948559352545,635,"When you suggested a nightcap, this isn’t what I had in mind."
6216,3647,9,34,132,175,1.2971428571428572,0.042325104805933045,635,Rapunzel couldn't make it. She's washing her hair.
7717,3647,13,26,136,175,1.2971428571428572,0.045322624337083305,635,Why didn't you mention this on the dating site?
5534,3647,11,30,134,175,1.2971428571428572,0.04384948559352545,635,"Well, this wasn’t what I thought you meant by a knight out."
5437,3647,8,36,131,175,1.2971428571428572,0.04154194328436534,635,"Yes, I do have a magnetic personality. Please pass the straws."
4171,3647,5,42,128,175,1.2971428571428572,0.039098449034022535,635,my therapist says I'm really guarded too...
3745,3647,9,34,132,175,1.2971428571428572,0.042325104805933045,635,"I agree, definitely oak and black cherry, but a bit metallic, don't you think?"
3680,3647,12,28,135,175,1.2971428571428572,0.044592138677221865,635,I'm going to need a can opener to get into his pants.
3305,3647,5,42,128,175,1.2971428571428572,0.039098449034022535,635,"I mean, I’ve heard of being chaste, but don’t you think this is a little much?"
29,3656,5,39,121,165,1.2969696969696969,0.040528878341483915,635,"Roleplaying was your idea. If you don't want to be a damsel, how about a dragon?"
1827,3656,9,31,125,165,1.2969696969696969,0.044025325662036485,635,"Well, your profile did indicate that you were looking for a Renaissance Man."
3621,3656,8,33,124,165,1.2969696969696969,0.04317776591766852,635,"So, when you said you wanted to be my 'knight in shining armor' you meant it literally."
3691,3656,11,27,127,165,1.2969696969696969,0.0456732849668507,635,"Do you think the auto body shop will be able to get you out of that thing before our bridge game on Saturday? """
7285,3656,9,31,125,165,1.2969696969696969,0.044025325662036485,635,"""...And you had to order the lobster."""
7549,3656,8,33,124,165,1.2969696969696969,0.04317776591766852,635,"When the counselor talked about being vulnerable and letting your guard down, you obviously weren’t listening."
942,3662,7,43,142,192,1.296875,0.03840108671575759,635,I find it's best to let your guard down on first dates.
6093,3663,8,30,117,155,1.2967741935483872,0.04500541656027989,635,perhaps a straw might help
4512,3663,11,24,120,155,1.2967741935483872,0.047716339564644286,635,"Actually, Carol, I do understand.
After Kavanaugh, we all feel a greater need to protect ourselves in public."
6626,3663,5,36,114,155,1.2967741935483872,0.04212037485683376,635,"I thought your profile said you ""went"" to Duke."
1358,3663,9,28,118,155,1.2967741935483872,0.045926840739655604,635,I don't think it is overly critical of me to suggest that your armor isn't shining.
3820,3663,8,30,117,155,1.2967741935483872,0.04500541656027989,635,"I said “a night out,” but obviously I should have spelled “night.”"
7278,3668,8,38,136,182,1.2967032967032968,0.04047934732544254,635,"You read my mind, Harold, but it's what's under the armor I was dreaming about."
3078,3668,5,44,133,182,1.2967032967032968,0.03816332344291502,635,Oh.  You thought my last name was Knight.
3993,3668,11,32,139,182,1.2967032967032968,0.042669847241103134,635,"You're very literal, aren't you?"
6389,3668,9,36,137,182,1.2967032967032968,0.041222449318167646,635,It's just been issued for senators--it is the only we can eat safely in public these days.
6607,3668,7,40,135,182,1.2967032967032968,0.039722346254957346,635,"What do you mean ""Chivalry is dead""?"
4248,3673,4,35,106,145,1.296551724137931,0.042799696004392804,635,As you know I've dropped the restraining order.
3320,3674,10,31,131,172,1.2965116279069768,0.04358708109681348,635,I feel like I can truly let my guard down with you.
2626,3674,13,25,134,172,1.2965116279069768,0.045867548512573145,635,"Let's get one thing straight. I do not intend to end up as a ""Knight's Tale"""
610,3674,12,27,133,172,1.2965116279069768,0.0451202011359535,635,"Yes, I did say that in my profile but I didn't mean it literally."
1245,3674,6,39,127,172,1.2965116279069768,0.04034644735937462,635,Is this what you call taking a knight out?
281,3674,7,37,128,172,1.2965116279069768,0.041180520522780414,635,Chivalry is not dead
2389,3674,9,33,130,172,1.2965116279069768,0.042799932038916175,635,The posting did say that I would be your knight in shining armor.
6362,3680,11,37,151,199,1.2964824120603016,0.0401470375284984,635,"You say you’re proud of being the first female knight and that’s why you always wear your armor when we go out, but I think you’re embarrassed by me and our relationship."
7286,3681,7,42,140,189,1.2962962962962963,0.03876956439338064,635,I like beer.
5988,3681,5,38,119,162,1.2962962962962963,0.04096909880494025,635,A Knight Out
1715,3681,10,28,124,162,1.2962962962962963,0.0454078543579917,635,This is our first date and I think its rude to ask me if I am wearing a chastity belt.
2848,3681,9,30,123,162,1.2962962962962963,0.04455549350299086,635,"Yes, this is a round table, but I refuse to call you King Arthur."
341,3681,11,26,125,162,1.2962962962962963,0.04624450749546494,635,"You know the old saying?
Once a King always a King...
But once a Knight is enough!"
5660,3681,9,30,123,162,1.2962962962962963,0.04455549350299086,635,You said that you were taking me to a night club!
865,3687,15,23,141,179,1.2960893854748603,0.04596152681815156,635,you don't look anything like your profile picture.
2650,3687,8,37,134,179,1.2960893854748603,0.040903142385280554,635,"I liked our 7th, when you came as a carpet."
5443,3687,6,41,132,179,1.2960893854748603,0.03933860266601729,635,Get it?! I'm a knight...at a round table...
5966,3687,10,33,136,179,1.2960893854748603,0.0424100041766832,635,"No, I will not get you a straw."
6962,3687,8,37,134,179,1.2960893854748603,0.040903142385280554,635,Seems a tad metallic on the finish.
5098,3692,13,19,120,152,1.2960526315789473,0.05012950793873109,635,"Ok Mr kavanaugh. We're in session. Today we'll try a little bit of wine. But remember, No still means No. If you do well today, we can have the next session without the safety outfit."
4692,3692,13,19,120,152,1.2960526315789473,0.05012950793873109,635,Let's agree to disagree about the straw ban.
2305,3692,7,31,114,152,1.2960526315789473,0.04461095506414591,635,Heavy metal is a problem.
238,3692,9,27,116,152,1.2960526315789473,0.04652326367761186,635,Once a knight is enough!
4455,3692,6,33,113,152,1.2960526315789473,0.04362337602701755,635,Your armor looked a lot shinier on the app.
5748,3697,9,32,128,169,1.2958579881656804,0.043289922033493675,635,Why are you so defensive tonight?
7685,3697,10,30,129,169,1.2958579881656804,0.0440960284810395,635,Don’t tell Rapunzel
6799,3697,11,28,130,169,1.2958579881656804,0.0448876609541568,635,Have you heard the one about when the cliche meets the metaphor?
5126,3697,10,30,129,169,1.2958579881656804,0.0440960284810395,635,You say it's haute couture. I say it's morbid paranoia.
1882,3697,5,40,124,169,1.2958579881656804,0.039902980303822146,635,"Good knight, sweetheart. It's time to go."
3813,3697,7,36,126,169,1.2958579881656804,0.04163090911085884,635,I thought the wine would loosen you up.
3532,3697,7,36,126,169,1.2958579881656804,0.04163090911085884,635,I wish you'd just finally let your guard down.
2515,3697,6,38,125,169,1.2958579881656804,0.040776098578234575,635,I've heard about you men of steel.
1820,3697,10,30,129,169,1.2958579881656804,0.0440960284810395,635,Acne.
4145,3697,8,34,127,169,1.2958579881656804,0.04246851741621404,635,"Interests?...Sous vide cooking...um...Italian contemporary art...um...Oh, and jousting. I love jousting!"
1372,3707,9,24,109,142,1.295774647887324,0.048746890712609126,635,"I like my wine red, like the blood of my enemies."
2113,3707,4,34,104,142,1.295774647887324,0.043322150798544456,635,"Waiter, one straw please"
4957,3707,7,28,107,142,1.295774647887324,0.04665275031992182,635,You look younger in your profile pic.
5866,3710,10,35,141,186,1.2956989247311828,0.04131539549214824,635,I’ll order a can opener so you can drink your wine.
5816,3710,9,37,140,186,1.2956989247311828,0.04060590186050327,635,This is not what I had in mind when I said I wanted a romantic night.
2047,3710,11,33,142,186,1.2956989247311828,0.04201290924752085,635,So how long have you been using the Damsel app?
727,3710,8,39,139,186,1.2956989247311828,0.03988378902683423,635,Should we ask the waiter to bring you a straw?
3022,3710,8,39,139,186,1.2956989247311828,0.03988378902683423,635,"This is my first night cap with a capped knight, however, I once did a night caper with a caped knight."
1661,3715,5,37,117,159,1.2955974842767295,0.04142346101332932,635,"Why? Well, to be honest, because my therapist said I need to do a better job protecting my boundaries."
3459,3715,8,31,120,159,1.2955974842767295,0.04421241465949171,635,I should have thought this all the way through.
3549,3715,3,41,115,159,1.2955974842767295,0.03945478590136814,635,What epidemic did you say it was?
4551,3715,9,29,121,159,1.2955974842767295,0.0451037593324863,635,Would it help if I pledged my troth?
4657,3715,8,31,120,159,1.2955974842767295,0.04421241465949171,635,You don't look like your Facebook profile.
4878,3715,9,29,121,159,1.2955974842767295,0.0451037593324863,635,"Well, I'm joust about ready to call it a knight."
5322,3715,10,27,122,159,1.2955974842767295,0.0459778272847125,635,I think you need more than a straw.
5338,3715,11,25,123,159,1.2955974842767295,0.046835585805270565,635,"Your secret's safe with me, Justice."
6043,3723,6,40,130,176,1.2954545454545454,0.03973792540466036,635,This must be why my daughter says it’s safer to just swipe left.
4067,3723,8,36,132,176,1.2954545454545454,0.041339724785446764,635,You’re such a great listener.
3905,3723,10,32,134,176,1.2954545454545454,0.0428817324184391,635,That's nothing. I used to date Oedipus.
1389,3723,11,30,135,176,1.2954545454545454,0.043632305006058025,635,It's nice to know that chivalry isn't dead.
290,3723,8,36,132,176,1.2954545454545454,0.041339724785446764,635,Why so defensive? All I asked was are you having an affair.
2925,3723,9,34,133,176,1.2954545454545454,0.042117786151120835,635,"Yes Steven, this role play makes me uncomfortable..."
811,3729,9,39,145,193,1.2953367875647668,0.03961909907299773,635,How long have you been working the Knight shift?
3592,3729,11,35,147,193,1.2953367875647668,0.04095873220270708,635,To me it has something of a metallic taste.
5386,3729,9,39,145,193,1.2953367875647668,0.03961909907299773,635,Botox didn't work out for you?
5649,3729,10,37,146,193,1.2953367875647668,0.04029448321426323,635,Honey...I think you are being overly defensive.
4860,3733,4,36,109,149,1.2953020134228188,0.04205771528820531,635,"I know I can be picky, but your armor could be a tiny bit shinier."
7587,3734,10,29,127,166,1.2951807228915662,0.04462170904158254,635,My therapist is right.  It’s time to develop more realistic expectations about my relationships.
7205,3734,9,31,126,166,1.2951807228915662,0.043795862449138565,635,Is it your first time at the Olive Garden?
6795,3734,9,31,126,166,1.2951807228915662,0.043795862449138565,635,This is not what I meant when I said I wanted a “date night.”
6624,3734,5,39,122,166,1.2951807228915662,0.040323692379948664,635,Sure you wouldn't like a straw?
5359,3734,9,31,126,166,1.2951807228915662,0.043795862449138565,635,It's just a conversation about our future.
6271,3734,8,33,125,166,1.2951807228915662,0.042954140865998955,635,You did say 'seeking knight in shining armor' Ma'am.
5978,3734,11,27,128,166,1.2951807228915662,0.04543254635082028,635,"I’ve told you a million times, Harry. You can’t expect a valet driver to know how to park a steed."
3674,3734,10,29,127,166,1.2951807228915662,0.04462170904158254,635,"For heaven's sakes, Jeanette, it's time to come out!"
3047,3734,10,29,127,166,1.2951807228915662,0.04462170904158254,635,It was just a messy breakup; my ex really threw down the gauntlet.
2541,3734,6,37,123,166,1.2951807228915662,0.041219164441804415,635,Took you a while to get into speed dating?
1550,3734,7,35,124,166,1.2951807228915662,0.04209559201874108,635,It’s no harder than snaps on a bra...I’ll show you how if you’ll show me.
1469,3734,9,31,126,166,1.2951807228915662,0.043795862449138565,635,You will have to lift it enentually.
4301,3734,8,33,125,166,1.2951807228915662,0.042954140865998955,635,"Yes, I know, everyone thinks it is a sexual harassment thing, but really, I just like the feel of metal against my skin."
355,3747,13,28,142,183,1.2950819672131149,0.04385823206218924,635,I’m afraid you’re going to have to raise your visor. Plastic straws have been banned.
588,3747,8,38,137,183,1.2950819672131149,0.04029017644209687,635,"Okay Sir Lancelot, let's see how you drink that wine!"
828,3747,10,34,139,183,1.2950819672131149,0.04175400338278374,635,Want a straw?
1121,3747,10,34,139,183,1.2950819672131149,0.04175400338278374,635,"It’s not working John. 
You’re always ready for a fight then you shut me out"
5887,3747,7,40,136,183,1.2950819672131149,0.03953794477913829,635,You wanted to have a talk?
7215,3747,9,36,138,183,1.2950819672131149,0.04102861876924943,635,But your profile said you were looking for me.
1603,3753,9,23,107,139,1.2949640287769784,0.04945035963456586,635,I take it this is part of your  'me too' prevention plan.
6555,3754,8,30,118,156,1.294871794871795,0.04475643922134656,635,"Please, 'Sir' is my father's name. Cal me Aeduuin."
711,3754,10,26,120,156,1.294871794871795,0.046567851825606826,635,All I wanted was a really good night.
1063,3754,6,34,116,156,1.294871794871795,0.04286855350832943,635,"Yes, I did wish for my very own knight in shining armor, but that was only figurative."
2770,3757,9,33,131,173,1.2947976878612717,0.04258631821641278,635,whats your problem? Didn't you say you wanted a romantic knight out..
2825,3757,10,31,132,173,1.2947976878612717,0.04336828143188591,635,"So, on our anniversary, you have to brag that you still fit into your wedding armor?"
2829,3757,5,41,127,173,1.2947976878612717,0.039303195273753706,635,So this is what you use for protection?
2833,3757,5,41,127,173,1.2947976878612717,0.039303195273753706,635,"My dating profile said, “I’m attracted to mid-level manager types. Not Midevel.” But you do get points for the suit."
3984,3757,10,31,132,173,1.2947976878612717,0.04336828143188591,635,"I’m sorry, Mr. Vice-President, this is ridiculous!"
5032,3757,14,23,136,173,1.2947976878612717,0.046364438688050735,635,You looked different on your Tinder picture
5040,3757,8,35,130,173,1.2947976878612717,0.041789725580624264,635,Where did you park your horse?
7071,3757,6,39,128,173,1.2947976878612717,0.04014915309010272,635,"So far, so good.  Now, what do you do for a living"
3662,3765,10,23,113,146,1.2945205479452055,0.04876152356485978,635,"So, if I understand you correctly, senator, making America great again involves you getting medieval on my ass?"
4149,3765,7,29,110,146,1.2945205479452055,0.04576315380847012,635,"For a third date, this might be a step backward."
5347,3765,9,25,112,146,1.2945205479452055,0.0477829767707791,635,"To be fair, my personal ad did say, ""Are you ready for a knight on the town?"""
7147,3768,11,26,126,163,1.294478527607362,0.045995856599420154,635,Not exactly what I expected when you suggested a night out.
5512,3768,9,30,124,163,1.294478527607362,0.044318597679039465,635,I'm still not clear about how to survive these Dark Ages.
5462,3768,12,24,127,163,1.294478527607362,0.0468119555920638,635,"Yeah, sure, I've kept my landline...what exactly are you getting at?"
3356,3768,10,28,125,163,1.294478527607362,0.04516501369728003,635,"Dating in the ""me too"" era is a lot different"
816,3768,6,36,121,163,1.294478527607362,0.041676336380730136,635,I guess tonight is the Knight.
231,3768,8,32,123,163,1.294478527607362,0.04345569856989565,635,"So, you've had a few #MeToo Accusers?"
2234,3768,6,36,121,163,1.294478527607362,0.041676336380730136,635,I thought you said you wanted a good Knight
1881,3775,9,35,136,180,1.2944444444444445,0.04146391805471725,635,"Oh, I misunderstood...VERBAL jousting"
3676,3775,8,37,135,180,1.2944444444444445,0.04070851574323876,635,"I think that's enough about Arthur for one night, hon."
5586,3777,6,38,126,170,1.2941176470588236,0.0405728719845428,635,"Gladys has second thoughts about her ""night to remember""."
4056,3777,10,25,118,153,1.2941176470588236,0.04717906893978311,635,Sorry to hear plastic straws are outlawed here.
3481,3777,10,30,130,170,1.2941176470588236,0.043870405949469046,635,I guess you haven't heard about the straw ban?
3124,3777,8,34,128,170,1.2941176470588236,0.042253819112864265,635,May I give you a Good Knight Kiss?
6597,3777,9,32,129,170,1.2941176470588236,0.043069697861686136,635,Let's not get physical.
1655,3777,4,42,124,170,1.2941176470588236,0.038819204686927095,635,"Aside from killing dragons and rescuing damsels, I mean."
2975,3777,9,32,129,170,1.2941176470588236,0.043069697861686136,635,"Dang! When I finally do get to meet a knight in shining armor, he is still wearing it!"
216,3777,4,37,112,153,1.2941176470588236,0.04135055832744927,635,"I thought the ""knight in shining armor"" line in your profile was just an attempt to convey your character traits."
324,3777,7,36,127,170,1.2941176470588236,0.041421873271840035,635,Doris had something else in mind when she asked her husband for a night on the town.
4219,3777,9,37,141,187,1.2941176470588236,0.04041911751172696,635,I'll have the waiter bring you a straw.
778,3777,8,29,116,153,1.2941176470588236,0.04531959754911555,635,I find that it enhances the experience of drinking a spectacular 15th Century wine.
1139,3777,9,27,117,153,1.2941176470588236,0.046258677391591126,635,We can go to Medieval Times for your birthday.  This is my night.
190,3789,9,39,146,194,1.2938144329896908,0.03944373687690991,635,"Here, this will help you to open up"
7477,3789,9,39,146,194,1.2938144329896908,0.03944373687690991,635,"If my pet dragon doesn't like you, it probably won't work out."
1295,3791,9,34,134,177,1.2937853107344632,0.041912409828642215,635,"You don't have to be worried about tonight, I don't go out without protection."
4588,3791,10,32,135,177,1.2937853107344632,0.04267143579763681,635,I didn’t hear the “k”
2724,3791,9,34,134,177,1.2937853107344632,0.041912409828642215,635,"We don't run in the same social stratum, not even in the same historical period."
251,3794,7,33,120,160,1.29375,0.043070874565639565,635,"Midlife crisis, I thought it was medieval crisis!"
2682,3794,10,27,123,160,1.29375,0.0457268990032435,635,I ordered a straw.  Where's my straw?
3016,3794,9,29,122,160,1.29375,0.04485903409851324,635,Still in your nighties I see..
3903,3794,8,31,121,160,1.29375,0.04397404448137918,635,Your last name is Day? Huh. What are the chances?
5543,3794,6,35,119,160,1.29375,0.0421483556458351,635,I wish you were more clear about Date Knight—I would have never hired a sitter.
5577,3794,9,29,122,160,1.29375,0.04485903409851324,635,You look a lot different in your profile pictures Janice
5973,3794,5,37,118,160,1.29375,0.04120518816176601,635,"Well, your profile did say you'd be chivalrous..."
6946,3801,8,43,150,201,1.2935323383084578,0.03787961818216876,635,I think we need to work through some trust issues.
1598,3802,4,46,134,184,1.2934782608695652,0.037022149044449476,635,"Besides that, your armor isn't shining."
712,3802,12,30,142,184,1.2934782608695652,0.042962911561136484,635,I'm a social justice warrior.
56,3804,6,37,124,167,1.2934131736526946,0.04100970870980726,635,"Oh, I wasn’t in costume at the Renaissance Fair."
549,3804,7,35,125,167,1.2934131736526946,0.04188007969615104,635,"So, how was Burning Man this year?"
1288,3804,13,23,131,167,1.2934131736526946,0.04676334330126842,635,"Suzie, stop.  You're letting the Kavanaugh thing get to you."
1983,3804,6,37,124,167,1.2934131736526946,0.04100970870980726,635,"I think I'll just call an Uber, I can't do horses."
2423,3804,8,33,126,167,1.2934131736526946,0.042732726829078936,635,I'm working on coming out of my shell.  You?
289,3809,9,26,115,150,1.2933333333333332,0.046867576469095375,635,"Brett, I know it's but a rough week, but is the suit really necessary?"
935,3809,7,30,113,150,1.2933333333333332,0.04491768924221895,635,You looked different in your profile photo
7340,3809,4,36,110,150,1.2933333333333332,0.04182275016090675,635,"Well, yes, this is a bit of a surprise. I was expecting Robin Hood."
7349,3809,9,26,115,150,1.2933333333333332,0.046867576469095375,635,"Yes, it IS a very scary time for young men, Sir Bone Spurs."
7677,3813,12,27,135,174,1.293103448275862,0.04466476617406532,635,I didn’t know that dating in the Middle Ages would be so tough.
4750,3813,8,35,131,174,1.293103448275862,0.0415833892938372,635,"When you offered to be my knight in shining armor, I thought you meant something else."
2322,3813,6,39,129,174,1.293103448275862,0.03995368229653253,635,Just thick skin won't do to survive my family's Thanksgiving dinner...
868,3813,10,31,133,174,1.293103448275862,0.04315159094718724,635,I was expecting a bit more shine. And a horse.
781,3813,9,33,132,174,1.293103448275862,0.04237474522894614,635,You’re right. It does seem more like Camelot this way.
2182,3813,14,23,137,174,1.293103448275862,0.046128330486746284,635,Have you thought of getting contacts?
42,3819,9,28,120,157,1.2929936305732483,0.045418145909484696,635,...and on weekends I’m part of The Hundred Years’ War Reenactment Society.
4635,3819,9,28,120,157,1.2929936305732483,0.045418145909484696,635,"Well, my profile does say I love the nightlife."
4335,3821,4,50,144,198,1.292929292929293,0.03544680454817523,635,I don’t understand why you’re always so guarded.
3215,3822,11,31,139,181,1.292817679558011,0.04272797986632282,635,"Winston, you'll always be my knight in shining armor."
5389,3822,7,39,135,181,1.292817679558011,0.039750859696826096,635,"Yeah, I work the knight shift."
6729,3822,8,37,136,181,1.292817679558011,0.040515653775322284,635,"Oh, I get it...a ""Knight Cap""."
6733,3822,4,45,132,181,1.292817679558011,0.037362665643950674,635,"""Blind dates are usually so awkward. I guess I don't have to ask how you feel about 'protection'?"""
5889,3826,8,32,124,164,1.2926829268292683,0.04322722151193844,635,You have to ask for a straw.
7058,3826,5,38,121,164,1.2926829268292683,0.04054802809484679,635,"I know your dating profile says ""Your knight in shining armour"" but..."
6883,3826,9,30,125,164,1.2926829268292683,0.04408411708007125,635,You’re sure you wouldn’t be more comfortable at a round table?
4885,3826,7,34,123,164,1.2926829268292683,0.042352992580866784,635,Your profile said you liked date nights.
2799,3826,6,36,122,164,1.2926829268292683,0.04146033383208245,635,"I know, I know, I don't look anything like my profile picture."
3168,3826,7,34,123,164,1.2926829268292683,0.042352992580866784,635,I think I'll ask for a straw.
907,3826,6,36,122,164,1.2926829268292683,0.04146033383208245,635,Do you find  first dates a little clunky?
109,3826,7,34,123,164,1.2926829268292683,0.042352992580866784,635,"Your footsie game is, quite simply, too loud."
4746,3826,9,30,125,164,1.2926829268292683,0.04408411708007125,635,"Well, it isn’t as shiny as in your profile picture."
2374,3835,10,35,143,188,1.2925531914893618,0.04093485109319708,635,It’s a very scary time for young men in America. . . . This is a very difficult time
2526,3835,11,33,144,188,1.2925531914893618,0.041623927343022234,635,Pence is my hero
2735,3835,8,39,141,188,1.2925531914893618,0.03952067113742209,635,I couldn’t remember if you said formal or not.
6646,3835,11,33,144,188,1.2925531914893618,0.041623927343022234,635,Swipe knight.
407,3839,6,31,110,147,1.2925170068027212,0.04445895911030836,635,"I've had some rough 1st dates, so I am a bit defensive."
1147,3839,6,31,110,147,1.2925170068027212,0.04445895911030836,635,"A bit too metallic, if you ask me."
7284,3839,7,29,111,147,1.2925170068027212,0.04549491186152165,635,I detect strong notes of sweat and rust.
4732,3842,7,36,128,171,1.2923976608187135,0.04121483269518802,635,Drink it. It's rust proof.
4207,3842,7,36,128,171,1.2923976608187135,0.04121483269518802,635,Is this going to be a knight to remember?
3339,3842,5,40,126,171,1.2923976608187135,0.03951029656790155,635,"I knew I should have been more specific when I told Cathy to set me up with a ""chivalrous man."""
698,3842,8,34,129,171,1.2923976608187135,0.04204119270069229,635,I hate blind dates!
1296,3842,8,34,129,171,1.2923976608187135,0.04204119270069229,635,My knight in shining armor wouldn't need a straw.
794,3847,6,33,115,154,1.2922077922077921,0.0431401785869716,635,"Shining or not, you still have trouble letting people in."
1011,3847,11,23,120,154,1.2922077922077921,0.047806769370392244,635,Im waiting for a straw.
1839,3847,6,33,115,154,1.2922077922077921,0.0431401785869716,635,I am glad you're conquering your fear of the public.
5618,3847,9,27,118,154,1.2922077922077921,0.04599698166169869,635,Is it red or white with roasted wart hog?
7512,3847,9,27,118,154,1.2922077922077921,0.04599698166169869,635,"No, I do not want spend the evening arguing but you've been on the defensive since I walked in."
4997,3852,7,38,133,178,1.2921348314606742,0.040158144800190726,635,Touché
3561,3852,8,36,134,178,1.2921348314606742,0.04094089112198094,635,"Yes that was on my profile. But, do you know what figurative means?"
3590,3852,8,36,134,178,1.2921348314606742,0.04094089112198094,635,"Your bio specified ""shining."""
4141,3855,6,28,103,137,1.2919708029197081,0.04651969017318503,635,You thought I was kidding about being a knight in shining armor.
7201,3856,5,37,119,161,1.2919254658385093,0.040989083110301645,635,Do you need a straw? I don’t think they have those anymore.
4935,3856,11,25,125,161,1.2919254658385093,0.04632432885147918,635,Darn this straw ban.
987,3856,6,35,120,161,1.2919254658385093,0.041925465838509306,635,You look different than your Match picture.
52,3859,9,36,140,185,1.2918918918918918,0.04064616088594462,635,"We'll save a few bucks; the radio said, ""Lady's knight drinks are free."""
1589,3859,8,38,139,185,1.2918918918918918,0.039916863456258694,635,That’s the last time I swipe ‘Knight’ on Tinder.
2416,3859,9,36,140,185,1.2918918918918918,0.04064616088594462,635,So this is a blind date?
4699,3859,6,42,137,185,1.2918918918918918,0.038416756435501076,635,"So, you guys don’t have ‘Casual Fridays’?"
6613,3859,7,40,138,185,1.2918918918918918,0.03917399113704279,635,"My ex said I was ""too closed off."" Do I seem that way to you?"
2422,3864,4,41,123,168,1.2916666666666667,0.03901606224136381,635,"I hope you don’t mind my saying, but you seem a little older in person."
2472,3864,9,31,128,168,1.2916666666666667,0.043343778215224095,635,"I know he said ‘it’s a very scary time for young men in America’, but really!"
3236,3864,12,32,148,192,1.2916666666666667,0.04166666666666667,635,"As a straight, white male, I feel like I need to protect myself in these trying times."
6809,3867,8,42,149,199,1.2914572864321607,0.03806639247022282,635,I could’ve sworn I swiped left...
5205,3868,8,35,132,175,1.2914285714285714,0.04137899757485986,635,When I agreed to a blind date I thought 'knight in shining armor' was just an expression.
6144,3868,7,37,131,175,1.2914285714285714,0.040577579958746536,635,I've never dated a Lance before.
4703,3868,10,31,134,175,1.2914285714285714,0.04293698091719815,635,When your post described yourself as a knight in shining armor I guess you really meant it.
3928,3868,11,29,135,175,1.2914285714285714,0.043695145900610376,635,"Yes, you’ve mentioned that it tastes metallic."
3818,3872,10,24,117,151,1.2913907284768211,0.04753472435742082,635,"So Joyce, have you seen a decrease in those unwanted advances?"
5977,3872,5,34,112,151,1.2913907284768211,0.04263858482622537,635,"I think it’s because you are always so, so defensive."
2721,3874,5,43,134,182,1.2912087912087913,0.037999075743089666,635,I feel like you have a guard up.
6978,3874,10,33,139,182,1.2912087912087913,0.041803033344537416,635,Apparently chivalry isn't dead
7484,3874,9,35,138,182,1.2912087912087913,0.041070437408304024,635,I’m not a maiden in distress but you’re giving me second thoughts.
7514,3874,8,37,137,182,1.2912087912087913,0.04032453423183373,635,Look me in the eye and tell me that you will stop fighting.
107,3878,9,28,121,158,1.2911392405063291,0.045167856347019135,635,"You do know that when I asked for a night out, this isn't what I meant."
2777,3878,8,30,120,158,1.2911392405063291,0.044266348300955535,635,On Eharmony all you said was that you used to work for Under Armour.
7521,3880,13,29,147,189,1.291005291005291,0.042769007792377405,635,I love what you did to your hair.
1142,3880,11,33,145,189,1.291005291005291,0.04143203406646543,635,You said you wanted a knight out on the town.
4364,3880,6,43,140,189,1.291005291005291,0.037883729954104765,635,Are you letting your guard down again?
3705,3883,9,30,126,165,1.290909090909091,0.043852017003590725,635,"Yeah, yeah, you're a regular knight in shining armor."
3217,3883,13,22,130,165,1.290909090909091,0.04710242791314237,635,I've been pulling an all knighter.
3109,3883,10,28,127,165,1.290909090909091,0.04468679027733588,635,I prefer days over knights.
3920,3883,10,28,127,165,1.290909090909091,0.04468679027733588,635,When I asked for a night at the round table this is not what I expected!
1250,3883,7,34,124,165,1.290909090909091,0.04213288187708536,635,Do you think this sweater makes me look middle-aged?
827,3883,5,38,122,165,1.290909090909091,0.04034055125123659,635,You demanded vintage.
5426,3883,8,32,125,165,1.290909090909091,0.04300104144408387,635,"Let's not make this whole evening about the Black Knight, again. Please?"
2460,3883,9,30,126,165,1.290909090909091,0.043852017003590725,635,This wine has a metallic taste to it.
5355,3883,10,28,127,165,1.290909090909091,0.04468679027733588,635,"The answer is still, "" No""!"
2412,3892,8,25,108,141,1.2907801418439717,0.04778689511467523,635,I hope they serve the dragon filet medium.
5234,3892,8,25,108,141,1.2907801418439717,0.04778689511467523,635,I never wear a sword on the first date. I don’t like to be too showy.
5803,3894,6,38,128,172,1.2906976744186047,0.04017214262495875,635,"Oh, you meant date NIGHT?"
5290,3894,11,28,133,172,1.2906976744186047,0.04420179094903042,635,And that’s how I got my MBA
6425,3894,10,30,132,172,1.2906976744186047,0.04342578573955151,635,"Not a knight dear, I have a headache"
2614,3894,6,38,128,172,1.2906976744186047,0.04017214262495875,635,"So, as a knight errant, do you tend to travel a lot for work?"
1785,3894,10,30,132,172,1.2906976744186047,0.04342578573955151,635,This wine has aged well in the last 600 years!
874,3894,5,40,127,172,1.2906976744186047,0.03931668331733586,635,The reports of chivalry's death have been greatly exaggerated.
401,3894,7,36,129,172,1.2906976744186047,0.0410097610220345,635,"If you make that ""She wanted a 'knight' out"" joke one time I will get medieval on you."
3244,3901,8,27,113,148,1.2905405405405406,0.046234748759610964,635,Expectation once again trumps reality.
6225,3901,7,29,112,148,1.2905405405405406,0.04522967310855908,635,It's just that our date knights feel so cliché.
1081,3903,6,40,133,179,1.2905027932960893,0.03917334183898954,635,"Oh, boy...., I should never have said I hoped to meet my knight in shining armor..."
3625,3903,12,28,139,179,1.2905027932960893,0.043716986431610115,635,Would it be weird if I asked for a straw?
6415,3903,9,34,136,179,1.2905027932960893,0.041507382557178375,635,It looks like I’m going to need to use a can opener to really get to know you
7075,3903,6,40,133,179,1.2905027932960893,0.03917334183898954,635,Lancelot always removed his helmet at dinner.
7387,3903,12,28,139,179,1.2905027932960893,0.043716986431610115,635,Oh just fuck off
7701,3908,5,35,115,155,1.2903225806451613,0.04191453184174533,635,"When I said I wanted a knight in shining armor, I didn’t expect to be taken literally."
4546,3908,5,35,115,155,1.2903225806451613,0.04191453184174533,635,"You must come out of your shell, Henry, if we're to keep seeing one another."
3898,3908,6,33,116,155,1.2903225806451613,0.04290239107641971,635,I did say I preferred an old fashioned date.....
4303,3908,6,42,138,186,1.2903225806451613,0.0382418695718593,635,I was wrong. This will be a knight to remember!
3166,3908,8,38,140,186,1.2903225806451613,0.039732680074300274,635,"Hey, your profile said you were looking for a fun night."
2273,3908,12,21,122,155,1.2903225806451613,0.048408039037357235,635,"I forgot to tell the genie ""adjustable visor."""
3437,3908,7,40,139,186,1.2903225806451613,0.03899439994561909,635,I had expected a bit more shine.
5031,3915,7,42,144,193,1.2901554404145077,0.038085985564738745,635,When I said in my dating profile I was looking for a night person this was not what I had in mind.
7540,3916,6,35,121,162,1.2901234567901234,0.04170481232076497,635,"Since I’m over 65, I’m taking precautions until I get my flu shot next week."
6064,3916,7,33,122,162,1.2901234567901234,0.042614230097606544,635,This is quite a reversion from chastity belts.
5179,3916,7,33,122,162,1.2901234567901234,0.042614230097606544,635,If you need a straw then ask for one.
4851,3916,7,33,122,162,1.2901234567901234,0.042614230097606544,635,"Back when we got married I thought I wanted a knight in shining armor, but now I have regrets."
3837,3916,10,27,125,162,1.2901234567901234,0.04523291185758809,635,Oil can what?
2279,3916,8,31,123,162,1.2901234567901234,0.04350464162492643,635,I never liked history .
2109,3916,8,31,123,162,1.2901234567901234,0.04350464162492643,635,"So, this is what you call a night out?"
625,3916,7,33,122,162,1.2901234567901234,0.042614230097606544,635,I'm really more of a white knight.
2239,3916,9,29,124,162,1.2901234567901234,0.04437719097706396,635,I'm trying to open up.
7731,3925,8,33,128,169,1.2899408284023668,0.04229641017081357,635,Would you like a straw with that ?
5186,3925,9,31,129,169,1.2899408284023668,0.04312109334736757,635,"I know it’s a first date, but you could let your guard down a notch."
5678,3925,7,35,127,169,1.2899408284023668,0.04145532456998758,635,Knight in shinning armor was just a metaphor
4984,3925,9,31,129,169,1.2899408284023668,0.04312109334736757,635,"Yes, I know I said I was looking for a knight in shining armor."
1099,3925,13,23,133,169,1.2899408284023668,0.046273082931777204,635,So this is a 'knight to remember'!
3060,3925,8,33,128,169,1.2899408284023668,0.04229641017081357,635,So how do you feel about pet dragons?
957,3925,10,29,130,169,1.2899408284023668,0.043930297854750236,635,This is not what I expected when my sister said she knew this blind date was going to be my knight in shining armor.
4964,3925,10,29,130,169,1.2899408284023668,0.043930297854750236,635,"Your hair looks nice, too."
2500,3933,8,24,106,138,1.289855072463768,0.04846408395601442,635,"Don’t worry, I’m wearing the Chastity Belt tonight."
3411,3933,3,34,101,138,1.289855072463768,0.04265952202862376,635,I think I might need a straw.
4608,3933,6,28,104,138,1.289855072463768,0.04622979978435579,635,I don’t think this will work. I won’t convert from cotton to chastity belt.
116,3936,9,33,134,176,1.2897727272727273,0.04195761269760439,635,"I like white wines too, but they make me rust."
2915,3936,12,27,137,176,1.2897727272727273,0.044218168868547326,635,Fine time to give up straws
5518,3936,5,41,130,176,1.2897727272727273,0.03873888232179542,635,I liked you better in blue jeans
6014,3936,9,33,134,176,1.2897727272727273,0.04195761269760439,635,"So, how are  you enjoying your knight out?"
6019,3936,9,33,134,176,1.2897727272727273,0.04195761269760439,635,It's not that I don't like you Betsy.  You're just too guarded for me.
7533,3936,11,29,136,176,1.2897727272727273,0.04347771145256271,635,I'm not getting a haircut...okay Mommy! I'm not...I'm not... okay?...I'm not...
4430,3942,8,37,138,183,1.289617486338798,0.04013513518806301,635,"Great, another special date knight."
4237,3942,10,33,140,183,1.289617486338798,0.04160441752168046,635,"When my profile said ""Looking for my knight in shining armor,"" I didn't mean it literally."
2091,3944,9,26,117,152,1.2894736842105263,0.046328779191793075,635,so you voted for trump ?
3819,3944,12,31,147,190,1.2894736842105263,0.041911626591735286,635,"Sure, I'll call you 'Sir.' If you call me 'Your Majesty.'"
2497,3946,14,29,154,197,1.2893401015228427,0.0421219310557146,635,This is my 13th step.
6615,3947,10,26,123,159,1.2893081761006289,0.04579778882396355,635,"No, it's exactly as shining as in my profile pic."
577,3947,9,28,122,159,1.2893081761006289,0.04492021777846088,635,"During the Beatle Years, ""Sir Paul"" took his knighthood rather seriously."
784,3947,9,28,122,159,1.2893081761006289,0.04492021777846088,635,You are the most chivalrous blind date I have ever met.
2743,3947,8,30,121,159,1.2893081761006289,0.0440251572327044,635,"For a knight in shining armor, you sure don't know how to pick the wine."
3153,3947,8,30,121,159,1.2893081761006289,0.0440251572327044,635,You may think this wine has a slight metallic finish; I think it's joust about right.
3879,3947,7,32,120,159,1.2893081761006289,0.04311151787474359,635,"Knight: What do you mean, ""I didn't mean literally."""
4537,3947,5,36,118,159,1.2893081761006289,0.0412235367437623,635,... but damsel seeks her knight WAS a metaphor...
5483,3947,9,28,122,159,1.2893081761006289,0.04492021777846088,635,It was then that Karen realized the knight in shining armor might need more than a little WD-40 to open up.
4276,3955,8,43,153,204,1.2892156862745099,0.03740349458373293,635,It was only a joust.
4809,3956,7,34,125,166,1.2891566265060241,0.041914951498225626,635,First blind date. Second Round Table.
7081,3956,9,30,127,166,1.2891566265060241,0.04362226334515639,635,"He took my line, ‘Looking for my knight in shining armor,’ to a whole new level."
4351,3956,4,40,122,166,1.2891566265060241,0.039214858264633,635,I might be overdressed
564,3959,10,30,133,173,1.2890173410404624,0.04320672684185774,635,"No, not another one knghter."
807,3959,6,38,129,173,1.2890173410404624,0.039974590728163235,635,"Well, this isn't a knight to remember!"
1503,3959,7,36,130,173,1.2890173410404624,0.04080663229194297,635,The act of disrobing is just a little squeaky.
4071,3959,7,36,130,173,1.2890173410404624,0.04080663229194297,635,You seemed taller on the website
4446,3959,5,40,128,173,1.2890173410404624,0.03912485870592334,635,It’ll make more sense when you see me joust later.
7067,3959,6,38,129,173,1.2890173410404624,0.039974590728163235,635,"Well, yes, I asked for a knight in shining armor.
I might add that I think this dating service is too damn literal."
6240,3965,10,32,138,180,1.288888888888889,0.04205232241552596,635,I feel it is important to create an external manifestation of my emotional availability at the beginning of every Tinder date.
1448,3965,8,36,136,180,1.288888888888889,0.04054936901701148,635,I'm really not all that into metallica.
3490,3965,11,30,139,180,1.288888888888889,0.04278400480284817,635,"Yes, my profile did say that I was looking for my knight in shining armor, but I think you might have taken that too literally."
6653,3965,8,36,136,180,1.288888888888889,0.04054936901701148,635,Are you repeating yourself or is there an echo in there?
7742,3965,8,36,136,180,1.288888888888889,0.04054936901701148,635,I can't see you again. You're dating your self.
136,3970,11,32,144,187,1.2887700534759359,0.041673911317382836,635,Forget I ever mentioned marriage.
7639,3971,11,34,149,194,1.288659793814433,0.040638516347269824,635,It's only our second date and already you're ashamed to be seen with me?
6305,3972,5,33,111,149,1.2885906040268456,0.04290310903920266,635,Red? Really?
7714,3973,7,31,118,156,1.2884615384615385,0.04362561167209823,635,I suppose you did say you wanted our meeting to be just like old times.
6725,3974,9,29,125,163,1.2883435582822085,0.044139998834525074,635,Should I ask if they have straws?
6824,3974,9,29,125,163,1.2883435582822085,0.044139998834525074,635,"Virgin or  not, your mother's not going to dictate what you wear forever."
6300,3974,7,33,123,163,1.2883435582822085,0.0423893709912522,635,"'Just Lunch' usually means ,casual."
5741,3974,10,27,126,163,1.2883435582822085,0.04498977505112473,635,"When you said you were an ""iron man"" I had a different picture in mind."
4614,3974,5,37,121,163,1.2883435582822085,0.040563259841341064,635,"Wow, I didn't even know there was a season for dragons."
966,3974,10,27,126,163,1.2883435582822085,0.04498977505112473,635,I mistakenly assumed a knight of role play was a typo.
3346,3974,7,33,123,163,1.2883435582822085,0.0423893709912522,635,I'm really into heavy metal.
1847,3974,8,31,124,163,1.2883435582822085,0.04327353850880402,635,What do you mean it's joust lunch?
4297,3974,8,31,124,163,1.2883435582822085,0.04327353850880402,635,...so then they told me modern knighthoods were mostly ceremonial.
5780,3983,11,27,132,170,1.2882352941176471,0.04449369838025287,635,Amanda had hoped for a night to remember!
1350,3983,6,37,127,170,1.2882352941176471,0.04039332833750554,635,I hear you were hurt when your last relationship broke up
1583,3983,6,37,127,170,1.2882352941176471,0.04039332833750554,635,It was a metaphor
4052,3986,11,29,137,177,1.2881355932203389,0.043262364131976296,635,Well lets have a Knight Cap!!!
5404,3986,9,33,135,177,1.2881355932203389,0.041751999706746465,635,"Well, pardon me for trying to add a dash of gallantry to date night."
1778,3986,7,37,133,177,1.2881355932203389,0.040184907723380486,635,You’re not as shiney as you said you were.
3919,3986,9,33,135,177,1.2881355932203389,0.041751999706746465,635,It’s a process. Last month I sold my steed and ditched my weapons.
6231,3986,9,33,135,177,1.2881355932203389,0.041751999706746465,635,It said - Jackets Required . . . You didn't need a Suit
6005,3986,11,29,137,177,1.2881355932203389,0.043262364131976296,635,"The Cabernet Sauvignon, the ambience—none of it matters.  You are as inscrutable as ever."
3335,3986,6,39,132,177,1.2881355932203389,0.03937798208832988,635,"No, I can't drink it. I just watch it age."
747,3986,4,43,130,177,1.2881355932203389,0.03771236935772236,635,Would you like a straw with your drink ?
2537,3986,9,33,135,177,1.2881355932203389,0.041751999706746465,635,"Is it just me, or does this red have a slight metallic taste to it?"
1793,3986,8,35,134,177,1.2881355932203389,0.04097594592104471,635,Everyone exaggerates on their profile.  Who knew?
2920,3986,9,33,135,177,1.2881355932203389,0.041751999706746465,635,"It's the mouthpiece, Marge - do you have a Phillips with you?"
467,3986,9,33,135,177,1.2881355932203389,0.041751999706746465,635,"Well, I'm in pest control."
10,3998,11,31,142,184,1.2880434782608696,0.04211872695155233,635,I'm in knight school at night school. You?
24,3999,9,37,145,191,1.287958115183246,0.03968819768750652,635,We can go back to my place and Lance-a-lot.
3880,3999,6,43,142,191,1.287958115183246,0.037547546294086534,635,That's not what I meant when I said let's play it safe.
4233,3999,12,31,148,191,1.287958115183246,0.04171915433776941,635,It's too bad they don't offer straws anymore.
6427,3999,9,37,145,191,1.287958115183246,0.03968819768750652,635,It’s time to call it a night.”
796,4003,5,28,99,132,1.2878787878787878,0.046294952746657965,635,At least you made an effort.
3131,4004,9,43,160,212,1.2877358490566038,0.037063388163899105,635,First dates are always so awkward...
2405,4005,6,30,110,146,1.2876712328767124,0.044497832219482995,635,Not until you lift the visor!
1301,4006,9,26,118,153,1.2875816993464053,0.04606385187768173,635,You look exactly like the picture you posted on Tinder.
4687,4006,9,26,118,153,1.2875816993464053,0.04606385187768173,635,I think you might have taken my dating profile a little too literally.
6554,4006,6,32,115,153,1.2875816993464053,0.04317268249474997,635,This wasn't the night I was hoping for
866,4009,12,22,126,160,1.2875,0.04724110178767221,635,"What's the matter? My profile says I'm a knight in shining armor."""
1043,4009,5,36,119,160,1.2875,0.04100496595175274,635,"Well, are you going to drink that glass of wine or not?"
2902,4009,6,34,120,160,1.2875,0.04195263501742959,635,"Actually, I'm looking for Mr. Right, ​not Knight"
4274,4009,7,32,121,160,1.2875,0.04287936493357752,635,Where are the rest of the knights for this round table?
4506,4009,9,28,123,160,1.2875,0.04467519044737731,635,are you goin’ to drink that?
7761,4009,6,34,120,160,1.2875,0.04195263501742959,635,"Yes, something is wrong. Wine usually opens me up."
2368,4015,7,34,126,167,1.2874251497005988,0.04169917137871996,635,Not exactly what I meant when I said I wanted a night out.
586,4015,11,26,130,167,1.2874251497005988,0.045026662781542444,635,I’m leaving it on until the renaissance
6692,4015,7,34,126,167,1.2874251497005988,0.04169917137871996,635,"-	So, your profile said you live by the Cloisters?"
5999,4015,6,36,125,167,1.2874251497005988,0.04082494368372279,635,You're going to need a straw with that.
6819,4019,7,36,131,174,1.2873563218390804,0.040605420938043604,635,"Sorry, the knight time is definitely not the right time."
4949,4019,7,36,131,174,1.2873563218390804,0.040605420938043604,635,"Ya know,You looked better in your profile picture"
431,4019,14,22,138,174,1.2873563218390804,0.04597701149425288,635,"Wow, you really do look exactly like your picture on the Internet."
2493,4019,11,28,135,174,1.2873563218390804,0.043755722846009815,635,"So when you promised a night to remember, I didn't know you meant #AKnightToRemember"
224,4023,4,44,133,181,1.287292817679558,0.03718979471851284,635,I thought I’d loosen up after a few glasses.
453,4023,9,34,138,181,1.287292817679558,0.04110982367063004,635,The firm dropped my life insurance policy.
3440,4023,9,34,138,181,1.287292817679558,0.04110982367063004,635,I told you I worked undercover for the CIA....is this going to be a problem?
5022,4023,7,38,136,181,1.287292817679558,0.03958841868299651,635,"Yes, I do own several cats. Why do you ask?"
3469,4027,12,32,151,195,1.2871794871794873,0.04110486666948538,635,"On second thought, it probably was not a good idea for me to include the ""I'm looking for my knight is shining armor'""metaphor in my online dating profile."
4228,4028,9,40,153,202,1.2871287128712872,0.038231731631181425,635,I thought my knight in shining armor would order a better Merlot.
7151,4029,6,27,103,136,1.286764705882353,0.04656862745098039,635,I prefer the word goblet.
1232,4030,5,31,107,143,1.2867132867132867,0.043962119406532656,635,"I’m confused, I thought you said Charming, not Valient ."
3986,4031,8,27,115,150,1.2866666666666666,0.045697837138805625,635,"Oh, no....it is very liberating. I no longer need to worry about makeup in the least!"
3667,4032,8,29,120,157,1.286624203821656,0.044316865866135244,635,"For a knight in shining armor, the conversation is rather dull"
6721,4032,12,21,124,157,1.286624203821656,0.0478604415933394,635,Why do they always sit us at the roundtable?
5316,4032,6,33,118,157,1.286624203821656,0.042434254624546065,635,My dating profile wasn't supposed to be taken so literally.
4755,4032,8,29,120,157,1.286624203821656,0.044316865866135244,635,You do realize that “A Knight In Shining Armor” was a metaphor.
4641,4032,6,33,118,157,1.286624203821656,0.042434254624546065,635,I AM open to taking a risk. I ordered a merlot with fish!
4468,4032,8,29,120,157,1.286624203821656,0.044316865866135244,635,His online profile said he was a professor. It turns out it was for knight school.
1360,4032,9,27,121,157,1.286624203821656,0.04522879522522273,635,Here’s to a knight you’ll never forget.
2715,4032,11,23,123,157,1.286624203821656,0.046999601617262084,635,What do you mean you're having a bad Knight?
1466,4032,10,25,122,157,1.286624203821656,0.04612269761032238,635,"A man's home is not his castle, dear."
3725,4032,6,33,118,157,1.286624203821656,0.042434254624546065,635,So if we dress up at this renaissance restaurant we get 10% off?
4998,4042,9,29,126,164,1.2865853658536586,0.043905244560963654,635,I’m being standoff-ish?
4925,4042,7,33,124,164,1.2865853658536586,0.042166777227855064,635,It's the hairstyle I am struggling with -- so 1950's
3225,4042,8,31,125,164,1.2865853658536586,0.04304478831253317,635,"For the record, madam, I think it is you who did not appropriately dress for the occasion."
1432,4042,6,35,123,164,1.2865853658536586,0.041270090897601856,635,I didn't realize that's what my friend meant when she said you had broad shoulders and were into chivalry.
1189,4042,7,33,124,164,1.2865853658536586,0.042166777227855064,635,Really...how old are you?
237,4042,7,33,124,164,1.2865853658536586,0.042166777227855064,635,"So, you said wanted to talk to me?"
6938,4048,5,39,127,171,1.286549707602339,0.03932657422443476,635,"When you asked me to join you at the round table, I had something different in mind"
6949,4048,8,33,130,171,1.286549707602339,0.04186857758562124,635,My transition is nearly complete... then I’ll be Sir Marion.
7555,4048,7,35,129,171,1.286549707602339,0.04103874193294408,635,I've been waiting centuries for this date
2183,4048,9,31,131,171,1.286549707602339,0.04268228249107103,635,"You're right, I did say on my profile I was looking for my knight in shining armor"""
545,4048,9,31,131,171,1.286549707602339,0.04268228249107103,635,"I'm a Dame, not a Damsel."
1645,4048,9,31,131,171,1.286549707602339,0.04268228249107103,635,Your dating profile asked for a knight in shining armor.
978,4048,5,39,127,171,1.286549707602339,0.03932657422443476,635,The 'knight is shining armor ' was just a suggestion really . . .
1732,4048,11,27,133,171,1.286549707602339,0.04426484087689004,635,Yes I guess I did say I was looking for a knight in shining armor
1607,4056,8,35,135,178,1.2865168539325842,0.04077723600540698,635,Your ad said you were a rather private person.
5654,4056,5,41,132,178,1.2865168539325842,0.03837112273617,635,You won't need a can opener.
6204,4056,7,37,134,178,1.2865168539325842,0.03999128660310702,635,I thought I was invited for a night out.
41,4059,8,37,140,185,1.2864864864864864,0.03976141250126382,635,"I'm just not ready to be your liege. It's me, it's not you."
1614,4059,9,35,141,185,1.2864864864864864,0.040493509735217474,635,I didn't think my dream coming true would be so literal.
5773,4059,10,33,142,185,1.2864864864864864,0.04121260410671286,635,"Okay, so you're from another century.
I'm from another planet."
832,4062,5,45,142,192,1.2864583333333333,0.03664484206403675,635,"I've dated men who were closed up before, 
but you'll be my greatest challenge yet."
4829,4063,8,32,128,168,1.2857142857142858,0.04233596225370394,635,Do I have something in my teeth?
5822,4063,10,30,135,175,1.2857142857142858,0.04277496225831017,635,Why don’t you ask the waiter for a straw?
4847,4063,12,22,127,161,1.2857142857142858,0.04698071117719667,635,I'm looking for a man who DRIVES a Mustang.
5206,4063,9,32,134,175,1.2857142857142858,0.04200018989490487,635,"If you had swiped up, my faceplate would be off."
5700,4063,14,24,144,182,1.2857142857142858,0.044469108186117164,635,OK. Fine. You’re my knight in shining armor. But do you have anything else to bring to the table?
5954,4063,9,34,139,182,1.2857142857142858,0.040913784271234925,635,"Hardly a recent photo, was it, Mr.Hot4TrueLove?"
4518,4063,6,34,121,161,1.2857142857142858,0.04172947056216268,635,Now I'm wondering why I ever thought that what I really wanted was a knight in shining armor.
6185,4063,6,40,136,182,1.2857142857142858,0.038623819589831944,635,"Honesty, I'm more into fashion from the 1980's than the 980's."
6811,4063,5,40,130,175,1.2857142857142858,0.03874648592118917,635,Your profile said 'shining'....
6895,4063,11,30,141,182,1.2857142857142858,0.04237172735661513,635,"I didn’t mean to offend you, a butt is a medieval measurement of wine."
7032,4063,9,30,129,168,1.2857142857142858,0.043169661793634156,635,You misread my dating profile. All I wanted was a simple date night.
3430,4063,7,32,122,161,1.2857142857142858,0.04264960099404445,635,"Gwen, let's go find a can opener."
7739,4063,5,38,125,168,1.2857142857142858,0.03973003525870457,635,I have a tendency to be fairly guarded on first dates
6134,4063,7,32,122,161,1.2857142857142858,0.04264960099404445,635,I guess that your therapy to open up did not work
3368,4063,7,32,122,161,1.2857142857142858,0.04264960099404445,635,"Since when should I not take you literally?"""
3412,4063,7,34,127,168,1.2857142857142858,0.0414855119351001,635,"So, your profile said you were looking for your knight in shining armor?"
3248,4063,8,36,138,182,1.2857142857142858,0.040164971996729464,635,Your bio said you're into metal.
5559,4063,7,28,112,147,1.2857142857142858,0.0452784178449531,635,I see that you have clad yourself in more than just emotional armor.
3276,4063,7,28,112,147,1.2857142857142858,0.0452784178449531,635,I get it. You men can never be too safe.
1542,4063,8,34,133,175,1.2857142857142858,0.04121085422817974,635,I may have been a little too specific on my profile.
1640,4063,7,30,117,154,1.2857142857142858,0.0439094972056236,635,Why do I always feel you are so emotionally closed off?
1750,4063,8,32,128,168,1.2857142857142858,0.04233596225370394,635,We may need to rethink this Date Knight thing!
1756,4063,8,30,123,161,1.2857142857142858,0.04355029525162823,635,Can I expect Camelot later”
1760,4063,8,30,123,161,1.2857142857142858,0.04355029525162823,635,"No really, who said chivalry is dead?"
1916,4063,6,38,131,175,1.2857142857142858,0.039584992310630805,635,I had something else in mind for a good night.
571,4063,9,32,134,175,1.2857142857142858,0.04200018989490487,635,Will you need a straw?
2690,4063,8,34,133,175,1.2857142857142858,0.04121085422817974,635,I'm sorry. I was told this restaurant had a Smoting Section.
2797,4063,10,34,145,189,1.2857142857142858,0.040600658892644165,635,"Well, you said you wanted to meet your knight in shining armour. Now what about me? I said I wanted a fairy princess."
3114,4063,8,34,133,175,1.2857142857142858,0.04121085422817974,635,So... chivalry isn't dead
2498,4063,11,30,141,182,1.2857142857142858,0.04237172735661513,635,"I'm not really in distress, and quit calling me a damsel."
3186,4063,11,24,126,161,1.2857142857142858,0.04614702017641418,635,"Well, this will certainly be a knight to remember."
3245,4063,8,32,128,168,1.2857142857142858,0.04233596225370394,635,I suppose I did say I am in search of my knight in shining armor in my profile.
769,4095,10,31,138,179,1.2849162011173185,0.04209878718218982,635,"It's a profile metaphor, Stanley. I don't literally want a 'Knight in Shining Armor'."
4400,4095,10,31,138,179,1.2849162011173185,0.04209878718218982,635,"You may be a knight in shining armor, but playing footsies with you just broke my toe!"
2297,4097,10,29,133,172,1.2848837209302326,0.04325931980487248,635,It seems my dating app wish list was taken too literally...
4917,4097,9,31,132,172,1.2848837209302326,0.042466095817438654,635,"Check, mate, my queen?"
556,4099,5,37,123,165,1.284848484848485,0.04014576232337362,635,I guess you could say I Lance. A. Lot. Ha ha ha hA hA HA HA HA!!! ... where are you going!?
2547,4099,12,23,130,165,1.284848484848485,0.046141641091063744,635,But it was your vulnerability that attracted me to you in the first place!
765,4101,10,25,123,158,1.2848101265822784,0.04586574126769227,635,I love what you've done with your face shield.
2339,4101,9,27,122,158,1.2848101265822784,0.044978223252496785,635,Wanna cut our losses? This date has been a Knightmare.
7107,4101,9,27,122,158,1.2848101265822784,0.044978223252496785,635,"I'm tired of fighting ,let's just have a nice quiet dinner"
1316,4104,11,21,119,151,1.2847682119205297,0.04826113975988858,635,This gives new meaning to a Blind Date.
996,4105,9,23,112,144,1.2847222222222223,0.04794048454810115,635,"I used the term ""knight in shining armor"" as a metaphor."
2300,4106,12,30,148,190,1.2842105263157895,0.04176975770626498,635,Did you bring a shrubbery?
5416,4107,11,30,142,183,1.284153005464481,0.042168464740830455,635,You do look just like your profile picture.
5212,4107,7,38,138,183,1.284153005464481,0.03921711943896727,635,"Just come out and say it,you don't like the wine."
7153,4107,9,34,140,183,1.284153005464481,0.04071954000040328,635,You look exactly like your Facebook photo!
4035,4107,11,30,142,183,1.284153005464481,0.042168464740830455,635,So I guess you've heard about 'Me Too'?
3355,4107,9,34,140,183,1.284153005464481,0.04071954000040328,635,"Yes, dear, I can honestly say you’re my knight in dining armor."
112,4107,9,34,140,183,1.284153005464481,0.04071954000040328,635,I always imagined my first one night stand being quite different.
3605,4107,7,38,138,183,1.284153005464481,0.03921711943896727,635,You want me to get you a straw?
7090,4114,8,34,134,176,1.2840909090909092,0.041008177259238776,635,"Your Match.com profile did say you're 'looking for my knight in shining armor', did it not?"
68,4115,6,36,127,169,1.2840236686390532,0.04041158348876254,635,"If you don't mind, I'll just ask for a straw"
2895,4115,5,38,126,169,1.2840236686390532,0.03953041489707057,635,"Cute Keira but hardly subtle. 
They’re going to find out about us eventually."
3243,4115,7,34,128,169,1.2840236686390532,0.0412739440592235,635,Admittedly I fall a little short of being a true Renaissance man.
4320,4115,6,36,127,169,1.2840236686390532,0.04041158348876254,635,I adore our date nights at the round table.
5412,4115,11,26,132,169,1.2840236686390532,0.04455679488857624,635,It's so rare to meet someone who looks exactly like their online dating profile
6102,4115,3,42,124,169,1.2840236686390532,0.03770635152948595,635,"Harold, I find you difficult to be with because you are so inflexible."
6970,4115,6,36,127,169,1.2840236686390532,0.04041158348876254,635,This is not what I meant when I suggested we have a date night.
7217,4115,5,38,126,169,1.2840236686390532,0.03953041489707057,635,Honey I don't mind the outfit but must we really take Uber Steed?
7593,4123,8,30,124,162,1.2839506172839505,0.04331655087457262,635,"So, you don’t think I’m hot?"
3367,4123,6,34,122,162,1.2839506172839505,0.04150856667564403,635,So....you say you don't get many second dates? I can't imagine why.
3084,4123,9,28,125,162,1.2839506172839505,0.04419281407390758,635,You say you're a little wary of involvement after your divorce?
2986,4123,7,32,123,162,1.2839506172839505,0.04242219164031854,635,Where’s my damn straw?
719,4123,9,28,125,162,1.2839506172839505,0.04419281407390758,635,"My ex really did a number on me, but I thought it was time I put myself out there."
2223,4123,7,32,123,162,1.2839506172839505,0.04242219164031854,635,It's just been so hard to get through to men lately.
235,4123,7,32,123,162,1.2839506172839505,0.04242219164031854,635,"When you said you said you’d give me a night to remember, I had no idea ..."
2728,4123,4,38,120,162,1.2839506172839505,0.039618160422504906,635,I hardly recognize you from your online dating profile.
3548,4131,10,24,121,155,1.2838709677419355,0.04645347480325674,635,My friend warned me you’d show me one hell of a Knight.
4662,4131,8,28,119,155,1.2838709677419355,0.04461334957357563,635,I have this ironclad proposal for you.
4913,4131,5,34,116,155,1.2838709677419355,0.041701192051186484,635,See? This is why they shouldn’t outlaw straws.
5611,4131,7,30,118,155,1.2838709677419355,0.043664216237242676,635,"Sure, the cherry notes are nice.  I wouldn't storm a castle for another bottle, though."
6421,4131,7,30,118,155,1.2838709677419355,0.043664216237242676,635,I'm getting a little tired of requesting straws.
6677,4131,8,28,119,155,1.2838709677419355,0.04461334957357563,635,Do you always take the wording in personal ads so literally?
1829,4137,7,28,113,148,1.2837837837837838,0.04501285851357185,635,"For the last time, Sally, I’m not a spit bucket."
2485,4138,11,18,112,141,1.2836879432624113,0.050655521691990474,635,"Shall I call you ""Sir""?"
1623,4138,8,24,109,141,1.2836879432624113,0.04756080855185876,635,I should have taken your description on the dating site literally.
7310,4140,5,28,101,134,1.2835820895522387,0.045701726140799336,635,"A ""middle-aged shut-in"", eh?"
1519,4141,7,39,141,187,1.2834224598930482,0.03865761476001332,635,"No, I meant a night alone."
3924,4142,4,43,133,180,1.2833333333333334,0.03718442636703988,635,"The lighting is a bit dim in here, isn't it?"
4990,4142,8,35,137,180,1.2833333333333334,0.04038532592376795,635,"When you asked if I wanted to meet some night, this isn’t what I had in mind."
2266,4142,9,33,138,180,1.2833333333333334,0.04114666203229312,635,You look nothing like your online photo!
4038,4145,9,31,133,173,1.283236994219653,0.04225201537092472,635,"Ok, let me hear your ironclad accuse for forgetting our anniversary."
4314,4145,6,37,130,173,1.283236994219653,0.03979438148191013,635,"I told you it was Ladies Night, not Ladies “Knight”."
5460,4145,8,33,132,173,1.283236994219653,0.0414489983929548,635,"I suspected my dating app was archaic, - but, really."
5653,4145,10,29,134,173,1.283236994219653,0.043040052718724076,635,"I'm not sure that the ""knight in shinning armor"" comment on the online dating application should be taken quite so literally."
6951,4145,6,37,130,173,1.283236994219653,0.03979438148191013,635,"I guess this is what I get asking for a date ""night""."
4898,4150,9,29,128,166,1.283132530120482,0.04344290822955232,635,Is this your first date? You seem a bit “guarded.”
4453,4150,8,31,127,166,1.283132530120482,0.04259421234526494,635,I think I would have preferred a quiet night in.
4826,4150,8,31,127,166,1.283132530120482,0.04259421234526494,635,Sorry I'm late. It was hell parking my horse.
5015,4150,7,33,126,166,1.283132530120482,0.041728258712600705,635,My ex-wife told me chivalry was dead.
5420,4150,7,33,126,166,1.283132530120482,0.041728258712600705,635,I didn't realize you were speaking metaphorically.
7528,4150,9,29,128,166,1.283132530120482,0.04344290822955232,635,"I still care for you too, Lance, but we both know the distress went long ago and, frankly, I've always felt uncomfortable with the term 'damsel'."
6635,4156,7,31,121,159,1.2830188679245282,0.042913624078767434,635,I guess you meant it when your profile said “night in shining armor”
5277,4156,10,25,124,159,1.2830188679245282,0.04561155137981816,635,"So, who's your plume stylist?"
2092,4156,7,31,121,159,1.2830188679245282,0.042913624078767434,635,"So, you said in your tinder bio that you have a pet dragon?"
2287,4156,13,19,127,159,1.2830188679245282,0.04815857251802441,635,"Don't want to hurt your feelings, Sir, but when I posted information, I said I can only date ""at night,"" not I can only date ""a knight."""
3551,4160,7,29,116,152,1.2828947368421053,0.04419782199744824,635,Not my knight tonight.
1169,4160,5,33,114,152,1.2828947368421053,0.04218021713833118,635,I really thought you'd hold the door open.
6256,4160,5,33,114,152,1.2828947368421053,0.04218021713833118,635,"If I’m being honest, this is for emotional wounds as much as the swordplay."
5908,4163,10,21,114,145,1.282758620689655,0.04864391717126167,635,"Everyone wants a knight in shining armor, but what about my needs?"
7705,4164,10,34,147,191,1.2827225130890052,0.04022977004306894,635,"I know your dating profile said you were guarded about future relationships, but this is ridiculous."
1846,4165,3,33,102,138,1.2826086956521738,0.042393643792911495,635,"Really? This is what you think ""Wear a suit"" means? Just wait until you drag me to another one of your mother's brunches.  I'm gonna put on a dress like you have never seen my love."
2383,4165,5,29,104,138,1.2826086956521738,0.04481957250615243,635,I didn't literally mean a Knight in Shining in Armour.
3103,4165,9,34,141,184,1.2826086956521738,0.040527067643134705,635,"I guess you're technically right.  My profile did say I was a ""night"" person."
5243,4165,10,32,142,184,1.2826086956521738,0.041253360384261924,635,I feel your withdrawing from me.
7238,4165,11,30,143,184,1.2826086956521738,0.04196708560570256,635,"Your profile requested 'a one knight stan.' And my name really is Stanley, Stan to my friends."
7277,4170,14,22,141,177,1.2824858757062148,0.04528192596290665,635,Strangers in the Knight? How many guys you got in there with you?
5585,4170,10,30,137,177,1.2824858757062148,0.042351475503919045,635,"Well, you said you didn't want a physical involvement."
4366,4170,4,42,131,177,1.2824858757062148,0.037529181512956,635,"No, I do not wish to leave with you on your steed."
801,4170,7,36,134,177,1.2824858757062148,0.04001304126401449,635,What did you expect on girl's knight out?
4066,4170,7,36,134,177,1.2824858757062148,0.04001304126401449,635,The metaphorical is a bit sexier than the literal embodiment.
2708,4175,4,29,98,131,1.282442748091603,0.04504165118849121,635,"I don't own a horse, but I can get you a straw."
826,4176,10,28,132,170,1.2823529411764707,0.04353308043730567,635,Are you looking for another knight out?
1298,4176,10,28,132,170,1.2823529411764707,0.04353308043730567,635,Of course rust is always a problem.....
6530,4176,6,36,128,170,1.2823529411764707,0.04020789120637658,635,"Our kingdom is looking for legal guidance, Cheryl, not life advice."
6754,4176,5,38,127,170,1.2823529411764707,0.03933269468253526,635,Another alternative to prevent stains from wine spills would be to use a napkin.
7129,4176,10,28,132,170,1.2823529411764707,0.04353308043730567,635,"When I asked for a night on the town, this isn’t what I meant."
7361,4176,7,34,129,170,1.2823529411764707,0.04106443911145132,635,Can't you just let go for a minute?
7661,4176,6,36,128,170,1.2823529411764707,0.04020789120637658,635,"So, what kind of night are you looking for?"
5329,4183,6,34,123,163,1.2822085889570551,0.04128989153621762,635,You're always so closed off.
3957,4183,12,22,129,163,1.2822085889570551,0.04646823985590802,635,"I used to be able to identify the vintage, but I have become a bit rusty."
4015,4183,7,32,124,163,1.2822085889570551,0.04219710304169643,635,"Hey, this isn't my idea of the perfect date either."
3809,4183,9,28,126,163,1.2822085889570551,0.04395538908017317,635,Well your bio did say you enjoyed the Middle Ages.
1123,4183,6,34,123,163,1.2822085889570551,0.04128989153621762,635,It's gotta be bittersweet - sacking a city and then finding out they banned straws.
2490,4183,9,28,126,163,1.2822085889570551,0.04395538908017317,635,You never mentioned heraldry in your profile.
3027,4183,6,34,123,163,1.2822085889570551,0.04128989153621762,635,"And besides, I just don’t think you have the mettle I’m looking for."
631,4190,8,28,120,156,1.2820512820512822,0.04436377910170186,635,I just wanted flowers every now and then.
3023,4190,6,32,118,156,1.2820512820512822,0.04245843761029148,635,Your profile said you're looking for a knight in shining armor.
4866,4190,7,30,119,156,1.2820512820512822,0.043421560430802184,635,Well...in your profile you did lament the death of chivalry.
5235,4190,8,28,120,156,1.2820512820512822,0.04436377910170186,635,"Well they let me in, didn't they?"
5323,4190,12,31,152,195,1.2820512820512822,0.040966121244281874,635,"Susan Collins looked up and realized that her only drinking buddy, her bodyguard, was like all her recent policies: antiquated."
6342,4190,9,26,121,156,1.2820512820512822,0.045286398422963496,635,"I’m a fighter, not a lover."
1431,4196,5,32,112,149,1.2818791946308725,0.042675504733066624,635,Do you think that this restaurant has any straws?
2919,4196,8,26,115,149,1.2818791946308725,0.045752408340147585,635,"So, your profile said you wanted a man who would be your night in shining armour..."
5163,4196,9,24,116,149,1.2818791946308725,0.04673304602196192,635,"For the millionth time, I did not bring the can opener.  Just go in your suit."
7326,4196,8,26,115,149,1.2818791946308725,0.045752408340147585,635,"You seem nice.  But when I said I was looking for my knight in shining armor, I actually meant it metaphorically."
6704,4200,5,41,135,181,1.281767955801105,0.03783174693218073,635,Shall I have the valet bring my steed around?
583,4200,7,37,137,181,1.281767955801105,0.0394210068916388,635,"The armor, everything, you look exactly like your dating profile. I appreciate that."
2773,4200,8,35,138,181,1.281767955801105,0.040192078057195144,635,"To be honest, your armour is just not that shiny."
6096,4203,8,24,110,142,1.2816901408450705,0.04726692437588792,635,"Look - I know I'm not exactly ""shining"" but at least I'm here"
1335,4204,12,25,137,174,1.2816091954022988,0.04434732143868114,635,I'd like to add you to my LinkedIn network
1956,4204,6,37,131,174,1.2816091954022988,0.03959848873952181,635,"I assumed you meant to type “middle aged,” but here you are: a Middle Ages hunk looking to mingle."
4696,4204,5,39,130,174,1.2816091954022988,0.038750477963487844,635,"I just find in relationships, that my defense mechanisms get in the way.."
5395,4207,9,29,129,167,1.281437125748503,0.04321525703478139,635,"I said go out on a date, not outdated."
7159,4207,4,39,124,167,1.281437125748503,0.03881796112779005,635,I see chivalry is not dead
4869,4207,4,39,124,167,1.281437125748503,0.03881796112779005,635,"A ""Dark and Stormy""  , yes?"
4542,4207,9,29,129,167,1.281437125748503,0.04321525703478139,635,"So, wine isn't the lubricant you were looking for?"
4744,4207,6,35,126,167,1.281437125748503,0.040634023181369334,635,My friends heard stories and told me to wear protection.
1120,4207,7,33,127,167,1.281437125748503,0.04151227176145364,635,So what took you so long?
445,4207,12,23,132,167,1.281437125748503,0.04565077262501024,635,"If you use a plastic straw, I'm going to throw this drink in your face."
4524,4207,12,23,132,167,1.281437125748503,0.04565077262501024,635,Thought I mentioned in my profile that I'm not a night person
501,4215,12,32,155,199,1.2814070351758795,0.04037827015901289,635,"Somehow, I misunderstood when you asked me out for a nightcap."
4645,4216,11,32,149,192,1.28125,0.040722002930695944,635,"Just who do you think you are, Don Quixote?"
658,4216,7,31,122,160,1.28125,0.042681240447807064,635,Maybe we should joust be friends.
1758,4216,9,27,124,160,1.28125,0.04448506480343754,635,The work is challenging.
4535,4216,6,42,144,192,1.28125,0.03722356664282139,635,Your ad did say that chivalry is not dead.
6521,4216,4,37,119,160,1.28125,0.039822596971565635,635,"Defense mechanisms? No, I'm more of a people person."
6763,4221,9,34,142,185,1.281081081081081,0.04033634434600251,635,You looked taller at the joust.
6620,4222,8,27,118,153,1.2810457516339868,0.04491469989420642,635,"You sing, “Good knight, Irene” one more time and I’ll have you welded in!"
5767,4222,8,27,118,153,1.2810457516339868,0.04491469989420642,635,You look different from your profile photos
4835,4222,7,29,117,153,1.2810457516339868,0.043946910637508094,635,"I'm not in distress, but yes, your armor is nice and shiny."
4562,4222,5,33,115,153,1.2810457516339868,0.04194439569918863,635,I'm taking my #MeToo Defense to a whole new level.
2818,4222,6,31,116,153,1.2810457516339868,0.04295732350339832,635,"The wine is bold and assertive 
But I don’t think it will attack you."
3262,4222,11,21,121,153,1.2810457516339868,0.04770040044489289,635,"I get that this is the blood of your enemies, but is it a vintage year?"
344,4228,6,38,134,178,1.2808988764044944,0.03901400791286675,635,Clearly one of us has too much wine to drink.
3413,4228,6,38,134,178,1.2808988764044944,0.03901400791286675,635,I'm sometimes accused of taking things too literally.
3864,4228,7,36,135,178,1.2808988764044944,0.03981925144316555,635,"I appreciate your chivalry, but I think it’s time to let your armour down, honey."
3974,4228,9,32,137,178,1.2808988764044944,0.041382758845099565,635,"Just because I said on Tinder I wanted a ""knight in shining armor"" doesn't mean I want a knight in shining armor."
6044,4228,4,42,132,178,1.2808988764044944,0.037351477471280904,635,When I said I was looking for a knight in shining armor I was speaking figuratively.
6916,4233,6,36,129,171,1.280701754385965,0.04000615526663642,635,I'm really not much of a knight person myself.
4127,4233,7,34,130,171,1.280701754385965,0.04085696891379272,635,They promised me it would be a knight to remember.
3989,4233,12,24,135,171,1.280701754385965,0.0448696908485521,635,This is a dangerous time for all boys in America.  I must protect myself!
3472,4233,11,26,134,171,1.280701754385965,0.04409636841328589,635,"If you ask for a straw, I am out of here!"
2090,4233,13,22,136,171,1.280701754385965,0.045629909121639105,635,"I think you misheard me when I said ""Wine Night"""
2396,4233,9,30,132,171,1.280701754385965,0.04250753824948501,635,And you want me to wear a chastity belt!
1498,4233,10,28,133,171,1.280701754385965,0.04330923986444272,635,"Personally, I think the movement has gone a bit too far."
2544,4233,9,30,132,171,1.280701754385965,0.04250753824948501,635,Cheap wine ruins everything.
7294,4241,7,32,125,164,1.2804878048780488,0.04197430194330192,635,This isn’t the night I expected.
5541,4241,6,34,124,164,1.2804878048780488,0.04107341384083192,635,This'll be a knight to remember.
5134,4241,10,26,128,164,1.2804878048780488,0.04456783729203368,635,You *said* you wanted one romantic knight
5256,4241,7,32,125,164,1.2804878048780488,0.04197430194330192,635,"When I told you to put on a suit for dinner, I didn.t mean armor!"
4252,4241,8,30,126,164,1.2804878048780488,0.042856256517744475,635,I think you're my knight in shining armor.
3461,4241,11,24,129,164,1.2804878048780488,0.045399436339853654,635,Steeling Herself for an Armourous Evening
5127,4241,9,28,127,164,1.2804878048780488,0.04372042339458702,635,You don't look anything like your Tinder photo!
3606,4248,7,30,120,157,1.2802547770700636,0.043181490241751705,635,My dream is to run for the Supreme Court someday
4695,4248,7,30,120,157,1.2802547770700636,0.043181490241751705,635,I'm sorry you've had such bad experiences with blind dates.
4951,4248,9,26,122,157,1.2802547770700636,0.04503287392732904,635,"No, you’re too defensive!"
7542,4248,7,30,120,157,1.2802547770700636,0.043181490241751705,635,I found it in the MeToo department for Halloween.
5251,4252,8,35,139,182,1.2802197802197801,0.04000060378725558,635,"One other thing, What happened  to the foil tie the kids made for you?"
7693,4252,11,29,142,182,1.2802197802197801,0.04221595204457991,635,Your armor was shinier on Tinder.
7130,4254,7,35,133,175,1.28,0.040229228237659495,635,Sooo..do you enjoy your work at the Medieval Times?
6516,4254,8,33,134,175,1.28,0.04103744935530826,635,So this is what you call an iron clad defense?
4682,4254,11,27,137,175,1.28,0.04337184091740699,635,"You're really nice, Frank, but I'm not looking for a knight in shining armor at the moment."
3716,4254,5,39,131,175,1.28,0.03856200091559203,635,Straws are banned here. You have to open that thing.
667,4254,4,41,130,175,1.28,0.03770074892654429,635,"'""Well, on Tinder you said you valued chivalry."""
2579,4254,8,33,134,175,1.28,0.04103744935530826,635,I meant it literally.
1635,4254,5,32,113,150,1.28,0.042431679524773294,635,"Not exactly shining, I know, but I think you'll find that what I lack in shine, I make up for with intellect, my dear."""
574,4254,7,35,133,175,1.28,0.040229228237659495,635,I said meet me for a NIGHT cap!
2800,4254,5,39,131,175,1.28,0.03856200091559203,635,"Yes, I would give you gallant."
4180,4263,11,25,132,168,1.2797619047619047,0.04461730568083673,635,"Well, on the dating site did say I have an active knight life.  No, it wasn't a typo."
7002,4263,11,25,132,168,1.2797619047619047,0.04461730568083673,635,"I was really excited when you said ""tonight's the night"" on the phone."
3737,4263,7,33,128,168,1.2797619047619047,0.04129842573874188,635,I think you over read the personal ad that I was looking for a knight in shining armor.
4890,4263,8,31,129,168,1.2797619047619047,0.04215265078174906,635,"If I promise to see a dentist, can I take the helmet off?"
2454,4263,8,31,129,168,1.2797619047619047,0.04215265078174906,635,It's not you. It's the shining armour.
2436,4263,4,39,125,168,1.2797619047619047,0.03862255778957734,635,What makes you think I'm NOT your knight in shining armor?
2590,4263,8,31,129,168,1.2797619047619047,0.04215265078174906,635,I would offer you a straw but I have stopped using plastic.
6441,4270,8,43,160,211,1.2796208530805686,0.0363358943280031,635,Stalemate
857,4271,9,34,143,186,1.2795698924731183,0.040147347611495326,635,How do feel about visiting my family in Camelot this year?
6678,4271,8,36,142,186,1.2795698924731183,0.03941683500067503,635,Actually...I think we should see other people.
7354,4271,3,46,137,186,1.2795698924731183,0.03553974799617239,635,It’s our second date but I am not ready to let my guard down yet
3013,4274,5,35,121,161,1.279503105590062,0.04058116256326702,635,"I don't know, Galahad - you just seem so closed off these days."
5897,4274,9,27,125,161,1.279503105590062,0.04424239777857304,635,I just assumed NISA meant ‘not into sexual adventure’
6791,4274,10,25,126,161,1.279503105590062,0.04511130138613028,635,"Well,I can't say this is the most disarming blind date I've ever had."""
5465,4277,8,34,137,179,1.2793296089385475,0.04041151058135504,635,They told me it was a night on the town.
4688,4277,11,28,140,179,1.2793296089385475,0.04267788986560368,635,"I have to say, you do clean up good, with a little steel wool."
4434,4277,6,38,135,179,1.2793296089385475,0.03882716562139475,635,"When I said on my profile “knight in shining armour”, This is not what I expected."
4060,4277,6,38,135,179,1.2793296089385475,0.03882716562139475,635,"I assume you're using the term ""joust"" metaphorically."
2558,4277,8,34,137,179,1.2793296089385475,0.04041151058135504,635,Amore ---- it's amore!!!
883,4277,10,30,139,179,1.2793296089385475,0.04193604159601526,635,This is not what I expected when you said this would be the best night of my life...
258,4277,7,36,136,179,1.2793296089385475,0.0396272568925619,635,"No, the patriarchy is now a bad thing."
2949,4277,9,32,138,179,1.2793296089385475,0.04118083153731656,635,Whence shall I start?
1939,4285,7,29,118,154,1.2792207792207793,0.04369873291870973,635,It's a shame they don't have straws anymore.
5148,4286,8,39,150,197,1.2791878172588833,0.037962135677915475,635,"Yes, it’s permanent. Why do you ask?"
1831,4287,9,30,133,172,1.2790697674418605,0.04229117911792285,635,"I meant a 'night out' not a 'knight out', darn that spellcheck"
2067,4287,5,38,129,172,1.2790697674418605,0.03894285566271207,635,You look a little different on your profile.
2354,4287,8,32,132,172,1.2790697674418605,0.04147944521301944,635,"I do feel safe with you Norm, but - #MeToo, #SchmeTo - there are also nights when Mama just wants some giddyup."
2473,4287,8,32,132,172,1.2790697674418605,0.04147944521301944,635,"Even for a knight in shining armor, your verbal jousting is a bit much."
5192,4287,7,34,131,172,1.2790697674418605,0.04065150574302912,635,"I was looking for a special night, but this isn't what I had in mind."
3155,4292,10,33,147,190,1.2789473684210526,0.04026360836480357,635,I'm sorry but you look nothing like your profile picture.
1330,4293,8,25,114,147,1.2789115646258504,0.04607642855312028,635,You're carrying your attempt at Irony too far!
5919,4294,8,30,127,165,1.2787878787878788,0.04262963689095248,635,I'm just saying your armor doesn't shine anymore.
6966,4294,5,36,124,165,1.2787878787878788,0.03994441702456406,635,"Well you aren't all that shining, and I think you're being defensive!"
2656,4294,8,30,127,165,1.2787878787878788,0.04262963689095248,635,Here's to a cultural reset embracing  courtly love.
5943,4294,3,40,122,165,1.2787878787878788,0.038049136539710086,635,"When I said it I meant, treat me like a real lady: take me places I’d like to go, open the door every once in a while, sweep me off my feet. But this is fine… I guess."
2188,4294,10,26,129,165,1.2787878787878788,0.044329511631296344,635,Well I did say I was waiting for my knight in shining armor
1637,4294,7,32,126,165,1.2787878787878788,0.04175375565679171,635,It's only til you're sure you want me to kiss you.
2556,4294,10,26,129,165,1.2787878787878788,0.044329511631296344,635,You do realize a knight in shining armor is an idiom?
648,4294,8,30,127,165,1.2787878787878788,0.04262963689095248,635,"I guess you could call this a ""knight"" on the town! Okay, I'll stop."
6438,4302,9,33,141,183,1.278688524590164,0.04055805001256993,635,"You literally have to ask for a straw, these days."
6909,4302,8,35,140,183,1.278688524590164,0.03981088017671821,635,Are you saying your turn-ons were “nights” and “shiny armoires” this whole time?
6087,4304,13,30,158,201,1.2786069651741294,0.04064101118091408,635,I don’t care that it came with the suit.  I am not wearing any chastity belt!”
7791,4305,9,26,123,158,1.2784810126582278,0.04478209014730891,635,"Yes, I did hear they were predicting hail."
7280,4305,12,20,126,158,1.2784810126582278,0.04740582836753351,635,I didn't say I needed rescuing. I said I needed to get laid.
4470,4305,9,26,123,158,1.2784810126582278,0.04478209014730891,635,"and that’s shining armor, right?"
2352,4305,7,30,121,158,1.2784810126582278,0.04294396683813463,635,It’s just that you looked taller on Tinder.
6935,4305,7,30,121,158,1.2784810126582278,0.04294396683813463,635,"I'm just saying, it looked a lot more 'shining' on your profile pic."
3354,4310,5,39,132,176,1.2784090909090908,0.03837526367160762,635,Just a quick knight cap!
1187,4310,8,33,135,176,1.2784090909090908,0.04083461836078063,635,"Not to be too personal, but you seem a little tarnished around the edges."
1225,4310,5,39,132,176,1.2784090909090908,0.03837526367160762,635,The night is still young.
2094,4310,8,33,135,176,1.2784090909090908,0.04083461836078063,635,"As I said on my online dating profile, I take chivalry very seriously."
2897,4310,6,37,133,176,1.2784090909090908,0.039212191048199195,635,What? Is there something on my face?
5593,4310,8,33,135,176,1.2784090909090908,0.04083461836078063,635,You've been defensive and on guard all evening.  Please tell me what's on your mind.
2189,4316,8,38,148,194,1.2783505154639174,0.03831595757942172,635,"Well, you're the one who wanted a Knight out."
2086,4317,4,34,113,151,1.2781456953642385,0.04113075086152401,635,You're no knight and I'm no gentle lady; just taste the wine.
2432,4318,8,31,130,169,1.2781065088757397,0.041935170686834715,635,"I get that you think it’s manly to not show your feelings in public, but this might be taking it too far."
2488,4318,9,29,131,169,1.2781065088757397,0.04276682030112418,635,I never thought I’d meet my knight in shining armor speed dating.
2815,4318,10,27,132,169,1.2781065088757397,0.043582603143953354,635,"Yes, you are my first date from the Chivalry Isn't Dead dating site."
3452,4318,9,29,131,169,1.2781065088757397,0.04276682030112418,635,"When I said knight in shining armor, I meant it as a metaphor."
5096,4318,6,35,128,169,1.2781065088757397,0.04022031556644713,635,I tend to keep my guard up during the first couple of dates.
5579,4318,5,37,127,169,1.2781065088757397,0.039334862477577115,635,So you say you have a night job.
4718,4324,4,44,139,187,1.2780748663101604,0.03618426436496387,635,Care for a straw with that?
3032,4324,12,28,147,187,1.2780748663101604,0.04206315534734017,635,"My armor may have tarnished over the years, but have you looked in the mirror lately?"""
897,4324,7,38,142,187,1.2780748663101604,0.038494207440034706,635,I'll let you guess my gender before I raise my visor
7422,4327,6,38,136,180,1.2777777777777777,0.03864202929492082,635,The Dating Website said it's a good idea to wear something interesting to  break the ice
6961,4327,10,35,153,198,1.2777777777777777,0.039129317358701274,635,My dry cleaners gave me the wrong clothes.
768,4327,6,33,123,162,1.2777777777777777,0.04130565945798412,635,"Drink up, Prince Charming, I forgot to bring my can opener."
6280,4327,8,34,138,180,1.2777777777777777,0.04021632654645493,635,Arthur is running late. His horse is stuck in traffic.
5813,4327,10,25,127,162,1.2777777777777777,0.044865158504847125,635,"When I requested an older vintage, I was referring to the wine."
4771,4327,8,34,138,180,1.2777777777777777,0.04021632654645493,635,"Oh, so you meant “Knight” out on the town."
4609,4327,8,29,125,162,1.2777777777777777,0.04312215179535924,635,I thought the Chastity belt requirement was only a joke.
3135,4327,8,24,112,144,1.2777777777777777,0.04668960105404107,635,"Yes, but I identify as a Day..."
1442,4327,6,33,123,162,1.2777777777777777,0.04130565945798412,635,"And as the conversation lagged: ""Been a while since I last dated. Feelin' a little rusty, I must admit."""
2647,4327,10,25,127,162,1.2777777777777777,0.044865158504847125,635,"When I said I'd like a night out for a change, this isn't what I meant."
2397,4327,11,33,154,198,1.2777777777777777,0.039779110597237474,635,"I don't understand, my Tinder profile says ""White Knight Type"" right at the top."
1618,4327,8,29,125,162,1.2777777777777777,0.04312215179535924,635,I guess the dating site did say something about you wanting to come out of your shell...
1445,4327,7,31,124,162,1.2777777777777777,0.0422236751048565,635,"Oh..... , It's going to be one of those nights, is it?"
860,4327,7,31,124,162,1.2777777777777777,0.0422236751048565,635,"Well, I dont know why you thought I speaking figuratively."
612,4327,6,33,123,162,1.2777777777777777,0.04130565945798412,635,It was a speed-dating metaphor.
2772,4327,10,25,127,162,1.2777777777777777,0.044865158504847125,635,You are not the Knight in Shining Armor I expected.
3050,4343,10,33,148,191,1.2774869109947644,0.040078867453412846,635,"Online when you said, ""your knight in shining armor"" I thought you were joking."
3415,4343,13,27,151,191,1.2774869109947644,0.04209097788510338,635,Maybe they'll have a straw.
6505,4345,7,34,132,173,1.277456647398844,0.04044802232383075,635,And I'm gonna wear it until women are believed.
5494,4345,9,30,134,173,1.277456647398844,0.042076943569614084,635,"True, my profile did say I’m looking for my knight in shining armour."
3868,4345,8,32,133,173,1.277456647398844,0.04127052029033314,635,"So I checked the box on the profile that said, 'Champion seeking damsel.' Does that distress you?"
6586,4345,7,34,132,173,1.277456647398844,0.04044802232383075,635,Maybe mother is right that we have nothing in common.
1049,4345,7,34,132,173,1.277456647398844,0.04044802232383075,635,"Trust me, I look just like my profile picture, only more... chivalrous."
925,4345,10,28,135,173,1.277456647398844,0.04286819934737377,635,Full disclosure: I'm much better at rescuing than listening.
894,4345,9,30,134,173,1.277456647398844,0.042076943569614084,635,Thanks for not bringing your lance
2161,4345,10,28,135,173,1.277456647398844,0.04286819934737377,635,You look just like your pictures on Tinder.
604,4353,3,37,115,155,1.2774193548387096,0.039408576907688654,635,"Vulnerability might be the key to emotional honesty, but invulnerability is the key to winning."
1263,4353,2,39,114,155,1.2774193548387096,0.03833078075552124,635,"Used to be, we only needed pepper spray..."
6333,4353,5,33,117,155,1.2774193548387096,0.0414802398138193,635,Let’s make a toast to conquering our vulnerability issues.
6842,4353,9,25,121,155,1.2774193548387096,0.045340478793870896,635,"Sure, there’s a lot of standing but they offer a good dental plan."
7455,4353,6,31,118,155,1.2774193548387096,0.042478200003923584,635,"No, for real, Elizabeth, Arthur had a round table just like this."
5628,4358,7,37,140,184,1.2771739130434783,0.038866135082459626,635,"I know, people always say I don't look like my profile."
7741,4359,6,34,126,166,1.2771084337349397,0.040646928119378284,635,"I don't know Lance, I just don't see myself in three years moving out of the city to a castle surrounded by a moat, waiting all day for you to come home from slaying dragons."
1491,4359,7,32,127,166,1.2771084337349397,0.04153543205107765,635,"Cool armor. And, I'm wearing a merkin!"
3802,4359,7,32,127,166,1.2771084337349397,0.04153543205107765,635,Want me to ask for a straw?
756,4359,9,28,129,166,1.2771084337349397,0.04325772550568576,635,No shield for the second date?
4736,4359,3,40,123,166,1.2771084337349397,0.03785650162334805,635,It's okay to be out these days.
4163,4364,9,23,116,148,1.277027027027027,0.046795595099493624,635,I suppose you don't think much of the sipping straw ban.
7372,4364,8,25,115,148,1.277027027027027,0.045802828049788774,635,I thought you'd  feel  more comfortable at a table than at the bar.
7781,4366,5,39,133,177,1.2768361581920904,0.03819024408759815,635,One more mead and maybe you'll open up a little
7191,4366,8,33,136,177,1.2768361581920904,0.04063371444544116,635,"It's not exactly shining, is it?"
1788,4366,8,33,136,177,1.2768361581920904,0.04063371444544116,635,I don't kiss on the first date.
5184,4366,10,29,138,177,1.2768361581920904,0.04218413707081378,635,"Okay, so maybe I took your personal ad a little too literally..."
2054,4366,9,31,137,177,1.2768361581920904,0.04141618143940155,635,I haven't been on a date in two years so it didn't matter if it was going out for a night or with a knight
5982,4366,6,37,134,177,1.2768361581920904,0.03902173854222927,635,OK! I am ready to talk about your feelings.
798,4372,6,32,121,159,1.2767295597484276,0.041766530769877415,635,This will be a night to remember.
1703,4372,8,28,123,159,1.2767295597484276,0.04363102204110205,635,My analyst says I wrap myself in armor!  I just don't see it!
2676,4372,8,28,123,159,1.2767295597484276,0.04363102204110205,635,I'm gonna get the check. This was better as a metaphor.
7080,4375,6,27,108,141,1.2765957446808511,0.045134475394886006,635,IT HAS A STRONG TINNEY AFTER TASTE
6435,4376,9,29,132,170,1.276470588235294,0.04254596922322716,635,Another Bad Night at the Round Table
5214,4376,11,25,134,170,1.276470588235294,0.044151860500916025,635,"Really, Judy, still think the chastity belt would have been sufficient."
6936,4376,6,35,129,170,1.276470588235294,0.04001647865968418,635,Mind if I use a straw?
4740,4376,10,27,133,170,1.276470588235294,0.04335635064691297,635,This isn’t what I meant by ‘I want a date night’’
3271,4376,11,25,134,170,1.276470588235294,0.044151860500916025,635,It's just not working out.... I guess I always expected the armor to be a bit shinier.
1116,4376,8,31,131,170,1.276470588235294,0.041719849626640736,635,"Yes, I get what you meant by referring to yourself as ""chivalrous"" in your profile."
5097,4376,7,33,130,170,1.276470588235294,0.04087703766902927,635,"Seriously, I’ve had my flu shot!"
5396,4383,11,33,155,199,1.2763819095477387,0.03960331798169811,635,"I said wine *night*, William."
5896,4383,7,41,151,199,1.2763819095477387,0.036951149051750974,635,"Yes, I guess I did mention the round tables."
5507,4385,5,32,115,152,1.2763157894736843,0.041951947254526244,635,"And there'll be no 'jousting' on this date,either."
1249,4386,7,36,138,181,1.276243093922652,0.03924856071536858,635,"Sorry, but I'm not looking for my knight in shining armor."
2428,4386,11,28,142,181,1.276243093922652,0.042261080618556233,635,You look just like your picture on eharmony.
7436,4386,7,36,138,181,1.276243093922652,0.03924856071536858,635,This is not what I expected when you said you were bringing back chivalry.
3499,4389,3,31,100,134,1.2761194029850746,0.04288940119027477,635,And you say I'm the vulnerable one.
4123,4390,5,35,123,163,1.2760736196319018,0.04015453708254435,635,I thought you wanted me to be more chivalrous.
5636,4390,5,35,123,163,1.2760736196319018,0.04015453708254435,635,This is the only way I've found to quit drinking that actually works.
3535,4390,3,39,121,163,1.2760736196319018,0.03822180168746063,635,Somehow I was expecting shinier armor.
329,4390,7,31,125,163,1.2760736196319018,0.04199842345125934,635,It had been awhile since Rosy was out on a blind date.
2392,4390,10,25,128,163,1.2760736196319018,0.044621616493669095,635,"Yeah, it's a little awkward, but it cuts down on the catcalls."
148,4390,8,29,126,163,1.2760736196319018,0.04289065089772153,635,The Kavanaugh hearing has sure taken the fun out of blind dates.
2688,4390,6,33,124,163,1.2760736196319018,0.041086825264947884,635,I'm gluten-free can you handle that?
1721,4390,7,31,125,163,1.2760736196319018,0.04199842345125934,635,"That ""knight in shining armor"" thing set the bar way too high."
876,4390,6,33,124,163,1.2760736196319018,0.041086825264947884,635,You're not at all like your online profile.
3468,4399,11,31,150,192,1.2760416666666667,0.04057350631870733,635,Don't be so hard headed...
2979,4400,5,38,131,174,1.2758620689655173,0.03856032375198359,635,You should have seen the look on the valet attendant.
284,4400,6,36,132,174,1.2758620689655173,0.039412426161213016,635,This is more than a week end fetish.
2154,4400,7,26,112,145,1.2758620689655173,0.04536226956476118,635,I'm sorry -- is it not shining enough for you?
4702,4400,8,32,134,174,1.2758620689655173,0.041063619811502555,635,"Well sir, I always bring mace on blind dates too."
7343,4400,8,32,134,174,1.2758620689655173,0.041063619811502555,635,"I'm sure you understand, but us, white men, have been under quite the attack lately."
707,4405,9,33,143,185,1.2756756756756757,0.04017461173845373,635,You're just too defensive.
1292,4405,7,37,141,185,1.2756756756756757,0.03868450096840487,635,"Do you ever watch ""Game of Thrones""?"
3324,4405,9,33,143,185,1.2756756756756757,0.04017461173845373,635,There's no need for you to get so defensive!
4168,4405,8,35,142,185,1.2756756756756757,0.03943659495639818,635,"So, Ginger, you don't find the breast plate confining?"
1021,4409,6,31,119,156,1.2756410256410255,0.04224247423316703,635,A little extra protection is always worth it for the new dating sites.
1179,4409,9,25,122,156,1.2756410256410255,0.04508398370991806,635,Aren’t you hot?
3527,4409,6,31,119,156,1.2756410256410255,0.04224247423316703,635,"Bathroom. Sorry, but I forgot the can opener."
4901,4409,9,25,122,156,1.2756410256410255,0.04508398370991806,635,It's easier than having a female chaperone at all of my meetings with women.
5122,4409,9,25,122,156,1.2756410256410255,0.04508398370991806,635,"'When I said I wanted to meet my knight in shining armor, I didn't mean it literally.'"
4769,4414,7,32,128,167,1.2754491017964071,0.041319299543079495,635,These days a senator can’t be too careful.”
864,4414,8,30,129,167,1.2754491017964071,0.04218328320109104,635,"Sorry, I thought you wanted to see my lance."
521,4414,6,34,127,167,1.2754491017964071,0.04043686001457097,635,What? I'm having a bad hair day.
4428,4414,6,34,127,167,1.2754491017964071,0.04043686001457097,635,"It's not P.C., but you should use a straw..."
3318,4418,6,37,135,178,1.2752808988764044,0.038833052489996946,635,"I could have sworn you said 'medieval times', and not 'merlot wines'"
5725,4418,8,33,137,178,1.2752808988764044,0.04043471169463785,635,Not quite what I had in mind when I mentioned that I was looking for my knight in shining armor on the dating site..
3812,4420,10,21,118,149,1.2751677852348993,0.0474824763638524,635,"Why yes, I believe the tablecloth is indeed white satin"
63,4421,8,36,145,189,1.2751322751322751,0.0388731290833164,635,I don't think we can see eye-to-eye anymore.
1280,4421,10,32,147,189,1.2751322751322751,0.04029509579822173,635,"I'm guessing varietal WD-40, notes of CLR, Terroir - Jiffy Lube."
4840,4421,8,36,145,189,1.2751322751322751,0.0388731290833164,635,"I'm all into role-playing, but how am I supposed to drink this?"
7210,4421,10,32,147,189,1.2751322751322751,0.04029509579822173,635,This is your idea of a night out?
7568,4425,7,30,123,160,1.275,0.04247640854661405,635,Would it be unchivalrous to ask for a straw?
6764,4425,8,28,124,160,1.275,0.04339195357690323,635,"Yes, virtual reality has changed since your day."
6475,4425,4,36,120,160,1.275,0.03960298254443841,635,So your recommending the beef au joust again I see.
5195,4425,9,26,125,160,1.275,0.04428857626320113,635,"Um, when I wrote in my profile that I was looking for my knight in shining armor, it was only metaphorical!"
4292,4425,6,32,122,160,1.275,0.04154069006188522,635,"I always thought ""the Reveal"" was an exciting part of the date!"
2089,4425,10,24,126,160,1.275,0.04516740350764742,635,"So you're not one of those men who feels liberated by the ""me too"" movement?"
3292,4425,6,32,122,160,1.275,0.04154069006188522,635,I'm not quite picking up on the metallic aftertaste.
2304,4425,6,32,122,160,1.275,0.04154069006188522,635,"You’re telling me you’re a financially stable, post-fertility, heterosexual female who’s looking for a healthy relationship?  Fairytales do come true."
1260,4425,7,30,123,160,1.275,0.04247640854661405,635,Are you wearing your chastity belt?
643,4425,5,34,121,160,1.275,0.04058340274812292,635,I sense you are feeling vulnerable.
1064,4435,4,39,128,171,1.2748538011695907,0.03804740192747277,635,You are consistently over-dressed!
2177,4435,8,31,132,171,1.2748538011695907,0.04150665719915627,635,The armor in your profile picture looked shinier.
4023,4435,5,37,129,171,1.2748538011695907,0.03894103546434098,635,"But you're already my knight in shining armour. I just wanted you to open a door for me every once in a while, Sweetie."
5181,4435,5,37,129,171,1.2748538011695907,0.03894103546434098,635,"OK, let's talk.."
1114,4439,6,38,138,182,1.2747252747252746,0.03827678811975986,635,A knight on the town. Why?
6004,4439,12,26,144,182,1.2747252747252746,0.04277135859585851,635,"So you see, chivalry is not dead!"
6579,4441,8,37,148,193,1.2746113989637307,0.03833117291876716,635,I think I'll hold out for shinier armor.
5744,4442,6,30,117,153,1.2745098039215685,0.04273430336804582,635,When your Tinder profile is literally “knight in shining armor”
4966,4442,5,32,116,153,1.2745098039215685,0.04171596064274043,635,How's the swordfish here?
4794,4442,7,28,118,153,1.2745098039215685,0.04372893774558989,635,So this is your idea of a blind date?
4121,4442,5,32,116,153,1.2745098039215685,0.04171596064274043,635,Your text said nightclub!
672,4442,3,36,114,153,1.2745098039215685,0.03960079226904003,635,Issues with trust?
357,4442,8,26,119,153,1.2745098039215685,0.04470144637887213,635,"Like Trump says, it's a scary time for men. We have to protect ourselves from false accusations."
2103,4442,7,28,118,153,1.2745098039215685,0.04372893774558989,635,It's not you. The visor's just so last year!
2499,4442,6,30,117,153,1.2745098039215685,0.04273430336804582,635,I really misjudged your FaceBook photo.
164,4450,11,23,130,164,1.274390243902439,0.04521567806011169,635,Not what I meant Harold
3222,4450,7,31,126,164,1.274390243902439,0.041775480201748975,635,I brought protection just in case this date goes somewhere.
4410,4450,5,35,124,164,1.274390243902439,0.03994442824615528,635,I get why you requested a table but I’d prefer a booth
7561,4450,11,23,130,164,1.274390243902439,0.04521567806011169,635,I swiped right because I admire your flexible nature and your potential over a bishop.
1799,4454,8,32,135,175,1.2742857142857142,0.040858715966362584,635,Drink that through a straw and I'm leaving.
5690,4454,5,38,132,175,1.2742857142857142,0.03837173875972424,635,"I was told that you would put on a tough exterior, but this is ridiculous!"
7223,4454,4,40,131,175,1.2742857142857142,0.03750611804029755,635,I told you that I'm always a little guarded on a first blind date.
3630,4457,11,29,146,186,1.2741935483870968,0.04141360373848074,635,"Chivalry may not be dead, but this boxed wine is the pits."
3523,4458,8,21,106,135,1.2740740740740741,0.04867467349299314,635,I was referring to a different kind of good old days.
1932,4459,9,28,131,168,1.2738095238095237,0.04280443801656167,635,Should I ask for a straw?
1004,4459,7,32,129,168,1.2738095238095237,0.04110532708852036,635,Finally!
2286,4459,10,26,132,168,1.2738095238095237,0.043629186485005446,635,SPF 50?
4029,4459,10,26,132,168,1.2738095238095237,0.043629186485005446,635,"Well, I did ask the dating app for 'a knight in shining armor'..."""
1247,4463,5,39,135,179,1.2737430167597765,0.03782527091496755,635,Rats.. I hate that I have to ASK for a straw now.
2211,4463,9,31,139,179,1.2737430167597765,0.04101016842616222,635,This isn't what I meant when I said I wanted a knight in shining armor.
2631,4463,9,31,139,179,1.2737430167597765,0.04101016842616222,635,"Look, Shannon, I thought you wanted me to be more reflective."
3930,4463,10,29,140,179,1.2737430167597765,0.041768464335908605,635,Wish they would get here with the straw.
6135,4463,5,39,135,179,1.2737430167597765,0.03782527091496755,635,I could be your knight to remember
6406,4463,6,37,136,179,1.2737430167597765,0.038646110003835644,635,My therapist says all I need is a can opener.
6565,4463,6,37,136,179,1.2737430167597765,0.038646110003835644,635,I'll remove it once I'm sure we never met in high school.
7449,4463,5,39,135,179,1.2737430167597765,0.03782527091496755,635,Thanks for insisting on this table.
568,4471,7,38,145,190,1.2736842105263158,0.03796861513466806,635,I'm ready to tell my story.
3448,4471,11,30,149,190,1.2736842105263158,0.04079699627904162,635,The finish seems a little metallic.
366,4473,6,43,152,201,1.2736318407960199,0.035948501292537564,635,"Under the light, your armor is not so shiny."
7755,4474,4,33,113,150,1.2733333333333334,0.04112148930818522,635,All the round tables were reserved.
5467,4474,7,27,116,150,1.2733333333333334,0.04426548608975301,635,"So you meant ""your knight in shining armor"" literally?"
5531,4474,7,27,116,150,1.2733333333333334,0.04426548608975301,635,3-In-One. Why do you ask?
2219,4474,4,33,113,150,1.2733333333333334,0.04112148930818522,635,What do you wear when you're not coming right from jousting practice?
2943,4478,11,22,128,161,1.2732919254658386,0.045774543394359234,635,"No, I said I liked the NIGHTlife in this town"
4223,4478,4,36,121,161,1.2732919254658386,0.03939328067186727,635,"Oh, this old thing?  I actually bought it second hand."
4508,4478,7,30,124,161,1.2732919254658386,0.042246299444459,635,"Sorry, I have a meeting with my ex afterward."
4974,4478,5,34,122,161,1.2732919254658386,0.04036669807706975,635,You really find my name Guinevere to be romantic?
7264,4478,6,32,123,161,1.2732919254658386,0.04131718849580767,635,"Yes, well, thanks, but I think I'll take a pass on seeing your ""undercoating""."
6176,4483,5,37,130,172,1.2732558139534884,0.03874693792676702,635,#metoo or #metoomuch ?
6377,4483,12,23,137,172,1.2732558139534884,0.044467082102733035,635,Straw? What's a straw?
1979,4485,8,34,141,183,1.273224043715847,0.03964155049310176,635,So all you can offer me is a good night?
7386,4486,12,29,153,194,1.2731958762886597,0.040863175567745554,635,‘“I guess my ad asking for a knight in shining armor was too literal.”
5353,4487,9,38,158,205,1.273170731707317,0.03746589044106773,635,"Sorry,but sometimes your anxieties are just too obvious."
4120,4488,7,31,127,165,1.2727272727272727,0.041554811899356045,635,I told you it was casual Friday.
7622,4488,6,36,134,176,1.2727272727272727,0.03902592000342006,635,You can't be too careful--my last blind date stalked me.
7305,4488,6,39,142,187,1.2727272727272727,0.03756844867251654,635,We didn't seem to click. I think it was the 500 year age difference.
7008,4488,5,35,125,165,1.2727272727272727,0.0397364156911023,635,I was being ironic when my profile mentioned meeting a knight in shining armor...
6339,4488,7,34,135,176,1.2727272727272727,0.03984918439627601,635,"If this is going to go anywhere, you’ve got to let your guard down. 

- Raquel Malmberg
Brooklyn, NY"
5957,4488,7,34,135,176,1.2727272727272727,0.03984918439627601,635,"This wasn't what I expected when you said ""night out."""
5658,4488,5,29,109,143,1.2727272727272727,0.04346580146458082,635,Damn literal website.
5191,4488,10,28,138,176,1.2727272727272727,0.04222277456365938,635,You white males are doing everything possible to protect yourselves!
4850,4488,8,26,120,154,1.2727272727272727,0.044445987734701146,635,"Well, YOU don't look like your picture too!"
220,4488,8,29,128,165,1.2727272727272727,0.042434799657807436,635,"Mom, I still love the hat you knitted for me, but, I needed something fiercer to express my current attitude."""
3771,4488,7,25,111,143,1.2727272727272727,0.04567561723105038,635,"So after the vegan, self-driving car debacle, I started this virtual internet jousting company..."
3290,4488,12,24,140,176,1.2727272727272727,0.04373365776748764,635,"I could have sworn it said swipe ""right""."
3019,4488,6,33,126,165,1.2727272727272727,0.04065578140908709,635,"No, my decision has nothing to do with your rust 'situation'."
2774,4488,9,33,145,187,1.2727272727272727,0.0397981325499368,635,Tell me whether this Merlot makes you feel less defensive.
2636,4488,6,33,126,165,1.2727272727272727,0.04065578140908709,635,I knew that I shouldn't have swiped knight.
2524,4488,9,27,129,165,1.2727272727272727,0.04329690580175037,635,I thought it would be shining.
2417,4488,5,29,109,143,1.2727272727272727,0.04346580146458082,635,Do I really spit that much when I talk?
2111,4488,8,23,112,143,1.2727272727272727,0.04674136354105388,635,"Well, in your profile you said you had an iron deficiency."
1913,4488,6,30,118,154,1.2727272727272727,0.04249330476752751,635,Is a straw too much to ask?
1781,4488,4,40,132,176,1.2727272727272727,0.037324955488830955,635,"Oh come on, your profile pic can't have been that different."
1399,4488,10,25,130,165,1.2727272727272727,0.04414217803884439,635,Jill and Steve have never missed a Two-for-one Knight
1001,4488,5,35,125,165,1.2727272727272727,0.0397364156911023,635,You look exactly like your picture on Dating.com
4576,4510,9,37,156,202,1.2722772277227723,0.03780358046412768,635,You didn't mention PTSD in your profile.
1840,4511,5,39,136,180,1.2722222222222221,0.03764527461915776,635,"The waiter said ,"" This is as close to mead as they can get."""
7315,4512,7,32,130,169,1.272189349112426,0.040893484172776336,635,I can see why you might detect metallic overtones in your wine
7266,4512,5,36,128,169,1.272189349112426,0.03913300769835788,635,"Sorry I'm late, I couldn't find horse parking."
5472,4512,6,34,129,169,1.272189349112426,0.040022926800203196,635,"You look different on Grinder"""
5823,4512,8,30,131,169,1.272189349112426,0.041745891126238936,635,Are you sure WD-40 is safe for human consumption?
2009,4512,7,32,130,169,1.272189349112426,0.040893484172776336,635,"I was expecting a different ""Iron Mike."""
3456,4512,9,28,132,169,1.272189349112426,0.042581237699936346,635,I am trying to be vulnerable. I really am.
1663,4512,6,34,129,169,1.272189349112426,0.040022926800203196,635,Don't you just love the shape of this table?
5720,4519,7,29,122,158,1.2721518987341771,0.04273252894281875,635,What?!  You're posting said I should bring my own protection.
4503,4519,8,27,123,158,1.2721518987341771,0.04366571521150535,635,You invited me here for a knightcap?
4198,4519,7,29,122,158,1.2721518987341771,0.04273252894281875,635,"When your profile said you wore your armor around new people, I thought you were being poetic."
6110,4519,6,31,121,158,1.2721518987341771,0.041778503740146015,635,That's not quite what I meant by chivalrous.
1858,4519,6,31,121,158,1.2721518987341771,0.041778503740146015,635,"I’ve heard of chasity belts, but this is ridiculous.”"
1809,4519,7,29,122,158,1.2721518987341771,0.04273252894281875,635,I know you don't want to catch my cold but this is going to far.
540,4519,6,31,121,158,1.2721518987341771,0.041778503740146015,635,"I do need rescuing, actually, from my current relationship."
3816,4519,7,29,122,158,1.2721518987341771,0.04273252894281875,635,For the last time...it’s “Christian Crusader Mingle” not “Christian Mingle”.
2534,4527,7,26,114,147,1.272108843537415,0.044821083899732446,635,Your blazer seems a bit dated.
5696,4527,7,26,114,147,1.272108843537415,0.044821083899732446,635,"No, my name is Maida Marion. Sorry for the confusion."
6553,4529,5,27,104,136,1.2720588235294117,0.044851378593446456,635,"This time, if you order a straw, I'm leaving."
7546,4530,6,41,148,195,1.2717948717948717,0.036570852077113206,635,"This goes way beyond 'incognito'"""
3915,4531,10,30,144,184,1.2717391304347827,0.04093127837879785,635,"Well, I was tired of dating in my own timeline, so I figured I'd give it a shot."""
6196,4532,7,33,133,173,1.2716763005780347,0.040260282795538456,635,Is that the Crusader's answer to the hijab?
6334,4532,11,25,137,173,1.2716763005780347,0.0434711825383148,635,I'm looking forward to a good knight.
5949,4532,7,33,133,173,1.2716763005780347,0.040260282795538456,635,There’s no need to get defensive!
653,4532,12,23,138,173,1.2716763005780347,0.04423750723543512,635,Girls Knight Out
1568,4532,10,27,136,173,1.2716763005780347,0.0426911041805409,635,"Sorry, but I’m just looking for more than bravery, courtesy, courage, honor and great gallantry towards women"
3260,4532,7,33,133,173,1.2716763005780347,0.040260282795538456,635,I’m #metoo compliant.
35,4538,8,28,126,162,1.271604938271605,0.042921358672471925,635,What was that tink?
487,4538,8,28,126,162,1.271604938271605,0.042921358672471925,635,I DID ask for a knight in shining armor...
2388,4538,9,26,127,162,1.271604938271605,0.04380552780634548,635,Laura suddenly lost her affection to men in armor after that unfortunate incident under the table.
3942,4538,6,32,124,162,1.271604938271605,0.0410959919954237,635,"Wine doesn't cause rust, like water does."
4563,4538,8,28,126,162,1.271604938271605,0.042921358672471925,635,You're gonna need a straw!
5418,4538,4,36,122,162,1.271604938271605,0.039185687258039476,635,What’s the matter?  Your online profile indicated you were looking for a knight in shining armor.
7142,4538,7,30,125,162,1.271604938271605,0.04201858867441236,635,For the last time – it's not a live lobster.
7385,4538,7,30,125,162,1.271604938271605,0.04201858867441236,635,No. I will NOT ask the waiter for a straw!
7295,4546,4,33,114,151,1.271523178807947,0.04088834182896194,635,And the rust stains?
1287,4546,4,33,114,151,1.271523178807947,0.04088834182896194,635,"No, you didn't tell me about your dungeon."
920,4546,7,27,117,151,1.271523178807947,0.04400860324724808,635,My profile reference to Knight in Shining Armor was not literal.
5130,4546,6,29,116,151,1.271523178807947,0.04299368487374794,635,This is not what I envisioned for my knight out!
439,4550,6,26,108,140,1.2714285714285714,0.04515914207938474,635,But your dating profile indicated that you were looking for the knight of your life.
3297,4551,10,34,155,199,1.271356783919598,0.03880960988870225,635,"When I said I wanted a night out, this isn’t what I had in mind."
2973,4552,10,28,139,177,1.271186440677966,0.04201181552909116,635,Is that your hand on my Ni!?
3149,4552,9,30,138,177,1.271186440677966,0.04124065116681124,635,This #METOO movement is getting out of hand.
3565,4552,9,30,138,177,1.271186440677966,0.04124065116681124,635,It is not anyone's fault they didn't have any straws.
4074,4552,8,32,137,177,1.271186440677966,0.040454789250159655,635,Queen moves d-eight to d-one...check and no mate.
6432,4552,10,28,139,177,1.271186440677966,0.04201181552909116,635,You know who else loved round tables?
6479,4552,8,32,137,177,1.271186440677966,0.040454789250159655,635,Who does your hair?
7426,4558,6,33,127,166,1.2710843373493976,0.0404435091259732,635,You were the one who wanted to get well oiled.
4659,4558,6,33,127,166,1.2710843373493976,0.0404435091259732,635,Will I see you again?
2074,4558,6,33,127,166,1.2710843373493976,0.0404435091259732,635,You could have at least worn the shining armor.
3005,4558,5,35,126,166,1.2710843373493976,0.03953047027667257,635,"So, this is your idea of a night out!"
2589,4562,7,28,120,155,1.270967741935484,0.043234997053330476,635,When your profile said you wanted to be some woman's knight in shining armor I thought it was more of an inner reference.
2997,4562,8,26,121,155,1.270967741935484,0.044193349621440434,635,Checkmate in three moves? Call me impressed.
3761,4562,7,28,120,155,1.270967741935484,0.043234997053330476,635,Did you know the straw was invented by the Knights of the Round Table?
5458,4562,7,28,120,155,1.270967741935484,0.043234997053330476,635,"Speed-date Knight at the Round Table
""So...what do you do for a living?""
""I mainly lance a lot."""
6338,4562,6,30,119,155,1.270967741935484,0.04225491438448457,635,This is why people stop needing to stop using the word literally in their descriptions of ideal partners on dating apps
15,4567,9,21,114,144,1.2708333333333333,0.04748813903358763,635,"You’re right, I’ll be needing a straw."
4308,4567,8,36,148,192,1.2708333333333333,0.038343717767881404,635,Is that wine or rust on your new suit?
4425,4567,9,34,149,192,1.2708333333333333,0.03904840859853258,635,"Sorry, I just always thought your armor would be shinier . . . ."
59,4570,10,29,142,181,1.270718232044199,0.04136068372340272,635,I suppose you’re going to tell me you’ve been cheating on me then.
833,4570,7,35,139,181,1.270718232044199,0.03907101349405016,635,"I thought your armor would be shinier."""
3634,4572,6,34,130,170,1.2705882352941176,0.03981900452488688,635,"Actually, I ordered a night of shining amour"
3560,4572,4,38,128,170,1.2705882352941176,0.038030590750137004,635,And here I thought that “knight in shining armor” bit was just a metaphor.
6370,4572,6,34,130,170,1.2705882352941176,0.03981900452488688,635,"On my profile, I requested a knight in ""shining"" armor."
2893,4575,5,33,121,159,1.270440251572327,0.04058086189691381,635,"Well, I’ve been hurt in the past, too, but my therapist has helped  me understand that it’s okay to let my guard down once in a while."
7418,4575,11,21,127,159,1.270440251572327,0.04609203106499472,635,This is not what I meant by having a nice night out to dinner
5605,4575,10,23,126,159,1.270440251572327,0.04522017062989071,635,"A bit metallic on the finish, don't you think?"
1912,4575,4,35,120,159,1.270440251572327,0.03958781196778098,635,"I understand the need for anonymity, but I feel like they're going to recognize you anyway."
4286,4575,11,21,127,159,1.270440251572327,0.04609203106499472,635,"Yes , the recent push to ban straws does present a problem."
4465,4575,5,33,121,159,1.270440251572327,0.04058086189691381,635,"If heavy metal isn't really your thing, I can restructure."
1148,4581,10,33,153,196,1.2704081632653061,0.039179298879298975,635,I assume you read the part of my profile where it says I’m looking for my knight in shining armor...
911,4582,5,30,113,148,1.2702702702702702,0.042441782362525486,635,You can take that off--I won't bite!
6853,4582,7,36,142,185,1.2702702702702702,0.0385117096079077,635,"I thought "" I'm your knight in shining armor""
was just a figure of speech."
6927,4584,6,35,133,174,1.2701149425287357,0.03922061343066335,635,"A straw? Jim, this is the last straw."
6803,4584,8,31,135,174,1.2701149425287357,0.04087955545242741,635,I decided to be my own knight in shining armor.
5493,4584,8,31,135,174,1.2701149425287357,0.04087955545242741,635,"I know my profile said I was seeking a knight in shining armor, but this is a bit much."
4899,4584,10,27,137,174,1.2701149425287357,0.042473751777993965,635,All the window tables were square.
7022,4584,6,35,133,174,1.2701149425287357,0.03922061343066335,635,You said you wanted a knight out together.
3854,4584,5,37,132,174,1.2701149425287357,0.038364250935242455,635,"A tart finish, maybe, but I wouldn’t say metallic."
1576,4584,6,35,133,174,1.2701149425287357,0.03922061343066335,635,"You know Mildred, I can’t recall the last time I’ve seen you without your armor."
53,4584,4,39,131,174,1.2701149425287357,0.03748833127477099,635,You never fight fair.
4323,4584,9,29,136,174,1.2701149425287357,0.04168427547701131,635,Your profile says you’re into hostile takeovers.
1775,4593,11,22,130,163,1.2699386503067485,0.045272910476674394,635,A knight out on the town
1969,4593,4,36,123,163,1.2699386503067485,0.03898017302112011,635,"When I said to be more chivalrous, I didn't mean this."
3938,4593,5,34,124,163,1.2699386503067485,0.039939882959209964,635,I'm...feeling vulnerable lately...
6820,4593,6,32,125,163,1.2699386503067485,0.04087706707720505,635,Honey’ I think you are overdressed for the occasion
7663,4597,6,39,144,189,1.2698412698412698,0.03722552190336055,635,Just say good knight.
7633,4597,11,29,149,189,1.2698412698412698,0.04083106577872777,635,Oh What an evening...What a knight!
4072,4597,9,33,147,189,1.2698412698412698,0.03942843329333676,635,You say you feel this need to be protected?
5411,4597,9,33,147,189,1.2698412698412698,0.03942843329333676,635,"Oh, so THIS is what they meant by women’s knight out."
5815,4601,5,31,116,152,1.269736842105263,0.041715557772473454,635,"Even like this, you're not my knight in shining armour"
6155,4602,10,28,140,178,1.2696629213483146,0.04180289914796783,635,So what time does your Mother's plane get in honey?
3024,4602,8,32,138,178,1.2696629213483146,0.0402557130484301,635,I'm really looking forward to the Sir Loin of Beef.
4418,4602,10,28,140,178,1.2696629213483146,0.04180289914796783,635,Welcome to the round table !
5632,4602,9,30,139,178,1.2696629213483146,0.041036598361783805,635,Sometimes I feel like I don't even know who you are—or even if you're the same person you were last time.
6500,4602,13,22,143,178,1.2696629213483146,0.04402183882326596,635,"If I'd known you were being literal, I'd have preferred a knight of the booth."
2241,4607,5,28,108,141,1.2695035460992907,0.04373568096734234,635,"Takes the incentive out of 'em groping you, huh?"
2725,4608,8,29,130,167,1.2694610778443114,0.04198825055139145,635,I'd say it has metallic undertones...
5916,4608,6,33,128,167,1.2694610778443114,0.0402333624070992,635,Knight time is the right time.
6211,4608,6,33,128,167,1.2694610778443114,0.0402333624070992,635,"""I thought we agreed you'd take off your armor."""
49,4611,7,35,140,182,1.2692307692307692,0.038884205421140475,635,"Larry , I feel there's just too strong a barrier between us."
233,4611,6,37,139,182,1.2692307692307692,0.038095520252890126,635,Meeting me at the bar wasn’t enough for you to feel safe?
2079,4611,6,30,120,156,1.2692307692307692,0.04201909236197543,635,This will never work. Your politics are simply medieval!
4816,4611,8,33,141,182,1.2692307692307692,0.039657208665367996,635,I’m glad you decided to swipe knight.
5071,4611,7,35,140,182,1.2692307692307692,0.038884205421140475,635,your profile had more gleam
6109,4611,7,28,121,156,1.2692307692307692,0.04299205867207354,635,"Hit me, Barbara."
6205,4611,5,32,119,156,1.2692307692307692,0.0410230561633995,635,Is this a date or a joust?
4611,4618,10,33,154,197,1.2690355329949239,0.03900407210691864,635,This isn't going to work...I need a straw.
6159,4619,10,26,135,171,1.2690058479532165,0.0429500918336122,635,"I think you should know up front Glenda, I identify as an ""armor-sexual"""
4547,4619,5,36,130,171,1.2690058479532165,0.03873903897225261,635,I need protection from your grimaces.
4481,4619,7,32,132,171,1.2690058479532165,0.040476067493057086,635,"As a member of the Society of Historical Anachronism, Phillip's hobby has consumed all aspects of his life."
4096,4619,5,36,130,171,1.2690058479532165,0.03873903897225261,635,"It’s just an expression, Janet: “sartorial armour.”"
2344,4619,7,32,132,171,1.2690058479532165,0.040476067493057086,635,This is a double blind study.
2468,4619,6,34,131,171,1.2690058479532165,0.039617074476772124,635,My friend told me that meeting someone at a wine bar was positively medieval.
1896,4619,8,30,133,171,1.2690058479532165,0.041317205729658385,635,"…and yet, that’s deceptive as the aromatics are endowed with incredible aromas of dried flowers, beef blood, smoked game, and sweaty but attractive saddle leather-like notes."
1145,4619,9,28,134,171,1.2690058479532165,0.0421415583351081,635,"I didn't literally mean I wanted a 'knight in shining armor""!"
2593,4619,6,34,131,171,1.2690058479532165,0.039617074476772124,635,"You looked different on the dating site."""
1898,4628,8,34,144,186,1.2688172043010753,0.039082450637509536,635,This is not what I meant when I asked for a night out.
2170,4628,7,36,143,186,1.2688172043010753,0.038331648921818756,635,I'm not what you'd call a damsel in distress.
6117,4630,5,33,122,160,1.26875,0.040361841177905165,635,I take it it's not shiny enough?
3159,4630,7,29,124,160,1.26875,0.042264771709698806,635,It was in Versace's Bargain Basement
3160,4630,3,37,120,160,1.26875,0.038364638912257804,635,So you're and introvert.
3568,4630,7,29,124,160,1.26875,0.042264771709698806,635,"It’s not that I’m afraid of intimacy, it just that I’m being cautious."
5004,4630,5,33,122,160,1.26875,0.040361841177905165,635,May I assume you took the subway?
7335,4635,7,33,135,175,1.2685714285714285,0.03985900555352195,635,"Well, your profile said:  'There's nothing I love like a knight on the town!'"
3643,4635,7,33,135,175,1.2685714285714285,0.03985900555352195,635,I find your masculinity to be toxic.
2576,4635,4,39,132,175,1.2685714285714285,0.03730544181135407,635,You really need to shed some of your inhibitions.
2212,4638,7,26,116,149,1.2684563758389262,0.04429227875286486,635,Why am I the one that always has to bring the lube?
3357,4638,7,26,116,149,1.2684563758389262,0.04429227875286486,635,But your profile said you like men with protection.
5326,4638,7,26,116,149,1.2684563758389262,0.04429227875286486,635,"Okay, sir Klanksalot."
5327,4641,8,35,147,190,1.268421052631579,0.03852997990650089,635,On a first date I really like to shine.
381,4642,6,32,126,164,1.2682926829268293,0.04066038084024853,635,"No, they don't have straws here."
5942,4642,7,30,127,164,1.2682926829268293,0.04157022094193494,635,We'll toast as soon as the waiter brings me a paper straw!
6761,4642,11,22,131,164,1.2682926829268293,0.0450261042675272,635,How much for the whole knight
2569,4645,8,32,139,179,1.2681564245810055,0.04005852680326121,635,I know what you mean. I’m also sick and tired of people judging me based on my looks.
3497,4645,6,36,137,179,1.2681564245810055,0.03845964342491809,635,this is a knightcap
3866,4645,9,30,140,179,1.2681564245810055,0.04083449850659945,635,I'm leaving if you give me that steely look again .
4661,4645,10,28,141,179,1.2681564245810055,0.04159599700600226,635,I'm doing some undercover work later on this evening.
7065,4649,9,23,121,153,1.2679738562091503,0.04543727077123655,635,One more of these and I’m going to have to say good night.
7715,4649,8,25,120,153,1.2679738562091503,0.04448085276985102,635,It’s just that.. your armor looked much shinier in your profile.”
7171,4649,8,25,120,153,1.2679738562091503,0.04448085276985102,635,"Wait, tonight isn't Renaissance night."
4948,4649,5,31,117,153,1.2679738562091503,0.04147949285028267,635,"All right, all right - you don't have to call me Sir."
3513,4649,5,31,117,153,1.2679738562091503,0.04147949285028267,635,"But You said 'Tonight's the knight', darling..."
2250,4654,6,33,129,168,1.2678571428571428,0.04002531125119733,635,"Yes, I am happy to be your knight in shining armor, that said, I'd still like to split the check."
4384,4654,5,35,128,168,1.2678571428571428,0.03912466666088686,635,"Personally, I don't believe chivalry is dead."
7454,4654,9,27,132,168,1.2678571428571428,0.04261318503754864,635,"And another interesting fact, this visor thingy is actually called a beaver..."
2837,4657,11,27,145,183,1.2677595628415301,0.041687149743716345,635,A simple condem would have sufficed.
2905,4657,9,31,143,183,1.2677595628415301,0.04022088975894009,635,Keira Knightley decided she was never going on a blind date again.
4040,4657,9,31,143,183,1.2677595628415301,0.04022088975894009,635,And how’s the jousting working out for you?
5016,4657,8,33,142,183,1.2677595628415301,0.039467337541614106,635,I don't see this going anywhere.
6851,4657,6,37,140,183,1.2677595628415301,0.037915330037723315,635,"I don't know George, sometimes it just seems like you don't have a heart."
6905,4657,7,35,141,183,1.2677595628415301,0.03869911487678488,635,"Yes, you did promise an exciting knight"
7401,4657,7,35,141,183,1.2677595628415301,0.03869911487678488,635,I sell auto insurance.
7357,4664,9,24,124,157,1.267515923566879,0.04462097038717284,635,Would it be rude to ask for an eco-friendly metal straw?
6711,4664,5,32,120,157,1.267515923566879,0.040796981861168695,635,"Well, that's one way around the Pence Rule."
3175,4664,8,26,123,157,1.267515923566879,0.04369635775399191,635,"Everyone says they are looking for their knight in shining armor, but I've found that people lie in their dating profiles."
350,4664,4,34,119,157,1.267515923566879,0.039783594755280975,635,You look lovely to(k)night.
5183,4664,6,30,121,157,1.267515923566879,0.041785799577232385,635,"Honey, I didn’t mean for you take my “date night” request literally."
2227,4669,5,36,131,172,1.2674418604651163,0.03854489647878435,635,Wine helps me let my shield down
7157,4669,6,34,132,172,1.2674418604651163,0.0394171092365302,635,I just want to be careful. Contraceptives aren't as reliable as you'd think!
1312,4671,11,28,148,187,1.267379679144385,0.04105692646163531,635,I’m leaving you for someone with less rust.
1328,4672,7,25,114,146,1.2671232876712328,0.044849083934353454,635,You’ll have to give me your cleaning lady’s number...mine doesn’t do silver
2769,4672,5,29,112,146,1.2671232876712328,0.04269067470972507,635,I see. Blacksmithing is your hobby AND your defense mechanism.
2842,4672,9,21,116,146,1.2671232876712328,0.046908282342565076,635,"Can you really sing Man of La Mancha with that 
armor on?"
919,4675,8,27,126,161,1.2670807453416149,0.0429481884656501,635,I didn't mean it literally.
4367,4675,7,29,125,161,1.2670807453416149,0.04203459457313946,635,May I ask how you deal with rust ?
5777,4675,6,31,124,161,1.2670807453416149,0.041100698161654264,635,It is disappointing to discover that being a knight in shining armor isn't all that it's cracked up to be.
6603,4675,7,29,125,161,1.2670807453416149,0.04203459457313946,635,"When you accepted the invitation, I didn't expect you to come by mail."
6567,4679,10,27,139,176,1.2670454545454546,0.04204545454545454,635,"Let's face it, Mr. Cruz. You need to avoid public gatherings."
7662,4679,13,21,142,176,1.2670454545454546,0.0443015286727115,635,I'm not Luke.  You're not my father.  And nobody thinks this is funny.
1340,4679,12,23,141,176,1.2670454545454546,0.04356248819574031,635,Mildred finally met her shite in knighting armor.
1564,4682,7,26,117,150,1.2666666666666666,0.044032392659054245,635,Oh please. You do know that everyone lies a little on their pictures.
2083,4682,11,26,143,180,1.2666666666666666,0.04213424792162008,635,Emotionally accessible? Would you prefer a knight in tarnished armor?
2532,4682,6,28,116,150,1.2666666666666666,0.043004257285391624,635,This is not what I meant when I said that I'm waiting for my knight in shining armor.
3052,4682,6,32,127,165,1.2666666666666666,0.04044590095625991,635,Its been Middle Ages since I've had a date
5414,4682,5,30,115,150,1.2666666666666666,0.041950931885420414,635,Do you get many nights out?
5446,4682,4,36,125,165,1.2666666666666666,0.03857526725959011,635,Sorry I’m late. Just gotta out of Knight class.
6100,4682,6,36,138,180,1.2666666666666666,0.03827438589666207,635,"Well, it didn't say in your profile how chivalrous you were."
6308,4682,8,32,140,180,1.2666666666666666,0.03986320494676991,635,Everyone says I look years younger!
6477,4682,6,36,138,180,1.2666666666666666,0.03827438589666207,635,You looked a little more valiant in your Tinder profile.
7560,4682,5,38,137,180,1.2666666666666666,0.037454710909788316,635,"Your profile said you liked Medieval Literature, so I assumed you were a Professor”"
3485,4692,7,35,142,184,1.266304347826087,0.03851571949875561,635,I ordered the swordfish in the stone.
1516,4692,7,35,142,184,1.266304347826087,0.03851571949875561,635,"It's not you, really. I just thought the armor would be shinier."
6821,4694,4,37,128,169,1.2662721893491125,0.03800913021853243,635,"Wrong role-playing, Steve..."
5099,4694,6,33,130,169,1.2662721893491125,0.03981932616505114,635,I'm trying to strike a balance between appearing gallant and feeling safe around you.
516,4694,7,31,131,169,1.2662721893491125,0.04069423932663458,635,"No, I'm not disappointed. It's just that I thought the armor would be 'shinier'"
1213,4694,6,33,130,169,1.2662721893491125,0.03981932616505114,635,It’s what you get when you use MedevilMatch.com
5955,4698,6,29,119,154,1.2662337662337662,0.042262440707957816,635,"YourTinder said ""wine and amour"""
3563,4698,7,27,120,154,1.2662337662337662,0.043255015112900655,635,I just don't think we will ever be close.
390,4698,6,29,119,154,1.2662337662337662,0.042262440707957816,635,"I don't care what you think, I am not a damsel in distress."
2612,4698,6,29,119,154,1.2662337662337662,0.042262440707957816,635,What do you do for fun?
2707,4702,12,30,161,203,1.2660098522167487,0.03939362237456805,635,I don’t think this is going to work. You’re so literal.
1810,4703,8,34,146,188,1.2659574468085106,0.0387181275701258,635,Is this what you meant by a night out?
5996,4703,7,36,145,188,1.2659574468085106,0.037976362504873476,635,Guess we should call it a night.
969,4705,6,34,133,173,1.2658959537572254,0.03921908183691518,635,"Yes, my lance is long.
But, it’s very thin."
2434,4705,9,28,136,173,1.2658959537572254,0.041710626769538205,635,"Well yes, I suppose I did write in my on-line profile that I was looking for a ""Knight in Shining Armor."""
3451,4705,11,24,138,173,1.2658959537572254,0.04329206689174236,635,This is not what I meant by a night out on the town
5591,4705,6,34,133,173,1.2658959537572254,0.03921908183691518,635,"Well Hilda, you finally got yer knight out!"
7134,4709,7,28,123,158,1.2658227848101267,0.0425140386572089,635,this is a little too oaky for me... I prefer a more steely finish.
5583,4709,6,30,122,158,1.2658227848101267,0.04155499762800144,635,I warned you about getting stuck in that outfit.
4893,4709,8,26,124,158,1.2658227848101267,0.043451917541463006,635,"Charles, this re-enactment thing is starting to interfere with our life."
4202,4709,7,28,123,158,1.2658227848101267,0.0425140386572089,635,I love how you embrace your vulnerability.
3431,4709,9,24,125,158,1.2658227848101267,0.04436997625775281,635,"You are a “Knight to remember”, but not in a good way."
2523,4709,7,28,123,158,1.2658227848101267,0.0425140386572089,635,We just don’t share the same circle of friends.
1747,4709,8,26,124,158,1.2658227848101267,0.043451917541463006,635,"The thing is, I didn't mean it literally"
1160,4709,7,28,123,158,1.2658227848101267,0.0425140386572089,635,"But enough about me, what do you like to do?"
754,4709,5,32,121,158,1.2658227848101267,0.040573293836953364,635,"To me, it's a bit steely, with undercurrents of rustic heaviness."
2580,4709,8,26,124,158,1.2658227848101267,0.043451917541463006,635,"Lulu, you’ve been ‘out’ for twenty years, what’ going on?"
984,4719,6,26,111,143,1.2657342657342658,0.04432876928557099,635,oh hell no
3025,4720,6,35,136,177,1.265536723163842,0.038643444550550764,635,I think  renaissance man relates more to the intellect
5670,4720,7,33,137,177,1.265536723163842,0.03946539170107485,635,"Whatever, your armor isn't even shining."
7409,4720,10,27,140,177,1.265536723163842,0.04183444930057758,635,Just to clarify: were you looking for a literal or figurative blind date?
2870,4723,2,39,121,162,1.2654320987654322,0.036937857646961794,635,"No, seriously: metal straws. They're going to be big."
3758,4723,7,29,126,162,1.2654320987654322,0.04180683566182501,635,"Yeah, when you asked if I had any protection I thought that might have been more likely but you can never be too careful these days."
5167,4723,8,27,127,162,1.2654320987654322,0.0427140813334007,635,So who shines your armor?
5703,4726,10,36,165,211,1.2654028436018958,0.03714520439903914,635,"Sorry, when you said 'date night,' I thought you meant something else."
6114,4727,8,23,116,147,1.2653061224489797,0.04561319813620343,635,It's part of my groping rehabilitation program
1875,4727,8,23,116,147,1.2653061224489797,0.04561319813620343,635,"I'd love to win the Lancelot Integrity Award, but my immediate goal is to get a straw."
808,4727,3,33,111,147,1.2653061224489797,0.04018238474300383,635,This isn't what I meant by a knight out
3859,4727,6,27,114,147,1.2653061224489797,0.04352226928804891,635,This could only be more humiliating if you'd slipped out while I was in the ladies room. Jeffrey?
1258,4731,5,38,138,181,1.2651933701657458,0.03727633039360753,635,"So it didn't work out with the lip reader, eh?"
2015,4731,8,32,141,181,1.2651933701657458,0.03966972233616577,635,"By chance do you have a straw, my lady?"
3658,4731,8,32,141,181,1.2651933701657458,0.03966972233616577,635,I'm a stickler for privacy.
3742,4731,10,28,143,181,1.2651933701657458,0.04118812424277849,635,My Tinder guy last week rented the same suit. Took me all night to UN-screw him.
5489,4731,7,34,140,181,1.2651933701657458,0.038888295360216756,635,But the dating site told you I'm shy.
7010,4731,7,34,140,181,1.2651933701657458,0.038888295360216756,635,I don't think that's what our therapist meant by date night.
7060,4731,5,38,138,181,1.2651933701657458,0.03727633039360753,635,"I know your shy, but if we want this relationship to work, you need to come out of your shell."
7382,4738,6,32,128,166,1.2650602409638554,0.040233595659601044,635,"So you couldn't really face me."""
1186,4738,9,26,131,166,1.2650602409638554,0.04286957277701307,635,You misunderstood me. I didn't say I wanted to start having a date knight.
5514,4738,8,28,130,166,1.2650602409638554,0.042009295637463806,635,"Don't you think,just a rubber would be sufficient?"
3372,4741,8,24,119,151,1.2649006622516556,0.04477265283562814,635,"As your agent, I must tell you that your routine isn't slaying anyone."
6450,4742,10,29,146,185,1.2648648648648648,0.04056794999784513,635,You asked for a romantic knight
4117,4743,9,27,134,170,1.2647058823529411,0.0421689354760427,635,Not exactly what I had in mind when I asked for a night out.
5033,4743,7,31,132,170,1.2647058823529411,0.040484464065047195,635,Have you seen those new wine straws?
39,4745,8,25,122,155,1.264516129032258,0.043972626739534455,635,"The ""knight in shining armor"" from your profile makes sense now."
1453,4745,4,33,118,155,1.264516129032258,0.0399805350155413,635,Would you happen to have a straw?
2903,4745,4,33,118,155,1.264516129032258,0.0399805350155413,635,Men are utterly medieval these days.
3603,4745,7,27,121,155,1.264516129032258,0.04300935621249226,635,"Yeah, I'm just getting back into dating and I might need to learn to let down my defenses a bit."
5402,4745,3,35,117,155,1.264516129032258,0.03891858167466474,635,I try not to kiss anyone on a first date
4915,4750,7,32,135,174,1.264367816091954,0.03986518060165665,635,This isn’t exactly the round table I had in mind.
5760,4750,2,42,130,174,1.264367816091954,0.03545460173413753,635,I am just protecting my feelings.
777,4750,8,30,136,174,1.264367816091954,0.04068996672962488,635,You've taken blind dating a bit far. Would you like a straw?
2806,4750,6,34,134,174,1.264367816091954,0.039022965755403864,635,...so this makes saying “milady” somehow less creepy?
6384,4750,7,32,135,174,1.264367816091954,0.03986518060165665,635,I think we should say good night
2349,4755,7,37,149,193,1.2642487046632125,0.0372883043305425,635,Your claim that I touched you is categorically false!
6416,4756,5,32,122,159,1.2641509433962264,0.04035195666519279,635,"I said I was a knight of  ""A"" round table."
2115,4756,5,32,122,159,1.2641509433962264,0.04035195666519279,635,I'd recommend the pottage and cockles.
7433,4756,5,32,122,159,1.2641509433962264,0.04035195666519279,635,"If I get questioned some day, I can honestly say it was an unforgettable knight."""
5560,4756,7,28,124,159,1.2641509433962264,0.04227887650481754,635,my mother warned me about knights in shining armor.
1671,4756,9,24,126,159,1.2641509433962264,0.04412172243135606,635,'Gesundheit!'
1689,4756,7,28,124,159,1.2641509433962264,0.04227887650481754,635,I was told you would only go out with a knight in shining armour.
4054,4756,8,26,125,159,1.2641509433962264,0.04321012490620249,635,This is the last time I let a millennial anywhere near my Tinder account without a spellchecker.
2520,4763,6,35,137,178,1.2640449438202248,0.03845467959887868,635,It keeps me from drinking too much.
3946,4763,5,37,136,178,1.2640449438202248,0.03762023937966908,635,"Yes, normally it would look ridiculous to drink wine with a straw."
6602,4763,5,37,136,178,1.2640449438202248,0.03762023937966908,635,You call that armor shining?
7174,4763,7,33,138,178,1.2640449438202248,0.039271393597900606,635,Good you have an interior life!
1561,4767,7,29,127,163,1.2638036809815951,0.04158145875937288,635,Not exactly what I meant by a suit and tie.
3031,4767,8,27,128,163,1.2638036809815951,0.04248244431051912,635,I meant a man with with an iron will.
4302,4767,7,29,127,163,1.2638036809815951,0.04158145875937288,635,"This is not what I meant by I would like a night with a glass of wine,"
4560,4767,9,25,129,163,1.2638036809815951,0.043364714188327,635,I was expecting your armor to be more shining.
5259,4767,3,37,123,163,1.2638036809815951,0.03776316014850592,635,"- How was work today?
 - Same old.....out there slaying the dragon"
5373,4767,5,33,125,163,1.2638036809815951,0.039718219855370746,635,"On your profile you listed that you're seeking a knight in shining armor, and someone who will open up to you. That guy couldn't make it... hope you don't mind I came alone."
5491,4767,7,29,127,163,1.2638036809815951,0.04158145875937288,635,You look nothing like the knight in shining armor I requested from the dating service.
7262,4774,11,26,145,182,1.2637362637362637,0.041721158549953875,635,"Rusty, we can't go on meeting like this"
7131,4775,8,23,117,148,1.2635135135135136,0.045339404091624,635,Don't you dare ask for a straw.
502,4776,7,30,130,167,1.2634730538922156,0.040914790907759784,635,How's your Pennzoil?
1625,4776,9,26,132,167,1.2634730538922156,0.042641644536897776,635,I believe I said I would like to have a good night at the round table.
2506,4776,5,34,128,167,1.2634730538922156,0.039111767810216164,635,"Tall, dark , handsome and shy?"
4601,4776,8,28,131,167,1.2634730538922156,0.0417871389534917,635,"I was picturing, you know, more of the Robert Downey Jr. version."
6000,4776,10,24,133,167,1.2634730538922156,0.04347935965149285,635,I'm afraid you're just not shiny enough for me.
6648,4776,5,34,128,167,1.2634730538922156,0.039111767810216164,635,I get defensive when I drink wine...
4700,4782,7,35,144,186,1.2634408602150538,0.03815392655139479,635,Your defensiveness is a red flag.
7086,4782,11,27,148,186,1.2634408602150538,0.041087865195948405,635,"The embarrassment Leopold felt when he realized Susie meant one ""night"" stand."
7122,4782,11,27,148,186,1.2634408602150538,0.041087865195948405,635,But this is exactly what you said you wanted!
6162,4785,11,18,123,152,1.263157894736842,0.047356801177305854,635,"Typically, I walk in for the rescue, but if you want more oomph, I can ride in on a white horse for an extra $500."
5879,4785,7,31,133,171,1.263157894736842,0.040276774960249215,635,I picked this restaurant because your profile said you could only eat at round tables.
5873,4785,7,31,133,171,1.263157894736842,0.040276774960249215,635,"I can see you are my knight in shinning armor, but I just don't love you."
4978,4785,9,27,135,171,1.263157894736842,0.04195017878874135,635,Your profile said your armor was shining.
3886,4785,6,33,132,171,1.263157894736842,0.03941343871821076,635,When I said I wanted a night out not what I had in mind
2320,4785,6,28,118,152,1.263157894736842,0.04250852548658323,635,"I wish you would let down your guard, be more vulnerable."
1902,4785,5,35,131,171,1.263157894736842,0.038530763060050495,635,So where is your white horse?
376,4785,5,35,131,171,1.263157894736842,0.038530763060050495,635,No it's not really that tough for men these days.
4355,4785,7,31,133,171,1.263157894736842,0.040276774960249215,635,"Maybe, a man with a sense of chilvalry isn't what I need at this stage in my life."
161,4794,6,34,135,175,1.262857142857143,0.03882873490687899,635,I hope our waiter doesn't take me as literally as my dating app. I said I could eat a horse.
742,4794,5,36,134,175,1.262857142857143,0.03797353301283531,635,I want you to find the man that murdered my son
2341,4794,7,32,136,175,1.262857142857143,0.03966550263718428,635,You're going to have a rough time eating lobster in that thing.
5152,4794,9,28,138,175,1.262857142857143,0.041288194310771846,635,It was shining more in your photo.
6994,4794,5,36,134,175,1.262857142857143,0.03797353301283531,635,"Now you show up?
After years of slaving away in the office, climbing corporate
ladders, smashing glass ceilings, and surviving hostile takeovers,
just call me a ""dame under stress."""
3721,4799,9,23,124,156,1.2628205128205128,0.04465859786062159,635,"When you mentioned a date night, this wasn't what I had in mind."
7207,4799,6,29,121,156,1.2628205128205128,0.041788173028505786,635,you want me to ask for a straw honey?
6378,4799,5,31,120,156,1.2628205128205128,0.04078649800021505,635,What I'm really looking for is a fairy tale romance with a good man.
3757,4799,9,23,124,156,1.2628205128205128,0.04465859786062159,635,This date is not heading for a fairytale ending so don't get any ideas.
3323,4799,4,33,119,156,1.2628205128205128,0.039759595485652936,635,This would never happen on Jdate...
2739,4799,4,33,119,156,1.2628205128205128,0.039759595485652936,635,Take off those stupid glasses.
2681,4799,6,29,121,156,1.2628205128205128,0.041788173028505786,635,So few places have kept a dress code beyond shoes and shirt.
7146,4806,9,34,155,198,1.2626262626262625,0.03800633127288049,635,"Will you get the check, mate?"
1489,4807,7,33,139,179,1.2625698324022345,0.03907923426397881,635,Just think of it as a different kind of blind date.
1672,4807,6,35,138,179,1.2625698324022345,0.03826768678691017,635,This is not my strong suit ... I haven't been dating in middle ages.
2029,4807,7,33,139,179,1.2625698324022345,0.03907923426397881,635,How did you find out that I went to Georgetown Prep?
7189,4807,6,35,138,179,1.2625698324022345,0.03826768678691017,635,"This is not what meant by a ""night out"""
4299,4811,5,32,123,160,1.2625,0.040132935548290886,635,"Well, you certainly are a Knight in Shining Armor.  I'm just not sure you're my Knight in Shining Armor."
5542,4811,8,26,126,160,1.2625,0.042970938694972025,635,"It used to be you meet a damsel in distress, you rescue her, and it's happily ever after. Nowadays, you gals don't even seem distressed until after you've met me."
2873,4813,9,35,158,202,1.2623762376237624,0.03749917799730926,635,Who said Chivalry was dead!
6219,4814,7,34,142,183,1.2622950819672132,0.03851638043024811,635,I’ve just never been into the knight in shining armor thing.
4652,4814,5,38,140,183,1.2622950819672132,0.03692442390469188,635,"Damn, must have left the straws in my other suit."
7600,4814,7,34,142,183,1.2622950819672132,0.03851638043024811,635,Not the night out I wished for...
3641,4814,9,30,144,183,1.2622950819672132,0.040045100102282405,635,"So, no straws, uh? 
Wasn't aware of that..."
4498,4814,10,28,145,183,1.2622950819672132,0.0407879796334524,635,the wine is nice
1072,4819,5,33,126,164,1.2621951219512195,0.03950805227642463,635,You looked different in your photo.
6457,4819,10,23,131,164,1.2621951219512195,0.04398829037497232,635,Your Tinder picture made you seem younger.
7411,4819,5,33,126,164,1.2621951219512195,0.03950805227642463,635,"No, a joust in the park would not hit the spot."
7754,4819,5,33,126,164,1.2621951219512195,0.03950805227642463,635,"Medieval England has its enchantments but, as you may have gathered, I fancy myself a renaissance…Wait, is anyone in there?"
666,4823,8,28,132,168,1.2619047619047619,0.0415672568654724,635,"If you find me defensive, Karen, then you're the one with the problem."
1392,4823,11,22,135,168,1.2619047619047619,0.04406466658910854,635,"Because, Eileen, the first cut is the deepest."
3332,4823,6,32,130,168,1.2619047619047619,0.039815384519815186,635,So... how do you plan to drink that wine exactly?
4552,4823,3,38,127,168,1.2619047619047619,0.03703251066524659,635,I've heard the waiters here are pretty aggressive.
5516,4823,8,28,132,168,1.2619047619047619,0.0415672568654724,635,"When you promised a Christmas celebration, I didn't expect a silent knight."
5680,4823,6,32,130,168,1.2619047619047619,0.039815384519815186,635,"Yes, I did say I was looking for my own knight in shining armor"
6259,4823,11,22,135,168,1.2619047619047619,0.04406466658910854,635,I can always tell a first knighter
7596,4830,6,38,147,191,1.2617801047120418,0.036712145317168064,635,"Aroma of citrus, hint of tobacco and overture of metal"
6614,4830,8,34,149,191,1.2617801047120418,0.03818382924449672,635,"Please, could you ask the waiter for a can opener?"
5288,4832,6,27,116,149,1.261744966442953,0.04300938393335905,635,I thought the ad said ‘steed’ dating.
4852,4832,7,25,117,149,1.261744966442953,0.04405112743045617,635,"It's gauche, but let me order you a straw."
752,4834,7,31,134,172,1.2616279069767442,0.04007114244383266,635,So this is what you meant when you said that tonight’s the ‘night’...
1897,4834,8,29,135,172,1.2616279069767442,0.040910828795788036,635,It's dinner knight!
2420,4834,5,35,132,172,1.2616279069767442,0.03833663449946048,635,I think you've lost your shine.
3805,4834,4,37,131,172,1.2616279069767442,0.03743925865640066,635,I'd say huile d'armor with notes of lance hickory and toe of frog.
3832,4834,6,33,133,172,1.2616279069767442,0.03921347983474019,635,"So, you said you were shy, but this is unexpected!"
4529,4834,9,27,136,172,1.2616279069767442,0.04173362395913673,635,"It was really inconsiderate of you to order me my favorite merlot when you know I can’t take off my fucking mask in public, Sharon."
5257,4834,10,25,137,172,1.2616279069767442,0.04254050804547336,635,"I know we’ve just met Lancelot, but your views seem rather medieval."
6987,4834,7,31,134,172,1.2616279069767442,0.04007114244383266,635,It is what your dating profile said you wanted.
3857,4842,5,30,118,153,1.261437908496732,0.04123485412706176,635,"If this works out, you'll see I'm quite soft on the inside."
6150,4842,5,30,118,153,1.261437908496732,0.04123485412706176,635,...but it turns out they meant get back on the horse FIGURATIVELY.
7374,4844,3,40,133,176,1.2613636363636365,0.03602725912744582,635,Can we toast to a night on the town?
7478,4844,7,32,137,176,1.2613636363636365,0.03946775468628014,635,I specifically wished for 'shining' armor.
5674,4844,11,24,141,176,1.2613636363636365,0.04263148976656396,635,I think you took me literally when I said I wanted a good night.
3666,4844,7,32,137,176,1.2613636363636365,0.03946775468628014,635,"No, it won't help to get a white horse and shine your armor."
4532,4844,7,32,137,176,1.2613636363636365,0.03946775468628014,635,"No, I don't think they have any straws"
5528,4849,9,23,125,157,1.2611464968152866,0.044404802057903814,635,It's just another knight out.
4514,4850,7,33,140,180,1.261111111111111,0.03888888888888888,635,I said I don't have emotional armor.
7598,4850,8,31,141,180,1.261111111111111,0.03967894813932362,635,Camelot this is not.
6957,4852,9,24,128,161,1.2608695652173914,0.04363326407374778,635,Will you be dining in or out?
6071,4852,8,26,127,161,1.2608695652173914,0.0427343185528518,635,What is the vintage?
3773,4852,11,26,147,184,1.2608695652173914,0.04131591289992289,635,It won't protect you from recent changes in Gmail.
3531,4852,7,28,126,161,1.2608695652173914,0.04181605230798118,635,Ah ... could you get me a straw?
2602,4852,6,36,142,184,1.2608695652173914,0.03755025968673369,635,"Yes, it is shining and obviously you are as stated in your profile; it's just that...."
5830,4852,7,28,126,161,1.2608695652173914,0.04181605230798118,635,Do you really not believe Dr. Christine Blasey Ford?
1652,4852,4,34,123,161,1.2608695652173914,0.03893151648684435,635,Good knight to you too.
1537,4852,4,34,123,161,1.2608695652173914,0.03893151648684435,635,"So, chivalry won't get me everything."
845,4852,9,24,128,161,1.2608695652173914,0.04363326407374778,635,This is not what I had in mind for Date Night.
654,4852,11,20,130,161,1.2608695652173914,0.04537776147888962,635,"To tell you the truth, it's been especially dreadful to open up since losing my wife to the plague"
114,4852,6,36,142,184,1.2608695652173914,0.03755025968673369,635,"I wasn’t sure about the knight in shining armor bit, but your sense of humor slays me."
1796,4852,5,32,124,161,1.2608695652173914,0.03991619630573821,635,"I'm sorry, Susan, I just feel like you're putting up some kind of armor."
6242,4864,7,35,146,188,1.2606382978723405,0.03779865463616996,635,Don't you find this Chianti to have a metallic aftertaste?
4391,4864,7,35,146,188,1.2606382978723405,0.03779865463616996,635,"Thought your ad read, ""Looking for a one night stand."" Guess I missed the ""K""!"
608,4864,6,37,145,188,1.2606382978723405,0.03703847997514851,635,So in your Speed Dating profile this is what you meant when you said you were into chivalry
2269,4864,8,33,147,188,1.2606382978723405,0.03854383978976962,635,Your constant excuses not to commit are getting rusty...
306,4868,8,27,130,165,1.2606060606060605,0.042026431778046595,635,A Knight's Tale my ass!
841,4868,9,25,131,165,1.2606060606060605,0.042896745774035065,635,"Bold, with berries and a metallic hint."
946,4868,8,27,130,165,1.2606060606060605,0.042026431778046595,635,I believe you might need a straw.
3512,4868,5,33,127,165,1.2606060606060605,0.03930001880371855,635,I read on your dating profile that being chivalrous was important to you.  I wasn't expecting to this degree....
5220,4868,10,23,132,165,1.2606060606060605,0.04374975003368118,635,You just misunderstood. I said the theme of tonight’s dinner is “Meat is Evil.
5009,4873,4,29,109,142,1.2605633802816902,0.04202398279359126,635,"If you were going for my sword, I left it at coat check."
6492,4874,7,36,149,192,1.2604166666666667,0.037284563925264705,635,"Why yes, I do recall you indicated you have a guarded personality in your online profile."
6848,4875,10,24,135,169,1.2603550295857988,0.0430194781065071,635,"I wished for a night in Bar Harbor not a knight in shining armor!”



Phyllis Lambert
Sarasota, FL"
4429,4875,3,38,128,169,1.2603550295857988,0.03684533687745904,635,Turns out you’re not my knight in shining armor.
7109,4875,8,28,133,169,1.2603550295857988,0.04134961596299139,635,It was then that Linda hoped chivalry was in fact dead.
7077,4875,8,28,133,169,1.2603550295857988,0.04134961596299139,635,Well this could prove to be an interesting night.
4421,4875,5,34,130,169,1.2603550295857988,0.03870999361770568,635,You’re not the knight in shining armor I had in mind.
337,4875,5,34,130,169,1.2603550295857988,0.03870999361770568,635,Either your ugly or have something else worth hiding.
1198,4875,5,34,130,169,1.2603550295857988,0.03870999361770568,635,"You call that shining armor?"""
824,4875,8,28,133,169,1.2603550295857988,0.04134961596299139,635,"Regrets? Yeah, our one-knight stand that turned me into a lady of the knight."
1345,4875,8,28,133,169,1.2603550295857988,0.04134961596299139,635,Make sure the flexible straw isn't plastic.
1042,4875,6,32,131,169,1.2603550295857988,0.03960941787021744,635,Pasta al dente all right with you?
3105,4885,7,24,115,146,1.2602739726027397,0.044599508482464946,635,"Look, Louise - we've all got our bets on you. Mount another horse and get out there."
5607,4885,5,28,113,146,1.2602739726027397,0.04242840480501643,635,Linguine with extra oil
6815,4887,11,29,156,196,1.260204081632653,0.03953205875232991,635,"So this is what you meant by ""a knight out."""
2328,4888,7,31,135,173,1.260115606936416,0.03986753746280222,635,"So, you’re a knight in shining armor, how do you feel about white satin?"
4162,4888,9,27,137,173,1.260115606936416,0.041519239077797615,635,Slings and arrows is a metaphor.
4285,4888,7,31,135,173,1.260115606936416,0.03986753746280222,635,I thought it would be a win win. You get a knight in shining armour and I protect myself as a man.
5348,4888,6,33,134,173,1.260115606936416,0.03901547395870323,635,Maybe this being rescued thing isn't such a good idea.
6861,4888,7,31,135,173,1.260115606936416,0.03986753746280222,635,So... is it your first time on Tinder?
528,4893,7,32,138,177,1.2598870056497176,0.03927191015143658,635,"Before we go any further I'm gonna need a straw."""
4439,4893,9,28,140,177,1.2598870056497176,0.040874021061281206,635,"The invitation specified Halloween costume party, are you dressed as Nancy Drew?"
2820,4895,8,24,122,154,1.2597402597402598,0.04399727866706485,635,"Call me old fashioned, Sir Galahad, but I still feel the need to look into your eyes."
3836,4895,8,24,122,154,1.2597402597402598,0.04399727866706485,635,You looked taller in your tinder photo.
5246,4895,8,24,122,154,1.2597402597402598,0.04399727866706485,635,You looked different in your profile picture.
7626,4898,7,33,141,181,1.2596685082872927,0.038700333072747534,635,Open Table indicated the dress requirement as heavy-metal casual.
534,4899,7,27,124,158,1.259493670886076,0.042288386669252824,635,I'm the good knight of the round table.
1108,4899,7,27,124,158,1.259493670886076,0.042288386669252824,635,Setting the bar for failure?
3106,4899,6,29,123,158,1.259493670886076,0.04132410908906316,635,Not my idea of a night out on the town.
6920,4899,8,25,125,158,1.259493670886076,0.04323116124014815,635,You're dull.
934,4903,7,34,144,185,1.2594594594594595,0.03815129521080028,635,"I thought we could work out our differences over a glass of wine,but you seem awfully defensive to me."
1331,4903,10,28,147,185,1.2594594594594595,0.04039535302486058,635,I thought some wine might help you open a bit.
1418,4903,9,30,146,185,1.2594594594594595,0.03966144399063931,635,I don't know why you're upset. I wore a suit just like you asked.
1804,4903,16,16,153,185,1.2594594594594595,0.04454560568098804,635,I'm torn between the swordfish and steelhead trout.
1985,4903,9,30,146,185,1.2594594594594595,0.03966144399063931,635,"Oh waiter, would you bring me a straw?"
3039,4903,3,42,140,185,1.2594594594594595,0.0349357080927188,635,Well it’s an unusual diet technique but if it works for you....
5303,4903,8,32,145,185,1.2594594594594595,0.0389136959545367,635,I don't think filet of dragon is on the menu.
6767,4910,7,28,127,162,1.2592592592592593,0.04158831423557151,635,"Well, I do feel safer since you look 
just like your profile pic."
5989,4910,6,30,126,162,1.2592592592592593,0.04065595460513889,635,You can understand why I am against the plastic straw ban.
5724,4910,5,32,125,162,1.2592592592592593,0.039701705363291234,635,"I know I said ""looking for my knight in shining armor"", but maybe you're taking this a little too far."
5360,4910,5,32,125,162,1.2592592592592593,0.039701705363291234,635,Kiss on the first date? Why do you ask?
2439,4910,7,35,147,189,1.2592592592592593,0.037623411807978444,635,"Can we talk about the ""Knight in Shining Armor"" reference in your personal ad for a second?"
1523,4910,4,41,144,189,1.2592592592592593,0.03530806204088807,635,"Don't frown, Marcella, it isn't appealing."
1329,4910,8,26,128,162,1.2592592592592593,0.04250022490597157,635,They have me working the knight shift after this.
675,4910,9,24,129,162,1.2592592592592593,0.043392975850472526,635,Would you like a straw ?
3533,4910,10,22,130,162,1.2592592592592593,0.044267726271644194,635,"It was OK on our first date, but straws are illegal now."
6976,4919,7,36,150,193,1.2590673575129534,0.03711541135205805,635,I firmly believe that relationships should always be open and transparent.
7531,4920,7,29,130,166,1.2590361445783131,0.04091926787593426,635,I don't think this is what they mean by a Blind Date
378,4920,4,35,127,166,1.2590361445783131,0.038148767124497135,635,I'm on a quest to meet a nice woman
590,4920,9,25,132,166,1.2590361445783131,0.04266644095490076,635,"Trust me, when the kingdom is under attack you'll wish you were wearing this!"
993,4920,7,29,130,166,1.2590361445783131,0.04091926787593426,635,"Next time, just take a shower."
1310,4920,6,31,129,166,1.2590361445783131,0.04001708551824684,635,You look nothing like you photo online.
2120,4920,7,29,130,166,1.2590361445783131,0.04091926787593426,635,"Are you that embarrassed you ordered the cheap wine, or is your wife here?"""
3912,4920,5,33,128,166,1.2590361445783131,0.03909408885300817,635,Good night?
6198,4920,10,23,133,166,1.2590361445783131,0.043513728108331706,635,I decided the best way to enjoy middle age was by experiencing the middle ages.
4877,4928,5,26,108,139,1.2589928057553956,0.043726586145981586,635,Your horse just kicked valet to the curb.
241,4929,5,34,131,170,1.2588235294117647,0.03851207752208727,635,So they say chivalry is dead...
2645,4929,7,30,133,170,1.2588235294117647,0.04027911870455727,635,You should have checked first if this is a no-straws restaurant before putting on this ridiculous outfit.
3726,4929,9,26,135,170,1.2588235294117647,0.04197183212780174,635,"If you're going to go public with your #MeToo story, that's the right outerwear for it."
5351,4929,6,32,132,170,1.2588235294117647,0.039405504175705416,635,"Really, Harold, I didn’t mean you to take the “shining armor” bit literally."
6971,4929,7,30,133,170,1.2588235294117647,0.04027911870455727,635,".. well this time I'm not settling! I want nothing less than the knight in shining armor."" 

Deborah Burnett, Jamaica, NY"
7003,4929,6,32,132,170,1.2588235294117647,0.039405504175705416,635,so much for online dating
7702,4929,9,26,135,170,1.2588235294117647,0.04197183212780174,635,You looked younger in your profile painting
1117,4936,10,17,116,143,1.2587412587412588,0.04832798445906852,635,"When I said that I sought a knight in shining armour, I didn't mean it literally."
1195,4936,6,25,112,143,1.2587412587412588,0.044063838426966706,635,"You know Bob, you're right; I have been concealing my true self!"
7483,4938,4,37,133,174,1.2586206896551724,0.03706836677292631,635,"When I said I liked silent nights, I didn't mean the ones in shining armor"
4488,4939,4,30,113,147,1.2585034013605443,0.041056356319077045,635,At this point I'm looking for someone who doesn't have a lot of armor.
7068,4939,5,28,114,147,1.2585034013605443,0.04217596891968897,635,"Yes, yes, I agree that chivalry is not dead, but perhaps we can move on to another topic."
6979,4941,4,38,136,178,1.2584269662921348,0.036560165535876904,635,"It's a flattering offer, but I'm already on too many boards."
6252,4941,9,28,141,178,1.2584269662921348,0.04066995899130933,635,Louis C.K. tries his luck at speed dating..
5797,4941,8,30,140,178,1.2584269662921348,0.03988189554529687,635,"I know you have a hard time with woman, but aren't you being a little defensive?"
5043,4941,9,28,141,178,1.2584269662921348,0.04066995899130933,635,"Well, I was speaking figuratively, but, who knows? You might do."
4679,4941,6,34,138,178,1.2584269662921348,0.038257099316967906,635,I was hoping for someone softer.
416,4941,6,34,138,178,1.2584269662921348,0.038257099316967906,635,Wow. This will surely be a knight to remember!
2263,4947,4,31,116,151,1.2582781456953642,0.040377442349399294,635,"Okay, so you can sip your wine through the face mask. What are your plans for when the steak dinners arrive?"
3686,4947,7,25,119,151,1.2582781456953642,0.043534337171142495,635,"Even though it's our first date, you don't have to be so stiff."
4605,4949,8,31,143,182,1.2582417582417582,0.039293838554726686,635,"Yes I did wish for a ""knight in shining armor"" but it was only a figure of speech."
7288,4949,4,39,139,182,1.2582417582417582,0.03607152168656837,635,"Except for the shining armor, I think you are dreadfully dull!"
7497,4949,8,31,143,182,1.2582417582417582,0.039293838554726686,635,#metoo has alerted us to take extra precautions
7547,4949,7,33,142,182,1.2582417582417582,0.0385135428189856,635,Mind if I ask how you swipe right?
234,4953,5,38,143,186,1.2580645161290323,0.03640839393151098,635,So your into History dating
267,4953,4,32,119,155,1.2580645161290323,0.039729615770672154,635,I’ve been trying to loosen up lately.
2306,4953,6,36,144,186,1.2580645161290323,0.03719803472550513,635,This isn't what i thought you meant when you said you wanted a knight out.
2976,4953,6,28,121,155,1.2580645161290323,0.04178536502662134,635,I'll have the soup!
4530,4953,7,26,122,155,1.2580645161290323,0.04277620729996249,635,This wasn’t really what I had in mind when I said I was seeking my “knight in shining armor”
5858,4953,7,26,122,155,1.2580645161290323,0.04277620729996249,635,EHarmony said you would be a knight in shining armor
6708,4959,10,29,151,190,1.2578947368421052,0.03961776360215063,635,"Nothing personal,but I think my dating site misinterpreted my meaning of sir galahad"
444,4960,9,23,127,159,1.2578616352201257,0.04390557758976369,635,"Too be fair, Janice's online dating bio did say she was looking for her knight in shining armor"
3328,4960,7,27,125,159,1.2578616352201257,0.042053260892477094,635,"When you said this would be a night to remember, 
I had something else in mind."
4217,4960,7,27,125,159,1.2578616352201257,0.042053260892477094,635,"Chivalry isn't dead it just smells funny, these suits are hard to clean"
5857,4960,8,25,126,159,1.2578616352201257,0.04298939692052857,635,I’m pretty sure “the visor is the window to the soul” is not a thing.
6470,4960,6,29,124,159,1.2578616352201257,0.041095805817513,635,The Dragon Roll is to Die for.”
1726,4965,6,38,150,194,1.2577319587628866,0.03621766854034885,635,So I take it you’re into jousting?
541,4966,5,32,126,163,1.2576687116564418,0.03948942974222289,635,A blind date with an errant knight.
891,4966,6,30,127,163,1.2576687116564418,0.04043705507829283,635,I find it has a rather metal finish.
1270,4966,5,32,126,163,1.2576687116564418,0.03948942974222289,635,The dating service took me too literally.
1814,4966,3,36,124,163,1.2576687116564418,0.037522451109810194,635,Your armor could be shinier.
1867,4966,6,30,127,163,1.2576687116564418,0.04043705507829283,635,Are you on a night errand?
2006,4966,5,32,126,163,1.2576687116564418,0.03948942974222289,635,"I don't know why I'm suprised.
You did write in your profile that you're an old-fashioned type of guy..."
4516,4966,8,26,129,163,1.2576687116564418,0.04226861894458759,635,I guess the profile description 'knight in shining armor' was too good to be believed.
5909,4966,8,26,129,163,1.2576687116564418,0.04226861894458759,635,"I'm looking for a damsel in distress, not a damsel under stress."
4690,4974,4,26,102,132,1.2575757575757576,0.04384536910022607,635,"Chocolate highlights, with a hint of stainless steel."
129,4974,10,31,157,198,1.2575757575757576,0.03851564305413805,635,"Bart, wouldn’t a robe be more fitting on the bench?"
927,4976,5,33,129,167,1.2574850299401197,0.0388902323675404,635,I did say I was looking for a knight in shining armour.
1903,4976,8,27,132,167,1.2574850299401197,0.04157986020033555,635,I'm getting sour grapes with a hint of rust.
2445,4976,4,35,128,167,1.2574850299401197,0.037951354477917726,635,I call it Kavanaugh allegation armor
2821,4976,5,33,129,167,1.2574850299401197,0.0388902323675404,635,Yeah...she was a real chink in my armor...so to speak
3075,4976,7,29,131,167,1.2574850299401197,0.04070306999953109,635,You need to learn the difference between chauvinist and chivalrous.
3465,4976,9,25,133,167,1.2574850299401197,0.04243853957397885,635,We're married 10 years now and I still don't know what you look like.
3657,4976,2,39,126,167,1.2574850299401197,0.03600021628994921,635,At least you could raise your visor!
3987,4976,5,33,129,167,1.2574850299401197,0.0388902323675404,635,Shoulder pads went out in the Forties.
4519,4976,9,25,133,167,1.2574850299401197,0.04243853957397885,635,I distinctly remember you saying you wanted a knight out on the town.
4843,4976,5,33,129,167,1.2574850299401197,0.0388902323675404,635,This is what you meant when you said I deserved a night out?
7108,4986,4,36,131,171,1.2573099415204678,0.03740754573503583,635,"Good luck, quitting isn’t easy."
6947,4986,7,30,134,171,1.2573099415204678,0.04007147148199086,635,Oh - you like armoires?
1817,4986,9,26,136,171,1.2573099415204678,0.041753104386869404,635,"So, why couldn't you come as the damsel?"
1569,4986,4,36,131,171,1.2573099415204678,0.03740754573503583,635,I’m sure this will be one knight to remember!
1447,4986,5,34,132,171,1.2573099415204678,0.038316105328219364,635,I'll come out when you agree to be civil
1026,4986,11,22,138,171,1.2573099415204678,0.043369581795881074,635,"No, I don't polish armour!"
924,4986,4,36,131,171,1.2573099415204678,0.03740754573503583,635,You can't pin anything on me
804,4986,8,28,135,171,1.2573099415204678,0.04092092711970746,635,"Believe me, no one'll notice the straw!"
691,4994,10,33,163,206,1.2572815533980584,0.03749309753189487,635,"If I was looking for a knight in shining armor, I would have put that in my dating profile."
1765,4995,7,31,137,175,1.2571428571428571,0.03946629641431337,635,My sister suggested I wear a suit on first dates.
5756,4995,3,39,133,175,1.2571428571428571,0.03598420170985158,635,"Oh, just another metaphor!!"
6487,4995,6,33,136,175,1.2571428571428571,0.03862521336731559,635,"So you're out questing for Guinevere? Wrong table, Lance."
1039,4998,9,28,142,179,1.2569832402234637,0.04046787557174003,635,"It's a bit awkward, but fortunately, I brought my can opener."
3230,4998,9,28,142,179,1.2569832402234637,0.04046787557174003,635,"Mark, when you said you believed in chivalry, I thought you meant something else, entirely."
7216,4998,5,36,138,179,1.2569832402234637,0.037236623890174715,635,And what would my little skurvy knave like for dinner?
1697,5001,7,23,114,144,1.2569444444444444,0.04488884633653656,635,"By 'battle,' I just meant to expect crowded shops."
2025,5001,6,25,113,144,1.2569444444444444,0.04379364598089652,635,"Ellen found the ""interest in medieval era"" listed on her online date's profile was in a much more literal sense than previously anticipated."
7331,5003,6,35,142,183,1.2568306010928962,0.037536971805753584,635,"Forsooth Sir, thy armor is not shining as displayed on thy website."
5302,5003,6,35,142,183,1.2568306010928962,0.037536971805753584,635,You can't be too careful
939,5003,4,39,140,183,1.2568306010928962,0.03590161238150344,635,So you're fighting for this relationship!
2232,5003,7,33,143,183,1.2568306010928962,0.0383284945272189,635,I did not touch you 36 years ago!
1433,5007,5,28,115,148,1.2567567567567568,0.04192642504314524,635,And my occupation is the Shiny Object Trump pulls out whenever he wants to distract the world.
322,5008,8,32,147,187,1.2566844919786095,0.038546094518045075,635,"I don't care if you are a knight-errant, you still have to spend the holidays with my family."
1437,5009,6,27,119,152,1.256578947368421,0.042261685523532766,635,I want to be a judge one day; I have to protect myself.
1556,5009,6,27,119,152,1.256578947368421,0.042261685523532766,635,"Yeah, I swiped right because it looked like you're not always getting kidnapped, and you don't know any dragons. Fair maidens are so high-maintenance, you know?"
1795,5009,6,27,119,152,1.256578947368421,0.042261685523532766,635,In the end I suppose the Crusades were just a convenient excuse.
5609,5009,2,35,115,152,1.256578947368421,0.03791433185917001,635,"Your dating profile said you were a knight in shining armor, I don't know what I expected"
6243,5009,8,23,121,152,1.256578947368421,0.04427557808511744,635,"You don't share easily, do you?"
6453,5009,6,27,119,152,1.256578947368421,0.042261685523532766,635,"I'm sorry, Leonard, but your shining armor oxidated twenty years ago."
1686,5015,11,27,153,191,1.256544502617801,0.040125636041372044,635,I was talking figuratively
5515,5016,8,24,124,156,1.2564102564102564,0.043494763450623725,635,I should be the one wearing that.
4834,5016,3,34,119,156,1.2564102564102564,0.03844775049247682,635,No. I won’t get you a straw.
4569,5016,6,38,151,195,1.2564102564102564,0.03605569134166598,635,"Well, I suppose my mother always told me to find a knight in shining armor."
4045,5016,4,32,120,156,1.2564102564102564,0.039508764899330175,635,Everyone just says “good night.” Never “good knight.”
3145,5016,4,32,120,156,1.2564102564102564,0.039508764899330175,635,It’s freezing in here!
553,5021,9,23,128,160,1.25625,0.04366006029290242,635,"Yeah, Yeah, Yeah, You're all the same .""  "" I mean, why is this knight different from all other knights."
725,5021,7,27,126,160,1.25625,0.041820666665864606,635,"On the bright side, you don't need silverware."
846,5021,8,25,127,160,1.25625,0.04275025745628459,635,Do you always take personals ads so literally?
1362,5021,4,33,123,160,1.25625,0.03889883165049543,635,"I still don't feel safe, and it's hot in here."
3285,5021,7,27,126,160,1.25625,0.041820666665864606,635,Not the knight I was expecting.
330,5026,5,32,127,164,1.2560975609756098,0.03927933704865586,635,"You were right, the round table does fit the room well."
4099,5026,8,26,130,164,1.2560975609756098,0.042039462606503646,635,"Yes, my bio did say seeking male."
4212,5026,8,26,130,164,1.2560975609756098,0.042039462606503646,635,My fashion sense isn't the only thing that's rusty
7169,5029,9,25,134,168,1.255952380952381,0.042213005401537225,635,Do you think they'd judge me if I asked for a straw?
4669,5029,5,33,130,168,1.255952380952381,0.03868841980892167,635,"No, I wouldn’t quite describe it as a feeling of “distress.”"
4153,5029,9,25,134,168,1.255952380952381,0.042213005401537225,635,"He probably didn't mean my round table, but I'm glad for the company"
5975,5029,6,31,131,168,1.255952380952381,0.039598987698438386,635,The problem with dating apps is that your request can be taken way too literally.
2957,5029,4,35,129,168,1.255952380952381,0.03775589792180357,635,We have to order quickly. I double parked my white horse.
1514,5029,5,33,130,168,1.255952380952381,0.03868841980892167,635,How was your day?
988,5029,11,21,136,168,1.255952380952381,0.043869235506099655,635,"This your first time arguing before the Kavanaugh court, Chrissy?"
3718,5029,8,27,133,168,1.255952380952381,0.04136002690521971,635,"When you said “date night,” I thought you had something else in mind."
1653,5037,8,28,136,172,1.255813953488372,0.040709815367658664,635,Well at least your finality showing your mettle
5936,5037,10,24,138,172,1.255813953488372,0.0423472310697826,635,I would've figured you for more of a Rusty Nail kind of guy.
2112,5039,7,31,138,176,1.2556818181818181,0.03926860473191656,635,"I apologize, this is not what I meant when I said I would do anything for a knight in shining armor."
3138,5039,13,19,144,176,1.2556818181818181,0.04395035502930425,635,Will you get rusty if I spill my wine?
4778,5039,8,29,139,176,1.2556818181818181,0.0400868854181335,635,I' thought everyone knew knights errant were celibate.
5406,5039,7,31,138,176,1.2556818181818181,0.03926860473191656,635,What do you mean my online photo looked different?
6068,5039,6,33,137,176,1.2556818181818181,0.038432905857564745,635,Do you find a rusty metal finish in the Merlot?
6771,5039,7,31,138,176,1.2556818181818181,0.03926860473191656,635,What do you mean it wasn't a great year?
6800,5039,8,29,139,176,1.2556818181818181,0.0400868854181335,635,I’m automatically attracted to beautiful women. It’s like a magnet.
6254,5046,7,33,144,184,1.2554347826086956,0.038145164986215375,635,"No,I didn't say,""I would joust.  Love to meet you."""
4708,5046,7,33,144,184,1.2554347826086956,0.038145164986215375,635,"I wrote on my profile that I wanted a knight in shining armor, but I I don't think we can ever get really close."
2380,5046,5,37,142,184,1.2554347826086956,0.036554897747640334,635,This must be your first blind date!
2447,5046,5,37,142,184,1.2554347826086956,0.036554897747640334,635,"No, I don’t want to play footsy."
4725,5050,5,38,145,188,1.2553191489361701,0.0360720291363369,635,I noticed your profile said 'Looking for my Knight in Shining Armor.'
6073,5050,7,34,147,188,1.2553191489361701,0.037616085294494554,635,"I've heard of blind dates, but this is ridiculous."
1155,5052,5,39,148,192,1.2552083333333333,0.0356069565871974,635,I'm taking precautions against identity theft...
4842,5053,5,28,116,149,1.25503355704698,0.04167972608026823,635,Sally was offended by Brett’s off color references to jousting
4995,5053,7,24,118,149,1.25503355704698,0.04380170098592749,635,"I said I wanted a glass of wine at night, 
not a knight with a glass of wine."
2034,5053,4,30,115,149,1.25503355704698,0.040577146826249216,635,I wouldn't worry about red wine stains.
4630,5053,6,26,117,149,1.25503355704698,0.04275388038170801,635,"Shirley knew she had turned up late for their date, but she hadn't realised a whole period of history had passed!"
2226,5057,11,29,160,200,1.255,0.03882540483113483,635,I appreciate your wanting to have safe sex but I find this idea quite abrasive.
359,5058,7,25,121,153,1.2549019607843137,0.04302922959626292,635,So.....Knight to bar 1.....
1290,5058,6,27,120,153,1.2549019607843137,0.04201803526632825,635,George isnt it a bit early for halloween??
1887,5058,8,23,122,153,1.2549019607843137,0.04401720017962765,635,"You do understand what a woman means when she says she's looking for a ""Knight in Shining Armor""?"
2216,5058,6,27,120,153,1.2549019607843137,0.04201803526632825,635,Do you joust here very often?
7104,5058,9,21,123,153,1.2549019607843137,0.044983477229521916,635,So... am I gonna joust dat ass or what?
7538,5058,6,27,120,153,1.2549019607843137,0.04201803526632825,635,I was looking for someone unguarded.
4922,5064,3,34,120,157,1.2547770700636942,0.0382369698891182,635,Not what I had in mind when your online profile said 'I promise you a great night'
3334,5064,7,26,124,157,1.2547770700636942,0.04229306249982094,635,"I know its only our second date, but at some point you're going to need to open up and be a little emotionally vulnerable with me."
3123,5066,6,42,164,212,1.2547169811320755,0.034175461266761846,635,"Well, you wanted the knight on the town!"
2299,5067,4,33,124,161,1.2546583850931676,0.03868922112396879,635,A simple diet would work just as well
2974,5067,5,31,125,161,1.2546583850931676,0.03967991409683428,635,Did your profile not say you were looking for some chivalry?
3787,5067,6,29,126,161,1.2546583850931676,0.040646467672910316,635,I should have listened when they told me to be careful of what you wish for.
4776,5067,2,37,122,161,1.2546583850931676,0.03662753510780876,635,I just love vintage stuff.
5865,5067,7,27,127,161,1.2546583850931676,0.04159056486557664,635,you wanted a round table conference to discuss the divorce settlement
100,5072,7,28,130,165,1.2545454545454546,0.0409193548756596,635,Is that your Mike Pence costume for Halloween?
5276,5072,6,30,129,165,1.2545454545454546,0.04000604671087579,635,It's critical that we drop our masks in order to move forward
6020,5072,6,30,129,165,1.2545454545454546,0.04000604671087579,635,"Ok, use your straw, but I'm not visor-sizing your food again."
7743,5075,3,37,129,169,1.2544378698224852,0.03661269286172056,635,Compared to my ex you don't seem guarded at all.
6289,5075,6,31,132,169,1.2544378698224852,0.039393101083701705,635,"Interesting.  So, you feel your armor goes better with a pinot noir than say a cabernet?"
5972,5075,3,37,129,169,1.2544378698224852,0.03661269286172056,635,I suppose next you'll presume that I am your Guinevere.
1346,5075,6,31,132,169,1.2544378698224852,0.039393101083701705,635,I can't hear you but let's see if I can read your lips!
782,5075,7,29,133,169,1.2544378698224852,0.040277273879018013,635,I thought the knight in shining armor role play would be a little more exciting.
2599,5075,7,29,133,169,1.2544378698224852,0.040277273879018013,635,I wasn't being literal when I said Knight in shining armor in my ad.
268,5081,8,28,137,173,1.254335260115607,0.04050081715443797,635,And I thought the profile pic was clicked in jest !
1338,5081,7,30,136,173,1.254335260115607,0.03966236068430028,635,Sorry I'm late. Speed is not my forte.
2151,5081,7,30,136,173,1.254335260115607,0.03966236068430028,635,"And yeah, then I stuck a lance in his gut."
3751,5081,5,34,134,173,1.254335260115607,0.03792988511451294,635,"Armor or amour - your choice, sir"""
5378,5081,4,36,133,173,1.254335260115607,0.037033266797225184,635,"I should warn you, I recently ended a 40 day relationship with my ex-liege and I'm feeling pretty vulnerable."
6192,5081,5,34,134,173,1.254335260115607,0.03792988511451294,635,"Patience, George. They've sent someone to the deli next door to get some straws."
5888,5087,7,31,139,177,1.2542372881355932,0.03907282933646828,635,I had a therapist like your’s once too.
7644,5087,9,27,141,177,1.2542372881355932,0.0406827809168981,635,My last date thought chivalry was dead
6918,5087,4,37,136,177,1.2542372881355932,0.03652508707988864,635,Stop complaining.........I told you they outlawed  plastic straws!
5230,5087,7,31,139,177,1.2542372881355932,0.03907282933646828,635,"I thought your ""I will be your knight in shining armor"" line in your profile was just a romantic allegory."
6409,5087,5,35,137,177,1.2542372881355932,0.037393626750841166,635,I promised you a Knight out you’d never forget!
3130,5087,9,27,141,177,1.2542372881355932,0.0406827809168981,635,Somehow I expected my knight to have shinier armor
4174,5087,7,31,139,177,1.2542372881355932,0.03907282933646828,635,"Tonight, the only thing I want to fight over is the check."
503,5087,6,33,138,177,1.2542372881355932,0.038242445750357026,635,You said to wear something appropriate for knight-time.
92,5087,9,27,141,177,1.2542372881355932,0.0406827809168981,635,"You know, Lance, Gwen really gets around Ye Old Round Table if you know what I mean."
491,5096,6,34,141,181,1.2541436464088398,0.03770153223678897,635,"The wine’s OK, but I wish I’d ordered a Chivalrous Regal."
2121,5096,9,28,144,181,1.2541436464088398,0.04006953450711325,635,Do these pants make my ass look fat?
6314,5096,11,24,146,181,1.2541436464088398,0.0415733364553148,635,I'm trying to prevent a #MeToo moment.
1044,5099,10,27,148,185,1.2540540540540541,0.04021806725330844,635,"Are you Japanese? Or did you really mean: ""lusty'"" ?"
2280,5099,5,37,143,185,1.2540540540540541,0.03638297542380465,635,"How is this knight different from all other knights?
On this knight we drink Cabernet."
4501,5099,5,37,143,185,1.2540540540540541,0.03638297542380465,635,"You're just pissed because for once, you're the one who's underdressed"
7724,5099,8,31,146,185,1.2540540540540541,0.03872962845717286,635,I feel like you are so emotionally distant. I wish you felt comfortable enough with me to take off your armour.
6794,5103,8,32,149,189,1.253968253968254,0.03818519155718357,635,So-you're asking me to pledge my troth?
2791,5104,6,38,153,197,1.2538071065989849,0.035735905229394266,635,You seem rather well defended yourself.
6841,5105,6,24,112,142,1.2535211267605635,0.04406275403227522,635,"Jay, you really need to trust more."
5800,5105,8,20,114,142,1.2535211267605635,0.046274253474722624,635,I'm probably going to drink more than you
2045,5107,9,19,118,146,1.2534246575342465,0.046422963381378184,635,In your profile you mentioned you were looking for a knight in shining armor.
2461,5107,5,27,114,146,1.2534246575342465,0.04215682962404238,635,"Well, yes...I DO tend to be a little defensive on a first date...however did you guess?"""
5262,5109,6,26,118,150,1.2533333333333334,0.042501919068836526,635,But I need  a straw.
4245,5110,7,25,122,154,1.2532467532467533,0.042780938132409324,635,I don't  trust a knight in shining armor because his metal has never been tested.
5053,5110,6,27,121,154,1.2532467532467533,0.041777101738457396,635,It looked a lot more “shining” on Tindr.
4763,5112,6,28,124,158,1.2531645569620253,0.04108571366290423,635,"This is just between you and me, so keep your trap shut."
6104,5112,5,30,123,158,1.2531645569620253,0.040092520650449354,635,I didn’t think this would be a literal blind date.
4965,5114,5,31,126,162,1.2530864197530864,0.03946553484613882,635,"When I said in my profile I wanted a knight in shining armor, this is NOT what I meant."
44,5114,2,37,123,162,1.2530864197530864,0.03643466388464727,635,"Geez, Linda. I thought I was guarded."
389,5114,5,31,126,162,1.2530864197530864,0.03946553484613882,635,"Tastes a bit metallic, don't you think?"
1124,5114,5,31,126,162,1.2530864197530864,0.03946553484613882,635,"You're giving me a ""knight "" to remember!"
3797,5114,10,21,131,162,1.2530864197530864,0.044056039554179485,635,The merlo has a nice nutty flavor with a hint of tin
3955,5114,6,29,127,162,1.2530864197530864,0.040425359327943194,635,You can't take chances with online dating.
4077,5114,9,23,130,162,1.2530864197530864,0.04317700064962713,635,"Don't judge the knight by his armor, judge the night by its amour."
5112,5114,6,29,127,162,1.2530864197530864,0.040425359327943194,635,So the Samba is out.
6627,5122,8,26,132,166,1.2530120481927711,0.04158835019210888,635,I'll need a straw but make sure it's not plastic.
6037,5122,8,26,132,166,1.2530120481927711,0.04158835019210888,635,I used to be a pumpkin.
699,5122,8,26,132,166,1.2530120481927711,0.04158835019210888,635,I think it's a bit too metallic: how about you?
123,5122,4,34,128,166,1.2530120481927711,0.037914554872638916,635,"No, you may not have a straw."
4938,5122,6,30,130,166,1.2530120481927711,0.039793871028663635,635,"Yeah, but what happens when we kiss?"
32,5127,5,33,132,170,1.2529411764705882,0.03829081085618105,635,Really? That’s how you want my parents to meet you?
158,5127,6,31,133,170,1.2529411764705882,0.03918928221208077,635,I think sitting at a round table is a bit much.
628,5127,6,31,133,170,1.2529411764705882,0.03918928221208077,635,"No, not that Kavanaugh, but I can’t be too careful these days."
3473,5127,5,33,132,170,1.2529411764705882,0.03829081085618105,635,Do you resemble your mother or your father?
5356,5127,7,29,134,170,1.2529411764705882,0.04006761141586042,635,"I may be your knight in shining armor, but it's still separate checks, right?"
7245,5127,6,31,133,170,1.2529411764705882,0.03918928221208077,635,"Sorry, I didn't know you were going to dress up."
3934,5133,3,38,133,174,1.2528735632183907,0.03593598055762023,635,"No dear, this in not what i meant about a date night."
7368,5133,10,24,140,174,1.2528735632183907,0.041910381470759844,635,You look nothing like your Tinder photo.
2923,5133,7,30,137,174,1.2528735632183907,0.039460838445967844,635,And then she told me my armour wasn't shiny enough.
3182,5133,6,32,136,174,1.2528735632183907,0.038609804490614755,635,Can you believe the valet would not park my horse?
3597,5137,7,31,140,178,1.252808988764045,0.038878943610346745,635,"Well,I suppose I am a little defensive after my last Tinder experience."
5475,5137,5,35,138,178,1.252808988764045,0.03721037909130861,635,"Well, you didn't say you wanted an EVENING out, did you, Karen?"
5640,5137,6,33,139,178,1.252808988764045,0.03805380774886673,635,"When I said you are my knight in shining armor, I meant it as a metaphor."
4413,5140,6,34,142,182,1.2527472527472527,0.037519802867789206,635,You are overly emphasizing the Knight in shining armor tonight.
4379,5140,7,32,143,182,1.2527472527472527,0.038320338922468465,635,So you're saying chivalry is not dead?
7251,5140,6,34,142,182,1.2527472527472527,0.037519802867789206,635,"Tonight, we'll just have to be a knight and a mid-level sales executive at the round table."
7520,5143,6,35,145,186,1.2526881720430108,0.0370064266723111,635,"So basically, you’ll get chivalry back, and I’ll get to impale my enemies with a giant stick."
4084,5144,8,32,150,190,1.2526315789473683,0.03800719721467117,635,I assumed it was just your “Tinder” look.
4844,5144,11,26,153,190,1.2526315789473683,0.04014512943964188,635,Is this your version of a burka?
7462,5146,13,23,158,194,1.2525773195876289,0.04089685216450125,635,When I said that I was in search of my knight in shining armor I was using a figure of speech
2611,5147,6,23,110,139,1.2517985611510791,0.04461810422546896,635,"Why do I think that suit protects you, not me?"
2343,5148,5,26,112,143,1.2517482517482517,0.04264999541139124,635,This wasn't exactly my idea of a night on the town !
7468,5148,6,24,113,143,1.2517482517482517,0.04378944124821906,635,"You're going to say I am being silly, but I can't help feeling that you are shutting me out."
7744,5148,4,28,111,143,1.2517482517482517,0.041479260508742906,635,How was your date last night Susan? Well the food was divine but the guy was so... guarded.
6213,5151,6,25,116,147,1.251700680272109,0.0430020787076315,635,Of course I believe women!
230,5152,2,34,115,151,1.2516556291390728,0.03784310942887364,635,I thought you said you wanted a knight out?
4021,5152,8,22,121,151,1.2516556291390728,0.04429336582095581,635,This is not what I meant when I said 'chivalry is dead'!
2258,5154,8,23,124,155,1.2516129032258065,0.043509191192572405,635,I think you're beginning to take this Crossfit stuff a little too far.
3617,5154,7,25,123,155,1.2516129032258065,0.04253542685421702,635,"Darling, I'm here to parley, not partay."
4953,5154,6,27,122,155,1.2516129032258065,0.04153884154750915,635,"Arthur, when I said we should dress up and have a night on the town, this isn't exactly what I had in mind."
5089,5154,6,27,122,155,1.2516129032258065,0.04153884154750915,635,"But your profile said ""looking for a knight in shining armour"""
5884,5154,7,25,123,155,1.2516129032258065,0.04253542685421702,635,"I told you, I’m not ordering the swordfish!"
7773,5154,9,21,125,155,1.2516129032258065,0.04446163400948276,635,That's a fine red wine and you want a straw?
4224,5160,9,22,128,159,1.251572327044025,0.04368263265234609,635,"Nice try, Stormy, but you’ll never get Pence alone."
3482,5160,6,28,125,159,1.251572327044025,0.04085753183612281,635,I don't wan to be caught in the 'me too' movement of the future
3439,5160,6,28,125,159,1.251572327044025,0.04085753183612281,635,Amour???
5254,5160,9,22,128,159,1.251572327044025,0.04368263265234609,635,"So Mike, where's your wife?"
2646,5160,6,28,125,159,1.251572327044025,0.04085753183612281,635,"So because I asked you to pay for the Uber, now chivalry is dead again?"
603,5160,6,28,125,159,1.251572327044025,0.04085753183612281,635,"My therapist says it's a practical response to the rough and tumble dating world."""
2942,5160,8,24,127,159,1.251572327044025,0.04276167559322021,635,Is this outfit too revealing?
6355,5167,5,31,127,163,1.2515337423312884,0.03925338799969453,635,"Seems a little overly dramatic way to go on the wagon,Harry"
7765,5167,6,29,128,163,1.2515337423312884,0.04020657696812169,635,"The invitation said, “Formal wear” – not Farberware!"
4140,5167,5,31,127,163,1.2515337423312884,0.03925338799969453,635,I have a feeling that I I may have overdressed...
7788,5167,9,23,131,163,1.2515337423312884,0.042939374909403194,635,I've been waiting forever. I thought you were dead.
1701,5167,6,29,128,163,1.2515337423312884,0.04020657696812169,635,Is yours prop wine too?
2411,5167,6,29,128,163,1.2515337423312884,0.04020657696812169,635,This @MeToo stuff is playing havoc with my wardrobe
761,5167,6,29,128,163,1.2515337423312884,0.04020657696812169,635,I am in the mood for a haunch of stag.
2179,5174,7,28,132,167,1.251497005988024,0.040484906997012814,635,"Your profile picture shows Gold Armor!  You came wearing tin?"""
2264,5174,6,30,131,167,1.251497005988024,0.03958387080193215,635,That’s the last time I use the “It’s too good to be true” dating app
3717,5174,8,26,133,167,1.251497005988024,0.041366321584708224,635,I thought you wanted a more exciting knightlife?
4914,5174,6,30,131,167,1.251497005988024,0.03958387080193215,635,Leave it to you to find a spot I missed.
6173,5174,10,22,135,167,1.251497005988024,0.04307507742575675,635,Tom had taken 'Don Amore' as a directive.
6674,5174,5,32,130,167,1.251497005988024,0.0386618411456482,635,It's the same vintage as you!
6670,5174,8,26,133,167,1.251497005988024,0.041366321584708224,635,"Yes I wrote ""looking for my knight in shining armor"" on my profile but I didn't mean it literally!"
4897,5181,8,27,136,171,1.2514619883040936,0.04071393085796626,635,I just don't see the big fuss about 'Girl's Knight Out'!
1471,5181,3,37,131,171,1.2514619883040936,0.036243991472866804,635,This should loosen you up!
1909,5181,5,33,133,171,1.2514619883040936,0.03809495789594797,635,When I said I was looking for a Knight in shining armor I did not mean it literaly.
4151,5181,7,29,135,171,1.2514619883040936,0.03986006417835845,635,Let’s take this back to your place — I’m going to get all medieval on you.
4458,5181,4,35,132,171,1.2514619883040936,0.037180994708179135,635,"Well, I suppose this is an adequate start on controlling your drinking."
4848,5181,8,27,136,171,1.2514619883040936,0.04071393085796626,635,Don't you have a war somewhere that you're supposed to be fighting.
7751,5187,8,28,139,175,1.2514285714285713,0.04008904000239211,635,No. No. No. I am not defensive tonight - you are.
5796,5187,9,26,140,175,1.2514285714285713,0.040900031458486495,635,"If you pull sword  out to cut your steak, I am out of here."
2555,5187,7,30,138,175,1.2514285714285713,0.039261300071719546,635,So this Knight in Shining Armor dating app is a real thing.
3750,5187,7,30,138,175,1.2514285714285713,0.039261300071719546,635,I practice safe sex and I also practice safe intercourse.
2049,5191,6,33,140,179,1.2513966480446927,0.03786696698228268,635,"Oh this? Sorry, it’s jist that I recently got out of a really, really, really long relationship."
1658,5192,5,36,142,183,1.2513661202185793,0.03652682309370365,635,I hope this place hasn't imposed a plastic straw ban.
4165,5192,8,30,145,183,1.2513661202185793,0.03891473405344112,635,I wasn't being literal when I asked for a knight in shining armor
6440,5192,6,34,143,183,1.2513661202185793,0.03733976493894721,635,"When you suggested a night on the town, this isn't what I had in mind."
6770,5192,9,28,146,183,1.2513661202185793,0.03967878232540861,635,I feel like there's a wall between us.
3072,5196,8,31,148,187,1.2513368983957218,0.03836217890105118,635,The “Knight in Shining Armor” line was a metaphor.
3795,5197,9,31,155,195,1.2512820512820513,0.038021092511108745,635,Haven't you heard?  We don't need you anymore.
5310,5198,8,22,122,152,1.25,0.04403213440466003,635,An optional blind date was added to our tournament.
5261,5198,9,25,138,172,1.25,0.04133384003585129,635,"If you never lift your visor on the first date, how are you gonna drink that wine?"
5248,5198,3,34,123,160,1.25,0.03761773969316393,635,I should add some extra details on my online dating profile
5202,5198,8,26,134,168,1.25,0.041146597507639195,635,"I like being up front on first dates"""
4346,5198,10,21,133,164,1.25,0.04357147850760427,635,"Her profile said she wanted to be treated like a princess, so I forced her to marry a complete stranger in order to make an alliance with Norway."
5103,5198,8,21,119,148,1.25,0.044843500208385956,635,"I tried wiring my mouth shut, but that looks easier."
4767,5198,5,32,131,168,1.25,0.03846016755250195,635,"Well, I did I say that I was your knight in shining armor."
5391,5198,5,32,131,168,1.25,0.03846016755250195,635,"Sorry, it was the last suit I had left."
4164,5198,5,29,122,156,1.25,0.0402894818662241,635,Can I trust you to stay tight-lipped?
5178,5198,8,29,143,180,1.25,0.03929468163716128,635,That's not what I meant by 'date night'.
5471,5198,9,20,123,152,1.25,0.04501074578332069,635,Janet was relieved to realize they had both accidentally worn the same outfit two dates in a row.
6892,5198,7,23,118,148,1.25,0.04380651604022256,635,So you'll notice I held the door open for you when we walked in...
5647,5198,2,39,131,172,1.25,0.03510683893600903,635,I hope it's not me. This wine has a metallic taste.
5686,5198,10,22,136,168,1.25,0.04284407176395685,635,"Oh, my. When Betsy offered to set me up with a guy who could be my knight in shining armor, I didn't think she was being literal."
5729,5198,10,26,148,184,1.25,0.040231274853777386,635,I'm really getting into my job at the Canterbury Tales theme park
5731,5198,6,27,123,156,1.25,0.04130321216307024,635,"This is taking ""my knight in shining armor"" too far."
5861,5198,7,20,109,136,1.25,0.04638336040008698,635,You never talk when we dine out!
6069,5198,5,31,128,164,1.25,0.03904344047215152,635,I didn't literally mean you needed to be more chivalrous.
6130,5198,6,30,132,168,1.25,0.039376014115146754,635,"Fine, then I'll ask for a straw"
6349,5198,6,34,144,184,1.25,0.037161395982792125,635,When Denise asked if I wanted to meet my knight in shining armor I thought she meant it metaphorically.
7548,5198,3,34,123,160,1.25,0.03761773969316393,635,I thought this was supposed to be a blind date.
4076,5198,4,31,121,156,1.25,0.03924957787174288,635,Well this is certainly a knight to remember.
5482,5198,6,23,111,140,1.25,0.044334753871226124,635,"""I have a beekeeper suit for Bumble dates."""
3966,5198,6,30,132,168,1.25,0.039376014115146754,635,"Well, I do admit, I am looking for a traditional man."
6423,5198,5,32,131,168,1.25,0.03846016755250195,635,"When I said I was looking for my knight in shining armor, I didn’t think Match.com would take me so literally!"
3671,5198,5,32,131,168,1.25,0.03846016755250195,635,I sense a certain lack of commitment.
7,5198,8,30,146,184,1.25,0.03872676611692525,635,"So tell me Mr. Knight in Shining Armor, Is this a Blind Date? 
Or can you actually see through that grating in front of your eyes?"
31,5198,5,27,116,148,1.25,0.04165517399877003,635,I wasn’t being literal about arriving in shining armor.
559,5198,8,21,119,148,1.25,0.044843500208385956,635,"I won't do it, order your own straw!"
611,5198,5,29,122,156,1.25,0.0402894818662241,635,I heard that men of privilege are being attacked these days so I thought I'd take some precautions.
613,5198,6,29,129,164,1.25,0.039990085558669106,635,Silent Knight
790,5198,7,31,142,180,1.25,0.038496736985555946,635,Wonderful weather we're having.
835,5198,8,32,152,192,1.25,0.037656016347859034,635,"Well, it was late December back in '63"
982,5198,6,31,135,172,1.25,0.03878772955583102,635,So YOU'RE my date knight?
999,5198,4,36,136,176,1.25,0.03648518646202636,635,a Chivalrous blind date
1279,5198,7,24,121,152,1.25,0.043031273331024834,635,"Your boardroom experience is impressive, but you should expect the politics at the Renaissance Faire to be just as cutthroat."
1465,5198,7,29,136,172,1.25,0.03965460149970794,635,James Covington is my alias.  My real name is Sean Spicer.
3730,5198,7,24,121,152,1.25,0.043031273331024834,635,"The nose is bit metallic,don't you think?"
1673,5198,5,30,125,160,1.25,0.03965257928590721,635,"I'm living proof chivalry isn't dead, m'lady."
1923,5198,6,37,153,196,1.25,0.03571428571428571,635,Chivalry is dead
2098,5198,7,32,145,184,1.25,0.037952152542806504,635,Gladys couldn't help but think that maybe knight-in-shining-armor-.com wasn't such a good idea.
2168,5198,7,31,142,180,1.25,0.038496736985555946,635,You're either very chivalrous or I'm being catfished again.
2285,5198,6,28,126,160,1.25,0.04063180276860005,635,That picture was pretty old.
2390,5198,7,28,133,168,1.25,0.04027103781908219,635,Not exactly what I was expecting when you invited me for a night out.
2804,5198,8,20,116,144,1.25,0.04569671310050197,635,"Sometimes I see them as particles, sometimes as waves."
2841,5198,7,25,124,156,1.25,0.04229265090918735,635,Maybe I should have asked for a straw.
1599,5198,9,28,147,184,1.25,0.039486186763444314,635,You looked different in your OKCupid ad.
3280,5198,6,24,114,144,1.25,0.04351941398892446,635,"Knowing his wife to be a wine snob, Bob was ready for ""The War of the Rosés""."
3655,5198,7,26,127,160,1.25,0.041587976007827945,635,"Lets do the Cab now, and worry about the Dragon later, okay?"
5342,5247,7,36,158,201,1.2487562189054726,0.035813984960826245,635,Try having a real good night means whatever you want it to mean.
4768,5248,9,31,157,197,1.248730964467005,0.03767709409141356,635,Am I too offensive or too defensive?
6232,5249,6,35,148,189,1.2486772486772486,0.03649023026927062,635,"When your byline said ""knight in shining armor"" I just imagined something more conventional!"
2260,5250,5,36,144,185,1.2486486486486486,0.0361816486204095,635,"Sorry, but since the divorce, I'm still a bit rusty at this dating thing."
7710,5250,8,30,147,185,1.2486486486486486,0.038540561965703886,635,Another interesting evening with the Lady's knight out.
196,5252,8,29,144,181,1.2486187845303867,0.0391013835052382,635,I expected your armor to be shinier.
223,5252,8,29,144,181,1.2486187845303867,0.0391013835052382,635,Online dating has caused me to develop some pretty thick skin
2508,5252,6,33,142,181,1.2486187845303867,0.03749857975462066,635,I don’t know...we just don’t have anything in common anymore.
4293,5252,7,31,143,181,1.2486187845303867,0.0383083651154507,635,I guess this is just another night out.
7613,5252,5,35,141,181,1.2486187845303867,0.036670916669870865,635,You could of thought of a less obvious way to break up
5580,5257,11,22,144,177,1.2485875706214689,0.042042022785698366,635,Do the Knights of Columbus joust?
5085,5257,5,34,138,177,1.2485875706214689,0.03717961360189914,635,"""Me Too"" has me afraid to let my guard down."
1573,5257,9,26,142,177,1.2485875706214689,0.04048615824127585,635,"Listen, i like you, but I’m like an onion. Ive got a lot of layers."
2084,5257,3,38,136,177,1.2485875706214689,0.03541074691122699,635,"True, it's both defensive and offensive"
1900,5261,6,31,136,173,1.2485549132947977,0.03858993800515129,635,"'..well, this is turning out to be a good knight..'"
1029,5261,6,31,136,173,1.2485549132947977,0.03858993800515129,635,Would you be offended if I asked for a straw?
1122,5261,9,25,139,173,1.2485549132947977,0.04111962208749598,635,"Other than the press briefing, things went pretty well, I think."
1727,5261,4,35,134,173,1.2485549132947977,0.03680701896364391,635,I just feel like we've been jousting a lot lately.
1993,5261,8,27,138,173,1.2485549132947977,0.04029404404490567,635,#HimToo
2203,5261,9,25,139,173,1.2485549132947977,0.04111962208749598,635,I'm a bachelor.  My other clothes needed ironing.
3015,5261,5,33,135,173,1.2485549132947977,0.03770901722553548,635,We're through.  You're just too closed off.
6223,5261,5,33,135,173,1.2485549132947977,0.03770901722553548,635,"I said the food was Mediterranean, not Medieval."
7154,5261,5,33,135,173,1.2485549132947977,0.03770901722553548,635,"I just pour it through the grill in the front, and hope some gets into my mouth."
7775,5270,4,34,131,169,1.2485207100591715,0.03732861190680791,635,I'm not a damsel in distress.
4112,5270,7,28,134,169,1.2485207100591715,0.04005936096960533,635,I reasoned that one can’t be too careful in the #Me Too era!
3133,5270,4,34,131,169,1.2485207100591715,0.03732861190680791,635,That lamp is embarrassingly outdated.
7397,5270,5,32,132,169,1.2485207100591715,0.038260523323966275,635,First dates are awkward. A least this way I make a lasting impression.
2782,5270,4,34,131,169,1.2485207100591715,0.03732861190680791,635,"For the last time, no, you may not have a straw."
2630,5270,7,28,134,169,1.2485207100591715,0.04005936096960533,635,I tend to really like old-fashioned women
1171,5270,6,30,133,169,1.2485207100591715,0.039170269633466315,635,What makes you think I'm soooo guarded?
2847,5270,4,34,131,169,1.2485207100591715,0.03732861190680791,635,"Because it's a vin de garde, that's why."
1355,5278,4,33,128,165,1.2484848484848485,0.0378721354099167,635,This isn't the knight we had planned.
5239,5278,7,27,131,165,1.2484848484848485,0.04069432553230535,635,"Just so you know, I am not a woman for one Knight"
6164,5278,4,33,128,165,1.2484848484848485,0.0378721354099167,635,I think the dating service is dated.
7000,5278,5,31,129,165,1.2484848484848485,0.038835659779569306,635,"Yes, Herb, it's called The Golden Dragon, I get it..."
7097,5278,7,27,131,165,1.2484848484848485,0.04069432553230535,635,Oooooh... I think I’m at the wrong table
6956,5283,5,30,126,161,1.2484472049689441,0.039436102792547494,635,"Honey, I love the way you look to knight"
6876,5283,4,32,125,161,1.2484472049689441,0.03843912657581565,635,My therapist told me to let my guard down.
1899,5283,6,28,127,161,1.2484472049689441,0.0404084886504948,635,Knight in my dating profile was misspelled
2653,5283,4,32,125,161,1.2484472049689441,0.03843912657581565,635,Charmed.   But this really is no way to quit drinking!
2173,5287,5,29,123,157,1.2484076433121019,0.040063695565756244,635,A chainmail response...and you?
4018,5287,5,29,123,157,1.2484076433121019,0.040063695565756244,635,"WELL, YOU CAN'T BE TOO CAREFUL ON A FIRST DATE-------"
5925,5287,5,29,123,157,1.2484076433121019,0.040063695565756244,635,"No, it's vintage, but it's new to me."
7155,5290,8,22,123,153,1.2483660130718954,0.043773903246154315,635,I'm glad it makes you feel gallant but we're still cancelling our subscription to Amazon Prime.
6095,5290,7,24,122,153,1.2483660130718954,0.042780314320937096,635,Your profile mentioned you were germaphobic.
5969,5290,4,30,119,153,1.2483660130718954,0.039650439561014494,635,"Yes, my profile on Match did say that I'm a night person."
5937,5290,8,22,123,153,1.2483660130718954,0.043773903246154315,635,Damn it! Note to self: Bars no longer supply straws. Bring straw with you. And/or find a new first date helmet.
3653,5290,10,18,125,153,1.2483660130718954,0.04569631527174469,635,Let me guess. The maitre d' had a hard time finding a tie to match your suit.
3255,5290,5,28,120,153,1.2483660130718954,0.04072046990626665,635,Your profile said this would be a night to remember.
5010,5290,7,24,122,153,1.2483660130718954,0.042780314320937096,635,"Since the last election,it’s been all about your manhood."
17,5297,7,23,119,149,1.2483221476510067,0.04354385721569028,635,And they said chivalry was dead.
5207,5297,4,29,116,149,1.2483221476510067,0.04029867661001796,635,"Ohhhh I get it ""blind date""."
1396,5299,6,24,115,145,1.2482758620689656,0.043252615453394906,635,A bib would’ve been less intimidating.
5469,5299,5,26,114,145,1.2482758620689656,0.04213078806462358,635,"I said I would like a ""night out"",not a knight out"
1646,5301,1,45,144,190,1.2473684210526317,0.03226080895176683,635,"So, what's your ensign?"
4415,5301,7,33,150,190,1.2473684210526317,0.03708002898385849,635,You never told me you have a bald spot!
4447,5301,6,35,149,190,1.2473684210526317,0.036321257644895605,635,Thanks for meeting me here. I was horsing around and lost track of time.
3998,5304,8,30,148,186,1.2473118279569892,0.0383560977276989,635,"To be honest, we Knights of the Roundtable generally don’t drink cabernet franc."
526,5305,7,31,144,182,1.2472527472527473,0.038121780954712484,635,It does have a bit of metallic taste to it...
2749,5305,7,31,144,182,1.2472527472527473,0.038121780954712484,635,"Christine, don't get me wrong, even I know that Chivalry is dead."
3214,5305,10,25,147,182,1.2472527472527473,0.040440184060465706,635,"Well, Good Knight!"
6072,5305,10,25,147,182,1.2472527472527473,0.040440184060465706,635,"Well, either you're my knight in shining armor or you just really, REALLY don't want to have sex on the first date."
1585,5309,9,26,143,178,1.247191011235955,0.04028228155624931,635,So when you messaged date knight you ment...ok time to go
1472,5310,5,33,136,174,1.2471264367816093,0.0375188758191713,635,Another knight-night
5464,5310,8,27,139,174,1.2471264367816093,0.040087259159242015,635,I wanted a night out. Not a knight in shining armor.
7537,5310,6,31,137,174,1.2471264367816093,0.03839409864536054,635,Not exactly the date night I was planning.
584,5313,5,32,133,170,1.2470588235294118,0.038062879357127766,635,"So Lance, how long have your been on Kdate?"
3425,5313,7,28,135,170,1.2470588235294118,0.03984984408380814,635,They're 5 and 3. Are you sure you can handle them?
3830,5313,7,28,135,170,1.2470588235294118,0.03984984408380814,635,"So, your profile said you've been... waiting for me?"
6322,5313,6,30,134,170,1.2470588235294118,0.03896660659115111,635,"You 
said you were looking for a knight in shining armor."
7452,5313,7,28,135,170,1.2470588235294118,0.03984984408380814,635,"I said I was a 'night' person, not a morning person."
489,5318,6,29,131,166,1.2469879518072289,0.03956383871559949,635,"Sorry, I thought the app was called Tinner."
2629,5318,6,29,131,166,1.2469879518072289,0.03956383871559949,635,I don't know if you lied about your age but you match your photo exactly.
3062,5318,7,27,132,166,1.2469879518072289,0.04047612486444019,635,I guess I was just hoping for slightly shinier armor...
5749,5318,7,27,132,166,1.2469879518072289,0.04047612486444019,635,"You really take that knight-in-shining-armor thing seriously, don't you?"
6968,5322,6,28,128,162,1.2469135802469136,0.04018755239832282,635,"Honey, I know I call you, ""My Knight in Shining Armour,"" but really - that's bedroom talk."
7412,5322,8,24,130,162,1.2469135802469136,0.042052370206339076,635,I like to play it safe on first dates.
5991,5322,7,26,129,162,1.2469135802469136,0.041130531286010255,635,When I said on my profile I was looking for a knight in shining armor I was speaking metaphorically.
5757,5322,3,34,125,162,1.2469135802469136,0.03721552981570146,635,"No, I’m not being defensive- I just believe in safe dating."
6193,5322,3,34,125,162,1.2469135802469136,0.03721552981570146,635,"Right.  If they do not come up with a Pudding in a Cowcumber tonight, we are never coming back here."
4414,5322,4,32,126,162,1.2469135802469136,0.03823188323330268,635,This is your idea of a night out? I'll have the dragon tail with the Bearnaise sauce
1893,5322,5,30,127,162,1.2469135802469136,0.03922190882232042,635,I was hoping to have a good night. Let me get you a straw.
5382,5322,6,28,128,162,1.2469135802469136,0.04018755239832282,635,This is not exactly what I meant by Knight in Shining Armour...
4265,5322,9,22,131,162,1.2469135802469136,0.042954430226375025,635,"It's one thing to not put your picture up on online dating, but ..."
1060,5331,6,27,125,158,1.2468354430379747,0.04083967988879557,635,I suppose I shouldn’t be surprised since the ad did say “be my knight in shining armor”.
1770,5331,5,29,124,158,1.2468354430379747,0.03984035389320539,635,Is it true what they say about your lance?
4395,5331,3,33,122,158,1.2468354430379747,0.03776244812202925,635,I think one of us just got a text
7337,5331,4,31,123,158,1.2468354430379747,0.03881530810456615,635,Blind dates are always awkward.
493,5335,8,22,124,154,1.2467532467532467,0.043518622403021276,635,I absolutely adore these nights 'round the table with you
3631,5335,10,18,126,154,1.2467532467532467,0.0454272536205302,635,Make my day. Drink that wine with your visor  down.
4438,5337,8,21,121,150,1.2466666666666666,0.044305898897400074,635,".I thought he said ""amour"", not ""armor!""  Probably from New England."
3760,5338,4,28,114,146,1.2465753424657535,0.04073213282948226,635,Are you even a real knight?
970,5339,3,29,110,142,1.2464788732394365,0.040210488682567457,635,"Have a night out!'"" my boss said"
1620,5339,3,29,110,142,1.2464788732394365,0.040210488682567457,635,"My profile did say ""looking for a knight in shining armor"""
4686,5339,5,25,112,142,1.2464788732394365,0.04262233735759899,635,"What you need, Sir Lancelot, is a straw, but not a plastic straw"
7001,5342,4,26,108,138,1.2463768115942029,0.04217155550129456,635,Not what you had in mind when you asked for a knight out?
4737,5342,5,24,109,138,1.2463768115942029,0.04340767923070482,635,"And this is what you call ""shining""?"
5733,5342,3,28,107,138,1.2463768115942029,0.040898087615459135,635,Grail shmail.
4733,5345,5,38,152,195,1.2461538461538462,0.03494061098755043,635,Your profile didn’t mention “well defended”.
4257,5345,5,22,103,130,1.2461538461538462,0.0451084143735003,635,"So sweetheart, tell me about what YOU remember from the medieval era?"
2433,5347,4,39,148,191,1.2460732984293195,0.034595865815027306,635,"I thought you said ""business casual."""
4882,5347,9,29,153,191,1.2460732984293195,0.038372280834626175,635,The last time I wore a chastity belt was lunch with Harvey Weinstein.
6462,5347,8,31,152,191,1.2460732984293195,0.03764731511621261,635,Since Trump you have become so medieval.
3616,5350,4,38,145,187,1.2459893048128343,0.0350314233281476,635,When you said a night on the town...
3694,5350,6,34,147,187,1.2459893048128343,0.036636083755378426,635,Food court? I thought you said to wear something appropriate for Agincourt
4960,5350,7,32,148,187,1.2459893048128343,0.03741261337034227,635,I could ask our waiter to bring you a straw.
6483,5350,8,30,149,187,1.2459893048128343,0.038173349937702904,635,Did you have to take my personal ad so literally?
1531,5354,8,29,146,183,1.2459016393442623,0.03872030709943275,635,You're neither shining or a knight.
27,5354,11,23,149,183,1.2459016393442623,0.04098060398536983,635,I’m not looking for a knight in shining armor.
2675,5356,7,30,142,179,1.2458100558659218,0.038482431625901405,635,A bit too tinny for me.
5855,5356,4,36,139,179,1.2458100558659218,0.03595254438740809,635,“You we’re right. We should have ordered the Grog.”
7212,5358,4,35,136,175,1.2457142857142858,0.036440240894683784,635,It's been so long since the divorce that I'm finally feeling a little less guarded.
659,5358,6,31,138,175,1.2457142857142858,0.03820018385356495,635,I have to say... this is not what I expected when you said ‘let’s have a night out!’
3331,5358,7,29,139,175,1.2457142857142858,0.03905042242329721,635,"I guess this makes me the damsell in distress. Yep, that sounds about right."
5249,5358,8,27,140,175,1.2457142857142858,0.039882539242502395,635,Was Merlot the wrong choice?”
7125,5358,7,29,139,175,1.2457142857142858,0.03905042242329721,635,"I know your profile said you wore armor, but I thought it was the name of your favorite cologne"
4799,5363,7,28,136,171,1.2456140350877194,0.03964245539710051,635,Your knight in shining armor excuse is getting old.
4618,5363,5,32,134,171,1.2456140350877194,0.03786720706234217,635,It seems like an age since I’ve seen you
6029,5363,6,30,135,171,1.2456140350877194,0.0387649947801712,635,I plan to propose it as our official uniform at the next #himtoo rally.
6161,5363,9,24,138,171,1.2456140350877194,0.04134154289718648,635,"Well, yes, I did say I was looking for a knight in shining armor..."
3216,5363,6,30,135,171,1.2456140350877194,0.0387649947801712,635,"You said you wanted a date knight."""
2052,5363,6,30,135,171,1.2456140350877194,0.0387649947801712,635,"Yes, I can understand that it's not easy speed dating in that getup!"
636,5363,8,26,137,171,1.2456140350877194,0.04050091010724952,635,I simply told the Dating App that I had a shiny exterior.
572,5363,5,32,134,171,1.2456140350877194,0.03786720706234217,635,My last wife said my loyalties were misplaced.
4484,5363,8,26,137,171,1.2456140350877194,0.04050091010724952,635,"She may have been middle aged, but this blind date struck her as positively medieval."
240,5372,5,31,131,167,1.2455089820359282,0.038426471900896805,635,I thought you wanted “ a Knight out”.
589,5372,6,29,132,167,1.2455089820359282,0.03935401643597681,635,"They say chivalry's dead, but I honor it knightly."
5080,5372,4,33,130,167,1.2455089820359282,0.03747597731691185,635,"I understand, but I just don't think that most  people expect Tinder posts to be quite so literal."
5154,5372,7,27,133,167,1.2455089820359282,0.04026019717457744,635,"You're not exactly what I prayed for, but apparently you're the answer."
5694,5372,9,23,135,167,1.2455089820359282,0.04201396446803484,635,I can see from the look on your face that you were expecting my armor to be shinier.
5970,5377,6,28,129,163,1.2453987730061349,0.039968957639452074,635,I just haven't felt quite myself since my last past-life regression therapy appointment.
5681,5377,6,28,129,163,1.2453987730061349,0.039968957639452074,635,You can never be too careful.
6026,5377,3,34,126,163,1.2453987730061349,0.037017515971057846,635,Sorry if I'm not a damsel in distress...
435,5377,4,32,127,163,1.2453987730061349,0.03802679122285304,635,"Reenactment is fine,but I have outgrown,damsel in distress."
706,5377,4,32,127,163,1.2453987730061349,0.03802679122285304,635,"Well, you're in distress, but I pictured a different sort of damsel."""
1282,5382,6,27,126,159,1.2452830188679245,0.04061169607953808,635,"Yes Dear, I think Kavanaugh's confirmation was GREAT!"
2257,5382,5,29,125,159,1.2452830188679245,0.039619419008319154,635,"You say mead, I say wine, let's call the whole thing off."
4375,5382,7,25,127,159,1.2452830188679245,0.04158030007535752,635,Lately you've been taking 'not talking about your feelings' to an entirely new level !
385,5385,5,28,122,155,1.2451612903225806,0.04025675397735821,635,I thought we had to dress-up at this restaurant!
3780,5386,3,31,117,151,1.2450331125827814,0.0387063289965628,635,At least you'll be safe from the #Me Too movement
3776,5387,6,37,157,200,1.245,0.03508603925714285,635,I will not order the swordfish. I will not have Napoleon for dessert and I most certainly will not ask them to play Night and Day you are the one.
2200,5388,8,20,119,147,1.2448979591836735,0.04485642897572416,635,"You know, I didn't literally mean a knight in shining armor. Would you like a straw?"
4253,5389,7,33,152,192,1.2447916666666667,0.03673774135851404,635,Your non verbal reaction to the #MeToo movement may be overdone.
91,5390,5,36,147,188,1.2446808510638299,0.035675574827818135,635,"You're not at all like your profile, Bernard."
5740,5391,8,29,147,184,1.2445652173913044,0.03853247821574521,635,I'm disappointed.  Your profile said you are a knight in SHINING armor.
2377,5391,4,37,143,184,1.2445652173913044,0.035315234000025786,635,"You were once, Gawain, but the shine is off the armour if you know what I mean."
4386,5391,7,31,146,184,1.2445652173913044,0.03775387855842501,635,"No, I can be a knight in shining armor but still want to split the tab."
2571,5394,9,26,145,180,1.2444444444444445,0.039880502931939336,635,"When you texted I'd know you because you'd be my knight in shining armor...well, this is awkard."
4876,5394,9,26,145,180,1.2444444444444445,0.039880502931939336,635,Battling for an elected office again?
2167,5394,9,26,145,180,1.2444444444444445,0.039880502931939336,635,I want to congratulate you on your new Supreme Court clerkship. Cute dress!
2209,5394,8,28,144,180,1.2444444444444445,0.03909451710500634,635,Plastic straws are forbidden
2080,5398,6,31,139,176,1.2443181818181819,0.03800816649338537,635,"Lancelot? No, my name is Sy."
3090,5398,7,29,140,176,1.2443181818181819,0.03885300226654263,635,"I wasn't sure what to expect when my sister said ""blind date""."
4154,5398,7,29,140,176,1.2443181818181819,0.03885300226654263,635,"Honey, my dearest damsel, I'm prepared for your distress."
7500,5401,4,34,134,172,1.244186046511628,0.03675991723670326,635,I'm jousting with the #MeToo Movement on a few levels.
7069,5401,8,26,138,172,1.244186046511628,0.040290065019390094,635,Something about this night is wrong.
7312,5401,4,34,134,172,1.244186046511628,0.03675991723670326,635,"Our divorce will be amicable, I promise!"
1594,5401,5,32,135,172,1.244186046511628,0.03767347835352644,635,"Drinking wine isn't the hardest thing we do in this outfit,but you wished for 'a knight in shinning armor!"
6756,5401,5,32,135,172,1.244186046511628,0.03767347835352644,635,This is not what I meant when I said dress up night.
3086,5406,7,27,134,168,1.244047619047619,0.04004650829293274,635,"Well, at least I don’t need to use fabric softener"
3496,5406,8,25,135,168,1.244047619047619,0.040926871684574706,635,"Oh, yes, it's a movement #NotMeAgain"
6054,5406,6,29,133,168,1.244047619047619,0.03914635138842723,635,"Sorry I’m late, ma’am. I lost track of time."
6266,5406,5,31,132,168,1.244047619047619,0.03822500265005232,635,"Tonight, I’m the knight who says oui.”"
7620,5410,4,32,128,164,1.2439024390243902,0.037823818822946144,635,"This isn't defense it's offense, girlfriend."
6197,5410,7,26,131,164,1.2439024390243902,0.04068281415552227,635,"Ever since that rainy weekend, I'm not sure I can't rust you again."
5878,5410,8,24,132,164,1.2439024390243902,0.04159216352511612,635,"You know, there are lots of dating sites for people without herpes."
2127,5410,6,28,130,164,1.2439024390243902,0.03975266869690043,635,"My friends call me Lance, more frequently that I like."
2768,5410,5,30,129,164,1.2439024390243902,0.03880023156423543,635,"You can just wipe away that sad face, this night is young."
646,5410,7,26,131,164,1.2439024390243902,0.04068281415552227,635,Men are under attack. I just wanted to play it safe.
5576,5410,6,28,130,164,1.2439024390243902,0.03975266869690043,635,So that's how a sixteen-year-old avoids getting carded in a bar!
110,5417,6,27,127,160,1.24375,0.04038618120193431,635,"When you told me you had a big night planned, I wasn’t thinking of this."
388,5417,6,27,127,160,1.24375,0.04038618120193431,635,Shall we make it an early knight?
1344,5417,9,21,130,160,1.24375,0.043207553606739245,635,Guinevere_razzle_dazzle_69?
1423,5417,6,27,127,160,1.24375,0.04038618120193431,635,"Crisp, full-bodied, nice finish, the tannens are a wee bit aggressive, but with time it has the potential to go medieval on your ass."
4678,5417,3,33,124,160,1.24375,0.03735230348280676,635,I thought I’d ordered an armored car.
7376,5417,4,31,125,160,1.24375,0.03839024521506676,635,"This is not what I expected, when I signed up for a night out."
7423,5417,6,27,127,160,1.24375,0.04038618120193431,635,Dan was a little disappointed when she said he could just call her 'Gwen'.
7507,5417,7,25,128,160,1.24375,0.04134803482968362,635,I get it  but this is not what I had in mind for a blind date
7792,5425,5,28,123,156,1.2435897435897436,0.04002872714488858,635,Joan was fed up with niche dating websites.
7185,5425,6,26,124,156,1.2435897435897436,0.0410488974611832,635,Lancelot never asked for a straw.
3146,5425,6,26,124,156,1.2435897435897436,0.0410488974611832,635,My ex always acted like such a helpless princess.
950,5425,6,26,124,156,1.2435897435897436,0.0410488974611832,635,It's a first date. I don't want you to judge me on my looks.
6366,5425,5,28,123,156,1.2435897435897436,0.04002872714488858,635,"After the knighting, I lost interest in people."
4761,5430,5,37,151,193,1.2435233160621761,0.035061937911332976,635,You don't look like your photo on Tindr
2336,5431,7,23,122,152,1.243421052631579,0.04277404880485733,635,A knight out with his date.
5574,5431,5,27,120,152,1.243421052631579,0.040685900502249725,635,But your eHarmony request was for a knight in shining armor!
6121,5431,5,27,120,152,1.243421052631579,0.040685900502249725,635,"When you suggested a night out, this isn’t what I was expecting"
7177,5431,4,29,119,152,1.243421052631579,0.03960055711651401,635,You’ve got an impenetrable personality. May we just say “good night?”
346,5435,10,26,153,189,1.2433862433862435,0.03927328457842676,635,Did I take it to literally?
3791,5435,9,28,152,189,1.2433862433862435,0.0385500141536712,635,"Not exactly the nightcap I had in mind, but I can dig it."
7087,5437,4,37,144,185,1.2432432432432432,0.03514869122919049,635,This isn't what I was thinking when I said I needed a date night...
6768,5437,6,24,118,148,1.2432432432432432,0.042471042471042476,635,I am suspicious that you think that taking me to dinner is going to lead to a one knight stand.
6451,5437,6,24,118,148,1.2432432432432432,0.042471042471042476,635,"When I asked you to be my knight in shining armor, I didn't mean for you to take it literally."
4399,5437,2,32,114,148,1.2432432432432432,0.03789557751437699,635,You're a tight-lipped one.
1217,5437,7,22,119,148,1.2432432432432432,0.04353984510691705,635,"As a Yale grad, I have to tell you I might go all medieval on you."
6222,5437,6,33,146,185,1.2432432432432432,0.03678232331278109,635,"OK, yes, I did say that I wanted to have a good night..."
2063,5443,5,34,142,181,1.2430939226519337,0.036457577036434485,635,Your profile said you had a sharp tongue . . .
5621,5443,6,32,143,181,1.2430939226519337,0.037289975564118956,635,Don't even think about asking for a plastic straw.
5705,5443,5,34,142,181,1.2430939226519337,0.036457577036434485,635,Your Murphy Brown costume sucks.
6261,5443,6,32,143,181,1.2430939226519337,0.037289975564118956,635,Could we please pick the next restraunt for the food instead of the table shape?
6590,5443,8,28,145,181,1.2430939226519337,0.038901375116860024,635,"No, it's not rust. I used superglue."
7127,5443,5,34,142,181,1.2430939226519337,0.036457577036434485,635,You want a child.  I want to dress up like a child.  I still don't see why that's not enough.
7659,5443,8,28,145,181,1.2430939226519337,0.038901375116860024,635,"This isn't working. I say day, you say knight."
392,5450,4,27,113,144,1.2430555555555556,0.04092762741092319,635,"After the recent confirmation hearings I felt this was the safest way to go"""
5679,5451,8,27,142,177,1.2429378531073447,0.03947917552769028,635,"Maybe I shouldn't have mentioned ""knight in shining amor"" in my profile."
5505,5451,9,25,143,177,1.2429378531073447,0.04028407421964609,635,This is not what I meant when I said date night.
7160,5451,4,35,138,177,1.2429378531073447,0.03608046505791014,635,I remember the days when you could take barbs.
141,5451,7,29,141,177,1.2429378531073447,0.03865752145389566,635,Thanks for the night out.
5006,5451,4,35,138,177,1.2429378531073447,0.03608046505791014,635,I have a very vulnerable ego and easily get hurt.
5781,5456,8,26,139,173,1.2427745664739884,0.04008135806606818,635,"I know we belong to different political parties, but this is a bit extreme."
4572,5456,7,28,138,173,1.2427745664739884,0.03923393848818495,635,"Your profile said ""shining armor."""
3701,5456,8,26,139,173,1.2427745664739884,0.04008135806606818,635,Darn app! I wanted to go out at night! Not with a knight!
4137,5456,7,28,138,173,1.2427745664739884,0.03923393848818495,635,Well... Your Ad said you were looking for a Knight in Shining Armor.
14,5460,5,31,133,169,1.242603550295858,0.03802557608223639,635,...and then he forgot to pick up my dry cleaning today. These millennial squires are driving me to distraction.
1977,5460,6,29,134,169,1.242603550295858,0.03894081168286858,635,"Well , at least I can see that I'm making a good reflection on you."
6464,5462,7,35,160,202,1.2425742574257426,0.03548098206538521,635,You really want your reds to be served at dungeon temperature.
7653,5463,5,30,130,165,1.2424242424242424,0.038592681420702664,635,Spencer was getting defensive again.
1265,5463,5,30,130,165,1.2424242424242424,0.038592681420702664,635,I’m working on body positivity but I’m not there yet.
3341,5463,4,32,129,165,1.2424242424242424,0.03762293488329237,635,Your ponytail is so in fashion these days.
3453,5463,4,32,129,165,1.2424242424242424,0.03762293488329237,635,"I thought you said you were,"" a mid level knight""."
4240,5463,5,30,130,165,1.2424242424242424,0.038592681420702664,635,"Well, get it out of your system."
4443,5463,5,30,130,165,1.2424242424242424,0.038592681420702664,635,"""A fruity wine, yes, with a soft mouthfeel, but also inexplicatly metallic."""
6443,5463,6,28,131,165,1.2424242424242424,0.039538650574434626,635,Tonight to knight I need your love tonight
7469,5463,6,28,131,165,1.2424242424242424,0.039538650574434626,635,"In your online profile, your armor looked shinier."
3826,5471,4,31,126,161,1.2422360248447204,0.038181079583507166,635,I thought you wanted a date knight?
967,5471,5,29,127,161,1.2422360248447204,0.03918462185239131,635,Guess I don't want any knight in shining armor after all.
1364,5471,5,29,127,161,1.2422360248447204,0.03918462185239131,635,What's the catch.
7138,5474,10,26,154,190,1.2421052631578948,0.039087032356437824,635,"Gosh, it feels like ages since I've been here."
2559,5475,5,28,124,157,1.2420382165605095,0.03980320063478991,635,"Would you like a straw, Sir Lunchalot?"
3059,5475,9,20,128,157,1.2420382165605095,0.043714208789428735,635,Why can't you ever remember to bring a change of clothes for when we go to dinner after work?
4856,5475,5,28,124,157,1.2420382165605095,0.03980320063478991,635,a knight to remember
7414,5475,7,24,126,157,1.2420382165605095,0.041804466453114246,635,It was drip-dry. I’ll buy an oil can.
4865,5479,10,25,151,186,1.2419354838709677,0.0396559246952487,635,"I understand you’re going for chivalrous, but you’re taking things too far."
2372,5479,8,29,149,186,1.2419354838709677,0.03816211584673517,635,I’m having a bad (k)night...
5054,5479,8,29,149,186,1.2419354838709677,0.03816211584673517,635,Well...they said I'd meet a night in shining armor one day but I was expecting a white horse.
1499,5482,6,25,122,153,1.2418300653594772,0.041499814314480576,635,No jousting on the first date?
4238,5482,7,23,123,153,1.2418300653594772,0.04252333359629594,635,"You know, when I said I wanted a knight in shining armor, this isn't quite what I had in mind..."
5612,5484,7,30,145,182,1.2417582417582418,0.037917784805398654,635,My former girlfriend broke up with me.  She said that I was emotionally unavailable.
5371,5484,7,30,145,182,1.2417582417582418,0.037917784805398654,635,It’s nice to see your dedication to being chivalrous.
6499,5484,5,34,143,182,1.2417582417582418,0.03628130191652918,635,Don't be surprised if the Merlot tastes a little tinny.
1698,5484,6,32,144,182,1.2417582417582418,0.03710856554292327,635,I am afraid of things like tomatoes and asparagus.
474,5484,5,34,143,182,1.2417582417582418,0.03628130191652918,635,"It's like the valet had never seen a horse before. Anyhow, do you go on a lot of Tinder dates?"
3909,5484,7,30,145,182,1.2417582417582418,0.037917784805398654,635,"I hope, Sir Knight, there's a chastity belt under that armor."
343,5490,6,24,119,149,1.2416107382550337,0.042216615001756684,635,When I said I wanted something “full bodied” I meant the wine.
4804,5490,5,26,118,149,1.2416107382550337,0.04112843129319842,635,"Yes, Arthur . . . the table is round and the grail appears to be holy."
4902,5490,2,32,115,149,1.2416107382550337,0.037675770674768266,635,And you think I am being defensive?
6287,5490,4,28,117,149,1.2416107382550337,0.04001066281720584,635,I don’t trust these guys. They fed me my horse.
1771,5494,5,33,140,178,1.2415730337078652,0.03677656450822894,635,This is going to be a long night.
1546,5495,8,26,140,174,1.2413793103448276,0.03987475782235979,635,Tinder didn't prepare me for this.
4757,5495,5,32,137,174,1.2413793103448276,0.03729174181003091,635,I need to stop going on blind dates.
4929,5495,8,26,140,174,1.2413793103448276,0.03987475782235979,635,IS THIS ROUND TABLE LARGE ENOUGH?
5753,5495,3,36,135,174,1.2413793103448276,0.03546537002648428,635,It has more bling than a pussy hat
660,5499,6,29,135,170,1.2411764705882353,0.038737366019591844,635,"Next time, I'd rather you suggest dinner on an evening that you don't have a jousting match afterward."
2912,5499,9,23,138,170,1.2411764705882353,0.04134518664800852,635,I thought you said a night with amore.
3369,5499,6,29,135,170,1.2411764705882353,0.038737366019591844,635,"Call me 'my liege', like they did at Holton-Arms School."
5282,5502,3,41,151,195,1.241025641025641,0.03318966987493966,635,"I wouldn't have guessed you're the old-fashioned, shy type."
384,5503,6,28,132,166,1.2409638554216869,0.039326868941969476,635,My memorable first dates?  This certainly is not a knight to remember.
1415,5503,4,32,130,166,1.2409638554216869,0.03742410881401554,635,Have straws been discontinued yet?
3113,5503,7,26,133,166,1.2409638554216869,0.04024452721683568,635,What did you mean when you said this place was fit for a king?
3952,5503,7,26,133,166,1.2409638554216869,0.04024452721683568,635,Silverware......?!!!
3999,5503,1,38,127,166,1.2409638554216869,0.03437303987342295,635,You're no Princess- but I would like to see you again.
4033,5503,9,22,135,166,1.2409638554216869,0.042019765244015767,635,They told me I'd be a date for the night!
4179,5503,6,28,132,166,1.2409638554216869,0.039326868941969476,635,So what made you swipe knight?
5626,5503,4,32,130,166,1.2409638554216869,0.03742410881401554,635,"so what then, i'm the damsel in distress?"
6191,5503,6,28,132,166,1.2409638554216869,0.039326868941969476,635,This isnt the night on the town I had in mind...
6304,5503,5,30,131,166,1.2409638554216869,0.03838728006320661,635,So the concept is Renaissance fare
7271,5503,6,28,132,166,1.2409638554216869,0.039326868941969476,635,I should have specified that I'm more of a morning person on my Tinder profile...
1836,5514,9,15,113,137,1.2408759124087592,0.04806869842948701,635,"Eloise sat back, glum and uncertain. She was committed to dismantling the patriarchy and despised the limp progressives who posted their values but didn't live them. But Rodrick was a massive alpha and it'd been forever since she'd had the good dick."
4406,5515,3,40,148,191,1.2408376963350785,0.03358010947323431,635,Well to be perfectly honest your armor is a little dull.
6578,5515,7,32,152,191,1.2408376963350785,0.03671607490190688,635,I'm meeting with Kavanaugh and this is my protective gear.
7491,5517,3,33,126,162,1.2407407407407407,0.03695066994621874,635,Lately our jousting has become a bit listless.
4511,5517,3,33,126,162,1.2407407407407407,0.03695066994621874,635,"Frankly,I'm tired of your knight in shining armor routine."
693,5517,3,33,126,162,1.2407407407407407,0.03695066994621874,635,"When I said a night on the town might help our relationship, this is not what I had in mind...."
2535,5517,6,27,129,162,1.2407407407407407,0.03994240500744754,635,Nice hat Sir Drinksalot.
409,5521,9,27,151,187,1.2406417112299466,0.03872913677261439,635,I don't have much time I left my horse in a no parking zone.
1482,5521,7,31,149,187,1.2406417112299466,0.037214836055216645,635,Are you sure we haven't met before?
2038,5521,8,29,150,187,1.2406417112299466,0.03797953434264647,635,Come to my place? I'd like to show you my can-openers collection.
5228,5521,9,27,151,187,1.2406417112299466,0.03872913677261439,635,"On the bright side, our case will be heard by the Supreme Court."
689,5525,5,28,125,158,1.240506329113924,0.03958013511357382,635,"I'm 42, so yeah, I'm totally into full grown men who play video games."
3193,5525,6,26,126,158,1.240506329113924,0.04058586885471601,635,I try to limit myself to one of these a knight.
4670,5525,3,32,123,158,1.240506329113924,0.03748780849078623,635,What color are your eyes?
7604,5528,10,24,149,183,1.2404371584699454,0.040049196997285444,635,"I think I misunderstood the dating service when they said they wanted me to have a ""good knight."""
7736,5528,7,30,146,183,1.2404371584699454,0.037733148013332385,635,"‘Our first date in months, and you couldn’t pick a place that didn’t remind me of work?”"
157,5530,3,31,120,154,1.2402597402597402,0.038048475825209836,635,When I said I wanted a date night...
5630,5531,8,27,144,179,1.2402234636871508,0.0390837207153183,635,When your dating profile said Knight in shining armour I thought you meant metaphorically.
6032,5531,4,35,140,179,1.2402234636871508,0.03572750243721911,635,"Lower your guard, Sid---I'm not that tough a feminist."
3803,5531,9,25,145,179,1.2402234636871508,0.03987866501766172,635,I can understand having your guard up on a first date but did you really need to slaughter the valet?
951,5531,5,33,141,179,1.2402234636871508,0.03659542497416,635,A few drinks help loosen me up.
554,5535,7,28,140,175,1.24,0.03883356765752401,635,I think you over-prepared for pick-your-own-lobster.
856,5535,6,30,139,175,1.24,0.037978474587846534,635,Another one with shining armor eh
2531,5535,4,34,137,175,1.24,0.036207756655668756,635,...little different than the profile pic
3043,5535,9,24,142,175,1.24,0.04048961431027807,635,I'm more of a late afternoon in dull armor kind of guy.
4220,5535,3,36,136,175,1.24,0.035289094590883675,635,"With STD these days, you can't be too careful..."
4461,5535,6,30,139,175,1.24,0.037978474587846534,635,Didn't you tell me to iron my suit?
4822,5535,5,32,138,175,1.24,0.037103680235630467,635,Join me. We’ll be the knights of the round table.
5036,5535,6,30,139,175,1.24,0.037978474587846534,635,I like defensive.
6722,5535,7,28,140,175,1.24,0.03883356765752401,635,I couldn’t order wine in my burqa.
1077,5544,7,27,137,171,1.239766081871345,0.03941854243318433,635,"You’ve grown on me, Gerald. You’re not as guarded as my other lovers."
1802,5544,7,27,137,171,1.239766081871345,0.03941854243318433,635,"Your Match.com profile said you were""chivalrous"" but this is ridiculous..."
536,5544,10,21,140,171,1.239766081871345,0.041954973916926264,635,A night at a round table? I thought you said a Knight of the Round Table.
6203,5544,7,27,137,171,1.239766081871345,0.03941854243318433,635,She’d hoped for more excitement having a knight out.
3770,5548,3,29,114,146,1.2397260273972603,0.03924752130074012,635,I never imagined my knight in shining armor would drink merlot.
2704,5548,2,31,113,146,1.2397260273972603,0.038024920998767225,635,You couldn't think of a more subtle way to show that chivalry isn't dead?
3308,5550,11,24,157,192,1.2395833333333333,0.039417651788788435,635,"Sorry, I'm used to a different kind of roundtable."
2632,5550,4,38,150,192,1.2395833333333333,0.03423431932779028,635,"If you think this is something, wait until you see me try to eat."
3956,5550,6,34,152,192,1.2395833333333333,0.035791949701952985,635,Sorry...it's just not shiny enough.
6863,5553,5,30,132,167,1.2395209580838322,0.03818399559420824,635,Dinner date? I guess chivalry's not dead after all.
4520,5553,4,32,131,167,1.2395209580838322,0.03722731057497699,635,Does the shining armor ever come off?
4397,5553,6,28,133,167,1.2395209580838322,0.03911729012126524,635,I'm feeling I'll suited for this relationship.
4791,5553,8,24,135,167,1.2395209580838322,0.04092006989506098,635,It wasn’t such a nuisance before straws became so un-PC.
2896,5553,6,28,133,167,1.2395209580838322,0.03911729012126524,635,"I'm sorry, I didn't know this was a straw-free establishment."
1641,5553,6,28,133,167,1.2395209580838322,0.03911729012126524,635,It matches my politics.
1513,5553,5,30,132,167,1.2395209580838322,0.03818399559420824,635,"I've got 3 kinds of lubes and 21 different oils, will any of them help loosen you up?"
3081,5553,5,30,132,167,1.2395209580838322,0.03818399559420824,635,"Alas, the shining armor/'damsel thing isn't working either."
7585,5561,10,14,118,142,1.2394366197183098,0.04785852342465286,635,"Listen, your mother misunderstood when I said, ""I wanted a good night out."""
3383,5562,8,29,151,188,1.2393617021276595,0.03779865463616996,635,Can you believe this is the only restaurant that serves roasted pheasant?
6779,5562,7,31,150,188,1.2393617021276595,0.03703847997514851,635,It's Military Surplus. It's sure to be back in style soon.
5169,5564,7,25,131,163,1.2392638036809815,0.040666226961894085,635,"Is this your idea of a night out?""

Deborah Blum, Beverly Hills, Ca"
6903,5564,4,31,128,163,1.2392638036809815,0.037769312003258546,635,"With all the cuts to the FDA, you can’t be too careful."
6031,5564,7,25,131,163,1.2392638036809815,0.040666226961894085,635,Is it just me or does this wine taste like metal?
4993,5564,8,23,132,163,1.2392638036809815,0.041587045787783626,635,"Sorry, Duane. I guess I didn't really consider the full implications of the shining armor."
2934,5564,3,33,127,163,1.2392638036809815,0.03675296678039148,635,"Nice night, huh?"
2685,5564,6,27,130,163,1.2392638036809815,0.039724068941604546,635,Aren't you taking this diet thing a little too far?
2542,5564,4,31,128,163,1.2392638036809815,0.037769312003258546,635,That suit of the month club for the middle aged has gotten a bit literal dont you think?
1538,5564,5,29,129,163,1.2392638036809815,0.03875901561235038,635,She did say she’d set me up with a night in shining armor
4846,5564,7,25,131,163,1.2392638036809815,0.040666226961894085,635,Forget I said it.
47,5573,6,32,146,184,1.2391304347826086,0.036750856742374896,635,Not feeling it...could I see you joust a little bit?
1273,5573,4,36,144,184,1.2391304347826086,0.03509747011984499,635,Yes Arthur..your profile did state that you were a Knight in shining armour.
1588,5573,6,32,146,184,1.2391304347826086,0.036750856742374896,635,Your armour isn't shining.
3414,5573,8,28,148,184,1.2391304347826086,0.038332995366703516,635,"From the 1990s Archives:
""Of course, I always wear protection."""
5692,5573,7,30,147,184,1.2391304347826086,0.03755025968673369,635,How could you forget the sword?
6407,5573,7,30,147,184,1.2391304347826086,0.03755025968673369,635,"A nice unassuming wine, with just a hint of rust."
7168,5573,7,30,147,184,1.2391304347826086,0.03755025968673369,635,So...you come 'round this table often?
7442,5573,7,19,112,138,1.2391304347826086,0.04548171568976626,635,"Mmmmm....well...it’s just that I was expecting a little shinier, lighter, and frankly a little less vintage."
5384,5581,4,30,125,159,1.2389937106918238,0.03833481597897213,635,"I know this is called a ""blind date,"" but isn't this taking it a little too far?"
7430,5581,1,36,122,159,1.2389937106918238,0.03508167083309506,635,Hold on. I'll ask the waiter to get you a straw.
3969,5581,5,28,126,159,1.2389937106918238,0.039359492019609005,635,You look better in person than your Tinder pic.
38,5581,5,28,126,159,1.2389937106918238,0.039359492019609005,635,"I understand  your #MeToo pushback, but the horse ride home is just not happening.”"
2424,5581,9,20,130,159,1.2389937106918238,0.043215918313067196,635,I think they have paper straws.
2332,5581,3,32,124,159,1.2389937106918238,0.03728198787942576,635,"My attorney said, 'Think of it as a chastity belt for a man's reputation."
1223,5581,4,30,125,159,1.2389937106918238,0.03833481597897213,635,This is our first date. Aren’t you being a little too cautious?
3948,5581,3,32,124,159,1.2389937106918238,0.03728198787942576,635,"Sorry, I don’t date literalists."
1012,5589,9,25,146,180,1.238888888888889,0.03967894813932362,635,"When I said I was looking for a knight in shining armor, this isn't exactly what I meant."
1548,5589,4,35,141,180,1.238888888888889,0.03555351871881589,635,"Does this protect you from me, too?"
3580,5589,7,29,144,180,1.238888888888889,0.03808244257635737,635,"Ah, not a night date a knight date!"
3720,5589,8,27,145,180,1.238888888888889,0.03888888888888888,635,"Sooo, you told the kids that I was abusive?"
5413,5593,10,28,163,201,1.2388059701492538,0.03750201103491096,635,This is a 1894 imperial burgundy from central France.
336,5594,4,29,122,155,1.238709677419355,0.03892552584131375,635,You looked very different from your profile picture
1184,5594,4,29,122,155,1.238709677419355,0.03892552584131375,635,I do not consent to a good knight kiss.
4673,5594,3,31,121,155,1.238709677419355,0.03783397126210002,635,"Gwen, you can call me Arthur, King Arthur."
6814,5594,4,29,122,155,1.238709677419355,0.03892552584131375,635,"‘“Maybe ‘the night is still young,’ but how can I know for sure unless you lift that visor?”"
5953,5598,6,30,140,176,1.2386363636363635,0.037786684560917196,635,How long?
2959,5598,3,36,137,176,1.2386363636363635,0.03511450320453165,635,.. and the armour is not as shining as I'd hoped
1239,5600,6,35,156,197,1.2385786802030456,0.035179756987954086,635,This wasn’t what Barbara meant when she said she wanted to be courted.
1595,5601,7,22,122,151,1.2384105960264902,0.042761837777537365,635,"Of course I suspected. You're the first ""Lancelot"" I've met on JDate."
1800,5601,6,24,121,151,1.2384105960264902,0.04171659800800959,635,WHAT PART OF A NIGHT OUT  DO YOU NOT UNDERSTAND?
7179,5601,6,24,121,151,1.2384105960264902,0.04171659800800959,635,TFW 23 and Me says you're 19% Saxo-Norman
1967,5604,6,29,137,172,1.2383720930232558,0.03833663449946048,635,"When you told me to get ready for a wild and crazy night, I was not expecting this."
2225,5604,5,31,136,172,1.2383720930232558,0.03743925865640066,635,"I'd say its either ""steely"" or ""flinty""  -- as usual."
5118,5604,6,29,137,172,1.2383720930232558,0.03833663449946048,635,Don’t you dare play footsie with me!
6857,5604,7,27,138,172,1.2383720930232558,0.03921347983474019,635,This Me Too movement has me on edge.
1427,5608,8,30,155,193,1.238341968911917,0.03711164386371131,635,Vintage or new?
7544,5609,7,26,135,168,1.2380952380952381,0.039815384519815186,635,Dis your ex keep your coat of arms?
6622,5609,8,29,152,189,1.2380952380952381,0.03761945374034264,635,"Hold on, I forgot to ask the waiter for a straw"
6299,5609,6,28,134,168,1.2380952380952381,0.03890988107192088,635,"A typical modern scene is disrupted by a single incongruous detail, to humorous effect!"
3759,5609,5,30,133,168,1.2380952380952381,0.03798279670589456,635,"I think I can make a case for 
a straw."""
4046,5609,6,28,134,168,1.2380952380952381,0.03890988107192088,635,"Armored Anonymous, eh? Not cute."
1035,5609,7,26,135,168,1.2380952380952381,0.039815384519815186,635,Do you want me to ask the waiter for a straw?
6001,5609,7,21,119,147,1.2380952380952381,0.043529551521729604,635,I do this every knight.
1910,5609,6,23,118,147,1.2380952380952381,0.042445658147416666,635,"I'm so sorry, but I just got a text that I'm needed at an emergency jousting.  We should do this again sometime."
6456,5617,3,38,144,185,1.2378378378378379,0.03407978435923917,635,I wat a more open relationship.
127,5617,9,26,150,185,1.2378378378378379,0.03890961502579027,635,"Your profile said you are looking for your knight in shining armor, I thought you’d like this."
3475,5617,5,34,146,185,1.2378378378378379,0.035762277823612264,635,You’re clearly upset. What did you think I meant by ‘The Man of Steel?’
3098,5620,5,29,130,164,1.2378048780487805,0.03854957192485364,635,It’s definitely better in virtual reality.
2562,5620,8,23,133,164,1.2378048780487805,0.04135842831698483,635,You don't look a thing like your Facebook photo.
1177,5620,7,25,132,164,1.2378048780487805,0.04044382392608217,635,"Clever pun, Howard."
2016,5620,3,33,128,164,1.2378048780487805,0.036557298825473844,635,"I'm surprised they don't have flagons here, and no, I didn't wear this on my Match.com listing. But it's who I am."
2551,5620,4,31,129,164,1.2378048780487805,0.03756664473309039,635,"Frankly, your germaphobea is getting a little tiresome.."
2326,5625,4,26,113,143,1.2377622377622377,0.04086868459206661,635,"Now that you finally showed up, I think that I'd rather have you in shining spandex."
7380,5625,7,20,116,143,1.2377622377622377,0.04433653740431731,635,"Is it just me, or do you detect a hint of metal on the nose?"
265,5627,7,29,145,181,1.2375690607734806,0.03789444905370044,635,You said that you wanted a night out.
2617,5627,5,33,143,181,1.2375690607734806,0.03623830239778666,635,"No, I am not looking for a knight in shining armor."
3446,5627,7,29,145,181,1.2375690607734806,0.03789444905370044,635,Why don’t you try AA?
3567,5627,5,33,143,181,1.2375690607734806,0.03623830239778666,635,"Well, my profile did say that I will be your knight in shining armor."""
6344,5631,6,26,128,160,1.2375,0.040132935548290886,635,That isn't what I meant by well-dressed 'male'.
5867,5631,7,24,129,160,1.2375,0.04110071614856033,635,I think you have a drinking problem.
3614,5631,4,30,126,160,1.2375,0.03812374340644888,635,"I can't really hear you in that thing.  Please tell me you didn't just say that I put the ""Damn"" in ""Damsel in Distress""?"
3070,5631,4,30,126,160,1.2375,0.03812374340644888,635,I see you have’nt updated your online profile.
2951,5631,6,26,128,160,1.2375,0.040132935548290886,635,Like President Trump says: We young white men are the victims of the #MeToo Movement and have to protect ourselves when on dates.
1501,5631,5,28,127,160,1.2375,0.03914123354624906,635,I'm being iron-ic.
1688,5631,4,30,126,160,1.2375,0.03812374340644888,635,A true knight would allow me an entree.
1547,5631,4,30,126,160,1.2375,0.03812374340644888,635,Peek a boo I see you!
318,5631,4,30,126,160,1.2375,0.03812374340644888,635,My friends say that once you break down my armor I am a nice guy.
7719,5631,5,28,127,160,1.2375,0.03914123354624906,635,"Really, honey. The square table is fine for tonight."
1966,5631,2,34,124,160,1.2375,0.03600259861340899,635,"Well, I'M on a crusade to shame moms on the internet."
229,5631,3,32,125,160,1.2375,0.0370783421840769,635,Even wine doesn't make the knights exciting around here....
5870,5643,5,32,140,177,1.2372881355932204,0.036733039642401065,635,I'm beginning to believe you're shunning my shining.
5425,5643,7,28,142,177,1.2372881355932204,0.0384411091430224,635,My mother always told me to be careful and take protection on a blind date.
861,5643,5,32,140,177,1.2372881355932204,0.036733039642401065,635,Nobody'll ever pin anything on me!
2989,5643,8,26,143,177,1.2372881355932204,0.03926729182835934,635,Protection from rich frats who like beer?
1017,5647,4,29,123,156,1.2371794871794872,0.038705457589905345,635,Steel yourself; I’ve got some bad news.
5570,5647,7,23,126,156,1.2371794871794872,0.041788173028505786,635,You took date night literally.
6491,5647,3,31,122,156,1.2371794871794872,0.037621795030343366,635,I thought I  told the dating service i want amore
6550,5647,5,27,124,156,1.2371794871794872,0.039759595485652936,635,"So what if you're the white knight, you can still drink red wine."
6726,5647,4,29,123,156,1.2371794871794872,0.038705457589905345,635,"I don't think your company, Outer Armour, has a chance."
5383,5652,5,36,153,194,1.2371134020618557,0.03470355795298659,635,Glad you were able to fit me in before Comic Con.
4161,5653,7,27,139,173,1.2369942196531791,0.03901049463713886,635,"Now that I know why you said you like one-knight stands on your page, is Lancelot your real name?"""
3650,5653,5,31,137,173,1.2369942196531791,0.03724771162880831,635,I know you can talk.  Now say something worthy of a New Yorker cartoon contest.
1668,5653,8,25,140,173,1.2369942196531791,0.03986266457425957,635,Is your family very Orthodox?
3359,5653,7,27,139,173,1.2369942196531791,0.03901049463713886,635,But your bio said you were looking for a knight in shining armor?
3528,5653,7,27,139,173,1.2369942196531791,0.03901049463713886,635,Not every Knight has shiny armor you know!
7771,5658,8,20,124,152,1.236842105263158,0.04352140984370994,635,"LADY, I'VE BEEN WAITING HERE 400 YEARS FOR THE WAITER TO BRING THE MENU."
7291,5658,4,28,120,152,1.236842105263158,0.03931360593765812,635,"Wow, Guinevere!  I wouldn’t have recognized you!"
7018,5658,6,24,122,152,1.236842105263158,0.0414709098441645,635,I should have been more specific when I said I prefer night dates.
1782,5658,5,26,121,152,1.236842105263158,0.04040665771332917,635,This must be your knight out.
3350,5658,7,22,123,152,1.236842105263158,0.04250852548658323,635,He only makes me wear a chastity belt.
3296,5658,6,33,151,190,1.236842105263158,0.035923626893415564,635,"""Should we get the check, mate?"""
1336,5658,6,24,122,152,1.236842105263158,0.0414709098441645,635,"When you billed yourself as a knight in shining armour, I didn't take you literally."
3395,5658,11,23,156,190,1.236842105263158,0.039610363945081585,635,What the fuck kind of shit is this? Seriously. Fuck.
1348,5666,6,28,135,169,1.2366863905325445,0.03870460937766047,635,"Whether or not the damsels were distressed, it sounds like you're not ready to commit."""
1990,5666,3,34,132,169,1.2366863905325445,0.03587087471296491,635,I guess you’re serious about no means No.
3828,5666,10,20,139,169,1.2366863905325445,0.04218786910494563,635,You can call it your Halloween Practice Run all you want but you’re on your own when I finish this drink.
4392,5666,8,24,137,169,1.2366863905325445,0.04048371948508011,635,"We met at the Saratoga Renaissance Fair, what did you expect?"
2277,5670,9,26,151,186,1.2365591397849462,0.03872097739423784,635,"I know your Personals ad said 'I'm a real knight person,' but I thought you were just being ironic."
4268,5670,4,36,146,186,1.2365591397849462,0.03476637594754561,635,A great knight for wine.
4322,5670,4,36,146,186,1.2365591397849462,0.03476637594754561,635,I've just been feeling so 'closed-in' lately.
1428,5673,7,21,120,148,1.2364864864864864,0.043264352955627354,635,"OK, so you still have the armor, but after 30 years it sure isn't shining anymore."
6753,5673,6,23,119,148,1.2364864864864864,0.04218857159601243,635,"Are you up for some verbal jousting? Or, maybe just a 'knight' out-on-the-town?"
7790,5675,7,25,133,165,1.2363636363636363,0.0402237910895572,635,"What do you mean, ""I was speaking metaphorically""? Alice, to be perfectly honest with you, I don't even know what a metaphor is."
2278,5675,6,27,132,165,1.2363636363636363,0.03929431943180782,635,No!  I told you I wasn't going to carry your straws any more!
96,5675,7,25,133,165,1.2363636363636363,0.0402237910895572,635,I hear the breastplate's awfully good.
638,5675,3,33,129,165,1.2363636363636363,0.03636363636363636,635,I hate Tinder dates.
2236,5675,2,35,128,165,1.2363636363636363,0.03533276410895963,635,Tinder didn't do you justice. Shall I request a straw?
3487,5680,7,29,146,182,1.2362637362637363,0.03770826221534447,635,"You can't fool me, I see you checking out the waitress and wishing you could pinch her bottom."
5407,5680,6,31,145,182,1.2362637362637363,0.036894447704310294,635,This is going to be quite a (k)night
6404,5680,7,29,146,182,1.2362637362637363,0.03770826221534447,635,"No, it’s not just a game- it’s a way of life."
1962,5683,5,24,115,144,1.2361111111111112,0.04179596617581002,635,Armorsonly.com
6146,5683,4,26,114,144,1.2361111111111112,0.040617455501845,635,I still get notes of metal mostly.
2954,5685,6,26,129,161,1.236024844720497,0.03991015526199483,635,"Oh, so YOU'RE  afraid  now?"
4566,5685,9,20,132,161,1.236024844720497,0.042728675941279985,635,I should've known better than to swipe knight...
6933,5687,9,24,145,178,1.2359550561797752,0.039872952413545174,635,"Trust me, it has a delightful nose."
3858,5687,8,26,144,178,1.2359550561797752,0.039068815724360335,635,"You said 'date night', didn't you?"
3529,5687,5,32,141,178,1.2359550561797752,0.036550409654306046,635,"What were the chances that my name is Gawain, I'm dressed like this, and we were seated at a round table?"
3261,5687,2,38,138,178,1.2359550561797752,0.03384512564153296,635,I know when you're just coming out of  a prior relationship you tend to be very protective of yourself.
1757,5687,4,34,140,178,1.2359550561797752,0.03567145180433194,635,He was just too shiny.
1723,5687,8,26,144,178,1.2359550561797752,0.039068815724360335,635,What a waste of my time you are!  All you do is clank!
680,5687,6,30,142,178,1.2359550561797752,0.03740872114850227,635,and another thing about superior western values
263,5687,6,30,142,178,1.2359550561797752,0.03740872114850227,635,You wouldn't happen to be a damsel in distress?
2399,5687,6,30,142,178,1.2359550561797752,0.03740872114850227,635,I understand you have to be a bit wary on a first date.
1343,5687,5,32,141,178,1.2359550561797752,0.036550409654306046,635,I''m  sorry.  I can't give you a straw.
3495,5697,4,25,111,140,1.2357142857142858,0.041317851835987615,635,"I know my Match.com profile said I wanted a ""knight in shining armor"" but didn't mean it literally."
1112,5698,5,27,125,157,1.2356687898089171,0.03953441204976719,635,"I told you, this place banned straws to save the environment."
5017,5698,4,29,124,157,1.2356687898089171,0.0384877957123121,635,"I never wanted to hurt you, but it's been hard not to see it as a challenge."
5088,5698,6,25,126,157,1.2356687898089171,0.04055402635311177,635,"Clearly your expectation of ""we need to talk"" is different than mine"
5770,5698,5,27,125,157,1.2356687898089171,0.03953441204976719,635,"I thought the invitation said drinks ""at night"" not ""with knight"""
7681,5702,3,35,136,174,1.235632183908046,0.03521957683040056,635,This restaurant has an unusual dress code.
2435,5702,12,17,145,174,1.235632183908046,0.042876397990153005,635,"Sorry, we turned all the straws into plowshares."
22,5702,7,27,140,174,1.235632183908046,0.03880955635321799,635,I'd like to see that waiter treat us that way tonight.
2413,5702,8,25,141,174,1.235632183908046,0.03965630381652937,635,"Sorry, I’m joust not that into you."
1156,5706,8,20,125,153,1.2352941176470589,0.04326372304696509,635,"When a renaissance man asked me out on a date,I never imagined it would end up like this!"
1502,5706,10,20,140,170,1.2352941176470589,0.04196207464025204,635,"Actually, I was hoping you’d bring a little more ""amour"" tonight."
1685,5706,7,30,150,187,1.2352941176470589,0.03701184829243827,635,Now I feel safe enough to drink with you again!
2142,5706,3,38,146,187,1.2352941176470589,0.03376200362762889,635,My ad said “shining” armor.
3424,5706,3,34,133,170,1.2352941176470589,0.03568641475679701,635,So you think that #MeToo isn't enough?
3508,5706,6,28,136,170,1.2352941176470589,0.03850144323290976,635,"I gave up the ""shining"" part a long time ago, so you're good."
5506,5706,6,28,136,170,1.2352941176470589,0.03850144323290976,635,"The dating site said that you were into ""heavy metal""!

Jeff Manly
Toronto,On"
5652,5706,6,24,123,153,1.2352941176470589,0.04122803788532132,635,"My profile DID say Knight in Shining Armor, after all."
6157,5706,8,24,138,170,1.2352941176470589,0.04026895106115291,635,"You know, it's so hard to get through to you ~ I never know what you're thinking or feeling,  and sometimes I feel that's the way you want to keep it."
6570,5706,9,22,139,170,1.2352941176470589,0.04112422721267606,635,Not the knight in shining armor Susan imagined.
7365,5706,3,34,133,170,1.2352941176470589,0.03568641475679701,635,"My humblest apologies, milady. Based on your Tinder profile, I reckoned you would rather fancy the Shiraz."
7678,5706,6,28,136,170,1.2352941176470589,0.03850144323290976,635,"To Sue’s dismay, he looked exactly like he did in his Tinder pictures"
7530,5718,6,31,146,183,1.2349726775956285,0.036714991463871485,635,I’ll be honest. This “knight in shining armour schtick”  isn’t easy to pull off while sipping Chardonnay.
3361,5718,7,29,147,183,1.2349726775956285,0.03752385692555158,635,I'm just not feeling truly seen.
1040,5718,7,29,147,183,1.2349726775956285,0.03752385692555158,635,Liberal or conservative?
3053,5718,7,29,147,183,1.2349726775956285,0.03752385692555158,635,This night ... of all nights
97,5722,3,33,130,166,1.2349397590361446,0.03617195020533435,635,"You took me quite seriously when I told you I was looking for ""a knight in shining armor."""
3918,5722,6,27,133,166,1.2349397590361446,0.03908283551689334,635,So...you gonna take me home to knight?
4062,5722,2,35,129,166,1.2349397590361446,0.03514812415377816,635,I feel like you still keep your armor up with me.
4714,5722,4,31,131,166,1.2349397590361446,0.03716758442224853,635,It's OK.  Here all the waiters are unarmed.
4779,5722,5,29,132,166,1.2349397590361446,0.03813723484880302,635,It's been a problem without straws.
5476,5722,8,23,135,166,1.2349397590361446,0.04090851662302249,635,"Yeah, well, you may still be my knight but the shine wore off long  ago."
5572,5722,6,27,133,166,1.2349397590361446,0.03908283551689334,635,"Despite the wishful thinking, Ye Olde Dating App was exactly like what it seemed."
5963,5722,6,27,133,166,1.2349397590361446,0.03908283551689334,635,A knight's night out.
7694,5722,4,31,131,166,1.2349397590361446,0.03716758442224853,635,My knight in shining armor was a figure of speech....
4435,5731,7,28,144,179,1.23463687150838,0.03805633763900577,635,How about this for a knight out?
2469,5731,6,30,143,179,1.23463687150838,0.03722249502459677,635,"Mother, I became too exasperated by your wardrobe criticisms."
1811,5731,6,30,143,179,1.23463687150838,0.03722249502459677,635,"Nope. I’m a Hazel in a red dress. Thanks, though."
1104,5731,6,30,143,179,1.23463687150838,0.03722249502459677,635,This is all I am having; can you ask for a straw?
1994,5731,9,24,146,179,1.23463687150838,0.03967147882005105,635,Margaret finally got her knight out!
1649,5736,5,28,129,162,1.2345679012345678,0.038711722910830054,635,When the ad said  “knight in shining armor” I had no idea................................
1754,5736,4,30,128,162,1.2345679012345678,0.03770830484950707,635,"When I said that I wanted one night alone, this is not what I meant, Steve."
3061,5736,3,32,127,162,1.2345679012345678,0.03667744563790985,635,"Less aged chivalry and more aged Chianti, please."
6189,5736,7,24,131,162,1.2345679012345678,0.040644310338938415,635,Um...this is awkward...but what it says I’m ‘looking for’ on my Tinder profile is meant figuratively not literally...
6742,5736,8,22,132,162,1.2345679012345678,0.04157693109200657,635,Why should I be surprised? The dating service promised me that I would meet my knight in shining armor.
7204,5736,9,20,133,162,1.2345679012345678,0.04248908607078985,635,"You idiot, what I said was ""don't forget to wear protection for desert at my place."""
7341,5736,4,30,128,162,1.2345679012345678,0.03770830484950707,635,I sure miss straws.
2692,5743,6,22,117,145,1.2344827586206897,0.04267604187525741,635,"I know, but when you put that thing on, you knew that straws were no longer allowed."
7325,5743,4,26,115,145,1.2344827586206897,0.04036921684789872,635,The bottles are half off on ‘Knight’s Night.’
7379,5743,8,18,119,145,1.2344827586206897,0.04486441163511205,635,"Look, give it a chance. My Match.com posting explicitly said, Knight in Shining Armor!"
7250,5746,6,33,153,192,1.234375,0.03559099828652483,635,I'm afraid your shine is already wearing thin.
1205,5747,8,25,142,175,1.2342857142857142,0.03945202890896758,635,"Sorry, it's the helmet. I thought you said 'mead, too'."
4478,5747,3,35,137,175,1.2342857142857142,0.03504362081856076,635,Off with the costume already!
292,5749,9,19,130,158,1.2341772151898733,0.043219355898245854,635,My red isn't pairing well with your white knight syndrome.
2337,5749,4,29,125,158,1.2341772151898733,0.03827250251606237,635,So this is what you meant when you said you were a knight in shining armor ...
2689,5749,8,21,129,158,1.2341772151898733,0.04227631806550555,635,"So uh, you looked younger online..maybe it's the glasses"
5657,5749,4,29,125,158,1.2341772151898733,0.03827250251606237,635,Im a once a knight kinda guy
792,5753,6,36,163,205,1.2341463414634146,0.03414634146341463,635,"Honestly, I was expecting more dragon."
3045,5754,8,28,152,188,1.2340425531914894,0.037599992850851346,635,I thought we could spend the knight together.
4734,5755,5,30,136,171,1.2339181286549707,0.037391409040460094,635,And to think a fancy place like this doesn't even have straws
6989,5755,2,36,133,171,1.2339181286549707,0.034521285045863964,635,"To be honest with you Ralph, this is not my idea of a night out on the town."
7318,5755,6,28,137,171,1.2339181286549707,0.038300351429659284,635,They don't have a round table and they're out of straws; it's just not your day.
4201,5758,5,26,123,154,1.2337662337662338,0.039939058695599196,635,I forgot to bring the straws.
3699,5759,7,29,148,184,1.233695652173913,0.03734120849199929,635,"She: You lied to me.  You told me you were warm, loyal and brave.
He: No, I told you I was a knight in shining armor."
4646,5759,6,31,147,184,1.233695652173913,0.0365372319750742,635,I can't believe you quit your Day job!”
741,5759,8,27,149,184,1.233695652173913,0.038128236031654224,635,My ex used to say I was too vulnerable.
1955,5759,7,29,148,184,1.233695652173913,0.03734120849199929,635,"Luckily, I just got the most beautiful stainless steel FDA-approved ultra long drinking straw on Amazon!"
714,5763,6,27,134,167,1.2335329341317365,0.03887356631476411,635,Maybe a length of surgical tubing might work.
887,5763,5,29,133,167,1.2335329341317365,0.037934275940574406,635,Do you have a spare straw?
4107,5763,6,27,134,167,1.2335329341317365,0.03887356631476411,635,Your online posting noted that you wanted someone with old-fashioned values and was be a good protector.
4178,5763,6,27,134,167,1.2335329341317365,0.03887356631476411,635,"So, do you enjoy frequent nights out?"
4578,5763,5,29,133,167,1.2335329341317365,0.037934275940574406,635,"The moment she realized that ""Plenty of Knights"" was no better than ""Plenty of Fish"""
4598,5763,8,23,136,167,1.2335329341317365,0.040687146518449825,635,"You know, this taste more 14th century to me."
5513,5763,7,25,135,167,1.2335329341317365,0.039790690178998944,635,Dating in Trump's America
561,5770,5,36,156,197,1.233502538071066,0.03423661097639703,635,I notice a hint of iron on the front end.
6347,5771,7,28,145,180,1.2333333333333334,0.03786676633343822,635,Sigh...this wasn't really what I meant by a night date.
4996,5771,4,27,119,150,1.2333333333333334,0.039478328284971595,635,"I too, sense a metal taste in the mouth!"
2907,5771,5,32,143,180,1.2333333333333334,0.03619040618298769,635,The shield in your avatar had more karats
4493,5771,8,19,123,150,1.2333333333333334,0.043777622578526236,635,"Nine and a half years of sobriety! What’s your secret, Sir Robert?"
1226,5771,7,28,145,180,1.2333333333333334,0.03786676633343822,635,"It's so important to have friends like you to talk to, without the need to have my guard up."
282,5771,7,28,145,180,1.2333333333333334,0.03786676633343822,635,I will try the wine as soon as they bring me my straw.
125,5771,7,28,145,180,1.2333333333333334,0.03786676633343822,635,Literal much?
2834,5771,3,36,141,180,1.2333333333333334,0.03443252832465337,635,"I'm sorry, Gerald, but your armor has lost its shine."
5548,5779,4,30,129,163,1.2331288343558282,0.037503871038797335,635,"So sorry, they do not issue straws here.""
Joe Pitts, Washington, D"
5429,5779,4,30,129,163,1.2331288343558282,0.037503871038797335,635,I also said I was looking for a 'partner in crime.'
5219,5779,8,22,133,163,1.2331288343558282,0.04134612183809339,635,A guilty conscience needs an armor.
2421,5779,6,26,131,163,1.2331288343558282,0.039471775574106145,635,"Fortnight is a video game, not a cosplay."
2378,5779,5,28,130,163,1.2331288343558282,0.03850039876330727,635,You’ll have to open up to drink the wine.
1676,5779,9,20,134,163,1.2331288343558282,0.04225212601857324,635,"So, now my dating site does time travel as well?"
661,5779,5,28,130,163,1.2331288343558282,0.03850039876330727,635,So - how was your day today?
301,5779,6,26,131,163,1.2331288343558282,0.039471775574106145,635,"I wouldn't call it distress...angst, maybe?"
2157,5779,8,22,133,163,1.2331288343558282,0.04134612183809339,635,"When filling out his dating profile, Arthur typed ‘night person.’"
5432,5788,3,35,138,176,1.2329545454545454,0.034869358984441226,635,"This isn't what I meant when I said one-night stand..""
Cathy C, San Dieg"
3256,5789,4,26,116,146,1.2328767123287672,0.0401239175152433,635,"Do I call  you ""sir""?"
1436,5790,6,32,151,189,1.2328042328042328,0.03588534382605963,635,"Dear God, Gladys, I said RHETT Kavanaugh is joining is for a drink."
5070,5791,6,25,128,159,1.2327044025157232,0.04009677862615026,635,Mid millennium modern clothing is in right now.
7136,5791,6,25,128,159,1.2327044025157232,0.04009677862615026,635,"In better light, this suit really shines."
4090,5791,2,33,124,159,1.2327044025157232,0.03590690285438816,635,I know you said you were a bit defensive but perhaps you might have understated things
2914,5794,4,32,136,172,1.2325581395348837,0.0362727225963164,635,I'm not really liking this. It's a little too much of a metallic taste for me.
3054,5794,8,24,140,172,1.2325581395348837,0.03984605662505049,635,"I hope you brought a metal straw, too."
4173,5794,3,34,135,172,1.2325581395348837,0.035322952149345756,635,You asked for a Sir Galahad
4382,5794,4,32,136,172,1.2325581395348837,0.0362727225963164,635,"Straws are what, you say?"
6449,5794,4,32,136,172,1.2325581395348837,0.0362727225963164,635,I only hope there is a male within the mail.
6591,5794,8,24,140,172,1.2325581395348837,0.03984605662505049,635,When I said girl's night out I didn't mean this..
6623,5794,6,28,138,172,1.2325581395348837,0.03810130334461048,635,I wasn't lying when I said shyness is the chink in my armor.
7645,5794,4,32,136,172,1.2325581395348837,0.0362727225963164,635,"Thanks,but what makes you say 'good knight?'"
877,5802,4,35,146,185,1.2324324324324325,0.03470769555291128,635,You're not shining. I'll get the silver polish.
3646,5802,8,27,150,185,1.2324324324324325,0.03794261136131186,635,"Arthur, it's grate to see you."
5914,5802,10,23,152,185,1.2324324324324325,0.03946074720626231,635,My dinner choice is usually pasta.
3781,5805,9,28,161,198,1.2323232323232323,0.03697016487849616,635,Your sabatons are crushin' my mules.
4360,5806,5,26,124,155,1.232258064516129,0.03970920147673001,635,"Yes, I suppose my Tinder photo was more from the Middle Ages."
5083,5806,6,24,125,155,1.232258064516129,0.040750556591056655,635,"I'm sorry, you're a bit short.  I'm used to long knights."
4063,5806,8,20,127,155,1.232258064516129,0.042757247614920904,635,You misunderstood my profile. I wanted a night out not a knight who is out of it.
954,5809,6,27,135,168,1.2321428571428572,0.03866647826749492,635,"When I requested a lady of the night, I had something very different in mind."
2361,5809,7,25,136,168,1.2321428571428572,0.03957755097325211,635,That's a lot of protection you've got on there. Is there anything you want to tell me?
3196,5809,3,33,132,168,1.2321428571428572,0.035794392624006355,635,"I said in the profile I""m a history buff."
3418,5809,6,27,135,168,1.2321428571428572,0.03866647826749492,635,"I think it's time for me to say, 'Thank you and good night.'"
4610,5809,7,25,136,168,1.2321428571428572,0.03957755097325211,635,"Well, I certainly don't think knights in shining armor are supposed to suggest Dutch treat!"
6532,5809,6,27,135,168,1.2321428571428572,0.03866647826749492,635,It's too bad plastic straws have been outlawed
7416,5809,4,31,133,168,1.2321428571428572,0.03677668477107789,635,"Sorry, but I think we have different ideas about knights in shining armor."
3871,5816,7,28,146,181,1.2320441988950277,0.037679035944889916,635,"It's an organic blend,with a hint of Rustoleum,with a slightly impertinent corrugated iron finish."
132,5816,4,34,143,181,1.2320441988950277,0.035150358278703296,635,Do you joust here often?
5960,5818,5,25,121,151,1.2317880794701987,0.04035571262730383,635,"How did the hearing go today, honey?"
6580,5818,6,23,122,151,1.2317880794701987,0.04143529609412827,635,I don't htink that you should take rust so personally.
5128,5818,3,29,119,151,1.2317880794701987,0.038104896012932855,635,I've finally met my knight in shining armor!
7197,5821,8,22,134,164,1.2317073170731707,0.04111781754443769,635,"Without my armor, I'm more the weak noisy type."
4839,5821,4,30,130,164,1.2317073170731707,0.037301583388225264,635,I can't wait until this night is over.
3899,5821,7,24,133,164,1.2317073170731707,0.04019773899774006,635,Aren't you carrying travelling in cognito a bit too far?
2505,5821,5,28,131,164,1.2317073170731707,0.03829131523408356,635,"Nope, I don't shine armor."
2613,5821,6,26,132,164,1.2317073170731707,0.039256101709711264,635,What is the world does “dilly dilly” mean?
2347,5821,9,20,135,164,1.2317073170731707,0.04201775361326334,635,"Well, yes, I may have my defense mechanisms, but on the other hand I save a bundle on plastc surgery and dry cleaning"
3582,5821,5,28,131,164,1.2317073170731707,0.03829131523408356,635,I understand you need to request a straw now.
2635,5828,4,33,140,177,1.231638418079096,0.035609929145686586,635,This NOT what I meant when i suggested we have date night.
3056,5828,6,29,142,177,1.231638418079096,0.037369368800347316,635,When I asked you to be my knight in shinning armor I did not mean I wanted Prince Albert in a can!
3962,5828,7,27,143,177,1.231638418079096,0.038218726560733905,635,"The chivalry is nice, but straws, really?"
6714,5828,5,31,141,177,1.231638418079096,0.03650025190527588,635,"You know Gerald, It seems as if your DNA research has gone a little too far."
7641,5828,5,31,141,177,1.231638418079096,0.03650025190527588,635,It’s kind of dark in here. Hard to tell if you’re really my Knight in Shining Armor.
1541,5833,7,30,153,190,1.231578947368421,0.03648833611058324,635,"When I saw your profile picture, I was immediately drawn to your polished and gallent looks."
7636,5834,5,24,118,147,1.2312925170068028,0.04103318899494187,635,I'm really not looking for a knight in shining armor type right now.
5841,5834,7,20,120,147,1.2312925170068028,0.04324463572890544,635,So you heard' about 'A Knight on the Town' on what radio station?
4671,5834,4,26,117,147,1.2312925170068028,0.0398815074812759,635,I can tell from the bouquet that I would like this wine.
5368,5834,4,26,117,147,1.2312925170068028,0.0398815074812759,635,It's like Skype with the video off.
3615,5838,7,23,130,160,1.23125,0.04084588595404767,635,"With my ex is was really all about, ""who ARE you, anyway?"""
6547,5838,3,31,126,160,1.23125,0.03679566537740604,635,I know someone put water in the wine because my helmet is rusted shut.
7089,5838,4,29,127,160,1.23125,0.037848875052863794,635,"So, will the sommelier be back to help with the visor?"
3358,5841,4,32,137,173,1.23121387283237,0.03608748997379457,635,"This was certainly not what I expected when we discussed a 'night on the town'"""
6921,5841,3,34,136,173,1.23121387283237,0.035143898438890285,635,"So, are you into retro now or is that just plain antique?"
420,5843,6,31,149,186,1.2311827956989247,0.0361867109924917,635,What really happened.
1708,5844,5,36,158,199,1.2311557788944723,0.03393205042073643,635,Hold it. You're looking for an affair de what?
6153,5845,6,24,126,156,1.2307692307692308,0.04051585669853265,635,"Well, this will be a night to remember."
6091,5845,4,28,124,156,1.2307692307692308,0.038420159709954986,635,Would you rather have a Rob Roy?
6217,5845,4,31,134,169,1.2307692307692308,0.036584220431205454,635,"Chateau Lubricant"""
5913,5845,9,24,149,182,1.2307692307692308,0.03907888973867121,635,My place or yours?.  My place has a can-opener and WD40.  What do you have aside from a dungeon and lots of chains & whips?
6414,5845,4,37,154,195,1.2307692307692308,0.03356332942495252,635,You've heard the rumors then?
6804,5845,2,38,142,182,1.2307692307692308,0.033198949500573116,635,Small plates indeed.
6332,5845,4,28,124,156,1.2307692307692308,0.038420159709954986,635,"I suppose part of this is my fault, but I assumed you would know knight in shining armor is a euphemism, how are you going to eat?"
5546,5845,2,35,132,169,1.2307692307692308,0.03460520810932451,635,"It has a “metallic flavor” you say? Gee, Arnie, I can’t imagine why."
1041,5845,4,28,124,156,1.2307692307692308,0.038420159709954986,635,"I have to say,  you don’t look anything like your jdate picture."
2939,5845,8,23,138,169,1.2307692307692308,0.0402513937286372,635,"So, you think my safest sex outfit will damage your Kia?"
2711,5845,8,23,138,169,1.2307692307692308,0.0402513937286372,635,"So if  I ask for a straw it's because I hate turtles? I relate more to turtles than you'll ever know, Shannon."
2568,5845,8,26,148,182,1.2307692307692308,0.03829421438431834,635,I should have known better than to go to a speed dating event that uses round tables.
2149,5845,8,23,138,169,1.2307692307692308,0.0402513937286372,635,This is not what I expected when you invited me for a night out.
1107,5845,7,28,147,182,1.2307692307692308,0.03749312053453334,635,Darn. I forgot my straw at the castle.
3706,5845,5,23,115,143,1.2307692307692308,0.041744094870360064,635,I think you are worrying too much about spills.
799,5845,5,26,125,156,1.2307692307692308,0.039481915582672035,635,So your profile said medium build...
458,5861,5,31,142,178,1.2303370786516854,0.03631793724470991,635,"When I said I wanted to go on a date with a chivalrous man, this is not what I meant"
1666,5861,12,17,149,178,1.2303370786516854,0.041992289413562256,635,I doubt this will fix your iron deficiency.
2625,5861,7,27,144,178,1.2303370786516854,0.03802568224040578,635,"I know you said you were a knight in shining armor, but really?"
3092,5861,4,33,141,178,1.2303370786516854,0.035433213143065,635,Ought not Lancelot
3442,5861,8,25,145,178,1.2303370786516854,0.038851415442904054,635,"Mary, You said you wanted a knight in shining armor...
And it shouldn't matter that my name is Becky..."
7665,5861,7,27,144,178,1.2303370786516854,0.03802568224040578,635,"It's full-bodied with metallic notes, and pairs best with aged Gruyère."
4954,5867,7,24,134,165,1.2303030303030302,0.03997804499490151,635,I'll just be straightforward about this. I use my lance a lot.
3784,5867,4,30,131,165,1.2303030303030302,0.03710140956341412,635,It’s too bad you don’t like this table.  It’s the only kind I can sit at.
964,5867,4,30,131,165,1.2303030303030302,0.03710140956341412,635,"You've said some hurtful things, and I just felt self-protective."
2553,5867,7,24,134,165,1.2303030303030302,0.03997804499490151,635,Because they say it's going to be an unusually bad Flu season.
851,5871,5,25,122,152,1.230263157894737,0.04011832744092849,635,Come on!  I didn't want my knight in shining armor to really be a knight in armor.
4487,5871,7,21,124,152,1.230263157894737,0.04223454685608581,635,Tricky Tinder
7196,5871,7,21,124,152,1.230263157894737,0.04223454685608581,635,"It's corked, but I need you to tell them."
1384,5874,4,32,138,174,1.2298850574712643,0.03590408942822858,635,Do you really need to be this defensive when I am mansplaining?
1746,5874,7,26,141,174,1.2298850574712643,0.038580123662788735,635,"Dracophobia is not a STD, in case you are wondering."
2583,5874,4,32,138,174,1.2298850574712643,0.03590408942822858,635,I'd like to defend your honor.
7494,5874,2,36,136,174,1.2298850574712643,0.03400326604253888,635,Clearly you are not my knight in shining armor. You can't drink.
6975,5878,8,21,132,161,1.2298136645962734,0.04156156774508471,635,"Yes, your plume is fluffy, but you may have taken your virginity oath a little too far."
4492,5878,4,29,128,161,1.2298136645962734,0.037640469009007915,635,My helmet is an alternative to a wine aerator
6926,5878,5,27,129,161,1.2298136645962734,0.03865804778789121,635,Your first time on WhiteKnightsOnly.com?
620,5881,7,20,121,148,1.2297297297297298,0.042979869960094064,635,"That's a nice suit of armor. But I can still see your ankle bracelet, Sir Naughty."
4872,5881,6,22,120,148,1.2297297297297298,0.041896784583418355,635,You take your night caps seriously.
291,5881,4,26,118,148,1.2297297297297298,0.03964193778960474,635,"Can't say that I know Sir Loin of Beef Wellington, why do you ask?"
3695,5884,6,30,147,183,1.2295081967213115,0.036495367375049347,635,You really took your emotional armor to a new level this time... didn't you Albert?
6238,5884,10,22,151,183,1.2295081967213115,0.039649827254961065,635,I don't want to embarrass you but do you mind if I ask for a straw?
7110,5884,6,30,147,183,1.2295081967213115,0.036495367375049347,635,I know I said I was looking for a knight in shining armour but...
4070,5887,5,29,136,170,1.2294117647058824,0.03733785745859955,635,"If tonight goes well, tomorrow, I’ll introduce you to my dragon."
4278,5887,2,35,133,170,1.2294117647058824,0.03442781821109007,635,"It's nice, but it's not shiny enough."
4715,5887,5,29,136,170,1.2294117647058824,0.03733785745859955,635,How do you feel about beer?
5385,5887,7,25,138,170,1.2294117647058824,0.03915792241867862,635,"Tinder said you'd be my knight in shinning armor, not a loser in tin foil."
6290,5887,5,29,136,170,1.2294117647058824,0.03733785745859955,635,"Well, what a knight this turned out to be. {Sigh}"
6783,5887,8,23,139,170,1.2294117647058824,0.040036939598594834,635,"I’m sorry, but you’ve lost your shine."
4361,5893,6,24,127,157,1.2292993630573248,0.04028379184927872,635,"If you're not going to drink your wine, will you pass it over?"
2309,5893,4,28,125,157,1.2292993630573248,0.038202948199056584,635,This is an open and shut case.
4333,5893,8,20,129,157,1.2292993630573248,0.0422623061416699,635,Sorry! Straws are no longer an option.
592,5893,4,28,125,157,1.2292993630573248,0.038202948199056584,635,I think it is too soon after your break up to start dating again.
2106,5893,5,26,126,157,1.2292993630573248,0.039257159454396444,635,"My profile did say I enjoyed going out as a knight, not at night."
386,5898,3,38,151,192,1.2291666666666667,0.03299209056058562,635,But enough about how perfect this table is. How do you feel about heraldry?
3375,5898,2,40,150,192,1.2291666666666667,0.03215494546322345,635,"I thought there was something odd about ""Wine Knight""  at this place."
6056,5900,10,21,148,179,1.229050279329609,0.040246298765134296,635,I feel like we're going two steps forward and then one step to the side.
6142,5900,4,33,142,179,1.229050279329609,0.03525819581976927,635,You must be the knight in shining armor I always dreamed for!
7175,5900,5,31,143,179,1.229050279329609,0.036137391592408426,635,Moira thought she was clear when suggesting they celebrate with a wine night out.
7389,5900,4,33,142,179,1.229050279329609,0.03525819581976927,635,"Strictly speaking, women aren't allowed at the round table."
7632,5900,6,29,144,179,1.229050279329609,0.03699569934115244,635,"When your profile said ""time traveler"" I thought it was a metaphor..."
4078,5905,5,28,133,166,1.2289156626506024,0.03787973359952879,635,Tell me about your latest dragon slaying.
751,5905,7,24,135,166,1.2289156626506024,0.03976069564063031,635,Adventurous and shy do fit your online profile.
3329,5905,3,32,131,166,1.2289156626506024,0.035900355392610016,635,So.. how's the knight going?
3840,5905,10,18,138,166,1.2289156626506024,0.04242606472688917,635,I'm a Supreme Court Candidate and want to cover my date behavior 20 years ago
3865,5905,6,26,134,166,1.2289156626506024,0.03883160526811961,635,Lucille never mentioned you were part of “#himtoo...”
7518,5905,1,36,129,166,1.2289156626506024,0.033805277946796046,635,What kind of credible story can you tell yourself about why we are together?
1679,5911,10,26,165,201,1.228855721393035,0.03714722518176139,635,Online dating in 2018.
5297,5912,7,21,125,153,1.2287581699346406,0.041984578747553784,635,"Wow, your armor looks older than your picture...how long have you been on KnightMatch.com?"
4613,5912,6,23,124,153,1.2287581699346406,0.04094759505275054,635,You look just like your Tinder photo.
1812,5912,4,27,122,153,1.2287581699346406,0.03879055189853624,635,Fine - how would YOU define 'amicable'?
6557,5915,5,33,150,188,1.2287234042553192,0.03504012199656435,635,Actions speak louder than words.
98,5916,6,28,141,175,1.2285714285714286,0.03751612367420643,635,"Can't we have Date Night without a 'K,' like everyone else?"
1022,5916,5,30,140,175,1.2285714285714286,0.03663028925010779,635,Well...……….my friend did say that your were like a knight in shining armor.
1841,5916,6,28,141,175,1.2285714285714286,0.03751612367420643,635,"Gertrude wanted a night she will never forget, now she's not so sure."
6850,5916,8,24,143,175,1.2285714285714286,0.039227827183288294,635,What's with the face? Your profile said you wanted chivalry.
103,5920,5,27,130,162,1.228395061728395,0.038444858678485655,635,"No, it’s a different nightly special."
640,5920,2,33,127,162,1.228395061728395,0.03532652615958942,635,I'm going to explain what 'Live Crabs' means one more time.
886,5920,6,25,131,162,1.228395061728395,0.03942953708719213,635,I thought a blind date might be different.
1324,5920,2,33,127,162,1.228395061728395,0.03532652615958942,635,All day long I felt it would be a knight to remember.
1367,5920,7,23,132,162,1.228395061728395,0.04039021702110284,635,"The ad said  ""A night in shining amour"""
4931,5925,7,28,149,184,1.2282608695652173,0.037126633209998545,635,More like a knight in dull armour.
5232,5926,10,14,125,149,1.2281879194630871,0.04579230290521053,635,Dorothy's date reminded her of an old friend
6750,5926,5,24,120,149,1.2281879194630871,0.04053962749614911,635,"As poetic as it sounds, I'm looking for something more than Friends with
 Courtly Love."
195,5926,6,22,121,149,1.2281879194630871,0.041643200154331726,635,Didn't you escape from a museum?
482,5926,3,28,118,149,1.2281879194630871,0.0382370494990411,635,I SHOULD HAVE BROUGHT MY SILVER POLISH
1474,5930,7,25,139,171,1.2280701754385965,0.03895136602174896,635,I liked you better when you used to just clam up.
2917,5931,5,21,110,136,1.2279411764705883,0.042991248748113955,635,"Oh well, once more unto the breach."
7252,5932,5,26,127,158,1.2278481012658229,0.03903489238214848,635,I like the chivalry you older guys are so good at.
5034,5932,4,28,126,158,1.2278481012658229,0.03798811877682898,635,The Tin Man came down with a case of rust.
6468,5932,7,22,129,158,1.2278481012658229,0.04104843643127968,635,It  may not fit with your self-image but I still think a straw is the best solution.
4043,5932,2,32,124,158,1.2278481012658229,0.035802874996787214,635,"You’re supposed to ride in on a white horse, not hide your face."
1140,5932,5,26,127,158,1.2278481012658229,0.03903489238214848,635,"Really, Howard? This is what you thought I meant by date night?"
4857,5932,8,20,130,158,1.2278481012658229,0.04201904078553265,635,"When I said I was looking for a ""Knight in Shining Armor"",I didn't mean literally..."
2503,5938,8,25,147,180,1.2277777777777779,0.03846088854385181,635,It’s all part of the swordfish special.
5318,5938,9,23,148,180,1.2277777777777779,0.03925956181637003,635,"They promised me a night on the town. This is not what I expected.""  -- Linda Stetson, Millis, M"
5716,5938,3,35,142,180,1.2277777777777779,0.03418879517369177,635,I'm your wish come true from your last birthday cake.
5874,5941,6,26,135,167,1.2275449101796407,0.03862271254630513,635,"Me too, Christine. Me too."
7163,5941,5,28,134,167,1.2275449101796407,0.037677168916225585,635,"Now, that's extreme willpower."
6422,5941,5,28,134,167,1.2275449101796407,0.037677168916225585,635,This isn't exactly what I meant by a date night.
5566,5941,2,34,131,167,1.2275449101796407,0.03468622863419477,635,"You are doing important work, but I still think #Knight-Errant-MeToo is just too long."
2348,5941,7,24,136,167,1.2275449101796407,0.03954565451888787,635,"It's okay, Carlo. This bistro hasn't had a Mafia-hit in years."
4787,5941,5,28,134,167,1.2275449101796407,0.037677168916225585,635,"So, you've been here before?"
813,5941,5,28,134,167,1.2275449101796407,0.037677168916225585,635,I don’t like rainy days.
755,5941,7,24,136,167,1.2275449101796407,0.03954565451888787,635,"When I put in the ad that I was looking for a knight in shining armor, I was hoping for something a little less literal."
5307,5941,6,26,135,167,1.2275449101796407,0.03862271254630513,635,Let's get out of here. I haven't Camelot in ages.
3536,5950,5,33,151,189,1.2275132275132274,0.03487523444059041,635,This isn’t what I had in mind when I said I wanted a date night.
6313,5950,5,33,151,189,1.2275132275132274,0.03487523444059041,635,I'm sorry.  I thought your armor would be a bit more shiny.
7529,5952,3,34,139,176,1.2272727272727273,0.03461715048119959,635,They did say black tie optional.
7526,5952,5,25,124,154,1.2272727272727273,0.0396516613277557,635,So when is your next tournament?
5109,5952,6,23,125,154,1.2272727272727273,0.04070794374412261,635,"I just wish you had mentioned that we were going to a Halloween Party, after meeting for cocktails!"
4689,5952,8,24,144,176,1.2272727272727273,0.03902592000342006,635,"I've heard of people putting on armor when they go on Internet dates, but this is ridiculous."
4396,5952,3,29,122,154,1.2272727272727273,0.037449824704580505,635,"I knew I'd like you when I saw your picture on Match.com.
I love a man in uniform!"
3322,5952,7,21,126,154,1.2272727272727273,0.04173750258099142,635,"Gladys, I am having a Spartacus moment."
3822,5952,5,30,141,176,1.2272727272727273,0.0364447148062397,635,Let's agree that I get the house and car and you get the kids.
2483,5952,7,21,126,154,1.2272727272727273,0.04173750258099142,635,"Well, yes, I have been looking for my Knight in Shining Armor but ...."
1872,5952,0,40,136,176,1.2272727272727273,0.03167872965623499,635,I read on a blind-date advice-column that I should come prepared for anything.
1578,5952,6,28,142,176,1.2272727272727273,0.037324955488830955,635,I suppose the chastity belt means we’ll keep it to this?
1300,5952,4,32,140,176,1.2272727272727273,0.03554268099585458,635,"It is a roundtable, but the similarity ends there Mr. Arthur."
759,5952,7,21,126,154,1.2272727272727273,0.04173750258099142,635,This isn't what I had in mind when I sent for a mail-order husband!
2863,5952,4,27,123,154,1.2272727272727273,0.03856645962786087,635,You didn't say anything in your profile about leaving a dragon to bleed to death.
2536,5965,8,26,151,185,1.227027027027027,0.037732773388255904,635,"So, Bedevere, what do you do?"
656,5966,4,29,130,163,1.2269938650306749,0.037230298035232104,635,"SMDH, The lengths I have to go to to find one chivalrous guy this city!"
2360,5966,5,27,131,163,1.2269938650306749,0.038233956816305814,635,"Wink, wink!"
2794,5966,3,31,129,163,1.2269938650306749,0.03619882221500137,635,Don’t worry. Cupid won’t be able to get through that!
4491,5966,5,27,131,163,1.2269938650306749,0.038233956816305814,635,I agree; this vintage definitely has a steely finish.
7102,5966,6,25,132,163,1.2269938650306749,0.039211934610142204,635,"I say, would you have some wd40 I might use?"
3386,5971,2,28,111,141,1.2269503546099292,0.03815501141758049,635,"If you think this will protect you against my barbs, you’re wrong again."
6439,5971,5,22,114,141,1.2269503546099292,0.04194944891243331,635,"Um, I think you read my O.K. Cupid post too literally."
6401,5973,6,32,156,194,1.2268041237113403,0.03505877251071925,635,Oenophiles of  the round table - merlot convention.
3814,5974,5,29,138,172,1.2267441860465116,0.03695032187535087,635,"I use WD-40 as lube""."
4330,5974,5,29,138,172,1.2267441860465116,0.03695032187535087,635,"My apologies, Fran. In the Yelp reviews, they said this restaurant served mead."
4806,5974,4,31,137,172,1.2267441860465116,0.0360184234897598,635,"I'm battling a sexual harassment problem."""
5511,5974,8,23,141,172,1.2267441860465116,0.039614702506835624,635,This was not what I pictured when you said you would be my knight in shining armor.
7435,5974,6,27,139,172,1.2267441860465116,0.037859288724121386,635,"No, I didn't mean it literally when I said I wished you'd to be my knight in shining armor."
1393,5979,6,29,146,181,1.2265193370165746,0.0366292740786794,635,Wow this is quite the night
4345,5979,10,21,150,181,1.2265193370165746,0.039840345585237455,635,"Would you like some dessert, mon armour!"
99,5981,3,30,126,159,1.2264150943396226,0.036706770703989054,635,I told you...I hoped chivalry would lead to something more intimate!
2096,5981,5,26,128,159,1.2264150943396226,0.03881507448550428,635,"Let’s face it, we’re too old for nightclubs."
2491,5981,3,30,126,159,1.2264150943396226,0.036706770703989054,635,You call THIS a Renaissance Faire!
3789,5981,7,22,130,159,1.2264150943396226,0.040814617468687135,635,You wanted a night to shine in your honor?
5951,5981,5,26,128,159,1.2264150943396226,0.03881507448550428,635,"You knew my mom. Late December, back in '63."
6255,5981,3,30,126,159,1.2264150943396226,0.036706770703989054,635,Did you forget to order a straw again?
11,5987,6,31,153,190,1.2263157894736842,0.03550503710038375,635,"When I said I wanted a night cap, I didn’t mean this"
821,5988,4,30,134,168,1.2261904761904763,0.03651325674197914,635,Another night on the town.
696,5988,7,24,137,168,1.2261904761904763,0.0393328859377852,635,"I'm sorry, Gail, but you're not quite what I'm looking for."
3562,5990,7,26,144,177,1.2259887005649717,0.037990268863138686,635,I understand why you said your personality is challenging...
4213,5990,7,26,144,177,1.2259887005649717,0.037990268863138686,635,"Oh wow, my knight in rusting armor has arrived."
5381,5990,7,26,144,177,1.2259887005649717,0.037990268863138686,635,They call me Gary the Weaselheart.
5868,5990,3,34,140,177,1.2259887005649717,0.034444958800127205,635,"Don't give me that look, I never said I was into role-playing"
1309,5994,3,36,147,186,1.2258064516129032,0.03345638245892636,635,I didn't mean that vintage.
6042,5994,11,13,131,155,1.2258064516129032,0.04535239951940719,635,Do you always need to wear your costume for Halloween for the whole month of October?
3947,5996,3,38,154,195,1.2256410256410257,0.03254627031048736,635,A bib just won't cut it for me.
1126,5997,7,23,134,164,1.225609756097561,0.039944428246155295,635,"When I said I was looking for my 'knight in shining armor,' this isn't what I meant."
1630,5997,8,21,135,164,1.225609756097561,0.04087020977435136,635,You know ...I just don't think I'm quite ready for this.
2838,5997,6,25,133,164,1.225609756097561,0.038996674843183914,635,You look a little bit different in your Tinder profile
5244,5997,7,23,134,164,1.225609756097561,0.039944428246155295,635,"I was expecting a nice night out.

Why is this knight different from all other knights?

Sorry but I just didn't have time to do the laundry this week."
6801,6001,6,27,140,173,1.2254335260115607,0.03766262514248898,635,Doesn’t look so shiny to me!
4334,6001,7,25,141,173,1.2254335260115607,0.038544606208253465,635,"Sorry Ethel, I was just jousting!"
4115,6001,4,31,138,173,1.2254335260115607,0.035833596838334064,635,"The dating service did say you likened yourself as a knight in shinning armor, but don't you think this is a bit much?"
746,6001,3,33,137,173,1.2254335260115607,0.03488313815078248,635,"I must say, you look different without your armor."
419,6001,6,27,140,173,1.2254335260115607,0.03766262514248898,635,Mother said I could have dinner with you if I wore this
2061,6001,4,31,138,173,1.2254335260115607,0.035833596838334064,635,My relationships weren't working out so I decided to take the knight-in-shining-armour metaphor to the next level.
1306,6007,4,33,145,182,1.2252747252747254,0.034743103563309716,635,I understand you're the same as all other knights but would like to be different.  Let's get started.
4936,6007,8,25,149,182,1.2252747252747254,0.0380780030567678,635,So you are my knight in wining armor?
1438,6009,4,26,121,151,1.2251655629139073,0.03893979666458652,635,"Fine, but I’m not into a one knight sit either."
3782,6009,6,22,123,151,1.2251655629139073,0.04114496574042136,635,What a fine Knight we're having.
626,6011,11,21,159,191,1.225130890052356,0.039043175727573064,635,Globbb blugrad bylad bjjedu!
3953,6011,2,39,150,191,1.225130890052356,0.032068133122557525,635,What  a crumby joint. Everywhere else I get a straw
6258,6013,4,28,128,160,1.225,0.03756545649945677,635,Don't worry. Knights always carry straws.
4825,6013,4,28,128,160,1.225,0.03756545649945677,635,"Of course, you realize that I have unrealistically high expectations."
2529,6013,4,28,128,160,1.225,0.03756545649945677,635,"Actually no, I don't find it particularly metallic."
3374,6013,2,32,126,160,1.225,0.03541088558070898,635,"Look, it's not that I'm not flattered. But the Maitre D' only complimented my necklace.  You didn't have to gore him."
4712,6013,6,24,130,160,1.225,0.03960298254443843,635,"When I asked for something aged from the Loire Valley, I didn't mean for company."
6517,6018,7,24,138,169,1.2248520710059172,0.03912235491261584,635,"Sorry, straws are bad for wildlife."
4229,6018,4,30,135,169,1.2248520710059172,0.03632122684470638,635,"You can't expect the armor to be ""shining"" on a civil servant's salary."
6178,6018,3,32,134,169,1.2248520710059172,0.03533821078337065,635,How long does it take to get the results of your HIV test?
3362,6018,5,28,136,169,1.2248520710059172,0.037278330134802244,635,Finally!  drinking wine with my knight in shining armor!!!
544,6018,8,22,139,169,1.2248520710059172,0.040012510943995536,635,Your armor was looked much shinier on Tinder.
2963,6018,4,30,135,169,1.2248520710059172,0.03632122684470638,635,Everybody always swipes knight.
2598,6018,8,22,139,169,1.2248520710059172,0.040012510943995536,635,I was 33 when I came out of the closet.
3004,6018,6,26,137,169,1.2248520710059172,0.03821146785683574,635,She took a nice knight out and had a nice night out.
4629,6026,8,24,146,178,1.2247191011235956,0.038628175891098654,635,Last week it was the Pirate outfit. This week it’s the suit of armor. I just can’t take you anywhere!
524,6026,10,20,148,178,1.2247191011235956,0.04023799096390474,635,"Thanks, I guess, but I didn’t need to be rescued. We were just frolicking in the autumn mist."
605,6026,6,28,144,178,1.2247191011235956,0.036948288573843725,635,"No, you should not ask for a straw."
5590,6029,5,32,150,187,1.2245989304812834,0.03498311318711493,635,Chivalry shall die if they don't bring me a straw.
5669,6030,5,34,157,196,1.2244897959183674,0.03397695566041122,635,So the algorithm on the dating sight has a sense of humor or maybe I shouldn’t  Have asked for my night in shining armor
4555,6031,4,27,125,156,1.2243589743589745,0.03812577455717602,635,There's no such thing as a designated jouster.
5224,6031,2,31,123,156,1.2243589743589745,0.03589078870277199,635,Shiny enough for you???
3659,6031,4,27,125,156,1.2243589743589745,0.03812577455717602,635,"Well, I wouldn't describe the bouquet as ""tinny."""
1507,6034,5,27,133,165,1.2242424242424241,0.03781887353205983,635,"You know it's spelled with a 'K', right?"
3212,6034,5,27,133,165,1.2242424242424241,0.03781887353205983,635,"Knights aren't safe anymore, milady."
6637,6034,2,33,130,165,1.2242424242424241,0.03476402889786744,635,Would you like a straw with you wine?
7267,6034,4,29,132,165,1.2242424242424241,0.03682875731309087,635,I find it hard not to bring my work home with me.
7244,6038,6,27,141,174,1.2241379310344827,0.037467954411586055,635,"I think we need to go over ""dinner casual"" again"
2601,6038,4,31,139,174,1.2241379310344827,0.03565061109824253,635,You're right - it is a Round Table.
3874,6038,7,25,142,174,1.2241379310344827,0.038344339554150224,635,"Yes, you said you'd have mail for me."
3954,6038,9,21,144,174,1.2241379310344827,0.04003960429318111,635,I have a serious shellfish allergy.
5155,6038,3,33,138,174,1.2241379310344827,0.03470627181969931,635,"If you like my blonde pony, wait till ya see my white horse...”"
5706,6038,4,31,139,174,1.2241379310344827,0.03565061109824253,635,"Let's get this straight, my name is not Guineviere. It's Gwendolyn!!"
5758,6038,8,23,143,174,1.2241379310344827,0.03920113702304116,635,"I agree, I didn’t look like this in my online dating photo."
7595,6038,7,25,142,174,1.2241379310344827,0.038344339554150224,635,Not the kind of romantic night I had imagined.
7149,6046,9,23,151,183,1.2240437158469946,0.038673668880689925,635,I'm just not sure if I'm looking for shining armor right now.
180,6046,8,25,150,183,1.2240437158469946,0.03788935766565772,635,so what do you do for a living sir???
105,6048,4,22,108,134,1.2238805970149254,0.04189671940002948,635,"Sorry, Bud, but I have no desire to get medieval with you!"
943,6049,6,22,124,152,1.2236842105263157,0.04090021396894979,635,Tinder: Destroying High Expectations since 2009.
2980,6049,6,22,124,152,1.2236842105263157,0.04090021396894979,635,Have I ever given you any sarcastic remark about this ridiculous vintage retro lamp? Have I?
5295,6049,6,22,124,152,1.2236842105263157,0.04090021396894979,635,Don Quixote? Or prepared for the MeToo mob?
7506,6049,4,26,122,152,1.2236842105263157,0.03871111921947651,635,I am besotted by your shining armor.
1337,6053,8,20,133,161,1.2236024844720497,0.04130551532464778,635,"No, even if you are my boss, this will not convince me to refer to you as “sir.”"
4298,6053,4,28,129,161,1.2236024844720497,0.037357550642721914,635,A knight at night. Let's meet for breakfast next time....
5500,6053,5,26,130,161,1.2236024844720497,0.03838263072766544,635,Knights are forever without you.
7308,6053,7,22,132,161,1.2236024844720497,0.04035474996430925,635,"No, what I said was that I was looking forward to a date NIGHT."
7227,6057,9,20,141,170,1.223529411764706,0.04066360531884339,635,"Ok,you are my knight in shining armour. Now will you take that off?"
7052,6057,7,24,139,170,1.223529411764706,0.03891402714932127,635,Would You Prefer A Straw ?
6728,6057,6,26,138,170,1.223529411764706,0.03800904977375565,635,My battle horse takes up a lot of my time.
4192,6057,4,30,136,170,1.223529411764706,0.03613115796864638,635,Can chivalry just die already so I can go home and watch Queer Eye?
4032,6057,8,22,140,170,1.223529411764706,0.03979843154261723,635,I should have known that the Crusades would eventually make consensual relations problematic.
1776,6057,5,28,137,170,1.223529411764706,0.03708199321004141,635,"To be honest, I'd prefer you open the car door for me."
2671,6063,5,30,144,179,1.223463687150838,0.0358988583480564,635,"I always wanted a knight in shining armor, but..."
3235,6063,6,28,145,179,1.223463687150838,0.03676273560729254,635,"I know you are trying to be my night in shining armor, but really Lou, actually preferred the Tarzan get up!"
4918,6063,5,30,144,179,1.223463687150838,0.0358988583480564,635,Could you try shining?
248,6066,8,26,154,188,1.2234042553191489,0.03718728270080178,635,"No, I clearly recall saying ""Nights in White Satin"" was my favorite song."
4591,6066,5,32,151,188,1.2234042553191489,0.03481703770231501,635,"Hard times aside, this isn't what they mean by getting a thicker skin."
7330,6068,3,27,118,148,1.222972972972973,0.03813657580142551,635,"Well, at least I'm enjoying our Knight out."""
6929,6069,8,19,130,157,1.2229299363057324,0.0419968716653878,635,It has a slightly metallic mouthfeel.
6531,6069,5,25,127,157,1.2229299363057324,0.038971262202996855,635,So you’re a white knight? Republican or Democrat ?
7023,6069,7,21,129,157,1.2229299363057324,0.04101314316595286,635,"I know this is a blind date, but you're really going to far."
1722,6069,5,25,127,157,1.2229299363057324,0.038971262202996855,635,"My profile said I was looking for my knight in shinning armor, at best you’re sparkly."
2877,6069,5,25,127,157,1.2229299363057324,0.038971262202996855,635,I'm glad the suit is acceptable without the tie.
6846,6074,6,25,135,166,1.2228915662650603,0.03857303757489668,635,I'm beginning to feel I 'm on a lunch date with the Tin Man from Wizard of Oz.
1495,6075,4,31,140,175,1.2228571428571429,0.035469439853201556,635,"How can you be unhappy? You said you wanted a knight around town."""
2603,6075,8,23,144,175,1.2228571428571429,0.03899752483770018,635,Would it bother you if I ask for a straw?
4675,6075,9,21,145,175,1.2228571428571429,0.039830746772547866,635,When they told me you were a militant lesbian
5718,6075,5,29,141,175,1.2228571428571429,0.03638354859674456,635,Ironic humor is passé. But watching you struggle to drink wine is good classic slapstick that can’t fail to entertain.
7390,6075,6,27,142,175,1.2228571428571429,0.03727524719547092,635,I’m from the  1700s I  Live in a museum
5752,6080,4,33,147,184,1.2228260869565217,0.034407783049970456,635,"Yes, it's my first attempt at a one night stand, how about you?"
7487,6080,5,31,148,184,1.2228260869565217,0.03526034693046014,635,"Here’s looking at you, kid?  I can’t even see you through this damn thing."
7638,6080,6,29,149,184,1.2228260869565217,0.03609277762792696,635,Trick or treat?
5200,6083,4,28,130,162,1.2222222222222223,0.037151880838356854,635,A night with “A Knight in Shining Armor “ really?
4617,6083,5,26,131,162,1.2222222222222223,0.03816992907943363,635,"Are you Jousting anytime soon,or just rusting up?"
5058,6083,2,32,128,162,1.2222222222222223,0.03502712916618225,635,"I send out unwanted messages to people. They call me, ""SPAM in a can""."
6088,6083,5,28,138,171,1.2222222222222223,0.0368876703724877,635,Your profile says you want a chivalrous date.
3829,6083,7,24,140,171,1.2222222222222223,0.038707869028378625,635,You worry too much!
6676,6083,7,28,154,189,1.2222222222222223,0.036240448502969015,635,"I'm sure you said ""a night in shining armor"""
7249,6083,6,28,146,180,1.2222222222222223,0.03657900096985356,635,I thought you guys drank Bud Light.
7624,6083,8,24,148,180,1.2222222222222223,0.038238329001332214,635,"Yeah?  Well, you also mentioned long walks in the rain, romantic Sundays cuddled by the fire, and 110% honesty.   Was all that, as you put it, 'Just some crap people say'?"
6657,6083,4,30,137,171,1.2222222222222223,0.035943021240637286,635,"For God's sake Henry, I thought you'd at least wear your white satin."
3241,6083,6,24,132,162,1.2222222222222223,0.039161520936124516,635,"I like a full bodied wine, a well rounded woman, and a well rounded table."
3922,6083,5,26,131,162,1.2222222222222223,0.03816992907943363,635,When your profile said you’d be my knight in shining armor I didn’t think you meant it literally.
2657,6083,7,22,133,162,1.2222222222222223,0.0401286176952564,635,I didn't know what else to do with the leftovers from my Go Fund Me campaign.
2709,6083,3,28,122,153,1.2222222222222223,0.0373510368037021,635,Why did you ask me OUT if you're going to stay IN ?
2458,6083,4,24,116,144,1.2222222222222223,0.03996458762248061,635,"Don't tell me, Bernard - you're having a #HETOO moment."
2231,6083,2,32,128,162,1.2222222222222223,0.03502712916618225,635,Yes....you did promise a good night!
2044,6083,5,28,138,171,1.2222222222222223,0.0368876703724877,635,Silly me. I thought “Sexy Knights Dating Service” was just a typo.
1945,6083,5,24,124,153,1.2222222222222223,0.03958659589207586,635,i am pretty sure this is not what i meant when i said i wanted a night out
1297,6083,4,30,137,171,1.2222222222222223,0.035943021240637286,635,"Sorry, this restaurant doesn't offer straws any more."
952,6083,5,28,138,171,1.2222222222222223,0.0368876703724877,635,Knight in shining armor? This wasn’t quite what I had in mind.
903,6083,6,20,118,144,1.2222222222222223,0.0423251516014429,635,That won't save you
120,6083,6,26,139,171,1.2222222222222223,0.03780872485437336,635,"Listen Leon, after 23 years already it isn’t so shiney"
3843,6104,6,31,157,194,1.2216494845360826,0.0348480536431428,635,"Thanks for the wine, but on second thought, I don’t need a knight in shining armor."
6003,6104,5,33,156,194,1.2216494845360826,0.03407302294649959,635,"Oh,did I say I was looking for a knight in shining armor?"
6644,6106,3,35,147,185,1.2216216216216216,0.033373537330256206,635,We're in a nice restaurant. Show some couth and take your hat off.
2843,6107,5,29,142,176,1.2215909090909092,0.03619838669785914,635,"The knight in shining armor fits your online profile, but, I asked for a Chardonnay."""
5941,6107,7,25,144,176,1.2215909090909092,0.037949879175010234,635,A little tinny for me.
2001,6107,4,31,141,176,1.2215909090909092,0.03529005716335241,635,Shouldn't I be the one wearing the armor in this climate?
2665,6110,6,25,136,167,1.221556886227545,0.038364588954525436,635,I know you're concerned about STD's but aren't you over doing it a little.
3170,6110,6,25,136,167,1.221556886227545,0.038364588954525436,635,"No, you’re not the first knight I’ve met on Tinder."
6930,6110,6,25,136,167,1.221556886227545,0.038364588954525436,635,"You're the best, honey. You really know how to help me let my guard down."
1005,6113,2,31,125,158,1.2215189873417722,0.03549152417746823,635,Date A Knight didn't infer you leave your armor on.
1375,6113,4,27,127,158,1.2215189873417722,0.03769482190708304,635,So tell me. How did the iron chastity belt work out?
5271,6113,7,21,130,158,1.2215189873417722,0.04077715737832947,635,No need to be so defensive dear
5160,6116,5,23,121,149,1.221476510067114,0.04023064916031539,635,"Forgive my tears, but when you ordered the cobbler, I couldn't help picturing him squat on the floor, doubting my whereabouts, hammering away at those old shoes."
921,6117,8,26,156,190,1.2210526315789474,0.036832158421738134,635,But you said you wanted a knight in shiny armor.
72,6118,4,32,145,181,1.2209944751381216,0.034669455987477255,635,Did you really think I asked for a Wine Knight?
2810,6118,4,32,145,181,1.2209944751381216,0.034669455987477255,635,After dinner sex is difficult while I'm Sir Lancelot!
3537,6118,5,30,146,181,1.2209944751381216,0.035543755185301625,635,I get the feeling this is a rebound date.
3581,6118,8,24,149,181,1.2209944751381216,0.03804629542133843,635,"Yes, it's true. I once said, I wouldn't go out on a knight like this!"
6942,6118,6,28,147,181,1.2209944751381216,0.03639705876685216,635,"I  think you misunderstood it when I said ""one night only date"""
7758,6118,6,28,147,181,1.2209944751381216,0.03639705876685216,635,You look nothing like your e-armory profile picture.
6524,6124,6,26,140,172,1.2209302325581395,0.037610461618548335,635,"I'm on call, and there's protestors everywhere."
4947,6124,5,28,139,172,1.2209302325581395,0.036695331680691286,635,This wasn't what I had in mind when I said I wanted to meet my knight in shining armor.
1234,6124,8,22,142,172,1.2209302325581395,0.03937696960367826,635,I had sex with your mother and sister.
1705,6124,3,32,137,172,1.2209302325581395,0.034792936857173204,635,"Yes, it keeps mosquitoes away, but also makes it difficult to enjoy your drink!"
817,6128,5,26,132,163,1.2208588957055215,0.03795952499611685,635,"Well, I agree, you do really know how to show a gal a knight out."
3925,6128,2,32,129,163,1.2208588957055215,0.034838261320192604,635,"Here's not looking at you,kid."
4593,6128,3,30,130,163,1.2208588957055215,0.03590884033010477,635,"So, in the cab, on my way to the restaurant tonight, I kept asking myself, how does one tell a knight in shining armor that he may not be, after all, the person one's been looking for."
7221,6128,5,26,132,163,1.2208588957055215,0.03795952499611685,635,“It’s not resting bitch face; I just can’t penetrate your armor”
7745,6128,5,26,132,163,1.2208588957055215,0.03795952499611685,635,So this is your idea of a night on the town!
7780,6128,5,26,132,163,1.2208588957055215,0.03795952499611685,635,"Be assured, my chivalry is unheralded!"
1137,6134,7,20,127,154,1.2207792207792207,0.04145592567531924,635,Drink to me only with thine eyes.
2342,6134,4,26,124,154,1.2207792207792207,0.03826155328951963,635,"When you emailed from  the website that you would be my 'knight in shining armor,' I expected something else."
7482,6136,5,22,118,145,1.2206896551724138,0.04090565436614768,635,Your helmet for me is a sign of our ongoing intimacy issues.
5695,6137,6,31,158,195,1.2205128205128206,0.034687513576909225,635,"It doesn't matter how you dress, you're still not it."
7417,6138,7,27,152,186,1.2204301075268817,0.036547598910067806,635,You might want to try using this online dating site again using something other than Windows v.3.11
6889,6138,5,31,150,186,1.2204301075268817,0.03492107828454885,635,When I asked for my knight in shining armour I didn’t mean this
6051,6138,9,23,154,186,1.2204301075268817,0.03810475381926499,635,I said  we would have a date knight  and here I am!
1164,6141,5,29,143,177,1.2203389830508475,0.036015060828470905,635,Do you need a metal straw for your wine?
4619,6141,4,31,142,177,1.2203389830508475,0.03511243755552559,635,Do you know where I can get steel toe shoes that will match my suit ?
6392,6141,8,23,146,177,1.2203389830508475,0.038596484459621286,635,Am not really much of a beach person... sand and rust wreck the suit.
850,6144,3,31,134,168,1.2202380952380953,0.0352448715731133,635,Oh. You meant Knight shift.
1173,6144,4,29,135,168,1.2202380952380953,0.036242060808333754,635,"Don't be so grumpy.  This Bordeaux, with its hints of tempered steel and floral pepperiness, is a perfect foil for the squab."
2507,6144,4,29,135,168,1.2202380952380953,0.036242060808333754,635,"Late December back in '63
As I remember, what a nkight"
3279,6144,4,29,135,168,1.2202380952380953,0.036242060808333754,635,You said you wanted a night on the town.
3479,6144,5,27,136,168,1.2202380952380953,0.03721253782080273,635,I don’t care what your profile page says - you’re not my knight in shining armor!
7488,6144,2,33,133,168,1.2202380952380953,0.03421863487597858,635,"Yes, your profile does say “Prince Charming”, but I wasn’t expecting the whole “Night in Shining Armor” thing."
7652,6144,7,23,138,168,1.2202380952380953,0.03908126110969422,635,"So, have you had a lot of luck meeting guys through Jousters Only?"
5746,6151,4,27,128,159,1.220125786163522,0.03748289819642971,635,Get Downy fabric softener if you want a second date.
4836,6151,4,27,128,159,1.220125786163522,0.03748289819642971,635,Just don't try to kiss me good knight.
7648,6151,9,17,133,159,1.220125786163522,0.04246204348243209,635,"What's all this you ask? Well, I'm sure you've heard--it's a dangerous time for men in America. Anyway, how do you like the wine? I prefer beer myself."
4667,6151,5,25,129,159,1.220125786163522,0.038530236867996566,635,Well that...and I have a plastic straw dependency.
3085,6151,7,21,131,159,1.220125786163522,0.04054382992397163,635,"I know I said ""Man up!"", but aren't you taking this a bit too far?"
2853,6151,2,31,126,159,1.220125786163522,0.035295108236183356,635,Your profile was forwarded to eChivalry.com
2442,6151,4,27,128,159,1.220125786163522,0.03748289819642971,635,"So, OK, you got the Gehry suit at a steal.  That doesn't make you any more magnetic."
1277,6151,6,23,130,159,1.220125786163522,0.03954985017675705,635,"So, your ad meant the more literal meaning of ‘Guarded’?"
812,6159,3,27,120,150,1.22,0.03768466834387587,635,I must have misunderstood - I thought you were looking for your knight in shining armor.
3540,6159,5,23,122,150,1.22,0.03998881275324226,635,"I get that you're non-binary, but you're still paying for the wine."
5258,6159,6,21,123,150,1.22,0.041092464078305725,635,"Are you gonna take that thing off, or do I have to keep guessing who you are?"
1118,6162,6,30,155,191,1.219895287958115,0.035121486557588316,635,What’s the matter? Isn’t my armor shiny enough?
1904,6162,6,30,155,191,1.219895287958115,0.035121486557588316,635,"Not shiny enough"""
3134,6164,7,26,149,182,1.2197802197802199,0.03704558575240004,635,You better not have a white horse out in the parking lot
3978,6164,4,32,146,182,1.2197802197802199,0.03449981333359877,635,You looked different in your Tinder photos.
6735,6166,6,26,141,173,1.2196531791907514,0.037414229191567956,635,Think they have paper straws here?
6273,6166,2,34,137,173,1.2196531791907514,0.03362991533584972,635,"He could use some polish,” Peg thinks"
3172,6166,5,28,140,173,1.2196531791907514,0.036504947758810545,635,"There must have been a mistake, I asked for a Knight in SHINING armor."
6233,6166,3,32,138,173,1.2196531791907514,0.03461480233400314,635,I'm not that caustic.
1439,6166,4,30,139,173,1.2196531791907514,0.03557243140056352,635,Hmph. Looks more dull than shining.
633,6166,5,28,140,173,1.2196531791907514,0.036504947758810545,635,It's a bit heavy for my liking.
627,6166,6,26,141,173,1.2196531791907514,0.037414229191567956,635,I could be your Guinevere.
1748,6166,6,26,141,173,1.2196531791907514,0.037414229191567956,635,"I know FEMA has its problems, but....."
4663,6174,8,20,136,164,1.2195121951219512,0.04061547703765923,635,"It seems I should change that whole “knight in shining armour” illusion to the new “fragile, paranoid sot” reality."
4528,6174,9,18,137,164,1.2195121951219512,0.04152630099206839,635,This is my first experience on K-Date.
3591,6174,7,22,135,164,1.2195121951219512,0.039683753299170024,635,Princess?  You were supposed to be the dragon.”
2549,6174,4,28,132,164,1.2195121951219512,0.036747111160575316,635,You’re right. Sometimes a night on the town can be SO disappointing!
406,6174,3,30,131,164,1.2195121951219512,0.035714611569502515,635,I’m more of a shiny Cadillac kind of girl.
342,6174,6,24,134,164,1.2195121951219512,0.03872962143917949,635,Your going to need a funnel if you intend to drink that wine.
179,6174,6,24,134,164,1.2195121951219512,0.03872962143917949,635,Your online profile said you worked nights!
1610,6174,5,26,133,164,1.2195121951219512,0.037751382461241274,635,You said you wanted a date knight to remember
1103,6182,5,33,158,196,1.219387755102041,0.03376215269724013,635,When you said you would be my knight in shining armor I thought you were being figurative.
5474,6182,8,27,161,196,1.219387755102041,0.03601206500637452,635,They say plating is very important at classy restaurants like these.
5672,6184,3,28,124,155,1.2193548387096773,0.03692287247901823,635,"So, your last relationship was a bad breakup?"
5788,6184,4,26,125,155,1.2193548387096773,0.03804057955214688,635,Every man I meet wants to protect me. I can’t figure out what from.
4505,6184,5,24,126,155,1.2193548387096773,0.03912637056033424,635,You’ve taken this “Knight on the town” a bit far Lancelot
985,6184,5,24,126,155,1.2193548387096773,0.03912637056033424,635,I thought your eHarmony entry for 'Profession' was a typo for 'ADvisor.'
104,6184,1,32,122,155,1.2193548387096773,0.03457924451139865,635,Ooooooo.... How far is your castle?
2000,6184,3,28,124,155,1.2193548387096773,0.03692287247901823,635,I'm campaigning on a Medieval platform.
6089,6190,6,29,152,187,1.2192513368983957,0.035571472135681126,635,I wouldn't drink that wine it can make you rust.
560,6191,5,29,144,178,1.2191011235955056,0.0358335445939581,635,Chivalry's not dead after all.
820,6191,6,27,145,178,1.2191011235955056,0.03670862147011238,635,"Com'on, Margaret, is that the best Guinevere costume you could come up with for the ball?"
3702,6193,3,31,135,169,1.2189349112426036,0.03505992951376245,635,I thought you said a night of wine with a charmer.
4490,6193,7,23,139,169,1.2189349112426036,0.03887117402457423,635,Yes my dear. I am your knight tonite
6914,6193,5,27,137,169,1.2189349112426036,0.03701463783126026,635,"Darling, I feel you as cold as iron"
7283,6193,6,25,138,169,1.2189349112426036,0.03795425920649814,635,I think you may be taking this whole “me too” thing too far.
4963,6197,5,25,130,160,1.21875,0.038313374965641724,635,"...anyways, we really needed someone who could bring the left and the right together, but Henry VIII was just too divisive. So how are things in DC these days?"
7029,6197,6,30,156,192,1.21875,0.03495684980325801,635,Just because I don’t like the wine you chose doesn’t mean you have to go medieval on me.
6390,6197,4,27,129,160,1.21875,0.037273292704785334,635,I've gotta start listening to Susan when she tells me not to go on blind dates.
4181,6197,4,27,129,160,1.21875,0.037273292704785334,635,"Well, are you going to say anything or do I just get to stare at your steely-eyed face?"
3604,6197,2,31,127,160,1.21875,0.03510079264994009,635,Are we just jousting back and forth here?
1998,6197,5,32,155,192,1.21875,0.03416787711217263,635,"Sorry, I think you are too metal for me."
1877,6197,7,28,157,192,1.21875,0.03572840424623731,635,Just wanted to ensure that everything you’d say would bounce off me.
7258,6204,6,21,124,151,1.218543046357616,0.04084541442413053,635,Is this your idea of a night out on the town?
1642,6205,7,24,143,174,1.2183908045977012,0.03810208611555669,635,One can't be too careful with all this *MeToo-ism going around.
6485,6205,4,30,140,174,1.2183908045977012,0.03538992317300875,635,"No, I don't own a horse. I'm just dressing for dangerous times."
3637,6207,5,33,159,197,1.218274111675127,0.033608789633811365,635,"M'Lady, I'm told it has a nice nose, but alas, how would I know?"
4394,6208,5,26,134,165,1.2181818181818183,0.037545466177750446,635,"Again, you've taken me too literally."
4437,6208,4,28,133,165,1.2181818181818183,0.03654794386141595,635,Days of wine and neuroses.
7592,6210,4,33,151,188,1.2180851063829787,0.03375574296523643,635,No thank you. I don't joust.
743,6211,5,24,127,156,1.2179487179487178,0.03890017318112145,635,I don't think that King Arthur had a blonde pony tail.
7313,6211,6,22,128,156,1.2179487179487178,0.03994917345152504,635,This is the last time I ask for a date night....
2430,6213,4,31,144,179,1.217877094972067,0.0347623879696523,635,"When you asked me to join you for a 'Goodnight, Night Cap' I had something slightly different in mind."
7339,6213,8,23,148,179,1.217877094972067,0.038203486907664994,635,"I don't know who you are, but your taste in wine is impeccable !"
7173,6215,2,28,117,147,1.217687074829932,0.036780568931559295,635,I'm finding middle age burdensome in ways I hadn't anticipated.
1644,6216,5,27,138,170,1.2176470588235293,0.036818790708485705,635,"""Give us a straw, Luv."""
3827,6216,9,19,142,170,1.2176470588235293,0.040423729742966374,635,Standard issue to Republicans inside the beltway.
4728,6216,5,27,138,170,1.2176470588235293,0.036818790708485705,635,How can they expect me to drink this without a straw? Damn fools!
5625,6216,5,27,138,170,1.2176470588235293,0.036818790708485705,635,"You know, it should explode on your palate and not your body"
7499,6216,6,25,139,170,1.2176470588235293,0.03775231110156769,635,Order a daiquiri instead if you like-- or you could just ask for a straw.
3063,6221,3,34,147,184,1.2173913043478262,0.033284747716755145,635,I've seen what Gordon Ramsey can do with shish kebab
3524,6221,2,31,128,161,1.2173913043478262,0.034908545304003946,635,"Well, now that you mention it, going out for a night on the town CAN be taken two ways."
2274,6223,7,24,144,175,1.217142857142857,0.03790428331834743,635,"So I said to her, look, Eileen, you can cook your green beans to mush if you want. But I’m not going to eat them."
4431,6223,3,32,140,175,1.217142857142857,0.03426381347588724,635,I'm not going to spend the night.
6251,6223,3,32,140,175,1.217142857142857,0.03426381347588724,635,"You know, Ashley Madison has privacy controls now..."
6346,6223,4,30,141,175,1.217142857142857,0.03520923684066699,635,"So, why do YOU want to be my knight in shining armor?"
6268,6227,3,27,122,152,1.2171052631578947,0.037243093681966384,635,...not exactly a knight in shining armor!
5809,6227,7,19,126,152,1.2171052631578947,0.041660551244149774,635,"So, you literally are a Knight in shining armor!?!"
2384,6227,4,25,123,152,1.2171052631578947,0.03839513514423931,635,"Well Cheryl, I'm either your knight in shining armor or excessively guarded.  Tell me, are these glasses half empty or half full?"
5046,6227,5,23,124,152,1.2171052631578947,0.03951360244884129,635,Date Night... in shining armor
2073,6231,3,30,133,166,1.216867469879518,0.03533223686413296,635,"Yea, well I totally thought the hair metal reference in your profile was about music."
1860,6232,4,23,116,143,1.2167832167832169,0.03987059257715485,635,I'm worried about the valet.
3434,6233,4,31,145,180,1.2166666666666666,0.034589909293801936,635,"Sorry if you were expecting to meet a princess. I'm about the farthest thing from one and frankly, I don't need saving. Just more wine please."
4777,6233,1,37,142,180,1.2166666666666666,0.03178430565013306,635,I propose a toast to a bodice-ripping good time.”
5738,6233,6,27,147,180,1.2166666666666666,0.03634017498327467,635,I  thought dinner with a knight in shining armor would be much more exciting.
6778,6233,7,25,148,180,1.2166666666666666,0.03718442636703988,635,"Linda, I love you but I'm not in love with you."
6402,6237,4,26,127,157,1.21656050955414,0.03760604401679526,635,"Your profile said chivalry, not cosplay."
1222,6237,5,24,128,157,1.21656050955414,0.0386765285919154,635,Didn't you read my profile ?
1772,6237,5,24,128,157,1.21656050955414,0.0386765285919154,635,"'Yes, and it's transgender, too."""
3247,6237,6,22,129,157,1.21656050955414,0.039718171927335184,635,Not what I thought you meant when you said we would have a night on the town.
4348,6237,5,24,128,157,1.21656050955414,0.0386765285919154,635,"Well, my mother said I was HER knight in shining armor..."
5762,6237,7,20,130,157,1.21656050955414,0.040733186698041,635,It's the only way I can get through dinner without attracting the angry mob.
3038,6243,2,33,136,171,1.2163742690058479,0.03368960893942452,635,"I’m on a diet. When this thing rattles, I’m done."
7016,6243,6,25,140,171,1.2163742690058479,0.037552463952568615,635,"...I thought your
 profile said you were looking for A Knight in Shining Armour"
1895,6243,4,29,138,171,1.2163742690058479,0.0356733605047262,635,#TFW your blind date orders a bendy straw for his wine
249,6246,4,24,120,148,1.2162162162162162,0.03899422756124355,635,"Sure, you talk a good game, but how am I supposed to know if you’re my knight in shining armor?"
3152,6246,4,24,120,148,1.2162162162162162,0.03899422756124355,635,What - you don’t think “suit” and “jacket and tie” are synonymous?!”
4595,6246,4,24,120,148,1.2162162162162162,0.03899422756124355,635,"I know haunting castles is your passion, but can we just not talk about work for one night?"
5102,6246,6,20,122,148,1.2162162162162162,0.04128446572032289,635,I guess “No” really  means “Good luck trying!”
1341,6250,7,21,134,162,1.2160493827160495,0.039859364574572884,635,Boomer Damsel in Distress.
6139,6250,6,23,133,162,1.2160493827160495,0.03888557197968405,635,It doesn't compare well at all to your other 1694's.
6593,6250,5,25,132,162,1.2160493827160495,0.037886758532311306,635,"Honey, we have to rethink this marriage...the nights just aren't like they used to be ...."
6998,6253,6,26,144,176,1.2159090909090908,0.03683741681293388,635,I suppose you're not really looking for a 'partner in crime' either?
2008,6253,2,34,140,176,1.2159090909090908,0.03312483988956873,635,"J-Date? No, milady, I'm from K-Date."
2801,6253,2,34,140,176,1.2159090909090908,0.03312483988956873,635,Sooooooo.....swiping right might have been a mistake!
3608,6253,4,30,142,176,1.2159090909090908,0.03503034609563105,635,Do you THINK that I wear a condom?
3933,6253,4,30,142,176,1.2159090909090908,0.03503034609563105,635,"And when we leave, don’t even think about opening that door."
4014,6253,5,28,143,176,1.2159090909090908,0.03594523907994991,635,"You think he’s hard to find? I may not be as polished as most, but try meeting  a sleeping beauty."
4485,6259,3,24,112,139,1.2158273381294964,0.0392328025530814,635,"But when I said ""Je cherche l'amour..."""
4463,6259,4,22,113,139,1.2158273381294964,0.04053982252951266,635,So Sorry. I was using Match.com to find someone I might parry.
1587,6261,5,31,154,190,1.2157894736842105,0.03426136359424242,635,"You’re my knight in shining armor, but you don’t have to take it so literally."
6864,6261,9,23,158,190,1.2157894736842105,0.03737138217251901,635,"Alas, they have rejected my coins."
6616,6263,2,29,122,153,1.2156862745098038,0.035845932782163886,635,The brochure said that my date would be from the future.
37,6264,5,26,136,167,1.215568862275449,0.03714017467354157,635,'How the hell do I  know if it will rust?'
1315,6264,5,26,136,167,1.215568862275449,0.03714017467354157,635,This seems like a bit of an extreme way to lose twenty pounds
1617,6264,6,24,137,167,1.215568862275449,0.03809904777909678,635,"‘’Yes, as a matter of fact I did vote to in favor of Kavanaugh’s confirmation. Why do you ask?

Submitted by Mark Sappir - msappir@bellatlantic.net"
2600,6264,9,18,140,167,1.215568862275449,0.04084081343891256,635,I know my dating profile said I was looking for my knight in shining armor...but how do I know I'm not being catfished?
2964,6264,7,22,138,167,1.215568862275449,0.039034373423517635,635,This is not what I mean by date night.
6672,6264,4,28,135,167,1.215568862275449,0.036155880681964556,635,I’ve switched to denim - it breathes better and shows my more vulnerable side.
80,6270,5,29,147,181,1.2154696132596685,0.03529959692923228,635,Are you wearing a chastity belt too?
597,6270,7,25,149,181,1.2154696132596685,0.03699778711999317,635,"This is not what I meant by ""late night drink""."
4837,6270,5,29,147,181,1.2154696132596685,0.03529959692923228,635,Just preparing for the Trump Effect
1281,6273,8,26,161,195,1.2153846153846153,0.03597288246216439,635,Sticks and stones may not break my bones...but watch the sarcasm ok?
5011,6274,5,24,129,158,1.2151898734177216,0.03845539487689824,635,"No, no one EVER expects their 'Knight in shining armor', except of course, me."
6519,6274,5,24,129,158,1.2151898734177216,0.03845539487689824,635,You come here often?
4651,6274,4,26,128,158,1.2151898734177216,0.03739240217015649,635,"We can Uber back to Camelot after dessert."""
247,6277,4,29,139,172,1.2151162790697674,0.03548765483856414,635,"When you told me you were knighted, this wasn’t exactly what I thought."
1468,6277,5,27,140,172,1.2151162790697674,0.03643313192611111,635,"I'm not just some dame to you, if that's what you're thinking."
2527,6277,4,29,139,172,1.2151162790697674,0.03548765483856414,635,#notbyme
3087,6277,5,27,140,172,1.2151162790697674,0.03643313192611111,635,"I want to get close to you, but you won't let me in. It's like you have a shield up, metaphorically speaking."
4571,6277,6,25,141,172,1.2151162790697674,0.03735468589012319,635,"I think I’ll pass on a second date, your words have a hollow ring to them"
5676,6277,4,29,139,172,1.2151162790697674,0.03548765483856414,635,"No, you can't have a straw. This is my dream!"
6128,6277,5,27,140,172,1.2151162790697674,0.03643313192611111,635,"I always get nervous during these things, but my girlfriends say I should let my guard down and have fun."
2683,6284,7,26,153,186,1.2150537634408602,0.03632246415880976,635,"if you order a well-done steak with Ketchup ,   then your plan to go out incognito might just not work the way you hoped it would."
3734,6285,4,24,121,149,1.2147651006711409,0.03875881132362739,635,Good Night!  You really don’t look like your profile picture!
3916,6285,5,22,122,149,1.2147651006711409,0.039911654648582935,635,"Actually, I'm wary about the 'Me,Too' movement."
2459,6287,3,29,131,163,1.2147239263803682,0.03560997378761821,635,"'The problem is, there are no real men anymore."""
5845,6287,4,27,132,163,1.2147239263803682,0.03665802224880369,635,"Oh, I thought you meant a night cap!"
4553,6287,5,25,133,163,1.2147239263803682,0.037676928712843845,635,"I know this meal will cost you an armor a leg, but that's why I love you."
4343,6287,5,25,133,163,1.2147239263803682,0.037676928712843845,635,The wine definitely has a bouquet of aged metal
3520,6287,5,25,133,163,1.2147239263803682,0.037676928712843845,635,You bet your ass I'm afraid of the chef!
2357,6287,4,27,132,163,1.2147239263803682,0.03665802224880369,635,So whoopy-do it’s a round table.  I dub you Sir Cheapskate.
2085,6287,3,29,131,163,1.2147239263803682,0.03560997378761821,635,"I think you took ""Wine Night"" too literally"
16,6287,3,29,131,163,1.2147239263803682,0.03560997378761821,635,I should have jousted left.
2419,6287,2,31,130,163,1.2147239263803682,0.034530129902969164,635,Do you do the Knight In Shining Armor schtick with all your Match.com dates?
4770,6296,7,24,146,177,1.2146892655367232,0.037514681216898105,635,I could shine your armor with this swill.
5291,6296,5,28,144,177,1.2146892655367232,0.035762391363413255,635,"My mom insists I wear this old thing."""
5562,6296,4,30,143,177,1.2146892655367232,0.03485322511105908,635,"I was asking for a little more male chivalry, but thanks for trying."
7410,6296,7,24,146,177,1.2146892655367232,0.037514681216898105,635,"Most people are only a ""knight in shining armor"" on their Tinder profile"
1430,6300,10,21,160,191,1.2146596858638743,0.03792603237421591,635,"Boy, this'll be a night to remember.  No more blind dates for me."
5001,6301,6,24,138,168,1.2142857142857142,0.0378933200287133,635,"I know my ad said I’m looking for my knight in shining armor, but this is ridiculous."
6374,6301,5,29,148,182,1.2142857142857142,0.035125064785047164,635,""" I can see, but are you rich, funny, engaging AND good looking"""
3498,6301,7,25,150,182,1.2142857142857142,0.036812982926461374,635,"Now that they don't allow straws here, we will have to find another place to meet."
7614,6301,6,24,138,168,1.2142857142857142,0.0378933200287133,635,I told you this was just lunch.
7656,6301,4,28,136,168,1.2142857142857142,0.03596292123756162,635,"No, mom, it's not for Halloween. It's my new party dress."
6412,6301,9,18,141,168,1.2142857142857142,0.040617258660421936,635,"I waf on crufade. Have you heard about our Lord and favior, Jefuf Chrift?"
4638,6301,4,28,136,168,1.2142857142857142,0.03596292123756162,635,"For a starter, i’ll take Jerusalem"
3314,6301,2,32,134,168,1.2142857142857142,0.03392284930661981,635,I presumed a medieval vintage would be appropriate for the occasion...
3640,6301,6,24,138,168,1.2142857142857142,0.0378933200287133,635,All I said was I wanted to talk . . .
3444,6301,7,19,128,154,1.2142857142857142,0.04116572896033456,635,I think you misunderstood.  I said I would go out....but just for one night.
2072,6301,4,28,136,168,1.2142857142857142,0.03596292123756162,635,Straws pollute.  Do you think this is still the 20th century?
1592,6301,6,24,138,168,1.2142857142857142,0.0378933200287133,635,"They knew we were going out to dinner, dear. Why didn't they give you a metal straw?"
1504,6301,3,33,146,182,1.2142857142857142,0.033351831139587874,635,"Well, sure, you would be under attack, but times have changed."
3799,6301,2,32,134,168,1.2142857142857142,0.03392284930661981,635,How about a night cap later.
1241,6315,2,36,149,187,1.213903743315508,0.03192222624107549,635,"Feels more like a day of dull amor,than a knight of shining armor"
4031,6315,8,24,155,187,1.213903743315508,0.036932838582920575,635,When do you think they're going to finish paintings those bricks on the wall?
5524,6317,8,21,144,173,1.2138728323699421,0.03892574871775846,635,"Your Match profile as the Knight in Shining Armor mentioned combat and chivalry, but no clue this all extended to your wardrobe."
2730,6317,3,31,139,173,1.2138728323699421,0.03433871339479145,635,"Thanks, but I'm not exactly looking for a 'knight in shining armor' type."
3352,6317,5,27,141,173,1.2138728323699421,0.03624326017152717,635,"This wasn't exactly my idea of a one night stand..."""
1133,6317,1,35,137,173,1.2138728323699421,0.032322137419394964,635,"Oh, you wear that all the time?"
875,6317,6,25,142,173,1.2138728323699421,0.03715894566570339,635,"Yes, I’m your knight in shining armour."
2475,6317,3,31,139,173,1.2138728323699421,0.03433871339479145,635,What vintage did you say this wine is?
328,6323,3,28,128,159,1.2138364779874213,0.036094661736335854,635,Why the sour expression?  I thought this was a blind date.
5283,6323,5,24,130,159,1.2138364779874213,0.03823673100123131,635,"With a Burgundy, why did you order sardines?"
82,6325,6,29,157,192,1.2135416666666667,0.03473471815576852,635,Nice meeting you but I'm leaving. Don't care if it's still raining.
4136,6325,6,29,157,192,1.2135416666666667,0.03473471815576852,635,Your profile said that you were long for a night in shining  armor...
1582,6327,4,30,144,178,1.2134831460674158,0.034677848531040244,635,"It is a bit awkward but I should be safe from the ""Me too"" movement."
4615,6327,6,26,146,178,1.2134831460674158,0.03646248925785779,635,I said I was into rousting
5030,6327,6,26,146,178,1.2134831460674158,0.03646248925785779,635,"I'd like to take it to another level, but there's something shielding you."
5231,6330,4,27,133,164,1.2134146341463414,0.03645732995242712,635,Knight - check.  Armor - check.  But you're just not *that* shiny.
1307,6330,4,27,133,164,1.2134146341463414,0.03645732995242712,635,You like seafood ? The codpiece here is really special.
1830,6330,6,23,135,164,1.2134146341463414,0.03845478260807896,635,"I wear this armor on all first dates, because inside I'm a delicate flower."
5778,6330,3,29,132,164,1.2134146341463414,0.035416383329935075,635,I never wear my beaver up on a first date.
5313,6334,2,28,120,150,1.2133333333333334,0.036128860434578726,635,They don’t serve straws here.
1059,6334,6,20,124,150,1.2133333333333334,0.04078279527880807,635,I see you prefer red wine
6991,6334,5,22,123,150,1.2133333333333334,0.03967052976883715,635,"You make the toast so I don't get rusty"""
1131,6337,3,23,110,136,1.213235294117647,0.03961702313858518,635,I am too cliched to comment.
1783,6338,4,31,148,183,1.2131147540983607,0.03408237457213372,635,My last relationship was with a real dragon.
3504,6338,6,27,150,183,1.2131147540983607,0.03580093207207664,635,Very clever.  You can eat 5 strands of spaghetti at once without getting red sauce on your dress shirt.
78,6340,4,28,137,169,1.21301775147929,0.03577196853653995,635,All of our friends have children...
2057,6340,5,26,138,169,1.21301775147929,0.03674338186822071,635,"So, you're my knight in shining armor?"
3158,6340,5,26,138,169,1.21301775147929,0.03674338186822071,635,When I suggested we meet in secret - my idea was that you just stand by the door of the restaurant...
5039,6340,3,30,136,169,1.21301775147929,0.03477342886234429,635,It's bullet-proof.
3573,6344,2,29,124,155,1.2129032258064516,0.035436232637092537,635,"Ideally, I’m looking for a mate who appreciates a boilerplate pre-nup."
5668,6344,6,21,128,155,1.2129032258064516,0.0398857782393128,635,The metallic undertone you say you taste has nothing to do with how this wine was aged.
7718,6344,4,25,126,155,1.2129032258064516,0.0377266609260996,635,"It's funny that you feel that way, I let the wine be my armor."
717,6347,3,34,151,188,1.2127659574468086,0.03265534641189919,635,"Funny, I've never noticed glasses of oil on the menu here."
2078,6347,5,30,153,188,1.2127659574468086,0.03435331477675901,635,"I'm glad you won me in the tournament, but I didn't think you'd dine in your business suit."
2620,6347,2,36,150,188,1.2127659574468086,0.03177235206663431,635,I’m assuming you’re going utensil free again?
4065,6347,9,12,120,141,1.2127659574468086,0.045915775321049714,635,"White Satin"" was in the ad"
7728,6351,7,23,144,174,1.2126436781609196,0.03785323913981543,635,This dress code is so yesterday!
7576,6351,5,27,142,174,1.2126436781609196,0.03605532106729181,635,"Well, I wouldn't exactly say'shining' armor"
6229,6351,3,31,140,174,1.2126436781609196,0.03416291324162709,635,I just thought the armor would be more shiney.
5776,6351,4,29,141,174,1.2126436781609196,0.035121865115768244,635,"Oh, you said ""Iron Clad Date"" not deal."
6716,6351,3,31,140,174,1.2126436781609196,0.03416291324162709,635,Hey—I see the Hendersons! What say we sneak up on them?
5463,6356,9,16,135,160,1.2125,0.0419526350174296,635,"I misread your profile and didn't realize that you were looking for someone to ""dis-armor"" you."
7034,6356,2,30,128,160,1.2125,0.034780872897281566,635,"Hey, Honey, will you ask our waiter for a straw?"
7317,6356,5,24,131,160,1.2125,0.038020496789240264,635,This wine shows nose notes of Toledo steel and a long finish of stone pressed oils.
1357,6359,5,28,146,179,1.2122905027932962,0.035402117549563586,635,Nice nose -- I like the metallic finish.
2102,6359,6,26,147,179,1.2122905027932962,0.036277825536145274,635,Nice bouquet. Slightly metallic aftertaste. Not sure it's bold enough for the chorizo.
3144,6359,5,28,146,179,1.2122905027932962,0.035402117549563586,635,"I'm glad you chose a nice, inconspicuous corner table."
3719,6359,6,26,147,179,1.2122905027932962,0.036277825536145274,635,"Sorry, new environmental laws just passed - no straws allowed"" !"
5285,6359,3,32,144,179,1.2122905027932962,0.03358226510700799,635,I hear this place has the best Mutton in town.
5569,6364,4,27,134,165,1.2121212121212122,0.03625877959066186,635,"Honey, this is not what I meant by date night."
1549,6364,3,29,133,165,1.2121212121212122,0.03522483878453961,635,I think your daughter probably didn’t  tell you to swipe knight.
4908,6366,4,31,149,184,1.2119565217391304,0.03391642053596427,635,"Damn this mouth grill.  
It taints this vintage Nuit St. George"
1416,6366,5,29,150,184,1.2119565217391304,0.03478103093950716,635,does this wine go well with the grill
363,6368,4,28,138,170,1.2117647058823529,0.03558299231011312,635,Now lift your visor and say you Love me.
1051,6368,6,24,140,170,1.2117647058823529,0.037488353261914895,635,"Not that I see one, but is it chink or kink?"
1922,6368,6,24,140,170,1.2117647058823529,0.037488353261914895,635,At a three-Michelin-star restaurant you'd think I wouldn't have to ask for a straw.
4100,6368,7,22,141,170,1.2117647058823529,0.03840560212474741,635,So... how long have you been on K-Date?
5340,6372,4,21,112,137,1.2116788321167884,0.0406984123781985,635,Don't tell me...your father didn't appreciate you?
2104,6373,5,30,154,189,1.2116402116402116,0.03418960627858774,635,How's your grog?
3612,6373,4,32,153,189,1.2116402116402116,0.03335628707088069,635,"I you don't like what's on the menu, we can just go to my place and joust."
6715,6373,3,34,152,189,1.2116402116402116,0.03250160914208955,635,I said I wanted a dark night.... not a dark Knight!
6868,6376,6,21,129,156,1.2115384615384615,0.03965276850371918,635,You will have to ask  for a straw.
3790,6377,3,31,141,175,1.2114285714285715,0.033988862687208014,635,"Since your name is Guinevere, I thought this outfit might be appropriate."
5862,6377,7,23,145,175,1.2114285714285715,0.03765592339509204,635,"Sir Lancelot, next time I'm going to request a square table."
5903,6377,8,21,146,175,1.2114285714285715,0.038518177679231276,635,A straw? You don't need a straw. Man up!
6151,6380,5,31,158,194,1.211340206185567,0.03362563751635464,635,All I said was a night at Chez Louis would be nice.
3677,6380,5,31,158,194,1.211340206185567,0.03362563751635464,635,Well I suppose it is one way to prevent sexual assault...
5728,6382,2,26,114,142,1.2112676056338028,0.03716959583865563,635,My Mother advised me to
425,6383,5,24,132,161,1.2111801242236024,0.037806652903188076,635,KnightErrantSingles.com - Chivalry is alive and well.
515,6383,3,28,130,161,1.2111801242236024,0.035694026119738154,635,"About time, after waiting for you all these years."
1593,6385,2,34,144,180,1.211111111111111,0.03247392009883133,635,Do you need a straw to drink your wine?
2402,6385,4,30,146,180,1.211111111111111,0.03433222945639939,635,This wasn't what I intended for a night out.
1449,6387,2,27,118,147,1.2108843537414966,0.0364168246757951,635,"Well, yes, it is shining but I meant it figuratively."
1252,6388,5,25,136,166,1.2108433734939759,0.0370609170276147,635,"Trust me, these VR goggles let me see everything."
1861,6388,8,19,139,166,1.2108433734939759,0.03990701218221045,635,Your new Trump produced chastity for men belt is overstated
2693,6388,5,25,136,166,1.2108433734939759,0.0370609170276147,635,"A blue wave Democrat, Frank. My costume is a blue wave Democrat."
4034,6388,8,19,139,166,1.2108433734939759,0.03990701218221045,635,"I hear the burgers are good here, and the fries come with 
plenty of 3-in 1 Oil."
3569,6392,8,27,169,204,1.2107843137254901,0.03472521686773534,635,I'm being investigated by Mueller.  I want to see what the wold looks like seen through bars.
7690,6393,4,24,124,152,1.2105263157894737,0.03806900019013514,635,"OK so let me get this right, in this “me too” climate you actually see me as a damsel in distress?!"
7195,6393,2,28,122,152,1.2105263157894737,0.03570675039814121,635,"I swiped right,not righteous."
5847,6393,7,18,127,152,1.2105263157894737,0.041360172904601575,635,I guess you’re my knight in shining armor.
3267,6393,5,26,140,171,1.2105263157894737,0.036354829626023814,635,I always remain in character during filming.
3041,6393,4,24,124,152,1.2105263157894737,0.03806900019013514,635,I'm on the short list to replace Nikki Haley at the U.N.  Do you think the plume is too festive?
2210,6393,4,28,139,171,1.2105263157894737,0.0353959628705424,635,"I've been on SO many dates... apparently the whole ""knight-in-shining-armor"" thing is a myth..."
6292,6399,6,29,160,195,1.2102564102564102,0.034250977391499196,635,"It's not my fault talk to text heard ""Must like nights of amore"" not knights of armor!"
1790,6400,7,23,146,176,1.2102272727272727,0.03746062474304608,635,Well at least you were honest on your profile!
6866,6400,4,29,143,176,1.2102272727272727,0.03476338895064923,635,You looked less gray in your profile picture.
1314,6402,2,29,126,157,1.2101910828025477,0.03503555872428952,635,"I know it’s our anniversary, but does it have to be moat water?"
2754,6402,5,23,129,157,1.2101910828025477,0.03837275501065125,635,"...well, it’s an overseas assignment with the Office of Faith-based Initiatives..."
6695,6402,3,27,127,157,1.2101910828025477,0.036182173683338134,635,"Every woman says they want a knight in shining armor, and yet here I am still single."
5245,6405,3,32,146,181,1.2099447513812154,0.03325132612388175,635,"Well, you've always prayed for a knight in shining armor, haven't you?"
1725,6406,6,22,134,162,1.2098765432098766,0.03860152009157502,635,"Sorry, I was never into the whole knight in shining armor thing"
2575,6406,5,24,133,162,1.2098765432098766,0.0375951608226211,635,"There were no available horses, carriages were on 2.5x surge and my homing pigeon was dying."
7572,6408,7,16,120,143,1.2097902097902098,0.043091809584875955,635,Ugh-this is going to be a long knight.
5180,6409,5,29,152,186,1.2096774193548387,0.034443548803862356,635,Spending a night at a round table was the best I could do because I couldn't lance a lot.
4684,6409,5,29,152,186,1.2096774193548387,0.034443548803862356,635,I was hoping we could meet eye to eye tonight.
4221,6409,7,25,154,186,1.2096774193548387,0.03609159641439608,635,I'm a little disappointed that you didn't show up on a white charger.
1411,6409,7,25,154,186,1.2096774193548387,0.03609159641439608,635,I told Harold a 'date night' would be a nice anniversary surprise.
2251,6413,1,33,133,167,1.2095808383233533,0.03271202925597136,635,I was thinking you meant something else for a girls' night out.
4080,6413,4,27,136,167,1.2095808383233533,0.03586797260400549,635,Next time you might want to mention the armor thing on your Jdate profile!
4579,6413,4,27,136,167,1.2095808383233533,0.03586797260400549,635,"Sweetheart, I don't think i am going too far out on a limb here to ask if part of the problem might be that you are frigid."
4823,6413,7,21,139,167,1.2095808383233533,0.03876784826889222,635,You don't look like you're hungry
5035,6413,6,23,138,167,1.2095808383233533,0.03782593280419043,635,"Earthy, full-bodied, intense and oaky, with a spicy finish.  Safe for thee to lift thy visor and drink."""
5289,6413,3,29,135,167,1.2095808383233533,0.03484776308214011,635,First Date: NOT a Fairy Tale!
5522,6413,6,23,138,167,1.2095808383233533,0.03782593280419043,635,"No meal, Lance, but we do have a round table."
6762,6413,6,23,138,167,1.2095808383233533,0.03782593280419043,635,"I think you misunderstood what I meant by, 'Ladies Night.'"
7536,6413,7,21,139,167,1.2095808383233533,0.03876784826889222,635,"Baby, I'm your knight in shining armor,a knight to remember, out for a knight on the town, but not a one knight stand"
7583,6413,4,27,136,167,1.2095808383233533,0.03586797260400549,635,"When I saw your bio in It's Just Lunch saying you'd be my knight in shining armor, I never thought..."
6447,6423,3,25,120,148,1.2094594594594594,0.0374462639792873,635,The knight in shining armor meets his match.
5854,6424,3,34,154,191,1.2094240837696335,0.032198336788716614,635,"If you'd asked, I would have told you I have a costume party after this."
3180,6424,4,32,155,191,1.2094240837696335,0.03304307027126309,635,This is not what I had in mind when I said I wanted a stiff drink.
2159,6424,5,30,156,191,1.2094240837696335,0.03386674023202764,635,I could never be a morning person.
2560,6427,2,32,138,172,1.2093023255813953,0.03322356276872467,635,"You always wanted a Knight in Shining Armor, no?"
5466,6427,4,28,140,172,1.2093023255813953,0.03521085109815001,635,"So, after this, do you want to play Fortknight?"
5931,6427,2,32,138,172,1.2093023255813953,0.03322356276872467,635,So... what are you doing to-knight?
5013,6430,3,26,124,153,1.2091503267973855,0.036690576184352175,635,...and I thought the last woman I dated was a prude.
5786,6430,6,20,127,153,1.2091503267973855,0.04005241961175708,635,"My profile actually reads, ‘my fantasy is a night across a table’."
5833,6430,5,22,126,153,1.2091503267973855,0.03896404759198868,635,Face to face conversations  are not possible.
6834,6430,3,26,124,153,1.2091503267973855,0.036690576184352175,635,my favorite time of day is when you give me the knightly news.
5876,6434,4,29,144,177,1.2090395480225988,0.03458682712803624,635,"As the round table shrinks in size and meaning, Gulliver wonders what could have been..."
7406,6434,9,19,149,177,1.2090395480225988,0.03895196128211703,635,Your dating profile said that you dreamt of meeting your knight in shiny armor.
7327,6434,6,25,146,177,1.2090395480225988,0.03639575911504273,635,Janice tells me you're on a different kind of grail quest Sir Drinksalot?
6739,6434,5,27,145,177,1.2090395480225988,0.03550281603158319,635,I just feel like you really get me.
6701,6434,3,31,143,177,1.2090395480225988,0.033645910232848325,635,I'm on a totally liquid diet...I just need a straw.
5199,6434,5,27,145,177,1.2090395480225988,0.03550281603158319,635,'I sure hope this is going to be a good 'knight'...'
4724,6434,5,27,145,177,1.2090395480225988,0.03550281603158319,635,Not fair!
1106,6434,4,29,144,177,1.2090395480225988,0.03458682712803624,635,"Mildred, I still want separate checks."
977,6434,8,21,148,177,1.2090395480225988,0.03811894479567565,635,I'm very sensitive about the tattoos I did while I was soused.
2058,6443,5,23,130,158,1.2088607594936709,0.03815231641237479,635,"No, not to night, Rodger."
2317,6443,4,25,129,158,1.2088607594936709,0.037080636355738494,635,"No offence, but I was expecting your armour to be shinier."
2673,6443,3,27,128,158,1.2088607594936709,0.035977047369997836,635,I have lost weight since my Tinder pic. Is that it?
6639,6443,5,23,130,158,1.2088607594936709,0.03815231641237479,635,I thought you meant a night out-no silent k.
6641,6443,4,25,129,158,1.2088607594936709,0.037080636355738494,635,"I'm a bit suspicious, when my knight in shining armor can't distinguish between a Cabernet"
7463,6443,4,25,129,158,1.2088607594936709,0.037080636355738494,635,Don't they all taste a little metalic?
1808,6449,8,22,152,182,1.2087912087912087,0.037395122428035305,635,"Well, at least you look like your ""Match"" photo."
6022,6450,1,32,130,163,1.2085889570552146,0.03308701049628247,635,My profile DID say I love my nightly glass of wine.
5900,6450,4,26,133,163,1.2085889570552146,0.036358923934818224,635,"I’m looking for an afternoon date, sorry."
6478,6450,2,30,131,163,1.2085889570552146,0.03421243378685645,635,"Night, Knight!"
3860,6450,8,18,137,163,1.2085889570552146,0.04031045519283576,635,Do you know how I got here?
4874,6450,5,24,134,163,1.2085889570552146,0.0373859828242729,635,"Just like my dating profile said, I want to be your knight in shining armor!"
7686,6450,4,26,133,163,1.2085889570552146,0.036358923934818224,635,I didn’t realize Knights brought their work home with them...
953,6456,7,25,155,187,1.2085561497326203,0.035915581449694506,635,Date knight was going great until someone brought up politics.
862,6456,4,31,152,187,1.2085561497326203,0.03342792204231084,635,Knight is shining armor is a euphemism.
3,6458,6,23,139,168,1.2083333333333333,0.03762079363433748,635,"I know it's supposed to be spooky, but the smoke machine in the helmet is a bit much."
2561,6458,4,27,137,168,1.2083333333333333,0.03567565156823325,635,You do realize the renesance fair ended last week?
3990,6458,1,33,134,168,1.2083333333333333,0.03254065328982882,635,"I appreciate the chivalry, but I'm choosing the next bottle"
5826,6458,5,25,138,168,1.2083333333333333,0.03666112538163136,635,"Just shut it, Arnold. I heard enough."
6381,6458,5,25,138,168,1.2083333333333333,0.03666112538163136,635,Knight night at the bistro
3460,6463,6,24,143,173,1.2080924855491328,0.03689663160216944,635,"This is not what I meant by ""night time""."
4205,6463,7,22,144,173,1.2080924855491328,0.03779649135451461,635,"When you asked I'd like to join you in a night cap, I didn't realize you expected me to wear one."
2246,6465,2,27,120,149,1.2080536912751678,0.0359816948962526,635,I like my men more open. You're too protected for me.
429,6466,2,33,143,178,1.2078651685393258,0.03251502480686395,635,At least I don't need to worry about sunburns...
4946,6466,2,33,143,178,1.2078651685393258,0.03251502480686395,635,"I feel if we are regressing historically, I might dress the part."
5965,6466,7,23,148,178,1.2078651685393258,0.03707595849786003,635,"The last time I drank a glass of wine my enemy's concubine slipped a sleeping potion into it."""
6017,6469,5,22,127,154,1.2077922077922079,0.03873402441995206,635,Come on? There is no such a thing as don’t drink and ride.
6317,6469,6,20,128,154,1.2077922077922079,0.03981465917961695,635,I've been really getting into fortified wine recently
4269,6469,9,14,131,154,1.2077922077922079,0.04289352397576934,635,This is not what I expected from Tin-der.
3968,6469,4,24,126,154,1.2077922077922079,0.03762236316264341,635,he says chivalry isn’t dead
5194,6469,3,26,125,154,1.2077922077922079,0.0364768388449193,635,"OK, I've seen mommy issues before, but what kind of dragon was she really?"
1822,6474,3,27,129,159,1.2075471698113207,0.035774185513929364,635,I am testing a new step in the AA program!
6822,6474,4,25,130,159,1.2075471698113207,0.03687009418329497,635,"#MeToo asks, ""Are you wearing that to protect me, or you?"""
2696,6476,4,31,153,188,1.2074468085106382,0.03326813940803518,635,You’ve taken Fortnite to a whole new level
7525,6477,4,26,134,164,1.2073170731707317,0.03615891918307185,635,It makes sipping mead very difficult.
1333,6477,5,24,135,164,1.2073170731707317,0.03717908196251163,635,Remember when they used to serve bread?
2607,6477,6,22,136,164,1.2073170731707317,0.03817199018472044,635,"Well, obviously, the worst part is now I have to bring my own straw."
4106,6477,5,24,135,164,1.2073170731707317,0.03717908196251163,635,Knights to see you again.
4191,6477,6,22,136,164,1.2073170731707317,0.03817199018472044,635,FYI - I'm freeballin'
5639,6477,4,26,134,164,1.2073170731707317,0.03615891918307185,635,I didn't know Tinder was such a literal medium.
7634,6477,2,30,132,164,1.2073170731707317,0.034026960462454604,635,My new suit is waterproof.
3204,6484,8,19,142,169,1.2071005917159763,0.0392553069539259,635,My profile said I would prefer to date at night.
5237,6484,4,27,138,169,1.2071005917159763,0.03548534361547313,635,"Yes,I'm confused! Thought your message said meet for wine to night,not with a knight!"
7378,6484,4,27,138,169,1.2071005917159763,0.03548534361547313,635,No straws? That’s so medieval.
5116,6484,4,27,138,169,1.2071005917159763,0.03548534361547313,635,Don’t expect too much; I’m kind of locked-up inside.
2126,6484,6,23,140,169,1.2071005917159763,0.03741783488896133,635,My ex-husband preferred Bloody Marys
4189,6484,3,29,137,169,1.2071005917159763,0.03447850393177631,635,Your profile didn't mention you'd be my knight in shining armor.
4236,6484,7,21,141,169,1.2071005917159763,0.03834757809708793,635,Are you sure you belong on Jdate?
379,6491,3,24,118,145,1.206896551724138,0.03777396948311491,635,Funny coincidence: I slaughtered the infidels who made this wine. Ah well... to your health!
566,6491,6,18,121,145,1.206896551724138,0.041403249780064086,635,Please don't open a door for me ever again.
685,6491,5,26,143,174,1.206896551724138,0.03578691214382268,635,Next time I promise we will go to a medieval theme restaurant.
1083,6491,4,28,142,174,1.206896551724138,0.0348462668407163,635,Sorry if you find my voice grating.
1461,6491,5,26,143,174,1.206896551724138,0.03578691214382268,635,"You know, straws are no longer available for wine drinking."
3295,6491,5,26,143,174,1.206896551724138,0.03578691214382268,635,"Your Tinder profile said you prefer White men, so I dressed up as a White Knight."
3552,6491,6,24,144,174,1.206896551724138,0.036703458268192685,635,"So, Darth, could I give you some friendly advice regarding a uniform upgrade?"
7026,6491,5,26,143,174,1.206896551724138,0.03578691214382268,635,"The date went okay, I guess, he's just no knight in shining armor..."
7298,6491,7,22,145,174,1.206896551724138,0.03759766770559367,635,"Thanks for waiting, I didn’t have time to change out of my Uber Riding Suit."
7711,6500,4,29,146,179,1.2067039106145252,0.034238927627246056,635,"Sorry Mary, I am not crazy. I'm just hiding from the debt collectors."
843,6500,7,23,149,179,1.2067039106145252,0.03688653224386132,635,What is that necklece about?
2353,6500,6,25,148,179,1.2067039106145252,0.03602562369119437,635,"Dilly, dilly!"
1619,6503,4,23,123,150,1.2066666666666668,0.038187886698918753,635,It just makes drinking wine more interesting.
1906,6504,5,28,151,184,1.2065217391304348,0.03453186826891509,635,This isn't what you meant when you said you like roll playing?
4527,6505,1,31,128,160,1.20625,0.03329031225352365,635,Armour Amour....
21,6505,4,25,131,160,1.20625,0.03666188683825316,635,I feel like Katherine Hepburn in On Golden Pond
916,6505,4,25,131,160,1.20625,0.03666188683825316,635,"And how am I suppose to know for sure you are a male knight? That fuzzy whatcamacallit on your helmet could go a couple different ways, you know.,"
2048,6505,6,21,133,160,1.20625,0.03874695666685832,635,"Sorry, buddy, but I don't think I can date a libra."
3258,6505,5,23,132,160,1.20625,0.0377188321497649,635,Seeing Princess in a profile puts my guard up.
3321,6505,6,21,133,160,1.20625,0.03874695666685832,635,What the hell is wrong with you?
3690,6511,4,32,158,194,1.2061855670103092,0.03258390463542082,635,"Nice plume, but sorry, it looks to me like you have a drinking problem."
7020,6512,6,22,137,165,1.206060606060606,0.0379607391387771,635,I thought you said Girl's Night.
4810,6512,3,28,134,165,1.206060606060606,0.034918307890562376,635,"Don't worry Mr Kavanagh, it's non alcoholic.  And no, this is not how you need to dress to court now."
3203,6512,6,22,137,165,1.206060606060606,0.0379607391387771,635,"At forty, I realized I was never going to find my knight in shining armor"
1284,6512,2,30,133,165,1.206060606060606,0.03384343948142268,635,I thought a little wine would lessen your armored insecurity.
177,6512,3,28,134,165,1.206060606060606,0.034918307890562376,635,Sorry this conversation is dull I should have polished up
479,6517,6,23,141,170,1.2058823529411764,0.037217022651544224,635,Oh! Good knight! You really need to get some help!
4926,6517,6,23,141,170,1.2058823529411764,0.037217022651544224,635,"So, you want proof that I'm a Knight?"
5719,6517,4,27,139,170,1.2058823529411764,0.03529701809639166,635,"All I ask is that,next time,we get a square table for two."
6673,6517,4,27,139,170,1.2058823529411764,0.03529701809639166,635,"Gloria, while you try to figure out how to drink your wine, I'll try to figure out how to get through your defense mechanism"
7292,6517,5,25,140,170,1.2058823529411764,0.036269727470319896,635,"Face it, Harry, your armor ain't shining no more!"
7135,6522,6,24,145,175,1.2057142857142857,0.03651226741879951,635,Does your new wife know you are meeting tonight with your ex?
3364,6523,5,27,148,180,1.2055555555555555,0.03496670600731502,635,Thanks. I've been so busy at work and REALLY need a knight out.
6827,6523,4,29,147,180,1.2055555555555555,0.03406754001349689,635,I thought I should warn you about the house red.
4277,6525,6,18,122,146,1.2054794520547945,0.04114309995025971,635,"If it's any consolation to you,only the Hippest restaurants stop using straws."
7615,6526,4,30,151,185,1.2054054054054053,0.03349702031515588,635,"I warned you, this wasn't going to be night you were expecting, Linda"
2972,6526,3,32,150,185,1.2054054054054053,0.03260821926161367,635,Would you mind giving me a signal when you started to rub your foot against my leg?
786,6526,3,32,150,185,1.2054054054054053,0.03260821926161367,635,Your army isn't so shiny in this lighting.
279,6526,4,30,151,185,1.2054054054054053,0.03349702031515588,635,"Whew, it's been a one rough week.""
""I know Brett, but must you wear that suit?"
1852,6526,6,26,153,185,1.2054054054054053,0.0352073739883416,635,"I agree education is everything, but the night school you recommended is very demanding."
3711,6531,2,27,122,151,1.205298013245033,0.0355566032524519,635,It seems as if you're hiding something.  And another thing: how do you plan to get that wine past your visor?
278,6532,6,28,161,195,1.205128205128205,0.03402463374804186,635,"Well, social conscience is one thing, but if I'd known about the ban on straws I would have ordered this to go."
1267,6532,8,24,163,195,1.205128205128205,0.03554450576247761,635,Ever since the hack I have been extra careful with Ashley Madison.
2267,6532,5,22,129,156,1.205128205128205,0.03828190751741528,635,So you're a Roundtable Knight.
2404,6532,5,22,129,156,1.205128205128205,0.03828190751741528,635,Isn;t this going a bit far for our first 'no picture' dating App?
3251,6532,3,26,127,156,1.205128205128205,0.03605660093927812,635,Buying an empty suit of armor and some wine didn’t fill the emptiness in my heart.
4691,6532,5,22,129,156,1.205128205128205,0.03828190751741528,635,I know this was a blind date but REALLY
7550,6532,1,30,125,156,1.205128205128205,0.03368460329908558,635,No wonder his tinder username was roundtable123.
5587,6539,3,27,131,161,1.204968944099379,0.03537511102451714,635,Rescued from a knight in shining armor?
5523,6539,1,31,129,161,1.204968944099379,0.0331076875799462,635,"I was told you were into ""Goth"" but ......."
5693,6539,6,21,134,161,1.204968944099379,0.038526844338140374,635,I assumed you could remove the shining armor.
2538,6539,3,27,131,161,1.204968944099379,0.03537511102451714,635,"I know you described yourself as an old fashioned gentleman, but I am still surprised"
5436,6539,3,27,131,161,1.204968944099379,0.03537511102451714,635,I'm surprised you ordered a Chardonnay.
4215,6544,2,30,134,166,1.2048192771084338,0.03366184121212308,635,And to think that I almost swiped left on my knight in shining armor!
576,6545,5,25,141,171,1.2046783625730995,0.03607709576736016,635,It takes a bold man to eat the oysters.
3253,6545,4,27,140,171,1.2046783625730995,0.03511064495851469,635,"You're one of those ""white knights"" I read about, aren't you..."
3620,6545,4,27,140,171,1.2046783625730995,0.03511064495851469,635,But you said you've been feeling distressed...!
5229,6545,7,21,143,171,1.2046783625730995,0.03793620616529916,635,I don't think romance with you would be fun.
2809,6549,6,24,146,176,1.2045454545454546,0.036323029275187,635,"Frankly, I’ve been generally disappointed in Knights.com"
3976,6549,5,26,145,176,1.2045454545454546,0.03541789647608998,635,"I like to think chivalry has not died, m'lady."
5783,6549,6,24,146,176,1.2045454545454546,0.036323029275187,635,You need to stop being hard headed and listen!
972,6552,6,25,150,181,1.2044198895027625,0.035662830075574734,635,"Your armor is shiny and you are a knight, but I feel like I’ve been misled."
1154,6552,5,27,149,181,1.2044198895027625,0.034791523318105574,635,"WELL, HONEY, I THINK YOU'VE MANAGED TO COMBINE SOBER OCTOBER AND HALLOWEEN."
5374,6554,7,24,155,186,1.2043010752688172,0.03585488493366103,635,"You don't look at all like your profile picture.  That knight was wearing an Armet, but this is clearly a Close Helm!"
898,6555,2,35,154,191,1.2041884816753927,0.031071899134228212,635,I'm afraid there's been a mistake. I represent the Dreamy Nights dating service.
4170,6555,6,27,158,191,1.2041884816753927,0.0344370341315231,635,Are you dating?
3509,6557,3,24,120,147,1.2040816326530612,0.03731104416148252,635,Does Meade go with roast beast?
2221,6557,5,30,161,196,1.2040816326530612,0.03308518361008075,635,"Why not? Well for one, my profile said I'm looking for 'a night of amore with a sharp guy'."""
5490,6559,3,25,124,152,1.2039473684210527,0.036559533553919624,635,Your profile said you work in the High Castle?
5596,6559,6,19,127,152,1.2039473684210527,0.0399751750578056,635,You said that all you wanted was a night out.
7673,6559,4,23,125,152,1.2039473684210527,0.03773245114514628,635,"You're my fourth online date this week with a knight in shining armour.  Are you married?"""
3274,6562,6,20,131,157,1.2038216560509554,0.03911779626437911,635,"I look lovely?, what the f**k does that mean, Jim?"
4748,6562,4,24,129,157,1.2038216560509554,0.036971385555930394,635,"What the hell, Dimitri - The least you could do would be to Smile."
1992,6564,2,29,131,162,1.2037037037037037,0.03407152349402146,635,I've figured out the perfect way to avoid homophobes.
5920,6564,4,25,133,162,1.2037037037037037,0.03625232662060062,635,"So,you really want to stick with blaming Siri for ruining another date night"
6939,6564,1,31,130,162,1.2037037037037037,0.03292700224894654,635,Do you happen to have a re-usable straw?
1602,6567,5,24,138,167,1.2035928143712575,0.036571684009034426,635,Won't you be my Dulci-neighbor?
3365,6567,2,30,135,167,1.2035928143712575,0.033482136589209816,635,"I forgot my oil can, would you ask the waiter for a straw?"
3855,6567,4,26,137,167,1.2035928143712575,0.035571662940660276,635,Is that what they call fortified wine?
6307,6567,6,22,139,167,1.2035928143712575,0.03754507874741222,635,This knight in shining armour thing doesn't seem to work well in the 21st century.
7405,6567,1,32,134,167,1.2035928143712575,0.03238685850288327,635,Only above the waist. You?
6444,6572,8,19,145,172,1.2034883720930232,0.038624304557028366,635,"You misunderstood. I didn't say, ""Joust dress well to Knight."""
7774,6572,3,29,140,172,1.2034883720930232,0.03393876283090358,635,"My mother always told me, don't judge a knight by his armor."
449,6572,5,25,142,172,1.2034883720930232,0.035886467289230714,635,I just don't think #MeTuna will take off.
918,6572,8,19,145,172,1.2034883720930232,0.038624304557028366,635,Is Armor making a comeback or are you going as Kavanaugh for Halloween?
4863,6576,3,30,144,177,1.2033898305084745,0.03336444014411783,635,I only wear this the first 3 dates
5648,6576,6,24,147,177,1.2033898305084745,0.03613571463654413,635,Have you read IRON JOHN?
1220,6576,3,30,144,177,1.2033898305084745,0.03336444014411783,635,Bet you never thought you’d meet your Knight in Shining Armor.
4184,6576,3,30,144,177,1.2033898305084745,0.03336444014411783,635,I meant that I enjoyed the movie.
402,6580,5,27,150,182,1.2032967032967032,0.03461805876496286,635,"Contrary to what you’ve heard, I don’t bite.”"
4036,6580,5,27,150,182,1.2032967032967032,0.03461805876496286,635,"Shirley, you're transgender, not trans generation."
4612,6580,6,25,151,182,1.2032967032967032,0.03548411983619588,635,"I guess I thought your armor would have a nicer shine, but whatever."
6727,6580,4,29,149,182,1.2032967032967032,0.03372976763571509,635,"Why not just brush your teeth!
And GARGLE!"
7141,6580,7,23,152,182,1.2032967032967032,0.03632954071337261,635,Uh-oh. This wine is running right through me. A little help?
6589,6585,5,28,154,187,1.2032085561497325,0.03402961824157708,635,Do you drink only vintage wine?
4883,6586,3,24,121,148,1.2027027027027026,0.037083731104823436,635,Did Harmony.com tell you I was being ironic  when I said I was still looking for my knight in shining armor?
5687,6587,5,21,127,153,1.2026143790849673,0.03863810411310346,635,I agree the wine is sharp but let's not go comparing it to a lance.
838,6588,4,24,130,158,1.2025316455696202,0.036759286664489056,635,"So, you're a Vegas fan?"
1717,6588,7,18,133,158,1.2025316455696202,0.0399139339245385,635,"There's something uncanny about you, that I rather like. Let's drink to that."
5345,6588,4,24,130,158,1.2025316455696202,0.036759286664489056,635,"No, Bennett, what I said was I would like us to get into Amaretto"
6446,6591,4,25,134,163,1.2024539877300613,0.03605090067396688,635,"One scratch on the steed, and I'll have that valet's job."
7562,6591,7,19,137,163,1.2024539877300613,0.03907542098968375,635,"So, do you really consider yourself my knight in shining armor?"
1958,6591,2,29,132,163,1.2024539877300613,0.03388490394447599,635,"Sir knight, you said you'd reveal yourself at our first meeting."
2501,6591,6,21,136,163,1.2024539877300613,0.03809393867115983,635,I'm looking for my knight in shining armor; I'm joust not interested in a one knight stand.
2222,6595,9,16,143,168,1.2023809523809523,0.040102097219725165,635,"Nothing personal, but I prefer my sparkling dream to the corrosion of real life."
2243,6595,3,28,137,168,1.2023809523809523,0.03435785506753902,635,"I'm your knight in shining armor, but it's also protection against #MeToo"
2462,6595,6,22,140,168,1.2023809523809523,0.03734059725193416,635,Really? It only worked on our first date.
2767,6595,4,26,138,168,1.2023809523809523,0.035380053762985274,635,I see you are already  protection. I'm not that kind of....oh hell let me finish my merlot.
4780,6595,6,22,140,168,1.2023809523809523,0.03734059725193416,635,"The dating app said you would be might knight in shining armor, but I wasn't expecting a knight in shining armor!"
1105,6600,7,21,145,173,1.2023121387283238,0.03753345738036131,635,You said we need to have a talk?
3602,6600,5,25,143,173,1.2023121387283238,0.03569781159499867,635,"It's no good  Charlie,  I'll get you in the end, then our lawyers can litigate the sexual harassment  element."
7579,6602,7,22,149,178,1.202247191011236,0.03682259731557927,635,I told you before this isn't a straw type of place.
1458,6602,5,26,147,178,1.202247191011236,0.03505629371350715,635,I probably shouldn't have used in metaphor in describing my ideal mate.
3034,6602,4,28,146,178,1.202247191011236,0.034138889215363594,635,You said you would be my knight in shining armor but this has gone to far.
4644,6602,3,30,145,178,1.202247191011236,0.033196141112937456,635,"I know this table is round, but really?"
5165,6602,7,22,149,178,1.202247191011236,0.03682259731557927,635,if you’d take that damn helmet off you could smell the exquisite nose!
6490,6602,3,30,145,178,1.202247191011236,0.033196141112937456,635,Plastic or paper?
7534,6608,3,31,149,183,1.2021857923497268,0.03265651938072114,635,This way I am able to avoid all temptations!
1235,6608,2,33,148,183,1.2021857923497268,0.03172379261195461,635,Would you please ask our waiter for a straw - I think he's trying to ignore me....
2358,6608,7,23,153,183,1.2021857923497268,0.03614754790538152,635,My contract specifies Bud Light. The King could have my head for this.
7734,6611,7,24,157,188,1.202127659574468,0.0355055282218007,635,Your chicken will pair nicely with this mead.
974,6612,3,23,118,144,1.2013888888888888,0.03763071121420765,635,I just needed to see what all the hype was about.
2966,6613,5,20,124,149,1.2013422818791946,0.03924263240944736,635,"Honey, you can't wear that to the prom. Your chastity belt will be enough."
4101,6613,3,24,122,149,1.2013422818791946,0.036859120381373706,635,"This moth-phobia is a bit extreme,in my opinion."
5442,6615,5,21,128,154,1.2012987012987013,0.038408927942357264,635,"Donald,please go back to the closet. NOW"
5584,6615,5,21,128,154,1.2012987012987013,0.038408927942357264,635,I feel like a knight at the 'intimate' roundtable.
6786,6615,1,29,124,154,1.2012987012987013,0.03370038567118684,635,"Well, it's not exactly about chivalry."
7079,6615,3,25,126,154,1.2012987012987013,0.036131438803816876,635,Safety comes at a price
7219,6619,1,30,128,159,1.20125786163522,0.03312153981138963,635,"I realize you're a lady's knight, but the feeling's not right."
4600,6619,3,26,130,159,1.20125786163522,0.035443749678574984,635,"I've always wanted to play sports, but sometimes I'm afraid of looking clumsy."
7073,6619,4,24,131,159,1.20125786163522,0.03654956753748931,635,Bring It On
2622,6619,5,22,132,159,1.20125786163522,0.03762289705854003,635,The days of Knights are over.
3373,6619,4,24,131,159,1.20125786163522,0.03654956753748931,635,I think you'd enjoy the wine more If I got you a straw.
1740,6624,6,21,137,164,1.201219512195122,0.037881066042358136,635,"Let me spell it out, GOOD NIGHT and that's without a K!"
2315,6624,6,21,137,164,1.201219512195122,0.037881066042358136,635,I shined this armor just for you
3178,6624,3,27,134,164,1.201219512195122,0.03479260075423782,635,"Speed dater #4, I can see that you have a passion for merlot."
5805,6624,3,27,134,164,1.201219512195122,0.03479260075423782,635,Which one do I have to wear to the Smiths' barbecue tomorrow?
7106,6624,4,25,135,164,1.201219512195122,0.03585166336909664,635,Knight Amour
4350,6629,6,22,141,169,1.2011834319526626,0.037138301354545517,635,RENAISSANCE FAIR VIGNETTE
4654,6629,2,30,137,169,1.2011834319526626,0.03312829477896945,635,"So, you're not one of the Knights who owns Nike?"
5761,6629,5,24,140,169,1.2011834319526626,0.03617749368552708,635,Your acne was never that bad!
7017,6629,6,22,141,169,1.2011834319526626,0.037138301354545517,635,I admit I’ve been pining for a Knight in shining armor...but this is a bit much.
2403,6633,5,25,144,174,1.2011494252873562,0.0355110988399303,635,I'll just surrender to the Merlot.
3863,6633,6,23,145,174,1.2011494252873562,0.0364345839673596,635,"Is our relationship suffocating, or have you become close minded?"
5651,6635,4,28,147,179,1.2011173184357542,0.033966430891076524,635,"Granted, but that doesn’t imply I prefer ‘one knight sits’ instead."
6808,6635,6,24,149,179,1.2011173184357542,0.03576674188060787,635,It's not what you said; it's how you said it.
6630,6637,5,27,152,184,1.201086956521739,0.034276186074787274,635,I'm having a difficult time adjusting to these bifocals.
3945,6637,5,27,152,184,1.201086956521739,0.034276186074787274,635,Not exactly what I was expecting from your tinder profile...
7582,6639,7,22,151,180,1.2,0.03644677590156461,635,Let’s split the check.
7083,6639,5,24,141,170,1.2,0.0359835209992236,635,"When your profile said 'knight in shining armor,' I thought you meant it figuratively."
6925,6639,3,24,123,150,1.2,0.03663716527236559,635,"These new rules for dating are really confusing. Like, am I still allowed to shine or what?"
6919,6639,3,24,123,150,1.2,0.03663716527236559,635,Can't wait for this big date knight.
6601,6639,3,35,167,205,1.2,0.03045957564454436,635,I like to think of myself as a sort of everyknight.
6538,6639,7,18,135,160,1.2,0.039453818238351854,635,So much for leaving online dating behind for the real world ...
6288,6639,7,16,127,150,1.2,0.041233769093384276,635,Think of something else.  I would really embarrass me to be seen with someone drinking wine from a straw.
5990,6639,4,30,156,190,1.2,0.0327007647725315,635,"It's not as difficult as you may think,if you will help me down on the floor,I can drink most of it."
5940,6639,3,25,127,155,1.2,0.03592106040535498,635,"And I says, “Armor, I don’t even know her!” Not even a chuckle from the valet, he just keeps asking where the keys are. So I guess *he’s* the funny guy..."
5415,6639,2,28,130,160,1.2,0.034110438469457056,635,I suggest a different outfit for our next wine tasting date
5078,6639,9,20,161,190,1.2,0.03671258611692897,635,This wasn’t what I was expecting when you asked if I wanted a dinner night.
4634,6639,5,25,145,175,1.2,0.03532629976156584,635,But your armor will get rusty from crossing my moat.
4633,6639,5,26,149,180,1.2,0.03470188727947363,635,So much for meeting my knight in shining armor.
4262,6639,3,28,139,170,1.2,0.033993918499534745,635,You said online that you were a knight-not a knight in armor.
7329,6639,3,31,151,185,1.2,0.0323392708194354,635,And thats why I didn't hold the door open.
4037,6639,3,26,131,160,1.2,0.03524398338411641,635,"Not sure why, but I prefer a dark aged wine."
4091,6639,1,31,133,165,1.2,0.03239628969658334,635,Any Saracen exes I should know about?
1299,6639,4,28,148,180,1.2,0.033795676266743145,635,"Watch out for maggots, oops I mean magnets!"
1713,6639,4,27,144,175,1.2,0.034384095303675165,635,I think you're more than ready for the Ren-Fair tomorrow.
1763,6639,3,28,139,170,1.2,0.033993918499534745,635,"Yes, my add did say ""tough on the outside  with a heart of gold""  but surely you joust."
1868,6639,6,17,122,145,1.2,0.041058784136762644,635,Not my fault.  I told you to buy the one with the built-in straw.
2197,6639,6,22,142,170,1.2,0.03693815679992497,635,What's your sign?
1419,6639,4,21,120,145,1.2,0.03865556717425341,635,The tinnin is too strong.
2577,6639,6,24,150,180,1.2,0.03558502813246158,635,You mean you're not picking up the check?
2960,6639,4,26,140,170,1.2,0.03500285901504745,635,Mebbe your place...my landlord would complain about the clanking noises!
3036,6639,3,27,135,165,1.2,0.03460259016489566,635,I just moved to town to help dig the new moat - funding for the wall dried up pretty fast.
3095,6639,4,23,128,155,1.2,0.03706898651442383,635,Are my verbal barbs getting to you?
3675,6639,6,20,134,160,1.2,0.038444601979779267,635,Dang! Knew that I should have worn my burqa
2481,6639,3,27,135,165,1.2,0.03460259016489566,635,I didn't have to ask for this table.
3206,6639,6,18,126,150,1.2,0.04013400372543907,635,"..and Sir Geoffrey leaned over from his warhorse and whispered"" (ready?? giggle) ""JOUST KIDDING!""  Brahaha! I am dying in here!  See the tears"
5839,6669,7,24,160,191,1.198952879581152,0.03499391380217658,635,"So, Father Flanagan, do ye really prefer hearing me confession in that there outfit rather than a confessional booth?"
6285,6670,3,31,152,186,1.1989247311827957,0.03218290187500333,635,I always wanted to have a night cap with a knight.
1518,6671,6,23,147,176,1.1988636363636365,0.03605541042638883,635,"To be clear, here's my expectations for my knight in shining armor."
1532,6671,7,21,148,176,1.1988636363636365,0.03694492774320195,635,Been awhile since you've had a knight out?
2333,6671,5,25,146,176,1.1988636363636365,0.03514338566615748,635,"Trust me: Calories will always find a way."""
7712,6671,2,31,143,176,1.1988636363636365,0.03225294345133616,635,What really distresses me is the shining armor.
3709,6675,8,18,145,171,1.1988304093567252,0.038567292538210986,635,Sorry. I thought tonight was Fetish Night.
5671,6675,3,28,140,171,1.1988304093567252,0.0338147720043464,635,I'm curious: have you ever been to a night club?
7269,6675,4,26,141,171,1.1988304093567252,0.03481721205539484,635,"Before we go any further, you should know I've sworn my loyalty to another Lady."
2961,6675,4,26,141,171,1.1988304093567252,0.03481721205539484,635,"Linda had such high, romantic hopes for this blind date until he opened his trap....""Waiter, oh waiter! I needeth a tube that draweth the wine to my dry lips and parched throat! Hurry up man, before I throw thee into the dungeon!"""
70,6675,5,24,142,171,1.1988304093567252,0.035791587068957076,635,"Oh, I knew what you meant when you said you wanted to have a round table discussion about our relationship; the armor is just for my protection."
1751,6675,6,22,143,171,1.1988304093567252,0.03674013002860957,635,Not much. And you?
1639,6675,5,24,142,171,1.1988304093567252,0.035791587068957076,635,So happy to meet you!
2738,6675,5,24,142,171,1.1988304093567252,0.035791587068957076,635,"So, this is what you meant by a nightcap."
7768,6683,6,21,139,166,1.1987951807228916,0.03746228919785792,635,"‘Just a guess,have you ever been on too many dates with self centered guys who never shut up about their cars?"
7522,6683,6,21,139,166,1.1987951807228916,0.03746228919785792,635,You take a blind date-knight out really seriously.
7787,6683,5,23,138,166,1.1987951807228916,0.03647470029782505,635,"I mean, the place is called Britannia Arms, I warned you to come in proper attire."
4500,6683,3,27,136,166,1.1987951807228916,0.03441460535238768,635,"As a supporter of gender equality, I am glad you believe chivalry isn't dead"""
2271,6683,5,23,138,166,1.1987951807228916,0.03647470029782505,635,'Let me guess. I'm your 'steed' again?'
6974,6683,4,25,137,166,1.1987951807228916,0.03545961663199949,635,I was hoping for a bit more shine.
2276,6689,3,26,132,161,1.1987577639751552,0.03504641529280253,635,"This blind date's off the hook, wouldn't you agree?  Everyone always says I have a magnetic personality."
2479,6689,4,24,133,161,1.1987577639751552,0.03613711355972386,635,I’d love to return the favour but straws are really bad for the environment.
3951,6689,6,20,135,161,1.1987577639751552,0.038225259705252077,635,I’m trying to up my game. How am I doing?
5480,6689,3,26,132,161,1.1987577639751552,0.03504641529280253,635,"Actually, ""Wine Night""  is just the name of this event."
1530,6693,5,21,130,156,1.1987179487179487,0.03795852487682835,635,"I’m rethinking my little girl dream, of a knight in shining armor."
2046,6693,4,23,129,156,1.1987179487179487,0.03685290524349477,635,"I really have never been here at night-time."""
7464,6695,6,17,123,146,1.1986301369863013,0.040799593176557146,635,"Oh, When you said you needed to get a early start for a tournament  I though you meant something else I"
6855,6696,2,24,115,141,1.198581560283688,0.0365977866744137,635,One Republican. One Democrat.  Two glasses of wine. No food.
6694,6697,5,26,151,182,1.1978021978021978,0.03435446871877914,635,I'm sorry but your armor is just not shiny enough.
6359,6697,4,28,150,182,1.1978021978021978,0.0334591804002203,635,I always wear this suit on the first date
55,6697,3,30,149,182,1.1978021978021978,0.032539268356239937,635,I’m not looking for something serious ... you’d just be part of my iron deficiency program ...
4950,6697,6,24,152,182,1.1978021978021978,0.03522701078497383,635,I know my online profile said I was looking for a knight in shining armour....
259,6701,4,27,146,177,1.1977401129943503,0.03403179502821975,635,I didn't think you meant litterally
1490,6701,4,27,146,177,1.1977401129943503,0.03403179502821975,635,I'm losing the battle over plastic straws.
888,6703,5,24,143,172,1.197674418604651,0.03560166052682325,635,You specifically wished for a knight in shining armour. You did not make any mention of Paul McCartney
2545,6703,10,14,148,172,1.197674418604651,0.04009333501080853,635,"I think you are taking this Game of Thrones role play a little too seriously, Cersei."
5894,6703,4,26,142,172,1.197674418604651,0.03463349211764261,635,It’s too bad you’re not my knight in shining armor !
6755,6703,5,24,143,172,1.197674418604651,0.03560166052682325,635,"Since you've taken my online profile literally, let me say that I prefer to dine under florescent lighting. And forget the beach stuff."
7170,6703,6,22,144,172,1.197674418604651,0.03654418815997308,635,You were expecting shining nakedness?
7172,6703,8,18,146,172,1.197674418604651,0.038359830555937294,635,"You're not a bad guy, Jeff. I'm just saying you're no knight in shining armour."
7704,6703,4,26,142,172,1.197674418604651,0.03463349211764261,635,Don't spill your drink. The suit might rust.
3521,6710,3,27,137,167,1.1976047904191616,0.03422861489926965,635,Don't get your hopes up.  I'm no knight in shining armor.
3228,6710,5,23,139,167,1.1976047904191616,0.036275167976288485,635,"Now this has to be your last charade.  I'm guessing, ""Girl's knight out."""
7180,6710,3,27,137,167,1.1976047904191616,0.03422861489926965,635,These dating apps can make you feel so vulnerable at times.
729,6710,4,25,138,167,1.1976047904191616,0.03526673992326516,635,"When I described my ideal date on the website, I expecting to be taken literally."
2288,6710,4,25,138,167,1.1976047904191616,0.03526673992326516,635,Soo... uhm.. I can see what you do for a living.....
1073,6715,7,18,137,162,1.1975308641975309,0.0390040748765714,635,"Damn!  I keep forgetting it’s BYOS* these days. 

*Bring Your Own Straw"
1150,6715,3,26,133,162,1.1975308641975309,0.03485101020875986,635,Let's have another round at the table to knight
1989,6717,7,17,133,157,1.197452229299363,0.0398423834504812,635,I would prefer a night with shining arm hair.
2307,6717,3,25,129,157,1.197452229299363,0.035507439357164994,635,The whole “knight in shining armor” thing was merely a metaphor you say?
3118,6717,2,27,128,157,1.197452229299363,0.034338301244741895,635,This is my solution to problem of sexual assault and harassment
3576,6717,3,25,129,157,1.197452229299363,0.035507439357164994,635,You’re boring me. This Knight is over.
7275,6717,2,27,128,157,1.197452229299363,0.034338301244741895,635,"By day I parade our company foci: helmets, steel, and wigs."
606,6722,1,28,123,152,1.1973684210526316,0.03370813785060509,635,I'm going to need a straw for the Château Lafite-Rothschild.
2652,6722,2,26,124,152,1.1973684210526316,0.03497680564454209,635,. . .  and just how do you expect to take a sip?
71,6724,2,25,120,147,1.1972789115646258,0.03565155061761026,635,And now it is all done electronically.
3094,6724,5,19,123,147,1.1972789115646258,0.039377619808549695,635,You missed a spot
5203,6726,2,34,157,193,1.1968911917098446,0.03052069302623819,635,"Yeah, maybe I do take Pat Benatar too literally."
6066,6727,4,29,155,188,1.196808510638298,0.03275481042093209,635,This is a little more tannic than the 1091 A.D. vintage
6279,6728,5,26,152,183,1.1967213114754098,0.034183316879904224,635,Ewe... this wine has an unpleasant metallic taste.
2741,6729,4,27,147,178,1.196629213483146,0.033858294439214856,635,You ordered a horsemeat steak?
1013,6730,3,28,142,173,1.1965317919075145,0.03346198186366337,635,The rumors are a hoax.  Can't you see that I am a knight in shining armor?
520,6731,4,25,139,168,1.1964285714285714,0.035075917269549735,635,I selected a round table to signify my everlasting devotion as well as equality in paying the innkeeper.
6697,6731,7,19,142,168,1.1964285714285714,0.038002341646133246,635,"You said you wanted chivalry, not a Weinstein."
2965,6733,2,28,133,163,1.196319018404908,0.033547252350004865,635,Is this your idea of Amour
3154,6733,6,20,137,163,1.196319018404908,0.037793909408668336,635,"Ever heard of #me too Lance?
Don’t let your blunted tip get you in trouble."
3798,6733,2,28,133,163,1.196319018404908,0.033547252350004865,635,"I think you misunderstood when my profile said I was a fan of ""Night Moves."""
4116,6733,5,22,136,163,1.196319018404908,0.036778243926969906,635,I really wasn't secretly wishing you'd look like you did on Snapchat.
6428,6733,2,28,133,163,1.196319018404908,0.033547252350004865,635,Wait until I know you better before you become my knight in shining armor.
1261,6738,4,23,131,158,1.1962025316455696,0.03642809946540482,635,"Yes dear, I understand that chivalry is not the same thing as presence."
1601,6738,4,23,131,158,1.1962025316455696,0.03642809946540482,635,"I remember you: late December back in '63.  
It was a very special time for me."
2355,6738,6,19,133,158,1.1962025316455696,0.03857794370917561,635,"I wanted my outfit to remind you of your childhood- oh, sorry, have I misjudged your age?"
4895,6738,6,19,133,158,1.1962025316455696,0.03857794370917561,635,"I don’t have a straw for your wine, you figure it out”"
7510,6742,7,26,171,204,1.196078431372549,0.033385281195602766,635,Could you also possibly be A Shining Knight in Amor?
2958,6742,3,24,126,153,1.196078431372549,0.035986781783617534,635,I personally thought the movie Full Metal Jacket was way overdone.
272,6742,6,18,129,153,1.196078431372549,0.039408709686542885,635,"In 30 years, I might be a candidate for the Supreme Court."
591,6742,7,16,130,153,1.196078431372549,0.040485129506569725,635,Tell me more about your six-pack of wine with pop-top cans idea!
2869,6746,5,19,124,148,1.195945945945946,0.039133358230548296,635,Do you call it a spear or a stick?
2927,6746,4,21,123,148,1.195945945945946,0.037940625496203764,635,Glad we could reschedule. I’m usually not available on knights.
5305,6746,6,17,125,148,1.195945945945946,0.04029079782974838,635,"Blind dates are tough, but I'm a Prince of a guy"
2003,6749,5,27,157,189,1.1957671957671958,0.03344990329619781,635,"I don’t usually date Libras, but you seem different than other women."
1221,6750,4,28,152,184,1.1956521739130435,0.033129210661402564,635,Just to let you know I’m ordering the frog legs
2165,6750,6,24,154,184,1.1956521739130435,0.034876032766539555,635,"But if I sat closer and spilled it, you'd rust!"
4388,6750,7,22,155,184,1.1956521739130435,0.03571742141834032,635,"Computer dating has been pretty rough, but I think of myself as open to a new relationship."
4459,6750,3,21,114,138,1.1956521739130435,0.038289205052407654,635,Your profile pic was pretty spot-on
3246,6754,6,23,150,179,1.1955307262569832,0.035501033969089484,635,My stylist is really into vintage looks.
6303,6754,5,25,149,179,1.1955307262569832,0.034605674595889174,635,Another swipe ‘wrong’ on Ye Olde Tinder.
6034,6756,3,28,143,174,1.1954022988505748,0.033288283543069425,635,I know this is an open-carry state but aren't you going a bit overboard?
6227,6756,5,24,145,174,1.1954022988505748,0.035227707239534396,635,Your Tinder photo was far more interesting
6097,6756,4,26,144,174,1.1954022988505748,0.03427171704626229,635,Don’t tell me you used up all the tinfoil.
6631,6756,2,30,142,174,1.1954022988505748,0.03227489819021135,635,This is the first time that I have used the Knights and Ladies dating app.
1739,6756,7,20,147,174,1.1954022988505748,0.03706579141829972,635,"No, Mr. Judge, I have been abroad for several months. You were in the news you say?"
1102,6756,5,24,145,174,1.1954022988505748,0.035227707239534396,635,Your armor's dull. So much for truth in dating bios.
176,6756,4,26,144,174,1.1954022988505748,0.03427171704626229,635,"when you can't find someone young enough to date you, you have to date a museum exhibit."
1134,6756,5,24,145,174,1.1954022988505748,0.035227707239534396,635,Looking for my knight and shining armor.
2880,6764,4,25,140,169,1.1952662721893492,0.0348871167073119,635,Sorry. Alexa still mumbles sometimes. I'd been expecting a Mighty Sighing Martyr.
3366,6764,2,29,138,169,1.1952662721893492,0.03280588599444053,635,I’m glad you finally have off the knight shift.
4797,6764,3,27,139,169,1.1952662721893492,0.033862494503726616,635,Where did you get this idea about a very scary time for young knights in shining armor.
4845,6764,4,25,140,169,1.1952662721893492,0.0348871167073119,635,I wonder whether his kisses would have a metallic taste
6460,6768,5,22,137,164,1.1951219512195121,0.03657289427809463,635,""" Interesting... on Tin Der we slash right""."
3316,6768,7,18,139,164,1.1951219512195121,0.03856436170937048,635,Aren't you a little overdressed for a simple dinner out?
7103,6768,6,20,138,164,1.1951219512195121,0.0375818213364377,635,I don't think so -- your armor isn't very shiny.
523,6768,4,24,136,164,1.1951219512195121,0.03553533307553837,635,"Nancy, this is what I wear because my heart has been injured in the past and so I play it safe."
1057,6772,5,20,129,154,1.1948051948051948,0.03807381854944091,635,"Good night, sir!"
4416,6772,9,12,133,154,1.1948051948051948,0.04229829086653748,635,OK!  You've covered all the bases!!!  NOW... we can have sex!
7190,6772,4,22,128,154,1.1948051948051948,0.03694229582892943,635,Can you see my straw?
7206,6772,6,18,130,154,1.1948051948051948,0.03917267027864408,635,I'm quite open to being vulnerable; would you believe my ex felt that I was too emotionally guarded.
3638,6776,4,20,120,144,1.1944444444444444,0.03852084696008535,635,"Sure you enjoy noble wines; but seriously?"""
1634,6777,4,26,145,175,1.1942857142857144,0.03409360519339769,635,"Really Harold.....the old Knight in
shiny armor will get you nowhere."
1854,6777,2,30,143,175,1.1942857142857144,0.03210936039692623,635,My last date complained that my outfit showed too much skin.
2822,6777,4,26,145,175,1.1942857142857144,0.03409360519339769,635,I sneeze too damn much
5428,6777,5,24,146,175,1.1942857142857144,0.035043620818560745,635,"Enough with the ""knight in shining armor"" bit"
4968,6781,5,23,142,170,1.1941176470588235,0.035689283324363795,635,"Indeed, Sir Varietal, it's a Riesling, but its Rust-Oleum nose is off-putting."
5526,6781,3,27,140,170,1.1941176470588235,0.033682304785423396,635,"Dear lady, I simply cannot join you in a toast until I find my chink."
2592,6781,3,27,140,170,1.1941176470588235,0.033682304785423396,635,A blind date who is a man of steel?
2669,6781,3,27,140,170,1.1941176470588235,0.033682304785423396,635,You don’t anything like your profile pic .
1434,6781,4,25,141,170,1.1941176470588235,0.03470030691409564,635,Do you savour the essence or use a straw/ to sip/
5115,6781,6,21,143,170,1.1941176470588235,0.03665158371040724,635,"yes, I"
4,6781,4,25,141,170,1.1941176470588235,0.03470030691409564,635,Are you sure you look like the picture posted on your dating profile?
192,6781,2,29,139,170,1.1941176470588235,0.03263256060109103,635,On Match.com you mentioned that you were more of a Braveheart kind of guy.
1135,6789,4,24,137,165,1.1939393939393939,0.035339102393001816,635,Is this what we have to wear to rule the world
1960,6789,1,30,134,165,1.1939393939393939,0.032048754545549715,635,I’ve thought it over and your armor isn’t so shiny.
5691,6789,2,28,135,165,1.1939393939393939,0.0331818097446219,635,You reocgnize me??!!
2670,6792,5,28,163,196,1.1938775510204083,0.03260560392246602,635,That's some good wine.
7666,6793,7,17,136,160,1.19375,0.03915064739980553,635,"No, I do not want to be your squire."
6048,6794,3,24,128,155,1.1935483870967742,0.03556565963466911,635,I'm beginning to understand how you were able to 'evolve beyond the need for defense mechanisms in relationships'
43,6794,2,26,127,155,1.1935483870967742,0.03436755686236305,635,I've reached the point where I am ready for my own Inquisition.
242,6794,4,22,129,155,1.1935483870967742,0.036724696401883375,635,You too?
3436,6794,3,24,128,155,1.1935483870967742,0.03556565963466911,635,Let’s share some wings.
5766,6798,5,25,151,181,1.1933701657458564,0.034256123826405666,635,"The sommelier nailed it: this wine is noble, rich, piercing, and nutty. Just like you!"
2787,6798,5,25,151,181,1.1933701657458564,0.034256123826405666,635,"Joust between you and me, this wine is weak."
6067,6798,5,25,151,181,1.1933701657458564,0.034256123826405666,635,I think it's time for me to switch from knight-time dating to daytime dating.
5349,6801,5,19,126,150,1.1933333333333334,0.038653704531062046,635,"No, Harold, I would not describe it as mold-forward with ferric notes."
1024,6802,3,28,145,176,1.1931818181818181,0.03294614760889085,635,"I have just one thing to say ""Good night"""
3003,6802,5,24,147,176,1.1931818181818181,0.03486142240553237,635,"'Its loud in here!.....
How's the wine?'"
5759,6802,2,30,144,176,1.1931818181818181,0.031945478198514406,635,"Pardon the comment, my Knight, but your armor could use some shining."
5376,6805,3,22,120,145,1.193103448275862,0.0370054253609316,635,They always serve Friday knights at the round table.
5902,6806,4,31,167,202,1.193069306930693,0.031178949880678524,635,I take a hands off first date
3467,6807,6,21,144,171,1.1929824561403508,0.03645429583003898,635,"I know it's not funny, but it was leftover from another contest cartoon."
3746,6807,4,25,142,171,1.1929824561403508,0.034515457193193766,635,I don’t appreciate you judging me for asking for a straw.
6596,6807,3,27,141,171,1.1929824561403508,0.03350398984674494,635,"I assume you do not eat, drink, or spit without a straw?"
1381,6810,4,19,117,140,1.1928571428571428,0.03912773055256461,635,"Well, I suppose you’re chivalrous."
6495,6810,3,21,116,140,1.1928571428571428,0.037791591330285236,635,"You'll be fine.The nose,not the mouth,is the single most stage in wine tasting."
6568,6812,6,20,140,166,1.1927710843373494,0.0371646255730282,635,Are you still looking  for a knight in shining armor?
6018,6812,1,30,135,166,1.1927710843373494,0.03187652182005531,635,You seem eager to joust over who’s to blame for our children’s failures.
6847,6812,7,18,141,166,1.1927710843373494,0.0381343512349583,635,I feel that preventing my dates from identifying me adds to my mystery and allure.  Now drink up.
246,6812,2,28,136,166,1.1927710843373494,0.03300199984049825,635,I'm in distress but let's lose the damsel if you want a second date
3116,6812,1,30,135,166,1.1927710843373494,0.03187652182005531,635,Did you really think I wouldn't mind not seeing your eyes!
3732,6817,6,25,161,192,1.1927083333333333,0.033789603995983034,635,I don't care how dense you think I am but I can see right through you!
6316,6818,5,21,135,161,1.1925465838509317,0.036876838779620856,635,"Janet loves me for me, why can't you see that?"
2453,6818,4,23,134,161,1.1925465838509317,0.0358086789315852,635,"No, Harry. I said you’ve got bole weevils on your grass."
7279,6818,4,23,134,161,1.1925465838509317,0.0358086789315852,635,Wow. This is quite the blind date. I should never trust technology these days.
7421,6818,3,25,133,161,1.1925465838509317,0.0347076610458348,635,"I'm sorry, could you repeat that?"
3736,6822,5,26,156,187,1.1925133689839573,0.03351519536415101,635,"So, the hair gave me away?"
4155,6822,2,32,153,187,1.1925133689839573,0.03083448234516643,635,What I really want is a knight with a low carbon footprint.
6171,6824,2,26,128,156,1.1923076923076923,0.034169073871162414,635,"When you wrote on your Match profile that you wanted to be ""your knight in shining armor"" , I didn't think that you were being literal."
186,6824,4,22,130,156,1.1923076923076923,0.03650960943492191,635,"I know I said steel on Tinder, but tin is kinda the same thing, you know?"
2312,6824,4,22,130,156,1.1923076923076923,0.03650960943492191,635,damn those literal gene's
5487,6824,5,20,131,156,1.1923076923076923,0.037625318165157504,635,My night in shining armor only orders wine by the glass.
7263,6824,2,21,107,130,1.1923076923076923,0.03798150044962351,635,It appears you were expecting a more demonstrative male.
3257,6829,3,28,146,177,1.192090395480226,0.032777658387544706,635,"This is 92 point, 2014 Sonoma Merlot Oil."
4772,6830,5,19,127,151,1.1920529801324504,0.03841820736036572,635,What is it you've heard about this neighborhood?
3396,6830,2,25,124,151,1.1920529801324504,0.03480025854117183,635,Scenes from a Medieval Italian Restaurant
3378,6832,2,20,103,125,1.192,0.03884792517397268,635,"Is this what the song meant by silent ""knight""!!"
2716,6833,6,21,145,172,1.191860465116279,0.03625909596726332,635,"I know it is a blind date,  but how about a wardrobe malfunction?"
5962,6834,3,22,121,146,1.1917808219178083,0.0367748816705752,635,"Or, you could just not go out with him."
5419,6835,5,22,140,167,1.1916167664670658,0.03597020359920489,635,"Steve, you will never be my knight in shining armor."
2316,6835,5,22,140,167,1.1916167664670658,0.03597020359920489,635,"I know no one is out to get me, but just in case i'm wrong, 
I suited up."""
436,6835,5,22,140,167,1.1916167664670658,0.03597020359920489,635,"I don’t care what round table your’re from, I am still not calling you “Sir.”"
1272,6835,3,26,138,167,1.1916167664670658,0.03390524757589614,635,"You""re a swashbuckler from a long line of swashbucklers"
1227,6839,10,16,162,188,1.1914893617021276,0.03737397109491366,635,Well Lance..I joust don't think this match will work.
3132,6839,2,32,154,188,1.1914893617021276,0.030687120554454717,635,I took this precaution because I'm having an affair!
3142,6841,3,25,134,162,1.191358024691358,0.0345132226092174,635,"Well, what'd you expect? Dinner at Medieval Times?"
4811,6841,3,25,134,162,1.191358024691358,0.0345132226092174,635,Woman on blind date learns he is literally a knight in shining armor.
7503,6841,5,21,136,162,1.191358024691358,0.03666776523155518,635,"""Join us for An Evening of Middle-aged Speed Dating"" -- my ex-wife used to read the invitations and tell me what to wear."
2557,6844,5,25,153,183,1.1912568306010929,0.033913469729308136,635,"Thank you, I find you very attractive too.  But please know I'm not a superficial man."
1354,6845,5,16,115,136,1.1911764705882353,0.04111027982159845,635,"Sooooo, when is the divorce settlement?"
1172,6846,3,24,130,157,1.1910828025477707,0.03515412271367389,635,Just make sure you tip the maitre’d this time....
4134,6847,3,28,147,178,1.1910112359550562,0.03261085473704866,635,What thinketh thou of the mead m' lady ?
5992,6847,2,30,146,178,1.1910112359550562,0.03162258488188587,635,“Looks like a good time to open a can of words.”
2662,6847,6,22,150,178,1.1910112359550562,0.035410560047637284,635,I still say it's easier to filter the wine as you pour it in the glass......
1986,6847,6,22,150,178,1.1910112359550562,0.035410560047637284,635,I guess I should have worded it differently on Craigslist for ' a romantic glass of wine with my knight in shinning armor!'
207,6847,4,26,148,178,1.1910112359550562,0.03357004347256198,635,"Currently I with a political organization that promotes unity, new ideas, and transparency."
408,6852,6,26,167,199,1.1909547738693467,0.032936467442542236,635,"I was initially against the intimacy coaching, but it's changed everything."
4534,6852,3,32,164,199,1.1909547738693467,0.03053742545480157,635,Dating you has become positively medieval.
415,6854,5,19,128,152,1.1907894736842106,0.03818552862914048,635,If you don’t start drinking I’m going to leave!
5008,6854,6,17,129,152,1.1907894736842106,0.039309960219104566,635,"I'm not ready to talk under armor yet, my knight."
6830,6854,3,23,126,152,1.1907894736842106,0.03583096210270602,635,Does happy hour include the blood of your enemies in HR?
4188,6857,4,25,144,173,1.1907514450867052,0.03415151822108803,635,"This ""knight in shining armor"" thing has really gone too far!"
395,6857,6,21,146,173,1.1907514450867052,0.03606595163109779,635,You said on Tinder that you were looking for a knight in shining armor.
1209,6857,3,27,143,173,1.1907514450867052,0.033152871092555755,635,I shall light thy day.
3785,6857,4,25,144,173,1.1907514450867052,0.03415151822108803,635,Sorry.  They seem to be all out of straws.
3929,6857,6,21,146,173,1.1907514450867052,0.03606595163109779,635,How do you like my new conservative dining attire?
5485,6862,4,29,161,194,1.190721649484536,0.0318337663548342,635,I'm trying to cut down on drinking.
1420,6863,2,24,121,147,1.1904761904761905,0.03524920048560024,635,"So, will we have another knight out together?"
2672,6863,2,32,155,189,1.1904761904761905,0.030541133102428678,635,You've always had to steel yourself for the cocktail hour.
5588,6863,3,26,139,168,1.1904761904761905,0.03372212062539924,635,I’m just not in a place to commit to a knight in shining armor.
7574,6863,1,30,137,168,1.1904761904761905,0.031537428884018955,635,What makes you think I can get you out of that mess?
2990,6863,1,30,137,168,1.1904761904761905,0.031537428884018955,635,"Honestly, my germs are minimal, so enjoy"
3454,6868,5,25,154,184,1.190217391304348,0.03374466656394568,635,"I know I told you to get serious about date night, but this is a bit much."
4142,6869,6,19,138,163,1.1901840490797546,0.03748528175832998,635,I’m not using straws anymore.
4449,6869,3,25,135,163,1.1901840490797546,0.03432091581506232,635,It's like I always say—chivalry is red!
3126,6871,4,26,149,179,1.1899441340782122,0.033399025875391106,635,I should've suspected something when your profile pic was a medieval tapestry.
3518,6871,2,30,147,179,1.1899441340782122,0.031463527013818604,635,‘I hate it when they look nothing like their picture...’
3588,6871,5,24,150,179,1.1899441340782122,0.03432587403203188,635,This armor oil is a particularly good vintage.
4256,6871,1,32,146,179,1.1899441340782122,0.030449677067440586,635,Well... how’s the life of knight?
6010,6871,4,26,149,179,1.1899441340782122,0.033399025875391106,635,"It's not a great wine""It's not a great wine, but I think you will be amused by its pretensions."
2894,6876,4,22,132,158,1.1898734177215189,0.03608680390786284,635,I’m really trying to move on from rescue dynamic relationships.
2831,6877,4,25,145,174,1.1896551724137931,0.033972370572857284,635,Knights of the Roundtable For Two
7467,6877,3,27,144,174,1.1896551724137931,0.03298001204190595,635,You really think the silent treatment is going to work on me?
2717,6879,2,25,126,153,1.1895424836601307,0.03438940333630873,635,And you never considered any other career path . . . huh.
1045,6880,5,18,125,148,1.1891891891891893,0.03877058000358319,635,That's not what I meant when I asked Match.com for a knight in shining armor.
716,6880,3,22,123,148,1.1891891891891893,0.036322177069935874,635,I didn’t think you’d be so literal ...  I’m used to colorful euphemisms in online descriptions.
852,6882,7,17,140,164,1.1890243902439024,0.03826449954102244,635,"I'm okay during the day, but it's those lonely knights..."
5444,6882,5,21,138,164,1.1890243902439024,0.03625656529444611,635,i told you if you wore that you would have trouble eating dinner
5715,6882,5,21,138,164,1.1890243902439024,0.03625656529444611,635,"How can you be someone's ""knight in shining armor"" if you only go dutch?"
5932,6882,3,25,136,164,1.1890243902439024,0.03413070653789578,635,Sure it's in the back. You wanted a round table.
2224,6886,8,8,111,127,1.188976377952756,0.047077153702945664,635,"When I said that we should go someplace quiet to talk, I just had in mind planning our vacation. Why did you show up all defensive?"
1456,6887,4,26,150,180,1.1888888888888889,0.03322971687706521,635,This is not what I expected at Medievil Times!
3006,6887,3,28,149,180,1.1888888888888889,0.03228220620247514,635,"These first dates you get on the internet can be intimadating, don't you think?"
5222,6887,4,26,150,180,1.1888888888888889,0.03322971687706521,635,Good Knight honey!
6526,6887,4,26,150,180,1.1888888888888889,0.03322971687706521,635,"Sorry, Arthur.  The web site clearly stated: ""just for lunch"".









"""
5912,6891,5,20,134,159,1.1886792452830188,0.036971804981176866,635,No worries! Since straws were banned I find it easier not to drink too much.
3140,6891,3,24,132,159,1.1886792452830188,0.03475185422054712,635,"Well, no woman believes a men who describes himself as a ""true cavalier"""
3733,6891,5,20,134,159,1.1886792452830188,0.036971804981176866,635,Don't give me your  phony chivalry is dead routine. You suckered me into paying for the drinks since you don't have US dollars
806,6891,1,28,130,159,1.1886792452830188,0.0323800614571088,635,I told the Matchmaker Service that I'd like to meet a middle-age man to be my knight i shining armor but I never thought..
2936,6895,1,31,143,175,1.1885714285714286,0.030741863359206978,635,"So, do you have any siblings?"
5713,6895,4,25,146,175,1.1885714285714286,0.03379506617498362,635,Are you jousting about your knowledge of fine aged wines?
6886,6897,4,28,159,191,1.1884816753926701,0.03202311255687621,635,Foot wrestling.
1984,6898,2,22,114,138,1.1884057971014492,0.036437583866152166,635,"And a round table too.
Can I leave now?"
3417,6899,1,27,126,154,1.1883116883116882,0.03292270700040717,635,"""What gives with the  getup, you said it was a safe place?"
7783,6899,3,23,128,154,1.1883116883116882,0.035407195764164776,635,Wouldn't it be easier to have him tailed by a private-eye?
4621,6901,6,20,144,170,1.188235294117647,0.036357121134118854,635,Do you think they offer reusable straws?
1151,6901,4,24,142,170,1.188235294117647,0.03438914027149321,635,I'd like to propose a toast - don't forget to lift your mask.
1353,6901,2,28,140,170,1.188235294117647,0.03230148108158325,635,Creative anachronism just my luck. And by the way straws have been banned.
3510,6901,4,24,142,170,1.188235294117647,0.03438914027149321,635,"You look distressed, actually, that’s my fantasy, but not in that sort of way."
2618,6905,4,27,155,186,1.1881720430107527,0.03253057421981244,635,"The ""Blind Date"" site wasn't specific."
133,6905,5,25,156,186,1.1881720430107527,0.03341198733745908,635,Cheesy atmosphere and cheap wine make knights like this awful.
7720,6907,2,27,136,165,1.187878787878788,0.03283576771419463,635,"One minute you’re their entryway novelty, the next you’re ordering off their menu!"
6797,6907,2,27,136,165,1.187878787878788,0.03283576771419463,635,Knight of  amour on the night of armour
7450,6907,5,21,139,165,1.187878787878788,0.03605436355564635,635,"I said ""Wouldn't it be fun to go out tonight"""
3853,6907,7,17,141,165,1.187878787878788,0.038049136539710086,635,I just couldn't stand the sense of vulnerability any more. Be grateful I didn't get a Glock Agatha.
256,6911,5,24,152,181,1.1878453038674033,0.033977775781211965,635,"I know women say they want a knight in shining armor, but this is ridiculous!"" 
 Nina Cameron, Belleville, Ontario, Canad"
1524,6911,6,22,153,181,1.1878453038674033,0.03486942215241526,635,"Ok, ok, your just another dating site jerk, aren’t you?
You seem older than your profile pic."
6985,6913,3,27,146,176,1.1875,0.032639560491693344,635,"so you are my knight in shining armor, but do you love me?"
6906,6913,4,19,121,144,1.1875,0.03812927087673324,635,Those left wing lunatics are not going to throw me out of this restaurant!
6154,6913,5,23,148,176,1.1875,0.03457182435106714,635,I'm more of a red knight myself.
5468,6913,3,30,159,192,1.1875,0.031003609821914753,635,The Renaissance Faire was last week!
3762,6913,4,22,134,160,1.1875,0.035673550443681125,635,...and that's why I'm wearing a suit of armor.
6388,6913,3,27,146,176,1.1875,0.032639560491693344,635,Well at least you left your lance in the umbrella stand.
2282,6913,2,26,132,160,1.1875,0.03339714803475509,635,So... this is what life is like in virtual reality.
1182,6913,4,22,134,160,1.1875,0.035673550443681125,635,Wine on a Tuesday? This will be an eventful knight.
1098,6913,1,28,131,160,1.1875,0.032198651286258685,635,"Are you happy now? You finally got your Don Quixote fantasy!"""
3066,6913,2,29,145,176,1.1875,0.031629192910282176,635,The round table and the gladiator suit were cool but trying to sip the wine in the visor is a challenger.
485,6913,7,13,124,144,1.1875,0.04177578950739996,635,I had a bet with my friend that I would stay in a knight's costume for five years. I don't give up on a challenge.
6996,6924,5,22,144,171,1.1871345029239766,0.035196483188549614,635,Lovely bouquet but the finish is a bit too flinty.
6769,6925,4,21,130,155,1.1870967741935483,0.036369717182832766,635,It's difficult to remain undercover with you under surveillance.
1197,6926,4,29,165,198,1.1868686868686869,0.031247564058618425,635,"So, when did you first think you were a victim of the Me-Too Movement?"
1034,6927,6,22,154,182,1.1868131868131868,0.03469265895725792,635,"Thanks, but I'm already vaccinated."
5832,6927,4,26,152,182,1.1868131868131868,0.032896125147719626,635,What's left if this is not enough?
4881,6929,4,23,139,166,1.1867469879518073,0.034821216236140776,635,"So, your profile insists chivalry within the patriarchy isn’t dead?"
227,6929,5,21,140,166,1.1867469879518073,0.03585437839778927,635,"Sweetheart, stop overthinking your iron intake - wine would have been enough."
775,6929,4,23,139,166,1.1867469879518073,0.034821216236140776,635,I know I am bad with the silverware.
1622,6929,2,27,137,166,1.1867469879518073,0.032656980875587785,635,I usually do coffee dates but Mother said take it up a notch and try a knight date...This is good right?
4497,6929,6,19,141,166,1.1867469879518073,0.03685859194841336,635,You looked a lot younger in your OKCUPID picture.
7031,6929,1,29,136,166,1.1867469879518073,0.03151918542381326,635,I think it's time to say good night
5595,6929,5,21,140,166,1.1867469879518073,0.03585437839778927,635,Your armor will not protect you from outrageous fortune.
2050,6936,5,18,127,150,1.1866666666666668,0.038293189757509415,635,"It's the latest thing in dine-and-dash, 100% waiter proof for those sticky situations"
6849,6936,6,16,128,150,1.1866666666666668,0.03944431315687471,635,But... I thought you’d wear your Burka Niqab...
3462,6938,4,28,161,193,1.1865284974093264,0.03172032687095283,635,Now I feel safe staying out late!
7668,6939,4,25,148,177,1.1864406779661016,0.03344587653605418,635,"Sure, it's a round table, but you never had a lot of a lance."
4817,6939,2,29,146,177,1.1864406779661016,0.03146782462277028,635,"Yes, I did mention that in my profile but..."
2637,6939,5,23,149,177,1.1864406779661016,0.034392266465773313,635,What? My armor isn't shiny enough?
1020,6942,4,22,135,161,1.186335403726708,0.03547040685896674,635,"Do you think you might take the ""my knight in shining armor"" metaphor a little too seriously?  Uh...cheers."
2118,6942,5,20,136,161,1.186335403726708,0.03654845433521683,635,"...If you let me finish, it's because CHIVALRY is how I honor you as a woman."
7669,6942,5,20,136,161,1.186335403726708,0.03654845433521683,635,"Well if I did say ‘costume contest’, I probably should apologize."
885,6945,5,22,145,172,1.186046511627907,0.0350081646302132,635,I’m guessing this is not King Arthur’s round table?
2695,6945,5,22,145,172,1.186046511627907,0.0350081646302132,635,I hope the chef doesn't find out that your horse is tethered out back.
5079,6945,3,26,143,172,1.186046511627907,0.03300867581057148,635,I wanted to dress for the occasion but my other suit was at the dry cleaner
5708,6945,4,24,144,172,1.186046511627907,0.03402311177378928,635,"So you’re going to me that chivalry isn’t dead, right?"
4962,6949,3,31,165,199,1.185929648241206,0.03027738495931417,635,"Yeah like Mike Pence’s rule, unless I’m locked in this."
3478,6950,6,17,133,156,1.185897435897436,0.03837528237973413,635,my knight in shining armor shows up and he is a bore!
6984,6950,0,29,127,156,1.185897435897436,0.03124714998350375,635,Date Night no “K” George.
3728,6950,4,21,131,156,1.185897435897436,0.03615572327926449,635,Will you follow me on Facebook as I ride into battle?
2528,6950,3,23,130,156,1.185897435897436,0.03499318990757995,635,Would three steps in a row kill you?
2180,6950,3,23,130,156,1.185897435897436,0.03499318990757995,635,Dating over 35.
1194,6950,4,21,131,156,1.185897435897436,0.03615572327926449,635,But we're different as Knight and Gaye.
7723,6956,6,22,155,183,1.185792349726776,0.03451765936011599,635,"Alcohol might be our worst enemy, but the bible says: love your enemy."
3642,6957,4,23,140,167,1.18562874251497,0.034630137310511254,635,"She wonders how to say nicely, the knight shining armour trend is over, but good effort."
7362,6957,5,21,141,167,1.18562874251497,0.03565657410685419,635,I care. I’ve always cared. That is why I thought this Napa cab with a hint of tobacco might loosen you up.
1070,6959,2,24,125,151,1.185430463576159,0.0344031077064515,635,I know for sure you are my Knight and shining armour
3668,6959,5,18,128,151,1.185430463576159,0.038058829226782026,635,Ready for Halloween ?
4888,6959,2,24,125,151,1.185430463576159,0.0344031077064515,635,The waiter has assured me this mead is finely aged.
6125,6962,5,23,150,178,1.1853932584269662,0.03421454191099277,635,I feel you.
1363,6962,0,33,145,178,1.1853932584269662,0.029210186884630153,635,"When you said you were a knight person in your profile, I took you seriously, not literally."
5193,6962,3,27,148,178,1.1853932584269662,0.032305958181757376,635,A glass of wine will not kill you!
4039,6965,4,22,136,162,1.1851851851851851,0.0352695343365013,635,I liked wine. I still like wine.
547,6965,7,16,139,162,1.1851851851851851,0.038392496149875714,635,It could provide a truly religious experience if it were served in that Holy Grail that you promised to bring back from your crusade.
5269,6967,4,24,145,173,1.1849710982658959,0.03384296547072641,635,I liked the roleplaying better when you were the it.
5023,6967,4,24,145,173,1.1849710982658959,0.03384296547072641,635,"""I think I may have gotten it wrong..."""
2860,6967,5,22,146,173,1.1849710982658959,0.03482182716312384,635,"First date, what's he come up with? Merlot in a wine bar. Such a cliche."
239,6970,1,32,151,184,1.184782608695652,0.029707826923695835,635,You should probably order the gazpacho.
1146,6970,4,26,154,184,1.184782608695652,0.03256907389312741,635,"This might be over the top,but I feel like my masculinity is under attack"
4016,6970,5,24,155,184,1.184782608695652,0.03346850916157708,635,"I know trash islands are bad, but sometimes you just need a straw!"
5048,6970,6,22,156,184,1.184782608695652,0.03434439745782628,635,Who knew you would be so dull.
6310,6970,5,24,155,184,1.184782608695652,0.03346850916157708,635,Think about the turtles before ordering that straw!
1481,6975,3,23,131,157,1.1847133757961783,0.03478974439102747,635,"Earlier, on a Sunday evening in the Village, Adele commiserated with Lance on his being middle-aged."
6200,6975,3,23,131,157,1.1847133757961783,0.03478974439102747,635,"Your reputation as a nasty, violent drunk precedes you."
7760,6975,4,21,132,157,1.1847133757961783,0.03594420164812587,635,"Honey, Halloween isn’t until the end of the month!"
3601,6978,5,14,111,130,1.1846153846153846,0.04199073553245282,635,You may have misunderstood my request for a night out.
2308,6979,3,25,140,168,1.1845238095238095,0.03339018635246278,635,Next time I’ll bring my own straw.
5301,6979,10,11,147,168,1.1845238095238095,0.040173455672373716,635,"MYSTERIOUS ENCOUNTER ( An eye for an eye, touth for touth ).
Milady: ""Who are you, mysterious knight in armor ?.
Knight: "" I am an old and honest politician. And you Milady ?.
Milady: ""I am an old prostitute. I am a virgin ""...."
4393,6979,3,25,140,168,1.1845238095238095,0.03339018635246278,635,"Alice, you're probably wondering why I asked you to meet me here."
3598,6979,2,27,139,168,1.1845238095238095,0.03230508543902152,635,You're cold as knight.
1480,6979,4,23,141,168,1.1845238095238095,0.03444111705624404,635,"I appreciate your sense of caution, but never on the first date."
650,6979,4,23,141,168,1.1845238095238095,0.03444111705624404,635,This isn't what I had in mind when you told me you'd show me a good night.
3519,6979,3,25,140,168,1.1845238095238095,0.03339018635246278,635,Don't you think you're coming on a but strong?
4655,6986,4,25,150,179,1.1843575418994414,0.03310373345949561,635,A metallic taste?d
7005,6986,4,25,150,179,1.1843575418994414,0.03310373345949561,635,"Blind date #28:

""Have you seen 'Kate and Leopold'?"
5280,6988,3,22,127,152,1.1842105263157894,0.03544893655367666,635,Cheers to my knight in shining armor.
5589,6988,3,29,158,190,1.1842105263157894,0.031019362077526157,635,I'm on a crusade.  No #Mer lot.
7012,6988,4,20,128,152,1.1842105263157894,0.03665740687128959,635,I’ve never dated a knight in shining armor.
4469,6991,3,24,136,163,1.1840490797546013,0.033973921729726284,635,"I thought this was ""Wine Night""."
7539,6991,4,22,137,163,1.1840490797546013,0.03507089562210378,635,"Are you sure you're my wife? 
My memory is a bit rusty.
    I think I'll wear a business suit for Halloween.
     You don't have to save every princess. 
    Lancelot is your name not your nightly right.
    How could you lose the can opener?
    You"
6618,6991,4,22,137,163,1.1840490797546013,0.03507089562210378,635,"Yes, dilly  dilly, whatever you say."
585,6994,3,26,145,174,1.1839080459770115,0.03266298706227227,635,I always order Armour hot dogs.
7351,6994,2,28,144,174,1.1839080459770115,0.031629574068818674,635,Are you on a diet?
1210,6994,4,24,146,174,1.1839080459770115,0.03366469206580455,635,"I don't date much, I usually work knights.  
Very punny."
3213,6997,2,25,131,158,1.1835443037974684,0.033402796331812465,635,"So, are you my knight in shining armor or just a kook who has a major identity problem?"
4693,6997,2,25,131,158,1.1835443037974684,0.033402796331812465,635,No!  You can't have a straw!
1925,6997,4,21,133,158,1.1835443037974684,0.03573511036713668,635,"I clearly said get one vent or none, not two!"
550,6997,3,23,132,158,1.1835443037974684,0.034588617461066465,635,Oh hell. I forgot to smuggle in straws.
2784,7001,3,25,141,169,1.183431952662722,0.03320997680568587,635,Jousting? Funny you should ask.
3983,7001,4,23,142,169,1.183431952662722,0.03425412292803422,635,Guess I can’t dispute your chivalrous claim on the websitez
4231,7001,4,23,142,169,1.183431952662722,0.03425412292803422,635,"Well, how do like the wine?” 

“It’s joust okay”"
5533,7001,1,29,139,169,1.183431952662722,0.0310164118357495,635,You may not be a Neanderthal but I'd say medieval is definitely in play.
6835,7001,2,27,140,169,1.183431952662722,0.03213191841922153,635,Its just an era-pic.
2214,7006,4,25,151,180,1.1833333333333333,0.032935239203291444,635,You're my delusional knight in shining armor.
7234,7006,5,23,152,180,1.1833333333333333,0.03386448327981418,635,THE HEAD GEAR CURBES MY APPETITE.
3494,7008,4,18,120,142,1.1830985915492958,0.03821472790710408,635,Thank you for sharing your vintage wine.
2780,7009,4,20,129,153,1.1830065359477124,0.036436925083256924,635,"I say it's a medieval soup strainer, why do you ask?"
6738,7010,3,24,137,164,1.1829268292682926,0.03378477261230318,635,I’ll ask our server to bring you a straw.
7479,7010,4,22,138,164,1.1829268292682926,0.03487445425454379,635,You have a great chance to win     best costume at halloween or the  booby hatch !
4445,7010,3,24,137,164,1.1829268292682926,0.03378477261230318,635,"It’s got a wobbly leg but I must say, I quite like the shape."
3500,7010,6,18,140,164,1.1829268292682926,0.03695755616550883,635,Really?  I took a Beano.
705,7010,3,24,137,164,1.1829268292682926,0.03378477261230318,635,And how did he die..?
202,7015,1,30,144,175,1.1828571428571428,0.03040426652530184,635,This is not what I meant by 'girl's night out'.
3210,7015,6,20,149,175,1.1828571428571428,0.03539529132385463,635,"Dinner is on me, but don’t expect me to be your knight in shining armor."
3572,7015,2,28,145,175,1.1828571428571428,0.03146586830096033,635,"Regrets, forgot you were coming right from work... let's get you straw."
3121,7018,3,28,155,186,1.1827956989247312,0.03133424824291365,635,It's just my mother...
486,7019,6,17,136,159,1.1823899371069182,0.03770266300757025,635,But I asked for a night of pining amour.
2248,7019,2,25,132,159,1.1823899371069182,0.033212118485010475,635,I can’t take you sharp barbs anymore.
6419,7019,3,23,133,159,1.1823899371069182,0.03438977042904448,635,Always a red with spaghetti.
6792,7019,2,25,132,159,1.1823899371069182,0.033212118485010475,635,There's nothing that makes me prouder than being your sommelier in shining armor.
7569,7019,3,23,133,159,1.1823899371069182,0.03438977042904448,635,I’m just the aroma guy. Our taster has chain-mail.
255,7024,2,27,141,170,1.1823529411764706,0.031960567215222266,635,"So, your armor's not very shiny."
948,7024,3,25,142,170,1.1823529411764706,0.0330316742081448,635,Don’t think they had straws back in King Arthur’s time.
4296,7024,3,25,142,170,1.1823529411764706,0.0330316742081448,635,"oh,so your burka is sat the cleaners?"
6298,7027,1,31,149,181,1.1823204419889504,0.02982629546211513,635,"""Mr. Knight in the literal sense, dating you is impossible,"""
5997,7027,2,29,150,181,1.1823204419889504,0.030838210959756134,635,"Well anyway it was knice to meet you, but I don’t think this is going to work out."
3835,7027,6,21,154,181,1.1823204419889504,0.03459110683425089,635,Either you promise to not stab me or I’ll need to ask for a straw.
822,7030,4,20,130,154,1.1818181818181819,0.03621904876770889,635,Knights dining on white satin doesn't have the same ring to it as Nights on White Satin  does.
1101,7030,4,20,130,154,1.1818181818181819,0.03621904876770889,635,Why weren’t you at that party in 1982?
3464,7030,3,24,138,165,1.1818181818181819,0.033597688558538015,635,"I know my dating profile said I was older, but there’s the white horse thing, too."
5923,7030,2,26,137,165,1.1818181818181819,0.032479144792760865,635,Are you sure you should be drinking on the job? These feet won't sweep themselves.
6904,7030,2,26,137,165,1.1818181818181819,0.032479144792760865,635,What if a toast is better than sex?
5067,7035,5,21,145,171,1.1812865497076024,0.034886477134579215,635,How do I know I can trust you?
4405,7035,4,23,144,171,1.1812865497076024,0.03388608618971974,635,You should have ordered a straw for your wine!
4068,7035,3,25,143,171,1.1812865497076024,0.032855249012185436,635,"Stop judging. We got service, didn't we?"
4945,7035,5,21,145,171,1.1812865497076024,0.034886477134579215,635,I didn’t think my knight in shining armor would be so distant.
2492,7035,5,21,145,171,1.1812865497076024,0.034886477134579215,635,Somehow I think you’ve defeated the concept of speed dating.
3408,7035,0,31,140,171,1.1812865497076024,0.029547741687640065,635,I wanted to do the honorable thing.
563,7041,2,25,133,160,1.18125,0.03302357053214906,635,"'Methinks Quaffing is not your Strong Suit"""
2992,7041,0,29,131,160,1.18125,0.030550343799854503,635,You went a little over the top with the honorary title
3353,7043,3,21,125,149,1.1812080536912752,0.03570147920174733,635,"I was having a bad day, looks like the knight is no better"
772,7044,2,28,147,177,1.1807909604519775,0.03114340539483568,635,I’m quite the tin man as you know but I’m afraid tonight I shall need a straw.
4254,7044,3,26,148,177,1.1807909604519775,0.03215762794384648,635,I begin to see windmills
6539,7044,5,22,150,177,1.1807909604519775,0.03409568456198538,635,Did it hurt when you fell from heaven?
5044,7047,3,24,139,166,1.180722891566265,0.033412636544717184,635,Because your profile said you wanted a knight in shining armor... why did you swipe right?
7689,7047,3,24,139,166,1.180722891566265,0.033412636544717184,635,"Fearful of victimhood, Lance prepared for anyone who might put a 'shiv' in 'chivalry.'"
2882,7047,4,22,140,166,1.180722891566265,0.03448802155817515,635,"Look, being gay isn't the Big Thing it used to be
."
6062,7047,2,26,138,166,1.180722891566265,0.0323014694826967,635,"Sorry, but your armor isn't shiny."
2014,7051,5,18,132,155,1.1806451612903226,0.03714910427202945,635,I was hoping for a little more shine.
6832,7051,2,24,129,155,1.1806451612903226,0.03359604748374419,635,When you ask for a knight and relized you spelt the wrong work on your online profile.
3270,7051,4,20,131,155,1.1806451612903226,0.03600373269055227,635,You get so defensive when I mention that high school party!
6643,7054,6,14,124,144,1.1805555555555556,0.04021694492461263,635,"According to my friends and family, my baggage is at least as effective."
2037,7054,4,18,122,144,1.1805555555555556,0.03772469303810345,635,So you think the only thing that shines now is my armour?
5575,7054,3,20,121,144,1.1805555555555556,0.036414658692538,635,"Yes, you are a knight in armor, but its not shining!"
4941,7057,3,29,162,194,1.1804123711340206,0.030436511899665574,635,"Let's see.  Vegan, non-GMO, Glutin-free, wanna to hear more?"
5450,7058,5,23,155,183,1.180327868852459,0.03335247468541924,635,Let's  get our DNA tested.
3613,7058,1,31,151,183,1.180327868852459,0.029532873313192782,635,"If they overcharge us, I'll joust them for the bill."
708,7058,3,27,153,183,1.180327868852459,0.03150062042067287,635,You would not believe the negativity I have endured from others in waiting to meet you.
142,7061,5,21,146,172,1.180232558139535,0.034699067012225526,635,"With global warming, your armor will feel like the fire breathing dragon."
34,7062,4,21,136,161,1.1801242236024845,0.03512201309968182,635,Ditch the ‘knight in shining armor’ approach.
3861,7062,3,23,135,161,1.1801242236024845,0.03399876545731369,635,this is not a medieval restaurant FYI
3970,7062,5,19,137,161,1.1801242236024845,0.036210434348775994,635,"Looks like you could use a straw.  Order one 8 inch rigatoni, raw."
4807,7062,5,19,137,161,1.1801242236024845,0.036210434348775994,635,Actually I’m more of an early bird...
4886,7062,2,25,134,161,1.1801242236024845,0.03283711773387901,635,Hiding” screams Medieval concept
4904,7062,2,25,134,161,1.1801242236024845,0.03283711773387901,635,"I thought you meant ""girls' night out."""
5614,7062,4,21,136,161,1.1801242236024845,0.03512201309968182,635,"I meant for you to take me seriously, not literally, that you are my knight in shiny armor!"
5062,7069,3,21,126,150,1.18,0.03548324115247314,635,"This is a lovely night out, but I could have sworn you said ""knight joust""."
6887,7070,4,24,150,178,1.1797752808988764,0.0329697643973121,635,Entree? I thought you said En Garde.
6480,7070,3,26,149,178,1.1797752808988764,0.03199258339592875,635,I miss the medieval grace of iron clothing.
6837,7070,6,20,152,178,1.1797752808988764,0.03484200494449039,635,The last guy showed up cover in aluminum foil. Do you need a straw?
6361,7070,2,28,148,178,1.1797752808988764,0.030984599727552457,635,So this is what the trade war has degenerated into?
3981,7074,2,26,139,167,1.1796407185628743,0.03212569689886557,635,"No, you are confusing me with someone else. I am the Original Knight Stalker, not to be confused with the Original Night Stalker."
5439,7074,3,24,140,167,1.1796407185628743,0.03322958423047904,635,"If you’re my knight in shining armor, prove it!"
1086,7076,4,20,132,156,1.1794871794871795,0.03579093263879318,635,"Ever heard of #metoo?  No, Gawain, I will not call you ""Sir""."
3330,7076,4,20,132,156,1.1794871794871795,0.03579093263879318,635,Joust how Medieval are you? You ask the waiter for a straw.
4795,7078,4,25,155,184,1.1793478260869565,0.03227786162383864,635,You have no idea how tight this suit felt before I let my ponytail roam free!
1905,7079,5,16,124,145,1.1793103448275861,0.03874091849736257,635,What would you like Sir Loin?  Some steak?
2846,7079,5,16,124,145,1.1793103448275861,0.03874091849736257,635,Would you like some pretzels?
60,7081,5,21,147,173,1.1791907514450868,0.03451363854533352,635,I hope they don’t charge by the plate.
1027,7081,0,31,142,173,1.1791907514450868,0.029242513059063294,635,"Yeah, I guess I'm not cys-generational."
3971,7081,4,23,146,173,1.1791907514450868,0.03352577978977138,635,Welcome to your knight sitting at this round table.
4838,7081,4,23,146,173,1.1791907514450868,0.03352577978977138,635,"Boy, this dinner was like trying to eat spaghetti through a picket fence!  I hope to God they have a flexi-straw for my wine!"
7199,7085,1,27,134,162,1.1790123456790123,0.03145662544495511,635,"As my attorney, can you assure me that they won't be able to pierce the veil?"
5561,7086,3,28,159,190,1.1789473684210525,0.030732172543296892,635,"I wouldn't call it an 'issue,' but Merlot is not my favorite."
4933,7086,7,20,163,190,1.1789473684210525,0.03416497620924919,635,"Let's see, so your profile said you were concerned about STDs?"
3660,7086,7,20,163,190,1.1789473684210525,0.03416497620924919,635,Nice try but you’re not the knight in shinning armour that I’m looking for.
931,7089,2,23,126,151,1.1788079470198676,0.033992717977783936,635,I need your help shining my armor.
50,7090,1,30,148,179,1.1787709497206704,0.02979188880017379,635,"Arthurian Romance"""
1050,7090,2,28,149,179,1.1787709497206704,0.030827379663536054,635,"So you bought your college party clothes, Anne."
1716,7090,1,30,148,179,1.1787709497206704,0.02979188880017379,635,It’s a nice knight out. Get it?
2284,7090,3,26,150,179,1.1787709497206704,0.03182920098836401,635,"George, you can let down your guard. After three hundred and sixty payments, I deposited the final alimony check this morning. You have earned back my trust and I want to see your face. It’s been 30 years!"
2463,7090,2,28,149,179,1.1787709497206704,0.030827379663536054,635,"I've always prided myself on my boundaries, and they always need defending..."
7117,7090,4,24,151,179,1.1787709497206704,0.0328004380183489,635,"So, you're really into cos-playing Barbara Walters."
3447,7096,4,27,165,196,1.1785714285714286,0.031008683647302113,635,"Stay in, you said. A night at home, you said..."
1192,7097,2,29,154,185,1.1783783783783783,0.030232896182144482,635,"I know you wish to be called sir but, this is ridiculous. You are no night in shining armour."
4955,7098,5,18,134,157,1.178343949044586,0.036710200182427793,635,"You're eyes are as fiery as the flames of a three-horned dragon. Also, I  have no pocket for my wallet - can you buy dinner?"
1769,7098,5,18,134,157,1.178343949044586,0.036710200182427793,635,"Umm, no, my ad did not say Upper West World."
645,7098,4,20,133,157,1.178343949044586,0.035580605392626675,635,"Actually, I've never been hurt before."
5225,7101,5,21,148,174,1.1781609195402298,0.0343301608792044,635,I heard the salmon here is good .
5540,7101,3,25,146,174,1.1781609195402298,0.03233695115315448,635,"First, is is knight"" or ""dame""?"
5736,7101,3,25,146,174,1.1781609195402298,0.03233695115315448,635,I was just waiting for my knight in shining armor.
3777,7104,3,20,123,146,1.178082191780822,0.035956373485418296,635,Would you like oil with your olive?
858,7105,2,25,136,163,1.177914110429448,0.03247036227352298,635,Here we are again.
3696,7105,1,27,135,163,1.177914110429448,0.03128232830425021,635,"My armour is my chastity, dear."
5831,7105,3,23,137,163,1.177914110429448,0.03361643628067608,635,"Frankly, I. prefer the Japanese. I'm more stimulated."
7209,7105,6,17,140,163,1.177914110429448,0.03684136091853213,635,"And they say chivalry is dead, this isn't what I expected when I called you for a 'date night' but I'm having a lovely time."
3870,7109,3,26,151,180,1.1777777777777778,0.03166745618495889,635,"Luv ya' pony tail, but your hairband is a bit much . . ."
3237,7110,5,20,144,169,1.1775147928994083,0.03494680386251235,635,It's an aged vintage
4658,7110,1,28,140,169,1.1775147928994083,0.030651420646785114,635,"Just came back from 1018, and Equal Pay was not an issue."
2591,7110,2,26,141,169,1.1775147928994083,0.031779741436972875,635,"... I'm feeling like the barrier between us has become set in steel..."""
3313,7110,3,24,142,169,1.1775147928994083,0.0328693526546468,635,The knight - the lights went out in Georgia
2290,7110,5,20,144,169,1.1775147928994083,0.03494680386251235,635,I always wear this when I drink wines from the Round Table Vineyards.
4000,7110,4,22,143,169,1.1775147928994083,0.03392398446630676,635,Chivalry's cancelled.
2186,7110,5,20,144,169,1.1775147928994083,0.03494680386251235,635,"May I lift my visor and glass in a toast to you, Guinevere?"
619,7110,5,20,144,169,1.1775147928994083,0.03494680386251235,635,I think you can do a better job of protecting your heart.
2255,7110,4,22,143,169,1.1775147928994083,0.03392398446630676,635,I'm having the Merlot Rust-X blend
1526,7110,5,20,144,169,1.1775147928994083,0.03494680386251235,635,That Taylor Swift post was the most eloquent thing I’ve read in ages.
28,7120,3,27,156,186,1.1774193548387097,0.031036142129603414,635,I am your knight in shining armor.
6807,7120,3,27,156,186,1.1774193548387097,0.031036142129603414,635,I’d prefer ghosting.
1626,7122,1,23,117,141,1.177304964539007,0.03381169612215245,635,I wish they hadn't banned the burka.....
1096,7123,2,24,132,158,1.1772151898734178,0.03301480289953606,635,"Just because you're the boss at the New Yorker David, I still don't have to sleep with you  #me too"
2938,7123,3,22,133,158,1.1772151898734178,0.03421407408623916,635,"So, have you enjoyed your knight?"
3202,7123,3,22,133,158,1.1772151898734178,0.03421407408623916,635,"Let me guess, you love their grilled ham."
4338,7123,2,24,132,158,1.1772151898734178,0.03301480289953606,635,Want do you mean you have got to fly to Agincourt tonight... I thought we were going dancing.
601,7127,3,25,147,175,1.177142857142857,0.032167751717019286,635,"I don’t like my dates using straws, why do you ask?"
1302,7128,4,26,162,192,1.1770833333333333,0.031322632288563884,635,I'm trying to cut back on my wine intake.
3808,7128,4,26,162,192,1.1770833333333333,0.031322632288563884,635,"When you said you were chivalrous, I didn't know this was what you meant."
496,7130,6,14,127,147,1.1768707482993197,0.03944999780861696,635,"No, I get it... you convinced yourself you were waiting for your 'knight in shining armor'..."
3156,7130,3,20,124,147,1.1768707482993197,0.03573147697413617,635,"Henry, I don't mean to be rude, but how many times did you say you'd been married?"
182,7132,1,27,136,164,1.1768292682926829,0.031109917945808693,635,"When you want to eat dinner at night, but they misunderstood."
2356,7133,6,20,155,181,1.1767955801104972,0.03430559117900028,635,"My knight in shining armor.
You're not."
4583,7133,4,24,153,181,1.1767955801104972,0.032466888944440525,635,Would you prefer a straw?  Paper or plastic?
4745,7133,3,26,152,181,1.1767955801104972,0.03150732491858998,635,The salesman said my wife would love this suit.
7139,7133,4,24,153,181,1.1767955801104972,0.032466888944440525,635,Is this the LARP Mixer?
1613,7137,4,22,144,170,1.1764705882352942,0.033740003406890956,635,I’m making a rude hand gesture under the table.
3187,7137,1,28,141,170,1.1764705882352942,0.03048847154375207,635,I was a handsome vampire last year.
4305,7137,6,18,146,170,1.1764705882352942,0.03574374236765883,635,"This is much better, thanks, but I can still smell your breath through the holes in your mask."
4339,7137,5,20,145,170,1.1764705882352942,0.03475631560121543,635,"The you said errant knight seeking LTR,you weren't kidding."
4462,7137,5,20,145,170,1.1764705882352942,0.03475631560121543,635,"Why, when we discuss certain subjects, do you seem so distant?"
6840,7137,2,26,142,170,1.1764705882352942,0.031609500808276896,635,"No dear, surprise me -- you choose the nightclub and I will meet you there!"
7111,7137,1,25,127,153,1.1764705882352942,0.03228171789394645,635,Honey just because it’s halloween doesn’t mean you can wear your armor to dinner
7208,7144,2,30,161,193,1.1761658031088082,0.02939111273739134,635,If her asks for a straw I'm leaving
1656,7145,5,21,150,176,1.1761363636363635,0.03396893764767235,635,I appreciate the Knight in Shining Armour pitch but on a first date I would have preferred a cab rather than being spirited away on fiery steed.
1911,7146,3,22,134,159,1.1761006289308176,0.034016474645773204,635,My lawyer recommended that I protect myself on the first couple dates.
4647,7146,6,16,137,159,1.1761006289308176,0.037362481649731924,635,This knight out on the town isn't working as I thought it would.
1484,7146,2,24,133,159,1.1761006289308176,0.03282543299678655,635,So we have different views as to what constitutes ‘shining’ armor.
4249,7149,4,21,140,165,1.1757575757575758,0.034336187517090576,635,My jousting elbow hurts so bad - I can hardly lift the glass...
7707,7149,2,25,138,165,1.1757575757575758,0.032111588456412814,635,So I guess you’re not dead
280,7151,3,20,125,148,1.1756756756756757,0.03550934275758402,635,I hope your steak is rare enough for you.
5821,7151,5,16,127,148,1.1756756756756757,0.038010140091692034,635,"I hate to keep meeting like this but my life as a spy, at the British embassy, for many years, and living at 221B Baker St. makes it very difficult."
5372,7153,2,19,110,131,1.1755725190839694,0.03671943111377625,635,"No, silly, you can't drink through a straw"
878,7154,2,29,157,188,1.175531914893617,0.029794039662705617,635,Yeh...I wish I'd dressed like you when I was partying in my youth...
1851,7155,4,22,145,171,1.1754385964912282,0.03355798503060304,635,The new security levels might have a few chinks when it comes to amour.
6884,7155,2,26,143,171,1.1754385964912282,0.03144104737608739,635,Why you trying to act like you were drinking sparking water before you came out here?
1452,7157,4,19,131,154,1.1753246753246753,0.03584042205260224,635,"Listen, I’ve really enjoyed our time together, but I have to protect my heart."
4424,7157,3,21,130,154,1.1753246753246753,0.0346360132677686,635,Nothing's better for health and metal-bolism than a knightly glass of red wine
2916,7159,5,21,151,177,1.1751412429378532,0.03379113344413133,635,"Sorry, this is not steed dating"
2452,7159,5,21,151,177,1.1751412429378532,0.03379113344413133,635,You seem a little too hard headed for me.
1191,7159,5,21,151,177,1.1751412429378532,0.03379113344413133,635,I've been seeing a furry.
2944,7162,3,22,135,160,1.175,0.03382111654762896,635,I was expecting dinner by candle LIGHT.
6599,7162,2,24,134,160,1.175,0.03263819192797058,635,"No, really, now that #MeToo is a thing, I think you were already pretty safe."
4565,7164,4,24,155,183,1.174863387978142,0.032139978059365595,635,Damsel in distress? No I’m wearing pants
428,7165,2,25,139,166,1.1746987951807228,0.03193511524907163,635,I see Congress found you a nice intervention for the Supreme Court seat.
1735,7165,1,27,138,166,1.1746987951807228,0.030770639184841502,635,Lovely night out isn't it?
3030,7165,5,19,142,166,1.1746987951807228,0.03519814819496672,635,"Don't worry, honey - the suit doesn't include a chastity belt."
3897,7165,1,27,138,166,1.1746987951807228,0.030770639184841502,635,"I see, like me, you’re not interested in a long term relationship."
4069,7169,4,18,127,149,1.174496644295302,0.03655233572903953,635,"Wine is about history and culture, but don’t you think you’re taking this a step too far?"
6873,7169,5,16,128,149,1.174496644295302,0.03777258223653269,635,I WOULD LOVE TO STAY ALL KNIGHT.
2798,7171,4,22,146,172,1.1744186046511629,0.0333778985345532,635,comes earlier every year.
6065,7172,5,24,166,195,1.1743589743589744,0.03172367596950428,635,"Sure, building a wall is a medieval thing, but will all the border patrol have to dress like that?"
2793,7173,6,15,134,155,1.1741935483870967,0.03790534271067545,635,"Hi, my name is Steve, I’m a Gemini and I can sense that your sign is in the second moon of I’m not getting you."
399,7173,2,23,130,155,1.1741935483870967,0.033191358570692164,635,"Yes, I remember, before the meetoo movement we had armor."
6364,7175,3,25,150,178,1.1741573033707866,0.03167047870798436,635,I like this place.They keep a monogrammed straw just for me.
4289,7176,3,22,136,161,1.173913043478261,0.033627962465384645,635,Between night and day? You are the one.
5242,7176,1,26,134,161,1.173913043478261,0.031233961587793,635,This isn't exactly what I had in mind for date night.
5689,7176,4,20,137,161,1.173913043478261,0.03476319333902042,635,"No you misunderstood me, I said “my ex is a witch.”"
1870,7176,3,26,155,184,1.173913043478261,0.03103637848206145,635,I’m the knight of this round table.
1687,7176,3,22,136,161,1.173913043478261,0.033627962465384645,635,I think I need new glasses.
315,7181,3,23,141,167,1.1736526946107784,0.032876693687441956,635,"I’d appreciate your opinion of this wine, but I understand your inability to respond"
4730,7181,1,27,139,167,1.1736526946107784,0.03060371307590706,635,Where's your lance?
7231,7181,5,19,143,167,1.1736526946107784,0.035002381656157724,635,Does ‘portcullis’ rhyme with ‘Chablis’?
4148,7184,6,18,149,173,1.1734104046242775,0.03516600152185452,635,"Tupac, why do you always insist on wearing that every time we go out in public?"
203,7185,1,24,125,150,1.1733333333333333,0.03242153379839421,635,My life has been nothing but a lot of hard knocks.
294,7185,3,20,127,150,1.1733333333333333,0.03507316311749439,635,I'm not so sure you're meant to be *my* knight in shining armor.
2862,7187,4,23,152,179,1.1731843575418994,0.03248891541956579,635,"Yes, my love. I know it seems medieval but if I an unmasked I might have to pay $500 mil in interest in back taxes."
6326,7187,5,21,153,179,1.1731843575418994,0.033440997649256454,635,I told you to wear Under Armor to accentuate your Cross Fit physique not Over Armor my Amour.
6210,7187,4,23,152,179,1.1731843575418994,0.03248891541956579,635,How accurate was your Tinder profile?
703,7187,7,17,155,179,1.1731843575418994,0.0352681403118073,635,So... do you have any brothers or sisters?
1327,7187,3,25,151,179,1.1731843575418994,0.0315080771628772,635,Relax... I said I wasn't a lesbian...
5961,7192,2,23,131,156,1.1730769230769231,0.032996806044473505,635,"I'm a total extrovert. You, maybe not so much..."
7628,7192,4,19,133,156,1.1730769230769231,0.035414900550674824,635,"I asked for a great night, not for a knight who can't even drink."
6380,7194,3,26,156,185,1.172972972972973,0.03088246970249505,635,'The dating service thinks you are just another hurt little boy.'
2981,7194,4,24,157,185,1.172972972972973,0.03181951196209675,635,"So I asked my therapist, ""Why does every woman I know accuse me of benevolent sexism?  I'm just trying to help!"""
2150,7196,2,24,136,162,1.1728395061728396,0.032269956924316875,635,"I know what you’re thinking, but MEDIEVAL does not mean EVIL."
3623,7196,1,26,135,162,1.1728395061728396,0.031059119172889317,635,"My tinder profile said I was into chains, not chainmail”"
607,7196,3,22,137,162,1.1728395061728396,0.033436975879986404,635,"I don't want just any straw, I want one of those Cray-Z straws."
6731,7196,4,20,138,162,1.1728395061728396,0.034564614739648385,635,"You.ve taken the metaphor way beyond my comfort zone.""

Barbara Druskoff
Fallbrook,CA 
druskoff@att.ne"
5027,7196,3,22,137,162,1.1728395061728396,0.033436975879986404,635,You should smile more. I might have saved you earlier.
361,7196,5,18,139,162,1.1728395061728396,0.03565660988094416,635,...
5379,7196,2,24,136,162,1.1728395061728396,0.032269956924316875,635,Too much light makes me sneeze.
766,7203,2,29,160,191,1.1727748691099475,0.029367554786922635,635,"As you saw on my Match.com profile — I consider myself a 21st century Knight"""
3435,7204,3,23,142,168,1.1726190476190477,0.03269675566066291,635,Who knew filibustering came in your size?
2,7205,4,22,148,174,1.1724137931034482,0.03302340110427059,635,"Although most people don’t use a straw at a blind date wine tasting, that might be the chivalrous thing to do."
1761,7205,3,24,147,174,1.1724137931034482,0.032001628902889635,635,I don't know why speed dating is working out for me.
3665,7205,1,23,121,145,1.1724137931034482,0.0329646675855172,635,I never heard of a semi-blind taste test.
6106,7208,2,27,151,180,1.1722222222222223,0.03034107331169246,635,Do you really think a cheap trick like this will work??
2953,7209,4,18,129,151,1.1721854304635762,0.03610334614685831,635,You get so sensitive when it comes to refreshing the room.
6465,7209,6,14,131,151,1.1721854304635762,0.03847144453358845,635,"Your picture on the Date Site was absent; however, I was taken in by your comments about your favorite activities and romantic evenings, such manly interests, yet a fan of sensitive moments. That said, off with the helmet Ivanhoe or I'm out of here!"
7311,7211,2,23,132,157,1.1719745222929936,0.032804490095015536,635,Look I'm sorry I don't thank you enough for holding the door open but this is just ridiculous
153,7212,6,21,165,192,1.171875,0.03274796539581421,635,Tell me about your work at the NRA in brand expansion....
4967,7213,3,22,138,163,1.1717791411042944,0.03324812105864267,635,"Tom, you’re a wonderful knight in armor, it’s just not shiny enough for me."
5820,7213,2,24,137,163,1.1717791411042944,0.03208889514912017,635,"Darling, you had me at Q X N."
3477,7213,2,24,137,163,1.1717791411042944,0.03208889514912017,635,Scrub Daddy. Why?
2013,7213,4,20,139,163,1.1717791411042944,0.03436826902782694,635,Because you have a lot of iron in your diet really isn't that funny.
2608,7217,3,23,143,169,1.1715976331360947,0.03251875319921336,635,"No more for me, Sir Knight.   I've had enough Lancers."
7586,7217,6,17,146,169,1.1715976331360947,0.035620169062420326,635,"This wine is oaked, but I prefer steel aging myself."
312,7219,4,22,149,175,1.1714285714285715,0.032848931650502795,635,"I don’t mean to be picky, but I but your armor isn’t exactly shining."
2002,7219,2,26,147,175,1.1714285714285715,0.03078456464846993,635,"Sorry Lance, but this just isn't living up to the hype."
2736,7219,3,24,148,175,1.1714285714285715,0.03183348654463747,635,"Well, I'm your knight in armor ---- who can't drink."
3286,7219,4,22,149,175,1.1714285714285715,0.032848931650502795,635,I love the Middle Ages. Just don't ask me to wear wool.
7646,7219,4,22,149,175,1.1714285714285715,0.032848931650502795,635,"Sorry, shiny armor does not give a free pass for not talking out the garbage."
2570,7224,3,19,124,146,1.1712328767123288,0.03552639320533475,635,Well i guess the match gives you what you're wishing for!
1385,7224,4,17,125,146,1.1712328767123288,0.03683202309770149,635,"Before you ask, no I'm not ""into metal."" I much prefer Nightcore."
6958,7226,2,28,157,187,1.1711229946524064,0.029624013951663117,635,"But in your profile, you said you were looking for a man who can get hard"
2262,7227,3,20,129,152,1.1710526315789473,0.03464744985688511,635,I don’t know why you insist on ordering yourself a glass of wine which you can’t drink.
2911,7227,3,20,129,152,1.1710526315789473,0.03464744985688511,635,Are you ready to become a knight of the round table?
1710,7227,4,18,130,152,1.1710526315789473,0.03588292292060451,635,I was asking about this dress and not about being is in distress.
2751,7230,4,20,140,164,1.170731707317073,0.03417411922458823,635,You weren’t wearing the armor in your profile picture
4287,7230,5,18,141,164,1.170731707317073,0.03525176767005603,635,"You know what, Sheila? I’m really tired of your ‘I told you so’ attitude!"
3382,7230,1,26,137,164,1.170731707317073,0.030715148176667848,635,It only took till desert for Margery to realize that not all suits shined.
2313,7230,3,22,139,164,1.170731707317073,0.033061363034350755,635,The straws were plastic.
2220,7230,8,12,144,164,1.170731707317073,0.0383032272938628,635,"I told you it was going to rain,now no food for you tonight."
1128,7230,6,23,176,205,1.170731707317073,0.03132052643983263,635,"[How disappointing, she thought] 
My only ""date-night"" this week, and he's vegetarian."
1421,7236,4,21,145,170,1.1705882352941177,0.033401512278661685,635,Well shut my mouth!
5028,7236,2,25,143,170,1.1705882352941177,0.0312479396753295,635,You certainly went medieval on your outfit
1429,7238,3,24,149,176,1.1704545454545454,0.03166708092274453,635,"When I said I'd like to meet a knightly and chivalrous man, I was figuratively speaking..."
1237,7239,4,23,155,182,1.1703296703296704,0.03199391496798187,635,I booked through TripadVisor.
5397,7239,4,23,155,182,1.1703296703296704,0.03199391496798187,635,NOT my idea of a romantic night.
4923,7241,3,18,120,141,1.1702127659574468,0.03623273694877958,635,Shouldn't you use a straw?
7039,7241,5,22,161,188,1.1702127659574468,0.03224504021259045,635,Looks to me like your armor could use a shine.
2864,7243,1,23,123,147,1.1700680272108843,0.03255662459241948,635,"I may be your white knight, but I prefer red wine."
4356,7244,4,18,131,153,1.1699346405228759,0.035665149598344006,635,"I think that you are being hypersensitive. On Passover, my father always asks, ""Why is this night different from all other nights?"""
1093,7245,1,25,133,159,1.169811320754717,0.031174686709870683,635,"I see you're staring. It's true, I head up the green team at Medieval Times."
2759,7245,5,17,137,159,1.169811320754717,0.03592084457607615,635,"Honey, I’m sure they will reauthorize the Violence Against Women act."
499,7247,2,24,139,165,1.1696969696969697,0.03173271878606121,635,Surely we can resolve our differences without the folderol.
732,7247,5,18,142,165,1.1696969696969697,0.03505274499347255,635,"Sweetie, that's not what I meant when I said I was looking forward to a good night with you."
2760,7249,0,29,142,171,1.1695906432748537,0.028782108105401695,635,"I gave up on your type years ago, but I think I’ll keep your horse"
3298,7249,1,27,143,171,1.1695906432748537,0.0299534504956513,635,You said you were looking for a special Knight together!
6561,7249,3,23,145,171,1.1695906432748537,0.03216843321960582,635,"Through the Bevor, over the Chain Mail, watch out Tummy here it comes."
7749,7249,3,23,145,171,1.1695906432748537,0.03216843321960582,635,ARE'NT YOU WORRIED THAT WINE MIGHT RUST YOU?
3077,7253,4,22,151,177,1.1694915254237288,0.03250540937030368,635,Armored Vintner--it is all the rage.
4092,7253,3,24,150,177,1.1694915254237288,0.0315023856706639,635,I'm thinking a nice glass of merlot might lower my defenses and enable me to engage with you.
4785,7253,3,24,150,177,1.1694915254237288,0.0315023856706639,635,"Madame, I can't go on like this, get me another  straw !"
308,7256,3,25,155,183,1.169398907103825,0.030874595928463807,635,"Sorry, just got back from a high fantasy cartoon in Mad and didn’t have time to change."
6212,7257,5,22,162,189,1.1693121693121693,0.03208661909954862,635,"Thanks for the wine, but sometimes you joust know if it’s going to work or not. This is one of those times."
4007,7258,5,16,133,154,1.1688311688311688,0.03662763253804509,635,This is my response to #MeToo and the screeching harpies. The M-1 Abrams is parked around the corner.
5164,7258,1,24,129,154,1.1688311688311688,0.031655232016960515,635,"Well, I guess I can delete my tinder account know."
961,7260,2,23,135,160,1.16875,0.032240589041780954,635,Would you remove you chastity belt.  I am your knight in shining armor!
513,7260,3,21,136,160,1.16875,0.03343758265727748,635,"I have to admit, I was expecting a vampire with all of the night talk."
300,7262,4,20,142,166,1.1686746987951808,0.033792263402349615,635,The retro look is in this season
6466,7262,3,22,141,166,1.1686746987951808,0.03269400121927558,635,"So, tomorrow I'll just do a steak."
4329,7264,3,23,146,172,1.1686046511627908,0.031996056381568286,635,Hello I am your date tonight but can you guess who I am?
5455,7264,3,23,146,172,1.1686046511627908,0.031996056381568286,635,I can see why you gave up on martinis.
6564,7266,3,24,151,178,1.1685393258426966,0.03133937494245472,635,"Yeah, sure, sure."
3710,7267,3,25,156,184,1.1684782608695652,0.030720139185287227,635,"""Any man that makes a pass at you now is probably gay."""
4306,7268,3,26,161,190,1.168421052631579,0.030135000395527956,635,Rachel Maddow is brilliant and funny and would love my knight-on-the-town suit.
131,7269,3,27,166,196,1.1683673469387754,0.029581008141618955,635,Where is my straw?
3544,7270,3,20,132,155,1.167741935483871,0.03402770605128512,635,"I've always said, ""The nose is everything!"""
2908,7271,3,21,137,161,1.1677018633540373,0.03324577314552209,635,A costume doesn’t make it any less dead.
6319,7271,4,19,138,161,1.1677018633540373,0.0343936212631981,635,"I'm your knight in shining armor, so can I get a plastic straw already?"
4309,7271,0,27,134,161,1.1677018633540373,0.029535777920771486,635,...to avoid the blush.
1596,7271,3,21,137,161,1.1677018633540373,0.03324577314552209,635,I’ll be glad to drink your wine!
1529,7271,3,21,137,161,1.1677018633540373,0.03324577314552209,635,Armor won’t be a valid defense
1125,7276,3,22,142,167,1.1676646706586826,0.032513331147612276,635,You'll never have to worry about contracting viruses from me.
3028,7276,6,16,145,167,1.1676646706586826,0.03568685056141066,635,"You didn't say anything about my armor. 
Is it not shiny enough?”"
4480,7276,4,20,143,167,1.1676646706586826,0.033604487337363376,635,"You know, this wasn't exactly what I expected when my husband suggested we have a date night"
4597,7276,3,22,142,167,1.1676646706586826,0.032513331147612276,635,You are now my knight tarnished armor
6899,7276,3,22,142,167,1.1676646706586826,0.032513331147612276,635,It's all about work-life balance.
7660,7276,5,18,144,167,1.1676646706586826,0.03466131036328165,635,"Yes, I read your profile ... I just thought you like doing things after hours."
7082,7282,1,27,145,173,1.1676300578034682,0.02963841347457844,635,"Beth are you trying to make the point that there are no more ""Knights in Shining Armor"""
7013,7282,2,25,146,173,1.1676300578034682,0.03075140465760486,635,You must really save on dry cleaning bills.” And
6796,7284,2,26,151,179,1.1675977653631284,0.030154575847025838,635,"A Knight in Shining Armour, I’m not."
2031,7285,3,25,157,185,1.1675675675675676,0.030567202363371557,635,"And then I said, Armour? I hardly know her!...anyways what’s your favorite type of trebuchet?"
3848,7286,6,21,170,197,1.16751269035533,0.03197303507621263,635,"If I'm not mistaken, I believe the waiter gave me your Malbec."
4050,7287,6,12,126,144,1.1666666666666667,0.03942082639927218,635,"I thought my friend was kidding about me having a ""knight in shining armor"" when she set up this blind date."
4660,7287,1,27,146,174,1.1666666666666667,0.02948332944885798,635,"When you told me you’d be “my knight in armor,”  I didn’t expect you  to mean it so literally."
3505,7287,3,23,148,174,1.1666666666666667,0.0316567252175656,635,This is not exactly what I had in mind when I said I wanted somebody who was open about who he was.
3714,7287,2,25,147,174,1.1666666666666667,0.03058933610664303,635,"Honey, I'm a male mailman dressed in chain mail heading for a maelstrom delivery!"
5557,7287,3,19,128,150,1.1666666666666667,0.034649625823724085,635,I’ve always wondered how a knight drinks wine
3238,7287,5,14,125,144,1.1666666666666667,0.03816905103452871,635,My speed dating preference was for SHINING armor and frankly this conversation has been rather dull.
6277,7287,5,20,155,180,1.1666666666666667,0.0329587896097353,635,Always nice to meet another esquire
6665,7287,3,23,148,174,1.1666666666666667,0.0316567252175656,635,"Oh, now I know what you meant when you said you were old fashion on Tinder"
6963,7287,2,20,122,144,1.1666666666666667,0.03413943709994594,635,"When I asked if you were free tonite, I didn't mean . . ."
7152,7287,2,24,142,168,1.1666666666666667,0.031212849793091055,635,"First it's women in pants, and now body armor. What's next?"
6060,7287,5,18,145,168,1.1666666666666667,0.03446882635796003,635,Can't we split the bill for once?
2932,7287,4,19,139,162,1.1666666666666667,0.03419632802726443,635,It will never work out. I'm a screwdriver and you're a rusty nail!
6534,7287,3,24,153,180,1.1666666666666667,0.031018306202583324,635,"And some say ""chivalry is red""."
2443,7287,3,22,143,168,1.1666666666666667,0.03233462527439859,635,"I just raised my arm to stretch, the gavel came down, and the rest is history. How's the mead?"
183,7287,6,17,151,174,1.1666666666666667,0.03466223529529349,635,A mom spending time with her son
345,7287,1,27,146,174,1.1666666666666667,0.02948332944885798,635,Knight in shining armor forever?
593,7287,4,21,149,174,1.1666666666666667,0.032689279887384064,635,I assumed you knew what you were getting into using Mail-nder.
849,7287,4,19,139,162,1.1666666666666667,0.03419632802726443,635,It’s Plot Armor.
2802,7287,2,23,137,162,1.1666666666666667,0.031875168679478684,635,Deep inside I prefer a double blind date
1188,7287,1,26,141,168,1.1666666666666667,0.030049226159359784,635,"I give this only an 89, which is still 10 points higher than your Halloween costume, Buster."
1224,7287,2,23,137,162,1.1666666666666667,0.031875168679478684,635,"So, Mr. Lance-a-Lot, I see you're really into heavy metal.  I guess what they say is true - in vino veritas."
1163,7287,4,20,144,168,1.1666666666666667,0.033418767048852785,635,"No, I don't think your visor makes a very good sieve.  Besides the wine was decanted without sediment and cork bits."
1970,7287,5,21,160,186,1.1666666666666667,0.03227017112737011,635,"Thou must not enjoy Halloween, eh? ... I don't think this is going to work."
2152,7287,2,21,127,150,1.1666666666666667,0.03333333333333334,635,This is (a) great (K)night.
5399,7311,1,29,157,187,1.1657754010695187,0.028302238278780967,635,It seems that you just want to mail this conversation in.
4304,7312,2,26,153,181,1.1657458563535912,0.029849028922322673,635,It’s just another way to FEND off your attacks on me
5637,7312,5,20,156,181,1.1657458563535912,0.03278912304744908,635,Knights in shining armor need a straw to drink their wine
447,7314,4,21,150,175,1.1657142857142857,0.03251589769784022,635,This is what I call a Real Knightcap.
6943,7314,3,23,149,175,1.1657142857142857,0.031489715116282346,635,My biggest fault? I'm two knights.
1033,7316,1,26,142,169,1.165680473372781,0.029887166146228362,635,The knight progresses with shine.
5532,7317,2,23,138,163,1.165644171779141,0.03169550903220905,635,"Your resume said you ot your start in ""digital marketing."""
2866,7318,1,30,163,194,1.1649484536082475,0.027696517767223157,635,Why can't I ask to split the check?
2268,7319,6,19,163,188,1.1648936170212767,0.03282863456962026,635,"Sir Dinadan,  I have to be going now and it was nice to meet you in armor."
1406,7320,3,24,155,182,1.164835164835165,0.030703677883240636,635,"I really appreciate you going out of your way to be the perfect date, but your armor is a little too shiny."
4550,7320,2,26,154,182,1.164835164835165,0.029698536456578325,635,Just when I was ready to remove my shield.
5119,7320,4,22,156,182,1.164835164835165,0.03167694119470642,635,This is not how I imagined the romantic night out part.
5601,7320,5,20,157,182,1.164835164835165,0.03262117979699656,635,"If think there's going to be French kissing, think again!"
2119,7324,3,22,145,170,1.1647058823529413,0.03198298108067382,635,I'm promoting #MeToo by actualizing an alternative.
3199,7324,1,26,143,170,1.1647058823529413,0.02972681937675446,635,Really?!  My knight in shining armor?  You're positively Medieval!
3401,7324,4,20,146,170,1.1647058823529413,0.03305336175158311,635,So when's the last time you called your Mother?
6028,7324,3,22,145,170,1.1647058823529413,0.03198298108067382,635,"So where should spend New Years, Westeros or Kings Landing?"
1908,7328,2,23,139,164,1.1646341463414633,0.03151783876056436,635,I know your profile said you still believed in chivalry but I just want to make sure it's you.
3450,7328,3,21,140,164,1.1646341463414633,0.03268318924499519,635,"You'll have to excuse me, I haven't been on an obscured vision date in a long time."
58,7330,6,14,138,158,1.1645569620253164,0.03687017465895263,635,"I thought I was being invited out for a night at Round Table, not an evening at Pizza Hut."
2409,7330,0,26,132,158,1.1645569620253164,0.029591482708390723,635,I'm glad our relationship doesn't make you feel vulnerable anymore.
5390,7332,2,21,129,152,1.1644736842105263,0.032929573745531966,635,WHY DO I ALWAYS GET THE DULL ONES?
7427,7332,4,17,131,152,1.1644736842105263,0.035477226195741125,635,I've found it very helpful in determining long-term compatibility.
4128,7334,5,23,173,201,1.164179104477612,0.030575772264297422,635,"Sarah, you can’t expect me to believe you’re not getting a little tired of this."
7011,7335,3,24,156,183,1.1639344262295082,0.030548719454125697,635,Are you my knight in shining armor?
1074,7336,2,25,150,177,1.1638418079096045,0.03011309553045346,635,"If you don't like merlot, we can always have a joust instead."
2107,7336,3,23,151,177,1.1638418079096045,0.031160870620282614,635,I am the Roséwave Knight
4318,7338,6,16,149,171,1.1637426900584795,0.034903771927247564,635,"Really Justice Kavanaugh, I'm not like that tramp Christine Blasey Ford.  I have no intention of accusing you of anything."
5663,7338,3,22,146,171,1.1637426900584795,0.03180998186004049,635,It appears that you enjoy really old wines
7007,7338,6,16,149,171,1.1637426900584795,0.034903771927247564,635,Must everyone know your salary when we go out?
5250,7341,2,23,140,165,1.1636363636363636,0.03134212551108777,635,Looking forward to my date with my knight in shiny armor
6523,7341,4,19,142,165,1.1636363636363636,0.03361768123424875,635,"Sorry, this not working, my knight in shining armor needs more sparkle."
5984,7343,5,16,138,159,1.1635220125786163,0.03554954162515485,635,I thought you meant a law suit against the Armour meat packing company.
452,7343,5,16,138,159,1.1635220125786163,0.03554954162515485,635,The suit helps me defend my emotional walls
5698,7343,5,16,138,159,1.1635220125786163,0.03554954162515485,635,Is that get up really supposed to protect you and #metoo?
4477,7346,1,23,129,153,1.1633986928104576,0.03139010230184952,635,I knew the King Arthur movie was a mistake
7198,7346,1,23,129,153,1.1633986928104576,0.03139010230184952,635,Well I guess there isn't going to be a second date...
5504,7348,2,20,125,147,1.163265306122449,0.03349715079817141,635,Your friends? But the agency just said 'night date with Arthur'?
825,7349,3,23,152,178,1.1629213483146068,0.0309989837400851,635,"It's corked."""
4222,7349,1,27,150,178,1.1629213483146068,0.028878660785784997,635,I meant an emotional one
4622,7349,5,19,154,178,1.1629213483146068,0.032983282690715994,635,"Let me guess, Trump said you should."
2252,7352,2,24,146,172,1.1627906976744187,0.030545307195829943,635,I’m not certain you’re what I’m looking for.
2901,7352,4,20,148,172,1.1627906976744187,0.032695790305425014,635,Thanks for meeting me during my break here at the castle...  and the outfit means my wife's friends will never know it's me!
4781,7352,5,18,149,172,1.1627906976744187,0.03371964056304094,635,I hope its OK I ordered red?
5025,7352,2,24,146,172,1.1627906976744187,0.030545307195829943,635,This is not what I meant when I said let’s meet in the dead of night...
149,7356,1,25,140,166,1.1626506024096386,0.02997408746724355,635,My Knight in Shining Armor ?
3960,7356,2,23,141,166,1.1626506024096386,0.03116833761402348,635,Reality Bites.
4515,7358,1,24,135,160,1.1625,0.03057044139021308,635,"Look, I did believe you when you said you were a  knight of the round table!"
1733,7358,4,18,138,160,1.1625,0.034211123094634394,635,I wear this costume out of respect for your involvement in the MeToo movement
4717,7360,2,28,167,197,1.1624365482233503,0.0282441509704865,635,Are you holding or folding?
7232,7361,1,23,130,154,1.1623376623376624,0.031203648889131526,635,Have you seen Armor Amore?
5615,7361,4,17,133,154,1.1623376623376624,0.03504732539676946,635,"You forgot a straw? How are you going to drink your wine, then?"
4819,7361,3,19,132,154,1.1623376623376624,0.033814679942939393,635,"Every Friday for the past 20 years, Sheila and Charming have eaten dinner in the same restaurant wearing the same clothes, but today they will let their guard down and take their armor off ."
1387,7364,1,22,125,148,1.162162162162162,0.03187764755856071,635,"Hey, my profile says gender fluid!"
2114,7364,3,24,158,185,1.162162162162162,0.030243399186172335,635,Sometimes women tend to I'm being chauvinistic when they read my dating profile.
305,7366,2,25,152,179,1.1620111731843576,0.029803657273396053,635,"Ever since the women's lib movement, knights in shinning armor have gone out of favor."
6890,7366,7,15,157,179,1.1620111731843576,0.03467147934627873,635,Do you have a hard-on?
914,7368,2,24,147,173,1.1618497109826589,0.030382806616756068,635,I vowed to never again suffer a broken heart.
3904,7368,3,22,148,173,1.1618497109826589,0.031469481613729915,635,How did you know it was mead?
417,7370,2,23,142,167,1.1616766467065869,0.03099644406584422,635,The night the knight wasn't all that bright.
2697,7370,2,23,142,167,1.1616766467065869,0.03099644406584422,635,"I feel pretty, oh, so pretty . . ."
3926,7370,3,21,143,167,1.1616766467065869,0.03213914142630027,635,"As a matter of fact, I don't like talking politics on the first date."
3488,7373,5,16,140,161,1.1614906832298137,0.035135740680076896,635,"Cute, but I was looking for a whine night."
2643,7373,2,22,137,161,1.1614906832298137,0.03164808080246297,635,I should have met you before dating with my hysband.
4167,7375,5,21,166,192,1.1614583333333333,0.03132943293252791,635,The only way I can handle my alkohol problem.
6094,7376,6,18,162,186,1.1612903225806452,0.03286268593378133,635,"The free Bud Lite is great, but I’m more of a wine guy"
1157,7377,3,23,154,180,1.1611111111111112,0.030680153386987707,635,You're a knight now. Why are you out of uniform?
6236,7377,2,25,153,180,1.1611111111111112,0.029651282694317035,635,"No, not a fashion statement. Impulse insurance against overconsumption."
842,7379,3,22,149,174,1.160919540229885,0.03130192337649679,635,I was told the the horse radish has a real kick to it.
1621,7379,3,22,149,174,1.160919540229885,0.03130192337649679,635,I've waited too long for my knight in shining armor to have to wait for this lasagne.
5604,7379,3,22,149,174,1.160919540229885,0.03130192337649679,635,Tonight you are my knight in shining armor
5946,7382,3,17,123,143,1.1608391608391608,0.03529832290012759,635,"My ""Meet -A-Mate"" online  picture does me little justice."
7345,7383,3,21,144,168,1.1607142857142858,0.031961755757675195,635,"Sorry, I meant a holiday party, not a Halloween party."
4910,7383,2,23,143,168,1.1607142857142858,0.030826414512290776,635,Shoot!  The waiter shoud have brought a straw!!! How am I gonna get rid of him now?
5551,7383,7,13,148,168,1.1607142857142858,0.03614827559970366,635,"So, do they provide 401k benefits at Medieval Times?"
6563,7383,3,21,144,168,1.1607142857142858,0.031961755757675195,635,When they see me...they will know it's you.
4711,7387,3,20,139,162,1.1604938271604939,0.03266359643289618,635,I didn't have time to shine my armor.  Do I still stand a chance?
7076,7387,3,20,139,162,1.1604938271604939,0.03266359643289618,635,"You never know, the glass could fall and break!"
5948,7387,4,18,140,162,1.1604938271604939,0.03381703369653575,635,"I'm  sorry  Sir Knight, this isn't your night!!!"
3834,7387,4,18,140,162,1.1604938271604939,0.03381703369653575,635,Is the bascinet too much?
1651,7387,4,18,140,162,1.1604938271604939,0.03381703369653575,635,"Get this, Betsy, we all thought you were a dying breed."
387,7387,2,22,138,162,1.1604938271604939,0.03146790898406791,635,"Don’t worry, I’ve always had a heart, but still drink."
600,7393,4,16,130,150,1.16,0.03549584845120191,635,"So..., I guess it isn't dead after all?
No,it is quite dead, I'm just afraid of the service here."
1664,7393,4,20,151,175,1.16,0.032173585020488595,635,"Geoffrey, this is your idea of a nightcap? I think we need to talk."
3147,7393,5,18,152,175,1.16,0.03317862290786641,635,"- Have you been medieval courting long?
- No, this is actually my first date."
5503,7393,3,22,150,175,1.16,0.03113612256012007,635,"Your profile said you're a night person, but what kind of music do you like?"
6687,7393,2,20,128,150,1.16,0.0328783262962813,635,Drinking this wine with you has been a vintage strain.
468,7398,4,19,146,169,1.1597633136094674,0.0328756925819224,635,The new Kavanaugh line of dating apparel for men gets 50 votes thumbs up and 48 thumbs down.
5538,7398,3,21,145,169,1.1597633136094674,0.03178629869309073,635,Next time keep your mouth shut !
4747,7400,4,22,162,188,1.1595744680851063,0.03073638550920031,635,I think they get an F for customer service: they'l at least offer me a straw.
6504,7401,2,22,139,163,1.1595092024539877,0.03128975437635584,635,"Yes, I know your Facebook profile did state an interest in medieval history"
7509,7401,3,20,140,163,1.1595092024539877,0.032477516699581724,635,Some women call this their knightly event.
7150,7401,3,20,140,163,1.1595092024539877,0.032477516699581724,635,I hope the waiter comes back soon with that straw I asked for.
5555,7401,2,22,139,163,1.1595092024539877,0.03128975437635584,635,"Okay, my knight in shining armor. Let's see how you drink up."
6545,7401,4,18,141,163,1.1595092024539877,0.03362334684427683,635,"We can still be sexy. For example, I'll watch you undress."
2140,7406,6,17,159,182,1.1593406593406594,0.03323158980669919,635,"I'm just making sure that if this drink is drugged, you can't sexually assault me."
2719,7407,4,17,136,157,1.1592356687898089,0.03442150905782623,635,Obviously the tariffs will make it more of an aspirational garment so we plan to market it as a Macy’s exclusive.
3218,7407,2,21,134,157,1.1592356687898089,0.031961252340322946,635,"I like the plume, but don't you think that's going a little too far?"
4716,7407,0,25,132,157,1.1592356687898089,0.029295102261394906,635,You won't be able to use your cell phone with that contraption
165,7410,2,20,129,151,1.1589403973509933,0.03267704736417365,635,I should have ordered a Bud Light.
4604,7411,3,21,146,170,1.1588235294117648,0.03161273932073949,635,What can I say?  The genie said ‘go for it.’
2858,7412,4,22,163,189,1.1587301587301588,0.030584982562343044,635,My Hinge photo is totally accurate. Promise.
6668,7413,4,14,121,139,1.158273381294964,0.03718119312885459,635,"I can't figure out if this is date night or the Privileged White Male Protection Program?""--Ashley to Bret"
7323,7414,3,22,152,177,1.1581920903954803,0.03080968505641956,635,"""I wanted a double date too. But my friend's horse was             scheduled to race."""
7088,7414,4,20,153,177,1.1581920903954803,0.03183454143950465,635,Looking for: Elegant Knight.
3227,7416,5,21,170,196,1.1581632653061225,0.030731930690815555,635,My ex told me I needed to let my guard down. It looks like she let you down herself.
4476,7417,3,21,147,171,1.1578947368421053,0.03144104737608739,635,"My profile said I was looking for a knight in shining armor, but I'm feeling a little Bordeaux."
3099,7417,1,25,145,171,1.1578947368421053,0.029170885500727693,635,Do you like the wine? It's steel aged.
546,7417,4,19,148,171,1.1578947368421053,0.032516748141684995,635,"Trust me, not only is the omelet fresh. The portion size is outrageous."
6009,7417,5,20,165,190,1.1578947368421053,0.031336673907286644,635,"i had a bad day, but this knight looks worse"
295,7417,4,16,132,152,1.1578947368421053,0.03505866114063326,635,"I'm sorry, but I only date Teutonic Knights."
476,7417,2,26,162,190,1.1578947368421053,0.02854650160634269,635,"Chivalry, outdated? Where I'm from, it was invented just last week."
3035,7423,4,18,143,165,1.1575757575757575,0.033242502059884355,635,"When I said chivalry & protection were a plus, the emphasis was less chastity belt & more a safe bedside manner, as it were."
6507,7423,4,18,143,165,1.1575757575757575,0.033242502059884355,635,"The program has an iron clad guarantee.It says I won't gain weight.If. I do,I get a refund"
1455,7423,2,22,141,165,1.1575757575757575,0.03093936462157285,635,I’m afraid to say “cheers.”
4208,7426,3,17,126,146,1.1575342465753424,0.03462240635297646,635,Thanks for keeping my request on Night Date site for a round table.
2511,7427,3,25,169,197,1.1573604060913705,0.028842903265194102,635,"This is the final coup de theatre scene, a dream truly realized."
1702,7428,4,17,138,159,1.1572327044025157,0.034016474645773204,635,I do wish yuo’d Take that thing off.
2727,7428,3,19,137,159,1.1572327044025157,0.03282543299678655,635,Don't you DARE ask for a straw.  That would be so uncouth!
5299,7428,3,19,137,159,1.1572327044025157,0.03282543299678655,635,"The academic discipline, Florian! Not the dinner theatre."
6166,7428,4,17,138,159,1.1572327044025157,0.034016474645773204,635,"For Christ, Brett — no one cares that it’s not beer!"
7727,7428,1,23,135,159,1.1572327044025157,0.030303235134660246,635,Are you protected enough with its armour from cyber attack?
4363,7433,4,19,149,172,1.1569767441860466,0.03234017596954839,635,you requested a knight in shining armor and I'm you date
307,7433,3,21,148,172,1.1569767441860466,0.031271193225347244,635,You've been watching too many Robocop movies
2410,7433,5,17,150,172,1.1569767441860466,0.033374937269539655,635,"Now really, Mike, next time just bring your chaperone."
2648,7433,2,23,147,172,1.1569767441860466,0.030164350974828738,635,"I've used dating services before, but girls would never answer my carrier pigeons so I decided to try Tinder."
3120,7433,4,19,149,172,1.1569767441860466,0.03234017596954839,635,I’m trying out this first date attire before I meet Bob for dinner tomorrow – it’s Me Too approved.
2323,7438,4,21,160,185,1.1567567567567567,0.030877327338009727,635,Why did you only ask for one straw?
4570,7439,3,22,154,179,1.1564245810055866,0.03048995824152407,635,Don't you think you are taking the #Me To Movement a bit too far?
7557,7439,3,22,154,179,1.1564245810055866,0.03048995824152407,635,This chardonnay isn't oaky!
2995,7441,3,27,181,211,1.1563981042654028,0.02763484310353223,635,Bill's online dating proved to be a very literal description of himself
3376,7442,2,21,137,160,1.15625,0.031406839128208325,635,would you rather have oil for that squeak?
3231,7443,3,21,149,173,1.1560693641618498,0.03110314784944298,635,"Margaret, simple Spanx and a blow-out would have been enough."
7304,7443,4,19,150,173,1.1560693641618498,0.03216549612970393,635,"No worries, they say drinking with a straw helps you get drunk faster!"
7691,7445,4,14,123,141,1.1560283687943262,0.03668603330757109,635,What attracts you?  My armour or my armor?
1275,7446,5,14,135,154,1.155844155844156,0.03583657713256192,635,"It's not me, it's you.  You're not shiny enough"
844,7447,2,22,143,167,1.155688622754491,0.030596654209920898,635,"Well, it's about time you showed up.That armor isn't so shiny anymore"
5449,7447,3,20,144,167,1.155688622754491,0.03175374175958151,635,"Arthur, your shining armor does not speak well for you in this      dim bistro."
6508,7449,2,24,154,180,1.1555555555555554,0.029291469854227505,635,"No, Jim, ""#MeToo"" does NOT actually mean ""my turn."""
26,7449,5,18,157,180,1.1555555555555554,0.032314237504751424,635,WASP dates Ironman - not again.
1219,7449,6,16,158,180,1.1555555555555554,0.03326083570724392,635,Then he said “Will the Honorable Ruth Ginsburg please stand up.”
2076,7452,3,24,166,193,1.1554404145077721,0.029080238757310424,635,Apparently my armor doesn't shine.
7674,7453,2,21,138,161,1.15527950310559,0.031226240919874332,635,You want me to pay for dinner!?
4291,7453,0,25,136,161,1.15527950310559,0.028632125643766725,635,"Funny, I sent my kid to school in the same thing."
1007,7455,3,21,150,174,1.1551724137931034,0.03093688282844811,635,You are my knight in shining armor.!
6896,7456,4,16,135,155,1.1548387096774193,0.034422563848069195,635,"Back then we marched, protested, we didn’t burn bras—that’s a myth. Dear, I’m never getting grandchildren, am I?"
7767,7457,4,18,146,168,1.1547619047619047,0.03268702110311257,635,Lisa slowly began to realize the suit of armor was as hollow as the honor of the online dating service she
1684,7458,1,26,154,181,1.1546961325966851,0.028068860060099413,635,The Knight of The Round Table takes a break
4279,7459,1,21,127,149,1.1543624161073827,0.031187909060613684,635,"Yeah, I have definite relationship boundaries . . . ""en garde."""
6249,7459,4,15,130,149,1.1543624161073827,0.03528129584177321,635,"...and after this, we'll be riding off into the sunset."
2298,7461,3,19,140,162,1.154320987654321,0.03225895392680739,635,Are you trying to tell me Me Too?
7551,7461,0,25,137,162,1.154320987654321,0.02847097469612348,635,Look me in the eye and tell me you love me!
4832,7463,3,21,151,175,1.1542857142857144,0.030772370326482886,635,How do you keep your outfit so shiny?
5844,7464,0,28,154,182,1.1538461538461537,0.0268181429057093,635,"Sorry, Sir Perceval, you’re just not what I’ve been looking for all my life."
3046,7464,2,22,145,169,1.1538461538461537,0.03026137663344012,635,They say the wine will take away that heavy feeling you've been complaining about.
4048,7464,3,20,146,169,1.1538461538461537,0.03140371465106639,635,I swear it's fake news; I'm only called Lancelot!
2302,7467,3,19,141,163,1.1533742331288344,0.03207441133202071,635,"Every woman dreams of a knight in shining armor, but this date  on a rainy night isn’t working for me.  I’ll order WD-40 to go."
5980,7468,2,20,135,157,1.1528662420382165,0.03151880402212705,635,I’m not in the mood.
5556,7469,4,19,154,177,1.152542372881356,0.03148510988890365,635,I should of ordered takeout
5571,7470,3,22,159,184,1.1521739130434783,0.02971869100411886,635,"Do you think they sell mead here, I can’t drink like a king"
6111,7470,4,20,160,184,1.1521739130434783,0.0307017446774751,635,"No, what I'd said was - I've been waiting for a mighty sign-in honor."
1691,7472,1,24,146,171,1.152046783625731,0.028761132437775002,635,Didn't get the knights and princess dressing up memo?
3539,7473,1,22,135,158,1.1518987341772151,0.030019498608274676,635,My guarded opinion is that it is a 4 out of 10
2318,7474,5,15,145,165,1.1515151515151516,0.03396235101519005,635,I’m sorry.  You seem like a nice person but your armor isn’t shining.
2415,7475,2,24,159,185,1.1513513513513514,0.028558268183043495,635,Any way you can get that to shine a little?
4536,7475,3,22,160,185,1.1513513513513514,0.02956905626148944,635,You'll need more than that getup to make it through this dinner.
7200,7477,3,17,132,152,1.1513157894736843,0.03334477783514643,635,I said I had gone to Rhea.
6080,7478,2,22,148,172,1.1511627906976745,0.029771882743676783,635,When I swapped right I thought you meant a U.S Soldier.
5622,7478,3,20,149,172,1.1511627906976745,0.030892789743038607,635,"Well, you never know when a horse might gallop through here with a jouster aiming his lance right down my schnozzle."
3825,7480,2,25,165,192,1.1510416666666667,0.027936110255025105,635,The least he could have done was draw me a full glass of wine...
2204,7481,3,18,138,159,1.150943396226415,0.032403248041860996,635,"Well they said to go down third and then left, but I didn’t realize they meant the cafe."
2027,7482,4,19,156,179,1.1508379888268156,0.031155520313030306,635,I guess it's just lucky that I didn't call you my ace in the hole.
4111,7483,3,16,127,146,1.1506849315068493,0.034147234283379825,635,This si my new dieting strategy.
587,7484,3,22,161,186,1.1505376344086022,0.029420908133722456,635,Pick one: Politics or Politics?
5594,7485,2,19,132,153,1.1503267973856208,0.031816956152907375,635,Alice in France.
135,7486,2,25,166,193,1.150259067357513,0.027802003509508195,635,"Honey, this doesn't make you my knight in shining armor"""
1082,7487,2,20,138,160,1.15,0.03096965445166197,635,"I told you, I'm not Sir Lancelot. My name is Sayer Lanslots."
2450,7487,4,16,140,160,1.15,0.033411857195580465,635,So... have I mentioned I can be your knight in shining armour?
6745,7487,3,18,139,160,1.15,0.032213907696158256,635,You never know when they're going to bring out the sharp cheese.
3704,7490,3,22,162,187,1.1497326203208555,0.029274224802646315,635,"Oh, no, it’s only for self-restraint. For identity protection I have beer from a vine glass."
320,7491,2,21,144,167,1.1497005988023952,0.03018441564392056,635,I didn't know the DateNight service had a time machine.
3259,7491,2,21,144,167,1.1497005988023952,0.03018441564392056,635,I wish he were taller...
4548,7491,2,21,144,167,1.1497005988023952,0.03018441564392056,635,It's a clever disguise for Salisbury. Want a straw?
6757,7491,2,21,144,167,1.1497005988023952,0.03018441564392056,635,"My profile said I was active in AARP, not LARP."
424,7495,6,10,131,147,1.1496598639455782,0.03782570356529468,635,"Hey, it's the age of #MeToo and #TimesUp. If I want to be safe, I have to get medieval on my own ass."
4466,7496,2,22,150,174,1.1494252873563218,0.029454174910601878,635,"I will not talk to the armor, Raymond--Get out of the table"""
4380,7496,1,24,149,174,1.1494252873563218,0.028303845173563442,635,"No, Patrick, that's not what I meant when you asked If I liked 'Game of Thrones and chill' """
7391,7496,2,22,150,174,1.1494252873563218,0.029454174910601878,635,One moment while I remove my earbuds
5252,7499,4,15,135,154,1.1493506493506493,0.034203646638635746,635,You said you wanted to have a heart to heart.
4381,7499,4,15,135,154,1.1493506493506493,0.034203646638635746,635,Did you mistakenly use Armorall as a full body moisturizer?
3007,7499,1,21,132,154,1.1493506493506493,0.030252968943722126,635,I'm looking for a damsel in distress with my new VR gear.
4132,7502,5,15,148,168,1.1488095238095237,0.03339018635246278,635,Possibly your male friends think you need protection. This is not what they mean
4765,7502,1,23,144,168,1.1488095238095237,0.028805564513359982,635,The Untouchables first date.
6208,7502,2,21,145,168,1.1488095238095237,0.030017437371685413,635,"Some say, I'm way too dating relationship damaged and freakishly on my guard.  That gonna be an eHarmony problem here?"
2930,7505,4,21,170,195,1.1487179487179486,0.029394802951899626,635,jousting season is coming up actually - excellent time to be operating a horseshare app
2205,7506,3,16,129,148,1.1486486486486487,0.03371476678875093,635,"The service here is sort of slow, but their food is worth it. Well, not all food. Don't get anything vegetarian, they put way too much spice in it. Once the risotto was stale, so maybe not that either. Stick with the steak. So how was mom's funeral?"
5848,7506,4,14,130,148,1.1486486486486487,0.03505159287360701,635,"Honest, I know it's a first date but I really won't bite!"
7486,7506,3,16,129,148,1.1486486486486487,0.03371476678875093,635,Blind Date indeed! If there's a man in their it is I that needs the armor!
1053,7509,2,22,151,175,1.1485714285714286,0.029297826803484767,635,"If I marry you, do I get to wear an armor suit too?"
3014,7510,2,19,134,155,1.1483870967741936,0.03143482413135121,635,"I understand it's the latest in burqa styles, but it's your wine that threw me off."
5060,7511,1,25,156,182,1.1483516483516483,0.027545286445601013,635,Why is this such a beautiful Night?​
7552,7512,3,18,141,162,1.1481481481481481,0.03184173902300353,635,"Well, I wouldn't call this a great night spot."
6661,7512,1,22,139,162,1.1481481481481481,0.029334857623755633,635,Ok. I'll call it one night with a night
6493,7514,2,21,146,169,1.1479289940828403,0.029852279749201825,635,I’ve been waiting for the silver lining of online dating
5790,7515,2,22,152,176,1.1477272727272727,0.029143114682752123,635,I  didn't expect this with aged wine.
6707,7516,1,21,134,156,1.1474358974358974,0.029894337192063417,635,"Oh, you’re just an old tinhorn wine drinker."
4267,7517,3,19,148,170,1.1470588235294117,0.030839021197083684,635,Are you sure that germs cannot penetrate your mask?
178,7518,3,20,154,177,1.1468926553672316,0.030076938108331324,635,"I conquered the dragon lady from my childhood, only to be dating her."""
5176,7518,0,26,151,177,1.1468926553672316,0.026683669159414055,635,"Roundtables permitting, I'm a huge advocate for space exploration."
3101,7520,3,16,131,150,1.1466666666666667,0.033293040524300606,635,Rest assure.  I won't be able to assault you.
1230,7521,3,17,137,157,1.1464968152866242,0.03234945991970355,635,Guess you had a heavy day!
2272,7521,5,13,139,157,1.1464968152866242,0.034782268352606345,635,"So when you said on your profile that you were a Trojan, I didn't think......"
4312,7523,1,27,170,198,1.1464646464646464,0.026188865373503397,635,Knight and Hawk
5558,7524,2,20,142,164,1.146341463414634,0.030266290893235768,635,I agree that should dress for success. It’s just that your dream of being knighted by the Queen seems a little far-fetched.
2059,7525,2,21,148,171,1.1461988304093567,0.02952730991729023,635,She wasn't convinced he was her knight in shining armor.
7769,7526,4,18,156,178,1.146067415730337,0.030961571407962782,635,I wanted a night in Santa Monica's RESTAURANTE!
669,7526,2,22,154,178,1.146067415730337,0.028838497878924865,635,"Drink that, varlet!"
5427,7526,2,22,154,178,1.146067415730337,0.028838497878924865,635,"Mais oui, I might have said ""let's spend together the night"""
5240,7529,5,17,163,185,1.145945945945946,0.031163993024100934,635,You could say there's a suit of armour in my kink.
3311,7529,2,23,160,185,1.145945945945946,0.028194525026407718,635,"I told the service I was searching for a knight, but this is ridiculous."
6510,7531,1,20,130,151,1.1456953642384107,0.030299973398275483,635,Was Jane Mayer too deeply penetrating?
7793,7531,3,16,132,151,1.1456953642384107,0.03308608211071999,635,"♫ Tonight, tonight, won't be just any knight ♪
 - or - 
Shall I ask the maitre d' to bring a straw?
 - or - 
So, what do you do for a living?"
5270,7533,2,19,137,158,1.1455696202531647,0.030878389120956445,635,"Don't worry, this will disappear once you get to know me better."
1356,7534,2,21,149,172,1.1453488372093024,0.029367440964431727,635,Of course you're a feminist! Isn't everybody?
3291,7534,5,15,152,172,1.1453488372093024,0.03265646883562947,635,I guess I should've expected this when I mentioned having a (k)night out.
3796,7534,4,17,151,172,1.1453488372093024,0.03159818825198822,635,"Gosh, that's an odd way of saying 'Good Night'"
4193,7537,2,23,161,186,1.1451612903225807,0.028053507412698422,635,Is that real?
1065,7538,2,20,144,166,1.144578313253012,0.02992635507497198,635,It's not you - it's me. I just don't see myself sallying-forth with someone who's got vertical stripes.
5019,7539,2,23,162,187,1.1443850267379678,0.02791388111187568,635,"I'm just sayin', it's not that I drink that much, but wine is a known antioxidant."
6544,7540,2,18,133,153,1.1437908496732025,0.03133633674316681,635,You still don't like a wine with a metallic aftertaste?
3264,7541,3,18,146,167,1.1437125748502994,0.030947625246376967,635,"Usually, my knight in shining armor takes it off before our blind date."
1711,7541,7,10,150,167,1.1437125748502994,0.03530346974393695,635,I'm wearing  my Me -Too  chastity belt
5688,7543,3,19,152,174,1.1436781609195403,0.03017458885889777,635,That tin suit is no protection... I can still grab your neck!
2655,7543,3,19,152,174,1.1436781609195403,0.03017458885889777,635,"I thought you said you wanted an armoured knight"""
7492,7545,2,19,140,161,1.1428571428571428,0.030341153991807396,635,"I hate to criticize, O Shining One, but your kisses hurt even more than Cupid's arrows."
6693,7545,3,19,153,175,1.1428571428571428,0.03001289893936515,635,I like its notes of butterscotch and grass. -- suitable for a joust!
6224,7545,2,18,134,154,1.1428571428571428,0.031146187627034697,635,I don't think this is a special knight.
1196,7545,4,17,154,175,1.1428571428571428,0.031087868176128377,635,I felt the same way after I filed my income tax return.
962,7545,3,21,165,189,1.1428571428571428,0.028638893667887678,635,"I didn't think this is what they meant when they said it would be a blind taste test!
Peter J. Kahn, Bethesda, MD"
3269,7545,2,19,140,161,1.1428571428571428,0.030341153991807396,635,"Sorry, it's not shiny enough to even consider a second date, let alone a lifetime."""
5853,7551,1,23,152,176,1.1420454545454546,0.02759214999669974,635,First comes the smell test.  Then we drain the swamp.
6497,7551,2,21,153,176,1.1420454545454546,0.028744770069969987,635,My fashion statements never go beyond the horse and buggy days.
5964,7553,3,18,148,169,1.1420118343195267,0.030603788262688166,635,"Do I have your permission to declare war on this light, ma'am? ​B.T.W my metal is from ancient times."
700,7554,0,23,139,162,1.1419753086419753,0.027507008748645884,635,"Why did you insist on the round table?""

""Because I have crippling depression."
1874,7554,3,17,142,162,1.1419753086419753,0.03141145075609624,635,Let's call it a night. I feel a distress headache coming on.
1369,7556,1,19,128,148,1.1418918918918919,0.03033510084041695,635,"Knight in shining armor, at your service."
4427,7557,0,24,146,170,1.1411764705882352,0.026784884320269223,635,"Yes, I asked for a ""knight in shining armor."" No, there will be no dubbing tonight."
1008,7558,3,17,143,163,1.1411042944785277,0.03123029635706968,635,"Yes, I really should remodel the basement so the wine cellar is this side of the dragon's lair."
2158,7558,2,19,142,163,1.1411042944785277,0.02999318336741649,635,Hmmmm.
2638,7558,6,11,146,163,1.1411042944785277,0.03467783869659687,635,"Can't you see? This is me, breaking out of my comfort zone."
4281,7558,4,15,144,163,1.1411042944785277,0.032420237084101196,635,"Tinwoman, at last!"
4239,7562,2,18,136,156,1.141025641025641,0.03077267695065717,635,Mother-in-law takes me out to discuss “Family Values and the #MeToo Movement” over a glass over Sangria.
6201,7563,3,22,174,199,1.1407035175879396,0.027620881382740412,635,"More like Tannin Lafite, am I right?"
349,7564,5,16,164,185,1.1405405405405404,0.030825856511529203,635,"Like my online dating profile said
 Knight in Shining Armor  Frank Buckley Andover, MA"
2840,7565,6,13,159,178,1.1404494382022472,0.03260265178012426,635,"You can take of your helmet, Lindsay.  They locked to door."
3164,7566,2,20,149,171,1.1403508771929824,0.02910875361868274,635,I am just warming up for safe sex later on.  Wine affects me that way.
3219,7566,2,20,149,171,1.1403508771929824,0.02910875361868274,635,"If I may ask,who's drinking who under the table?"
7164,7566,0,24,147,171,1.1403508771929824,0.02664058253913321,635,I agree the best vintage of the tasting is the 1216.
809,7569,0,22,135,157,1.1401273885350318,0.027791774230067172,635,"Don't panic, the tomatoes here aren't poisonous."
4756,7570,2,17,131,150,1.14,0.03141694779097929,635,It all went smoothly between them until he found out that a visor is not a sipper.
1959,7571,3,20,163,186,1.1397849462365592,0.02871134812449793,635,"(knight) - I have been fighting and protecting for fortnight.
(woman) - Protecting? My son has been addicted to that game for 2 weeks now!"
6337,7571,3,20,163,186,1.1397849462365592,0.02871134812449793,635,Not this. I meant the other kind.
4792,7573,5,15,159,179,1.1396648044692737,0.03144680443649393,635,"Thomas, What are you doing wearing my lying, stinky, dirty, old, white-mans Halloween costume !”  I earned it"
4110,7574,4,16,152,172,1.1395348837209303,0.03121108363754431,635,Don't worry the lobsters are given some wine before serving.
5979,7574,3,18,151,172,1.1395348837209303,0.030102031257465568,635,This wasn’t really her idea of a night out.
6666,7576,1,26,174,201,1.1393034825870647,0.025480214979705224,635,"Look, it’s the Me Too movement. You don’t comment on my beaver, and I won’t comment on yours."
671,7577,4,14,140,158,1.139240506329114,0.032952919428260376,635,"In restaurants, it's more than just eccentric, but in bed, it's flat out nuts!  The tin suit's gotta go, or we're history!"
2904,7578,3,21,170,194,1.1391752577319587,0.027946408782305282,635,"Yes he said it was a hard time 'out there' for young men, but maybe you've gone a bit too far, no?"
6546,7579,2,17,132,151,1.1390728476821192,0.031221964164657206,635,The suit won’t help if you’re blotto
1961,7580,2,21,157,180,1.1388888888888888,0.028147753381312705,635,You really need to shine your armor more.
4523,7580,1,18,125,144,1.1388888888888888,0.030552906574445045,635,"OH, so you're a Libra. I myself am a Leo personally."
6039,7580,2,21,157,180,1.1388888888888888,0.028147753381312705,635,I feel more comfortable viewing the world from behind my amor
471,7583,0,24,149,173,1.138728323699422,0.026356541915840477,635,My parents named me Robert but my friends call me “Bobby the Knight.”
187,7584,1,21,144,166,1.1385542168674698,0.02822046738727659,635,"I only like night ""knight"" dates."
7618,7584,1,21,144,166,1.1385542168674698,0.02822046738727659,635,It's true that age is just a state of mind. I just wish my mind wasn't stuck in the medieval age.
181,7586,0,22,137,159,1.1383647798742138,0.027469196506956863,635,I go for the shy-type in men.
2875,7586,1,20,138,159,1.1383647798742138,0.028881971065663422,635,I like how it gives my wine an after-taste
7610,7588,4,13,135,152,1.138157894736842,0.03372089078801223,635,You never listen to me. I told you to get it shined by this weekend
2664,7589,2,20,152,174,1.1379310344827587,0.028639131033213597,635,This wasn't what I imagined when his restaurant advertised a night of wine.
5717,7589,2,20,152,174,1.1379310344827587,0.028639131033213597,635,"You said you wanted to eat at a round table! And, yes, I have an oil can with me!  And, no, your ex-wife won't recognize you!  I'd say chivalry is dead!"
2745,7589,3,22,178,203,1.1379310344827587,0.027110218238671848,635,"It's not red, and I don't be 40."
1845,7589,1,18,126,145,1.1379310344827587,0.030356580795963806,635,Your code of chivalry sounds sexy.
1692,7589,2,16,127,145,1.1379310344827587,0.03189525730002668,635,"My passion? My daughter introduced me to Dark Souls, and it changed my life."
124,7589,2,16,127,145,1.1379310344827587,0.03189525730002668,635,You're fetish wear is a tad bit too modest.
6558,7595,1,25,170,196,1.1377551020408163,0.02571866682503981,635,Did you request this particular table?
1674,7596,3,19,160,182,1.1373626373626373,0.028927531494722845,635,"Knights in shining armor aren't known for small talk, so drincan and let's catch a trusty steed to my place."
6774,7596,0,25,157,182,1.1373626373626373,0.02558639823603387,635,'My Knight in Shining Armor has always been Lee Harvey Oswald...'
1025,7598,2,20,153,175,1.1371428571428572,0.028485914722116815,635,I need to see your face.  How else can I evalualte you?  ?
5296,7598,2,20,153,175,1.1371428571428572,0.028485914722116815,635,You are not my knight in shining armor!
2480,7600,5,13,150,168,1.1369047619047619,0.03261879785692553,635,"So this is what you meant by ""I'ma get medieval on your ass?"""
7064,7600,4,15,149,168,1.1369047619047619,0.03150714163806767,635,I recently pledged fealty to the president. Don't break up with me.
1380,7602,3,16,142,161,1.1366459627329193,0.031148928989117607,635,"Did you think I said, ""Cab or neigh?"""
5350,7603,2,20,154,176,1.1363636363636365,0.028334317180871982,635,What is your Inner Child scared of?
823,7603,7,7,140,154,1.1363636363636365,0.03693110401978727,635,"Yeah, I don't believe her testimony!  What's you gonna do about it?"
912,7603,3,15,136,154,1.1363636363636365,0.03200588528420813,635,I’m on my second drink. You don’t like the wine?
4147,7606,2,19,149,170,1.1352941176470588,0.02883528319702229,635,You might try these because we've eliminated 'sexual assault' cases significantly.
3949,7607,0,25,160,185,1.135135135135135,0.02520283265514361,635,"I was hoping your armor would be really, really shiny!"
6511,7608,2,18,143,163,1.1349693251533743,0.02953262307080364,635,This “Knight in Shining Armour” routine of yours is seriously getting in the road of good sex.
6628,7608,3,16,144,163,1.1349693251533743,0.030788247554563643,635,this was not exactly what Faith had in mind when she agree to a night out
5201,7608,2,18,143,163,1.1349693251533743,0.02953262307080364,635,It's not what I expected for date night.
4013,7611,0,19,122,141,1.1347517730496455,0.028858488811739632,635,Is Mr. Right a knight in shining armor?
1954,7612,1,19,136,156,1.1346153846153846,0.028884039086324472,635,Me trying to explain to my teacher the bell does dismiss us.
5153,7612,3,15,138,156,1.1346153846153846,0.031618249252890404,635,"I’m sorry, but I can’t date a man whose pony is bthan Ariana Grande’s."
193,7614,1,21,149,171,1.1345029239766082,0.027451325249387214,635,...and now it's far more difficult to watch the kids...
664,7614,3,17,151,171,1.1345029239766082,0.029852540212793453,635,It was YOUR idea to meet up to knight.
6382,7616,3,14,132,149,1.1342281879194631,0.03251604986887861,635,So I guess you weren’t talking about the basketball team.
7605,7617,1,19,137,157,1.1337579617834395,0.028712279931863094,635,I forgot. How fast does an African swallow fly?
442,7618,3,17,152,172,1.1337209302325582,0.0296887719714489,635,He said I was a militant feminist.
580,7619,0,25,162,187,1.1336898395721926,0.024953383028272266,635,Knight in shining armor; where is the white horse then
5052,7620,2,16,132,150,1.1333333333333333,0.030895170472719592,635,"'' i promise to show you my face tonight"""""
5335,7620,3,16,146,165,1.1333333333333333,0.030435777238188504,635,"No, it's the first time I've used the ArmRR app."
2586,7620,2,20,158,180,1.1333333333333333,0.027743616486351878,635,Don't look at me like that! I may not be your white knight but I am your knight in Sauvignon Blanc.
108,7620,6,14,175,195,1.1333333333333333,0.030213502912052135,635,"Why are you wearing a full suit of armor? I mean, you're an adult and can make these decisions but it's weird to be dressed as a knight in public at this restaurant, and on our first date no less."
1991,7620,0,22,143,165,1.1333333333333333,0.026544435312706515,635,Nice... but it could be a little more shiny.
1813,7625,1,21,151,173,1.1329479768786128,0.02715518559027962,635,"You didn't change any bit since 17 years ago while starring in A Knight Tale, did you?"
7272,7625,4,15,154,173,1.1329479768786128,0.03064382661841691,635,"Thanks for helping me with that difficult situation, ma'am."
1931,7627,3,18,160,181,1.132596685082873,0.02869029795928161,635,"My lady. Your dating vignette indicated your fondness for the angelic sounds of minstrels. Tell me, do you fancy the one they call Sir-Mix-A-Lot?"
932,7628,2,18,146,166,1.1325301204819278,0.029031046410554526,635,#MeWoo
1662,7629,2,18,147,167,1.1317365269461077,0.028867594520319294,635,"What, you said you were into?"
174,7630,4,17,169,190,1.131578947368421,0.028763880121777188,635,"A date at night, with a knight."
4087,7631,0,21,139,160,1.13125,0.02677925573528602,635,"You're welcome, but I'm programmed to swipe right."
3849,7632,2,20,161,183,1.1311475409836065,0.027316398787520162,635,I thought I was having a date night.
5650,7632,2,20,161,183,1.1311475409836065,0.027316398787520162,635,"Ahhh ...I see now that I still haven't met my match ---- I thought your headline said ""whining"" armor, not ""shining"" armor."
4813,7634,2,18,148,168,1.130952380952381,0.028705961187416397,635,Mayor Jones found her knight in shining armor over a glass of wine Saturday night.
1055,7635,0,21,140,161,1.1304347826086956,0.026624888508512815,635,I can visualize a better cleavage in my mind this way.
4146,7636,0,22,147,169,1.1301775147928994,0.025961433098793257,635,Well this is quite appropriate that we drink a red with impressive pedigree...
7261,7637,3,11,117,131,1.1297709923664123,0.03494303150780469,635,"Sorry, the guy who shines my armor was sick this week"
797,7638,1,19,142,162,1.1296296296296295,0.027883015129214896,635,I thought you were a white knight.
6496,7639,1,20,149,170,1.1294117647058823,0.027134234118669595,635,Didn't King Arthur tell you that everyone's equal around the round table?
6,7640,3,17,158,178,1.1292134831460674,0.028742498317578025,635,You know when I said we should get to know each other this isn't what I meant
7037,7640,2,19,157,178,1.1292134831460674,0.02761614088657507,635,What?  You said 'red'.
1339,7642,2,16,137,155,1.1290322580645162,0.02995552829928984,635,"This way, people on Twitter can't say it was my fault."
1443,7643,2,17,144,163,1.1288343558282208,0.029056770941986526,635,"So when you advertised “seeking my knight in shining armor,” I wasn’t sure how you’d feel about my gender reassignment campaign!"
1889,7644,1,16,123,140,1.1285714285714286,0.030146707303438162,635,"I asked my last date if he had any chinks in his armor, and it sounded like 'racist pig', as he stormed out."
542,7645,3,17,159,179,1.1284916201117319,0.02859058900177908,635,"You were my knight in shining armor until you tarnished your armor with that wine.  Next time, lift your visor."
4680,7645,2,19,158,179,1.1284916201117319,0.0274709133599663,635,I thought my date would be shinier...and I even have to drink his cheap wine!
2623,7647,0,20,136,156,1.1282051282051282,0.026853073748135524,635,Yeah I love the shiny bit. Bit you really can't take it off in bed?
623,7648,0,21,143,164,1.1280487804878048,0.026172187071286615,635,"Ever seen Mrs. Doubtfire? Yeah, it’s that kind of a situation."
4160,7648,1,19,144,164,1.1280487804878048,0.0275644712479971,635,Sorry - no - that's my uncle. I'm the one in WINING armor.
7270,7650,3,16,153,172,1.127906976744186,0.029262924167716076,635,So sorry--all I have is red wine.
760,7651,4,17,175,196,1.1275510204081634,0.02792830419187507,635,Look at me like I'm the first ever catfish.
1201,7652,3,13,133,149,1.1275167785234899,0.03199711833459975,635,Is this to be a toast to a joust?
3652,7653,4,12,141,157,1.127388535031847,0.03223671562880154,635,"Oh, I'm sorry, I thought you were muslim, so I thought I'd make you feel comfortable by wearing a comperative Aryan tradition of ours of covering up ourselves so nobody can see us."
7218,7654,2,19,160,181,1.12707182320442,0.027184965459457016,635,Is this a freak in or a freak out?
4522,7655,1,22,166,189,1.126984126984127,0.02541581525770753,635,Is this allowed? Wtf? Is this allowed?!
5910,7656,1,17,132,150,1.1266666666666667,0.02884296240400122,635,Might I suggest you not order it rare.
7024,7657,0,20,138,158,1.1265822784810127,0.026536743575457884,635,World travel ain't what it used to be.
3165,7658,1,19,146,166,1.1265060240963856,0.02725307241337117,635,Haters gonna hate...INCOME INEQUALITY!!!!
4385,7658,1,19,146,166,1.1265060240963856,0.02725307241337117,635,"For a night owl, early closings are a pain."
4587,7658,0,21,145,166,1.1265060240963856,0.025878767471436286,635,Sir Render”? Lady Capitate. Buzz off
2195,7661,3,16,155,174,1.1264367816091954,0.02894416395558567,635,It's a common cold--and a straw please
5702,7662,4,15,163,182,1.1263736263736264,0.029202983356909264,635,"Drink a small much as you want, I’ll ride you home."
5278,7663,1,17,133,151,1.1258278145695364,0.02866359000111159,635,"Actually, ""wax on, wax off"" is not really my thing."
1682,7663,3,13,135,151,1.1258278145695364,0.031594332296361764,635,I don't get why everyone always wants a cramped little booth
1168,7665,1,18,140,159,1.1257861635220126,0.027849348439146354,635,What?  A night with wine and armor isn't good enough?
2969,7666,1,19,147,167,1.125748502994012,0.02709997831468574,635,I still think a Liebfrau Milch overlooking the moat would be better than a Caberknight Sauvignon at the Round Table.
5082,7667,3,17,163,183,1.1256830601092895,0.02799859825344832,635,"For heaven’s sake, it’s hard enough for knights in shining armor to to candlelight dinners. You can just forget about the"
6581,7668,5,12,159,176,1.125,0.03081680263549943,635,"So, before we begin this interview on the recovery of the rust-belt, are you sure you don't need a straw?"
6537,7668,1,19,148,168,1.125,0.026948582879071602,635,The ticks can bring it.
4815,7668,4,13,151,168,1.125,0.030660791207653578,635,80 year old Judy travels back in time to have one last dinner with her knight and shining armor.
1729,7668,2,18,156,176,1.125,0.027474899997454585,635,I’ve never been on a blind date like the before.
3764,7668,2,16,142,160,1.125,0.02907104721477233,635,"Come On, Try It, Have a Zip"
2208,7673,2,17,150,169,1.1242603550295858,0.028082399827366183,635,Please don't wine on this knight.
6405,7674,0,20,141,161,1.124223602484472,0.026075862769792967,635,Wining to my Knight in Shining Armor
5140,7675,1,20,157,178,1.1235955056179776,0.02598952545039421,635,"But can't you see, I really am your knight in shining armor."
1259,7676,0,21,149,170,1.1235294117647059,0.025311070173659724,635,"Let’s both stop ‘wining’, the “Me Too” movement has us Gallant Knights feeling quite vulnerable too."
4387,7676,1,19,150,170,1.1235294117647059,0.02665077705452891,635,"I only drink red wine at (k)night"""
4643,7678,1,17,136,154,1.1233766233766234,0.028138528138528147,635,aren't you a bit withholding?
1212,7679,6,11,170,187,1.1229946524064172,0.030412760027261166,635,"Brett, planning to celebrate with your Delta brothers?"
185,7680,2,16,145,163,1.1226993865030674,0.028564862767221484,635,The Knight of the date.
331,7680,2,16,145,163,1.1226993865030674,0.028564862767221484,635,LIMERICK ADVICE TO EMMA AND COLIN:The new New Yorker consumer...The young hip millennial  bloomer...Don't think of a limerick...As some kind of gimmick...But more as an artisan humor.
4294,7682,0,20,144,164,1.1219512195121952,0.025630589418441176,635,I eat a Mediterranean diet as well!
6241,7683,2,16,147,165,1.121212121212121,0.02823703751020032,635,When your attempt to conceal your body language backfires and only serves to increase your magnetism.
2244,7683,2,16,147,165,1.121212121212121,0.02823703751020032,635,"I've developed scar tissue, too.  I just try to hide it."
7527,7685,2,15,140,157,1.1210191082802548,0.02907232258519989,635,"I""m sorry to keep bringing it up, but I just don't think a valet is a suitable substitute for a man-at-arms."
2814,7686,2,15,141,158,1.120253164556962,0.028897887065686165,635,Shall I order you some foie gras?
7438,7686,2,15,141,158,1.120253164556962,0.028897887065686165,635,"You see a knight, but I see domestic violence being forestalled."
5918,7688,0,21,154,175,1.12,0.024635270482057582,635,This date is going to get a bad review on YELP
6182,7688,1,16,133,150,1.12,0.02825261564577235,635,I asked for a knight in shining armor but where is our dinner..and can you please take off the mask?  I need a man that will look me in the eye!
7144,7688,2,17,156,175,1.12,0.027170930085437216,635,"Sorry, but my profile said I was night in a shining armor”"
3894,7691,1,20,163,184,1.1195652173913044,0.025192042871460787,635,Don’t you need a straw to drink this wine? Or else get out of these soldier uniform. Otherwise you can’t tell what you are drinking.
2929,7692,1,17,141,159,1.119496855345912,0.027304654082417012,635,"I used to just put on a fedora for classy places, but everyone online kept calling me a 'white knight.'"
1784,7693,2,16,150,168,1.119047619047619,0.027759101356513195,635,The Liszt? I thought you said we were going to the lists.
915,7694,2,17,158,177,1.11864406779661,0.026880049528771502,635,You call this speed dating
5136,7694,1,19,157,177,1.11864406779661,0.025658053848283836,635,So this is what you meant when you said you
789,7696,3,17,174,194,1.1185567010309279,0.026489693442339153,635,Why do you always have to be so dramatic Janet ? I only forgot to flush once !
5600,7697,2,16,151,169,1.1183431952662721,0.027603347197579016,635,You're twenty minutes late and two weeks early.
2509,7697,3,14,152,169,1.1183431952662721,0.028851120509345546,635,"You're probably wondering how I'm going to drink this here mead. Forsooth! If Lancelot could do it, should I not, too? Hear, hear. Get me a straw!"
7123,7699,4,14,168,186,1.118279569892473,0.028217328960371504,635,Any interesting aperitifs in your times?
7084,7700,1,19,158,178,1.1179775280898876,0.02552220546540715,635,"(Well, he’s well defended)"
819,7701,2,15,145,162,1.117283950617284,0.028220492044604986,635,I wish you would have shined your armor.
3831,7701,3,13,146,162,1.117283950617284,0.029547883297135504,635,"Knight: ""Time flies, dors it not?"""
928,7703,2,17,161,180,1.1166666666666667,0.026455166858425572,635,"I guess I need to start digging a little deeper with this '""just lunch"" dating service."
6112,7704,0,20,152,172,1.1162790697674418,0.024513780311382776,635,I’m defensive. I’m not wearing lipstick or glasses to shield me.
4183,7705,1,16,138,155,1.1161290322580646,0.027391617109358918,635,You are aware that straws need to be requested and then I will frown even more at you
101,7706,3,13,148,164,1.1158536585365855,0.02920384819944156,635,He's on the Court and he's married. Keep him away from beer and you'll be fine.
360,7706,2,15,147,164,1.1158536585365855,0.02789351269684028,635,You're in a suit of armor.
2471,7706,2,15,147,164,1.1158536585365855,0.02789351269684028,635,"And the Knight said,""just take it off for a little while""."
4263,7706,4,11,149,164,1.1158536585365855,0.030457863496037643,635,"I don't really mind eating with a man with armor,but can you take that off?"
6315,7706,1,17,146,164,1.1158536585365855,0.02651850960143789,635,"So, you finally turned bearish."
1693,7711,1,20,170,191,1.1151832460732984,0.024321018642729387,635,I don't want to be a Me Too.
1425,7712,1,18,155,174,1.1149425287356323,0.025582801834317374,635,Too much? What you wear to play hostess to a Republican victory party?!
7625,7712,2,16,156,174,1.1149425287356323,0.026849963086552485,635,I was expecting someone with some shine.
6885,7714,1,19,163,183,1.1147540983606556,0.02486386638781715,635,"Call me again after you've used some white wine vinegar on the armor rust, Sir Knight."
1138,7715,2,14,141,157,1.1146496815286624,0.028530554815487538,635,"Too many places serve dainty tapas-style menus, so I started bringing my own heavy plate just in case."
2666,7715,1,16,140,157,1.1146496815286624,0.027061656282486333,635,I misunderstood Gwynnie’s warning that their ancient stuffy “suit required” rule was only for night dining.
4260,7715,1,16,140,157,1.1146496815286624,0.027061656282486333,635,On Match Online I suggested we start slow
1584,7718,0,20,155,175,1.1142857142857143,0.024119492974684457,635,Did you bring the Vegan Starter Kit?
4642,7719,1,16,141,158,1.1139240506329113,0.026899623416065343,635,Maybe you could get some big wine company to spounser your Jousting.”
4204,7720,0,17,133,150,1.1133333333333333,0.0259696375230728,635,"I'm on a liquid diet, too.  It's what we gives me my drop dead looks."
3727,7721,1,16,142,159,1.1132075471698113,0.026739509333640447,635,"I mean, sure, I like fighting dragons as much as the next guy, but I really became a knight for the snap."
1193,7722,2,15,151,168,1.1130952380952381,0.027261675960902797,635,"You see, my dear, I was told the overhead lighting in this restaurant is sometimes explosive!"
2642,7722,3,13,152,168,1.1130952380952381,0.02853918316327532,635,++I think you could be a bit more subtle before you hit the bank.
986,7724,1,14,127,142,1.1126760563380282,0.028442385425839274,635,May your spirits always rise in knightly fashion.
6186,7725,1,18,159,178,1.1123595505617978,0.025039047135297768,635,Bottom sup!
6748,7726,2,16,161,179,1.111731843575419,0.026136440554161946,635,"So, who asked you up here for a blind date?  Your pal, Bert?
I somehow get the feeling he mentioned the sledgehammer I always keep in my evening bag."
1251,7727,2,17,171,190,1.1105263157894736,0.02513065129119653,635,"Sticks and stones can’t  break My bones, but watch"
6902,7728,3,13,156,172,1.1104651162790697,0.027904001609397787,635,Jenny set me up with a real beast last time - she didn’t even like red wine
6932,7729,2,14,148,164,1.1097560975609757,0.027369314745563495,635,Your my knight in shining armor but where is your house?
4079,7730,4,9,142,155,1.1096774193548387,0.031132434569685775,635,"the white's a bit steely, don't you think?"
2070,7731,2,15,157,174,1.1091954022988506,0.026365623107859934,635,"Don't look at me like that.  No, you don't look at me like that.  No, you don't look at Me like that. ...."
1248,7732,2,13,141,156,1.108974358974359,0.028140198970054767,635,"Chivalry may not be dead, but it is certainly retro, in a pre-post-modern, paternalistic sort of way... Or did you say, ""Hillary?"""
3824,7733,0,19,156,175,1.1085714285714285,0.023584486605494656,635,I thought tonight I would finally meet someone who shines armor.
3921,7734,0,18,148,166,1.108433734939759,0.0242056667628675,635,I’ll You don
4731,7735,0,17,140,157,1.10828025477707,0.024878633764028,635,"You got your knight in shining armor, so stop complaining about the emell! If i showered, I would turn the color of this wine."
5002,7735,2,13,142,157,1.10828025477707,0.02796900163789992,635,- I'm ready. How fast you may undressed?
269,7737,1,18,166,185,1.1081081081081081,0.024140840809738,635,I've picked up wine sniffing as a hobby in the last few centuries- this helmet has been stuck on my head since 1580.
218,7738,4,11,161,176,1.1079545454545454,0.02846099155232783,635,If I don't get some anal sex soon I'll just die.
6188,7739,1,15,142,158,1.1075949367088607,0.026309826474500607,635,"Bon Apetit to Our Hidden Apertif: ""As they say grace, a windcheater shall remove the Cheat's Last Trace""..."
2732,7740,0,18,150,168,1.1071428571428572,0.02393394919332699,635,"I am your knight in shining armor, coming to your emotional rescue."
1591,7741,3,11,145,159,1.1069182389937107,0.029037576944627767,635,I'm not impressed by your suit with shinning nitre.
6431,7742,4,11,163,178,1.1067415730337078,0.028153296045378733,635,If you d154-b6b1-4d57-ae55-1b4b6649ac7e%22%2C%22session_count%22:2%2C%22last_session_ts%22:1539451512960}
4701,7743,0,18,151,169,1.106508875739645,0.023800352029249516,635,I know I texted you about the knight on the first date but it's not even Halloween yet
4818,7744,2,15,164,181,1.1049723756906078,0.02539166787510005,635,"Man went too far when his date asked him to bring good wine. He only focused on the ""aged"" part."
6640,7745,2,12,140,154,1.103896103896104,0.027897540063660256,635,"You're right, you won't be on any suspect list - the FBI instructions excluded investigating knights in shining armor."
4098,7745,3,10,141,154,1.103896103896104,0.02937950270898307,635,A suit of armor dos not hid your ftid soul Amy Sorkin.
5499,7747,2,13,149,164,1.103658536585366,0.026826377491751867,635,"Not sure our waiter appreciated your allusion to the Red Knight from the ""Fisher King""."
7472,7748,2,11,132,145,1.103448275862069,0.028907531815998363,635,You were explaining this challenge you face to find intimacy with a certain cockroach...
2363,7749,1,14,140,155,1.103225806451613,0.02617045339275437,635,"You know, when I saw you on the dating site, you were one ugly dude but after this fourth glass of top shelf red, you're lookin' good, dude!"
94,7750,1,15,149,165,1.103030303030303,0.025247104616535482,635,"Are you Richard Colton who created "" I love New York' and is trying to reach an editor at The New Yorker to tell the true story to?"
904,7750,0,17,148,165,1.103030303030303,0.023738291040234893,635,Mine doesn't have hints of metal and a long
5156,7750,1,15,149,165,1.103030303030303,0.025247104616535482,635,"Actually no sword, just straws."
7475,7750,1,15,149,165,1.103030303030303,0.025247104616535482,635,The straw van isn’t going well for me.
2926,7754,2,15,168,185,1.1027027027027028,0.024866652978161926,635,WITH FACE COVERED HOW WILL YOU DRINK WINE?
1638,7755,2,14,160,176,1.1022727272727273,0.025583509114405076,635,This is perfect there is no wait
900,7756,0,18,159,177,1.1016949152542372,0.022782701205887892,635,I love your new hair colour.
172,7757,1,14,144,159,1.10062893081761,0.0255423903617967,635,Well I usually use a crystal ball
6141,7757,1,14,144,159,1.10062893081761,0.0255423903617967,635,This knight ended up being solid
3427,7759,1,15,153,169,1.1005917159763314,0.024677363612840234,635,"Well it's Night, and you have shining armour,  but, I'm not sure about the ""My"" part. For all I know, you may have some small night's."
4261,7760,4,8,148,160,1.1,0.02967327323795082,635,Alcohol turns me on like hellium tuns on the rocket.
1238,7760,0,19,171,190,1.1,0.021821789023599235,635,"But it says in your online profile that your favorite song is 'Knights on Broadway.'""
Dennis Kaplan, Avon, C"
1094,7762,1,17,173,191,1.0994764397905759,0.0229475468136918,635,What? You got something against my grillz?
6952,7763,1,15,155,171,1.0994152046783625,0.02440199222699443,635,"Listen, I did ask to meet a ""Doctor"" but you will do."
1494,7764,0,16,145,161,1.0993788819875776,0.023651469272869277,635,"No one will remember 30 years from now. I will remain unknown and protected by my suit of armor. Plus, doesn’t the wine make it consensual?"
4759,7765,4,9,160,173,1.0982658959537572,0.028000465549767213,635,"Bob, you're sweet, but my was meant to be taken figuratively, not literally."
4592,7766,1,14,148,163,1.098159509202454,0.024943659800316282,635,"Love how pendant lighting makes me think of how,um,pending things could be."
3171,7767,4,9,163,176,1.0965909090909092,0.02753861193995973,635,I like red wine because it reminds me of my nemesis - The dark knight
1819,7768,1,16,170,187,1.0962566844919786,0.022917162928941352,635,I couldn't be more excited. I've never seen Sheckie...in a club!
2043,7769,1,16,171,188,1.0957446808510638,0.022800686593955618,635,"It's the safest way to avoid accusations""

""Uh huh, battle gear. Sure."
462,7770,1,13,144,158,1.0949367088607596,0.025058143599118926,635,Do not touch the glass till you
2918,7771,1,14,154,169,1.0946745562130178,0.024096236139784247,635,So drink wine with a knight charges too?
23,7772,1,15,164,180,1.0944444444444446,0.023234991247326274,635,"This is the smallest Round Table I've ever 






""It's the latest in winter wear."""
451,7773,3,9,147,159,1.0943396226415094,0.027921171507327328,635,I...I...I'm sorry I forgot to take the chicken out of the freezer before work this morning.
2795,7774,4,8,159,171,1.0935672514619883,0.027822551860679223,635,Which planet are you from?  Do you have a jetlag?
3543,7775,1,13,147,161,1.093167701863354,0.024610699075973855,635,I hope my glass doesn't get stained!
1815,7775,0,15,146,161,1.093167701863354,0.022979267992156438,635,"You'll win the election if you convince them that it's not really armor."""
4058,7777,1,12,138,151,1.0927152317880795,0.025477329883008413,635,The dating game is getting creatively interesting...errr...but you need to speak up as I cannot hear you clearly...
5470,7778,1,13,149,163,1.0920245398773005,0.02432114897738414,635,"Did you take my beans tiger, Reeeeeeeeeeeeeeee"
6489,7779,1,12,148,161,1.0869565217391304,0.023955355000840867,635,"Do I dance? sing ? or just look   ""Stressed "" out ?"
5631,7780,0,13,137,150,1.0866666666666667,0.023048760038210964,635,What am I missing? This is supposed to be a whine tasting!
1777,7781,1,13,161,175,1.0857142857142856,0.02271714102531529,635,Do you fuck with the war?
397,7782,1,10,138,149,1.080536912751678,0.02431126104715795,635,"My stomach doesn't know chivalry. May I order a cheese plate? Carrots? A slice of bread, sir?"
4760,7783,1,11,154,166,1.0783132530120483,0.022593707918128834,635,"Sorry, we cannot order two knights' special.  Just whine, ironic, huh?"
5645,7784,1,13,179,193,1.077720207253886,0.020671345774759625,635,"Date knight. The women says,""You disgust me!""  The knight says "" but whyyyyyyyyyy!!"""
7301,7785,0,15,180,195,1.0769230769230769,0.019131384745146418,635,"What did you expect?  I said on the dating site that I liked being called ""Sir.""  I also said that I wasn't a Dom."
1824,7786,1,9,136,146,1.0753424657534247,0.02397766327584258,635,"If we don't get our food soon, I'm going to drop a house on someone!"
1079,7787,1,10,152,163,1.0736196319018405,0.022287365677262198,635,Well duh - I'd never have guessed . . .
4369,7788,1,9,142,152,1.0723684210526316,0.023058969527159155,635,"I know it's not a flattering outfit for a first date, but he is white and very powerful."
5451,7789,3,4,140,147,1.0680272108843538,0.026717168559768974,635,"Honey, I am too old for you. The drinking age is 21, but you’re 18. Old enough to join the military."
651,7790,0,11,157,168,1.0654761904761905,0.019141618286869475,635,"So, how's about I set you on my pacing steed,
and nothing else see all day long?"
2762,7791,0,10,151,161,1.062111801242236,0.019081064794168493,635,"I know this is speed dating, but I still think you’re being presumptive."
5304,7792,1,6,141,148,1.054054054054054,0.02097061870888074,635,"I should have known better. This was an awkward moment on the TV Show ""Ed"" and this is just as awkward."
687,7793,1,6,158,165,1.0484848484848486,0.01884715157256285,635,"*a rhythmic, metallic clanging is heard* oh haha the squire? he's definitely not under the table, sucking my dick"
1934,7794,0,0,139,139,1.0,0.007220263657073482,635,"At least you were listening, to my knight in shining armor comment."
