target_id,rank,funny,somewhat_funny,unfunny,count,score,precision,contest,caption
2802,1,36,52,127,215,1.5767441860465117,0.05201518698240395,637,"Every move you make, 
Every leaf you rake,
I'll be watching you."
176,2,42,42,144,228,1.5526315789473684,0.052078006955894304,637,Your wife said for me to tell you that you're doing it wrong.
459,3,28,56,125,209,1.5358851674641147,0.04983891544497526,637,So you're the fall guy.
2969,4,35,45,135,215,1.5348837209302326,0.05180681771262228,637,"And in this exhibit we have the “leaves raker”, simulating what people did before the discovery of simply blowing them into other people’s yards."
1738,5,27,59,128,214,1.52803738317757,0.0485252150581997,637,I preferred his earlier yard work.
2595,5,30,53,131,214,1.52803738317757,0.049863086580971695,637,I'm here here to review the fall collection
1643,7,28,71,144,243,1.522633744855967,0.0445334115673864,637,Add a velvet rope and people will pay for anything.
669,8,28,52,128,208,1.5192307692307692,0.050065703050683676,637,"WITH the grain, Pete. WITH the grain."
3095,9,26,47,121,194,1.5103092783505154,0.05180348258309737,637,I also like watching paint dry.
3429,10,26,54,129,209,1.507177033492823,0.04896782292904969,637,I’m with Neighborhood Watch.
1109,11,29,56,140,225,1.5066666666666666,0.04760952285695234,637,My other choice was watching paint dry
924,12,31,41,133,205,1.502439024390244,0.052038497982793794,637,"Nine more leaves, Senator, and your hour of public service will be fulfilled."
3707,13,30,49,138,217,1.5023041474654377,0.04937068718890383,637,What if I told you somebody could make that tree go away?
1687,14,29,40,130,199,1.4924623115577889,0.05229097251429208,637,"Not bad, Cliff, but I think your spring performance of Power Washing the Patio was more avant garde"
73,15,28,53,141,222,1.490990990990991,0.04766830577654305,637,I would help but my hands are tied.
993,16,40,37,162,239,1.4895397489539748,0.049561887999797216,637,Thanks for helping to rake America great again.
1938,17,34,41,148,223,1.4887892376681615,0.049991307993767206,637,CSI: Vermont
1244,18,35,40,151,226,1.4867256637168142,0.04986908662891837,637,"Over here on the VIP lawn, artisanal groundskeepers collect each fallen leaf by hand in a non-destructive, fully reversible, and ecologically enlightnened process that ensures maximum smugness."
3304,19,24,52,130,206,1.4854368932038835,0.04852947933150399,637,"I'm not sure why I keep buying these tickets, it's pretty much the same every year."
2139,20,30,42,139,211,1.4834123222748816,0.05043076529456934,637,"As Harold struggled in a futile battle with nature, he wondered whether winning a life narrator was a prize or a curse."
2390,21,31,50,151,232,1.4827586206896552,0.0473059542553354,637,"When you are done with these 9 leaves, there are 3 in front."
1892,22,25,52,135,212,1.4811320754716981,0.047967853474553616,637,I was first in line last fall too.
219,23,24,51,131,206,1.4805825242718447,0.04852118824949045,637,Just putting up a velvet rope doesn't make it performance art.
2014,24,28,50,143,221,1.4796380090497738,0.04781493939625764,637,I found one of yours in my yard.
3211,25,29,52,149,230,1.4782608695652173,0.04680636145561428,637,Where’s the line-up to watch paint peel?
405,26,27,43,133,203,1.477832512315271,0.05051803200791724,637,Autumn leaves are at their most beautiful when someone else is raking them.
1147,27,33,48,158,239,1.4769874476987448,0.04699459337987387,637,"If you hadn't voted for Trump, you could have had immigrants doing this work!"
2829,28,28,47,142,217,1.4746543778801844,0.048468303673274725,637,I love your work. It's very Avant-Gardener.
3011,29,26,59,149,234,1.4743589743589745,0.04498758817987051,637,"No, I'm sure he said ""Make America rake again."""
2226,30,31,41,146,218,1.4724770642201834,0.04959031037967211,637,"Here we have the original iRake, a simple hand held device that dominated the field for decades."
1680,31,23,65,147,235,1.4723404255319148,0.04360759504102468,637,You must be the avant-gardener.
3215,32,28,54,151,233,1.4721030042918455,0.04593685251807094,637,"Sir, we’ve found our fall guy."
2958,33,33,53,167,253,1.4703557312252964,0.04498636400746256,637,"See, tax cuts work!  I have more money, and you now have a job."
2809,34,20,53,126,199,1.4673366834170853,0.0476698522391478,637,We have secured the perimeter.  No new leaves will be getting in.
3505,35,32,43,155,230,1.4652173913043478,0.04797429441318984,637,Looks like we've found our fall guy.
312,36,30,45,151,226,1.4646017699115044,0.047806726210641054,637,"I gotta guy. He takes care of deciduous situations, if you know what I mean."
435,37,29,46,149,224,1.4642857142857142,0.04771237917529599,637,Think you've got it rough? Try writing a caption for this cartoon.
3611,38,30,51,159,240,1.4625,0.045674569707788513,637,"I drove all the way to New England for this?"""
1800,39,29,44,148,221,1.4615384615384615,0.048192990294383474,637,"Senator, your ""I'm just an average Joe"" photo op is over."
2399,40,25,43,134,202,1.4603960396039604,0.049673374891539286,637,Call it 'performance art' and people will pay to watch anything.
1005,41,26,38,132,196,1.4591836734693877,0.05132301677572814,637,"...and here we have an example of the ""Make America Rake Again"" movement."
2023,42,20,59,138,217,1.456221198156682,0.04474284619749525,637,So this is how the other 99 percent lives. Fascinating.
193,43,23,47,136,206,1.4514563106796117,0.04793005478519674,637,How about turning over a new one?
2961,44,31,47,164,242,1.4504132231404958,0.04571876407630038,637,We need to re-shoot.  Put each leaf back where it was.
3081,45,25,56,155,236,1.4491525423728813,0.04420835305842529,637,"And in this exhibt, we see man’s futile battle against nature"
1691,46,24,44,137,205,1.448780487804878,0.048584013702257234,637,"My, my. All the leaves ARE brown. And the sky IS gray."
2736,47,24,47,141,212,1.4481132075471699,0.047382824047671586,637,"Jim, remember how you laughed when I planted my plastic trees?"
3306,48,22,50,138,210,1.4476190476190476,0.0467498711894177,637,"The new exhibit speaks to the absurdity of existence; every time he finishes, the yard is covered in leaves again... and yet, he continues to rake."
2296,49,26,46,147,219,1.447488584474886,0.047152177686874415,637,"And here we have the Average White American Male, circa 1987. 
Extinct."
1713,50,24,62,160,246,1.4471544715447155,0.04249030147883662,637,"Leave a few scattered about William, I like my yard to have a natural look."
3358,51,23,49,141,213,1.4460093896713615,0.04673527693249557,637,This piece really captures themes of self hatred and futility in a thoughtful way.
3518,52,25,39,136,200,1.445,0.04997361112672593,637,"Now that speed raking had been added to the Olympics, Jim's agent was relentless on his training days."
2086,53,24,54,152,230,1.4434782608695653,0.04459918269266915,637,you must be the fall guy
1016,54,30,44,161,235,1.4425531914893617,0.04631825124055727,637,Making America rake again.
587,55,18,55,133,206,1.441747572815534,0.04533689265393819,637,This is way more entertaining than watching grass grow.
562,56,24,50,148,222,1.4414414414414414,0.045760892995696884,637,"...every breath you take, every leaf your rake, I'll be watching you..."
2801,57,24,52,151,227,1.4405286343612336,0.04501312007176265,637,"Clearly, it's about the futility of man."
1138,58,26,46,151,223,1.4394618834080717,0.04647575135166241,637,"This is our latest exhibit.....I call it: ""The Fall of Man"""
170,58,22,54,147,223,1.4394618834080717,0.04470345500684396,637,"I've asked Alexa to rake mine."""
2174,60,25,48,151,224,1.4375,0.04587505138445019,637,I told you that you would be the fall guy.
835,61,26,39,144,209,1.4354066985645932,0.0487651127048792,637,I'm sorry. Our homeowners' association requires that you rake the leaves perpendicular to the house line.
1709,62,17,46,121,184,1.434782608695652,0.04850380530207923,637,BE the Rake!
100,63,20,56,145,221,1.4343891402714932,0.04403979038627807,637,Ever wonder why there’s no leaves on my side of the velvet rope?
1595,63,16,64,141,221,1.4343891402714932,0.042130295468408255,637,"Actually, I prefer watching grass grow."
3477,65,25,55,162,242,1.4338842975206612,0.04331876847048123,637,We got our fall guy
1659,66,21,53,145,219,1.4337899543378996,0.04479295139152413,637,I'll hold back the crowd while you go in for a sandwich.
1703,67,23,51,150,224,1.4330357142857142,0.04496500519192618,637,Did you think Witness Protection was in the Bahamas?
189,68,21,48,139,208,1.4326923076923077,0.04648997354265293,637,Raking America great again?
3303,69,21,51,143,215,1.4325581395348836,0.045385185974250654,637,It was an easier ticket than Hamilton.
425,70,22,43,137,202,1.4306930693069306,0.047995560094001764,637,"You thought home detention was just watching TV, didn’t you."
958,71,26,50,161,237,1.4303797468354431,0.04436760456635518,637,"After you're done with the leaves... and waxed the Maserati... come inside for a hot cocoa and we can discuss your allowance, Dad."
3789,72,22,38,131,191,1.4293193717277486,0.050019508874755786,637,And this exhibit depicts an archaic use of Saturdays.
2756,73,20,54,145,219,1.4292237442922375,0.04429048831629371,637,The footwork is good but you need to shorten your stroke.
2109,74,24,51,156,231,1.4285714285714286,0.04436460432919965,637,"Funny, I have trees and no leaves. You have leaves and no trees. It happens every year. I don't even own a rake."
2655,75,29,40,160,229,1.4279475982532752,0.04673945891916476,637,All I promised with the job is that you’d be raking it in.
1449,76,24,44,147,215,1.427906976744186,0.046767390685693036,637,The Avant Gardener
1007,77,21,47,140,208,1.4278846153846154,0.046455133839258714,637,"You really think Mother plays favorites?"""
667,78,23,48,149,220,1.4272727272727272,0.04552091460170898,637,"Here, we see homo domesticus Americanus performing his annual autumn ritual, in the hope of currying favor with the female of the species.  Please do not feed."
3597,79,27,37,149,213,1.4272300469483568,0.04847804700074789,637,"Have you considered taking this show on the road, one street over, last house on the left?"
2272,80,18,59,146,223,1.4260089686098654,0.04276271766220203,637,"Ahh, one of the few remaining members of the American middle class."
2455,81,24,49,155,228,1.4254385964912282,0.044768957193321204,637,It won't work. I've read Tom Sawyer.
166,82,22,44,141,207,1.4251207729468598,0.047097991620722035,637,"You thought you could just rat us all out to the feds and live a quiet life in Wisconsin, didn’t you? I found you, Gene. It took ten years, but the Topelli family never forgets and here I am. Once I figure out a way to get past this rope, you’re done"
295,83,23,45,147,215,1.4232558139534883,0.046265377250707035,637,"I think you misunderstand the Neighborhood Watch Program, Jeff."
567,84,27,39,154,220,1.4227272727272726,0.04727667863551107,637,"Remember: Not In My Backyard! If one more leaf crosses this line, I'm building a big beautiful wall and you're paying for it."
3618,85,25,51,163,239,1.4225941422594142,0.04363780230911637,637,I thought I paid extra for you to wear the french maid costume.
1052,86,18,51,137,206,1.4223300970873787,0.04519468281562108,637,"Gather around kids, this is what they used to call ""Chores"
477,87,24,41,146,211,1.4218009478672986,0.04737756450675758,637,Don't mind me - just making sure no illegal immigrants steal your Caucasian yard work.
2722,88,30,31,155,216,1.4212962962962963,0.049254134747983805,637,"""This is a Red State, Wilbur. Why don't you just SHOOT the leaves off your lawn?"""
2277,88,18,55,143,216,1.4212962962962963,0.043694094842890045,637,I was told my admission ticket also included bagging and mulching. Correct?
1978,90,27,39,155,221,1.420814479638009,0.04710112644704504,637,This lacks the pathos and suspense of the storm gutter episode.
1727,91,21,42,137,200,1.42,0.04774303074716376,637,So this was the American middle class... I always assumed it was a myth.
759,92,21,54,154,229,1.4192139737991267,0.04326984543717452,637,Those damn leaves...making America rake again.
1860,93,28,37,158,223,1.4170403587443947,0.04718369193361356,637,President Trump will see you when you finish the front yard Mr. Vice President.
2798,94,23,49,156,228,1.4166666666666667,0.04426641120401696,637,Dad was right -- we are different...
3002,95,27,33,149,209,1.4162679425837321,0.049095773176128454,637,What I like about the chore museum is the raw authenticity.
291,96,24,38,145,207,1.4154589371980677,0.04800570691556148,637,Here we see a human being engaged in physical activity
1225,97,21,60,165,246,1.4146341463414633,0.04107953352805434,637,"I find your work subtle and earthy, organic even."
8,98,29,34,159,222,1.4144144144144144,0.04775201631815165,637,"In this exhibition, an early 21st century human devotes futile energy toward what was called 'yard work' instead of taking the time to vote willfully ignorant humans out of office before it was too late."
2071,99,23,45,152,220,1.4136363636363636,0.04541197674607562,637,"One of the most popular exhibits here at the Museum of Climate Change is this piece of performance art entitled 'The Fall of Mankind'. Now, can anyone tell me what, exactly, was Fall and when did it occur?"
1404,100,21,46,146,213,1.4131455399061033,0.04553867324704018,637,'Drive up and experience fall' it said!
3006,101,28,39,163,230,1.4130434782608696,0.046064167519263635,637,We call them 'leaves' but they should be called 'arrives.'
676,102,22,45,149,216,1.412037037037037,0.04554406099951798,637,"So, you're the""fall-guy,"" huh?"
3162,103,24,38,147,209,1.4114832535885167,0.047627857140980376,637,"Sir, you misunderstand.
You were asked to leave!"
2418,104,20,54,155,229,1.4104803493449782,0.04274869040928213,637,This exhibit depicts daily life in the days when the earth had trees and grass.
1285,105,22,54,163,239,1.4100418410041842,0.042307793153426615,637,Bravo! You gloriously capture the essence of futility.
1032,106,14,58,138,210,1.4095238095238096,0.042367010745093615,637,I’m a big fan of your work.
1933,107,22,53,162,237,1.409282700421941,0.042557258537418645,637,You'd get a bigger crowd if you served pumpkin-spice latte.
306,108,19,43,136,198,1.4090909090909092,0.046917939438596734,637,Sublime use of negative space and color. Bravo!
370,109,21,40,140,201,1.407960199004975,0.04745966176203709,637,Just visiting the rake you borrowed in 2013.
417,110,19,50,147,216,1.4074074074074074,0.04405876296561261,637,This is so last fall.
3538,110,23,42,151,216,1.4074074074074074,0.04597216421492897,637,"If we were in a New Yorker cartoon, it would be pretty damn dull"
1450,112,19,45,140,204,1.4068627450980393,0.04589557442165679,637,"It's nine leaves, just pick them up."
3116,112,13,57,134,204,1.4068627450980393,0.04262197403508788,637,Much better... but that left elbow is still flying out too much.
854,114,19,49,146,214,1.4065420560747663,0.044343712268189714,637,In Zen the leaves come to you.
2586,115,26,48,172,246,1.4065040650406504,0.04298270292671918,637,You always knew you'd be the fall guy.
2346,116,22,44,151,217,1.4055299539170507,0.04533008502208339,637,"Magnificent - unlike his earlier work, which was just trash."
1884,117,28,47,179,254,1.405511811023622,0.04271166418284549,637,Good try. I read Tom Sawyer.
508,118,24,37,149,210,1.4047619047619047,0.04739638074865045,637,I told you building a wall wouldn't stop 'em from coming in.
2974,119,18,51,146,215,1.4046511627906977,0.04368271647072157,637,"From the looks of things I guess you were expecting a bigger crowd"""
3240,120,23,42,153,218,1.4036697247706422,0.04562568867663632,637,Exhibit A: A man loses a fight with his wife.
1288,121,16,51,139,206,1.4029126213592233,0.04394641119862419,637,Suburban performance artists don’t draw much of a crowd.
3623,122,22,47,157,226,1.4026548672566372,0.04398051036123983,637,"I think your doctor meant ""reiki""!!"
2351,123,25,43,163,231,1.4025974025974026,0.04457348356168351,637,I told you it wouldn't keep them out.
2941,124,18,44,137,199,1.4020100502512562,0.046127978120237736,637,"You might want to consider confronting them, admitting they exist and accepting that you’ll never really be rid of them."
3588,125,18,48,143,209,1.4019138755980862,0.044539735717949926,637,"Leaf Coaching is just something I  sort of
fell into."
3287,126,26,36,157,219,1.4018264840182648,0.046816295442551635,637,The witness protection program is not as glamorous as one might assume...
3598,127,22,50,162,234,1.4017094017094016,0.04287786559058843,637,When can I let the next batch of leaves in?
212,128,19,41,137,197,1.401015228426396,0.047007132329635534,637,"Every year I get here early to be first in line. And, every year, no one else shows up. Am I missing something?"
1204,129,23,37,147,207,1.4009661835748792,0.0473785891089411,637,"While technically proficient, I find his work predictable and repetitive."""
913,130,27,43,173,243,1.3991769547325104,0.043695837111193826,637,"Excuse me, is this the line for people who have absolutely nothing to do?"
54,131,21,45,152,218,1.3990825688073394,0.0446427819927945,637,"They will return, you know!"
1670,132,23,42,156,221,1.3981900452488687,0.04511498085667852,637,Your just raking leaves. Did you really expect a bigger turn-out?
658,133,26,32,153,211,1.3981042654028435,0.04811012946015173,637,Call it 'curating' all you want—that's a rake.
537,134,19,42,140,201,1.3980099502487562,0.046295396969887735,637,That’s a nicely raked yard you’ve got there. It would be a shame if anything happened to it.
1581,135,20,43,146,209,1.3971291866028708,0.04551020360862165,637,"Not what I expected when I bought tickets to ""The Rake's Progress."""
1731,136,18,52,152,222,1.3963963963963963,0.04261945976428597,637,From the Yelp reviews I expected more leaves.
2021,136,23,42,157,222,1.3963963963963963,0.044947103175122294,637,"I'll be checking your immigration status soon, but not until you finish all the other chores on our list that no Americans will do."
173,138,19,48,150,217,1.3963133640552996,0.04379900899964133,637,"You didn't think house arrest meant sitting on the sofa, channel surfing, did you?"
2482,139,22,49,164,235,1.3957446808510638,0.04268573647268077,637,"And over here we have a tired, over worked father in his natural habitat, whose kids don't do their chores when asked."
473,140,14,44,124,182,1.3956043956043955,0.04659379606991243,637,"You missed one last year, too."
517,141,25,39,161,225,1.3955555555555557,0.045381005124416236,637,"What time would you like me to return to drive you back to the work release center, Mr. President?"
1759,142,26,35,159,220,1.3954545454545455,0.04659325035375288,637,And here we have a tableau from the 21st Century  when trees had leaves.
3412,143,29,34,170,233,1.3948497854077253,0.04585727817040005,637,Your wife promoted this as a once in a lifetime event.
1324,144,20,44,149,213,1.3943661971830985,0.04486010366266376,637,"If you were supposed to pick them up why do they call them ""leaves?"""
163,145,21,53,167,241,1.3941908713692945,0.04148685972788918,637,"Apparently my definition of ""raking it in"" differs from yours."
2990,146,13,52,133,198,1.393939393939394,0.04334165293295061,637,You got off easy--the other guy has to push a rock up a hill.
2243,147,24,44,166,234,1.393162393162393,0.043638877560447174,637,I suppose you don't want any advice.
2235,148,23,44,162,229,1.3930131004366813,0.04390116320279093,637,"They know not to even fall on my side, Herb."
1045,149,20,44,150,214,1.3925233644859814,0.044687998234869394,637,"Personally, I preferred last year’s foliage."
1290,150,24,23,134,181,1.3922651933701657,0.052893319343234955,637,"After a promising beginning at lawn mowing, Howard's leaf raking  has become derivative and lacking in authenticity. I look forward with mixed emotions at his upcoming snow shovelling."
707,151,19,51,157,227,1.3920704845814977,0.04237172733903809,637,I can’t believe I got tickets to this.
127,152,18,58,164,240,1.3916666666666666,0.0403055219536171,637,Make them look like an accident.
677,153,17,47,143,207,1.391304347826087,0.044199265409699616,637,"Nine leaves, Ralph. I threw each one from here. I've got more, a lot more. Guess how many leaves I'm holding behind my back, Ralph?"""
3731,154,22,42,156,220,1.3909090909090909,0.04472642224991012,637,"I always say, good velvet rope dividers make good neighbors."
1808,155,25,37,161,223,1.390134529147982,0.04562601720209957,637,"You realize it's the Democrat's fault that the leaves are falling, right?"
0,156,26,40,170,236,1.3898305084745763,0.04415647545042213,637,"With today's technology, we can get the same job done, a gazillion times louder."
484,156,24,44,168,236,1.3898305084745763,0.04333209285081823,637,Just pick them up with your hands Stephen. There are only 9 leaves.
181,158,16,51,146,213,1.3896713615023475,0.04278414080355648,637,"Man with Rake""... I just don't get it"
390,159,28,32,166,226,1.3893805309734513,0.04645432374048266,637,You're not doing that right.
284,160,25,44,173,242,1.3884297520661157,0.042930207281058265,637,"Sir, I'm going to have to ask you to leave."
3643,161,24,39,161,224,1.3883928571428572,0.0450126818178487,637,"Sadly, this year's fall collection lacks the depth of his earlier work."
550,162,17,49,148,214,1.3878504672897196,0.043134302057847955,637,I nailed them all down.
474,163,18,59,168,245,1.3877551020408163,0.03968832768040187,637,I take it I'm a bit late for the Fall Foliage tour.
1356,164,19,49,157,225,1.3866666666666667,0.04257579609001355,637,And my grass is greener too.
2539,164,23,41,161,225,1.3866666666666667,0.0444007721940573,637,Wait till Nov 6 when everything starts to fall.
1198,166,21,50,167,238,1.3865546218487395,0.041775001832522064,637,I call this piece “Futility”
1791,167,22,36,149,207,1.3864734299516908,0.04672124027721485,637,For his visit he prefers that you leave the orange ones.
1076,168,25,32,156,213,1.3849765258215962,0.047160473957476454,637,"When Earth could still sustain life, humans had to perform various tasks to maintain upkeep."
2309,168,15,52,146,213,1.3849765258215962,0.04220428032093256,637,So this is what Middle America was like before it went extinct.
792,170,23,41,162,226,1.3849557522123894,0.04423697016246491,637,It'd be easier if you just pick those 9 leaves up.
540,171,19,42,147,208,1.3846153846153846,0.045010932554163115,637,As a spectator sport this is an epic fail.
33,172,18,52,159,229,1.3842794759825328,0.04156025009717161,637,"Sir, the others would like a turn."
2761,173,24,30,149,203,1.3842364532019704,0.04839257794347974,637,"And here we see the last white-American doing his own yard work.""

Isabella Amador, San Luis Obispo, Calif"
2764,174,18,45,148,211,1.3838862559241707,0.04403103408694332,637,"You know, Sisyphus gave up."
16,175,21,40,153,214,1.3831775700934579,0.045067200845883476,637,Exhibit #73: Pre robotic lawn care
576,175,25,32,157,214,1.3831775700934579,0.04697404036272729,637,The Senator will be coming out for his photo op soon - get ready to hand over the rake!
2740,177,24,42,169,235,1.3829787234042554,0.04339056082968614,637,Looks like you're the fall guy.
1208,178,18,45,149,212,1.3820754716981132,0.043860243707734566,637,How long until I can jump into the pile?
896,179,18,40,141,199,1.3819095477386936,0.045889589040566135,637,You need a smaller rake or more leaves.
679,180,21,40,154,215,1.3813953488372093,0.044892487035192545,637,". . . and tomorrow, we will watch paint dry."
2085,180,16,50,149,215,1.3813953488372093,0.04240272793777368,637,""" I regret paying the extra four bucks for the 3-D glasses."""
62,182,14,42,128,184,1.3804347826086956,0.04603859582026698,637,I'd love to come back for the first snowfall if you don't mind.
116,182,16,38,130,184,1.3804347826086956,0.04731115479025063,637,The other spectator sport I like is watching paint dry.
2907,184,20,39,149,208,1.3798076923076923,0.04546387329806239,637,"You realize that's not your house, don't you?"
2009,185,15,52,149,216,1.3796296296296295,0.041730021696826644,637,"Wow, I can't believe that is really the way they USED to do it!"
3718,185,24,34,158,216,1.3796296296296295,0.046140997063808975,637,"Frankly, I find it derivative of his earlier work, Man Mowing Grass.”"
577,187,22,41,161,224,1.3794642857142858,0.044008749283508085,637,I'm selling tickets- you're the last suburban man without a leaf blower.
1590,187,19,47,158,224,1.3794642857142858,0.04262223249432628,637,They've got an app for that.
82,189,17,46,148,211,1.3791469194312795,0.04345396982661211,637,"I've been sent by the Democratic Party to 
connect with middle American voters."
2097,190,19,37,142,198,1.378787878787879,0.04656891697664783,637,You should see the line for the lady in the shower.
213,191,17,46,149,212,1.3773584905660377,0.04328547465255841,637,It's stunning. It's real. I'll take it.
292,192,16,40,135,191,1.3769633507853403,0.04602066183367136,637,"Jim,... I really think people are gonna want to see you jump in the pile."
396,193,16,36,129,181,1.3756906077348066,0.04780415806561157,637,"They're always going to win, Todd."
3473,194,22,36,155,213,1.375586854460094,0.04561395325921198,637,Your lawn-mowing phase was far more cutting edge.
275,195,24,44,177,245,1.3755102040816327,0.04200022726612702,637,Don't fight the leaf. Be the leaf.
2333,196,12,54,142,208,1.375,0.041105473816797876,637,Can you speed it up? I've got a 10:00 maple tapping to get to.
2558,196,16,52,156,224,1.375,0.04112935641364499,637,"Ohhhhh, so that's what the other 99% do!"
3522,196,14,62,164,240,1.375,0.038324842913955416,637,Leave a few for your evening performance.
989,199,15,55,157,227,1.3744493392070485,0.040264370923351084,637,This collection is so last fall.
458,200,18,46,155,219,1.3744292237442923,0.04276109984094449,637,Big fan. I loved your performance in last year's grout cleaning gala.
208,201,15,46,142,203,1.374384236453202,0.04348687813810537,637,May I suggest pulling the rake instead of pushing it.
897,202,18,51,164,233,1.3733905579399142,0.040920259238689166,637,The Secret Service chose me to be the fall guy.
662,203,22,40,163,225,1.3733333333333333,0.043788814981229135,637,The president has a nicer rake than you. The greatest rake ever. And Mexico paid for it.
1756,203,24,36,165,225,1.3733333333333333,0.044685852311726094,637,I think we'll sell more tickets if you use a chainsaw.
3721,203,20,44,161,225,1.3733333333333333,0.04287301293465667,637,"Ladies and Gentlemen, I present my fall exhibition: a performance art piece I call ‘Hopeless Futility.’"
898,206,15,45,141,201,1.373134328358209,0.043769785966015454,637,Jumping in this leaf pile better be worth the wait.
2107,207,18,46,156,220,1.3727272727272728,0.042600298867524394,637,Nine left. But who’s counting.
1737,208,28,40,190,258,1.372093023255814,0.04187688407358254,637,The 'Man of Fall' is definitely less intense than the 'Fall of Man' exhibit next door.
1455,209,17,50,159,226,1.3716814159292035,0.041310575393834134,637,"I know it is my tree, but they are YOUR
 leaves."
3289,209,22,40,164,226,1.3716814159292035,0.04362591515595552,637,"Hurry up, Jared, the President only likes leaves that haven't fallen."
1689,211,16,49,153,218,1.371559633027523,0.04186284732289498,637,Have you found my contacts yet?
2462,212,18,39,145,202,1.3712871287128714,0.04525498892523223,637,"Sucker, stuck inside an odd New Yorker cartoon, made fun of with a caption that only a few will understand."
971,213,18,40,147,205,1.3707317073170733,0.04477062809719847,637,"Behold the everyman, locked in a futile battle against the forces of nature...as if challenging God himself."
2838,214,22,33,153,208,1.3701923076923077,0.04634925305466817,637,When the four o'clock crowd gets here I want you to whistle while you work.
1135,215,21,49,176,246,1.3699186991869918,0.040598108053629275,637,"I'm telling you, if I had arms, I would help you!"
698,216,11,59,149,219,1.36986301369863,0.03911409948987068,637,Leave a couple leaves out ... for the ambiance.
471,217,14,44,137,195,1.3692307692307693,0.04405298776823291,637,Raking is about the space between the leaves.
1639,218,14,51,149,214,1.3691588785046729,0.04132328302890749,637,This piece represents the endless struggle between man and nature.
3291,219,15,43,140,198,1.3686868686868687,0.04416581659648069,637,I'm on line early for the snow shoveling exhibit
2714,220,14,52,151,217,1.368663594470046,0.04092580270525414,637,I see you've turned over a new one.
346,220,19,42,156,217,1.368663594470046,0.04345420940035525,637,This is not the Fall Classic I was expecting when I bought my ticket.
1257,222,20,47,169,236,1.36864406779661,0.041372060903449734,637,Last year's collection was much better.
1957,222,20,47,169,236,1.36864406779661,0.041372060903449734,637,"Herb’s “Autumn RakeFest”
never seems to draw the same as his “Winter Shovel-A-Thon.”"
1530,224,16,45,148,209,1.368421052631579,0.04306731250078119,637,Do you charge by the leaf or by the hour?
2413,224,16,52,160,228,1.368421052631579,0.04053811269197563,637,Good ropes make good neighbors.
2029,226,16,49,155,220,1.3681818181818182,0.04154980025649664,637,"This one is called ""Autumnal Futility."""
2953,227,20,45,166,231,1.367965367965368,0.04200036382366501,637,I guess mom just liked me better
1218,228,21,36,155,212,1.3679245283018868,0.04517838667309146,637,"Frankly, the title ""Fall of Man"" makes it sound like a more compelling show."
1299,229,20,35,149,204,1.3676470588235294,0.04594712801771499,637,You got a rake out for nine leaves?
123,230,13,60,161,234,1.3675213675213675,0.03839933179898012,637,Anything else to do in this town?
693,231,20,39,156,215,1.3674418604651162,0.04422092218859847,637,And here we have an historical re-enactment from before the robots took over.
2423,231,14,51,150,215,1.3674418604651162,0.0411664559130609,637,Any tickets available for the nine o'clock raking?
2261,233,17,50,162,229,1.3668122270742358,0.040864164847699946,637,I was told there would be complimentary cider with the show.
986,234,15,51,155,221,1.3665158371040724,0.04089501995635871,637,"I’m from Bronstein and Byrne, the squirrels have won an injunction."
582,235,17,40,145,202,1.3663366336633664,0.044635111905756863,637,The deluxe fall foliage tour package entitles me to offer some constructive criticism.
2911,236,22,38,164,224,1.3660714285714286,0.04383477483834701,637,"That's not quite what I meant by sweeping the perimeter, agent."
2460,236,20,42,162,224,1.3660714285714286,0.04291166055199604,637,"Mr Manafort serving  his  first day  
under house arrest with hard labor."
2285,238,18,39,148,205,1.3658536585365855,0.04470022783474539,637,Excellent form...I give it a 8/10.  Elbow is slightly high on the back stroke.
3045,239,12,52,144,208,1.3653846153846154,0.04095852229802739,637,A velvet rope makes anything into an exhibit
3486,239,20,36,152,208,1.3653846153846154,0.04526819651918163,637,"As your agent, I must tell you: it's not just your wife who doesn't appreciate your work."
3345,241,21,42,167,230,1.3652173913043477,0.04254164895011267,637,"No skin off my nose, but are you sure you need a bouncer?"
2120,242,17,54,170,241,1.3651452282157677,0.03941726719246362,637,The guy who raked them yesterday seemed a lot more into it.
2448,243,23,31,157,211,1.3649289099526067,0.046278930684152,637,"Now when the President arrives, thank him for deporting the previous raker."
1761,244,14,50,150,214,1.3644859813084111,0.041252518616146414,637,"When you're done there, there's a spot on my back I can't reach."
2967,245,20,42,163,225,1.3644444444444443,0.04275148645785618,637,"Trite, overbearing, provincial. Where's the whimsy? Where's the joie de vivre?"
1130,246,19,34,145,198,1.3636363636363635,0.04635572840900388,637,This will be my finest work. I shall call it The Fall of Man.
1818,246,16,44,149,209,1.3636363636363635,0.04299569558758715,637,"And here we have a rare example of ""Pre-blower Man"""
2940,248,23,33,162,218,1.3623853211009174,0.04513529964479042,637,This exhibit is a rare example of a millennial performing manual labor
3495,248,20,39,159,218,1.3623853211009174,0.04370768203174444,637,I'm looking for one in particular.  Orange edges.  Seems to show up here every fall.
1206,250,16,44,150,210,1.361904761904762,0.042825486397122275,637,"I'd help you , but that's crossing the line"
3030,251,15,43,144,202,1.3613861386138615,0.04344041775936693,637,"I, on the other hand, am raking in the dough."
1451,252,18,50,170,238,1.361344537815126,0.04014925565924573,637,"Ladies and gentlemen, the last suburbanite without a leaf blower."
165,253,16,46,154,216,1.3611111111111112,0.041977736330127004,637,OK — today let’s work on tempo and keeping your head down.
2131,254,12,50,143,205,1.3609756097560977,0.041287216701848345,637,"What would happen if I did not, in fact, stay off your lawn?"
3472,255,16,43,149,208,1.3605769230769231,0.04309339141795122,637,Impeccable form.
3129,256,16,52,165,233,1.3605150214592274,0.03982088109723078,637,"Your wife is live-streaming this event, but I wanted to see it in person."
3619,257,12,52,147,211,1.3601895734597156,0.040484983721775385,637,"Oh, but life IS a spectator sport."
831,258,12,57,156,225,1.36,0.03879126067507866,637,"And in this portion of the ""Changing Climates"" exhibit we see what was known as raking leaves."
3699,259,18,46,164,228,1.3596491228070176,0.041353550743428016,637,"As you were informed, witness protection requires chores."""
3410,260,18,42,157,217,1.359447004608295,0.042825197724886785,637,Psst...Ya wanna buy a leaf blower? It just fell off a truck
10,261,22,39,170,231,1.3593073593073592,0.04276740791421115,637,"Sir ! Vote Republican, and I promise you with our platform for the EPA ; trees and  leave raking will be a thing of the past."
2793,262,16,38,141,195,1.358974358974359,0.04507807274783528,637,"Yes, there’s no crowd. I’m your publicist, not a frickin’ magician."
1718,263,13,49,147,209,1.3588516746411483,0.04128227549235718,637,"Oh, wow! Glad I stood in line for this."
2061,264,16,48,159,223,1.358744394618834,0.041019914510736985,637,"It won't work with me.  I read ""Tom Sawyer."""
30,265,16,49,161,226,1.3584070796460177,0.04063629276942872,637,Here we see the gardener in his natural habitat.
3065,266,17,43,155,215,1.3581395348837209,0.04258115634092665,637,"Uh, I wonder if this is what your psychiatrist meant when she advised  you to turn over a new leaf and set some boundaries in your personal life."
2525,267,16,50,163,229,1.3580786026200873,0.04026209681095249,637,It really speaks to the futility of the human condition.
271,268,21,31,152,204,1.357843137254902,0.04632684160167238,637,But is it Art?
623,268,11,51,142,204,1.357843137254902,0.040782648900926276,637,"Don't get me wrong, I wish I could help, but there's a velvet rope here. Can't get around that."
371,270,17,50,168,235,1.3574468085106384,0.03999783320306597,637,"I'd like to help, but there's a red velour rope here."
1723,271,18,49,171,238,1.3571428571428572,0.04008705405346127,637,Mom said I can have a turn.
2440,271,20,45,173,238,1.3571428571428572,0.04096201099080931,637,You're raking 9 leaves? Do you know what OCD stands for?
1293,273,21,39,167,227,1.3568281938325992,0.042827285382478104,637,"See, I knew a left-handed rake would make you more efficient."
2668,274,16,50,164,230,1.3565217391304347,0.04011688291106125,637,And this is the fall of which civilization?
3379,274,19,44,167,230,1.3565217391304347,0.04151242145678908,637,The endangered middle class in its natural habitat...What a sight.
3626,276,17,38,147,202,1.3564356435643565,0.044481876640656316,637,"Governor, we have people who can do that."
2877,277,17,33,138,188,1.3563829787234043,0.046837140470251594,637,"And here we have Banksy's latest piece entitled, "" The Futility of Man."""
2001,278,13,38,129,180,1.3555555555555556,0.04568413822707755,637,"That's all very nice, but I paid to jump in a pile."""
1226,278,18,44,163,225,1.3555555555555556,0.041679892080955176,637,"In this piece, “Man Raking Leaves,” I capture early suburbanites’ lost ability to perform mundane chores without needing to brag about them on social media."
1531,280,19,37,155,211,1.3554502369668247,0.044142634220105746,637,"Yes. The movements are simple, yet elegant. This performance truly captures the spirit of the worker."
1419,281,18,40,156,214,1.355140186915888,0.043185370372061146,637,"Diary entry (June 16, 2037):  I visited the Museum of Homeownership. The exhibits feature scenes of everyday life when the middle-class could afford to buy their own homes."
3067,281,16,44,154,214,1.355140186915888,0.042157114182710974,637,"..and this, ladies and gents, is what homeowners did before Netflix."
1623,283,19,45,170,234,1.3547008547008548,0.04097949454611862,637,"Two words dude, leaf blower."
2556,284,18,44,164,226,1.3539823008849559,0.04152487163367026,637,"The media have left, Mr. President."
2936,285,19,31,145,195,1.353846153846154,0.04672307362426093,637,You’re doing it wrong.
1475,286,27,22,166,215,1.3534883720930233,0.04734527844027835,637,Nine leaves to remove.  Let me guess.  You're married.
1310,287,21,41,173,235,1.353191489361702,0.041713853560737875,637,"Raking up is hard to do!"""
3344,288,14,51,159,224,1.3526785714285714,0.03980312518341052,637,I'm researching lawn care workers for a piece in the New Yorker.
77,289,19,42,166,227,1.3524229074889869,0.041839446752170606,637,I got up early to be first in line for this?
1367,289,15,50,162,227,1.3524229074889869,0.039932442511457056,637,"'  Good velvet ropes and stanchions make good neighbors, I always say'."
1863,291,20,34,156,210,1.3523809523809525,0.044757977945197154,637,"Is this the line for ""Gone With The Wind"""
67,292,17,47,166,230,1.3521739130434782,0.04051920321983763,637,This summer’s “Man Cleans Pool” exhibition was much more compelling.
3593,293,17,35,144,196,1.3520408163265305,0.045380300013799765,637,"You’re right, this is fun. No, I haven’t read Tom Sawyer-why do you ask?"
3016,294,16,50,167,233,1.351931330472103,0.039687069297050924,637,"A natural right-hander, Larry expertly attacks the leaves with short, even strokes of the rake..."
343,294,20,42,171,233,1.351931330472103,0.041509735503622795,637,You need to relax the hips and activate your glutes.
2189,296,19,45,172,236,1.3516949152542372,0.04068679282765357,637,"But in the end, isn't raking just a Bergmanesque danse macabre ending in desolation and futility?"
2051,297,16,39,147,202,1.3514851485148516,0.04384273004130945,637,You can rake while you wait. I can’t seat you till your whole party is here.
1813,298,21,31,156,208,1.3509615384615385,0.04556200923503015,637,Mr. Gore? It’s time.
2889,299,13,41,137,191,1.350785340314136,0.04376135279980401,637,I knew Tom Sawyer and you are no Tom Sawyer.
2237,300,17,34,143,194,1.3505154639175259,0.04569056236554371,637,"You know, there’s an app for that..."
156,301,12,51,151,214,1.3504672897196262,0.03994065440738979,637,The three o'clock show better have more leaves.
1086,301,18,39,157,214,1.3504672897196262,0.04311052874141586,637,"Why do they call them ""leaves"" when you always have to rake them away?  They should just call them ""stays."""
651,303,10,57,153,220,1.35,0.038130339488906054,637,Good velvet ropes make good neighbors.
1246,303,22,40,178,240,1.35,0.04146043803310323,637,From Hunter to Gatherer: a live installation
2501,303,16,45,159,220,1.35,0.04126728476686936,637,And here we have a quaint time-worn rite performed each Autumn by the typical American male.
788,306,14,51,161,226,1.3495575221238938,0.03951150978077888,637,When does the next performance of “Man Cutting Grass” begin?
1040,306,19,41,166,226,1.3495575221238938,0.04192631916805434,637,"I know I'm early, but could you tell me when the VIPs get to jump into the piles of leaves?"
3455,306,13,53,160,226,1.3495575221238938,0.039010614432377126,637,This is the Autumn of your career
715,309,12,48,146,206,1.3495145631067962,0.040955596874854346,637,Step it up Fred. We open in five.
1363,310,16,41,152,209,1.3492822966507176,0.042764686059519566,637,This suburbanite museum is so realistic.
1488,311,15,44,153,212,1.349056603773585,0.04180328141374634,637,"Yeah, he’s just raking leaves..... No, I don’t think he suspects a thing"
244,312,15,52,168,235,1.348936170212766,0.0389410739252709,637,There's an app for that.
2077,312,20,42,173,235,1.348936170212766,0.04120993186277364,637,"Excellent exhibit! It""s amazing to think this was once done without fuel or electricity!"""
3238,314,20,36,162,218,1.348623853211009,0.04349752367099631,637,"Why pay to watch an independent film about the absurdity of life when I can watch you, day after day, futilely attempt to rake up all of the leaves?"
1518,315,18,33,147,198,1.3484848484848484,0.045556978362936096,637,I expect you to pay for the wall.
3008,315,19,31,148,198,1.3484848484848484,0.04611629257117616,637,Fake leaves.
946,317,18,41,162,221,1.3484162895927603,0.04209935792756896,637,I thought you meant something else when you said that you were really raking it in.
2101,318,13,52,159,224,1.3482142857142858,0.0392206890076411,637,"John, I’m not sure “if you rake it, they will come” is going to catch on."
1589,319,12,55,160,227,1.3480176211453745,0.038364128062114304,637,Leaves are soooo last season.
811,320,22,36,172,230,1.3478260869565217,0.042731386459045846,637,Unbelievable Sports Fans! John Henry beats the leaf blower -- again!
2157,321,17,39,154,210,1.3476190476190477,0.04312465559150932,637,The ropes only make me want to jump into your leaf pile even more.
3224,322,15,52,169,236,1.347457627118644,0.03880389696066795,637,Here today; More tomorrow.
482,323,14,38,138,190,1.3473684210526315,0.04448839228910308,637,"When they said you were 'raking it in' in your new job, this isn't what I expected."
468,324,12,51,153,216,1.3472222222222223,0.03963613935441704,637,"A primitive performance piece, but I like the vibrant colors."
2143,325,21,43,181,245,1.346938775510204,0.04038750988686606,637,"Leaf, Erickson!"
3563,325,12,44,140,196,1.346938775510204,0.04230664863488354,637,I hope you're not planning to try to sneak them over here.
2179,327,20,30,152,202,1.3465346534653466,0.045954129703238575,637,How'd you like a wall to keep the leaves out?
211,328,14,52,165,231,1.3463203463203464,0.03887520083868282,637,Google said this is the best place to view fall leaf raking.
1503,329,15,51,168,234,1.3461538461538463,0.039007894499316985,637,"He said ""Make America Great Again"" not ""Rake Again""."
1493,330,16,43,158,217,1.3456221198156681,0.041590647758941945,637,"Wait, which one of us is the exhibit?"
3513,330,18,39,160,217,1.3456221198156681,0.042604234249949816,637,"Sublimely Sisyphean Autumnal Activity, reenacted annually by my neighbor, Ed"
1164,332,15,36,140,191,1.3455497382198953,0.044910037529035524,637,"You realize, your grass will never be as green."
345,333,18,40,162,220,1.3454545454545455,0.04218636983215171,637,"Just because you're behind a rope, Jeffery, doesn't mean I can't see you..."
2737,333,22,32,166,220,1.3454545454545455,0.04411047269385718,637,"I believe those are my leaves"""
255,335,21,36,169,226,1.345132743362832,0.042784048989536035,637,Looks like climate change has made some jobs easier.
1219,335,16,46,164,226,1.345132743362832,0.04042051476804871,637,First in line for the leaf pile jump again.
1142,337,18,28,140,186,1.3440860215053763,0.04760417983049174,637,"A little to the left. Further. Further. Too far! Go back. Stop! Right there. Yes, that one. That one says Fall to me. Hand it here."
3459,338,14,48,159,221,1.3438914027149322,0.04001857173595518,637,A bit too avant-yard for me.
945,339,20,38,169,227,1.3436123348017621,0.042162472929519516,637,"I don't know if ""Man with Rake"" is MOMA-ready."
3664,339,17,44,166,227,1.3436123348017621,0.0407519277928639,637,Are you charging by the hour or by the leaf?
810,341,13,46,151,210,1.3428571428571427,0.04087064705519772,637,Picket fences are so passé.
2662,341,15,42,153,210,1.3428571428571427,0.041970784171286794,637,How much longer ‘til the pile’s ready for jumping?
2332,343,22,41,185,248,1.342741935483871,0.04037723212933894,637,I know it's avant-garden but it just looks unfinished to me.
968,344,17,40,159,216,1.3425925925925926,0.042186204925896115,637,"Personally, I'd rather watch the grass grow."
1780,345,14,48,160,222,1.3423423423423424,0.039868005584266314,637,You advertised for a bouncer?
385,346,15,47,163,225,1.3422222222222222,0.0400022045247888,637,"Don't forget - if any of them cross my border, they get sent back."""
3608,346,23,31,171,225,1.3422222222222222,0.043790828769313686,637,"Those look like my tree leaves, Fred"
2505,348,13,41,142,196,1.3418367346938775,0.04282567183194456,637,"Yeah, I’m here for the New England fall foliage tour. Wow- would you look at that!"
2825,349,12,47,149,208,1.3413461538461537,0.040540644154119614,637,"I'm not part of the audience, I'm a critic."
1124,350,21,30,160,211,1.3412322274881516,0.044925596008609604,637,How's retirement dad? Still think throwing away my power rangers was a good idea?
1903,350,15,42,154,211,1.3412322274881516,0.04180298970843592,637,"Careful, those used to be bitcoins."
660,352,17,41,162,220,1.3409090909090908,0.041613328629051274,637,"So, is this where I line up to rake it in?"
374,352,19,37,164,220,1.3409090909090908,0.042599191546549786,637,"Dad, you just don't understand. Being a nightclub bouncer is my dream!"
1662,354,14,50,165,229,1.3406113537117903,0.039004385819096786,637,"Back when we had seasons, we had this scene every Autumn."
3328,355,15,51,172,238,1.3403361344537814,0.038459681897731676,637,"By the way, you haven't commented on the stanchion rope line I installed between our yards. For me, it says friendly but not too friendly. And it's cheaper than a fence."
2321,356,16,35,146,197,1.3401015228426396,0.04442771159170882,637,"You can quit anytime, Ed. The OCD of the Year judges have left."
1984,357,11,48,147,206,1.3398058252427185,0.04019063978387881,637,When you said you were raking it in I pictured something else...
2654,357,17,36,153,206,1.3398058252427185,0.043582630802019524,637,Remember how you loved them when they were buds in spring.
135,359,16,42,160,218,1.3394495412844036,0.04134894451045358,637,"You can keep me out of your yard, but not out of your head."
3250,359,19,36,163,218,1.3394495412844036,0.042855209923246346,637,Leaves are a Democratic plot to make us think it’ll soon be winter.
3575,361,20,35,166,221,1.339366515837104,0.042916004583944435,637,You got off easy. I was raked over the coals.
3009,362,22,32,170,224,1.3392857142857142,0.043429210985209486,637,We're going to let the squirrels in early.
2084,363,18,44,174,236,1.3389830508474576,0.04003274802899542,637,Don't mind me - just making sure we get 35% of every last thing you rake in this year.
416,364,17,33,148,198,1.3383838383838385,0.04481192440230299,637,"In this exhibit, a thing of the past called a season."
1402,364,17,33,148,198,1.3383838383838385,0.04481192440230299,637,"We both hoped that Manning could bring back the Giants, Al. But I wasn't dumb enough to bet on it. Don't forget my gutters."
1064,366,16,38,153,207,1.3381642512077294,0.04285891068624201,637,I can't decide if your raking is derivative or inspired.
1616,366,15,40,152,207,1.3381642512077294,0.04230820381351435,637,I’m from the Neighborhood Watch. You got a problem with that.
3310,368,18,35,157,210,1.338095238095238,0.04348543283016139,637,They'll still figure out where you buried the body.
3617,368,15,41,154,210,1.338095238095238,0.041884095651728986,637,Assiduous pursuit of deciduous leaves is no vice.
2970,370,22,28,163,213,1.3380281690140845,0.04505436422226233,637,Make sure you stay on the Canadian side
1268,370,16,40,157,213,1.3380281690140845,0.04200178948069589,637,"Yes, this is my first time at the Museum of Get Off My Lawn. Why do you ask?"
412,372,17,40,162,219,1.3378995433789955,0.041694310411788275,637,Those have to be back on the tree by 2pm for our next showing.
825,373,15,48,168,231,1.3376623376623376,0.039204958274314645,637,Keep working on your technique; the judges will be here shortly.
1019,374,23,34,180,237,1.3375527426160339,0.04207054787127429,637,I call him 'The Fall of Man'
3447,375,11,43,139,193,1.3367875647668395,0.04191703973642963,637,You missed one over by the door.
2398,376,17,37,157,211,1.3364928909952607,0.04278422417663104,637,It just feels so... clichéd.
2343,377,16,43,164,223,1.336322869955157,0.040642783284345514,637,"why call them ""leaves"" in the fall without calling them ""arrives"" in the spring?"
99,378,18,42,172,232,1.3362068965517242,0.04047040675299363,637,"I am always impressed with how the golden yellow offsetting the russet represents man's inhumanity to man, while arranging them in piles echoes global societies. Where do you get your inspiration?"
2789,379,19,44,181,244,1.3360655737704918,0.03948553982415691,637,"As soon as you get all of those, you can turn over a new one."
3267,380,9,49,142,200,1.335,0.039645096397180175,637,"The ad said, ""learn how to rake it in."""
420,381,14,41,151,206,1.3349514563106797,0.041828996146804374,637,"I sense a lack of joie de vivre, unless you're raking ironically."""
332,382,14,42,153,209,1.3349282296650717,0.04141270954720264,637,I so admire the way you mix colors.
952,383,17,37,158,212,1.3349056603773586,0.04261150510566699,637,"And here we have our newest art installation, ""The Fall of Man"""
1387,384,18,36,161,215,1.3348837209302327,0.04269969439204645,637,"You are about to enter another season. A season that's not quite cold enough for a coat, but too chilly without one. A season where people can't decide if they should have up Halloween or Christmas decorations. It is a season we call The Autumn Zone."
3142,385,15,43,160,218,1.334862385321101,0.040750123525709475,637,My trees don't shed
70,385,15,43,160,218,1.334862385321101,0.040750123525709475,637,And here we see the typical New Englander in its natural habitat raking leaves.
372,385,15,43,160,218,1.334862385321101,0.040750123525709475,637,"You have to let me manage you. The crowds have stopped coming, and the season’s almost over."
1077,388,19,36,166,221,1.334841628959276,0.04235501547164057,637,"When you are done here, he wants you to start draining the swamp."
548,389,16,44,167,227,1.3348017621145374,0.04011480787188109,637,Any progress?
2587,390,11,56,166,233,1.3347639484978542,0.036971426999869474,637,"Speaking as your life coach, I would like to see more enthusiasm."
337,391,18,40,170,228,1.3333333333333333,0.04092094877616514,637,"Your wife said as long as I stay behind the rope, I can watch you all day"
927,391,17,40,165,222,1.3333333333333333,0.041213239502565384,637,"Show’s over, Mr. Thoreau. You can break out the leaf blower now."
997,391,14,38,146,198,1.3333333333333333,0.04296358767810755,637,The trees may be on this side but the leaves are on yours.
1392,391,17,42,169,228,1.3333333333333333,0.04044602806306529,637,"Yes Virginia, convicted former Presidents still get Secret Service  protection even in minimum security."
3178,391,18,37,164,219,1.3333333333333333,0.042112005733620936,637,"Excuse me, is this where they're performing `The Rake's Progress'?"
3541,391,16,42,164,222,1.3333333333333333,0.04071567712379,637,"Hey Sisyphus, you know those leaves will just keep falling, right?"
252,397,21,33,172,226,1.331858407079646,0.04256075984570283,637,I prefer you're earlier work.
2340,397,18,39,169,226,1.331858407079646,0.0411512354413401,637,And here's a rare find! The suburban male in his native habitat!
1722,399,21,31,168,220,1.3318181818181818,0.043406539863621765,637,I see you've yet to turn over a new leaf.
1684,399,13,47,160,220,1.3318181818181818,0.03939593506456352,637,Elbow up. Rotate the wrist a bit. Very nice.
3255,401,15,42,160,217,1.3317972350230414,0.04082237255274443,637,Performance art is different out here in suburbia.
687,402,14,43,157,214,1.3317757009345794,0.040683232216291165,637,How many people do you usually get for this show?
2322,402,19,33,162,214,1.3317757009345794,0.04329561442524619,637,"I know you're divorced, but the contract states that somone must oversee yardwork from afar with disapproval."
3148,404,12,44,149,205,1.3317073170731708,0.040749759027616454,637,"I'm told this performance also includes the so-called ""bagging"" ritual."
1973,405,11,44,144,199,1.3316582914572865,0.04096153856159961,637,Are you done yet? I have a party of four coming.
3765,406,17,30,146,193,1.3316062176165804,0.04551838783458226,637,I admire the optical suggestions of the negative space evoked by the fact that you’re not really raking a lot of leaves.
383,407,6,47,125,178,1.3314606741573034,0.040408243410090035,637,"Easy there, we need it to have a 'lived-in' look."
3738,408,17,46,179,242,1.3305785123966942,0.038745484400628256,637,In this piece the dead leaves represent man’s sad mortality.
499,409,14,47,166,227,1.330396475770925,0.03904743327146463,637,Your raking lacks the passion and irreverence of your earlier works.
2751,409,16,43,168,227,1.330396475770925,0.040033382506202635,637,I prefer the winter exhibit. This one falls short of expectations.
794,411,19,35,167,221,1.330316742081448,0.042273637462027856,637,"You don't see too many black people in these cartoons, do ya?"
3404,412,28,16,174,218,1.3302752293577982,0.04693726748703355,637,Un- freaking- be- LEAVE- able !!
3627,413,14,43,158,215,1.330232558139535,0.04052295840698972,637,As your Raking Coach I will say your method is technically correct but lacks passion.
2341,413,17,37,161,215,1.330232558139535,0.04210126591254312,637,"Last time I let someone borrow my rake, I never got it back, so yes, this IS necessary!"""
2138,413,17,37,161,215,1.330232558139535,0.04210126591254312,637,I should have splurged for the audio guide.
488,413,20,31,164,215,1.330232558139535,0.043622505943867004,637,"Rake all you want, the grass is always greener on my side."""
1427,417,16,38,158,212,1.330188679245283,0.04199455570502372,637,"And you're the opener for what, snow?"
2099,417,15,40,157,212,1.330188679245283,0.04145879867086471,637,Performance art isn't raking in as much as it used to.
2946,417,16,38,158,212,1.330188679245283,0.04199455570502372,637,"No. No. No. No. No. No. No. No. Okay, that leaf can come in."
145,420,18,32,156,206,1.3300970873786409,0.04394510332810626,637,"Sir, do you have a moment to talk about Jesus Christ?"""
456,421,12,41,144,197,1.3299492385786802,0.04182752180252281,637,I have bad news from the witness protection program.
975,421,13,39,145,197,1.3299492385786802,0.04244218360115549,637,"This species, HomeSapienSuburbiana, was known for its reluctance to part with primitive tools."
2886,423,13,37,141,191,1.3298429319371727,0.04335728110033291,637,No one leaves
1460,424,11,40,137,188,1.3297872340425532,0.04251762081400774,637,You know they’ll only fall again next year.
2950,425,16,47,177,240,1.3291666666666666,0.03849410678993118,637,"Do your neighbors realize it's performance art, Carl?"
634,426,19,33,164,216,1.3287037037037037,0.042948509181755495,637,"Sir, I promise you, vicarious home ownership tours are all the rage among millennials"
487,427,14,42,157,213,1.3286384976525822,0.04075297388004102,637,I liked your previous works better.
2964,427,15,40,158,213,1.3286384976525822,0.041292805459497435,637,"More to left, yeah, right there."
1830,429,15,37,152,204,1.3284313725490196,0.04255526858978523,637,And here we have a live exhibit of one of the few remaining white men in the United States.  He is raking leaves in his natural habitat and has not spoken in 20 years.  We recommend not making eye contact.
1965,430,14,51,176,241,1.3278008298755186,0.03744607336015285,637,Fat Tony says it would be advisable to return his rake. Kapish?
44,431,20,36,176,232,1.3275862068965518,0.04123038833553794,637,The Secret Service placed me on administrative leaf.
1671,431,21,34,177,232,1.3275862068965518,0.041680498139243814,637,The crowd is watching your neighbor with the leaf vacuum.
2458,433,15,45,169,229,1.3275109170305677,0.03925020298688105,637,"I have to say, congressman, it’s not “the house” but at least you’re getting something done."
3249,434,14,44,162,220,1.3272727272727274,0.03983057821974588,637,I waited in line for THIS?
3474,435,13,43,155,211,1.3270142180094786,0.04043211053254189,637,"I like to sing ""All The Leaves Are Brown"" when I do my raking."
3058,436,14,48,171,233,1.3261802575107295,0.03827973100452648,637,I can’t believe that I paid twenty dollars to watch this.
3201,437,19,37,174,230,1.326086956521739,0.04100120589410315,637,Ernie had to set up a spectator rail as he doesn't have a powered leaf collector and the neighbours were intrigued by manual labour.
1012,438,15,44,168,227,1.3259911894273129,0.0394587004970756,637,I hate performance art
1157,438,16,42,169,227,1.3259911894273129,0.03994964179835833,637,Can you tell me when the hoes will be here?
2476,440,13,46,162,221,1.3257918552036199,0.039155783336340275,637,Thank you for curating Autumn's bounty Dave.
1900,441,17,37,164,218,1.3256880733944953,0.0416026106387596,637,I guess I'm a little early for the bonfire.
2486,442,15,40,160,215,1.3255813953488371,0.040964598009235714,637,White homeowner doing his own yard work?  It's definitely worth the price of admission.
3610,443,14,41,157,212,1.3254716981132075,0.04082184989797759,637,So that’s what it’s used for.
29,443,19,31,162,212,1.3254716981132075,0.043473866141030625,637,"I don’t think the “working-class angle” will help the campaign if they can see me in frame, sir."
2449,445,13,41,152,206,1.325242718446602,0.04106351325524626,637,Come on!  I've paid good money for this.  Your turn is up.
3157,445,14,39,153,206,1.325242718446602,0.04163618399615562,637,Our HOA rules allow no more than 8 fallen leaves per lawn.
2422,447,9,48,146,203,1.3251231527093597,0.03905365939298366,637,"It may be a boring exhibit, but at least I'm at the front of the line!"
3428,447,13,40,150,203,1.3251231527093597,0.041476278918785525,637,"Wow, the V.I.P. autumn experience pass used to come with more leaves..."
3552,449,21,36,183,240,1.325,0.04062147957067123,637,I see my leaf blower worked!
530,450,13,51,173,237,1.3248945147679325,0.03733964077019,637,Glad I’m early. I hate standing in lines.
2828,451,13,49,169,231,1.3246753246753247,0.03798256870085046,637,Take your time with it.  Really connect with the leaves.
1819,452,13,47,165,225,1.3244444444444445,0.03865690444180609,637,Go ahead rake my day.
2469,452,16,41,168,225,1.3244444444444445,0.040167199056824296,637,And now he will attempt the rare four in one pull  to the right.
1223,454,14,31,137,182,1.3241758241758241,0.04539160563485238,637,"A little more drama, please. I paid good money for this."
3239,455,14,42,160,216,1.3240740740740742,0.04027115640526571,637,Rake all you want. You're not getting in.
324,455,15,40,161,216,1.3240740740740742,0.04080235728917465,637,His brushstrokes reveal feelings of anger and frustration.
1556,455,11,48,157,216,1.3240740740740742,0.03863375560062864,637,"People came from all over just to see Walter train for the 
Fall Olympics."
280,458,16,36,158,210,1.3238095238095238,0.04215134888501717,637,Will you be returning for the snow?
493,459,19,29,159,207,1.3236714975845412,0.044201828503175625,637,I came for the snow show.  I'll just wait.
2062,460,13,50,172,235,1.323404255319149,0.037522200883146464,637,Call me when you turn over a new leaf.
1816,461,15,45,172,232,1.3232758620689655,0.038817974810631,637,"...Every leaf, to him, was a proclamation of his own mortality. The early fall. Later, he would tidy up the shed."
995,462,14,35,146,195,1.323076923076923,0.043214161508175926,637,Some leaves turn. Some are turned away.
809,463,13,47,166,226,1.323008849557522,0.03851224223557772,637,Bend your knees!
3488,464,12,38,142,192,1.3229166666666667,0.04241662552242594,637,And here we see the suburban dad preparing his territory for the winter months
1334,465,15,42,166,223,1.3228699551569507,0.039884636297632496,637,"I'm not sure that ""raking it in"" as performance art is working for me."
640,466,16,38,163,217,1.3225806451612903,0.041162944631369124,637,"Ah, fallen leaves—a dying medium."
539,467,18,33,163,214,1.3224299065420562,0.04260822514077241,637,Would you like to upgrade to the VIP Lounge and a complimentary leaf blower?
2217,468,14,49,176,239,1.3221757322175731,0.03754735617717289,637,"Fred, believe me, no one is going to steal your leaves!"
3535,468,16,45,178,239,1.3221757322175731,0.03847239232658851,637,Good neighbors don't complain about whose trees they came from.
43,470,8,51,149,208,1.3221153846153846,0.03776869217821649,637,Rake slower. We're expecting a crowd.
479,471,15,36,154,205,1.3219512195121952,0.0422782621091246,637,When you said our business venture would be raking it in I didn't think you meant literally
2315,471,12,42,151,205,1.3219512195121952,0.040546016129976534,637,Just worry about the leaves...I'll handle the riff-raff.
1300,473,10,55,168,233,1.3218884120171674,0.03620542277547936,637,"Ladies and gentlemen, that ends today's performance of 'Autumn in New England"".  Next show will be tomorrow at 5PM."
2499,474,15,43,169,227,1.3215859030837005,0.03937155661751684,637,"Yes, but what does the work mean?"
932,474,13,47,167,227,1.3215859030837005,0.0383686043620026,637,Worst. Wax Museum. Ever.
3247,476,18,36,170,224,1.3214285714285714,0.041216182257403915,637,"I'd offer a hand, but this rope is in the way."
2146,477,16,39,166,221,1.3212669683257918,0.04061184799577605,637,Rake news.
195,478,13,44,161,218,1.3211009174311927,0.03942333008902652,637,You're going to have to do the whole thing over again next year you know?
2211,479,13,43,159,215,1.3209302325581396,0.0397929366616868,637,"Such poise, yet... you can really sense the artist's struggle."
72,480,14,49,177,240,1.3208333333333333,0.03741467124485745,637,The 'realism' is exquisite.
2273,481,16,35,158,209,1.3205741626794258,0.04222856857151948,637,Don't let your leaves blow over on my side. You know I used to be Rand Paul's neighbor.
2716,482,13,49,172,234,1.3205128205128205,0.03757084658245133,637,I see after all these years you're still raking it in.
3469,482,13,49,172,234,1.3205128205128205,0.03757084658245133,637,"Frankly, your lawn-mowing phase was more moving."
2927,484,14,46,171,231,1.3203463203463204,0.03838798932405213,637,Dustin was beginning to wonder if he should have paid full price after all for his front row ticket
779,485,14,37,152,203,1.3201970443349753,0.041957187728251785,637,Now I know why I'm the only one watching.
1022,485,11,43,149,203,1.3201970443349753,0.04017568358272797,637,"Sorry, Mr. Dowd, but a mere border of velvet rope doesn't turn ""Gathering the Leaves"" into Conceptual Art."
2908,487,15,34,151,200,1.32,0.04297948558213002,637,"Remember growing up, before climate change, when autumn leaves didn't need a VIP rope line?"
3110,488,12,39,146,197,1.3197969543147208,0.0416100871731538,637,"Can I get a selfie of me with that ""rake"" thing?"
2334,489,15,40,164,219,1.3196347031963471,0.04032293159342512,637,I prefer his early rake work
2229,489,12,46,161,219,1.3196347031963471,0.03873323258448914,637,You’ve got a point Ted. If curling can be an Olympic sport there’s no reason leaf raking shouldn’t be as well.
311,489,14,42,163,219,1.3196347031963471,0.0398000876507419,637,Every year George judges the leaf raking competition.
1574,492,19,39,183,241,1.3195020746887967,0.03953357473433547,637,I am here to observe the rake's progress.
2335,493,17,35,164,216,1.3194444444444444,0.041752710468508814,637,"For an art installation, it's pretty garden variety."
2376,493,11,47,158,216,1.3194444444444444,0.038534282121905274,637,"I call this piece, ""Man with Rake in Autumn"""
3127,493,14,41,161,216,1.3194444444444444,0.04017573726839194,637,Hey! Those are my leaves.
448,496,15,45,175,235,1.3191489361702127,0.03839473717384159,637,Secret Yard Service
1318,497,15,36,156,207,1.318840579710145,0.04192624132927515,637,"Square your shoulders, lean in, and power off your back leg, rookie!"
3301,498,21,31,177,229,1.3187772925764192,0.041914932850220944,637,He who laughs least leaves last.
3339,499,19,34,173,226,1.3185840707964602,0.04137792506218048,637,It's so avant-yard.
247,500,11,49,163,223,1.3183856502242153,0.03770863502297503,637,One ticket to 'falling leaves' please.
1560,501,12,39,147,198,1.3181818181818181,0.04143089592219795,637,"Your time’s up, Senator. Now you can call yourself a “populist.”"
1815,501,12,39,147,198,1.3181818181818181,0.04143089592219795,637,I don't agree. I don't think it's any more exciting than watching paint dry.
2628,501,12,46,162,220,1.3181818181818181,0.03858413435569423,637,Tell me again why I should pay to watch this.
2763,504,13,43,161,217,1.3179723502304148,0.039480515759542374,637,"I must say, last season's performance of 'This is me, mowing my lawn' was much more stimulating."
1861,504,18,33,166,217,1.3179723502304148,0.04209582060228794,637,"Failed to get permission from the Homeowners' Association to build a 30 foot wall, didn't you, Donnie?"
922,504,12,45,160,217,1.3179723502304148,0.038936380508868135,637,I paid good money to watch leaves being raked. I expected more than nine.
3734,507,11,40,144,195,1.317948717948718,0.04122341964761398,637,"Rake all you want, but that won't guarantee admission to the rest of the yard."
912,508,16,36,162,214,1.3177570093457944,0.04147063006422584,637,Nothing can appear dead during his presidency--you understand?
807,509,11,45,155,211,1.3175355450236967,0.03909525153932212,637,"After you rake the stage, you'll need to get the squirrels out of the mezzanine."
1330,509,14,39,158,211,1.3175355450236967,0.04079029672612677,637,Can’t believe I paid for lessons.
293,511,19,41,189,249,1.3172690763052208,0.03858483799310969,637,"Someday, and that day may never come, I will call upon you to do yard service for me."
102,512,13,38,151,202,1.316831683168317,0.041439414446064755,637,It really does capture the futility and complacency of the modern American male.
2498,512,15,34,153,202,1.316831683168317,0.04261152876922781,637,"A little to the left.  Ahhh, yes, that's it."
146,514,15,40,166,221,1.3167420814479638,0.04000926833661153,637,"I call it ""the autumn of male discontent"""
1249,514,11,48,162,221,1.3167420814479638,0.03789723224483625,637,Never send a human to do a machine's job.
3329,516,14,35,150,199,1.3165829145728642,0.04246577292964172,637,There's only 9 leaves there. Just pick them up !
1414,517,16,36,163,215,1.3162790697674418,0.041303743188565355,637,"Look on the bright side, you could be shoveling instead of raking."
581,518,13,48,173,234,1.3162393162393162,0.037482077102619096,637,"Seems like an aweful lot of trouble to go to
 for eight leaves."
2122,519,10,46,153,209,1.3157894736842106,0.038714950768079716,637,I preferred your Summer Period.
578,519,15,36,158,209,1.3157894736842106,0.041579809255753004,637,So last Fall.
75,521,15,41,169,225,1.3155555555555556,0.03948969012416143,637,I'll make it worth your while if you can get me in.
210,521,14,43,168,225,1.3155555555555556,0.03898401065077519,637,You missed one.
837,523,10,45,151,206,1.3155339805825244,0.039078386910379355,637,"You're angry.  Those tines tremble with rage. When you rake, I believe it."
2233,523,10,45,151,206,1.3155339805825244,0.039078386910379355,637,Am I getting in or not?
3343,525,17,30,156,203,1.3152709359605912,0.04356415876442946,637,"his motivations are flawed, the results unnoticed, but he looks content. I love it."
1583,526,20,35,183,238,1.315126050420168,0.040246542407641486,637,"You know, a decent chain saw could have prevented all of this..."
2686,526,14,47,177,238,1.315126050420168,0.03751054319244007,637,"Witness, the fall of man"
402,528,16,35,162,213,1.3145539906103287,0.04154132514995814,637,Observing the creature in his natural habitat.
1340,529,15,41,170,226,1.3141592920353982,0.03933935513763251,637,NIMBY
3086,529,17,37,172,226,1.3141592920353982,0.04032676029852588,637,I'd like a refund.
3241,531,11,48,164,223,1.3139013452914798,0.037610018745959616,637,"Act busy, he's still here..."
1712,532,14,36,154,204,1.3137254901960784,0.0416741233434347,637,this exibit from the past shows when humans actually did work
2280,533,12,50,174,236,1.3135593220338984,0.03672408849751784,637,I just want to know who you're wearing.
3131,534,13,37,151,201,1.3134328358208955,0.04150577833754071,637,You’re doing it all wrong.
745,534,10,43,148,201,1.3134328358208955,0.03966706321448287,637,"You didn't really think that a velvet rope and a Reservations Only sign would keep leaves out of your lawn, did you"
793,534,16,31,154,201,1.3134328358208955,0.043266423087058484,637,That’s not the ‘raking in’ I was talking about
607,537,19,30,168,217,1.3133640552995391,0.0425072015423094,637,"You have the ass of a Greek god, Needleman."
1439,537,16,36,165,217,1.3133640552995391,0.04097382079369935,637,"Not that one—let's try to keep it autumnal, OK?"
2397,537,12,44,161,217,1.3133640552995391,0.03883524688220432,637,"""Gripe all you want about it, but do you see any leaves on my side?"
124,540,17,39,177,233,1.3133047210300428,0.039450297166369386,637,"Well Senator, I guess not everything is a photo-op."
696,540,17,39,177,233,1.3133047210300428,0.039450297166369386,637,"Now folks, your first stop at Suburban Boredom Farms is this excellent reenactment of leaf raking."
3359,542,14,39,161,214,1.3130841121495327,0.04029839244480695,637,"I guess this is the last day of the autumn exhibit"""
797,543,16,40,174,230,1.3130434782608695,0.039327185046428716,637,"Do I detect a bed of Scarlet Oak, smothered in Himalayan Birch with a drizzle of Acer Maple"
3752,544,7,52,152,211,1.3127962085308056,0.036599860223518695,637,There is always a wait no matter what time I get here.
3207,545,15,41,171,227,1.3127753303964758,0.03919011487021699,637,Is this where the line starts to watch the last leaf fall?
673,546,12,51,177,240,1.3125,0.03629514934683128,637,This is marvelous - What do you call it again?
3243,546,9,47,152,208,1.3125,0.0381569484202575,637,Even as performance art this is ephemeral.
1149,548,10,54,173,237,1.3122362869198312,0.035602143200124746,637,The artist has really captured the nostalgic hyperrealism of postmodern suburban life.
1461,549,14,45,175,234,1.311965811965812,0.03787834965362917,637,Nine leaves. You'r raking up nine leaves.
3025,550,17,29,156,202,1.311881188118812,0.04364762474372513,637,First you build a wall and now you have to do what the Mexican immigrants did. Don’t you love Making America Great Again?
3460,550,19,25,158,202,1.311881188118812,0.044761953265994275,637,ENOUGH ALREADY !! I’ll just pick up the rest !
653,552,12,43,160,215,1.3116279069767443,0.03903891310218454,637,"So what is there, like a two leaf minimum?"
3331,552,13,41,161,215,1.3116279069767443,0.0395917358463598,637,What part of 'leave' don't you understand?
3666,552,11,45,159,215,1.3116279069767443,0.038478148670016595,637,"Do you have to make a spectacle out of everything, Bob?"
3037,555,10,46,156,212,1.3113207547169812,0.038252080142981995,637,The ticket office is closed... mind if I just stand here and watch?
706,556,21,27,174,222,1.3108108108108107,0.04272381259165769,637,"Is is the ""You can really rake it in!"" course from Trump University?"
1010,557,10,48,161,219,1.3105022831050228,0.037429739451871884,637,You realize they will all be back tomorrow.
1359,557,11,46,162,219,1.3105022831050228,0.03798522384712664,637,When does the bagging begin?
1351,559,16,40,176,232,1.3103448275862069,0.03903389303479961,637,Mr. Madoff your table is ready
1886,560,17,33,166,216,1.3101851851851851,0.04156126010826781,637,Those leaves are so last year.
2190,560,11,45,160,216,1.3101851851851851,0.0383267583937196,637,"Yep, line was around the block yesterday. You’re so lucky you got here early. . ."
2580,560,11,45,160,216,1.3101851851851851,0.0383267583937196,637,"Rakes are so passé 
I prefer a lawn roomba"
2552,563,12,42,159,213,1.3098591549295775,0.03924538882743638,637,I preferred the garden hose exhibit.
1110,564,9,51,163,223,1.3094170403587444,0.03641574406341259,637,Is this part of the display or are you just raking leaves?
2053,565,14,45,177,236,1.3093220338983051,0.03760296395288887,637,I already voted AND raked my side.
3212,566,12,40,155,207,1.3091787439613527,0.03999570833951215,637,Is this section closed?
2275,567,13,37,154,204,1.3088235294117647,0.04097954178314545,637,"Charming, but a little derivative of last season's collection."
3498,568,14,39,164,217,1.3087557603686637,0.039817750256890834,637,"Shall I admit the media now, Mr. Comey?"
560,569,15,32,154,201,1.308457711442786,0.04257729929419835,637,"Your Rake’s Progress is vigorous and nuanced, but it’s no Rite of Spring."
2750,570,14,38,162,214,1.308411214953271,0.04019523124376969,637,"The Papparazi are a no-show, sir. Should I get you the second bag of leaves to clean up anway?"
719,571,17,27,154,198,1.3080808080808082,0.04420098280198303,637,"Sure the color palette has changed, but it still seems derivative of his work earlier this year with the hoe."
890,572,8,49,154,211,1.3080568720379147,0.03709622105734186,637,What the heck. Never been first in line for anything before.
743,573,15,39,170,224,1.3080357142857142,0.03945129735451231,637,"Sir, the leaf museum is closing. Come back tomorrow."
89,574,10,40,145,195,1.3076923076923077,0.040332500391775106,637,That's not what I meant by 'getting more involved in environmental issues'.
1398,574,17,38,179,234,1.3076923076923077,0.039215312808974646,637,Think of it as a Zen thing
2689,574,12,40,156,208,1.3076923076923077,0.03983070253054593,637,Seriously?  You really don’t think good velvet ropes make good neighbors?
749,577,14,43,174,231,1.3073593073593073,0.03811320008417918,637,I persuaded them to leave. Where they go is up to them.
1222,578,14,39,165,218,1.3073394495412844,0.03965997641643493,637,"I’ll say this, I enjoyed Stravinski’s “The Rakes Progress” at the Met more."
1025,579,13,40,162,215,1.3069767441860465,0.03948691107362131,637,Be still. The leaves will come to you.
2169,579,12,42,161,215,1.3069767441860465,0.03893259990044412,637,On display - a rare species: an American doing his own yard work
3275,581,13,43,169,225,1.3066666666666666,0.03827635516973063,637,Your past your time limit sir.  There's a long line of other urbanites that want to handle that rake.
1438,582,13,39,160,212,1.3066037735849056,0.03985990924638046,637,"OMG, his style is SO derivative and the plot is totally last year."
3566,582,14,37,161,212,1.3066037735849056,0.040416866364931525,637,"If you'd just wait, you'd only have to do that once."
1627,584,12,37,150,199,1.306532663316583,0.041020652885978434,637,"Yes, we admit they're oak, but unless you have DNA results, they're yours."
1760,585,9,50,163,222,1.3063063063063063,0.03644644208621436,637,"A sublime portrait of suburban American angst.  Not sure it's worth the cover charge, though."
2354,585,14,40,168,222,1.3063063063063063,0.0391429032390199,637,I could do that.
2947,585,12,44,166,222,1.3063063063063063,0.03808723382821435,637,No need to sort the colors.
3203,588,18,28,163,209,1.30622009569378,0.04300593387695422,637,The pathos of the American proletariat; the dull nostalgia of iterative seasonal chores in an allegorical autumnal wood. Pieces like this are the very reason I became a Vermont-based freelance Performance Art Curator.
762,589,13,41,165,219,1.3059360730593608,0.03896956313171899,637,Middle Class: Critically Endangered
2610,589,15,37,167,219,1.3059360730593608,0.04003012017518358,637,Super blessed to be curating my first lawn
3510,589,15,37,167,219,1.3059360730593608,0.04003012017518358,637,"Many, many moons ago, before leaf blowers, our forefathers used a device called a ""rake""."
3324,592,8,62,185,255,1.3058823529411765,0.032907854957020366,637,I'm here for the matinee
3468,593,13,37,156,206,1.3058252427184467,0.04063578597484564,637,Only nine more to go.
3647,594,10,46,160,216,1.3055555555555556,0.0376510261521907,637,And you said you'd rake in millions.
1529,595,15,43,181,239,1.3054393305439331,0.03766666930714385,637,"Al Gore might prefer you rake those leaves, but real men use leaf blowers."
2733,596,13,36,154,203,1.3054187192118227,0.041039521093553605,637,"If you rake it, they will come."
2645,597,11,43,159,213,1.3051643192488263,0.038566619798142715,637,Lacks the depth and drama of “Man on Riding Mower”
638,598,12,40,158,210,1.3047619047619048,0.03950457549985211,637,These fall foliage tours are getting a bit too commercial for me.
2745,599,14,50,192,256,1.3046875,0.03549250278987403,637,"Before the President arrives, let's Make America Rake Again."
2778,600,12,42,163,217,1.304147465437788,0.038624549802396796,637,This is your big fall show?
3450,601,14,41,172,227,1.303964757709251,0.038495960103014565,637,"Excuse me, where does one find the entrance for TSA pre-check?"
856,602,9,44,151,204,1.303921568627451,0.03842903656829211,637,Into each yard some leaves must fall.
2477,602,11,40,153,204,1.303921568627451,0.03966586960913848,637,"Sure, keep me on the outside while you're just raking them in."
1803,604,13,39,162,214,1.3037383177570094,0.039538219412364274,637,Turning over a new leaf?
1676,605,14,40,170,224,1.3035714285714286,0.038840585791196244,637,Can you please direct me to the Weekend Grilling exhibit?
381,606,15,41,178,234,1.3034188034188035,0.03817516446309945,637,"Tom’s latest performance art exhibit opened poorly, but he had a feeling it would pick up in the fall."
1669,607,13,38,160,211,1.3033175355450237,0.03991292647698911,637,"At the Climate-Change Museum, people may enjoy exhibits featuring ancient technologies that could have saved the earth."
2159,608,15,40,176,231,1.303030303030303,0.03850878320736914,637,"Rake away Senator, the Secret Service has your back."
3018,609,12,45,171,228,1.3026315789473684,0.03732869030804885,637,I still plan to lift this rope and jump on your pile of leaves after you've finished raking them up.
948,610,17,38,183,238,1.3025210084033614,0.0386403513720646,637,"I call this piece, “The Third Rake: Tyrants of the Front Yard”."
1962,611,9,44,152,205,1.302439024390244,0.03826984548384488,637,"Just remember, your ankle monitor will allow leaf raking...only in the roped-off area."
2474,612,12,51,185,248,1.3024193548387097,0.03529723883903757,637,It's so Avant Garden
14,613,18,29,168,215,1.302325581395349,0.04204840805627993,637,"When asked to review ""A Rake's Progress"",  I wasn't expecting performance art."
133,613,16,33,166,215,1.302325581395349,0.04100159750316316,637,"And then, Mr. Bond, I plan to jump in them."
2903,613,16,33,166,215,1.302325581395349,0.04100159750316316,637,Wouldn't disturb that spot if I were you.
3283,613,17,31,167,215,1.302325581395349,0.041528301300912986,637,"We asked you to leave, not to leaf."
1526,617,14,40,171,225,1.3022222222222222,0.0386911070359641,637,Art has never imitated life so honestly or captured the human condition so beautifully.
71,618,13,38,161,212,1.3018867924528301,0.03974996893672722,637,Why does everything have to be exclusive with you?
2203,618,15,34,163,212,1.3018867924528301,0.0408592887081123,637,This doesn’t make it art.
1868,620,10,47,165,222,1.3018018018018018,0.03689336255409451,637,"Get the red one. Now the orange. Oh yeah, that's the stuff."
1955,621,16,38,178,232,1.3017241379310345,0.03884800646205733,637,"May I remind you, sir, that your Premium Blue Collar Lfe Experience session ended five minutes ago?"
333,622,12,49,181,242,1.3016528925619835,0.035855402244053904,637,"Very nice piece but, is it Art?"
3757,623,11,35,143,189,1.3015873015873016,0.04170785664485794,637,Would be a shame if something happened to that rake.
1598,623,12,33,144,189,1.3015873015873016,0.04237726508681117,637,"Since they're small, we call them leaflets."
1095,623,8,41,140,189,1.3015873015873016,0.03963184874464589,637,"An excellent cover up job, sir."
2375,626,16,34,169,219,1.3013698630136987,0.04044844890721962,637,"Excuse me, is this part of the 'Greatest Generation' exhibit?"
3032,627,13,43,173,229,1.3013100436681222,0.03770030824695793,637,"And this is the Manual Labor exhibit, circa 2018"
1510,628,11,53,185,249,1.3012048192771084,0.03471275503327105,637,So this was what they did before leaf blowers.
2430,629,11,34,141,186,1.3010752688172043,0.042152138941998464,637,I'm just here to check on 'The Rake's Progress'.
3099,630,11,37,148,196,1.3010204081632653,0.04067709113920299,637,"Christo's ""Man With Rake"" wasn't quite drawing the crowds he'd expected, but his lawn was kept quite tidy."
3678,630,11,37,148,196,1.3010204081632653,0.04067709113920299,637,I'd rather watch the grass grow.
2063,632,14,34,158,206,1.3009708737864079,0.04110128696672027,637,You missed the one on the right.
2833,633,13,42,171,226,1.3008849557522124,0.038029079338013735,637,Tommy tells me there are weeds we need to whack.
2966,634,14,43,179,236,1.3008474576271187,0.03741556921714104,637,"So, my discounted ticket was for standing room only?"
151,635,11,36,146,193,1.3005181347150259,0.041091654587142076,637,"My trees, my leaves, I want 'em back."
534,636,16,35,172,223,1.3004484304932735,0.03991414936606851,637,I can't believe I spent all that money to come to Vermont to watch THIS!
1453,637,16,38,179,233,1.3004291845493563,0.03870258753569887,637,Bad fences make bad neighbors
3124,637,13,44,176,233,1.3004291845493563,0.03724102949455859,637,"No, those did not come from my side"
2294,639,12,39,159,210,1.3,0.03939043397131332,637,"And behold, my favorite specimen, the common suburban homeowner."
1880,639,11,50,179,240,1.3,0.03552750520681634,637,Curling just hasn't been the same since the last of the ice melted.
1624,639,13,40,167,220,1.3,0.03871107225310959,637,"Derivative."""
1856,639,11,47,172,230,1.3,0.03653389727739568,637,"No, I have not read 'Tom Sawyer'."
720,643,15,38,174,227,1.2995594713656389,0.03889981372598825,637,"Wow, a middle class guy doing manual labor. How Rockwellian!"
949,643,9,50,168,227,1.2995594713656389,0.0357671147637217,637,A little more to the left.
1929,645,13,36,158,207,1.2995169082125604,0.040351032195364026,637,Only nine leaves...and you're still a climate change denier?
1492,646,11,37,149,197,1.299492385786802,0.04049891807235158,637,Trust me.  They're all yours.  I had mine microchipped.
2916,647,14,42,178,234,1.2991452991452992,0.03759483052781287,637,"When you''re done with the leaves, Larry, please see me in the war room."
3605,648,13,41,170,224,1.2991071428571428,0.03821777862762997,637,My only observation is the one I have repeatedly made  to your obvious annoyance: There's a whole lot more where that came from.
2661,649,13,38,163,214,1.2990654205607477,0.03942786971514006,637,I raked my leaves before they fell.
3112,649,15,34,165,214,1.2990654205607477,0.0405254345841229,637,"And over here we have what we called back in the day, ""teenager doing a chore at home."""
3775,651,18,25,161,204,1.2990196078431373,0.04361031367843919,637,I love the futile primitivity of this 20th century man exhibit
52,652,16,40,185,241,1.2987551867219918,0.03776465543976777,637,I'm here for the mulching demonstration.
1600,653,15,39,177,231,1.2987012987012987,0.03841133000456947,637,"Alright, fine. But can I at least try your hat on for a minute"
95,653,11,47,173,231,1.2987012987012987,0.036398574272935434,637,Why bother?  They'll be back next year.
3259,655,12,42,167,221,1.2986425339366516,0.03802226954684349,637,American pastoral with definite Beckett undertones.
588,656,13,42,173,228,1.2982456140350878,0.03774072546823667,637,Faster
1558,657,21,23,174,218,1.298165137614679,0.04303697043115642,637,Banksy yard art destroyed by gardener after $250M sale
2456,657,12,41,165,218,1.298165137614679,0.03836247395022125,637,I assume this is a limited engagement?
2569,657,17,31,170,218,1.298165137614679,0.04102522496354702,637,"Yes, Mr. Zuckerberg, this makes you look very human."
2319,660,11,40,157,208,1.2980769230769231,0.039009245886254214,637,For every leaf he rakes another falls. Brilliant.
3094,660,13,36,159,208,1.2980769230769231,0.04018237836949863,637,That restraining order does not mean we cannot still be friends.
2870,662,8,43,147,198,1.297979797979798,0.03836744064230239,637,I Love work..I can watch for hours
1951,663,19,32,184,235,1.297872340425532,0.03980972569904247,637,"I shall call it, Ned in November."
2186,664,12,40,163,215,1.2976744186046512,0.038711264395182576,637,It’s amazing what passes for art nowadays.
2835,664,16,32,167,215,1.2976744186046512,0.04089544272392454,637,"Behold, the avant-yard."
729,666,11,39,155,205,1.2975609756097561,0.03937847492134093,637,Fascinating! 'Work' you say?
3442,666,13,35,157,205,1.2975609756097561,0.04057477421298065,637,"Frankly,I was expecting a little bit more from this fall tour?"
3704,668,15,42,185,242,1.2975206611570247,0.03717007337539501,637,"For $5 monthly, upgrade to full backyard access."
2945,669,12,42,168,222,1.2972972972972974,0.03787450834023002,637,Sometimes a rake is just a rake.
140,669,10,46,166,222,1.2972972972972974,0.0367824535440467,637,It's all in the wrist.
830,671,11,41,160,212,1.2971698113207548,0.038492536327442,637,No offense but watching this is way better on YouTube.
1162,671,13,37,162,212,1.2971698113207548,0.03963706341521198,637,Just the red ones please.
1829,671,13,37,162,212,1.2971698113207548,0.03963706341521198,637,"Your work has promise, but should feel less like a chore."
1511,674,16,36,177,229,1.296943231441048,0.03909648097463345,637,Can I jump on the pile when you’re through?
2412,675,14,37,168,219,1.2968036529680365,0.03929219673163196,637,The old Studio 54 doorman torments poor Bill Johnson to this very day.
2594,675,15,35,169,219,1.2968036529680365,0.03982170964786134,637,You totally set me up to be the fall guy.
2028,677,18,37,191,246,1.2967479674796747,0.03806707692583597,637,"Sir the exhibition is inside, I’m just the gardener."
2939,678,11,40,158,209,1.2966507177033493,0.038848338451015915,637,I love watching the seasons change.
1072,679,19,32,185,236,1.2966101694915255,0.03966077037042579,637,I don’t get it.
2464,679,20,30,186,236,1.2966101694915255,0.04011282504463559,637,"If that caravan of leaves even thinks of crossing over, I’m building a wall."
2155,681,18,31,177,226,1.2964601769911503,0.04043450538822044,637,"If you didn't want a red carpet, you shouldn't have planted Japanese maples."
2073,682,12,40,164,216,1.2962962962962963,0.03855626587442165,637,"Geez, performance art sure isn't what it used to be."
2251,683,14,33,159,206,1.296116504854369,0.040985056795236056,637,"Here in our Nature section of the Museum, this display reflects, the Chores of what once was, when we had Tree's."
92,683,14,33,159,206,1.296116504854369,0.040985056795236056,637,The leaf blower exhibit is four doors down.
414,685,10,46,167,223,1.295964125560538,0.0366413996027553,637,"Mother-in-law coming for a visit again, eh?"
3531,685,15,36,172,223,1.295964125560538,0.03930124530520097,637,Rake it till you make it.
2918,687,9,40,147,196,1.2959183673469388,0.039235477268014914,637,"Diorama From
“The Museum of Suburban Life”"
808,688,13,37,163,213,1.295774647887324,0.03947519720779446,637,And here is an example of the post art movement called Dadism.
1468,689,20,28,182,230,1.2956521739130435,0.04085093839695451,637,"When I chose the red pill, I imagined something a lot more exciting than this."
575,690,10,45,165,220,1.2954545454545454,0.03695426322461805,637,"According to Robert Frost, velvet ropes make good neighbors."
2609,690,13,39,168,220,1.2954545454545454,0.038602468466662695,637,"I'm not leaving."""
784,692,13,44,180,237,1.2953586497890295,0.03669772074932029,637,"Just because I'm blind doesn't mean I can't tell you ""you missed one over there""."
297,693,9,44,157,210,1.2952380952380953,0.03749238187834672,637,"Sir, the real common man would use a leaf blower."
2471,694,10,44,163,217,1.294930875576037,0.037274789962986055,637,"Put your back into it Tom, this exhibit’s entitled “Rake’s Progress” for a reason."
3470,695,12,45,177,234,1.294871794871795,0.03650424879880061,637,"If good fences make good neighbors, velvet ropes make better ones."
1826,696,12,32,146,190,1.2947368421052632,0.0420495314813731,637,"You’ve been raking that same area for over an hour, Bob. Haven’t seen Alice for a while. She’s usually gardening this time of day. Come to think of it, I haven’t seen her for the last several days.”"
1108,697,15,36,173,224,1.2946428571428572,0.03914770324724277,637,Just the red ones Bradley.
498,697,13,40,171,224,1.2946428571428572,0.03811122926035494,637,"You rake, I'll charge admission to watch and together we will totally clean up."
3156,699,13,45,183,241,1.2946058091286308,0.03626850354093304,637,"Sorry, neighbor, but your Tom Sawyer tactics are not going to work on me."
3295,700,10,38,149,197,1.2944162436548223,0.039722131918054314,637,Don't give me that 'good cordons make good neighbors' nonsense.
553,701,10,43,161,214,1.294392523364486,0.037603285584448434,637,"Yes, that’s good. Do it like you’ve never seen a leaf blower."
2724,701,9,45,160,214,1.294392523364486,0.03701526871125758,637,"Sir, the hands-on rake exhibit closes in five minutes."
3348,701,11,41,162,214,1.294392523364486,0.03818224791345542,637,"Well Jenkins, that is hardly what we mean by 'raking it in'."
1368,704,12,44,175,231,1.2943722943722944,0.03680816016417091,637,"He may be a middle class white man, but he still rakes his own lawn - fascinating."
541,705,8,49,164,221,1.2941176470588236,0.035675981657683015,637,"It's intriguing, sure, but not all movement is art, Larry."
629,705,15,35,171,221,1.2941176470588236,0.03950598706538303,637,The power blower conventioneers want to see someone still using a conventional rake. Their bus will be here any minute.
1355,705,18,34,186,238,1.2941176470588236,0.0389131327798053,637,Am I the exhibit or is he?
1840,705,14,37,170,221,1.2941176470588236,0.038981889112217595,637,"The last installation, with you on the ladder, was more ""high art."""
2484,705,14,42,182,238,1.2941176470588236,0.03704595820446062,637,"Yeah, we get it, Bob. You're raking leaves. Big whoop."
3560,705,11,43,167,221,1.2941176470588236,0.03736551448860676,637,The green ones can stay...the yellow and red are out.
3650,711,14,34,163,211,1.2938388625592416,0.040249164866229904,637,Durational performance mining the tropes of Midwestern suburbia. Derivative...yet strangely avant-garde.
3584,711,11,40,160,211,1.2938388625592416,0.03853032128527293,637,"Well, I think it's brilliant that you are charging admission to watch you rake."
286,711,13,36,162,211,1.2938388625592416,0.03968448984680819,637,"I call this work, Man about to hurt his back."
3078,711,21,20,170,211,1.2938388625592416,0.04399944361718326,637,Congratulations to the finalists because I can't think of anything for this one
3561,711,12,38,161,211,1.2938388625592416,0.039111663175757296,637,"How do you think those leaves got past the rope, Bert?"
2697,716,9,56,187,252,1.2936507936507937,0.033330924137429434,637,The grass is greener on my side of the rope.
447,717,9,46,163,218,1.2935779816513762,0.03655428118813505,637,The neighbourhood watch would like to have a word with you sir.
1023,717,17,30,171,218,1.2935779816513762,0.04091990902172711,637,"And this is how Man employed simple tools 
before the EPA killed all the trees."
1928,717,9,46,163,218,1.2935779816513762,0.03655428118813505,637,A little to the right.
2057,717,15,34,169,218,1.2935779816513762,0.03987333800994254,637,Have you heard of the avant-garden movement? Probably not.
2665,717,14,36,168,218,1.2935779816513762,0.03933961297355989,637,"Any tickets available for the 9 PM  ""Raking ""  ?"
635,722,13,40,172,225,1.2933333333333332,0.037964059862847135,637,"Jack, raking leaves isn't consider performance art..."
480,723,11,39,158,208,1.2932692307692308,0.038887402168975224,637,"I don't know, Stan. I was just thinking maybe good velvet ropes make good neighbors?"
3639,723,12,37,159,208,1.2932692307692308,0.039480136535469,637,"Ah, the quiet art of leaf raking sans blower. So zen, n’est pas!"
579,725,6,51,158,215,1.2930232558139534,0.03505500223310731,637,"$5 cover charge gets you into the non-leaf section of the yard, buddy."
3007,725,9,45,161,215,1.2930232558139534,0.03686813820831214,637,I said I would 'ALMOST' pay to watch you do manual labor.
111,725,10,43,162,215,1.2930232558139534,0.037453016248030296,637,Just thought I would stop by and see how you’re doing since winning the lottery.
66,728,9,47,166,222,1.2927927927927927,0.036108575231654436,637,Witnessing this exercise in futility has been cathartic indeed.
699,728,12,41,169,222,1.2927927927927927,0.037764049639853865,637,I particularly like the use of the instrument as a progression of the individuals relationship with his environment
923,728,10,45,167,222,1.2927927927927927,0.03666870534811868,637,"This ""slice of Americana"" wasn't worth the $10 admission."
264,731,12,36,157,205,1.2926829268292683,0.03985837685367964,637,"If you could rake the red ones into a carpet, that would be great."
1811,732,13,41,175,229,1.2925764192139737,0.03749342492286663,637,Use your core muscles
1963,732,11,45,173,229,1.2925764192139737,0.03645745700979119,637,It’s a bit much to call this performance art.
3383,732,8,51,170,229,1.2925764192139737,0.03484580405704504,637,"I’ve got people who can do this, if you’re interested."
716,735,8,46,158,212,1.2924528301886793,0.03658372662956471,637,You have been described as rakish. Now I can see why.
2231,736,12,45,179,236,1.2923728813559323,0.03623715589667597,637,"With their latest set of terms and conditions, this was the only thing MoviePass allowed me to see."
1391,737,13,33,156,202,1.2920792079207921,0.04085417676012673,637,Do it with more surrealism.
686,738,12,42,172,226,1.2920353982300885,0.037294349567620316,637,Your voters will be happy to see you are doing your part to rake America great again.
664,738,16,34,176,226,1.2920353982300885,0.03934709616644971,637,Who said yard work couldn't be glamorous?
1339,738,15,36,175,226,1.2920353982300885,0.03884408075842247,637,Performance as metaphor for man’s eternal battle against nature.
3787,741,11,46,176,233,1.2918454935622317,0.036025152988979646,637,"Yes, it's my house; but we still call it community service."
1481,742,12,39,165,216,1.2916666666666667,0.03844103508354807,637,"Bend your knees, choke up, and keep your eye on the leaves."
2513,742,12,39,165,216,1.2916666666666667,0.03844103508354807,637,Don't overdo it  . My leaves don't fall for another week .
3115,742,15,26,151,192,1.2916666666666667,0.04358581967287225,637,Will you hurry up---I've got to use the bathroom!!
3426,742,13,44,183,240,1.2916666666666667,0.036300152468965015,637,"Harry, I thought your #LeafMeAlone campaign was just a pun, not a double entendre."
3728,742,13,37,166,216,1.2916666666666667,0.03899717297998232,637,"When I suggested we'd be raking it in, I didn't think of you as the literal type."
1931,747,15,35,173,223,1.2914798206278026,0.039195081667498084,637,Please tell me why I'm standing here.
2043,747,12,41,170,223,1.2914798206278026,0.03761724333742936,637,I thought you were extinct.
2295,747,12,41,170,223,1.2914798206278026,0.03761724333742936,637,So..... you've turned over a new leaf.
2934,750,12,34,153,199,1.2914572864321607,0.04064585605706703,637,"I thought Michelangelo's ""The Fall of Man"" was OK, but this one really nails it."
2329,751,16,35,179,230,1.291304347826087,0.038846723743670986,637,I'm only doing the front if you stop calling me your avante-gardener.
1295,752,13,36,164,213,1.2910798122065728,0.03935913998235255,637,Not a single leaf since I put up this VIP barrier rope.
3004,752,11,40,162,213,1.2910798122065728,0.03821727482243117,637,"Rake all you want, but with that outfit, you're still not getting in."
2882,754,10,44,166,220,1.290909090909091,0.036837919876711964,637,"If you ask me, your footwork was better yesterday."
215,754,8,48,164,220,1.290909090909091,0.035693281440809424,637,Are we still not talking?
1114,756,16,34,177,227,1.2907488986784141,0.03919449683644863,637,That's the last time I order lawn seats.
3709,757,14,31,158,203,1.29064039408867,0.04127303376678187,637,I’d be out there raking with you if it weren’t for these damn velvet ropes.
821,758,13,35,162,210,1.2904761904761906,0.039730509473509916,637,You millennials fall for the curated artisinal leaf raking experience crap every time.
3594,759,8,38,140,186,1.2903225806451613,0.039732680074300274,637,Can I buy a cap like that in the gift shop ?
728,760,17,40,198,255,1.2901960784313726,0.03654980680215204,637,"Keep looking Attwood, The Big Guy wants no leaf unturned."
1936,761,11,43,170,224,1.2901785714285714,0.03693341808470236,637,I'm a friend of the squirrel.
410,762,14,41,183,238,1.2899159663865547,0.03694629228037383,637,I like to watch.
1674,763,14,32,161,207,1.289855072463768,0.04069211952964566,637,With the right music this could be a scene in a Ken Burns documentary about life before climate change.
1167,764,16,39,190,245,1.2897959183673469,0.03713215703286918,637,"'It's ok, I don't want them back.'"
3319,765,14,34,166,214,1.2897196261682242,0.0397541320305786,637,"Your yard, your call, but if I had nine leaves on my lawn, it'd be leaf-blower time."
3351,765,12,38,164,214,1.2897196261682242,0.03863466158188408,637,The merits of this piece are deciduous at best.
3735,765,13,36,165,214,1.2897196261682242,0.03919839339214928,637,"By my troth, ‘tis the young rake, leaver of lovers and lover of leaves."
2667,768,8,48,165,221,1.2895927601809956,0.03555578098226892,637,Do you ever get the feeling you’re being watched?
1070,769,15,36,177,228,1.2894736842105263,0.03854499160278454,637,"Well, Harold, how do you like raking it in here at Club Fed?"
3272,770,10,39,155,204,1.2892156862745099,0.038673140127967146,637,Perhaps if you had applied yourself more you would be raking on THIS side.
1943,770,19,21,164,204,1.2892156862745099,0.04393481977459996,637,I just got the joke about the hot dog guy on top of the pyramid.
2046,772,10,43,165,218,1.2889908256880733,0.037009044082242315,637,"So Bill, I wanted to talk to you about your new ""fence""."
2704,772,16,31,171,218,1.2889908256880733,0.04029065592361633,637,The museum of leaf raking is far less exciting than it sounds.
452,774,8,42,151,201,1.2885572139303483,0.03774214741299538,637,"""This is only step-one of the witness protection process, cow-milking begins at 1600 hours"""
1093,774,14,30,157,201,1.2885572139303483,0.04150875996739533,637,"I'm the monitor from ""no leaf left behind."""
1747,774,10,38,153,201,1.2885572139303483,0.03903808626081026,637,I’ll never understand performance art.
3164,774,21,16,164,201,1.2885572139303483,0.045510832342405064,637,There is nothing even mildly amusing about this cartoon.
1059,778,17,30,175,222,1.2882882882882882,0.0402667184736867,637,"You take a lousy task to a whole new level, Fred."
432,779,13,33,159,205,1.2878048780487805,0.040329676862665406,637,I'll always remember where I was when I saw you raking nine leaves.
3559,779,10,39,156,205,1.2878048780487805,0.03850987941933194,637,You're raking in the wrong direction.
1537,781,9,43,160,212,1.2877358490566038,0.037063388163899105,637,I can see you're leaf stricken.
3109,781,7,47,158,212,1.2877358490566038,0.035836759046065564,637,I find this to be a very avant-yarde work.
668,781,11,39,162,212,1.2877358490566038,0.03825070176415003,637,Behind every rake there’s an exhibitionist.
1403,781,7,47,158,212,1.2877358490566038,0.035836759046065564,637,Ticketmaster implied that there would be at least eleven leaves.
3183,785,14,35,170,219,1.2876712328767124,0.03907006033217548,637,I don’t feel like a VIP.
2952,786,16,33,177,226,1.2876106194690264,0.03924190908209412,637,"Welcome ""Urban Adventurers"" -   our experts have carefully curated organic leaves at their peak of color for your ultimate artisinal seasonal raking experience."
1858,787,16,35,182,233,1.2875536480686696,0.038406043174862466,637,The ropes aren't necessary anymore Dad.  I'm too big to jump in the pile anyway.
180,788,12,32,151,195,1.2871794871794873,0.04110486666948538,637,You think your yard is something special.  It's just a quarter-acre with a mortgage like everyone else's around here.
2782,788,14,28,153,195,1.2871794871794873,0.042371526431397126,637,Yea it’s called a rake and people used them for decades before climate change
3727,790,14,30,158,202,1.2871287128712872,0.041327455638639314,637,"Sir, we've got the cameras set up - you ready to look relatable?"
1895,791,12,38,166,216,1.287037037037037,0.03832285659093088,637,So this is what they meant when they said I’d be ‘raking it in’
1959,791,13,36,167,216,1.287037037037037,0.03888068491455808,637,"Look on the bright side:  When you're finally released, you can write a famous book, call it something like Leaves off Grass."
1849,793,8,48,167,223,1.2869955156950672,0.035283789542201426,637,"Just making sure you keep them on your side of the fence"""
2522,793,14,36,173,223,1.2869955156950672,0.038566055874140207,637,Hurry up. It's my turn.
283,795,10,46,174,230,1.2869565217391303,0.0356823074643578,637,What time is the next raking demo?
3256,795,11,44,175,230,1.2869565217391303,0.03621048668847731,637,Think of this as a rehearsal for some serious snow shoveling.
3019,797,10,35,147,192,1.2864583333333333,0.040193681829029305,637,This year's leaf raking competition had record attendance
3743,798,12,35,159,206,1.2864077669902914,0.03956366973329399,637,"They just keep falling, don't they."
1329,798,16,27,163,206,1.2864077669902914,0.04188941095738782,637,"Gary, seriously? You took one art class."
164,800,15,31,167,213,1.2863849765258215,0.04035302308989607,637,It's not too late to switch to valet-raking.
665,800,11,39,163,213,1.2863849765258215,0.03809465660560942,637,Turning a new leaf?
3451,800,10,41,162,213,1.2863849765258215,0.037508825084914425,637,"You're planning to vote, right?"
58,803,15,33,172,220,1.2863636363636364,0.03944380086809295,637,Thanks for reminding me of what I’m not missing in my life.
590,803,9,45,166,220,1.2863636363636364,0.036148961595474774,637,"It's show time, Ernie. Where do I seat the neighbors?"
1653,803,15,33,172,220,1.2863636363636364,0.03944380086809295,637,Pretty lame garden tour.
2627,803,9,45,166,220,1.2863636363636364,0.036148961595474774,637,BORING!  You’re BORING me!
1020,807,17,33,184,234,1.2863247863247864,0.03873770320519431,637,Didn't you used to rake Trump's hair before you retired?
3750,808,12,36,162,210,1.2857142857142858,0.03902933180742214,637,"Hey bud, the wind just blew a couple of your leaves into my yard."
3578,808,13,38,173,224,1.2857142857142858,0.03789015639555116,637,Historical reenactment -BLB(before leaf blowers)
3414,808,12,36,162,210,1.2857142857142858,0.03902933180742214,637,"You'll never be on Raking With The Stars."""
2901,808,11,42,171,224,1.2857142857142858,0.03681829813938281,637,Have I missed the 3:00 PM show?
3049,808,10,36,150,196,1.2857142857142858,0.03962144258751637,637,You gotta rake it till ya make it
1429,808,14,42,189,245,1.2857142857142858,0.03612179686512665,637,"And who told you, 'If you rake it, he will come.'?"
338,808,15,30,165,210,1.2857142857142858,0.04074302567553308,637,And this is the latest addition to my avant yard selection
25,808,11,32,146,189,1.2857142857142858,0.041288022389631224,637,"They'll be filming, so when the senator says he grew up in a town like this you should mention how down to earth he seems."
2699,808,15,32,170,217,1.2857142857142858,0.03981034207357945,637,"Ah, the Homo Rake-tus."
544,817,16,33,179,228,1.2850877192982457,0.03893763163950865,637,I've decided to let things blow over for the time being.
1343,817,14,37,177,228,1.2850877192982457,0.03793222155855801,637,Watch yourself.  You know what I did to Rand Paul.
1348,817,10,45,173,228,1.2850877192982457,0.03583688018947057,637,They say good rope lines make good neighbors.
2691,817,16,33,179,228,1.2850877192982457,0.03893763163950865,637,"Senator Paul wishes you 'Happy Fall', sir."
3444,817,14,37,177,228,1.2850877192982457,0.03793222155855801,637,I just don't find the plot compelling.
1927,822,11,41,169,221,1.2850678733031675,0.037133156724133524,637,I was hoping for more Stravinsky and less Ace Hardware.
367,822,11,41,169,221,1.2850678733031675,0.037133156724133524,637,I just don't see this as 'the next big thing' in reality television.
411,822,12,39,170,221,1.2850678733031675,0.03768297577888516,637,"Should have sprung for the picket fence, Jeff"
1262,822,11,41,169,221,1.2850678733031675,0.037133156724133524,637,I don't care for his Post-Autumn works.
3499,822,13,37,171,221,1.2850678733031675,0.03822488716536685,637,"C'mon Dad, how was I to know my Cinema degree wouldn't lead to a job paying a living wage?"
34,827,15,31,168,214,1.2850467289719627,0.04018630364641032,637,"@  yr. 2080
Excuse me, would this be the non-robot assisted manual labor exhibit?"
2344,827,9,43,162,214,1.2850467289719627,0.036765162680009913,637,"Should have picked the blue pill, Steve."
3774,829,7,45,155,207,1.285024154589372,0.03629826790723888,637,Bet you thought federal prison was going to be like summer camp.  Guess you weren’t counting on the Fall.  Not quite the cakewalk your lawyer said it would be.
2561,829,13,33,161,207,1.285024154589372,0.03998720976484962,637,"Not getting crowds like you did before, eh Ralph?"
2823,831,17,30,178,225,1.2844444444444445,0.03979001319315962,637,May I see your birth certificate?
279,832,18,26,174,218,1.2844036697247707,0.04121740924801896,637,Who are you wearing?
1030,832,12,38,168,218,1.2844036697247707,0.038015881079422505,637,Can you hurry up? The next foliage tour begins in 15 minutes....
1683,834,16,28,167,211,1.2843601895734598,0.04112456338930008,637,"Do not try to rake the leaves — that's impossible. 
Instead, only try to realize the truth: there are no leaves."
2620,834,10,40,161,211,1.2843601895734598,0.037688333550256116,637,"Come on sweet pants, shake it when you rake it."
3362,834,14,32,165,211,1.2843601895734598,0.0400119561869386,637,'I'm yet undeciduous about getting my rake out.'
3586,834,12,36,163,211,1.2843601895734598,0.038867512936261145,637,"I am here for the 3:30 PM, “Falling Of The Leaves."
20,838,11,36,157,204,1.2843137254901962,0.039161316506937924,637,"In this exhibition, you will see man doing chores before Alexa
did it for him."
490,838,10,38,156,204,1.2843137254901962,0.038539765572918924,637,I take it you didn't care for the leaf blower I got you.
1033,838,7,44,153,204,1.2843137254901962,0.03661185586654248,637,"Mr. Cruise is prepared to pay you $10 to rake the leaves in the backyard, too, with the signing of the appropriate releases and nondisclosure agreements."
2810,841,14,41,188,243,1.2839506172839505,0.036281099607732015,637,"So I see that we've added ""pretentious"" to your ""tidy lawn"" fetish."
2162,842,15,37,184,236,1.2838983050847457,0.03749716026255236,637,For this you are charging admission?
1956,842,11,45,180,236,1.2838983050847457,0.035521668330920735,637,How delightfully Proletariat!
1309,844,16,33,180,229,1.2838427947598254,0.038787209293488716,637,So this is what fall looks like in California
1478,845,10,43,169,222,1.2837837837837838,0.03643258436244736,637,It was worth the train ride and taxi cab to see that people really do this in the burbs.  Beats the hell out of Instagram.
3196,845,11,41,170,222,1.2837837837837838,0.036987808126110196,637,I love the post-modern interpretation of fall
3635,845,11,41,170,222,1.2837837837837838,0.036987808126110196,637,Well neighbor when you do yard work it's an event!
3367,848,10,41,164,215,1.283720930232558,0.03720658542569638,637,I'm going to step away for some popcorn but do you think you can do gutters next?
1227,849,11,37,160,208,1.2836538461538463,0.03863389243728974,637,"I'm a bit of a rake, myself, you know. . ."
1637,849,8,43,157,208,1.2836538461538463,0.036786196387138315,637,"Pull, don't push."
2559,849,9,41,158,208,1.2836538461538463,0.03741223567284857,637,RAKE dancing?  I was told BREAK dancing!
1885,852,11,35,155,201,1.2835820895522387,0.0395358080956892,637,"Makes a difference when it's not your own yard, doesn't it?"
3416,852,11,35,155,201,1.2835820895522387,0.0395358080956892,637,"President Bush, there are some folks here to see your paintings"
1911,854,18,30,185,233,1.2832618025751072,0.03925661549482877,637,My last neighbor was Rand Paul...
88,854,16,34,183,233,1.2832618025751072,0.03830253939379123,637,"Did you really think this movie theatre divider was going to keep the leaves from my tree from blowing on your lawn?"""
428,854,17,32,184,233,1.2832618025751072,0.03878251142023786,637,"Frigid climes, the austere landscape, a Protestant work ethic ... close enough to touch."
3107,854,13,40,180,233,1.2832618025751072,0.0368251071942646,637,I don't know. VIP leaves seem the same to me.
1873,858,12,40,174,226,1.2831858407079646,0.03706968276673748,637,Who is he wearing?
364,858,13,38,175,226,1.2831858407079646,0.03759644593830045,637,The rake's progress.
1996,860,9,29,128,166,1.283132530120482,0.04344290822955232,637,Political moderate in natural habitat.
1360,861,13,36,170,219,1.2831050228310503,0.03841337389349147,637,Raking is so yesterday.
167,862,13,34,165,212,1.2830188679245282,0.039280296530599106,637,"This season's ""working class"" exhibit is far more life like than last years."
2364,862,10,40,162,212,1.2830188679245282,0.03753411156053457,637,"Be gentle, those leaves are from my trees."
3589,864,8,38,145,191,1.2827225130890052,0.03883569486611756,637,And here you see him regretting that he bought the house with the big yard
1426,865,18,31,188,237,1.2827004219409284,0.03876699340631285,637,"Even after the exhibit, I still don't understand middle America."
2963,865,15,37,185,237,1.2827004219409284,0.037357819267300835,637,"They're bringing drugs. They're bringing crime. They're rapists. And some, I assume, are good leaves."
1828,867,10,32,142,184,1.2826086956521738,0.041253360384261924,637,"Ooh, I just love outsider art."
906,868,12,39,172,223,1.2825112107623318,0.03738778676033072,637,"So, you're re-branding yourself as a performance artist...?"
2956,868,10,43,170,223,1.2825112107623318,0.036291160242676826,637,Are you really the last homeowner who refuses to use a leaf blower?
3662,870,10,37,155,202,1.2821782178217822,0.038733916398887944,637,"Sure, take your time.  You’re being paid by the leaf, not the hour"
680,870,10,37,155,202,1.2821782178217822,0.038733916398887944,637,I love the Behind-the-Scenes pass at the fall foliage tour.
2622,870,12,33,157,202,1.2821782178217822,0.03998541726697434,637,The fall of contemporary art.
1694,873,5,52,163,220,1.2818181818181817,0.03364135580514431,637,Maybe these fall foliage tours are getting a little too Hollywood
1261,873,12,38,170,220,1.2818181818181817,0.037713629145364504,637,A little promotion and you could be raking it in.
709,875,12,36,165,213,1.2816901408450705,0.0385477443319824,637,So this is the real America.
1256,875,19,22,172,213,1.2816901408450705,0.04237882621810157,637,"Raking your yard?
No I'm scratching my grass."
1879,877,13,32,161,206,1.2815533980582525,0.04003015170502583,637,"I could build a wall, but then I'd expect you to pay for it."
2557,877,5,48,153,206,1.2815533980582525,0.034979071890830146,637,"147, 148, 149...."
3141,877,11,36,159,206,1.2815533980582525,0.03882903104291301,637,The rustic nature of this display is both refreshing and depressing at the same time.
1787,880,13,39,179,231,1.2813852813852813,0.03699363737062385,637,Please leaf the premises.
2395,881,12,30,150,192,1.28125,0.04138621805024733,637,"Hey, Sisyphus, you missed one!"
2708,881,13,28,151,192,1.28125,0.042039940132184137,637,"... and this is the historical exhibit entitled ""Before Leaf Blowers"""
3387,881,12,39,173,224,1.28125,0.037241864591063246,637,"In all honesty, this exhibit exceeds my expectations."
3565,884,16,38,195,249,1.2811244979919678,0.036511574106471836,637,We were never good neighbors but this fence definitely isn't helping
2768,885,13,35,169,217,1.2811059907834101,0.0386041808887575,637,Are you a REAL Vermonter?
3377,885,15,31,171,217,1.2811059907834101,0.03969410002894793,637,"Perhaps better expressed on paper, Mr. Whitman."
1772,885,12,37,168,217,1.2811059907834101,0.03804751482795956,637,"Hope you don't mind; I have the trees and you get the leaves"""
2523,888,8,32,131,171,1.280701754385965,0.041690422862175766,637,"A little to the left ... no wait, wait, right there, no hold on, now move to the right some, okay, pull back, pull back!"
2454,888,11,42,175,228,1.280701754385965,0.03625652045508576,637,"For $50 , I expected a lot more leaves."
2989,890,13,36,172,221,1.2805429864253393,0.03810784207151287,637,"Graceful technique, but we need you in tights."
1640,891,12,36,166,214,1.280373831775701,0.03838976529671746,637,I'm here for the coming attraction. What time does SHOVELING SNOW start?
2775,891,12,36,166,214,1.280373831775701,0.03838976529671746,637,Is this your idea of raking it in?
3102,891,10,40,164,214,1.280373831775701,0.037229291446105796,637,"If I wait long enough, my leaves all blow into your yard."
1755,894,13,32,162,207,1.2801932367149758,0.039859513704503705,637,Am I early or what?
3527,894,10,38,159,207,1.2801932367149758,0.03805357390447474,637,Can you add a few more red ones?
925,896,14,37,181,232,1.2801724137931034,0.037356680673922754,637,"You're not going to sell any tickets, raking with all those clothes on."
1002,896,11,43,178,232,1.2801724137931034,0.03582686955993645,637,Next exhibit: Manual Labor
1443,896,15,35,182,232,1.2801724137931034,0.0378528809182297,637,Walt Whitman is rolling in his grave.
3369,896,15,35,182,232,1.2801724137931034,0.0378528809182297,637,"Ever get tired of being The Fall Guy, Whitburn?"
1587,900,16,31,178,225,1.28,0.039178063184907894,637,You missed that one again!
2117,900,9,38,153,200,1.28,0.03827958507045014,637,"You're headed for a big fall, Steven."
3064,902,15,38,190,243,1.2798353909465021,0.03664574293676564,637,"Don't rake the leaves, let the leaves rake you."
1603,903,10,39,162,211,1.2796208530805686,0.037557559727315545,637,I was told this Airbnb comes with two gardners not one.
407,903,16,27,168,211,1.2796208530805686,0.041004749978948464,637,Yet another clichéd performance art piece of The Rake's Progress.
2337,905,10,44,175,229,1.279475982532751,0.035584431487733735,637,Excuse me but where do I get the popcorn?
3356,905,16,32,181,229,1.279475982532751,0.03867924490967743,637,"I said everyone would be famous for 15 minutes, I didn’t say you got to choose when"
2357,907,9,39,156,204,1.2794117647058822,0.03776881481134359,637,The leaves better not come on my side.
3637,908,13,29,155,197,1.2791878172588833,0.04123239731930239,637,What an evocative piece! It shouts of man's inability to cope with a technology-driven society.
3710,908,9,37,151,197,1.2791878172588833,0.038638337359701874,637,"Not one crosses the rope line, got it"
857,910,10,40,165,215,1.2790697674418605,0.03707866657185155,637,Every year...too derivative.
2753,910,10,40,165,215,1.2790697674418605,0.03707866657185155,637,"An assemblage of leaves"" a  rural performance art exhibit"
2878,912,16,33,184,233,1.2789699570815452,0.03819667659770585,637,Is this the line for the Apple store?
467,913,11,41,174,226,1.2787610619469028,0.03641724042461821,637,Can you believe it? My wife thought I wouldn't be able to find a hobby after retiring from the Secret Service.
3,914,12,37,170,219,1.278538812785388,0.037742730246809346,637,You missed a spot!
1215,914,16,29,174,219,1.278538812785388,0.039900890060356194,637,A little more to left.”
1280,914,15,31,173,219,1.278538812785388,0.03937244204170384,637,"Remember, they don't just come up for the leaves, they come up for a show!"
2551,917,12,42,183,237,1.2784810126582278,0.03578390658486148,637,"Following the gardener's code ... ""leave no leaf behind""  ?"
1066,917,16,34,187,237,1.2784810126582278,0.03772954801765428,637,"As a life coach, I am your coach for life, no matter what the restraining order says. Now rake a little to the left."
2089,919,6,42,146,194,1.2783505154639174,0.03689553774134079,637,"Hey Bill, remember to go with the grain"
1393,920,12,35,165,212,1.278301886792453,0.03858010032504018,637,This is so organic.  What do you do with the leaves?  eBay?
3769,920,13,33,166,212,1.278301886792453,0.03915526609181979,637,"You know, this isn't what we had in mind when we said we wanted to rake in more revenue."
2719,922,13,38,179,230,1.2782608695652173,0.037022077462351664,637,"Excuse me, could I have a back scratch?"
314,923,10,37,158,205,1.278048780487805,0.03823935400781923,637,Not the exactly the 'raking it in' I was referring to
1437,923,12,33,160,205,1.278048780487805,0.03947019394731932,637,Ooh!  Ooh! A little more to the right!
2404,923,12,33,160,205,1.278048780487805,0.03947019394731932,637,The Portrait of the Artist as a Young Dad.
317,926,12,38,173,223,1.2780269058295963,0.037268883226926536,637,The crowd size was bigger than Obama's if anyone asks.
1097,927,10,45,179,234,1.2777777777777777,0.03504058771215627,637,"Do not try and rake the leaves, that is impossible. Instead, only realize the truth... there are no leaves."
2766,927,7,41,150,198,1.2777777777777777,0.0371117365278168,637,Conceptually your performance gives new meaning to ennui.
406,929,8,42,159,209,1.277511961722488,0.03649644982384676,637,"Yes, remove only the brown and yellowish leaves, the copper ones are in vogue this fall."
2013,930,10,41,169,220,1.2772727272727273,0.03647114659228567,637,"Rake’s Progress.  Lackluster performance, 3 stars."
2584,931,14,28,160,202,1.2772277227722773,0.04106701075756255,637,"My god man, what happened to your feet?"
1098,932,11,29,144,184,1.2771739130434783,0.041811034204122494,637,2 more minutes Mr Thompson we have to keep the line moving
1121,933,12,35,166,213,1.2769953051643192,0.03842076890315677,637,"We New Yorkers will do just about anything to get that full autumn experience. You missed a few, Terry."
1714,933,14,31,168,213,1.2769953051643192,0.03955676033760816,637,These HOAs are getting out of control.
1741,933,7,45,161,213,1.2769953051643192,0.03542175842426232,637,Welcome to MOMA's manual yard-work exhibit.
2195,933,15,29,169,213,1.2769953051643192,0.04011269363998841,637,As an art installation it really doesn't work
2988,937,13,28,154,195,1.2769230769230768,0.0414660474528274,637,"... And This famous piece of art is called ""The last white man to clean his own yard"""
3452,937,10,34,151,195,1.2769230769230768,0.03950732601739215,637,"Sir... I get that you need your 'alone time', but how much raking can you do with nine goddamn leaves?"
832,939,9,44,171,224,1.2767857142857142,0.03546820249093736,637,"Stan, chin up, my trees are almost done dropping leaves on your side."
1346,939,16,30,178,224,1.2767857142857142,0.0392206890076411,637,"For the actual performance of ""Endless Autumn,"" there will of course be a great deal more leaves."
3400,939,11,40,173,224,1.2767857142857142,0.03657964272292694,637,Would you prefer I leaf you alone?
663,942,13,39,183,235,1.2765957446808511,0.036440376109688304,637,I raked. I still like to rake. Do you like to rake?
1087,942,16,20,152,188,1.2765957446808511,0.04449979298532292,637,I'm such a fan of your reality.
1524,944,13,34,170,217,1.2764976958525345,0.03848174099513149,637,"Fred, this is not our lawn!"
2039,944,10,40,167,217,1.2764976958525345,0.03678092165093287,637,Interesting exhibit. Must be what it was like before global warming and we still had trees.
1306,944,13,34,170,217,1.2764976958525345,0.03848174099513149,637,"Wow, a genuine antique using a genuine antique!"
2922,944,13,34,170,217,1.2764976958525345,0.03848174099513149,637,"I’m calling it “The Rake’s Progress, or The Blower Sucks.”"
2811,948,15,38,193,246,1.2764227642276422,0.036251076783815235,637,Thought you might like to buy a little protection...if you want to continue raking it in.
1160,949,7,41,151,199,1.2763819095477387,0.036951149051750974,637,"Behold, the modern man in his natural fall habitat."
399,950,20,23,185,228,1.2763157894736843,0.040666472484984645,637,"Hey George, can I borrow your leaf blower?"
3188,950,13,37,178,228,1.2763157894736843,0.03719222964181027,637,I love watching the rake's progress....
819,952,14,30,166,210,1.276190476190476,0.03993071933163796,637,Sir I'm going to have to ask you to leaf the premises.
3133,953,13,27,152,192,1.2760416666666667,0.0418961150779425,637,"Your jet is ready,Mr. Gore."
3147,954,12,37,172,221,1.2760180995475112,0.037442646646544925,637,Your foot placement is embarrassing.  The cross oblique was tolerable but the leaf pick-up was Junior High.  Might I suggest a European Raking Team to hone your skills?
3223,954,15,31,175,221,1.2760180995475112,0.03905582918921283,637,Just a bit to the left.
765,956,17,35,198,250,1.276,0.036724525361837,637,Leaves are God; you'll never win.
1379,957,10,36,157,203,1.2758620689655173,0.03842727188535276,637,"watching you is boring, use the other side of the rake and amuse me."
1985,958,11,37,166,214,1.2757009345794392,0.03768498459207935,637,Love your velvet rope.  Am I first in line?
1063,959,12,38,175,225,1.2755555555555556,0.036977995267980665,637,Stop!  Those last nine were positioned by the Artistic Director!
1983,959,6,50,169,225,1.2755555555555556,0.033604715382570385,637,It's more about your artistic process.
791,961,13,34,171,218,1.275229357798165,0.03832580518511999,637,Mind if I watch?
861,962,12,28,149,189,1.2751322751322751,0.041668565202650706,637,I told you the leaves would not respect the crowd control barriers.
2475,963,12,39,178,229,1.275109170305677,0.036528504140973354,637,Is there a suggestion box?
881,964,9,37,154,200,1.275,0.03813326275895122,637,You should focus more on the hedge funds.
3198,965,9,40,162,211,1.2748815165876777,0.036815481040956374,637,He's renowned for his brush work.
767,966,13,35,174,222,1.2747747747747749,0.037836915766857264,637,Day 20: The subject still thinks sweeping the leaves will be of any use.
1939,966,14,33,175,222,1.2747747747747749,0.03837182483796348,637,Let me guess. ‘A Rake’s Progress.’
3299,966,16,29,177,222,1.2747747747747749,0.03941987360062879,637,I'd like my leaves back.
3741,966,15,31,176,222,1.2747747747747749,0.038899379018725366,637,Up next on ESPN 2: the World Championship of Raking
3592,970,11,31,151,193,1.2746113989637307,0.040388066502050145,637,"Worst production of Rake’s Progress, ever!"
2396,971,13,41,190,244,1.2745901639344261,0.035471415655673764,637,I was like you once...
1613,972,9,38,157,204,1.2745098039215685,0.03762594388388796,637,Not exactly raking it in.
2405,972,13,44,198,255,1.2745098039215685,0.03443097372881452,637,"As your neighbor, I'd actually expect the grass to look a little greener from this side of the fence."
3407,972,11,34,159,204,1.2745098039215685,0.03888832747027737,637,Ever think of bending over and picking them up?
1664,975,14,31,170,215,1.2744186046511627,0.039230066204999296,637,Only nine leaves to go.
3015,975,10,39,166,215,1.2744186046511627,0.036947568931346014,637,"Rake it till you make it, kid."
201,975,10,39,166,215,1.2744186046511627,0.036947568931346014,637,I never heard anyone say good stanchions make for good neighbors.
978,978,14,34,178,226,1.2743362831858407,0.037886948337468605,637,"When you’re done here, my yard could use some performance art too..."
2492,978,13,36,177,226,1.2743362831858407,0.037364280905177606,637,"Hey  Walt, don’t forget.....after you finish raking those leaves off the grass you still need to come up with a title for your book."
1999,980,12,30,155,197,1.2741116751269035,0.040456696164650835,637,This is what happens when you don’t have the means to exploit loopholes in the tax code.
755,981,9,42,168,219,1.273972602739726,0.03590912309711787,637,Faster! We need these leaves spread around the yard by noon!
2005,981,9,42,168,219,1.273972602739726,0.03590912309711787,637,I’d be happy to do a few bars of autumn leaves for you.
3681,983,10,43,177,230,1.2739130434782608,0.035330084773274435,637,"I'd lend you my leaf blower, but then I'd have nothing to do all afternoon"
2254,984,17,32,192,241,1.2738589211618256,0.03763525888025862,637,"One leaf crosses this line, I’ll sic my usher on you."
56,985,6,40,144,190,1.2736842105263158,0.03722795915313713,637,I thought you said “bas relief” not “basic leaf” exhibit.
1456,986,11,39,173,223,1.2735426008968609,0.03659934985094416,637,"It's time you faced up to it, your tree is going bald."
3337,986,11,39,173,223,1.2735426008968609,0.03659934985094416,637,Are you sure you raked at Studio 54 ?
1463,988,9,46,179,234,1.2735042735042734,0.03439375397446473,637,"That's right... keep turning over a new leaf, then another and another."
2108,989,12,35,169,216,1.2731481481481481,0.03795035609248608,637,This sure is a great way to separate the watchers from the doers.
732,989,13,33,170,216,1.2731481481481481,0.03851358006836789,637,I'd like to add you to my LinkedIn network
1763,989,9,41,166,216,1.2731481481481481,0.03620815600300886,637,I am so glad I came on this Middle America safari trip...fascinating specimens!
3712,992,15,32,180,227,1.2731277533039647,0.038252050323176516,637,Your table should be available by winter.
64,993,10,45,183,238,1.273109243697479,0.03452842027286281,637,Immersive Theatre Production of “A Rake’s Progress.”
1941,993,7,51,180,238,1.273109243697479,0.032952088612868795,637,Is this your first solo show?
3544,995,12,39,180,231,1.2727272727272727,0.036250529911216495,637,His work speaks for itself.
612,995,10,31,146,187,1.2727272727272727,0.04051410076417775,637,You can leave the red ones. They are influencers.
1834,995,16,25,168,209,1.2727272727272727,0.04110593463171304,637,"Trust me Hal, people will be lining up to see you leave."
2459,995,11,41,179,231,1.2727272727272727,0.035727544037333664,637,"I would help you rake, but I have to bounce."
2904,995,8,44,168,220,1.2727272727272727,0.03518213407160473,637,I STILL think you are doing it wrong.
3118,995,22,16,182,220,1.2727272727272727,0.04264899252788876,637,"Whadja do, put up a wall to keep the Mexicans from raking your leaves?"
3437,995,14,29,166,209,1.2727272727272727,0.03997104717215548,637,"Sir, Mrs. Carter is waiting for you in the limousine."
1476,1002,8,39,155,202,1.2722772277227723,0.037146359696459776,637,Yep... I still don't understand contemporary art
919,1003,6,50,172,228,1.2719298245614035,0.03322699754324941,637,"When it's my turn, I'm not gonna wear the hat."
672,1003,9,44,175,228,1.2719298245614035,0.03492795375811329,637,"Yes, I checked again. No one is in line to see your leaf pile."
816,1005,17,25,175,217,1.271889400921659,0.04052020427891554,637,"You’d love to rake over here, wouldn’t you?"
1507,1006,13,30,163,206,1.2718446601941749,0.03976508660787986,637,Splendid. Three more hours and you’ll have carbon-offset the landscaping of my Greenwich estate.
781,1006,12,32,162,206,1.2718446601941749,0.039165066271286283,637,You could have just told me you didn't need any help.
1298,1008,8,50,185,243,1.271604938271605,0.033008846621442746,637,We should discuss what I meant by rakish.
178,1009,8,47,177,232,1.271551724137931,0.03398350137622663,637,"No bugs, squirrels, watering, cutting or raking. I love my artificial turf and plastic trees."
2515,1009,12,39,181,232,1.271551724137931,0.036113077646926936,637,"The  boss sent me  -we need a FALL GUY-interested?"""
1364,1011,10,40,171,221,1.2714932126696832,0.03619909502262444,637,I wish you wouldn't make such a big production over raking leaves in the Fall.
2363,1011,10,40,171,221,1.2714932126696832,0.03619909502262444,637,Opening time for pile jumping?
655,1013,10,37,163,210,1.2714285714285714,0.037441705712926016,637,"When, do you think, I'll be able to get back in?"
2837,1014,6,39,143,188,1.2712765957446808,0.03739623015544535,637,"More blowback from your neighbours, Gerald?"
1541,1015,9,43,173,225,1.271111111111111,0.03520411632176659,637,Contemporary art: the modern sisyphus
1372,1016,9,40,165,214,1.2710280373831775,0.03636564376343637,637,That’s not what I mean by raking  it in
1605,1016,11,36,167,214,1.2710280373831775,0.03755281593019523,637,I'm just going to duck under this and mess up your pile as soon as you leave again.
3035,1016,10,38,166,214,1.2710280373831775,0.036963996203172374,637,Your form is getting in the way of your function.
626,1019,11,33,159,203,1.270935960591133,0.03891499049948465,637,"I’d help you Dad, if I had any hope of building character."
2631,1020,11,30,151,192,1.2708333333333333,0.04042095072741326,637,Have you considered putting a video of this on You Tube?
1804,1021,18,26,185,229,1.2707423580786026,0.039439392421040734,637,You can rake all you want but you won't clean up Congress.
2067,1021,14,34,181,229,1.2707423580786026,0.03744655114812468,637,"Ah, 'Man Raking in Fall,' a perfect motif illustrating the Absurd."
3690,1021,15,32,182,229,1.2707423580786026,0.03795457236357762,637,This is quaint. I have a blower. Lithium battery.
558,1024,15,29,174,218,1.2706422018348624,0.03929151825781553,637,"Folks. I’m here sideline and it appears if John clears the last stroke with all leaves in, we go to suden death."
3562,1024,12,35,171,218,1.2706422018348624,0.03764292233033069,637,You wouldn't have to do this in Southern California.
419,1026,9,38,160,207,1.2705314009661837,0.037149702647256186,637,You'd expect more people to show up to an exclusive lawn maintenance party.
786,1026,12,32,163,207,1.2705314009661837,0.03899752239098981,637,"Raking it in"" means different things to us, bro"
937,1028,12,42,190,244,1.2704918032786885,0.0348829107508298,637,"O.K., 10% of everything you rake in - OR ELSE!"
2677,1029,12,39,182,233,1.2703862660944205,0.0359766342423988,637,"Impressive technique, Mr. Dibley, but you're small-town.  I can have you ready in time for the Regionals in Chicago."
3614,1029,10,43,180,233,1.2703862660944205,0.034933091407939286,637,I don’t like this blue collar direction modern art is taking.
1606,1031,8,41,162,211,1.2701421800947867,0.03605516715591992,637,"Gary, not everything is modern art"
1638,1031,10,37,164,211,1.2701421800947867,0.03728603162977247,637,I see you are ready for the onslaught of people once they finish watching paint dry.
2976,1031,10,37,164,211,1.2701421800947867,0.03728603162977247,637,Usually my work draws a larger crowd.
2560,1034,11,36,168,215,1.2697674418604652,0.03739899484929683,637,"The velvet ropes are a nice touch Stanley,
but you can't rake away the anger!"
645,1034,15,28,172,215,1.2697674418604652,0.03965551739984984,637,Do you think I don't know what you are doing?
2244,1034,16,26,173,215,1.2697674418604652,0.040199861584062815,637,"In a last ditch bid to save his home from foreclosure, Edward Smith, from Montgomery Alabama, must clear the remaining nine leaves off his lawn in ten seconds, next, on America’s hottest new game show: LEAF... ME...  A  LOAN!"
316,1037,15,32,183,230,1.2695652173913043,0.03780752181190915,637,Does the cordon mean you prefer to be leafed alone?
1201,1037,13,36,181,230,1.2695652173913043,0.03678945698277061,637,My next interactive exhibit is on the day of the first snowfall if you're free.
1658,1037,12,38,180,230,1.2695652173913043,0.036269710018853214,637,"I call this piece ""My son's too damn busy playing Fortnite"""
646,1040,13,33,173,219,1.269406392694064,0.03804560574855581,637,"Hurry up, it’s my turn to leave."
678,1040,11,37,171,219,1.269406392694064,0.0369280983292118,637,Just ignore the man in the suit...he's NOT real. Focus on your leaves...
3197,1042,12,32,164,208,1.2692307692307692,0.03883136945427822,637,"So, just when exactly do you open for the season?"
301,1043,9,42,172,223,1.2690582959641257,0.03534791162748549,637,What we have here is a disgruntled dad in his natural habitat
2503,1043,14,32,177,223,1.2690582959641257,0.03809817022004218,637,mother always said you were an underachiever
2692,1043,11,38,174,223,1.2690582959641257,0.03647290972078918,637,"Next, arrange all the red leaves into a carpet leading to the door."
1176,1046,8,37,152,197,1.2690355329949239,0.03765266130746097,637,"I've got your back, Senator."
1594,1047,11,42,185,238,1.26890756302521,0.03492205065262746,637,The epitome of “outsider” art.
1567,1048,11,35,166,212,1.2688679245283019,0.03772886235956427,637,"Nice try, Tom, but I’m not the same person who once whitewashed the fence."
2925,1049,14,33,180,227,1.2687224669603525,0.037620527272574866,637,"Raking it in, yet?"
2416,1050,12,30,159,201,1.2686567164179106,0.03974187150953536,637,What else is there to say? La technique est magnifique.
3558,1050,11,32,158,201,1.2686567164179106,0.039110933347330436,637,"Not bad, but this is derivative of a Whitney exhibit in the 60s."
446,1052,10,38,168,216,1.2685185185185186,0.03666370845652136,637,"Though the colors of the leaves change, the colors of his life remain gray and dull."
2591,1052,14,30,172,216,1.2685185185185186,0.03894217259384938,637,Not exactly the raking it in I expected.
3670,1052,14,30,172,216,1.2685185185185186,0.03894217259384938,637,I'm looking forward to next season's 'Tango with a Snow Shovel.'
302,1055,11,33,161,205,1.2682926829268293,0.03857948202428566,637,And this exhibit is called grounded son.
585,1055,8,50,188,246,1.2682926829268293,0.03266105273565214,637,Careful. You've already missed one.
826,1055,10,35,160,205,1.2682926829268293,0.037954610070587466,637,"Once again, even with a restraining order, my neighbor has defied all odds and found yet another way to annoy me."
1410,1055,17,32,197,246,1.2682926829268293,0.03695132492328276,637,"I'm into winter, myself.  Hey — you missed a spot."
2031,1059,13,33,174,220,1.268181818181818,0.037892069070571986,637,Did I tell you I got a leaf blower?
3755,1060,17,29,189,235,1.2680851063829788,0.038168336834044456,637,Forgive me if I find 'The Grim Raker' uncompelling performance art.
1977,1061,17,22,170,209,1.2679425837320575,0.04153478508525944,637,"After retiring from the theater, neighbors kindly tolerated Chester's ushering in the Fall"
2400,1061,13,30,166,209,1.2679425837320575,0.039256997748971026,637,"The wall will go here, you'll need a visa to rake the other half of the yard."
3135,1063,9,42,173,224,1.2678571428571428,0.035210248503910725,637,Not quite the turn out you were expecting on either side of the rope is it?
3494,1063,14,32,178,224,1.2678571428571428,0.03794672297055788,637,Gilbert turns everything into performance art.
2741,1063,14,32,178,224,1.2678571428571428,0.03794672297055788,637,Even gay marriage has the nagging wife
1832,1063,13,34,177,224,1.2678571428571428,0.0374154426314168,637,"Rakish"" isn't a compliment"
1654,1063,10,40,174,224,1.2678571428571428,0.03577429295746558,637,"Aren't we a little like those leaves Sheffield? One day we too shall fall from grace. Who will rake us Sheffield? Who'll be our Sheffield, Sheffield?"
1497,1063,7,46,171,224,1.2678571428571428,0.03405414403429193,637,"And for the final leg of our suburban tour, the home owner’s fall tradition of leaf raking. These leaves are distributed by the sappy neighbor’s maple."
503,1069,11,35,167,213,1.267605633802817,0.037572523803741396,637,"I came for the leaves, but frankly, I don't get it."
309,1070,14,33,181,228,1.2675438596491229,0.037473700637357596,637,"Personally, I prefer to rake in the dough."""
977,1070,8,45,175,228,1.2675438596491229,0.034240634682766884,637,It's to keep the ordinary leaves out of the VIP yard.
2025,1070,8,45,175,228,1.2675438596491229,0.034240634682766884,637,"Agreed, the White House days were much more exciting."
3044,1070,10,41,177,228,1.2675438596491229,0.03535119218364821,637,"I don’t know yard work, but I know what I like."
3242,1074,15,24,163,202,1.2673267326732673,0.041392310805440494,637,"Good job Inmate Manafort.  Only 4,999,999 to go."
1484,1075,8,42,167,217,1.2672811059907834,0.03532747824031705,637,I am keeping my eyes on you.  The leaves cannot cross my border.
543,1076,12,42,193,247,1.2672064777327936,0.0345101120972459,637,"When you're done here, there's a swamp that needs draining."
1129,1077,8,36,151,195,1.2666666666666666,0.03782807265044859,637,In my yard the trees pick up their own leaves after the show.
2683,1077,11,30,154,195,1.2666666666666666,0.039869378760688495,637,"Beware the velvet rope my son,
the rakes that claw, the leaves they grasp..."
3093,1077,12,36,177,225,1.2666666666666666,0.03673154433462265,637,You missed one over there on the right.
3235,1077,13,30,167,210,1.2666666666666666,0.03909044103990334,637,Ah...riveting. The rural pre-blower husband's art of avoiding doing the dishes until the season of the shovel comes around next.
2984,1081,8,41,165,214,1.266355140186916,0.035615080589080785,637,Museum visitors please note this interactive display of the pre-robotic chore of raking leaves
1325,1081,13,31,170,214,1.266355140186916,0.0385722544098946,637,"Automation begets unemployment, begets performance art."
2269,1081,11,35,168,214,1.266355140186916,0.03741744075031946,637,"Ease up dude, there won't be any left for my turn."
2473,1084,10,38,170,218,1.2660550458715596,0.03636811776018771,637,"Gerald, I am as big a fan of performance art as there is. But I just don’t get this."
2640,1084,11,36,171,218,1.2660550458715596,0.03694479563571205,637,Leave a few leaves for the next performance.
2695,1086,6,42,155,203,1.2660098522167487,0.03548545310886562,637,Is this the house where you have the leaf that looks like Elvis on display?
2735,1086,9,36,158,203,1.2660098522167487,0.03749049790367934,637,"Yeah, it worked for Tom Sawyer, but no, I don't want to rake your yard."
515,1088,15,37,200,252,1.2658730158730158,0.035382495860968914,637,"You KNOW I just had to point out again, you missed one."
1428,1089,12,39,186,237,1.2658227848101267,0.035440739190477986,637,"Excuse me, sir - but those leaves were strategically placed for a perfect Instagram photo."
3667,1089,7,49,181,237,1.2658227848101267,0.032821600592285234,637,"Rake it all in, there's more where that came from."
512,1091,10,39,173,222,1.2657657657657657,0.035925035926878,637,It's performance art and it runs until the end of autumn.
3642,1091,13,33,176,222,1.2657657657657657,0.03758859463040317,637,You don't really think that a velvet rope will keep the leaves on your side.
3676,1093,6,43,158,207,1.2657004830917875,0.0350502240806468,637,"Be careful with them. They're from my trees. So, technically they're mine...."
1967,1093,9,37,161,207,1.2657004830917875,0.03700303438854375,637,Am I your agent? Your neighbor? Your bodyguard? Nobody knows. But I'm here. Always here.
3218,1095,12,36,178,226,1.2654867256637168,0.036587685507288865,637,So quiet. You should patent that.
2175,1095,8,44,174,226,1.2654867256637168,0.03437052899971566,637,"Nice forehand, but your backhand still needs work."
1732,1097,11,34,166,211,1.2654028436018958,0.03774788401849739,637,Velvet ropes mean nothing to them.
1739,1098,11,30,155,196,1.2653061224489797,0.03968876879170333,637,You missed a leaf
3234,1098,8,36,152,196,1.2653061224489797,0.037659162191021965,637,"Okay, but can I at least whitewash your fence?"
250,1100,8,41,166,215,1.2651162790697674,0.035470683056715434,637,This is very derivative of 'Woman Sweeping Floor'.
2684,1100,7,43,165,215,1.2651162790697674,0.03485255435950059,637,"Hard work or not, you still need a wristband to get into the VIP section."
475,1102,9,35,156,200,1.265,0.03782895915504111,637,Every year this comes between us.
758,1103,9,40,170,219,1.264840182648402,0.035639095706479426,637,Aren't you going to separate the oak and maple?
1137,1103,12,34,173,219,1.264840182648402,0.03736068319262258,637,TripAdvisor nailed it again
1656,1103,8,42,169,219,1.264840182648402,0.03504644500508285,637,"So, this is what suburbanites do in the Fall."
2115,1103,13,32,174,219,1.264840182648402,0.03791717927141753,637,"For my encore, I’ll be putting the trash cans out at the curb."
2514,1103,12,34,173,219,1.264840182648402,0.03736068319262258,637,I'm here representing Mr. Maple. You've been served.
305,1108,11,32,161,204,1.2647058823529411,0.03860114443896709,637,"I call this one ""Suburban version of me..."""
335,1108,13,37,188,238,1.2647058823529411,0.035807760024516314,637,You leaving?
3355,1110,8,43,172,223,1.2645739910313902,0.03463604025862009,637,Winter is coming.
150,1110,11,37,175,223,1.2645739910313902,0.03634353746419331,637,"Is this what they call honest, hard work?"
2239,1110,10,39,174,223,1.2645739910313902,0.03578342593817794,637,Frank's green carpet debut did not quite have the turnout he had hoped for.
2546,1113,10,44,188,242,1.2644628099173554,0.03391268139328948,637,Think of it as a border rope.
3150,1114,12,36,179,227,1.2643171806167401,0.036444920309231785,637,They're billing THIS as 'Legends of the Fall?'
3181,1114,11,38,178,227,1.2643171806167401,0.03590609114686575,637,"Little Johnny wants to jump on a pile, Sam. You may have to import more leaves."
1034,1116,8,35,150,193,1.2642487046632125,0.038005131311385915,637,"As performance art, it leaves a lot to be desired."
348,1117,5,46,161,212,1.2641509433962264,0.03383434931336902,637,"I'll entitle it ""the Fall of Dad"""
1240,1117,6,44,162,212,1.2641509433962264,0.034488750558553466,637,Just as I was beginning to think that performance art was passe'.
2299,1117,13,30,169,212,1.2641509433962264,0.038761436589830514,637,"In this piece titled, 'Fall Futility,' we see the modern man's third raking before the wind blows yet again"
738,1120,12,37,182,231,1.2640692640692641,0.03600922537225615,637,You have a permit for that rake?
1221,1120,8,45,178,231,1.2640692640692641,0.033853954692065064,637,"I just love the fall, don't you?"
2478,1120,12,37,182,231,1.2640692640692641,0.03600922537225615,637,Did I miss the Fall Spectacular?
814,1123,11,30,156,197,1.263959390862944,0.039509748070065,637,Can you please rake quieter you are disturbing your A list neighbors.
3587,1124,10,37,169,216,1.2638888888888888,0.036526138191359275,637,I am your biggest fan.
1867,1124,10,37,169,216,1.2638888888888888,0.036526138191359275,637,"Selling tickets to this live event was a bit of a stretch, doncha' think?"
2282,1124,13,31,172,216,1.2638888888888888,0.03825385912012726,637,Sorry.  You'll need a reservation to rake this side of the yard.
1358,1127,10,42,183,235,1.2638297872340425,0.03455022440962693,637,"Do you mind whistling Heigh-Ho?"""
2820,1127,16,30,189,235,1.2638297872340425,0.0375757834458953,637,"David, I want a Divorce..."
3456,1129,12,34,174,220,1.2636363636363637,0.03720995230055316,637,My therapist told me to be more engaged with daily life.
1116,1130,12,39,188,239,1.2635983263598327,0.035178575576451425,637,I’ll take it. It’s like Norman Rockwell meets Grant Wood in the suburbs.
1134,1131,8,38,159,205,1.2634146341463415,0.036519947889897916,637,Just checking on your rake's progress.
1774,1132,14,31,179,224,1.2633928571428572,0.037822873708325794,637,The security has become so lax at these white collar prisons.
994,1133,10,35,164,209,1.263157894736842,0.0373136135369739,637,"He's raking leaf number nine, red with yellow spots and one tear on the top. It's exactly nine am. Ned's wearing a green cap and no gloves."" OCD CSI"
1270,1133,10,40,178,228,1.263157894736842,0.03522270964844333,637,"Personally, I find the whole bio-realism movement a bit derivative...but I do love to jump in the pile."
1596,1133,13,34,181,228,1.263157894736842,0.03683161499267092,637,And you think I am the fall guy?
3165,1133,10,35,164,209,1.263157894736842,0.0373136135369739,637,"Is this the line for ""The Rake's Progress""?"
3770,1137,7,47,178,232,1.2629310344827587,0.03316906274980344,637,"To everything there is a season, but not for performance art."
386,1138,7,42,164,213,1.2629107981220657,0.0349876265111534,637,Is the pile ready yet?
1061,1139,12,38,186,236,1.2627118644067796,0.03545385109237862,637,"Oh yes, the Great Fall of the Middle Class exhibit."
2385,1140,10,37,170,217,1.262672811059908,0.036377757246098104,637,You should wait until there are more leaves to rake and then it's better for the grass if you rake in the same direction one day and another direction the next and why rake at all when snow will cover it soon....
1550,1140,11,35,171,217,1.262672811059908,0.036959580892701564,637,So the leaves really don’t rake themselves?
1029,1142,20,18,183,221,1.262443438914027,0.0412620426166784,637,"Ah, Fall, when the tourist come to watch Al Gore rake the leaves."
2429,1142,6,46,169,221,1.262443438914027,0.03356577821768522,637,You call THIS performance art?
3123,1142,4,50,167,221,1.262443438914027,0.03231703570646397,637,I assume that you realize that this barrier could be to either your or my benefit depending on wind direction.
777,1145,11,31,160,202,1.2623762376237624,0.03879053576443475,637,I see that you are splitting the property with your ex.
2913,1145,14,25,163,202,1.2623762376237624,0.040650727379948626,637,"Pout all you want, if you're not on the list, you're not getting into Billy's clubhouse."
3585,1145,12,29,161,202,1.2623762376237624,0.039420354160013535,637,"Performance art isn't what it used to be, I see."
3464,1148,9,41,175,225,1.2622222222222221,0.03494011000952851,637,Nobody comes or leaves without my permission.
2866,1149,9,36,161,206,1.2621359223300972,0.03701017139895763,637,"The first ""Quintessential Americana"" tour group should be here by nine sir."
1876,1150,4,53,176,233,1.261802575107296,0.0313212464192317,637,"You know, I've always hated your theatrical ways."
2208,1150,12,37,184,233,1.261802575107296,0.03573527419284532,637,My kid could do that.
675,1152,11,35,172,218,1.261467889908257,0.0368093771643188,637,The witness protection plan would like to upgrade your leaf blower.
1611,1152,11,35,172,218,1.261467889908257,0.0368093771643188,637,Table for tree.
3549,1154,13,32,177,222,1.2612612612612613,0.03746014061081044,637,"Fake Leaves, George!"
2112,1154,10,38,174,222,1.2612612612612613,0.035790611822660856,637,Outsider art. Literally.
2601,1154,11,36,175,222,1.2612612612612613,0.03635564112056739,637,Extend...pull.  Extend...pull.
1006,1157,10,40,180,230,1.2608695652173914,0.03495306627975939,637,The Suburbia exhibit is as boring as I thought.
1115,1157,6,48,176,230,1.2608695652173914,0.03270822100658396,637,Is this really what bouncers do after retirement?
3254,1157,13,28,166,207,1.2608695652173914,0.03931578031801564,637,Nice ass.
568,1160,12,37,185,234,1.2606837606837606,0.03559981676205646,637,"Leave them alone, you rakist."
1088,1160,12,37,185,234,1.2606837606837606,0.03559981676205646,637,"Until I can build a wall, this will have to do."
2805,1162,8,39,164,211,1.2606635071090047,0.03576027505066897,637,This Tom Sawyer Act isn't going to work.
393,1163,12,32,171,215,1.2604651162790699,0.03770588010723823,637,"Per his plea agreement, Paul Manafort is assigned to rake leaves at Camp David."
988,1163,8,40,167,215,1.2604651162790699,0.03532503574165723,637,Hundreds of identical leaves. Must be a glitch in the matrix.
1875,1163,9,38,168,215,1.2604651162790699,0.03593503807257447,637,That's the rake you borrowed from me last year.
1354,1166,14,29,176,219,1.2602739726027397,0.038336110905897815,637,What exactly did you think VIP meant?
3591,1166,10,37,172,219,1.2602739726027397,0.03608448500760517,637,"Go ahead John, pick up all the leaves in the world, you’re still not getting in without being on the list."
3273,1168,10,38,175,223,1.2600896860986548,0.03564901094988196,637,"They're my leaves, all right, but I won't be needing them."
320,1168,9,40,174,223,1.2600896860986548,0.0350778111940675,637,"Senator Jones, ten more leaves, then we need you at the lawn mower in 10 minutes."
1151,1170,12,29,163,204,1.2598039215686274,0.039075076324961586,637,"It's either taking a bullet or yard work. Never both, sir."
2436,1171,13,34,184,231,1.2597402597402598,0.03640528925763844,637,Taking this ‘ushering in autumn’ thing a bit too far perhaps?
1847,1172,10,34,164,208,1.2596153846153846,0.03732408547729092,637,"In exhibit #436 we have what the
average middle class American does
on a Saturday"
3600,1172,10,34,164,208,1.2596153846153846,0.03732408547729092,637,"Psst, I know a good grass and blow guy, if you know what I mean."
1269,1174,13,29,170,212,1.259433962264151,0.038623807880315573,637,"I'm afraid you don't have enough points for the elite leafblower, sir."
1717,1174,9,37,166,212,1.259433962264151,0.03623472986861278,637,Too bad we’re not on a full-color page.
3282,1174,13,29,170,212,1.259433962264151,0.038623807880315573,637,"you missed one by your left foot.
You're damaging the lawn. 
There's a couple of leaves behind  you here.
 You just stepped on a leaf."
3748,1174,8,39,165,212,1.259433962264151,0.0356124265814658,637,"I'd let you into my club, but you're just not rakish enough."
2613,1178,14,28,174,216,1.2592592592592593,0.03868017492187841,637,You're disturbing a crime scene.  Put those leaves back where you found them.
2148,1178,6,37,146,189,1.2592592592592593,0.036867788457444636,637,Save your ticket stub for half price off on watching the snow shoveling in December.
2167,1180,10,37,173,220,1.259090909090909,0.03593956754315851,637,There are people waiting!
470,1181,10,38,176,224,1.2589285714285714,0.03550849583252004,637,"We tell the trees to stop littering, but they just won't listen..."
1846,1181,5,48,171,224,1.2589285714285714,0.03256779224618973,637,Don't be disappointed.  Still a couple of weeks to draw a good crowd.
3021,1183,8,44,180,232,1.2586206896551724,0.033594316785056005,637,I don't see how this is helping your writer's block.
1923,1183,10,40,182,232,1.2586206896551724,0.03468740586909295,637,"We may be brothers, but I'm Warhol to your Rockwell."
1776,1185,9,35,161,205,1.2585365853658537,0.03701485508906796,637,"Do it, like you mean it."
2872,1185,11,31,163,205,1.2585365853658537,0.03828508211521013,637,"Spencer, your autumn tableau never ceases to portend the coming of winter's icy blast."
3076,1185,9,35,161,205,1.2585365853658537,0.03701485508906796,637,This diorama shows man before leaf blowers.
1909,1188,11,32,166,209,1.2583732057416268,0.03777970368510606,637,The network is promoting the heck out of you for November sweeps.
1796,1189,18,19,176,213,1.2582159624413145,0.0412398966294057,637,We will win the leaf raking contest before we win the cartoon caption contest ! !
2642,1189,7,41,165,213,1.2582159624413145,0.03483574521765699,637,Still at it? I finished yesterday!
418,1191,9,38,170,217,1.2580645161290323,0.03564332896909953,637,The colors are much more vivid in person compared with watching on TV.
2769,1191,13,30,174,217,1.2580645161290323,0.03796214548773394,637,"No kid is jumping in your leaf pile, NOT on my watch!!!"
3190,1191,7,42,168,217,1.2580645161290323,0.03442539912598306,637,"It appears your lawn is not as spotless as you claimed, Mr. Bond."
1807,1194,9,39,173,221,1.257918552036199,0.03521650803198141,637,I think our Chinese tour group will enjoy this.
3063,1194,10,37,174,221,1.257918552036199,0.03579577870670777,637,"You're being ridiculous Frank! Velvet ropes around your lawn? It's like something out of a New Yorker cartoon. And your name being Frank makes it sillier, because it's not really a common name anymore but it's frequently used in winning captions."""
3378,1194,17,23,181,221,1.257918552036199,0.039614203513266166,637,"A red one--ooh, another bright orange one--and there's a kind of purple one!"
2818,1197,11,36,178,225,1.2577777777777779,0.035925653192659196,637,Really? My kid could do that.
2540,1197,12,34,179,225,1.2577777777777779,0.03647375901935203,637,"Witness if you will, Hank raking his lawn, ignorant of the sinister detail that all the leaves face the same direction as if placed there for this performance of a ""normal life in suburbia."""
3657,1199,13,33,183,229,1.25764192139738,0.0365628322231106,637,"LIMERICK: Once was a man named Backyard Bart...He liked to perform performance art...Trimming trees...Raking leaves...Hell, people paid to watch him fart."
981,1200,12,36,185,233,1.257510729613734,0.03561063658376512,637,Doug suddenly began to think that Harold's '12th annual leaf raking competition' was just an excuse to make someone rake his leaves. Tensions began to rise as Harold invited Doug to his '15th annual lawn mowing jamboree. '
1724,1200,9,42,182,233,1.257510729613734,0.03401648767520156,637,You miss 100% of the leaves you don't rake.
3791,1200,13,34,186,233,1.257510729613734,0.03612639071300842,637,How do I fast forward through this part?
266,1203,10,32,160,202,1.2574257425742574,0.03799500036660026,637,"Unless you throw in a Kardashian or Taylor Swift moves next door, you simply don't have enough here for a successful reality show."
3087,1204,11,39,187,237,1.2573839662447257,0.034687739272912355,637,I don't care whose yard this is you're not on the list.
3371,1205,11,31,164,206,1.2572815533980584,0.03811944463701067,637,"The president requests you leave the red ones and then drain the swamp. No, it was not a metaphor."""
1282,1206,11,33,170,214,1.2570093457943925,0.03713692974171112,637,I have a whole caravan of your replacements coming up from Guatemala so get to work!
1733,1206,13,29,172,214,1.2570093457943925,0.038300202200494377,637,You will never get those last nine leaves up because this is a cartoon.
2083,1206,9,37,168,214,1.2570093457943925,0.035936021102548656,637,"I will be your bodyguard,
if you will be my long lost friend"
1798,1209,10,36,172,218,1.2568807339449541,0.03608975892490352,637,I'd say this year's effort lacks a certain conviction.
3693,1209,11,34,173,218,1.2568807339449541,0.03667081447695566,637,I found more enjoyable last year's performance with the sputtering leaf blower.
3292,1211,10,37,175,222,1.2567567567567568,0.03565310586678822,637,I wouldn't mind taking some of the prettier yellows if you're disposing of them anyway.
1650,1211,14,29,179,222,1.2567567567567568,0.03787087198014864,637,"I am sorry, you need a blower to enter the south yard. No rakes allowed."
303,1213,14,30,182,226,1.2566371681415929,0.03739687077696869,637,"Nope.  No pitchforks.  No horns or tails.  No fire.  No brimstone.  Just you and me, Bro..."
3257,1213,13,32,181,226,1.2566371681415929,0.03686725616511621,637,"Robert Frost may have said it better, but your velvet rope doesn't make for a good neighbor."
384,1215,11,37,182,230,1.2565217391304349,0.0353627805223939,637,Missed one!
3353,1216,13,34,187,234,1.2564102564102564,0.035988502451590416,637,That weed...I want it whacked.
1103,1217,9,43,186,238,1.2563025210084033,0.03351690743024604,637,Buck up Randolph. I know it's quite bleak right now but it's a Super Minimum facility. You'll be out by 4:00pm.
2663,1218,13,25,161,199,1.256281407035176,0.040280237639786845,637,"And if your 'leaves of grass' cross the border again, you'll pay for the fence."
1189,1219,8,36,159,203,1.2561576354679802,0.03651655227899346,637,"Not exactly raking it in, are you?"
2457,1219,10,32,161,203,1.2561576354679802,0.03782863057034075,637,I know it worked for Huck Finn painting the fence — but that was then.
2827,1219,14,24,165,203,1.2561576354679802,0.04032491403329995,637,"Hey, my boss Donald is always on the lookout for a new fall guy. You interested ?"
3024,1219,9,34,160,203,1.2561576354679802,0.03717838001562051,637,Go ahead and rake. All the leaves in the world aren't getting you into this club.
920,1223,9,36,166,211,1.2559241706161137,0.03623567345025288,637,Why did you even bother giving me a guest list?
2481,1224,7,42,170,219,1.2557077625570776,0.034150788361445736,637,Ill give you $20 if I can skip the line.
1128,1224,9,38,172,219,1.2557077625570776,0.035356187807381964,637,I'm not leaving until the fall premiere.
2571,1226,10,37,176,223,1.2556053811659194,0.03551153656852792,637,The use of the rake clearly symbolizes his loss of reality.
2450,1226,9,39,175,223,1.2556053811659194,0.034938089328406884,637,"Sir, I don't think this is what ""distributing leaflets"" means"
437,1228,12,35,184,231,1.2554112554112553,0.03575717926798244,637,The Boss would like a word.
15,1229,9,42,184,235,1.2553191489361701,0.033761799191252745,637,Rake my leaves and I'll forget about the cover charge.
3374,1229,10,40,185,235,1.2553191489361701,0.03429619999018376,637,I see you are managing to control the crowds.
1987,1231,14,23,163,200,1.255,0.040720582377290836,637,"Sometimes I dream about being born on the other side of the ropes so I can feel first hand the effects of mind numbing manual labor. Then, I wake up and laugh...Ha Ha Ha...silly dreams."""
627,1232,11,31,166,208,1.2548076923076923,0.037792336404448616,637,"Ok, You're right Neville...The grass ISN'T always greener."
3321,1232,10,33,165,208,1.2548076923076923,0.03717269908816626,637,Some of your leaves blew over into  my yard last year
3581,1232,13,27,168,208,1.2548076923076923,0.039002089145612734,637,Don't forget the one on your right.
708,1235,11,32,169,212,1.2547169811320755,0.03730302616345187,637,"Cheer up, Harvey. Eventually, everyone leaves."
1845,1236,11,33,172,216,1.2546296296296295,0.03683055058950818,637,And here I am - moments away from a mid-leaf crisis.
2646,1237,12,32,176,220,1.2545454545454546,0.03694021921245162,637,"Put your back into it, man. No one pays to watch a slacker rake."
3632,1237,13,30,177,220,1.2545454545454546,0.03749787721830517,637,So I guess I’m first in line for the premiere performance of “Jack finally cleans up his lawn”!
3167,1239,8,41,175,224,1.2544642857142858,0.034220387312203226,637,I can't believe I had to pay $20 and wait in line just so I can pretend that I live in the country!
3122,1239,6,45,173,224,1.2544642857142858,0.03302965385828851,637,I thought I made it clear that you weren’t supposed to let any leaves in.
1514,1241,10,38,180,228,1.2543859649122806,0.03495705634926824,637,So this is the usual day for the middle class huh?
476,1241,9,40,179,228,1.2543859649122806,0.0343998971792453,637,I hope he puts more effort into the Spring Collection.
257,1243,12,35,185,232,1.2543103448275863,0.035619737050501664,637,You realize they're just gonna keep falling.
3288,1243,10,39,183,232,1.2543103448275863,0.034556152301354275,637,"Sir,you can't stay out here forever,the elections were three weeks ago."
1039,1245,16,30,198,244,1.2540983606557377,0.036327268989397324,637,"Pace yourself, Larry, the turkeys have yet to land."
3471,1245,13,36,195,244,1.2540983606557377,0.0349066810505224,637,"No, I don’t need ID. I’m here to enforce the after hours gas powered blower ban."
1554,1247,9,34,162,205,1.2536585365853659,0.03685695463755104,637,When does your wife go on?
3227,1247,10,32,163,205,1.2536585365853659,0.03750012150388764,637,"A Brechtian commentary on the tedium of bourgeois life? Yes, yes, I've seen all this before."
3366,1247,9,34,162,205,1.2536585365853659,0.03685695463755104,637,Psst...Am I too early or too late?
2325,1250,8,39,170,217,1.2534562211981566,0.034890628320146604,637,"""You rake.  Then you shovel.  Then you mow.  Then you rake again.  Ain't life grand?"""
3097,1251,14,29,182,225,1.2533333333333334,0.03741657386773942,637,Lawnman becomes installation artist to rave reviews.
3396,1252,18,23,192,233,1.2532188841201717,0.03848451987338697,637,Would you like me to place them under your rake ?
947,1253,14,32,191,237,1.2531645569620253,0.03607993268107061,637,"Nothing gets past me. Keep them on your side, neighbor."
3047,1254,10,31,161,202,1.2524752475247525,0.037835819580053505,637,"That's not what I meant when I said ""please leave the property"""
3533,1254,10,31,161,202,1.2524752475247525,0.037835819580053505,637,"Seeing the last white, male Democrat was not worth the price of admission."
876,1254,7,37,158,202,1.2524752475247525,0.03582978190929086,637,I don't care if they were on my tree. THEY' 'R IN YOUR YARD!
1726,1257,9,34,163,206,1.2524271844660195,0.03669826484801438,637,Unbe-leaf-able work!
661,1258,11,31,168,210,1.2523809523809524,0.03747067191384903,637,"Alright easy does it, you need to make those leaves last til the next bus gets here."
2632,1258,10,33,167,210,1.2523809523809524,0.03685760148265506,637,I heard you wanted to go out with a young rake.
28,1260,10,34,170,214,1.2523364485981308,0.03639382326690041,637,Rake it and they will come
3482,1260,10,34,170,214,1.2523364485981308,0.03639382326690041,637,"A bet's a bet, Tom.  Every last leaf.  Then I get to jump in them and you do it again"""
783,1262,11,33,174,218,1.2522935779816513,0.03652907179356203,637,The homeowners association would like to thankyou for your absurd dedication.
1441,1262,7,41,170,218,1.2522935779816513,0.03413592455927654,637,Is this a seasonal performance?
423,1264,8,40,174,222,1.2522522522522523,0.03434540584965233,637,Don't mind me.
2555,1264,8,40,174,222,1.2522522522522523,0.03434540584965233,637,"Avant Garde, no. Avant Yard, yes."
3431,1264,13,30,179,222,1.2522522522522523,0.03719449739158778,637,You want WIND on  the Do Not Allow list?
3713,1264,9,38,175,222,1.2522522522522523,0.03493381813693476,637,"Ok, ok!  I promise not to jump into the next pile."
882,1268,12,33,181,226,1.252212389380531,0.0361967457278187,637,Performance art without a publicist is a lonely art.
2928,1269,16,26,188,230,1.2521739130434784,0.03782934937669261,637,"Make America Rake Again.  Really?  I just use my blower.  And is this flimsy barrier the best you can do?  Not really the wall you kept talking about, is it?"
2987,1269,13,32,185,230,1.2521739130434784,0.03629246248958025,637,Leave the rake.  Take the cannoli.
2425,1269,11,36,183,230,1.2521739130434784,0.03523064394936223,637,I finished my half. You lose.
800,1272,16,28,194,238,1.2521008403361344,0.03691704625823576,637,"Please rake faster, if I don't upload a pic of a pile of leaves soon, my 6 followers will get mad."
1174,1273,12,37,193,242,1.2520661157024793,0.03455120337277493,637,"Oops, here comes another one! And another one!  And one more! Yep, another one! And another and another and another and...."
3708,1274,11,43,204,258,1.251937984496124,0.032636218827440416,637,This is the VIP section- nobody enters and nobody leafs.
1237,1275,8,31,148,187,1.2513368983957218,0.03836217890105118,637,This virtual reality tour of 20th century New England sure needs more fall color
1307,1276,8,33,154,195,1.2512820512820513,0.03731937005943538,637,"Apparently, even the seasons have an intermission now."
3519,1276,8,33,154,195,1.2512820512820513,0.03731937005943538,637,I can’t  wait for feng shui II
1057,1278,13,25,165,203,1.251231527093596,0.039564026603697074,637,Enjoy viewing the last manual labor job held by an white man.
684,1279,12,28,167,207,1.251207729468599,0.0384180147815327,637,Just the leaves. The lawn doesn't' itch.
2149,1279,12,28,167,207,1.251207729468599,0.0384180147815327,637,"Fearful of missing out,Tod patiently waited for his turn to rake it in."
3567,1279,11,30,166,207,1.251207729468599,0.03780266848343732,637,I don't care how much you rake. Nobody gets in without ID.
1704,1282,13,27,171,211,1.2511848341232228,0.03850255168073915,637,"Why are you raking nine leaves, dipshit?"
2245,1282,12,29,170,211,1.2511848341232228,0.03791187080454426,637,Something tells me I've misread the leaflet.
3449,1282,8,37,166,211,1.2511848341232228,0.0354508645281088,637,You've got some nerve charging an admission for this ... you're raking it in.
3466,1285,10,34,171,215,1.2511627906976743,0.036243162363866245,637,Just a few more chores and I'll sneak you on the list.
1730,1286,7,41,171,219,1.2511415525114156,0.03399921840391705,637,Hard to believe that before climate change this was considered to be a distasteful chore
2248,1286,6,43,170,219,1.2511415525114156,0.03337746270758082,637,"Standing room only, huh?"
2621,1286,6,43,170,219,1.2511415525114156,0.03337746270758082,637,"In the grand scheme of things, no one leaf is exactly the same. Fascinating, huh?"
3534,1286,9,37,173,219,1.2511415525114156,0.03520980719401711,637,I’m a regular—and I know the owner.
641,1290,11,36,184,231,1.251082251082251,0.03509478157119138,637,I question your choice of raking hat.
3790,1290,8,42,181,231,1.251082251082251,0.03344716947391031,637,Wait till you see the laundry exhibit
2209,1292,9,41,185,235,1.251063829787234,0.033628597913228905,637,I just love your performance art in the Fall.
2589,1293,9,36,171,216,1.25,0.03549211070760121,637,But you have to let me through. I knew the leaves before they fell.
2653,1293,15,34,207,256,1.25,0.03456664492218576,637,"You can rake, but you can’t hide."
2178,1293,9,37,174,220,1.25,0.03506798236707715,637,"I understand how a rake works, but this section is reserved for leaf blowers only."
3290,1293,9,37,174,220,1.25,0.03506798236707715,637,"The squirrels say they don’t know you, so I can’t let you in."
3688,1293,12,31,177,220,1.25,0.03680076614070642,637,Why the two-drink minimum???
3048,1293,12,27,165,204,1.25,0.03877096183858878,637,This Amish secret service detail is ridiculous.
2052,1293,13,29,178,220,1.25,0.037360505737450526,637,"You look like a regular schlub sir, shall I bring you a cocktail now?"
1919,1293,9,34,165,208,1.25,0.036384849898249846,637,"C´mon, don´t be mad at me, I didn´t put you on house arrest."
1836,1293,8,32,152,192,1.25,0.037656016347859034,637,"Carefully curating your lawn, I see."
1333,1293,8,35,161,204,1.25,0.036194015545739325,637,"Now, stretch! And pull! Ignore those aching wrists! You'll never win 'Raking with the Stars' unless you give yourself to it completely."
620,1293,9,35,168,212,1.25,0.03593079580382942,637,Our budget only covers twenty-two leaves.
545,1293,14,23,167,204,1.25,0.03999722293074047,637,"This velvet rope isn't even slowing them down, and Mexico is most certainly not paying for it."
511,1293,12,32,180,224,1.25,0.03634925608153451,637,"""Can I see the front of your cap?  I'm not sure if I should talk to you."
187,1293,8,43,185,236,1.25,0.03296010549001216,637,And then you shred your work?  Shredding is so hot right now!
112,1293,9,37,174,220,1.25,0.03506798236707715,637,And here we have Arthur with a subtle pairing of The North Face country weekend and Martha Stewart tools for show.
179,1308,13,36,200,249,1.248995983935743,0.0342791349240101,637,Are you sure the line will start here?
227,1309,16,27,194,237,1.248945147679325,0.03693745046012666,637,I'll bet Joyce Kilmer never raked leaves.
878,1309,9,41,187,237,1.248945147679325,0.03337770672162984,637,Derivative crap.
3669,1311,7,43,179,229,1.2489082969432315,0.03298646239036706,637,I have dibs on the red ones.
992,1312,9,38,178,225,1.248888888888889,0.03452116391979599,637,"Rake them again, but slower..."
2794,1313,9,37,175,221,1.248868778280543,0.034927266847667476,637,My neighbor has a bigger pile.
1857,1314,8,38,171,217,1.2488479262672811,0.034738131116823896,637,"I don't know about on the other side of the fence, but on this side of the rope, it sure is greener."
3262,1314,9,36,172,217,1.2488479262672811,0.03534695391399032,637,Not bad. But it still emanates a faux New Haven vibe versus authentic Litchfield County.
3606,1316,8,36,165,209,1.2488038277511961,0.035589507081211814,637,"Robert began to question the adage his mother had lived by: “Good stanchions make good neighbors.”




(Deanna Kilbreth, Leeds, Me.)"
421,1317,9,33,163,205,1.248780487804878,0.036695196214246974,637,"Don't worry, sir. Your neighbor and his leafblower aren't getting anywhere near this lawn again."
3382,1318,8,34,159,201,1.2487562189054726,0.036501955599055,637,Let's pick up the pace...we're already booking into next fall.
1349,1319,10,29,158,197,1.248730964467005,0.03835832097298969,637,"And I don’t wanna see a single leaf on this side, ever!"
2959,1320,8,32,153,193,1.2487046632124352,0.037482788280156665,637,"From a critical perspective, a rather underwhelming season premiere."
2136,1321,16,28,198,242,1.2479338842975207,0.03636457159824986,637,"Always leave them wanting more, Jack"
85,1322,13,32,189,234,1.2478632478632479,0.0357349667862553,637,"Sir, you can't impose a tariff on the neighbors leaves imported into your yard."
387,1322,14,30,190,234,1.2478632478632479,0.03624458982152627,637,"So this is what they call ""labor."""
2892,1322,12,34,188,234,1.2478632478632479,0.035217970002526446,637,"For every two you take out, I'll let one in."
457,1325,10,37,183,230,1.2478260869565216,0.034550440269155006,637,My kid's work is as good at that.
1275,1325,12,33,185,230,1.2478260869565216,0.03563253405615863,637,Real reality. Worth every penny. Who knew?
2133,1325,13,31,186,230,1.2478260869565216,0.03616144028518129,637,So . . . I get the metaphor.  You want me to 'leave'.
2979,1325,8,41,181,230,1.2478260869565216,0.033433342075263606,637,Good cordons make good neighbors!
903,1329,13,30,183,226,1.247787610619469,0.036601952493796115,637,"What’s the matter, Norman? Is the banality of your seasonal Sisyphean task no longer satisfying to you in a world full of crises? Do you long for something... more?"
3406,1330,15,25,182,222,1.2477477477477477,0.03814143341361537,637,"When you’re stuck in a cartoon like this, Dude, there’s just nothing funny or clever to say."
1578,1330,9,37,176,222,1.2477477477477477,0.034787648137847106,637,nothin' beats watchin' a great pick-up artist at work
1056,1330,12,31,179,222,1.2477477477477477,0.036503077992190686,637,"I prefer his later work, the snow-blue period."
1172,1330,8,39,175,222,1.2477477477477477,0.034196720841559614,637,"Well, can I at least hold the bag?"
455,1334,13,28,177,218,1.2477064220183487,0.037528115761440675,637,In Germany we do not have seasons; we have Oktoberfest
790,1334,9,36,173,218,1.2477064220183487,0.03520295061527517,637,I like boring things.
617,1336,7,39,168,214,1.2476635514018692,0.03437892119890744,637,I don't think cordoning off your yard will keep my leaves on my property.
2015,1336,11,31,172,214,1.2476635514018692,0.03684315538490995,637,"I'm sorry sir, once you rake your leaves outside the venue you can't rake them back in without a wristband."""
2702,1336,10,33,171,214,1.2476635514018692,0.036242807972584515,637,. . . . and keep them over there!
273,1339,9,34,167,210,1.2476190476190476,0.03607661574729319,637,"The MicroManager: ""You missed one, there's one behind you, there's one over there, not that one, yes that one, lookout behind you, get that one near the door, and the red one to your left....."""
838,1339,8,36,166,210,1.2476190476190476,0.03543943759650744,637,"I'd really like to help you out, but I'm on the cool side."
2869,1341,6,36,152,194,1.2474226804123711,0.035850897888974935,637,When does the next performance begin?
1146,1342,9,29,152,190,1.2473684210526317,0.038552796714604,637,The house down the block also has a VIP lounge.
2388,1343,12,37,198,247,1.2469635627530364,0.03392594477647472,637,"Unfortunately, budget cuts have forced the agency to scale back its witness protection program"
2579,1344,9,40,186,235,1.2468085106382978,0.03349255653979212,637,"I’m just saying, I’ve never seen anything less than a leaf blower in the VIP area."
2603,1344,10,38,187,235,1.2468085106382978,0.034031185590681065,637,The stroke technique is quite impressionistic.
3222,1346,5,47,179,231,1.2467532467532467,0.031564710982225026,637,The long strokes really show the artist’s desire to get back inside.
3209,1346,10,37,184,231,1.2467532467532467,0.03441727122991194,637,"Didn´t like my joke about the leaf blower, then?"
1521,1346,10,37,184,231,1.2467532467532467,0.03441727122991194,637,This will give you only 2 hours off your community service agreement.
2088,1346,14,29,188,231,1.2467532467532467,0.03653932980407367,637,"Cheer up sir, you'll only be in for 18 months and next election isn't coming for two years."
2242,1350,10,36,181,227,1.2466960352422907,0.0348157494311487,637,He never leaves!
2839,1350,13,30,184,227,1.2466960352422907,0.03645669915324484,637,"Well,‘Raking with the Stars’  this ain’t..."
3640,1352,10,35,178,223,1.2466367713004485,0.03522726555848667,637,"For this reviewer, Tom Gallagher's performance is a bit flat and seems to lack motivation. Only two stars out of five, I'm afraid."
1841,1352,11,33,179,223,1.2466367713004485,0.03579608054335416,637,"I'll have you know in this neighborhood we rake in profits, not leaves."
2497,1352,7,41,175,223,1.2466367713004485,0.033462857142116095,637,I don’t understand. We have leaves at home you can rake.
2962,1352,9,37,177,223,1.2466367713004485,0.034649113916375755,637,"Psst, you missed a spot."
83,1356,11,32,176,219,1.2465753424657535,0.0362352509671503,637,So you think I'm a nosy neighbor.
847,1357,10,33,172,215,1.2465116279069768,0.03609223005332794,637,"Don't mind me, I just love watching others work"
505,1357,10,33,172,215,1.2465116279069768,0.03609223005332794,637,"Hey, you missed one!"
2465,1359,8,36,167,211,1.2464454976303319,0.03529059622580752,637,I've seen better.
1341,1359,9,34,168,211,1.2464454976303319,0.03592440284821048,637,The Anti-Leafblowers League meets tonight at my house.
1908,1359,8,36,167,211,1.2464454976303319,0.03529059622580752,637,"Are the leaves really what troubles you, or are they just a projection of your agitation with the Mueller investigation?"
1770,1362,10,27,154,191,1.2460732984293195,0.03908380147124161,637,Beautiful. This must be a Banksy.
1047,1363,7,32,148,187,1.2459893048128343,0.03741261337034227,637,Let me guess...Ellen's notion of a productive golf  alternative?
3244,1364,10,40,194,244,1.2459016393442623,0.03317252794085667,637,"Yes, sir, your leaves are very pretty, but admission to this side of the yard is still $12.50 for non-members."
2495,1365,10,39,191,240,1.2458333333333333,0.033532139013421655,637,The leaf pile tour begins in five minutes.
718,1366,8,40,180,228,1.2456140350877194,0.033546812545273946,637,The rules are the same for the rake as for the blower:  Your leaves stay on your side.
240,1367,8,39,177,224,1.2455357142857142,0.0339266221328839,637,Careful!  That one's on the list.
3012,1367,9,37,178,224,1.2455357142857142,0.03451165203589813,637,You may be the last person collecting leaves without the comforting sound of a leaf-blower.
3336,1369,14,26,180,220,1.2454545454545454,0.03777361904936625,637,Doug tried to capitalize on being the last remaining Caucasian lawn guy in LA
3526,1370,10,33,173,216,1.2453703703703705,0.03594287096938957,637,"Yes, once there's more than eight you've got to get after it."
3425,1370,9,35,172,216,1.2453703703703705,0.03533869906187971,637,This is the best piece of lawn art I've seen since the garden gnome.
3475,1370,9,35,172,216,1.2453703703703705,0.03533869906187971,637,Do you know where all your leaves are?  I would hate for something to happen to them....
1515,1370,9,35,172,216,1.2453703703703705,0.03533869906187971,637,I usually don't rake until there are at least ten leaves.
2041,1370,13,27,176,216,1.2453703703703705,0.03769733332651603,637,Is this where I sign up for the authentic fall leaf experience pop up?
3553,1375,9,34,169,212,1.2452830188679245,0.03577343926537616,637,I miss LA.
521,1376,9,33,166,208,1.2451923076923077,0.0362233744616356,637,If you run for Congress you could be raking in money instead of leaves.
872,1376,6,39,163,208,1.2451923076923077,0.03424586773853028,637,Plenty performance but little art.
1496,1376,10,31,167,208,1.2451923076923077,0.03685897435897437,637,"5.	Would you hurry, please.  I also have tickets for the 8 o’clock snow."
1685,1379,13,24,167,204,1.2450980392156863,0.03923379278702879,637,That's not how the beautiful people do it.
2030,1379,10,30,164,204,1.2450980392156863,0.037341732097379295,637,"Do you think you could rake from east to west?
That would be fantazz."
1263,1381,9,31,160,200,1.245,0.03717235423803542,637,You call this a fence?
1783,1381,6,37,157,200,1.245,0.03508603925714285,637,I see you went cheap on the fence.
2666,1381,9,31,160,200,1.245,0.03717235423803542,637,"Not 'that' Banksy? You could have said so before we gave you the grant."""
1312,1384,10,28,158,196,1.2448979591836735,0.03836155695203179,637,Performance art is so overrated...
789,1385,6,35,151,192,1.2447916666666667,0.03598783292044777,637,Can't believe I paid $75 to watch this!  You have no technique. And that jacket is heinous.
2597,1386,12,34,191,237,1.2447257383966244,0.03481798155563782,637,You’re under arrest for leafing the scene of a crime.
2125,1386,10,38,189,237,1.2447257383966244,0.03377538198211149,637,I enjoy performance art.
2726,1386,12,34,191,237,1.2447257383966244,0.03481798155563782,637,Man this is really boring!
3653,1389,5,36,147,188,1.2446808510638299,0.035675574827818135,637,You Vermonters are starting to take yourselves way too seriously.
1764,1390,12,32,185,229,1.244541484716157,0.03563610186626218,637,"Nothing gold can stay, but I'd like to keep the other colored leaves..."
2256,1390,8,40,181,229,1.244541484716157,0.03341721524260942,637,"So, I take it you're Art."
2948,1390,11,34,184,229,1.244541484716157,0.035094534984947204,637,V(ermont) R(eality) glasses.
613,1393,13,29,183,225,1.2444444444444445,0.03661130982435173,637,I swear my name is on the List!
671,1394,14,26,181,221,1.244343891402715,0.03761870827588066,637,I wish I wasn’t blind so I could see what’s going on.
1474,1394,14,26,181,221,1.244343891402715,0.03761870827588066,637,Is a rake really the best option? I mean you have to get at least six feet deep.
2744,1394,8,38,175,221,1.244343891402715,0.034181211225290394,637,"Witness protection or not, there are standards to follow in the suburbs."
3237,1394,9,36,176,221,1.244343891402715,0.03477773046190479,637,"Your half hour is up, it’s my turn to get out of the house."
1323,1398,9,35,173,217,1.2442396313364055,0.035193640430403746,637,Saturday at the Museum of Mundanities.
1553,1398,11,31,175,217,1.2442396313364055,0.03638586431240522,637,You call this raking? My kid could do this.
963,1400,10,32,171,213,1.244131455399061,0.03624002800373392,637,Ugh. Amateur.
3556,1400,13,26,174,213,1.244131455399061,0.03802909856487801,637,"Sir, just put the rake down and leaf the premises."
2026,1402,8,34,163,205,1.2439024390243902,0.035868962206281226,637,So am I the first in line for the new i-phone?
1975,1402,10,30,165,205,1.2439024390243902,0.03717836017173584,637,I come from the South and I was told that this is a spectacular event.
751,1402,12,36,198,246,1.2439024390243902,0.03392518869585529,637,"So next time you notice POTUS, don't point the leaf blower at him!"
905,1402,16,18,171,205,1.2439024390243902,0.04085553219541218,637,Because Mother nature hates Republicans.
1008,1402,5,40,160,205,1.2439024390243902,0.033809916101642544,637,"I’ll say it again, “Good stanchions make good neighbors.”"
2424,1407,7,35,159,201,1.243781094527363,0.03563731287372383,637,"So touchy about your technique! I only meant it as friendly advice, Charlie, not as criticism."
2577,1407,13,23,165,201,1.243781094527363,0.039604615028380835,637,Let me contain this caravan before it gets to the border.
571,1409,11,26,160,197,1.2436548223350254,0.03885886792333237,637,"Be thankful, if it hadn't been for a small clerical error, you'd be stretched out on the rack."
1513,1410,10,37,187,234,1.2435897435897436,0.034023714645426986,637,I see a lack of Feng Shui in your placement of the leaves.
3132,1410,6,45,183,234,1.2435897435897436,0.031794392552929464,637,Seasons in danger of extinction: autumn.
2566,1412,7,41,178,226,1.2433628318584071,0.03307125415645108,637,"You know, my eight-year-old could do that."
2137,1413,12,30,180,222,1.2432432432432432,0.036360691567368236,637,"Hey, Clem......a new rake and fancy velvet ropes..  We figure you're the MegaMillions winner.....right?"
3042,1413,8,38,176,222,1.2432432432432432,0.034044689816018076,637,So this is the Jimi Hand Rakes Experience.
1750,1415,10,33,175,218,1.2431192660550459,0.03564775235408844,637,"Harold, never rake the leaves angry."
1260,1415,9,35,174,218,1.2431192660550459,0.03504974055186101,637,"'""No! I said do a sweep of the crime scene..."""
2266,1415,11,31,176,218,1.2431192660550459,0.03623589633283639,637,Well there’s no football on Wednesdays. I need some way to fill the void.
1444,1418,10,32,172,214,1.2429906542056075,0.036088320200967625,637,"Honestly, I was expecting something closer to the book version."
2617,1419,9,33,168,210,1.2428571428571429,0.03591536014610423,637,"Raking leaves? What is it, Fall '98?"
3413,1419,10,31,169,210,1.2428571428571429,0.036544241147484106,637,"Yeah, I just don't get the feeling of Realism."
1242,1419,11,29,170,210,1.2428571428571429,0.03716248145195055,637,Can I get you a sandwich baggie for those?
1781,1419,12,27,171,210,1.2428571428571429,0.03777060357325081,637,"Don't worry, the crowds will improve once there are more leaves."
1608,1423,17,25,201,243,1.242798353909465,0.03657693175850036,637,This is management.
3794,1424,9,32,165,206,1.2427184466019416,0.036371044705435486,637,You must be the fall guy.  This won't hurt a bit.
870,1425,6,37,159,202,1.2425742574257426,0.03477989981462256,637,"Excuse me, is this theater four?"
2202,1425,9,31,162,202,1.2425742574257426,0.036843145939810786,637,Next time I'll try to get you a left-handed rake.
3656,1425,10,29,163,202,1.2425742574257426,0.037505680369128096,637,They’re not on the list and they’re not gettin’ in.
2865,1428,12,33,190,235,1.2425531914893617,0.0349510524866382,637,I'm not paying for the wall.
702,1429,6,36,156,198,1.2424242424242424,0.035212249088415894,637,"The atmosphere, the costuming, the props, all in all a great piece of performance art."
2545,1429,8,32,158,198,1.2424242424242424,0.03663947068071843,637,"Fall, in my opinion, is without doubt the best season for performance landscaping."
841,1431,8,39,180,227,1.2422907488986785,0.03352917916872241,637,It’s a bit rich calling yourself the Museum of  Fallen Leaves.
1185,1431,11,33,183,227,1.2422907488986785,0.03523010588156047,637,"Mark, why are your hands so small?"
1024,1433,7,40,176,223,1.242152466367713,0.033308205740189945,637,I prefer raking it in on Wall Street!
1416,1433,11,32,180,223,1.242152466367713,0.035651551772446735,637,What time does the snow begin?
883,1433,13,28,182,223,1.242152466367713,0.03676726031212774,637,"You're never going to rake over here dressed like that, pal."
849,1436,9,35,175,219,1.2420091324200913,0.03490698604320584,637,"That's right, rake it!  Rake it like you hate it!"
805,1437,9,42,197,248,1.2419354838709677,0.03219269856341739,637,"No one, and I mean no one, can ever know I stood here and watched you rake leaves all day."
2232,1437,13,34,201,248,1.2419354838709677,0.03416093225129197,637,You missed a spot. You missed a spot. I'm shtupping your wife. You missed a spot. You missed a spot...
3514,1437,8,44,196,248,1.2419354838709677,0.03168154001819482,637,"Normally, guests don't do this."
254,1440,9,34,172,215,1.241860465116279,0.035327897342839906,637,I think you missed one Comrade.
2297,1441,11,29,171,211,1.2417061611374407,0.037003841219478834,637,Was the $15/hour the tipping point for you to hire or do it yourself?
3160,1441,14,23,174,211,1.2417061611374407,0.038790383848049254,637,"Are you expecting a crowd for this evening's performance of ""The Rakes Progress?"""
3308,1441,9,33,169,211,1.2417061611374407,0.03576326591548001,637,Your performance in Moonraker was more convincing.
444,1444,10,29,164,203,1.2413793103448276,0.03733959133466037,637,These new post-modern plays are so lifelike
3185,1444,12,32,188,232,1.2413793103448276,0.03522123122157186,637,More to the left.
3313,1444,8,33,162,203,1.2413793103448276,0.036009698423571775,637,"I GUESS YOU CAN'T WAIT UNTIL
THEY ALL FALL DOWN"
2250,1447,7,41,180,228,1.2412280701754386,0.03281510055232256,637,That's a really good representation of seasonal change.
2210,1448,11,32,181,224,1.2410714285714286,0.03550849583252004,637,Most people just slip me a twenty.
747,1449,9,35,176,220,1.240909090909091,0.03476536371676604,637,No entry until you turn over a new leaf.
531,1449,13,27,180,220,1.240909090909091,0.03707660335062359,637,Not the exhibition I was expecting.
1409,1451,8,36,172,216,1.2407407407407407,0.03456431218807174,637,I told you I was going to show you how rake it in
2800,1451,6,40,170,216,1.2407407407407407,0.0332950301510947,637,You really had to call me back for just nine leaves!
2972,1451,11,30,175,216,1.2407407407407407,0.03638530807129099,637,You'll still have to pay the cover.
97,1454,7,37,168,212,1.240566037735849,0.03433399894795533,637,not my most successful but my longest running art installation
2898,1454,9,33,170,212,1.240566037735849,0.0356124265814658,637,"So you think you can rake?""...
{The moment Reality TV went too far."
2022,1456,9,32,167,208,1.2403846153846154,0.036058079398392937,637,You missed one over there!
2909,1456,12,26,170,208,1.2403846153846154,0.03794125050817084,637,After you've done that could you tidy up my eyebrows?
161,1458,11,34,188,233,1.240343347639485,0.034553745227375296,637,He only comes out in the fall.
3279,1458,9,38,186,233,1.240343347639485,0.033465862802899024,637,They'll flutter in even if you rope them off.
1181,1460,11,40,207,258,1.2403100775193798,0.03228234281390285,637,I got here to be first in line to watch some guy with a rake?
3729,1461,8,38,179,225,1.24,0.0336414332593906,637,"Sir, our intel would suggest that you've missed a spot."
3419,1461,10,34,181,225,1.24,0.034801021696368506,637,And make certain to separate the oak from the pine.
2680,1461,10,28,162,200,1.24,0.037670883682055234,637,I got Elon Musk's new nitrogen powered leaf blower.
3403,1461,4,40,156,200,1.24,0.03343034459437253,637,Are you ready to let people see the yard yet?
2636,1465,10,33,178,221,1.239819004524887,0.03521386524123574,637,Now right handed
3228,1465,10,33,178,221,1.239819004524887,0.03521386524123574,637,The crowds sure have dwindled since the Jone's got a leaf blower.
3276,1467,10,27,159,196,1.239795918367347,0.03818542158577371,637,How many times must I ask you to leave?
1027,1468,10,32,175,217,1.23963133640553,0.035640570517757,637,"Welcome back folks,here again covering the World Championship of Lawn service."
1408,1468,11,30,176,217,1.23963133640553,0.03623423332070539,637,You missed one; cross rake on alternate strokes; change hands periodically...
1431,1468,5,42,170,217,1.23963133640553,0.03251004889708217,637,"We need to consider the optics. The public expects some leaves, you know."
2760,1468,8,36,173,217,1.23963133640553,0.03442254307594073,637,"A seat on the pile, please."
3554,1468,6,40,171,217,1.23963133640553,0.033159805138130424,637,I know several better ways to do that
3130,1473,10,26,156,192,1.2395833333333333,0.03871968169713134,637,"Who me,Sisyphus ?I'm finished at 5:00."
601,1474,10,37,191,238,1.2394957983193278,0.033512462217039456,637,I'm a friend of your wife.
2442,1475,5,41,167,213,1.2394366197183098,0.03287017642808808,637,Thank you for taking my “How to Rake Your Lawn class”. I just don’t understand why it’s not a big seller.
737,1476,9,32,168,209,1.2392344497607655,0.035903565397886486,637,"And here, we see a isolated baby boomer in its natural habitat #amerizengarden"
2643,1477,5,45,180,230,1.2391304347826086,0.03137499148821919,637,"If this isn’t an art exhibit, why am I watching from behind a velvet rope?"
2861,1478,7,35,163,205,1.2390243902439024,0.03501991128582385,637,Have you tried the rope? Leaves respect the rope.
3069,1478,7,35,163,205,1.2390243902439024,0.03501991128582385,637,Just saying… its a lot less work if you only remove the unattractive ones
463,1478,7,35,163,205,1.2390243902439024,0.03501991128582385,637,The museum of pre-apocalyptic life.
1824,1481,11,32,183,226,1.238938053097345,0.0352257350761727,637,"Excuse me, but when does the headliner go on?"
3756,1482,12,35,200,247,1.2388663967611335,0.03367559447524965,637,The crowds will love 'retro' leaf removal!
49,1483,7,34,160,201,1.2388059701492538,0.03545627025392405,637,"Excuse me, I've been waiting here for half an hour but the line doesn’t seem to move."
887,1483,10,28,163,201,1.2388059701492538,0.03750201103491096,637,I just don’t understand why you’re doing it if I can’t “like” it.
1491,1483,9,30,162,201,1.2388059701492538,0.0368327244156808,637,"You really are fooled, every fall, aren't you?"
3651,1483,8,32,161,201,1.2388059701492538,0.036151049004149165,637,The Museum of Seasons: The Fall Exhibit
1118,1487,8,37,177,222,1.2387387387387387,0.03388926774123804,637,Now move six inches to the left.
3205,1487,9,35,178,222,1.2387387387387387,0.03448546381715659,637,"Good rope lines 
make even better neighbors."
270,1489,11,25,161,197,1.2385786802030456,0.038685942475269436,637,What did people do for noise in those days?
1296,1489,6,35,156,197,1.2385786802030456,0.035179756987954086,637,"I requested funding.  Next year I'm building a wall.  In the meantime, respect the rope."
3149,1491,8,36,174,218,1.238532110091743,0.034281905181247914,637,"Sir, you’re not on the list. Step away from the rake."
2779,1491,12,28,178,218,1.238532110091743,0.03666552554428564,637,Last week you had your right hand on top.
1,1491,8,36,174,218,1.238532110091743,0.034281905181247914,637,Our other fall guy wasn’t available.
1883,1491,10,32,176,218,1.238532110091743,0.03549373033575603,637,Do you have a green card?
3271,1495,13,31,195,239,1.2384937238493723,0.03493096904427099,637,They said you do Reiki?
1995,1496,9,28,156,193,1.238341968911917,0.03783181830702132,637,I'm guessing this is just the dress rehearsal. What are you going to do to distract yourself AFTER the midterms?
1139,1497,14,23,177,214,1.2383177570093458,0.03829484852389561,637,The boss would like to jump into your pile.
3294,1497,10,31,173,214,1.2383177570093458,0.035930315160768875,637,I see you're raking it in again this year.
682,1499,11,34,190,235,1.2382978723404254,0.0342894303352196,637,They'll let anyone rake here.
1562,1500,5,45,181,231,1.2380952380952381,0.03125602126211242,637,Now this... this is talent.
1835,1500,8,34,168,210,1.2380952380952381,0.035107243209224044,637,"Yes, but good fences don't make posh neighbors."
1887,1500,7,36,167,210,1.2380952380952381,0.03445214157538701,637,Who exactly are you trying to keep out?
2694,1500,11,33,187,231,1.2380952380952381,0.03468140655400147,637,"Excuse me, is this the queue for ""Hamilton""?"
1974,1504,8,38,181,227,1.2378854625550662,0.033377735594879804,637,and they say trickle down doesn't work
3700,1504,7,40,180,227,1.2378854625550662,0.03278854065893269,637,"Five more minutes... or upgrade to the premium ‘burbs experience and clean the gutters, too."
3540,1506,9,31,166,206,1.2378640776699028,0.036201563030590224,637,I realize this is a concierge service but it seems awfully expensive for just nine leaves.
572,1507,7,44,193,244,1.2377049180327868,0.03133374961347725,637,"I do, however, respect the 'good neighbor velvet rope'."
2682,1508,10,33,180,223,1.2376681614349776,0.03493031061533521,637,"Watch your attitude, Mister. It wasn’t easy to negotiate light labor at a minimal security facility."
2368,1508,7,39,177,223,1.2376681614349776,0.03315010058912837,637,"Observing ""Homo Autumnus."""
1641,1510,11,30,178,219,1.2374429223744292,0.035935748090096725,637,I love this retrospective statement on 1960's Suburbia Disfunction Syndrome.
596,1511,9,38,189,236,1.2372881355932204,0.03308619707965858,637,"Dude, it's all in the wrists."
1317,1512,7,37,171,215,1.2372093023255815,0.03390870978768188,637,Competitive raking is catching on.
2895,1512,9,33,173,215,1.2372093023255815,0.03516728908689528,637,"Reality TV or not, America wants to know, ""Who are you wearing?"""
3577,1512,6,39,170,215,1.2372093023255815,0.03326156623397667,637,I raked too...before I roped.
695,1515,11,38,204,253,1.2371541501976284,0.03260322927943822,637,"Wow, you're feet are  r e a l l y small."
3179,1516,10,30,171,211,1.2369668246445498,0.03622681712030263,637,"Critiquing ""the rake's progress."""
3603,1516,9,32,170,211,1.2369668246445498,0.03559839519754112,637,Please form a straight line.
520,1518,8,38,182,228,1.236842105263158,0.03324739471984402,637,You've missed 10.
1701,1518,6,33,151,190,1.236842105263158,0.035923626893415564,637,"That’ll do for Thursday’s soft open, but you’ll need to step it up for Saturday’s big lawn sale."
2284,1520,7,35,165,207,1.2367149758454106,0.03471897205940107,637,Is this the performance art?
3338,1520,10,29,168,207,1.2367149758454106,0.0366894176393912,637,Remain behind the rope for your safety
2671,1520,7,35,165,207,1.2367149758454106,0.03471897205940107,637,"I’m a highly trained assassin, Craig. You really think you can stop me? I’ve killed like hundreds of people. Just as soon as I figure out how to get past this rope, your ass is grass."
168,1520,7,35,165,207,1.2367149758454106,0.03471897205940107,637,"If you want to keep the leaves on your neighbor's side, you have to build a bigger wall."
1466,1520,5,39,163,207,1.2367149758454106,0.03334070770530634,637,Ever heard of The Rake's Progress?
1413,1525,6,41,177,224,1.2366071428571428,0.032406860770698535,637,"If I make it look like interactive art, the millennials will come ."
86,1526,7,38,175,220,1.2363636363636363,0.03338800754030145,637,"I can do this all day, Bill."
2431,1526,11,30,179,220,1.2363636363636363,0.03578830883363541,637,"At this point, it’s anyone’s game."
2547,1528,8,31,160,199,1.236180904522613,0.03629296443156765,637,It's amazing that you can get the leaves to stay on one side of the velvet rope.
1482,1528,9,29,161,199,1.236180904522613,0.0369856473778644,637,"Yes, they pay me to annoy people!"
1823,1528,7,33,159,199,1.236180904522613,0.0355868012400994,637,We considered raking but it's just not creative enough for us.
2403,1528,8,31,160,199,1.236180904522613,0.03629296443156765,637,Ziegfeld Fallees
2921,1532,9,33,174,216,1.2361111111111112,0.035021321588912815,637,"Charmingly retrograde, but those shoes have to go."
3720,1532,8,35,173,216,1.2361111111111112,0.034400968644762914,637,"No, in LA this is NOT what they mean by ""raking it in""."
276,1532,13,25,178,216,1.2361111111111112,0.03739997666280567,637,Where does the air blow out?
46,1535,9,37,187,233,1.2360515021459229,0.03332082871976577,637,"I'm sorry, but this is what happens when you get a restraining order from a movie star."
3268,1536,10,30,172,212,1.2358490566037736,0.03607285293912501,637,What do you say you let the leaves lie there and just walk away.
389,1536,8,34,170,212,1.2358490566037736,0.03481133832396631,637,"It's a metaphor for roping off your emotions, not my reluctance to do chores."
224,1538,7,40,182,229,1.2358078602620088,0.03253458918339099,637,Live performance just isn't what it used to be.
1898,1539,8,29,154,191,1.2356020942408377,0.03726599839687525,637,"No really, you and Ruthie are always welcome at our dinners. What makes you think they're so exclusive?"
3607,1540,8,33,167,208,1.2355769230769231,0.03523581794494519,637,I don't think that qualifies as performance art.
773,1541,10,28,166,204,1.2352941176470589,0.03700419437908958,637,You forgot the one near your left foot.
1131,1541,13,22,169,204,1.2352941176470589,0.0389126707136443,637,When will you be done with my eyebrow comb?
2303,1541,9,34,178,221,1.2352941176470589,0.034468612840238486,637,"Don’t mind me, Mr. Stravinsky, I was just checking on the rake’s progress."
2658,1541,13,26,182,221,1.2352941176470589,0.0367780724364693,637,"So! You seek to capture the elusive red oak, the wiliest of all the  leaves."
59,1545,9,37,188,234,1.235042735042735,0.033193458471159315,637,Now that's what I call a site-specific installation
3187,1546,12,27,178,217,1.2350230414746544,0.03666580111299543,637,The paparazzi told me they’re running late.
298,1547,13,28,189,230,1.2347826086956522,0.03575164292866313,637,"Somehow, he hasn't noticed he is part of a social experiment where no matter how much raking he does, the leafs keep coming."
3189,1548,11,28,174,213,1.2347417840375587,0.03653148447216898,637,You are a craftsman. You're father was an artist.
2372,1549,5,36,155,196,1.2346938775510203,0.03439089545246416,637,Is this a Fall Gala?
690,1550,4,45,177,226,1.2345132743362832,0.030905952579099928,637,"Please hurry, the tour bus just pulled up."
3621,1550,10,33,183,226,1.2345132743362832,0.03451327433628319,637,I heard this exhibit really rakes it in.
3641,1550,10,33,183,226,1.2345132743362832,0.03451327433628319,637,I see you took the fall for this job.
2612,1553,8,33,168,209,1.2344497607655502,0.03508493090714984,637,Now I get why 1950s Williamsburg isn't popular.
1501,1553,9,31,169,209,1.2344497607655502,0.03573456312470423,637,"Your raking lacks the implied pomp of the circumstance
and yet there is a certain earnest skill for the task."
3264,1555,4,37,151,192,1.234375,0.03402416957695509,637,"I must say that as your neighbor, I'm experiencing a deep sense of existential alienation."
1051,1556,8,36,178,222,1.2342342342342343,0.03373040774169283,637,Great news. You're on the VIP list for fertilizing too.
1838,1556,8,36,178,222,1.2342342342342343,0.03373040774169283,637,"Dad, must I remind you, as a representative of The Neighbourhood Watch, I'm only required to 'watch' you rake."
2201,1556,9,34,179,222,1.2342342342342343,0.034329362840984264,637,I see this wasn’t one of the more popular leaf peeper tours.
3195,1556,9,34,179,222,1.2342342342342343,0.034329362840984264,637,Whatever made you think you could rake it in doing performance art?
3360,1560,10,28,167,205,1.2341463414634146,0.03684112737069095,637,This art is so lifelike
1644,1561,11,33,191,235,1.2340425531914894,0.034149223675255407,637,Saint Peter won’t care how many bags you’ve raked.
880,1562,15,21,182,218,1.2339449541284404,0.03821051267180584,637,If you were me you’d be done by now.
3088,1563,9,29,163,201,1.2338308457711442,0.03665420986347038,637,If you had a leaf blower you wouldn't have to listen to this review.
1220,1564,8,34,172,214,1.233644859813084,0.03452027331371376,637,"The Lorax is dead, I speak for the trees now."
2027,1564,10,30,174,214,1.233644859813084,0.03576874624041867,637,I told you you would really rake it in this fall season.
3539,1564,12,26,176,214,1.233644859813084,0.036975088175275936,637,Why don't you leave those. It will look more natural.
2199,1567,7,32,158,197,1.233502538071066,0.03571750647142785,637,"I can't believe you didn't get leafless trees, man.  They're really not that much more expensive."
3684,1567,9,28,160,197,1.233502538071066,0.037139399644095364,637,I hear this place is really overblown.
1642,1567,9,28,160,197,1.233502538071066,0.037139399644095364,637,The Fall Premiere”
2092,1570,11,31,185,227,1.2334801762114538,0.03493885196299396,637,Let them drink pumpkin-spice lattes - that’s what I always say.
2401,1570,12,29,186,227,1.2334801762114538,0.03549236835421428,637,Wanna' borrow my leaf blower?
2406,1570,11,31,185,227,1.2334801762114538,0.03493885196299396,637,We are in a cartoon and you're still working.
2483,1570,7,39,181,227,1.2334801762114538,0.03263102874405143,637,I got the trees; you get the leaves.
2638,1570,7,39,181,227,1.2334801762114538,0.03263102874405143,637,Did I say “ Simon says”?
1230,1575,9,31,170,210,1.2333333333333334,0.03558151061468365,637,"Was it your homeowners' policy or OSHA 
that required you to put this up?"
1305,1575,12,25,173,210,1.2333333333333334,0.03745329488157403,637,This is just the previews.  I want to be first in line for the real show.
1422,1575,11,34,195,240,1.2333333333333334,0.03364567748170872,637,Worst movie I've ever seen.
1786,1575,7,28,145,180,1.2333333333333334,0.03786676633343822,637,So do you hate celebrity yet?
3768,1575,7,35,168,210,1.2333333333333334,0.03427691591115876,637,If you also clean the gutters I'll let you cut the line.
3454,1580,13,26,184,223,1.2331838565022422,0.036477876413767985,637,You rake just like your mother. And now look where she is; with someone less critical and I have all this free time on my hands.
500,1581,11,29,179,219,1.2328767123287672,0.03578104735034337,637,I heard your one-man show isn't really raking it in.
2592,1582,12,30,190,232,1.2327586206896552,0.03494152945593868,637,Nobody's coming to watch this.  I'm standing here because I'm your next door neighbor.
2688,1582,13,28,191,232,1.2327586206896552,0.03547153060633943,637,I find this work menacing and playful with the disjunctive perturbation of a neoliberal motif and the notion that I will never lift a finger in my own home.
3435,1584,6,35,161,202,1.2326732673267327,0.0344062905413732,637,At least at Williamsburg they wear costumes.
859,1584,9,29,164,202,1.2326732673267327,0.03649066730609898,637,Prepping 1 O'clock leaf pile jump for P.O.T.U.S now....over
2383,1586,9,32,174,215,1.2325581395348837,0.03500305604171466,637,"Call me crazy, but I don't think putting up a velvet rope will keep the leaves from falling into your yard."
2463,1586,7,36,172,215,1.2325581395348837,0.033738350730339296,637,You can’t put them back you know”
2734,1586,9,32,174,215,1.2325581395348837,0.03500305604171466,637,This production lacks dialogue. Perhaps you could whistle.
3121,1586,9,32,174,215,1.2325581395348837,0.03500305604171466,637,"What we have here, ladies and gentlemen, is a rather quaint representation of rural Americana that only begins to scratch the surface”"
489,1590,11,31,186,228,1.2324561403508771,0.034800343764709626,637,The dachshund turds and the acorns are really hard to tell apart now that the temperature has finally dropped.
1678,1591,5,36,157,198,1.2323232323232323,0.034083668220219944,637,"So much more prolific than your
 “Lawn Shavings” exhibit!!"
3423,1591,9,28,161,198,1.2323232323232323,0.03697016487849616,637,"Good luck on a clean sweep, senator."
290,1593,10,29,172,211,1.2322274881516588,0.03606109972151431,637,"I can't believe he fell for ""fall curling"""
3323,1594,7,38,179,224,1.2321428571428572,0.032857386568463626,637,"Your advertised demonstration of ""raking it in"" with rural housing leaves much to be desired."
1433,1594,10,32,182,224,1.2321428571428572,0.03463702012020844,637,"Just retired and trying to stay busy, huh?"
3760,1594,9,34,181,224,1.2321428571428572,0.03405414403429193,637,"If you want to save time, Rollo, just walk around and pick 'em up."
1287,1594,8,36,180,224,1.2321428571428572,0.03346111607536242,637,Your wife is selling tickets to the Rake's Progress
1342,1594,6,40,178,224,1.2321428571428572,0.03224235436828444,637,You're doing that all wrong … but you knew that.
3146,1599,8,32,167,207,1.2318840579710144,0.03521146434696396,637,"Would you like to star in our new film,""The Average American""?"
866,1599,6,36,165,207,1.2318840579710144,0.03385325672496983,637,Look at me when you rake!
1383,1599,10,28,169,207,1.2318840579710144,0.036519192926847556,637,"I'm sorry you're upset, but I clearly said rakey, rakey, not Reiki, Reiki."
1915,1602,12,27,181,220,1.231818181818182,0.036211543700920404,637,"It beats sitting in a wheelchair in front of a judge, doesn't it, Paul?"
2170,1602,7,37,176,220,1.231818181818182,0.033222295151420805,637,Eventually you’ll have to let winter in
2672,1602,7,37,176,220,1.231818181818182,0.033222295151420805,637,"Regrettably, the budget your wife specifcied does not allow for both a gardener and a landscape curator.”"
2930,1602,11,29,180,220,1.231818181818182,0.0356337606321387,637,"It doesnt natter how hard you try to get rid of them. When you think you have it under control, more apoear at the border fence."
1878,1606,9,36,188,233,1.2317596566523605,0.033172767256210996,637,"Which one of us is considered officially ""behind the ropes?"""
1432,1607,7,33,163,203,1.2315270935960592,0.03496021896019181,637,Now you see the gardner in his matural habitat...
3052,1607,7,33,163,203,1.2315270935960592,0.03496021896019181,637,What do you do for an encore?
2742,1609,9,35,185,229,1.2314410480349345,0.033539627609815464,637,How retro chic!
2874,1609,10,33,186,229,1.2314410480349345,0.03410589378125176,637,But how do you know WHEN to do it?
2432,1611,6,37,169,212,1.2311320754716981,0.033324045425632456,637,You are clearly not taking the standards set by the home owners' association seriously enough
3682,1612,12,28,185,225,1.231111111111111,0.03562988262898438,637,Is your rake Versace?
3646,1612,9,34,182,225,1.231111111111111,0.033918150260702364,637,Doing a little reikey?
478,1612,7,38,180,225,1.231111111111111,0.032727294995805935,637,"I don't think a one-leaf-in, one-leaf-out policy was necessary."
2752,1615,11,33,194,238,1.23109243697479,0.03376049281101897,637,I want a red carpet of leaves. You must remove the yellows and browns.
2857,1616,7,37,177,221,1.2307692307692308,0.03308825726811422,637,New England Suburbanite in the Autumn” - Living Exhibi
3284,1616,9,36,189,234,1.2307692307692308,0.03304554470710397,637,Is there a discount for the early show?
3537,1616,11,29,181,221,1.2307692307692308,0.03548766137762311,637,"Dude, you need to wait for all the leave to fall."
3745,1616,8,35,178,221,1.2307692307692308,0.033704125923896856,637,"Smile Phil, you're a performance artist now."
207,1620,8,37,185,230,1.2304347826086957,0.03283542467184299,637,A velvet rope and a snarky attendant will outperform a wall any day.
1715,1620,11,31,188,230,1.2304347826086957,0.034526539851056026,637,"I understand these property lines are confusing, but VIP is VIP."
2548,1620,11,31,188,230,1.2304347826086957,0.034526539851056026,637,Leave a few for the paparazzi.
739,1623,11,28,178,217,1.2304147465437787,0.03592084144325828,637,"And so, my friend, be of humble spirit, for as the Bible says in Proverb 16:18, pride goeth before the fall."
2807,1623,6,38,173,217,1.2304147465437787,0.03281706663385937,637,And we should have a gift shop.
321,1625,8,31,165,204,1.2303921568627452,0.03549391007695851,637,Good afternoon Mr. Anderson.
3576,1625,9,29,166,204,1.2303921568627452,0.03616784252194536,637,I thought I told you to leaf.
220,1625,6,35,163,204,1.2303921568627452,0.034106118106128305,637,Funny what they call art these days.
1352,1628,9,31,173,213,1.2300469483568075,0.035129973774088635,637,"Still on your quest to be ""The Rake of Greenwich,"" I see."
2151,1629,13,28,194,235,1.2297872340425533,0.03505937326573568,637,Is that a curated  collection?
296,1630,11,29,182,222,1.2297297297297298,0.035342735600980134,637,The season premiere fell a bit short of my expectations.
300,1630,9,33,180,222,1.2297297297297298,0.03416986196147988,637,"Yes, as a paying spectator I do believe it does give me the right to complain about the entertainment."
1633,1630,10,31,181,222,1.2297297297297298,0.03476124585100035,637,"And after this, you’re gonna cut back Big Sal’s hydrangeas and then replant Tommy the Chin’s Japanese holly ... etcera, etcetera, until it’s all paid off."
3293,1630,5,41,176,222,1.2297297297297298,0.03169417107100596,637,You know the leaves do not recognize crowd controls.
3395,1630,6,39,177,222,1.2297297297297298,0.032330871106811994,637,"If God didn't want them there, he wouldn't have put them there in the first place."
569,1635,7,34,168,209,1.229665071770335,0.03424351935544185,637,Ready? We'll start unloading the bus.
2433,1635,9,30,170,209,1.229665071770335,0.035561662893550235,637,This is not a proper fence and you are not a good neighbor.
2983,1637,6,38,174,218,1.2293577981651376,0.03268327762963374,637,Not exactly raking in the big bucks
3096,1637,10,30,178,218,1.2293577981651376,0.03517539448532606,637,"Master Timmy likes his pile to be exactly 2 ft high. No more, no less."
347,1639,7,33,165,205,1.2292682926829268,0.03465495363821348,637,"You're method is wrong! More wrist and less elbow! You're not standing right. Tilt your implement further to the right! More distance between you and the leaves! Dominant your lawn, dammit!"""
533,1639,10,27,168,205,1.2292682926829268,0.03666657653261686,637,"You know, sometimes they just blow over."
3368,1639,12,23,170,205,1.2292682926829268,0.03794846307725692,637,Looks like we've both been raking it in.
177,1642,6,32,154,192,1.2291666666666667,0.035384892327134605,637,When do you expect the red maples to arrive?
730,1643,10,32,185,227,1.2290748898678414,0.03422371167165568,637,"Herb, most people pull with a rake not push."
3493,1643,13,26,188,227,1.2290748898678414,0.03589173923456892,637,Nope -- can't think of a caption for this one.
138,1645,13,23,178,214,1.2289719626168225,0.03740647994722811,637,This year's Autumn Leaf Tour has really fallen off the pace.
2128,1645,9,31,174,214,1.2289719626168225,0.034981950576353615,637,"Wow Jeff, the contrast between the grass and the leaves really brings out this lawn's emotion"
202,1647,11,32,193,236,1.228813559322034,0.03387575882013987,637,'You got an ID?'
1448,1648,8,35,180,223,1.2286995515695067,0.03343306784081531,637,You can't seriously be thinking of charging admission!
131,1649,10,33,189,232,1.228448275862069,0.03370784573908388,637,"Yes, the club is named Flannel & Denim, but you are not Flannel & Denim material, Ted."
938,1649,10,33,189,232,1.228448275862069,0.03370784573908388,637,Art is dead
1765,1651,9,27,161,197,1.2284263959390862,0.03695131490528577,637,Is that a #FAKE#RAKE?
3155,1651,9,27,161,197,1.2284263959390862,0.03695131490528577,637,"If one of YOUR leaves gets on my lawn, I’ll be using a 44 and a shovel."
2929,1653,10,30,179,219,1.2283105022831051,0.03503006688517366,637,Rake's progress?
2924,1653,9,32,178,219,1.2283105022831051,0.034426933507044115,637,"Jackson, I'll never understand why you can't wait for the leaves to pile up.  You always panic to soon!"
3687,1653,7,36,176,219,1.2283105022831051,0.03318780017018045,637,Only VIP members may jump in the leave piles
2604,1653,11,28,180,219,1.2283105022831051,0.0356229900662626,637,Season tickets for Community Service still available
2855,1653,10,30,179,219,1.2283105022831051,0.03503006688517366,637,"I’m the only guy in line, Barney.  Leaf some for me!"
3325,1658,9,29,168,206,1.2281553398058251,0.03585057889797684,637,Longer strokes would be more efficient.
2270,1658,5,37,164,206,1.2281553398058251,0.03310325089365549,637,"Hey, Tom. May I take a turn?"
3624,1660,10,32,186,228,1.2280701754385965,0.03408808677139275,637,This shall be my greatest work - Pile of Leaves #37
573,1661,6,37,172,215,1.2279069767441861,0.03291019642750026,637,"Assuming they are my leaves, what makes you think I’ll pay for a new fence?"
2703,1661,8,33,174,215,1.2279069767441861,0.03420553538760477,637,The Johnsons provided popcorn.
3424,1661,13,23,179,215,1.2279069767441861,0.03724731811543967,637,"Leave those leaves and just leave, please?"
1013,1664,9,28,165,202,1.2277227722772277,0.03630810814663187,637,"Say, am I the only one having paid for this?"
3564,1665,7,37,180,224,1.2276785714285714,0.03269241348212413,637,"Excuse me, are you 'American Gothic'?"
24,1666,9,30,172,211,1.2274881516587677,0.035257241700291535,637,Last year's fall season was a little more... elegant
532,1667,10,33,190,233,1.2274678111587982,0.03357718308284277,637,Your mother's contract rider was very specific.
2286,1667,14,25,194,233,1.2274678111587982,0.035713049379331126,637,We need to be planning the next “regular guy” photo/op for your campaign.
2246,1669,6,33,159,198,1.2272727272727273,0.03462825753459529,637,The initial struggle of man against nature gives way to a moody meditation on middle age but could I get some hot apple cider?
2305,1669,7,31,160,198,1.2272727272727273,0.03536085947529479,637,Rake any of those past this fence and you're toast.
2384,1669,10,30,180,220,1.2272727272727273,0.034885914888745796,637,"Thanks, Jose!  You're not one of those criminals, are you?"
3302,1669,9,32,179,220,1.2272727272727273,0.034285799643725766,637,I prefer to let my leaves decompose.
2696,1673,8,31,168,207,1.2270531400966183,0.0350308253756756,637,Are you wearing Eddie Bauer? That's SO 2017.
877,1673,7,33,167,207,1.2270531400966183,0.03435486299224141,637,"When asked, remember that raking leaves is suburban performance art."
2564,1675,14,26,198,238,1.226890756302521,0.03516437590258399,637,I have to build the wall too many are getting in.
2439,1676,9,31,176,216,1.2268518518518519,0.034689548221301506,637,I supposed this is the fence that will make me a good neighbor...
2795,1676,11,27,178,216,1.2268518518518519,0.03590957254090031,637,That's good. Leaf the rest to me.
3762,1676,10,29,177,216,1.2268518518518519,0.035304830801663564,637,It's time for you to turn over a new leaf!
3263,1679,7,30,157,194,1.2268041237113403,0.035812476596306965,637,"Stan, I'm loving this new spot for VIP  Nosey Neighbours"""
3601,1680,5,29,138,172,1.2267441860465116,0.03695032187535087,637,"Mr. President, it's time to get back to the golf course."
87,1681,9,33,183,225,1.2266666666666666,0.033759184523364,637,"Mr. Smith, I'm happy to inform you that you are the subject of our new off-site museum installation entitled, Mediocrity. The guests will be arriving shortly."
353,1681,12,27,186,225,1.2266666666666666,0.03547858732714929,637,I meant ‘watching the leaves turn’ in the poetic sense.
1925,1681,11,29,185,225,1.2266666666666666,0.03491486243775878,637,"If you're not going to take those last 9 leaves seriously, there are a hundred more club goers waiting in line,who would love to rake."""
2438,1684,6,34,163,203,1.2266009852216748,0.034062135943070525,637,Couldn't help but notice the golden ones are mine
2868,1685,12,24,176,212,1.2264150943396226,0.036967953751480875,637,We've got a pile of evidence on you.
2355,1686,7,29,154,190,1.2263157894736842,0.0362808827350786,637,I'll make sure no one leaves.
3186,1687,8,34,179,221,1.2262443438914028,0.033538040192769465,637,"Mind if I provide a soundtrack with my a cappella version of ""The Autumn Leaves""?"
1345,1687,15,20,186,221,1.2262443438914028,0.037586533316371386,637,A real man would make his wife do it.
1021,1687,9,32,180,221,1.2262443438914028,0.03414579732887786,637,Proud to see you're finally turning over a new leaf.
1954,1690,6,45,201,252,1.2261904761904763,0.029783240313082292,637,Let me guess...a blower on you Christmas list.
1981,1691,7,38,185,230,1.2260869565217392,0.03209165434708915,637,You're making progress.
2010,1691,7,38,185,230,1.2260869565217392,0.03209165434708915,637,"Man Raking"", performance art"
2538,1691,13,26,191,230,1.2260869565217392,0.035464178548862725,637,Uhm...why is Richard Belzer watching me do yard work?
504,1694,5,37,166,208,1.2259615384615385,0.032820684290069076,637,I want to see the Fall premier.
2853,1694,9,29,170,208,1.2259615384615385,0.035538737328428084,637,Fall is a bitch.
3136,1694,9,29,170,208,1.2259615384615385,0.035538737328428084,637,"If you expected a crowd, perhaps waiting for more leaves and using a blower could spice it up."
2834,1697,7,40,192,239,1.2259414225941423,0.03132033610635751,637,Two stars! The leaf blower experience at Number 16 was certainly more au courant.
1666,1698,10,29,178,217,1.2258064516129032,0.03515730500987565,637,None of them are big enough for that nude statue in the park.
2852,1698,5,39,173,217,1.2258064516129032,0.03197951075324467,637,Quiet on the green
362,1700,14,23,189,226,1.2256637168141593,0.036431574159268475,637,If you pick up nine more leaves I can upgrade you to V.I.P. status.
869,1700,8,35,183,226,1.2256637168141593,0.03303439715103498,637,If you raked in a circular fashion it would be far more ashetically pleasing.
1319,1702,13,34,219,266,1.2255639097744362,0.03206298008042283,637,I better  not see one of those cross the line.
3334,1703,12,29,194,235,1.225531914893617,0.034393085286486276,637,Don't worry. I just heard  that the crowd will soon to here to see The Rake's Progress.
2160,1703,7,39,189,235,1.225531914893617,0.03163910665367285,637,Is this your usual crowd size for the Podunk Leaf Raking Festival?
2944,1705,5,38,170,213,1.2253521126760563,0.03232477398511408,637,That hat is so last Fall.
3125,1706,10,32,189,231,1.225108225108225,0.03368747662268682,637,You can never go wrong with a Thornton Wilder production.
2274,1707,10,25,165,200,1.225,0.03713177674473854,637,And you say that's called a rake?
483,1708,6,35,168,209,1.2248803827751196,0.03337760823578343,637,"If you let me out of here, I promise I won't jump in your pile of leaves."
820,1708,8,31,170,209,1.2248803827751196,0.03472863345208712,637,This internship is unpaid but its great for the outdoor exposure.
1385,1708,9,29,171,209,1.2248803827751196,0.035384807564877586,637,"Leaf imitating art, imitating leaf"
1679,1708,10,27,172,209,1.2248803827751196,0.03602903317267078,637,"I guess you anticipated more of a crowd to experience your autumn misery. First, your Mabel leaves, then the maple leaves."
2783,1708,7,33,169,209,1.2248803827751196,0.034059820265166275,637,I'm paying you by the leaf --
263,1713,8,33,177,218,1.224770642201835,0.03378184935300319,637,"I've heard of snooty neighborhoods, but this is ridiculous."
1161,1713,6,37,175,218,1.224770642201835,0.0325062682481042,637,You're well on the way to becoming a reality TV lawn star.
1729,1713,10,29,179,218,1.224770642201835,0.03501098707549242,637,"Ooh, how very avant-yard, Mr. Mermelstein."
3296,1713,7,35,176,218,1.224770642201835,0.03315019472889043,637,Rakish Performance my foot.
3023,1717,10,20,148,178,1.2247191011235956,0.04023799096390474,637,I think I'm wearing sunglasses but this drawing is so godawful I can't tell.
3365,1718,6,34,165,205,1.224390243902439,0.03376503642603476,637,It's nice that you're tidying up but I doubt that the velvet rope crowd is going to show up any time soon.
2611,1718,5,36,164,205,1.224390243902439,0.03304926137146809,637,"For some odd reason over here in Sanctuary City, we don’t have any leaves on the ground."
199,1720,14,20,180,214,1.2242990654205608,0.03783024327109203,637,I can hear you are doing it wrong.
886,1720,7,34,173,214,1.2242990654205608,0.03352593806438715,637,"So, tell me about your technique."
1472,1722,8,34,181,223,1.2242152466367713,0.033267388512642916,637,Banksy’s really lost his touch.”
2830,1722,7,36,180,223,1.2242152466367713,0.03265455550015907,637,I'll leaf you be.
3446,1722,11,28,184,223,1.2242152466367713,0.0350416405019171,637,"If your gonna take the Fall, I 'll leave."
214,1725,8,29,164,201,1.2238805970149254,0.035592138552278454,637,Chore-cum-performance art. I witness genius.
2119,1725,5,35,161,201,1.2238805970149254,0.03342972622354695,637,How much longer until the next activity?
2888,1725,9,27,165,201,1.2238805970149254,0.036284315764606626,637,This is still more compelling than 'A Star is Born'.
2799,1728,5,37,168,210,1.223809523809524,0.032542785122729456,637,"It’s not about your work, it’s about your attitude..."
1751,1728,6,35,169,210,1.223809523809524,0.0332355431754205,637,As soon as you're done we can lay down the red carpet.
1964,1728,8,31,171,210,1.223809523809524,0.03457944857003125,637,"As spectator sports go, I find this somewhat lacking."
1250,1728,8,31,171,210,1.223809523809524,0.03457944857003125,637,The 'poem as lovely as a tree' doesn't mention fallen leaves.
1445,1728,7,33,170,210,1.223809523809524,0.033914153340255125,637,News flash: There’s not enough leaves for a pile.
1525,1733,12,29,196,237,1.2236286919831223,0.03412866500402546,637,Where can I get a hat like that?
2194,1734,10,26,170,206,1.2233009708737863,0.03632677074537807,637,Hurry.   The Milennials require trigger warnings if there are any leaves on the ground.
191,1735,6,36,173,215,1.2232558139534884,0.032728464345292085,637,One day this will be like curling.
1195,1735,5,38,172,215,1.2232558139534884,0.032057504071169356,637,"For sheer entertainment value, nothing beats Hank vs. Mother Nature."
1281,1735,11,26,178,215,1.2232558139534884,0.03589563252042139,637,"I told you, follow me and you'd really be raking it in."
3671,1735,7,34,174,215,1.2232558139534884,0.033385942992958446,637,You're supposed to wait until the other 99.9% of the leaves fall.
3119,1739,8,34,182,224,1.2232142857142858,0.03313366324963844,637,"Do you know why trees can't be trusted, Tim? They're always leave-ing."
734,1740,6,40,187,233,1.2231759656652361,0.03113309858199564,637,Endangered species: A neighbor who actually rakes their leaves.
741,1741,9,38,204,251,1.2231075697211156,0.031307745333358755,637,Wakey wakey rakey rakey.
542,1742,9,25,159,193,1.2227979274611398,0.0372507871620425,637,I guess they didn’’t know the area was roped off?
2095,1743,8,29,165,202,1.2227722772277227,0.035432839598075805,637,A white picket fence would be more effective.
2496,1743,4,37,161,202,1.2227722772277227,0.03253385149574133,637,A VIP ticket to the Museum of Seasons was totally worth it.
3320,1745,9,31,180,220,1.2227272727272727,0.0341189175106062,637,I can’t imagine how difficult life must’ve been in 2017.
2098,1745,6,37,177,220,1.2227272727272727,0.03224232514646269,637,"This won't make your grass greener then mine, you know."
2563,1745,7,35,178,220,1.2227272727272727,0.032879758686239324,637,It's not a Jeff Koons till I say it's a Jeff Koons.
340,1745,8,33,179,220,1.2227272727272727,0.03350506725378178,637,A dazzling display of deciduous dexterity.
1565,1745,5,39,176,220,1.2227272727272727,0.0315920327050209,637,Any wiggle room on the L.L.Bean requirement?
1506,1750,13,25,191,229,1.222707423580786,0.03545728496193129,637,"Thanks to global warming, all of my leaves just combust before they hit the ground."
1882,1750,8,35,186,229,1.222707423580786,0.03264494148879638,637,I vos sent to find ze fall guy!
3194,1752,7,39,192,238,1.2226890756302522,0.03128217706368462,637,But only man can make a rake.
172,1753,11,33,203,247,1.222672064777328,0.03264480201505092,637,"Madam says postpone sweep, commence Operation Back Rub."
2709,1753,7,41,199,247,1.222672064777328,0.03056177126675049,637,The President thanks you for doing your own lawn maintenance in these trying times.
2391,1755,7,38,189,234,1.2222222222222223,0.031600277474870986,637,Your lawn isn't THAT good.
3070,1755,4,36,158,198,1.2222222222222223,0.032900677062207624,637,Good cordon ropes don't make good neighbors.
2992,1755,4,36,158,198,1.2222222222222223,0.032900677062207624,637,The fall collection is raking in praise.
2224,1755,9,28,170,207,1.2222222222222223,0.03551261418936883,637,You'll kindly return my leaves when you're done!
2342,1755,9,28,170,207,1.2222222222222223,0.03551261418936883,637,The Mafia thanks you for your yard care service.
1682,1755,6,38,181,225,1.2222222222222223,0.031775779712964455,637,"Those are my leaves, but I don't want them back."
1336,1755,5,42,187,234,1.2222222222222223,0.030417308497909634,637,"Rake, rake, rake the leaves, stealing all your glee! Merrily, merrily, merrily, I would’ve cut down that tree."
328,1755,5,42,187,234,1.2222222222222223,0.030417308497909634,637,"Once your yard is as pristine as mine, I will consider the possibility of your entering."
74,1755,10,24,164,198,1.2222222222222223,0.03728403852652518,637,"s
Some of those were mine.I want them back."
2110,1755,10,26,171,207,1.2222222222222223,0.03616694460205838,637,"Da Boss coulda said break his knees, not rake his leaves...
He's behind 50 G's an keeps betting on da Browns.  We need to upgrade our cellphones!"
3530,1765,9,33,188,230,1.2217391304347827,0.033095848499796965,637,But you said you had the largest crowd of leaves in American history!  Is this another of your alternative facts?
3629,1765,5,41,184,230,1.2217391304347827,0.03071556717659305,637,One million leaves still to come
824,1767,8,33,180,221,1.2217194570135748,0.0333683389294559,637,"The Leaf Liberation Movement is keeping its eyes on you, Fred!"
2306,1767,8,33,180,221,1.2217194570135748,0.0333683389294559,637,"The leaves of brown came tumbling down.
Remember? In September. In the rain."
289,1769,5,37,170,212,1.221698113207547,0.0322694425855126,637,Have you given any thought to creating a franchise?
936,1769,9,29,174,212,1.221698113207547,0.03493078601039322,637,"Umm, yes, when you're finished here it appears that the lion has escaped again."
2350,1769,7,33,172,212,1.221698113207547,0.033626453396720095,637,A new app identifies the location of every leaf to save time raking.
2957,1772,8,29,166,203,1.2216748768472907,0.03527493569347922,637,Princeton could still use a guy like you Joel.
1809,1772,6,33,164,203,1.2216748768472907,0.03386405746062096,637,Can hardly wait until intermission when you serve the hot cider.
251,1774,8,38,198,244,1.221311475409836,0.03128959889461427,637,"An adequate job on the leaves.  She says a table may open up soon, but the Elmer Fudd hat has to go."
1415,1775,6,38,182,226,1.2212389380530972,0.03165014414395671,637,Minimalist performance art?
822,1775,7,36,183,226,1.2212389380530972,0.03226550776135768,637,"I call this one, ""The Fall of Uncle Harold""."
2713,1775,6,38,182,226,1.2212389380530972,0.03165014414395671,637,Last week's leaf blower was way more entertaining.
1196,1778,6,36,175,217,1.2211981566820276,0.0324585969418056,637,"Let's pick it up, Samwell. Winter is Coming."
855,1778,8,32,177,217,1.2211981566820276,0.03374758229039239,637,"Good footwork, but your raking leaves me cold."
125,1778,9,30,178,217,1.2211981566820276,0.03437395391797274,637,"I see two at one o'clock,three at four o'clock ,another at five at seven o'clock and at least a dozen at twelve o'clock high."
589,1778,7,34,176,217,1.2211981566820276,0.033109362919553416,637,Yer gonna be doing that again next year yah know.
3117,1782,10,26,172,208,1.2211538461538463,0.03600849796634856,637,I wouldn’t do that if I were you.
1238,1783,8,33,181,222,1.2207207207207207,0.03323270184113946,637,I knew you'd be perfect for Lawn Day's Journey into Night.
2006,1783,10,29,183,222,1.2207207207207207,0.03443750811188686,637,"I'm raking as dramatically as I can.
Why do I always get the Scorsese house?"
3481,1783,9,31,182,222,1.2207207207207207,0.03384046717037419,637,"Good stanchions make good neighbours, Tommy."
2993,1786,7,31,166,204,1.2205882352941178,0.034423937478859926,637,"Reread your HOA bylaws, Mr. Duckett; the cordon of your exclusive VIP area is 3 inches too low."
3106,1787,9,25,161,195,1.2205128205128206,0.03690295219171339,637,"Ah, so that’s where ‘raking it in’ comes from...."
2965,1788,5,42,189,236,1.2203389830508475,0.030188246053854752,637,"Hey, I've been waiting over 20 minutes.  When does the main feature begin?"
3680,1788,11,30,195,236,1.2203389830508475,0.033581279902997675,637,"Where’s your global warming now, Carl?"
763,1790,10,30,187,227,1.2202643171806167,0.03390862752288759,637,"My back itches, can I barrow that?"
3604,1791,7,34,177,218,1.2201834862385321,0.03297275108150708,637,From now on keep your leaves on your lawn.
930,1792,6,34,169,209,1.2200956937799043,0.0331858003187843,637,"Ah, yes. A Portrait of the Raker as a Moderately Middle-Aged Man."
3364,1793,4,34,153,191,1.219895287958115,0.03351560257597705,637,Early virtual reality
1918,1794,13,23,187,223,1.2197309417040358,0.036020588657958263,637,Humans still raking leaves in 2018? Unbe-leaf-able.
2326,1795,8,31,175,214,1.219626168224299,0.033995088681152544,637,I paid you good money to jump in a leaf pile so I could relive a simple pleasure from my childhood.  What's taking you so long?
2366,1796,11,23,171,205,1.2195121951219512,0.036958088642474816,637,You thought this was a garden party? This is a gardener party.
3490,1796,8,29,168,205,1.2195121951219512,0.034963242028586285,637,We’re auditioning for roles in ‘The Rake’s Progress!’  Interested?”
628,1798,11,30,196,237,1.219409282700422,0.03345220810430737,637,I believe the tree left my name.
2317,1799,5,33,158,196,1.219387755102041,0.03376215269724013,637,If any neighbors walk by act like a celebrity.
1154,1800,8,34,186,228,1.219298245614035,0.03260915006863599,637,You might have a bigger audience if your wore some designer clothes.
2487,1801,8,25,154,187,1.2192513368983957,0.03715281473098315,637,We have very different ideas about a night out on the town.
1442,1802,2,44,173,219,1.2191780821917808,0.029475840726247197,637,This is what happens when you get Oscars tickets off eBay.
2923,1802,6,36,177,219,1.2191780821917808,0.03219305092165556,637,I told ‘em you were rakish. Don’t blame me for their ignorance.
2926,1802,7,34,178,219,1.2191780821917808,0.03283724048889631,637,Is this where the line forms?
277,1805,10,31,192,233,1.2188841201716738,0.03327075266161933,637,OCD ?
704,1805,7,37,189,233,1.2188841201716738,0.031558627640104996,637,"Clean, tight ass, oak enthusiast. And married - just my luck."
3686,1805,11,29,193,233,1.2188841201716738,0.03382220647324181,637,"I guess ""good fences makes good neighbors"" looks different depending on the zip code."
3716,1808,8,33,183,224,1.21875,0.03296465078646237,637,Look at that technique.
1467,1808,6,30,156,192,1.21875,0.03495684980325801,637,"In these virtual reality glasses, you're raking in the dough"
481,1810,11,25,179,215,1.2186046511627906,0.03572625929241214,637,Who needs a rake for nine leaves?!?
979,1810,5,37,173,215,1.2186046511627906,0.03186773817296375,637,Praise costs extra.
1125,1810,8,31,176,215,1.2186046511627906,0.03385201869378867,637,That hat; that calloused grip; and the raking method being used to round up those illegally blown in Oak tree leaves is the perfect embodiment of Trumpian Existentialism.
1459,1810,2,43,170,215,1.2186046511627906,0.029751408418367754,637,Ahhh.  So this is what a gardener looked like before robots.
2649,1810,8,31,176,215,1.2186046511627906,0.03385201869378867,637,The Seasons of a Man’s Life really must be viewed as a lived experience.
3730,1815,7,36,186,229,1.2183406113537119,0.031885441871825654,637,Excellent Technique.
174,1816,7,34,179,220,1.2181818181818183,0.03270281822390315,637,Are you  not familiar with the Endangered Spotted Lawn Moth Act?
294,1816,10,28,182,220,1.2181818181818183,0.034554411021329556,637,Because THOSE leaves aren't on the list.
3151,1816,8,32,180,220,1.2181818181818183,0.033331446416271254,637,Blessed are those who removeth the droppings of the trees for they shall be called leave takers.
3487,1819,11,31,201,243,1.2181069958847737,0.032845198754430184,637,What do you think of your global warming now?
2181,1820,9,28,174,211,1.2180094786729858,0.03490049820586934,637,I never promised you a rosegarden
622,1821,11,29,194,234,1.2179487179487178,0.033690345040847225,637,"Less elbow, more core for a better workout."
1630,1822,6,27,146,179,1.217877094972067,0.03652348579514802,637,"If any of those blow over to my side, there's just no telling what I might do..."
721,1823,8,28,166,202,1.2178217821782178,0.035237882019905326,637,Performance art has really become so bourgeois; $3 for ‘Man with Rake?’
282,1824,6,37,182,225,1.2177777777777778,0.031600459889940404,637,Cue the sprinklers!
3231,1824,9,31,185,225,1.2177777777777778,0.033431073633722136,637,maybe you should wait 'til  fall
1094,1826,8,31,177,216,1.2175925925925926,0.03371012754561845,637,Historical reenactments of humans performing physical labor really are must see theatrical performances in the year 2055.
1790,1826,9,29,178,216,1.2175925925925926,0.034342961742953294,637,"The garden club has very strict standards.  We don't want a repeat of last year.  Are we in agreement, Mr. Hall?"
2479,1826,7,33,176,216,1.2175925925925926,0.033065183758838754,637,My wife gave me the useless task of watching you do your wife's useless task.
3370,1829,11,30,198,239,1.217573221757322,0.03319697542011987,637,You might care to notice that I am not a fall guy.
378,1830,4,37,166,207,1.2173913043478262,0.031835413216186915,637,Prêt-à-gardener
603,1830,7,31,169,207,1.2173913043478262,0.03397351734074008,637,Is there popcorn?
1347,1830,8,29,170,207,1.2173913043478262,0.03465691844043504,637,"Look closely Mister Corbin, my property contains zero leaves!
I write such beautiful poetry when my view is free of nature's litter.
I have marked each of your leaves with a Sharpie, and if any
transverse our boundary I will request their removal."
1388,1830,9,32,189,230,1.2173913043478262,0.03293457817808714,637,Slower... Do it slower.
3411,1830,7,31,169,207,1.2173913043478262,0.03397351734074008,637,The fall line is now open
3753,1835,7,34,180,221,1.2171945701357465,0.03256947156247058,637,I don't really think this deserves to be included in the Fall Foliage Tour.
3193,1835,8,32,181,221,1.2171945701357465,0.03319496668339286,637,At least let me whitewash your fence.
1471,1835,7,34,180,221,1.2171945701357465,0.03256947156247058,637,"Such a unique depiction of a working class man. An excellent, thought-provoking piece of social realism. I should take a leaf out of the artist's book for my next project."
787,1835,8,32,181,221,1.2171945701357465,0.03319496668339286,637,"Carl, when we decided to split the lawn, you specifically agreed NOT to rake the leaves on my half."
3072,1839,14,15,169,198,1.2171717171717171,0.03975957592069659,637,The leaf blower you loaned  me last year broke.... Can I borrow that rake?
1389,1840,10,26,176,212,1.2169811320754718,0.03538816193206409,637,I'm in line for the bare raked ladies.
3714,1840,9,28,175,212,1.2169811320754718,0.0347507019108815,637,"Ed, keep your elbow down. Attendance is down this fall."
1693,1842,9,31,186,226,1.2168141592920354,0.033296766431034054,637,So that's how you hold a rake...
3161,1842,11,27,188,226,1.2168141592920354,0.0344577623808167,637,"It's a fascinating exhibit - ""Man Avoiding Midterms""!"
1091,1844,7,30,166,203,1.2167487684729064,0.03437808542982891,637,"Sir, we haven't gotten a single vistor yet."
3158,1844,7,30,166,203,1.2167487684729064,0.03437808542982891,637,I’m glad to say that it’s greener on this side of the fence.
1327,1846,4,44,192,240,1.2166666666666666,0.029147981661866124,637,"Get hustling, Jake, Intermisssion is in five minutes."
2894,1847,8,31,178,217,1.2165898617511521,0.033569401054891604,637,"If you love raking, it's an art. If not, it's a real drag."
3777,1847,10,27,180,217,1.2165898617511521,0.03481728711718321,637,"You think you're a freakin' rock star, don't ya Mikey?"
1585,1849,6,30,158,194,1.2164948453608246,0.03463207784011649,637,"Yes, extreme micro managers are a pain in the ass, but I can't help myself!"
1773,1849,8,26,160,194,1.2164948453608246,0.03614156492916748,637,"I do love Fall, watching you rake my leaves on your side."
1234,1849,6,30,158,194,1.2164948453608246,0.03463207784011649,637,"Wilson, when did you replace the fence?"
3555,1852,9,32,190,231,1.2164502164502164,0.03280519564966533,637,"Too bad you couldn't rake in the votes as well as those leaves, eh?"
536,1853,6,33,169,208,1.2163461538461537,0.03313220504118319,637,"Maybe your leaves know what your velvet ropes mean, but mine don't."
1050,1853,8,29,171,208,1.2163461538461537,0.03450572818687232,637,When will it be my turn Tom?
1675,1853,9,27,172,208,1.2163461538461537,0.035172381368254985,637,I am trying to make a 'rural elite' thing happen.
3059,1853,8,29,171,208,1.2163461538461537,0.03450572818687232,637,"Mid-twentieth century, Midwest, raking leaves, Eisenhower fiddles, the military industrial complex burns, and this was guy probably thinking: “Father Knows Best”"
3154,1853,5,35,168,208,1.2163461538461537,0.03242363146662245,637,Yes George. This was the most moving scene and the Academy should have recognized it.
1947,1858,6,36,180,222,1.2162162162162162,0.0318026165088947,637,Just leave them be.
2862,1859,10,31,195,236,1.2161016949152543,0.03288584479046324,637,"Yes, sir, I do see how you're really raking it in."
863,1860,7,32,174,213,1.215962441314554,0.03329756951769168,637,Fall Museum docent
1046,1860,10,26,177,213,1.215962441314554,0.03523635684532807,637,"You know, I wouldn’t have to do this if you just stopped wearing that MAGA hat."
3340,1860,9,28,176,213,1.215962441314554,0.034602166710810206,637,Forget the velvet ropes; ABC Sports still won't buy competitive leaf-raking. Maybe if you wore a tie--or Adidas.
3719,1863,5,39,183,227,1.2158590308370043,0.030722622396196556,637,"This so exciting, Iam surprised you don't require a ticket!"
2446,1864,10,24,170,204,1.2156862745098038,0.03628057882561922,637,"And when your finished that, you can vacuum the red carpet in the front."
1597,1864,6,32,166,204,1.2156862745098038,0.033512679381957546,637,Keep up the hard work and you’ll go all the way to nationals.
507,1864,8,28,168,204,1.2156862745098038,0.034924061041636124,637,I'd rather just not let the leaves in.
1950,1867,2,46,184,232,1.2155172413793103,0.02839966307936141,637,"Are you combing the grass, raking leaves, or doing some kind of performance art?"
3060,1867,8,34,190,232,1.2155172413793103,0.03210069905841162,637,You’ll have to finish later.   We need the room.”
1191,1869,7,31,171,209,1.215311004784689,0.033679614778332596,637,"According to the previews, you're quite the rake."
2047,1870,9,25,166,200,1.215,0.036060738822466055,637,"Uhh, the others chose the NYC theatre tour...why"
1112,1871,6,34,174,214,1.2149532710280373,0.03248857716612808,637,"Don't worry, your robot replacement will be here next fall."
1935,1871,9,28,177,214,1.2149532710280373,0.03445487705995202,637,That mob better not cross this border.
3432,1873,9,31,188,228,1.2149122807017543,0.03303131345251257,637,"You can rake, but you can't escape."
451,1874,6,32,167,205,1.2146341463414634,0.03336539499238668,637,What's the point of a bouncer if you can't get anyone to leaf?
204,1875,10,30,193,233,1.2145922746781115,0.033112877755738915,637,"If this is your idea of a boarder wall, it won't work."
840,1875,12,26,195,233,1.2145922746781115,0.034211986340497824,637,"Here we have a 21st century lawn rake, different from the 17th century Restoration Rake however both were tools."
1588,1875,11,28,194,233,1.2145922746781115,0.03366691760934552,637,"Sarcasm doesn't become you, Fred."
950,1878,5,43,199,247,1.214574898785425,0.029149066110363768,637,May I remind you to keep your leaves on your side of the rope.
3507,1879,10,28,186,224,1.2142857142857142,0.03399110020848638,637,"Shut up, Daryl. I know, curling is no fun in the age of climate change, but believe me, with this new technique you're gonna be big at the Olympics."
2635,1879,8,29,173,210,1.2142857142857142,0.03420720867040078,637,When hearts are high the time will fly so whistle while you work.
2485,1879,6,36,182,224,1.2142857142857142,0.03154744277727862,637,Have you ever thought of moving to the desert?
105,1879,7,31,172,210,1.2142857142857142,0.0335345293451279,637,Our final exhibit showcases city dweller's weekend migration.
342,1879,8,35,195,238,1.2142857142857142,0.0315288520799813,637,"Not quite Colonial Williamsburg, is it?"
524,1879,8,29,173,210,1.2142857142857142,0.03420720867040078,637,"Very clever, my friend, but this will not deter me. Your hands are still too low! Your stance is still all wrong! A child could do better! Who taught you Americans how to rake?"
157,1885,9,34,200,243,1.213991769547325,0.031640632300013266,637,"That's right peasant, no leaf blower for you."
365,1886,8,33,188,229,1.2139737991266375,0.032312753989441806,637,Hurry up. A lines starting to form.
2410,1886,12,25,192,229,1.2139737991266375,0.034602536786107384,637,"Careful, Mr. Jones, careful. Our clients who are paying for locally-sourced gluten-free organic leaves do not want them unduly wrinkled."
2624,1888,9,28,178,215,1.213953488372093,0.034308817660235524,637,"Oh, no one’s moving in.  We’re just laundering money through real estate."
926,1889,10,33,205,248,1.2137096774193548,0.03173032958758564,637,"Pfft, I could do that"
1753,1890,9,32,193,234,1.2136752136752136,0.03242298194481415,637,I don't much care for the direction your project is headed
1549,1891,4,39,177,220,1.2136363636363636,0.030547478139694613,637,Is this a statement about refugees?
3057,1891,8,31,181,220,1.2136363636363636,0.033154070977114716,637,What did those leaves ever do to you?
175,1893,5,34,167,206,1.2135922330097086,0.03249872645369829,637,"It's a live exhibit, except for the leaves."
2111,1893,8,28,170,206,1.2135922330097086,0.034615694587948526,637,A rake ... and a tool.
1989,1895,12,27,200,239,1.213389121338912,0.033573737627767206,637,Remember to save the crispy ones for our VIPs.
3457,1896,10,28,187,225,1.2133333333333334,0.033853090642240416,637,I knew you were rakish ...but a rope line?
3784,1896,9,30,186,225,1.2133333333333334,0.033261828066857756,637,"And that's a, a... a rake, correct?"
2012,1896,9,30,186,225,1.2133333333333334,0.033261828066857756,637,"Okay, forget the tree; what if a leaf falls in a forest and there's no one there to her it..."
1663,1899,10,22,165,197,1.2131979695431472,0.037064989666897884,637,Don’t screw it up.
1777,1899,8,26,163,197,1.2131979695431472,0.03564012796862416,637,BOR-ing
3543,1899,9,24,164,197,1.2131979695431472,0.036359539192811235,637,Is this the popcorn line?
1906,1902,7,38,199,244,1.2131147540983607,0.030434028014212845,637,you missed an acorn
1187,1903,4,41,185,230,1.2130434782608697,0.029732325734254727,637,"Your technique is flawless, sir. Should I take video for next November?"
1301,1903,8,33,189,230,1.2130434782608697,0.03218540530286264,637,Call it 'Autumnal Muse' or whatever.  People are not going to line up to see it.
3665,1903,13,23,194,230,1.2130434782608697,0.03501087996161592,637,"I trust your leaves will remain in your yard, Bradley. Also, your aroma."
1101,1906,14,18,184,216,1.212962962962963,0.03718210178320848,637,"oh, i love this piece. it's like, he's some northeastern dipshit who thinks his shitty house in connecticut is going to appreciate, instead of slowly losing value as his town ages out of existence or dies from heroin or moves to tuscon or whatever."
1313,1907,10,23,169,202,1.2128712871287128,0.03641708385076866,637,"Very clever with the ""leaf me alone,"" but I still won't chip in for a fence."
817,1908,8,31,182,221,1.2126696832579185,0.03301786562716286,637,You missed one back here. Are you washing the car next? I love these commoner tours.
2842,1908,9,29,183,221,1.2126696832579185,0.03363502320240562,637,Why do I even bother doing a matinée in the fall?
2951,1910,10,24,173,207,1.21256038647343,0.03579857525936041,637,"Mmm, yes, I see now. Rake your pain Gary, rake your pain…"
1728,1910,9,26,172,207,1.21256038647343,0.035137385721118915,637,I enjoy visiting the tree museum and don't mind getting charged a dollar and a half just to see 'em
736,1912,11,29,200,240,1.2125,0.03291998773917693,637,"The review was poor, but Larry didn’t put much stock in it.  For the critic himself had never racked a leaf."
778,1912,8,35,197,240,1.2125,0.03129094249598929,637,"Ugh, rakes are SO last season!"
2380,1912,7,37,196,240,1.2125,0.030728741900711756,637,"'""Mother Nature's entourage never leaves""."
299,1915,7,34,185,226,1.2123893805309736,0.031918440105543316,637,Marina Abramović can go suck an acorn.
1000,1915,9,30,187,226,1.2123893805309736,0.03312777614481761,637,"Yes, sir, I am checking IDs."
3309,1917,4,37,171,212,1.2122641509433962,0.031165658143354393,637,I find your fallen leaves disturbing.
40,1917,8,29,175,212,1.2122641509433962,0.033913730759570236,637,"if one leaf comes overm to my side I""m suing"
1090,1917,6,33,173,212,1.2122641509433962,0.03256869187994087,637,"Oh, you want me to make sure no leaves get in either?!"
1904,1917,10,25,177,212,1.2122641509433962,0.03520742219042335,637,Rake it baby! Rake it good!
2153,1917,10,25,177,212,1.2122641509433962,0.03520742219042335,637,"And here we have ‘stupidus neighborus who won’t return my rake’, carefully grooming his habitat."
2381,1917,8,29,175,212,1.2122641509433962,0.033913730759570236,637,The leaves can come in but you will have to wait in line.
2791,1917,9,27,176,212,1.2122641509433962,0.03456662922044421,637,"More like fail-iage, am I right?"
2975,1917,4,37,171,212,1.2122641509433962,0.031165658143354393,637,"Can you explain the inspiration for the title of this installation, The Angry Raker?"
2693,1925,5,32,161,198,1.2121212121212122,0.03323740584311828,637,"I find ‘Man Doing His Own Gardening’’to be very retro, but wonderful performance art. What’s he going to think of next?  ‘Man Changing the Oil And Filters?’"
1259,1925,8,26,164,198,1.2121212121212122,0.03547601494006934,637,"Hey Joe. It may be true that everyone is famous for 15 minutes, but I’m thinking your snow blowing skills would be the better move."
1864,1925,7,35,189,231,1.2121212121212122,0.03146646690598826,637,I sense you don't care about my feelings.
114,1928,7,32,178,217,1.2119815668202765,0.03274208352022154,637,Leaf bouncers are much quieter than leaf blowers.
366,1928,7,32,178,217,1.2119815668202765,0.03274208352022154,637,The ‘Annual Fall Cleanup Festival’ is another bust.
1457,1928,9,28,180,217,1.2119815668202765,0.034020329631874194,637,"Bad news, Joe! I've made our book club a bit more exclusive."
2623,1928,7,32,178,217,1.2119815668202765,0.03274208352022154,637,Leave one for the chipper.
742,1932,8,34,194,236,1.2118644067796611,0.0316076000885496,637,"After you're done here go hose down the VIP section, and by that I mean water the shrubs."
2281,1932,4,42,190,236,1.2118644067796611,0.029236830823707306,637,As long as you keep putting up these barriers we'll never see eye to eye on this.
3298,1932,12,26,198,236,1.2118644067796611,0.03381254929905877,637,"As the President has said, Mr. Attorney General, all you need to do is recuse yourself."
3663,1932,6,38,192,236,1.2118644067796611,0.030445300622360113,637,Will snow shovelling be coming soon?
2767,1936,5,33,165,203,1.2118226600985222,0.03271652204027249,637,Bet there’d be more interest if you were going to burn ‘em
351,1936,7,29,167,203,1.2118226600985222,0.03417480819104171,637,I'm trusting you sell mini versions of those in the gift shop?
2656,1936,6,31,166,203,1.2118226600985222,0.03345361213162285,637,Bravo Sir! True performance art genius is not for the masses.
3408,1939,8,31,183,222,1.2117117117117118,0.03288275723787578,637,"Not everyone curates their leaves,. you know."
3170,1939,9,29,184,222,1.2117117117117118,0.03349687254374909,637,You're supposed to be raking in the dough...
843,1939,9,29,184,222,1.2117117117117118,0.03349687254374909,637,You might want to save some for when the critic arrives.
2721,1939,11,25,186,222,1.2117117117117118,0.03469250586951555,637,"After you're done, you must glue them all back onto the tree."
2893,1939,5,37,180,222,1.2117117117117118,0.03096742617047425,637,Would you call yourself a typical Red State voter?
1523,1944,7,26,156,189,1.2116402116402116,0.03579809713021815,637,"Mr. Kavanaugh, this is what the common person considers hard work."
221,1945,6,32,170,208,1.2115384615384615,0.032931069020961545,637,"Epilogue........Though briefly content in life, his nemesis would return yearly to show who is boss......"
2774,1946,10,28,189,227,1.2114537444933922,0.033580360971021135,637,Global warming is making this competition less interesting every year.
1577,1946,7,34,186,227,1.2114537444933922,0.03179129028910917,637,We really need to rake'em in tonight Johnny
1705,1946,9,30,188,227,1.2114537444933922,0.032994784558242764,637,Hey buddy. In this town we all use blowers.
1969,1946,11,26,190,227,1.2114537444933922,0.03415589960524102,637,"It might be named ""Camp David"", but we don't want it looking like a camp."
3398,1946,8,32,187,227,1.2114537444933922,0.03239862609966094,637,"Ah, gentle stokes Mr.Wilson. Gentle strokes."
3430,1951,4,37,172,213,1.2112676056338028,0.03103499925446103,637,There's one escaping by your left foot!
2618,1951,10,25,178,213,1.2112676056338028,0.035055906700811094,637,I just watch 'Gone with the Wind'.
3394,1951,8,29,176,213,1.2112676056338028,0.033768843470257916,637,"When I saw ""SRO""  I expected something more, I don't know, ...boffo."
2040,1951,6,33,174,213,1.2112676056338028,0.032430741342460684,637,"Jose, I’d simply like to remind you again that I did NOT vote for Trump."
632,1951,9,27,177,213,1.2112676056338028,0.034418391769043724,637,So. You would rather leaf alone?
2144,1951,5,35,173,213,1.2112676056338028,0.031740543180181914,637,I spent good money on my admission fee.  Now I want to see those leaves in a pile.
2676,1957,5,39,188,232,1.2112068965517242,0.030129733317252,637,Land of opportunity my ass!
1636,1958,11,31,209,251,1.2111553784860558,0.031888442233066486,637,"Sugar maple, I believe."
964,1959,5,28,147,180,1.211111111111111,0.03522463947122307,637,"Sir, as I’ve mentioned before, they’re not actually gold-leafed."
3683,1960,9,24,166,199,1.2110552763819096,0.03602490776944418,637,Do you really need a rake for that?
3782,1960,8,26,165,199,1.2110552763819096,0.03531338464475284,637,Yes sir...1 more minute until he leaves
1192,1962,8,30,180,218,1.2110091743119267,0.033248041283977285,637,What's the Wi-Fi password?
1274,1962,6,34,178,218,1.2110091743119267,0.03195115614386689,637,"I’d help, but they told me I’m not V.I.P."
3675,1962,3,40,175,218,1.2110091743119267,0.029900544702276256,637,"Now back up slowly, and don't make any sudden movements"
326,1965,8,34,195,237,1.2109704641350212,0.03148664472875639,637,Nothing more annoying than having a lawn order type neighbor...
514,1966,8,27,169,204,1.2107843137254901,0.03472521686773534,637,I'd suggest you leave well enough alone.
1366,1967,6,35,182,223,1.210762331838565,0.03149097042821377,637,Finding retirement employment is difficult
1271,1967,6,35,182,223,1.210762331838565,0.03149097042821377,637,How long until peak color?
884,1967,8,31,184,223,1.210762331838565,0.032748732885211726,637,Stravinsky did it better. Just saying.
115,1970,10,31,201,242,1.2107438016528926,0.032141768421304465,637,Your right hand should be at the top of the handel.
262,1971,12,24,192,228,1.2105263157894737,0.034581713486816046,637,"I'd take a acorn for you, sir."
357,1971,5,34,170,209,1.2105263157894737,0.03207951929473743,637,I'm here to let you know that your lawn is so last season.
429,1971,6,36,186,228,1.2105263157894737,0.03104895701476361,637,Leaf a few for me.
1069,1971,7,34,187,228,1.2105263157894737,0.031665132154594024,637,"If you work for me, we can talk electrical equipment"
1645,1971,7,30,172,209,1.2105263157894737,0.033482962952663224,637,Glad to see you're cleaning up your act.
1817,1971,9,30,189,228,1.2105263157894737,0.03286284101678424,637,Hurry up. The supermodels will be here any minute.
2427,1971,11,26,191,228,1.2105263157894737,0.03401840744392613,637,"Your ex-wife is here, Mr. President."
1842,1978,8,33,192,233,1.2103004291845494,0.03180921619907883,637,Interesting...and what do you call that thing you're holding?
1820,1979,5,35,174,214,1.2102803738317758,0.03160729622307406,637,"It's more of a psychological barrier, if not a real one."
1844,1979,7,31,176,214,1.2102803738317758,0.03296627234752388,637,"Hey Sisyphus, ready for the critics?"
2219,1979,9,27,178,214,1.2102803738317758,0.03427140280830482,637,"Bill, how many years ago were you a bouncer?"
2572,1979,9,27,178,214,1.2102803738317758,0.03427140280830482,637,"No, no, no, the celebration is for Leif Erickson Day, not Leaves Raking Day."
1357,1983,6,29,160,195,1.2102564102564102,0.034250977391499196,637,"Watching men at work turns me on, in a Platonic sort of way."
449,1983,6,29,160,195,1.2102564102564102,0.034250977391499196,637,I love your mise en scene
519,1985,8,30,181,219,1.2100456621004567,0.03310989781500883,637,Trends: dad fashion is more rakish than ever this Fall.
1331,1985,5,36,178,219,1.2100456621004567,0.031154290675225065,637,I expected a little more nuanced relationship between you and the rake. This is so stereotypical!
2234,1985,4,38,177,219,1.2100456621004567,0.030474546628212727,637,Gardening always calms my nerves.
1173,1988,7,28,165,200,1.21,0.034430032466995907,637,Red carpet blow away?
908,1989,7,33,184,224,1.2098214285714286,0.031996103790529244,637,"Yes, Mr. Klemholt, the property is yours, but any leaves that falls on it belong to County Garden Waste Department."
3029,1989,10,27,187,224,1.2098214285714286,0.03382108762994754,637,We're very serious about environmental protection.
1384,1991,6,31,168,205,1.2097560975609756,0.033158492129587866,637,Well this is the dullest nightclub I've ever been to.
1573,1991,11,21,173,205,1.2097560975609756,0.03658695995251787,637,Show those trees they can't just fall all over you.
2664,1991,5,33,167,205,1.2097560975609756,0.032429332288163124,637,You call yourself a raker?
3199,1991,6,31,168,205,1.2097560975609756,0.033158492129587866,637,"The new ""Struggles of the 21st Century Life"" diarama gained a lot of buzz at the natural history museum."
171,1995,9,30,190,229,1.2096069868995634,0.03273193341437258,637,You've been reading too much Tom Sawyer.
1420,1996,9,26,175,210,1.2095238095238094,0.03467814201194466,637,"Our job is to protect, Mr President, not to help with menial labor."""
991,1997,8,24,159,191,1.2094240837696335,0.03622555585383978,637,Now toss them in the air.
2885,1998,8,29,178,215,1.2093023255813953,0.033482696517291646,637,Am I the only idiot who has ever paid good money to watch you perform with a rake and nine leaves?
2102,1998,5,35,175,215,1.2093023255813953,0.031475141503812296,637,"Ahh, the average human doing hard labor.  A rare sight these days..."
594,2000,9,32,198,239,1.209205020920502,0.03180508439835181,637,That used to be my job before you stole it.
3689,2001,6,29,161,196,1.2091836734693877,0.03409266061472114,637,I'll be right back after I get some popcorn.
657,2002,5,32,164,201,1.208955223880597,0.032790561300067814,637,Performance Art - Pffff!
203,2003,9,25,172,206,1.2087378640776698,0.03509881583400736,637,You need to hurry...the President's motorcade will be here soon and we just got word he cancelled autumn en route.
3483,2003,4,35,167,206,1.2087378640776698,0.03154565561943303,637,I'm the tour guide for the Bespoke Leaf Peeping Experience.
3525,2003,9,25,172,206,1.2087378640776698,0.03509881583400736,637,"Look, buddy. I might be able to get you in, but the leaves gotta go."
358,2006,11,26,193,230,1.208695652173913,0.03374667707081197,637,The new living Fall exhibit at the Metrpolitan of Art: the Myth of Syssyleaves.
889,2007,2,40,169,211,1.2085308056872037,0.029600760506495793,637,"I know you said you wanted to try out ordinary people chores, but can you at least make sure you do a good job?"
2890,2007,6,32,173,211,1.2085308056872037,0.032507709465187704,637,"She requested exactly 3 leaves be left-one orange, one yellow, and one red."
666,2009,11,27,197,235,1.2085106382978723,0.03324674479863372,637,You demonstrate the height of human arrogance--Nature intended those leaves to be on the ground.
1917,2010,7,36,197,240,1.2083333333333333,0.03056400711483775,637,Suburbanization is so chic this year.
3694,2010,9,27,180,216,1.2083333333333333,0.03398110890294638,637,Mr. Musk will only jump in perfect piles.
401,2012,7,37,201,245,1.2081632653061225,0.030161734621084974,637,"Ugh, my kid could do that."
2182,2013,6,34,181,221,1.2081447963800904,0.03155940881560578,637,"Leaf me alone,Carl."
2731,2013,9,28,184,221,1.2081447963800904,0.03345746987668797,637,So when did OCD go off limits ?
525,2013,10,26,185,221,1.2081447963800904,0.034066664436109166,637,Rakishness does not equal coolness.
27,2016,9,29,188,226,1.2079646017699115,0.03295527904969323,637,I guess I been raking in too much green. Now the government is on to me.
101,2016,4,39,183,226,1.2079646017699115,0.02982270248348017,637,Your grass looks great.
1668,2016,8,31,187,226,1.2079646017699115,0.03235303773184451,637,Here we have ze American discovering that fall is more than pumpkin spice and ze turtleneck sweaters.
3252,2016,6,35,185,226,1.2079646017699115,0.03111360340667992,637,Are the blisters ready? People are lining up.
2279,2020,4,34,164,202,1.2079207920792079,0.031880817911847395,637,Is this leaf peeper giving you the creepers?
510,2021,9,30,192,231,1.2077922077922079,0.032473178504001124,637,"and Remember, you get a bonus for every leaf over 100,000."
1117,2021,9,30,192,231,1.2077922077922079,0.032473178504001124,637,Watch it!  That's not muck you're raking
2659,2021,10,28,193,231,1.2077922077922079,0.033047705488537416,637,This is New England's  version of walking the Red Carpet.
2637,2024,6,37,193,236,1.2076271186440677,0.030272911553649754,637,He was rakish until his fall.
3071,2024,7,35,194,236,1.2076271186440677,0.03086278018294853,637,"Rake it up, Break it down, Bag it up......."
2755,2026,7,30,175,212,1.2075471698113207,0.033052383955411796,637,Leaves raked in the fall - quite the sensation after the spring maple sap tapping exhibit.
3705,2026,7,30,175,212,1.2075471698113207,0.033052383955411796,637,A ground-scraping performance!
2123,2026,7,30,175,212,1.2075471698113207,0.033052383955411796,637,"These ropes can keep me out, but I'll never leaf!"
2687,2026,6,32,174,212,1.2075471698113207,0.03236895678740537,637,It's difficult to rake it in when you're in the autumn of your career.
689,2030,6,38,197,241,1.2074688796680497,0.029875998920375457,637,Leave it!
1371,2030,9,32,200,241,1.2074688796680497,0.03156437471777796,637,"If you think for a minute, you're raking them back over here . . ."
1004,2032,6,27,155,188,1.2074468085106382,0.034936337623489015,637,You missed nine leaves.  I blocked off the area until you fixed your mistake.
3793,2032,6,27,155,188,1.2074468085106382,0.034936337623489015,637,I hear tonight's audience is pretty wooden.
3373,2034,10,25,182,217,1.207373271889401,0.03446250623750915,637,Here we have a suburban man leading his workaday life.
3703,2034,4,37,176,217,1.207373271889401,0.030522908628138862,637,Five more leaves and you can enter the club
727,2034,8,29,180,217,1.207373271889401,0.03320128824540009,637,"This exhibit shows, when trees existed, the surface human’s ritual used as an excuse to get out of apple picking."
1084,2037,5,36,181,222,1.2072072072072073,0.030775601896598653,637,"You’re the first stop of our seasonal tourist package, so this time with a little more pep."
2187,2037,9,28,185,222,1.2072072072072073,0.03331961372354615,637,"Your threat level has been downgraded from ""Rand Paul"" to ""Homer Simpson"""
2480,2037,6,34,182,222,1.2072072072072073,0.031430915016032006,637,"I said, to the left, to the left!"
2287,2040,11,25,191,227,1.2070484581497798,0.03398956722335833,637,What kind of trees will we get if you plant those leaves?
2836,2040,7,33,187,227,1.2070484581497798,0.03161251872967888,637,"Presentation counts, Henry, but my lawn still has a two-drink minimum."
2977,2040,9,29,189,227,1.2070484581497798,0.03282256861113624,637,You rakin’ at ME?
2222,2043,7,28,168,203,1.206896551724138,0.03396677802146237,637,This VIP  viewing section has cider on tap.
1827,2043,5,32,166,203,1.206896551724138,0.03249915858413019,637,You're still not on the list. It's time for you to leave.
388,2043,6,36,190,232,1.206896551724138,0.030565698635445462,637,"I'll have delta team do another sweep of the front, but I believe these are the last remaining bogeys on the lawn, sir!"
136,2046,7,30,176,213,1.2065727699530517,0.0329112700916384,637,The neighborhood watch-patol said you'd be serving hot cocoa too!
1477,2046,10,24,179,213,1.2065727699530517,0.034871541505797535,637,"The world record leaf raking event goes down in history, witnessed by a crowd of one."
2808,2046,9,26,178,213,1.2065727699530517,0.03423059310531975,637,This is not stopping me from talking at you.
827,2049,4,37,177,218,1.2064220183486238,0.030397460510891053,637,Leave my leaves alone!
901,2049,8,29,181,218,1.2064220183486238,0.033062325176759284,637,Bet you didn't know that what you're doing in German is 'Gartenrechen'.........bet you didn't know that?!
1399,2051,4,38,181,223,1.2062780269058295,0.02998511958159081,637,I was lead to believe there would be some nude dancing here.
3014,2051,5,36,182,223,1.2062780269058295,0.030651370929543387,637,I have a twenty with your name on it...
909,2053,7,27,165,199,1.2060301507537687,0.0343726963619748,637,I forgot our anniversary again
339,2054,8,32,193,233,1.206008583690987,0.03163903191727174,637,"I will lend you my blower for a small fee."""
3644,2055,5,40,198,243,1.205761316872428,0.029074985750430903,637,How does it feel to be part of a Banksie original?
853,2056,9,25,175,209,1.2057416267942584,0.034636603284355374,637,You'll never make it as Groundskeeper #1 with that form.
1080,2056,8,27,174,209,1.2057416267942584,0.033965978009234836,637,Performance artist and his fan.
2302,2058,5,34,175,214,1.205607476635514,0.03140392713022535,637,It's a shame your foliage isn't certified locally-sourced organic.
2114,2058,7,30,177,214,1.205607476635514,0.03277133773831135,637,"Next, we move on to practice sweeping up popcorn."
103,2058,6,32,176,214,1.205607476635514,0.032094915612593325,637,Forensics has been here already. Get those bodies out of here.
198,2058,4,36,174,214,1.205607476635514,0.030697388654762164,637,"This isn't ""performance art"". This is just a guy raking his leaves."
2072,2058,9,26,179,214,1.205607476635514,0.03408393338680903,637,Since when do leaves respect boundaries?
1148,2063,9,27,183,219,1.2054794520547945,0.03355465401072847,637,When do the babes usually get here?
1874,2063,5,35,179,219,1.2054794520547945,0.030957187608929876,637,Did I miss the live performance? Or you are just raking the front yard?
1494,2065,5,28,152,185,1.2054054054054053,0.034362840053966136,637,"No, sir, they did not come from my trees."
1003,2066,6,35,188,229,1.205240174672489,0.03074501757508107,637,"When the adoring crowd shows up Morton, for chrissakes don’t slouch."
2387,2066,10,27,192,229,1.205240174672489,0.0331432887225117,637,"Anyways, like I said, the red pill was the better option."
598,2068,8,33,198,239,1.205020920502092,0.031082226902440915,637,"Yeah, Sisyphus would have voted for Trump, too."
2978,2069,7,28,170,205,1.2048780487804878,0.03366470462409457,637,Nice job- but that’s not the sort of “jacket attire” we accept here.
2593,2069,7,28,170,205,1.2048780487804878,0.03366470462409457,637,"You should save those, they'll be worth something one day."
2732,2071,5,33,172,210,1.2047619047619047,0.03173254821121639,637,These fall viewing parties sure leave a mess behind.
1544,2072,7,30,178,215,1.2046511627906977,0.03263257241435229,637,"I know you wanted to pay me for my help last night, George, but I think we had different ideas of what hedge fund payments are."
2565,2073,4,37,179,220,1.2045454545454546,0.030149569912490425,637,Your precious lawn got an itch?
2258,2073,10,25,185,220,1.2045454545454546,0.0340303183705179,637,I just don't get it..
501,2073,9,27,184,220,1.2045454545454546,0.03341484053506313,637,"If I find one single brown leaf, the band won't play."
1297,2073,5,26,145,176,1.2045454545454546,0.03541789647608998,637,"OK.  It's fun to watch, but how much to participate?"
1735,2077,9,28,188,225,1.2044444444444444,0.03291268980061971,637,I think I got here a little too early this year.
2377,2077,7,32,186,225,1.2044444444444444,0.03168406650900003,637,"They're not my leaves, they're our Nation's leaves"""
1702,2079,9,20,157,186,1.2043010752688172,0.0374408607158232,637,I found your installation with rose petals less compulsive.
1862,2079,3,32,151,186,1.2043010752688172,0.03245122830548749,637,Having celebritrees as neighbors isn't as glamorous as it sounds
440,2081,7,35,198,240,1.2041666666666666,0.030395989896146173,637,Your fall look is a bit of let down.
3434,2081,8,33,199,240,1.2041666666666666,0.030964232676644363,637,Most people choose the red pill.
3697,2083,5,30,161,196,1.2040816326530612,0.03308518361008075,637,Looks like you're rakin' it in
155,2084,8,25,168,201,1.2039800995024876,0.03478320058298216,637,I can see your butt.
782,2084,9,23,169,201,1.2039800995024876,0.03549115786470012,637,You are so passé.
3176,2084,9,23,169,201,1.2039800995024876,0.03549115786470012,637,It puts the leaves on the pile.
1100,2087,9,24,173,206,1.203883495145631,0.034900112259902714,637,"Go ahead, turn them all over. I know you'll never change."
3465,2087,6,30,170,206,1.203883495145631,0.032801505225522685,637,Our small weekly fee prevents problems with leaves or unions.
2871,2089,6,31,174,211,1.2037914691943128,0.032303069601497335,637,"For an extra twenty bucks, I'll make sure the paparazzi get a shot of you in the best autumnal light."
2301,2089,6,31,174,211,1.2037914691943128,0.032303069601497335,637,Let’s give the last bus of leaf-peepers what they came for.
2725,2089,5,33,173,211,1.2037914691943128,0.031596705012574465,637,Take a break ... leaf season peaks in 15 minutes.
2845,2092,5,34,177,216,1.2037037037037037,0.031141447823536023,637,When during Fallfest do I get my complimentary cup of cider?
1276,2093,8,29,184,221,1.2036199095022624,0.03265223311323311,637,"After you rake them up, go get the leaf blower."
3480,2093,9,27,185,221,1.2036199095022624,0.033276172594424065,637,"Look, if another one sneaks in here, I'm gonna have to ask you to leave."
3392,2095,9,28,189,226,1.2035398230088497,0.03277921978310112,637,"I don't decide who's on the list, buddy."
2019,2096,5,30,162,197,1.2030456852791878,0.032933107550008986,637,I told you ! Keep the left elbow low if you hope to score .!
392,2097,5,31,166,202,1.202970297029703,0.03242122531594384,637,Try not to 'leaf' a mess.
1802,2097,5,31,166,202,1.202970297029703,0.03242122531594384,637,No reservation? Let's see. I have a deciduous open for four leaves.
610,2099,7,28,172,207,1.2028985507246377,0.03336788025073373,637,"After you rake 'em over here, I'll move the goal posts."
3417,2099,6,30,171,207,1.2028985507246377,0.03265751547717473,637,"No, I don't hear them shouting, 'Put us back in HIS yard where we came from.'"
1302,2101,3,38,176,217,1.2027649769585254,0.02960395295980317,637,The pile starts at the rear.
1569,2102,9,27,186,222,1.2027027027027026,0.03313863639583834,637,"And now ladies and gentlemen, we’re entering the compulsory school figures portion of our competition . . ."
910,2102,6,33,183,222,1.2027027027027026,0.031238997778966642,637,"Look, I know I'm behind the ropes, but wouldn't a leaf blower be  better?"
188,2102,8,29,185,222,1.2027027027027026,0.03251775631141365,637,This is an exclusive neighborhood and we want to keep it that way
2126,2105,7,32,188,227,1.2026431718061674,0.031429998461046715,637,"Hey boss, is this how you got started in the collection racket?"
3673,2105,7,32,188,227,1.2026431718061674,0.031429998461046715,637,"There he is again, the Phantom of the Orchard!"
2312,2107,9,29,194,232,1.2025862068965518,0.03217452694723984,637,"Ya know, I always imagined Scotland Yard would be bigger."
1241,2108,7,37,208,252,1.2023809523809523,0.029401632746615947,637,I was sent by the HOA to count the leaves left behind.
238,2109,7,27,169,203,1.2019704433497538,0.033753907042223044,637,Nothing natural beyond this line.
928,2109,8,25,170,203,1.2019704433497538,0.03446882056085561,637,"Honestly, Mr. Stravinsky, your rake is making little progress."
1812,2109,6,29,168,203,1.2019704433497538,0.03302352026016618,637,I payed good money to watch some raking.  Now rake faster!!
2843,2109,6,29,168,203,1.2019704433497538,0.03302352026016618,637,"I think it goes something like, ""I think that I shall never see a poem as lovely as a tree""..."
1197,2113,6,30,172,208,1.2019230769230769,0.03251476480827887,637,This isn’t the most popular attraction in the park.
2831,2113,10,22,176,208,1.2019230769230769,0.035256410256410256,637,Is this part or the marriage or divorce?
2607,2113,8,26,174,208,1.2019230769230769,0.033913304134999885,637,"I like my trees, when my neighbors rake my leaves!"
2541,2113,4,34,170,208,1.2019230769230769,0.031053303587901555,637,We will require a second raking.
139,2113,11,20,177,208,1.2019230769230769,0.03590912972456957,637,I’m neither poor enough nor rich enough to wear a cap.
1350,2113,4,34,170,208,1.2019230769230769,0.031053303587901555,637,"""You want an admission? Sure. You are one strange neighbor."
801,2113,7,28,173,208,1.2019230769230769,0.03322139467188795,637,Is this an Outdoor theater?
2421,2113,6,30,172,208,1.2019230769230769,0.03251476480827887,637,"You can rake until Summer, you’re still not getting past the rope."
1706,2121,6,31,176,213,1.2018779342723005,0.03202749865757043,637,"I would help, but I don’t have the right headgear."
1551,2121,7,29,177,213,1.2018779342723005,0.03271164277301389,637,And don't forget to rake the leaves when you're done
2590,2121,7,29,177,213,1.2018779342723005,0.03271164277301389,637,Republican trees; Democrat leaves.
1235,2121,10,23,180,213,1.2018779342723005,0.03468319882673828,637,Guess you didn't get the memo about acorns.
851,2121,5,33,175,213,1.2018779342723005,0.03132841789194085,637,"Leave the red leaves, we forgot the carpet"
1322,2121,6,31,176,213,1.2018779342723005,0.03202749865757043,637,No leaves  tolerated. Period.
1483,2127,4,36,178,218,1.201834862385321,0.03019100473488047,637,Forget the leaves Jim we can still charge a hefty cover.
1814,2128,8,29,186,223,1.201793721973094,0.03238436773019143,637,I hope you're paying yourself a living wage for that work.
55,2128,5,35,183,223,1.201793721973094,0.030455702958063425,637,"OK, you feel stupid; how do you think I feel?"
3229,2128,13,19,191,223,1.201793721973094,0.035365844977535164,637,I don't know why I'm here.
3508,2131,9,28,191,228,1.2017543859649122,0.03251546037760776,637,"I know everyone likes the smell of burning leaves, but I really don't think you're going to draw much of a crowd."
1365,2132,8,32,198,238,1.2016806722689075,0.031032341198277212,637,I wait until every single leaf  has fallen off every single tree. I don't care if 12 inches of snow has fallen.
1949,2133,6,27,161,194,1.2010309278350515,0.03395159339793445,637,"Don't you dare pull the old ""jump in the pile of leaf"" trick like you did last year!"
1725,2134,5,31,168,204,1.2009803921568627,0.032133257173736156,637,It's very relaxing. Isn't it?
2437,2134,6,29,169,204,1.2009803921568627,0.03287615240161914,637,You know what they say about guys with little feet
2710,2134,7,27,170,204,1.2009803921568627,0.03360262752933928,637,We opt for the more environmentally friendly 'green carpet.'
724,2137,4,34,171,209,1.200956937799043,0.030919464160883182,637,"If you think admission to Fall is hard, just wait until next season."
987,2137,9,24,176,209,1.200956937799043,0.03443902421332675,637,"This production of A Rake's Progress is...minimalist, but I trust your instincts."
2850,2137,6,30,173,209,1.200956937799043,0.03237323761850406,637,"I still prefer the action in Stravinsky's ""The Rake's Progress."""
3013,2137,6,30,173,209,1.200956937799043,0.03237323761850406,637,"Rake away, neighbor!   My leaf-blower will get its revenge later!"
3781,2137,4,34,171,209,1.200956937799043,0.030919464160883182,637,Can I show you the ropes?
142,2142,9,25,180,214,1.2009345794392523,0.03389240249994778,637,"There are 11 men and 10 women in Great Falls, Mr. Kowalski. I'm sure you understand the club's dilemna."
2749,2142,7,29,178,214,1.2009345794392523,0.03257208942116702,637,"I swear, if one more city  slicker thinks I'm part of the art..."
2516,2144,8,28,183,219,1.2009132420091324,0.03273513892986199,637,Good fences make good neighbors.
563,2144,7,30,182,219,1.2009132420091324,0.032088899723674895,637,"1.my trees do not shed.
2.I guess you did not know the meaning of deciduous when you planted your trees."
3204,2146,8,30,191,229,1.2008733624454149,0.031788241946448456,637,"#MadRakeSkillz
#FallenLeafLifeCoaching
#nevermissaleaf"
941,2147,13,21,200,234,1.2008547008547008,0.03414329819499772,637,"Go fuck yourself, Steve."
1374,2147,5,37,192,234,1.2008547008547008,0.029534814892008418,637,If “X” be the amount of leaves falling per minute ....
2058,2149,7,25,163,195,1.2,0.03456615290682041,637,"A little to the left, please."
3779,2149,6,29,170,205,1.2,0.03273007441789957,637,You better save some for the encore.
3443,2149,7,31,187,225,1.2,0.031497039417435604,637,Your trees ... My Leaves ... Sorry!
3041,2149,5,32,173,210,1.2,0.03151813085098704,637,Someone said this was the line for Leafs tickets?
2841,2149,9,29,197,235,1.2,0.031797687431424054,637,When you live at 1602 Pennsylvania Ave
2723,2149,8,25,172,205,1.2,0.034160002732800336,637,Can I get a selfie with you?
2292,2149,9,30,201,240,1.2,0.03135703427185612,637,Can you rake any faster? My flight back to Manhattan is at 7.
2200,2149,8,25,172,205,1.2,0.034160002732800336,637,Sorry I called the cops but I heard a leaf drop and then another and another and another...
1697,2149,7,29,179,215,1.2,0.03243370514292159,637,What do you have against gravity?
2214,2149,10,20,170,200,1.2,0.03614599097156672,637,"Luke, your leaf blower envy is real.  Come to the dark (and noisy) side.   It is your destiny."
940,2149,7,26,167,200,1.2,0.03399674829262884,637,Climate change definitely needs to be addressed—but not in my backyard.
770,2149,7,32,191,230,1.2,0.031056334587002937,637,Put some back into it - my groupon expires in 10 minutes.
705,2149,7,29,179,215,1.2,0.03243370514292159,637,Autumn in all her glory.
518,2149,7,30,183,220,1.2,0.03195576020393985,637,All rakists are subject to government supervision
462,2149,6,32,182,220,1.2,0.03129951452972707,637,I'm just waiting for the Christmas lights to go up.
239,2149,9,28,193,230,1.2,0.032255859598695105,637,This is a fresh take on performance art.
206,2149,10,24,186,220,1.2,0.03384824384598167,637,These living museums really rake it in.
196,2149,5,31,169,205,1.2,0.03199115133516458,637,How long can it take to clear a table for one?
159,2149,8,25,172,205,1.2,0.034160002732800336,637,Your opening act was injured in a mowing accident. You're going to have to fly solo tonight.
965,2149,6,27,162,195,1.2,0.03379276302216914,637,Want to borrow my leaf blower?
1721,2169,7,31,188,226,1.1991150442477876,0.03136984723916027,637,"Fall again. eh, Bert?"
2583,2170,8,28,185,221,1.1990950226244343,0.03246357291683453,637,"Gosh, anyone could do this. It's just a couple of random strokes!"
130,2171,8,27,181,216,1.1990740740740742,0.03295646608254228,637,Didn't you rake already 12 months ago?
2506,2171,7,29,180,216,1.1990740740740742,0.032296475574181,637,"You know there is only going to be more tomorrow, don't you?"
2815,2171,4,35,177,216,1.1990740740740742,0.030230173140513128,637,Holy crap a leaf. Wow another leaf. Whoa another one!! How many are there? I can't be-leaf this!
754,2174,6,30,175,211,1.1990521327014219,0.0320937925375527,637,I like it but I hear he breaks out the really good stuff for the late show.
285,2174,6,30,175,211,1.1990521327014219,0.0320937925375527,637,"If the homeowners association won't do anything, I will."
862,2176,6,29,171,206,1.1990291262135921,0.032585269776740935,637,I paid damn good money for this reki session.
2698,2176,10,21,175,206,1.1990291262135921,0.035372851086882234,637,We’ll need you to sweep for mines next.
3134,2178,7,26,168,201,1.199004975124378,0.033841818530750974,637,Is your electricity off?
1083,2179,5,28,158,191,1.198952879581152,0.0333818933137434,637,Hi and welcome to the Minnesota State Seasonal Lawn Care Museum.  America's premier seasonal lawn care museum.
1572,2180,7,34,201,242,1.1983471074380165,0.02999701036821414,637,They call me the last of the leaf peepers.
2792,2181,7,31,189,227,1.198237885462555,0.03124366378528151,637,You miss one leaf and your work release program is over!
322,2182,9,26,187,222,1.1981981981981982,0.0329538792963733,637,When you're done here.... you missed a leaf in the backyard.
327,2182,7,30,185,222,1.1981981981981982,0.03169272262500875,637,What's the point?  They will just fall down again.
1286,2182,10,24,188,222,1.1981981981981982,0.03356669342260331,637,"If you throw in a dance number we might get a bigger crowd,"
2378,2182,7,30,185,222,1.1981981981981982,0.03169272262500875,637,You need to up your raking game to be a successful performance art piece.
413,2186,5,32,175,212,1.1981132075471699,0.031248444576516803,637,Where is the concession stand
2311,2186,7,28,177,212,1.1981132075471699,0.032647920786992496,637,Hello. I used to do that with a leaf blower.
3056,2186,7,28,177,212,1.1981132075471699,0.032647920786992496,637,"You missed a leaf, Eric!"
1158,2189,4,33,170,207,1.1980676328502415,0.0309622529866965,637,I think Hogarth did it better.
1175,2189,9,23,175,207,1.1980676328502415,0.03454231732873742,637,"I said rack your brain, not your lawn."
1629,2191,8,24,170,202,1.198019801980198,0.03441160575918211,637,That rake doesn't look right. Maybe it's too long? Maybe if there were more leaves it would look okay? I'm not sure but I think more tines with less spacing would help you do a better job.
65,2191,8,24,170,202,1.198019801980198,0.03441160575918211,637,May I borrow your hat?
216,2193,8,34,211,253,1.1976284584980237,0.029668309050918596,637,"Rake on...rake off.  Pay attention, Daniel-san!"
226,2194,10,27,201,238,1.1974789915966386,0.0319885694853878,637,That's right! The warden said you could 'leave' today.
1133,2194,6,35,197,238,1.1974789915966386,0.02968905007354342,637,"Don't mind me,  I'm here for the total leaf peeper experience."
3108,2196,10,25,193,228,1.1973684210526316,0.032928531986836145,637,"Time to usher in the fall again, huh?"
1188,2197,5,34,184,223,1.1973094170403586,0.030255776033684567,637,"I prefer to be called a ""leaf VIPeeper."""
1502,2198,6,30,177,213,1.1971830985915493,0.03181906041376911,637,Trying to take up any evidence of global warming?
2184,2198,6,30,177,213,1.1971830985915493,0.03181906041376911,637,"Hey, you with the rake - let me outta here"
2739,2198,8,26,179,213,1.1971830985915493,0.033181838570402945,637,I'm especially concerned about the darker colored leaves. Who knows what damage they might cause?
2884,2198,7,28,178,213,1.1971830985915493,0.03250759154818586,637,"Sorry, you're not on the list.  And, no, rakish doesn't cut it."
3742,2198,7,28,178,213,1.1971830985915493,0.03250759154818586,637,The leaf blower was just a warning. Any more of your leaves on this side of  the border will be punished like you more severely!
2262,2203,6,29,173,208,1.1971153846153846,0.03229941575694081,637,Think of it this way - harassment of people doing their jobs behind barriers is the meme of our times.
2707,2203,5,31,172,208,1.1971153846153846,0.03157215743074998,637,You call that performance art? I could even do that.
3661,2205,6,28,169,203,1.1970443349753694,0.03280086674190593,637,"No eager children or dogs in the immediate vicinity, sir."
1462,2205,8,24,171,203,1.1970443349753694,0.03425556246076142,637,'Community service' Hollywood style.
3736,2207,7,25,166,198,1.196969696969697,0.034085567613808335,637,"The description said, “blower”"
35,2208,12,26,216,254,1.1968503937007875,0.03159704951809667,637,"You know, in South America, they don’t even have brown leaves to rake."
2788,2209,5,27,156,188,1.196808510638298,0.03361200528302614,637,"Bob, don't let the rake throw you.
This IS performance art!"
235,2210,8,20,155,183,1.1967213114754098,0.036723927813392634,637,"If you break to run a political ad, I’m outta here."
98,2211,9,26,189,224,1.1964285714285714,0.03268284410374375,637,In Canada this pastime awaits the ice for curling.
1901,2211,9,26,189,224,1.1964285714285714,0.03268284410374375,637,I would offer to help if you hadn't cordoned off our yards...
3017,2211,6,32,186,224,1.1964285714285714,0.030790469109959133,637,"I’m waiting, save some for me."
3401,2211,5,34,185,224,1.1964285714285714,0.03013327979347625,637,If you had a leaf blower you could just blow them into the neighbor's yard.
633,2215,9,25,185,219,1.1963470319634704,0.03317915338550023,637,"That's right, leaf thief—gather 'em up!"
639,2215,7,29,183,219,1.1963470319634704,0.031891574887671255,637,Don't let me tell you how to rake.
1958,2215,6,31,182,219,1.1963470319634704,0.031227883590385058,637,When should I expect your quote for the other half?
3145,2215,4,35,180,219,1.1963470319634704,0.02985627309246807,637,I'm from the Homeowners' Association and I'm here to help you.
1635,2219,7,28,179,214,1.1962616822429906,0.03236844773536738,637,The Suburban Dad exhibit was a flop
823,2219,7,28,179,214,1.1962616822429906,0.03236844773536738,637,"Those leaves were lined up to dance in my yard today, neighbor."
57,2219,7,28,179,214,1.1962616822429906,0.03236844773536738,637,I finally get it: the futility of fall clean up.
2140,2222,7,27,175,209,1.1961722488038278,0.032865865470945464,637,"Sir I'm sorry, but your going to have to come with me. Your rake isn't regulation size."
3582,2222,8,25,176,209,1.1961722488038278,0.033558482357047656,637,So when does the rush start?
307,2224,6,28,170,204,1.196078431372549,0.03265397097396342,637,How in the world were you able to train your trees to only drop their leaves inside the roped-off area ... or outside your property line?
469,2224,7,26,171,204,1.196078431372549,0.033385281195602766,637,"And when you're done with that, scale the fence and rake those other two leaves."
2804,2224,8,24,172,204,1.196078431372549,0.034100911727554875,637,"Remember, we're going for red carpet here"
2790,2227,7,25,167,199,1.1959798994974875,0.03392829167794776,637,How pastoral.
2717,2228,7,24,163,194,1.1958762886597938,0.03449665574046267,637,Fifteen minutes of fame and you missed  one.
2134,2229,6,35,199,240,1.1958333333333333,0.029464015276058693,637,If only we could bottle the smell of hard-labor amidst the fallen leaves.
933,2230,6,25,158,189,1.1957671957671958,0.03428094690720822,637,"Sorry, pal, only celebritrees are allowed beyond this point"
2657,2231,8,29,193,230,1.1956521739130435,0.031480056634469074,637,"I would help, but manual labor make my eyes water."
2105,2232,4,36,185,225,1.1955555555555555,0.029343192186427072,637,"Hey, your neighbor requested that his shrubbery be given “the red carpet treatment” as well."
2537,2233,3,37,180,220,1.1954545454545455,0.029027210772721034,637,I can’t wait for fall either!
1851,2233,7,29,184,220,1.1954545454545455,0.03175882502398998,637,"...and before the event, people used to own patches of land that they..."
858,2233,8,27,185,220,1.1954545454545455,0.03240577058672609,637,Leaf it alone and NOBODY gets hurt.
76,2233,5,33,182,220,1.1954545454545455,0.030423690868699546,637,"Hey Fall Guy, can I get an autograph?"
1082,2233,9,25,186,220,1.1954545454545455,0.03304005096446784,637,"Sorry, but you cannot deduct your home as a nonprofit museum."
1361,2238,4,33,173,210,1.1952380952380952,0.030562150928614557,637,I hope you don't mind my being a Leaf Peeping Tom.
1610,2238,6,29,175,210,1.1952380952380952,0.03201846346447018,637,What a fantastic installment. I especially enjoyed the bathroom disguised as a tool shed.
2821,2238,9,23,178,210,1.1952380952380952,0.03408646949287806,637,Remember Rand Paul.
2197,2241,6,28,171,205,1.1951219512195121,0.03250836700273622,637,"I sell leaf blowing machines, can I interest you in a backyard demonstration"
2206,2241,6,36,204,246,1.1951219512195121,0.02898485622729675,637,May a VIP enter? I bring no leaves with me.
110,2243,4,29,157,190,1.194736842105263,0.03244202542542388,637,"I know they say the grass is greener on the other side of the fence, but which side is the other side ?"
1017,2244,7,29,185,221,1.1945701357466063,0.031627161393028375,637,I am tired of you raking this administration over the coals and I see now that you just cannot leaf it alone
2150,2244,5,33,183,221,1.1945701357466063,0.030298624841314167,637,Way to manage yard rage.
2247,2244,5,33,183,221,1.1945701357466063,0.030298624841314167,637,I appreciate abstract raking.
2994,2247,7,28,181,216,1.1944444444444444,0.032093657801630246,637,"Dad, this is my best performance art exhibit yet."
1758,2248,6,29,176,211,1.1943127962085307,0.03187978694982021,637,"Once you get inside, it is not as exciting as it seems."
2064,2248,10,21,180,211,1.1943127962085307,0.03459576517546707,637,It’s hard to do that with small hands like yours
229,2248,7,27,177,211,1.1943127962085307,0.03258001464078032,637,You're the only person I know who compartmentalizes absolutely everything.
3265,2251,9,22,175,206,1.1941747572815533,0.03448927452177775,637,How long until the show starts?
1386,2251,11,18,177,206,1.1941747572815533,0.03583614726549755,637,Did you get a silencer for the motor?
3184,2253,8,23,170,201,1.1940298507462686,0.03434998237375099,637,If only you knew how stupid you look.
3248,2253,6,27,168,201,1.1940298507462686,0.03286972469484365,637,Could you rake up some more bright red ones?
1053,2255,6,33,193,232,1.1939655172413792,0.030012049044533865,637,Russet is so out of fashion this fall.
3077,2255,9,27,196,232,1.1939655172413792,0.03182263496884315,637,Do you rake the leaves or do the leaves rake you?
194,2257,4,35,183,222,1.1936936936936937,0.029491350273663404,637,"For success, leave no leaf unturned!"
329,2257,5,33,184,222,1.1936936936936937,0.030174566900139695,637,"I’d lend you my rake, but it'll make your hands look small."
1566,2257,5,33,184,222,1.1936936936936937,0.030174566900139695,637,You’re wife told me I was on the list for today.
1038,2260,6,30,181,217,1.1935483870967742,0.03128327473796667,637,Would you mind waiting for an east wind
2535,2260,4,34,179,217,1.1935483870967742,0.02988819973358866,637,"I know this sounds weird, but I really am that guy from your dreams. Just try to ignore me."
1015,2262,6,23,152,181,1.1933701657458564,0.03514070821447786,637,Move it a smidge to the left.
683,2263,9,27,197,233,1.1931330472103003,0.03169669651078667,637,"When you’re done, please return my back scratcher. And clean it this time for heaven’s sake!"
2118,2263,5,35,193,233,1.1931330472103003,0.029269197076536194,637,"Mr. Anderson, your reality show will become relevent over time."
3515,2265,6,32,190,228,1.1929824561403508,0.030297482972886057,637,C'mon Al--you need to be a little more accessible.
1986,2265,5,34,189,228,1.1929824561403508,0.02965290224967962,637,"Not too many, now, Randall. We've got guests coming throughout the evening as well."
1519,2265,6,32,190,228,1.1929824561403508,0.030297482972886057,637,Do you have a reservation?
1979,2265,8,28,192,228,1.1929824561403508,0.03154715834776332,637,"If you don’t leaf them alone, you’ll be convicted of rake!"
2765,2269,7,29,187,223,1.1928251121076232,0.031367040809244934,637,A little satin and a twirl or two would liven things up.
650,2270,10,22,186,218,1.1926605504587156,0.0337574420551867,637,"We've decided to take the Presidential Alert a step further, so now I'm just going to yell into your home."
621,2271,9,23,181,213,1.192488262910798,0.03364237373321332,637,"There will be a lot more, especially red ones, after the midterms."
1665,2271,7,27,179,213,1.192488262910798,0.03229903257232342,637,Pointless!?  At least we aren't ripping off a Charles Schulz cartoon!
2230,2271,8,25,180,213,1.192488262910798,0.03297754399218664,637,"Mr. President please, we have people to do that."
2316,2271,8,25,180,213,1.192488262910798,0.03297754399218664,637,Right there Paul ! You missed some .
2942,2275,6,28,174,208,1.1923076923076923,0.03207914062416535,637,"Just between you and me, all the guys in the Secret Service love your Memes, but you're still under arrest."
3317,2275,5,40,215,260,1.1923076923076923,0.027353469371796783,637,You were better on Broadway.
3674,2277,7,30,192,229,1.1921397379912664,0.030804806404349367,637,"Sir, if you rake it, you buy it."
141,2277,6,32,191,229,1.1921397379912664,0.030176658648639543,637,Am I late for leaf peeping?
1479,2277,13,18,198,229,1.1921397379912664,0.034333195599696734,637,"Because this is a drug rehab center, I assume the barrier is to remind me to please keep off the grass.”"
1960,2277,8,28,193,229,1.1921397379912664,0.031420398915710405,637,It was called a rake...
1540,2281,8,23,172,203,1.1921182266009853,0.03403743917131136,637,"Hombre, I'd do that for you, but Trump's velvet fence is a deterring me from engaging in domestic to service."""
1440,2281,5,29,169,203,1.1921182266009853,0.03181551845587993,637,"I'm used to the club scene, man. What do you need a bouncer for anyway?"
355,2283,7,29,188,224,1.1919642857142858,0.03123855835201923,637,I suppose reenacting The Matrix every day is a cheaper midlife crisis than buying a corvet.
3153,2283,9,25,190,224,1.1919642857142858,0.03249499040946708,637,"Divide those leaves like they are Congress, sir."
3260,2283,6,31,187,224,1.1919642857142858,0.030590996894725202,637,No quiditch until you’ve done your chores!
1632,2286,8,26,185,219,1.1917808219178083,0.0323442137099982,637,"The password? Oh, it's Pumpkin Spice!"
3327,2286,5,32,182,219,1.1917808219178083,0.0303392922573043,637,"They discovered some “irregularities” at the club, so I’m lying low up here for awhile."
3744,2286,6,30,183,219,1.1917808219178083,0.031022000095987174,637,Last call for popcorn.
2954,2289,4,38,198,240,1.1916666666666667,0.028066261173720693,637,Come on -- you call this curated raking?
526,2290,5,31,178,214,1.191588785046729,0.030765773804840815,637,Reykjavik is a Russian State.
864,2290,11,19,184,214,1.191588785046729,0.03478210246210725,637,Steve you are the Jackson Pollock of floral arrangements
888,2290,5,31,178,214,1.191588785046729,0.030765773804840815,637,"Wait, 'leaf blower?' I thought you said 'whistle blower.'"
3638,2290,2,37,175,214,1.191588785046729,0.02854648718973458,637,"Psh, my kid could have done that."
344,2294,7,31,197,235,1.1914893617021276,0.030269138477948203,637,"Man, raking leaves sounds like a hassle. Good thing they all land on your side."
2912,2295,7,26,176,209,1.1913875598086126,0.03265083398717903,637,Backyard Sisyphus. Serving only to keep Carol off your back until the next eastern blow.
1143,2295,4,32,173,209,1.1913875598086126,0.030464029365734682,637,then maybe you'll reconsider the next time you want an awards show in your house
744,2295,6,28,175,209,1.1913875598086126,0.03193853996513196,637,The concierge-manager has asked me to ask you to stick with crowd-pleasing patterns. The paying customers begin arriving soon.
248,2298,8,28,194,230,1.191304347826087,0.031294642294374744,637,It's gotta be here somewhere...
685,2298,6,32,192,230,1.191304347826087,0.030056780863259667,637,"You still raking over the crime scene, Ryan?"
1792,2298,8,28,194,230,1.191304347826087,0.031294642294374744,637,I found the target.He appears to be concealing his secret base.
3277,2298,8,28,194,230,1.191304347826087,0.031294642294374744,637,There are many ways to pay off your college debt.
1102,2302,6,27,171,204,1.1911764705882353,0.032426617198272153,637,"So this is how the rich ""rake it in""!"
1424,2302,3,33,168,204,1.1911764705882353,0.030109798446688638,637,"Considering the price of admission, you're also raking in the dough!"
2550,2302,5,29,170,204,1.1911764705882353,0.03167317986534123,637,"The rake is being used, I repeat. The rake is being used."
409,2305,6,31,188,225,1.191111111111111,0.030466681717662685,637,We do not admit domestic leaves.
1140,2305,6,31,188,225,1.191111111111111,0.030466681717662685,637,Like MY border wall?
2780,2305,6,31,188,225,1.191111111111111,0.030466681717662685,637,Work smarter not harder.
2787,2305,5,33,187,225,1.191111111111111,0.029808323589273215,637,"I’ve tried to throw them out, sir, but the children insist on getting in the pile."
3630,2309,4,30,165,199,1.1909547738693467,0.03135750624868401,637,You know if you got rid of this rope maybe we could be friends...what do you think?
2426,2310,5,32,183,220,1.190909090909091,0.030213649835817154,637,You're not going to pull a Tom Sawyer on me.
1106,2310,10,22,188,220,1.190909090909091,0.0334726700231237,637,Don't forget to rake up those letters too.
2549,2312,5,27,162,194,1.190721649484536,0.032661975297535895,637,"Sorry, only the top 1% of the tree is allowed in this section."
565,2313,10,21,184,215,1.1906976744186046,0.03399802957483665,637,"First climate change, then Stormy Daniels and now this."
1381,2313,5,31,179,215,1.1906976744186046,0.0306353057652668,637,"Once a man enters fame, he never leaves."
2574,2313,6,29,180,215,1.1906976744186046,0.03133673196840099,637,When I've finished can I have my allowance ?
361,2316,7,30,194,231,1.1904761904761905,0.030560067148225296,637,A man using a rake and not a leaf blower- what a show !
611,2316,7,30,194,231,1.1904761904761905,0.030560067148225296,637,"Is this because the autumn leaves have turned to 
gold ?"
2386,2316,10,20,180,210,1.1904761904761905,0.03454648810047675,637,You know the homeowners association can fine you $100 for every leaf they find on your lawn.
2562,2316,6,32,193,231,1.1904761904761905,0.029937838736282443,637,"Quaint raking exhibit.
Ever hear of a leaf-blower?"
2776,2316,5,30,175,210,1.1904761904761905,0.03107438667087238,637,I was expecting something more exotic.
2754,2321,9,25,192,226,1.1902654867256637,0.03222907927707696,637,Could you do my eyebrows when you're finished?
600,2321,3,37,186,226,1.1902654867256637,0.028332408130233848,637,"Yo, Tom Sawyer, can I rake your leaves too?"
1229,2321,8,27,191,226,1.1902654867256637,0.031613006568232585,637,Looking is for free. Touching is going to cost you.
3084,2321,9,25,192,226,1.1902654867256637,0.03222907927707696,637,"So, you paid the $10 cover charge?"
3458,2321,5,33,188,226,1.1902654867256637,0.029688180880413192,637,"In the raking of fine art, I'm particularly impressed by the use of colors."
2419,2326,7,25,173,205,1.1902439024390243,0.033013948548720605,637,Even with only one spectator my work performance improves.
944,2326,3,33,169,205,1.1902439024390243,0.02997707070696212,637,You don’t have what it takes to be a good neighbor
1564,2326,6,27,172,205,1.1902439024390243,0.03228152399013606,637,"You missed a blind spot."""
427,2329,4,30,166,200,1.19,0.03121493007034425,637,"Below the trees still populated with foliage, the misery with him was, clearly, that he sought to interfere for good in human matters, and had lost the power for ever."
3034,2329,4,30,166,200,1.19,0.03121493007034425,637,I'd maybe give it three stars...
197,2331,8,25,183,216,1.1898148148148149,0.03255472851488252,637,Do you also use a shotgun instead of a fly swatter?
2036,2331,8,25,183,216,1.1898148148148149,0.03255472851488252,637,How many of those get you get into one bag?
670,2333,5,34,193,232,1.1896551724137931,0.029187373201433893,637,"I've got your back, Brandon."
1692,2333,5,34,193,232,1.1896551724137931,0.029187373201433893,637,If you shake it more than once you’re just playing with it.
281,2335,5,30,176,211,1.1895734597156398,0.030939936283370273,637,This is the most exquisite piece MoMA 's ever displayed.
3278,2336,3,37,187,227,1.1894273127753303,0.028219769949116676,637,"Do less, but, also do more"
1421,2337,7,25,174,206,1.1893203883495145,0.03286627331662593,637,This can't be all you do.
644,2337,5,29,172,206,1.1893203883495145,0.03139223674616509,637,"Careful. Those are from MY tree, and I'm a man who cares."
3314,2339,3,40,200,243,1.1893004115226338,0.02713275625060793,637,Sorry- we're closed for the season
3061,2340,3,36,183,222,1.1891891891891893,0.02857265620923916,637,It’s what I call the full green carpet treatment
2915,2340,7,28,187,222,1.1891891891891893,0.031296256476450526,637,Hourly worker I presume.
768,2340,5,32,185,222,1.1891891891891893,0.029965416335261758,637,"I know you are an accountant by training, but the judge ordered genuine community service."
2578,2340,7,21,157,185,1.1891891891891893,0.03528396571720106,637,I don’t see the point. More leaves are just gonna fall.
360,2344,7,31,200,238,1.1890756302521008,0.02991898806563957,637,"So, now that you've introduced the rake in Act 1, it'll have to go off in Act 3?"
1267,2345,5,28,168,201,1.1890547263681592,0.0318641083813053,637,Yo Leif
523,2346,6,29,182,217,1.1889400921658986,0.031071994722885358,637,"Hey, ‘Joey The Dope’, I told you to sweep for bugs...smarten up...you know what I meant..."
1055,2346,8,25,184,217,1.1889400921658986,0.032416163423132444,637,Bodyguard?  No.  Leafguard!  Do you see there are only nine leaves this year?
2362,2346,8,25,184,217,1.1889400921658986,0.032416163423132444,637,Please let me know if you need some releaf.
441,2349,5,34,194,233,1.1888412017167382,0.02907323223689787,637,Ante leaf blower man.
2606,2349,8,28,197,233,1.1888412017167382,0.030923273385016152,637,"Impress me, Rake Boy!"
2738,2351,7,26,179,212,1.1886792452830188,0.032225297202200784,637,"Oh, ..., ' raking ', I thought you meant ' Rei - king '."
2466,2351,6,28,178,212,1.1886792452830188,0.03152394420340073,637,Are you aware they were once living things?
2263,2351,4,32,176,212,1.1886792452830188,0.03007220668452896,637,I told them if they didn't like it they could leaf.
42,2351,9,22,181,212,1.1886792452830188,0.03358409181490939,637,Keep it up.  Soon you’ll hear old winter’s song.
2268,2355,3,37,188,228,1.1885964912280702,0.02810800787320342,637,The cover charge is 10 leaves
2573,2355,7,29,192,228,1.1885964912280702,0.030734858991918766,637,Can you move it along? The line from the elm goes all the way to the maple.
2502,2357,8,33,219,260,1.1884615384615385,0.028777018428865268,637,You ARE the secretary of estate.
1193,2358,5,29,173,207,1.1884057971014492,0.03125360029466261,637,Five bucks for this? I see why you said you're really raking in the dough.
1228,2358,8,23,176,207,1.1884057971014492,0.03342893772220011,637,"Banksey,is that you?"
2392,2358,5,29,173,207,1.1884057971014492,0.03125360029466261,637,"Sir, if I may suggest a left to right motion"
1205,2361,6,30,187,223,1.188340807174888,0.030512160234307806,637,Stop recontextualizing my yard work!
132,2362,8,19,159,186,1.1881720430107527,0.03592671449133536,637,Tonight on all new 'Prison Rake'...
3219,2363,7,27,184,218,1.188073394495413,0.03161709100495774,637,"When you're finished, make sure you take a bow."
714,2363,8,25,185,218,1.188073394495413,0.03227876048985505,637,Are you sure you need a rake?
2090,2365,7,23,167,197,1.1878172588832487,0.033776571248255886,637,"Sorry, Frank, but this is not a fence and, if it were, it's not on the property line."
3020,2365,7,23,167,197,1.1878172588832487,0.033776571248255886,637,You are way to far to the right.  You need to move to the left
209,2365,6,25,166,197,1.1878172588832487,0.03300089993613562,637,"I've entitled this work... ""Democrats; 2018 midterms"""
354,2365,5,27,165,197,1.1878172588832487,0.032206552561569915,637,"I love autumn leaves, with their glorious bursts of gray, light gray, slate gray, charcoal, and smoke."
3253,2369,8,23,177,208,1.1875,0.0332801624423436,637,Another week of snow? I told you global warming was just a liberal hoax.
1602,2369,5,29,174,208,1.1875,0.03111616640856987,637,"Crowd control barriers together with autumn leaves; always a sign  winter's coming."""
780,2369,10,25,205,240,1.1875,0.03140217481297527,637,"Man Raking"" by Banks"
50,2369,4,31,173,208,1.1875,0.03036057770461815,637,"They said if you stay long enough, you get to watch him push the leaves on the other neighbor’s lawn."
190,2373,8,25,186,219,1.187214611872146,0.03214250534758813,637,Just a few more hours and you'll get your pumpkin spice latte.
1037,2373,4,33,182,219,1.187214611872146,0.029420627268882567,637,It's still early. Just wait for the Sunday matinee
1766,2373,8,25,186,219,1.187214611872146,0.03214250534758813,637,"Those leaves belong to the trees behind this rope. It you touch them, you pay for them."
1968,2373,6,29,184,219,1.187214611872146,0.03081163707849883,637,My mother called;  you're on the wrong side of the fence.
2183,2373,9,23,187,219,1.187214611872146,0.03278768801396394,637,Something there is that doesn't love a stanchion.
3758,2378,3,32,168,203,1.187192118226601,0.029992398322943467,637,"I get that the leaves weren't a big draw this year, but you still need to pay me."
32,2379,4,35,191,230,1.1869565217391305,0.02855978097157005,637,And you wonder why I prefer winter.
1794,2379,6,31,193,230,1.1869565217391305,0.02985976640255096,637,When does your collaborative interactive leaf exhibit open?
3492,2379,6,31,193,230,1.1869565217391305,0.02985976640255096,637,"Sir, your American Leaf Garden is a total rip-off!"
2048,2382,7,26,181,214,1.1869158878504673,0.03194764639491708,637,"You missed the crowd this morning it was ""Huge""."
1252,2383,7,28,190,225,1.1866666666666668,0.030912061651652355,637,"I hate to say it, Mr.Gore, but it feels pretty nippy out here today."
1406,2383,12,18,195,225,1.1866666666666668,0.03397010824192726,637,Let’s get these leaves picked up before the President returns. Too scientific.
1048,2385,5,29,175,209,1.186602870813397,0.03097991978140444,637,No Sir.  I can not tell you when Senator Paul will be home.
2068,2386,6,24,163,193,1.1865284974093264,0.03337849411068684,637,"J'ai trouvé l'exhibition à l'étage séduisante mais finalement, dérivée.
(""I found the exhibition upstairs seductive but ultimately, derivative"")"
3026,2387,8,28,200,236,1.1864406779661016,0.030560519777740613,637,"I spy,you missed a few"
1528,2388,11,19,190,220,1.1863636363636363,0.03389698545377882,637,"WELL, WE'LL NEED A DEEPER SPOT FOR SHORTY."
104,2389,1,36,167,204,1.1862745098039216,0.028195328401951287,637,Let’s step it up.  The trick or treaters will be here in eight hours.
3501,2389,6,26,172,204,1.1862745098039216,0.032193981493424985,637,Your muck-raking days are just beginning.
1370,2391,6,31,194,231,1.1861471861471862,0.029741236428255702,637,I find your performance lacking any merit in real world applications.
1940,2391,6,31,194,231,1.1861471861471862,0.029741236428255702,637,Leaves me wondering what you do with the rest of your day.
2185,2391,8,27,196,231,1.1861471861471862,0.030981093849155407,637,"Just keep the leaves on YOUR side, Walter.  We have standards!"
907,2394,6,28,181,215,1.186046511627907,0.031119843762924218,637,New York values finally come to New Hampshere.
2851,2394,6,28,181,215,1.186046511627907,0.031119843762924218,637,The harassment of conservative politicians has expanded beyond local DC restaurants.
2955,2394,8,24,183,215,1.186046511627907,0.032486647997059415,637,Waiting for Gardener
1905,2397,5,27,167,199,1.185929648241206,0.031909837502436325,637,I’ve read you find your inspiration in nature.
2093,2397,7,23,169,199,1.185929648241206,0.03346274673258727,637,For $300.00 it's not the rake's progress I was expecting.
1952,2399,4,31,175,210,1.1857142857142857,0.030097109805062243,637,"Didn't expect this from a ""country club"", did you?"
1315,2399,4,31,175,210,1.1857142857142857,0.030097109805062243,637,“And you’re gonna pay for my new border stanchion.”
551,2399,4,31,175,210,1.1857142857142857,0.030097109805062243,637,You miss one to your left.
1648,2402,5,34,198,237,1.1856540084388185,0.028625333275864754,637,Is fall my favorite season?  What do you think?
2331,2402,7,30,200,237,1.1856540084388185,0.0298483687447995,637,White Plains will NEVER be Scarsdale.
3128,2402,4,36,197,237,1.1856540084388185,0.027993785013262017,637,I wish I could have a go on the leaves in the VIP area.
2504,2405,6,24,164,194,1.1855670103092784,0.03321991140050256,637,"When you finish that, you still won’t be able to get in."
527,2406,5,31,185,221,1.1855203619909502,0.029874846979903103,637,Do you shred them?
2467,2406,4,33,184,221,1.1855203619909502,0.02917826497274372,637,"Sid,I think you’re a victim of the the law of diminishing returns."
2759,2408,7,24,174,205,1.1853658536585365,0.03278704586992413,637,Didn't you hear this is a red-orange-yellow carpet event?
3388,2409,8,27,197,232,1.1853448275862069,0.03085769878850637,637,I'm on work release I work at my own speed
915,2410,4,32,180,216,1.1851851851851851,0.02956495957152349,637,Your audience awaits....
1690,2410,6,23,160,189,1.1851851851851851,0.03376890296994406,637,With apologies to Joni Mitchell - They took all the leaves and put em in a leaf museum...
3055,2410,7,26,183,216,1.1851851851851851,0.03167468706828983,637,Yoko Ono's Suburban Period
2240,2413,8,26,193,227,1.1850220264317182,0.031290351481904656,637,"Do you clean up fallen stock portfolios, too?"
1825,2413,6,30,191,227,1.1850220264317182,0.030018601334217496,637,Your job is secure so long as seasonal changes provide fallouts!
3478,2415,6,25,169,200,1.185,0.03254490519684081,637,"One word, good neighbor:   MULCH"
980,2416,4,31,176,211,1.1848341232227488,0.02996705826787574,637,Is it a critique of rake culture?
1362,2416,8,23,180,211,1.1848341232227488,0.03284160065131407,637,"Actually, I prefer Summer Stock."
1159,2418,7,27,188,222,1.1846846846846846,0.031091698779408,637,"Sorry Bob, muckraking doesn't draw big crowds anymore. Now people prefer fake news."
2417,2418,6,29,187,222,1.1846846846846846,0.030429081260240857,637,Why don't YOU make like a tree and leave.
3612,2418,7,27,188,222,1.1846846846846846,0.031091698779408,637,It is better than to pay condo fee.
1213,2421,8,27,198,233,1.184549356223176,0.030735272562207788,637,"When Dave took a Luddite perspective on living life, his NSA agent decided to take a more hands-on approach."
731,2422,9,27,208,244,1.1844262295081966,0.030373781686069756,637,This should have been done before I arrived.
261,2423,8,24,185,217,1.1843317972350231,0.032209262575149104,637,Raking in the trickle-down profits? You're welcome.
1976,2423,8,24,185,217,1.1843317972350231,0.032209262575149104,637,Yes…this does feel like a Banksy.
2785,2425,7,28,193,228,1.1842105263157894,0.030537080592468575,637,"Yes sir, I will leave no leaves behind."
1754,2425,5,32,191,228,1.1842105263157894,0.029244274068343512,637,"I love Fall, you missed one over there and over there"""
51,2427,6,27,179,212,1.1839622641509433,0.03130070658502516,637,"Keep 'em together Steve, yeah, that's it son, 
I can almost taste that Olympic gold medal."""
2420,2428,6,29,188,223,1.1838565022421526,0.03030363966025903,637,Your raking technique leaves much to be desired.
3659,2428,6,29,188,223,1.1838565022421526,0.03030363966025903,637,I'll have to check you for mulch.
1673,2430,9,25,200,234,1.1837606837606838,0.03120716956990274,637,"Face it, Goldsworthy did it better...ten years ago!"
625,2431,5,28,174,207,1.183574879227053,0.031017089064230136,637,Is that rake made of teak? It doesn't look like it's made of teak.
2508,2431,11,16,180,207,1.183574879227053,0.035262905520259964,637,"If you think this velvet rope would have prevented Rand Paul's broken ribs, you're sorely mistaken."
2758,2431,6,26,175,207,1.183574879227053,0.03176416108295297,637,And if anymore leaves are blown onto our property I'll come back and get personal with your knee caps.
3126,2431,7,24,176,207,1.183574879227053,0.032494061681931724,637,"You stink at this but I'm not surprised, with those tiny  hands."
334,2435,6,28,184,218,1.18348623853211,0.03072585113436644,637,It's a living!
710,2435,5,30,183,218,1.18348623853211,0.030029984894861333,637,"And be sure to return that rake to your neighbor, ON TIME, Mr. Paul."
771,2435,4,32,182,218,1.18348623853211,0.029317606615137472,637,Very nice presentation.
1018,2435,4,32,182,218,1.18348623853211,0.029317606615137472,637,He has great brush work.
2113,2435,7,26,185,218,1.18348623853211,0.03140630291958757,637,"Whatever you do, don't burn the red leaves."
3453,2435,5,30,183,218,1.18348623853211,0.030029984894861333,637,"If you don't want the leaves, don't put them on the list."
1655,2441,7,28,194,229,1.1834061135371179,0.03041407815710262,637,"Don't worry Mr. President, I'm making sure he doesn't pull that 'jumping into the pile and ruining all the work' nonsense like before."
1980,2441,2,38,189,229,1.1834061135371179,0.027083007552369198,637,"Nice. When you’re good, you’re good."
2207,2443,8,28,204,240,1.1833333333333333,0.030089746435277318,637,It's a performance-based piece on the state of labor laws in the country.
2937,2444,3,29,159,191,1.1832460732984293,0.03087159846888578,637,We’re going to rake in millions with this Banksy piece.
1696,2445,7,23,172,202,1.183168316831683,0.033002684591074,637,"He wasn't kidding about the whole ""I need my personal space"" thing!"
1328,2446,10,19,184,213,1.1830985915492958,0.03388870595363869,637,Typical lefty!
1338,2447,6,29,189,224,1.1830357142857142,0.03017921582730319,637,"...and here, we have my brother Milton, in his natural habitat known as Raking Splendor ..."
1719,2447,4,33,187,224,1.1830357142857142,0.02882200885004549,637,"I know, Karl... the leaves are just going to fall again tomorrow."
380,2449,6,31,198,235,1.1829787234042553,0.029276265873120984,637,A brilliant corollary to the spring clean-up!
2164,2449,7,29,199,235,1.1829787234042553,0.02989096841204505,637,"Hey,Pal, pick it up why don’t you. I gotta reservation at 7."
701,2451,8,29,209,246,1.1829268292682926,0.029589384114580453,637,One more leaf and you are done.
772,2452,4,30,174,208,1.1826923076923077,0.030118715742705252,637,"A contemplative leaf garden? Ah, more original than sand."
2598,2452,3,32,173,208,1.1826923076923077,0.02933744884243049,637,"I ‘ve been a member of the Leaf Police for twenty years, and I know what I’m talking about!"
3216,2452,10,18,180,208,1.1826923076923077,0.034436083378279414,637,Next stop on the tour of life: Lonlieness
2018,2455,8,24,187,219,1.182648401826484,0.03193652849954633,637,Your velvet rope doesn't work on leaves I see.
3307,2456,7,28,195,230,1.182608695652174,0.030292051873926435,637,I never would have let you in Studio 54 with those clothes.
3361,2457,3,31,169,203,1.1822660098522169,0.029734948081030055,637,OLYMPIC LEAF RAKING
3352,2458,2,35,177,214,1.1822429906542056,0.028061139804371547,637,"Due to budget cuts, we’ve had to opt for the seasonal red carpet this year."
1498,2458,5,29,180,214,1.1822429906542056,0.030315977207694193,637,A vacuum cleaner would be faster.
2500,2458,5,29,180,214,1.1822429906542056,0.030315977207694193,637,We'll have to find a way to tax this
222,2461,6,29,190,225,1.1822222222222223,0.03005579761073788,637,Pa attention to the acorns; they don't fall far from the tree.
144,2462,3,30,165,198,1.1818181818181819,0.030148815407320458,637,What makes your leaves so special ?
769,2462,3,36,192,231,1.1818181818181819,0.02756292063092532,637,I tipped the maitre de for a good view.
921,2462,7,24,178,209,1.1818181818181819,0.032206214799166195,637,Making any progress?
1071,2462,4,30,175,209,1.1818181818181819,0.029987003798780092,637,What time does the next Leaf Peepers' show begin?
1677,2462,6,24,168,198,1.1818181818181819,0.03260020796425313,637,"May I see your ticket, please?"
1833,2462,5,30,185,220,1.1818181818181819,0.02977962252882277,637,Not much to see here ... I think I'll join everyone watching Frank rake.
2358,2462,7,26,187,220,1.1818181818181819,0.031142381392394974,637,Here we have spooky season depression at its finest.
2451,2462,7,26,187,220,1.1818181818181819,0.031142381392394974,637,"Sorry, but I know a genuine Banksy when I see it."
2510,2462,6,24,168,198,1.1818181818181819,0.03260020796425313,637,You are finally turning over a new leaf.
3596,2471,3,37,197,237,1.1814345991561181,0.02713998091200785,637,"In our movie premier, we promised no leaves were be harmed."
904,2471,8,27,202,237,1.1814345991561181,0.030255034173375748,637,"Ok, you have 9 leaves and a funky almost non functioning rake plus this show biz fence thing, I'd guess your last book was a flop."
1465,2473,9,23,194,226,1.1814159292035398,0.03184338113914351,637,Why are you looking so angry--that's what trees do every year!
939,2473,3,35,188,226,1.1814159292035398,0.027892879410035643,637,Alright!  Now march those bad boys right over here.
1394,2475,7,25,183,215,1.1813953488372093,0.03159375273387706,637,Are you actually going to do that everyday?
1913,2475,8,23,184,215,1.1813953488372093,0.032274355499953514,637,Gaia says a little to the left and up 2 feet - really hard.
1961,2475,8,23,184,215,1.1813953488372093,0.032274355499953514,637,This art installation is really going to rake it in.
2900,2475,6,27,182,215,1.1813953488372093,0.030898161768644884,637,"What I said was ""This is an exclusive neighborhood - leave"""
1626,2479,8,21,175,204,1.1813725490196079,0.03343311240488422,637,Your wife is waiting for valet parking.
2796,2479,6,25,173,204,1.1813725490196079,0.03195594850408261,637,"What do you mean, "" Standing Room Only?"""
1273,2481,5,34,204,243,1.1810699588477367,0.027978437109297767,637,Perfect time of year to tidy up shallow graves.
3326,2481,6,32,205,243,1.1810699588477367,0.028579766935704118,637,Make sure it's spotless. Don Vito will be here at 4 o'clock.
1646,2483,8,24,189,221,1.1809954751131222,0.03166833112310283,637,Give me a break! Must you do this every Sunday?
3579,2483,6,28,187,221,1.1809954751131222,0.030341597281892042,637,You can come in after you leave.
160,2485,10,18,182,210,1.180952380952381,0.03412941259257986,637,Local father has to take new safety precautions after claiming himself “World’s Best Raker.”
1652,2485,5,28,177,210,1.180952380952381,0.030610038726030023,637,I heard these boundary disputes can get physical.
2163,2487,3,37,198,238,1.180672268907563,0.027036456415012764,637,So that’s why they call this night club “Autumn.”
2616,2488,6,27,183,216,1.1805555555555556,0.030766245658992396,637,"I’m glad trees went extinct.
They seemed so messy!"
3297,2488,8,23,185,216,1.1805555555555556,0.03213556466318349,637,The Boss said:  Leave no leaf behind!
2054,2488,5,29,182,216,1.1805555555555556,0.030058202704309832,637,"That’s not what she meant when she said you’re a rake, nit whit!"
80,2488,5,29,182,216,1.1805555555555556,0.030058202704309832,637,I am not sure why you think we need a fence between us.
605,2488,10,19,187,216,1.1805555555555556,0.03344887382997859,637,It maybe the rake now. But in a couple months I'm pretty sure we'll see you out here with the shovel.
1369,2488,7,25,184,216,1.1805555555555556,0.031458356506428586,637,I should have started charging the big city  peepers years ago
424,2494,8,21,176,205,1.1804878048780487,0.03328138631104605,637,Are you sorry that you made fun of my invisible leaf fence?
2278,2494,8,21,176,205,1.1804878048780487,0.03328138631104605,637,I feel that the authenicity is lacking in this piece.
1141,2496,7,21,166,194,1.1804123711340206,0.033764553256768665,637,"Good job raking leaves, Bro."
865,2497,6,30,197,233,1.1802575107296138,0.02930714918649248,637,Nice theatrics.
2313,2497,6,30,197,233,1.1802575107296138,0.02930714918649248,637,Juan got deported- my yards a mess. Any ideas...?
1607,2499,2,36,184,222,1.1801801801801801,0.02738474827926514,637,Matinee crowds are the best.
2468,2499,4,32,186,222,1.1801801801801801,0.028834942892485744,637,"Hmmm.  Somewhat derivative,  A Grant Wood wannabe."
891,2501,10,18,183,211,1.180094786729858,0.03397810109750696,637,The rake? Yes. Progress? Quite the opposite.
2608,2501,8,22,181,211,1.180094786729858,0.03262266509862947,637,How about raking up something funny while you're at it.
3217,2501,6,26,179,211,1.180094786729858,0.031208415565072676,637,Hey. Louis.  Would you like to borrow my leaf blower?
3376,2504,6,24,170,200,1.18,0.03229885571350802,637,"Don' mind me, sir. The IRS just sent me here to learn."
23,2504,8,20,172,200,1.18,0.03381890880801484,637,"I may have to put up with your leaves blowing onto my lawn, but you? Stay behind the rope!"
2673,2504,8,20,172,200,1.18,0.03381890880801484,637,Get rid of all the evidence ASAP
1279,2507,6,29,193,228,1.1798245614035088,0.02969145796463515,637,"Les feuilles mortes se ramassent à la pelle
Tu vois, je n'ai pas oublié
Les feuilles mortes se ramassent à la pelle
Les souvenirs et les regrets aussi"
3557,2508,8,23,186,217,1.1797235023041475,0.03199795160672527,637,After decades of shoveling bull.
2373,2509,5,25,165,195,1.1794871794871795,0.031991750158291685,637,The National Park Service's proposed new special regulations are a tad excessive.
107,2510,7,26,190,223,1.1793721973094171,0.030754629124947745,637,My other celebrity clients prefer reiki.
1079,2511,8,22,182,212,1.179245283018868,0.032479531261031314,637,Men in Black 4
2813,2512,5,33,202,240,1.1791666666666667,0.02810117992794309,637,Mmm...now stroke the handle.
3220,2513,4,33,192,229,1.1790393013100438,0.028246931809245757,637,"Rake on, dude."
2193,2514,4,31,183,218,1.1788990825688073,0.029086827630711957,637,"FASTER FASTER...
Your not keeping up with the Jones..."
2238,2514,4,31,183,218,1.1788990825688073,0.029086827630711957,637,I take it this means I'm no longer on your A-List.
3655,2516,4,29,174,207,1.178743961352657,0.030003389826913848,637,YOU LOOKED MORE INTO IT LAST YEAR.
126,2517,8,26,201,235,1.1787234042553192,0.03030235494851869,637,"The rake yes, the leaves yes, you - No."
2849,2517,7,28,200,235,1.1787234042553192,0.029696169219106505,637,I knew I should've cast a leaf blower for this exhibit!
47,2517,7,28,200,235,1.1787234042553192,0.029696169219106505,637,TMZ left.
460,2520,9,22,193,224,1.1785714285714286,0.03190799668712122,637,"I see your lips, the summer kisses...."
1850,2520,5,30,189,224,1.1785714285714286,0.029291065275739714,637,Just a few more. The president insists on tight security.
570,2522,8,22,183,213,1.1784037558685445,0.032337637007503466,637,Those are just leaves you know.
2192,2522,5,28,180,213,1.1784037558685445,0.03021340860087239,637,Your manifestly compulsive leaf raking may symbolize undoing regrettable personal conduct.
2534,2522,0,38,175,213,1.1784037558685445,0.02629440142007971,637,When does the show start?
1303,2525,7,27,196,230,1.1782608695652175,0.030091091484762928,637,Meet the first person fired for asking for a plastic straw
1740,2525,10,21,199,230,1.1782608695652175,0.03192789732272792,637,Supervised work release program for first-time #MetToo offenders
2402,2527,7,22,173,202,1.1782178217821782,0.032763524834401495,637,"How do you like that wall now, Fred?"
106,2528,7,25,187,219,1.178082191780822,0.031058975079428182,637,"With climate change, you could plant cacti and avoid leaf raking."
760,2528,7,25,187,219,1.178082191780822,0.031058975079428182,637,I have to ask you to please drop your weapon.
267,2530,6,22,163,191,1.1780104712041886,0.03317814503211901,637,"Beyond this barrier I have erected, I am helpless to prevent the leaves from my forested property finding their way to your barren yard."
1132,2531,10,22,204,236,1.1779661016949152,0.031355201207841625,637,Backyard premier my butt.
2314,2531,7,28,201,236,1.1779661016949152,0.02957976610331011,637,No one leaves unscathed sir.
236,2531,7,28,201,236,1.1779661016949152,0.02957976610331011,637,This is the last time we book an Air B &B for the Oscars!
2032,2531,7,28,201,236,1.1779661016949152,0.02957976610331011,637,The form is so domestic
631,2535,6,31,205,242,1.177685950413223,0.028496227478240082,637,"Your film is raking in profits, I see."
850,2535,7,29,206,242,1.177685950413223,0.02909170598806886,637,"Is it a chore or is it labor? 
That is the Question!"
3523,2537,6,23,168,197,1.1776649746192893,0.03249912377127856,637,Here my neighbor examines how ennui can be meaning in an otherwise dull composition.
1144,2538,4,30,180,214,1.1775700934579438,0.029345132038446704,637,My wife is going to be thrilled when she finds out I saw someone actually raking the lawn
2082,2538,7,24,183,214,1.1775700934579438,0.031508216091851664,637,"Perhaps ""Do Not Cross-Crime Scene"" tape would keep them out?"
3397,2538,8,22,184,214,1.1775700934579438,0.03219696647620398,637,"Will that menacing kid Dennis be livening things up soon? If not, I need a refund."
2493,2541,2,32,169,203,1.1773399014778325,0.02863174295341632,637,"That’s my rake, Bumstead."
1579,2542,8,23,189,220,1.1772727272727272,0.0315920327050209,637,"This won’t do. Good neighbors need border walls. Your leaves are streaming across my yard. And as they’re your leaves, you’re going to have to pay for it."
1278,2542,5,29,186,220,1.1772727272727272,0.02955543146681808,637,Do your leaves have representation?
3385,2542,4,31,185,220,1.1772727272727272,0.02884462738144957,637,"If you shake the tree, we'll have enough to jump in."
756,2545,6,25,178,209,1.1770334928229664,0.03124876175888745,637,I am watching you.
3091,2546,6,31,206,243,1.176954732510288,0.0283881356315606,637,"This point onward is national reservation property and we'll keep the leaves right where they are, thank you."
3033,2547,9,20,186,215,1.1767441860465115,0.032728464345292085,637,He lets the female gardeners right in...
2283,2547,8,22,185,215,1.1767441860465115,0.032057504071169356,637,Why don't you get a blower?
1707,2549,10,21,201,232,1.1767241379310345,0.03167062724528022,637,I said TAKE the cannoli.
3180,2549,7,27,198,232,1.1767241379310345,0.029850822796042877,637,You're using the wrong arm again.
1289,2551,8,28,213,249,1.176706827309237,0.02908126493427306,637,And make sure you stay outside the rope !
7,2552,7,25,189,221,1.1764705882352942,0.030798253788513887,637,Just remember that there are all kinds of rakes behind the velvet ropes.
169,2552,6,27,188,221,1.1764705882352942,0.030123032735246424,637,"See, dad? I can be a performance artist"
400,2552,6,24,174,204,1.1764705882352942,0.03171239669455849,637,House arrest means less leaves to rake.
1122,2552,6,30,202,238,1.1764705882352942,0.028739253195257875,637,Are you searching for the perfect leaf?
1145,2552,7,25,189,221,1.1764705882352942,0.030798253788513887,637,"Performance art has reached its autumnal phase, I see. What's next: 'Geezer Throws Snowballs at Neighbor Kids Walking By?'"
1710,2552,9,21,191,221,1.1764705882352942,0.03210612257697392,637,Let's turn over a new leaf
713,2558,7,23,180,210,1.1761904761904762,0.03183495558223764,637,Aha! Even Al Gore admits the weather gets cold!
1788,2558,5,27,178,210,1.1761904761904762,0.03036984464367322,637,"If you were raking them up with your toes, you'd get a bigger crowd."
1454,2560,4,26,163,193,1.1761658031088082,0.03117342201682567,637,"I appreciate the creative license, but we asked for a literal red carpet."
3074,2561,5,28,183,216,1.1759259259259258,0.029826809448947954,637,Is this where the academy awards are being held?
2919,2561,7,24,185,216,1.1759259259259258,0.031237336733083217,637,Get the acorns too!
1485,2561,4,30,182,216,1.1759259259259258,0.02909591448584769,637,This new art exhibit is so mundane.
2701,2561,7,24,185,216,1.1759259259259258,0.031237336733083217,637,Wouldn't want to blow our cover.
556,2565,8,19,172,199,1.1758793969849246,0.03373604049139955,637,"My name's Smith, Agent Smith.  Not much to rake there now, is there NEO?"
2389,2565,5,25,169,199,1.1758793969849246,0.03139815112154325,637,Do you mind if I take a leaf?!
26,2567,4,31,187,222,1.1756756756756757,0.028606375953496622,637,a little more english to the right
1099,2567,8,23,191,222,1.1756756756756757,0.03132704473424182,637,"Sorry, sir. Leaf piles are for V.I.P's only."
1622,2567,6,27,189,222,1.1756756756756757,0.0299975705430788,637,"Alastair was amazed by the new, immersive play he was watching. ""No wonder this is raking in the big bucks,"" he thought to himself."
2443,2570,7,22,176,205,1.175609756097561,0.03231763712816536,637,"The stock market is a bust, but at least I can rake it in here."
2905,2570,2,32,171,205,1.175609756097561,0.02837797792811471,637,He's the last of his breed since they built the Wall.
1853,2572,6,28,194,228,1.1754385964912282,0.029480933456116774,637,Modern art of the modern man.
1699,2572,3,34,191,228,1.1754385964912282,0.027444432030089217,637,Why are you leaving me out of this?
1782,2572,7,26,195,228,1.1754385964912282,0.030129193485841126,637,"Drop the rake and get on the ground slowly, leaf-killer."
3658,2575,3,31,177,211,1.1753554502369667,0.028705560707897315,637,"Who wants to frolic in your old leaf pile, anyway?"
3046,2575,6,25,180,211,1.1753554502369667,0.030974486753413334,637,"It may seem excessive, but he's a very hungry caterpillar."
3269,2577,4,26,164,194,1.175257731958763,0.03102560974166252,637,You can do it put your back into it and hurra.
812,2578,5,31,198,234,1.1752136752136753,0.028348602918156437,637,Welcome to the FBI - raking things under the carpet is what you do now.
846,2578,5,31,198,234,1.1752136752136753,0.028348602918156437,637,Well I hope this will help us to turn over a new leaf.
574,2580,6,26,185,217,1.1751152073732718,0.030409962022885026,637,You want spying? THIS is spying.
602,2581,7,21,172,200,1.175,0.032821659106947405,637,"You, and ""what's her name"", can come over now."
3143,2581,6,23,171,200,1.175,0.032046997523188604,637,"We hear you've been sharing your leaves with the neighbors. We're on to you now, Buddy!"
2300,2583,7,25,191,223,1.1748878923766817,0.03054183267177233,637,"Round ‘em up! Those are the really bad ones, dropped by the Democrats."
1245,2584,8,20,178,206,1.174757281553398,0.03289948305695778,637,"No rakes allowed, hoes welcome."
1247,2584,5,26,175,206,1.174757281553398,0.030664260870290557,637,You've got the velvet rope. When do you put in the sidewalk?
566,2586,5,30,194,229,1.1746724890829694,0.028702201525629672,637,"Thanks for letting me watch a real pro do his thing combining strong hands, outstanding technique, surely not least, the strength of character to keep to the schedule even for a mere handful of leaves."
1866,2586,4,32,193,229,1.1746724890829694,0.02802696919049447,637,Lighten up. Those are yours - not mine.
3003,2588,5,31,199,235,1.174468085106383,0.028237557873862416,637,You forgot the red carpet.
1390,2588,6,29,200,235,1.174468085106383,0.028874381791060666,637,"Work that stick, boy"
2567,2590,8,18,169,195,1.1743589743589744,0.034132036261168563,637,"I GUESS THIS ROPE TRULY DOES GENTRIFY
""GET OFF MY LAWN!!!"""
1937,2591,7,28,206,241,1.1742738589211619,0.02901104440014633,637,"I'm sorry sir, you'll have to leaf."""
1314,2592,5,25,171,201,1.1741293532338308,0.03110944915594724,637,Do it over...you missed some leaves.
3040,2593,5,29,190,224,1.1741071428571428,0.02906901504870598,637,"Who was that upscale poet who used to say, ""Good stanchions make good neighbors?"""
186,2594,5,26,176,207,1.173913043478261,0.030527440745939525,637,"C'mon Pops, if you want to make it to Broadway you're gonna need a flannel shirt, more bend in the legs, and your gonna have to learn to whistle ""Autumn Leaves?"""
431,2594,7,26,197,230,1.173913043478261,0.02988601796635854,637,Make it snappy. The VIP stoop opens at 8.
1335,2594,8,24,198,230,1.173913043478261,0.030514690726286795,637,Worthy of my doctorate. Tradeoff. Carbon footprint from leaf blower or you breathing hard raking.
3083,2594,7,22,178,207,1.173913043478261,0.03202700218671188,637,"The longer it takes you to takes you to rake those nine leaves, the longer it will take to get back to your cell."
3636,2598,4,29,180,213,1.1737089201877935,0.029226895138530353,637,"If he's a paparazzo, he's being awfully L.L. Bean about it."
369,2598,5,27,181,213,1.1737089201877935,0.02997502797475334,637,Theses cover charges are getting ridiculous
845,2598,8,21,184,213,1.1737089201877935,0.032115027791254254,637,"You're not doing it right, and I do not approve of your politics."
2511,2598,2,33,178,213,1.1737089201877935,0.02767001254321106,637,The rake vibrates when its battery is running low.
990,2602,7,28,207,242,1.1735537190082646,0.028899889107749047,637,This would surely have to rival Picasso’s Sweeping Woman
9,2603,5,28,186,219,1.17351598173516,0.02944987081748154,637,"Are you a Whitman fan? Whenever I watch you out here, it makes me think of  'Leaves of Grass.'"
2016,2603,7,24,188,219,1.17351598173516,0.030839561633216484,637,Can I get you a pumpkin spice latte from the Museum of Autumn café?
1618,2605,3,37,208,248,1.1733870967741935,0.026042441211706898,637,"Hurry, trees should be arriving soon to shake it up"
3461,2606,7,25,193,225,1.1733333333333333,0.030289607416741433,637,Here we have a fine example of kinetic sculpture from Jim’s Lawn ’n Leaf.
3759,2607,6,28,197,231,1.173160173160173,0.02912669323604724,637,Thanks for taking care of your leaves in my yard.
69,2608,5,26,177,208,1.1730769230769231,0.030391823275194945,637,"Sorry, leaves, we're a very exclusive lawn."
3105,2608,4,28,176,208,1.1730769230769231,0.029617761370215444,637,I see my trust in you was misplaced. I could have built a solid fence.
1768,2610,5,31,201,237,1.1729957805907174,0.0280180278915239,637,Your wife has subponaed you for divorce proceedings since you're obviously raking it in.
3001,2610,9,23,205,237,1.1729957805907174,0.03046376060292948,637,"Rake em up!
Rake em up!"
3491,2610,6,29,202,237,1.1729957805907174,0.028649041741667523,637,"After you rake and bag the leaves,you can start to dig."
3574,2610,6,29,202,237,1.1729957805907174,0.028649041741667523,637,Beyonce said no brown leaves.
654,2614,4,29,181,214,1.1728971962616823,0.029101323184074754,637,"If you don't mind, I'm gonna wait here for the cherry blossoms."
3350,2614,11,15,188,214,1.1728971962616823,0.03397095515167107,637,"Sorry, neighbor, but I can't give you a hand."
3485,2614,6,25,183,214,1.1728971962616823,0.030571898027795603,637,"I call it, 'Idiot Raking.'"
3698,2617,5,28,187,220,1.1727272727272726,0.029326309929052958,637,Andy Warhol would have loved filming you. He could have called it LEAVES.
2619,2618,7,29,213,249,1.1726907630522088,0.028333665929921953,637,How much longer do we role play warden?
1711,2619,8,23,195,226,1.1725663716814159,0.030810076217808898,637,Do these pants make my ass look fat?
3028,2620,5,25,173,203,1.1724137931034482,0.030825953511223275,637,We both work towards a common goal.  We just have different roles.
2075,2620,4,27,172,203,1.1724137931034482,0.030024424384735016,637,I want mine back.
630,2620,6,28,198,232,1.1724137931034482,0.02901047840118542,637,Just gleaning inspiration from the rake’s progress for my next op ed.
93,2620,4,27,172,203,1.1724137931034482,0.030024424384735016,637,You can learn a thing or two from city people like me.
1601,2620,7,26,199,232,1.1724137931034482,0.029646700657946577,637,Tell Ma that I'll take my shoes off.
953,2625,5,31,202,238,1.1722689075630253,0.027909523636022313,637,I see you're already planning for your Mega Millions win.
1009,2625,6,29,203,238,1.1722689075630253,0.028537672127430382,637,Is fall ready to start yet?
1720,2625,7,27,204,238,1.1722689075630253,0.02915228895499881,637,This velvet rope is to remind you to LEAF ME ALONE.
2249,2625,5,31,202,238,1.1722689075630253,0.027909523636022313,637,"MoMA discovers ""the Rakeist""."
1681,2629,3,30,176,209,1.1722488038277512,0.028696630010112145,637,"Y’know, the guy at Yardis wears a tux when he rakes."
1586,2630,2,27,151,180,1.1722222222222223,0.03034107331169246,637,"As my character John Munch would say, you can't rake your way out of this."
3318,2631,4,29,182,215,1.172093023255814,0.028976812912737012,637,This is a really weird wax museum.
2347,2631,4,29,182,215,1.172093023255814,0.028976812912737012,637,Those should have been rose pedals for him to walk on.
3120,2631,5,27,183,215,1.172093023255814,0.029717410683095826,637,You're  just encouraging all the other leaves to fall that want some special attention.
3038,2634,5,28,188,221,1.1719457013574661,0.029203770453988528,637,My new leaf blower is really powerful.
969,2634,8,22,191,221,1.1719457013574661,0.03124525907218886,637,"Remember, there’s no cover charge for attractive fronds."
78,2634,8,22,191,221,1.1719457013574661,0.03124525907218886,637,"What makes you think that people will pay to rake your leaves, Mr. Sawyer?"
3504,2637,2,29,161,192,1.171875,0.02922805416556857,637,"Nine leaves does not constitute a ""rake""."
2059,2638,9,21,197,227,1.171806167400881,0.031312298075156494,637,Addicted to blow?
691,2639,8,18,172,198,1.1717171717171717,0.03364780753016978,637,You leave me no other option.
722,2640,5,30,198,233,1.1716738197424892,0.028247701637748104,637,"After you get those up, nine more are gonna fall."
373,2641,8,19,177,204,1.1715686274509804,0.03296245110172227,637,There will always be some that refuse to recognize authority.
1988,2641,5,25,174,204,1.1715686274509804,0.030686114811268733,637,Seeing you rake those autumn leaves makes me want a Hoagie.
2863,2641,5,25,174,204,1.1715686274509804,0.030686114811268733,637,Light gray coats are soooooo 2009.
2045,2644,6,29,204,239,1.1715481171548117,0.02842715633206406,637,"When I said ""when someone leaves, you can come in"", this isn't what I meant."
528,2645,5,26,179,210,1.1714285714285715,0.03012413424240506,637,"Good show, George"
974,2645,6,24,180,210,1.1714285714285715,0.030871215241314025,637,"Sir, Vice President Biden is almost here. Can't you see the crowd?"
1743,2645,4,28,178,210,1.1714285714285715,0.029358048253133977,637,"Remember to catalog each of those leaves when you're done, this yard is on the Historical Landmarks List."
3764,2648,4,29,183,216,1.1712962962962963,0.02885335111797642,637,You could make better use of your time sleeping!
3363,2648,2,33,181,216,1.1712962962962963,0.02732001512563732,637,"So, you’re the new broom."
2973,2648,7,23,186,216,1.1712962962962963,0.031011527488105126,637,"Hey Mac, gotta bone saw I can borrow?"
1255,2648,8,21,187,216,1.1712962962962963,0.03169828322293795,637,"You're going to need to lose the hat, your skinny friend is free to come in."
3528,2652,4,30,188,222,1.1711711711711712,0.028372732222818595,637,You think you’re raking it in now?  As your agent I’ll make money fall from the sky ... not leaves!
3749,2652,5,28,189,222,1.1711711711711712,0.029082239948719016,637,"“So much for a fall exhibit, this man hasn’t tripped once.”"
2533,2654,5,22,160,187,1.1711229946524064,0.03240501846028112,637,"Hey, it’s my turn to be Tom Sawyer!"
836,2655,4,31,193,228,1.1710526315789473,0.02791438674332629,637,I love using TaskRabbit for my own amusement.
3766,2656,7,19,167,193,1.1709844559585492,0.033407804717699004,637,Scarlett Johansson still isn't coming.
960,2657,5,30,199,234,1.170940170940171,0.02813629242134731,637,"Dude, this is your red carpet."
1458,2658,4,26,169,199,1.170854271356784,0.030306856105096255,637,Let’s leave it to the pros.
1617,2658,3,28,168,199,1.170854271356784,0.029457540329197823,637,Careful. Each leaf backs up 1 cryptodollar.
2968,2658,3,28,168,199,1.170854271356784,0.029457540329197823,637,Your work leaves me wondering if you know what you’re doing
1166,2661,5,31,204,240,1.1708333333333334,0.027694989367686055,637,How'd that leaf yard sale thing go?
3208,2662,6,23,176,205,1.170731707317073,0.03132052643983263,637,"From raking it in,to raking it out"
2037,2662,5,32,209,246,1.170731707317073,0.027272831509056204,637,"Keep those leaves on your side Mr. Johnson. Don Jr, is having Eric over tonight. You know  how skittish he is."
1294,2662,7,21,177,205,1.170731707317073,0.032074902714117406,637,Thanks but you just raked our red carpet.
674,2662,4,27,174,205,1.170731707317073,0.02975445111516212,637,You have lousy technique
183,2662,4,27,174,205,1.170731707317073,0.02975445111516212,637,Hurry up. The next showing of The Last Leaf is about to start.
108,2662,5,25,175,205,1.170731707317073,0.030547526394397527,637,"If you read my script, you could’ve been raking something else."
3792,2668,5,27,185,217,1.1705069124423964,0.02946413816455782,637,Perhaps something in a leaf blower is more your medium.
1582,2669,2,34,187,223,1.1704035874439462,0.02678773961196734,637,"Excuse me, what do you represent in the world of art?"
1615,2669,7,24,192,223,1.1704035874439462,0.030324556240930372,637,The interactive passes were too expensive.
2127,2669,7,24,192,223,1.1704035874439462,0.030324556240930372,637,"man in sunglasses: average joe wanting to beat the shit out of Rand Paul

the velvet rope in the way: CIVILITY"
2156,2672,1,29,152,182,1.1703296703296704,0.02900814181041573,637,I guess this is a Hollywood premiere New England style...
942,2673,6,27,196,229,1.1703056768558953,0.029147492445142777,637,I guess for a blowhard like you you could call this raking it in.
450,2674,8,24,203,235,1.1702127659574468,0.02990908493640487,637,I'm not sure William Hogarth would approve of your adaptation of his work.
2891,2674,7,26,202,235,1.1702127659574468,0.029294762545493933,637,"With the rope and that manual rake, you look like an exhibit in the Smithsonian."
443,2676,6,29,206,241,1.170124481327801,0.028208647706353545,637,Since your retirement from Wall Street I assumed your advertised lectures on cleaning up mean the market not the yard.
3547,2676,5,31,205,241,1.170124481327801,0.027588940878725727,637,Keep at it and you just might make senior raker next year.
871,2678,8,17,169,194,1.1701030927835052,0.03404068408720584,637,I'll lend you my leaf blower if you want to blow them back over here
1212,2679,4,26,170,200,1.17,0.030167039152961,637,"When I said modern realism, this wasn't exactly what I had in mind."
1599,2680,5,25,176,206,1.1699029126213591,0.030410171775850158,637,"Forget the red carpet of leaves, Harry. Just go and get the gift bags ready"
2044,2680,5,25,176,206,1.1699029126213591,0.030410171775850158,637,"Bill, I told you forty years ago NOT to plant too many trees!"""
368,2682,6,24,182,212,1.169811320754717,0.030600561411320032,637,Make sure your leaves stay within the line.
2411,2682,6,24,182,212,1.169811320754717,0.030600561411320032,637,"I don't care if it's not ""forestry"" exactly"
433,2684,4,29,185,218,1.1697247706422018,0.028609521197136126,637,Why do you think I put up the rope.
586,2684,5,27,186,218,1.1697247706422018,0.02933909743456722,637,I'm just here for the cartoons.
1127,2686,5,28,191,224,1.1696428571428572,0.028842157058622912,637,Preparing for the red carpet?
1548,2686,6,26,192,224,1.1696428571428572,0.029528096123754656,637,Lawn Dances: $5
3583,2686,5,28,191,224,1.1696428571428572,0.028842157058622912,637,Your lawn look so much healthier since you improved your reike technique.
1495,2689,5,29,196,230,1.1695652173913043,0.028368374921471855,637,"Behold exhibit A: 
Mr Muck, hard at work."
3570,2689,4,31,195,230,1.1695652173913043,0.02769101687280128,637,This is a very small show.
265,2691,3,34,199,236,1.1694915254237288,0.026592902352289546,637,Today a select few will be granted access to rake on this side of the rope.
3137,2692,6,29,207,242,1.1694214876033058,0.02810063598467344,637,Snobs grow like weeds around here.
3595,2693,6,30,212,248,1.1693548387096775,0.027666381043396717,637,I'm waiting ! When can I expect the red carpet!
1971,2694,6,21,168,195,1.1692307692307693,0.03227860175905317,637,Work it!! Work it!!
3098,2694,6,21,168,195,1.1692307692307693,0.03227860175905317,637,I feel alienated. I think it connects with grunge.
3496,2696,6,22,173,201,1.1691542288557213,0.0316419474948415,637,"Whoa, so the butter churn out back wasn't a made-up deal."
1604,2697,6,23,178,207,1.1690821256038648,0.031038996369419872,637,"Now boarding Group 8. Group 8, welcome aboard."
1865,2697,4,27,176,207,1.1690821256038648,0.029489236427043364,637,"I'm guessing your plan to dig a moat and fill it with alligators fell through, didn't it, neighbor ?"
1922,2697,3,29,175,207,1.1690821256038648,0.028682973168147368,637,"You wanna get in the Mob, Jocko? Well, this is what we do. We rake. And we rake. And we don't miss one, Jocko. The rest a the guys'll be here soon. So hurry up, put on a show. Or that'll be the last leaf you ever rake."""
2960,2697,6,23,178,207,1.1690821256038648,0.031038996369419872,637,Still looking for Hoffa... now you can add Khashoggi.
1182,2701,6,24,183,213,1.1690140845070423,0.030466990481991,637,I'm not on the list but that will change once I start raking it in.
2216,2701,5,26,182,213,1.1690140845070423,0.02973123957020854,637,"You know, I didn't mean to start that fire last year when I offered to help you."""
2812,2701,6,24,183,213,1.1690140845070423,0.030466990481991,637,"Trust me, darling, it's all in the wrist."
258,2704,5,27,187,219,1.1689497716894977,0.029215102823568432,637,Leaf raking symposium for urban refugees.
3100,2705,6,26,193,225,1.1688888888888889,0.029406234566725784,637,Nobody likes you.
3274,2705,9,20,196,225,1.1688888888888889,0.03136517575976448,637,You missed a patch.
2374,2705,6,26,193,225,1.1688888888888889,0.029406234566725784,637,"Well, you won’t be blowing me away with that."
2633,2708,10,19,202,231,1.1688311688311688,0.03140944830449678,637,"NOW is the summer of our discontent, made GLORIOUS summer by this sun of York! That's right good neighbor, Spacey is back."
3427,2708,6,27,198,231,1.1688311688311688,0.028913307994335648,637,How many gate crashes do you expect?
3354,2710,5,24,173,202,1.1683168316831682,0.03070411079405365,637,"No. You can't jump in the leaf pile,
This is the Big House not the Fun House."
1251,2711,6,23,179,208,1.1682692307692308,0.03090010431308861,637,"Hey buddy, I’ve got that new Pro Rake 6000 that not only gathers up the fallen leaves, but rakes up the Halloween decorations and the kids too in 10 seconds flat."
1411,2711,4,27,177,208,1.1682692307692308,0.029358374950675437,637,Sheesh. I asked for a FULL pardon
753,2713,4,28,182,214,1.1682242990654206,0.02885190141409646,637,"Oh, what an exciting life you have, sir, demonstrating the art of collecting tree detritus. Reminds me of a song: 
""But I miss you most of all my darling 
When autumn leaves start to fall."""
1920,2713,5,26,183,214,1.1682242990654206,0.029602519895909608,637,I KNOW YOU DON'T WANT A LITTLE FRIENDLY ADVICE.....
2177,2713,7,22,185,214,1.1682242990654206,0.03104936588959089,637,Why are you wearing that pot on your head?
3573,2713,8,20,186,214,1.1682242990654206,0.03174807224265236,637,I wish I could afford to rake leaves.
3172,2717,6,25,189,220,1.1681818181818182,0.029797041681508343,637,I am Q.  It is no coincidence that they keep landing to the left.
1801,2717,7,23,190,220,1.1681818181818182,0.030485647334190815,637,"Autumn leaves, huh? Well then autumn doesn't get readmitted!"
1982,2717,6,25,189,220,1.1681818181818182,0.029797041681508343,637,"My ""15 Minutes"" wouldn't be that much different."
3548,2717,6,25,189,220,1.1681818181818182,0.029797041681508343,637,Cut it with the attitude. You should be glad you get to stay here and contribute to society.
1695,2721,6,26,194,226,1.168141592920354,0.029285365536261616,637,You didn't hire someone to do that?
2854,2721,5,28,193,226,1.168141592920354,0.02860596559858563,637,"Oh, you must be thinking of Four Seasons down the street. All we've got is fall."
3737,2723,7,25,200,232,1.168103448275862,0.029438431351418506,637,Imagine you were a leaf...exactly how would you prefer to be gathered and memorialized?
1789,2724,6,28,204,238,1.1680672268907564,0.028332027932442497,637,Backyard passes only.
2509,2724,5,30,203,238,1.1680672268907564,0.027699216340930533,637,Big deal.
1700,2726,5,33,218,256,1.16796875,0.026481051236718598,637,"Sir, as a retired senator you must pay for my services out of pocket now."
63,2727,2,30,171,203,1.167487684729064,0.02806816258582049,637,I'm gonna need a little more authenticity.
546,2727,5,24,174,203,1.167487684729064,0.030563733437987208,637,Skip the green ones.  Only the colorful make it into the V.I.P. area.
775,2727,6,22,175,203,1.167487684729064,0.03135147766708558,637,Next thing you know you'll be drinking at noon Herb
1552,2727,3,28,172,203,1.167487684729064,0.028923953761294138,637,"I think government surveillance is not getting more annoying, but also so much lazier."
2035,2731,5,25,179,209,1.167464114832536,0.03000535008608754,637,"i thought i bought tickets to hamilton, not a man raking leaves!"
1538,2732,6,25,190,221,1.167420814479638,0.029671667530778274,637,They can't come back in once they're fall-down drunk.
2881,2732,8,21,192,221,1.167420814479638,0.031027061165424714,637,If that's the best you can reap you need to up your sow game.
3616,2732,8,21,192,221,1.167420814479638,0.031027061165424714,637,Hey! Either order the champagne or you have to leave the VIP lawn.
2218,2735,7,24,196,227,1.1674008810572687,0.02982632878665736,637,Sorry I am blind so I can’t see that you are working hard.
2998,2735,6,26,195,227,1.1674008810572687,0.02916547709177001,637,Wow! Man on fire!
3322,2737,8,23,202,233,1.167381974248927,0.02994497661246246,637,"'THE FALLING LEAVES, SLIP BY MY WINDOW, THE FALLING LEAVES OF RED AND GOLD....."""
143,2738,4,24,164,192,1.1666666666666667,0.030746008599385467,637,"- Don't forget that: ""Any of those leaves could've came from Mexico"" ..."
1258,2738,7,20,177,204,1.1666666666666667,0.03197261296252826,637,Fall into line or leaf.
1522,2738,6,23,181,210,1.1666666666666667,0.03062598468540952,637,No wonder there's a special price for Florida residents
1527,2738,7,24,197,228,1.1666666666666667,0.029704298748574696,637,Millennial Williamsburg ca. 2218
1769,2738,7,21,182,210,1.1666666666666667,0.03136111293580055,637,"Herb, I can't help it if you're under house arrest and I'm your probation officer. And just because I'm seeing your wife, life's too short to hold a grudge."""
2121,2738,5,24,175,204,1.1666666666666667,0.030424621926485568,637,I have no idea what I’m doing in this cartoon. Where am I?  You sure don’t look like a clubber to me
2371,2738,7,23,192,222,1.1666666666666667,0.030229286087156422,637,Progress? A Rake's Lameness is more like it.
2786,2738,3,27,168,198,1.1666666666666667,0.029306010124215222,637,I wish those leaves didn't look quite so fake.
3200,2738,6,22,176,204,1.1666666666666667,0.031208216858875617,637,"When you've finished, can I finally come in? 
My bladder is awfully full."
3206,2738,6,26,196,228,1.1666666666666667,0.02904655748072928,637,"""Congrats!   You're scratching the back of the world!"""
3332,2738,5,24,175,204,1.1666666666666667,0.030424621926485568,637,Do the nine leaves represent the nine circles of hell?
3520,2749,8,25,214,247,1.165991902834008,0.028741624369429758,637,"Hey, psst! you the clean-up guy at the Saudi consulate? We got a job for you."
1542,2750,5,29,201,235,1.1659574468085105,0.027809544889328786,637,"Now you know the difference between ""rake"" and ""reiki""?"
3722,2750,7,25,203,235,1.1659574468085105,0.029087992113997933,637,The Devil Went Down to Suburbia
1171,2752,8,22,199,229,1.165938864628821,0.030223738308066773,637,Am I the first in line for the leaves raking in virtual reality?
2367,2753,7,23,193,223,1.1659192825112108,0.030102702825319724,637,"Don't worry sir, I'm cutting off all non-essential entry to the leaf piles."
3599,2753,5,27,191,223,1.1659192825112108,0.028729330488425905,637,People will fly out from all over Los Angeles to come see the seasons.
766,2755,6,24,187,217,1.1658986175115207,0.029944068647646586,637,"Next Fall, consider a health club!"
3550,2755,5,26,186,217,1.1658986175115207,0.02922289940554948,637,"I swear to god Jim, if I turn around and you're trying to show me your halloween costume again, I will throw this rake at you"
162,2757,4,26,175,205,1.1658536585365853,0.02948667136003476,637,This would look better with a Sienna filter.
434,2757,3,28,174,205,1.1658536585365853,0.02866425963186304,637,No complaining about white collar prison labor.
1447,2757,6,22,177,205,1.1658536585365853,0.03106624861804812,637,"Sorry, I had to kick out a few unruly leaves."
2614,2757,5,24,176,205,1.1658536585365853,0.03028675940979053,637,Don’t pretend as if you’re actually working!
2648,2761,6,21,172,199,1.1658291457286432,0.03167315305922878,637,"As your future ex-wife's lawyer, I'll be claiming that rake and any property on your side of my velvet rope."
3462,2761,5,23,171,199,1.1658291457286432,0.030861461079874995,637,RakeAway movement?
3342,2763,7,18,168,193,1.16580310880829,0.03313885700897935,637,"Fall is a notable ceremony, don't you think?"
1745,2764,6,26,198,230,1.1652173913043478,0.028811578667622104,637,would you look at that foliage
2847,2765,4,29,191,224,1.1651785714285714,0.02790188581019841,637,"Leaves:  easel, eaves, elves, lease....
Leaf:   alef, flea....."
3545,2766,4,28,186,218,1.165137614678899,0.02836272872382379,637,Bravo! Your technique is exquisite.
2576,2766,5,26,187,218,1.165137614678899,0.029098493359740577,637,"Per his parole officer, leaf gathering is a community service."
495,2768,7,21,184,212,1.1650943396226414,0.031084347449808054,637,Are you a Democrat or  a Republican?
1284,2768,4,27,181,212,1.1650943396226414,0.028846221442110007,637,"All I want to do is work. First, a wall, and now you’re telling me I have to get past your velvet ropes. I give up!"
1520,2768,2,31,179,212,1.1650943396226414,0.027252211804276602,637,I was expecting a red carpet but that’s nice too.
3171,2768,5,25,182,212,1.1650943396226414,0.029611065720745247,637,"I counted those. If more than 9 leaves are on my property, there will be hell to pay tomorrow."
3213,2768,5,25,182,212,1.1650943396226414,0.029611065720745247,637,Attempting to conceal evidence? You're taking the fall!
4,2773,4,26,176,206,1.1650485436893203,0.029354226302408363,637,"Don't mind, just securing our borders with migrant workers."
1105,2773,4,26,176,206,1.1650485436893203,0.029354226302408363,637,"Sorry buddy, those are VIP leaves"
319,2775,5,23,172,200,1.165,0.030717958344006535,637,I'm promoting you to jan-outdoor.
564,2775,2,29,169,200,1.165,0.028157400376808576,637,"Better show next month, I guess"""
2986,2777,3,25,160,188,1.1648936170212767,0.030117293493950283,637,"It's my favorite time for leaf peeping,when it all comes off."
3036,2778,7,28,220,255,1.1647058823529413,0.027528068385518287,637,Stunning
121,2779,4,31,202,237,1.1645569620253164,0.026936306113062417,637,"You're ""falling"" behind, hurry up!"
2310,2780,5,28,198,231,1.1645021645021645,0.02803191082741476,637,Isn't that overkill Murray? A basic dinner fork would do the job nicely.
1254,2781,3,30,186,219,1.1643835616438356,0.027491355320087448,637,"It may look the same as last year's model, sir, but the Rake 5s."
359,2782,5,25,183,213,1.164319248826291,0.02948190923540969,637,Your raking prowess is unequaled Jim.
711,2782,6,23,184,213,1.164319248826291,0.030223730325913297,637,"Is this your version of ""The Wall""?"
1405,2782,6,23,184,213,1.164319248826291,0.030223730325913297,637,"They agreed.  If Marv taught his new neighbor how to rake, he would teach him to play Fortnight."
2060,2782,2,31,180,213,1.164319248826291,0.02713503757541432,637,Only nine?
1308,2786,6,22,179,207,1.1642512077294687,0.03078612117809573,637,More to the left! A little to the right. You missed one right by your foot! For this I paid $100?
1543,2786,2,30,175,207,1.1642512077294687,0.027571303851120225,637,You should stop and smell the roses.
2435,2786,3,28,176,207,1.1642512077294687,0.028409134294029383,637,"Queue line ropes have great multi-uses.  Those darn leaves stay on the right side, eh?"
2596,2786,4,26,177,207,1.1642512077294687,0.029222953762780307,637,"Harry, your show is really raking it in!"
2011,2790,5,23,173,201,1.164179104477612,0.030575772264297422,637,You can drop the VIP scam...I'm not raking your leaves.
1155,2791,5,30,209,244,1.1639344262295082,0.02706823694615514,637,Strokes of genius
1686,2791,3,34,207,244,1.1639344262295082,0.02579198954190582,637,Maybe I should have returned your rake last year?
1881,2793,6,26,200,232,1.1637931034482758,0.028580338702600776,637,"Because of the lack of the rakes progress, they cancelled the performance."
3080,2794,8,21,197,226,1.163716814159292,0.030383480825958698,637,Hilton Als’ less than glowing review appears to have dampened enthusiasm for Carl’s “Raking Bad” pop-up exhibit.
2840,2795,3,30,187,220,1.1636363636363636,0.02737630807574789,637,After my robot rakes the leaves we're going to the movies.
2718,2795,6,24,190,220,1.1636363636363636,0.02956341057969444,637,...and your primary algorithm is waaay off!
1236,2795,5,26,189,220,1.1636363636363636,0.028852803064667375,637,As a raker you have no equinox!
253,2795,8,20,192,220,1.1636363636363636,0.030935695336193902,637,Can I borrow your rake when you're finished?
246,2795,4,28,188,220,1.1636363636363636,0.028124246554767814,637,"‘’Listen pal, this is a very exclusive neighborhood.”"
984,2795,5,26,189,220,1.1636363636363636,0.028852803064667375,637,"Sure, I'll leave you be."
2066,2801,4,27,183,214,1.1635514018691588,0.028596719860644746,637,I suppose it is getting close to shnow time.
2154,2801,6,23,185,214,1.1635514018691588,0.030091964454753692,637,Mr. President... you missed a spot.
3546,2801,8,19,187,214,1.1635514018691588,0.03151634913349142,637,Do you also remove snow flake by flake?9
1612,2804,1,31,170,202,1.1633663366336633,0.02700458472108133,637,"gee wiz, these new offender laws are getting out of hand"
3192,2804,5,23,174,202,1.1633663366336633,0.030434884997221155,637,I haven’t seen that many leaves since 2019.
959,2806,4,24,168,196,1.163265306122449,0.0301641723691691,637,Hurry it up - we’ve got Lassie stopping by any minute.”
2409,2806,6,28,211,245,1.163265306122449,0.027579195783511774,637,Is this really necessary?
2489,2806,5,30,210,245,1.163265306122449,0.02696583087376157,637,Did you get the blister yet?
3066,2809,3,25,162,190,1.1631578947368422,0.029824561403508767,637,This is a full-on Monet.
2434,2810,4,30,199,233,1.1630901287553648,0.027135237826933258,637,I thought it was if you 'build it' they would come.
902,2810,4,30,199,233,1.1630901287553648,0.027135237826933258,637,"OK, so I can't rake. You gotta a fence you need whitewashed?"
1509,2810,6,26,201,233,1.1630901287553648,0.028466093304493505,637,This isn't The Rake's Progress I was expecting. Where are your ballet shoes?
1631,2813,4,29,194,227,1.1629955947136563,0.027560899709046308,637,"I'm sorry Barry, you're right, grown men don't play in the leaves.  Now will you please let me back in the house?"
415,2814,7,22,192,221,1.16289592760181,0.030129211185262225,637,"Rick, I'm sorry. Francine and I never wanted to hurt you..."
3000,2815,6,23,186,215,1.1627906976744187,0.02996133333018979,637,What’s the odds of both of us making the two-man leaf raking relay team?
3783,2815,8,19,188,215,1.1627906976744187,0.03137864109834543,637,This piece dates bake to early 21st century.
1184,2817,5,24,180,209,1.1626794258373205,0.02974747243615781,637,Look at this exhibit of stolen jobs - just like the President said.
2132,2817,6,22,181,209,1.1626794258373205,0.03051096100246536,637,"Sorry! Those eight leaves came from my trees.
(Michael Rogness, St. Paul MN"
3315,2817,3,28,178,209,1.1626794258373205,0.02815845994425089,637,Good news!  We are promoting no cover charge on Tuesdays and Thursdays.  You’ll be able to rake this side of your yard for free!
761,2820,4,32,210,246,1.1626016260162602,0.026239296160637287,637,I’m going to give no stars on this leaf peeping tour.
2288,2821,4,25,174,203,1.1625615763546797,0.029479324626084567,637,Show Off!  You must be raking it in.
3726,2821,4,25,174,203,1.1625615763546797,0.029479324626084567,637,Rake all the leaves into a perfect circle to prove your worth to the gardener's club.
2932,2823,3,31,194,228,1.162280701754386,0.026735897519076245,637,"Don't mind me. I'm just doing research for my next movie, ""Handyman""."
2003,2823,8,21,199,228,1.162280701754386,0.03013341217762897,637,"Norman, are you really still angry about the soup can?"
486,2823,9,19,200,228,1.162280701754386,0.030767927979149713,637,"As you can all see, he is demonstrating how to use our newest model, the 2000 80, the best 1945 rake you can get."
36,2826,6,24,192,222,1.162162162162162,0.02931492673225084,637,I want it good enough to not walk on.
260,2826,6,24,192,222,1.162162162162162,0.02931492673225084,637,"The bigger the blower, the further the  fall."
3169,2826,7,22,193,222,1.162162162162162,0.03000216118822667,637,Is this a political leaf gathering?
2116,2829,5,23,176,204,1.161764705882353,0.030156937103255125,637,And keep your white ash off my turf.
2259,2830,2,34,199,235,1.1617021276595745,0.025534945567839067,637,When is the entr'acte?
3521,2831,2,28,168,198,1.1616161616161615,0.028113114352417177,637,Lady GaGa would like you to save the leaves for her.
3785,2831,4,24,170,198,1.1616161616161615,0.029881357474028255,637,"If you take care of the crabgrass, I can promise an associate producer credit."
3140,2833,6,24,193,223,1.1614349775784754,0.029192232150914255,637,I said you’d “make a better bodyguard” not “better watch me rake my yard”...
868,2834,5,31,218,254,1.1614173228346456,0.026280025136981727,637,How do people really know that George Washington used that rake?
1417,2835,5,25,187,217,1.1612903225806452,0.028976259737677246,637,The leaf-peepers should get here just in time for the matinee.
970,2836,4,31,207,242,1.1611570247933884,0.026421675481313415,637,"You knew what you were getting into when you signed on with this administration, and leafers will be punished!"
2817,2836,5,29,208,242,1.1611570247933884,0.02706284005873136,637,"Good, Kevin. You nail proletariat look."
2034,2838,4,26,181,211,1.161137440758294,0.02870928652538434,637,Your couture is so '90s.
1517,2838,5,24,182,211,1.161137440758294,0.02948490581338438,637,What are you planning to do with them? Make a salad!
2076,2838,1,32,178,211,1.161137440758294,0.026245257070831196,637,"No, I'm not impressed."
917,2838,4,26,181,211,1.161137440758294,0.02870928652538434,637,"I know there's not many leaves, but I still will let you jump in the pile."
485,2838,4,26,181,211,1.161137440758294,0.02870928652538434,637,Your wife splurged for a balcony seat.
1373,2838,5,24,182,211,1.161137440758294,0.02948490581338438,637,"On Display: The Lost Art of Leaf Raking
starring a morbid middle-aged man"
3463,2844,3,27,175,205,1.1609756097560975,0.028382087998080223,637,"Remember,it is all about teamwork"
3089,2844,6,21,178,205,1.1609756097560975,0.030806086120867306,637,I keep having to remind myself I'm on a mission of national security
1890,2844,5,23,177,205,1.1609756097560975,0.030019842345263108,637,My gardener did my yard yesterday!!
1953,2847,8,21,201,230,1.1608695652173913,0.029887398988884935,637,No special reason for the ropes; I'm just turning over a new leaf!
45,2848,7,18,174,199,1.1608040201005025,0.03220027652290368,637,You are nervously raking like a Saudi Embassy official. What gives?
259,2849,5,26,193,224,1.1607142857142858,0.02837355406912231,637,"Yeah, we're phasing out your job because the leaves went South.  You can blame it on Climate Change!"
147,2850,4,27,187,218,1.1605504587155964,0.028110320572891666,637,"Leave no trace, now."
1592,2850,6,23,189,218,1.1605504587155964,0.029576105101957417,637,Husband of acclaimed Hollywood actress gets A-List treatment after feeling unnoticed at home.
2257,2850,6,23,189,218,1.1605504587155964,0.029576105101957417,637,"So, friend, where are the leaves of yesteryear?"
2445,2850,4,27,187,218,1.1605504587155964,0.028110320572891666,637,"The group expects to see 'The Fall of Man.' Be prepared to duck."""
2641,2850,6,23,189,218,1.1605504587155964,0.029576105101957417,637,"...and approved by the HOA?  Well played, McGee."
233,2855,2,30,180,212,1.1603773584905661,0.02697413065617114,637,So pedestrian...
1852,2855,4,26,182,212,1.1603773584905661,0.02858365210952383,637,Utopia here: no reminders of natural process.
2490,2855,3,28,181,212,1.1603773584905661,0.027790545987569925,637,"Fall, a terrible fire attack by the democrats!!"
2626,2855,6,22,184,212,1.1603773584905661,0.03010725180384919,637,"I zee you rake about as well as you make love, Fancy Boy."
2982,2859,5,28,204,237,1.160337552742616,0.02737247122830919,637,"I can’t let those leaves in my club, they aren’t on the list."
2360,2860,5,23,178,206,1.1601941747572815,0.02988397812447197,637,"This location is for the movie version of Whitman's 'Leaves of Grass,' not leaves on grass."
1487,2860,3,27,176,206,1.1601941747572815,0.028254782864995432,637,Those leaf peepers are missing out.  Rake gazing is so much more exhilarating.
1068,2860,5,23,178,206,1.1601941747572815,0.02988397812447197,637,Such a majestic creature.
492,2863,9,19,203,231,1.1601731601731602,0.030391631918598432,637,"Exhibit A"" soon grew from sarcastic pet name to self-fulfilling prophecy"
740,2863,8,21,202,231,1.1601731601731602,0.029765882731261063,637,This side is for very important plants only.
2520,2863,6,25,200,231,1.1601731601731602,0.028473158289210113,637,"“Could be the greatest National Fall Leaf Day, in the history of the world.”"
2670,2863,4,29,198,231,1.1601731601731602,0.027118881082257868,637,This is your big chance to get off the Road Gang detail.
893,2867,6,24,195,225,1.16,0.02894987457822984,637,Where’s Joan Rivers when you need her? Am I right?
1376,2867,4,28,193,225,1.16,0.027545056883770614,637,Pretending that you not dying to get in isn't going to work.
2728,2867,1,30,169,200,1.16,0.026937485790316764,637,"Keep raking, we can't take any chances with Spicer."
2773,2867,8,20,197,225,1.16,0.030289607416741433,637,"If you trade the rake for a couple of  hoes, I'll reconsider letting you in."
3113,2867,7,18,175,200,1.16,0.03204895752426216,637,"The intermission is a bit long, eh?"
3349,2867,5,22,173,200,1.16,0.030440649891701484,637,"If I can borrow your rake, I promise to rethink my NIMBY policy."
3529,2867,3,26,171,200,1.16,0.028742488640796773,637,He never leaves me alone this time of year.
3776,2867,3,30,192,225,1.16,0.02681506328628779,637,I can’t critique you tomorrow.  There’s this thing I have to do.
3311,2875,2,31,186,219,1.1598173515981736,0.026452363789293696,637,A living history museum.
1512,2875,8,19,192,219,1.1598173515981736,0.030839561633216484,637,"Darn it, your leaves are redder than mine."
350,2875,5,25,189,219,1.1598173515981736,0.02872982867831006,637,"When I purchased tickets for 'The Rake"" I was hoping for something a little less literal that included dialogue beyond ""Just keep raking, just keep raking."""
356,2875,7,21,191,219,1.1598173515981736,0.03015272336701371,637,Master Chadwick does not like to be reminded of his mortality.
2711,2879,7,20,186,213,1.15962441314554,0.03070493779078279,637,"This will teach you to drive without a license.""

Bernard X. Wolff
fjdbxw2112@gmail.co"
153,2880,4,22,162,188,1.1595744680851063,0.03073638550920031,637,"I'll allow the rake, but no hats allowed inside."
2826,2880,3,24,161,188,1.1595744680851063,0.029796578674995612,637,"Even if we used barbed wire instead of this theatrical rope for the wall, we still couldn't keep the leaves out."
2530,2882,3,31,198,232,1.1594827586206897,0.026310671158966004,637,"Finish up Paul, The Donald we be here soon!"
3104,2882,6,25,201,232,1.1594827586206897,0.028358568816919838,637,"Don't worry, there's more to come. You're not fired."
996,2884,4,25,178,207,1.1594202898550725,0.028950309288953202,637,"Remember, what happens at the MGM New England VIP Experience, stays at the MGM New England VIP Experience."
1914,2884,2,29,176,207,1.1594202898550725,0.027282158590464414,637,You sure look silly putting a pot on your head and calling this art.
217,2886,3,30,193,226,1.1592920353982301,0.026705534625973512,637,"I wish if they were Bitcoins."""
1934,2886,6,24,196,226,1.1592920353982301,0.028830186956626824,637,"' Leaves...a crop is a crop,/ And who's to say where /The harvest shall stop.'"
3609,2886,4,28,194,226,1.1592920353982301,0.027432042330531377,637,"The Rake's Progress? "" Not very rakish"
3725,2886,7,22,197,226,1.1592920353982301,0.029504424188908526,637,"Patience, neighbor. I’ll be signing autographs after the performance."
1311,2890,5,22,174,201,1.1592039800995024,0.030299283539472872,637,The Mortensons are waiting for their table.
2104,2891,6,23,191,220,1.1590909090909092,0.02932470137737311,637,"Mulch them, Dummy!"
649,2891,5,25,190,220,1.1590909090909092,0.02860816510119093,637,"Keep it spotless, the Flea Circus starts in two hours."
659,2891,4,27,189,220,1.1590909090909092,0.027873214921172774,637,"I said extravagant leaf blower, not leaf peeper."
636,2894,6,22,186,214,1.158878504672897,0.029843951879070716,637,The gum you like is coming back in style.
2000,2895,7,19,182,208,1.1586538461538463,0.031144861438445234,637,"Leave them be, I implore you!"
1430,2896,7,18,177,202,1.1584158415841583,0.03175051951722968,637,Wait until I get my videocam and my leafblower; I'll be right back.
1966,2896,5,22,175,202,1.1584158415841583,0.030159213769526117,637,I like the look but no style points today
3503,2896,4,24,174,202,1.1584158415841583,0.029331203827783293,637,I thought 'Rake-ee' would be a lot more relaxing!
336,2899,7,21,193,221,1.158371040723982,0.029896645484795342,637,Leaf it to you to Fall for that job
799,2899,5,25,191,221,1.158371040723982,0.028487519034439784,637,"We are trying to destigmatize  this, but this is a work gang and if you try to escape I will shoot you."
1921,2899,5,25,191,221,1.158371040723982,0.028487519034439784,637,"Gee, thanks a bunch but the Smith house is next door."
752,2902,4,26,185,215,1.158139534883721,0.02821320072120271,637,Just thought I’d get here early for ‘The Spring Fling’
1480,2903,5,27,202,234,1.1581196581196582,0.02747241102008981,637,I have a rake just like that that I use to comb my hair!
2949,2904,6,21,182,209,1.1578947368421053,0.030253755080206675,637,"Sir, I'm afraid your attire doesn't conform to our dress code."
2507,2904,4,28,196,228,1.1578947368421053,0.027208746667810667,637,"I have the trees, you get the leaves.  So there's more than one way of raking it in."
614,2904,5,26,197,228,1.1578947368421053,0.027909832638272198,637,"You won""t find any truffles here frank ?"
2056,2904,5,23,181,209,1.1578947368421053,0.029483606826491527,637,Careful!
2147,2904,5,26,197,228,1.1578947368421053,0.027909832638272198,637,"So, Mr. sawyer if I’m on the
 A list, what is my time slot for raking?"
2320,2909,4,27,191,222,1.1576576576576576,0.02764003888679108,637,Those are Bansky leaves. They will leave on their own when he it’s time.
1199,2910,6,20,177,203,1.1576354679802956,0.03082205617844189,637,VIP trick or treat area? Not bad. But it's going to be tough to beat Ned's Haunted Toys R Us
1557,2910,5,22,176,203,1.1576354679802956,0.03002042299544761,637,Please try not to rake your trash on our side of the line
465,2912,5,24,187,216,1.1574074074074074,0.028848168036388917,637,Is this movie Tree-D?
1839,2912,3,28,185,216,1.1574074074074074,0.027314541086819525,637,"The Rake's Progress"" 
Act On"
2873,2912,3,28,185,216,1.1574074074074074,0.027314541086819525,637,"If you ask me, call it ""Deja vu on a Sea of Green"" ."
1266,2915,3,25,169,197,1.1573604060913705,0.028842903265194102,637,No one wants to see The Rake's Progress
1888,2916,4,28,197,229,1.1572052401746724,0.02709844386456713,637,Raking the green carpet is never as glamorous.
583,2917,4,25,181,210,1.1571428571428573,0.02856573194519879,637,Mr. Anderson..I see you've chosen the green pill.
1805,2917,3,27,180,210,1.1571428571428573,0.027756667216073557,637,You got something against leaf peepers?
2879,2917,3,27,180,210,1.1571428571428573,0.027756667216073557,637,"I waited so, so much time just to see you raking leaves?"
1265,2920,4,30,208,242,1.1570247933884297,0.026199510534325978,637,"As Gloria Swanson so famously said, “Leaf me alone!”"
3761,2921,4,24,176,204,1.1568627450980393,0.029063588393549045,637,"If you had gone for the VIP section, there wouldn't be any leaves to pick up."
394,2922,5,24,188,217,1.1566820276497696,0.028724080036366097,637,Do these stanchions really keep the leaves contained?
1446,2922,7,20,190,217,1.1566820276497696,0.03017302717580355,637,"It's time to follow that lead we told you about at the Saudi embassy, Mr. Mueller."
1990,2922,6,22,189,217,1.1566820276497696,0.02945746376461613,637,I told you that a red carpet fence would never work!
2985,2922,5,24,188,217,1.1566820276497696,0.028724080036366097,637,You’ll never make it on Broadway with that attitude!
606,2926,1,29,168,198,1.1565656565656566,0.026862486991427795,637,...And here is our newest model Dad-O-Tron - now with 50% more yard-raking
1539,2926,5,21,172,198,1.1565656565656566,0.030441581088402538,637,Really? Roping off? I'm just a fan of your raking.
2906,2926,4,23,171,198,1.1565656565656566,0.029587424629604,637,Does this Airbnb have a spa?
1320,2929,5,26,199,230,1.1565217391304348,0.02768356323295996,637,Your costume is excellent...but your movements are not rake-esque!
592,2930,5,23,183,211,1.1563981042654028,0.029222553437574707,637,"You seem pretty authentic, but the squirrels are more convincing."
1211,2930,7,19,185,211,1.1563981042654028,0.030728337173803855,637,"So I gather ""rustle"" and ""tine"" don't refer to Crowe and Daly."
2902,2930,4,25,182,211,1.1563981042654028,0.028439780086779436,637,"What's next, a red carpet?"
2236,2933,3,29,192,224,1.15625,0.02667035536961065,637,"Sir, unless y9u can produce a small pile of leaves, you will  have to move to the back of the yard please."
852,2934,7,23,207,237,1.1561181434599157,0.028434953924043955,637,Strike a pose!
2494,2935,4,28,199,231,1.155844155844156,0.02688047534237871,637,The whole reason I set up this rope was to keep people off my lawn.
748,2936,4,27,194,225,1.1555555555555554,0.027297434161777517,637,"Remember, Jim, these are famous leaves you are raking here, so show a little feeling, will you?"
3409,2936,3,29,193,225,1.1555555555555554,0.02656063576298652,637,I don't think Nat King Cole had this in mind!
3654,2936,8,19,198,225,1.1555555555555554,0.030064598293453666,637,"You missed a leaf, here to my left"
379,2939,2,33,203,238,1.1554621848739495,0.024997925368537757,637,"Dad, I am really proud of you for finding this gig with ""The Yard Work Museum,"" as a re-enactor."
918,2939,5,27,206,238,1.1554621848739495,0.027041966188131917,637,I spent a Lot of money to drive all the way up here to watch you work those leaves. Think you could put a little more Joy into it?
2876,2941,3,26,177,206,1.1553398058252426,0.027966492506922708,637,"Your performance is mistitled. Its Sisyphus when you put the leaves back on the tree.
by Bill Mass, Boston, MA"
1894,2942,6,19,175,200,1.155,0.03097859530117805,637,"And here is a lifesize replica of the first European to visit North America, Leaf A-rake-son."
497,2943,7,19,187,213,1.1549295774647887,0.0304567511973859,637,This live installation of 'American Gothic' is lacking empathy of a sort
998,2943,7,19,187,213,1.1549295774647887,0.0304567511973859,637,My club's not open to rakes like you.
3090,2943,6,21,186,213,1.1549295774647887,0.02972074680843117,637,Greatest art performance I've seen all year.
3788,2943,5,23,185,213,1.1549295774647887,0.02896604716219104,637,"If you don't clean up every one of those leaves by the end of fall, I'll watch you shovel snow all winter."
3701,2947,5,25,196,226,1.154867256637168,0.027899118032213864,637,So you think you are the only American who still knows how to deal with leaves without blasting the neighborhood with a power blower.
2981,2947,4,27,195,226,1.154867256637168,0.027185095552717958,637,Need some help?
513,2947,2,31,193,226,1.154867256637168,0.025697600796191374,637,"Your plan to make money raking leaves may work, but we'll have to wait for more leaves to drop before starting the tours."
496,2947,7,21,198,226,1.154867256637168,0.029274964056432092,637,"I'm sorry, Mr. Weinstein is looking for someone younger."
815,2951,3,31,205,239,1.1548117154811715,0.02559786384383007,637,For better coverage pull the rake slightly away from your lower hand.
2846,2952,6,20,181,207,1.1545893719806763,0.030262806207194716,637,Make like a tree and leaf.
3138,2952,6,20,181,207,1.1545893719806763,0.030262806207194716,637,A fence wasn't intrusive enough.
2225,2954,6,24,203,233,1.1545064377682404,0.0280191086565964,637,2020 History Museum
442,2955,7,17,177,201,1.154228855721393,0.031630211592541965,637,"You know, leaves can't enter my yard unless they bring chicks."
2204,2956,4,25,185,214,1.1542056074766356,0.028068445490463678,637,"Hey, Greg, I've been working on my stand-up routine..."
2415,2956,1,31,182,214,1.1542056074766356,0.025616532265593288,637,"Could I learn to do that, too?"
2042,2958,6,23,198,227,1.1541850220264318,0.02847724111721813,637,"The A-List celebrities are waiting to see you, Mr. President."
3175,2959,4,29,207,240,1.1541666666666666,0.0261739145502231,637,I missed the Hollywood premier of Dumb and Dumber 5 but this is the next best thing.
3439,2960,5,22,181,208,1.1538461538461537,0.029345060062909416,637,Wake me when you get to the main event.
2859,2960,1,30,177,208,1.1538461538461537,0.025987074026622172,637,"You're trending on Instagram, but your blog traffic is flat."
2856,2960,2,28,178,208,1.1538461538461537,0.02686594777544235,637,Say the word.  I'll make them an offer they can't refuse.
2293,2960,5,24,192,221,1.1538461538461537,0.028238141804946597,637,For twenty bucks I'll rake the lawn and give you a tip on a ready to win horse
1942,2960,5,22,181,208,1.1538461538461537,0.029345060062909416,637,There are two types of people.  The rakers and the reapers.  The reaping is oh so sweet.
867,2960,4,26,191,221,1.1538461538461537,0.027500133042283454,637,these Oscar campaigns are getting out of hand
288,2960,5,22,181,208,1.1538461538461537,0.029345060062909416,637,"Not very modern, Art."
225,2967,5,25,198,228,1.1535087719298245,0.027670455147610018,637,"Ah, early November...time to ""clean the yard"" again, if you know what I mean."
2447,2968,3,27,185,215,1.1534883720930234,0.02715795510634306,637,You want me to LEAVE you alone?!
2615,2968,3,27,185,215,1.1534883720930234,0.02715795510634306,637,Raking felt good or at least until the comment from his audience.
1058,2970,4,23,175,202,1.1534653465346534,0.029040861103800077,637,"Rules are rules, Carl. You gotta rake it in to join this neighborhood association party."
2819,2971,4,19,153,176,1.1534090909090908,0.03165251397734761,637,You want a separate line for VIP's?
785,2972,5,26,204,235,1.1531914893617021,0.02713349779750818,637,Show me the ropes?
3286,2973,6,22,194,222,1.1531531531531531,0.028834942892485744,637,"They say,""good leaf blowers make good neighbors."""
985,2974,3,26,180,209,1.1531100478468899,0.027593851658624897,637,"Dad, nobody is coming to watch your oak leaves turn brown."
3300,2974,8,16,185,209,1.1531100478468899,0.031487358957654143,637,"Good fences make good neighbors, they said..."
934,2976,1,28,167,196,1.153061224489796,0.026779016630432712,637,When does the premiere of fall begin?
3497,2977,3,31,208,242,1.1528925619834711,0.025303946103239675,637,"New owner?  Don't expect the velvet ropes and stanchions to control the left-leaning, leaf-peeping mob."
2094,2978,4,27,198,229,1.1528384279475983,0.02685351268364036,637,"So what was it got you in, the hipster rake?"
916,2979,1,31,184,216,1.1527777777777777,0.025398771958440064,637,"Rake it, don't shake it baby"
91,2980,5,21,177,203,1.1527093596059113,0.029738987881073306,637,Leaves are less on the other side of the fence!
3551,2980,7,17,179,203,1.1527093596059113,0.03133614687024366,637,"I hope he just rakes, like, a tree and leaves."
148,2982,6,22,195,223,1.1524663677130045,0.02871356160283788,637,"It’s not your fault, Simon."
3174,2982,3,28,192,223,1.1524663677130045,0.02651926072320823,637,This is America.
3402,2982,5,24,194,223,1.1524663677130045,0.028001240622190452,637,"NOT MY FAULT, IT WAS A SOUTH EAST WIND"
2227,2985,4,24,182,210,1.1523809523809523,0.028289027394835672,637,How come all of your leaves are gray?
2705,2986,3,24,170,197,1.1522842639593909,0.02853127711806526,637,The Rake-inator 5.0 with integrated social media applications can be yours for only 1021$
3258,2987,5,25,200,230,1.1521739130434783,0.02744548181507262,637,"Hurry up, Neighbor, or the full wall gets built here next week!"
1591,2988,3,27,187,217,1.152073732718894,0.02692557318426744,637,"I'm sorry sir, but your not on the list."
3005,2988,4,25,188,217,1.152073732718894,0.02770660370398092,637,"Yes, your neighbor hired me 24/7 again this year. It's a good gig until the snow falls."
3226,2988,4,25,188,217,1.152073732718894,0.02770660370398092,637,I'll admit the orange one by your left foot is mime.
3660,2991,5,28,217,250,1.152,0.02604413924004823,637,My leaf blower could speed up that job for you.
3778,2992,6,17,168,191,1.1518324607329844,0.03175619208012336,637,"Sir, you should have done the honey-do-list last weekend when she gave it to you. Now I will be with you till you do last weeks and this weeks."
3139,2993,6,22,196,224,1.1517857142857142,0.02859319118329532,637,Shia LeBeouf's performance art has really gone downhill.
647,2994,2,23,153,178,1.151685393258427,0.02922239339869601,637,You''ll rake it in at these prices.
3285,2995,3,26,182,211,1.1516587677725119,0.02735084266897032,637,Sorry but this is for Evergreen Club members only.
1946,2996,3,24,171,198,1.1515151515151516,0.028397231283456205,637,Keeping the inner critic at bay
2730,2996,7,21,203,231,1.1515151515151516,0.02867845509926684,637,This is the way they do it at Rockefelller Center!
2803,2996,2,31,198,231,1.1515151515151516,0.025184046683540295,637,Your raking is below par today.
3517,2996,4,22,172,198,1.1515151515151516,0.029286121414680257,637,"How would you like a job in my nightclub, raking in the cash?"
2345,3000,6,21,191,218,1.151376146788991,0.029080159398705317,637,It rakes the leaves into a pile or it gets the fine again.
3079,3000,8,17,193,218,1.151376146788991,0.030499369517178618,637,Fool.  America was never going to be great for you 99ers.  Rake!
2675,3002,3,22,160,185,1.1513513513513514,0.02956905626148944,637,"The choral-accompanied dramatic reading by Alec Baldwin of ""Leaves of Grass"" commences in four minutes."
616,3003,5,26,207,238,1.1512605042016806,0.026813748189197344,637,You're supposed to drain the swamp.
1734,3004,4,26,195,225,1.1511111111111112,0.027044284018253553,637,So this is what a hamster feels like...
1621,3004,5,24,196,225,1.1511111111111112,0.027768252335040898,637,"...Can I vote now or must I wait till you've cleared the detritus of  the last 18 months ? """
3751,3004,9,16,200,225,1.1511111111111112,0.030492720384915857,637,So I stole your eyebrow and hung it under my eye. Get over it.
341,3004,4,26,195,225,1.1511111111111112,0.027044284018253553,637,leaf me alone.
391,3004,3,28,194,225,1.1511111111111112,0.026300394642997754,637,I’ll bet he just rakes in the cash.
692,3009,2,26,171,199,1.150753768844221,0.027351765084037236,637,"Remember, no cutting in line."""
436,3010,3,27,189,219,1.1506849315068493,0.02669709835430511,637,"Nice try, but no leaf peepers admitted without a backyard pass."
804,3010,9,15,195,219,1.1506849315068493,0.03104973546146992,637,"Maybe I am your mysterious neighbor in dark glasses, or maybe my eyes are  gouged  out. Either way..."
2772,3010,5,23,191,219,1.1506849315068493,0.028222663430336407,637,"-Gotta clean this up.
-""That what CNN want's you to think."""
363,3013,6,19,181,206,1.1504854368932038,0.030129152672852526,637,"'Sir, your ""flashback to a simpler time"" is now in direct conflict with a special call meeting of the board, roasted duck a l'orange, and a tete a tete with Oo-Prah.'"
1708,3014,5,24,197,226,1.1504424778761062,0.02765319562302764,637,"If you cut the trees down, you won’t have to deal with the leaves."
2860,3014,5,24,197,226,1.1504424778761062,0.02765319562302764,637,Do you own those leaves?
1085,3016,4,24,185,213,1.1502347417840375,0.0279169041229005,637,We can't let you in until we see a licence for that thing.
2660,3016,5,22,186,213,1.1502347417840375,0.02869920623389809,637,There's no place for leaves in my art gallery.
3075,3016,7,18,188,213,1.1502347417840375,0.030203083348443203,637,"They lazy, neglectful schmuck in the family inherits the garden cottage... that’s life!"
522,3019,6,21,193,220,1.15,0.028831541466119673,637,With that pace you might win Best Slacker in a Fall Oriented Cartoon.
2289,3019,3,27,190,220,1.15,0.026584295779035563,637,"So your're the last man raking.  Leaf blowers, eh?"
185,3021,2,33,212,247,1.1497975708502024,0.0241567198987321,637,I thought the gallery would help me rake it in faster
2844,3022,6,19,182,207,1.1497584541062802,0.029992059954336577,637,"Dad, Seraphina keeps asking when you're going to come over and fix that drain."
1049,3022,4,23,180,207,1.1497584541062802,0.02838519736999764,637,Mother Nature is one fickle bitch.
12,3024,5,22,187,214,1.1495327102803738,0.028573408531598014,637,"Dad, I be-leaf you are trying to rope us out of your life."
313,3024,6,20,188,214,1.1495327102803738,0.029331154837349674,637,You don't want to know what happened to the Minneapolis janitor who missed than one piece of toilet paper.
3747,3024,2,28,184,214,1.1495327102803738,0.026168851105401045,637,"I know you said those monks in Tibet do this, but are you sure they have Maples over there?"
1180,3027,5,19,170,194,1.1494845360824741,0.030427464184870044,637,Westworld's new Upstate New York installment really nailed the righteous indignation piece.
1910,3028,8,20,213,241,1.1493775933609958,0.028391164225310253,637,"Ah -- my favorite live action performance:
Rake, Rake, Rake, Señor - Ha!
Rake it all the time."
2526,3029,2,29,190,221,1.1493212669683257,0.025683738551023433,637,"You missed one.""
""Ugh, I hate this time of year..."
2712,3029,8,17,196,221,1.1493212669683257,0.030107581063167813,637,the rake will only progress this far!
2824,3029,4,25,192,221,1.1493212669683257,0.027238302011382644,637,"Like fallen leaves, the stock market continues to drop."
2191,3032,5,20,176,201,1.1492537313432836,0.02972610795281523,637,"I could’ve sworn you said:
“Fake it ‘til you make it.”

David B. Smith
Miami Beach, Florida"
1775,3033,4,26,198,228,1.1491228070175439,0.02671211465519743,637,This is phenomenal. Truly inspired technique. The most amazing raking the Dad Olympics has ever witnessed.
2361,3033,2,30,196,228,1.1491228070175439,0.025224023153055525,637,Work in peace?  You missed a leaf to your left.
2832,3033,6,22,200,228,1.1491228070175439,0.02812157169645654,637,"Abort! Repeat, abort! Mission 'Sudden Wind' may crush gardener's soul. Abort!"
3724,3036,5,21,182,208,1.1490384615384615,0.02906788004361707,637,"In this scene, think: ‘bare ruined choirs, bare ruined choirs,’ and just wing it."
1744,3037,2,24,162,188,1.148936170212766,0.028135537423251606,637,I'm here to prevent another gardener heist.
2634,3038,3,26,186,215,1.1488372093023256,0.026877332211225097,637,I hope you won't just leave me out here
1194,3038,3,26,186,215,1.1488372093023256,0.026877332211225097,637,Your raking leaves some room for improvement.
1264,3040,6,17,172,195,1.1487179487179486,0.03114146157121438,637,"Sweet, my first fan! Soon I'll be raking it in."
1169,3041,6,21,195,222,1.1486486486486487,0.028587112398481388,637,This reminds me of American politics.
1736,3041,5,23,194,222,1.1486486486486487,0.02786500042412181,637,Man Willie Nelson is serious about his grass.
1272,3043,5,24,200,229,1.148471615720524,0.02731363624772106,637,"Your big break is coming, buddy. Just keep beleafing in yourself - okay I'm done, I swear."
1893,3043,3,28,198,229,1.148471615720524,0.025873229103591962,637,"Suburban Living, with Manhatten flavor."
1944,3043,6,22,201,229,1.148471615720524,0.028006072475192836,637,"Next time, use a broom on the red carpet."
3649,3043,5,24,200,229,1.148471615720524,0.02731363624772106,637,"Speed it up, Bobby. Matinee leaf peeper screening starts ten."
41,3047,2,27,180,209,1.1483253588516746,0.02644512667353145,637,It should have been a red leaf carpet.
2096,3047,3,25,181,209,1.1483253588516746,0.027301123598363453,637,"Oh, you pull backwards, yeah!"
2223,3049,6,20,190,216,1.1481481481481481,0.02907534957729241,637,"The President will be arriving in two minutes, his lawn must be spotless!"
3039,3049,4,28,211,243,1.1481481481481481,0.025642333689777475,637,Roue! Rake!
397,3051,3,31,216,250,1.148,0.02455188751853697,637,Keep your leaves to yourself!
2980,3052,3,27,193,223,1.147982062780269,0.02625148657068915,637,will Trump fall with the Autumn leaves - coming to you with from cable news
1620,3052,1,31,191,223,1.147982062780269,0.024664595275308263,637,Welcome to The Neighborhood. Looks like there it goes.
2706,3052,5,23,195,223,1.147982062780269,0.027747771698775864,637,"You can broil them,sauté them , grill tgem , you can make shrimp gumbo , shrimp scampi ..."
1316,3055,5,19,172,196,1.1479591836734695,0.03013539292400517,637,"'Your property, your rake, but My Leaves'"
2298,3055,6,17,173,196,1.1479591836734695,0.03099145899181541,637,"Nelson's display of ""Sharing Before Social Media"" was liked only by his creepy neighbor."
931,3057,2,30,198,230,1.1478260869565218,0.025020937897544886,637,The Night of the Leaving Rake
757,3058,6,23,208,237,1.1476793248945147,0.02734765608938244,637,Exciting...I’ve never made it theough a rope line.
2512,3059,3,25,182,210,1.1476190476190475,0.027179986037657918,637,Someone is already clearing the swamp
3312,3060,4,24,189,217,1.1474654377880185,0.027435593086776892,637,"He says he raked with you in college, but I think he's just a hoe."
681,3061,2,29,193,224,1.1473214285714286,0.025365044987734543,637,Serial killers also do mundan tasks!
2038,3061,5,23,196,224,1.1473214285714286,0.027631518559935637,637,"The ropes are to keep the crowds back from Mr. Sinatra, just in case."
3335,3061,3,27,194,224,1.1473214285714286,0.02614237831814888,637,So those leaves don't have a VIP pass either.
1945,3064,4,26,201,231,1.147186147186147,0.02638794354927031,637,"Paul, you want people to pay to watch you tame ferocious leaves?"
2527,3064,1,32,198,231,1.147186147186147,0.024153530115623267,637,He raked angrily because his father refused to let him go out until he had finished his chores.
976,3066,3,29,206,238,1.1470588235294117,0.02521156137452911,637,It's cool. I'm neighborhoods with the owner.
2453,3067,6,19,186,211,1.146919431279621,0.02945587094094241,637,"Easy big fella, leaf some for me."
1742,3067,4,23,184,211,1.146919431279621,0.027881450048991157,637,When you're done you can leaf
231,3069,5,27,220,252,1.1468253968253967,0.02563537142985485,637,Where are my seats? Behind the left field fence. By the ground crew. Why?
96,3070,6,20,192,218,1.146788990825688,0.028823941546163835,637,"Mr. Phillips, I’m investigating a robbery at The Met. I have a... number of questions."
1202,3070,4,24,190,218,1.146788990825688,0.027317828170727164,637,"And why is your latest work work entitled like last year's, 
""LEAVES ME ALONE""?"
1897,3070,3,26,189,218,1.146788990825688,0.02653273074562298,637,"So, when did you join Theater of the Leaf?"
2715,3070,6,20,192,218,1.146788990825688,0.028823941546163835,637,"Land Scape"" will be the hottest club in the neighborhood"
2867,3070,3,26,189,218,1.146788990825688,0.02653273074562298,637,"You're really raking it in, inside the ropes."
733,3075,4,25,196,225,1.1466666666666667,0.02678544973414331,637,"Frank usually got along with his neighbour, Hanz except when the former German fashion designer would critique him every Fall season on his wardrobe."
1871,3075,5,23,197,225,1.1466666666666667,0.027516228977511756,637,"You don’t fool me.  You want to get in the VIP section. But, you know I won’t let you."
557,3077,4,26,202,232,1.146551724137931,0.026281614638606392,637,I'd stay away from Banksy if I were you.
3163,3078,6,23,210,239,1.1464435146443515,0.02713234113832717,637,"I’d help you, but have I told you yet how I broke my collarbone falling off an electric scooter"
2519,3079,1,34,211,246,1.146341463414634,0.0233041750486562,637,Our bonfire is vanities-only.
3399,3079,4,22,179,205,1.146341463414634,0.028349190753761154,637,What a ripoff! Eleven bucks for a show about a former Senator that rakes leaves to pay vet bills for his cat Roy.
128,3081,4,24,191,219,1.1461187214611872,0.027201062535323974,637,"This ladies and gentlemen,is a man racking leaves ,in the fall season on earth the leaves would turn colors and jump off the trees, here on mars we dont have to worry our fabricated trees do not fall apart."
3101,3082,3,28,202,233,1.145922746781116,0.02545960049547935,637,Hurry up - the VIPs are coming.
3230,3082,4,26,203,233,1.145922746781116,0.026176132744111815,637,Your arrogance is beyond 'be-leaf'
109,3084,4,22,180,206,1.145631067961165,0.028220180589383134,637,Fall arriving does not qualify as a red-carpet event.
1170,3084,3,24,179,206,1.145631067961165,0.02736820957971962,637,Robert Smithson's early retirement plan.
1793,3084,4,22,180,206,1.145631067961165,0.028220180589383134,637,The mower the better.
2050,3084,5,20,181,206,1.145631067961165,0.02904717351818136,637,No wonder the gift shop sells mowers.
2356,3084,1,28,177,206,1.145631067961165,0.02557927875847122,637,Not a great turnout for your demonstration on the fall-out of tariffs...
3245,3084,3,24,179,206,1.145631067961165,0.02736820957971962,637,"Jerry, that's not the kind a rake I meant, when you said your wife left you."
3280,3084,5,20,181,206,1.145631067961165,0.02904717351818136,637,I respectfully reccomend Deus ex machina in the form of a leaf blower.
94,3091,1,29,183,213,1.1455399061032865,0.02511743298199249,637,...So this is what I missed?...”
3027,3091,3,25,185,213,1.1455399061032865,0.026822886587801766,637,"Forgive me darling, but a true drama queen is everywhere and at all times onstage!"
3418,3093,5,22,193,220,1.1454545454545455,0.027841041459855956,637,We have already raked it in
200,3094,3,27,197,227,1.145374449339207,0.02582038339345431,637,"Falling for that 'leave no stone unturned"" thing again?"
1997,3094,5,23,199,227,1.145374449339207,0.027288493332967644,637,"Agent Smith here. Do you think those are real leaves you're raking, citizen?"
2762,3096,4,26,204,234,1.1452991452991452,0.026071487876541313,637,"Yeah, we'd sponsor him."
2536,3097,3,29,209,241,1.1452282157676348,0.024919306995509698,637,Maybe because I am not yet in the Autumn of my life ...?
599,3098,7,14,172,193,1.145077720207254,0.031996828896452986,637,Crazy is as crazy does
3031,3099,4,22,181,207,1.144927536231884,0.028092331164161825,637,Why not just use a leaf blower? -- Oops!
3542,3099,2,26,179,207,1.144927536231884,0.02636996093410339,637,"Nice try, neighbor, but it won't work. Fifi is only 14 inches tall."
774,3101,3,25,186,214,1.144859813084112,0.026705912799861287,637,Good now to do the house
3602,3102,2,28,191,221,1.1447963800904977,0.025399528978676512,637,"Come on Harry, it is supposed to be red carpet not yellow and orange!"
118,3103,5,23,200,228,1.144736842105263,0.027176024170502026,637,"this crime scene is blocked sir""
""just let me clean up the mess"
1532,3104,5,24,206,235,1.1446808510638298,0.026658772380273574,637,"Honey, its a red velvet rope. I can still see you."
2212,3104,4,26,205,235,1.1446808510638298,0.02596767020136829,637,You got one between your legs
3489,3106,4,20,170,194,1.1443298969072164,0.029215643758932694,637,It's important to line up early. Very early.
454,3107,2,27,186,215,1.1441860465116278,0.025759589600420275,637,"Yes, yes that’s it. Rake it all off”"
1609,3107,3,25,187,215,1.1441860465116278,0.0265899467376318,637,Don’t even try to mend the wall.
1651,3107,4,23,188,215,1.1441860465116278,0.02739514699062795,637,"For what it's worth I heard the Caravan was going on to Canada."""
2271,3110,5,22,195,222,1.1441441441441442,0.027605138784688378,637,"Pull a little to the right, push a little to the left. Up and back. Let's get this done!"
81,3110,6,20,196,222,1.1441441441441442,0.028333874319778546,637,"You are not on the list, so you will not get in Sir."
2602,3112,5,23,201,229,1.1441048034934498,0.02706447235625324,637,Maintain good crowd control and don't have them cut in line.
1074,3113,8,18,210,236,1.1440677966101696,0.028517174874215782,637,Don't cross the line...I told you to leaf me alone!
2348,3113,5,24,207,236,1.1440677966101696,0.026552649260458073,637,"For reasons of national security, Mr. President, please don't try to jump in that pile."
1043,3115,4,18,159,181,1.143646408839779,0.030478682267268416,637,The “Red Leaf Carpet” was a nice touch.
1998,3116,2,25,175,202,1.1435643564356435,0.026650083045699893,637,Google Glasses?
2784,3117,3,24,182,209,1.1435406698564594,0.027001146692611295,637,Any fear of a job?
268,3118,4,23,189,216,1.1435185185185186,0.027276192054849727,637,My mother could do better!
2336,3118,5,21,190,216,1.1435185185185186,0.028054535732197336,637,"That’s right, all of them. 
It’s not a dance flora."
2997,3118,5,21,190,216,1.1435185185185186,0.028054535732197336,637,When you're done here you need to go hose out the mosh pit.
1321,3121,4,24,195,223,1.1434977578475336,0.026743744810631145,637,"You're interesting, but I'm waiting for the Mower Monster."
3330,3122,6,21,203,230,1.1434782608695653,0.02764925060940209,637,I thought you said the Kardashians would be here by now !!
3440,3122,4,25,201,230,1.1434782608695653,0.026239979016582038,637,How many couch potatoes have you converted ?
1516,3122,4,25,201,230,1.1434782608695653,0.026239979016582038,637,Aleaviating your boredom?
2938,3122,5,23,202,230,1.1434782608695653,0.02695382679743442,637,The whole hard will look better once you do the lobby.
331,3126,3,20,159,182,1.1428571428571428,0.02930276442739964,637,I learned this watching the baseball playoffs ... Your exit  velocity and launch angle are all wrong.
461,3126,2,24,170,196,1.1428571428571428,0.02706659809803834,637,Need a hand?
624,3126,2,28,194,224,1.1428571428571428,0.02508336972958259,637,"When the hurricane hits, you'll need more than that rake."
860,3126,5,21,191,217,1.1428571428571428,0.027932783813591096,637,You're disturbing insects.
1489,3126,2,25,176,203,1.1428571428571428,0.02652790545386454,637,#raketoo
1902,3126,3,25,189,217,1.1428571428571428,0.026360986638602934,637,Why are you raking around the leaves ?
3702,3126,5,18,173,196,1.1428571428571428,0.02982593844076525,637,Stop racking your brain. Everything will soon fall into place.
1889,3133,3,27,202,232,1.1422413793103448,0.02530085965103123,637,"Isn't the next ""old-fashioned bonfire"" scheduled for now?"
2461,3133,2,29,201,232,1.1422413793103448,0.024552280876630094,637,I guess the Rake Awards wasn't such a great idea!
604,3135,2,28,195,225,1.1422222222222222,0.024979709579027492,637,"Donovan, I am sincerely sorry but until you start raking in more donations for our leaf club, you are kicked out."
619,3136,5,21,192,218,1.1422018348623852,0.02781207779421129,637,"They're not good to eat, you know."
2472,3137,2,26,183,211,1.1421800947867298,0.025904794684412626,637,"REMEMBER WHEN I SAID HEMLOCKS YOU SAID ""NOPE, POISONOUS"". YEAH, BUT THEY DON'T  SHED!"
3391,3137,1,28,182,211,1.1421800947867298,0.025018430198836202,637,"Touché, Harrington. Touché..."
2165,3137,6,18,187,211,1.1421800947867298,0.029182264129976373,637,"You hear that,Mr. Anderson? That is the sound of inevitability. Or leaves. No,it is the sound of your death. Goodbye,Mr. Anderson."
954,3137,5,20,186,211,1.1421800947867298,0.028398380265856227,637,"You know, for really relaxing exercise you should try reiki instead."
735,3137,5,20,186,211,1.1421800947867298,0.028398380265856227,637,Throwing up these barriers won’t change my love for you fuckhead.
11,3137,4,22,185,211,1.1421800947867298,0.027592235569026284,637,However you dress it up autumn is gloomy.
3613,3143,6,17,181,204,1.142156862745098,0.029841272913866665,637,"You're a chump! If you were more selective and don't let the leaves in in the first place, you wouldn't have to rake them up."
2897,3144,3,27,203,233,1.1416309012875536,0.02519943400854217,637,Mr. Anderson . . . will you choose the red lawn or the green lawn?
256,3145,5,22,199,226,1.1415929203539823,0.02714505503322086,637,You were so right that day. This nightclub for squirrels is gonna be nuts!
2652,3145,3,26,197,226,1.1415929203539823,0.02565523882614619,637,They’re just seasonal allergies.
3166,3145,6,20,200,226,1.1415929203539823,0.027860103724171314,637,"I know how you feel, buddy -- my wife's a rake!"
230,3148,5,21,193,219,1.1415525114155252,0.02769240434925574,637,"Maybe next year the wind pattern will go your way. Frank Buckley Boston, MA"
595,3148,7,17,195,219,1.1415525114155252,0.029165954968169403,637,I’m getting ideas for a Seinfeld reboot. Roseanne will play an aged Elaine.
1060,3148,1,29,189,219,1.1415525114155252,0.024480643731680414,637,You wield a rake like an expert.
2008,3151,7,16,189,212,1.1415094339622642,0.029811592413560007,637,"All right, all right!  If you don’t want my advice, I’ll just leaf you alone."
2276,3151,7,16,189,212,1.1415094339622642,0.029811592413560007,637,I don't care how famous a performance artist you are--this museum does not tolerate horticultural appropriation!
848,3151,2,26,184,212,1.1415094339622642,0.025791033986193593,637,I thought Jimmy Carter raked his own leaves.
955,3151,4,22,186,212,1.1415094339622642,0.027469963184159663,637,Is this the world that we live in? Is this the Westworld that a man like me deserves?
648,3155,4,21,180,205,1.1414634146341462,0.028047220965939507,637,Excuse me but is this Bernie's Green Carpet event?
1179,3155,3,23,179,205,1.1414634146341462,0.027181291291261265,637,Standing room only? I thought there'd be more of them.
1397,3155,3,23,179,205,1.1414634146341462,0.027181291291261265,637,I'll keep ICE off your ass so long as you keep doing my lawn.
3569,3155,3,23,179,205,1.1414634146341462,0.027181291291261265,637,I don’t really care that they’re only on your side of the stanchion.
192,3159,3,22,173,198,1.1414141414141414,0.027751545649118196,637,Do you think the president will notice if you don't have a band too?
377,3160,2,30,209,241,1.1410788381742738,0.02395943707316553,637,It will be your turn next. Manual labor is good for the soul.
929,3161,6,21,207,234,1.141025641025641,0.027202898488663793,637,Guess Phil took the Blue Pill
1473,3162,1,30,196,227,1.1409691629955947,0.02397522972908853,637,I'm sorry you have to rake my leaves.
1156,3163,4,23,193,220,1.1409090909090909,0.0268104589565478,637,"When the tour arrives you MUST be whistling ""Beauty and the beast "" and raking!"
2575,3164,4,22,187,213,1.1408450704225352,0.0273487626920129,637,"Hey Mister , don’t you know you’re supposed to leave the leaves?"
3746,3164,3,24,186,213,1.1408450704225352,0.02652666428587358,637,"Don't worry Fred, we'll get 5 out of 5 stars this time for sure."
1634,3166,4,21,181,206,1.1407766990291262,0.02791918402398904,637,You have taken leaf-raking to a new level.  You should be proud.
2024,3166,3,23,180,206,1.1407766990291262,0.027057737149795525,637,"I don’t care what Lin Manuel Miranda says, this will never be a hit on Broadway."
2822,3168,4,20,175,199,1.1407035175879396,0.028524935286308884,637,"Yep Ralphie, you gotta way of making 
the everyday mundane 
seem Sexy!"
234,3169,1,24,160,185,1.1405405405405404,0.026743518903603786,637,"If you use a ""wider"" rake you will get done much faster."
19,3170,1,30,197,228,1.1403508771929824,0.02387784978851584,637,My leaves request your presence.
2669,3170,4,24,200,228,1.1403508771929824,0.02619313456829335,637,The compost pile is unavailable.
1778,3172,4,23,194,221,1.1402714932126696,0.026696483972373425,637,You must stay within the lines.
2746,3172,5,21,195,221,1.1402714932126696,0.027456102996240628,637,"The leaves may be red, but your carpet is not."
1382,3174,0,30,184,214,1.1401869158878504,0.023788440055827247,637,My yard is like the red carpet at the Oscars.
2864,3174,5,20,189,214,1.1401869158878504,0.028022753704527344,637,"I'm sorry, but that doesn't qualify as a pre-existing condition."
2553,3176,2,25,180,207,1.1400966183574879,0.02605010364475112,637,"Lemme guess. Proof, albeit minor, of your 'Punishing God' theory?"
1283,3177,3,21,169,193,1.1398963730569949,0.028082232368754918,637,Do you really think people are going to pay to hear you sing ‘Rake and Ramblin’ Man?
2141,3177,4,19,170,193,1.1398963730569949,0.02902729992543706,637,I heard you were the best in the yard.
2091,3179,5,23,208,236,1.1398305084745763,0.026308385422389162,637,You were marvelous in Risky Business
584,3180,4,24,201,229,1.1397379912663756,0.02608570413079081,637,"Sometimes you just gotta say ""what the heck."""
2568,3180,3,26,200,229,1.1397379912663756,0.02534084824125319,637,"Stand back, leave this one to the professionals."
2748,3182,4,23,195,222,1.1396396396396395,0.026583467689063972,637,VIP- very important leaf pile.
2600,3182,5,21,196,222,1.1396396396396395,0.027339449537666403,637,I  just mow and mulch mine.  It is better for the grass.
1401,3182,5,21,196,222,1.1396396396396395,0.027339449537666403,637,"Spring is coming, I’ll get my leaf blower."
2100,3182,6,19,197,222,1.1396396396396395,0.028075082327033474,637,Fred's snarky neighbor lived in a disco of the mind.
1041,3186,4,21,183,208,1.1394230769230769,0.027666563733518768,637,"So when will Arnold be home?  The sign on the door just says, ""I'll be back."""
1785,3186,2,25,181,208,1.1394230769230769,0.025933308350566182,637,You've been leaf-duty served.
2264,3186,4,21,183,208,1.1394230769230769,0.027666563733518768,637,I don't want your leaves falling on my property.
308,3189,5,24,215,244,1.139344262295082,0.02573296275383224,637,"Hey, the boss is coming through. Rake some room! Rake some room!"
1153,3190,3,22,176,201,1.1393034825870647,0.027363184079601983,637,"It's called a ""found foliage"" movie and I think you're perfect for the role."
552,3191,4,24,202,230,1.1391304347826088,0.025979145616572698,637,just because you have a hundred followers...
1991,3191,5,22,203,230,1.1391304347826088,0.026699967925121495,637,It's all about leaves and not dollars per day.
3114,3191,4,24,202,230,1.1391304347826088,0.025979145616572698,637,You know the rule about overhanging limbs.
2554,3194,1,29,193,223,1.1390134529147982,0.02407358489278183,637,It's their 'Meet and Greet.'
839,3194,5,21,197,223,1.1390134529147982,0.027223777543584973,637,"Wake, bake, and rake!"
999,3196,5,20,191,216,1.1388888888888888,0.027777777777777773,637,Impatient dark tourist awaits the Burning Leaf Festival
2914,3196,2,26,188,216,1.1388888888888888,0.02534572886825975,637,Hurry up Conrad. Daylight Savings time's about to end on the planet Earth.
466,3196,4,22,190,216,1.1388888888888888,0.026991454502036657,637,"Make a red carpet of leaves."""
833,3196,3,24,189,216,1.1388888888888888,0.026181525814960162,637,"Exhibit A: what you get for ""protecting"" your border"
1994,3200,3,28,214,245,1.1387755102040817,0.024293852009325486,637,Is there a +1 with the cover charge?
1470,3201,4,21,184,209,1.138755980861244,0.027541949699695926,637,I'm glad to see you can finally afford a gardener.
2049,3201,3,23,183,209,1.138755980861244,0.026693676560312688,637,"If you’re gonna charge admission, I suggest live music and a dancing monkey."
2124,3201,3,23,183,209,1.138755980861244,0.026693676560312688,637,"Hi-di-ho, neighbor!!"
2858,3201,3,23,183,209,1.138755980861244,0.026693676560312688,637,"Hey, make like a celebrity and leave."
79,3205,5,23,210,238,1.138655462184874,0.0261000130715862,637,Next man up.
2135,3206,6,16,180,202,1.1386138613861385,0.029825862713859282,637,if you can remove the rake from the ground you shall know the location of my vast fortune
2771,3206,3,22,177,202,1.1386138613861385,0.027236117840084475,637,Ah-ha! No noisy leaf blower or ear plugs once you think I’m not around!
875,3208,5,22,204,231,1.1385281385281385,0.026590954383358865,637,A leaf blower would make this job so much easier.
310,3209,4,19,172,195,1.1384615384615384,0.02874663421392302,637,This is trite.
330,3210,4,23,197,224,1.1383928571428572,0.026360263608868877,637,"I know, I know, but ever since the completion of the wall we've had to expand the Camp David job descriptions for ""Personal Assistant"", ""Head of Security"", and yes even the ""Chauffeur""!  Suck it up!"
1332,3211,1,28,188,217,1.1382488479262673,0.024376739618366904,637,Agreed. It's choice architecture. But look who's raking it in.
1810,3212,4,25,210,239,1.1380753138075315,0.025311780635842066,637,Why can't you just leaf me alone so I can finish my job.
152,3212,4,25,210,239,1.1380753138075315,0.025311780635842066,637,'This exhibit on the Middle America Gaze is very in right now.'
1795,3212,6,21,212,239,1.1380753138075315,0.026664719282086063,637,Wow! Such stunning raking work.
1435,3215,3,22,178,203,1.1379310344827587,0.027110218238671848,637,"When you're done raking, don't forget to sweep the balcony."
3506,3216,5,21,199,225,1.1377777777777778,0.0269953291406951,637,Invalid password. Please try again.
3246,3217,4,19,173,196,1.1377551020408163,0.028608315129154127,637,That's no way to start taking your new leaf on life.
3767,3218,3,27,210,240,1.1375,0.024511439563111477,637,78.5% done after this section
38,3219,2,25,184,211,1.1374407582938388,0.02558907339592404,637,So you're out of leafy greens?
1559,3219,5,19,187,211,1.1374407582938388,0.028110679311332685,637,What is it with you guys who have to leave as soon as the credits start to roll?
3381,3221,4,17,161,182,1.1373626373626373,0.029958552139135,637,Nothing to see over here.
18,3222,4,20,180,204,1.1372549019607843,0.027865942286639328,637,Nice back door.
2971,3223,4,23,199,226,1.1371681415929205,0.026140753420525454,637,Metadata means we don't look at what you are doing; only when you are doing it.
2491,3223,5,21,200,226,1.1371681415929205,0.026882528827431924,637,"Thanks very much, but fellas STILL need a lady for entrance."
2323,3225,7,16,196,219,1.1369863013698631,0.028905730618632716,637,"Every time I enter the caption contest, I'm sure I'll ""clean up"". At least you have something to show for it!"
2171,3226,5,23,213,241,1.1369294605809128,0.02579353595860979,637,Cornering the pine cone market?
243,3226,1,31,209,241,1.1369294605809128,0.022956347941315267,637,What time does the floor show start?
3436,3228,3,20,167,190,1.1368421052631579,0.028143179919335584,637,In my galaxy we have a saying - don't sweat the small stuff
1214,3229,3,23,186,212,1.1367924528301887,0.026339216654779295,637,No shovels sir. Not after El Chapo!
2176,3229,2,25,185,212,1.1367924528301887,0.025476334358701527,637,Keep working on your downstroke and some day you’ll make it to my side of the rope line.
2382,3231,4,20,181,205,1.1365853658536584,0.027737759527206477,637,I hope Banksy won't shred this one
1423,3232,3,28,218,249,1.1365461847389557,0.023928464433359404,637,Dude -- I was booking with a Reiki master.
966,3233,0,30,190,220,1.1363636363636365,0.023189569675636467,637,There's no need to take your gardening leave so literally
1031,3233,2,26,192,220,1.1363636363636365,0.024915419775139617,637,When I was assigned to this detail I was expecting this rake to be more of a hellraiser.
1186,3235,1,27,185,213,1.136150234741784,0.024475923834689585,637,"And, what did the suburbanites do once they had a pile of that organic debris?"
3173,3236,10,11,207,228,1.1359649122807018,0.03006584207556558,637,"You are really going to rake it in, once you get past the velvet rope."
6,3237,4,20,182,206,1.1359223300970873,0.02761074390870481,637,"Ah, the Autumn Feeders of The Fall. Sometimes a rake is just a rake."
228,3237,4,20,182,206,1.1359223300970873,0.02761074390870481,637,"It’s okay if he eats or leaves, but not if he shoots."
885,3237,5,18,183,206,1.1359223300970873,0.028455454241498583,637,"You aren't going to ask me to act like a tree and 'leaf,' are you?"
1822,3237,6,16,184,206,1.1359223300970873,0.029275801833390652,637,Do you think I am an moron?  I can see the dirt from your escape tunnel.
2690,3237,2,24,180,206,1.1359223300970873,0.025838610361166872,637,"Those are real silver oak leaves, I say be careful and don't scratch them."
2588,3242,3,24,194,221,1.1357466063348416,0.025625696129824585,637,camp david. why?
382,3242,6,18,197,221,1.1357466063348416,0.027929953596399937,637,jesus look a this dumpy bitch
2318,3242,6,18,197,221,1.1357466063348416,0.027929953596399937,637,Hear my voice: Raking is better than voting.
554,3245,6,19,204,229,1.1353711790393013,0.027261531412501976,637,You've got to let me in. I'm Leif Raker.
117,3246,5,18,184,207,1.1352657004830917,0.028325266560573315,637,We also have a vacant tree house...
154,3246,4,20,183,207,1.1352657004830917,0.02748487966941339,637,"You know tonight's password, Timothy, just say it. Say, 'I'm Timothy and I'm a big, sweaty bear.'"
1854,3246,5,18,184,207,1.1352657004830917,0.028325266560573315,637,You suck.
2917,3249,2,26,194,222,1.135135135135135,0.024705656230853544,637,"And after you dispose of the nine leaves, ditch the hat and rake, put the sunglasses on, and return to your tree stand behind the velvet ropes. Use the duck call when you see the Sidewalk Snatcher's van."
2991,3249,5,20,197,222,1.135135135135135,0.02706776107731135,637,do not waste them. they are to be monetized.
3225,3249,4,22,196,222,1.135135135135135,0.026303972002177007,637,"Ahem, Sir, I believe the comment was 'raking in funds.'"
2252,3252,3,26,208,237,1.1350210970464134,0.02453869791406611,637,Civilian neighborly behavior personnel.
1649,3253,4,21,190,215,1.1348837209302325,0.026817085943900885,637,YOUNG MAN ARE YOU REMOVING THE TRASH OR PLAYING ?
3467,3253,3,23,189,215,1.1348837209302325,0.025993985600414393,637,Even for this far off Broadway we're not well attended... our matinees should have the best crowds.
1912,3255,2,27,201,230,1.1347826086956523,0.024190615076968694,637,"Hey,  this ""museum au naturale"" thing was your  idea, so  knock your  socks off, keep  raking and  I don't want to hear a peep out  of you in  January."
48,3256,4,18,171,193,1.1347150259067358,0.028688127707707387,637,Tom . . . Rakewell!
2920,3257,2,24,182,208,1.1346153846153846,0.025606163591401068,637,"Composting is essentially a one-out, one-in policy."
1843,3257,3,22,183,208,1.1346153846153846,0.026497674374881448,637,The winter leaves came blowing in across the yard .
2080,3257,6,16,186,208,1.1346153846153846,0.029008277223927213,637,Only raking the green ones is easier.
318,3260,4,22,197,223,1.1345291479820627,0.026192762203213364,637,Expecting a lot of company?
2470,3260,7,16,200,223,1.1345291479820627,0.028412289989519564,637,"Yes, the Roxy Theater gave you a good price, but it's as useless as Trump's ""wall""."
2215,3262,2,28,208,238,1.134453781512605,0.023705532196158945,637,You'll never rake here again.
1067,3263,3,23,190,216,1.1342592592592593,0.025880897897887795,637,"Look, my blower acts like the wind, it's natural."
1576,3263,4,21,191,216,1.1342592592592593,0.02669994753060355,637,You can stop pretending you are raking now and watch my version of “la vie en rose”
1660,3263,3,23,190,216,1.1342592592592593,0.025880897897887795,637,"Push, don't pull, Sir."
2647,3263,2,25,189,216,1.1342592592592593,0.02503506648412988,637,"Tidy-up now. Winter is pulling up sooner than expected."""
899,3267,6,19,206,231,1.1341991341991342,0.027037637095062503,637,"Face it. This place is empty. Your off Broadway show 'Raking' is a flop, and Rachel, Monica, Phoebe, Joey and I need you, Chandler Bing! Please sign on for just one movie...just one."
555,3268,5,23,218,246,1.1341463414634145,0.025298342854453367,637,Don't leave me standing here.
2055,3269,3,20,171,194,1.134020618556701,0.02759692550739593,637,We could go now and you would technically not be AWOL.
1561,3270,3,22,184,209,1.1339712918660287,0.026378451177147124,637,"'DON'T WORRY, WE'LL BE RAKING IT IN SOON ENOUGH"""
3706,3271,3,24,197,224,1.1339285714285714,0.025303310146046698,637,You rake the red leaf—you stay in Wonderland and I show you how deep the rabbit-hole goes.
1436,3272,2,21,164,187,1.1336898395721926,0.027160142435025736,637,Leaves need to spell out “Cluburbia” in cursive...
3739,3273,4,19,179,202,1.1336633663366336,0.02780542121451458,637,The life of a New Yorker
1378,3273,2,23,177,202,1.1336633663366336,0.025973527571328626,637,"Let me guess, is this the premiere of a new movie, Thr Fall of the House of Usher?"
3053,3275,3,23,191,217,1.1336405529953917,0.025768783617914594,637,"Rake nine more leaves, clean the windows  and gutters, then we'll talk about your seasonal change attitude."
2452,3276,2,27,203,232,1.1336206896551724,0.023995632743122827,637,A red carpet would look nice over there
472,3277,3,22,185,210,1.1333333333333333,0.026260289314208866,637,The matinee is in two weeks and the finale is in six.
509,3277,4,18,173,195,1.1333333333333333,0.028409849876515854,637,"Focus, Arbuthnot, always focus!!"
842,3277,2,24,184,210,1.1333333333333333,0.025377831433060907,637,"It's nothing personal, Harold. Your wife has a membership."
1452,3277,4,24,212,240,1.1333333333333333,0.02495928809675081,637,"Faster, faster;
You fool, you fool"
1907,3277,4,22,199,225,1.1333333333333333,0.02597312408246599,637,"Hey, is this your fetish or mine?"
2142,3277,4,20,186,210,1.1333333333333333,0.027114041777039636,637,"Chop-chop, Gerry. We don't want a repeat of  what happened to the cast of 'Riverdale' last year. My God, what they did to poor Jughead."
2582,3277,4,20,186,210,1.1333333333333333,0.027114041777039636,637,Don't you think you need a larger rake?
2777,3277,3,22,185,210,1.1333333333333333,0.026260289314208866,637,About time you agree to minimalism.
453,3285,4,19,180,203,1.1330049261083743,0.027675943259780407,637,"Yes, Sir, your lawn is a perfect, leaf-free carpet and I will only allow the truly deserving to press their feet upon it."
798,3286,1,23,164,188,1.1329787234042554,0.02595076378775306,637,"Now that the stars have all gone inside, you can rake up the carpet."
957,3287,2,26,198,226,1.1327433628318584,0.024296472309113866,637,Are you still there Mister?  Mind if I use your rake for my eyebrows?
2816,3288,3,22,186,211,1.132701421800948,0.026143174781730304,637,"I think he knows how to rake the lawn, have you SEEN HIS HAIR"
1970,3289,6,17,196,219,1.1324200913242009,0.02789886151419517,637,HOA's be like...
2875,3289,4,21,194,219,1.1324200913242009,0.026354559439035082,637,That guy really does not recognize boundaries.
3062,3289,4,21,194,219,1.1324200913242009,0.026354559439035082,637,"Garden and Gun"" expects spotless curb appeal in all their photographs, so do it, or I'll replace you with a robot vacuum."
726,3292,5,20,202,227,1.13215859030837,0.0265030938878689,637,"For the days dwindle down
to a precious few...
September, November.."
1614,3293,3,22,187,212,1.1320754716981132,0.02602709381848905,637,Tell the Russian I am raking my leaves.
3357,3294,2,27,206,235,1.1319148936170214,0.023708939409564343,637,Yeah! Rake it like a gangster!
1688,3295,3,23,194,220,1.1318181818181818,0.025438158159778554,637,Dat ass doe.
2747,3295,4,21,195,220,1.1318181818181818,0.026241396513467383,637,Curated just for you.
3111,3295,2,25,193,220,1.1318181818181818,0.024608715735421834,637,At least this man knows his job is safe and secure
1217,3298,2,24,187,213,1.1314553990610328,0.025042814267236656,637,Chop chop! These clubbers need a clean dance floor!
703,3299,3,25,208,236,1.13135593220339,0.024366464580153225,637,Don't rush! you are paid by the number of leaves you rake
2130,3300,4,18,176,198,1.1313131313131313,0.02800235969588321,637,How about picking them up one-at-a-time?
21,3301,2,25,194,221,1.1312217194570136,0.024504371345748118,637,Hurry up and finish raking out the red carpet.
3509,3302,6,15,185,206,1.1310679611650485,0.028977836602711117,637,You're going to need more pine combs to get inside.
700,3302,4,19,183,206,1.1310679611650485,0.027294607899318587,637,"I agree your house is lovely, but as I explained when I bought it, I intended to move in this year."
3668,3304,3,19,169,191,1.130890052356021,0.02764164089078802,637,I can see this club really rakes it in
894,3305,2,24,188,214,1.1308411214953271,0.0249330852093632,637,A Rake's Progress by H.O. Garth leaves little to be desired.
3221,3305,4,20,190,214,1.1308411214953271,0.02663480197064232,637,"Rake, rake, rake yourself to death."
90,3307,3,23,196,222,1.1306306306306306,0.02522238609202387,637,You are racking my nerves
1563,3307,3,23,196,222,1.1306306306306306,0.02522238609202387,637,Red Carpet treatment.
1784,3307,6,17,199,222,1.1306306306306306,0.02754020697301344,637,"Yes Hans, I don't want a single leaf on my yard"
3631,3307,3,23,196,222,1.1306306306306306,0.02522238609202387,637,"The leaves,the leaves they are blowing in the wind"
1183,3311,2,23,182,207,1.1304347826086956,0.025384922288108593,637,Morpheus always messes it up. It's the RED pill that keeps you in Wonderland.
3054,3311,3,24,203,230,1.1304347826086956,0.02468212819982787,637,"See, I told you, you need the red carpet if you want to keep the leaves out."
2943,3313,7,17,214,238,1.1302521008403361,0.026948146838955793,637,Was only a matter of time 'til they opened a club in Kinderhook
149,3314,3,22,190,215,1.130232558139535,0.025684918270484434,637,Don't be afraid to fall.
2369,3315,5,19,199,223,1.1300448430493273,0.026675918820599814,637,You're doing a great job. You can rake my yard too.
1698,3316,5,16,179,200,1.13,0.028628621866058256,637,leaf on man
3571,3316,5,16,179,200,1.13,0.028628621866058256,637,"Hello, backyard, how ya doin'!  Great to be here!   I just flew in from Vegas, a crazy crazy little town.    So this guy in Vegas comes up to me and says...."
615,3318,2,26,203,231,1.12987012987013,0.02380353431500226,637,"Spell out ""Trump with the leaves."""
494,3318,6,18,207,231,1.12987012987013,0.026780259698199943,637,Neighborhood Ring Leafer prepares for the next bout.
31,3320,5,18,193,216,1.1296296296296295,0.027204829004306194,637,"We always knew you were a rake, but are you THE rake?"
1568,3320,3,22,191,216,1.1296296296296295,0.025572838655130964,637,"Well, the limp does seem better today. You're not wearing your leaf-diving suit under your clothes again, are you?"
182,3322,7,15,202,224,1.1294642857142858,0.028029715529063956,637,You're raking. I'm behind a velvet rope.
349,3322,4,21,199,224,1.1294642857142858,0.025798248815413396,637,"Instead, you should be raking the leaves in your mind."
2814,3324,4,22,206,232,1.1293103448275863,0.02523242075204031,637,"Oh Yes, and That is Only the Beginning.."
3524,3324,5,20,207,232,1.1293103448275863,0.025961395568116878,637,You must have split your ticket.  We Trump voters don’t get any leaves.
3389,3326,4,19,186,209,1.1291866028708133,0.02692358635593614,637,"C’mon Jared, we’re role playing. Scrap those leaves like you mean it, you underprivileged menial laborer."
1078,3327,0,28,189,217,1.1290322580645162,0.02280989616730798,637,Is this a tag-team activity?
1042,3328,5,19,201,225,1.1288888888888888,0.026450846230582747,637,Now that the Yankees are out of it I'm looking to watch other athletic events beside the Red Sox and Dodgers
1948,3328,2,25,198,225,1.1288888888888888,0.024095635440185312,637,Don’t leave me behind please!
2020,3328,6,17,202,225,1.1288888888888888,0.027190619816335065,637,Raking in the dough?
2887,3328,5,19,201,225,1.1288888888888888,0.026450846230582747,637,Why don't you try a leaf blower? That way you can get them all at once!
3022,3328,6,17,202,225,1.1288888888888888,0.027190619816335065,637,"Raker of the leaves, head of the thieves."
3210,3333,2,21,171,194,1.1288659793814433,0.026239046117240466,637,"When that lawn-mowing kid from the White House grows up, comes to his senses, and joins the groundskeeping crew at Mount Vernon."
2524,3334,4,22,207,233,1.128755364806867,0.025130022639918665,637,and you think that’ll find you rehabilitation.”
956,3335,5,16,181,202,1.1287128712871286,0.028359000830345347,637,"If this isn’t lame I don’t know what is... I want my money back, and a back rub."
2129,3335,2,22,178,202,1.1287128712871286,0.0256214159731369,637,"Hey, the cocoon under that one...you gonna kill it or what?"
1152,3337,6,15,189,210,1.1285714285714286,0.028451559897817197,637,Would you autograph one of those leafs for my groundskeeper.
1545,3337,2,23,185,210,1.1285714285714286,0.025044308617621826,637,I’m warning you. One leaf on my side and I’ll  just plotz !
2241,3337,1,25,184,210,1.1285714285714286,0.02411739885463581,637,You could borrow my pay loader
3438,3337,2,23,185,210,1.1285714285714286,0.025044308617621826,637,"Yeah,'dat's right...the name's Rudi...Rudi Ghouliani"
3679,3337,5,17,188,210,1.1285714285714286,0.027639153279324268,637,Yaasss!
3177,3342,1,26,191,218,1.128440366972477,0.023625120488909135,637,Do you realize your in a hard hat area ?
3717,3343,4,21,201,226,1.1283185840707965,0.02558221214840569,637,Fun fact: Jehovah loves velvet.
3214,3344,3,21,187,211,1.127962085308057,0.025822084400854237,637,"When you're done just pile them up by the Carpet."""
223,3345,4,20,195,219,1.1278538812785388,0.02605894400736768,637,The HOA says you don't measure up.
813,3345,2,24,193,219,1.1278538812785388,0.024398460857531907,637,A Duane Hanson you're not.
1216,3345,3,22,194,219,1.1278538812785388,0.025242359784652075,637,Boo. Boo.
2797,3348,3,23,201,227,1.1277533039647578,0.0246985467087524,637,I guess I missed the leaf peeping for celebrities?
1505,3348,5,19,203,227,1.1277533039647578,0.026229523047948705,637,My dad is such a polluter.  He doesn't realize how much carbon he's putting into the atmosphere nor does he care if he's taking a job away from a needy undocumented worker.  Fascist!
1993,3348,5,19,203,227,1.1277533039647578,0.026229523047948705,637,"Frank thought, “ I’m hardly paid for this “ art installation” gig. Somebody is just sitting back and raking my raking in! ””"
844,3351,6,13,177,196,1.1275510204081634,0.02974302309026937,637,Your eyeballs are sticking out.  Like mine.
3500,3352,1,30,220,251,1.1274900398406376,0.021836158734732627,637,"Hey, this isn’t the cleanest campaign. Leave a few behind."
13,3353,1,25,186,212,1.1273584905660377,0.023904655370722856,637,You get lunch hour too?
2188,3353,2,23,187,212,1.1273584905660377,0.024822233381065373,637,Maybe next fall we can leave you in.
2428,3353,2,23,187,212,1.1273584905660377,0.024822233381065373,637,"When you're done, I've got more leaves for you to rake at my house."""
2079,3356,3,22,195,220,1.1272727272727272,0.025134079489246567,637,"A red and gold carpet and a movie night rope?  Oscar, you’re getting carried away, no?"
2145,3357,0,24,165,189,1.126984126984127,0.0242832529716279,637,Look at this petite little man
438,3358,5,16,184,205,1.1268292682926828,0.027963920452399996,637,"don't worry,7000 lawworkers are on the way"
608,3358,3,20,182,205,1.1268292682926828,0.026197954724834386,637,"""If you rake those up our VIP guests won't feel special."""
3677,3360,1,25,187,213,1.1267605633802817,0.023799674398567294,637,"Sorry, buddy. Leaf blowers came back in style."
2770,3361,3,22,196,221,1.1266968325791855,0.02502671903645779,637,"I knew pretty well what he had in mind:
He wanted to take my job for pay."
2528,3361,4,20,197,221,1.1266968325791855,0.025835479499765068,637,"Why?
At the museum of Ancient History I saw a man collect leaves by hand with an antiquated tool called a rake."
2999,3361,2,24,195,221,1.1266968325791855,0.024190934882240837,637,Workin' the red carpet?
1859,3364,4,22,211,237,1.1265822784810127,0.024728567120891186,637,Sometimes I think Gerald makes me rake on purpose
1026,3365,3,22,197,222,1.1261261261261262,0.024920266830857365,637,In the light you look a lot less imposing.
2004,3366,1,23,175,199,1.1256281407035176,0.02460762407757632,637,"OK, Mom loved you best.  Get me my popcorn and Coke."
3152,3367,4,18,185,207,1.1256038647342994,0.026846821591745486,637,Hmm. Those few leaves remind me of my 401(k) returns this fall.
1054,3368,2,23,190,215,1.1255813953488372,0.024496362466364063,637,It's clear you're a former CIA field agent. I can tell by the way you're raking those leaves.
1150,3368,3,21,191,215,1.1255813953488372,0.02536810172660749,637,Should I be queueing up now for the next leaf fallout?
1412,3368,4,19,192,215,1.1255813953488372,0.026210864089905955,637,"Toots, I know you always wanted to run a nightclub in your house, and these ropes look fine, but I’m still going to call the cops on you."
593,3371,3,22,198,223,1.1255605381165918,0.024814711469595265,637,"Peasant, rake those leaves faster."
2007,3371,7,14,202,223,1.1255605381165918,0.027881292643489305,637,I’d be happy to do a few bars of Evergreen for you.
2599,3371,5,18,200,223,1.1255605381165918,0.026392578358235046,637,"Autumnal, sure, but basic AF."
426,3374,3,23,205,231,1.1255411255411256,0.02429479970416096,637,I know a rake ID when I see one.
1580,3375,5,20,214,239,1.1255230125523012,0.02523902457664832,637,"I don't know, compared to your Giants, the Jets are looking pretty good now."
3422,3376,4,19,193,216,1.125,0.026095712651255886,637,Great stroke. Would you like to paddle my canoe ?
3648,3376,2,28,226,256,1.125,0.02214037213850238,637,I’ll admit I DID say ‘Don’t bother raking leaves in the fall.’
2883,3376,1,26,197,224,1.125,0.023032787258978466,637,It's the difference between movie life and real life
1062,3376,3,20,185,208,1.125,0.025840569706085094,637,what a basic fall bitch
1089,3376,5,16,187,208,1.125,0.02757965390555786,637,Just checking you're not hiding parts of Jamal Khashoggi
506,3376,3,23,206,232,1.125,0.024195905789897207,637,Lady Gaga's I presume.
2220,3376,3,20,185,208,1.125,0.025840569706085094,637,How weird... I passed security at the front gate.
1757,3383,2,24,199,225,1.1244444444444444,0.023786231993560888,637,Looks like you got a bad diseases of fallitus
2103,3383,3,22,200,225,1.1244444444444444,0.02460624660800666,637,"Tom Sawyer, Redux?"
776,3385,6,15,196,217,1.1244239631336406,0.027574997036891313,637,"Man, your eyes look weird."
1972,3385,2,23,192,217,1.1244239631336406,0.02428379854042888,637,"The brown, yellow, and orange carpet: for the everyday star."
1486,3387,2,22,185,209,1.124401913875598,0.024813228644653722,637,Id rather be raking in the dough than these crazy leaves!
1831,3387,2,22,185,209,1.124401913875598,0.024813228644653722,637,"Of course there's a vig, but we don't take a rake."
2078,3387,6,14,189,209,1.124401913875598,0.028279370848514954,637,Rake and  rake not.
2349,3390,2,21,178,201,1.1243781094527363,0.02537801143255094,637,"Pile 'em if you want, but a line will keep them away in the first place."
1178,3391,5,19,210,234,1.123931623931624,0.025483110560662346,637,"Through VR even millennials will be able to ""own land"" to scoff at tourists from."
2308,3391,4,21,209,234,1.123931623931624,0.024752908591335776,637,"Your cat has more lives, than you do leaves.  Gimme the rake!"""
1924,3393,3,20,187,210,1.1238095238095238,0.025607653815752484,637,"Hey, Hank, you scratch my back and I’ll scratch yours."
1337,3394,2,21,179,202,1.1237623762376239,0.025259570932614897,637,"You know Bob, raking leaves can improve your sex life  .."
962,3394,4,17,181,202,1.1237623762376239,0.027139698563503102,637,"The falling leaves, drift by the window..."
2488,3396,2,18,158,178,1.1235955056179776,0.02718336633321011,637,Fan rake fan.
3786,3397,7,15,213,235,1.123404255319149,0.026774630259394288,637,I would have chosen the mortgage.
2408,3398,4,20,203,227,1.1233480176211454,0.025187401588026858,637,"I'd help you with those leaves, but I'm clinically blind."
352,3399,4,19,196,219,1.1232876712328768,0.025756223236598985,637,Leafing through the endless pages of life again?
1896,3400,3,20,188,211,1.1232227488151658,0.02549275545522188,637,Is this meant to be entertainment?
2933,3400,4,18,189,211,1.1232227488151658,0.02636317732609782,637,You really are good with that rake.
1092,3402,2,21,180,203,1.1231527093596059,0.025142224457394308,637,They told me to wait here for the neighborhood Rave.
3433,3402,2,21,180,203,1.1231527093596059,0.025142224457394308,637,Autumnal VIPs get a gold-handled rake and a bottle of Tito’s.
1011,3404,2,20,173,195,1.123076923076923,0.025730744436490434,637,Don't even think about it!
914,3405,1,27,208,236,1.1228813559322033,0.022242005933536205,637,When you’re done raking the leaves the president wants his pot back.
3251,3406,1,25,194,220,1.1227272727272728,0.023089680071102733,637,I realize the feature is over; when do the  coming attractions start?
3476,3407,3,20,189,212,1.1226415094339623,0.025378878443372565,637,Loved your ditty comparing them to dollars from your 401-K.
2205,3407,5,16,191,212,1.1226415094339623,0.02708336969997594,637,"I believe in helping my neighbor, Iv'e got a leaf bag you can have!"
1762,3407,3,20,189,212,1.1226415094339623,0.025378878443372565,637,It won't matter because the 'Blue Wave' is going to wash it all away -- or not.
1344,3407,2,22,188,212,1.1226415094339623,0.024482172073009238,637,"What I said was does your belly ache after you ate last year's fruitcake, not that I would gladly wait while you went home to rake."
5,3411,2,21,181,204,1.1225490196078431,0.02502595702104093,637,"""You're not in the Majors anymore, so get used to a lower raking average."""
408,3411,2,21,181,204,1.1225490196078431,0.02502595702104093,637,A hot babe holding your brandy would make the raking performance perfect.
232,3413,4,21,212,237,1.1223628691983123,0.024455552184184222,637,Do I need my ID for the possum show?
2880,3414,4,20,205,229,1.1222707423580787,0.024978508809757015,637,Finally figured out how to put Shia LaBeouf's performance art to use
796,3415,1,25,195,221,1.1221719457013575,0.02299167192510428,637,"We haven’t seen Bigfoot in over 50 years so yes, this is a big deal."
818,3415,6,15,200,221,1.1221719457013575,0.027097853313067806,637,You'll never make Olympic trials if you wiggle at that pace.
3372,3415,5,17,199,221,1.1221719457013575,0.026327900009753106,637,"Hey, Lewis, your tree - my tree... raking up our little neighborhood dispute?"
325,3418,2,22,189,213,1.1220657276995305,0.024373763011062345,637,Could you at least wait until my thesis advisor has reviewed it?
242,3419,0,25,180,205,1.1219512195121952,0.022910644795798147,637,Stand back; he's known for raking up more than just leaves.
1575,3419,2,26,218,246,1.1219512195121952,0.022437148694157017,637,Dont sweat it.  There’s plenty of other bouncer jobs.
1232,3421,3,22,205,230,1.1217391304347826,0.024100016405211474,637,"You'll never fool 'em, Rick. Anyone can see little Autumn is under there."
3386,3421,2,24,204,230,1.1217391304347826,0.023298895048822252,637,Work it girl!
3733,3423,6,15,201,222,1.1216216216216217,0.0269811277122277,637,"Like I say and do, don't LEAVE any."
3502,3423,3,21,198,222,1.1216216216216217,0.02461070930879975,637,My moral compass looks great from over there.
3233,3425,3,20,191,214,1.1214953271028036,0.02515413478108068,637,You know the two things that make the President sad?
879,3426,2,21,183,206,1.1213592233009708,0.024796600666801793,637,"The maples brought me in for the red carpet, and it's a pretty sweet deal."
241,3427,4,20,207,231,1.121212121212121,0.024773037369321505,637,We gotta clean the leaves before she leaves!
609,3427,1,26,204,231,1.121212121212121,0.022377954168972716,637,Whoso pulleth out this rake of this lawn is rightwise senator born.
1619,3429,4,19,200,223,1.1210762331838564,0.02531701866830135,637,Must be inspirational living in Hilary's girlhood home.
2996,3429,5,17,201,223,1.1210762331838564,0.0261026929221733,637,"My passion for baseball meets performance art in ""Yankee's fan in the fall of 2018"""
3711,3429,2,23,198,223,1.1210762331838564,0.02366755473585738,637,"I believe antiques road show will be here next month, Harold."
3405,3432,4,18,193,215,1.1209302325581396,0.025896578431767552,637,"Impressive, throwback man, but what in your “toolshed” could handle three inches of snow?"
3420,3432,3,20,192,215,1.1209302325581396,0.02504324186970754,637,"""Leafophiles not permitted beyond the ropes."""
1837,3432,1,24,190,215,1.1209302325581396,0.023242769651843163,637,Art these days...
2720,3432,4,18,193,215,1.1209302325581396,0.025896578431767552,637,I hope my leaves are driving you crazy !
3695,3432,3,20,192,215,1.1209302325581396,0.02504324186970754,637,"Apologies.  I’ll make like a tree, and leaf you to rake while I stand here silently, swaying in the breeze"
2033,3437,2,21,184,207,1.1207729468599035,0.024683483104619434,637,Screw the rake. Mulch boy mulch!
39,3438,0,24,175,199,1.120603015075377,0.023144029470946643,637,We really need to roll out the red state carpet for the president's campaign visit.
1163,3439,3,21,200,224,1.1205357142857142,0.024402507604096502,637,I thought I told you last year to wear gloves.
2581,3439,4,19,201,224,1.1205357142857142,0.025209538160533826,637,I had to use a rake because the hoe quit!
1771,3441,3,20,193,216,1.1203703703703705,0.02493331777520379,637,"-Why don't you leave?
-I love leaves."
1407,3442,2,21,185,208,1.1201923076923077,0.024571387281167773,637,Careful with the flowers!
516,3443,5,17,203,225,1.12,0.02588129188895465,637,"You're dressed properly, but clearly need to rake in a lot more to enter this forest."
723,3443,3,18,179,200,1.12,0.02610377434732149,637,A Raker Is Born
1113,3443,0,24,176,200,1.12,0.023035912535249357,637,Make it nice for the return of the special autumnal visitors. Then get busy shining up the weather vane and painting the fence.
3261,3443,3,18,179,200,1.12,0.02610377434732149,637,"American Gothic, The Day Before the 'Women Train.'"
184,3447,2,22,193,217,1.119815668202765,0.023949508382354007,637,"I say, a raked stage is not proving much of a challenge for you, Norman."
3103,3448,1,23,185,209,1.1196172248803828,0.023501055866493422,637,"Faster, dude, faster!"
535,3449,0,23,170,193,1.1191709844559585,0.023381935348121427,637,"Is it ever OK to whistle Wagner while raking leaves?"""
2407,3450,3,22,210,235,1.1191489361702127,0.023614096730892903,637,"And now you know why the season is named  after the leaves Fall.""
Joe Pitts, Washington D"
3415,3451,5,15,190,210,1.119047619047619,0.027011811262539584,637,Defense Mending
1799,3452,3,21,203,227,1.118942731277533,0.024096696429789177,637,"One time and one time only, see the famous Joe rake leaves! VIP'S ONLY"
1304,3452,4,19,204,227,1.118942731277533,0.024892481068158685,637,"leave me alone comrad,I’m on leave."
1120,3454,6,12,184,202,1.118811881188119,0.028573163371045398,637,"...so then even though someone brought a bonesaw with him--yeah, a bonesaw--they want us to believe this was an accident involving a fist fight."
3082,3454,2,20,180,202,1.118811881188119,0.024887567904325898,637,"Back before computers replaced all of us in banking, we were the ones on the top of the world."
1752,3456,6,14,199,219,1.1187214611872147,0.027042372153556236,637,"Sorry, I don't see your name on the lease."
2393,3456,4,18,197,219,1.1187214611872147,0.025446143541386117,637,There are a variety of ways to kill a hamster.
2674,3458,1,21,172,194,1.1185567010309279,0.024389997102578026,637,"I can comp you if you like, the ""Animals"" are headlining a benefit concert for the environment."
2678,3459,3,19,189,211,1.1184834123222749,0.025154864367609147,637,Who keeps writing pc vey on my lawn
2291,3460,2,23,203,228,1.118421052631579,0.023177287090842266,637,When does the haunted cabin open?
3068,3460,0,27,201,228,1.118421052631579,0.021445300454057327,637,"Hey, you're raking up the red carpet."
3333,3460,5,17,206,228,1.118421052631579,0.02555611912793337,637,"I hope you'll have all 30,000 leaves for Vlad y Saturday, or something bad might happen to that rake you like so much."
3715,3460,3,21,204,228,1.118421052631579,0.023996447644486666,637,"We’re raking up more evidence as we speak, sir"
1243,3464,0,24,179,203,1.1182266009852218,0.02271749356519481,637,"Yes Art, there is an art to making Art!"
2931,3464,2,20,181,203,1.1182266009852218,0.024771580780554227,637,"This public screening is lit, everyone is going to want pics or it didn't happen."
3092,3464,4,16,183,203,1.1182266009852218,0.026667919207361862,637,You were this confident you were going to win the lottery Tom?
1535,3467,2,22,196,220,1.1181818181818182,0.023640833629121442,637,"Sir, the neighbors are insisting that they are very important people."
1107,3468,6,16,215,237,1.1181434599156117,0.025612703265953145,637,bro what the fuck are you doing youre missing SO MANY GODDAMN LEAVES get your shit together christ
1767,3469,2,21,189,212,1.1179245283018868,0.02413295110777908,637,Pick up the pace. We're holding the Oscars here next year.
2265,3469,1,23,188,212,1.1179245283018868,0.023188113496776932,637,And on the sharply raked lawn...Joe Blow and his Red & Gold Autumn Leaves!
2081,3471,1,25,203,229,1.1179039301310043,0.022236391249719392,637,Is it true there will be multiple pigments starring in today’s leaf peeping matinee?
1855,3472,2,22,197,221,1.1176470588235294,0.023539693352159514,637,I saw that movie last year
1992,3472,1,22,181,204,1.1176470588235294,0.023657047809182787,637,"I paid my taxes, now leaf me alone."
3085,3474,2,23,205,230,1.117391304347826,0.022986790431017368,637,"Excuse me, is this really Steve Rubell's childhood home?"
3159,3474,5,17,208,230,1.117391304347826,0.025343823212487022,637,No leaf falls in my yard what ain't on the list-no exceptions.
3771,3474,2,23,205,230,1.117391304347826,0.022986790431017368,637,"This is about the wildest Village club I’ve seen—and, hey, it’s my turn!"
935,3477,2,21,190,213,1.1173708920187793,0.024025763338598804,637,"You may be able to separate yourself from the patrons at the theater this way, but Im sure you are aware that as you neighbor I have a special interest in your success."
1224,3477,4,17,192,213,1.1173708920187793,0.02580347087698766,637,Don't bother raking the V.I.P lawn for me.
1746,3477,2,21,190,213,1.1173708920187793,0.024025763338598804,637,No wonder you don’t have more of an audience. Your motion lines don’t make any sense.
274,3480,0,24,181,205,1.1170731707317074,0.02251002428402317,637,Nobody leaves until these are all raked.
2260,3481,2,21,191,214,1.1168224299065421,0.02391951867266601,637,Some peepers just can't get enough.
278,3481,3,19,192,214,1.1168224299065421,0.024819757100161172,637,Ta-da-da croupier!
2370,3483,4,15,178,197,1.116751269035533,0.027079771355819928,637,"It is not intended as disparagement. It really wouldn't be ""exclusive"" though, would it, if we allowed in someone who cares so little about his own yard's appearance?"
2685,3483,2,19,176,197,1.116751269035533,0.025094208082666103,637,I know this neighborhood has covenants. Please leave me alone.
3202,3485,2,22,199,223,1.116591928251121,0.023339973660864675,637,"This is Camp David, not the Winter White House"
694,3486,2,20,184,206,1.116504854368932,0.024429984475855555,637,"You're the ""only stop to rake leaves away"" left."
3384,3487,3,21,208,232,1.1163793103448276,0.023603620258865084,637,Those leaves are definitely not cool.
3622,3487,2,23,207,232,1.1163793103448276,0.022799383467288364,637,Cats have nine lives. What’s so special about nine leaves?
967,3489,4,20,217,241,1.116182572614108,0.023794187243750962,637,I paid to see the rake of the neighborhood at work not leaf removal.
2330,3490,3,17,178,198,1.1161616161616161,0.025980383599096102,637,You have 2 minutes left to beat my leaf clearing record!
323,3491,4,16,187,207,1.1159420289855073,0.026175918850110554,637,Hey make sure you get those. You know how much Kanye hates when you miss some.
2570,3491,2,20,185,207,1.1159420289855073,0.02431819271814364,637,"so it's been billed as the  ""White House Tour""  worth waiting for
  YEP!"
2441,3493,3,16,171,190,1.1157894736842104,0.026623101202785972,637,I can't believe that guy paid $10 to watch me shovel!
119,3494,4,17,195,216,1.1157407407407407,0.025461494750561055,637,I guess there was a DRake concert last night?
2444,3495,4,16,188,208,1.1153846153846154,0.026055732201828857,637,Does fall leaf you with a sense of entitlement or are the ropes for the leaf peepers
1916,3496,2,18,171,191,1.1151832460732984,0.025428793695572726,637,I really prefer the traditional New Yorker festival venues
2228,3497,2,22,202,226,1.1150442477876106,0.02304663714999954,637,I’ll let you in over here - even with that hat - if you’ll take mine.
269,3498,4,16,189,209,1.1148325358851674,0.02593664030540723,637,"No leave so beyond the rope, sir"
2544,3499,0,28,216,244,1.1147540983606556,0.02044621522827291,637,Thought you wanted the fanfare for doing household chores.
2017,3500,2,21,195,218,1.114678899082569,0.023503727818945015,637,"you don't look the part, progress or not."
2700,3500,2,21,195,218,1.114678899082569,0.023503727818945015,637,"Go on, man, it’s Fall season."
1036,3502,2,21,196,219,1.1141552511415524,0.023402018061749092,637,"You're cutting into my time, bud."
3633,3503,2,17,165,184,1.1141304347826086,0.025909026326969654,637,"Mr Biden, am sorry Secret Service rules don’t cover raking leaves before the meeting of the Delaware Society of Chrysanthemums & Peonies"
2531,3504,5,16,207,228,1.1140350877192982,0.025264306420380814,637,The yard needs to be spotless before you're ungrounded
1075,3505,2,18,173,193,1.1139896373056994,0.02517867282187642,637,"Al, funny how falling leaves seem know their place, once they get with the program.  Understand?"
1065,3506,4,19,214,237,1.1139240506329113,0.02389069703897462,637,You better rake my eyebrows next.
2172,3506,3,21,213,237,1.1139240506329113,0.02313023344504923,637,Nine little lives about to go.
1168,3508,2,20,189,211,1.113744075829384,0.023881025244668855,637,Hey stop that! You haven't paid your leaf raking cover charge yet.
2304,3509,1,23,196,220,1.1136363636363635,0.022392722397644664,637,The next available 'associate' should be ready by spring.
3479,3509,2,21,197,220,1.1136363636363635,0.023301180587967794,637,"Sorry, this is a VIL area."
3168,3511,1,24,204,229,1.1135371179039302,0.021902902276661845,637,"I didn't bring any vacation photos,so I'll  just have to give you a lot more verbal detail"""
2069,3512,3,21,214,238,1.1134453781512605,0.023037815945711672,637,Falling stars get to have security too.
122,3513,2,18,174,194,1.1134020618556701,0.02505544017784592,637,"Paul, if you were in a wheelchair you wouldn’t have to do that"
973,3514,1,25,213,239,1.112970711297071,0.021358930445136745,637,"Hey, do you have those leaves consent?"
3421,3515,3,17,184,204,1.1127450980392157,0.025251972133219128,637,Will he dig out my answer sheets.
642,3516,3,18,192,213,1.1126760563380282,0.024586119027284387,637,Are you ready for the leaf bags Vice President Gardner?
2543,3516,1,22,190,213,1.1126760563380282,0.022713331845561614,637,Don’t step on my green carpet!
3652,3518,4,17,201,222,1.1126126126126126,0.024803941458906867,637,"Well, Mr. Double Entendre, I now understand your response of ‘Don’t bother’ when I offered to help."
60,3519,0,22,174,196,1.1122448979591837,0.022605420366705573,637,Maybe the Mexican government will give you a refund on your 'Natural Wall'.
3740,3519,3,16,177,196,1.1122448979591837,0.02584551994499342,637,Sir I will leave when every leaf is off my yard... I mean your yard.
1536,3521,2,19,184,205,1.1121951219512196,0.024164425692262393,637,You’re doing great Ronnie. Nancy’s fine. Don’t worry she’s doing astrology charts inside.
2650,3521,2,19,184,205,1.1121951219512196,0.024164425692262393,637,Yeah it’s true that life expectancy is falling and the opioid addiction is rampant but look on the bright side—5G is coming.
3773,3523,3,18,193,214,1.1121495327102804,0.024476624682989008,637,I hear yellow carpets are in fashion these days.
1877,3524,3,20,209,232,1.1120689655172413,0.023296654670445716,637,"you're rope line ""leaves"" a lot to be desired"
1749,3525,5,12,180,197,1.1116751269035532,0.02766095884374279,637,Bill couldn't help but feel velvet roped in to something again...
2743,3526,3,17,186,206,1.1116504854368932,0.025018126904485443,637,I heard you fell out of the tree raking those.
1177,3527,2,20,193,215,1.1116279069767443,0.023459227756521844,637,He we see the toils of the modern man juxtaposed against myself.
2087,3528,3,19,202,224,1.1116071428571428,0.02376422895037688,637,"As the Superintendent of autumn, I count nine leaves. Your rake has ten tines. How do plan to reconcile?"
2639,3529,4,18,211,233,1.111587982832618,0.023985526245230013,637,"Really Ralph! Is there a reason to board up the house, cancel the Bannon rally, because of a few leaves?"
134,3530,4,17,204,225,1.1111111111111112,0.024487696223081768,637,Paul Bunyan of Pinetop Ln. U.S.A.
464,3530,3,20,211,234,1.1111111111111112,0.023106996668121153,637,I feel like someone is not watching me.
697,3530,1,21,185,207,1.1111111111111112,0.022942230938272714,637,cut the grass and I give you extra payment
1126,3530,3,18,195,216,1.1111111111111112,0.024260524915863297,637,"After I win the Mega Millions I won't need to keep supervising your work, Doris..."
1200,3530,3,18,195,216,1.1111111111111112,0.024260524915863297,637,"Thank you for encouraging me to ""build that wall""."
1396,3530,2,21,202,225,1.1111111111111112,0.022809695020952245,637,Just wait. You ain’t seen nothin’ yet.
1418,3530,3,19,203,225,1.1111111111111112,0.023663573834723135,637,"If you need a couple eye brows, i'd recommend a couple of those leaves artfully balanced above those protruding eyeballs--like mine."
2727,3530,1,19,169,189,1.1111111111111112,0.02411711702107826,637,"With the Market correction, we might not be able to continue this theater."
1464,3538,2,21,203,226,1.1106194690265487,0.022713864306784657,637,Hurry.  The annual Neighby awards start in one hour.
1499,3539,2,19,187,208,1.1105769230769231,0.023833200201364514,637,Is this an inside job?
1932,3540,2,23,220,245,1.110204081632653,0.021651645210309566,637,"Sorry, your privilege does not cover that, Sir.”"
129,3541,4,17,206,227,1.1101321585903083,0.024281293737988298,637,The owner is not happy.
3692,3542,1,22,195,218,1.110091743119266,0.02222070516399978,637,"It's high time this lawn had a face-leaf-t. 
Oh come now Robert stop sulking, you know you love it."
1231,3542,2,20,196,218,1.110091743119266,0.023152487406994823,637,My eyes are up here mister
3347,3542,3,18,197,218,1.110091743119266,0.02404819345141546,637,I have to report you if you break the stems of these freshly falling leaves for my whole tree collection.
873,3545,1,21,187,209,1.1100478468899522,0.02273453577067325,637,"Good try, but if you charge me to watch, you are pandering to commercialism. Not art. I would like a photo of those fingernails."
2394,3545,5,13,191,209,1.1100478468899522,0.026474244399491274,637,Your president needs you to save the world.
712,3547,2,18,180,200,1.11,0.02434054871110734,637,"""The snack bar will be installed next week."""
2521,3548,2,24,229,255,1.1098039215686275,0.021132623479919007,637,Maybe you should try a checkout lane divider.
3191,3549,2,23,221,246,1.1097560975609757,0.021568103737221317,637,So what's Janet cooking for us tonight?
3772,3549,3,21,222,246,1.1097560975609757,0.022324137253855545,637,Lady Autumn has arrived.
2848,3551,5,14,200,219,1.1095890410958904,0.025633387741058774,637,I don’t know why you think we use a leaf blower
2161,3552,4,17,208,229,1.1091703056768558,0.024078330493419068,637,"Build a wall, huh?"
597,3553,5,14,201,220,1.1090909090909091,0.025521468096216183,637,Some of those leaves from my yard!
2327,3554,4,14,184,202,1.108910891089109,0.02607425955573284,637,Sorry I can’t help you
3232,3555,3,19,208,230,1.108695652173913,0.023172776518797455,637,I have to return the rope divider to the lobby of the movie theater as soon I am finished raking
3615,3556,4,16,201,221,1.1085972850678734,0.024587784269871682,637,Does this mean our golf date is off this Saturday?
2221,3556,3,18,200,221,1.1085972850678734,0.023736549876693686,637,"Move it along buddy, I've got caviar to eat."
3390,3558,3,17,192,212,1.1084905660377358,0.024341785296615806,637,There's not enough of those to make a red carpet out of.
1500,3559,4,18,219,241,1.107883817427386,0.023223544097851816,637,Does he ever wanna leave?
2910,3560,4,17,211,232,1.1077586206896552,0.0237801491460565,637,Do you really think it is worth your efforts?
1748,3561,1,22,200,223,1.1076233183856503,0.02174888933591471,637,I was appointed to solve the-huge-turnover-on-those-leaves problem.
1872,3561,1,22,200,223,1.1076233183856503,0.02174888933591471,637,I just posted my first video online.
1209,3563,3,19,211,233,1.1072961373390557,0.022887915537250034,637,"Always pushing the rock, Fred."
3754,3563,1,23,209,233,1.1072961373390557,0.021209887824889386,637,"What? , just because I said your lawn was carpeted with leaves?"
84,3565,1,22,201,224,1.1071428571428572,0.021656908583480846,637,"If you don’t stop and look at me, I will leaf you and go home to mother."
750,3565,1,22,201,224,1.1071428571428572,0.021656908583480846,637,"Hey, Back Away From Those Leafs"
398,3567,3,14,170,187,1.106951871657754,0.026191881930355352,637,I don't mind if I just get a little bit of your attention.
1546,3567,1,18,168,187,1.106951871657754,0.023895871327877037,637,"Sir, everyone loved you as Tim ""The Tool Man"" Taylor's neighbor."
3628,3569,4,17,213,234,1.106837606837607,0.023585418386701727,637,hey! where is you flannel vest?
656,3570,4,14,188,206,1.1067961165048543,0.025588264979988017,637,Do you ever tire of your incongruous role?
113,3570,3,16,187,206,1.1067961165048543,0.02464547844510512,637,"I bet you're wondering how I got here, well it kinda went like..."
2324,3572,0,21,176,197,1.1065989847715736,0.022043051709312065,637,"Rake a few, that will do."
1547,3573,2,19,195,216,1.1064814814814814,0.022992586682072106,637,The cost of admission was only seven hundred and forty-nine thousand.
3580,3573,0,23,193,216,1.1064814814814814,0.02103631141765163,637,Just a few more leaves and the red carpet welcome you sarcastically promised your wife will be ready.
2529,3575,2,18,187,207,1.106280193236715,0.02355621094482344,637,"This is my least favorite chore, and you have to watch me?"
1096,3576,5,14,207,226,1.1061946902654867,0.02486989841694158,637,"Yes, all the work is done manually.""
Hilary A. Kaplan, Silver Spring, M"
3620,3576,4,16,206,226,1.1061946902654867,0.024066168795718153,637,I'm scouting for the next Olympics in Reykjavik.
3182,3578,0,20,169,189,1.1058201058201058,0.022434563358980808,637,How is it that they think you are cool enough to get in but I can’t rake it in?
538,3579,2,18,188,208,1.1057692307692308,0.02344825424550332,637,"Sir, we are just making sure you don't rake anyone over the coals."
68,3580,4,16,207,227,1.105726872246696,0.02396448252060122,637,Get smart and rake in the dough.
1434,3581,2,19,197,218,1.1055045871559632,0.022791581546543406,637,"You know the old saying?
""No applause until the fat lady leaves"""
2630,3582,2,20,206,228,1.105263157894737,0.022185311362191627,637,"Hiya neighbor, can I borrow your stripper pole?"
158,3583,2,21,215,238,1.1050420168067228,0.02162344740417779,637,Break on through to the other side.
395,3584,5,13,201,219,1.1050228310502284,0.0253104700083086,637,jesus christ look at this dumpy bitch
245,3584,4,15,200,219,1.1050228310502284,0.02446892022056113,637,You're late with the mob's percentage of the rake-off.
688,3586,3,18,208,229,1.1048034934497817,0.022943541935543002,637,"Once done with the leaves, are you laying down a red carpet?"
1667,3587,1,18,172,191,1.1047120418848169,0.02342048522550188,637,Yand work is oh'démodé this fall season.
1870,3588,2,21,216,239,1.104602510460251,0.021537267577456498,637,'It's called the red carpet. Not the red leaf maple carpet.'
1534,3589,1,22,207,230,1.1043478260869566,0.021120884080241188,637,Where's the monorail stop?
2,3590,4,14,193,211,1.1042654028436019,0.025005601330272572,637,This is not a very neighbor friendly thing to do..
2781,3591,1,23,216,240,1.1041666666666667,0.020623067228375362,637,Elvis has raked the leaves.
806,3592,2,19,200,221,1.1040723981900453,0.022496553436666095,637,This is safe seasonal entertainment I know of without anything to do with Saudis
2173,3592,1,21,199,221,1.1040723981900453,0.021562921445754765,637,Wouldn't you really rather have a buick?
2359,3592,1,21,199,221,1.1040723981900453,0.021562921445754765,637,You'll be raking your eyeballs if you don't put on these glasses.
1028,3595,3,15,184,202,1.103960396039604,0.02472290238720719,637,"Finally, an in the wild leaf raker."
205,3596,2,16,175,193,1.1036269430051813,0.02432567533852033,637,A few more acorns and I'll consider you for the guest list.
1123,3596,2,16,175,193,1.1036269430051813,0.02432567533852033,637,"But,
my name is Huck Finn"
1570,3598,0,23,199,222,1.1036036036036037,0.02049940920944869,637,"Raking the leaves to your backdoor, are you now Chuck? We see you, we see you."
3625,3599,2,17,184,203,1.103448275862069,0.02359425626328745,637,Love your acoustic warm-up act.
1014,3599,3,15,185,203,1.103448275862069,0.024606143112221122,637,A robot could sweep better than you
218,3601,3,16,194,213,1.1032863849765258,0.02386946831496704,637,You're doing a fine job of policing this spot for the 'Hillary Clinton 2020' rally.
2070,3602,3,14,177,194,1.1030927835051547,0.02528516087236238,637,i guess i`m first in line to watch Cher leave the premises
61,3603,1,19,184,204,1.1029411764705883,0.022431967449940866,637,"I can sell you more leaves, fiyou want"
445,3604,3,17,204,224,1.1026785714285714,0.023092851832469345,637,"It's all in the wrist action...*click*, whip velvet rope to the side, sidestep smartly, nod, step, *click*, resume smug exclusionary sneer..."
2517,3605,1,20,194,215,1.1023255813953488,0.021741620189226034,637,modern art be like
2995,3606,2,15,169,186,1.1021505376344085,0.024738762847816752,637,next... count'em Luke...
1716,3607,1,18,177,196,1.1020408163265305,0.022852096325607998,637,"One leaf in, one leaf out."
2338,3607,3,14,179,196,1.1020408163265305,0.02503748298030888,637,"John, OUR leaves will not settle our arguments."
2365,3609,2,17,187,206,1.1019417475728155,0.02326591806544828,637,Gettin' ready for the other Big House Don?
547,3610,3,16,197,216,1.1018518518518519,0.023551608833010818,637,I see you’re warming up off Broadway and getting ready for upcoming real thing!
982,3610,1,20,195,216,1.1018518518518519,0.021645914957584354,637,It’s Funny I Never Have an Audience at Work! At Hone Well That’s totally different story.
1930,3612,2,17,188,207,1.1014492753623188,0.023158486396492397,637,Did someone offer you a penny for your leaf blower?
2518,3613,1,20,196,217,1.1013824884792627,0.021551045064756746,637,I’ve seen better takers in kindergarten.
3050,3613,3,16,198,217,1.1013824884792627,0.023447523075996544,637,"Only Top Youth Soccer Recruits are allowed to rake the leaves behind this velvet rope, libtard!"""
802,3613,2,18,197,217,1.1013824884792627,0.022519257112331287,637,"Not tonight, bro. Maybe in the spring."
2168,3616,3,14,181,198,1.101010101010101,0.024794596882256558,637,It’ll never be carpeted in red if you keep sweeping up the leaves.
376,3617,4,13,191,208,1.1009615384615385,0.024985971394839736,637,Dam look at daddy raking with that sweet ass I'd like a piese of that yeah get those leaves boi
439,3618,5,12,201,218,1.1009174311926606,0.02509012904727764,637,"So, you took all the trees? How much to get in the tree museum?"
1625,3618,4,14,200,218,1.1009174311926606,0.02423296598568565,637,Did you shake down the belfry?
3645,3620,4,16,218,238,1.1008403361344539,0.022899985086584744,637,Leaf Lottery count down.
1628,3621,1,18,180,199,1.100502512562814,0.022524062193916953,637,How does it feel to be a racking A-lister?
895,3622,2,17,190,209,1.1004784688995215,0.02294656231250105,637,The velvet rope won't hide you're leaving without hope.
3780,3623,3,16,200,219,1.1004566210045663,0.023242079500720565,637,"The ""Vote Red"" leaf project interview included an oath to filter with accuracy. We bit our tongues through the stray greens and the haphazard yellows. But,with this blue hue, we are forced to question where your loyalty lies."
529,3623,2,18,199,219,1.1004566210045663,0.02232268855305094,637,Getting ready for the Halloween hordes?
1111,3625,2,19,208,229,1.1004366812227073,0.021745780312185742,637,"Not take, I said shovel to burry the corpse"
2307,3626,2,18,200,220,1.1,0.02222568120305448,637,"'rake leaves, la-dies. I can see how you made that mistake'"
2253,3626,5,12,203,220,1.1,0.02486993981064569,637,"a story it itself: a guy has to resort to this platform to get an editor from the new yorker to get his story about how he actually created 'i love new york', with the original silkscreen in the museum of the city of new york--thanks"
2196,3626,2,16,182,200,1.1,0.023510929779476553,637,Well this certainly does challenge the notion of global warming.
2002,3626,2,17,191,210,1.1,0.022842043315158444,637,You've got Newton and then Wellesley. So close and yet so far away.
1661,3626,5,10,185,200,1.1,0.02652390597064653,637,"Come the Spring, my eyebrows will drop off."
1469,3626,2,18,200,220,1.1,0.02222568120305448,637,I like that dance move.
559,3626,3,13,174,190,1.1,0.0253628636750894,637,I asked you to make a blow job!
1136,3626,1,19,190,210,1.1,0.021821789023599242,637,"Seriously, I don't see it.  I look nothing like a rake."
961,3626,2,17,191,210,1.1,0.022842043315158444,637,He'll make a fine addition to my collection...
502,3626,2,17,191,210,1.1,0.022842043315158444,637,"-lucky you weren’t there to see the crowd. It was so packed, it might’ve almost made you want to skip Coachella next year. Almost."
287,3626,2,17,191,210,1.1,0.022842043315158444,637,"If you finish raking the lawn fast enough, our special services will give you a free Terabyte of Maid porn!"
1375,3626,3,16,201,220,1.1,0.02314069803084858,637,Freeze all motor functions!
2414,3638,1,21,209,231,1.0995670995670996,0.020674653764926283,637,"I knew once the wife got that job managing a celebrity bistro, it spelled nothing but trouble.."
3073,3638,2,19,210,231,1.0995670995670996,0.02156582537729465,637,"So, all you needed was a matinee."
1571,3640,1,20,200,221,1.0995475113122173,0.021179704914612914,637,I call it intermission and you get 2 weeks a year filled with all sorts of leisure activity.
2328,3641,1,19,191,211,1.099526066350711,0.021723292464349217,637,Paid admission to Buckingham or Blenheim Palace--maybe. To a two bedroom tear-down in Newark--heck jeckin' no.
1672,3641,2,17,192,211,1.099526066350711,0.02273846902320349,637,"I knew if I waited by the back door, you would come out that way!"
404,3641,4,13,194,211,1.099526066350711,0.024643681737399777,637,just tell me whose dick i have to suck
911,3644,0,20,181,201,1.099502487562189,0.021166216304659348,637,The que begins to form at Studio Rake and Leaves
1593,3645,1,18,183,202,1.099009900990099,0.022205275984940195,637,She told me that once you've finished I can remove the stanchions. Can you be-leaf  that's what these velvet rope things are called?
943,3646,2,17,196,215,1.0976744186046512,0.022333368199386548,637,Just figured it would be best to clarify things.
3236,3646,2,17,196,215,1.0976744186046512,0.022333368199386548,637,Raking up your lawndered money?
3763,3646,2,17,196,215,1.0976744186046512,0.022333368199386548,637,I want you to dig a trench and keep that sear and yellow leaf away from my virgin growth.
874,3649,2,16,187,205,1.0975609756097562,0.02296150089565737,637,I didn't know they were so literal about strippers raking it up.
315,3650,1,20,205,226,1.0973451327433628,0.020733077747263233,637,"Sir, I should be on the VIP guest list under REPOSSESSOR."
972,3650,2,18,206,226,1.0973451327433628,0.021660837463936083,637,Coded message for your son from Taylor Swift. The pieces WERE in place.
237,3652,0,21,195,216,1.0972222222222223,0.020204772833376492,637,Harvest time at the Kale Festival.
2806,3652,2,17,197,216,1.0972222222222223,0.02223433132613904,637,"I brought popcorn. When did you get the flat screen TV? Since you quit your mining job and Mitch McConnell won a another term, I haven’t seen you much. Where’s the microwave? I’ve got five dollars in my pocket."
2152,3654,4,15,218,237,1.0970464135021096,0.022679013051913405,637,"You must be from Middle America....
No one rakes evergreen needles in the Northwest!!!!"
2605,3655,0,19,177,196,1.096938775510204,0.021188004505789722,637,I heard this was Hollywood.
17,3656,2,18,207,227,1.0969162995594715,0.02156946750336797,637,Patriot Act premium: live service package
1380,3657,4,14,210,228,1.0964912280701755,0.023208344833899927,637,"Yo Gotti and Mike WiLL are coming for dinner, rake it up."
2198,3658,4,15,220,239,1.096234309623431,0.022496131378155825,637,'That's not what I meant by hundreds of fans!'
1899,3659,2,15,181,198,1.095959595959596,0.023300440302683547,637,"Just so I'm clear, what constitutes out of control leaf play by the kids?"
828,3660,1,19,200,220,1.0954545454545455,0.020875132602594253,637,Let me step in grass
2074,3660,2,17,201,220,1.0954545454545455,0.021846788358726863,637,"You break it, you take it."
764,3662,2,16,192,210,1.0952380952380953,0.022437091162047666,637,Do you have a moment to talk about your father and savior - me?
717,3663,3,17,222,242,1.0950413223140496,0.021441985590051522,637,Not to cast any shade . . but you're a show off idiot . . a clear danger to consumption anachronism  . .  a . . .
3448,3664,3,15,203,221,1.0950226244343892,0.022677847275075075,637,This man is guilty of using a broom for the leaves. This is his punishment
422,3665,2,18,212,232,1.0948275862068966,0.021123907222066456,637,"I'm your new neighbor, and I can read your thoughts with my secret CIA mind-control x-ray specs."
1073,3666,1,18,193,212,1.0943396226415094,0.021204669577111854,637,When Autumn leaves start to fail.
272,3667,2,15,185,202,1.0940594059405941,0.02285735718703506,637,Are you 'Money Gardening' again?
1081,3667,0,19,183,202,1.0940594059405941,0.020589838832727525,637,You can't ignore it forever... eventually Rake Man will have to join the fight.
430,3669,0,22,212,234,1.0940170940170941,0.019119892798924922,637,"Warming up for the snow...
Come on, you are too slow
You won't finish it in 3 hours"
1203,3670,1,18,194,213,1.0938967136150235,0.021109529296436114,637,Y
2065,3671,4,13,207,224,1.09375,0.023262512734413925,637,Cher and Madonna cancelled; not enough plaid.
3144,3672,2,15,186,203,1.0935960591133005,0.02274919978239002,637,"I'm sorry sir, but I'm afraid you can't just rake the leaves where no one looks and walk away anymore."
3634,3673,1,18,195,214,1.0934579439252337,0.02101523603732165,637,It's like having Steve Rubell for a neighbor ...
983,3673,3,14,197,214,1.0934579439252337,0.02300856544120707,637,Get down on your hands and knees and pick up every g-d leaf!
1891,3675,0,21,204,225,1.0933333333333333,0.01943650631615101,637,Leaf well enough alone.  Let the dead bury the dead'
1190,3676,2,15,187,204,1.0931372549019607,0.022642058361379436,637,I came to see the high-divin' act and I'm a-gonna see the high-divin' act.
637,3677,3,12,179,194,1.092783505154639,0.02442102226321279,637,"Yes, this is where the YouTube stars go to die, ok? Which one is yours?"
643,3678,2,15,188,205,1.0926829268292684,0.0225359187183113,637,Why have a traditional home when you can live AT THE CLUB?
1326,3679,2,16,198,216,1.0925925925925926,0.021838489907340025,637,"Man breathes for life, as he reaches his old age, it will cease
and will fall apart like a dry leaf…"
2379,3680,1,19,207,227,1.092511013215859,0.02025974018310665,637,I think your back yard is a front.  “Who you got in there”.  Looks like you are raking up the evidence.
3281,3680,2,17,208,227,1.092511013215859,0.02120004498075913,637,"It ain't like you are rakin all those illegal bucks, but it will leave you time to think about your misdeeds"
1253,3682,2,15,189,206,1.0922330097087378,0.022430766910212806,637,"I don’t understand, you want to rake it all up again, and turn it into some kind of event..."
3568,3682,3,13,190,206,1.0922330097087378,0.02346271512588084,637,William Morris sent me just in case your work really inspired Lady Gaga to do a remake of Autumn Leaves.
304,3684,4,12,201,217,1.0921658986175116,0.023622974653194618,637,you can stop only if you come back with 2 girls!
2255,3685,1,19,208,228,1.0921052631578947,0.020174766535512322,637,Ugh...my wife packed me a salad
3536,3685,1,19,208,228,1.0921052631578947,0.020174766535512322,637,I've set up face control.
2899,3687,2,15,191,208,1.0913461538461537,0.022223372304659053,637,"You just can’t wait until great was the fall thereof, can you!"
1821,3688,2,16,201,219,1.091324200913242,0.02155097769376372,637,"Miss it. Noonan! Miss. Cough, cough. Noonan! Miss it!"
1797,3689,0,19,190,209,1.0909090909090908,0.019933136802432486,637,One leaf and your dead
2896,3689,3,13,193,209,1.0909090909090908,0.02313762774457374,637,"So you think you can dance?""...
[The moment Reality TV went too far."
1657,3691,2,15,194,211,1.0900473933649288,0.02191935503533617,637,"You know what you have to do, Ed. You have to kill Mary Hogan. You have to see what's inside of her, Ed. I know you hear me. Only you can here me. Stop raking leaves and do what must be done!Ehhhhhhhh! Ehhhhhh!"
2353,3691,2,15,194,211,1.0900473933649288,0.02191935503533617,637,Your technique is not worthy of a “Grand Reveal.”
2290,3693,3,12,185,200,1.09,0.023713109407855912,637,"Honey, please tell your brother that I don't want to pretend it's the Oscars."
1395,3694,3,17,236,256,1.08984375,0.020312205408874337,637,Wouldn't a lawn mower work better?
803,3695,3,14,206,223,1.0896860986547086,0.022112359672064662,637,"Keep working, Howie Mandel doesn't like leaves very much."
652,3696,2,15,195,212,1.0896226415094339,0.021819851408328865,637,Raking leaves for this dump!
829,3697,1,16,184,201,1.0895522388059702,0.02138724901512904,637,"Keep sweeping your way to success, you can't reach my level"""
3685,3698,2,16,206,224,1.0892857142857142,0.0210882108870951,637,Looks like you have a bad life. Let me just kill you!
3511,3699,2,14,186,202,1.0891089108910892,0.02241295968042557,637,"I am not a readymade, I am a free man!"
3512,3699,3,12,187,202,1.0891089108910892,0.023486153768665204,637,Why don't you Just Shut up!!
3346,3701,3,12,188,203,1.0886699507389161,0.023374294167474295,637,I hear the Democrats want a carbon tax on maple leaves.
2352,3702,2,13,177,192,1.0885416666666667,0.023056426715775832,637,There's a cover charge and it looks like you don't have the green
2757,3703,2,16,208,226,1.0884955752212389,0.020908607842677698,637,Even the leaves shall not get cutsies.
1001,3704,2,15,198,215,1.0883720930232559,0.021526675188619684,637,"'Good Fences make Good Walls'!
... as ...
'Good Walls make Good Fences'!"
1044,3705,1,18,208,227,1.0881057268722467,0.019861654305056257,637,"This installment is novel, yet SO blasé.  Rudy!!  Get Bill a pitchfork!"
3672,3705,3,14,210,227,1.0881057268722467,0.02173602957147437,637,Work may make YOU free but it makes me pee.
1490,3707,0,18,187,205,1.0878048780487806,0.019814727816185262,637,And why is nothing able to kill him? It’s obvious men. Truman is The One.
2585,3708,1,16,189,206,1.087378640776699,0.020889062580607885,637,Is this really the way the Pilgrims did it?
3393,3708,2,14,190,206,1.087378640776699,0.021993467948336214,637,I told you: I speak for her.
2729,3710,0,17,178,195,1.087179487179487,0.020253448757437544,637,You actually call that a red carpet?
2629,3711,1,16,192,209,1.0861244019138756,0.020601107058014774,637,He made use of  wind AND the end of the season sale!
1779,3712,2,17,225,244,1.0860655737704918,0.019777750042115242,637,"Packed with woodpeckers, my head knocks...."
580,3713,1,17,203,221,1.085972850678733,0.019958057541272247,637,"Get al the leaves, I've heard shredded Banksia is worth a fortune."
1504,3713,2,15,204,221,1.085972850678733,0.020963286862362887,637,Does a man get a chance to rake leave every day?
1555,3715,3,12,195,210,1.0857142857142856,0.02262009686861385,637,Bee bop boop beep beep beep bop
1165,3716,1,16,194,211,1.085308056872038,0.0204134952200204,637,Those leaves won't get in without any ladybugs
3484,3717,2,14,196,212,1.0849056603773586,0.02139280715163925,637,"Would it help if we called it ""Rise?"""
2267,3718,3,13,208,224,1.0848214285714286,0.02163833047614394,637,Rake the P.C. Vey off the ground too
37,3719,3,12,198,213,1.0845070422535212,0.022311539461655445,637,The president asked that the red state carpet be rolled out ‘bigly’ for his campaign visit.
3305,3719,2,14,197,213,1.0845070422535212,0.02129586557293251,637,"Ops , it dont rain on this side"
3516,3721,1,17,207,225,1.0844444444444445,0.019617146874587002,637,"Leaves me to believe your a pompous ass."""
2532,3722,3,12,199,214,1.0841121495327102,0.02221054596730064,637,"The matrix's still lives...""

HI, Honolulu, Talieah Ra"
746,3723,1,14,176,191,1.0837696335078535,0.021425941752721785,637,"If you rake PC Vey, kiss your time in New Yorker cartoons goodbye."
3441,3724,1,16,198,215,1.083720930232558,0.02004831333420568,637,Chop it! Chop Chop!
834,3725,1,17,209,227,1.0837004405286343,0.019451010560362747,637,"I'm a movie star, and I hate leaves."
53,3726,2,16,222,240,1.0833333333333333,0.019732049790515394,637,Um..... you came here for a business lunch dressed like that?
1035,3726,0,18,198,216,1.0833333333333333,0.018849327776415237,637,"Like T.... we don't need your kind,     of leaves."
1848,3726,0,16,176,192,1.0833333333333333,0.019998545613203904,637,Here is one for last week:
1926,3729,0,16,177,193,1.0829015544041452,0.01989934131572178,637,Not sure Trump A & M is going to be raking in the cash
3316,3730,0,20,222,242,1.0826446280991735,0.017736486708753905,637,"I'm the guy that came in ""The Big Yellow Taxi'"""
3572,3731,1,17,212,230,1.0826086956521739,0.019207002820083977,637,I didn’t know that VIPs went to summer camp.
1239,3731,1,17,212,230,1.0826086956521739,0.019207002820083977,637,"No Mitchell the bubble baths will be after the next tax cut, then your daughter will be able tot afford community college"
1119,3731,3,13,214,230,1.0826086956521739,0.021091550862882752,637,Those are some juicy
2158,3731,4,11,215,230,1.0826086956521739,0.021973297386532552,637,"Does he have a scar, or did the pen slip?"
549,3735,3,11,192,206,1.0825242718446602,0.022614503223935177,637,There's no sex in the back yard.
591,3736,1,16,202,219,1.082191780821918,0.01969593541622274,637,He's not here today.  Can I give him a message?
951,3736,1,16,202,219,1.082191780821918,0.01969593541622274,637,'Why are you on this play?'
1869,3738,1,15,191,207,1.0821256038647342,0.02031819988626813,637,Preparing the red carpet for the premier of The Odd Life of Timothy Green
1377,3739,3,10,183,196,1.0816326530612246,0.023268886226513026,637,"Mr. president, leave it to me. North Korea military is threatening to fall down on us"
561,3740,1,15,194,210,1.0809523809523809,0.020038587475447296,637,Our services include termite and rodent control.
1353,3741,0,17,194,211,1.080568720379147,0.018781627506386053,637,"what, no pudding?"
1233,3742,1,18,230,249,1.0803212851405624,0.018172771284568512,637,the Leaf Carpet
3532,3743,2,13,197,212,1.080188679245283,0.020952030463479397,637,It's not like reality is an illusion and I'm a figment of your imagination
22,3744,1,16,208,225,1.08,0.01918994445677132,637,He can see the railing but can't help me.
2106,3744,1,16,208,225,1.08,0.01918994445677132,637,With your cancer in remission you do not need health insurance. Do some exercises instead.
2935,3746,2,13,198,213,1.07981220657277,0.020856830130742354,637,I know I have boobs for eyes but please quit staring.
1248,3747,2,13,199,214,1.0794392523364487,0.020762489460328236,637,"#METOO hasn't really come full circle yet, has it!"
3445,3748,2,15,223,240,1.0791666666666666,0.019358538732308857,637,Could've used more Dwayne Johnson.
2679,3749,3,11,201,215,1.0790697674418606,0.021695074170968304,637,You are the first caller in the queue. Someone will be with you momentarily.
137,3750,0,16,187,203,1.0788177339901477,0.01895872259331644,637,Râteau!
3010,3750,1,14,188,203,1.0788177339901477,0.020204121178901975,637,Hard eight?
725,3752,1,15,200,216,1.0787037037037037,0.019501781670101095,637,"Excuse me, sir. Can you point me to the nearest restroom? I seem to have dropped my glasses."
1533,3752,1,15,200,216,1.0787037037037037,0.019501781670101095,637,This underground club will be popping once you swap to a shovel.
892,3754,2,17,248,267,1.0786516853932584,0.01813139917487655,637,This raken sucks!
1292,3755,1,15,201,217,1.0783410138248848,0.019415091643263504,637,Get a move on ! The goldbaggers are due.
2213,3756,1,14,190,205,1.078048780487805,0.020013875813156376,637,"Ivan, I told you Club Fed wasn’t so bad.  They even have a Luger’s just off the cafe."
3732,3756,0,16,189,205,1.078048780487805,0.018781139939114573,637,"Sorry,you Leaf-I-P access for this side of the yard."
3696,3758,2,12,192,206,1.0776699029126213,0.02107533118361667,637,"...and here we see a rejected audition for Turbo's broom scene in ""Breakin'"""
375,3759,3,9,182,194,1.077319587628866,0.02301937729013241,637,Remember: I’ll always be watching if you try to leaf. Egg
1584,3760,3,10,194,207,1.077294685990338,0.022066286365250775,637,You think this rope is going to keep me from staring at your ass? Well... it is sort of like it’s expected now.... shit...
3270,3761,1,16,216,233,1.0772532188841202,0.018554306364543506,637,We welcome you to the Foxwoods Poker Room edition of Dirty Jobs.
2339,3762,1,15,205,221,1.0769230769230769,0.019075888030731285,637,Concentrate on your card while I shuffle through the deck. You'll be amazed what happens next
2681,3762,3,10,195,208,1.0769230769230769,0.021963086181544647,637,You sir are dumber than Jelani Cobb.
2651,3764,1,14,194,209,1.076555023923445,0.019643913011261806,637,"Do I have any objects, hand props or accessories with me? Why? How do I handle them?"
3266,3765,1,15,215,231,1.0735930735930737,0.018277467925932933,637,R-A-K-I-N-G leaves..
1806,3766,2,12,205,219,1.0730593607305936,0.019860353148148435,637,pastrami thickburger
2542,3767,1,13,192,206,1.0728155339805825,0.019408593753583066,637,"Lovely garden--You've not been having communication with Julian Assange, have you?"
3691,3768,3,12,235,250,1.072,0.01909771953837068,637,Milkshakes any good here?
1210,3769,2,11,196,209,1.0717703349282297,0.020305137415170215,637,"I need more leaves, we need them to get fed up enough to pay for the VIP (NO LEAVES) package"
491,3770,2,12,209,223,1.0717488789237668,0.01951416637509338,637,"Hey people that don't like rich people , this is called being a bad person . It really works! Call 773-1800-RICH-ME"
2625,3771,1,13,196,210,1.0714285714285714,0.01905046686389385,637,"Excuse me- those cameras should be facing in MY direction, I’m the star of this movie!"
3051,3771,1,12,183,196,1.0714285714285714,0.019810721293758184,637,The last raking of leaves of trees; ruin this at your peril.
403,3773,1,14,211,226,1.0707964601769913,0.018212801227649726,637,"congratulations, man. this is the useless clown convention and you're the fuckin guest of honor"
2166,3774,1,14,212,227,1.0704845814977975,0.01813507308813387,637,I wanna make him to fall on the ground
618,3775,1,13,199,213,1.0704225352112675,0.018790412186225288,637,This is your punishment for pooping yourself at Denny's again
3341,3776,1,14,213,228,1.0701754385964912,0.018058004465644754,637,"If those are elm leaves...ain't gonna happen, Charlie."
249,3777,2,10,188,200,1.07,0.020679414666638272,637,"I see your wife has got you on the ropes, to get it perfectly done before sex with you."
2644,3777,1,12,187,200,1.07,0.019426449358371362,637,The new Victoria's Secret Fence Collection proved to be a hit.
1508,3779,2,12,217,231,1.0692640692640694,0.01885673392452413,637,"Rand, I'm about to crack your ribs."
795,3780,1,12,191,204,1.0686274509803921,0.019056778725014226,637,Well It’s Smaller Then The ‘Big House.
1207,3780,2,10,192,204,1.0686274509803921,0.020284378115071135,637,"Here, there, still one leaf remain! ...It's your yard? What's the matter, I'm advising you!”"
1647,3782,2,13,233,248,1.0685483870967742,0.01799443661001983,637,"Rake City, bitch. Rake, Rake City, bitch."
900,3783,2,11,206,219,1.0684931506849316,0.019402387914235066,637,Who said you planned to break for the game?
1277,3784,0,14,191,205,1.0682926829268293,0.017660856293704622,637,Hey don’t tell me that you’re raking those few leaves! I guess you are doing that because you were punished for something else; right? I mean why even bother to rake those up? It won’t make a difference if you do it or not.
2180,3784,0,14,191,205,1.0682926829268293,0.017660856293704622,637,"Just to clarify. We are charging everyone $20,000 per night to stay in the guest house except for the Russian delegates who we are charging $1,000 per night."
1425,3786,1,13,206,220,1.0681818181818181,0.018210334631935565,637,"Believe me.  Santa would never say “Rake, Rake, Rake”."
3723,3787,2,11,209,222,1.0675675675675675,0.019146991469851105,637,You look nothing like Joan Crawford.
3375,3788,1,13,212,226,1.0663716814159292,0.017740855402660644,637,Did forensics determine how they all oaked in the dining room?
3043,3789,0,13,192,205,1.0634146341463415,0.0170629196525894,637,Need any help?  My wife brings me to Lace Land every year.
1291,3790,0,15,227,242,1.06198347107438,0.015532260683548538,637,Work can’t be interrupted.
1104,3791,2,9,204,215,1.0604651162790697,0.018772337119075992,637,"As a member of Kitchen Cabinet Consultancy, I must advise you that you're supposed to be raking food off your lunch plates, not raking your yard."
3380,3792,1,9,197,207,1.0531400966183575,0.017063283482284485,637,What did you think I meant by the pay the rake?
3590,3793,0,10,204,214,1.0467289719626167,0.014461438954294872,637,"Sir,  this   is   the  last  of  the  leaves
that  I  have  to  raked up!"
120,3794,0,9,204,213,1.0422535211267605,0.01381620614568798,637,"Sir please stay off the lawn this elvis's memorial burring

Yes but I was his second cousins son"
1400,3795,0,6,211,217,1.0276497695852536,0.011156558407322546,637,"These leaves bothering you?
A Bullfighter can't give up his star?
These trees are really gloomy."
