target_id,rank,funny,somewhat_funny,unfunny,count,score,precision,contest,caption
1296,1,47,58,131,236,1.6440677966101696,0.05167614185608714,639,Earl of Cowlick. And you are?
2907,2,47,53,139,239,1.6150627615062763,0.051452270459947505,639,I'm supposed to call my doctor if it lasts more than 4 hours.
2328,3,45,62,145,252,1.6031746031746033,0.04874921016430837,639,"So, you're in a tower with no doors; I have a beanstalk growing out of my head. We both lied on our profiles. You wanna go out or not?"
1920,4,37,48,130,215,1.5674418604651164,0.052491104808010745,639,We have to move fast.  The king's men are combing the area!
555,5,39,42,132,213,1.5633802816901408,0.05373678525537609,639,The last princess I rescued was in a well.
23,6,31,79,143,253,1.5573122529644268,0.04417563225253795,639,"Ok, fine, we can make the story about you!"
425,7,38,51,142,231,1.5497835497835497,0.05006630070196388,639,I knew one day my prince would comb.
4512,8,40,55,153,248,1.5443548387096775,0.04806428275864049,639,"Ok, fine. Maybe it’s not as thick as I described but your profile wasn’t exactly clear on your living situation either."
3693,9,43,48,159,250,1.536,0.04878870104232732,639,The guy took my cow and said to plant the magic beans -- but I had't eaten all day.
4340,10,33,54,137,224,1.5357142857142858,0.04936218060585362,639,"Well, then, let yours down and we can tie the knot here."
157,11,31,61,142,234,1.5256410256410255,0.046981861295836355,639,I'm the Hair apparent
548,12,35,40,138,213,1.516431924882629,0.052231726492099055,639,"It only does this with you, honest."
3542,13,31,67,152,250,1.516,0.044709863425761,639,"The Grimm brothers will be here any minute, so we have to get our story straight."
3933,14,40,63,175,278,1.514388489208633,0.04405292007724308,639,You spent all those years growing this out when you could have built a ladder in days?
2527,15,37,47,152,236,1.5127118644067796,0.04896363090317278,639,"...or, I could come up?"
3908,16,37,52,160,249,1.5060240963855422,0.04697084138757283,639,Thank goodness! The last guy who came by couldn't get it up.
4080,17,26,70,146,242,1.5041322314049588,0.043918963367121984,639,Now let me see yours.
1760,18,36,59,165,260,1.5038461538461538,0.045104267192919836,639,Or you could just take the stairs.
1705,19,35,62,166,263,1.5019011406844107,0.044385373488354474,639,I call it hairway to Heaven.
4336,20,36,40,148,224,1.5,0.050620746355255375,639,I’m your hairy godfather
1500,21,39,48,166,253,1.4980237154150198,0.04706869724289676,639,I'm pretty sure we're doing this wrong.
2319,22,36,53,163,252,1.496031746031746,0.04619802080386279,639,"Jack said if it lasts for more than five hours, I should call my physician."
4294,23,37,45,158,240,1.4958333333333333,0.04833270210716558,639,Rogaine and Viagra. Why do you ask?
3009,24,25,51,128,204,1.4950980392156863,0.04938408879975458,639,My ex lived in a well.
61,25,29,48,138,215,1.4930232558139536,0.04928075048836402,639,So many fairy tales get it wrong.
2750,26,31,42,140,213,1.488262910798122,0.05051349777318257,639,If this lasts more than four hours I'll have to see my doctor.
2981,27,27,61,148,236,1.4872881355932204,0.04513110772364378,639,"This really isn't necessary, there's a staircase in the back"
496,28,38,45,166,249,1.4859437751004017,0.047307475116710455,639,"Rapunzel, Rapunzel, lower your expectations!"
3152,29,27,53,142,222,1.481981981981982,0.04722712016468428,639,"I've used the new viagra pomade, but we've only got four hours to get you down."
845,30,39,39,165,243,1.4814814814814814,0.04855961313756214,639,"It is I, Manbunzel."
4193,31,29,56,153,238,1.4789915966386555,0.045620713241991656,639,Fine. Let’s try it your way.
3812,32,26,50,137,213,1.4788732394366197,0.04825664072920668,639,And yet I can't grow a beard.
4523,33,33,51,162,246,1.475609756097561,0.04596794796950788,639,"Rapunzel, Rapunzel, what should I do if this lasts more than four hours?"
2091,34,31,52,157,240,1.475,0.04609015784232318,639,I'm not sure you understand the gravity of the situation.
227,35,29,54,153,236,1.4745762711864407,0.045900741470746916,639,"Rapunzel, let down your expectations."
4532,36,24,53,136,213,1.4741784037558685,0.04731893782218807,639,"In my mind, this was always Plan B."
3412,37,29,49,148,226,1.4734513274336283,0.047419280472846416,639,I thought it made me look presidential.
4295,38,23,60,142,225,1.471111111111111,0.04500048990523057,639,Rapunzel: the  first draft.
2671,39,29,54,155,238,1.4705882352941178,0.0456011153117215,639,I don't think you appreciate the gravity of the situation.
2100,40,35,55,176,266,1.4699248120300752,0.043966255405254374,639,It always stiffens up when I'm near you.
4181,41,38,45,176,259,1.4671814671814671,0.045849401158454456,639,It’s been four hours. Should I seek medical attention?
3157,42,25,68,160,253,1.466403162055336,0.04209304277328106,639,Think of it as Plan B.
1173,43,23,65,151,239,1.4644351464435146,0.0430557465707686,639,Why is everything always a competition with you?
176,44,30,58,167,255,1.4627450980392156,0.04364793786683818,639,"No seriously, let down my hair."
4061,45,22,54,136,212,1.4622641509433962,0.04649431374840435,639,"Post haste my princess, I can not keep it up much longer."
882,46,29,51,157,237,1.459915611814346,0.04571090902972457,639,"Well, that took 30 years but my feet are finally on the ground. You can let go now."
2537,47,23,50,136,209,1.4593301435406698,0.0474565416863095,639,This might work better if we switched places.
450,48,32,43,159,234,1.4572649572649572,0.047317664025921545,639,It's a Hairway to Heaven
695,49,24,53,144,221,1.4570135746606334,0.04599143879681648,639,Can you just buzz me in?
748,50,24,62,155,241,1.4564315352697095,0.043169815523618135,639,"Oh, how the fables have turned."
362,51,26,45,142,213,1.4553990610328638,0.048181173985434124,639,"Yes, I’m Repunzel’s son.  Why do you ask?"
3850,52,24,64,158,246,1.4552845528455285,0.042528380920216706,639,I feel like you're not meeting me halfway.
2584,53,35,41,168,244,1.4549180327868851,0.04691524895929788,639,"This usually doesn't happen, I'm just really excited to see you."
1779,54,31,43,157,231,1.4545454545454546,0.04738061210057516,639,Enough teasing. Come down.
1950,55,22,69,158,249,1.4538152610441768,0.041376214395823,639,"Yes, I suppose I could have brought a ladder. What's your point?"
4273,56,25,57,154,236,1.4533898305084745,0.04422822334113512,639,Thanks for letting me down gently.
3176,57,30,57,173,260,1.45,0.04297207635894904,639,"Sorry, I'm a little excited to see you."
3732,58,26,58,161,245,1.4489795918367347,0.043402510688409834,639,I don't think you understand the gravity of the situation.
208,59,26,39,138,203,1.4482758620689655,0.04992480727357217,639,"If you pull me up, I won't let you down."
3579,60,33,36,160,229,1.445414847161572,0.048451009262771426,639,"What do you mean by ""or am I just glad to see you?"""
3239,61,23,60,155,238,1.4453781512605042,0.043101967441396404,639,I think we need to read the book again.
185,62,30,41,156,227,1.4449339207048457,0.04756387914878822,639,"Trust me, the alternative is equally Grimm."
1691,62,28,45,154,227,1.4449339207048457,0.046737061630809464,639,I thought maybe you'd had enough let downs.
4163,64,30,45,161,236,1.444915254237288,0.04618201542370264,639,Wait... let's just savor the irony for a minute.
2630,65,24,52,149,225,1.4444444444444444,0.0453285089247417,639,"Wait, I've got a better idea."
1077,66,28,57,170,255,1.4431372549019608,0.04284997043141466,639,"Yes, they're extensions.  Quit being a such a princess."
2775,67,27,58,168,253,1.4426877470355732,0.04273181599889618,639,The dispatcher said you were down a well.
2142,68,19,58,140,217,1.4423963133640554,0.044190089316414424,639,"Oh, the usual, part it on the left and take 18 feet off the top."
1453,69,21,57,146,224,1.4419642857142858,0.0441223256721983,639,I'm thinking the ladder might have been a better plan.
3484,70,30,38,155,223,1.4394618834080717,0.04818290192437747,639,Rapunzel in Australia.
1388,71,22,49,141,212,1.4386792452830188,0.0463750900844674,639,In hindsight you're right. That's a much better idea.
541,72,23,54,151,228,1.4385964912280702,0.04442406752721535,639,"First you pull me up, then I let you down."
704,73,24,47,146,217,1.4377880184331797,0.046514027455662216,639,The Viagra went to my head.
990,74,28,49,163,240,1.4375,0.044788068276853665,639,I think we are doing this all wrong.
1785,75,23,55,153,231,1.4372294372294372,0.04399575352945594,639,I’ll just take the stairs.
2044,76,25,54,159,238,1.4369747899159664,0.04386938113646763,639,"It’s not you Rapunzel, it’s me."
315,77,27,43,152,222,1.436936936936937,0.04705182919301663,639,I think you're right. I don't think this is how it's supposed to go. Did you read the whole story or just skim it?
282,78,27,42,151,220,1.4363636363636363,0.047369381026167307,639,I figured you were tired of being let down.
89,79,23,53,151,227,1.4361233480176212,0.04455100215084554,639,"Okay, here’s where it gets tricky."
350,80,26,50,158,234,1.435897435897436,0.044822639680044726,639,Go ahead...the laws of physics havent been discovered yet.
4108,81,26,56,166,248,1.435483870967742,0.042944040814717,639,I thought I'd wear it up.
3786,82,28,44,158,230,1.434782608695652,0.046220704293847635,639,"Up"" is the New ""Down"""
1137,82,19,52,136,207,1.434782608695652,0.045651783060409616,639,"I thought this time, maybe you come to my place."
2526,84,26,54,164,244,1.4344262295081966,0.04345258210808031,639,"Well yeah, I guess your way might work too."
3737,84,25,56,163,244,1.4344262295081966,0.04306269300029611,639,"Oh, there’s a door in the back?"
4218,86,24,51,153,228,1.4342105263157894,0.044829489042922,639,"I'm gonna be honest, something about this feels off."
966,87,23,60,162,245,1.4326530612244899,0.042136560381847134,639,Take off about two feet and frost the tips.
1872,87,26,54,165,245,1.4326530612244899,0.04331117334905546,639,This kid named Jack fed me magic beans.
3602,89,26,53,164,243,1.4320987654320987,0.04356913343160869,639,...and so I ate the magic beans.
4138,90,23,55,156,234,1.4316239316239316,0.043549878160427755,639,We do this a little differently in the southern hemisphere.
920,91,19,64,154,237,1.4303797468354431,0.041450939608859094,639,We really didn't think this out.
3897,92,21,47,139,207,1.429951690821256,0.04663386541373546,639,"Rapunzel, let down my hair!"
3325,93,25,45,151,221,1.4298642533936652,0.04628593547128224,639,The fairy godmother said to call if it doesn't go down after 4 hours.
4324,94,22,57,156,235,1.4297872340425533,0.04298201820647437,639,"Hurry, before it gets humid."
3032,94,24,53,158,235,1.4297872340425533,0.043820022676558566,639,I don't think you know the gravity of this.
1356,96,21,60,158,239,1.4267782426778242,0.04202694173038951,639,I don't think you realize the gravity of the situation!
2529,97,24,51,157,232,1.4267241379310345,0.044211573173024654,639,Are you Rapunzel? Or am I Rapunzel?
4431,97,23,53,156,232,1.4267241379310345,0.04378748907619012,639,"Okay, Miss Smartypants, YOU come up with an idea."
1133,99,22,52,152,226,1.424778761061947,0.044172994801970226,639,I've got a bad feeling we're doing this all wrong.
3463,100,21,48,143,212,1.4245283018867925,0.045790437045215474,639,Am I going up or are you coming down?
3353,101,19,60,152,231,1.4242424242424243,0.04215720858558189,639,I’m starting to see the flaw in this plan
2836,102,32,42,176,250,1.424,0.044821108050868516,639,Donald courts Melania
1059,103,20,52,145,217,1.423963133640553,0.04454243670414612,639,"You know, I'd really appreciate it if we revisited the ladder idea again."
2534,104,20,49,141,210,1.4238095238095239,0.04560445719287471,639,The real prison is gender roles
1710,105,22,56,158,236,1.423728813559322,0.042807007980898835,639,If you think that's impressive wait until later tonight!
2613,106,20,56,151,227,1.422907488986784,0.04312300776417473,639,"Ok, so I misunderstood....  I'll go get the ladder."
370,107,23,47,150,220,1.4227272727272726,0.04548670510319415,639,This is not what I meant when I asked you to reciprocate.
729,107,26,41,153,220,1.4227272727272726,0.046835599092893844,639,"Hurry up! If this thing stays upright for more than four hours, I'll have to go to Emergency!"
3139,107,22,49,149,220,1.4227272727272726,0.04502809501555489,639,What do I do? It's been more than four hours
1253,110,20,62,160,242,1.421487603305785,0.04120211591491244,639,"For your information, it's called an updo."
3021,111,24,57,169,250,1.42,0.041825800534615536,639,I forgot which way the story goes.
2748,112,28,43,165,236,1.4194915254237288,0.04523256787130745,639,Come over? I thought you said “comb-over.”
3037,113,25,41,151,217,1.4193548387096775,0.04684050481392485,639,"Sorry, this was the best I could do off the top of my head"
3651,114,23,47,152,222,1.4189189189189189,0.04515599234638759,639,It a combination of Viagra and Rogaine!
2301,115,18,54,143,215,1.4186046511627908,0.04381442693592255,639,Ok-so maybe I didn’t completely think this through.
2985,116,23,53,161,237,1.4177215189873418,0.04304722862427733,639,It’s a combination of Rogaine and Viagra.
2591,117,21,67,173,261,1.417624521072797,0.03942538330633622,639,"Look Rapunzel, it's 2018, things are different now."
113,118,29,53,184,266,1.4172932330827068,0.04171804294908919,639,"Careful, they're extensions."
2465,119,28,60,190,278,1.4172661870503598,0.04006285517831381,639,"That new Viagra shampoo, is wonderful"
1365,120,19,55,149,223,1.4170403587443947,0.04315910671738627,639,"I don't know. I'm a prince, not a physicist."
2780,121,22,46,148,216,1.4166666666666667,0.045584537324254173,639,I guess I don't understand the gravity of the situation...
1342,122,25,42,154,221,1.416289592760181,0.04618327676527444,639,"Leznupar, Leznupar,   pull up my hair."
3015,123,22,50,154,226,1.415929203539823,0.044102021453759896,639,Stairs? I thought you said hairs!
2817,124,25,39,150,214,1.4158878504672898,0.04730135166229551,639,"I don't know why, but it always seems to do this when I see an attractive woman"
677,125,29,53,185,267,1.4157303370786516,0.04159087741259633,639,And then...hold on. I think I have the instructions upside-down.
9,126,26,48,167,241,1.4149377593360997,0.04370984109576128,639,Yank me up.  It's a new era.
4581,127,25,51,168,244,1.4139344262295082,0.04291396071049488,639,"Leznupar, Leznupar - let up your hair!"
1881,128,22,52,158,232,1.4137931034482758,0.04325618557477392,639,"Gravity won't be explained for another couple hundred years, so just go with it"
4201,129,22,53,160,235,1.4127659574468086,0.04284858375488306,639,"Rapunzel, you don’t understand the gravity of the situation."
3396,130,28,36,159,223,1.4125560538116593,0.04714720251501532,639,Is that product in your hair or are you just happy to see me?
4563,131,22,62,173,257,1.4124513618677044,0.040191993413359196,639,How drunk were we the night we made this plan?
244,132,19,53,149,221,1.411764705882353,0.0433883223831565,639,I thought we were going to your place.
4439,133,17,61,153,231,1.4112554112554112,0.04114188308950957,639,Historians will never get our story right.
1067,134,28,41,167,236,1.4110169491525424,0.04516495309772358,639,My pharmacist accidentally combined my Rogain and Viagra prescriptions.
2776,135,21,52,156,229,1.4104803493449782,0.04319439665189898,639,Or you could come down?
3740,136,19,51,147,217,1.4101382488479262,0.04394019889520062,639,"In hindsight, I guess a ladder is not a bad idea."
788,137,24,56,174,254,1.4094488188976377,0.0412634867904977,639,"Well, I could pull you up, but then where would we be."
45,138,25,56,178,259,1.4092664092664093,0.04105288745110141,639,I’m not sure we thought this all the way through.
4200,139,22,39,142,203,1.4088669950738917,0.0476395056070628,639,Is that your hair? Or are you just happy to see me?
1536,140,32,32,171,235,1.4085106382978723,0.046866336679877975,639,It's called the Trumpunzel.
367,140,22,52,161,235,1.4085106382978723,0.04281064146248699,639,We really need to get the elevator fixed.
463,142,23,41,149,213,1.408450704225352,0.04645860237573045,639,Think of it as an extensions ladder.
266,143,25,45,163,233,1.407725321888412,0.04433792931689498,639,Now what?
1929,143,26,43,164,233,1.407725321888412,0.044753219371995195,639,The ride down might be little hairy
2178,145,24,58,178,260,1.4076923076923078,0.0405604879607571,639,Didn't you read the story?
1995,146,27,40,164,231,1.406926406926407,0.045449615679180815,639,Maybe you could just take the stairs.
2258,147,19,45,140,204,1.4068627450980393,0.04589557442165679,639,Look; does it really matter who's hair it is?
1234,148,20,56,160,236,1.4067796610169492,0.041810183724533045,639,I'm not sure I thought this one through.
3312,149,26,46,169,241,1.4066390041493777,0.0436392101645485,639,It's a combover with superglue. Isn't this Trump Tower?
2365,150,21,47,151,219,1.4063926940639269,0.04456818784580219,639,"I assure you, I have no problems keeping it up."
83,151,26,50,175,251,1.406374501992032,0.042351178536791434,639,Rogaine merged with Viagra
4510,151,25,52,174,251,1.406374501992032,0.041973203517184914,639,Are we in the right fairy tale?
1322,153,18,70,173,261,1.4061302681992338,0.038185755899207856,639,Do you think I could take the stairs this time?
2239,154,22,53,164,239,1.405857740585774,0.042269526013689336,639,That's as stiff as if gets.
2755,155,26,55,183,264,1.4053030303030303,0.04080940494467929,639,That Rogaine Viagra combo works wonders!
1000,156,25,46,166,237,1.4050632911392404,0.04376155951142106,639,No mousse. I'm just really happy to see you.
1156,157,22,43,150,215,1.4046511627906977,0.04562954046200238,639,"Thanks, but I think I'll just use the stairs"
366,158,23,53,169,245,1.4040816326530612,0.04190909213367071,639,It feels good to let my hair up every once in a while.
1477,159,18,48,142,208,1.4038461538461537,0.044712250207111164,639,"I hate to rush you, but my family has a history of male pattern baldness."
1294,160,16,62,155,233,1.4034334763948497,0.04036546205867556,639,I was willing to go to any length...
3473,161,29,44,180,253,1.4031620553359683,0.04318065706042985,639,"Trust me, I can keep it up."
1224,162,29,37,170,236,1.402542372881356,0.045488587429170835,639,It's a wig. I got it at Trump University.
3986,163,23,53,170,246,1.4024390243902438,0.041770692096144466,639,Wait! I have a better idea.
4399,163,25,49,172,246,1.4024390243902438,0.042557710568236484,639,I think this relationship is headed in the wrong direction.
2745,165,16,54,144,214,1.4018691588785046,0.04278470220999489,639,"No, I also have not read the story."
4407,166,25,38,156,219,1.4018264840182648,0.046366730353594884,639,"You know there’s a door on the other side, right?"
2815,167,18,58,158,234,1.4017094017094016,0.04113127273913247,639,Are you sure you don't want to use the ladder?
1545,168,28,48,183,259,1.4015444015444016,0.04206504336673867,639,I must have mixed some Viagra in with my Rogaine.
4075,169,20,47,150,217,1.400921658986175,0.044332251426698964,639,"To be perfectly frank, while the hair extension is very nice, I'd rather the money had been spent on a ladder."
2014,170,25,41,161,227,1.4008810572687225,0.04513694758228829,639,Just take a bit off the top.
2964,171,17,61,159,237,1.40084388185654,0.04031801442885446,639,We should reread the story before going  through with this.
4332,171,22,51,164,237,1.40084388185654,0.042477415368796866,639,It's been like this for over 4 hours!  I knew I shouldn't mix Viagra and Rogaine.
3881,173,19,59,164,242,1.4008264462809918,0.04059665990140192,639,The infomercial said it will stay erect for up to 4 hours.
3385,174,30,49,193,272,1.400735294117647,0.04123261138408022,639,"Yes, I am just glad to see you."
1551,175,27,42,171,240,1.4,0.04410903189326048,639,We might need to rethink your escape plan.
1702,175,22,48,160,230,1.4,0.043398445820988056,639,You’re the one who always wants to try something different.
1861,175,16,52,142,210,1.4,0.04332921444925173,639,My therapist said that we should practice some role reversal.
1248,178,23,55,175,253,1.3992094861660078,0.040905400647590864,639,"Yes, it's a combover - it that a deal breaker?"
3143,179,14,65,154,233,1.3991416309012876,0.0393918895469575,639,"Well, do you have a better idea?"
3770,180,26,35,157,218,1.3990825688073394,0.046950693922288456,639,Can you take a little off the top?
2889,181,27,42,172,241,1.3983402489626555,0.04395697162474719,639,I wasn’t sure which pill was Propecia and which was Viagra—so I took them both.
2215,182,18,58,160,236,1.3983050847457628,0.04085264214965312,639,I think we're doing this wrong.
1112,183,14,64,153,231,1.3982683982683983,0.03961020962049206,639,"Rapunzel Rapunzel not upward I go, Rather you slide down -this is different I know.
Slither to me by descending my doo, We'll run off together and share our shampoo..."
1122,184,19,46,146,211,1.3981042654028435,0.044706026332921006,639,Did we get this wrong  Punrazel ?
866,185,31,45,193,269,1.3977695167286246,0.041879010151738595,639,I accidentally dropped viagra in my shampoo.
305,186,23,45,161,229,1.3973799126637554,0.043946861858331215,639,"I thought I'd move in with you, instead."
2491,187,20,49,155,224,1.3973214285714286,0.04329627515026054,639,Oh wait! I see what we’re doing wrong!
2191,188,25,35,155,215,1.3953488372093024,0.04694430353016175,639,"... the last prince with a big comb-over made promises, too!"
1435,189,24,48,171,243,1.3950617283950617,0.042471128907799104,639,"Yes, sorry, it IS a comb-over."
4527,189,17,62,164,243,1.3950617283950617,0.03956925379080627,639,"Keep holding.  Once it sets, we're out of here."
84,191,20,50,158,228,1.394736842105263,0.0427243116049875,639,Thank you for letting me down gently
2418,191,21,48,159,228,1.394736842105263,0.043174178217811346,639,No one said role reversal was going to be easy.
4179,193,24,53,179,256,1.39453125,0.040890880270637336,639,Because I thought you were locked in a dungeon—not a tower.
2749,194,22,42,154,218,1.3944954128440368,0.04506542322945204,639,"Yes, it's a toupee, so you may want to take the stairs"
2046,195,24,37,155,216,1.3935185185185186,0.04629952615779084,639,Just slide down.
4170,196,26,38,165,229,1.3930131004366813,0.0451910194817165,639,I was thinking tonight we could go to my place.
119,197,19,50,155,224,1.3928571428571428,0.042782339159677135,639,Are you sure this is how the story goes?
28,197,16,56,152,224,1.3928571428571428,0.041354724437183396,639,I think it might be easier if YOU came DOWN!
103,197,16,56,152,224,1.3928571428571428,0.041354724437183396,639,Won't you consider taking the stairs?
342,200,20,57,170,247,1.3927125506072875,0.040345697377961835,639,What do you mean 'What took me so long?'
2892,201,20,53,164,237,1.3924050632911393,0.04153820484146895,639,"Manbunzel, Manbunzel, let up your hair!"
3313,202,19,51,157,227,1.3920704845814977,0.04237172733903809,639,I still think my plan was better.
3623,203,22,43,157,222,1.3918918918918919,0.04444279637964867,639,Maybe I should take the stairs.
732,204,21,43,153,217,1.391705069124424,0.04471207243572315,639,I'm kind of a bigwig.
4537,205,22,39,151,212,1.3915094339622642,0.045963975533912904,639,"Sure, if we do it your way, no one will ever remember my name!"
741,206,20,52,163,235,1.3914893617021276,0.04177873172443981,639,"What do you mean, ""over-compensating""?"
233,207,23,53,177,253,1.391304347826087,0.04082499608844689,639,It's called an 'updo'.
2857,208,18,59,166,243,1.3909465020576133,0.03995118316262625,639,I'm thinking we should try this the other way around.
3134,209,22,47,164,233,1.390557939914163,0.04289439905970897,639,"Rapunzel, Rapunzel, let down my hair.  I promise I'll call!"
896,210,23,43,162,228,1.3903508771929824,0.04401298646122487,639,Let's change some details when we write the book about this.
3107,211,22,43,158,223,1.390134529147982,0.044277940502148644,639,"Someday, Rupunzal, we’ll look back on this and laugh."
610,212,18,42,140,200,1.39,0.04582575694955839,639,"Rapunzel, just tie it on to the bedpost and think of it as a zip line"
4400,213,19,47,152,218,1.389908256880734,0.04358326607286546,639,"Harold, I know extensions when I see them."
2199,213,27,31,160,218,1.389908256880734,0.04730459346346151,639,"Please, comb down."
2705,215,19,54,163,236,1.3898305084745763,0.04119903078231858,639,I just had the most hair-raising experience!
1508,216,17,56,158,231,1.3896103896103895,0.04091349735320039,639,I knew I didn't understand the story.
1680,217,22,42,157,221,1.3891402714932126,0.04455870199777509,639,"Take your time, they promised 12 hours of maximum hold and lasting shine."
3200,218,23,36,152,211,1.3886255924170616,0.04657841417123721,639,"I promise if you pull me up, I'm never gonna let you down."
2010,219,18,58,166,242,1.3884297520661157,0.04003693369330591,639,The plan is still a good plan...we just need to tweak a few things.
2229,219,22,50,170,242,1.3884297520661157,0.0417148123186563,639,Did we get it backwards?
1958,221,15,62,160,237,1.3881856540084387,0.039277361752479464,639,You come down? I thought you wanted me to come up.
2551,221,23,46,168,237,1.3881856540084387,0.042764153125250955,639,Why can't you ever just meet me halfway?
3309,223,20,45,154,219,1.3881278538812785,0.04390006503251517,639,"But I just don't think ""Rapunzel, Rapunzel, pull up my hair"" has got the same vibe"
270,224,18,47,149,214,1.3878504672897196,0.04363994710121277,639,Can you find the gum?
1134,225,25,43,172,240,1.3875,0.04318284000445972,639,It started out as a man bun.
1330,225,21,51,168,240,1.3875,0.04153658215240832,639,I ate the beans
2193,227,24,48,176,248,1.3870967741935485,0.0417628376684165,639,"I think our plan needs a rethink, sweetheart."
3443,228,22,58,184,264,1.3863636363636365,0.03918142667026048,639,What do you mean your mother hates my hair?
3648,229,23,44,166,233,1.386266094420601,0.04327585391423891,639,I don't respond well to being upbraided.
3459,230,22,42,159,223,1.3856502242152466,0.04422676749600467,639,Don't come down—haven’t you been paying attention to the news?  Pull me up!
3926,231,21,42,155,218,1.385321100917431,0.044489386740577265,639,Never mind the fable.  Grab my hair and pull me up.
1773,232,19,51,161,231,1.3852813852813852,0.04177277061619294,639,"Trust me, it won't let you down."
3831,233,20,45,156,221,1.3846153846153846,0.043572398772078524,639,The old way reinforced destructive gender stereotypes.
2503,233,17,51,153,221,1.3846153846153846,0.04213250442347432,639,Manesplaining.
4574,233,24,52,184,260,1.3846153846153846,0.04033172176456064,639,Don't tease me so.
10,236,17,54,158,229,1.3842794759825328,0.0410968249105271,639,I don't feel you properly grasp the gravity of the situation.
4437,236,22,44,163,229,1.3842794759825328,0.04336445398931226,639,"Grab on and slide down. It'll work because this is a fairy tale."""
894,238,18,55,164,237,1.3839662447257384,0.040569823772201564,639,"Just a little off the top."""
3657,239,16,54,154,224,1.3839285714285714,0.04124652812276145,639,I'll admit I hadn't really thought this through.
2461,240,23,53,182,258,1.3837209302325582,0.04017344456430396,639,"Rejected Early Versions of Classic Fables, # 16: Rapunzel"
194,241,21,42,156,219,1.3835616438356164,0.04432071042033338,639,"Rapunzel, Rapunzel, Let go of my hair!"
1202,242,17,45,144,206,1.383495145631068,0.04425398769948664,639,"This just feels wrong, somehow."
2879,243,18,51,158,227,1.3832599118942732,0.04180454204263332,639,Tie it to the bedpost.
4167,244,21,51,171,243,1.382716049382716,0.04111483520541908,639,Didn't you read the script?
1454,245,26,36,168,230,1.382608695652174,0.04493110875062027,639,You think this is bad? Wait till I take my pants off.
2352,246,24,48,179,251,1.3824701195219125,0.0413483633028328,639,I feel like I can't let my hair down around you.
2867,247,27,37,174,238,1.3823529411764706,0.04420177774136012,639,Now we know what happens when Rogaine and Viagra are mixed.
4025,248,22,42,161,225,1.3822222222222222,0.043899436144752016,639,"It's no big deal that you can get it up, Prince. The question is, can you keep it up?"
3024,249,24,41,168,233,1.3819742489270386,0.0436521568854599,639,"It's now or never, I've got a barber's appointment in an hour."
1908,250,20,57,177,254,1.3818897637795275,0.03943926571427669,639,"Um, on second thought, maybe you should just take the stairs down."
3836,251,14,56,150,220,1.3818181818181818,0.04072997085292616,639,"Call me old fashioned, but how about you let your hair down."
1329,252,17,56,163,236,1.38135593220339,0.04021174708152168,639,Better I come to you.
3069,253,19,47,157,223,1.3811659192825112,0.04277966010251106,639,It’s my fairy tail.
3198,253,22,41,160,223,1.3811659192825112,0.04417348468369738,639,I can just take the stairs.
2786,255,21,46,164,231,1.380952380952381,0.04261280916922163,639,"Rapunzel, Rapunzel, let down your expectations of gender equality!"
833,255,18,44,148,210,1.380952380952381,0.04414288651410822,639,Well you're not what I was expecting either.
1898,257,21,49,169,239,1.3807531380753137,0.041581771392775926,639,"I know this isn't the way it's supposed to work, but why split hairs."
1525,258,21,47,166,234,1.3803418803418803,0.04221186670241455,639,"Well, you did say to comb-up and see you sometime."
378,259,18,48,155,221,1.3800904977375565,0.04256105982046068,639,I thought maybe it could be my place this time.
240,260,26,51,194,271,1.3800738007380073,0.03979110386104658,639,"Considering the situation, size actually does matter."
292,261,24,42,171,237,1.379746835443038,0.04308401439676805,639,"Fine, might be a few inches shorter than I said on Tinder."
1874,262,18,46,152,216,1.3796296296296295,0.043250360428855286,639,I still can’t believe you’d let me down like this.
2244,263,19,47,158,224,1.3794642857142858,0.04262223249432628,639,"Thank you, but I'm here about the stairs."
891,263,15,55,154,224,1.3794642857142858,0.040700134584577344,639,"Yeah, I didn’t really think this through..."
3541,265,23,42,167,232,1.3793103448275863,0.04333049620432605,639,..but we have a great system now: your hair to climb up and mine to get back down.  Why do you want to complicate things by moving in together?
3148,266,21,41,157,219,1.3789954337899544,0.04426456723234327,639,I'm starting to think you're in there for a good reason
1498,266,22,39,158,219,1.3789954337899544,0.04473526290911836,639,It's down the up haircase - but I know you can do it!
2927,268,17,58,168,243,1.3786008230452675,0.03937423410289952,639,I’ve waited five long years to rescue you.
3435,268,18,56,169,243,1.3786008230452675,0.039803774270917726,639,I thought it would be easier if you came down rather than me coming up.
3971,270,26,43,182,251,1.3784860557768925,0.04206688370204664,639,"‘‘‘Tis not the only thing that has risen towards thee, my love!”"
3453,271,14,56,152,222,1.3783783783783783,0.0404350944789487,639,"What do you mean ""no""?"
3677,272,17,48,152,217,1.3778801843317972,0.042588077484748195,639,Do you have a better idea?
2672,273,23,39,163,225,1.3777777777777778,0.04429538495992326,639,I mixed Viagra with my hair gel. You should be able to slide right down.
3497,273,18,49,158,225,1.3777777777777778,0.04199605255658081,639,Correct. I don't get the gravity of the situation at all.
2099,275,22,47,172,241,1.3775933609958506,0.04171276926971282,639,"I admit, the physics of this probably makes less sense"
3710,275,18,55,168,241,1.3775933609958506,0.04002052640462057,639,Can we tell people it was the other way round?
1725,277,21,44,163,228,1.3771929824561404,0.042969560107699666,639,"Mine, yours. Stop splitting hairs and get down here."
1200,277,16,54,158,228,1.3771929824561404,0.040659178330764184,639,The therapist suggested we try some role reversal exercises.
3214,279,24,41,171,236,1.3771186440677967,0.04318638491482762,639,Lather! Rinse! Rappel!
1899,279,16,57,163,236,1.3771186440677967,0.03970601501692725,639,"Fear not, my princess. It’s a good hair day."
1847,281,17,61,174,252,1.376984126984127,0.03838304167304633,639,I'd prefer to use the stairs
871,282,16,49,150,215,1.3767441860465117,0.0423406972442131,639,"Just a little off the top, please."
3008,283,17,51,158,226,1.3761061946902655,0.04137056403246583,639,"Oh no, wait, YOU should grow the hair."
4457,284,19,50,165,234,1.376068376068376,0.041279644828650604,639,"I prepared for this role for thirty years, and now you’re telling me I misread the script?"
1661,285,23,48,179,250,1.376,0.04100269361315347,639,Keep stroking it just like that and I promise it will stay up.
2840,286,20,46,163,229,1.3755458515283843,0.042363488397106984,639,They're still out of ladders
381,287,20,41,155,216,1.375,0.044175136918764145,639,Don't overthink it. Just climb down.
3183,287,17,47,152,216,1.375,0.042687747134081584,639,"What do you mean ""you were holding the instructions upside down?'"
947,289,19,53,171,243,1.374485596707819,0.04017650805046582,639,Your hair looks Grimm.
458,290,21,46,168,235,1.374468085106383,0.04200962153724815,639,"Rapunzel...rapunzel let go of my hair! She was only a friend...I promise, I swear!"
1927,291,16,57,165,238,1.3739495798319328,0.03943509719357764,639,"And I thought to myself, why am I always doing the climbing?"
1432,291,20,49,169,238,1.3739495798319328,0.041194123053161724,639,In this story you pull me up and we hide happily ever after.
1728,291,17,55,166,238,1.3739495798319328,0.03988212772069644,639,For some reason I felt like we're doing it wrong
692,294,18,44,152,214,1.3738317757009346,0.04345986644882252,639,Ironic isn't it.
2679,294,15,50,149,214,1.3738317757009346,0.04191812358410787,639,My hairdresser claims it's good  for up to 125 pounds.
3698,296,20,56,181,257,1.3735408560311284,0.03901372496139198,639,"When you go low, I go high"
2697,297,20,50,171,241,1.3734439834024896,0.040822720307722556,639,"Unfortunately, I can't keep it up very long!"
3925,298,16,38,134,188,1.372340425531915,0.046475558466586984,639,"Ya know, it might be easier if you just jump."
2098,299,17,46,152,215,1.372093023255814,0.04278720112718895,639,"At first, I did it to flip the narrative on gender stereotypes, but now I'm just enjoying the look."
4358,300,23,41,170,234,1.3717948717948718,0.04296643273518953,639,Now you show me yours
927,300,18,51,165,234,1.3717948717948718,0.040776244817393184,639,I don't unwind my knight-bun for just any princess.
1176,302,16,49,153,218,1.371559633027523,0.04186284732289498,639,"By extension, I desire thee."
1117,303,21,43,165,229,1.3711790393013101,0.04275651554030306,639,"""Comb-over? I thought you said come over!"""
3659,303,23,39,167,229,1.3711790393013101,0.04364321667766986,639,"Oops, my bad! I thought you asked me to get extensions, not an extension LADDER!"
4034,305,17,55,168,240,1.3708333333333333,0.03961016304272808,639,"Rapunzel, Rapunzel, this ain’t gonna work the way we thought."
347,306,21,51,179,251,1.3705179282868525,0.040028243548559966,639,"Well, mostly it's for cats in trees."
4022,307,24,42,177,243,1.3703703703703705,0.04218843126647027,639,"Glad to meet you, Rapunzel.  I'm Prince Rogain."
67,308,25,44,185,254,1.3700787401574803,0.04122486585772033,639,"Leznuper, Leznuper, up hair my let."
3682,309,19,43,157,219,1.36986301369863,0.043186195261378735,639,I really feel that our relationship is starting to gel.
3295,310,17,54,167,238,1.3697478991596639,0.039825120514348354,639,"Rapunzel, Rapunzel, let up my hair? No, wait, Rapunzel, Rapunzel, let go of my hair? No wait...."
3460,311,21,53,183,257,1.3696498054474708,0.03935182608204044,639,I guess we didn't think it through.
3885,312,17,41,145,203,1.3694581280788178,0.044524245503382014,639,Maybe we should take a second and rethink this.
3742,313,14,54,154,222,1.3693693693693694,0.040307739534328695,639,"If we want this fairy tale to endure, we've got to come up with something better than, ""Ralph, Ralph, toss up your comb over."""
117,314,17,52,164,233,1.3690987124463518,0.04040674660389888,639,I always wear my hair up. Why do you ask?
1378,315,22,46,176,244,1.3688524590163935,0.04123246310580104,639,"Ouch! Rapunzel, Rapunzel, let down my hair!"
2269,316,18,44,155,217,1.368663594470046,0.042960434321615226,639,Could you take just a little off the top?
4021,317,15,57,164,236,1.36864406779661,0.039132304940665774,639,Hello my name’s Prince Hairy.
3338,318,25,44,186,255,1.3686274509803922,0.04108851999453256,639,Jack gave me some beans and this happened.
2498,319,20,44,164,228,1.368421052631579,0.04240176919988575,639,"Rapunzel, rapunzel, please let down my hair!"
3483,319,24,29,156,209,1.368421052631579,0.04714707207952463,639,You're the only one I can get it up for.
1947,319,18,48,162,228,1.368421052631579,0.04148040870041962,639,How about we not get hung up on gender roles?
2812,319,22,40,166,228,1.368421052631579,0.04330353053282044,639,"Yeah, I dread locks too."
849,323,20,41,159,220,1.3681818181818182,0.04350206780160235,639,That's enough gel. Now slide down.
3292,324,20,52,178,250,1.368,0.03970655414118768,639,"So I was standing in the back of the Great Hall and I told the witch ""I wish I was next in line to be heir to the throne."" But it was loud in there, and the next thing I knew..."
1228,325,21,47,174,242,1.3677685950413223,0.041047921318985464,639,"I don't see why you're so surprised, it was listed on my profile!"
2519,325,19,51,172,242,1.3677685950413223,0.04020381935836878,639,Do you believe I'm your brother now?
3681,327,14,58,162,234,1.3675213675213675,0.03887404175956087,639,"Tell me again, why can't we use a ladder?"
3223,328,20,39,156,215,1.3674418604651162,0.04422092218859847,639,I'm just excited seeing you!
1073,328,18,43,154,215,1.3674418604651162,0.04322675487419857,639,It’s gelled.  You should be able to just slide down.
353,330,16,52,161,229,1.3668122270742358,0.04039275427953712,639,I don't believe we thought this all the way through.
3187,331,19,50,171,240,1.3666666666666667,0.04042429545969066,639,OK that was the hard part; now pull me up.
762,331,17,54,169,240,1.3666666666666667,0.03955235336157465,639,"I always doubted climate change, and now I'm not sure about gravity."
255,333,17,47,157,221,1.3665158371040724,0.04188882103541399,639,Is this really the time to split hairs?
3931,333,16,49,156,221,1.3665158371040724,0.041394902977105276,639,Sir Isaac Newton be damned.
4078,333,23,35,163,221,1.3665158371040724,0.04473796306555357,639,"In retrospect, it probably made more sense for you to climb down first."
1838,336,18,49,165,232,1.3663793103448276,0.04094753929617789,639,"Sure, we'll have some drain issues but I'm hoping we can work through that."
1630,337,20,49,174,243,1.3662551440329218,0.040488819342341005,639,It's male pattern boldness
3294,338,18,46,160,224,1.3660714285714286,0.04196824677694896,639,"Sorry, Melania, I need all of it for my comb over."
1876,339,19,52,175,246,1.3658536585365855,0.03971717891760662,639,Must you check for lice every time I come home?
1375,340,18,47,162,227,1.3656387665198237,0.04156971792379989,639,"Well, could you at least help me get it back into the hat?"
4306,341,24,43,182,249,1.3654618473895583,0.041380929544389614,639,You have to climb down the up haircase.
198,342,18,44,157,219,1.365296803652968,0.04263341770511647,639,Why do we always go to your place?
2305,343,23,38,169,230,1.3652173913043477,0.04342506713714417,639,I can keep it up all night too.
521,344,19,50,172,241,1.3651452282157677,0.040284950616138925,639,The plan looked good on paper.
2973,345,21,48,178,247,1.3643724696356276,0.0404067559973899,639,Don’t I look presidential?
2490,346,20,39,158,217,1.3640552995391706,0.04387750391987979,639,Thinking outside the locks.
2478,346,21,37,159,217,1.3640552995391706,0.04436107243684685,639,"The supplements said they'd make me bigger, they just didn't say where..."
1924,348,15,53,160,228,1.3640350877192982,0.039994079407477796,639,Could you explain to me again how this is supposed to work?
4097,349,21,45,173,239,1.3640167364016735,0.041365392184343895,639,It's been like this for almost four hours.
2226,349,21,45,173,239,1.3640167364016735,0.041365392184343895,639,Something went terribly wrong after I ate some of Jack's magic beans.
250,351,13,46,139,198,1.3636363636363635,0.042909306433844746,639,This is not going to be a fairy tale ending.
3759,352,20,49,176,245,1.363265306122449,0.040213005074242726,639,You were right all along.  It's me who needs the rescuing.  I'm sorry.
884,353,20,45,169,234,1.3632478632478633,0.04154934106137841,639,Rapunzel! Rapunzel! Could you let down my hair?
1878,354,20,46,171,237,1.3628691983122363,0.04116788254356438,639,"In hindsight, building a ladder would have been quicker."
1690,355,14,54,158,226,1.3628318584070795,0.039725653969398055,639,"Yes, today is a good hair day."
2579,355,23,36,167,226,1.3628318584070795,0.043955771909742494,639,"I said, 'Come over,' not 'Comb over!'"
3204,355,17,48,161,226,1.3628318584070795,0.04118399790684892,639,"Simple. First,you pull me up. Then I hang by my heels and you slide down."
1764,358,23,49,190,262,1.3625954198473282,0.03947415374564741,639,It's easier if you just pull me up.
3063,358,25,45,192,262,1.3625954198473282,0.04020825461892392,639,Would you like to tie the knot?
3730,360,20,51,180,251,1.3625498007968126,0.039520627147847785,639,I think we're seeing a paradigm shift.
767,361,24,39,177,240,1.3625,0.04247045490395592,639,Things just always seem to work this way here in Australia.
4386,362,21,41,167,229,1.3624454148471616,0.042637026247094055,639,"Sure, now you appreciate my comb-over."
1283,362,17,49,163,229,1.3624454148471616,0.04080066819972021,639,"Wait a minute Rapunzel, I think we got this backwards."
3178,364,19,50,174,243,1.3621399176954732,0.04000894520485514,639,"Well, I thought those magic beans would make a good casserole."
1298,365,13,58,161,232,1.3620689655172413,0.038536202984325876,639,I’m pretty sure the book says “let DOWN your hair.”
801,366,21,38,162,221,1.3619909502262444,0.043745064711208655,639,I see they don't offer physics in your kingdom.
1577,366,22,36,163,221,1.3619909502262444,0.04421273596873208,639,This isn't what I meant when I suggested you reciprocate.
3311,366,18,44,159,221,1.3619909502262444,0.04231104679429341,639,It also makes the best man bun in the land.
623,369,18,61,189,268,1.3619402985074627,0.03698708535784774,639,They're extensions.
3163,369,23,51,194,268,1.3619402985074627,0.03883033824275897,639,"It’s a Trump toupee. The combing instructions are impossible, but it claims to be the best hairpiece for rappelling women."
502,371,19,51,176,246,1.3617886178861789,0.039660248878449426,639,"Be careful coming down, the mousse makes it slippery."
4135,372,15,51,158,224,1.3616071428571428,0.040444613543282965,639,"It's not symbolic of anything, just climb down."
179,373,17,52,169,238,1.361344537815126,0.0397052327675893,639,Just even up the ends.
2151,374,18,51,172,241,1.3609958506224067,0.03979402382984198,639,You should see it when it's curly.
3202,375,17,36,141,194,1.3608247422680413,0.045858985230746364,639,"Finally, a good hair day!"
2849,376,20,39,160,219,1.360730593607306,0.0435391016008457,639,"My recipe is equal parts Pantene, Rogaine and Viagra."
2735,377,22,41,173,236,1.3601694915254237,0.042118783744428935,639,"Chapter One of:

""Dyslexic Fairy Tales"""
4026,378,17,47,161,225,1.36,0.04126953601840712,639,"If you pull me up, I will never let you down."
851,379,20,42,166,228,1.3596491228070176,0.04227767595807281,639,"Leznupar, leznupar..."
1925,380,19,35,149,203,1.3596059113300492,0.045461419727384024,639,"I""'ll pull you up, then you can let me down"""
4352,381,22,52,193,267,1.3595505617977528,0.038538524949205864,639,"Alas, no winch for the wench."
1530,382,17,53,172,242,1.359504132231405,0.03922256838849046,639,You wanted long stairs to get down? I thought you said long hairs.
3308,382,22,43,177,242,1.359504132231405,0.04135059558232496,639,We didn't think this escape plan all the way through.
4301,384,19,40,158,217,1.359447004608295,0.0433205142823092,639,"Nice, but I'm actually waiting for the HEIR apparent."
2791,385,16,52,166,234,1.358974358974359,0.0396802620810605,639,Let’s make this easy. Take the stairs!
2935,386,20,49,179,248,1.3588709677419355,0.03980585062863778,639,For once just take the elevator like everyone else.
361,387,20,45,172,237,1.358649789029536,0.041107367126367485,639,The school board had the story rewritten to be hair neutral.
1308,388,21,48,182,251,1.3585657370517927,0.0398661273040226,639,The bottle said extra strong maximum hold. It even spelled extra and maximum with two x's. I think you'll be fine.
403,389,16,44,152,212,1.3584905660377358,0.04248883189343636,639,The barber called it an up-do.
3601,389,14,48,150,212,1.3584905660377358,0.04142317458146587,639,My ex got the ladder.
4384,391,16,50,163,229,1.3580786026200873,0.04026209681095249,639,I still say a Zip Line would be easier.
3918,392,24,39,180,243,1.3580246913580247,0.04202389500976219,639,"Just deal with it: you expected Prince Harry, but you got Prince Hairy."
3210,392,24,39,180,243,1.3580246913580247,0.04202389500976219,639,I got the idea watching the president.
3683,394,13,52,153,218,1.3577981651376148,0.040106120360336506,639,"Look, I've already met you more than halfway..."
790,395,18,47,167,232,1.3577586206896552,0.04082163736399969,639,Explain to me again how this is going to work....
587,396,20,39,162,221,1.3574660633484164,0.04320561579742976,639,"Fear not, fair maiden. The man bun obeys neither fashion nor physics."
1754,397,23,40,178,241,1.3568464730290457,0.04185184369745963,639,I'm thinking man-bun.
3449,397,16,54,171,241,1.3568464730290457,0.03885266779253646,639,Pull me up...haven’t you ever heard of gender equality?
1795,399,28,36,194,258,1.3565891472868217,0.04168100048137389,639,"Rapunzel, I am your father."
2241,400,22,43,179,244,1.3565573770491803,0.04106364039942995,639,I'll just go get the ladder.
846,401,21,40,169,230,1.3565217391304347,0.04241728062567117,639,"Yes, I'm happy to see you!"
2231,402,20,38,161,219,1.356164383561644,0.04347094976782645,639,Why upbraid me? I am here just to change your locks!
1092,403,25,39,186,250,1.356,0.041520498638972475,639,Can we do MY place next time?
2292,404,19,46,171,236,1.3559322033898304,0.04075152622817025,639,"Seriously, the one grey hair is your takeaway ?"
3802,405,15,49,158,222,1.3558558558558558,0.04060390285300568,639,"Yes, it's a comb-over."
4561,406,21,38,166,225,1.3555555555555556,0.0430843477718729,639,This should work Rapunzel - I mixed some Viagra in with my Rogaine and BINGO.
4547,406,17,46,162,225,1.3555555555555556,0.04120110270608701,639,Maybe pull me up for once.
3307,408,14,47,150,211,1.3554502369668247,0.041507703691632765,639,It's for when you sleep over at my tower.
1323,408,17,41,153,211,1.3554502369668247,0.04310799322440079,639,"Sir Rogaine, at your service m'lady."
2114,410,17,47,164,228,1.355263157894737,0.04081623443721991,639,"No, no. Just jump !"
2066,411,17,42,155,214,1.355140186915888,0.04267433942304338,639,Wanna comb over to my castle?
4388,412,20,47,178,245,1.3551020408163266,0.04009567898854796,639,"Rapunzel, Rapunzel, let down your sexist preconceptions."
961,413,21,40,170,231,1.354978354978355,0.042261448373984385,639,"Yes, the cartoons HAVE been getting weaker lately!"
2071,413,20,42,169,231,1.354978354978355,0.04181371189888027,639,I believe I’m the hair apparent.
3417,413,18,46,167,231,1.354978354978355,0.04090353861163837,639,"Brylcream and gorilla glue, my sweet."
1591,416,24,40,184,248,1.3548387096774193,0.04135736362324139,639,For many years I did Trump impressions.
976,416,15,47,155,217,1.3548387096774193,0.041229767637422886,639,I need you to know that I don't let my man bun loose and up just for anyone.
3892,416,19,39,159,217,1.3548387096774193,0.043250102074657716,639,Pull me up and then I let You down.
42,416,11,55,151,217,1.3548387096774193,0.039105193381486485,639,'I think we got this backwards.'
1141,420,17,55,179,251,1.3545816733067728,0.03817390090585028,639,"I don't know, I thought it made sense—you've never been outside, i'm afraid of heights....Just climb down."
2903,421,20,38,162,220,1.3545454545454545,0.04330317656442577,639,"Okay, I showed you mine, now show me yours."
738,422,19,41,163,223,1.3542600896860986,0.042403226652767315,639,This really only works when you come to my place.
2747,422,17,45,161,223,1.3542600896860986,0.041439538408259834,639,"No, no,no, you climb down..."
3432,424,18,38,153,209,1.354066985645933,0.043905074568130614,639,The ad said “male enhancement gel...”
1192,425,20,46,177,243,1.353909465020576,0.04031214001504299,639,"Are you sure,viagra shampoo?"
3438,425,15,56,172,243,1.353909465020576,0.03814469763271496,639,Are you sure you thought this through?
2804,427,15,45,152,212,1.3537735849056605,0.04188266557076361,639,That's not how this works. It's not how any of this works.
4284,428,19,49,178,246,1.353658536585366,0.03954102601050859,639,"Rapunzel, let down my hair, please."
4045,429,26,37,189,252,1.3531746031746033,0.0416201524316209,639,I said I'd show you mine if you'd show me yours.
3990,430,26,32,180,238,1.3529411764705883,0.043422227745285154,639,Maybe get a ladder ??
1558,430,16,52,170,238,1.3529411764705883,0.03912694281097265,639,I am just happy to see you.
486,430,15,54,169,238,1.3529411764705883,0.038671183494562146,639,Trust me. This is the hard way.
2203,433,21,43,177,241,1.3526970954356847,0.040956059443225154,639,Just take a little off the top
877,434,15,49,160,224,1.3526785714285714,0.04030294296035553,639,I’m just saying... It’s going to be easier for you to come down than for me to go up.
1694,435,21,44,179,244,1.3524590163934427,0.040590436836041965,639,"I get the irony Greg, but exactly how is this supposed to help me?"
831,436,19,42,166,227,1.3524229074889869,0.041839446752170606,639,"Um, I'm beginning to think that you should've gone first!"
1529,437,21,45,181,247,1.3522267206477734,0.04023323989485288,639,Maybe we should trade places
3805,438,20,35,158,213,1.352112676056338,0.044293338581255344,639,It's looking Grimm.
630,439,17,54,179,250,1.352,0.038239154432687286,639,A little off the top.
2107,440,19,40,163,222,1.3513513513513513,0.04249433022740296,639,Let's try this with me up there and you down here.
511,441,16,53,173,242,1.3512396694214877,0.038654860129592745,639,Stop nitpicking and pull me up!
4267,441,19,47,176,242,1.3512396694214877,0.039963425054070224,639,This is the first time you've ever let me down.
2921,443,21,50,191,262,1.3511450381679388,0.038563653100027455,639,I'm sorry. I must have wandered in to the wrong fairy tale.
4146,444,15,49,161,225,1.3511111111111112,0.04015402444353923,639,"Please, Rapunzel, I did not come all this way just to be upbraided by you."
1462,445,13,48,150,211,1.3507109004739337,0.040879352896393974,639,"Comb-over, Comb-over, I call Rapunzel over!"
3087,446,19,43,169,231,1.3506493506493507,0.041294096221925834,639,Really Donald?
2635,446,18,45,168,231,1.3506493506493507,0.040835754760764294,639,Would you mind climbing down instead?  I'm afraid of heights.
3342,448,18,46,170,234,1.3504273504273505,0.0404626769339452,639,"Don't yell at me, it's a lot harder to throw it up!"""
1501,449,19,38,160,217,1.3502304147465438,0.04317729806373516,639,"Well, it started as a simple comb-over..."
3564,450,19,45,173,237,1.350210970464135,0.04054192219137733,639,"I'm all for gender equality, Rapunzel, but I just don't think this way is going to work as well."
1442,451,14,42,144,200,1.35,0.04297363922617805,639,"Well, I thought I'd come up there for a change."
3197,451,19,46,175,240,1.35,0.040179166385535446,639,"In this day and age, I would never ask that you let down your hair."
1139,453,15,42,149,206,1.3495145631067962,0.04265489428036833,639,"Fear not, my love--I used extra hold."
1698,454,20,48,184,252,1.3492063492063493,0.03921497770668475,639,If this doesn't work the sorcerer has spoken to me of a device called a ladder.
746,455,20,35,160,215,1.3488372093023255,0.0439411417256242,639,"Slide down,it will  hold,it's the same hairspray that Trump uses!"
1999,455,15,45,155,215,1.3488372093023255,0.04139420104931745,639,How about if you come down instead?
2207,457,15,46,157,218,1.348623853211009,0.0409956691588349,639,"Um, I may not have thought this through"
2424,457,14,48,156,218,1.348623853211009,0.040476745850364496,639,Are you finally ready to tie the knot?
2645,459,21,35,165,221,1.3484162895927603,0.043540348456029956,639,"Well, it looks like we're at split ends."
1093,459,16,45,160,221,1.3484162895927603,0.041110646643024225,639,"Yes, I'm sure. I saw it in a book."
2284,461,19,47,178,244,1.348360655737705,0.039687214005436414,639,I don’t believe in traditional gender roles either!
2453,462,20,38,166,224,1.3482142857142858,0.04264424350988141,639,What exactly are we trying to accomplish here?
4215,463,14,51,162,227,1.3480176211453745,0.03936719435983157,639,"Yes, I did eat the magical bean soup. Why do you ask?"
2513,463,16,47,164,227,1.3480176211453745,0.040345330108492145,639,"They say length doesn't matter, but I wanted to play it safe."
2685,463,13,53,161,227,1.3480176211453745,0.0388688970369051,639,You sure this is how it's supposed to go?
850,466,19,42,169,230,1.3478260869565217,0.04137698089525192,639,"Rapunzel, Rapunzel – let down your hair conditioner."
3763,466,20,32,155,207,1.3478260869565217,0.045157750206504046,639,"Comb over, comb over, send Rapunzel right over."
1280,468,16,49,168,233,1.3476394849785407,0.03961698789097162,639,It's not just about getting rescued from a tower. It's about redefining traditional gender roles in the workplace.
2412,469,21,42,179,242,1.3471074380165289,0.04074908463184896,639,Is this supposed to impress me?
4424,469,15,54,173,242,1.3471074380165289,0.038140970589456306,639,I find it hard to let my hair down.
2978,471,17,42,160,219,1.3470319634703196,0.04185229167120903,639,I'll be first to admit it ; I have a competitive streak.
3773,471,17,42,160,219,1.3470319634703196,0.04185229167120903,639,"OK, my shoes are off. Can I come in now?"
2928,473,17,52,179,248,1.346774193548387,0.038368479093898844,639,Careful - it's a weave.
1719,474,14,50,161,225,1.3466666666666667,0.03958114029012639,639,I ate some seeds from a kid named Jack
3846,475,24,39,188,251,1.346613545816733,0.04087579505937668,639,Wanna comb-over to my place?
2345,476,13,46,149,208,1.3461538461538463,0.04119772993058664,639,"Well it wouldn't make any sense for me to climb up there, would it?"
2492,477,19,45,176,240,1.3458333333333334,0.040113123105553185,639,"Rapunzel,Rapunzel,let down my hair goddamn it"
1852,478,20,44,179,243,1.345679012345679,0.040185216139098,639,"Tell me again, how will this subvert the patriarchy?"
2022,479,23,39,184,246,1.3455284552845528,0.041063932821181925,639,I probably should have just built a ladder.
2414,480,17,42,161,220,1.3454545454545455,0.04169147154035187,639,"""To hell with this. Why don' t you just use the elevator?"""
500,480,15,46,159,220,1.3454545454545455,0.040683618304788845,639,No you.  I don't like heights.
2556,482,13,51,159,223,1.345291479820628,0.03928741414330679,639,What do you mean you've gotten used to the place?
1627,483,19,40,167,226,1.345132743362832,0.04185465463253793,639,This combover is going to make me president.
4240,483,11,56,159,226,1.345132743362832,0.037909908734908196,639,I just feel like gender roles are changing.
707,485,18,43,168,229,1.3449781659388647,0.04099494358737954,639,Of course it will hold you...I used Trump hairspray.
3843,485,15,49,165,229,1.3449781659388647,0.0395685391250882,639,Maybe next time you could come to my place?
1145,487,18,44,170,232,1.3448275862068966,0.040617204455690295,639,Precautions?  Sure my darling-- I brought a scrunchie.
3170,488,18,55,191,264,1.3446969696969697,0.03711274596535153,639,I'm not sure I get where this relationship is heading.
834,489,17,37,152,206,1.3446601941747574,0.04366826656126661,639,Do you think maybe we've got this upside down?
1184,490,21,40,177,238,1.3445378151260505,0.041200451500409595,639,...I didn't think getting to my polling place would be THIS hard.
3914,490,22,38,178,238,1.3445378151260505,0.04162852897593947,639,Sometimes Viagra affects other body parts.
598,492,17,49,175,241,1.3443983402489628,0.03909747229984931,639,Like I said 27 years ago... I have a plan to get you down!
3065,493,22,40,182,244,1.3442622950819672,0.04087890559080245,639,"I said to myself, if Trump can do it, how hard can it be?"
1100,494,18,49,180,247,1.3441295546558705,0.038858372826319466,639,Dandruff? You're worried about dandruff?
4070,495,17,41,160,218,1.3440366972477065,0.041936904051375075,639,Could you take a little off the top?
4377,496,16,44,161,221,1.3438914027149322,0.04103360518272499,639,"You can reject the patriarchy and stay up there, or embrace the hair gel and slide on down."
446,496,17,42,162,221,1.3438914027149322,0.04153182020505166,639,"No, I have not seen ""There's Something about Mary"". Why do you ask."
539,496,12,52,157,221,1.3438914027149322,0.03897711396806883,639,Is this another one of your hair-raising schemes?
1937,499,19,49,185,253,1.3438735177865613,0.03861810117206095,639,"Easy, it’s an extension."
2439,500,19,39,166,224,1.34375,0.042099007510582015,639,It started as a comb over.
3361,500,16,45,163,224,1.34375,0.04064739994978486,639,"I’m pretty sure, it’s the other way around."
1670,502,23,43,193,259,1.3436293436293436,0.03952991191217669,639,"And the carpet matches the drapes, if you know what I mean."
3690,503,16,48,169,233,1.3433476394849786,0.03954477458718325,639,Tie a square knot with yours and I'll be right up!
3920,504,22,37,177,236,1.3432203389830508,0.0418640563779353,639,"It is I, Sir Excess of Rogain!"
4447,504,20,41,175,236,1.3432203389830508,0.040993599049646105,639,"""I promise I won't let you down."""
2272,506,19,45,178,242,1.3429752066115703,0.03983201279573958,639,Up the down hairpiece.
2483,507,19,47,182,248,1.342741935483871,0.03914551424895059,639,"Rapunzel, why don't you come down for a change?"
235,508,15,44,157,216,1.3425925925925926,0.0411526820727097,639,I like that we don't adhere to traditional roles.
2146,509,17,41,161,219,1.3424657534246576,0.04177452049853836,639,"Geez Rapunzel if you tie it up there and slide, who’s going to untie it?"
2594,510,16,45,164,225,1.3422222222222222,0.04049517139765645,639,Soooo....how's this going to work again?
3680,511,20,38,170,228,1.3421052631578947,0.04200418736042455,639,I'm the lock expert you requested.
3337,512,17,45,169,231,1.341991341991342,0.0402286622447473,639,Tie it to something!
1982,512,20,39,172,231,1.341991341991342,0.04160860264074141,639,I actually identify as a ladder.
263,514,19,42,173,234,1.3418803418803418,0.040775283691541445,639,I thought maybe we could go out for a change.
22,515,15,51,171,237,1.3417721518987342,0.03859537090043002,639,"Well, what do you expect for a plan B?"
4258,516,19,44,177,240,1.3416666666666666,0.040045156983853365,639,Just an inch off the top
2701,517,21,42,183,246,1.3414634146341464,0.04018314492916653,639,"I was going to sell it to a wig maker and buy a ladder, but yeah, your idea could work too."
3474,517,16,52,178,246,1.3414634146341464,0.03806264717345863,639,It’s ok...you can do it...I used a lot of hairspray!
514,517,19,46,181,246,1.3414634146341464,0.03934866104176253,639,"To hell with your fairytale gender norms, I'm letting MY hair up!"
3441,520,14,44,153,211,1.3412322274881516,0.04125958568061568,639,I'm not falling for this!
2131,521,20,47,188,255,1.3411764705882352,0.03876223868720963,639,I AM JUST GLAD TO SEE YOU
4083,521,15,57,183,255,1.3411764705882352,0.03671673572632151,639,Aren’t you going to invite me up?
3598,523,19,35,160,214,1.341121495327103,0.043461045869055547,639,I thought we could go out for a change.
3101,524,16,45,165,226,1.3407079646017699,0.040344018849703185,639,"I'm thinking braid, or maybe a bun."
3853,525,17,44,168,229,1.3406113537117903,0.04045068879962063,639,"I, Sir Pompadour, am here to save you. Slide down."
2587,525,18,42,169,229,1.3406113537117903,0.04092143197368203,639,In the village it's called a Trumpé.
4092,527,19,41,172,232,1.3405172413793103,0.04100249982617788,639,I have been hoping we can both let our hair down
1455,528,19,42,174,235,1.3404255319148937,0.040627456759110274,639,"It's okay, gravity hasn't been discovered yet."
3378,528,16,48,171,235,1.3404255319148937,0.039261679731065445,639,"Yes, I know Dr. Freud would love this."
2141,530,16,49,173,238,1.3403361344537814,0.03891791814238961,639,Trust me.
4441,530,14,53,171,238,1.3403361344537814,0.03799591966003298,639,Just a bit off the top.
2538,532,19,45,180,244,1.3401639344262295,0.03955462634467935,639,I'll take a foot off the end and throw in some highlights
2668,532,15,53,176,244,1.3401639344262295,0.03781062035434441,639,We must assess the gravity of the situation.
3052,534,23,40,190,253,1.3399209486166008,0.040148181832677474,639,That isn’t a beanstalk and I’m not Jack.
3694,535,11,48,147,206,1.3398058252427185,0.04019063978387881,639,You’re just a big tease
2855,536,14,44,154,212,1.3396226415094339,0.04109603678852384,639,"Role reversal is therapeutic, sweetie - it's just not pragmatic right now."
3149,537,13,47,155,215,1.3395348837209302,0.04016212349496342,639,I just think we should avoid outdated gender roles.
3873,537,12,49,154,215,1.3395348837209302,0.039617260789921824,639,My barber has done it the same for 20 years.  Shorter on the sides and leave it long on top.
299,539,16,43,162,221,1.339366515837104,0.04095414641324137,639,Scroll down
3615,539,17,41,163,221,1.339366515837104,0.04145331643777363,639,Now show me yours.
3785,541,14,49,164,227,1.3392070484581498,0.03921201980450252,639,"Listen, I have more than met you half way here."
4056,542,19,42,175,236,1.3389830508474576,0.040480648975021835,639,"Come on Rapunzel, let down my hair!"
1421,543,15,53,177,245,1.3387755102040817,0.03768156284185194,639,Hmmm I don’t know. I think we should re-read the book.
15,544,17,53,187,257,1.33852140077821,0.0373026254646187,639,"Rapunzel, Rapunzel let down my hair."
3049,545,16,37,151,204,1.338235294117647,0.04330524746806239,639,"Rapunzel, I think we screwed this up."
408,546,15,45,162,222,1.337837837837838,0.040295209751909124,639,"Sorry, are we doing this backwards?"
1730,547,13,50,162,225,1.3377777777777777,0.038916090260055006,639,I held up my end now you hold up yours.
3141,548,18,41,169,228,1.337719298245614,0.04099853390954608,639,Methinks the aphrodisiac is to blame
2383,548,19,39,170,228,1.337719298245614,0.041467127286508115,639,Pull me up! My dad wants me to join the crusades.
793,548,16,45,167,228,1.337719298245614,0.040044900516865656,639,"Yes, I did use a bit of product."
105,551,12,55,167,234,1.3376068376068375,0.03741614735835115,639,"Yes, yes; tie it to the bedpost, slide down, and, and...foh! Tarry a minute and let me think this out."
1198,551,14,51,169,234,1.3376068376068375,0.03838401963543788,639,Mousse. Lots and lots of mousse.
2601,551,21,37,176,234,1.3376068376068375,0.04159459152564304,639,"No no, the combover looks great, but I'm busy tonight."
2118,554,14,52,171,237,1.3375527426160339,0.0380540621500361,639,But you told me you liked it when I wore my hair up.
4521,555,16,50,177,243,1.337448559670782,0.038314934190275825,639,"Before you cut my hair off, let's be sure these slippers fit."
1099,556,17,50,182,249,1.3373493975903614,0.03810485143286503,639,I told you on our first date that I'm very competitive.
1466,556,21,42,186,249,1.3373493975903614,0.03976845688010598,639,You should see it when it's fully erect.
4202,558,20,52,201,273,1.336996336996337,0.03687967080924516,639,"I hope this works, or I just wasted a ton of money on hair gel."
3839,559,20,31,160,211,1.3364928909952607,0.04433846470592797,639,"This isn't working, Rapunzel.  Let down my hair."
2880,560,18,37,162,217,1.336405529953917,0.04244470623547803,639,Want to tie the knot?
3339,560,18,37,162,217,1.336405529953917,0.04244470623547803,639,This might be the shortest fairy tale ever.
3868,562,17,40,163,220,1.3363636363636364,0.04153276722797729,639,It only works if I’m up there and you’re down here.
4518,562,13,48,159,220,1.3363636363636364,0.03948324647179996,639,It's a little known version by the other brother Grimm.
217,562,18,38,164,220,1.3363636363636364,0.04202953430658558,639,"I am the Earl of Pompadour, at your service"
1975,562,16,42,162,220,1.3363636363636364,0.041029986024835964,639,"I think there's been a mix up, my tickets were for Cinderella."
3551,566,22,32,172,226,1.336283185840708,0.043096123581710145,639,"It’s a compound of Brylcreem & Viagra.  Hop on, slide down;
the pleasure’s all mine!"
3558,567,23,32,177,232,1.3362068965517242,0.04271356736370745,639,Ha!  I bet you’re not laughing at my combover now.
2385,568,19,42,177,238,1.3361344537815125,0.04019005210524753,639,The ends justify the means m'lady.
2402,569,18,50,188,256,1.3359375,0.037766490806250816,639,"Somehow, I don't think this is going to work."
924,570,15,35,144,194,1.3350515463917525,0.04422218881952286,639,"Yes, I am Rapunzels brother. Why do you ask?"
168,571,16,38,155,209,1.3349282296650717,0.04250912563143302,639,Who’s Newton?
2837,572,15,46,166,227,1.3348017621145374,0.0396259129320538,639,Rewrite!
2700,573,15,48,170,233,1.3347639484978542,0.03892147333540289,639,This works better if we reverse places
1593,574,16,53,185,254,1.3346456692913387,0.03712185879416029,639,The instructions were in Old English but I think this is right.
2007,574,21,43,190,254,1.3346456692913387,0.03916178443049854,639,Donald taught me how.
4554,576,16,47,174,237,1.3333333333333333,0.03890684873202829,639,"Leznupar, let up your hair."
4283,576,19,42,179,240,1.3333333333333333,0.03990341663602586,639,I'm here for the hairway to heaven.
4186,576,15,38,151,204,1.3333333333333333,0.042651124861819205,639,Could you at least meet me half way?
4032,576,21,35,175,231,1.3333333333333333,0.04191297423079543,639,"Hair me up, Scotty."
3275,576,14,51,172,237,1.3333333333333333,0.03797667003155671,639,"It took over 20 gallons of gel, but now you can slide down."
3110,576,18,39,168,225,1.3333333333333333,0.041307979935470175,639,"Look, I understand that we're trying to challenge gender roles here, but I just don't think gravity is on our side on this one."
3096,576,25,30,185,240,1.3333333333333333,0.04244393572877953,639,Do these shoes make me look fat?
3003,576,15,50,175,240,1.3333333333333333,0.03811577947886235,639,"My Rogaine is your gain, my fair lady!"
2605,576,15,49,173,237,1.3333333333333333,0.03844457273102843,639,I said you should COME over!
2212,576,17,41,167,225,1.3333333333333333,0.040824829046386304,639,"Hey, fifteen years to grow this. The least you can do is give it a shot"
2154,576,17,44,173,234,1.3333333333333333,0.039715801955700326,639,Rumpletrumpskin
2026,576,22,38,186,246,1.3333333333333333,0.040460815553640894,639,Rupunzel! Rupunzel! Slide down my pomade.
1865,576,15,46,167,228,1.3333333333333333,0.039479050909966576,639,"'Tis a man bun, my lady."
1395,576,24,28,176,228,1.3333333333333333,0.04366212574670555,639,"It's over, Fred. You voted Republican."
116,576,17,41,167,225,1.3333333333333333,0.040824829046386304,639,We've got to get our stories straight or no one will believe us.
18,576,16,45,170,231,1.3333333333333333,0.03960403804347979,639,Pull!
2254,576,16,50,180,246,1.3333333333333333,0.037920621875295026,639,"Go ahead and slide down, I moussed it"
3284,593,15,54,184,253,1.33201581027668,0.036750898223652885,639,What do you mean you don't love me?!  It took me twenty-three years to grow this.
3639,594,12,58,177,247,1.3319838056680162,0.036006805496363765,639,They're plugs . . so don't pull.
3482,595,14,53,177,244,1.3319672131147542,0.037213602146818583,639,Wherefore art thou Comb-meo?
2378,595,16,49,179,244,1.3319672131147542,0.03810924968541259,639,This seemed much easier in my head.
4175,597,23,33,182,238,1.3319327731092436,0.04184715599477127,639,"'IT""S CALLED THE TRUMPIAN COMB"""
2634,597,12,55,171,238,1.3319327731092436,0.03689383465238338,639,I'm tired of always climbing up...you slide down for once!
2689,599,17,44,174,235,1.3319148936170213,0.039571867331296036,639,I think you should try coming over to my house for a change.
3351,600,16,45,171,232,1.331896551724138,0.03945912813155782,639,"Of course I love you, but are we sure about the science here?"
1879,601,16,44,169,229,1.331877729257642,0.03981717502485187,639,I'm thinking of running for president.
1080,602,16,43,167,226,1.331858407079646,0.04018409442576273,639,Don’t we have this backwards?
1596,602,19,37,170,226,1.331858407079646,0.04162638039889609,639,They weren’t kidding when they said ‘a little dab will do you.’”
1274,604,17,40,166,223,1.3318385650224216,0.04105523084488156,639,I just didn't want to grow a part.
3257,605,14,45,161,220,1.3318181818181818,0.03991930234894412,639,Maybe we should switch places?
3182,606,13,46,158,217,1.3317972350230414,0.03976339152812355,639,"Pull me up, so I can rescue you!"
1270,607,14,43,157,214,1.3317757009345794,0.040683232216291165,639,"Trust me, it's no fairy tale out here."
837,608,20,42,186,248,1.3306451612903225,0.03935765934265202,639,Stop teasing my hair!
1301,609,17,45,177,239,1.3305439330543933,0.03908319372745911,639,"Trust me, your situation's not that Grimm."
1116,610,19,40,177,236,1.3305084745762712,0.040333164220140855,639,Now pull.
2828,610,15,48,173,236,1.3305084745762712,0.038503454770517045,639,You can rappel can’t you Rapunzel?
2917,612,14,47,166,227,1.330396475770925,0.03904743327146463,639,"Yes, if you let down your hair, I could climb up to get to you, but then what?"
1208,613,17,39,165,221,1.330316742081448,0.041289099696711726,639,"Just a few inches off the top, basically whatever you can reach."
2364,614,18,36,164,218,1.3302752293577982,0.04219392998634829,639,I am excited to see you!
2430,615,13,45,157,215,1.330232558139535,0.03998301322970297,639,"I'm telling you, the hairspray will hold."
1499,616,13,44,155,212,1.330188679245283,0.04036595773630546,639,Your profile picture looked different.
554,617,15,39,155,209,1.3301435406698565,0.041872600567323365,639,Please don't tell anyone it's a comb-over.
4189,617,13,43,153,209,1.3301435406698565,0.04075906559727078,639,I've had a hard time reaching you.
4143,619,12,43,148,203,1.3300492610837438,0.040986797398978994,639,It isn’t normally like this. It must be the humidity.
4505,620,14,54,181,249,1.3293172690763053,0.03666089178039643,639,Now just pull me up and we can live happily ever after!
2331,621,16,48,179,243,1.3292181069958848,0.0381667063070912,639,I think the pills worked!
3604,622,15,49,176,240,1.3291666666666666,0.038038516717504585,639,This can’t be right.
3243,623,22,34,181,237,1.3291139240506329,0.04150004888119675,639,I washed my hair with Viagra.
1960,624,18,41,175,234,1.329059829059829,0.04009782093579037,639,Do we really have time to discuss the Freudian implications of this whole scenario?
2797,624,20,37,177,234,1.329059829059829,0.04100244046432531,639,"From what I've read, I think we've got this backwards."
2612,626,18,39,171,228,1.3289473684210527,0.04084114137130732,639,"I’m just saying, it’d be nice to not always be the one doing the climbing."
409,626,14,47,167,228,1.3289473684210527,0.03890279395953517,639,"I completely agree with your point about gender roles, but I still think this would have worked better the other way around."
4445,626,18,39,171,228,1.3289473684210527,0.04084114137130732,639,I feel like we are splitting hairs here
4556,629,15,43,164,222,1.3288288288288288,0.040126246772754434,639,I wanted to comb over tonight.
438,629,13,47,162,222,1.3288288288288288,0.03909713783352672,639,"Sorry Rapunzel, you'll have to lift me up again. I grabbed your shoes, not mine !"
2876,629,15,43,164,222,1.3288288288288288,0.040126246772754434,639,I think this would be easier if we switched places.
903,632,15,42,162,219,1.3287671232876712,0.0405051589931231,639,Make up your mind. Am I going up or are you coming down?
2979,632,17,38,164,219,1.3287671232876712,0.041526516536073525,639,I am sorry darling - Viagra works differently on different people.
3327,634,15,40,158,213,1.3286384976525822,0.041292805459497435,639,"Wow, is there anything that coconut oil can't do?"
4313,635,20,43,190,253,1.3280632411067195,0.03875751426066239,639,"Rapunzel! Rapunzel! Let down your tea tree and coconut oil infused, sulfate- and paraben-free shampoo!"
501,635,15,53,185,253,1.3280632411067195,0.036678289610210954,639,Oh yeah there’s definitely gum in here
592,637,17,47,183,247,1.3279352226720649,0.038150617969903364,639,Anything's a ladder with enough hairspray.
3456,638,19,42,183,244,1.3278688524590163,0.03934173236148483,639,I thought you wanted to eliminate gender bias
1340,639,15,48,175,238,1.3277310924369747,0.03822947830147558,639,I didn't expect courtship to be such a hair-raising experience.
4169,640,15,45,169,229,1.3275109170305677,0.03925020298688105,639,Of course I'm serious.  I spent a fortune on hair spray.
2511,640,12,51,166,229,1.3275109170305677,0.03775794384328376,639,Wait. I think we're doing this wrong.
2708,640,12,51,166,229,1.3275109170305677,0.03775794384328376,639,"I'm your 2 o'clock appointment"""
3634,640,17,41,171,229,1.3275109170305677,0.04021429068549176,639,There's gel in it. Just slide down.
4500,644,19,36,171,226,1.3274336283185841,0.04154582157276284,639,"Call me a purist, but this one reason why I hate fan fiction."
4112,645,15,42,163,220,1.3272727272727274,0.04034830804054124,639,If you'd been living out here you'd know why I want to be pulled up!
3505,646,14,43,160,217,1.327188940092166,0.04020598557555915,639,"Well, if you think THIS is strange, wait till you see the cartoonist's take on 'Rumpelstiltskin'."
1291,647,20,45,195,260,1.3269230769230769,0.037994641592554015,639,It's an updoo.
1801,648,16,50,185,251,1.3266932270916334,0.03728027909255645,639,"Sorry about my hair, I recently switched over to ""Jack's Magic Beans"" shampoo."
681,649,18,45,185,248,1.3266129032258065,0.03844646127531532,639,We only have four hours until I have to call a doctor.
1668,649,13,55,180,248,1.3266129032258065,0.036261288866247444,639,"Pull, dammit."
2777,649,19,43,186,248,1.3266129032258065,0.038868756700785996,639,"Fairy Tales 2018 Edition:
Reversing the Gender Roles"
2869,652,16,48,181,245,1.3265306122448979,0.037901977564752116,639,Now can you appreciate my man-bun?
1179,653,23,33,186,242,1.3264462809917354,0.04124422510797432,639,Don't worry; it'll hold! I use the same hairspray as Trump!
3997,653,16,47,179,242,1.3264462809917354,0.03822354597790222,639,It's a magic comb over.  Jump on and slide on down.
2738,655,20,37,179,236,1.326271186440678,0.04070181264001611,639,"I'm not just the president of Hair Club for Men, I'm also a client."
3264,656,16,43,171,230,1.326086956521739,0.03958765014577595,639,Doth not devotion outweigheth poor planning?
1912,657,16,42,169,227,1.3259911894273129,0.03994964179835833,639,How is your idea any different?
3841,658,19,34,168,221,1.3257918552036199,0.04218989666022325,639,"Try to remember, Prince. You take the Viagra. I use the Minoxidil."
2799,658,17,38,166,221,1.3257918552036199,0.041203357990512765,639,That's quite a cowlick you've got there.
3943,660,11,46,152,209,1.325358851674641,0.03951409359125118,639,Let’s rethink this...
4024,661,20,41,188,249,1.3253012048192772,0.039150397623095544,639,The label says strong hold
1741,662,17,45,181,243,1.3251028806584362,0.03853348297792742,639,"They call it a ""Cowlick""."
4455,663,15,48,177,240,1.325,0.037959183099613165,639,You're sure it works both ways?
533,663,17,44,179,240,1.325,0.03886688292831647,639,This could be our last meeting - I'm out of hair gel.
2838,665,23,31,183,237,1.3248945147679325,0.0418548184884704,639,"When you go high, I go low"
204,666,17,42,175,234,1.3247863247863247,0.03955760255395384,639,"Oh shoot, you were supposed to go first"
4084,666,12,52,170,234,1.3247863247863247,0.03716707843289532,639,and you said my manbun was useless
375,668,15,44,169,228,1.3245614035087718,0.0393112647221015,639,A little off the top please
4122,668,14,46,168,228,1.3245614035087718,0.03881665456202886,639,Are those new extensions or are you just really happy to see me?
753,670,14,45,166,225,1.3244444444444445,0.0391668073846397,639,"Rapunzel, still think we don't have anything in common?"
3047,670,15,43,167,225,1.3244444444444445,0.03967015679812731,639,"So, is it a gray?"
4023,672,13,46,163,222,1.3243243243243243,0.03900662283324791,639,"So if I lose the comb-over, then you’ll come down?"
135,673,18,47,191,256,1.32421875,0.037559153457249875,639,I changed my mind... pull me up instead!
622,674,15,52,186,253,1.3241106719367588,0.03660384333257069,639,I didn’t say I was troubled by a bad cough. I said by a “bad coif!”
3451,674,17,48,188,253,1.3241106719367588,0.037451041906592604,639,You’re living in a fairy tale if you think I have the upper body strength for this.
2126,676,12,46,158,216,1.3240740740740742,0.03918715853369819,639,"Climb down, or pull me up. Works either way."
3212,677,20,38,183,241,1.3236514522821576,0.0400456142756944,639,"No No, don't slide, Rapunz, rappel, rappel."
2707,677,15,48,178,241,1.3236514522821576,0.03782539477204423,639,This is such a lose lose situation.
3668,679,19,39,180,238,1.3235294117647058,0.03996422435118709,639,It seems the product I got over the internet for that...uhh...little problem of mine has a side effect...
4572,680,18,40,177,235,1.323404255319149,0.039871879875373696,639,You could just jump.
854,680,14,48,173,235,1.323404255319149,0.03800376044882143,639,"Hurry, my love. The Aqua Net won't hold forever."
1172,680,15,46,174,235,1.323404255319149,0.03847929387849536,639,"OK , that works too."
3758,683,10,55,167,232,1.3232758620689655,0.036335109112503865,639,I think this'll work better if you let your hair down instead.
1748,684,13,48,168,229,1.3231441048034935,0.03817429500711479,639,I thought I'd let my hair up for a change.
3512,684,21,32,176,229,1.3231441048034935,0.041996663707890944,639,"My Lady, I don't think the gravity of our situation will be enough."
3900,684,11,52,166,229,1.3231441048034935,0.037157315006124514,639,It’s safe to come down. I used five bottles of hair gel.
4356,684,13,48,168,229,1.3231441048034935,0.03817429500711479,639,Careful! It's not mine.
1143,688,16,41,169,226,1.323008849557522,0.04001483352841546,639,"I've been climbing your hair all week, how about you meet me halfway?"
428,689,17,38,168,223,1.3228699551569507,0.040884991129639954,639,"Just take a little off the top, please."
4250,689,13,46,164,223,1.3228699551569507,0.03885853735690665,639,They really seemed confident role reversal would help us.
1613,691,16,39,165,220,1.3227272727272728,0.040770486103023966,639,"Don't worry, I used maximum hold."
3489,692,12,46,159,217,1.3225806451612903,0.0390347335163535,639,"I’m afraid of heights, so I thought maybe you could come down instead."
69,693,11,47,156,214,1.3224299065420562,0.03883712227745343,639,how about YOU ask ME out?
1063,694,18,42,182,242,1.322314049586777,0.03903334214729516,639,I can't plant the magic beans. I ate them.
1225,694,17,44,181,242,1.322314049586777,0.03859157190868458,639,Best comb-over ever!
1519,696,22,33,184,239,1.3221757322175731,0.04112284058327361,639,I think we got this bass ackwards.
2572,697,10,47,151,208,1.3221153846153846,0.03897917874543,639,It looked so easy in the infomercial.
4472,698,15,46,175,236,1.3220338983050848,0.03834039649043655,639,It's the same gel that Trump uses.
3746,698,9,58,169,236,1.3220338983050848,0.03540640963058075,639,You said you wanted me to meet you halfway...'
2070,698,17,42,177,236,1.3220338983050848,0.03926970914605402,639,"Don't worry, it's ""extreme hold""."
3259,698,16,44,176,236,1.3220338983050848,0.038807834643661575,639,"I thought you said, ""Can you hair me."""
2337,698,15,46,175,236,1.3220338983050848,0.03834039649043655,639,"Ok, now jump..."
1218,698,13,50,173,236,1.3220338983050848,0.03738799205188853,639,Not too much off the top.
1658,704,11,43,148,202,1.3217821782178218,0.04034362964800941,639,I know.  I can't do a thing with it either.
4176,705,17,40,173,230,1.3217391304347825,0.039980844176191875,639,"Well, do you want to be rescued or wait for a prince without dandruff?"
2202,706,21,40,194,255,1.3215686274509804,0.03882466784456759,639,Keep scrolling! Eventually you'll get to the good part.
2948,707,16,40,168,224,1.3214285714285714,0.04023303128123321,639,I had a Translator read the story to me.
4414,707,16,49,187,252,1.3214285714285714,0.03707945446946775,639,I told you we should have gone with the ladder option.
1581,707,16,40,168,224,1.3214285714285714,0.04023303128123321,639,"If you see a gray one, be a dear and pull it out."
2368,707,14,44,166,224,1.3214285714285714,0.03922524610856946,639,Sign there to indicate that you've reviewed the Perms & Conditions.
1513,707,15,42,167,224,1.3214285714285714,0.03973233405146578,639,What do you mean I can't come up?
1195,712,18,35,168,221,1.3212669683257918,0.04161241242872112,639,It's now or never. The kingdom is out of hairspray.
1008,713,12,54,177,243,1.3209876543209877,0.03617679340356049,639,"I don't care what you read in a fairy tale, this isn't going to work!"
4057,714,17,43,180,240,1.3208333333333333,0.038787370816040286,639,"""Rapunzel, Rapunzel, throw down your Nair™."
3697,715,11,46,155,212,1.320754716981132,0.039043341661060535,639,"Okay, now pull me up. Unless you can think of a better idea."
1845,716,12,52,173,237,1.3206751054852321,0.03677165020013388,639,There's a metaphor in this somewhere.
4127,716,16,44,177,237,1.3206751054852321,0.038667623169563875,639,"I agree, but in a post-truth world a lot of things don't seem exactly right."
4449,716,16,44,177,237,1.3206751054852321,0.038667623169563875,639,Mind if I comb over?
3989,719,15,37,157,209,1.3205741626794258,0.04168027565462505,639,"I was thinking about our situation, and then suddenly - BAM! Right off the top of my head, it came to me."
4347,720,11,53,170,234,1.3205128205128205,0.03658146569904303,639,"Never mind the split ends; my ROOTS are strong, just pull me up."
340,720,15,45,174,234,1.3205128205128205,0.03853483350364872,639,Are you sure this is how the fairy tale goes?
2053,720,17,41,176,234,1.3205128205128205,0.03947528686894829,639,"Right, now just slowly climb down."
3421,720,20,35,179,234,1.3205128205128205,0.04084538644367942,639,"Toupee, or not toupee?"
3678,724,17,40,174,231,1.3203463203463204,0.03983174954802634,639,Is that 50 gallons of hair spray or are you just glad to see me?
62,724,13,48,170,231,1.3203463203463204,0.037894514226193145,639,"I'm all about bucking gender roles, but how's this supposed to work?"
385,726,17,39,172,228,1.3201754385964912,0.04019697832757771,639,"Slide down, I used plenty of gel."
3854,726,16,41,171,228,1.3201754385964912,0.03971340081136952,639,My unruly hair had kept love way out of reach. Then I tried Rapun-gel!
4060,726,15,43,170,228,1.3201754385964912,0.03922386188713727,639,"Rapunzel, my love, I'm trying a different approach."
145,729,18,45,190,253,1.3201581027667983,0.037793790018478844,639,So if you could just take a little off the top.
3419,730,15,49,183,247,1.319838056680162,0.037122033650496926,639,"Come to think of it, Wig World may have sent ""The Beanstalk,"" not ""The Rapunzel."""
2149,731,14,43,165,222,1.3198198198198199,0.03943384567346852,639,Foreget whose hair is suppose to do what and just slide down.
3857,731,14,43,165,222,1.3198198198198199,0.03943384567346852,639,"You know, I think let down is gonna read better than lift up”"
1405,733,17,44,183,244,1.319672131147541,0.03831997201442166,639,"Rapunzel, I think reverse engineering  is not going to work"
101,734,14,42,163,219,1.3196347031963471,0.0398000876507419,639,"I see where you are going with this, but it's not going to have a happy fairytale ending."
1993,734,12,46,161,219,1.3196347031963471,0.03873323258448914,639,I am not sure if I mentioned this in my profile.
1942,736,16,45,180,241,1.3195020746887967,0.03819907186622815,639,"I don't care what your therapist told you, this roll-reversal idea just isn't going to work."
4443,737,15,46,177,238,1.319327731092437,0.03806545281429366,639,Pull me back up! These aren’t my running shoes.
1361,737,16,44,178,238,1.319327731092437,0.03852837809745235,639,"Try tying it off to the radiator, then slide down."
1910,737,12,52,174,238,1.319327731092437,0.03664160252183481,639,"I said, ""pick the lock"" not ""pick a lock."""
2821,740,16,36,161,213,1.3192488262910798,0.04163881959311467,639,How many Viagra did you take??
1021,740,12,44,157,213,1.3192488262910798,0.03945412128680052,639,Even taller with my shoes ON.
2581,740,13,42,158,213,1.3192488262910798,0.04001148071694126,639,Can't we just cuddle and talk like a normal couple?
3521,743,15,45,175,235,1.3191489361702127,0.03839473717384159,639,Just tie it to the table and push the table down the stairs.
272,744,16,42,174,232,1.3189655172413792,0.03921069463481772,639,I’m not really sure how this helps you.
1509,744,14,46,172,232,1.3189655172413792,0.038247098819027235,639,A comb-over by definition is over the top.
2480,744,17,40,175,232,1.3189655172413792,0.03968371928866002,639,"That's not entirely fair -- ""Step Two""  was confusingly written."
2130,747,16,41,172,229,1.3187772925764192,0.0395643114912148,639,It's surprising what you can conceal beneath a beret.
2194,747,15,43,171,229,1.3187772925764192,0.03907722320432888,639,We can't go on like this. I'm getting a haircut.
3012,747,15,43,171,229,1.3187772925764192,0.03907722320432888,639,Go ahead it’s extra-hold.
215,750,13,54,184,251,1.3187250996015936,0.035817597231308854,639,I thought we could try a role reversal this time around?
2410,751,17,50,197,264,1.3181818181818181,0.03625690061751871,639,"Please, stop teasing me."
1205,752,17,42,180,239,1.3179916317991631,0.0388453282900452,639,"w
What kind of hair-brained scheme is this?"
2109,752,14,48,177,239,1.3179916317991631,0.037463021859003735,639,It started as a comb-over.  What's your story?
2896,752,17,42,180,239,1.3179916317991631,0.0388453282900452,639,"It's OK, all we have to do is change places."
1640,755,14,41,162,217,1.3179723502304148,0.040017252806103285,639,The body! The texture...and not a single split-end!
4065,756,20,35,181,236,1.3177966101694916,0.04054382709569929,639,"Is that you hair, or are you excited to see me?"
1994,756,16,43,177,236,1.3177966101694916,0.03872407273031029,639,"Like my ends, I'm afraid we must split."
3562,758,17,34,163,214,1.3177570093457944,0.04199631087253802,639,Occupational Health and Safety now recommend sliding down rather than climbing up
373,759,11,45,155,211,1.3175355450236967,0.03909525153932212,639,I think I have this fairy tale thing backwards.
2890,760,16,48,188,252,1.3174603174603174,0.03700238989172131,639,Something just doesn't seem quite right.
972,761,18,37,175,230,1.317391304347826,0.04036816395560897,639,"Donald, Donald, send up your hair,
So I might descend the Trump Tower stair."
441,762,14,44,169,227,1.3171806167400881,0.03878264201669013,639,"Perfect!  You mixed the concrete in with your shampoo, just like I told you!"
1964,763,17,44,185,246,1.3170731707317074,0.03805201366377397,639,This is lousing up the storyline.
4116,764,18,35,171,224,1.3169642857142858,0.041128269930665755,639,Not too hard! They're extensions.
4178,764,14,43,167,224,1.3169642857142858,0.03913286138135072,639,You and your stupid fairy tales. Just pull!
723,766,17,36,168,221,1.3167420814479638,0.041024531969748916,639,I don’t think this is getting us anywhere.
1028,766,18,34,169,221,1.3167420814479638,0.04152285585782766,639,"One day, I will run for president."
2518,766,18,34,169,221,1.3167420814479638,0.04152285585782766,639,It really works! I got out of Scientology this way!
1424,769,15,52,192,259,1.3166023166023166,0.03588285232944045,639,"I think we've got this backwards, Leznupar!"
1944,770,10,49,159,218,1.31651376146789,0.0376789689126412,639,"Wait, wait! Let's think this through a little."
609,771,13,49,175,237,1.3164556962025316,0.037167516452012925,639,Stop teasing me!
4004,772,16,42,176,234,1.3162393162393162,0.03892240260151513,639,"I use a coconut oil leave in treatment, you'll slide right down."
3998,773,17,33,162,212,1.3160377358490567,0.04224366487511099,639,Think of our heirs!
479,774,12,49,170,231,1.316017316017316,0.03730290091823677,639,A magic formula given to me by Sir Rogaine. Why do you ask?
1711,775,18,43,189,250,1.316,0.03803105896215792,639,"If this relationship is going to work, we're going to have to go in a different direction."
4560,776,15,42,171,228,1.3157894736842106,0.039134098461463825,639,Thanks for finding my shoes.  There also might be a wallet and some keys.
2479,777,17,43,184,244,1.3155737704918034,0.03823961857367799,639,"Have you seen ""There's something about Mary""?
OK, good."
420,777,18,41,185,244,1.3155737704918034,0.03867815652383252,639,Rapunzel . It won't work this way.
3832,779,21,40,199,260,1.3153846153846154,0.03817535345224409,639,I used Trump's hair gel. You'll be fine.
2915,780,18,45,194,257,1.3151750972762646,0.03728676752679174,639,I think I'll wait for someone who knows which way is up.
3928,781,17,41,180,238,1.315126050420168,0.038902602910100996,639,Toupee or not toupee?  That is the question.
4198,781,19,37,182,238,1.315126050420168,0.039803604797895575,639,Are you aware of the gravity of yours situation?
985,783,14,41,164,219,1.3150684931506849,0.03970384742368214,639,Only medievials still wear man buns.
2881,784,18,38,179,235,1.3148936170212766,0.039706568830612333,639,"You had better slide down soon. After all, you know what they say - ""Hair today, gone tomorrow."""
2652,785,15,38,163,216,1.3148148148148149,0.04061133626114057,639,Really? You could tell it's a comb over?
3932,785,12,44,160,216,1.3148148148148149,0.03898822471602371,639,"Maybe you can't see it from up there, but the shoe is not on the other foot.  I took them both off."
2844,787,14,39,160,213,1.3145539906103287,0.04046109106187514,639,I combed in Gorilla Glue. Slide on down.
3112,788,18,42,188,248,1.314516129032258,0.038217204931376286,639,Prince Cowlick …  I’m so lucky it is you that happened by!
2952,789,18,36,175,229,1.314410480349345,0.04043414454993082,639,"Leznupar, Leznupar, I'm sending up my hair."
4425,789,17,38,174,229,1.314410480349345,0.03995766103104345,639,"It started out as a harmless comb over, but then it turned on me."
4047,791,14,38,158,210,1.3142857142857143,0.04085471618456514,639,"You can't let me win anything, can you?"
4130,791,15,36,159,210,1.3142857142857143,0.041408650076312156,639,I grow it long for exactly this kind of situation.
1098,793,16,39,171,226,1.3141592920353982,0.03983611714775636,639,"When I said I'd trade places with you, this isn't exactly what I meant."
226,793,11,49,166,226,1.3141592920353982,0.03728618236806757,639,I thought your dating profile said you were into role reversal.
3225,793,15,41,170,226,1.3141592920353982,0.03933935513763251,639,It's all about the gel.
2250,793,15,41,170,226,1.3141592920353982,0.03933935513763251,639,"Up is now down, Rapunzel."
568,797,13,50,179,242,1.3140495867768596,0.03660150215446003,639,"Funny you should ask... Yes, I do use product."
1052,798,18,33,169,220,1.3136363636363637,0.04159518756617444,639,"No, this is a bad idea. Why don't you just let go and stay put?"
1672,798,13,43,164,220,1.3136363636363637,0.0390205667128206,639,"Or, if it makes you queasy, you could take the elevator."
1665,800,18,32,167,217,1.3133640552995391,0.04200229500218296,639,Are you sure it's extra hold?
1090,801,16,41,176,233,1.3133047210300428,0.0389785489528138,639,"Rapunzel Rapunzel, slide down my hair"
3075,801,12,49,172,233,1.3133047210300428,0.03703150829057738,639,"You could pull me up, or I could pull you down."
994,803,16,46,187,249,1.3132530120481927,0.03722423436222888,639,Now you tell my there's a door around back.
562,804,14,39,161,214,1.3130841121495327,0.04029839244480695,639,Do you see any grey?
126,805,17,38,175,230,1.3130434782608695,0.03980703158879691,639,"To be honest, I prefer bald men."
3209,805,15,42,173,230,1.3130434782608695,0.038841410935245624,639,I have a reverse Rapunzel complex that defies both logic and gravity.
1426,807,16,45,185,246,1.3130081300813008,0.03753177382591527,639,Clearly a hair raising incident.
2298,808,20,42,200,262,1.3129770992366412,0.037533851403870784,639,Damn!  The cartoonist really screwed up on this one!  What the hell is going on at the New Yorker?
397,809,15,41,171,227,1.3127753303964758,0.03919011487021699,639,Halt! Who goes hair?
2531,809,16,39,172,227,1.3127753303964758,0.039684379022986195,639,I told you my man bun would come in handy.
1027,809,17,37,173,227,1.3127753303964758,0.04017256244427595,639,You're not Cinderella?
4578,812,14,37,157,208,1.3125,0.04108781303238792,639,What do you mean there's someone else?
3496,812,17,36,171,224,1.3125,0.04054723560469413,639,"Rapunzel, there must be an easier way to do this."
4543,812,11,53,176,240,1.3125,0.0358115953654963,639,"Somehow, we have to reverse-engineer this."
4540,815,19,36,182,237,1.3122362869198312,0.0398664263825159,639,Do I tell him that even from up here the combover isn't convincing?
1311,816,15,43,176,234,1.311965811965812,0.03835950746032209,639,"Rapunzel had a younger sister, Edith......who was slow and the source of much family embarrassment."
2521,816,18,37,179,234,1.311965811965812,0.03976806674891621,639,"Rapunzel, Rapunzel, wilt thou believe in the hairway to Steven!"
2476,818,15,33,154,202,1.311881188118812,0.04250409193655403,639,"Just slide, it’s gelled!"
2197,819,10,57,180,247,1.311740890688259,0.03466038293269962,639,would it be easier if i just walk up?
3373,819,16,45,186,247,1.311740890688259,0.03740098927170804,639,"Uh-oh darling, I see a gray."
2393,821,15,46,183,244,1.3114754098360655,0.03726279152181927,639,"Fair maiden, ‘tis me, Sir Rogaine, at your service"
4128,821,16,44,184,244,1.3114754098360655,0.037712690111158555,639,Let's split before the ends do.
1833,823,11,49,168,228,1.3114035087719298,0.0370094994095983,639,Let go of your gender stereotypes and just tie my hair to something.
262,824,17,41,183,241,1.3112033195020747,0.038483473271394814,639,"Technically it is ear hair, but when I comb it properly you'd never know."
421,824,18,39,184,241,1.3112033195020747,0.03893014078630465,639,I use the same hairspray as Trump
848,824,13,49,179,241,1.3112033195020747,0.03664239523536626,639,There's just enough product to get you down.
1178,824,21,33,187,241,1.3112033195020747,0.040240406328409827,639,Leznupar! Leznupar! Tel nwod ruoy riah!
4156,828,12,46,167,225,1.3111111111111111,0.037854730214958165,639,Good catch!
2370,829,18,38,182,238,1.3109243697478992,0.039271365237564096,639,"Hi, The name is Raypunzal."
4237,830,15,39,168,222,1.3108108108108107,0.039758466802487374,639,Hop on quick. This hair gel won't last all day.
2586,830,17,35,170,222,1.3108108108108107,0.040770886374699895,639,Can’t I take the stairs.
758,832,20,33,182,235,1.3106382978723403,0.04052829083243123,639,"I understand that long hair ropes are no longer women’s work and hope my progressive compliance impressed you. But logistically, couldn’t one of us equally capable people have built a ladder months ago? Sorry if that came off as mansplaining."
899,833,17,48,199,264,1.3106060606060606,0.03610914035453399,639,"I guess what they say is true, life's not like the fairy tales."
4378,834,19,30,170,219,1.3105022831050228,0.04216647854595813,639,Can I be on top for once?
4035,835,15,47,186,248,1.310483870967742,0.03683046720945651,639,This could only happen in a fairy tale.
1757,836,16,49,196,261,1.3103448275862069,0.035982703086203514,639,"I'm not sure about a happy ending. Looks more like a split ending to me."""
4262,836,15,42,175,232,1.3103448275862069,0.03855289616378947,639,"My love, you make my feet swell, and my hair stand on end."
2000,838,13,50,182,245,1.310204081632653,0.03621995410278338,639,Am i coming down or you are coming up?
344,838,11,54,180,245,1.310204081632653,0.03528417583707763,639,"Last I heard, this is supposed to be the other way around."
2902,838,13,50,182,245,1.310204081632653,0.03621995410278338,639,Are you sure it’s supposed to work like this?
4567,838,20,36,189,245,1.310204081632653,0.03932018708854856,639,Could you arrange it like Trump's?
203,842,10,47,159,216,1.3101851851851851,0.03776074796444671,639,"Rapunzel, let down your hair conditioner."
4071,843,16,39,174,229,1.3100436681222707,0.03938421756470375,639,"Listen, I really like you, and you're going to find out anyway. 
It's a rug."
3345,843,13,45,171,229,1.3100436681222707,0.03789723580876478,639,"Just FYI, I took a lot of flack for that man-bun."
3877,845,17,41,184,242,1.3099173553719008,0.03834568989503344,639,Do you have an extra scrunchy?
1714,845,17,41,184,242,1.3099173553719008,0.03834568989503344,639,I guess I'll just wait for you to mullet over.
3462,847,18,43,194,255,1.3098039215686275,0.03738509547311215,639,"How do I do it ???
I use the same Hair Spray as Donald Trump, but without the Orange Color"
1436,848,14,42,170,226,1.3097345132743363,0.038740897131284965,639,So who's being sexist now?
3265,848,15,40,171,226,1.3097345132743363,0.039245235090413194,639,"I pray thee, chide me not! T'is true though, I must concede; It seems the apothecary has added some aphrodisiac to my dandelion and rosemary shampoo."
1236,848,13,44,169,226,1.3097345132743363,0.03822990640548063,639,"What do you mean you don't want to come down anymore?

I guess this was a harebrained idea.

Get it? 'Hair'-brained... Because I grew my– 

Ow. That hurts. Ow! No more puns, I swear!

Rapunzel, Rapunzel! Let down my hair!"""
3687,848,15,40,171,226,1.3097345132743363,0.039245235090413194,639,Now it's my turn to be the princess!
855,852,15,44,180,239,1.3096234309623431,0.0377563937772953,639,"I'm running late-Rapunzel, can you please let down my hair?"
2590,852,15,44,180,239,1.3096234309623431,0.0377563937772953,639,You see? I told you we had lots in common!
1933,854,17,48,200,265,1.3094339622641509,0.03599171159079923,639,"OK I’ve shown you mine, now let me see yours"
4304,855,15,39,169,223,1.3094170403587444,0.03960430881761366,639,I think I can fit you in next Tuesday.
4452,855,16,37,170,223,1.3094170403587444,0.040111100962938774,639,Let’s not split hairs.
653,857,9,55,172,236,1.3093220338983051,0.035123678119080314,639,You think MY idea's lame?
2325,857,10,53,173,236,1.3093220338983051,0.035633338200323876,639,The stylist said it would make me look taller...
4300,859,17,43,189,249,1.3092369477911647,0.037575496189871126,639,"Darling, I could never bear to part."
1219,860,14,44,175,233,1.3090128755364807,0.037925493661057436,639,"I swear, I'm not overcompensating!"
3138,860,16,40,177,233,1.3090128755364807,0.038888821086924305,639,"It's gender-bending, I know, but this is the 12th century!"
3186,860,16,40,177,233,1.3090128755364807,0.038888821086924305,639,"Trust me, really"
3669,860,15,42,176,233,1.3090128755364807,0.03841017752475063,639,"By God, this is the worst case of static I've ever seen!"
1746,864,15,46,185,246,1.3089430894308942,0.0370023979606829,639,"Rapunzel, Rapunzel, let my hair down!!"
334,865,16,48,195,259,1.308880308880309,0.036142771759496525,639,"Hold real tight, Rapunzel, and I'll climb up my hair."
3554,866,15,41,174,230,1.308695652173913,0.03874885146130148,639,"Rapunzel, I’ve comb-over for you."
1849,866,10,51,169,230,1.308695652173913,0.03621618544784728,639,"The bottle just said ""volumizing""..."
1772,866,11,49,170,230,1.308695652173913,0.036736689679777806,639,"Seriously, this makes way more sense."
1669,866,15,41,174,230,1.308695652173913,0.03874885146130148,639,"Okay Rapunzel, it's either hair today or I'm gone tomorrow!"
770,870,15,45,183,243,1.308641975308642,0.03730812601255816,639,Who are you to judge?
3218,870,13,49,181,243,1.308641975308642,0.0363851067956169,639,"Rapunzel, Rapunzel, you’re let down by my long hair?"
3434,872,14,38,162,214,1.308411214953271,0.04019523124376969,639,"I don't care how much hair gel you used, I'm not sliding down it."
275,872,12,42,160,214,1.308411214953271,0.039088395679308115,639,"Rapunzel, Rapunzel, let down your gender norms."
1620,874,18,38,184,240,1.3083333333333333,0.03898631284814273,639,I  JUST  RUBBED  IT  WITH  VIAGRA.
1081,874,18,38,184,240,1.3083333333333333,0.03898631284814273,639,"It’s a two-way street, babe."
2972,876,17,31,163,211,1.3080568720379147,0.04221798738669305,639,I’m not only the hair club President. I’m also the King.
2294,877,13,43,168,224,1.3080357142857142,0.03842301379583991,639,I'm meeting you more than half-way.
2171,877,15,39,170,224,1.3080357142857142,0.03945129735451231,639,"My hair dresser calls it ""The Trumpian Twister"" and it doubles as a slippery slope when necessary. Please slide down with caution."
1681,879,18,37,182,237,1.3080168776371308,0.03932918520538623,639,Pull me back up. I’ve so had enough of reality.
4470,879,15,43,179,237,1.3080168776371308,0.037940897347885444,639,"Trust me, I read about this in a book somewhere."
3824,879,12,49,176,237,1.3080168776371308,0.03649984348193826,639,Great concept. Lousy physics.
3953,882,12,52,183,247,1.3076923076923077,0.035509287882800375,639,"You've got to be kidding, I've been planning this for years."
2980,882,20,36,191,247,1.3076923076923077,0.03904141387328316,639,"Yes, fine, it's like a hair-boner. Now hurry and get down on it!"
2447,882,14,40,167,221,1.3076923076923077,0.039295765678579134,639,What's a ladder ?
1245,885,15,45,184,244,1.3073770491803278,0.03717643499432755,639,"Go ahead, pull me up."
8,886,17,37,177,231,1.3073593073593073,0.03956698836618516,639,This is a hair-raising situation.
1235,887,14,46,181,241,1.3070539419087137,0.03702220005624676,639,No!! You pull ME up!! It’s crazy out here!!
1827,887,18,38,185,241,1.3070539419087137,0.03884528135372589,639,"I'm thinking frosted tips, but I'd consider dreadlocks."
3930,887,19,36,186,241,1.3070539419087137,0.0392878356500007,639,I was waiting for a good hair day
887,890,10,50,168,228,1.3070175438596492,0.036382516851595284,639,"I have an egalitarian point of view. You climb down this time, I will climb up next time."
379,890,15,40,173,228,1.3070175438596492,0.03894742412243646,639,I think you need to stop questioning the plan.
1445,892,19,39,193,251,1.3067729083665338,0.038160592939294274,639,I used 73 jars of gel. You can just climb on and slide down.
1794,893,13,47,178,238,1.3067226890756303,0.03685343182073486,639,Has this happened with all the princes you've been with?
2626,893,16,41,181,238,1.3067226890756303,0.03826940160957105,639,It's not you. It's me.
3082,895,15,39,171,225,1.3066666666666666,0.039299420408505314,639,"Ok, maybe it was a hair-brained idea..."
3041,896,16,33,163,212,1.3066037735849056,0.04150836698814864,639,I spun it from straw polls.
823,897,15,46,187,248,1.3064516129032258,0.036745473366195096,639,"Honey, let's just try to make it work."""
2369,898,10,52,173,235,1.3063829787234043,0.035663361460244104,639,This really hurts. Are you sure there's no door around back?
2536,899,13,42,167,222,1.3063063063063063,0.038618675887867715,639,I spent a fortune on Rogaine to save you.
2134,899,13,42,167,222,1.3063063063063063,0.038618675887867715,639,Aqua Net; why do you ask?
4117,899,15,38,169,222,1.3063063063063063,0.039660201974099606,639,This isn't how it goes in the story.
4136,899,11,46,165,222,1.3063063063063063,0.03754827071967464,639,"OK, but then how do we get down?"
736,903,18,28,163,209,1.30622009569378,0.04300593387695422,639,I used a new product called Trump Hair Starch.
3791,903,10,44,155,209,1.30622009569378,0.03848970445452929,639,I always did prefer a man with a good head of hair.
3595,905,10,47,162,219,1.3059360730593608,0.03732226339375897,639,I thought you'd appreciate the role reversal.
2281,905,16,35,168,219,1.3059360730593608,0.04054999823083773,639,Maybe we should see if this glass slipper fits first?
386,907,15,44,183,242,1.3057851239669422,0.037352616270148964,639,I don't care what they write. Just pull me up!
1880,908,17,36,176,229,1.3056768558951966,0.039775142737167535,639,"Why, yes, I am Lord Pompadour, how did you guess?"
50,908,15,40,174,229,1.3056768558951966,0.03880014483138159,639,"Not for lack of time, but I didn't really think this through."
3369,910,16,34,166,216,1.3055555555555556,0.04093895092854097,639,Next time at my tower?
4408,910,16,45,191,252,1.3055555555555556,0.03675998847963885,639,"I'm sorry, it's one of the side effects."
3790,912,20,33,186,239,1.3054393305439331,0.039932198978798926,639,Jump !! It’s wrapped around a bungee cord.
602,913,14,41,171,226,1.3053097345132743,0.03864306784660767,639,Hair brained ? How could you say that !
2311,913,12,45,169,226,1.3053097345132743,0.03761148706269846,639,Careful with the updo - I’d like to get at least two days out of it.
2124,915,19,38,192,249,1.3052208835341366,0.0383464437491804,639,You need to do something about your split ends.
3625,916,14,37,162,213,1.3051643192488263,0.04025241446920025,639,"It’s 2018, I can be who I want"
1221,916,8,49,156,213,1.3051643192488263,0.036803688058518066,639,No... I'm here to save YOU.
1034,918,16,40,180,236,1.305084745762712,0.03845977528422619,639,I calleth it the maxi-mullet.
4366,918,15,42,179,236,1.305084745762712,0.037988054546492324,639,Of course I use product.
249,920,16,36,171,223,1.304932735426009,0.04001387823089973,639,Want to come over to my place for a change?
3034,921,19,33,181,233,1.3047210300429184,0.040201874883789145,639,"If we can get someone to turn this magazine upside-down, you can climb up my hair and into my arms.

Otherwise, Rapunzel, I’d say we’re screwed."
2604,921,13,45,175,233,1.3047210300429184,0.037338970739485236,639,This is not how I thought this would go
4194,923,8,51,161,220,1.3045454545454545,0.03604441662463386,639,"Dear Rapunzel, we are about to shift the paradigm."
1663,923,10,47,163,220,1.3045454545454545,0.03717824593280864,639,And none of the men in the family show signs of baldness.
1007,923,10,47,163,220,1.3045454545454545,0.03717824593280864,639,I think I'll go now. We just have too much in common.
1406,926,15,44,184,243,1.3045267489711934,0.03721986263556426,639,Hair Suitor
3250,926,14,46,183,243,1.3045267489711934,0.03676014199632581,639,"Of course it's a weave."""
3027,928,18,41,194,253,1.3043478260869565,0.03748082668372651,639,"If you help me fix it, I can run for President"
4041,928,13,44,173,230,1.3043478260869565,0.03765875885312668,639,I don't know why but this just doesn't feel right!
2002,928,20,30,180,230,1.3043478260869565,0.0410364238208685,639,"This is the best I can do, Melania."
3042,931,14,45,181,240,1.3041666666666667,0.03706355348244013,639,"No, it's actually my good hair day."
3403,931,17,39,184,240,1.3041666666666667,0.03844879071188002,639,Your hair was a let down.
3915,933,13,40,164,217,1.304147465437788,0.0391730167965902,639,We could explore the masculine/feminine axis of this kind of turnaround or you could just toss me the key.
180,934,14,37,163,214,1.3037383177570094,0.04008924747708844,639,So you're saying that my man-bun has been a waste of time?
1048,934,12,41,161,214,1.3037383177570094,0.03897940257778813,639,Maybe try the door again...?
2614,934,11,43,160,214,1.3037383177570094,0.03841245704641,639,I thought it said to use a cupful of Rogaine; it actually said to use a capful.
781,937,13,49,185,247,1.3036437246963564,0.03588075163058428,639,Comb-overs are a family tradition.
649,937,20,35,192,247,1.3036437246963564,0.03895940836238271,639,I’m from Uber.
436,937,13,49,185,247,1.3036437246963564,0.03588075163058428,639,Too much mousse?
298,940,15,38,171,224,1.3035714285714286,0.03935263068084139,639,Do you think it's too long for a man bun?
3207,940,15,38,171,224,1.3035714285714286,0.03935263068084139,639,Maybe I shouldn't have eaten those three magic beans.
3705,940,13,42,169,224,1.3035714285714286,0.03832169969748018,639,I think the hair spray did the trick.
4412,943,7,47,147,201,1.3034825870646767,0.03748550704650664,639,"No, No, I'm Rapunzel!"
2589,944,16,39,179,234,1.3034188034188035,0.03865262761961479,639,Dyslexic?  Me?  Why do you ask?
3125,944,12,47,175,234,1.3034188034188035,0.036705529030882283,639,I can come up if you can't come down
4290,944,18,35,181,234,1.3034188034188035,0.03959028292564277,639,Let’s watch that YouTube video again.
4450,947,18,38,188,244,1.3032786885245902,0.03842804773532965,639,I told you it was real!
1904,947,19,36,189,244,1.3032786885245902,0.038864459550732006,639,"No, I'm not saying you can't do it. It's just, maybe we're taking this whole 'reversing gender roles' thing a bit too far."""
783,949,19,39,196,254,1.3031496062992125,0.0377665086648081,639,Pull me back up!  It’s the 2018 midterms!
1110,950,20,40,204,264,1.303030303030303,0.037136992819916496,639,Talk about a hair raising experience.
726,950,17,36,178,231,1.303030303030303,0.03947421203673262,639,"No, I'm Donald's brother."
4278,950,20,40,204,264,1.303030303030303,0.037136992819916496,639,I guess I overdid it with the Viagra
1497,953,14,45,182,241,1.3029045643153527,0.036931014622219795,639,'I come from the Kingdom of Miracle Grow.'
2898,954,12,52,187,251,1.302788844621514,0.03502714890337269,639,"Comb-over, m'lady!"
4401,954,13,50,188,251,1.302788844621514,0.03547920053015854,639,"This ain't no fairy tale honey.  Just grab hold, shimmy on down and let's get the hell out of here."
2069,956,13,40,165,218,1.3027522935779816,0.039017861758532446,639,Medievaldating.com said we were an 87% match.
1666,957,16,37,175,228,1.3026315789473684,0.039344663815659736,639,"I popped a fistful of Rogaine and Viagra . . . soooo, I have something else to show you when you get down."
2951,957,15,39,174,228,1.3026315789473684,0.03885047886582633,639,Don’t let your barber take off more than this much.
1412,957,13,43,172,228,1.3026315789473684,0.03784275337204583,639,"No, I'm NOT just one-upping you!"
693,957,18,33,177,228,1.3026315789473684,0.04031486445585321,639,"Rapunzel, honey, I think we've got this thing backwards."
2509,961,21,30,187,238,1.3025210084033614,0.0404339663848197,639,"Forget coming down for living happily ever after! Just pull me up and we'll stay in our ivory tower, and never hear a word about Trump again!"
4571,962,11,46,168,225,1.3022222222222222,0.03712080474101837,639,"I know times are hard right now, but I promise you one day we'll be able to afford a rope."
4211,963,14,43,178,235,1.3021276595744682,0.037553123230687616,639,"When I said we weren’t using my hair, I thought you’d bring a ladder."
4326,963,17,37,181,235,1.3021276595744682,0.03897881234450108,639,"Hey stupid, the King is longing for an heir, not for someone with long hair."
1086,963,16,39,180,235,1.3021276595744682,0.03850944770639567,639,"I'm not the just president of the Hair Club, I'm also a client"
27,963,12,47,176,235,1.3021276595744682,0.03657180014856798,639,"Rapunzel, Rapunzel
Let down your hair dryer."
817,967,15,44,186,245,1.3020408163265307,0.03695706088346502,639,I figured it’s the least I could do for gender equality.
3492,968,17,43,195,255,1.3019607843137255,0.03680731923873458,639,"No, no, it’s supposed to be “RAPUNZEL, let down your hair!”"
3162,969,12,43,167,222,1.3018018018018018,0.03798222865817726,639,Really Rapunzel?  Can't we just TRY it my way?
1160,970,14,42,176,232,1.3017241379310345,0.03787518449332702,639,I don't think it works that way.
1699,970,15,40,177,232,1.3017241379310345,0.0383646791103458,639,"M’lady, ‘tis usually kempt, in a knight bun."
1787,970,13,44,175,232,1.3017241379310345,0.03737928032436306,639,"Going to a ball tonight, so just a little off the top."
3439,970,16,38,178,232,1.3017241379310345,0.03884800646205733,639,Donald!
3875,970,13,44,175,232,1.3017241379310345,0.03737928032436306,639,Don’t worry! I used super-hold gel.
1471,970,19,32,181,232,1.3017241379310345,0.04026319180821089,639,Don't make it look like a comb-over.
442,976,15,43,184,242,1.3016528925619835,0.037262407336306314,639,"Now, HOW exactly is this gonna work ???"
1163,976,16,41,185,242,1.3016528925619835,0.03771974784249559,639,"And then, Baron, Rapunzel cried, ""Donald! Donald! Let up your hair!"""
1940,978,18,43,201,262,1.3015267175572518,0.03651551584923745,639,Love is in the hair
124,979,14,35,160,209,1.3014354066985645,0.04069961456495486,639,I knew I shouldn’t have read the abridged version of this tale.
2657,980,12,48,179,239,1.301255230125523,0.03614390742674392,639,"Just take care of the scraggly ends for now, I have a battle at 2."
2778,980,16,40,183,239,1.301255230125523,0.038039769648934,639,"You expect me to wrap this into a ""man bun?"""
1128,980,19,34,186,239,1.301255230125523,0.03940184764826587,639,Too much product?
1338,980,10,52,177,239,1.301255230125523,0.035157659601252916,639,I think we misunderstood...
1712,984,11,46,169,226,1.3008849557522124,0.036980375089592496,639,I used enough gel so you can slide down.
3471,984,12,44,170,226,1.3008849557522124,0.03750839250797011,639,Its a pompadour.
359,986,15,41,180,236,1.3008474576271187,0.03789441708917781,639,"Pretty good for a comb over, right?"
1009,987,12,50,184,246,1.3008130081300813,0.03544962035314221,639,Take about an inch off the ends.
1076,988,19,39,198,256,1.30078125,0.037508137137993135,639,We ALWAYS go to my place.
959,988,12,53,191,256,1.30078125,0.03453113909573176,639,Did I use too much product?
3329,990,11,39,153,203,1.3004926108374384,0.039712530500366404,639,"So, are we going   up or down?"
4355,990,14,33,156,203,1.3004926108374384,0.04151391488967062,639,"For christsake Raz, just hang on tight, and slide down."
740,992,11,42,160,213,1.300469483568075,0.03845322802094548,639,"Take the stairs, it’s only a medium hold gel."
2816,993,13,44,176,233,1.3004291845493563,0.03724102949455859,639,Come on down...I used all the hairspray in the kingdom.
965,993,20,30,183,233,1.3004291845493563,0.04056950768927613,639,Not clear on the concept.
2470,993,18,34,181,233,1.3004291845493563,0.039647037948052744,639,"Leznuper, Leznuper, let up your hair"
1791,996,12,49,182,243,1.300411522633745,0.03572911583271468,639,I might have gone a bit overboard on the up-do.
2429,996,17,39,187,243,1.300411522633745,0.03803446323124231,639,"Rapunzel, honey, I thought we discussed this."
4099,998,12,42,166,220,1.3,0.038171142432082916,639,"If you won’t lower your hair, at least lower your standards.”"
703,998,13,46,181,240,1.3,0.036495734452040594,639,Let's hope the hairspray holds.
3073,998,18,36,186,240,1.3,0.03881077364118905,639,"But, if you pull me up, how do we both get down?"
3743,998,13,40,167,220,1.3,0.03871107225310959,639,"Oh.  Well, what DID you mean by Role Reversal?"
3180,1002,13,48,186,247,1.2995951417004048,0.03578964347318405,639,I'm trying to pull my own weight in this relationship.
1737,1002,16,42,189,247,1.2995951417004048,0.037143566154425024,639,"Now, pull me up."
4031,1004,17,37,183,237,1.2995780590717299,0.0386910273620646,639,I’m donating it to “Princesses Stuck in Towers.”
772,1005,12,44,171,227,1.2995594713656389,0.037366308396989276,639,"YES it is real, just pull!"
4471,1005,11,46,170,227,1.2995594713656389,0.036840957755189904,639,"Usually, I'm on top."
1120,1007,14,37,166,217,1.2995391705069124,0.03960731518570427,639,Now you see why it took 7 years.
1889,1007,10,45,162,217,1.2995391705069124,0.037390664960485674,639,I think that we got the story wrong!
881,1009,20,39,205,264,1.2992424242424243,0.03705978867273846,639,You should see my pubes.
167,1010,15,40,179,234,1.2991452991452992,0.038079570934175286,639,I realize now it's more of a Dippity-Don't Do.
136,1010,20,30,184,234,1.2991452991452992,0.04041615918306031,639,Hairagra.
991,1012,16,35,173,224,1.2991071428571428,0.03975819304154554,639,"I think is better if you jump, these are extensions"
3399,1012,14,39,171,224,1.2991071428571428,0.038738056741787576,639,"Trust me, the gel will hold."
2457,1014,12,51,188,251,1.298804780876494,0.034936400139815346,639,You want me to pull you up?
2023,1015,16,40,185,241,1.2987551867219918,0.03776465543976777,639,"You haven't read much Newtonian physics, have you?"
2798,1016,11,41,159,211,1.2985781990521328,0.03864950322766557,639,"Please climb down, babe. It won't be in style that much longer."
65,1017,13,48,187,248,1.2983870967741935,0.03566550329413297,639,"Lather, rinse, and repeat. What’s yours?"
170,1017,17,40,191,248,1.2983870967741935,0.0374516698787399,639,Forget Prince -- I'm going to be President someday.
431,1019,19,33,186,238,1.2983193277310925,0.0394577577885772,639,The name’s Trump. Donald Trump.
2073,1019,15,41,182,238,1.2983193277310925,0.03761762573913869,639,I'm hair for you.
2834,1019,16,39,183,238,1.2983193277310925,0.03808599463205522,639,"Rapunzel, let MY hair down!!"
2955,1019,19,33,186,238,1.2983193277310925,0.0394577577885772,639,you said 'comb over'
1532,1023,11,46,171,228,1.2982456140350878,0.03670254260323494,639,"Sir Isaac may have discovered gravity, but I’ve discovered static electricity, m’lady!"
498,1023,13,42,173,228,1.2982456140350878,0.03774072546823667,639,Pull me up
3830,1023,16,36,176,228,1.2982456140350878,0.039246540571859403,639,But I thought you believed in role reversal!
1806,1026,13,39,166,218,1.298165137614679,0.03890960476189718,639,Now I see why you were supposed to be the one with long hair.
399,1026,18,29,171,218,1.298165137614679,0.04153729671578651,639,"What the hell, mom!"
220,1026,17,31,170,218,1.298165137614679,0.04102522496354702,639,How do I get back up?
4383,1029,14,48,193,255,1.2980392156862746,0.03543963277924318,639,"See, your mother is totally wrong, we have soooo much in common."
1210,1030,14,45,186,245,1.2979591836734694,0.03640984952894736,639,Something's not right.
3754,1031,12,46,177,235,1.297872340425532,0.03647221567549133,639,"I can’t do a thing with it, but maybe you can"
96,1031,14,42,179,235,1.297872340425532,0.037456147887255695,639,"Rapunzel, Rapunzel, let down your hair products."
949,1031,14,42,179,235,1.297872340425532,0.037456147887255695,639,It gets hard when you fondle it.
2268,1031,18,34,183,235,1.297872340425532,0.03935027332937848,639,Are you sure this is how Trump does it?
2286,1035,11,45,169,225,1.2977777777777777,0.037013749292449466,639,Talk about a reversal of roles!
1150,1036,12,40,163,215,1.2976744186046512,0.038711264395182576,639,Just HOW MUCH longer??
3517,1037,14,47,191,252,1.2976190476190477,0.03571428571428572,639,Maybe we should try it my way.
2288,1038,13,46,183,242,1.2975206611570247,0.03623575031820062,639,"Yes, I am the Prince of Mullett!"
2814,1038,12,48,182,242,1.2975206611570247,0.035759435458607845,639,Of course it’s gone grey. I’ve been growing it for you for 35 years.
4430,1040,16,42,191,249,1.2971887550200802,0.03688373489407314,639,"Well, you know, they're always looking for a new spin on an old story."
1689,1041,12,47,180,239,1.297071129707113,0.036046088824038564,639,"If you see a gray one, could you pull it out?"
1171,1041,12,47,180,239,1.297071129707113,0.036046088824038564,639,I'm the hair -apparent to the throne
2862,1043,14,40,175,229,1.296943231441048,0.03810412161136918,639,I thought I was Rapunzel
3274,1043,13,42,174,229,1.296943231441048,0.03759812114136929,639,"Sliding down should be easy, but landing might be a bit awkward."
1181,1043,13,42,174,229,1.296943231441048,0.03759812114136929,639,Dandruff? I defy physics out of love for you and the only thing you say is that I have dandruff?
2025,1043,9,50,170,229,1.296943231441048,0.03550207362548493,639,"Years from now it'll be all about your hair, not mine!"
86,1047,15,46,195,256,1.296875,0.035751195475692506,639,"Not your best idea, Rapunzel."
115,1048,17,31,171,219,1.2968036529680365,0.040860154549893474,639,"I'm not here for you, I just really wanted to know what conditioner you used."
995,1048,14,37,168,219,1.2968036529680365,0.03929219673163196,639,"No! No! Not that one!
Just the long grey one...
the really long grey one in the middle.

David B. Smith
Miami Beach, Florida"
2871,1050,9,55,182,246,1.2967479674796747,0.0339182295807512,639,Man up.
418,1051,14,42,180,236,1.2966101694915255,0.03731844815833244,639,My manbun's come undone!
713,1051,15,40,181,236,1.2966101694915255,0.03779852642143666,639,"Yes, the cake with the file inside is there. Keep looking."
1074,1051,15,40,181,236,1.2966101694915255,0.03779852642143666,639,Uncle Albert says gravity is just a curvature in spacetime.
4139,1051,15,40,181,236,1.2966101694915255,0.03779852642143666,639,"Rapunzel, don't climb down! I just thought of a reason why this won't work."
3409,1055,16,46,201,263,1.296577946768061,0.035505750102058975,639,"It’s gel, slide down."
2702,1056,15,37,174,226,1.2964601769911503,0.038948108114452006,639,I just had it done...they call it a new twist on an old classic.
4120,1057,15,42,186,243,1.2962962962962963,0.03703703703703704,639,It was your idea to role-play!
4396,1057,16,32,168,216,1.2962962962962963,0.040728993686604265,639,"Rapunzel, the problem is not the prenup, it's the non-compete clause."
3297,1059,12,45,176,233,1.296137339055794,0.036639218866268836,639,"Don't worry, this Presidential hair product comes with its own alternative gravity."
2865,1059,14,41,178,233,1.296137339055794,0.037635484522273006,639,We need to rethink our strategy here.
2382,1059,15,39,179,233,1.296137339055794,0.038123855566747196,639,"And just think, everyone told me that I should cut my mullet."
2061,1062,13,35,158,206,1.296116504854369,0.04040315808957,639,How can you let a few loose ends come between us?
2736,1063,14,38,171,223,1.295964125560538,0.0387838721506946,639,"Comb-over, not climb-over!"
4192,1063,11,44,168,223,1.295964125560538,0.037188591105162254,639,I pray thee ask yourself if you believe in me or Mr. Newton.
1480,1065,12,47,181,240,1.2958333333333334,0.035916917857431736,639,Can you pull me up? It's scary out here.
1913,1065,17,37,186,240,1.2958333333333334,0.038266989766785296,639,Quick! Before the wind changes!
2324,1065,15,41,184,240,1.2958333333333334,0.03734471179213665,639,Just keep looking. The Wi-Fi password’s in there somewhere.
1046,1068,12,39,162,213,1.295774647887324,0.03891015666822311,639,"Curses , I think I'm in the wrong cartoon."
2188,1068,14,35,164,213,1.295774647887324,0.0400322632041065,639,"I'm all for gender role reversal, but I'm not sure if this one is going to work."
3848,1070,17,39,191,247,1.2955465587044535,0.03749529033865869,639,"Wow, me too!"
4245,1070,20,33,194,247,1.2955465587044535,0.03878972446809637,639,I’m running for President.
2582,1072,14,37,169,220,1.2954545454545454,0.03913644812875586,639,"Oh, come on. What good is a safe word if you can never remember it?"
1864,1073,15,40,182,237,1.2953586497890295,0.037659502383412966,639,"Just a trim, I'm concerned about the split ends."
2367,1073,14,42,181,237,1.2953586497890295,0.037181721503726665,639,Rapunzel -- you're such a tease.
2425,1075,12,51,191,254,1.295275590551181,0.03458255318497096,639,"If I'm Repunzel, who are you?"
3340,1076,15,37,175,227,1.2951541850220265,0.03879813780737762,639,Come on! Let's not split hairs over this.
1032,1076,11,45,171,227,1.2951541850220265,0.03673358351322897,639,Is this really the time to be commenting on my split ends?
2968,1076,15,37,175,227,1.2951541850220265,0.03879813780737762,639,"I can't quite make out the proclamation, but it reads, "" Hair to the Throne?"""
4144,1079,16,40,188,244,1.2950819672131149,0.03735912583585953,639,"Wait, there's something wrong with this picture!"
3689,1080,17,25,158,200,1.295,0.043581783571768645,639,Just a few more inches Mr Trump and your comb over will be back to normal.
2140,1081,15,39,180,234,1.294871794871795,0.03798167322160104,639,Try standing on your head.
3131,1081,15,39,180,234,1.294871794871795,0.03798167322160104,639,Hair ya go.
4050,1081,15,39,180,234,1.294871794871795,0.03798167322160104,639,"I'm not only the Hair Club Prince, but I'm also a client."
4177,1084,11,52,188,251,1.294820717131474,0.03438318567393054,639,"Relax, it's not a competition. Yours is nice too."
3195,1085,16,34,174,224,1.2946428571428572,0.039655782761579744,639,I can't figure it out either.
3226,1085,14,38,172,224,1.2946428571428572,0.03863294232432676,639,Please tell me these aren't extensions.
1267,1085,15,36,173,224,1.2946428571428572,0.03914770324724277,639,I told you I'm a feminist!
2421,1088,15,41,185,241,1.2946058091286308,0.03720968479201827,639,The mane thing is ..... mother says I'll never be able to support you.
1683,1088,15,41,185,241,1.2946058091286308,0.03720968479201827,639,"Shall I come up, then?"
1174,1090,14,35,165,214,1.294392523364486,0.03986872160806663,639,"As you can see, this was supposed to be my tower."
4113,1090,17,29,168,214,1.294392523364486,0.041486695091299666,639,".nwod no emoc ,leznupaR"
2106,1092,13,42,176,231,1.2943722943722944,0.037316004215023395,639,Can you tell me again how this works?
2456,1093,15,48,202,265,1.2943396226415094,0.03486507306065634,639,"I got the idea while watching a press conference"""
4043,1094,15,40,183,238,1.2941176470588236,0.03752146372610844,639,I'm going to suggest we rethink this whole thing.
3880,1094,12,46,180,238,1.2941176470588236,0.03607614970531896,639,Your letting me down.
4483,1094,14,42,182,238,1.2941176470588236,0.03704595820446062,639,"Leznupar, Leznupar, raise up your hair!"
3704,1094,14,42,182,238,1.2941176470588236,0.03704595820446062,639,Read your contract. This is not how the story goes!
1441,1094,15,35,171,221,1.2941176470588236,0.03950598706538303,639,Wait a minute. Don’t we have this backward?
49,1094,16,38,184,238,1.2941176470588236,0.03799101816235912,639,I think there’s enough hair gel now... so you can just slide down.
1042,1094,12,41,168,221,1.2941176470588236,0.037911963919734684,639,Don't pull too hard. Some of them are extensions.
4264,1101,15,42,188,245,1.2938775510204081,0.03677370516930632,639,"We can talk about my split ends later, let's just go!"
1249,1102,12,38,161,211,1.2938388625592416,0.039111663175757296,639,How could this relationship work if I wasn't willing to meet you halfway?
1295,1102,15,32,164,211,1.2938388625592416,0.040806026643824184,639,"Rapunzel, the way you follow directions is pretty Grimm."
4243,1104,14,46,192,252,1.2936507936507937,0.03562370378714988,639,"It's OK, I've got your shoes!"
300,1105,11,47,177,235,1.2936170212765958,0.03586674574447069,639,Just trim a few feet off - the Prince and I are over and I don't want him thinking he can just climb back into my life.
3912,1105,14,41,180,235,1.2936170212765958,0.03735684940820259,639,These gender neutral fairy tales do leave some plot holes.
3288,1107,17,37,188,242,1.2933884297520661,0.03798927162424377,639,"Rapunzel, take hold my golden man bun, that I may climb to your safe place"
3924,1107,16,39,187,242,1.2933884297520661,0.03753521522165468,639,Why don'y I just take the stairs?
95,1109,12,44,176,232,1.293103448275862,0.03667111893945369,639,"You're right, parting IS such sweet sorrow!"
3716,1109,15,38,179,232,1.293103448275862,0.03816710589998005,639,Lice?
1142,1109,15,38,179,232,1.293103448275862,0.03816710589998005,639,You were right. Looking up to a woman in higher office is electrifying AND hair-raising.
4232,1112,12,46,181,239,1.292887029288703,0.03594595776791692,639,The tech guys assured me this would work.
749,1112,13,44,182,239,1.292887029288703,0.03643174971876314,639,"Rupuntzel, Repuntsel, let go of my hair!"
490,1112,18,34,187,239,1.292887029288703,0.03876951026463006,639,What the hell good is this going to do me?
245,1115,12,41,169,222,1.2927927927927927,0.037764049639853865,639,It was truly a hair-raising adventure
2682,1116,9,54,183,246,1.2926829268292683,0.03381766009352175,639,"Well, maybe I can just go get a ladder for you."
63,1117,17,33,179,229,1.2925764192139737,0.039483900441804935,639,My witch kept me in a pit.
3395,1117,11,45,173,229,1.2925764192139737,0.03645745700979119,639,"You know, Rapunzel, you're the only one who ever gets me so excited as this!"
1822,1119,17,40,196,253,1.2924901185770752,0.03680315510599535,639,Getting to you continues to be a hair raising experience.
1095,1120,12,45,179,236,1.2923728813559323,0.03623715589667597,639,The man bun was so 2017.
1515,1120,17,35,184,236,1.2923728813559323,0.03864507214263543,639,I'm your brother Denzel. Pull me up.
2386,1122,14,36,169,219,1.2922374429223744,0.0391825064619161,639,I use the same hair stuff as Trump; climb on down.
2937,1122,12,40,167,219,1.2922374429223744,0.03809836140932428,639,"I spent a fortune on product to make it do this, so stop complaining and slide down."
4299,1122,17,30,172,219,1.2922374429223744,0.04075468462007783,639,Rapunzeversal
722,1122,15,34,170,219,1.2922374429223744,0.039713481941519566,639,"Yes, you have lice."
673,1126,11,49,183,243,1.2921810699588476,0.035052868673378736,639,"I'm pretty sure this is supposed to be the other way around."""
3637,1127,12,35,155,202,1.2920792079207921,0.040246802376569926,639,"Romantic, perhaps, but a sturdy ladder would have sufficed."
467,1127,13,33,156,202,1.2920792079207921,0.04085417676012673,639,It’s not stiff enough.
159,1129,17,32,177,226,1.2920353982300885,0.03984376166348801,639,Climb down.  I used lots of hair spray.
1997,1130,16,41,193,250,1.292,0.03666498718315012,639,"I accept walk-ins, but I charge by the foot."
636,1130,12,49,189,250,1.292,0.034868427393785095,639,How's your upper body strength?
3940,1130,11,51,188,250,1.292,0.03440463217154687,639,"Everybody laughed at my comb-over; but I knew it would come in handy one day, my love."
369,1133,12,37,160,209,1.291866028708134,0.03931583074916931,639,The soothsayer says the style will be famous in 2016.
4475,1134,12,44,177,233,1.2918454935622317,0.036535055986372036,639,I find societally-defined gender roles to be excessively confining.
2128,1134,16,36,181,233,1.2918454935622317,0.03850720696336129,639,"Is that a volumizing styling clay, or are you just happy to see me?"
683,1136,14,35,167,216,1.2916666666666667,0.039545490546543396,639,I joined the Hair Club for Princes.
3476,1136,17,29,170,216,1.2916666666666667,0.04114662548709215,639,Do you SEE those split ends? I am the one that needs rescuing.
4149,1136,10,50,180,240,1.2916666666666667,0.03482956443612029,639,"I like the idea of role reversals, but you’re going to need more gel."
3279,1136,13,37,166,216,1.2916666666666667,0.03899717297998232,639,Hurry down before the frizz sets in.
3058,1140,18,36,193,247,1.291497975708502,0.037841984991970425,639,"I've heard of role reversal, but this is ridiculous."
164,1141,14,37,172,223,1.2914798206278026,0.03867628838686163,639,"Ironically, my name is Bob."
3968,1141,14,37,172,223,1.2914798206278026,0.03867628838686163,639,But you said you wanted me to be more like you!
4493,1141,13,39,171,223,1.2914798206278026,0.038150440886646785,639,"Rapunzel, Rapunzel, do you do highlights?"
4229,1144,10,47,173,230,1.291304347826087,0.03579433285039019,639,"Don't think of it as breaking both your legs, think of it as shattering gender stereotypes."
3849,1144,16,35,179,230,1.291304347826087,0.038846723743670986,639,At least it's not a man bun.
3413,1144,12,43,175,230,1.291304347826087,0.03683990804379645,639,I just thought this way we could avoid that whole gender stereotypes thing.
242,1144,13,41,176,230,1.291304347826087,0.037351721578942065,639,"Much like your ends, I think it's time we split."
1572,1144,12,43,175,230,1.291304347826087,0.03683990804379645,639,"C'mon, just pull me up!"
2781,1149,12,52,197,261,1.2911877394636015,0.03387485241740119,639,I think we did something backwards.
699,1150,15,39,183,237,1.2911392405063291,0.0375612190480556,639,The Combover: both attractive AND practical.
37,1151,13,36,164,213,1.2910798122065728,0.03935913998235255,639,"Repunzel, Repunzel, let down your traditional gender roles!"
1793,1152,18,35,191,244,1.290983606557377,0.03816000162186912,639,I'm from the government and I'm here to help.
842,1153,15,50,210,275,1.290909090909091,0.033926277997779995,639,"Honestly, I'm not mansplaining."
1423,1153,12,40,168,220,1.290909090909091,0.037948047929679735,639,Your such a tease!
273,1155,10,39,154,203,1.29064039408867,0.03883773828827065,639,This doesn't feel right...
125,1156,14,40,180,234,1.2905982905982907,0.03739414494561374,639,I'm here to make the Kingdom great again.
2925,1156,17,34,183,234,1.2905982905982907,0.03883773160936821,639,You found a nit? Is that all you have to say?
4327,1158,13,44,184,241,1.2904564315352698,0.036169468613185624,639,Do we have to discuss my split ends right now?
2379,1158,16,38,187,241,1.2904564315352698,0.037576121401686,639,I am not wigging out.
1834,1158,16,38,187,241,1.2904564315352698,0.037576121401686,639,Don't worry. It said it'll have a long lasting hold.
3744,1158,16,38,187,241,1.2904564315352698,0.037576121401686,639,The stylist said it was 'a new take on an old classic'.
2842,1158,14,42,185,241,1.2904564315352698,0.03664435299430953,639,"Well, yes, you could yank me up, instead."
2499,1163,12,48,188,248,1.2903225806451613,0.03501356436755591,639,You said you liked it long
3821,1163,14,35,168,217,1.2903225806451613,0.039385772358128866,639,A little off the top and sides.
4371,1165,14,37,173,224,1.2901785714285714,0.03852522137662144,639,How much mousse did you use?
4066,1165,9,47,168,224,1.2901785714285714,0.03583295267795514,639,Thou love defies gravity
3996,1167,16,35,180,231,1.29004329004329,0.03869874273164397,639,But I thought you supported defying gender norms.
1767,1168,11,36,153,200,1.29,0.03984265535741372,639,Just hold my hair and jump. I used the shampoo that puts extra bounce in your hair.
120,1169,12,45,181,238,1.2899159663865547,0.035973797013114324,639,It portends what awaits you should you choose to slide down.
3837,1169,15,39,184,238,1.2899159663865547,0.03742306420016724,639,"Rapunzel, Rapunzel, climb down my comb-over!"
338,1171,12,47,186,245,1.2897959183673469,0.03528417583707763,639,Of course I can't damned well climb up it!
644,1171,17,37,191,245,1.2897959183673469,0.03757995597744384,639,"...so I thought to myself, if I hear 'let your hair down' one more time..."
2186,1173,15,43,194,252,1.2896825396825398,0.03597332926017117,639,Is it too late to change places?
1377,1174,14,36,171,221,1.2895927601809956,0.038871912388985574,639,Shoot.  We still have the gravity problem.
3727,1174,18,28,175,221,1.2895927601809956,0.0409336892276875,639,Gender Equality: now your turn to do the work. Pull me up!
4348,1176,13,40,175,228,1.2894736842105263,0.03752906410146939,639,"Rapunzel, Rapunzel I think we've got this all wrong so just jump and I'll catch you."
968,1177,14,40,181,235,1.2893617021276595,0.03725520921756692,639,Are you coming down or not?
569,1178,13,44,185,242,1.2892561983471074,0.036039689197948095,639,Something about this seems bass-akward...
4272,1178,10,50,182,242,1.2892561983471074,0.03458297365859083,639,Easy - it took a whole cauldron of gel.
4413,1178,15,40,187,242,1.2892561983471074,0.03697896633349787,639,"Oh geez... I'm suppose to rescue you with YOUR long hair?"""
360,1181,17,38,194,249,1.2891566265060241,0.0371402777075793,639,swing me again!
782,1182,14,33,164,211,1.2890995260663507,0.04013206839658458,639,"I know you said you had a comb over, but really?"
2217,1183,11,52,193,256,1.2890625,0.033806999570732243,639,I like what you’ve done - sober wench in the front; medieval faire in the back.
2991,1184,9,45,164,218,1.2889908256880733,0.03643338316346297,639,Well? Can’t you pull me up?
4420,1184,12,39,167,218,1.2889908256880733,0.038134304952006794,639,It might work better if you were down here and I was up there
1026,1184,11,41,166,218,1.2889908256880733,0.037575886935999295,639,"Wait - you lather, rinse, AND repeat?!"
307,1184,17,29,172,218,1.2889908256880733,0.04081194543146512,639,"Please, let go."
1815,1188,14,37,174,225,1.288888888888889,0.0383752933451955,639,Ever wake up and feel like you're in a fractured fairy tale?
3123,1189,11,45,176,232,1.2887931034482758,0.03605066378791505,639,I don't think you really Googled this right.
1829,1190,13,43,183,239,1.288702928870293,0.03633065692797111,639,"That's not how this works, Steve!"
645,1191,9,53,184,246,1.2886178861788617,0.033714790169580997,639,I don't want you to think I'm using you for your hair.
1837,1192,15,45,200,260,1.2884615384615385,0.03518490016350283,639,The king's gone mad. Pull me up!
1809,1193,9,44,162,215,1.2883720930232558,0.0367445436995461,639,Wait..how is this supposed to work now?
3844,1194,16,32,174,222,1.2882882882882882,0.03975731215753955,639,I just don't think this is a stable enough foundation for a relationship.
2120,1195,14,38,177,229,1.2882096069868996,0.03789502882417747,639,It feels better when I'm on top.
3420,1195,14,38,177,229,1.2882096069868996,0.03789502882417747,639,Let’s drag you up by your hair for a change
411,1197,13,42,181,236,1.2881355932203389,0.03662826281539609,639,Wait a minute – you’re going to pull me up?
974,1197,11,46,179,236,1.2881355932203389,0.03563012185640022,639,Okay Miss Prisoner.  Do you have a better idea?
1569,1199,13,44,186,243,1.2880658436213992,0.03591080537528308,639,Just a little off the ends...
1553,1200,13,33,159,205,1.2878048780487805,0.040329676862665406,639,Are you sure this is how it worked in the YouTube video?
2261,1201,10,41,161,212,1.2877358490566038,0.03766172412169819,639,"This is becoming a hair raising experience, but who am I to talk?"
1404,1202,8,47,164,219,1.2876712328767124,0.035708802873689424,639,"Wait, you have this backwards!"
936,1202,15,33,171,219,1.2876712328767124,0.03960254347439234,639,Rapunzel? The script says Delilah. Did he draw me in the wrong panel again?
2201,1204,17,31,178,226,1.2876106194690264,0.039739889219427074,639,"You misunderstand, I asked to see your heir-line"
988,1205,13,41,179,233,1.2875536480686696,0.036932751700970635,639,I dunno.  Pull me up?
3609,1206,16,37,187,240,1.2875,0.03761604545764597,639,I always felt the other way just perpetrated gender stereotypes.
1211,1206,11,47,182,240,1.2875,0.035222568879028915,639,"Good catch! Now, lift with your legs."
1040,1208,15,43,196,254,1.2874015748031495,0.03572579729258503,639,The script says “let DOWN your hair!”
2245,1209,13,34,162,209,1.2870813397129186,0.03977506212688862,639,I'll just remind you that you first laughed at my man-bun.
146,1210,10,42,164,216,1.287037037037037,0.03718210178320848,639,Something's not right here.
1012,1210,12,38,166,216,1.287037037037037,0.03832285659093088,639,"Just a couple inches off the top, I’m growing it out right now."
1528,1210,14,34,168,216,1.287037037037037,0.03943062238364028,639,"After I finished, I realized he was Trump's stylist."
2648,1213,12,42,176,230,1.2869565217391303,0.03673107167578725,639,"Okay, your turn."
2167,1214,17,34,186,237,1.2869198312236287,0.038403343189899734,639,"If you pull me up, you can then use my hair to climb down, but then I'll be stuck in the tower!"
3550,1214,13,42,182,237,1.2869198312236287,0.036493642528786174,639,The therapist said we should try to empathize more.
3703,1214,11,46,180,237,1.2869198312236287,0.035500289202309854,639,Of course it stays stiff.  What are you thinking?
1416,1217,17,44,211,272,1.286764705882353,0.03487091162098893,639,"Manbunzel, Manbunzel, please wash your hair!"
1281,1218,11,37,158,206,1.2864077669902914,0.038960547556049864,639,I’d go to any length for you!
1550,1218,11,37,158,206,1.2864077669902914,0.038960547556049864,639,"You know the recommended time between haircuts is three to six weeks, right?"
1952,1220,11,39,163,213,1.2863849765258215,0.03809465660560942,639,Hairy up!
2350,1220,14,33,166,213,1.2863849765258215,0.03980044685484184,639,OK now... you said you’d toss me yours if I tossed you mine
352,1222,12,39,169,220,1.2863636363636364,0.03783226699097531,639,I thought you can slide down instead.  I am not much of a climber.
4172,1222,10,43,167,220,1.2863636363636364,0.036718638657311634,639,Are you sure this is the only way up?
2975,1224,10,45,172,227,1.2863436123348018,0.03597299102867508,639,Tie it off and climb down. And bring a scissor.
4312,1224,10,45,172,227,1.2863436123348018,0.03597299102867508,639,What do you mean I make your issues all about me?
1262,1226,9,49,176,234,1.2863247863247864,0.03474406609316747,639,Go ahead. I used tons of hair spray.
3547,1226,16,35,183,234,1.2863247863247864,0.03826130172246894,639,What a letdown!
4298,1228,14,41,186,241,1.2863070539419088,0.03654437356483676,639,Whoops!  I think your man bun has come undone.
2882,1228,9,51,181,241,1.2863070539419088,0.034096928104884044,639,I use a lot of product.
1325,1230,12,49,194,255,1.2862745098039217,0.0342776448521671,639,You'll be fine—I used hemp shampoo.
2718,1231,14,40,184,238,1.2857142857142858,0.036844335077829624,639,Have you considered a man bun?
3055,1231,12,46,187,245,1.2857142857142858,0.03518340799381935,639,"If you want to live happily ever after, you gotta start pulling."
2807,1231,17,42,207,266,1.2857142857142858,0.035390073308408064,639,"No, no....don't come down.  I'm coming up.  You have the rent controlled apartment."
3934,1231,12,40,172,224,1.2857142857142858,0.03735807161484521,639,I’ve just always had a problem with the gender-role confines of fairy tales.
2517,1231,18,28,178,224,1.2857142857142858,0.0404457183911529,639,"Dearest Rapunzel, what we've got here is failure to communicate."
4343,1231,12,44,182,238,1.2857142857142858,0.03586907561676672,639,Allow me to explain. Your hair needs to be at least this long.
3882,1231,14,36,174,224,1.2857142857142858,0.03841487197139605,639,This is what equality looks like.
1344,1231,17,28,172,217,1.2857142857142858,0.040868106526136296,639,Will you help me fix my man bun?
1335,1231,13,38,173,224,1.2857142857142858,0.03789015639555116,639,"Yes, I did have beans for dinner at Jack's last night. How did you know?'"
1310,1231,11,44,176,231,1.2857142857142858,0.036074785117390484,639,Can you French braid it?
557,1231,12,46,187,245,1.2857142857142858,0.03518340799381935,639,Why should this detail always be the woman’s responsibility?
53,1231,12,44,182,238,1.2857142857142858,0.03586907561676672,639,It's like an emergency exit on an airplane: just slide down.
4374,1243,16,33,179,228,1.2850877192982457,0.03893763163950865,639,"It's my new pill, climb down and find out what else it can do."
3951,1243,10,45,173,228,1.2850877192982457,0.03583688018947057,639,I can't take the politics any longer.  Please pull me up.
2078,1243,8,49,171,228,1.2850877192982457,0.034741851654566946,639,"Be gentle, they're extensions."""
2371,1243,12,41,175,228,1.2850877192982457,0.036899426920224666,639,"Don't worry, the gel will hold!"
1521,1247,14,35,172,221,1.2850678733031675,0.038759222567771014,639,Let's go to my place tonight.
979,1248,11,37,159,207,1.285024154589372,0.03879655544255554,639,Because I want to be on top for once.
2249,1249,15,42,196,253,1.284584980237154,0.035755643597132826,639,"I said ""Get a bottle of Rogaine, not ""Take a bottle of Rogaine.'"
876,1250,15,38,186,239,1.284518828451883,0.03718514190379917,639,Thanks for waiting.
1788,1250,10,48,181,239,1.284518828451883,0.0347409303245757,639,I thought I would try a different strategy
4098,1250,17,34,188,239,1.284518828451883,0.03811896895039455,639,Honestly this is more repelling than rappelling.
4263,1250,13,42,184,239,1.284518828451883,0.03622725166183902,639,"Yeah, there's more product than usual. If you don't like it take the stairs!"
449,1254,16,34,182,232,1.2844827586206897,0.03844844488498383,639,Clearly you have been a Trump supporter for quite some time.
2351,1254,8,50,174,232,1.2844827586206897,0.034347210823932786,639,"So you see Rapunzel, I thought if we put our heads together we could find a way to get you out of that tower."
3973,1254,14,38,180,232,1.2844827586206897,0.03746524934390736,639,I moussed it for you.
466,1257,12,40,173,225,1.2844444444444445,0.037213337011065245,639,I think we need to use your hair
2081,1258,16,30,172,218,1.2844036697247707,0.040178588263245184,639,I'm going to try cutting back on the Rogaine a bit.
311,1258,14,34,170,218,1.2844036697247707,0.0391121858828689,639,"Trust me, it's the stiffest gel in the kingdom."
2918,1260,16,41,200,257,1.284046692607004,0.0357878835391968,639,Fairy tale. Hairy tale. Does it really matter?
859,1260,13,47,197,257,1.284046692607004,0.03449023209780761,639,"Rapunzel, Rapunzel, let down my comb over."
1926,1262,15,39,189,243,1.2839506172839505,0.03674681379067317,639,"Rapunzel, Rapunzel, grab hold my hair 
so that you may slide down my gel-slicked stair."
797,1262,7,55,181,243,1.2839506172839505,0.03283667528244173,639,Now lift.
4077,1262,10,49,184,243,1.2839506172839505,0.03435516916950385,639,"Recently, literary scholars uncovered a first draft of the Rapunzel narrative. Its significance for future interpretations remains unclear."
1337,1265,17,33,186,236,1.2838983050847457,0.03844686048466552,639,I Trumpenized my hair so it's safe to slide down.
1334,1265,14,39,183,236,1.2838983050847457,0.037013173345035365,639,I think this fairytale is vertically challenged.
2238,1265,15,37,184,236,1.2838983050847457,0.03749716026255236,639,"Actually no, I am Sir Lance-up-locks."""
2182,1268,20,25,184,229,1.2838427947598254,0.04071448251456262,639,We Drumpfs know a thing or two about hair.
3655,1268,16,33,180,229,1.2838427947598254,0.038787209293488716,639,Be careful! It's my combover.
1866,1270,9,43,163,215,1.283720930232558,0.03661777147658807,639,So now you know its a comb over.
234,1271,10,37,154,201,1.2835820895522387,0.03890152796482509,639,Is this how it's supposed to go ?
2090,1272,14,44,196,254,1.2834645669291338,0.0351927850749698,639,"Lice check, again?"
3247,1272,13,46,195,254,1.2834645669291338,0.0347477989150905,639,"Wait, is it upload or download?"
942,1272,14,44,196,254,1.2834645669291338,0.0351927850749698,639,"The answer, my friend, is blowin' in the wind..."
1557,1275,13,44,190,247,1.2834008097165992,0.03540405267459956,639,I was thinking your place instead of my parent's basement.
4305,1276,16,34,183,233,1.2832618025751072,0.03830253939379123,639,I tried to tell you that it wouldn't work!
2280,1276,10,46,177,233,1.2832618025751072,0.03528586849895051,639,We're gonna need more hairspray!
454,1278,17,30,179,226,1.2831858407079646,0.0396335490998665,639,"""If you think THAT'S something..."""
4310,1278,15,34,177,226,1.2831858407079646,0.03862842840087516,639,Hast thou been watching that pole dancing video I sent?
1871,1280,16,30,173,219,1.2831050228310503,0.04001578188321556,639,"It's the 21st century Rapunzel, give up gender norms!"
3949,1280,15,32,172,219,1.2831050228310503,0.0394888713999752,639,"Milady, I’m afraid our future is up in the air."
3946,1282,13,34,165,212,1.2830188679245282,0.039280296530599106,639,With hair like this you may be a Prince but you'll never be President.
867,1283,13,45,193,251,1.2828685258964143,0.035010831485363034,639,Your plight is hair-raising.
1696,1284,18,33,193,244,1.2827868852459017,0.03797115248894894,639,You called for a pickup?
2602,1285,15,35,180,230,1.2826086956521738,0.0381433634078585,639,"Princess, can't you see how far I've comb?"
3679,1286,16,44,209,269,1.2825278810408922,0.034644515906503824,639,"Is this deja vu, or am I in the wrong fairytale?"
1449,1287,14,35,174,223,1.2825112107623318,0.03845315183326687,639,I think we have this ass-backwards!
843,1288,11,39,166,216,1.2824074074074074,0.03763381183226655,639,And just imagine how great our kid's hair will be!
4266,1289,16,38,194,248,1.282258064516129,0.036641424070027226,639,Sir Issac doesn't know everything!
3491,1289,16,38,194,248,1.282258064516129,0.036641424070027226,639,Haul me up and I’ll save you.
1113,1291,10,37,155,202,1.2821782178217822,0.038733916398887944,639,This relationship isn’t working. I feel like I’m doing all the work.
708,1292,13,42,186,241,1.2821576763485478,0.03596459714389983,639,"Your ivory tower makes you a poor judge on what is 
practical here."
809,1292,17,34,190,241,1.2821576763485478,0.037838668504168775,639,Yeah...it IS kind of wild.    I ate a magic bean.  I'm Jack.  Want to get coffee?
2600,1292,16,36,189,241,1.2821576763485478,0.03737896049326456,639,"No, you're right - considerate troubadour does make more sense than considerable pompadour."
4462,1292,15,38,188,241,1.2821576763485478,0.03691352788539306,639,"So, how do you want this to go down?”"
4003,1296,15,36,183,234,1.2820512820512822,0.037673973242408246,639,"Force of habit, I suppose, but does it really matter why I brought the hat?"
2932,1296,12,42,180,234,1.2820512820512822,0.03618398733586367,639,And you’re sure you don’t just want to take the elevator?
457,1296,14,38,182,234,1.2820512820512822,0.037183945725995454,639,"It is I, Sir Richard of Dyslexia."
2709,1299,15,34,178,227,1.2819383259911894,0.03847811104207913,639,"no, that's NOT what gender equality means"
2953,1299,10,44,173,227,1.2819383259911894,0.03585583432121543,639,Just trim the ends...
248,1299,11,42,174,227,1.2819383259911894,0.03639540753679885,639,I told you it was a bad hair day.
2233,1299,18,28,181,227,1.2819383259911894,0.039968982149464906,639,I guess I’m just a little excited to see you again.
2595,1303,16,41,202,259,1.281853281853282,0.03554471650976355,639,I'm going toupée for this.
4480,1303,14,45,200,259,1.281853281853282,0.034692453744044296,639,"Is this a ladder in his hair, or is he just glad to see me?”

Greg Fukutomi, New York Cit"
829,1305,14,34,172,220,1.2818181818181817,0.03879870905254847,639,Repunzle? Repunzle. Let down my hair.
2067,1306,17,37,198,252,1.2817460317460319,0.036657445190527625,639,"Repugnant, Repugnant, let go my hair!"
1736,1307,11,38,164,213,1.2816901408450705,0.03796890425644761,639,I hate climbing!
1033,1307,14,32,167,213,1.2816901408450705,0.039680100785923836,639,"Leznupar , pull up my hair!"
2620,1309,12,45,188,245,1.2816326530612245,0.03508040445167931,639,"Rappelsel, Rapunsel, what's the difference?"
4520,1309,11,47,187,245,1.2816326530612245,0.03460027125819161,639,"The magic hair potion worked, but can you do anything for my split ends?"
106,1309,15,39,191,245,1.2816326530612245,0.036482910965989046,639,"What do you think, should I grow it out or leave it short like this?"
4524,1312,14,30,162,206,1.2815533980582525,0.04061739457948185,639,"No, the curtains don't match the carpet."
229,1313,15,37,186,238,1.281512605042017,0.037219481220610785,639,"I figured you of all people would appreciate the ""up"" do."
1359,1314,13,39,179,231,1.2813852813852813,0.03699363737062385,639,"Melania, I told you not to mess with my hair!"
1567,1314,11,43,177,231,1.2813852813852813,0.035961676463986576,639,"If you can't pull me, at least help me to make a bun."""
1284,1316,11,41,172,224,1.28125,0.03670038203233948,639,You've found the keys a decade ago??
3,1316,14,35,175,224,1.28125,0.038301871390546145,639,"Rapunzel, Rapunzel, throw down your hair-tie!"
1488,1316,11,41,172,224,1.28125,0.03670038203233948,639,You said to ask for an up-do!
4222,1316,10,52,194,256,1.28125,0.03315285085189271,639,Last chance!  My haircut appointment is in 30 minutes.
484,1320,12,46,191,249,1.2811244979919678,0.03469214008717612,639,Please reconsider letting yours down
3600,1321,13,35,169,217,1.2811059907834101,0.0386041808887575,639,I'll rescue you if you promise to tell no one about the comb-over.
26,1321,9,43,165,217,1.2811059907834101,0.03632637047737471,639,You can try but I am not sure the gel will hold.
4276,1321,14,33,170,217,1.2811059907834101,0.03915293321834287,639,"I don’t mean to split hairs, but there’s no way this will hold!"
1123,1324,17,41,209,267,1.2808988764044944,0.03518669442696106,639,I think I used too much Rapunz-Gel.
745,1325,10,46,179,235,1.2808510638297872,0.03502624942128644,639,Isn't this move just a hair backwards?
4145,1326,12,40,176,228,1.280701754385965,0.03678556970026858,639,Now is not the time to criticize my split ends.
805,1326,10,44,174,228,1.280701754385965,0.03571963623620467,639,I didn’t know this is what you meant by “we’ll see how you feel when the shoe is on the other foot.”
633,1326,13,38,177,228,1.280701754385965,0.03730711729464747,639,"Rapunzel, I don’t think this is the way it works."
3262,1326,11,42,175,228,1.280701754385965,0.03625652045508576,639,"Pardon me, Your Highness, but you called for the hair force, not the air force!"
2486,1330,9,53,191,253,1.2806324110671936,0.03291548255767107,639,Come back after you've conditioned
2945,1330,13,45,195,253,1.2806324110671936,0.034769345382855574,639,"It's business in front, maaaaaajor party in back."
3301,1332,10,42,169,221,1.2805429864253393,0.03645273133234901,639,"You know we are living in parallel universes, right?"
542,1332,9,44,168,221,1.2805429864253393,0.03588406730480029,639,About four hours. Why do you ask?
1447,1332,14,34,173,221,1.2805429864253393,0.03864379591344966,639,I just hate to let a good hair day go to waste.
1607,1332,12,38,171,221,1.2805429864253393,0.0375642422004542,639,You have no idea how much hair spray I had to use.
72,1336,16,37,193,246,1.2804878048780488,0.03680592770613431,639,So it turns out the magic beans make a passable cassoulet.
625,1337,14,48,209,271,1.2804428044280443,0.03361633592537735,639,Slide down.  It’s gelled.
3114,1338,7,46,161,214,1.280373831775701,0.03541735781565499,639,"Oh, so you’re more into short-haired guys now?"
2489,1339,12,43,184,239,1.2803347280334727,0.035631492675857926,639,Let down your conditioner.
1682,1339,13,41,185,239,1.2803347280334727,0.03612151406056297,639,It's just like pole vaulting.
3150,1341,14,30,163,207,1.2801932367149758,0.040443577339856054,639,I borrowed it from The Donald
1523,1342,10,45,177,232,1.2801724137931034,0.035302203608676565,639,Not mine! Yours!!
1547,1342,11,43,178,232,1.2801724137931034,0.03582686955993645,639,"Somehow, this isn’t how I had envisioned it."
2859,1342,11,43,178,232,1.2801724137931034,0.03582686955993645,639,our hair care products will set you free
2931,1342,13,39,180,232,1.2801724137931034,0.03685380018583144,639,"Would you like a blowout?""
""No thanks, just tower dry today."
1980,1346,15,42,200,257,1.2801556420233462,0.03526683860758267,639,It's shellacked so you can use it as a slide.
3840,1347,13,37,175,225,1.28,0.037628088124073165,639,Long hair is such a let-down!
4230,1347,12,39,174,225,1.28,0.03709704134011871,639,Climb down my comb-over.
873,1349,21,33,214,268,1.2798507462686568,0.036630083417949225,639,What are you waiting for? Help me up.
1155,1350,13,35,170,218,1.2798165137614679,0.03844831874061941,639,"Leznupar, Leznupar, let up your long hair!"
731,1351,8,38,147,193,1.2797927461139897,0.03848770905947114,639,I don't think this is the way this is supposed to work.
1465,1352,17,32,187,236,1.2796610169491525,0.0383443817715128,639,I’m sorry if this is such a letdown.
2651,1352,14,38,184,236,1.2796610169491525,0.03690671393367098,639,You gotta a problem with comb-overs?
3448,1354,14,31,166,211,1.2796208530805686,0.03988880099452737,639,Head & Shoulders ... why?
1348,1355,11,49,194,254,1.279527559055118,0.033739649328452206,639,"extra hold hair gel, can't remember the brand, does that matter?"
2388,1356,12,40,177,229,1.279475982532751,0.036645088417563955,639,"Your turn."""
4541,1356,10,44,175,229,1.279475982532751,0.035584431487733735,639,The barber assured me that the hair spray will hold
21,1358,14,41,192,247,1.2793522267206479,0.0357654329661776,639,Hurry! The hair gel will only hold so long.
265,1358,15,39,193,247,1.2793522267206479,0.03622266561378825,639,These CVS receipts are getting ridiculous
771,1358,12,45,190,247,1.2793522267206479,0.03483296681934796,639,Why should you get all the credit every time?
3071,1358,9,51,187,247,1.2793522267206479,0.033385470652774585,639,What do you mean ‘split ends’ !
4081,1362,12,43,185,240,1.2791666666666666,0.03550193812193584,639,I don't think this is how feminism works.
4241,1363,10,45,178,233,1.2789699570815452,0.03517092684053163,639,Buzzer's broken.
495,1363,16,33,184,233,1.2789699570815452,0.03819667659770585,639,"It's like Viagra, but for hair!"
1106,1363,12,41,180,233,1.2789699570815452,0.036207615648064,639,"So, we'll take off 16 feet, yes?"""
209,1366,14,35,177,226,1.2787610619469028,0.038002756484752945,639,I've made a vow not to cut my hair until the invention of ladders.
2209,1366,12,39,175,226,1.2787610619469028,0.036953305223070936,639,Would it make it easier to climb down if I added more mousse?
4166,1366,11,41,174,226,1.2787610619469028,0.03641724042461821,639,I can't do a thing with it today.
4219,1366,13,37,176,226,1.2787610619469028,0.03748170398573732,639,"Don't worry, honey, it's safe - I used POTUS's hairspray."
4451,1366,14,35,177,226,1.2787610619469028,0.038002756484752945,639,Just jump! I' ll be hair!
599,1371,10,48,186,244,1.278688524590164,0.03412567212239562,639,"”I use gel, why do you ask"
308,1372,11,39,169,219,1.278538812785388,0.03718362342755361,639,I heard you're into hair.
2163,1373,11,44,182,237,1.2784810126582278,0.0352807350361142,639,"Now, my turn to play with yours."
1212,1374,13,38,179,230,1.2782608695652173,0.037022077462351664,639,So you can wear yours down but I can't do an updo?!
2415,1374,15,34,181,230,1.2782608695652173,0.03803391618147181,639,Rappel-Zel.
2060,1376,14,41,193,248,1.278225806451613,0.03563873119889741,639,Not quite sure that's how it works
1780,1377,13,36,174,223,1.2780269058295963,0.03780699406882863,639,As soon as the band finishes touring I'll come back for you.
1789,1377,11,40,172,223,1.2780269058295963,0.036722888141377565,639,Can you pull me up?
2704,1377,13,36,174,223,1.2780269058295963,0.03780699406882863,639,"A little mousse, a little spray,  and et voila, Ralphpunzel."
1476,1380,15,37,189,241,1.2780082987551866,0.03681038193562966,639,What  ? Don’t tell you are having another hair raising adventure .
2611,1380,14,39,188,241,1.2780082987551866,0.036337667393980984,639,I swear the engagement ring is in there  somewhere.
1959,1382,11,38,167,216,1.2777777777777777,0.037507775057698714,639,"I traded my cow for some magic beans, and look what happened!"
1524,1383,13,42,190,245,1.2775510204081633,0.03545020176467718,639,Please? I've waited forever for this appointment.
4351,1384,13,37,177,227,1.277533039647577,0.03733642178260588,639,Sorry?  You weren’t thinking?  Do you have any idea how long it took me to grow this thing?
2376,1384,13,37,177,227,1.277533039647577,0.03733642178260588,639,"Rapunzel, you know that Newton and Einstein don't agree on gravity."
910,1384,10,43,174,227,1.277533039647577,0.03573589073789786,639,"I'm here to rescue YOU, Rapunzel. I just haven't worked out all the logistics yet...."
1333,1387,11,36,162,209,1.277511961722488,0.038340718884842834,639,I did not travel all this way for you to judge me.
1687,1387,13,32,164,209,1.277511961722488,0.03952244899439471,639,Eight coats of floor wax. It'll hold you. Just grab on and slide down.
4361,1389,13,40,185,238,1.2773109243697478,0.036146284661452165,639,Let's prove them wrong.
4183,1390,13,35,172,220,1.2772727272727273,0.038140235119900875,639,"I have those new shoes you wanted, but I'm not sure we've thought this through."
945,1391,17,22,163,202,1.2772277227722773,0.0428284408330349,639,I bought hair gel from a guy named Jack.
2662,1392,11,47,191,249,1.2771084337349397,0.034117489327235954,639,"Rapunzel, rapunzel, pull me up by my hair."
219,1392,11,47,191,249,1.2771084337349397,0.034117489327235954,639,"Rapunzel, Rapunzel, slide down my gel."
715,1392,13,43,193,249,1.2771084337349397,0.03505393427200613,639,"I know I have split ends, that's really not the problem here"
2726,1395,13,38,180,231,1.277056277056277,0.036881137452639066,639,Frankly you should jump instead
2891,1395,12,40,179,231,1.277056277056277,0.03636722128367895,639,What makes you think I’ve been seeing someone else?
3333,1395,7,50,174,231,1.277056277056277,0.0336802197791841,639,"Wait! I know this guy, Jack. He can help!"
3778,1395,11,42,178,231,1.277056277056277,0.03584593795664559,639,Don’t worry. I used extra-hold.
4550,1395,14,36,181,231,1.277056277056277,0.03738799026030741,639,"Wait, so you're saying I didn't have to grow it out?!?!"""
2394,1400,12,35,166,213,1.2769953051643192,0.03842076890315677,639,Dandruff? I used the five cans of mousse your fairy godmother told me to use and you're not going to slide down because of a little dandruff?
3641,1401,13,41,188,242,1.2768595041322315,0.03572871130833586,639,Come down to my place for a change.
4168,1401,8,51,183,242,1.2768595041322315,0.03324272744121976,639,"I used ""extra hold"" this time, it'll work!"
1085,1401,15,37,190,242,1.2768595041322315,0.03667595350312899,639,"Everyone laughed when I kept yelling, 'Lock her up!'  over and over. Everyone laughed at my ridiculous, wrap-around hair.  What did they know?  Who's laughing now?"
4281,1404,9,44,171,224,1.2767857142857142,0.03546820249093736,639,"You said you wanted unconventional, dear."
3772,1404,13,36,175,224,1.2767857142857142,0.03765829437900539,639,I got a tweet that said to keep combing it forward.
4164,1406,14,42,197,253,1.2766798418972332,0.03511884831426045,639,Don't worry. I used extra strength gel.
934,1407,14,37,184,235,1.2765957446808511,0.03693604283287192,639,"Knowing you, Rapunzel, has been a hair raising experience.”"
3142,1407,16,33,186,235,1.2765957446808511,0.03790793793421322,639,I'm gender-binary so I have the quest of the knight in shining armor but the hair of the damsel-in-distress princess.
3392,1407,12,41,182,235,1.2765957446808511,0.03593787364159621,639,"In light of recent events, I thought it was time for me to pitch in."
3513,1407,14,37,184,235,1.2765957446808511,0.03693604283287192,639,"Until now, you've been confined by gender roles."
3726,1407,11,43,181,235,1.2765957446808511,0.03542824456197525,639,"What do you mean, a split end?"
3582,1412,14,32,171,217,1.2764976958525345,0.039032214740192375,639,"M'Lady, doth size really matter?"
4529,1413,16,36,194,246,1.2764227642276422,0.03670592013961111,639,"I wasn't planning on coming up, but now that you mention it..."
754,1414,11,41,176,228,1.2763157894736843,0.03613829299237332,639,As tropes go this is all messed up.
3014,1414,12,39,177,228,1.2763157894736843,0.036669048025083556,639,Viagra for hair.
1594,1416,12,47,198,257,1.2762645914396886,0.0338498338809239,639,"Yes, those are definitely split ends."
3193,1417,18,25,178,221,1.2760180995475112,0.0406049725946948,639,I swear the carpet doesn't match the drapes.
1554,1417,14,33,174,221,1.2760180995475112,0.03852560782653515,639,"First, pull me up. Next... no, wait, don’t pull me up."
153,1417,11,39,171,221,1.2760180995475112,0.03688924575869015,639,"Slide down, I used Aqua Net!"
937,1417,9,43,169,221,1.2760180995475112,0.035756758551902815,639,Perfect! Now just climb down.
2616,1421,11,34,158,203,1.2758620689655173,0.039056735331978926,639,Figured it was #myturn.
2013,1421,11,42,179,232,1.2758620689655173,0.0357110684139545,639,"I don't care how long it is, I'm still not going out with you."
841,1421,13,38,181,232,1.2758620689655173,0.03674123586569493,639,Just a trim
594,1421,14,36,182,232,1.2758620689655173,0.037245636197746325,639,I sure hope we gel.
3534,1425,16,35,192,243,1.2757201646090535,0.03700490241340288,639,"It's over, hon - I'm switching to a man bun."
4101,1426,8,43,163,214,1.2757009345794392,0.03589606046306905,639,The gel was Extra Hold but still be careful.
222,1427,14,34,177,225,1.2755555555555556,0.03803599891423755,639,I'm hair to save you
3630,1427,13,36,176,225,1.2755555555555556,0.03751072744857584,639,Ready for a hair-raising adventure?
777,1429,12,41,183,236,1.2754237288135593,0.035804457922504425,639,We're lucky that Parliament hasn't passed the laws of gravity yet.
2558,1429,12,41,183,236,1.2754237288135593,0.035804457922504425,639,It's something new called Reverse Engineering.
1332,1431,14,35,180,229,1.275109170305677,0.03756251263697586,639,"Pull me up, I'm tired of having to climb."
2535,1431,9,45,175,229,1.275109170305677,0.034920130348243435,639,"But, soft! what light through yonder window breaks?
It is the east, and... your not Juliet--OMG, this is Grimm."
3319,1431,14,35,180,229,1.275109170305677,0.03756251263697586,639,"Sir Gelahad at your service, my lady."
20,1434,15,36,189,240,1.275,0.03684043394453651,639,"Well, thank God it’s not a man bun!"
3124,1435,12,45,194,251,1.2749003984063745,0.034348082871850025,639,I think you must have me confused with some other princess
800,1436,17,24,170,211,1.2748815165876777,0.04143032643483858,639,"You're supposed to let your hair down, not pull mine up, Rapunzel. When will you stop listening to fairy tales on Fox News?"
3888,1436,14,30,167,211,1.2748815165876777,0.03976257454459765,639,I tried a new straightener but it didn't get rid of my cowlick.
4234,1438,15,34,184,233,1.2746781115879828,0.0375996040084447,639,"Well, if I had known that, I would've been here MONTHS ago!"
1493,1438,12,40,181,233,1.2746781115879828,0.036093409612393226,639,How 'bout I ask Jack if we can borrow his beanstalk?
376,1438,12,40,181,233,1.2746781115879828,0.036093409612393226,639,I misread the job description.
29,1438,9,46,178,233,1.2746781115879828,0.03452156157105511,639,"What, too much product?"
1823,1442,16,38,201,255,1.2745098039215685,0.03575090811857681,639,The hard part is getting the hair into this hat.
4345,1443,15,43,208,266,1.2744360902255638,0.03430731686601617,639,It’s less exciting but maybe you should take the elevator …
186,1444,16,33,188,237,1.2742616033755274,0.03762342813518367,639,Who knew this would come in handy for the 'Get Out the Vote' campaign?
445,1444,13,39,185,237,1.2742616033755274,0.03616972805104483,639,Rogaine!
814,1444,15,35,187,237,1.2742616033755274,0.03714518325244517,639,Hurry up! The Viagra is wearing off!
3862,1447,10,37,161,208,1.2740384615384615,0.0377568645126393,639,Please stop braiding and start lifting.
2359,1447,11,35,162,208,1.2740384615384615,0.038367068577537376,639,"Yes,with both hands. Trust me-- it's physics!"
54,1449,12,36,171,219,1.273972602739726,0.037618354927453634,639,I could cut here and you'd still be fine
76,1450,9,45,176,230,1.2739130434782608,0.03478854135848944,639,Can you just trim a bit off the ends?
1013,1450,18,27,185,230,1.2739130434782608,0.039395344039241276,639,I took Viagra.  Slide down quickly!
963,1450,17,29,184,230,1.2739130434782608,0.03891042086298676,639,I have an MFA in Rewriting the Classics.
2225,1453,12,42,187,241,1.2738589211618256,0.03526360698974762,639,Gravity? Sounds like another one of your debatable scientific theories. Now are you climbing down here or not?
3044,1453,14,38,189,241,1.2738589211618256,0.03623090215755137,639,I knew my comb over would come in handy.
3807,1453,13,40,188,241,1.2738589211618256,0.035750526213452004,639,Maybe you should read it again to be sure.
3320,1456,13,43,196,252,1.2738095238095237,0.034687705874932855,639,"Rapunzel, Rapunzel, please don’t pull on my hair! I have just come from my stylist and it needs special care"
3344,1456,10,49,193,252,1.2738095238095237,0.033292315603906844,639,What do you mean the engagement is off?
1996,1456,10,49,193,252,1.2738095238095237,0.033292315603906844,639,"Rapunzel, Rapunzel, Let down my hair!  I'm already late for work, and this tower doesn't pay for itself."
1506,1459,17,38,208,263,1.273764258555133,0.035387438785385014,639,Rapunzel! Rapunzel! Let DOWN my long hair!
832,1460,12,31,158,201,1.2736318407960199,0.03988486188851783,639,Slide down and then I’ll trim it.
2296,1460,12,31,158,201,1.2736318407960199,0.03988486188851783,639,"It's a comb UP, not Over."
132,1462,11,36,165,212,1.2735849056603774,0.03786417418904312,639,Rapunzel! Rapunzel! Repel down my hair!
3185,1463,12,37,174,223,1.2735426008968609,0.03714716076700833,639,"I said,""Bring me a pony's tail,
Not a horses ass""."
4317,1463,10,41,172,223,1.2735426008968609,0.036043213868544643,639,"No, it’s fine - we can use yours."
129,1465,11,42,181,234,1.2735042735042734,0.03544425472044576,639,I feel like we're one of those couples that are stating to look alike
1803,1466,14,42,200,256,1.2734375,0.03475654451527305,639,"Babe, I swear, it's not this long when it's curly!"
4468,1467,17,25,174,216,1.2731481481481481,0.04068858732159355,639,It's me not you.
2557,1467,12,35,169,216,1.2731481481481481,0.03795035609248608,639,"Look here, Rapunzel, this role-reversal thing has gone to far."
2943,1467,14,31,171,216,1.2731481481481481,0.03906868530957593,639,"My love, your beauty is hair-raising."
2471,1470,17,28,182,227,1.2731277533039647,0.039257980382659485,639,Quit looking for split ends and slide down.
3552,1470,5,52,170,227,1.2731277533039647,0.03276234126149392,639,"It looks weird, but keep an open mind."
3567,1470,15,32,180,227,1.2731277533039647,0.038252050323176516,639,The gel should hold.
189,1473,13,39,186,238,1.273109243697479,0.036035863651764054,639,"The dream made so much sense, but I seem to have misremembered it somehow."
1571,1473,14,37,187,238,1.273109243697479,0.03652452176266732,639,"First I shampoo with awapuhi and deionized water, then a leave-in conditioner that's rich in amino-acids, then I comb-in a light but firm hold cream wax and finally I brush it aggressively with a Muskrat-bristle brush and, voila!"
3896,1473,8,49,181,238,1.273109243697479,0.033485778545725736,639,I knew one day someone would appreciate my cowlick.
584,1476,13,42,194,249,1.2730923694779117,0.03494988335238174,639,...plus my father is President
3381,1477,15,33,183,231,1.2727272727272727,0.03777607002531044,639,I'm starting to think I may be dyslexic.
2870,1477,10,46,186,242,1.2727272727272727,0.034145875466264373,639,Comb over or extensions?
4325,1477,12,42,188,242,1.2727272727272727,0.03513581598549986,639,That's 6 cans of hair spray.  Slide on down for a change.
4288,1477,11,38,171,220,1.2727272727272727,0.036909559182923074,639,Now don't get competitive.
2832,1477,16,31,184,231,1.2727272727272727,0.03827107239758959,639,Just be glad it's not a man bun.
2401,1477,15,33,183,231,1.2727272727272727,0.03777607002531044,639,I would have rather you just dropped me
2530,1477,11,41,179,231,1.2727272727272727,0.035727544037333664,639,My blowout rocketh.
1842,1477,10,37,162,209,1.2727272727272727,0.03759864508493232,639,"Rapunzel, Rapunzel, let down my hair. I will put on my shoes and climb up the stair!"
787,1477,13,37,181,231,1.2727272727272727,0.03676607722817852,639,NO! Don't pull me up. It's a wig.
196,1477,15,33,183,231,1.2727272727272727,0.03777607002531044,639,These dang directions are upside down.
2598,1477,15,39,199,253,1.2727272727272727,0.03546315898206791,639,Can we please discuss my split ends some other time?
2982,1488,10,47,189,246,1.2723577235772359,0.033774752494943036,639,"I would have been here sooner, but I was having a bad hair day."
331,1488,12,43,191,246,1.2723577235772359,0.03474337227031283,639,"Slide down, it's safe. I used a ton of gel."
1233,1488,13,41,192,246,1.2723577235772359,0.03521769330923,639,"Next time, we're going to my house"
4242,1488,16,35,195,246,1.2723577235772359,0.036603796769615386,639,I don't know! The whole world just seems upside down.
3561,1492,9,46,180,235,1.2723404255319148,0.03426685515972934,639,You want me to cut here?
2029,1492,10,44,181,235,1.2723404255319148,0.03479349956060867,639,Is it gum?
297,1494,8,45,171,224,1.2723214285714286,0.034769648091894076,639,"Rescue you? Actually, I just wanted some tips for split ends."
528,1494,13,35,176,224,1.2723214285714286,0.03753825532615056,639,"Hurry Juliet, the Viagra I rubbed in may only last a few hours"""
3751,1494,11,39,174,224,1.2723214285714286,0.03645605216054563,639,"Ok, maybe I didn't read your scroll THAT carefully"
3426,1497,11,43,185,239,1.2719665271966527,0.03490990471802072,639,"No, I can’t tell it’s a comb over."
3739,1497,12,41,186,239,1.2719665271966527,0.035409913232582434,639,Lots of hairspray. Just slide on down.
2015,1499,14,34,180,228,1.2719298245614035,0.03759223679225847,639,"Rapunzel Rapunzel, PLEASE LET GO OF MY HAIR."
3571,1499,15,32,181,228,1.2719298245614035,0.038102744385522906,639,"It started as a comb over, then I had a fight with my barber."
3607,1499,12,38,178,228,1.2719298245614035,0.036549836411654414,639,Damn cowlick!
1237,1502,11,41,180,232,1.271551724137931,0.035592630898779176,639,What do you think?  Conditioner - or trim the split ends?
1350,1502,10,43,179,232,1.271551724137931,0.035064460233411344,639,Alright - I've been seeing someone else!
1443,1502,13,37,182,232,1.271551724137931,0.03662612974324776,639,That's not what I meant.
1721,1502,8,47,177,232,1.271551724137931,0.03398350137622663,639,I should have thought this through more before getting the weave.
3899,1502,10,43,179,232,1.271551724137931,0.035064460233411344,639,I guess roll reversals don’t reverse gravity.
4040,1507,12,36,173,221,1.2714932126696832,0.037318161141231994,639,They call it “hair spray.”
474,1508,17,23,170,210,1.2714285714285714,0.04148325677958571,639,"There's enough for the comb-over, but if you want it to look like King Donald's, the first thing we'll have to do is dye it blond."
2997,1509,11,45,191,247,1.271255060728745,0.03414130004220747,639,Let’s upend that sexist fairytale.
2565,1510,10,44,182,236,1.271186440677966,0.03466496899853127,639,And where pray tell is this 'Supercuts' you speak of?
3707,1510,10,44,182,236,1.271186440677966,0.03466496899853127,639,"Let's put a different spin on this tale."""
4103,1510,14,36,186,236,1.271186440677966,0.03668662130004251,639,"Hm, okay - I can work with this."
2640,1513,12,37,176,225,1.271111111111111,0.03685617214313082,639,"Hairbrained I may be,
Yet truly long for thee!"
3447,1513,10,41,174,225,1.271111111111111,0.03576328208762463,639,I promise it's not a harebrained scheme.
4415,1513,6,49,170,225,1.271111111111111,0.03347061676977067,639,"Well now, that's a switch."
886,1516,13,32,169,214,1.2710280373831775,0.038703590560115866,639,"This fair maiden thinks ...""Sire, your comb over rivals that of  Master Trump."""
3910,1517,11,46,194,251,1.2709163346613546,0.03377395900189669,639,"Thanks, that's a load off my mind."
3095,1518,11,40,178,229,1.2707423580786026,0.03587935453224211,639,"Tie me off and repel, Rapunzel!"
3588,1518,13,36,180,229,1.2707423580786026,0.036931542378787624,639,"No, not lavender, I use a rosemary with crushed mint conditioner."
3978,1520,9,41,168,218,1.2706422018348624,0.03591873878813629,639,"Hey, my eyes are down here!"
2112,1521,16,37,202,255,1.2705882352941176,0.03565254672204463,639,Do you think it works better down?
36,1522,14,38,192,244,1.2704918032786885,0.03583685518141591,639,"Why do you always check for lice, whenever I come over to see you?"
2028,1522,12,42,190,244,1.2704918032786885,0.0348829107508298,639,Wow! What hold!
3444,1522,13,40,191,244,1.2704918032786885,0.03536309977748086,639,Pull harder!
4073,1525,11,41,181,233,1.2703862660944205,0.035458701941320295,639,Pray for tensile strength.
658,1525,13,37,183,233,1.2703862660944205,0.03648721528781407,639,"I figured since you could't come down, that maybe you could pull me up."
231,1525,12,39,182,233,1.2703862660944205,0.0359766342423988,639,"Don’t pull, it’s a wig!"
779,1528,13,34,175,222,1.2702702702702702,0.03771417681735824,639,Have you thought this out?
1981,1528,12,36,174,222,1.2702702702702702,0.037169804766286604,639,See...I’ll be your equal partner in everything.
3581,1528,13,44,202,259,1.2702702702702702,0.03396363488826363,639,How many times do I need to tell you: Hairspray. Not crazy glue.
3519,1531,15,44,215,274,1.27007299270073,0.03351357619003119,639,just a tease
943,1532,10,41,175,226,1.2699115044247788,0.03562488889184516,639,This isn't how it works. This isn't how any of it works.
1024,1533,10,48,194,252,1.2698412698412698,0.03318378367803225,639,Now pull really hard. I'll roll up to you just like a yo-yo.
2822,1533,10,48,194,252,1.2698412698412698,0.03318378367803225,639,I’ve never had an hairectal dysfunction problem before ...
1226,1535,11,43,187,241,1.2697095435684647,0.03465620511602125,639,My love for you transcends traditional gender roles.
1452,1535,14,37,190,241,1.2697095435684647,0.03612183540294932,639,I don't think it was written this way
3708,1537,17,28,185,230,1.2695652173913043,0.03879888227808685,639,Let’s switch places and try again.
90,1537,13,36,181,230,1.2695652173913043,0.03678945698277061,639,"Okay, come on down!"
2578,1539,11,37,171,219,1.269406392694064,0.0369280983292118,639,"If I'm honest, these blind dates are usually a let down."
3445,1540,12,42,191,245,1.2693877551020407,0.03475777871285233,639,Happily ever after defies the laws of gravity.
1615,1540,13,40,192,245,1.2693877551020407,0.03523576572751856,639,"I was thinking the plan was more for me to come up.  But, I can see why you coming down makes more sense.  Let's go with your hair."
757,1542,13,37,184,234,1.2692307692307692,0.03634932290584909,639,"Trust me, I used the strong hold hair spray."
3316,1542,15,33,186,234,1.2692307692307692,0.03734485447749821,639,I'll come back up now so you can go down.
1413,1544,12,50,213,275,1.269090909090909,0.032192040035325525,639,Too bad gravity matters.
309,1545,12,36,175,223,1.2690582959641257,0.03702259157648199,639,"Rapunzel, I've figured it out. I should be in the tower and you should be down here."
4338,1545,8,44,171,223,1.2690582959641257,0.03477176603059395,639,My new conditioner has extra lift.
52,1547,13,38,187,238,1.26890756302521,0.03592302970951553,639,"No, it does that when I'm nervous too."
2818,1547,14,36,188,238,1.26890756302521,0.036413202061529336,639,My hair isn't all they talk about!
1888,1549,10,37,165,212,1.2688679245283019,0.03713160827806814,639,I'm having a really bad hair day.
1943,1549,6,45,161,212,1.2688679245283019,0.034639766840897035,639,"Keep looking,I put the keys in there myself!"
4216,1551,18,25,184,227,1.2687224669603525,0.039638912849161816,639,I don’t know. Maybe the Viagra went straight to my man bun.
4370,1551,14,33,180,227,1.2687224669603525,0.037620527272574866,639,Go ahead. There’s enough product in it
2577,1553,15,28,173,216,1.2685185185185186,0.03949125382240027,639,Would you mind pulling me up?  I'm all about breaking gender norms.
2052,1554,12,45,200,257,1.2684824902723735,0.0336447930068507,639,I used super hold gel.
3559,1555,12,38,181,231,1.2683982683982684,0.03613120666195115,639,"For the hundredth time, Rapunzel, its not a weave!"
4280,1555,11,40,180,231,1.2683982683982684,0.03560646821778647,639,I know my ends are split! Just pull me up!
1394,1557,9,37,159,205,1.2682926829268293,0.03731927676092475,639,"Yup, it’s Opposite Day!"
808,1557,16,34,196,246,1.2682926829268293,0.036499539836504474,639,I look so much better with my hair up.
1527,1557,15,36,195,246,1.2682926829268293,0.03604209210030872,639,I don't think we thought this thru enough.
3575,1560,9,41,170,220,1.268181818181818,0.0356337606321387,639,It's not grease. It's body.
1287,1560,9,41,170,220,1.268181818181818,0.0356337606321387,639,"Considering how long it took to grow this-- 
Maybe we could have come up with a Plan B"
1140,1560,13,33,174,220,1.268181818181818,0.037892069070571986,639,"So silky, and no split ends. What's your secret?"
2846,1560,14,31,175,220,1.268181818181818,0.03843591938361964,639,"Hey, it makes a killer man-bun"
150,1560,16,27,177,220,1.268181818181818,0.039501163270140895,639,Just a promise of things to come.
1460,1565,11,41,183,235,1.2680851063829788,0.03519375572256868,639,So that you may slide down thy golden man bun.
3347,1565,13,37,185,235,1.2680851063829788,0.036212441786383984,639,"Rapunzel, Rapunzel, help me with my man bun!"
3611,1565,15,33,187,235,1.2680851063829788,0.037203244998315156,639,"Rapunzel, Rapunzel, it's your turn--pull me up, please!"
2204,1568,14,39,197,250,1.268,0.03518031578132714,639,Things used to be simple. Where did we go wrong?
4093,1568,13,41,196,250,1.268,0.03472068698078525,639,"Once upon a time, when viagra and rogaine were bottled in grog."
1475,1570,11,38,175,224,1.2678571428571428,0.036329581245948796,639,Thanks for letting me down easy!
4508,1571,14,36,189,239,1.2677824267782427,0.03627797734640881,639,I thought you said you liked my man-bun?
3310,1571,11,42,186,239,1.2677824267782427,0.034793822974679804,639,"It's called hairspray and trust me, it'll make things so much easier"
1260,1573,12,37,179,228,1.2675438596491229,0.036427908451237806,639,"Well, I must say, getting here was quite a hair-raising experience!"
711,1573,11,39,178,228,1.2675438596491229,0.035893587887929186,639,"Ohmigod! It's split ends, right?"
3994,1573,10,41,177,228,1.2675438596491229,0.03535119218364821,639,My kids put “Gorilla Glue” in my conditioner. You’re the hair genius...what should I do?
3100,1576,15,35,193,243,1.2674897119341564,0.03632928809969387,639,"Okay, now throw down your hair and I'll check it for split ends!"
1629,1577,11,36,170,217,1.2672811059907834,0.03709499846804683,639,Are you sure we can't use mine?
1642,1577,12,34,171,217,1.2672811059907834,0.037665744501503,639,"I'm no good at climbing, but if you start right now you can make it down to me before the gel dissolves."""
2355,1577,12,34,171,217,1.2672811059907834,0.037665744501503,639,It's a Brazilian blow-up.
284,1580,18,26,188,232,1.2672413793103448,0.03898028352141868,639,Wait... What?!
2366,1580,11,40,181,232,1.2672413793103448,0.03547153060633943,639,"I'm leaving because it's always about you, Rapunzel. Your hair. Your castle tower. But Madame de Pompadour makes me feel like it's okay to be about my hair once in awhile."
3927,1582,17,32,198,247,1.2672064777327936,0.03681744670010875,639,Trump swore his hairspray would stiffen it sufficiently.
2728,1582,14,38,195,247,1.2672064777327936,0.03545107127838066,639,"Just a snip me lady, I have two more stops to make"
470,1582,16,34,197,247,1.2672064777327936,0.03636769270389826,639,"You stay there, Melania until you admit it's real!"
3929,1585,11,37,173,221,1.2669683257918551,0.03663355082484102,639,You misunderstood me. I'm just trying to illustrate the concept.
4446,1586,17,29,190,236,1.2669491525423728,0.03802323472811269,639,This will be hard to Trump
4153,1586,9,45,182,236,1.2669491525423728,0.034018673779293,639,Gel technology has made some incredible advances since you were locked up.
277,1588,14,39,198,251,1.2669322709163346,0.035056138892943754,639,I figured you would know how to deal with split ends.
2054,1588,15,37,199,251,1.2669322709163346,0.035507821448823404,639,"This way, you can yank me up or you can climb down."
3335,1590,9,42,174,225,1.2666666666666666,0.035073618720610086,639,Chivalry requires that I reciprocate in kind.
4502,1590,8,44,173,225,1.2666666666666666,0.03450327796711771,639,I’ll marry you on several conditions.
1065,1590,9,42,174,225,1.2666666666666666,0.035073618720610086,639,I just want to relax and put my hair up.
868,1590,13,38,189,240,1.2666666666666666,0.03565812147534083,639,Split ends!  I don't think so!
3645,1590,10,40,175,225,1.2666666666666666,0.035634832254989916,639,Great extensions!
565,1590,15,34,191,240,1.2666666666666666,0.03662289767513848,639,I applied  on it some of that new stuff they were selling at the pharmacy: Viagrin or something.
675,1590,12,36,177,225,1.2666666666666666,0.03673154433462265,639,"I just followed the directions; lather, rinse, repeat."
4017,1597,15,31,183,229,1.2663755458515285,0.03783760204120122,639,"Lather, rinse, repeat. almost no one repeats you see."
401,1597,10,41,178,229,1.2663755458515285,0.03521586682397092,639,"Looks like a ""good hair day"""
1505,1599,13,31,170,214,1.266355140186916,0.0385722544098946,639,"As above, so below."
3368,1599,12,33,169,214,1.266355140186916,0.03799923474601364,639,Would ya pull me back up? That prince turned out to be a real jerk!
172,1601,7,52,189,248,1.2661290322580645,0.03192577318284674,639,"After all these years there's been a change in the script, Rapunzel.  Now you just tie it off up there and slide on down."
4079,1601,15,36,197,248,1.2661290322580645,0.03578343047119971,639,"Are you sure it said 'Extra Hold' and not just 'Strong'"""
690,1603,13,36,184,233,1.2660944206008584,0.03636952131738751,639,"I’m you from the future! Don’t wait for a man, you can do it yourself!"
1802,1603,11,40,182,233,1.2660944206008584,0.03533758261058619,639,"Rapunzel,Rapunzel,climb down my hair."
2757,1603,13,36,184,233,1.2660944206008584,0.03636952131738751,639,"Rapunzel, Rapunzel, let down your hair. Or climb on down mine and we’re off to the faire."
1884,1606,13,32,173,218,1.2660550458715596,0.03807195549030576,639,"Make haste, the spell is wearing off."
3650,1606,12,34,172,218,1.2660550458715596,0.03751260934286197,639,This isn’t the hair to my throne.
1020,1608,13,45,209,267,1.2659176029962547,0.03316532457265487,639,I want to be your hairo.
3780,1609,13,41,198,252,1.2658730158730158,0.0344772665141492,639,"Trust me, this new hair spray is the best !"
3084,1609,15,37,200,252,1.2658730158730158,0.035382495860968914,639,"It took an entire Costco bottle of gel, but you can use it to slide down"
3750,1611,12,39,186,237,1.2658227848101267,0.035440739190477986,639,It just SOUNDS crazy.
4012,1611,15,33,189,237,1.2658227848101267,0.03692315143272947,639,Trust The Gel
1639,1611,10,43,184,237,1.2658227848101267,0.034417010079265876,639,"Rapunzel, Rapunzel, make me a man bun."
3709,1614,14,31,177,222,1.2657657657657657,0.03812698772439115,639,What? This is the way the president styles his hair.
4463,1614,14,31,177,222,1.2657657657657657,0.03812698772439115,639,"By the way, Mrs. Newton just had her baby! His name is Isaac."
4552,1614,13,33,176,222,1.2657657657657657,0.03758859463040317,639,My do or yours?
2326,1617,16,40,215,271,1.2656826568265682,0.03405749841294823,639,"Forsooth, my lady, even in your gentleness with my hair,
I ask you humbly how the hell you got up there"
4203,1618,16,36,204,256,1.265625,0.03542837897455522,639,"Yep, just slide down. Feet first into the shoes. You got this."
443,1619,13,34,179,226,1.2654867256637168,0.037121289007054574,639,"No, I don't know what conditioner my stylist uses...just get down here already!"
4303,1619,15,30,181,226,1.2654867256637168,0.03816612150946518,639,You're right. The hair gel works like magic.
575,1621,14,28,169,211,1.2654028436018958,0.03950078938396713,639,"Well, now you're now the damsel in distressed hair."
321,1622,11,43,191,245,1.2653061224489797,0.03415938426899614,639,I don’t think this is the way this is supposed to go.
118,1623,13,35,182,230,1.2652173913043478,0.03666921682434229,639,What if we turn the tower upside down?
2541,1623,10,41,179,230,1.2652173913043478,0.03508154246615082,639,"Okay, now apply the conditioner."
2260,1625,14,38,197,249,1.2650602409638554,0.03519834976089682,639,"Actually, I am a Rastafarian’."
4277,1626,11,40,183,234,1.264957264957265,0.03520461384124622,639,"I forgot to tell you, it's just a wig."
3117,1626,15,32,187,234,1.264957264957265,0.03723029137913013,639,If your cream rinse lasts more than four hours call your doctor immediately.
328,1628,11,36,172,219,1.264840182648402,0.036795771677438804,639,"OH, now we like the man bun....."
4221,1629,7,49,182,238,1.2647058823529411,0.03270248236441962,639,"Can you just give me a trim, to get rid of the split ends?"
933,1629,10,43,185,238,1.2647058823529411,0.03429029039515796,639,Will you still love me when I lose it?
1820,1631,9,50,198,257,1.264591439688716,0.03215087237820628,639,There’s no time for braiding. Let’s go!
706,1631,13,42,202,257,1.264591439688716,0.03398932075548152,639,"Excuse me sir, but I think you've got the story flipped."
2329,1633,9,41,173,223,1.2645739910313902,0.035214406545260826,639,I don't know ... somehow this just doesn't seem right.
3062,1634,12,40,190,242,1.2644628099173554,0.03490923535243983,639,"It’s a fairy tale world. No gravity. Pull, Rapunzel, pull. It’ll work."
7,1635,9,42,176,227,1.2643171806167401,0.03480341522966651,639,Sorry but I asked the guys to rewrite the story gender-neutral.
930,1635,11,38,178,227,1.2643171806167401,0.03590609114686575,639,"I know, I overdid the hairspray again..."
1800,1635,8,44,175,227,1.2643171806167401,0.03423876278064613,639,"Prince, Oh my prince, what conditioner do you use?"
432,1638,14,37,195,246,1.2642276422764227,0.035469592239726115,639,Are you sure this is my polling station
2223,1639,9,38,165,212,1.2641509433962264,0.036381397444068354,639,"The place is a mess, I'll come down instead."
2803,1639,9,38,165,212,1.2641509433962264,0.036381397444068354,639,Are you sure this is going to work?
3876,1639,7,42,163,212,1.2641509433962264,0.03513096407332382,639,The salon had an amazing deal on extreme hold volumizer.
4165,1642,13,35,183,231,1.2640692640692641,0.03652817854498526,639,"Trust me, it has enough product in it to hold up a gorilla!"
2642,1642,12,37,182,231,1.2640692640692641,0.03600922537225615,639,"Hurry, I could only arrange for a temporary reversal of Newton's Law."
519,1642,14,33,184,231,1.2640692640692641,0.03703986155101969,639,I'd have been here sooner but I had to sell my horse to pay for all this product.
1429,1642,12,37,182,231,1.2640692640692641,0.03600922537225615,639,"Come on, Rapunzel, just follow the damn script!"
2304,1646,10,37,169,216,1.2638888888888888,0.036526138191359275,639,Are you sure it's not supposed to be the other way around?
529,1646,8,41,167,216,1.2638888888888888,0.03532741324951624,639,Let's see...I tie this to the bedpost then you climb UP?
1819,1648,15,32,188,235,1.2638297872340425,0.03708866743948363,639,"Rapunzel, letteth go of my man bun."
3728,1648,10,42,183,235,1.2638297872340425,0.03455022440962693,639,This worked in Hairy Potter
156,1650,11,36,173,220,1.2636363636363637,0.03664791330750404,639,"You said, ""Your place"" so pull me up."
4584,1650,11,36,173,220,1.2636363636363637,0.03664791330750404,639,I told you that I wanted to be a full partner in this relationship.
1448,1652,13,37,189,239,1.2635983263598327,0.03567481867236098,639,No!  No!  You fasten it first
2343,1653,9,41,174,224,1.2633928571428572,0.035076738603508247,639,"It's level four, princess-strength."
2824,1653,13,33,178,224,1.2633928571428572,0.037289828890148306,639,I said get the mouse not mousse
4497,1653,15,29,180,224,1.2633928571428572,0.03834850991179952,639,Always with the pomp and circumstance.
4489,1656,15,39,208,262,1.2633587786259541,0.03438038006051325,639,You're messing up my comb over.
1753,1657,13,44,209,266,1.263157894736842,0.03317479027399666,639,It's a new hairspray...slide!
909,1657,16,28,184,228,1.263157894736842,0.03837312146487616,639,I used extra-firm gel. Slide down!
82,1657,17,31,199,247,1.263157894736842,0.036712331451947536,639,Maybe I misunderstood #MeToo.
3452,1657,11,38,179,228,1.263157894736842,0.03576705380153374,639,"School sent home ""the notice.""  Please tell me you don't see anything."
2673,1657,9,47,191,247,1.263157894736842,0.03293133476426765,639,"They call it a ""comb over"".  It's the latest thing!"
2408,1662,9,53,208,270,1.262962962962963,0.031117961782538277,639,Well I thought it was worth a shot!
813,1663,15,36,200,251,1.2629482071713147,0.035402167157805677,639,I used the Balm of Gilead.
3154,1664,14,33,185,232,1.2629310344827587,0.03689742190931648,639,I hate the man bun
3231,1665,12,32,169,213,1.2629107981220657,0.03802089586170931,639,This gender reversal thing is really getting out of hand.
4570,1666,13,41,201,255,1.2627450980392156,0.034118303664140745,639,ok ok... but DO NOT forget the scissors
3468,1667,8,46,182,236,1.2627118644067796,0.0333575696137617,639,Could you take a little bit off the ends?
4481,1667,14,34,188,236,1.2627118644067796,0.03645681843842598,639,The Rogaine worked!
2012,1669,11,35,171,217,1.262672811059908,0.036959580892701564,639,Who's making fun of my comb-over now?
1701,1670,10,43,187,240,1.2625,0.03403954648998826,639,How much longer will it take you to get all the nits out?
2172,1670,11,41,188,240,1.2625,0.03454791207483923,639,Ummm I have a feeling this is not going to work out.
1207,1672,15,28,178,221,1.262443438914027,0.03868952680811272,639,"'Hey pull me up, they said Trump is deporting people if they don't donate to his toupee fund !!'"
3950,1673,10,33,159,202,1.2623762376237624,0.03815032120025842,639,I took off my shoes. Now can I climb up?
2875,1674,17,30,197,244,1.2622950819672132,0.03700965474291465,639,"Rapunzel, Rapunzel, do not overestimate the power of gel."
3610,1674,10,44,190,244,1.2622950819672132,0.03366890256954892,639,"It is I, Prince Leznupar..."
3029,1674,12,40,192,244,1.2622950819672132,0.0346562797640081,639,Sure it's sticky. I had to use 100 cans of hairspray to get you out.
3189,1677,13,33,179,225,1.2622222222222221,0.037142178802651214,639,It's NOT the start of a slippery slope!
55,1677,11,37,177,225,1.2622222222222221,0.036057958439754095,639,I put heavy-duty gel on it; you can slide down.
2669,1679,10,34,162,206,1.2621359223300972,0.0376445545049767,639,Can I help it I'm dyslexic.
4001,1680,10,40,179,229,1.262008733624454,0.03508738475193097,639,It's not punk. It's post punk.
4123,1680,16,28,185,229,1.262008733624454,0.038222464483698974,639,I'm defying stereotypes that are repressing women.
2165,1680,9,42,178,229,1.262008733624454,0.034537214686727505,639,"Oh Prince Hairy, where hast thou been?"
2032,1680,12,36,181,229,1.262008733624454,0.03616262310115102,639,Ride Sally......ride!
1862,1680,9,42,178,229,1.262008733624454,0.034537214686727505,639,Be careful. The mousse hasn't hardened yet.
799,1680,14,32,183,229,1.262008733624454,0.037206801130731,639,Now we're co-dependent.
780,1680,11,38,180,229,1.262008733624454,0.03562906031799,639,"Well then, perhaps the other way?"
499,1680,10,40,179,229,1.262008733624454,0.03508738475193097,639,"Yes! It is I, Leznupar!"
423,1680,11,38,180,229,1.262008733624454,0.03562906031799,639,"Aye, I pledge to snake the drains."
2633,1689,12,42,198,252,1.2619047619047619,0.033905701951714766,639,I think it’s on backwards
3984,1690,10,41,182,233,1.261802575107296,0.03468447038001209,639,I’m trying to get it up
1718,1691,12,43,201,256,1.26171875,0.033546692417446095,639,Pull me up and we can plan your escape.
709,1692,10,36,168,214,1.2616822429906542,0.03668560697025342,639,I'm excited to see you too!
3083,1693,11,40,186,237,1.261603375527426,0.03481148101448106,639,"OK, I'll pick up a stiffer hair spray and be back tomorrow."
2300,1693,12,38,187,237,1.261603375527426,0.03532133797306059,639,Rapunzel — a postmodern reinterpretation.
2884,1695,7,37,151,195,1.2615384615384615,0.03695434397337079,639,I hope this works.  I used all the gel in the entire kingdom!
955,1696,12,33,173,218,1.261467889908257,0.03737924801772666,639,It’s fine! Just hold on tight and jump.
4251,1696,11,35,172,218,1.261467889908257,0.0368093771643188,639,"If we are really doing gender role reversal, shouldn't I be the one up there?"
1279,1696,13,31,174,218,1.261467889908257,0.037940560321592105,639,I'm not going to be able to tie your man bun from here
2087,1699,10,43,188,241,1.2614107883817427,0.03391550407302674,639,Of course I shampooed when I showered!  Why?
2686,1699,12,39,190,241,1.2614107883817427,0.03492016193762819,639,Split ends is the least of my problems.
2220,1699,15,33,193,241,1.2614107883817427,0.036375158413183596,639,"Trust me Rapunzel, I used all the cans of super-hold spray net in the kingdom."
4328,1699,10,43,188,241,1.2614107883817427,0.03391550407302674,639,Do you still have the instructions?
3767,1699,16,31,194,241,1.2614107883817427,0.03684739198634746,639,"No, I don't see any split ends..."
1053,1704,6,34,136,176,1.2613636363636365,0.03863636363636365,639,It took all morning to fit it into this hat.
2684,1705,8,42,172,222,1.2612612612612613,0.03463290922440954,639,I don't care how the story goes.  Get me the hell out of this hellhole and pull me up!
32,1706,13,38,194,245,1.2612244897959184,0.035012217112848826,639,"Coconut oil, twice a week."
507,1707,10,33,160,203,1.2610837438423645,0.0379839198671201,639,I  liked your Afro better.
953,1708,15,29,182,226,1.261061946902655,0.038043949416075716,639,We Millennials are always grappling with gender identity.
1349,1708,17,25,184,226,1.261061946902655,0.03906411167174953,639,"Brother, this is looking grim."
2508,1708,13,33,180,226,1.261061946902655,0.03699566668736945,639,"Hurry, the Barber of Seville is on his way!"
1364,1711,6,48,176,230,1.2608695652173914,0.03270822100658396,639,Time for your hair raising rescue.
2647,1711,16,34,203,253,1.2608695652173914,0.03559577113947041,639,I probably should have warned you about my comb over.
2751,1711,15,30,185,230,1.2608695652173914,0.03757097607907457,639,Can you help with my man bun?
3633,1711,9,48,196,253,1.2608695652173914,0.0323646681877729,639,I put a lot of product in
3181,1715,9,43,182,234,1.2606837606837606,0.034019106883400776,639,It’s like the therapist said: I need to be an equal partner in this relationship.
1660,1716,12,38,188,238,1.2605042016806722,0.035189786752029925,639,"Yes, but it's all business in the front."
674,1717,12,32,171,215,1.2604651162790699,0.03770588010723823,639,I figured it's time for you to see my place.
3289,1718,10,37,172,219,1.2602739726027397,0.03608448500760517,639,Trading the ladder for magic beans seemed like a good idea at the time. You know how I get when I'm hungry.
819,1718,10,37,172,219,1.2602739726027397,0.03608448500760517,639,"Ok, I admit it was a combover, but I deny using tan-in-a-can."
1206,1718,9,39,171,219,1.2602739726027397,0.03549927073874587,639,"No...I said ""I thought you'd have more flair."""
810,1721,9,46,191,246,1.2601626016260163,0.032928416736452026,639,"Long hairs, no stairs."
1381,1721,13,38,195,246,1.2601626016260163,0.034885765721956244,639,"What do you mean, I got it wrong?"
1949,1723,12,34,177,223,1.2600896860986548,0.03676479659648776,639,"Look, the temp agency was only so specific."
2246,1723,10,38,175,223,1.2600896860986548,0.03564901094988196,639,I thought you'd appreciate my nod to gender equality.
3160,1723,11,36,176,223,1.2600896860986548,0.036211201654225186,639,Pull me back in. Election season somehow hasn't ended!
639,1726,15,36,203,254,1.2598425196850394,0.035028764062355,639,Larry's comb-over proven ineffective...again
2971,1726,13,40,201,254,1.2598425196850394,0.034128714126922914,639,You wanted a hair-raising experience?
3222,1726,11,44,199,254,1.2598425196850394,0.03320427599238271,639,It appears we've elevated the form over the substance.
3816,1729,12,36,183,231,1.2597402597402598,0.03588455893595377,639,"Donald, Donald, 
Let up your hair!"
2411,1729,12,36,183,231,1.2597402597402598,0.03588455893595377,639,They said you knew everything about split ends.
4088,1729,13,34,184,231,1.2597402597402598,0.03640528925763844,639,"Oh Rapunzel, let down your hair trimmer."
3964,1729,12,36,183,231,1.2597402597402598,0.03588455893595377,639,"I know, nothing but split ends. Could you throw down some conditioner?"
3903,1733,14,33,188,235,1.2595744680851064,0.03647645885108309,639,You know what?  I can free climb this.
906,1733,11,39,185,235,1.2595744680851064,0.03494883836275733,639,We seriously need to start putting in staircases
2174,1733,8,45,182,235,1.2595744680851064,0.03335132014624786,639,"I haven't got it quite worked out, yet."
916,1736,17,34,211,262,1.2595419847328244,0.035121624216241876,639,"Leznuper, slide down my hair."
3159,1737,13,36,190,239,1.2594142259414225,0.03555709671623653,639,"Don't worry, Rap. The President has suspended gravity."
648,1737,14,34,191,239,1.2594142259414225,0.036048129418952246,639,"Rapunzel, Rapunzel, let down your conditioner."
3889,1739,12,39,192,243,1.2592592592592593,0.034665421350124584,639,I used a portland cement mousse last night...I think it should be set by now.
1386,1739,11,34,171,216,1.2592592592592593,0.03697238111859774,639,I guess the man bun doesn't seem so funny now does it!
1674,1739,9,45,189,243,1.2592592592592593,0.03316113737978487,639,"Or,I can put it up in a man bun and you can bounce down!"
3136,1739,15,33,195,243,1.2592592592592593,0.03610708853455761,639,"Rufus, Rufus, let down your manbun!"
3270,1739,9,38,169,216,1.2592592592592593,0.03578860602631323,639,"I spent so much time growing my hair
that I forgot what I wanted to ask you"
3576,1739,11,41,191,243,1.2592592592592593,0.034171352071017576,639,"You did ask for a locksmith, didn't you?"
3670,1739,16,31,196,243,1.2592592592592593,0.03657501848888962,639,Your Beauty makes my hair stand on end
3788,1739,15,26,175,216,1.2592592592592593,0.03923292308920152,639,Trump does not know what a real bad hair day is like!
1399,1747,10,44,193,247,1.2591093117408907,0.03330954453349347,639,one of us is upside down
794,1748,14,29,177,220,1.259090909090909,0.03817979199589349,639,Well you couldn't climb down a man-bun.
1586,1748,11,35,174,220,1.259090909090909,0.03651251176794556,639,"Pull me up, Buttercup!"
4438,1750,13,39,199,251,1.2589641434262948,0.03437949232995149,639,Repuns-PULL!!!
889,1750,11,43,197,251,1.2589641434262948,0.03343956448497609,639,I'm afraid of heights.  Could you come down here instead of my going up there?
3956,1750,11,43,197,251,1.2589641434262948,0.03343956448497609,639,My lawyer says this way I have an airtight defense of this being consensual.
1030,1753,7,44,173,224,1.2589285714285714,0.03377481259148336,639,"As a matter of fact, I did use a little too much hair gel this morning. Why do you ask?"
527,1753,9,40,175,224,1.2589285714285714,0.034940160838048094,639,"Hey, if I can do it so can you."
2695,1753,10,38,176,224,1.2589285714285714,0.03550849583252004,639,Hello fair maiden I am Prince Minoxidil.
1695,1753,8,42,174,224,1.2589285714285714,0.034362427191472464,639,"A man bun if you may, my fair maiden"
2938,1753,13,32,179,224,1.2589285714285714,0.03716138569787682,639,I know mullets are out - do you want to be saved or not?
4137,1758,9,41,178,228,1.2587719298245614,0.03453634914476107,639,Don't believe everything you read.
1470,1758,11,37,180,228,1.2587719298245614,0.0356376926522379,639,I swear it is my hair! You have an issue with orange?
3201,1758,9,41,178,228,1.2587719298245614,0.03453634914476107,639,"Are you crazy -- you walk on air -- who
walks on hair?"
3287,1758,13,33,182,228,1.2587719298245614,0.03670600581515106,639,Just hang on real tight and I'll get a running start.
293,1762,11,38,183,232,1.2586206896551724,0.03522123122157186,639,See? And you thought my man-bun looked weird.
1641,1762,14,32,186,232,1.2586206896551724,0.036776244197472927,639,If you take off your top I think I can get it to stand up a little bit better.
2353,1762,11,38,183,232,1.2586206896551724,0.03522123122157186,639,Ugh! Split ends!
4087,1765,15,38,210,263,1.258555133079848,0.03416243290173364,639,"Gender norms exist for a reason, Rapunzel."
582,1766,11,39,186,236,1.2584745762711864,0.034817812063909694,639,It's 'do or dye!
2257,1766,13,35,188,236,1.2584745762711864,0.035838583820925946,639,"Prince, Prince, throw up your hair!"
2406,1768,10,34,165,209,1.2583732057416268,0.03716583626908485,639,"Ok,I took off my shoes,now pull me up before the caravan gets here!"
2841,1768,13,28,168,209,1.2583732057416268,0.038978446100920994,639,When you said you had some hair-raising news I didn’t think this is what you meant.
2767,1768,12,30,167,209,1.2583732057416268,0.03838375483832203,639,"Whaddya mean, ""too much gel""??"
1300,1771,15,32,193,240,1.2583333333333333,0.03639607904661513,639,"Yes, I want you to run your thighs through my hair"""
2730,1771,16,30,194,240,1.2583333333333333,0.03687196866800317,639,This will probably be miss reported by the fake news media.
429,1771,8,46,186,240,1.2583333333333333,0.032872512005628726,639,I only have hair for you.
2638,1771,11,40,189,240,1.2583333333333333,0.0344267999677643,639,"Okay, this time pull me up slower and I’ will muffle my screams with my shirt"
1055,1775,16,38,217,271,1.2583025830258303,0.03386594156265655,639,"Mom, I swear I'll come back.  Just let me go to the barber."
768,1776,13,29,171,213,1.2582159624413145,0.038461338520143676,639,I flunked physics.
2813,1777,13,37,194,244,1.2581967213114753,0.03502430381719614,639,Sorry about the split ends
2946,1777,8,47,189,244,1.2581967213114753,0.03252760428883,639,I call it 'The Reverse Rapunzel.'
646,1779,10,44,194,248,1.2580645161290323,0.03319140802280325,639,Who's Repunzel?
3674,1779,13,38,197,248,1.2580645161290323,0.034635518693213414,639,"Just hold on tight, and I'll pull you down very slowly."
915,1781,11,43,198,252,1.257936507936508,0.033322452925476205,639,You'll have to pull me up...
3043,1782,9,39,173,221,1.257918552036199,0.03521650803198141,639,There is bubble gum in your hair.
396,1782,13,31,177,221,1.257918552036199,0.03747991167250185,639,"If you can't pull me up, let down your hair!"
2897,1782,12,33,176,221,1.257918552036199,0.036927069254485356,639,Isn't this supposed to be the other way around?
3196,1785,11,27,152,190,1.2578947368421052,0.04031453813914763,639,"All things considered, Princess Rapunzel found the whole gender equality thing a bit of a climbdown..."
659,1786,15,36,205,256,1.2578125,0.03478407990839386,639,That's the worst comb over I've ever seen
1002,1786,16,34,206,256,1.2578125,0.035221718725461,639,I'm not just a member ... I'm the president!
1846,1786,12,42,202,256,1.2578125,0.033436812802174296,639,Trust me.  I used a whole can of hairspray
2104,1789,11,36,178,225,1.2577777777777779,0.035925653192659196,639,"Mega-sculpt extreme max-power hold . . . yes, of course it's safe."
2285,1789,8,42,175,225,1.2577777777777779,0.034228715112776364,639,I can't go back to knight school until ALL the lice are gone
1983,1789,10,38,177,225,1.2577777777777779,0.03536905451997104,639,...and that's my hair-raising story.
2062,1789,8,42,175,225,1.2577777777777779,0.034228715112776364,639,I think something got lost in translation.
2474,1793,14,39,207,260,1.2576923076923077,0.03397587663065857,639,Do you like my comb-over now?
2169,1794,12,36,185,233,1.257510729613734,0.03561063658376512,639,"No, No!! I don’t climb up, you slide down!"
1390,1794,8,44,181,233,1.257510729613734,0.03346823517470244,639,Rescue? I was just going to ask how you deal with your split ends!
3647,1796,14,33,190,237,1.2573839662447257,0.03620099961634121,639,"Rapunzel, Rapunzel, enough with the gel. I've taken off my shoes, let me in, what the hell?"
1707,1796,9,43,185,237,1.2573839662447257,0.03364110349400496,639,"Repunzel, Repunzel, let up my hair!"
345,1798,14,35,196,245,1.2571428571428571,0.035373077335746975,639,Dyslexia is a terrible thing.
601,1798,13,37,195,245,1.2571428571428571,0.03489697114145833,639,"You really have no contact with the outside world, right?"
1003,1798,9,45,191,245,1.2571428571428571,0.032923769125601826,639,Don't be jealous.  Just Jump!
1546,1798,9,45,191,245,1.2571428571428571,0.032923769125601826,639,"Well, I guess this could work, but can you really pull me up?"
1921,1798,10,43,192,245,1.2571428571428571,0.03342799094754115,639,Is it because I used your shampoo?
3161,1798,16,31,198,245,1.2571428571428571,0.036306564294995715,639,"Of course, your endorsement of RapunGel (TM) will be indispensable."
4126,1798,13,37,195,245,1.2571428571428571,0.03489697114145833,639,I fear you may just be using me for my comb-over.
878,1805,11,33,170,214,1.2570093457943925,0.03713692974171112,639,Are you sure this is right?
1579,1805,13,29,172,214,1.2570093457943925,0.038300202200494377,639,On hell no
1608,1805,14,27,173,214,1.2570093457943925,0.038868785131230134,639,Rapunzel: I don't think this story will have a happy ending.
3533,1805,11,33,170,214,1.2570093457943925,0.03713692974171112,639,I found some hair gel from the 80s.
1336,1809,10,36,172,218,1.2568807339449541,0.03608975892490352,639,It's called hairspray. You climb down.
4454,1809,12,32,174,218,1.2568807339449541,0.03724280560791505,639,"Of course I was gone a long time, wait, what was the plan again?"
2762,1811,11,35,176,222,1.2567567567567568,0.036220280294270345,639,Do you think I use too much product?
1955,1812,12,34,180,226,1.2566371681415929,0.036329921695199184,639,"Hair goes down, too??"
4334,1812,11,36,179,226,1.2566371681415929,0.03578451960854455,639,I really think you could just jump down.
960,1814,13,42,210,265,1.2566037735849056,0.03307884775220973,639,I was yelling for a long ladder not a long comb over.
760,1815,14,31,185,230,1.2565217391304349,0.03693836876448777,639,It’s climate change
901,1816,13,34,187,234,1.2564102564102564,0.035988502451590416,639,"Yes, I seriously used shampoo and conditioner this time. Jeez!"
3523,1816,8,44,182,234,1.2564102564102564,0.033343066867469566,639,It's a long story...
2544,1816,12,36,186,234,1.2564102564102564,0.0354752007547838,639,Don't leave me stranded down here.
1635,1819,15,31,192,238,1.2563025210084033,0.03655306292044286,639,"Surely, you don't expect me to climb down those split ends!"
97,1819,9,43,186,238,1.2563025210084033,0.03351690743024604,639,You can't pull me up? Why are you telling me now?
3646,1819,9,43,186,238,1.2563025210084033,0.03351690743024604,639,There has to be an easier way to sneak back into the house.
4350,1822,11,40,191,242,1.256198347107438,0.03417491284359032,639,"Split up??? I thought you said ""split ends""!"
3437,1823,11,30,162,203,1.2561576354679802,0.03846789104004464,639,I found that my rescue techniques were being limited by gender identity stereotypes.
238,1824,9,45,192,246,1.2560975609756098,0.03280631671040115,639,"No, it's not a comb-over; it's a comb-up."
2133,1824,10,43,193,246,1.2560975609756098,0.03330823353785947,639,"No, you let your hair down"
2459,1824,11,41,194,246,1.2560975609756098,0.0338026985124269,639,"Yes , it was hard to get it up there"
398,1827,11,31,165,207,1.2560386473429952,0.03795520172637351,639,Viagra?  No.  Why?
971,1828,11,32,168,211,1.2559241706161137,0.037460607395615304,639,Mine hipster man bun hath come undone; does this foretell the end of our bawdy fun
2592,1829,7,41,167,215,1.255813953488372,0.03455251007009291,639,I fear my split ends are pretty Grimm...
2681,1829,11,33,171,215,1.255813953488372,0.036983120428865035,639,"It's called a 'quiff', actually"""
1974,1829,13,29,173,215,1.255813953488372,0.03814038304621449,639,"I can show you results from other pharmaceutical samples, too."
880,1829,12,31,172,215,1.255813953488372,0.037566208323225145,639,It's a weave.
1227,1833,10,36,173,219,1.2557077625570776,0.035943731742157335,639,"It does smell good and it’s silky smooth and volumizing, but did the spray can mention anything about extra strong hold?"
1575,1834,12,33,178,223,1.2556053811659194,0.036631509886083186,639,"Sorry Rapunzel, but your hair is a bit of a let-down."
2297,1834,12,33,178,223,1.2556053811659194,0.036631509886083186,639,Rupunzel... pull up my hair!
3654,1834,11,35,177,223,1.2556053811659194,0.03607586967761211,639,"No, fool! I, Rapunzel, am supposed to lower my hair to thee."
4255,1834,8,41,174,223,1.2556053811659194,0.034355071567114835,639,I have only my undying love and the best comb-over in the history of the world to offer you. Pull me up!
4011,1838,8,42,177,227,1.2555066079295154,0.03396429428713777,639,"Sorry, I couldn't find a ladder."
1783,1839,9,41,181,231,1.2554112554112553,0.03414154831710883,639,You said you hated the man bun.
1403,1839,11,37,183,231,1.2554112554112553,0.03522686976298416,639,"Gee, your hair smells terrific!"
2372,1841,14,32,189,235,1.2553191489361701,0.036355334275887316,639,That's not what I meant when I said I wanted to go down on your erection.
2562,1841,11,38,186,235,1.2553191489361701,0.03482240059075318,639,"Well, the bottle said it would strengthen my hair... so you should be okay?"
614,1843,13,35,191,239,1.2552301255230125,0.03543690803914344,639,"Rapunzel, Rapunzel, pull me up there!"
2632,1843,13,35,191,239,1.2552301255230125,0.03543690803914344,639,Just tie if off and slide down.  There's no reason to check for nits.
14,1843,9,43,187,239,1.2552301255230125,0.03339359849587618,639,"Trust me. Once I license this product, you will never want for anything."
3359,1846,13,36,194,243,1.2551440329218106,0.035034896426316964,639,"Oh, oh.  I think you have lice."
4030,1847,11,41,195,247,1.2550607287449393,0.03368152972092189,639,It’s 2018; I’ll save you.
1392,1848,10,44,197,251,1.254980079681275,0.03284183390417801,639,It took over 15 years for us to achieve hair equality.
3328,1848,12,40,199,251,1.254980079681275,0.033798388631855435,639,"So I used all your gel, now slide like a fire-pole."
4052,1848,13,38,200,251,1.254980079681275,0.03426665411256393,639,I wanted to wear the hair in the relationship
2179,1851,9,34,161,204,1.2549019607843137,0.037016987532238976,639,"Okay, now pull hard!"
3723,1852,9,36,167,212,1.2547169811320755,0.03608454402772855,639,Are you sure I can’t take the stairs?
666,1853,8,39,169,216,1.2546296296296295,0.03503270600907176,639,I told you we had something in common.
3834,1854,13,30,177,220,1.2545454545454546,0.03749787721830517,639,Trump taught me how.
4573,1855,10,37,177,224,1.2544642857142858,0.03537105853089566,639,It's not going to scale itself sweetheart...
1242,1856,12,34,182,228,1.2543859649122806,0.03604554776851709,639,"I don't mean to sound ungrateful, but how much hairspray is in this?"
580,1856,13,32,183,228,1.2543859649122806,0.03657764859303716,639,Wait a minute.  I don't think this'll work.
3119,1856,13,32,183,228,1.2543859649122806,0.03657764859303716,639,Trust me-I am your long-lost brother.
388,1859,15,29,188,232,1.2543103448275863,0.03715807686164091,639,"Ok, great! But now how do I get down?"
3987,1859,11,37,184,232,1.2543103448275863,0.03509197436324489,639,Just be careful of the static electricity when you slide down.
258,1861,14,32,190,236,1.2542372881355932,0.03621712051089502,639,"It’s s pompadour, hurry and slide down before the mousse wears off."
346,1861,12,36,188,236,1.2542372881355932,0.035207325441289815,639,I thought you knew how to make a bun?
1651,1861,12,36,188,236,1.2542372881355932,0.035207325441289815,639,"Hurry, before male pattern baldness begins."
1762,1864,13,35,192,240,1.2541666666666667,0.03530496578413667,639,It'll work! I used six cans of hairspray.
1201,1865,13,36,195,244,1.2540983606557377,0.0349066810505224,639,I couldn't find a ladder
3011,1865,12,38,194,244,1.2540983606557377,0.03442012519647757,639,It's called a POTUS cut.
3766,1865,13,36,195,244,1.2540983606557377,0.0349066810505224,639,"OK, I understand - but I still have to charge you for the service call."
2868,1868,11,41,196,248,1.2540322580645162,0.033561204428602345,639,Is this gonna hurt?
1320,1868,10,43,195,248,1.2540322580645162,0.03307120469272115,639,"Careful coming down, dear."
1708,1870,11,42,199,252,1.253968253968254,0.03320646310909621,639,"It's okay. My first wife let me down, too."
2034,1871,11,32,170,213,1.2535211267605635,0.03714673542775134,639,Alternative facts!
3013,1871,10,34,169,213,1.2535211267605635,0.036545711790725334,639,"Rapunzel, Rapunzel, you are the only one
for whom I would undo my mighty man bun."
462,1873,13,29,175,217,1.2534562211981566,0.03782463393233505,639,"Look, I said I was hair for you."
2144,1873,13,29,175,217,1.2534562211981566,0.03782463393233505,639,"You just couldn’t let me have the spotlight even this one time, could you!"
3171,1875,11,34,176,221,1.253393665158371,0.036227364527145874,639,"Trust me, this way is easier."
3379,1875,7,42,172,221,1.253393665158371,0.03388038665025501,639,I don't think this is how this is how the story is supposed to go.
1813,1875,8,40,173,221,1.253393665158371,0.03448211035919583,639,Wait! I'll climb up there and you come down here!
317,1875,8,40,173,221,1.253393665158371,0.03448211035919583,639,In an alternate universe far far away and long long ago
165,1879,13,31,181,225,1.2533333333333334,0.036882481753773844,639,"Quickly, princess! Climb down my extensions ladder."
1368,1880,11,36,182,229,1.2532751091703056,0.035367537477128515,639,"What do you mean ""too greasy""?"
3907,1880,9,40,180,229,1.2532751091703056,0.03426736007296486,639,"You know I want to be with you, but can’t I take the stairs!"
4094,1880,11,36,182,229,1.2532751091703056,0.035367537477128515,639,"It's Aqua Net- trust me, it'll hold."
2830,1883,9,41,183,233,1.2532188841201717,0.03388318546792147,639,I'm looking for an equal partnership.
2255,1883,11,37,185,233,1.2532188841201717,0.03495808337923383,639,"Rupunzel, Rupenzel, should I get bangs?"
4539,1885,11,38,188,237,1.2531645569620253,0.034561371860992396,639,I'm afraid we can't do anything with it - I just washed it.
2893,1885,11,38,188,237,1.2531645569620253,0.034561371860992396,639,"This is as close as you're getting, bub. No staircase means no staircase."
4498,1887,10,41,190,241,1.2531120331950207,0.033667113263175896,639,I don't think this is what they meant by equal opportunity.
148,1888,13,36,196,245,1.2530612244897958,0.034779380204575196,639,Okay! Now you do it!
661,1888,7,48,190,245,1.2530612244897958,0.03176270226691413,639,Hurry this hair gel only lasts 15 minutes.
2729,1888,14,34,197,245,1.2530612244897958,0.03525707436483291,639,I told you that you needed to read the directions!
2716,1891,10,44,199,253,1.2529644268774704,0.032612735425740294,639,Ron Punzel  was Ra's brother. Ron was not famous like his sister.
1057,1892,13,44,220,277,1.2527075812274369,0.032004827279810105,639,"See, I told you my man bun was a good idea."
1345,1893,9,34,163,206,1.2524271844660195,0.03669826484801438,639,"It's called Lacquer, but never mind that now."
3336,1894,8,38,168,214,1.2523364485981308,0.03516754802405786,639,You need a little more product.
1066,1895,12,31,175,218,1.2522935779816513,0.03710324812256815,639,"Rapunzel! No need to muss your hair!! 
   My pomaded pompadour is guaranteed to hold up to 100 pounds, so come on down!"
1724,1895,9,37,172,218,1.2522935779816513,0.03535275400598819,639,"So, what... do I just shimmy down?"
2049,1895,12,31,175,218,1.2522935779816513,0.03710324812256815,639,"Rapunzel, this is so woke."
2027,1898,14,28,180,222,1.2522522522522523,0.03773851325714793,639,I went to Trump's doctor.
3192,1898,11,34,177,222,1.2522522522522523,0.03608186723159753,639,"We need to get some stairs, I'm getting a perm next Thursday."
1367,1900,7,43,176,226,1.252212389380531,0.03336986016541552,639,"Listen, I think we can get this to work if I just get enough hairspray."
615,1900,12,33,181,226,1.252212389380531,0.0361967457278187,639,"Rapunzel, Rapunzel, WTF!"
865,1900,16,25,185,226,1.252212389380531,0.03830835246188932,639,"'Tis true, fair maiden ! The witches have cursed me. But the liar curse shall only affect a descendant a thousand years from now in a land far far away!"
4492,1900,10,37,179,226,1.252212389380531,0.03509332796635809,639,I was optimistic until I saw the split ends.
4270,1904,10,39,185,234,1.2521367521367521,0.03429447682785085,639,I think your boyfriend is getting suspicious.
1304,1905,8,44,186,238,1.2521008403361344,0.03285133996549439,639,"Why, yes. As a matter of fact I did come from Australia."
1722,1905,7,46,185,238,1.2521008403361344,0.032307171288515193,639,Mmmm some split ends but otherwise very nice hair!
24,1907,16,29,197,242,1.2520661157024793,0.036482258177440156,639,"Yes, it’s all proportional."
316,1908,9,45,196,250,1.252,0.03234453083132905,639,"Yank once for 'Yes,' twice for 'Come back after the midterms.'"
2444,1908,9,45,196,250,1.252,0.03234453083132905,639,"There's no more gel in the kingdom, my lady, but your slide is ready."
3173,1908,13,37,200,250,1.252,0.03427364484445293,639,Cinderella?
2338,1911,12,40,202,254,1.2519685039370079,0.033443277796756626,639,I'm afraid of heights.
2809,1912,9,35,167,211,1.2511848341232228,0.03608185601958214,639,"Um, no Repunzel.  I do not want you to pull me up."
91,1912,11,31,169,211,1.2511848341232228,0.037311840076213375,639,Too much conditioner?
890,1914,7,40,168,215,1.2511627906976743,0.03439709849317997,639,"When I find a tower with plumbing, I'll come back for you."
444,1915,12,32,179,223,1.251121076233184,0.03649525451628822,639,"Oh, honey you need to touch up those roots."
2677,1915,14,28,181,223,1.251121076233184,0.037585926745059374,639,Do you think this will cover up my bald spot?
2514,1917,11,36,184,231,1.251082251082251,0.03509478157119138,639,"I told you, i wanted to be on top this time."
4526,1917,9,40,182,231,1.251082251082251,0.03400524462080611,639,See?  I AM a sensitive new age guy
2961,1917,11,36,184,231,1.251082251082251,0.03509478157119138,639,you really should do something for these split ends...
3273,1920,13,34,192,239,1.2510460251046025,0.03531422745532693,639,I think it's time for an elevator.
1774,1921,11,39,193,243,1.2510288065843622,0.0339267760531377,639,"It's blue, Mom. That's how kids are wearing it now."
4367,1922,10,42,195,247,1.2510121457489878,0.03306661841606423,639,Climb on. I used extra hold hair gel.
64,1922,5,52,190,247,1.2510121457489878,0.03047662561575227,639,"Don't worry about the split ends, it'll hold."
1886,1922,13,36,198,247,1.2510121457489878,0.03452748441754945,639,Oh Donald! Aren't you afraid this comb-over will result in another cover-up?
3983,1922,10,42,195,247,1.2510121457489878,0.03306661841606423,639,"Don't worry, the hairspray canister guaranteed an extra-firm hold."
3407,1926,13,37,201,251,1.250996015936255,0.03415158405057664,639,Donald this comb-over is not going to hold  me no matter what you say !
1992,1926,11,41,199,251,1.250996015936255,0.03320520551424554,639,Won't you just try sliding down it? It's got to be easier than all that climbing up I've done for you.
4188,1928,13,38,204,255,1.2509803921568627,0.03378661730261624,639,This comb-over is all the rage.  Even the King wears one.
2320,1929,14,39,214,267,1.250936329588015,0.03317963196318996,639,I call it the Dippity-Do rescue.
3700,1930,10,48,213,271,1.2509225092250922,0.03113656547561474,639,Now ratchet me up on your spindel.
2110,1931,12,31,177,220,1.25,0.03680076614070642,639,"Please forgive me, I’m having a really bad hair day."
2017,1931,12,28,168,208,1.25,0.038251937236447736,639,"Rapunzel, Rapunzel, hold my toupee"""
2494,1931,9,36,171,216,1.25,0.03549211070760121,639,"We always go to your place, let' switch it up!"
2792,1931,14,43,227,284,1.25,0.03179503424213548,639,"Call me but love, and I will shear this mullet."
2819,1931,12,34,186,232,1.25,0.035489665336872964,639,Hmmm.  Can't climb down this one - the split ends will kill me.
3031,1931,12,33,183,228,1.25,0.03591247055531693,639,"It is your choice: slide down, or pick me up"
3175,1931,15,30,195,240,1.25,0.03615980338377323,639,Remember to lift with your legs!
3662,1931,8,42,182,232,1.25,0.03332026912223648,639,I tried a man bun--but it just wasn't me.
3810,1931,10,38,184,232,1.25,0.03442206182161019,639,It only works in Disney movies.
3893,1931,9,42,189,240,1.25,0.03314100722417223,639,"Actually, it's a transplant"
4212,1931,13,35,196,244,1.25,0.03478667363738345,639,"It took years to grow it this long, yes. That’s how serious I am about buying your apartment."
1976,1931,9,36,171,216,1.25,0.03549211070760121,639,"It took a lot of hair-gel, but I think it'll hold you."
4319,1931,10,33,169,212,1.25,0.03654767856824196,639,Hurry! Male pattern baldness could set in at any moment!
4394,1931,13,26,169,208,1.25,0.038854367010013074,639,"Yeah, yeah, I know. I overdid it with the Rogaine."
3557,1931,13,34,193,240,1.25,0.03518233041996561,639,Let's try reverse psychology.
1932,1931,11,34,179,224,1.25,0.03579427301652529,639,Your combover isn't fooling anyone.
3272,1931,14,36,206,256,1.25,0.03412060501038207,639,Hm.. I'm gonna need a bit more hair spray to feel safe
1758,1931,9,36,171,216,1.25,0.03549211070760121,639,Thank goodness combovers are still in style
241,1931,11,34,179,224,1.25,0.03579427301652529,639,Is it a deal-breaker?
417,1931,10,38,184,232,1.25,0.03442206182161019,639,More product?
447,1931,13,37,202,252,1.25,0.034030370966329306,639,It cost a fortune for the mousse.
864,1931,10,38,184,232,1.25,0.03442206182161019,639,"Can you spare some conditioner, m'lady?"
904,1931,10,42,196,248,1.25,0.0329485650741675,639,"Oh, leznupaR."
710,1931,10,39,187,236,1.25,0.03403663625102412,639,It's sprayed with 'Extra Hold' just slide down.
1360,1931,9,34,165,208,1.25,0.036384849898249846,639,Can you do a man bun?
1439,1931,15,39,222,276,1.25,0.032818822325218024,639,Something doesn' t feel right here!
1490,1931,11,35,182,228,1.25,0.03537036441320954,639,"Yes, mine's a comb-over, now show me yours"
1726,1931,4,49,175,228,1.25,0.031313936834584964,639,Of course you can pull it off!
1060,1931,10,44,202,256,1.25,0.03227486121839514,639,"I'd like to have it short around the ears, and short at the back. But not too short."
1998,1960,13,38,206,257,1.2490272373540856,0.03355149887119513,639,This won't work.  It's too hair brained.
3446,1960,16,32,209,257,1.2490272373540856,0.03488408769852355,639,Comb over and see me sometime!
1989,1962,14,35,204,253,1.2490118577075098,0.03436942677403315,639,Climb down and join me. I need you. Together we can make the Kingdom Great Again!
2006,1962,12,39,202,253,1.2490118577075098,0.033444256660922385,639,"Make haste, the potion is wearing off."
2137,1964,18,26,205,249,1.248995983935743,0.03656497184490445,639,Product.
3809,1965,11,39,195,245,1.2489795918367348,0.03368031196635815,639,Well one of us has to change.
1659,1965,9,43,193,245,1.2489795918367348,0.032671874807627524,639,Hurry!  I'm not sure how long I can maintain this . . .
4331,1965,11,39,195,245,1.2489795918367348,0.03368031196635815,639,Do I have your permission to man-splain?
747,1968,9,42,190,241,1.2489626556016598,0.03301950486694235,639,"Wow, you did that with just hairspray!?"
922,1968,9,42,190,241,1.2489626556016598,0.03301950486694235,639,Love is....Negotiating the ups and downs...
2164,1968,15,30,196,241,1.2489626556016598,0.03602438870162933,639,Just shut-up and pull me up!!
3000,1968,14,32,195,241,1.2489626556016598,0.03554122162665117,639,Let me make a reverse hitch
958,1972,10,39,188,237,1.248945147679325,0.03390912873815443,639,I can shinny down the drainpipe instead.
3792,1972,10,39,188,237,1.248945147679325,0.03390912873815443,639,Reverse engineering
4562,1972,7,45,185,237,1.248945147679325,0.032288634136859055,639,Thanks for the lift.
1598,1975,12,34,187,233,1.2489270386266094,0.03535330667316863,639,Its a paradox.
3597,1975,11,36,186,233,1.2489270386266094,0.03482610550548481,639,It’s just that I’m aftaid of heights.
2221,1975,10,38,185,233,1.2489270386266094,0.03429079988322245,639,I told you I was a stand-up guy!
1326,1975,13,32,188,233,1.2489270386266094,0.035872760707465215,639,Are my split ends really the problem here?
694,1975,13,32,188,233,1.2489270386266094,0.035872760707465215,639,"Sure - you’re hair today, but what about tomorrow?"
324,1980,11,35,183,229,1.2489082969432315,0.035232487602819475,639,"Okay, great. But if they made a birth control pill for men, would you take it?"
3548,1980,10,37,182,229,1.2489082969432315,0.034684619246431056,639,They said you could help me work this into a man bun.
993,1982,15,26,184,225,1.248888888888889,0.03781277557218807,639,"No, wait! It’s a weave!"
3341,1983,13,29,179,221,1.248868778280543,0.03720826938276088,639,The length to which you would go to prove a point
2843,1983,10,35,176,221,1.248868778280543,0.03551125602821103,639,Can you braid it?
4220,1985,9,36,172,217,1.2488479262672811,0.03534695391399032,639,"Rapunzel, Rapunzel slide down my long hair"
3781,1986,10,33,170,213,1.2488262910798122,0.036394619234938204,639,"Don’t worry, I’ve thought this through, I’ll just come to you."
3237,1986,11,31,171,213,1.2488262910798122,0.036998097409255117,639,We can talk about the split ends after I get up.
1321,1986,12,29,172,213,1.2488262910798122,0.03759188894633157,639,"All I had to do was mix my Rogaine and Viagra together, I found out they were both un-taxed so I saved a bundle"
579,1989,13,34,195,242,1.2479338842975207,0.03492141086941264,639,Hair today; we could be gone tomorrow.
3135,1990,12,35,191,238,1.2478991596638656,0.03481630531467759,639,"Honey, I know I’m Rapunzel.... but I still think we should invest in an elevator."
4473,1990,10,39,189,238,1.2478991596638656,0.033782549845131425,639,"You know, there are other ways of getting my attention."
3400,1990,14,31,193,238,1.2478991596638656,0.03582023949516396,639,"Mom threw me out, can I stay here?"
1840,1990,11,37,190,238,1.2478991596638656,0.03430332192225439,639,Do you think I used enough gel?
4427,1994,12,34,188,234,1.2478632478632479,0.035217970002526446,639,The split ends are my biggest problem at this point.
1616,1994,11,36,187,234,1.2478632478632479,0.034693269822588586,639,What do you think? Is it lice?
1735,1994,10,38,186,234,1.2478632478632479,0.03416051127935616,639,It’s called hairspray
4417,1994,14,30,190,234,1.2478632478632479,0.03624458982152627,639,I don't know either! I asked for a bob and I left with extensions.
351,1998,11,35,184,230,1.2478260869565216,0.03509565789421643,639,If I can do it you can do it!
3627,1998,7,43,180,230,1.2478260869565216,0.0328605551092212,639,"The times, they are a changin’."
3179,1998,7,43,180,230,1.2478260869565216,0.0328605551092212,639,Anti-gravity shampoo.  Works pretty well.
1158,2001,10,36,180,226,1.247787610619469,0.0349529516073124,639,I believe in fluid gender roles.
4495,2001,10,36,180,226,1.247787610619469,0.0349529516073124,639,"Rapunzel, Rapunzel, can you frost my tips?"
3490,2003,12,31,179,222,1.2477477477477477,0.036503077992190686,639,I hope this Viagra works
3629,2003,8,39,175,222,1.2477477477477477,0.034196720841559614,639,I think we can make it work.
4063,2003,7,41,174,222,1.2477477477477477,0.03359540101961068,639,"They say you're the best in the kingdom, so just take a little bit off the top."
1400,2006,10,34,174,218,1.2477064220183487,0.03579840313711143,639,"I'm telling you, it's not a weave!"
1001,2007,10,33,171,214,1.2476635514018692,0.036242807972584515,639,Try to be careful.....I don't want a hairline fracture.
404,2007,7,39,168,214,1.2476635514018692,0.03437892119890744,639,Now we'll see if this new hair gel really works or not!
1286,2007,9,35,170,214,1.2476635514018692,0.03563234711268194,639,Pull up for more body.
81,2010,10,32,168,210,1.2476190476190476,0.03670273382731784,639,"Love me, love my combover."
2854,2011,15,34,210,259,1.247104247104247,0.034206047676753955,639,You have no idea how I longed for you.
71,2012,13,37,205,255,1.2470588235294118,0.033671733136840215,639,I can't tell if this is a good hair day or a bad hair day?
330,2013,16,30,205,251,1.247011952191235,0.03541113313671549,639,All I had to do was adapt the king's comb-over and hairspray technique. Now hook it over the rail and slide down--carefully.
3801,2014,10,39,190,239,1.2468619246861925,0.033656889813382586,639,Dost thou see any split ends?
2739,2015,7,44,184,235,1.2468085106382978,0.03238843690730935,639,"This isn’t what I meant when I was talking about equality, Greg."
2960,2015,10,38,187,235,1.2468085106382978,0.034031185590681065,639,"Alright, climb down."
1637,2017,14,29,188,231,1.2467532467532467,0.03653932980407367,639,oh honey we have to do something about those split ends
4392,2017,9,39,183,231,1.2467532467532467,0.033865986520533235,639,Talk about an updo!
1352,2017,7,43,181,231,1.2467532467532467,0.032735577147809204,639,"Quick, before the wind picks up!"
1096,2017,8,41,182,231,1.2467532467532467,0.03330557801787193,639,I call it my rope-a-dope.
2111,2021,10,36,181,227,1.2466960352422907,0.0348157494311487,639,Don’t worry about hurting me. Just start pulling me up and I’ll be there in no time.
3051,2021,10,36,181,227,1.2466960352422907,0.0348157494311487,639,"Hold tight, I’m climbing up."
3717,2021,10,36,181,227,1.2466960352422907,0.0348157494311487,639,"Gel molds it, spray holds it."
3734,2021,13,30,184,227,1.2466960352422907,0.03645669915324484,639,I did my best to let you down gently.  Run Darling run....
1930,2025,12,31,180,223,1.2466367713004485,0.03635599710920408,639,"While it is somewhat trite, I think a ladder would be preferable."
1154,2026,13,28,178,219,1.2465753424657535,0.03737348101548709,639,I'm guessing you preferred my man bun about now.
2102,2026,7,40,172,219,1.2465753424657535,0.033844143829134636,639,'Ground-up' has replaced 'top-down' as the latest rescue theory.
123,2028,12,29,174,215,1.2465116279069768,0.037277160466945174,639,I won't be the one saving you - I'm the one from Tinder.
2005,2028,13,27,175,215,1.2465116279069768,0.037855719562655196,639,i know hair and this is not hair
1148,2030,12,28,171,211,1.2464454976303319,0.03776204885970984,639,Are you dislexic?
3967,2031,12,26,165,203,1.2463054187192117,0.03878511889364265,639,"Hurry, hang tight, I'll pull you down."
2031,2032,9,31,159,199,1.2462311557788945,0.037339125295383226,639,"I used the entire bottle of hair gel."""
1985,2033,11,38,195,244,1.2459016393442623,0.03367711349579453,639,Stop Nagging! I'll Condition It When I  Get Home!
1058,2033,12,36,196,244,1.2459016393442623,0.034174249616199845,639,"I know,but we are doing a different play."
712,2033,14,32,198,244,1.2459016393442623,0.03514743324445975,639,Don't worry I used a lot of hairspray.
39,2033,13,34,197,244,1.2459016393442623,0.03466425681090026,639,"Esoterically speaking it's either a metaphor, juxtapostion or an oxymoron!"
4536,2037,9,41,190,240,1.2458333333333333,0.03300813298762419,639,"Okay, just take a little off the top!"
1196,2037,8,43,189,240,1.2458333333333333,0.03247567304678895,639,Bishop takes queen
1946,2039,11,36,189,236,1.2457627118644068,0.034430549294195756,639,They didn't ask what the extensions were for?
1573,2039,17,24,195,236,1.2457627118644068,0.037441085518657734,639,I'm here to rescue you from cis gender.
4314,2039,14,30,192,236,1.2457627118644068,0.035967329686226956,639,That dragon-gel mousse is unbelievable!
4129,2039,5,48,183,236,1.2457627118644068,0.031130219475369026,639,It's OK to climb down - trust me!
138,2043,7,43,182,232,1.2456896551724137,0.032611518700415315,639,Buzz me up?
147,2043,13,31,188,232,1.2456896551724137,0.035880707475814955,639,Do you see any split ends?
94,2043,11,35,186,232,1.2456896551724137,0.03482509387341999,639,It's high rise volumizing shampoo plus sculpting gel.  Hold on.
4354,2043,3,51,178,232,1.2456896551724137,0.03023632154549493,639,"My fair princess, let down MY hair."
992,2043,12,33,187,232,1.2456896551724137,0.03535684044324038,639,Whar is your solution for split ends?
492,2043,6,45,181,232,1.2456896551724137,0.03203423401786429,639,"I said, give me a HEADS up."
3865,2049,10,35,179,224,1.2455357142857142,0.03508692866505039,639,Don't worry.   There is enough hair gel to hold you.
3768,2049,7,41,176,224,1.2455357142857142,0.03333132539291026,639,Trust me. It's gelled pretty good.
4456,2051,7,40,173,220,1.2454545454545454,0.03370859375857846,639,I told you: Pantene and hair gel go a long way.
586,2052,11,31,174,216,1.2453703703703705,0.03653705373532843,639,"This way you can be down a lot faster """
3229,2052,10,33,173,216,1.2453703703703705,0.03594287096938957,639,"Butch wax, circa 1954, is great stuff."
3509,2052,15,23,178,216,1.2453703703703705,0.038822951770861466,639,Wait - Which one of us was supposed to grow hair?
4364,2055,9,34,169,212,1.2452830188679245,0.03577343926537616,639,Are you absolutely absolutely sure that you want dreadlocks?
2766,2056,7,37,164,208,1.2451923076923077,0.03491748259214235,639,Enough with your kvetching 'bout the texture - am I coming up or not?
4542,2057,7,49,201,257,1.245136186770428,0.030587933236439928,639,I can’t believe how much he cut off… I specifically asked for a trim!
3938,2058,11,39,199,249,1.2449799196787148,0.03319773191628093,639,A bad hair day solved a fairy tale romance.
1887,2058,11,39,199,249,1.2449799196787148,0.03319773191628093,639,Will it hold you or do I need more gel?
3947,2058,11,39,199,249,1.2449799196787148,0.03319773191628093,639,Keep Looking.  The hacksaw is next to the barrette.
1618,2058,14,33,202,249,1.2449799196787148,0.03463022161802256,639,Hurry up... the hair gel won't stay stiff forever
327,2062,9,41,191,241,1.2448132780082988,0.03288670790251158,639,"Rapunzel please let me save you, it's just a man bun!"
1484,2062,11,37,193,241,1.2448132780082988,0.033921849151952205,639,"My love, if this doesn't hold, we'll try another brand of gel."
1770,2062,12,35,194,241,1.2448132780082988,0.0344277503839438,639,Another bad hair day?
3410,2062,10,39,192,241,1.2448132780082988,0.0334082879429111,639,Just climb down. It's an extra-firm spray.
2644,2066,8,42,187,237,1.2447257383966244,0.03269955682369943,639,We got the wrong script.  It is supposed to be the other way around.
1790,2066,7,44,186,237,1.2447257383966244,0.032148146302403674,639,We are made for each other. Just think of our children.
1282,2066,15,28,194,237,1.2447257383966244,0.036325816673070485,639,"So, it's a comb-over. What do you want, yellow?"
310,2066,11,36,190,237,1.2447257383966244,0.03430064334415811,639,"""It's just until I can find a new place...and I'll split the utilities with you."""
892,2070,9,39,185,233,1.2446351931330473,0.03360790869938539,639,"If I turn around, you can hook it on the balcony.  I used quite a bit of hairspray."
1372,2070,10,37,186,233,1.2446351931330473,0.03415391917766063,639,".raih nedlog ruoy nwod leznupaR, leznupaR"
3220,2070,11,35,187,233,1.2446351931330473,0.03469133700568666,639,Next time we can use your hair.
3481,2070,12,33,188,233,1.2446351931330473,0.03522055552216738,639,"Forget it, Rapunzel, this is never going to work. Why don’t you use the elevator!"
3485,2070,12,33,188,233,1.2446351931330473,0.03522055552216738,639,This is my poor attempt at gender equality rescue.
3511,2070,11,35,187,233,1.2446351931330473,0.03469133700568666,639,"Hey, everyone deserves a bad hair day!"
4423,2070,7,43,183,233,1.2446351931330473,0.0324883700891615,639,Surely there's an easier way up -Stairs perhaps?
858,2070,12,33,188,233,1.2446351931330473,0.03522055552216738,639,This me too thing isn’t working out very well for us ...
3018,2070,14,29,190,233,1.2446351931330473,0.03625582528899288,639,So why do you need to pull me up there again?
2426,2070,7,43,183,233,1.2446351931330473,0.0324883700891615,639,'I'm getting to the roots of the patriarchy.'
1010,2080,9,38,182,229,1.244541484716157,0.03398552110802215,639,"No Punzle, let down YOUR hair."
1209,2080,13,30,186,229,1.244541484716157,0.03616956077471147,639,"Just a trim, please."
2698,2080,9,38,182,229,1.244541484716157,0.03398552110802215,639,I've decided to meet you half way
2774,2080,11,34,184,229,1.244541484716157,0.035094534984947204,639,I may have used a little more hair spray than I intended.
905,2084,12,31,182,225,1.2444444444444445,0.03606529450000559,639,"Rapunzel, you can stop examining it so closely.  I'm sure it's long & stiff enough for you now."
563,2084,13,29,183,225,1.2444444444444445,0.03661130982435173,639,My man-bun will save you!
3729,2086,8,37,172,217,1.2442396313364055,0.034582118634294834,639,"I'm just saying, it's not you - it's me..."
4049,2087,11,41,206,258,1.244186046511628,0.03240253503017528,639,Hurry! The hairspray won’t last forever!
104,2088,8,36,169,213,1.244131455399061,0.03499654017776939,639,My second wish was for hair gel.
4076,2088,10,32,171,213,1.244131455399061,0.03624002800373392,639,"Don't worry, there's enough hair gel to support you."
3061,2090,11,40,203,254,1.2440944881889764,0.032736010937002194,639,You should see my roots.
142,2091,9,33,167,209,1.244019138755981,0.03606872450551902,639,Did I mention I tend to be a little competitive?
4274,2092,10,30,165,205,1.2439024390243902,0.03717836017173584,639,Did  I use too much hairspray?
1816,2093,10,39,193,242,1.243801652892562,0.03328532722475296,639,I've been conditioning myself for our first date.
1677,2093,15,29,198,242,1.243801652892562,0.03576835042998296,639,OMG!  You've got split ends!
413,2093,9,41,192,242,1.243801652892562,0.0327661506993764,639,"It is only fair, you climb down my hair."
1263,2096,9,31,161,201,1.243781094527363,0.03700703387765454,639,Too many split ends. Next!
2075,2096,8,33,160,201,1.243781094527363,0.03632862938015659,639,It's all in the conditioner.
4461,2098,9,40,189,238,1.2436974789915967,0.03311782251357131,639,we  are going to need a lot more  hair spray for this to work.
364,2098,13,32,193,238,1.2436974789915967,0.03519402010984999,639,Tie them together and we will be close to whatever Trump has going on!
4405,2100,9,30,158,197,1.2436548223350254,0.03750222498593448,639,"Let go of my hair Rapunzel, you need to grow your own."
2113,2101,7,43,184,234,1.2435897435897436,0.03236612176220211,639,"Lice has been going around, I just want to make sure"
483,2101,12,33,189,234,1.2435897435897436,0.03508529661418407,639,It's a very robust hair product.
279,2101,11,35,188,234,1.2435897435897436,0.034558582123538566,639,What do you mean you're out of hairspray?
3952,2101,10,37,187,234,1.2435897435897436,0.034023714645426986,639,"More hairspray,and then I can shinny down!"
2469,2101,12,33,189,234,1.2435897435897436,0.03508529661418407,639,"How long has it been like this? I don’t know about the Greenies, but the blue pill label suggest after 4 hours, contact a Phsycian."
3091,2101,14,29,191,234,1.2435897435897436,0.03611568798648461,639,It really works!  Let me come up and show you.
155,2107,11,34,185,230,1.2434782608695651,0.03495778934798982,639,I told you I’m afraid of heights!
140,2107,10,36,184,230,1.2434782608695651,0.03441038732509418,639,Wait!!  This is not how it is supposed to work!
2181,2107,7,42,181,230,1.2434782608695651,0.0327132681821416,639,"Seriously, what am I supposed to do with this, braid it?"
3691,2107,9,38,183,230,1.2434782608695651,0.03385413528104911,639,"I call this my ""Reverse Rapunzel..."""
2646,2107,14,28,188,230,1.2434782608695651,0.03655083961832771,639,"I thought you said
""Deny thy barber
and reuse thy mane."""
2703,2112,10,35,181,226,1.2433628318584071,0.03480950950208245,639,What do you mean hairspray was not invented yet?
1068,2112,10,35,181,226,1.2433628318584071,0.03480950950208245,639,Now how are you getting down?
1016,2112,11,33,182,226,1.2433628318584071,0.035369949371472996,639,The updrafts are killer around here.
302,2112,14,27,185,226,1.2433628318584071,0.03700037052294947,639,I think we must be doing this backwards.
1478,2112,11,33,182,226,1.2433628318584071,0.035369949371472996,639,"Rapunzel, Rapunzel, ouch!"
4133,2112,13,29,184,226,1.2433628318584071,0.03646499762882967,639,"Even if it is shinier and more manageable than yours, we can still make this work."
3121,2112,7,41,178,226,1.2433628318584071,0.03307125415645108,639,What happened to my prince with a buzz cut?
2008,2119,17,30,216,263,1.2433460076045628,0.034586228932683524,639,I keep telling you: I'm not Donald Trump!
177,2120,13,28,181,222,1.2432432432432432,0.03691699659918698,639,"Pull me up, it’s terrible out here"
3845,2120,10,34,178,222,1.2432432432432432,0.03522173189897232,639,I would’ve gotten here faster but I was getting my roots done.
3606,2120,9,36,177,222,1.2432432432432432,0.03463821085616266,639,"Slide down, I’ll catch you."
3070,2120,10,34,178,222,1.2432432432432432,0.03522173189897232,639,"OK then,lets try plaiting some rungs into it."
1258,2124,14,34,207,255,1.2431372549019608,0.034011661487250745,639,I don't think this revision will work.
4289,2125,9,35,174,218,1.2431192660550459,0.03504974055186101,639,Just go with it.  I've been working on this for years!
1623,2125,13,27,178,218,1.2431192660550459,0.037384435977226675,639,It's Leznuper - why do you ask?
2866,2127,11,39,201,251,1.2430278884462151,0.032961476682577644,639,It’s been really humid lately.
3835,2128,11,30,173,214,1.2429906542056075,0.03669119545485743,639,Just tell me it’s not another gray
2763,2129,15,30,202,247,1.242914979757085,0.0352323750693796,639,Now that’s what I call an up-do!
2407,2129,14,32,201,247,1.242914979757085,0.03476211938474504,639,What do you mean you bobbed your hair?
4111,2131,8,35,167,210,1.2428571428571429,0.03527526935125052,639,It's the latest style; it's called a comb over.
3053,2131,7,37,166,210,1.2428571428571429,0.03462334705342879,639,Did I mention I liked your hair better when it was longer?
1127,2131,10,31,169,210,1.2428571428571429,0.036544241147484106,639,Isn't there an easier way to dismantle gender norms?
1101,2134,14,31,198,243,1.242798353909465,0.035154537855094675,639,You've messed up my man bun!
2754,2134,13,33,197,243,1.242798353909465,0.03466744000910722,639,OK. Now climb down.
1868,2136,6,46,187,239,1.2426778242677825,0.0313555446490888,639,It has both style AND function!
2375,2136,12,34,193,239,1.2426778242677825,0.03455623281764651,639,"The History of the Man-Bun, Part 1"
4373,2136,12,34,193,239,1.2426778242677825,0.03455623281764651,639,I think I read Rapunzel's instructions upside-down.
791,2136,8,42,189,239,1.2426778242677825,0.032457529106148304,639,"It takes forever to dry, but I just love the way it makes me feel."
1732,2136,10,38,191,239,1.2426778242677825,0.03352330847502864,639,I love what you did to your hair
236,2141,11,42,211,264,1.2424242424242424,0.03186163422555761,639,The trick is you don't 'repeat'.
2550,2141,8,40,183,231,1.2424242424242424,0.03316092503910772,639,"I never thought I would ever say ""Combover to the rescue!"""
2395,2143,11,33,183,227,1.2422907488986785,0.03523010588156047,639,"Rapunzel, Rapunzel! Do I have split ends??"""
2864,2143,6,43,178,227,1.2422907488986785,0.03234557444117882,639,I haven't found anyone else who does my hair like you.
3128,2143,11,33,183,227,1.2422907488986785,0.03523010588156047,639,"Yes, I used a leave in conditioner."""
3755,2146,14,34,208,256,1.2421875,0.03389185308108142,639,"No, no, no, Amazon! I ordered this in blonde."
4511,2146,7,48,201,256,1.2421875,0.030564635135330545,639,Try not to undo my comb-over as you climb down.
1945,2146,12,38,206,256,1.2421875,0.03297549386234702,639,Ivanka quit messing around I need my hair to be perfect for the press conference.
349,2149,14,26,183,223,1.242152466367713,0.037312606105683925,639,We will need to check your roots before you can come in.
561,2149,10,34,179,223,1.242152466367713,0.03508039338783551,639,Trust me: it's better this way
629,2149,4,46,173,223,1.242152466367713,0.03143627107365553,639,Are you sure this is a good idea?
1716,2149,10,34,179,223,1.242152466367713,0.03508039338783551,639,"Go ahead, climb down, I used a whole bottle of freezing gel."
508,2149,7,40,176,223,1.242152466367713,0.033308205740189945,639,"I understand what a top-knot is, but how does that help me?"
2811,2154,10,33,176,219,1.2420091324200913,0.0355019648738189,639,"Oh, another grey one!"
1183,2155,16,28,204,248,1.2419354838709677,0.03556569809365602,639,'Well Trump liked it...'
3498,2155,12,36,200,248,1.2419354838709677,0.033679658985904,639,What say tonight we go out?
3958,2157,13,26,176,215,1.241860465116279,0.03770856103298424,639,I don't think taking my shoes off will matter that much if you're measuring my height like that.
87,2157,9,34,172,215,1.241860465116279,0.035327897342839906,639,3D printers made my modern day fairy tale come true.
2341,2157,12,28,175,215,1.241860465116279,0.03712770884461202,639,"Castle Cuts
“Just a little off the top”"
2625,2157,10,32,173,215,1.241860465116279,0.03593785110150926,639,Seriously.   My name is Leznupar
2218,2161,13,33,198,244,1.2418032786885247,0.03453940495227951,639,"Sorry, It's a Preexisting Condition."
2789,2161,9,41,194,244,1.2418032786885247,0.03252760428883,639,How much more gel do you think it needs?
3980,2163,9,33,169,211,1.2417061611374407,0.03576326591548001,639,I think I'd prefer it if you just wrapped me around your little finger.
1318,2163,9,33,169,211,1.2417061611374407,0.03576326591548001,639,Is that... is that hair gel?
4239,2165,11,36,193,240,1.2416666666666667,0.033916619120037676,639,Can I come up? I'm trying to get back to my roots.
3596,2165,10,38,192,240,1.2416666666666667,0.03339864591636846,639,My toilet drains clockwise also.
3389,2165,10,38,192,240,1.2416666666666667,0.03339864591636846,639,Quick! The hair spray is wearing out!
811,2165,13,32,195,240,1.2416666666666667,0.0349295299067595,639,I really dislike opposites day.
2660,2165,10,38,192,240,1.2416666666666667,0.03339864591636846,639,'What the hell is in your shampoo?'
230,2170,11,35,190,236,1.2415254237288136,0.03429603490539155,639,"Alright, now jump!"
1255,2170,7,43,186,236,1.2415254237288136,0.03212428837325796,639,I hope the Grimm Brothers  hear about this.
1379,2170,8,41,187,236,1.2415254237288136,0.03268075779681579,639,All this was a comb over? Forget it - the wedding is off!
2596,2173,15,26,191,232,1.2413793103448276,0.036776244197472927,639,Go ahead! Climb down!
2396,2173,12,25,166,203,1.2413793103448276,0.038623720451586484,639,"If you can't go low, I'll go high."
1928,2175,11,40,206,257,1.2412451361867705,0.03239460273413757,639,You should try something for these split ends.
482,2176,7,41,180,228,1.2412280701754386,0.03281510055232256,639,The pony tail is so yesterday.  Can you do a buzz cut with a man bun?
1647,2176,11,33,184,228,1.2412280701754386,0.03509134187961619,639,So yeah I'm kind of a feminist.
2390,2176,12,31,185,228,1.2412280701754386,0.0356376926522379,639,"'Tis easy, just use your winch, wench."
2050,2179,13,35,205,253,1.2411067193675889,0.03367332958951766,639,Of course I can swing. Can you keep time?
1759,2180,6,41,173,220,1.240909090909091,0.03292563610795853,639,Stop being so nit-picky and slide down already!
1108,2180,15,23,182,220,1.240909090909091,0.03817979199589349,639,"Transpunzel, Transpunzel! Let up your hair!"
4253,2180,9,35,176,220,1.240909090909091,0.03476536371676604,639,This hair boner wan't last forever. So keep stroking it or hop on it now before it goes limp.
1031,2183,9,41,195,245,1.2408163265306122,0.032409597543923335,639,Thy name is Prince Harry
3764,2184,9,34,173,216,1.2407407407407407,0.03518178504809803,639,"It's not my choice, the king has decreed comb overs"
2887,2184,9,34,173,216,1.2407407407407407,0.03518178504809803,639,I thought we could try my place this tim.
4379,2186,15,28,198,241,1.2406639004149378,0.035778608323319194,639,Would you repeat the question.
3593,2186,9,40,192,241,1.2406639004149378,0.03275118217538774,639,I'm guessing these aren't the only locks between me and freedom.
3245,2186,14,30,197,241,1.2406639004149378,0.03529207654619013,639,"Okay, I admit it.  I’m the one who’s been using your shampoo."
3455,2189,9,45,208,262,1.2404580152671756,0.03103207142373555,639,"Any day, now, I'm out of Rogaine."
2959,2190,13,30,190,233,1.240343347639485,0.03560840694743675,639,"So whaddya say, can you fix those split ends for me?"
4579,2190,10,36,187,233,1.240343347639485,0.034014153542171396,639,Thy love and my product are strong enough to bring us together
4476,2192,11,33,185,229,1.240174672489083,0.034953645254488935,639,"LIMERICK: She was stuck in a tower...with no bathroom or shower...Her beau from Assisi...His hair, mighty greasy...And the bouquet of their love was sweet..also sour."
1153,2192,13,29,187,229,1.240174672489083,0.03603287467580849,639,I said comb it not climb it!
3036,2192,8,39,182,229,1.240174672489083,0.033269223094894496,639,"I'm your knight in shining, tangle-free, luscious hair!"
3957,2195,10,41,203,254,1.2401574803149606,0.032132508654430555,639,"This is different, right?"
1118,2196,10,34,181,225,1.24,0.034801021696368506,639,For each action there is an equal and opposite reaction.
1636,2196,8,38,179,225,1.24,0.0336414332593906,639,OK   I will use the conditioner  and  comeback
287,2196,8,38,179,225,1.24,0.0336414332593906,639,"If we tell it how it happened, nobody will believe us."
2030,2196,12,30,183,225,1.24,0.03592319850008057,639,"Well, if you really believed in equality you'd be the one up here, not me."
3464,2196,7,46,197,250,1.24,0.030942361236264797,639,Do you think I should do a man bun?
1229,2196,11,26,163,200,1.24,0.038332058823761894,639,Just give me a light trim.
2230,2202,13,39,219,271,1.2398523985239853,0.03210308539780531,639,Is this what you call reverse psychology?
3621,2203,13,33,200,246,1.2398373983739837,0.034286099856507685,639,I suppose this is my #MeToo moment?
3256,2203,12,35,199,246,1.2398373983739837,0.03379870763891683,639,"Ohhh...I thought I heard you said ""grow out your hair"""
2949,2203,12,35,199,246,1.2398373983739837,0.03379870763891683,639,How about we try the trickle-down theory?
938,2206,11,31,179,221,1.239819004524887,0.035793178686460536,639,Be back with some sheets.
778,2206,11,31,179,221,1.239819004524887,0.035793178686460536,639,"Okay- now on the count of 3, pull."
468,2206,12,29,180,221,1.239819004524887,0.03636326409625344,639,"Just trim a little off the end, please."
391,2209,11,36,195,242,1.2396694214876034,0.033665247407223854,639,#yetoo
3887,2210,10,32,175,217,1.23963133640553,0.035640570517757,639,You are right not a single split end.  When my father lets me out I am switching to your stylist.
2493,2210,12,28,177,217,1.23963133640553,0.036818325082048804,639,"All I’m saying is, Ashley, this looks gay as hell."
3488,2212,8,47,208,263,1.2395437262357414,0.030454510649878794,639,"So if we do move in together, 
we can each come and go as the other pleases."
2475,2213,8,41,189,238,1.2394957983193278,0.03243718055137406,639,I knew you'd be hair for me.
647,2213,11,35,192,238,1.2394957983193278,0.0340373668886347,639,Stupid cartoonist!
2283,2215,7,42,185,234,1.2393162393162394,0.032219275329645726,639,"Rapunzel, Rap..... wait a minute, you’re
messin w the story line here"
3619,2216,10,35,185,230,1.2391304347826086,0.03426735315227845,639,Sorry. First rule of Hair Club for Men...
286,2216,12,31,187,230,1.2391304347826086,0.0353581115521435,639,"Quickly, pull me up! It's no better out here!"
485,2216,13,29,188,230,1.2391304347826086,0.035891062017851354,639,"I'll never make it down with these split ends."""
2315,2216,9,37,184,230,1.2391304347826086,0.033708740881669544,639,"We can stay at your place, right?"
3354,2220,16,28,207,251,1.2390438247011952,0.03517907982958378,639,The reader is probably dyslexic.
2317,2220,13,34,204,251,1.2390438247011952,0.03379275259246796,639,i misunderstood...
2076,2220,11,38,202,251,1.2390438247011952,0.0328360336803249,639,But our children would have split ends.
3904,2220,7,46,198,251,1.2390438247011952,0.030833667767795545,639,"It's like the Indian rope trick, but with hair."
1204,2220,12,36,203,251,1.2390438247011952,0.033317827327357205,639,I didn't want to be a letdown.
130,2225,10,34,182,226,1.238938053097345,0.03466296359072185,639,I need it this long to comb over my bald spot.
616,2226,13,33,201,247,1.2388663967611335,0.034160810472991396,639,Too much Viagra.
1533,2227,14,20,167,201,1.2388059701492538,0.0400675156053749,639,This new styling gel is frankly upstanding!
2627,2228,12,29,181,222,1.2387387387387387,0.0362152102662088,639,I'm just going to let you down again.
4517,2228,9,35,178,222,1.2387387387387387,0.03448546381715659,639,Role reversal exercises give me a headache.
735,2228,13,27,182,222,1.2387387387387387,0.03677371617436583,639,Surely it's self-evident that liberation can be most effectively created by a supply-side rescue policy.
2279,2228,10,33,179,222,1.2387387387387387,0.03507152636158735,639,"I’m trying to be more socially concsioucous-this time, why don’t you climb down my hair?"
1799,2232,8,42,193,243,1.2386831275720165,0.03198379713653797,639,Thou may cometh back once thou hath conditioned.
2901,2232,10,38,195,243,1.2386831275720165,0.03303004010460305,639,"I would wax eloquent, but I used all the wax on my hair."
2675,2234,9,34,175,218,1.238532110091743,0.03489307894127029,639,It happened after I read James Joyce
4516,2235,9,39,191,239,1.2384937238493723,0.03285621048600846,639,I think this is enough to buy a ladder!
4477,2235,9,39,191,239,1.2384937238493723,0.03285621048600846,639,On this planet gravity works a little differently Sweetheart
73,2237,7,37,170,214,1.2383177570093458,0.034049326580935915,639,Of course our story no longer makes sense! The gender-neutral police win again!
4357,2238,8,40,187,235,1.2382978723404254,0.03265967368644791,639,"If you're not going to pull me up, I may as well get a Bob."
3981,2238,10,36,189,235,1.2382978723404254,0.03375492236071165,639,The subway must have been brutal getting here
3380,2238,13,30,192,235,1.2382978723404254,0.03533419775495534,639,"And this gel comes in strawberry scented, too!"
3909,2238,7,42,186,235,1.2382978723404254,0.03209803788659132,639,We're going to need more Gel if this is gonna work!
389,2242,9,43,204,256,1.23828125,0.03142471837728879,639,You really get me.
1978,2242,7,47,202,256,1.23828125,0.030434165263532202,639,"Don't worry, it's 'extra strong hold' hair gel."
3867,2244,12,31,188,231,1.2380952380952381,0.03521993010311522,639,"I might have overdone the Rogaine, Rapz..."
1652,2244,9,32,169,210,1.2380952380952381,0.03575034254902611,639,I don't want to come up that badly ...
452,2244,11,38,203,252,1.2380952380952381,0.03271922586200282,639,"Now pull me up, please."
1939,2244,10,35,186,231,1.2380952380952381,0.03413438800769029,639,We do everything the other way ‘round when we visit Down Under.
3825,2248,7,40,180,227,1.2378854625550662,0.03278854065893269,639,I'm a feminist
456,2248,13,28,186,227,1.2378854625550662,0.036180069208582605,639,"Rampunzel, Rampunzel, climb down my hair !"
471,2248,10,34,183,227,1.2378854625550662,0.03452597432716642,639,I put a lot of gel on it! Now slide on down!
1979,2248,10,34,183,227,1.2378854625550662,0.03452597432716642,639,"Oh yeah, ever since people heard about you it’s been all the rage"
2790,2248,14,26,187,227,1.2378854625550662,0.036714877676999706,639,It's a Rapunzel comb-over.
3603,2253,11,31,181,223,1.2376681614349776,0.03550388349493555,639,I play for the Lions.  Everyone pledged not to cut their hair until we win a Super Bowl.
3822,2254,12,33,195,240,1.2375,0.034294671262274076,639,Can I rescue you now?
4534,2254,8,41,191,240,1.2375,0.03219711886241448,639,You didn't specify that it had to be blond!
2214,2254,13,31,196,240,1.2375,0.03479931005744507,639,"Because, fair damsel, I've not been to the gym of late."
3404,2254,11,35,194,240,1.2375,0.03378249507512281,639,"Just help me with my split ends, will ya?"
2810,2258,7,47,203,257,1.2373540856031129,0.030329687899053968,639,Still needs a little more gel.
3976,2259,9,38,189,236,1.2372881355932204,0.03308619707965858,639,Reverse-engineering at its worst.
2607,2260,10,31,174,215,1.2372093023255815,0.035779980895037936,639,Impressive locks on the door too.
2446,2260,9,33,173,215,1.2372093023255815,0.03516728908689528,639,How? A LOT of gel.
131,2262,11,38,204,253,1.2371541501976284,0.03260322927943822,639,"Please, please, remember this time to slide around to the back side."
3431,2263,10,35,187,232,1.2370689655172413,0.03400242973604629,639,I did NOT use your conditioner
1261,2264,12,26,173,211,1.2369668246445498,0.037452040728415834,639,But 'Rapunzel' is so cliché. Have you ever seen 'There's Something About Mary'?
1969,2264,11,28,172,211,1.2369668246445498,0.03684452220745148,639,"You can climb down to me now, thanks to my new Oh-So-Stiff Hair Gel."
4173,2266,12,35,202,249,1.2369477911646587,0.03343198907529035,639,Yikes!  I can see this is going to be hair-raising experience.
3712,2267,13,28,187,228,1.236842105263158,0.03603614253736715,639,So what if you found a gray hair?
1638,2267,8,38,182,228,1.236842105263158,0.03324739471984402,639,I finally saved enough money for extensions.
4226,2269,8,42,195,245,1.236734693877551,0.03175195237583327,639,Well not exactly what I had in mind but if you have enough product we can make it work.
134,2269,13,32,200,245,1.236734693877551,0.034285077022547114,639,Your place or mine?
288,2271,8,33,166,207,1.2367149758454106,0.035387980108320276,639,See? No more man bun. Now will you date me?
2159,2272,12,29,183,224,1.2366071428571428,0.035922628612171194,639,"Quick, pull me up! The patriarchy is coming."
2770,2272,9,35,180,224,1.2366071428571428,0.03420993913630526,639,"Tbank God! You landed on your feet, with hair to spare!"
4109,2272,13,27,184,224,1.2366071428571428,0.03647565877825106,639,It’s a jojoba extract.
1420,2272,8,37,179,224,1.2366071428571428,0.03361965940949264,639,"Yes, your new conditioner smells great—now what?"
1167,2272,9,35,180,224,1.2366071428571428,0.03420993913630526,639,It took 100 cans of hairspray
2039,2272,10,33,181,224,1.2366071428571428,0.03479020512456248,639,Upsy-Daisy.
12,2278,9,39,193,241,1.2365145228215768,0.032612893666753726,639,"Rapunzel,  I got your note, how'd you know I'm dyslexic?"
2733,2278,10,37,194,241,1.2365145228215768,0.03313878362176752,639,It's even worse than that. My hands have turned into carrots.
2096,2280,8,32,163,203,1.2364532019704433,0.03583244970241109,639,"Rapunzel, Rapunzel. This is just another hair-brained idea of mine."
3048,2281,9,34,177,220,1.2363636363636363,0.03460897352337174,639,Shaping my hair into a ladder would have involved a lot more hairspray.
3538,2281,11,30,179,220,1.2363636363636363,0.03578830883363541,639,Pull me up.  Then you can shinny on down.
3324,2283,9,38,190,237,1.2362869198312236,0.03296150672494216,639,"Grab on, I'll pull you down!"
2265,2283,6,44,187,237,1.2362869198312236,0.03129197673880027,639,Don’t blame me Rapunzel. Have you never seen ‘There’s Something About Mary’?
1934,2283,10,36,191,237,1.2362869198312236,0.03349953180813135,639,Winch. With an i.
175,2283,6,44,187,237,1.2362869198312236,0.03129197673880027,639,"There's nothing to fear, I used ultra strong styling mousse!"
102,2283,12,32,193,237,1.2362869198312236,0.034550456479404114,639,"While the gender flip is admirable, the carbon footprint of the hairspray involved is intolerable."
1605,2283,13,30,194,237,1.2362869198312236,0.03506410912487004,639,I'll get pregnant for you too.
2438,2289,12,31,190,233,1.2360515021459229,0.03494672560792811,639,Are  you SURE this is hair gel?
1984,2289,9,37,187,233,1.2360515021459229,0.03332082871976577,639,Just a bit off the top and part on the right please.
3622,2289,12,31,190,233,1.2360515021459229,0.03494672560792811,639,Pretty good for a comb-over don’t you think?
3424,2289,19,17,197,233,1.2360515021459229,0.03847420313731618,639,I offer you these magic shoes - and my man bun.
3217,2289,10,35,188,233,1.2360515021459229,0.03387146726405453,639,Let me move in; otherwise my parents will make me get a haircut.
4321,2294,10,39,201,250,1.236,0.03233260877753984,639,I can't weave a ladder out of this bird's nest. I told you to use conditioner!
1385,2294,9,41,200,250,1.236,0.03183188772764225,639,"No, my name is Ralph  and  I have  friend with a ladder."
3701,2296,15,33,219,267,1.2359550561797752,0.0331685045261185,639,"Oh, and Dad says hi."
3923,2297,12,26,174,212,1.2358490566037736,0.03729171707537525,639,Is this not what you meant by role play?
3358,2297,11,28,173,212,1.2358490566037736,0.03668734714855773,639,"See Rapunzel, you don't always have to let down your hair"
267,2297,9,32,171,212,1.2358490566037736,0.035447707930650364,639,"Give it a try, what have you got to lose?"
2358,2300,14,26,189,229,1.2358078602620088,0.03642302961345398,639,Has the role of bean stalk been filled in this tale too?
2653,2300,12,30,187,229,1.2358078602620088,0.035355711637537174,639,"This isn't going to work. I'm calling for the guy from Lyft."""
4051,2300,12,30,187,229,1.2358078602620088,0.035355711637537174,639,The Rogaine Stuff Really Does Work!
3153,2300,15,24,190,229,1.2358078602620088,0.036945127644054464,639,I haven't got time for a shampoo and cut. Can you just give me a quick blow job?
3782,2304,13,32,201,246,1.2357723577235773,0.03415898065006444,639,Come see my tower. It's better than yours. Much better. And bigger too. Much bigger!
765,2304,13,32,201,246,1.2357723577235773,0.03415898065006444,639,...and THAT is why you need a home security system.
2307,2306,9,44,210,263,1.2357414448669202,0.030804014849222922,639,"You know, I think this gives me an idea!"
4459,2307,12,25,171,208,1.2355769230769231,0.037780516140994445,639,On the way here I  had the most hair- raising experience with some witch!
1091,2307,10,29,169,208,1.2355769230769231,0.03653033168566406,639,"Yes, I know it's a reverse situation--but this is the age of Me, Too."
4259,2309,7,39,179,225,1.2355555555555555,0.0328885671369933,639,I also cook and clean.
221,2309,9,35,181,225,1.2355555555555555,0.03407378651822534,639,WOW! Absolutely no split-ends!
2637,2309,10,33,182,225,1.2355555555555555,0.03465119719969477,639,"Oh, nothing. Just two hogsheads of gel and a fortnight at the bellows."
3364,2312,5,47,190,242,1.2355371900826446,0.030308355545153993,639,Don't worry Rapunzel.  We've done this before.
526,2312,8,41,193,242,1.2355371900826446,0.031960499781220196,639,"I'm donating it to Locks Above. They specialize in star-crossed maidens."""
152,2314,13,35,211,259,1.2355212355212355,0.03296915892198065,639,Enough hairspray and you can slide out.
4268,2315,11,42,219,272,1.2352941176470589,0.031022735906631013,639,Woman! Damn! I already told you I checked for lice. Now get a good grip and jump!
2872,2315,12,32,194,238,1.2352941176470589,0.03441930157048541,639,"After her first marriage failed, Rapunzel conceded that it was not such a bad idea to marry up."
2330,2315,12,32,194,238,1.2352941176470589,0.03441930157048541,639,Who lets down the hair in this relationship?
1355,2315,9,38,191,238,1.2352941176470589,0.03283773223002669,639,I know! I know! Too much hair spray
128,2315,9,34,178,221,1.2352941176470589,0.034468612840238486,639,"Just a taper fade and thinning please"""
4311,2315,7,38,176,221,1.2352941176470589,0.033253790770742045,639,I was going for a look of equality.
1370,2315,8,32,164,204,1.2352941176470589,0.03567520205077192,639,I knew this hairstyle would come in handy for something.
4068,2322,12,35,204,251,1.2350597609561753,0.03319181824581951,639,This long hair idea is not working. I'm coming back with a Cherry Picker.
31,2322,10,39,202,251,1.2350597609561753,0.032217259016607824,639,Don’t worry. I used extra hold hair spray.”
3992,2322,12,35,204,251,1.2350597609561753,0.03319181824581951,639,You ever use a fireman's pole?
1776,2325,7,41,186,234,1.235042735042735,0.032069312512817374,639,Can you braid it for me?
1540,2325,10,35,189,234,1.235042735042735,0.0337414896735828,639,"Explain to me how this happened, again"
2327,2327,10,38,199,247,1.2348178137651822,0.03255077759506986,639,I thought I'd save you the trouble of letting down your hair.
1011,2328,10,34,186,230,1.2347826086956522,0.03412130025940313,639,Hold it tight and I will be right up.
1215,2329,9,32,172,213,1.2347417840375587,0.035298265572732204,639,"Hair Club for Men. Now, pull!"
4349,2329,13,24,176,213,1.2347417840375587,0.037724410704973455,639,I thought we could be friends with fringe benefits.
259,2331,14,33,213,260,1.2346153846153847,0.03330352478298531,639,I think gravity is against us with this idea.
3169,2332,9,39,195,243,1.2345679012345678,0.03237307542504143,639,"Rapunzel, Rapunzel, are you sure you know how to make a man-bun?"
4286,2333,10,33,183,226,1.2345132743362832,0.03451327433628319,639,Great! Now just climb down!
789,2334,12,25,172,209,1.2344497607655502,0.03761620497306249,639,too much gel?
3624,2335,8,40,191,239,1.2343096234309623,0.032172998131893234,639,"You do know how to tie a slip knot, right?"
4582,2336,7,38,177,222,1.2342342342342343,0.033120622877200724,639,I'm having a rescue hair day
2093,2337,10,35,190,235,1.2340425531914894,0.033612486199125734,639,"What do you mean, I need to use more conditioner?"
2986,2337,10,35,190,235,1.2340425531914894,0.033612486199125734,639,Would you believe the impact this man bun has had on my job hunt?
581,2339,10,31,177,218,1.2339449541284404,0.03533629299903992,639,Trust me! Viagra hardens hair too.
3794,2339,13,25,180,218,1.2339449541284404,0.037087564066017334,639,...as you can see the wig has minimal structural integrity thus making any rescue attempt futile but boy you should see the look on your face!
4107,2341,10,38,200,248,1.2338709677419355,0.03243308274267422,639,"Quick, pull me up, I don't know how long the hair straightener will last"
1510,2341,10,38,200,248,1.2338709677419355,0.03243308274267422,639,"This is gonna hurt me more than it hurts you"""
3775,2341,10,38,200,248,1.2338709677419355,0.03243308274267422,639,"I beseech thee - less gel, more conditioner!"
2,2344,9,29,163,201,1.2338308457711442,0.03665420986347038,639,I used  thick  #10 hair spray so you can slide down.
13,2345,10,34,187,231,1.2337662337662338,0.03398846788423538,639,"Rapunzel, Rapunzel, let's not split hairs over who goes first"
3300,2345,11,32,188,231,1.2337662337662338,0.03453779762842566,639,"Rapunzel, Rapunzel, haul me up by my hair. I'm tired of waiting for you to let yours down."
3898,2347,8,34,172,214,1.233644859813084,0.03452027331371376,639,I can give you my hairdresser's info.
3188,2348,11,35,198,244,1.2336065573770492,0.03328381928425589,639,"I don't know, my mother's father is bald."
3872,2348,12,33,199,244,1.2336065573770492,0.03378674280792266,639,"Make haste! Tomorrow I'm getting it washed."""
218,2348,8,41,195,244,1.2336065573770492,0.03172725225861634,639,And you need a hair extension why?
2434,2351,11,31,185,227,1.2334801762114538,0.03493885196299396,639,Get on it quick! Hair today gone tomorrow?
4247,2352,10,40,207,257,1.2334630350194553,0.03167085719085546,639,I am not sure if I am comfortable with the feminist approach to this....
278,2353,15,29,209,253,1.233201581027668,0.03435318882247371,639,HAIR YOU GO COMB ON DOWN !
2086,2354,14,24,185,223,1.2331838565022422,0.03702748453779014,639,"What can I say? I lost the House, so...you pull me up this time."
1766,2355,10,42,214,266,1.2330827067669172,0.030956032636563546,639,"Symbolically, it just makes more sense."
1241,2356,9,37,190,236,1.2330508474576272,0.03294155600954754,639,Let’s try you letting down your hair.
4271,2356,11,33,192,236,1.2330508474576272,0.034018673779293,639,"Rapunzel, Rapunzel, leggo me 'air!"
3072,2356,7,41,188,236,1.2330508474576272,0.03182800746132811,639,"'But it's more than a man bun, I think of it as my personal flexible hair-based escape aid.'"
494,2359,7,44,198,249,1.2329317269076305,0.03077621077423885,639,"I spent a fortune on hair gel, but you're worth every penny."
784,2360,13,28,191,232,1.2327586206896552,0.03547153060633943,639,"Thanks, I'll call you."
718,2360,12,30,190,232,1.2327586206896552,0.03494152945593868,639,It’s called ‘gel’.
4118,2360,11,32,189,232,1.2327586206896552,0.03440336433961055,639,It's my best natural extension but the hemp is very popular too.
3132,2360,7,40,185,232,1.2327586206896552,0.032160775278886077,639,I know it's long enough! But I think I'm supposed to be up there & you down here!
2240,2360,8,38,186,232,1.2327586206896552,0.03273582852739875,639,I told you the contrete hair gel would work
1343,2360,10,34,188,232,1.2327586206896552,0.03385664595094651,639,Bet the comb-over isn't so funny now!
216,2366,11,35,199,245,1.2326530612244897,0.033161399437949546,639,"Rapunzel, Rapunzel, give me my hair"
440,2366,11,35,199,245,1.2326530612244897,0.033161399437949546,639,#You too?
4223,2368,11,28,176,215,1.2325581395348837,0.036223632541690906,639,You need to use more conditioner.
4142,2368,10,30,175,215,1.2325581395348837,0.035618573011666724,639,Does your dowry include scissors?
980,2370,9,35,184,228,1.2324561403508771,0.03367162307961159,639,"No worries, the significance of gravity is greatly diminished given new market conditions..."
3271,2370,4,45,179,228,1.2324561403508771,0.030668614045944457,639,"No, I haven't seen your scrunchie."
3664,2372,13,30,198,241,1.2323651452282158,0.034535935507976796,639,"Fear not fair damsel, for I am Leznupar!"
1097,2372,11,34,196,241,1.2323651452282158,0.033519763546129754,639,If you didn’t get a haircut we would be out of here a couple of hours ago
1373,2372,8,40,193,241,1.2323651452282158,0.03193493554642665,639,Would you be willing to come down?
2769,2375,13,33,208,254,1.2322834645669292,0.033308360555953306,639,"You have no idea how much hair gel it takes to get this look..."""
1109,2376,8,33,170,211,1.2322274881516588,0.03478692048845274,639,Maybe we should try switching this up a bit.
2132,2377,9,34,181,224,1.2321428571428572,0.03405414403429193,639,"No, no. This'll work. Just tie it on to your hair and slide down."
1769,2377,7,38,179,224,1.2321428571428572,0.032857386568463626,639,Do you know how to tie a bowline?
323,2377,10,32,182,224,1.2321428571428572,0.03463702012020844,639,"Just a light trim, please!"
2639,2377,7,38,179,224,1.2321428571428572,0.032857386568463626,639,You're not going anywhere!!
3829,2377,9,34,181,224,1.2321428571428572,0.03405414403429193,639,Yep. You definitely have nits.
149,2377,7,38,179,224,1.2321428571428572,0.032857386568463626,639,There's enough product in there for you to slide down.
2575,2377,11,30,183,224,1.2321428571428572,0.035210248503910725,639,We're going to have to break up.  I can't afford the hair gel.
1005,2384,12,31,194,237,1.2320675105485233,0.03441262602599298,639,"The carpet deos not match the drapes, I promise."
2173,2384,8,39,190,237,1.2320675105485233,0.032267599955101436,639,Hey  lady. You wrote the note.
3298,2386,11,36,203,250,1.232,0.032695258366905657,639,"Careful, it’s slippery."
3856,2386,10,38,202,250,1.232,0.03220017710545223,639,Split ends? Now you're just splitting hairs.
2332,2386,16,26,208,250,1.232,0.03506597339244754,639,Is this what you meant by #MeToo?
2829,2389,5,41,174,220,1.231818181818182,0.031948378586368016,639,I would’ve preferred a ladder.
2077,2390,10,34,189,233,1.2317596566523605,0.033725823273608825,639,I'd like to submit a caption but I'm afraid it would be repundant.
2523,2390,14,26,193,233,1.2317596566523605,0.03585283569920929,639,You never let up....
2443,2390,11,32,190,233,1.2317596566523605,0.034269955114219874,639,It began growing when I stated taking the ED medication.
1319,2390,13,28,192,233,1.2317596566523605,0.03533308873600701,639,"So when the humidity rolls in, my curls will shoot me straight up to you."
1070,2390,9,36,188,233,1.2317596566523605,0.033172767256210996,639,Let's do an inch off the bottom...and I've always wondered how I'd look with bangs.
917,2390,9,36,188,233,1.2317596566523605,0.033172767256210996,639,I guess I let my comb-over get out of control.
3450,2396,11,38,210,259,1.2316602316602316,0.03192383460320894,639,I told him ‘easy on the product’.
975,2396,12,36,211,259,1.2316602316602316,0.03238921854971871,639,"Tie it off, but bring scissors when you come down."
603,2398,11,28,177,216,1.2314814814814814,0.036071612046714885,639,I still struggle with the cowlick. Any advice?
1894,2399,13,27,189,229,1.2314410480349345,0.035750917496713615,639,Why did you go first?
3022,2399,8,37,184,229,1.2314410480349345,0.032963635263607745,639,"Everybody says I should cut it, but sometimes it comes in handy."
4546,2399,9,35,185,229,1.2314410480349345,0.033539627609815464,639,We're lucky I'm having a bad hair day today.
2293,2402,10,36,196,242,1.2314049586776858,0.03287732333277693,639,Careful on the split ends.
2088,2402,9,38,195,242,1.2314049586776858,0.032351599847972305,639,Just braid it!
3253,2402,8,40,194,242,1.2314049586776858,0.031817190886668255,639,I swear it's not a toupee.  Pull it!
4429,2402,8,40,194,242,1.2314049586776858,0.031817190886668255,639,"Thanks, it’s so hard to get to those out of reach tangles"
2356,2406,6,34,159,199,1.2311557788944723,0.03467193231540598,639,"OK, the prince sent you; but couldn't he have given you a ladder?"
2532,2407,7,38,180,225,1.231111111111111,0.032727294995805935,639,What do you think--crown braid or messy bun?
1818,2407,10,32,183,225,1.231111111111111,0.034498165991688944,639,Are you sure you read the instructions?
2347,2407,8,36,181,225,1.231111111111111,0.033328041908054606,639,Stop! You’re making my hair stand on end!
660,2407,11,30,184,225,1.231111111111111,0.03506858988429194,639,I have traveled far to get your opinion on conditioners
2129,2411,11,33,194,238,1.23109243697479,0.03376049281101897,639,A little off the top would get rid of those split ends!
461,2411,12,31,195,238,1.23109243697479,0.0342815999583726,639,Supporting a princess's right to let down her own hair or take his.
2528,2411,13,29,196,238,1.23109243697479,0.034794903600511976,639,"It's the new Rogaine — pretty good results, eh . . . ?"
3711,2411,13,29,196,238,1.23109243697479,0.034794903600511976,639,Good call with the hair spray! I’ll slide right down.
2860,2411,6,43,189,238,1.23109243697479,0.031023938668836355,639,I thought I'd 'let up' MY hair for a change...
761,2416,6,36,166,208,1.2307692307692308,0.0337085476761223,639,Is Rapunzel home?
3959,2416,14,26,194,234,1.2307692307692308,0.035713025992889336,639,It looks like a hairline fracture.
3966,2416,8,35,178,221,1.2307692307692308,0.033704125923896856,639,I read that reversing gender norms would help save you from the patriarchy.
1025,2416,8,35,178,221,1.2307692307692308,0.033704125923896856,639,"Now, just do a reverse wrap braid and start climbing down."
1814,2420,10,39,207,256,1.23046875,0.03165239545954154,639,What do you mean it's not what I expected? They're extensions.
619,2421,7,42,194,243,1.2304526748971194,0.031159242308110513,639,Hurts doesn't it?
822,2421,10,36,197,243,1.2304526748971194,0.0327555916795324,639,"It's called ""a reverse bob."""
3305,2423,13,27,190,230,1.2304347826086957,0.035609359929061016,639,I don't even know your last name.
2256,2423,14,25,191,230,1.2304347826086957,0.03613860532440128,639,Lean in!
2717,2423,10,33,187,230,1.2304347826086957,0.0339721897123387,639,3.	“I really killed it at the royal mullet contest.”
3658,2423,6,41,183,230,1.2304347826086957,0.031657867156670856,639,Some of these fractured fairytale s just don't work.
4115,2423,13,27,190,230,1.2304347826086957,0.035609359929061016,639,"Stop upbraiding me, I'm returning the slippers I borrowed."
1807,2428,12,26,179,217,1.2304147465437787,0.03650994724044132,639,"I’m not only president, I’m also a member!"
3227,2428,16,18,183,217,1.2304147465437787,0.038776975610950344,639,Let's trade places.
4238,2430,7,33,164,204,1.2303921568627452,0.034806931384570444,639,We really ought to get the witch some help for her dyslexia
522,2431,8,39,192,239,1.2301255230125523,0.032026339826951744,639,"Rapunzel, let down your flex hold gel."
1517,2431,7,41,191,239,1.2301255230125523,0.031472621991084,639,There’s a reason we’re not together.
1700,2431,11,33,195,239,1.2301255230125523,0.03363284058572202,639,"RAPUNZEL, YOU NEVER LET UP!!"
3269,2434,10,32,184,226,1.2300884955752212,0.03436040065737118,639,Do you know you've got split ends?
2690,2434,12,28,186,226,1.2300884955752212,0.035486615319935265,639,That's right...my name is Leznupar.
2502,2434,9,34,183,226,1.2300884955752212,0.033783217232378544,639,Now pull me up so I can put it back in a man ban!
158,2434,10,32,184,226,1.2300884955752212,0.03436040065737118,639,"Not so hard, baby! Your coif may be magic, but this one's a weave."
3720,2438,10,29,174,213,1.2300469483568075,0.035754803313915055,639,"Just drop it Hermelda, it's not going to work out.  But we can still be friends"""
1431,2438,9,31,173,213,1.2300469483568075,0.035129973774088635,639,"I would have been here sooner, but it grows ever so slowly."
3397,2440,15,30,216,261,1.2298850574712643,0.03351121778646724,639,I was going for a Conan O'Brien look.
1504,2441,12,33,203,248,1.2298387096774193,0.033293387919957416,639,"Kids, do not try this trick at home."
312,2441,9,39,200,248,1.2298387096774193,0.03178836407519328,639,"Rapunzel, Rapunzel! Pull up my hair!"
488,2443,7,40,188,235,1.2297872340425533,0.03179525371763752,639,Thank goodness for the comb over.
1970,2444,12,27,183,222,1.2297297297297298,0.03591481179691588,639,I refuse to be rescued by someone with better hair than me!
1197,2444,11,29,182,222,1.2297297297297298,0.035342735600980134,639,I never said retying my man bun would be easy.
3465,2446,10,28,171,209,1.229665071770335,0.03620274150818555,639,"Your hair !!!!, Why have you cut your hair !!!!"
3458,2447,12,32,200,244,1.2295081967213115,0.03365247470686344,639,They call it gel....
657,2447,9,38,197,244,1.2295081967213115,0.032113781521816376,639,I think I used too much mousse.
2344,2447,10,36,198,244,1.2295081967213115,0.03263474110595432,639,It's solid - I was in an Elvis contest.
4506,2450,10,33,188,231,1.2294372294372293,0.03383951085096444,639,"Rapunzel, Rapunzel, you simply must tell me who does your hair."
3555,2450,6,41,184,231,1.2294372294372293,0.031536303382213304,639,Something’s different this time...
3906,2450,8,37,186,231,1.2294372294372293,0.03270818648020354,639,"The name is Leznupar, known to be Rapunzel in reverse."
3357,2450,11,31,189,231,1.2294372294372293,0.034391219962905145,639,I just washed my hair--are your hands clean?
3529,2450,6,41,184,231,1.2294372294372293,0.031536303382213304,639,I love it when you do that to me!
701,2450,8,37,186,231,1.2294372294372293,0.03270818648020354,639,I told you the jojoba oil would work!
2540,2450,9,35,187,231,1.2294372294372293,0.03327865650425441,639,Hair up. Hair down. My place next time.
2056,2457,8,34,176,218,1.2293577981651376,0.03395220916092224,639,It looks like I have been reverse engineered into this fairy tale.
2339,2457,9,32,177,218,1.2293577981651376,0.03456921234353857,639,I bought it from this nice troll under a bridge.
3499,2457,13,24,181,218,1.2293577981651376,0.03693429548042374,639,Well! A little dab will DO you!
1231,2460,13,35,218,266,1.2293233082706767,0.03218334794179059,639,"Honestly, tell me, do you like me for me or is it something else?"
2021,2461,6,46,201,253,1.2292490118577075,0.029822539445296423,639,"I know we've had communication issues, but this is ridiculous"
1597,2462,9,37,194,240,1.2291666666666667,0.032448820697640095,639,Good thing you're open!  I want to perm my hair for a new look.
4448,2463,9,34,184,227,1.2290748898678414,0.03364933291590484,639,Can you pull me up and then put it into a messy man bun for me?
2441,2463,11,30,186,227,1.2290748898678414,0.0347886084154547,639,Technically you will be sliding up
796,2465,8,33,173,214,1.2289719626168225,0.03434908873823968,639,This could hurt.  Can't you just beam me up?
3066,2465,9,31,174,214,1.2289719626168225,0.034981950576353615,639,I think we're going to need more than product to get you out of there....
3278,2465,10,29,175,214,1.2289719626168225,0.03560356492130289,639,"May I, m'love, suggest another use for my comb-over."
4513,2465,9,31,174,214,1.2289719626168225,0.034981950576353615,639,"There always something about you, Mary."
3116,2469,11,35,203,249,1.2289156626506024,0.03268043558081563,639,You know I’m a Renaissance man.  I share the load.
4440,2470,10,34,192,236,1.228813559322034,0.03333924127742538,639,"It's extra strong hold, but it's slippery so hold on tight."
387,2470,9,36,191,236,1.228813559322034,0.032793947341978893,639,I won’t fall for you!
2658,2470,10,34,192,236,1.228813559322034,0.03333924127742538,639,"Hurry up, I'm almost 40."
2965,2470,13,28,195,236,1.228813559322034,0.03492407606526025,639,Thank goodness you're so good at making it harder.
1656,2474,9,33,181,223,1.2286995515695067,0.034031884590582345,639,"Sorry, My Lady.  All I heard was 'extension'."""
604,2474,11,29,183,223,1.2286995515695067,0.03519896952842554,639,"No, I'm not going to scale the wall while you hang on to my hair."
2289,2476,14,31,213,258,1.2286821705426356,0.033295853798355146,639,Just a little more hairspray and you'll make it!
3733,2477,12,32,201,245,1.2285714285714286,0.033527925373626755,639,I was told you do perms.
2210,2477,7,34,169,210,1.2285714285714286,0.03409760808227742,639,"The stylist told me an ""up-do"" was ""hep."""
3905,2479,12,37,218,267,1.2284644194756553,0.031632052184593036,639,"Its safe to use it as an escape slide, I used lots of ""product""."
246,2480,7,39,186,232,1.228448275862069,0.03200409123629575,639,Please help - ivory towers are the only safe places left.
515,2480,11,31,190,232,1.228448275862069,0.03425693896433421,639,You have split ends!
3430,2480,12,29,191,232,1.228448275862069,0.03479736872297047,639,Do I have any hangups?
4375,2480,6,41,185,232,1.228448275862069,0.03141564662751506,639,Haven't you had a bad hair day before?
4411,2480,11,31,190,232,1.228448275862069,0.03425693896433421,639,It’s a New Wave rescue.
605,2485,9,32,178,219,1.2283105022831051,0.034426933507044115,639,"Sorry, yeah, I did forget about gravity."
1720,2485,10,30,179,219,1.2283105022831051,0.03503006688517366,639,"U i evol,leznupaR"
4018,2485,11,28,180,219,1.2283105022831051,0.0356229900662626,639,"Rapunzel, Rapunzel, let down my hair so I can make a man-bun!"
3891,2488,8,39,194,241,1.2282157676348548,0.03178858367739015,639,"When you told me that you have enough to take me away from all of this, I didn’t think you were talking about your hair."
112,2488,10,35,196,241,1.2282157676348548,0.03285833753306943,639,Now do you think the multiverse theory is true?
3088,2488,8,39,194,241,1.2282157676348548,0.03178858367739015,639,I was trying to grow a ladder but this was the best I could do on short notice.
2409,2491,8,31,167,206,1.2281553398058251,0.03518386434748353,639,"Me, too, Rapunzel"
1119,2491,8,31,167,206,1.2281553398058251,0.03518386434748353,639,I didn't do all of this just for you to complain about my split ends.
1496,2493,8,44,211,263,1.2281368821292775,0.030071603292652196,639,It's a perm.
504,2494,8,36,184,228,1.2280701754385965,0.0329349652255391,639,It's called hair product. You can slide right down!
621,2494,10,32,186,228,1.2280701754385965,0.03408808677139275,639,The difference is I use styling mousse not hair softener.
2725,2494,11,30,187,228,1.2280701754385965,0.0346502600624767,639,Okay Rapunzell.  If you wont let down your hair then pull me up.
4433,2494,11,30,187,228,1.2280701754385965,0.0346502600624767,639,The Airbnb requirement said it needed to be at least 20 feet long
3620,2498,9,39,202,250,1.228,0.031560231190076615,639,This is our most cost effective residential fibre optic offer.
339,2499,6,37,172,215,1.2279069767441861,0.03291019642750026,639,Yep! You definitely have split ends!
952,2499,10,29,176,215,1.2279069767441861,0.03545357913397057,639,I tried using the conditioner this time.
392,2501,13,28,196,237,1.2278481012658229,0.03478980377157045,639,If you want I could switch places with you.
1563,2501,7,40,190,237,1.2278481012658229,0.03155604873476393,639,I thought it was time for a little role-reversal...
2036,2501,10,34,193,237,1.2278481012658229,0.033212306892289,639,Don’t change a hair for me.
2794,2504,9,41,209,259,1.2277992277992278,0.030841229396122254,639,'You mean the split ends are a turn off ?
354,2505,9,28,165,202,1.2277227722772277,0.03630810814663187,639,Well that's my man bun
2919,2505,6,34,162,202,1.2277227722772277,0.03421261091411327,639,Looks like physics wasn’t one of your electives.
1931,2507,14,28,204,246,1.2276422764227641,0.03438333771947485,639,I'm all for up-ending gender norms.
1812,2507,12,32,202,246,1.2276422764227641,0.03340427969755642,639,"I know it defies all earthly logic, it’s Trump’s gel.  But it’ll hold!"
1105,2507,9,38,199,246,1.2276422764227641,0.03187936458250474,639,Do you want the  Marge Simpson hairdo?
303,2510,9,30,172,211,1.2274881516587677,0.035257241700291535,639,See if you can braid it into treadlocks.
374,2510,12,24,175,211,1.2274881516587677,0.03712792354004431,639,You expect me to climb down this?
1574,2510,7,34,170,211,1.2274881516587677,0.03395290880407318,639,I knew this cowlick would be perfect.
4287,2513,9,35,189,233,1.2274678111587982,0.03302163769001762,639,"I didn't have time to wash it, I've been in Florida working the recount."
412,2513,11,31,191,233,1.2274678111587982,0.03412368520290112,639,Cut my hair? I'm waiting till marriage
687,2513,11,31,191,233,1.2274678111587982,0.03412368520290112,639,Can I come up or do you want to come down?
2313,2513,15,23,195,233,1.2274678111587982,0.03622734552818484,639,I don’t think it matches my drapes.
3106,2513,6,41,186,233,1.2274678111587982,0.03129588713532405,639,"For with none other, m’lady, do I so gel."
3352,2513,7,39,187,233,1.2274678111587982,0.03188151846501185,639,YOU'VE GOT SOME UPDRAFT  HERE!
2874,2519,7,41,194,242,1.2272727272727273,0.031124903931273047,639,Herbalife made it happen. Ask me how.
1599,2519,10,35,197,242,1.2272727272727273,0.03273586374520894,639,It's full of hair clips.... I'll bleed to death on the way down!
1463,2519,10,35,197,242,1.2272727272727273,0.03273586374520894,639,"Some people say I am overcompensating for other, um, shortfalls, but all that is perfectly fine, believe me."
1290,2519,12,31,199,242,1.2272727272727273,0.03376716643063433,639,"Whoa, this is all wrong!"
3587,2519,7,41,194,242,1.2272727272727273,0.031124903931273047,639,I discovered this great gel.  You're safe to slide down.
1264,2519,8,44,212,264,1.2272727272727273,0.029969940283494305,639,I guess it was a good idea to try the 'up-do' after all.
3108,2525,11,30,188,229,1.2270742358078603,0.034512989941734816,639,I told you it would unravel Donald!
314,2526,10,39,211,260,1.226923076923077,0.031214296732205372,639,Split ends? I'd rather stay up here for eternity.
913,2527,9,31,176,216,1.2268518518518519,0.034689548221301506,639,My hair-raising encounter with the witch resulted in a shellacking.
430,2528,8,40,199,247,1.2267206477732793,0.03124098072001974,639,I’d really like to be in any other fairy tale. Can I speak to HR?
1458,2529,8,35,182,225,1.2266666666666666,0.033166247903554,639,Do you have any conditioner?
2270,2529,11,29,185,225,1.2266666666666666,0.03491486243775878,639,"Rapunzel, Rapunzel, I’m confused about my gender identity."
2710,2529,9,33,183,225,1.2266666666666666,0.033759184523364,639,"Yeah, I have some hair gel... why do you ask?"
3374,2529,7,37,181,225,1.2266666666666666,0.03256251618529287,639,Wait!  Wait!  Let's talk this through one more time!
3025,2533,5,36,162,203,1.2266009852216748,0.03333850258729071,639,Pull me up.  It's revisionist fairy tale hair growth.
3546,2533,7,32,164,203,1.2266009852216748,0.03477071260767667,639,"So, I'm thinking a bit too much hair spray."
3584,2533,10,26,167,203,1.2266009852216748,0.036814705023535496,639,You would not believe how much gel this took
792,2536,8,37,189,234,1.2264957264957266,0.03233220008012634,639,"Come on, it’ll work!"
3130,2536,9,35,190,234,1.2264957264957266,0.03289458317317972,639,"Get Ready, one, two, three, PULL!"
3433,2536,11,31,192,234,1.2264957264957266,0.03399144719439099,639,"you are going to
be fine. i used crazy glue on it"
2428,2539,7,34,171,212,1.2264150943396226,0.033809406921985384,639,"Rapunzel, honey, would you pull me up already?"
3995,2539,6,48,211,265,1.2264150943396226,0.02889599415607474,639,It better work. I used the strongest gel on the market!
2115,2541,10,35,198,243,1.2263374485596708,0.03261428315406415,639,Is thouest up for the old switcheroo?
3314,2541,8,39,196,243,1.2263374485596708,0.03155425796327653,639,"Rapunzel, Rapunzel, send down your detangler."
1366,2541,13,29,201,243,1.2263374485596708,0.03414266935542944,639,OMG tell me this is a hair extension.
1159,2541,8,39,196,243,1.2263374485596708,0.03155425796327653,639,But do we have enough in common?
553,2545,11,28,182,221,1.2262443438914028,0.0353299610207932,639,All I know is it has something to do with Title IX.
1124,2545,9,32,180,221,1.2262443438914028,0.03414579732887786,639,I was looking for a new stylist and you came highly recommended.
4382,2547,9,39,204,252,1.2261904761904763,0.031335284650733944,639,These final rehearsals never start well...
651,2548,11,30,189,230,1.2260869565217392,0.034376785767066105,639,"Go ahead, it's safe . . . I used a whole tube of Got2b glued."
688,2548,6,40,184,230,1.2260869565217392,0.03149447568221478,639,I hope I put enough gel in it
3514,2548,13,26,191,230,1.2260869565217392,0.035464178548862725,639,You want me to climb on a Trump Vine?  Do I look that desperate!
1275,2551,11,37,213,261,1.2260536398467432,0.0315768037732085,639,"Rapunzel, Rapunzel...quit teasing me."
1222,2552,8,31,169,208,1.2259615384615385,0.03487908710805592,639,"Maybe y7ou've heard of me? I'm Rapunzelot."""
559,2553,5,44,190,239,1.2259414225941423,0.03017685269175265,639,"Based on Rapunzel and on the laws of physics, I think we're doing this wrong."
596,2553,10,34,195,239,1.2259414225941423,0.03296126479624828,639,I told you it was too much mousse!
1954,2553,6,42,191,239,1.2259414225941423,0.030753909444125482,639,Talk about role reversals!
4224,2553,6,42,191,239,1.2259414225941423,0.030753909444125482,639,"They're extensions but still under warranty."""
685,2557,10,29,178,217,1.2258064516129032,0.03515730500987565,639,I told you I'd find a way -- tie it to something and climb down
4391,2557,8,33,176,217,1.2258064516129032,0.03392192949319383,639,good thing I didn't take 6 inches off the top
700,2557,6,30,150,186,1.2258064516129032,0.03596800583214693,639,Should I wear my hair up or down for the wedding?
679,2557,8,40,200,248,1.2258064516129032,0.031128181319956046,639,My barber died.
1419,2561,11,29,186,226,1.2256637168141593,0.03477449489823387,639,Hair straightener and a volumizing shampoo.
4499,2561,9,33,184,226,1.2256637168141593,0.03362443697517184,639,"I'm sorry, but it took awhile to grow it out."
2724,2561,10,31,185,226,1.2256637168141593,0.034204299856338216,639,It looks nicer when it is parted in the middle.
1087,2564,7,39,189,235,1.225531914893617,0.03163910665367285,639,What did you think it was?
416,2564,8,37,190,235,1.225531914893617,0.03220874600133778,639,What it lacks in style it makes up for in strength.
74,2564,7,39,189,235,1.225531914893617,0.03163910665367285,639,Sorry. Our volunteer fire department has had some cutbacks.
728,2564,9,35,191,235,1.225531914893617,0.03276848437317324,639,This time I used a shitload of gel.
4548,2568,9,28,167,204,1.2254901960784315,0.03598574304917061,639,"Leznuper, Leznuper, let go of my hair."
3715,2569,9,37,198,244,1.2254098360655739,0.03197032662744644,639,"Eugene, Eugene let up your hair!"
3895,2569,9,37,198,244,1.2254098360655739,0.03197032662744644,639,"Keep pulling.  We gotta hurry, your dad will be home soon"""
3939,2569,12,31,201,244,1.2254098360655739,0.03351560643835555,639,It's grey! Do you have a younger brother?
2161,2572,11,26,176,213,1.2253521126760563,0.03620271300718061,639,You must do something about these split ends!
2608,2573,11,35,207,253,1.225296442687747,0.032212986470947974,639,Just take a little off the bottom.
573,2574,9,32,181,222,1.2252252252252251,0.034006913339500976,639,Wait! That's not my real hair! I'm wearing extensions!
2910,2574,7,36,179,222,1.2252252252252251,0.03278628770669425,639,"Repunzel, gravity will not be working in our favor, I fear."
4207,2576,18,23,221,262,1.2251908396946565,0.034568190456495784,639,Sorry... not enough room here for us both.
686,2577,5,42,184,231,1.225108225108225,0.030767328478146158,639,i'm just here to borrow your scissors
283,2577,11,30,190,231,1.225108225108225,0.034241635432736804,639,". . . then you . . . slide down to . . . me.  Umm, wait a minute.  Something's goofed-up here."
3869,2577,9,34,188,231,1.225108225108225,0.033124048141790964,639,"You said we always go to my place. I’m willing to compromise, babe."
3591,2580,9,27,164,200,1.225,0.036448835206899254,639,"Oh no, Rapunzel! When I said “Let your hair down,” I expected you would leave it attached to your head."
1216,2581,7,35,176,218,1.224770642201835,0.03315019472889043,639,Consider it as an exercise in gender equality.
2127,2582,9,33,185,227,1.224669603524229,0.033490741486513056,639,"What, you were hoping for a blue wave?"
3962,2582,8,35,184,227,1.224669603524229,0.032903570177371666,639,You need more conditioner.
268,2584,16,21,199,236,1.2245762711864407,0.03630456216249261,639,Pictured is the first receipt printed by CVS.
2123,2584,11,31,194,236,1.2245762711864407,0.03372997332315564,639,It's not the way they did it in the version of Rapunzel that I'm familiar with.
1079,2586,9,37,199,245,1.2244897959183674,0.03185285812136796,639,Seriously...a man-bun !
1685,2586,12,31,202,245,1.2244897959183674,0.033391205227707485,639,"I'm sorry, but they were out of viagra"
3735,2586,9,37,199,245,1.2244897959183674,0.03185285812136796,639,See: No split ends!
3005,2589,8,30,167,205,1.224390243902439,0.03515289035278801,639,"I'll climb, but cut me some slack."
1565,2590,9,30,175,214,1.2242990654205608,0.03481009136809453,639,I asked him to take a little off the top...
4344,2591,12,26,185,223,1.2242152466367713,0.035613420400233305,639,My mousse awaits.
4555,2591,5,40,178,223,1.2242152466367713,0.03139302004963292,639,"Rapunzel, how would you like to become the next Madame de Pompadour?"
2922,2593,10,32,190,232,1.2241379310344827,0.033555988972479446,639,"As long as I don't bend my neck, you'll be OK"
1796,2593,12,28,192,232,1.2241379310344827,0.034650287179093485,639,Remember to pull with you back
3242,2593,11,30,191,232,1.2241379310344827,0.03410752701028626,639,"Naturally, they both swiped right"
874,2596,12,30,199,241,1.2240663900414939,0.0337543642323929,639,What did you think would happen?  Jump.
2696,2596,9,36,196,241,1.2240663900414939,0.03218109172944603,639,"The other way wasn't working, so I used Aquanet.  Just try it."
3894,2596,12,30,199,241,1.2240663900414939,0.0337543642323929,639,See? Escape route disguised as a man bun!
2773,2599,12,32,206,250,1.224,0.03291854374191473,639,You don’t listen to me!
1518,2600,10,40,218,268,1.2238805970149254,0.030500502910252247,639,Don’t worry I used the super hold hair spray!
4486,2600,5,35,161,201,1.2238805970149254,0.03342972622354695,639,You’re in for some stiff competition
3948,2602,6,39,183,228,1.2236842105263157,0.03157266727877912,639,Small world! Reminds me so much of a fairy tale I once read.
4104,2603,10,33,194,237,1.2236286919831223,0.03306433672986348,639,"Come back next week,Game if Thrones is on."
798,2603,11,31,195,237,1.2236286919831223,0.033600715307436475,639,"You wouldn't let down your hair, so I asked for an up-do! Prithee, come down this instant, Rapunzel."
281,2603,10,33,194,237,1.2236286919831223,0.03306433672986348,639,This is how long you're supposed to grow it.
3779,2606,6,43,197,246,1.2235772357723578,0.03012700620615028,639,"No, don’t try to pull me up, just slide down !"
1083,2606,18,19,209,246,1.2235772357723578,0.0361364714195881,639,Donald Trump recommended you
4380,2608,12,33,210,255,1.223529411764706,0.03246328397885142,639,It don't know how to break it to you. I started seeing Harry.
3422,2608,10,37,208,255,1.223529411764706,0.03149774310061723,639,"Yes my dear, you could use a little conditioner."
1186,2610,10,26,170,206,1.2233009708737863,0.03632677074537807,639,"Okay, now before you come down let's figure out the physics of this."
3457,2611,9,30,176,215,1.2232558139534884,0.03466350835944196,639,"Ok, I’ll get my roots done and give it another go next week!"
400,2612,8,34,182,224,1.2232142857142858,0.03313366324963844,639,I never cared much for this part.
1162,2612,9,32,183,224,1.2232142857142858,0.03373244843233092,639,Fake mousse!
3001,2612,7,36,181,224,1.2232142857142858,0.03252385591286829,639,"Alright, maybe I overdid it with the hair gel."
3343,2615,10,32,191,233,1.2231759656652361,0.03342550672028863,639,With how long it took you to get ready I thought of a different escape route.
3111,2615,9,34,190,233,1.2231759656652361,0.03286739769832881,639,Methinks this hipster thing has gone too far.
4316,2615,12,28,193,233,1.2231759656652361,0.03451466116889981,639,Be careful! It’s a bad hair day.
4434,2618,9,36,197,242,1.2231404958677685,0.032061208335320016,639,"Madame Pompadour, I presume."
4372,2618,13,28,201,242,1.2231404958677685,0.034133423314096974,639,You should shampoo.
1331,2620,12,34,214,260,1.2230769230769232,0.0320244417862157,639,Trump signed another executive order so now we all have to get combovers.
1853,2620,7,44,209,260,1.2230769230769232,0.02961527854366002,639,Pardon my dragon lick.
611,2622,11,27,182,220,1.2227272727272727,0.03531462208385884,639,"I’m the one sliding down, not dragging you up"
2277,2622,7,35,178,220,1.2227272727272727,0.032879758686239324,639,I guess there is something to be said for traditional sex roles after all.
3573,2624,8,35,186,229,1.222707423580786,0.03264494148879638,639,Split Ends?...I'll give you split ends.
4525,2624,12,27,190,229,1.222707423580786,0.03491294439686614,639,Can you fix my weave?
4504,2624,9,33,187,229,1.222707423580786,0.03322645896299922,639,"Um, on second thought, what don’t you just shimmy down the tower and I’ll catch you."
25,2627,13,27,198,238,1.2226890756302522,0.03451547373312278,639,"I only wanted a hair of the dog that bit me.  Instead, I got the President's hair wall of worry."
1088,2627,10,33,195,238,1.2226890756302522,0.03293852249923792,639,How is it that I get cursed but YOU get the hair?
304,2627,8,37,193,238,1.2226890756302522,0.03184386632786202,639,The video was in Swedish. I don't know how the story goes..
4159,2630,8,43,214,265,1.2226415094339622,0.02973682711936288,639,I think we need to review this scene.
3695,2631,9,34,191,234,1.2222222222222223,0.03274053171102558,639,Plot twist! Sponsored by Rapunzel's Hair Gel.
2665,2631,10,32,192,234,1.2222222222222223,0.033296018633413034,639,"Sorry, they only gel they had was “gentle hold”."
3955,2631,7,36,182,225,1.2222222222222223,0.03239417719358501,639,Quick -- before the hair gel melts!
4501,2631,7,34,175,216,1.2222222222222223,0.03324708911809121,639,"When you're done stroking, climb on."
3144,2631,14,24,196,234,1.2222222222222223,0.03543098386017885,639,Why don't I borrow the catapult.
2970,2631,11,32,200,243,1.2222222222222223,0.03298976084556469,639,now you can climb down because I've let up my hair.
2666,2631,7,38,189,234,1.2222222222222223,0.031600277474870986,639,I got an extra tease at Supercuts.
3377,2631,13,20,174,207,1.2222222222222223,0.03806250422271974,639,My explanation?  Well...have you seen the movie ‘Something About Mary?’
2468,2631,7,36,182,225,1.2222222222222223,0.03239417719358501,639,This new hair gel is da bomb!
3817,2631,7,36,182,225,1.2222222222222223,0.03239417719358501,639,"You see, my darling? I’ve grown."
941,2631,8,38,197,243,1.2222222222222223,0.03140531667706672,639,I came over for a comb over.
181,2631,9,34,191,234,1.2222222222222223,0.03274053171102558,639,Do I have any split ends?
1684,2631,12,32,208,252,1.2222222222222223,0.032680854527279514,639,What am I supposed to do with these split-ends?
627,2644,10,39,217,266,1.2218045112781954,0.03057901857943927,639,I recommend a conditioner and a new stylist.
3405,2645,15,27,215,257,1.2217898832684826,0.03361841527405654,639,"Rapunzel, how do YOU deal with split ends?"
1240,2646,10,35,203,248,1.221774193548387,0.03201945018169338,639,"Watch out! It""s a  hair transplant."""
4385,2646,11,33,204,248,1.221774193548387,0.032525298658252474,639,"I’ll hold your hair, climb up it."
2522,2646,9,37,202,248,1.221774193548387,0.031505480905191216,639,You’ve got a serious split ends problem.
111,2649,13,27,199,239,1.2217573221757323,0.034383381216047885,639,Thanks for the hair extension.
59,2649,7,39,193,239,1.2217573221757323,0.031164945973668652,639,"When you write this up, could I ask for one minor change?"
1444,2651,11,29,190,230,1.2217391304347827,0.03422396453353073,639,My stylist told me this would work.
2694,2651,13,25,192,230,1.2217391304347827,0.03531606304308601,639,"Rapunzel, Rapunzel... you have me by my long hairs."
2930,2653,10,29,182,221,1.2217194570135748,0.034579136967498286,639,"Let go, let go of my hair"
201,2654,5,37,170,212,1.221698113207547,0.0322694425855126,639,"Don't quit pulling, we may have something here."
570,2654,9,29,174,212,1.221698113207547,0.03493078601039322,639,"Let up, will ya!!?"
2510,2656,9,38,206,253,1.2213438735177866,0.031084690269961402,639,"I appreciate the effort, but ..."
4484,2656,11,34,208,253,1.2213438735177866,0.03207798563428522,639,Split ends a relationship.
2732,2656,9,38,206,253,1.2213438735177866,0.031084690269961402,639,I asked for an up updo.
1450,2659,9,36,199,244,1.221311475409836,0.03182405320520245,639,This is not the way this story was written.”
1892,2660,14,24,197,235,1.221276595744681,0.03529256235599612,639,Are you out of your mind?
3527,2660,7,38,190,235,1.221276595744681,0.03147972702706344,639,"If we try, I think we can swing it."
3863,2662,12,26,188,226,1.2212389380530972,0.035181242515340584,639,"Listen, I'm all for gender equality but shouldn't I be up there?"
1056,2662,7,36,183,226,1.2212389380530972,0.03226550776135768,639,"Someday you'll be president, but for now Im cutting you loose."
607,2664,5,38,174,217,1.2211981566820276,0.03179451395952585,639,"Trust me, Honey.  This new product is amazing."
4307,2664,8,32,177,217,1.2211981566820276,0.03374758229039239,639,it doesn't quite work that way
697,2666,10,26,172,208,1.2211538461538463,0.03600849796634856,639,"No, no, we can make this work.  You work on your arm strength and I'll come back in seven more years."
1860,2667,9,37,203,249,1.2208835341365463,0.03139133555658013,639,Mousse call
3050,2667,10,35,204,249,1.2208835341365463,0.031903033758591756,639,You didn't tell me you had lice!
1071,2669,3,45,183,231,1.2207792207792207,0.029341303609444393,639,All the kids are doing it.
1991,2669,8,35,188,231,1.2207792207792207,0.0323902713329716,639,How can you not marry me just because I have split ends?
2063,2669,10,31,190,231,1.2207792207792207,0.033532323343787154,639,You sure you want me to let my hair down?
2463,2669,11,29,191,231,1.2207792207792207,0.034089004455053806,639,I was always embarrassed by my cowlick until now.
4096,2669,10,31,190,231,1.2207792207792207,0.033532323343787154,639,"Forget the nits, just slide down already"
4302,2669,9,33,189,231,1.2207792207792207,0.03296624323346394,639,Only my hairdresser knows for sure.
2609,2675,12,25,185,222,1.2207207207207207,0.03560156539044979,639,I'm a natural blue wave.
1905,2675,8,33,181,222,1.2207207207207207,0.03323270184113946,639,I told you the tar pit hair gel was a mistake.
2232,2677,9,29,175,213,1.2206572769953052,0.03478198171018927,639,They’re just hair extensions; the ‘product’ was my idea.
751,2678,5,33,157,195,1.2205128205128206,0.033916891131751066,639,I'll pull.......you climb
2894,2679,10,36,208,254,1.220472440944882,0.03147271239235706,639,Compatibility is overrated.
2291,2680,8,38,199,245,1.220408163265306,0.031174714380769245,639,Are you sure you wouldn't prefer a kiss?
996,2681,9,34,193,236,1.2203389830508475,0.03248966461125255,639,"Some say I've taken the ""Trump Look"" to an extreme, but as you can see it's quite manageable."
3415,2681,11,30,195,236,1.2203389830508475,0.033581279902997675,639,"Yes, I used your shampoo, now pull me up."
4209,2681,7,38,191,236,1.2203389830508475,0.03136007418964242,639,"Rapunzel,  my man-bun does have a purpose."
3777,2684,4,42,181,227,1.2202643171806167,0.030263608692464035,639,Just for once could you let up on that hair thing!
1621,2684,9,32,186,227,1.2202643171806167,0.03332881914479878,639,No!! that's a Granny Knot!
2488,2684,10,30,187,227,1.2202643171806167,0.03390862752288759,639,"Well, you never questioned using my hair."
3749,2684,10,30,187,227,1.2202643171806167,0.03390862752288759,639,OK so it's a comb-over. That doesn't mean I belong to any particular political party. We can dye it red or blue. Just come down already.
4329,2688,9,30,179,218,1.2201834862385321,0.034230953597209665,639,"From a #MeToo perspective, this is the more prudent approach."
1922,2688,7,34,177,218,1.2201834862385321,0.03297275108150708,639,"No my darling, I didn't read the whole book, I stopped at the hair growing part."
3104,2688,9,30,179,218,1.2201834862385321,0.034230953597209665,639,I use Rogaine.  You should try it.
1393,2688,9,30,179,218,1.2201834862385321,0.034230953597209665,639,Let's think this over again before you jump anywhere.
3330,2692,11,35,213,259,1.22007722007722,0.03153595967780199,639,Did you say slide down?
3028,2693,5,34,161,200,1.22,0.03337016390723875,639,What do you mean I have split ends?
4064,2694,9,35,197,241,1.2199170124481329,0.03203138543968234,639,"Honestly, it's a bit of a let down..."
3370,2694,9,35,197,241,1.2199170124481329,0.03203138543968234,639,Who's Ben Stiller?
1487,2694,7,39,195,241,1.2199170124481329,0.030933046406114138,639,YOU TURNED MY WORLD UPSIDE DOWN
1104,2694,6,41,194,241,1.2199170124481329,0.030368984397761298,639,"Okay, the hard part’s over. I’ve somehow flung my hair up to you. Now, on to the painful part."
3806,2698,9,33,190,232,1.2198275862068966,0.03283763187054386,639,I grew it out this time: you lift ME up.
1094,2699,5,30,147,182,1.2197802197802199,0.0353687699524347,639,You come highly recommended as a stylist for long hair.
2322,2700,8,33,182,223,1.2197309417040358,0.03309814329498025,639,You can slide down.  It's stiff.
41,2700,10,29,184,223,1.2197309417040358,0.03429701702264149,639,"I know what it looks like, but trust me, you shouldn't climb down."
3323,2700,9,31,183,223,1.2197309417040358,0.03370291134476669,639,See! It feels better with conditioner.
650,2703,12,34,218,264,1.2196969696969697,0.03158303089841362,639,Trump's hairdresser said the only way out of this mess is for you to rescue me.
2823,2704,6,35,173,214,1.219626168224299,0.03267892465307664,639,Should we trade places?
3516,2705,9,38,208,255,1.219607843137255,0.030864733695249065,639,"No, No, Rapunzel, let down MY golden hair."
1667,2706,8,29,168,205,1.2195121951219512,0.034963242028586285,639,Hairs your ride!
1742,2706,8,29,168,205,1.2195121951219512,0.034963242028586285,639,"Princess, I know we live in a progressive world but physics have their own limits."
2422,2706,7,31,167,205,1.2195121951219512,0.034272500426692845,639,Thank heavens for hair gel.
2555,2709,6,40,191,237,1.219409282700422,0.030663686962364843,639,I did as you told me. Now how will this new equality help us exactly?
237,2709,12,28,197,237,1.219409282700422,0.033982465078912165,639,"Rapunzel, Rapunzel, let go my golden hair!"
844,2709,9,34,194,237,1.219409282700422,0.03236564251614193,639,I am still not quite clear on what tensile strength has to do with true love.
4171,2712,10,30,188,228,1.219298245614035,0.03377339771958626,639,Yikes!!!.....lice.
4296,2712,11,28,189,228,1.219298245614035,0.03434072300037698,639,Just imagine how hirsute our children would be.
2623,2712,8,34,186,228,1.219298245614035,0.03260915006863599,639,Lola.  What's yours?
274,2712,11,28,189,228,1.219298245614035,0.03434072300037698,639,'You'd think a let-up would be easier than a let-down.'
2554,2712,10,30,188,228,1.219298245614035,0.03377339771958626,639,"Please, Ms. Repunzel. We can talk about this. Just put down the hair."
393,2712,11,28,189,228,1.219298245614035,0.03434072300037698,639,"It's extra strength Never Fail hair gel, so shimmy on down."
1688,2718,8,32,179,219,1.2191780821917808,0.03346903342205919,639,I like it the way it is.
4244,2718,9,30,180,219,1.2191780821917808,0.0340891189896163,639,"Nice perm, but I', still waiting for a prince."
2699,2720,12,31,208,251,1.2191235059760956,0.032663491851626494,639,I tried some new product and got a bit carried away.
2321,2721,10,26,174,210,1.2190476190476192,0.035695673740737593,639,They told me there's a job opening here. . .
2389,2721,9,28,173,210,1.2190476190476192,0.03505157139393447,639,Perhaps we try a man bun trampoline next?
2721,2721,8,30,172,210,1.2190476190476192,0.03439540944025797,639,"Just snip off the split ends, please."
4124,2724,12,29,201,242,1.21900826446281,0.03348482026051302,639,How many cans of Aqua Net did you use?
1309,2724,7,39,196,242,1.21900826446281,0.03081835985018803,639,This feels suspiciously like Rayon
4533,2724,9,35,198,242,1.21900826446281,0.03191169154816075,639,Some call it “Dandruff in Distress”.
1271,2724,10,33,199,242,1.21900826446281,0.0324445439830735,639,I thought for sure you'd grab me by the short hairs.
3030,2724,12,29,201,242,1.21900826446281,0.03348482026051302,639,I just need a trim.
2566,2724,11,31,200,242,1.21900826446281,0.03296878540489818,639,totally trans fairy tale.
2242,2730,7,30,164,201,1.2189054726368158,0.03468700102199673,639,"Not sure, I just followed the directions on the bottle!"
4,2731,9,33,191,233,1.2188841201716738,0.032710003280689216,639,"Rapunzel, Rapunzel, this is not what I meant by an updo!"
672,2731,10,31,192,233,1.2188841201716738,0.03327075266161933,639,"Yup, definitely seeing some split ends."
325,2731,9,33,191,233,1.2188841201716738,0.032710003280689216,639,Do you think its long enough for a combover?
2676,2734,7,42,207,256,1.21875,0.029743078779677763,639,"Slide on down, honey. It's starched!"
1843,2734,3,43,178,224,1.21875,0.029773747110101834,639,Next time we'll try a French twist
1313,2736,10,34,203,247,1.2186234817813766,0.03199332469210481,639,I've let it grow for just this day.
839,2737,9,29,177,215,1.2186046511627906,0.03448808462023708,639,I’m hoping I meet the criteria to live in your castle.
2603,2737,9,29,177,215,1.2186046511627906,0.03448808462023708,639,"On the count of three, I'll whip my hair back and forth."
4235,2737,10,27,178,215,1.2186046511627906,0.03511263009090388,639,Rapunzal! Rapunzal! Uh...right...I...must retreat hither for I fear I dost not think this through.
3500,2740,11,37,222,270,1.2185185185185186,0.03062239486314175,639,Actually I’m just having a bad hair day.
1468,2741,12,28,198,238,1.218487394957983,0.033851935565133565,639,Hold on tight and jump!
1136,2742,8,29,169,206,1.2184466019417475,0.0348094174918136,639,"Like ""Something About Mary"", but it took a whole football team"
1075,2743,11,35,215,261,1.2183908045977012,0.03131646463028265,639,We can't keep seeing each other like this.
2597,2744,7,36,186,229,1.2183406113537119,0.031885441871825654,639,"I think that's enough hair gel, thanks."
2449,2744,10,30,189,229,1.2183406113537119,0.033639225832357796,639,It's a new full-body shampoo.
192,2744,7,36,186,229,1.2183406113537119,0.031885441871825654,639,I think that this is wrong.
919,2744,7,36,186,229,1.2183406113537119,0.031885441871825654,639,"What the..., how the..., huh."
2274,2748,16,23,213,252,1.2182539682539681,0.034433566766122504,639,"Rapunzel, Rapunzel, let down your.......oh, never mind."
1371,2748,12,31,209,252,1.2182539682539681,0.03254523476807933,639,"'There are so many split ends, I'll never make it!"""
1437,2748,12,31,209,252,1.2182539682539681,0.03254523476807933,639,Lice with wings. How else could my hair have gotten up there?
1288,2748,10,35,207,252,1.2182539682539681,0.031558726194914635,639,What's wrong with this story?
525,2752,8,37,198,243,1.2181069958847737,0.03125342663064827,639,Yes I used conditioner- just pull!
2825,2753,10,26,175,211,1.2180094786729858,0.03554126211947773,639,Wouldn't it be easier if you ....?
465,2754,8,35,191,234,1.2179487179487178,0.032015496694938056,639,"""This doesn't look safe."""
1902,2754,12,27,195,234,1.2179487179487178,0.03423042198231357,639,"""I thought it was the other way around."""
4086,2754,9,33,192,234,1.2179487179487178,0.03258334649386871,639,Why is this not the right time to bring up your split ends?
1302,2757,6,37,182,225,1.2177777777777778,0.031600459889940404,639,If  I used enough hair spray you should be able to slide down to me .
4191,2757,9,31,185,225,1.2177777777777778,0.033431073633722136,639,What shampoo do you suggest for my split ends?
2580,2759,12,35,224,271,1.2177121771217712,0.030964404334507006,639,Any ideas on how to deal with theses split ends?
1312,2760,8,31,177,216,1.2175925925925926,0.03371012754561845,639,"Hair your me lend  Rapunzel, Rapunzel"
5,2760,13,21,182,216,1.2175925925925926,0.03676553154548852,639,".riah ruoy nwod tel, Leznuper, Leznuper"
3020,2760,14,19,183,216,1.2175925925925926,0.03734662812033238,639,Repel Zell!
4257,2763,10,37,215,262,1.217557251908397,0.03073567771701744,639,No worries. Quick-crete hair gel.
558,2764,10,25,172,207,1.2173913043478262,0.035984805492843296,639,Sometimes we just can't carry out the same roles.
100,2764,11,28,191,230,1.2173913043478262,0.034068034874929175,639,Can you give me a blue wave?
853,2764,12,31,210,253,1.2173913043478262,0.03242781881989575,639,Wonderful! Just what I was looking for! How much to turn this into a weave?
3884,2764,8,29,170,207,1.2173913043478262,0.03465691844043504,639,"Yup, it’s Lice."
730,2764,8,34,188,230,1.2173913043478262,0.03235296214464923,639,"Yeah, I don't think gravity quite works like that"
1851,2769,12,29,203,244,1.2172131147540983,0.03323394028883602,639,"Throw the book down, I don't think this is right!  I think you may be dyslexic!"
197,2770,6,36,179,221,1.2171945701357465,0.03193172627036624,639,"Me thinks this is more a 'let your hair down' moment, and not a 'hair standing on end' one"
2571,2770,12,24,185,221,1.2171945701357465,0.03558717682148292,639,Hate lice. Think I got the last one
545,2770,8,32,181,221,1.2171945701357465,0.03319496668339286,639,I untied my top knot. How do you like it?
4458,2773,11,34,213,258,1.2170542635658914,0.03151264510958104,639,My stylist cornered the hair gel market.
1576,2774,8,35,192,235,1.2170212765957447,0.03189245741038118,639,Not a chance . The wax will ruin my dress
3969,2774,6,39,190,235,1.2170212765957447,0.030730902059662425,639,"Rapunzel, Rapunzel, Give back my hair"
3248,2774,12,27,196,235,1.2170212765957447,0.034097064920866775,639,"You said it's rent controlled, right?"
405,2777,5,36,171,212,1.2169811320754718,0.03207441966388097,639,There's something about this that just isn't right...
2057,2777,3,40,169,212,1.2169811320754718,0.0306487675692296,639,So we're eating in tonight?
2391,2779,9,36,204,249,1.216867469879518,0.031245975677269514,639,What do you mean the only mousse left in the Kingdom is chocolate?
3035,2779,7,40,202,249,1.216867469879518,0.030191650601986832,639,What creme rinse dost thou recommend?
3317,2781,8,33,185,226,1.2168141592920354,0.0327008147910391,639,So me and Prince Charming didn’t work out. Is it cool if I move back in with you and dad?
1351,2782,7,30,166,203,1.2167487684729064,0.03437808542982891,639,Rapunzel Rapunzel pull up my hair so that you may descend...if you dare.
1544,2783,11,30,199,240,1.2166666666666666,0.03307079314694064,639,You want me to climb Up !
1485,2783,10,32,198,240,1.2166666666666666,0.032539358565911926,639,"Mr. Trump, why are you letting your hair grow so long on one side of your head?"
3228,2783,9,34,197,240,1.2166666666666666,0.03199909924348239,639,"If you've got time, could you braid it?"
1858,2783,11,30,199,240,1.2166666666666666,0.03307079314694064,639,"I guess we got something wrong here, Rapunzel. You better let down my hair - I'd rather take thy stair."
2287,2783,10,32,198,240,1.2166666666666666,0.032539358565911926,639,It’s safe.  I used Aqua Net.
2947,2783,10,32,198,240,1.2166666666666666,0.032539358565911926,639,"Yes there's a few gray hairs now, I worked for the Donald in the White House!"
2043,2789,6,35,176,217,1.2165898617511521,0.032273299988813405,639,Because you're worth it!
1387,2789,8,31,178,217,1.2165898617511521,0.033569401054891604,639,I call it a reverse mullet.  Party in the back and business in the front.
3120,2791,7,36,188,231,1.2164502164502164,0.03163690613514618,639,Perfect! Now I'll lower you down...
2764,2792,10,38,220,268,1.2164179104477613,0.030242965205276993,639,"It's the latest thing in hair-care products: industrial strength mousse. I'd be glad to climb up and demonstrate it, or you can just slide down."
2588,2793,7,31,170,208,1.2163461538461537,0.03382593892708168,639,How do you treat your split ends?
3349,2794,10,33,202,245,1.2163265306122448,0.03208352418111324,639,"Rapunzel, do not underestimate the strength of brylcreem."
3302,2795,7,34,181,222,1.2162162162162162,0.03243718797089109,639,I thought this was a non gender specific tale.
2543,2796,11,29,196,236,1.2161016949152543,0.033429639756783765,639,I’m sorry I ever criticized you for using too much hair product.
3190,2796,11,29,196,236,1.2161016949152543,0.033429639756783765,639,Must you reverse such a painful gender norm?
600,2798,9,36,205,250,1.216,0.031132828526303113,639,"No, no, no don't tie it off."""
1526,2798,7,40,203,250,1.216,0.030083151163662083,639,"A bit too much mousse, mayhaps?"
3475,2800,7,32,174,213,1.215962441314554,0.03329756951769168,639,"You know, gravity doesn't work this way"
3871,2800,12,22,179,213,1.215962441314554,0.036471669128633116,639,I am checking you for ticks.  Consider it foreplay.
4074,2800,5,36,172,213,1.215962441314554,0.031939729655842714,639,What did you call it again? Hairspray?
572,2803,10,29,188,227,1.2158590308370043,0.0337461657287965,639,It's 2018!
1650,2803,10,29,188,227,1.2158590308370043,0.0337461657287965,639,"Viagra, Viagra send up your hair."
3493,2803,8,33,186,227,1.2158590308370043,0.032570447212111636,639,Love your hairspray.
4252,2803,9,31,187,227,1.2158590308370043,0.0331635171008169,639,"The elevator is broken, so how about I pull you up this time?"
4062,2807,4,44,193,241,1.2157676348547717,0.02904070299817981,639,"Look, kid, do you want into the clubhouse or not"
460,2808,11,33,211,255,1.2156862745098038,0.031712302643981755,639,Hair today gone tomorrow
1389,2808,14,27,214,255,1.2156862745098038,0.033140694295263305,639,How much biotin was in those capsules you sent me?
3208,2810,6,35,177,218,1.2155963302752293,0.03214027608118404,639,I'm going for that California serf look.
114,2810,6,35,177,218,1.2155963302752293,0.03214027608118404,639,Am I woke enough for you now?
1897,2812,11,28,193,232,1.2155172413793103,0.033799584147551895,639,Let up your hair
232,2812,9,32,191,232,1.2155172413793103,0.032676809557772815,639,Just warning you:  I already spent the reward money on rogaine and mousse!
2996,2814,9,35,202,246,1.2154471544715446,0.03144158235937127,639,"Rapunzel, Rapunzel, it’s not over till the comb over."
1535,2815,11,34,215,260,1.2153846153846153,0.03129196595027686,639,"Come on down, you know what they say about guys with long hair..."
737,2816,6,33,170,209,1.215311004784689,0.032989541170845134,639,"Sure it's worthless, but I figured you'd appreciate it more than most."
3002,2816,5,35,169,209,1.215311004784689,0.03228472087085302,639,You're using the wrong conditioner.
3686,2816,7,31,171,209,1.215311004784689,0.033679614778332596,639,I’m capable of compromise
1552,2819,7,34,182,223,1.2152466367713004,0.03230595510246004,639,"OK, but this is the last time I let you up here like this, hair-spray is REALLY BAD for the environment!"
2380,2819,10,28,185,223,1.2152466367713004,0.034130223639710223,639,"I'm not sure how it's relevant, but if you must know, I use a 3-in-1 -- it's shampoo, conditioner and body wash."
1315,2821,10,31,196,237,1.2151898734177216,0.03275948416497219,639,"Oh Prince, how resourceful of you to grow out your man-bun just in case."
2448,2821,8,35,194,237,1.2151898734177216,0.03164914518883361,639,I straightened it for you!
2323,2823,10,23,167,200,1.215,0.036750893059945056,639,ok  let go bitch
3797,2824,3,40,171,214,1.2149532710280373,0.030395340750557647,639,I hope it'll hold.  I ran out of gel.
355,2825,9,31,188,228,1.2149122807017543,0.03303131345251257,639,"Pull me up, I’m having a bad hair day!"
802,2825,8,33,187,228,1.2149122807017543,0.032441097480431696,639,I think we need to go back to the drawing board. Good thought though!
206,2825,6,37,185,228,1.2149122807017543,0.031227216981478508,639,Just climb down! Don't worry! I use plenty of product!
1391,2828,10,32,200,242,1.2148760330578512,0.03229460802947404,639,"Tie it to the bedpost and when you climb down we'll cut it off, who knoweth, we may even start a fashion trend..."
2650,2828,10,32,200,242,1.2148760330578512,0.03229460802947404,639,That's right. More endurance styling gel.
2712,2828,9,34,199,242,1.2148760330578512,0.03175924008808669,639,Here’s your problem: too many split ends.
4042,2828,11,30,201,242,1.2148760330578512,0.03282124440940662,639,"Sure, it's grueling. But just spin around, and I ensure you this will create the optimal man bun."
2206,2832,8,31,180,219,1.2146118721461188,0.033291386411850844,639,"You totally have the best fans in the world. We call ourselves Rapunzies!"""
6,2833,10,30,193,233,1.2145922746781115,0.033112877755738915,639,Haven’t you ever seen Up the Down Staircase?
1555,2833,8,34,191,233,1.2145922746781115,0.03197601190221521,639,Quick. Slide down the hair pole before it rains
4265,2833,10,30,193,233,1.2145922746781115,0.033112877755738915,639,Oooh! Argan oil?
4426,2833,10,30,193,233,1.2145922746781115,0.033112877755738915,639,"I said, do you have any conditioner"
724,2837,5,32,159,196,1.2142857142857142,0.033541994734656085,639,It isn't that. It is super hold hair spray.
4488,2837,8,32,184,224,1.2142857142857142,0.032792042016082434,639,"Rapunzel, Rapunzel! Seriously, let go of my updo."
2318,2837,11,29,198,238,1.2142857142857142,0.03317288314377313,639,Oh so now that we’ve flipped you suddenly start paying attention!
1704,2837,11,26,187,224,1.2142857142857142,0.03457503912192705,639,"Look, hon, just tie-&-slide ! The gel’ll come off in the moat."
1633,2837,9,27,174,210,1.2142857142857142,0.03486691256250603,639,With this great comb over you could become king.
469,2837,11,29,198,238,1.2142857142857142,0.03317288314377313,639,"You say your name is Sampson, and yes, we do take walk ins!"
1062,2837,10,34,208,252,1.2142857142857142,0.03141626613878561,639,Too soon?
1614,2837,9,27,174,210,1.2142857142857142,0.03486691256250603,639,This is bass ackwards
2072,2845,10,32,201,243,1.213991769547325,0.03217358772914328,639,"Wait...I know things have changed with the #metoo movement, but this is just not going to work."
3235,2846,12,25,192,229,1.2139737991266375,0.034602536786107384,639,Don't worry - I used my sister's 24-hour superhold gel.
3238,2846,9,31,189,229,1.2139737991266375,0.03290014347681662,639,"Sorry,but that won't work. It's a toupee."
752,2848,12,22,181,215,1.213953488372093,0.03615938885859848,639,"I know it's backwards, but what can you expect from someone named Leznupar?"
2308,2848,8,30,177,215,1.213953488372093,0.03366936527639441,639,This is actually my real hair. Why do you ask?
914,2850,10,36,216,262,1.213740458015267,0.03060008717622661,639,Blondes definitely have more fun.
2001,2851,10,33,205,248,1.2137096774193548,0.03173032958758564,639,"You realize, Rapunzel, this hurts like hell...."
3731,2852,13,24,197,234,1.2136752136752136,0.034611840729111915,639,This  doesn't need a caption. It's funny as it is.
2913,2852,7,36,191,234,1.2136752136752136,0.031271150889628466,639,"Repunzel, Repunzel pull me up!"
4095,2852,8,34,192,234,1.2136752136752136,0.0318522733580796,639,"Go ahead and come down, it will hold up fine, I used this really strong punk hair spray."
1654,2852,6,38,190,234,1.2136752136752136,0.030679022765498817,639,"Tie it around your waist really tight, then jump down into my arms."
489,2856,7,37,195,239,1.213389121338912,0.030844664363703075,639,"Well, I suppose that turnabout is fair play._or_Yes, you definitely used too much mousse."
2216,2856,10,31,198,239,1.213389121338912,0.032509611545859615,639,"Split ends?  But I condition, I rinse and repeat!"
3276,2856,9,33,197,239,1.213389121338912,0.031964266535382244,639,No!t there! The key's in the lock! Not locks!
1612,2859,5,38,182,225,1.2133333333333334,0.03078342163598854,639,"Rapunzel, Rapunzel slide down my moussed up hair!"
1655,2859,9,30,186,225,1.2133333333333334,0.033261828066857756,639,I thought you'd like my man bun.
2560,2859,8,32,185,225,1.2133333333333334,0.03265986323710904,639,"Yes, the hair spray will come out ! ! Now go to school ! !"
3234,2859,5,38,182,225,1.2133333333333334,0.03078342163598854,639,Sorry but everything is upside down these days!
4180,2859,8,32,185,225,1.2133333333333334,0.03265986323710904,639,The softness is from a blend of medieval conditioners.
1277,2864,9,27,175,211,1.2132701421800949,0.03471613084011076,639,"How about this? Come over the balcony and try to slide down my hair.  I bet this will work."""
4090,2864,6,33,172,211,1.2132701421800949,0.032707799168166136,639,Nothing too fancy...I’m only going forraging.
178,2866,8,39,211,258,1.2131782945736433,0.029899235000057423,639,"Rapunzdel, Rapunzel, let down your hair gel."
2176,2867,11,27,192,230,1.2130434782608697,0.033908953909193705,639,"Rapunzel, Rapunzel!...just slide on down and let's get this over with. I have a 3pm conference call."
818,2867,9,31,190,230,1.2130434782608697,0.03276999534246178,639,That conditioner you recommended is a little much!
574,2867,12,25,193,230,1.2130434782608697,0.03446432119527745,639,"So when I saw yours, I had this idea: With some strategic overcombing, I could be king!"
642,2870,12,22,182,216,1.212962962962963,0.036005222520416345,639,Just another bad hair day.  Can you braid it for me?
2477,2871,5,33,164,202,1.2128712871287128,0.032861994920407575,639,"it's just a little hair gel, ok?"
2342,2872,10,33,206,249,1.21285140562249,0.03161429404962857,639,I just went sulfate-free. Can you tell?
4491,2872,11,31,207,249,1.21285140562249,0.03212244080440361,639,...And if you get 10 other people you know people to sell the conditioner you'll get an even bigger house
825,2874,11,28,196,235,1.2127659574468086,0.033404643343438616,639,"It's rock hard from from hair gel, so use it slide down."
1906,2874,15,20,200,235,1.2127659574468086,0.03551550638027232,639,Millennials.
3472,2874,8,34,193,235,1.2127659574468086,0.0317294728839563,639,Got curlers I could borrow?
407,2877,7,33,181,221,1.2126696832579185,0.0323889505127968,639,"My dearest Rapunzel, I must confess that I'm afraid of heights so I grew and shellacked my hair for you to climb down and be freed!"
1870,2877,4,39,178,221,1.2126696832579185,0.030424301299478564,639,Oh no! The witch reversed the spell.
4406,2879,11,32,211,254,1.2125984251968505,0.031686115463372376,639,"Repunzel, Repunzel, up-do my hair!"
2680,2880,9,33,198,240,1.2125,0.031843218835005654,639,Now you tell me about the hairspray!
591,2880,12,27,201,240,1.2125,0.033445374810791254,639,I'm all for emancipation but are you sure there is no stairs
2361,2882,5,38,183,226,1.2123893805309736,0.030661442973890937,639,Don't read the whole thing. Just pull me up!
1353,2882,7,34,185,226,1.2123893805309736,0.031918440105543316,639,Do you think it will hold?
2462,2884,7,41,211,259,1.2123552123552124,0.029288363842474092,639,Do you have the same problem with split ends?
1252,2884,9,37,213,259,1.2123552123552124,0.03029304840299087,639,Wait till there's a stiff breeze.
3230,2886,5,35,172,212,1.2122641509433962,0.03187489559417378,639,I hate it when screenplay writers can't stay true to the story
491,2886,8,29,175,212,1.2122641509433962,0.033913730759570236,639,I'm sure you're also perfectly capable of opening the door yourself.
3965,2888,10,32,203,245,1.2122448979591838,0.03193420838548847,639,"No, I didn't know split ends was one of the 7 signs of damaged hair."
11,2889,7,35,189,231,1.2121212121212122,0.03146646690598826,639,Testing.
459,2889,6,37,188,231,1.2121212121212122,0.0308625181027289,639,Wanna come up?
764,2889,8,33,190,231,1.2121212121212122,0.03205904015172694,639,Is anything wrong? Is it too oily?
2003,2889,13,16,169,198,1.2121212121212122,0.03892195332681124,639,"Okay, just start running!"
4330,2889,6,37,188,231,1.2121212121212122,0.0308625181027289,639,"If you don’t stay away from those fire-breathing dragons, this heat damage is going to get even worse."
4335,2889,10,29,192,231,1.2121212121212122,0.033212483906790394,639,I used that organic coconut oil like you suggested.
3972,2895,11,28,197,236,1.2118644067796611,0.0332750125982753,639,"No, baby! You got this all wrong"
566,2895,9,32,195,236,1.2118644067796611,0.03217300747588855,639,"Sorry to bother you, ma’am, but I think I left my keys inside."
1239,2895,8,34,194,236,1.2118644067796611,0.0316076000885496,639,"Hey Rapunzel, check out this new gel they have in the castle bathroom!"
2084,2895,9,32,195,236,1.2118644067796611,0.03217300747588855,639,I love your mousse!
3158,2895,8,34,194,236,1.2118644067796611,0.0316076000885496,639,This reverse psychology thing has got to stop.
4228,2900,7,40,208,255,1.2117647058823529,0.02955192787249606,639,Equality gives us more options.
2622,2901,7,33,182,222,1.2117117117117118,0.032256952381122,639,JUST THINK HOW LONG OUR CHILDREN'S HAIR WILL BE!!!!
2158,2902,8,35,198,241,1.2116182572614107,0.031173306686759942,639,"Rapunzel, Rapunzel, climb down my hair! Give thanks to l'Oreal hairspray, which keeps it up in the air."
2048,2903,11,33,216,260,1.2115384615384615,0.03115568860120723,639,You have a lot of split ends.
940,2904,5,38,184,227,1.2114537444933922,0.030540407142799493,639,"Hey, split ends or not--you said you'd come over to my castle next time."
2346,2904,10,28,189,227,1.2114537444933922,0.033580360971021135,639,I think that we are facing a hairy situation
1061,2906,7,38,201,246,1.2113821138211383,0.030210843092177177,639,"Hey, it worked when I was up there!"
1362,2906,9,34,203,246,1.2113821138211383,0.0312899832367969,639,"It's bottom up marketing, babe."
1580,2908,6,33,174,213,1.2112676056338028,0.032430741342460684,639,Do you have enough hairspray?
3017,2909,11,27,194,232,1.2112068965517242,0.03364096976584044,639,It took 13 cans of pomade and a staff of 3!
2374,2909,9,31,192,232,1.2112068965517242,0.03251271814403868,639,Whaddya mean I can’t move back home?
2398,2909,8,33,191,232,1.2112068965517242,0.03193364743147043,639,"You're still dodging the question. Just this once, could we use your rope ladder instead?"
2801,2909,6,37,189,232,1.2112068965517242,0.030742801313559075,639,Unbelievable. Not one split end.
3038,2913,9,28,181,218,1.2110091743119267,0.03387787160325609,639,Just climb down. I used extra stiff gel from the Shores of Jersey.
269,2914,7,36,194,237,1.2109704641350212,0.030913606882557808,639,This way ticks both the gender swap and strong female lead boxes.
3543,2914,6,38,193,237,1.2109704641350212,0.03032974422417256,639,Let me up! It is way too crazy out here.
1358,2914,10,30,197,237,1.2109704641350212,0.032602518427969886,639,Slide down!
4553,2917,11,32,213,256,1.2109375,0.031459926024478925,639,No lice that I can see.
151,2918,11,25,187,223,1.210762331838565,0.034549630044349515,639,I call it a ‘hairection.’ Whaddaya think?
3870,2918,6,35,182,223,1.210762331838565,0.03149097042821377,639,Stop doubting me - I used plenty of product.
1859,2918,7,33,183,223,1.210762331838565,0.032126007564725355,639,"No, we cannot juxtapose Jack in the Beanstalk into this fairy tale!"
970,2918,8,31,184,223,1.210762331838565,0.032748732885211726,639,I'd suggest a deep-hydrating treatment twice a week.
329,2922,10,32,205,247,1.2105263157894737,0.03169831405769164,639,"..gender/shmender, you're supposed to have the hair..."
656,2922,10,28,190,228,1.2105263157894737,0.03344561529345368,639,"Quick, Rapunzel! The bottle said an hour, and I spent half of that on styling!"
3277,2922,7,30,172,209,1.2105263157894737,0.033482962952663224,639,"Yeah, they have these great gallon jugs of hair gel at Costco."
3993,2922,11,26,191,228,1.2105263157894737,0.03401840744392613,639,I don’t think that a man bun is particularly regal.
228,2926,7,35,191,233,1.2103004291845494,0.031222228734537654,639,It has enough hairspray for you to slide down.
506,2926,6,37,190,233,1.2103004291845494,0.030623992213684982,639,"Thanks! It’s all about the routine! One day wash, next day condition!"
879,2926,11,27,195,233,1.2103004291845494,0.033508539797245565,639,I just don't understand.  I used conditioner.
3612,2926,6,37,190,233,1.2103004291845494,0.030623992213684982,639,"See, no head lice. Now will you come down?"
3721,2926,11,27,195,233,1.2103004291845494,0.033508539797245565,639,Come back when you're in better condition.
3783,2926,10,29,194,233,1.2103004291845494,0.03295183714598686,639,The first tower tryst of Trumpunzel.
60,2932,3,39,172,214,1.2102803738317758,0.03018720319233277,639,"Now, show me what you do to get yours so soft."
4141,2933,7,36,195,238,1.2100840336134453,0.03079620379407538,639,"Well...climb down here, dummy."
3738,2933,11,28,199,238,1.2100840336134453,0.033018707600061176,639,"Not too much product, but a LOT of backcombing..."
821,2935,9,28,182,219,1.2100456621004567,0.03373658501688679,639,He drew it wrong !
1114,2935,10,26,183,219,1.2100456621004567,0.03435184134632282,639,"No, the rabbit comes OUT of the hole, around the tree and back in the hole."
1115,2935,6,34,179,219,1.2100456621004567,0.031819517010126336,639,I don't think it's supposed to work this way.
2574,2935,7,32,180,219,1.2100456621004567,0.032471117905594545,639,Just keep pulling!
2833,2935,11,24,184,219,1.2100456621004567,0.0349562703840704,639,What do I do about the split ends?
3283,2935,8,30,181,219,1.2100456621004567,0.03310989781500883,639,You need to do something about these split ends.
3334,2935,9,28,182,219,1.2100456621004567,0.03373658501688679,639,Stop whining; I was banished for lice and foot fungus.
828,2942,10,31,202,243,1.2098765432098766,0.032020971083472745,639,Do I have split ends?
3944,2943,8,31,185,224,1.2098214285714286,0.032615779841569686,639,"Now listen, Rapunzel, I'm not as into revisionist Grimm as you are--let's stay with the original!"
1811,2944,10,23,172,205,1.2097560975609756,0.035927449546486113,639,I'm having a bad hair day.
982,2945,7,30,173,210,1.2095238095238094,0.03333821531153707,639,"My father put me here in the 70’s to keep me away from long-haired boys.
Now, this man is mine!"
3798,2945,5,34,171,210,1.2095238095238094,0.03194212996836949,639,"Rapunzel, Rapunzel, trust my hair stylist’s gravity-defying formula"
1238,2945,8,28,174,210,1.2095238095238094,0.03401477718256439,639,"Once upon a time, there was a product..."
662,2948,8,37,208,253,1.209486166007905,0.030134804205738233,639,No worries!  It's stiff from pomade.  Hop on!  Slide down!
2336,2949,6,37,191,234,1.2094017094017093,0.03050608078294611,639,"Why don't we call them ""Locks of Love""?"
1782,2949,9,31,194,234,1.2094017094017093,0.032259390649598194,639,"No more hair-splitting, your turn to come down"
812,2949,12,25,197,234,1.2094017094017093,0.03392219930121178,639,"Trust me, you don't want to wait for the matching carpet."
301,2949,12,25,197,234,1.2094017094017093,0.03392219930121178,639,I just feel bad that by lifting me up you're doing all the work.
3145,2953,3,39,173,215,1.2093023255813953,0.030062383645163206,639,"It's a little damaged but I'm conditioning."""
455,2954,12,26,201,239,1.209205020920502,0.03342222190009928,639,Be careful.  I just had it colored.
1182,2954,9,32,198,239,1.209205020920502,0.03180508439835181,639,"Okay, let go, that's all the pomade I've got."
2746,2954,10,30,199,239,1.209205020920502,0.03235311269884265,639,Never mind the split ends and rappelunzel on down.
1,2957,10,26,184,220,1.209090909090909,0.0342086661384956,639,"Rapundzil, Repundzil, let down your...oh forget it!"
294,2957,6,34,180,220,1.209090909090909,0.031688938721809785,639,Why do they call this a Sadie Hawkins rescue?
3391,2959,8,35,201,244,1.209016393442623,0.03082556199739773,639,It’s the natural progression of the man bun! Roll with me!!
35,2959,8,35,201,244,1.209016393442623,0.03082556199739773,639,It's thoroughly combed and knot-free... unless that's not your kind of thing.
171,2959,10,31,203,244,1.209016393442623,0.03190106580192628,639,OK OK toss me down a scissor
243,2959,9,33,202,244,1.209016393442623,0.031367923678132105,639,I'll be up again next Saturday
1739,2963,8,31,186,225,1.208888888888889,0.03248388557222624,639,I grew it for this special moment. Now slide down!
1883,2964,10,32,207,249,1.2088353413654618,0.03146583059080652,639,And you’re positive that there are no other hair salons in all of the land?
51,2964,5,42,202,249,1.2088353413654618,0.02877777649314084,639,You might braid it first.
2135,2966,4,35,167,206,1.2087378640776698,0.03154565561943303,639,Who knew this hairstyle could be both fashionable and functional?
3060,2967,10,29,196,235,1.2085106382978723,0.032695195221458334,639,"With enough hairspray, I’ll slide down like it’s a fire pole."
717,2968,11,23,182,216,1.2083333333333333,0.03522567822691397,639,"Rapunzel, Rapunzel....... Oh, wait!.. I  think I’m confused..... There is definitely something wrong here..... Am I supposed to climb up on my hair? Or you climb down on my hair? Or on your hair?..... We need a re-write"
1017,2968,10,30,200,240,1.2083333333333333,0.03222981603075177,639,Don't you think this is a little too much 'party in the back'?
3078,2968,6,33,177,216,1.2083333333333333,0.03202369116553607,639,OK.  I get it!  It hurts to have your hair pulled.  Please let down my golden hair!!
2097,2971,10,26,185,221,1.2081447963800904,0.034066664436109166,639,This isn't what I had in mind when you said all business in the front and party in the back.
3530,2971,5,36,180,221,1.2081447963800904,0.030900824415176265,639,I think this role reversal thing has gone too far
2224,2971,12,22,187,221,1.2081447963800904,0.03525348630005875,639,I thought you were praying for a blue wave.
2501,2974,8,36,206,250,1.208,0.030308719436749267,639,Worst. Weave. Ever.
3665,2974,11,30,209,250,1.208,0.031859127672682085,639,I told you I had split ends
3663,2976,7,33,186,226,1.2079646017699115,0.03173937119278136,639,"I beseech thee, fair maiden. Entrust thy destiny to this plan."
967,2976,11,25,190,226,1.2079646017699115,0.03412789402780576,639,Keep it up and you'll have natural frosted tips in no time.
4315,2976,12,23,191,226,1.2079646017699115,0.03469934462692537,639,"You've got me by the short hairs."""
3479,2979,9,35,211,255,1.2078431372549019,0.030432098344120456,639,"Look, are you looking to buy or not? I've got another buyer at the Eastern Tower."
2147,2980,4,40,187,231,1.2077922077922079,0.029432800455117984,639,My place is better.
4199,2980,8,32,191,231,1.2077922077922079,0.03188830202830397,639,Good to know I'm not the only one compensating.
2963,2980,9,30,192,231,1.2077922077922079,0.032473178504001124,639,"Yes, it’s all in the product!"
4246,2980,6,36,189,231,1.2077922077922079,0.030685123014900305,639,"Ok, let's do this. Now...pull!"
505,2984,8,27,172,207,1.2077294685990339,0.03426571090761927,639,I'm compulsively competitive.
3793,2985,8,38,214,260,1.2076923076923076,0.029545768079607442,639,Do you have mousse?
1841,2986,10,29,197,236,1.2076271186440677,0.03256834783464921,639,I just hope I used enough hairspray.
3537,2986,8,33,195,236,1.2076271186440677,0.03144158436381507,639,You summoned Lyft 1.0 at your service...
3254,2986,7,35,194,236,1.2076271186440677,0.03086278018294853,639,Just climb down. We can discuss the dandruff later.
207,2989,10,30,201,241,1.2074688796680497,0.03210744303017046,639,"No, you can't use it as a rope; I just conditioned it."
2758,2990,6,33,178,217,1.207373271889401,0.03189022963444961,639,Brylcreem.
3706,2990,8,29,180,217,1.207373271889401,0.03320128824540009,639,"Please don't pull! I said ""pomade"" not ""old maid""."
1744,2992,8,35,203,246,1.2073170731707317,0.03059794275792032,639,CAN I PULL YOU UP BY YOUR HAIR
1354,2992,8,35,203,246,1.2073170731707317,0.03059794275792032,639,I’m not sure this trickle-down strategy is working.
3097,2994,10,26,186,222,1.2072072072072073,0.03392582210254343,639,"Oh, come on, Zel! Can’t you just swing me once more?"
4365,2995,6,40,205,251,1.207171314741036,0.029124568737047125,639,Do you think it needs conditioner  ?
4467,2996,6,35,186,227,1.2070484581497798,0.030989780662906825,639,Whoa! Which one of us is Repunzel?
2472,2996,4,39,184,227,1.2070484581497798,0.029705165135656547,639,"I know, very soft. Would you like the shampoo?"
2936,2996,7,33,187,227,1.2070484581497798,0.03161251872967888,639,Now I know how it feels.
4196,2996,6,35,186,227,1.2070484581497798,0.030989780662906825,639,It’s a combover.
4575,2996,11,25,191,227,1.2070484581497798,0.03398956722335833,639,"I didn't want to alarm you, but it is pretty hair raising"
3827,3001,9,35,212,256,1.20703125,0.030323860502551227,639,"Oh damsel, I shall even endure the agony of a bad hair day to forever win your love!"
3103,3002,6,37,194,237,1.2067510548523206,0.030157634413180704,639,"But then I figured, what's the use if we're both locked in the tower?"
2914,3002,11,27,199,237,1.2067510548523206,0.03298895940048799,639,"Rapunzel, They said I would get bagels with your locks!"
1646,3002,10,29,198,237,1.2067510548523206,0.03244246810187918,639,More gel?
70,3002,6,37,194,237,1.2067510548523206,0.030157634413180704,639,"I usually do 87 on top and maybe 3 on the sides. No sideburns, please."
2020,3002,10,29,198,237,1.2067510548523206,0.03244246810187918,639,Cooties? I'm rescuing you from burning at the stake and you're worried about cooties?
88,3007,8,27,173,208,1.2067307692307692,0.034115195249246416,639,You missed my point completely.
2856,3008,11,34,226,271,1.2066420664206643,0.03013069891472078,639,What kind of conditioner do you use?
1763,3009,10,30,202,242,1.2066115702479339,0.03198598353472624,639,"No Hare Hair Here, Hear?"
3165,3009,9,32,201,242,1.2066115702479339,0.03144536159561759,639,"Hilda,I'm hair for you."
2427,3011,8,28,177,213,1.2065727699530517,0.03357741207558093,639,"Rapunzel, Raunzel, Propecia really works!"
3799,3011,7,30,176,213,1.2065727699530517,0.0329112700916384,639,"Rapunzel, Rapunzel, let down your hair,  cause with matching  braids, we'll be quite a pair!"
3085,3013,9,33,205,247,1.2064777327935223,0.03102052641836921,639,I thought you said: Throw your hair in the air like you just don't care.
1347,3014,9,27,182,218,1.2064220183486238,0.03369562703437077,639,"Donald, your hair really is quite long."
2631,3014,6,33,179,218,1.2064220183486238,0.03175785691450977,639,I may have used too much hair gel
2988,3014,9,27,182,218,1.2064220183486238,0.03369562703437077,639,"It'called Butch Wax, handed down to me by my great grandfather."
3566,3014,6,33,179,218,1.2064220183486238,0.03175785691450977,639,"Yes! I promise you I put in plenty of gel. Let's do this thing. On your mark, get set... GO!!"
3263,3014,11,23,184,218,1.2064220183486238,0.034927799122342555,639,"Now, that's what I call product!"
1590,3019,7,32,184,223,1.2062780269058295,0.03194221073965876,639,"If I were you I'd be more worried about escaping, but yes--my name really is Rapunzadude."
2926,3019,6,34,183,223,1.2062780269058295,0.0313034452320925,639,"Oh,it's revisionist; history from the bottom up."
2796,3019,5,36,182,223,1.2062780269058295,0.030651370929543387,639,"Well, I fell for YOU"
4016,3022,8,31,189,228,1.206140350877193,0.03209443288309856,639,It's my new up do style.
4398,3022,10,27,191,228,1.206140350877193,0.03327669375725675,639,"By the way, you’re out of hairspray."
213,3024,9,30,194,233,1.206008583690987,0.032218426539949004,639,"Sorry, but I never date guys with hair longer than mine."""
3168,3024,7,34,192,233,1.206008583690987,0.031048827234119326,639,Did I mention that I'm a woman trapped in a man's body?
3752,3024,9,30,194,233,1.206008583690987,0.032218426539949004,639,"Lather . Rinse . Repeat 
Lather .Rinse .Repeat ..."
4008,3024,8,32,193,233,1.206008583690987,0.03163903191727174,639,Conditioner? What's conditioner?
1792,3028,4,42,197,243,1.205761316872428,0.028484112437770007,639,Rapunzel a reverse love story
3568,3028,8,34,201,243,1.205761316872428,0.030779623153126292,639,"Sorry, it took awhile to collect enough hair gel."
2290,3030,7,29,173,209,1.2057416267942584,0.03328184245455517,639,"Uh, Methinks this needeth to be the other way round."
1723,3031,7,37,204,248,1.2056451612903225,0.029831296355212124,639,Can you lend me a comb and a gallon of conditioner?
93,3032,5,34,175,214,1.205607476635514,0.03140392713022535,639,"It seems sort of familiar, but I’m struggling to work out the living happily ever after bit."
3240,3032,7,30,177,214,1.205607476635514,0.03277133773831135,639,The  Brothers Grimm re-write the story of Rapunzel for 21st century readers.
261,3034,11,30,212,253,1.2055335968379446,0.031512535874691196,639,I received an extension for family leave.
3553,3035,6,33,180,219,1.2054794520547945,0.031626560039558285,639,"Ok, hold on tight . . .now comes the back flip and the hand over hand . . . you're not going to believe this . . . ."
3507,3035,5,35,179,219,1.2054794520547945,0.030957187608929876,639,This would work better if you pull harder.
655,3035,5,35,179,219,1.2054794520547945,0.030957187608929876,639,"This first date is just not going to work out, Repunzel."
205,3038,8,30,186,224,1.2053571428571428,0.03243580470315328,639,OK Prince Charming...so now who's the one who's life is 'going nowhere' ?!
2089,3038,11,24,189,224,1.2053571428571428,0.0342373587976551,639,Rapunzel. Dating you has become a hair raising experience.
3140,3038,5,36,183,224,1.2053571428571428,0.030528120086943285,639,You must sport quite the man bun
3999,3038,8,30,186,224,1.2053571428571428,0.03243580470315328,639,Hairraising elopement!
4005,3038,6,34,184,224,1.2053571428571428,0.03117698755399972,639,"Oh totally, and that's only one of the great things about cornstarch."
3205,3043,11,25,193,229,1.205240174672489,0.033716212090872597,639,"It's 2018! You're on the Pill, I'll wear a condom, and then...we won't do it. Ok?"
290,3043,10,27,192,229,1.205240174672489,0.0331432887225117,639,"Look, I’ve had enough. 
You feel let down again? Really?
How’s about you let UP for once!"
2018,3043,9,29,191,229,1.205240174672489,0.032560285885275014,639,So tell me again how split ends play into this whole rescue thing?
2177,3046,10,28,196,234,1.205128205128205,0.032659033811861936,639,What would you suggest for my split ends?
2384,3046,8,32,194,234,1.205128205128205,0.03151583108998569,639,"It’s like Freaky Friday, but we’re - whoa, Phillip! You have a serious problem with split ends!"
2621,3046,8,32,194,234,1.205128205128205,0.03151583108998569,639,I defy stereotype.
663,3049,8,33,198,239,1.205020920502092,0.031082226902440915,639,You got some conditioner?  I’ll give you my shoes.
2451,3049,5,39,195,239,1.205020920502092,0.029336381952477158,639,"OK, I’ll wash it and come back later."
1715,3049,9,31,199,239,1.205020920502092,0.03164277701044194,639,"'I've used something new, called gel!'"
3673,3052,5,31,164,200,1.205,0.03271431079288187,639,Needs more product.
1750,3053,11,28,205,244,1.2049180327868851,0.032272665946457495,639,"Hair's to you, Rapunzel!"
162,3053,7,36,201,244,1.2049180327868851,0.030109790992379856,639,We’re related!
3643,3053,5,40,199,244,1.2049180327868851,0.028967857821409232,639,"Thank you, Dippity Do!"
4397,3053,12,26,206,244,1.2049180327868851,0.032791101395246644,639,Growing your hair would've been a better idea; physics 101.
2377,3053,12,26,206,244,1.2049180327868851,0.032791101395246644,639,I styled it in an up-do especially for you!
2464,3058,5,32,168,205,1.2048780487804878,0.032212797489877404,639,I don't think this is going to work.
2877,3058,9,24,172,205,1.2048780487804878,0.0350565308142608,639,I should have listened. Coming down was a bad idea.
1832,3060,8,35,206,249,1.2048192771084338,0.030262651909364252,639,"Now that you can grasp the gravity of my situation, do something about it!"
1502,3060,8,35,206,249,1.2048192771084338,0.030262651909364252,639,"I either need a haircut, or a bigger hat."
2835,3062,10,23,177,210,1.2047619047619047,0.03513967770317001,639,"Pull me up, give me a haircut and we’ll live happily ever after."
2977,3063,9,34,211,254,1.204724409448819,0.0303912866749441,639,Hair extensions are cheaper than a ladder.
38,3064,8,28,179,215,1.2046511627906977,0.03329194487418784,639,Be down in a sec...
3056,3064,7,30,178,215,1.2046511627906977,0.03263257241435229,639,...and we were separated at birth
3251,3064,10,24,181,215,1.2046511627906977,0.03457298390017837,639,Look how progressive my love for thee!
1015,3067,6,41,212,259,1.2046332046332047,0.02846802248782705,639,Now we have something in common
1254,3068,7,31,182,220,1.2045454545454546,0.03214855466663281,639,Trust me. My hair products GUARANTEE that they're 'damsel in distress' worthy!
3203,3068,4,37,179,220,1.2045454545454546,0.030149569912490425,639,Not too hard. It's a weave.
4549,3068,5,35,180,220,1.2045454545454546,0.030830302728375177,639,"Well, it does take a lot of hairspray, but we cant all have a tower for our updo."
3478,3071,8,30,187,225,1.2044444444444444,0.032304219696957195,639,Now this is what I would call a hairy situation!
3285,3072,6,35,189,230,1.2043478260869565,0.030624055469185996,639,This is the first comb-over I’ve ever liked.
44,3072,11,25,194,230,1.2043478260869565,0.03358115802882505,639,I can't put in the barette until you let go.
1747,3074,10,28,197,235,1.2042553191489362,0.03253147501043891,639,"See, I told you. Just look at these split ends!"
121,3074,6,36,193,235,1.2042553191489362,0.030212842795903617,639,"Don't worry, Jimmy Fallon gave it a tug to make sure it's sturdy."
1896,3074,11,26,198,235,1.2042553191489362,0.03308575396588414,639,"OMG! Karen,  how much was your weave?"
1825,3077,10,30,205,245,1.2040816326530612,0.03162698661731125,639,"¨My, my, my, Delilah......¨"
2278,3078,8,35,207,250,1.204,0.030152490622883082,639,"I understand Rapunzel, it's your turn. Last week was last week. Go ahead. Start pulling."
1717,3078,10,31,209,250,1.204,0.031199835237954415,639,What kind of conditioner are you using?
1875,3078,7,37,206,250,1.204,0.02961493165122667,639,Do you have any conditioner recommendations?
2654,3081,7,38,210,255,1.203921568627451,0.029245063064099675,639,"Thanks for the hair straightener."""
4160,3082,9,25,177,211,1.2037914691943128,0.03433508292929815,639,"And the mutton fat made it shiny, too!"
4466,3083,11,23,187,221,1.2036199095022624,0.03449020633513032,639,"Oh Donald, you really are my prince”
-Melani"
1479,3083,11,23,187,221,1.2036199095022624,0.03449020633513032,639,No. I could never elope with a man with split ends.
957,3083,8,29,184,221,1.2036199095022624,0.03265223311323311,639,It's been stuck like that since Tuesday huh?
1438,3086,7,32,187,226,1.2035398230088497,0.031556528897501664,639,Did you use the strong hold hairspray?
2546,3087,8,31,192,231,1.2034632034632036,0.031714075709427844,639,I messed up.
578,3087,9,29,193,231,1.2034632034632036,0.03230210695926362,639,At Distressed Princess Shoes we guarantee two-day delivery.
2445,3087,7,33,191,231,1.2034632034632036,0.031114933427518945,639,Can you trim my split ends?
1166,3090,9,30,197,236,1.2033898305084745,0.03184360677976348,639,I was talking about my HAIR.
1486,3090,6,36,194,236,1.2033898305084745,0.030096996738653164,639,"Yes, it's true,I can only ride in convertibles."
978,3090,9,30,197,236,1.2033898305084745,0.03184360677976348,639,"Forget the dandruff, slide on down."
4346,3093,7,35,199,241,1.2033195020746887,0.03028145530256123,639,I hope you used Dippity-Do Extra Hold.
202,3093,7,35,199,241,1.2033195020746887,0.03028145530256123,639,Look down!!  Look down!!  Look down!!
2678,3093,7,35,199,241,1.2033195020746887,0.03028145530256123,639,Ewe!  When was the last time you washed this mess?
2756,3093,7,35,199,241,1.2033195020746887,0.03028145530256123,639,"You remember, in the bad old days it was the poor woman who had to use her hair..."
3246,3093,7,35,199,241,1.2033195020746887,0.03028145530256123,639,I had to go back to the drug store twice for more hair gel.
2659,3098,7,36,203,246,1.2032520325203253,0.029887627151454814,639,You'll be fine. I use an extra hold styling mousse.
3219,3098,8,34,204,246,1.2032520325203253,0.030437711182903025,639,"Let's try that again, this time with shoes."
3922,3098,9,32,205,246,1.2032520325203253,0.03097802878433779,639,Trading Places is a different movie!
4206,3098,7,36,203,246,1.2032520325203253,0.029887627151454814,639,I’ll have the usual
3146,3102,7,37,207,251,1.203187250996016,0.02950790297252429,639,Maybe skip the braids this time and just do dreads.
3556,3102,7,37,207,251,1.203187250996016,0.02950790297252429,639,"Red Rover,Red Rover,let up your reddish comb-over."
3480,3104,14,25,222,261,1.2030651340996168,0.032171976512015234,639,You need to change your shampoo!
2263,3105,6,30,171,207,1.2028985507246377,0.03265751547717473,639,Now tie my hair to your hair and climb down.
4015,3105,6,30,171,207,1.2028985507246377,0.03265751547717473,639,"What are Nits? And no, I do not have a microscope with me."
2333,3107,8,27,177,212,1.2028301886792452,0.033525953824925916,639,"You know, I'd be happy to fix those split ends if I could only get down from this tower."
2433,3108,7,30,180,217,1.2027649769585254,0.03235848607210584,639,"What, You now want it braided?"
1752,3108,8,28,181,217,1.2027649769585254,0.03301122564199601,639,The PTA finally realized it went too far when reversing all the gender norms in their library.
1882,3108,6,32,179,217,1.2027649769585254,0.031692305428456295,639,I just read about the theory of relativity. This should work too.
2593,3108,6,32,179,217,1.2027649769585254,0.031692305428456295,639,"I know--I took the instructions ""leave-in conditioner"" very literally."
357,3112,5,35,182,222,1.2027027027027026,0.030579572194312715,639,A little dab'll do me.
1417,3112,7,31,184,222,1.2027027027027026,0.031884788361872224,639,"No, I said ""town crier,"" not ""blown drier,"
3583,3112,8,29,185,222,1.2027027027027026,0.03251775631141365,639,I was told you were the person to go to for hair fashion advice.
4155,3115,8,30,189,227,1.2026431718061674,0.032044182594671115,639,It’s dandruff!
3241,3115,11,24,192,227,1.2026431718061674,0.03381987792494669,639,I can't hear you over the volume of my hair!
3102,3115,7,32,188,227,1.2026431718061674,0.031429998461046715,639,"Rappel, Rappel, trust my hair gel!"
1566,3115,9,28,190,227,1.2026431718061674,0.03264681413338594,639,"This is just a fantasy, you can use my hair to climb down."
3191,3119,9,29,194,232,1.2025862068965518,0.03217452694723984,639,I grew it long enough for you to escape.  Should I braid it first?
3535,3119,8,31,193,232,1.2025862068965518,0.0315892573740254,639,It is because you  bought the wrong hair conditioner
173,3121,6,36,195,237,1.2025316455696202,0.02998202070739519,639,Is the color really worth splitting hairs over?
2886,3121,6,36,195,237,1.2025316455696202,0.02998202070739519,639,Instructions Unclear.
1272,3121,8,32,197,237,1.2025316455696202,0.03115183746217657,639,"Well, it worked for me."
2656,3124,8,33,201,242,1.2024793388429753,0.030730872920780108,639,I think this is the way Rapunzel did it???
3725,3124,6,37,199,242,1.2024793388429753,0.02959394865278818,639,"Punzie, I get that you’d rather come down than have me come up, but I’m afraid we’re going to have to rethink your plan."
1019,3124,6,37,199,242,1.2024793388429753,0.02959394865278818,639,"Yeah, I do use too much gel, but some people think it's cute!"
415,3127,10,30,207,247,1.2024291497975708,0.03139204297120244,639,Split ends are a safety hazard
1369,3127,12,26,209,247,1.2024291497975708,0.03242361762243949,639,It's tough to do our thing in Australia!
2711,3127,10,30,207,247,1.2024291497975708,0.03139204297120244,639,"I used the new gel, just slide down Rapunzel."
3635,3130,10,32,215,257,1.2023346303501945,0.030568592144884565,639,Yes I know it’s supposed to be the other way around but casting gave me the wrong script and I’ve been working on this role for years!
1161,3130,10,32,215,257,1.2023346303501945,0.030568592144884565,639,Told you this was a dead end.
1041,3132,10,33,219,262,1.202290076335878,0.030178566854202258,639,Don't pull so hard this time.
1664,3133,6,27,160,193,1.2020725388601037,0.03411190176752251,639,"I used 5 jars of hair gel m'lady, which should enable you to slide down."
2561,3134,8,26,174,208,1.2019230769230769,0.033913304134999885,639,"Ow, Ow, Oww"
3761,3135,6,32,180,218,1.201834862385321,0.031560301601741225,639,This is a bad hair day!
1459,3135,4,36,178,218,1.201834862385321,0.03019100473488047,639,"Yeh, yeh, I know it’s romantic, but give me a break, that’s gonna hurt!"
571,3135,9,26,183,218,1.201834862385321,0.03350949779733818,639,Split ends?
4269,3135,7,30,181,218,1.201834862385321,0.03222313722061397,639,Allow us be thankful for Rogaine.
210,3135,7,30,181,218,1.201834862385321,0.03222313722061397,639,Never mind your golden stair. Slide down my greased up cowlick and let’s blow this medieval pop stand.
435,3135,8,28,182,218,1.201834862385321,0.03287261029313256,639,The Prince needeth to taketh careth of these split ends.
948,3141,10,25,188,223,1.201793721973094,0.03360871256624654,639,I still can’t do anything with my hair!
1339,3142,9,28,191,228,1.2017543859649122,0.03251546037760776,639,"You've got split ends, but what's life without a gamble?"
2436,3143,8,31,194,233,1.201716738197425,0.03146540407428151,639,"Rapunzel, Rapunzel I've just solved the mystery
Here's another example of revisionist history"
3942,3143,11,25,197,233,1.201716738197425,0.03318233954533137,639,"Prince,hney! I may be wrong, but it seems to me there is something definately wrong with this plan!"
4147,3143,8,31,194,233,1.201716738197425,0.03146540407428151,639,"But before, I was climbing up. Now you have to climb down."
108,3146,11,26,201,238,1.2016806722689075,0.032701343440834044,639,I heard you have a remedy for split ends
513,3146,9,30,199,238,1.2016806722689075,0.031598471816043916,639,"I know you've been locked away for a while, but it's the #MeToo era. There's no way I'm pulling your hair that hard."
1733,3146,9,30,199,238,1.2016806722689075,0.031598471816043916,639,"Yes it's  a combover.
Yes it's REAL.
No! It's not botched surgery.
N0!! I did NOT attack Ivana.
BECAUSE I LIKE ORANGE."
2309,3146,10,28,200,238,1.2016806722689075,0.03215463639931807,639,Split ends won't be a problem for 1000 years.
3390,3146,9,30,199,238,1.2016806722689075,0.031598471816043916,639,"Dear Lady, I'm as sure as any knight can be that I am in possession of all my senses. Just hold on tight and I will pull you down."
3401,3146,10,28,200,238,1.2016806722689075,0.03215463639931807,639,Who knew what psychokinesis and a little Viagra could do?
1727,3152,8,33,202,243,1.2016460905349795,0.030615488309113002,639,What is it like living in phallic shaped tower?
1018,3152,5,39,199,243,1.2016460905349795,0.028901171591212818,639,What? I take vitamins!
453,3152,9,31,203,243,1.2016460905349795,0.031165979198890432,639,"Of course it's safe my dear Rapunzel,  I use Aqua Net!"
564,3155,9,35,219,263,1.2015209125475286,0.029586933558165156,639,I thought an alternative was in order after you said you were considering a pixie cut.
19,3156,8,26,175,209,1.200956937799043,0.033764474878370504,639,Now that's what I call a real tether in my cap!
1191,3156,5,32,172,209,1.200956937799043,0.03165469773904235,639,I'm pretty sure it is only an updo
4564,3158,8,27,179,214,1.2009345794392523,0.033238802298510756,639,Your ad on match.com said you were seeking long hair
2715,3159,12,20,187,219,1.2009132420091324,0.035201657090009005,639,Because I thought it would be great for a caption.
3213,3159,4,36,179,219,1.2009132420091324,0.030066958270369676,639,Now throw down the conditioner.
969,3161,12,22,195,229,1.2008733624454149,0.03411324973815413,639,Say it! 'Me too'
1130,3161,9,28,192,229,1.2008733624454149,0.032385146231858786,639,You could climb up if you really wanted to.
3414,3161,8,30,191,229,1.2008733624454149,0.031788241946448456,639,It might work out if you have spiked heels!
426,3164,6,36,197,239,1.200836820083682,0.029754640680582527,639,"Repunzel, Repunzel, let me borrow your brush!"
977,3164,11,26,202,239,1.200836820083682,0.032575162019846254,639,You didn't use conditioner
1398,3164,10,28,201,239,1.200836820083682,0.032030933063235956,639,"If you want my hair extensions, you're going to have to do better than a pair of shoes."
1414,3164,7,34,198,239,1.200836820083682,0.030339728900375954,639,I'd rather pull you down than you pull me up.
144,3168,6,37,201,244,1.2008196721311475,0.0293742320999456,639,Would you mind if I took another quick peek at that feasibility study?
2460,3168,11,27,206,244,1.2008196721311475,0.03211700995687522,639,Climb down already and don't worry about the lice!
1232,3168,7,35,202,244,1.2008196721311475,0.02994289356229929,639,What can I say? My stylist is a real witch.
4039,3168,7,35,202,244,1.2008196721311475,0.02994289356229929,639,See? My hair's gone erectile!
893,3172,11,28,210,249,1.2008032128514057,0.031675948455297274,639,Do you know how much I had toupee for this idea?
1604,3172,7,36,206,249,1.2008032128514057,0.029560366212862062,639,"Hey, this is the 21st Century, I think you can work with this."
3211,3172,6,38,205,249,1.2008032128514057,0.0290073720916336,639,I thought you'd like some company.
2340,3175,8,32,200,240,1.2,0.030796040246103218,639,"Look Rapunzel, no split ends!"
3696,3175,6,36,198,240,1.2,0.02964221799842428,639,You can do it. Just climb down and we'll run away.
3388,3175,8,32,200,240,1.2,0.030796040246103218,639,It started with your brothers as a man bun triple-dare.
3039,3175,5,33,177,215,1.2,0.03106457157344918,639,Like it?
2542,3175,7,32,191,230,1.2,0.031056334587002937,639,It's not supposed to help you down; it's an emblem of my support.
2200,3175,9,32,209,250,1.2,0.030524201998259056,639,"Watch out, it's slippery."
2038,3175,10,27,198,235,1.2,0.0323645357625094,639,Just make a man bun and let's get back to the fairy tale!
1422,3175,6,35,194,235,1.2,0.030033018139672938,639,OCD Mohawk.
1473,3175,8,27,180,215,1.2,0.033097039753216505,639,Moat??  You didn't say anything about a moat!
1247,3175,7,34,199,240,1.2,0.03022463550405296,639,"Rapunzel, Rapunzel! What kind of product do you use to let your hair down?"
869,3175,8,31,196,235,1.2,0.03122054895177753,639,It’s this great new product I found!
678,3175,6,35,194,235,1.2,0.030033018139672938,639,Next time Thou must use more Product!
640,3175,5,34,181,220,1.2,0.030629211700294964,639,"Repunzel, that’s not how you do it!"
597,3175,5,34,181,220,1.2,0.030629211700294964,639,"No more climbing for me ...I'm getting a bit old for that sort of thing. You're younger; just pull me up, but mind the balcony."
434,3175,8,34,208,250,1.2,0.02999330581270256,639,"If you wind it around your bedpost you can slide down. 
Much more efficient."
1397,3175,11,27,207,245,1.2,0.031996152328062855,639,"Aagh, my comb-over!"
271,3191,6,38,207,251,1.199203187250996,0.028797919534596917,639,And I thought I was having a bad hair day!
551,3192,7,35,204,246,1.1991869918699187,0.029721297472531463,639,It's stable: I use hair gel.
1751,3193,8,32,201,241,1.1991701244813278,0.03067921578536491,639,Why don’t you come up?
4225,3193,10,28,203,241,1.1991701244813278,0.03178632684705275,639,Combover out of control.
1341,3193,7,34,200,241,1.1991701244813278,0.03011039911050071,639,"Don't worry, I put a lot of hairspray on it."
3321,3193,6,36,199,241,1.1991701244813278,0.02953062796457773,639,"The optics of me saving you, not as shareable as you hoisting me up."
964,3197,12,23,201,236,1.1991525423728813,0.03333809542183647,639,Don't worry about your safety.  I used windproof mousse.
524,3197,8,31,197,236,1.1991525423728813,0.031099525713616193,639,What’s so unequal about me bringing a ladder?
2011,3197,5,37,194,236,1.1991525423728813,0.02930860657817385,639,Don't you guys have phones?
4231,3197,8,31,197,236,1.1991525423728813,0.031099525713616193,639,"Rapunzel, what did I say about using all my hair gel?"
2035,3201,7,32,192,231,1.199134199134199,0.030933718093863413,639,All I use it coconut oil.  I swear.
2303,3201,8,30,193,231,1.199134199134199,0.031536303382213304,639,You can do amazing things with Royal Crown hair dressing.
523,3201,9,28,194,231,1.199134199134199,0.03212758856371551,639,Can you let your hair down instead? I have lice.
3019,3201,6,34,191,231,1.199134199134199,0.030319158946221236,639,"Yes, it is a little dirty. I wash it every Tuesday. What day is today"
276,3201,8,30,193,231,1.199134199134199,0.031536303382213304,639,It took a lot of hair mousse. Is there any way we can split the cost?
1755,3206,4,37,185,226,1.1991150442477876,0.02942912189504243,639,"My comb over, finally, did a good thing."
2788,3206,7,31,188,226,1.1991150442477876,0.03136984723916027,639,"Please don't touch the hair, it was $300."
3502,3206,4,37,185,226,1.1991150442477876,0.02942912189504243,639,More conditioner?
2187,3209,8,28,185,221,1.1990950226244343,0.03246357291683453,639,Do you have any extra-hold hairspray?
3113,3209,5,34,182,221,1.1990950226244343,0.030503730276274166,639,I promise. I'll never defy the law of gravity again.
4515,3211,10,33,224,267,1.198501872659176,0.029660056825115452,639,The Supercuts lady said something called #MeToo required I wait until we were equals.
1357,3212,14,22,216,252,1.1984126984126984,0.032807309616494224,639,"I’m serious. Poof, split ends: gone. And for only bag of gold, I can have a case of Lady Chambermaid's Magic Hair Soap (TM) delivered right to your castle."
3386,3212,11,28,213,252,1.1984126984126984,0.03132827642365283,639,Its infused with Rapun-gel.  Give it a try
1909,3214,8,32,202,242,1.1983471074380165,0.030563262388615897,639,Any tips for managing split ends?
3172,3215,8,31,198,237,1.1983122362869199,0.030979424674673357,639,"Slide on down, Baby!"
3059,3215,9,29,199,237,1.1983122362869199,0.03155126715299018,639,"Come on, do I really have to say it verbatim?"
2019,3217,7,32,193,232,1.1982758620689655,0.030812052244736713,639,What I really want to know is how you deal with split ends like these?
1951,3217,14,18,200,232,1.1982758620689655,0.034793901525786014,639,"Rapunzel, Rapunzel, I'll throw thee my man bun!"
476,3219,9,27,191,227,1.198237885462555,0.032467463660196184,639,Hold on to your hat! It's windy out here.
4535,3219,8,29,190,227,1.198237885462555,0.031861440043207956,639,"Unfortunately, your new gel didn't take care of my split ends M'Lady."
92,3221,7,29,181,217,1.1981566820276497,0.03216038657950272,639,"Quick, more hairspray!"
319,3221,5,33,179,217,1.1981566820276497,0.030805059161229414,639,"Bring your hair dryer, I had to swim the moat!"
2741,3221,7,29,181,217,1.1981566820276497,0.03216038657950272,639,What do you mean I always think about myself first?!
1469,3224,8,26,178,212,1.1981132075471699,0.03332562757615802,639,I'm sure my slippers are in there somewhere!
3741,3224,8,26,178,212,1.1981132075471699,0.03332562757615802,639,"You misunderstood, Dear, I said I need a winch, a WINCH!"
516,3226,8,25,174,207,1.1980676328502415,0.03385660306578015,639,"Prince, prince, let up your hair so I may ride thy golden slide."
897,3227,3,34,165,202,1.198019801980198,0.030624586934036403,639,Next time use shampoo for dry hair. this one is too silky to pull you up with.
720,3228,10,31,217,258,1.197674418604651,0.030310880960263416,639,How did it all fit ubder that hat?
3016,3229,7,35,206,248,1.1975806451612903,0.029502909121787275,639,Save me the I-prefer-short-hair speech. I know. You've had me by mine for years.
567,3230,6,36,201,243,1.1975308641975309,0.029309909892706168,639,You said you admired people with a Brazilian Blowout..
2404,3231,11,25,202,238,1.1974789915966386,0.03253806691529957,639,"Your comb-over, such a let down."
4568,3231,6,35,197,238,1.1974789915966386,0.02968905007354342,639,We'll snip and run.
2222,3233,7,32,194,233,1.1974248927038627,0.030691326231344303,639,Is your mousse strong enough to hold my weight?
3594,3233,8,30,195,233,1.1974248927038627,0.03128827534215897,639,"Sorry, your hair is only 67th longest this time."
2381,3233,9,28,196,233,1.1974248927038627,0.03187404652589161,639,"Mmmm, coconut!"
433,3233,9,28,196,233,1.1974248927038627,0.03187404652589161,639,It's this new mousse I'm trying.
2759,3233,10,26,197,233,1.1974248927038627,0.03244924513733183,639,I watched you whip.  Now watch me nay nay.
1839,3238,7,31,190,228,1.1973684210526316,0.031118477321653976,639,babe... let's get tangled
1507,3238,9,27,192,228,1.1973684210526316,0.032336440066043526,639,I grew it for me. You can’t have it.
1327,3240,7,29,182,218,1.1972477064220184,0.032025424247722166,639,Quit looking for lice
2435,3240,3,37,178,218,1.1972477064220184,0.02926629559175539,639,I'm so glad I didn't get a haircut!
4559,3240,8,27,183,218,1.1972477064220184,0.03267882698923323,639,"Fortunately for Rapunzel, the prince was both a hairdresser and a mason..."
3376,3243,7,28,178,213,1.1971830985915493,0.03250759154818586,639,That's mine.
3147,3244,10,31,218,259,1.196911196911197,0.030203268385583775,639,"Viagra has grown on me."""
2153,3245,8,34,212,254,1.1968503937007875,0.02956151502699486,639,I'm gonna need five more minutes to get ready.
1877,3246,9,30,205,244,1.1967213114754098,0.03088492706341197,639,What kind of mousse did you think I'd bring?
2909,3246,10,28,206,244,1.1967213114754098,0.03142626422491204,639,"...then the King said, build a wall, build a wall around you...and the hair at the back of my neck...well you see what happened..."
3156,3246,6,36,202,244,1.1967213114754098,0.02920076419286229,639,Even fairy tales are fake. I need to escape!
2235,3249,8,31,200,239,1.1966527196652719,0.0307419480616015,639,Don't worry i used extra jell.
3137,3249,8,31,200,239,1.1966527196652719,0.0307419480616015,639,Does this mean it's over?
3585,3249,8,31,200,239,1.1966527196652719,0.0307419480616015,639,"Rapunzel, Rapunzel, this comb over is just for you!"
3526,3252,7,32,195,234,1.1965811965811965,0.03057152940454372,639,Did you use the gel I gave you?
2883,3252,8,30,196,234,1.1965811965811965,0.031165699899870655,639,"Rapunzel?  With that name, I'll stay right here on the ground."
1901,3252,6,34,194,234,1.1965811965811965,0.029965579754394286,639,Don't worry: it's pretty thick hair gel
1948,3252,7,32,195,234,1.1965811965811965,0.03057152940454372,639,I was worried we’ve been stuck in a rut.
1285,3256,5,35,189,229,1.1965065502183405,0.0297327163571596,639,"It will hold, it’s only a hairline fracture!"
1489,3256,5,35,189,229,1.1965065502183405,0.0297327163571596,639,I figured you would be the one to come to for suggestions on getting rid of my split ends?
3303,3256,6,33,190,229,1.1965065502183405,0.030370047619130234,639,"Am I a prince? No, I just need your advise on split ends."
3608,3256,11,23,195,229,1.1965065502183405,0.033374640738933765,639,I've heard corn rows work well
838,3260,8,28,188,224,1.1964285714285714,0.03206446415909978,639,I thought you'd liked long hair?!
1376,3260,8,28,188,224,1.1964285714285714,0.03206446415909978,639,Me think there be something terribly wrong here!
1512,3262,6,31,182,219,1.1963470319634704,0.031227883590385058,639,Just let go and free yourself.
628,3262,7,29,183,219,1.1963470319634704,0.031891574887671255,639,"Hm, these split ends will cost you an extra 15% on top of my usual price"
1648,3262,7,29,183,219,1.1963470319634704,0.031891574887671255,639,There’s more than one way to skim a castle.
2403,3262,6,31,182,219,1.1963470319634704,0.031227883590385058,639,It folds back down when I push this button.
3580,3262,11,21,187,219,1.1963470319634704,0.03441859802405029,639,"Rapdownzel, Rapdownzel, let up your hair."
3429,3262,8,27,184,219,1.1963470319634704,0.032541732960880365,639,The lice is the worst part.
3890,3262,7,29,183,219,1.1963470319634704,0.031891574887671255,639,I am so grounded. I was supposed to be home 10 years ago.
252,3262,7,29,183,219,1.1963470319634704,0.031891574887671255,639,"I know I've made fun of you for your fear of scissors all these years, but you just gave me a fantastic idea."
1869,3270,7,28,179,214,1.1962616822429906,0.03236844773536738,639,"Apparently, my new extensions are equipped with a homing device.”"
1269,3270,8,26,180,214,1.1962616822429906,0.03303927023673787,639,"With enough hair spray, you will be able to slide down into my arms."
4487,3272,5,31,173,209,1.1961722488038278,0.031434882904924244,639,"Pardon me! I know the clouds smell. 
But to make this hair ladder I had to eat the magic beans."
3970,3272,8,25,176,209,1.1961722488038278,0.033558482357047656,639,ooh ooh lower lower
1559,3272,8,25,176,209,1.1961722488038278,0.033558482357047656,639,"Coincidentally, just a little something my new stylist came up with."
190,3275,8,35,217,260,1.1961538461538461,0.029092846732644017,639,Not sure about this gravity thing.
1821,3276,8,34,213,255,1.196078431372549,0.029455476755180544,639,Shinny down .
3524,3276,6,38,211,255,1.196078431372549,0.02838781648200352,639,"It's either this egalitarian ""golden stair"" or a fashionable man bun."
3510,3276,8,34,213,255,1.196078431372549,0.029455476755180544,639,But that’s not all — act now and I’ll throw in a gallon of relaxer for free.
4106,3276,15,20,220,255,1.196078431372549,0.03292073150435343,639,I used to be the bass player for Whitesnake.
4353,3280,9,31,210,250,1.196,0.030364849684883052,639,Just got hit by lightning.
2942,3281,11,25,204,240,1.1958333333333333,0.03228723762760716,639,"Oh, you do seem to have a lot of split ends."
4014,3281,6,35,199,240,1.1958333333333333,0.029464015276058693,639,Do you think this is taking the women’s movement a little too far?
1628,3283,11,24,200,235,1.195744680851064,0.03275431217426637,639,Do you like my hat?
4195,3284,10,25,195,230,1.1956521739130435,0.03266402495376583,639,Throw me down my golf cleats.
4054,3285,7,39,225,271,1.1955719557195572,0.027821127227792248,639,"It's kind of a hair gel.  By the way, I was thinking about you .. a lot!"
4323,3286,8,28,189,225,1.1955555555555555,0.03193357302933315,639,I told you my man bun was a good fashion choice
2122,3286,11,22,192,225,1.1955555555555555,0.033746121339605424,639,Now that is too much hairspray!
1619,3286,8,28,189,225,1.1955555555555555,0.03193357302933315,639,Bet you’re glad you met a guy from Vegas...
1168,3286,3,38,184,225,1.1955555555555555,0.028659036759930628,639,Thank God for the updo!!
1481,3286,8,28,189,225,1.1955555555555555,0.03193357302933315,639,I am the Trump hairier. He promised that his plan will not let you down.
348,3291,5,33,182,220,1.1954545454545455,0.030423690868699546,639,"Romeo, I told you not to come around anymore until you cut your hair."
493,3291,9,25,186,220,1.1954545454545455,0.03304005096446784,639,Of course my hair will support your weight.  It's infused with plaster and reinforced with rebar.
2211,3291,10,23,187,220,1.1954545454545455,0.03366238209262295,639,The shampoo bills are driving me nuts
424,3294,5,32,178,215,1.1953488372093024,0.030852323631213024,639,Now You...
3129,3295,6,38,212,256,1.1953125,0.028287080633388167,639,I am trying a new conditioner
195,3296,6,29,175,210,1.1952380952380952,0.03201846346447018,639,Looks like we’re gonna need to call Fairy LiceMothers
3713,3297,6,37,208,251,1.1952191235059761,0.028629871272066423,639,So enough about your split ends
860,3298,6,28,171,205,1.1951219512195121,0.03250836700273622,639,Who on earth is the casting director for this movie?
4293,3299,6,35,200,241,1.1950207468879668,0.02935275301480526,639,This man bun is a two-person job.
744,3300,8,30,198,236,1.194915254237288,0.030923371872543744,639,Wait!  Does Trump know WonderWoman and Superman are illegal aliens?
2958,3300,7,32,197,236,1.194915254237288,0.030334681492999557,639,Trust me   Climb down
2302,3300,5,36,195,236,1.194915254237288,0.029121621656596156,639,"Sorry, I ran out of hair spray."
3382,3303,9,35,228,272,1.1948529411764706,0.028689825078314756,639,Are you sure you used extra strengthening conditioner?! My life is on the line.
908,3304,8,29,194,231,1.1948051948051948,0.031354924732541874,639,Its So Hard!
199,3305,8,34,215,257,1.1945525291828794,0.029245636153505457,639,I should have used more hairspray
40,3306,5,32,179,216,1.1944444444444444,0.030722471040200573,639,"Yes, 3 gallons of hair gel a day. It's faster than a ladder. Do you want your bread delivery or not?"
3367,3306,8,33,211,252,1.1944444444444444,0.029614244039728902,639,"I’m afraid I have some bad news- you have split ends, I need to cut..."
3077,3306,10,22,184,216,1.1944444444444444,0.03404705328653877,639,"The directions on the box said 7 minutes for 'al dente,' but
I think I undercooked it!"
2432,3309,7,33,202,242,1.1942148760330578,0.029822900334417698,639,"Hang on, let me get some more hair gel."
2481,3309,7,33,202,242,1.1942148760330578,0.029822900334417698,639,But it's extra hold!
368,3311,8,30,199,237,1.1940928270042195,0.030803598047662126,639,"Rapunzel, Rapunzel, let down your hair . . . no wait, something's amiss.  Where's my copy of The Brothers Grimm?"
3919,3311,8,30,199,237,1.1940928270042195,0.030803598047662126,639,Can I spend the night?  It’s really long and stiff.
4010,3313,5,35,192,232,1.1939655172413792,0.029383738445188722,639,Rapwinkle...let up your hair..
1121,3313,9,27,196,232,1.1939655172413792,0.03182263496884315,639,What do you think? Do the ends need trimming?
1164,3315,5,34,188,227,1.1938325991189427,0.029771577738419996,639,Rapunzel! Rapuzel!  Let go my long hair!
588,3315,9,26,192,227,1.1938325991189427,0.03228445726091244,639,"I prefer that you can lift and clean, and not jerk."
1415,3317,5,40,213,258,1.193798449612403,0.02754552655021941,639,I know. Split ends are a total drag.
2552,3318,11,21,190,222,1.1936936936936937,0.03398665866915434,639,"Hey Donald, I am having a hairy time finding your tax return."
1973,3318,7,29,186,222,1.1936936936936937,0.03149657093883722,639,It adds volume and bounciness without taking away the color.
1492,3318,6,31,185,222,1.1936936936936937,0.030842652840799956,639,"Babe, check it out. Merlin did my hair! He says I'm all ready for the 1980's."
1844,3321,10,29,214,253,1.1936758893280632,0.03055160366639236,639,Who wrote this Backwards screen play?
260,3322,6,30,181,217,1.1935483870967742,0.03128327473796667,639,"I imagine that right now, you're feeling a bit like Alice. Hmmm? Tumbling down the rabbit hole?"
538,3322,6,36,206,248,1.1935483870967742,0.02877206991122707,639,It’s the only way up
1835,3322,7,28,182,217,1.1935483870967742,0.03195798297513801,639,Codependant if you need me to be!
3362,3322,7,28,182,217,1.1935483870967742,0.03195798297513801,639,Someone said to use peanut butter to get out.  Whatever that is.
3215,3326,11,25,207,243,1.1934156378600822,0.03191809043739852,639,"I told you it was just a stick, now pull me back up!"
318,3327,8,25,179,212,1.1933962264150944,0.033120906195153656,639,"‘It’s 2018, time to let my hair up.’"
999,3328,5,36,197,238,1.1932773109243697,0.028899505691895123,639,I like change
1600,3328,6,34,198,238,1.1932773109243697,0.029506586554511983,639,Repunzel this is not a fairy tail!! Pull me up quick the flood is heading this way.
2180,3328,9,28,201,238,1.1932773109243697,0.031257164181799885,639,Pick the nits out of your own royal hair
2765,3328,6,34,198,238,1.1932773109243697,0.029506586554511983,639,That new hemp based conditioner gives it body.
1534,3332,7,26,174,207,1.1932367149758454,0.032940748307262305,639,I think you have lice
2570,3332,9,22,176,207,1.1932367149758454,0.034335071422864454,639,I don’t think this gravity thing will work in my favor.
487,3334,8,29,196,233,1.1931330472103003,0.03110758591805166,639,Now jump and I'll catch you!
981,3334,5,35,193,233,1.1931330472103003,0.029269197076536194,639,I'd say you need a good moisturizer.
1673,3336,8,28,192,228,1.1929824561403508,0.03154715834776332,639,"My mom thinks ""it's just a phase."""
1584,3336,2,40,186,228,1.1929824561403508,0.027629079315808845,639,"I'm thinking of letting my hair down, today, Milady"
705,3336,4,36,188,228,1.1929824561403508,0.028993995053558735,639,"In this version of the myth, my back hurts and you slide down!”"
556,3336,8,28,192,228,1.1929824561403508,0.03154715834776332,639,Sorry. I couldn’t find any firm hold gel.
2045,3336,7,30,191,228,1.1929824561403508,0.030928632966162387,639,"Sorry love, bad shoulder."
3852,3336,7,30,191,228,1.1929824561403508,0.030928632966162387,639,Is it lice?
2911,3342,4,41,209,254,1.1929133858267718,0.027201042934241866,639,"The stylist said it will give extra hold, Rapunzel!"
143,3343,6,31,186,223,1.1928251121076232,0.030716316601941063,639,I'm a big fan.
512,3343,8,27,188,223,1.1928251121076232,0.03200453706378197,639,Toss the gel or get a spell!
773,3343,5,33,185,223,1.1928251121076232,0.030051505154526342,639,How can my split ends be top of mind to you right now?
1268,3343,9,25,189,223,1.1928251121076232,0.03262958069306364,639,YES! its still leaning to the right and whats a plumline
3883,3343,7,29,187,223,1.1928251121076232,0.031367040809244934,639,I’m just not into roll playing!
907,3348,8,32,209,249,1.1927710843373494,0.02977519409576249,639,Merlin hated opposite day.
3501,3349,7,33,204,244,1.1926229508196722,0.029599271402550094,639,Whadda you mean you can't slide down it! Women!!
1709,3350,4,33,176,213,1.192488262910798,0.030172086390606492,639,Look - I took a leap getting these hair extensions. Now it's your turn - leap.
3365,3350,8,25,180,213,1.192488262910798,0.03297754399218664,639,I used the strongest gel I could find!  Slide down!
3736,3350,6,29,178,213,1.192488262910798,0.031605958337937064,639,I wish I could help you with your split ends.
3545,3353,9,28,202,239,1.1924686192468619,0.031136609905399903,639,This is very embarrassing.  I forgot a ladder and have face blindness.  Are you sleeping beauty?
1836,3353,6,34,199,239,1.1924686192468619,0.029393995190308053,639,It's an updo for men.
4465,3353,7,32,200,239,1.1924686192468619,0.02998612113904672,639,"By the way, Mrs. Newton just had her baby. His name is Isaac. Now, let’s see if we can get you down from there!"
4576,3356,8,29,197,234,1.1923076923076923,0.030985356652458367,639,Just take off the split ends and slide down.
4435,3356,10,25,199,234,1.1923076923076923,0.03214742924577141,639,I’m a grower.
4131,3356,12,21,201,234,1.1923076923076923,0.03326893577113209,639,Now you can raise me up to more than I can be.
4019,3356,7,31,196,234,1.1923076923076923,0.03038766010676257,639,"It's bound to be a bit greasy, shampoo hasn't been invented yet!"
1131,3356,11,28,221,260,1.1923076923076923,0.030437024573272648,639,Can you shinny down?
2059,3356,9,27,198,234,1.1923076923076923,0.03157174000583374,639,Of course I don't know how the giant piece of gum on my forehead got there.
2727,3356,8,29,197,234,1.1923076923076923,0.030985356652458367,639,"The rabbit comes out of the hole, around the tree and back down. Just make sure you tie a strong knot!"
2929,3363,9,31,215,255,1.192156862745098,0.02981708265190906,639,"Well,I didn't set out to have a bad hair day."
786,3364,5,34,190,229,1.1921397379912664,0.029535154592173374,639,This hairspray is a real lifesaver.
2387,3364,9,26,194,229,1.1921397379912664,0.032024160229978046,639,It's a new version of hairy-kari.
2995,3364,9,26,194,229,1.1921397379912664,0.032024160229978046,639,"I'm sorry, I just can't trust the quality of these ""glue in"" extensions."
4233,3364,8,28,193,229,1.1921397379912664,0.031420398915710405,639,"The Pretty as A Princess Hair Boutique: Now selling Tall, Grande, and Venti Treatments for all those Rapunzels out there."
1103,3364,7,30,192,229,1.1921397379912664,0.030804806404349367,639,Are you sure your hair product will hold?
4027,3369,10,28,212,250,1.192,0.03072981101700045,639,What are these white specks?
2610,3370,6,31,187,224,1.1919642857142858,0.030590996894725202,639,I think we need more mousse.
3661,3370,7,29,188,224,1.1919642857142858,0.03123855835201923,639,"No shoes inside and no front door has become very stressful dear, and I’m going bald!"
2506,3370,8,27,189,224,1.1919642857142858,0.031872966049803615,639,"Seriously, conditioner would really help"
1433,3373,6,35,204,245,1.1918367346938776,0.0289158611072927,639,I find this new hairstyle of yours a bit grim and it has me repuzzled.
4037,3374,8,26,185,219,1.1917808219178083,0.0323442137099982,639,"Sorry about that, it's really windy today."
3631,3374,9,24,186,219,1.1917808219178083,0.032985451274756564,639,The little blue pill saves the day!
2156,3374,7,28,184,219,1.1917808219178083,0.0316900035537507,639,"As a feminist and as your equal, I support your ability to pull me up by my hair!"
1743,3374,9,24,186,219,1.1917808219178083,0.032985451274756564,639,You have way to much gel in your hair.
1089,3374,8,26,185,219,1.1917808219178083,0.0323442137099982,639,Apply thy conditioner.
589,3374,7,28,184,219,1.1917808219178083,0.0316900035537507,639,I read the story and I think it will wpork out better this way.
3979,3380,5,36,199,240,1.1916666666666667,0.028680699429376753,639,It's Woodstock. You'll see what it's like when we get there.
3040,3381,6,29,179,214,1.191588785046729,0.03147077702869143,639,"Don't worry, it's safe. I used a lot of hairspray."
2599,3381,8,25,181,214,1.191588785046729,0.032835403831041554,639,Coming soon: Rapunzel defies gravity
4182,3381,7,27,180,214,1.191588785046729,0.03216032922357287,639,Let down my long hair!
665,3384,9,27,199,235,1.1914893617021276,0.03144775417211248,639,"Is this some kind of an awful joke!  I said 'Let down YOUR hair'.
What are you thinking?"""
4000,3385,7,26,176,209,1.1913875598086126,0.03265083398717903,639,I will deal with the dead ends while you put on those spiked shoes to climb up here.
3067,3386,5,34,191,230,1.191304347826087,0.029418324147146523,639,Let up my golden man-bun hair.
2688,3386,9,26,195,230,1.191304347826087,0.031895562646993655,639,"Rapunzel, Rapunzel, that's all the hair spray I could afford."
518,3388,9,30,212,251,1.1912350597609562,0.03009168384052566,639,"I wanted to be pulled up by my bootstraps, not my hair."
2743,3388,10,28,213,251,1.1912350597609562,0.030616693915547322,639,I know I have dandruff.
4341,3390,9,25,191,225,1.191111111111111,0.03236149430933283,639,"This is the last time, Rapunzel ... I've signed with the Yankees."
664,3391,8,31,207,246,1.1910569105691058,0.029938359660830086,639,"Wait, stop, reverse that!"
946,3391,4,39,203,246,1.1910569105691058,0.027632758782710327,639,"You say you love me, but are you sure there isn't an ulterior motive?"""
774,3393,8,26,186,220,1.190909090909091,0.03220865780573143,639,My name is Leznupar.
2275,3393,10,22,188,220,1.190909090909091,0.0334726700231237,639,"In this age of feminism and gender equality, Rapunzel, it is only fair that you use my heavily gelled hair to climb down."
2999,3395,5,36,200,241,1.1908713692946058,0.028572514882591427,639,Remember when it was that short?
3858,3395,10,26,205,241,1.1908713692946058,0.03145281131747394,639,"I got it backwards, it's a great rope, but a terrible pillar."
3991,3395,8,30,203,241,1.1908713692946058,0.030333530070697893,639,"As you asked, I've shampooed and rinsed with lemon juice.
 Now will you pull me up?"
414,3395,7,32,202,241,1.1908713692946058,0.029758106457545175,639,Please let it go.  I have a hair ache.
635,3399,8,25,182,215,1.1906976744186046,0.032694470369092024,639,"HAIR, HAIR!"
3318,3399,3,35,177,215,1.1906976744186046,0.029181917981437714,639,"Yes, honey, your product recommendation did the trick."
911,3399,9,23,183,215,1.1906976744186046,0.03335261914518036,639,I had to I forgot your name.
3350,3402,9,27,200,236,1.1906779661016949,0.03132472789684633,639,Which gel did you use?
743,3402,8,29,199,236,1.1906779661016949,0.03074372376804025,639,Female empowerment circa 1485
806,3404,10,29,218,257,1.1906614785992218,0.030112464381642223,639,"Yes, Donald. My hair looks totally natural wrapped around your head."
1919,3404,6,37,214,257,1.1906614785992218,0.02802079906777057,639,I've been growing it for charity but Mom's too sentimental to let me get it cut.
326,3406,8,28,195,231,1.1904761904761905,0.03116987680451151,639,"Careful, it's only Propecia strength."
2442,3406,9,26,196,231,1.1904761904761905,0.031767982874473,639,Is it true you use gel?
4055,3406,7,26,177,210,1.1904761904761905,0.03250775969231173,639,Some day I'll become president and take you away from all this.
4089,3406,8,28,195,231,1.1904761904761905,0.03116987680451151,639,Can you send down your scissors?
1259,3406,8,36,229,273,1.1904761904761905,0.027970774528825237,639,Queen Grimhilde gave me a bite of her little blue pill.
4009,3411,12,23,212,247,1.1902834008097165,0.03195790041187186,639,"Rapunzel, Rapunzel, let my golden hair down, so I may go away and never see you again."
4442,3412,3,37,186,226,1.1902654867256637,0.028332408130233848,639,"Rapunzel, Rapunzel! Pull my hair in!"
3855,3412,8,27,191,226,1.1902654867256637,0.031613006568232585,639,This long enough?
912,3412,5,33,188,226,1.1902654867256637,0.029688180880413192,639,Moving in together makes sense with today's rental market.
535,3415,5,36,201,242,1.1900826446280992,0.028465130950635385,639,The (rapid) Descent of the Lock
1430,3416,5,32,184,221,1.1900452488687783,0.03008902858257497,639,"My wench, get thee a winch to pull me up by my long locks of hair."
3304,3416,5,32,184,221,1.1900452488687783,0.03008902858257497,639,No one is going to save you if you keep splitting hair
4482,3416,9,24,188,221,1.1900452488687783,0.032709188037231114,639,"Not head lice ...just dried moose, plumper, and spray!"
4565,3416,4,34,183,221,1.1900452488687783,0.02939752210289213,639,I didn't want to wake you by using the stairs
3167,3420,8,29,200,237,1.1898734177215189,0.030624298780451892,639,"I'm against Trump's gender politics, but you gotta admit the hair comes in handy."
2933,3421,6,29,181,216,1.1898148148148149,0.031203809132949227,639,Sorry for the hat hair.
3617,3422,8,28,196,232,1.1896551724137931,0.03104609094408689,639,It might need a little more cement.
2024,3422,6,32,194,232,1.1896551724137931,0.02981982154936588,639,Now start pulling - my counselor thinks a role reversal will teach me to share your pain.
3068,3422,9,26,197,232,1.1896551724137931,0.03164140903538839,639,Is there a viagra for hair ?
3820,3422,5,34,193,232,1.1896551724137931,0.029187373201433893,639,I was given the choice to upbraid but respectfully declined.
56,3426,7,26,178,211,1.1895734597156398,0.0323659193176106,639,I'm striving to be gender-neutral.
1828,3427,7,29,191,227,1.1894273127753303,0.030859273412994763,639,"Excuse me Rapunzel, but the protein diet you suggested really does work."
2267,3428,6,34,203,243,1.1893004115226338,0.028951975179866602,639,I think you're pretty cute but you have very dry ends!
3440,3429,7,31,200,238,1.1890756302521008,0.02991898806563957,639,"Don’t judge me by my split ends, we can’t all be pampered princesses."
2264,3429,6,33,199,238,1.1890756302521008,0.029320447234120667,639,I don't understand it. Jennifer Aniston was in the commercial.
2853,3431,3,32,166,201,1.1890547263681592,0.030262500150737413,639,"It didn’t happen overnight, but it did happen."
1697,3432,7,27,183,217,1.1889400921658986,0.031751192947149606,639,We'll need to trim up to a foot to get rid of the split ends
2956,3433,11,25,213,249,1.1887550200803212,0.03120431991194497,639,Todd...Todd...Let down your hair! It’s not a competition.
2162,3434,6,28,178,212,1.1886792452830188,0.03152394420340073,639,You are 3 strands short ... it will never hold.
3267,3434,7,36,222,265,1.1886792452830188,0.02792777321093772,639,You should try the new Head & Shoulders
1537,3436,6,31,191,228,1.1885964912280702,0.030099646087451987,639,"You are right, this gel stuff really works."
2515,3436,6,31,191,228,1.1885964912280702,0.030099646087451987,639,Rapunzel’s plan to build empathy in her relationship with the Prince was not going well.
2564,3436,7,29,192,228,1.1885964912280702,0.030734858991918766,639,Must be the new moon. Your hair is positively radiant.
1029,3439,5,36,203,244,1.1885245901639345,0.028252730348032738,639,"Just slide down, Rappy!"
3315,3440,8,29,202,239,1.1882845188284519,0.03038817947244247,639,"You said ""Give me a reason to say yes"". Here it is."
2016,3440,7,31,201,239,1.1882845188284519,0.02980404240923775,639,The liability waiver protects me if you fall.
1936,3440,8,29,202,239,1.1882845188284519,0.03038817947244247,639,It's all human hair and it comes with a lifetime guarantee.
1761,3440,5,35,199,239,1.1882845188284519,0.02859999874993318,639,"Hey, your comb-over is greater than President Trump's!"
4006,3444,6,26,170,202,1.188118811881188,0.03248697137182411,639,Hang on dearie while I pull you up!
3819,3445,8,25,185,218,1.188073394495413,0.03227876048985505,639,I could color just the tips.
4205,3445,6,29,183,218,1.188073394495413,0.030941275159083736,639,"Hey, can I borrow your conditioner?"
160,3447,7,30,197,234,1.188034188034188,0.030200076172598952,639,It's for toupees… when my hair lets me down.
631,3447,11,22,201,234,1.188034188034188,0.03253881315128819,639,But it’s my donation to the Trump campaign!
2143,3447,8,28,198,234,1.188034188034188,0.03080141296997096,639,Its 'Salvador Dali surrealist' meets 'patriarchy stereotype'.
3699,3447,9,26,199,234,1.188034188034188,0.031391232550867,639,Drive down carefully and watch for those hairpins.
702,3451,10,27,213,250,1.188,0.030567326441531196,639,"Hey, what's up?"
820,3451,7,33,210,250,1.188,0.02894781345135514,639,"Sorry, I may have miscalculated how far up you are."
1740,3451,10,27,213,250,1.188,0.030567326441531196,639,I cut my nails but had to let my hair slide.
2041,3454,7,26,180,213,1.187793427230047,0.032085877944077634,639,I still think styling gel wasn't the best solution to our problem.
224,3455,10,23,196,229,1.1877729257641922,0.03243417751842386,639,The stylist said not to wash it.
1797,3455,10,23,196,229,1.1877729257641922,0.03243417751842386,639,See I told you the stones and Birkenstocks would help the chakra's in my hair realign.
2248,3455,9,25,195,229,1.1877729257641922,0.031838192487697856,639,"Now you just have to fashion a zip line out of the bed frame and — you know, you might have had a point in saying you should grow your hair out instead."
3974,3455,8,27,194,229,1.1877729257641922,0.031230836211519668,639,Trade?
3847,3455,9,25,195,229,1.1877729257641922,0.031838192487697856,639,You wanna come up? The view is great!
2074,3460,7,32,206,245,1.1877551020408164,0.02931219608820859,639,Don't touch the hair!
4583,3460,7,32,206,245,1.1877551020408164,0.02931219608820859,639,"A younger, more chivalrous Donald Trump."
1914,3462,7,28,189,224,1.1875,0.031039086453895137,639,I guess 'static' was a good online descriptor of your status.
902,3462,8,29,203,240,1.1875,0.030271464715324853,639,Now you tell me my conditioner is greasy. Just get me up there like we planned.
2820,3464,9,32,226,267,1.1872659176029963,0.02873348653204399,639,"I could share my conditioning secrets with you, Melania, but you wouldn’t understand."
1175,3465,10,27,214,251,1.1872509960159363,0.030454512664455785,639,"There are stages to hair setting lotion, give it a minute"
2850,3466,7,30,198,235,1.1872340425531915,0.030081933978923964,639,I used to be just like you
3346,3467,6,29,184,219,1.187214611872146,0.03081163707849883,639,Turn around' fair play.
1966,3467,6,29,184,219,1.187214611872146,0.03081163707849883,639,"Thank you, I can never get all the tangles out."
863,3469,7,35,220,262,1.1870229007633588,0.028058535547628393,639,Honest. This wasn't caused by Viagra.
1990,3469,7,35,220,262,1.1870229007633588,0.028058535547628393,639,Just be careful coming down. There's so much product in it it's incredibly brittle.
2237,3469,8,33,221,262,1.1870229007633588,0.028574969463852972,639,I’m ready to come up if you let go of my hair!
1854,3472,4,38,204,246,1.1869918699186992,0.027445399280356657,639,"Girl, how do you not have any split ends?!"
1273,3473,5,33,192,230,1.1869565217391305,0.02921700479822466,639,"It's strong enough, trust me! I hung from it for three days."
2576,3473,5,33,192,230,1.1869565217391305,0.02921700479822466,639,This new inverse gravity has rewritten this fable.
983,3475,9,22,183,214,1.1869158878504673,0.03329273266243888,639,Do you think I need a haircut?
1693,3475,11,18,185,214,1.1869158878504673,0.03458554591286062,639,Want to buy a hat?
99,3477,4,29,165,198,1.1868686868686869,0.031247564058618425,639,"What conditioner do you use?"" Your hair feels fabulous!"
16,3477,6,25,167,198,1.1868686868686869,0.032847505011736305,639,Now climb down my sweet.
3814,3479,9,27,205,241,1.1867219917012448,0.030723612404038623,639,Does this mean you don't want me back?
932,3479,7,31,203,241,1.1867219917012448,0.029576748738340267,639,So the last guy used a bad pick-up line?
33,3479,9,27,205,241,1.1867219917012448,0.030723612404038623,639,"Your hair's to greasy, let's use mine."
2663,3479,6,33,202,241,1.1867219917012448,0.02898630572045308,639,"I know you suggested that I gather pieces of silk to build a ladder, but I thought this would be more efficient."
184,3483,7,28,190,225,1.1866666666666668,0.030912061651652355,639,So do you think I'm using the right conditioner?
1867,3483,8,26,191,225,1.1866666666666668,0.031547394428670265,639,"Yeah, I'm a little codependant!"
1965,3483,5,32,188,225,1.1866666666666668,0.029600514796038205,639,You're gonna have some split ends when your hair is twenty feet long.
3800,3486,9,29,214,252,1.1865079365079365,0.02981692462758775,639,I bought this hat at Kmart for $7.99.
3477,3487,5,34,197,236,1.1864406779661016,0.028736027718318617,639,"Ye Olde Hair Cuttery...but they refused to give me the free shampoo."""
48,3487,7,30,199,236,1.1864406779661016,0.029964701607053848,639,Yes you have hair lice.
989,3487,10,24,202,236,1.1864406779661016,0.031718597422608,639,Let go my hair!!
1036,3487,9,26,201,236,1.1864406779661016,0.03114494173652561,639,"What would please you, Rapunzel? A bouffant or a pompadour?"
1144,3487,5,34,197,236,1.1864406779661016,0.028736027718318617,639,Do you like my bangs?
1401,3487,10,24,202,236,1.1864406779661016,0.031718597422608,639,how am I supposed to climb up?
3616,3487,8,28,200,236,1.1864406779661016,0.030560519777740613,639,"Romeo, Romeo...wherefore art thou...seriously!!"
3572,3487,8,28,200,236,1.1864406779661016,0.030560519777740613,639,OK. So the mousse isn't working.  Let's try the hair gel.
2105,3495,4,33,183,220,1.1863636363636363,0.0292989525401152,639,"No, I think you need a fine-toothed broom!"
1214,3495,10,21,189,220,1.1863636363636363,0.033279041789669714,639,Now just slide down the hair gel.
3258,3495,5,31,184,220,1.1863636363636363,0.029998993655838406,639,I figured it'd make you feel better while I thought of a plan.
384,3498,5,28,171,204,1.1862745098039216,0.03143496881274051,639,"But if I don't keep it in a man-bun, it gets really unruly."
257,3499,7,32,208,247,1.1862348178137652,0.02909415416311861,639,you don't need to read the fine hair print
477,3499,10,26,211,247,1.1862348178137652,0.03074436099836577,639,You weren't supposed to be the one to jump!
691,3499,6,34,207,247,1.1862348178137652,0.028522876740559283,639,I’m trying out a new gel.
2549,3499,7,32,208,247,1.1862348178137652,0.02909415416311861,639,"Romeo,Romeo!  What are you suggesting?"
2629,3499,4,38,205,247,1.1862348178137652,0.027344540218054308,639,It's called a perm.
3676,3504,5,33,193,231,1.1861471861471862,0.02910150560326765,639,It’ll never work!!!
3653,3504,4,35,192,231,1.1861471861471862,0.028447392015308416,639,"Well, maybe if you let down your hair....and we braid them together, let me see, how would this work...."
1396,3504,8,27,196,231,1.1861471861471862,0.030981093849155407,639,Can you give it some body so it won't fall flat?
2525,3507,7,31,204,242,1.1859504132231404,0.029464381529215787,639,Do these ends justify the notice of intent?
2495,3507,8,29,205,242,1.1859504132231404,0.030040675020775228,639,Tie my ear hair up and slide down.
3776,3509,10,22,194,226,1.1858407079646018,0.03264621907317267,639,"I got a hair thing too, Rep."
1972,3509,4,34,188,226,1.1858407079646018,0.028806030951583957,639,Can you rescue these split ends?
2259,3509,5,32,189,226,1.1858407079646018,0.029480820645779317,639,I'm kind of in a switched up situation here.
530,3512,7,30,200,237,1.1856540084388185,0.0298483687447995,639,I'd like to add you to my LinkedIn network
815,3512,8,28,201,237,1.1856540084388185,0.030441465511882315,639,It's the mousse
1177,3512,7,30,200,237,1.1856540084388185,0.0298483687447995,639,I'm committed to #metoo.
2213,3512,6,32,199,237,1.1856540084388185,0.02924324556098257,639,"It's a new concept, I call it rapid transit."
2994,3512,9,26,202,237,1.1856540084388185,0.03102322562688666,639,"LEZNUPAR TEL
OG
FO
YM
RIAH"
929,3517,5,31,185,221,1.1855203619909502,0.029874846979903103,639,I switched to a sulfate-free shampoo.
2373,3517,8,25,188,221,1.1855203619909502,0.031873382121004545,639,I thought this was supposed to be easier.
827,3517,6,29,186,221,1.1855203619909502,0.03055555297037852,639,"Repunzel, don’t pull my hair."
1043,3517,6,29,186,221,1.1855203619909502,0.03055555297037852,639,"I mean, you are stuck in a tower all day. You couldn't have done this?"
2641,3521,7,32,209,248,1.185483870967742,0.02898633054089236,639,"Rapunzel, Rapunzel, slide down my hair"". ""Oh, Charles, you're so hopeless"""
2047,3521,6,34,208,248,1.185483870967742,0.028417556111588717,639,Comb overs never work!
382,3523,5,28,172,205,1.1853658536585365,0.03129444617776174,639,"You have a home, means, and I believe in feminine equality."
1190,3524,8,27,197,232,1.1853448275862069,0.03085769878850637,639,I really can't see any dandruff from up here.Switch positions with me.
1850,3525,8,24,184,216,1.1851851851851851,0.03234736655448441,639,You say split-ends will cushion my fall?
2548,3525,7,31,205,243,1.1851851851851851,0.02935285483865774,639,Although I appreciate your attempt to empathize...this is gross
763,3527,7,33,214,254,1.18503937007874,0.028529016629826473,639,"We can discuss my split ends later, 
after you throw down all your scrunchies."
509,3528,5,32,190,227,1.1850220264317182,0.02936207743269301,639,"It’s this new strong hold
pomade — pretty great, right!?"
3757,3528,9,24,194,227,1.1850220264317182,0.03190722380214795,639,"Frankly, Fair Maid, I miss my pageboy."
3945,3530,7,30,201,238,1.184873949579832,0.029732925232177174,639,It’s a new gel. You’ll love it.
3532,3531,3,40,206,249,1.1847389558232932,0.02654172457498646,639,"I started using a new conditioner, what do you think?"
4464,3532,7,27,188,222,1.1846846846846846,0.031091698779408,639,"Shampoo, blow dry, and style!"
1491,3532,5,31,186,222,1.1846846846846846,0.02975170986170781,639,I swear I don't moisturize
766,3532,6,29,187,222,1.1846846846846846,0.030429081260240857,639,The Grimm tale of Leznupar!
4213,3535,10,28,222,260,1.1846153846153846,0.029634558070826458,639,"My love, you cannot be serious!  Cooties?"
2125,3536,6,31,196,233,1.184549356223176,0.02950694229121856,639,"Fool! I told you just a dab of Cremo would do it but no, you used the entire bottle."
546,3536,9,25,199,233,1.184549356223176,0.03133138438564682,639,It all came out when I came out.
1044,3536,9,25,199,233,1.184549356223176,0.03133138438564682,639,I thought I am the one who supposed to be up?
1328,3536,10,23,200,233,1.184549356223176,0.03191636438520377,639,"How?...Did happen to catch the film ""Something About Mary""?"
1606,3536,8,27,198,233,1.184549356223176,0.030735272562207788,639,Great comb over.
4528,3541,9,27,208,244,1.1844262295081966,0.030373781686069756,639,"Three hours later...""dude I'm so sorry about the gum"""
727,3542,9,24,195,228,1.1842105263157894,0.03177733494863049,639,Just make sure the suspenders are not attached to your underwear.
4110,3543,4,36,199,239,1.1841004184100419,0.027780672933704325,639,More hairspray!
3466,3544,7,32,211,250,1.184,0.028773035123198305,639,"Trying to help you escape has become a hair-raising experience! Rapunzel, Rapunzel, slide down my hair."
950,3545,5,29,178,212,1.1839622641509433,0.030578154147868217,639,Mega- hair extensions for the lady in waiting.
1194,3546,7,27,189,223,1.1838565022421526,0.03096303796782514,639,On belay!
1316,3546,8,25,190,223,1.1838565022421526,0.03160868335972155,639,Please? Your story inspired me but I added my own creative twist. It’s my only shot at fame.
4422,3546,5,31,187,223,1.1838565022421526,0.029629570248666567,639,"Get up here, I'm not getting trapped by myself."
1324,3549,7,36,229,272,1.1838235294117647,0.027268179397998055,639,That's all I can spare.
2885,3550,6,24,166,196,1.183673469387755,0.032907174482851236,639,"-There is not exactly the erection, then I've expected."
3714,3550,5,35,205,245,1.183673469387755,0.02796029478149626,639,Elevator or escalator; it's all good.
3394,3552,8,24,186,218,1.18348623853211,0.03207232137252529,639,What do you mean - lice?
1631,3552,9,22,187,218,1.18348623853211,0.032724787751308486,639,Shampoo?  What's that?
3522,3552,5,30,183,218,1.18348623853211,0.030029984894861333,639,Don't forget the eggs
4184,3555,6,30,193,229,1.1834061135371179,0.029777689294728942,639,"Oh, letting your hair up!  Let's party."
4038,3555,7,28,194,229,1.1834061135371179,0.03041407815710262,639,"Rapunzel, don't hesitate, it's a non-staining gel."
3666,3555,4,34,191,229,1.1834061135371179,0.028462256391712005,639,Neutrogena. See What's Possible
885,3558,6,32,202,240,1.1833333333333333,0.028907746947242074,639,I told you not to get it in my hair!
1522,3558,8,28,204,240,1.1833333333333333,0.030089746435277318,639,Whoever did your color owes you a makeover
1125,3560,7,32,212,251,1.1832669322709164,0.028667546545681412,639,Find any lice yet?
540,3560,4,38,209,251,1.1832669322709164,0.02694829670068838,639,"This way, no one can ever accuse me of taking advantage of you.  That ""ME TOO"" movement is scary!"
3961,3562,6,27,180,213,1.1830985915492958,0.03116537791552995,639,Watch out for my weave
643,3563,9,23,192,224,1.1830357142857142,0.03210763738815452,639,"She: See how it feels?
He: Ow! OK, OK, I won't pull your hair anymore."
3803,3563,7,27,190,224,1.1830357142857142,0.030835426133756783,639,Are you sure I put enough gel ?
2042,3563,7,27,190,224,1.1830357142857142,0.030835426133756783,639,"Sorry, Prince Charming had longer hair."
1781,3566,7,29,199,235,1.1829787234042553,0.02989096841204505,639,How did I get entangled in that situation?
2092,3566,5,33,197,235,1.1829787234042553,0.02864837681854701,639,Nice and easy.
4359,3568,7,31,208,246,1.1829268292682926,0.029023225991793973,639,I tried the new conditioner you suggested.  What do you think?
3425,3569,5,37,215,257,1.1828793774319066,0.02712420913151496,639,"Yeah, it IS super glue but work with me. Slide down and help me bend it into a bun."
696,3570,5,28,175,208,1.1826923076923077,0.030880222981667996,639,My name is Lesnuper. Why do you ask?
296,3571,9,22,188,219,1.182648401826484,0.03258578966180869,639,I always pictured YOU at the bottom of a deep pit.
1578,3571,5,30,184,219,1.182648401826484,0.02990428642784214,639,"Stop. I'll get a haircut, I promise."""
1918,3571,5,30,184,219,1.182648401826484,0.02990428642784214,639,"It’s not you, it’s my split ends."
1314,3574,9,26,206,241,1.1825726141078838,0.03054563876168163,639,How do my ends look?
1729,3575,9,28,215,252,1.1825396825396826,0.029649178368960673,639,"What do you think, Perm or Afro?"
4402,3576,7,27,191,225,1.1822222222222223,0.030708850673709306,639,"You know gravity is working against me, Rapunzel, or I would never use so much mousse!"
536,3576,8,25,192,225,1.1822222222222223,0.031348302177035305,639,"The dark witch prescribed eye of newt, net of Aqua, and Bumble of Bumble."
3126,3576,7,27,191,225,1.1822222222222223,0.030708850673709306,639,"I told you the hair transplant, extensions, Rogaine, and enough ""product"" would work. Wont you please come down now?"
4376,3576,6,29,190,225,1.1822222222222223,0.03005579761073788,639,It's just geometry. I use volume-boosting shampoo and area-reducing conditioner.
4333,3580,6,31,199,236,1.1822033898305084,0.029162258631254292,639,"Beam me up, Rapunzel.  I'm tired of waiting."
3411,3580,7,29,200,236,1.1822033898305084,0.0297741390330949,639,I wouldn't if I were you!
918,3580,5,33,198,236,1.1822033898305084,0.028537261637905376,639,Will you marry me?
85,3580,3,37,196,236,1.1822033898305084,0.027244288363223332,639,"Get a good grip, I used a lot of conditioner."
872,3580,10,23,203,236,1.1822033898305084,0.031538634010048125,639,Just be careful with the split ends.
77,3585,7,28,196,231,1.1818181818181819,0.030170990327203887,639,I told you I should be going on top.
1004,3585,2,36,182,220,1.1818181818181819,0.027609652600383054,639,"This perm cost me a bundle, so I sure hope you'll say yes!"
1890,3585,7,28,196,231,1.1818181818181819,0.030170990327203887,639,"Can you give me cornrows? Please? Come on! I know you know how to do it. No one's gonna find out. Just gimme cornrows, I wanna know what it's like."
3081,3585,10,28,226,264,1.1818181818181819,0.02921780710848218,639,"It's called pomade, not pomiracle..."
3823,3585,8,22,179,209,1.1818181818181819,0.032912716336456115,639,"No, too much hair gel. Rescuers would slip"
427,3590,6,33,209,248,1.1814516129032258,0.028235133442846932,639,"Man! Man, that is one Isle of Man Bun."
4214,3591,5,33,199,237,1.1814345991561181,0.028426993781885273,639,"The pharmacist warned me it's just an Old Wives' tale, and I should take two a day."
2785,3591,7,29,201,237,1.1814345991561181,0.02965820943763358,639,I think the Hair and Makeup Department gave me the extensions instead and I'm not mad.
2487,3593,9,23,194,226,1.1814159292035398,0.03184338113914351,639,Did you realize how many split ends that you have?
2962,3593,8,25,193,226,1.1814159292035398,0.0312196981985375,639,Just give it a good pull and I will be with a you
191,3595,7,23,174,204,1.1813725490196079,0.03270287181482081,639,Belay on!
2166,3595,7,23,174,204,1.1813725490196079,0.03270287181482081,639,"Trumpunzel, let up your hair! So I can climb down to your level ..."
923,3595,9,19,176,204,1.1813725490196079,0.03414774055803173,639,Why can’t the combover have a time to shine.
2068,3595,4,29,171,204,1.1813725490196079,0.030407109111415632,639,It's called sympathy hair.
3090,3599,9,28,217,254,1.1811023622047243,0.029432742270350424,639,Get you a man who can do both.
2139,3600,5,32,195,232,1.1810344827586208,0.028782243134548822,639,Got a block and tackle?
2693,3600,10,22,200,232,1.1810344827586208,0.03185926135423582,639,"Let me see if I grasp this, Ms. Rapunzel, you’d like to flip my house?"
2466,3602,6,28,187,221,1.1809954751131222,0.030341597281892042,639,Don't worry. It'll hold you-I've laced it with epoxy. Now climb down. We're going to MY  place for once.
725,3603,8,22,180,210,1.180952380952381,0.03276705465360523,639,There’s something about Rapunzel
1188,3604,3,37,198,238,1.180672268907563,0.027036456415012764,639,I'm in a bit of a hairy situation!
475,3605,10,21,196,227,1.1806167400881058,0.03232167278596105,639,"Rapunzel!  Good news: You're free!!  Bad news: 1) if the hairspray doesn't hold, you fall on me and I die.  Or 2), if the hairspray does hold, your weight breaks my neck and I die. I, Prince Shlemazel, so decree this day of freedom: ""Shlepunzel Day!"""
624,3605,7,27,193,227,1.1806167400881058,0.030458759445930534,639,"By royal decree, all ingress and egress now require a second point of access."
1749,3605,7,27,193,227,1.1806167400881058,0.030458759445930534,639,Want to slide down on my hair product?
3592,3608,9,21,186,216,1.1805555555555556,0.032798793245449404,639,Shall we attempt to reverse our fate?
1244,3609,6,23,165,194,1.1804123711340206,0.03296405779976878,639,My parents think you look like a hippie that's high on something.
2888,3610,10,26,219,255,1.1803921568627451,0.029847525857591154,639,"Rapunzel, Rapunzel, pull up my golden hair!"
620,3611,9,26,209,244,1.180327868852459,0.030196899819813498,639,It's called a prenup!
4029,3611,6,32,206,244,1.180327868852459,0.028472068215405846,639,I thought you were using the anti-dandruff shampoo.
2628,3611,7,30,207,244,1.180327868852459,0.029058390042884918,639,I prefer blondes
4485,3614,9,24,200,233,1.1802575107296138,0.031143297795563938,639,Let me try your conditioner.  My hair has too many split ends.
2334,3614,8,26,199,233,1.1802575107296138,0.030543515343444464,639,"'' i came here just for a  haircut"""
1520,3614,6,30,197,233,1.1802575107296138,0.02930714918649248,639,It took me 18 years to get it this long. Just give it another 16 or so and someone can help you down.
122,3617,8,24,190,222,1.1801801801801801,0.03153589888050303,639,What's wrong with this picture ?
1246,3618,8,31,222,261,1.1800766283524904,0.0283489057084984,639,"Well, after you told me that the tower was rent controlled..."
1968,3619,6,31,202,239,1.1799163179916319,0.028825441139050535,639,It isn't working this way. How strong is your neck?
3416,3619,7,29,203,239,1.1799163179916319,0.029429008895621993,639,Well...you see...uh...I just liked your look.
4046,3619,5,33,201,239,1.1799163179916319,0.028208962213153742,639,We might have split ends.
2606,3622,6,29,193,228,1.1798245614035088,0.02969145796463515,639,"I’m not coming down, you comb first"
2094,3622,8,25,195,228,1.1798245614035088,0.03096560029116549,639,Don’t worry. I used all the hair spray and gel in the kingdom.
2282,3622,7,27,194,228,1.1798245614035088,0.030335219444219654,639,"I’d like it braided Rasta-style, please."
698,3625,6,27,184,217,1.1797235023041475,0.030635438825159955,639,"Work that conditioner in real well, Murleen; I've got a lot of split ends."
3184,3625,7,25,185,217,1.1797235023041475,0.03132410428916085,639,I'm here to build the rest of the castle.
4067,3627,6,34,216,256,1.1796875,0.027601854324163674,639,My bed-head is your savior.
1830,3628,8,28,209,245,1.1795918367346938,0.029521090776996335,639,Like my hair extensions!
4048,3628,9,26,210,245,1.1795918367346938,0.030082400270201495,639,Holy shit your ends are split.
883,3630,10,22,202,234,1.1794871794871795,0.03160523788263638,639,"If you come down instead, you won’t have to worry about the white carpet!"
3398,3631,5,35,211,251,1.1792828685258965,0.027348210839411184,639,I understand that you like long hair!
1657,3632,6,26,180,212,1.179245283018868,0.03107247186295638,639,Just ignore the frayed ends...
2772,3633,5,33,202,240,1.1791666666666667,0.02810117992794309,639,"Don't worry, I used Brill Cream"
739,3633,9,25,206,240,1.1791666666666667,0.030481901635062616,639,"I can’t cut it quite yet, it takes a lot of hair to make a combover."
618,3635,4,33,192,229,1.1790393013100438,0.028246931809245757,639,Your carrier pigeon ate part of your instructions. Is there a problem?
1601,3636,5,36,216,257,1.178988326848249,0.026944822926973817,639,Your hair is structurally unsound
1917,3637,5,24,161,190,1.1789473684210525,0.03249393811628204,639,How are the split ends looking?
2934,3638,5,29,184,218,1.1788990825688073,0.029804722390325934,639,"OK then, let's try the man bun flop."
4339,3639,4,36,206,246,1.1788617886178863,0.02705931311205289,639,Let me see that plan you drew up.
1810,3640,7,28,200,235,1.1787234042553192,0.029696169219106505,639,"Look here Samson, I'm no Delilah when I come down"
336,3641,6,28,190,224,1.1785714285714286,0.029966730583883657,639,I’ve been waiting for a strong wind.
372,3641,7,31,214,252,1.1785714285714286,0.02838545367224306,639,and I wasn't expecting a dunce!
1410,3641,5,30,189,224,1.1785714285714286,0.029291065275739714,639,"I used the best gel from the finest toads in the land, don't worry..."
2500,3641,5,30,189,224,1.1785714285714286,0.029291065275739714,639,Can I borrow a cup of detangler?
2619,3641,4,37,211,252,1.1785714285714286,0.026662245208971893,639,"Sorry, I failed physics 101..........."
3166,3641,4,32,188,224,1.1785714285714286,0.028599441744345665,639,"Rapunzel, Rapunzel, let up your hair."
174,3647,3,37,201,241,1.1784232365145229,0.026730495283662083,639,I used too much starch.
3813,3647,7,29,205,241,1.1784232365145229,0.02920328687930945,639,The gel allows you to slide down.
2168,3649,4,30,179,213,1.1784037558685445,0.029471327703968035,639,"Well, it's stiff now, but I just don't think your hairspray can support my weight."
497,3649,7,24,182,213,1.1784037558685445,0.03164540827008654,639,I got the idea from my barista
3563,3651,4,33,193,230,1.1782608695652175,0.028134621839258613,639,"I'm sorry, what exactly did you think I was gonna toss you that high up?"
472,3651,6,29,195,230,1.1782608695652175,0.02945337852452489,639,My stylist? Freddie Mercury at Lottamoussse did my fandango.
4058,3651,8,25,197,230,1.1782608695652175,0.03071556717659305,639,"Lice, lice and more lice!"
1768,3654,3,38,206,247,1.1781376518218623,0.02634172914432271,639,"Don't be afraid, I sprayed it with 3 cans of Aqua-Net!"
295,3655,5,29,185,219,1.178082191780822,0.02967955967365307,639,"Believe me, It's been a hell of a quest."
4569,3656,6,30,200,236,1.1779661016949152,0.028963779726420964,639,It’s a fifteenpée.
3702,3657,8,29,216,253,1.1778656126482214,0.02883109977619667,639,I need a haircut.
58,3658,1,38,186,225,1.1777777777777778,0.02631045151468378,639,It should be slick enough for you to slide on down!
2458,3659,9,25,208,242,1.177685950413223,0.030247514127701703,639,"Bitch, get off my hair."
3901,3660,8,19,170,197,1.1776649746192893,0.03405565714074864,639,"My dearest Rapunzel, I warned you to translate our Grimm fairy tale verbatim! Let down YOUR hair!"
3826,3661,6,26,182,214,1.1775700934579438,0.030804069736186435,639,Wow!  What was exactly the name of that horse shampoo?
3244,3661,2,34,178,214,1.1775700934579438,0.027809761530727034,639,Even more hair gel??
1692,3661,8,22,184,214,1.1775700934579438,0.03219696647620398,639,Try cold water next time you shower.
75,3664,7,25,188,220,1.1772727272727272,0.030928070260202143,639,People said no one will dress up like Ace Ventura 800 years before the movie comes out but I showed them.
2831,3664,6,27,187,220,1.1772727272727272,0.03024953767588672,639,"Be sure to get all the nits out, too."
3688,3664,7,25,188,220,1.1772727272727272,0.030928070260202143,639,"So, is it Rapunzel or Bridgette Jones that's fake fiction?"
856,3667,7,28,202,237,1.1772151898734178,0.029464262776655915,639,Too much hair gel?
3762,3667,8,26,203,237,1.1772151898734178,0.030064937830593098,639,I used a lot of hair goo.
3306,3669,8,29,217,254,1.1771653543307086,0.028725903635623763,639,Can rapeseed oil really take care of my split ends?
2692,3669,5,35,214,254,1.1771653543307086,0.027051982626321216,639,"No,not gaol. Gel!"
3745,3671,6,25,178,209,1.1770334928229664,0.03124876175888745,639,"I realize it doesn't help you out, but I thought you were looking for someone who would flip the gender narrative."
4119,3671,6,25,178,209,1.1770334928229664,0.03124876175888745,639,What is the Shampoo you are using? I think you got split ends.
79,3673,8,24,194,226,1.176991150442478,0.031016966201993894,639,I do expect to be reimbursed for the hair gel
1189,3673,7,26,193,226,1.176991150442478,0.030376320145972857,639,Needs more hairspray before it will take my weight.
1963,3675,8,30,222,260,1.176923076923077,0.028281524817422635,639,"I prefer ""they / them / theirs."""
2923,3676,3,32,180,215,1.1767441860465115,0.02846646292803097,639,Our therapist did suggest I start helping out with the heavy lifting in this relationship.
4507,3676,5,28,182,215,1.1767441860465115,0.029954584522055933,639,It's the version inspired by me-too.
2553,3676,6,26,183,215,1.1767441860465115,0.03067158204294341,639,How do I get rid of the dandruff?
669,3676,4,30,181,215,1.1767441860465115,0.029219998678319224,639,I’’m nervous because I don’t think you use the same conditioner strength as I.
2276,3680,9,23,200,232,1.1767241379310345,0.031075868890076776,639,"Rapunzel, Rapunzel, let down your hair fare."
1256,3681,8,28,213,249,1.176706827309237,0.02908126493427306,639,"And thus the phrase, ""Ladies First,"" was born."
2184,3681,9,26,214,249,1.176706827309237,0.029632880135980928,639,I would but I’m saving it for Locks of Love
2243,3681,8,28,213,249,1.176706827309237,0.02908126493427306,639,I SPENT MY LAST SHEKEL ON HAIR SPRAY!
419,3684,7,25,189,221,1.1764705882352942,0.030798253788513887,639,"The role has changed my friend you, you give me your hair.​"
1514,3684,6,33,216,255,1.1764705882352942,0.027521469303945466,639,Have you never heard of a male bun?
4494,3684,7,25,189,221,1.1764705882352942,0.030798253788513887,639,"Sir Walter, when did you join the Whig Party?"
3667,3687,8,27,209,244,1.1762295081967213,0.029449436273522395,639,Help.  I have split ends.
47,3688,5,30,192,227,1.1762114537444934,0.028934916344254016,639,"Rogaine, Rogaine, let down your shears."
4530,3688,7,26,194,227,1.1762114537444934,0.03025225700088221,639,"If I can climb down your hair, it’s totally safe to climb down mine!"
1765,3688,5,30,192,227,1.1762114537444934,0.028934916344254016,639,There was an explosion at the Aquanet factory. Can you help?
1427,3688,7,26,194,227,1.1762114537444934,0.03025225700088221,639,"Yes, I'm an equal opportunity lover!"
3886,3692,7,23,180,210,1.1761904761904762,0.03183495558223764,639,I used hair gel.  Now try.
2539,3693,5,31,197,233,1.1759656652360515,0.02846051445224894,639,I wanted to show you how woke I am
1293,3693,6,29,198,233,1.1759656652360515,0.02910325670667496,639,"I discovered hair gel and 
thought I'd be a gentleman"
3155,3693,9,23,201,233,1.1759656652360515,0.03095150327655301,639,"The trick is pig's grease, lots!"
3406,3696,8,22,186,216,1.1759259259259258,0.03191923445686189,639,Lesnupar is the name and  not only am I the owner I am a member. Hair ladders for them.
3765,3697,4,27,168,199,1.1758793969849246,0.03057916037308045,639,You must have gotten the hard to hold gel.
1731,3698,5,35,216,256,1.17578125,0.02685799272341713,639,I swear I don't have lice.
343,3699,7,28,204,239,1.1757322175732217,0.029235914595912623,639,"Beam me up, Scotty."
169,3699,8,26,205,239,1.1757322175732217,0.0298311784879047,639,"Rapunzel, Rapunzel! What do you think of my my new updo?"
1185,3699,8,26,205,239,1.1757322175732217,0.0298311784879047,639,You could if I used hair spray....
1054,3702,5,29,188,222,1.1756756756756757,0.029310228450830766,639,"Yes, this WILL work - so long as you don’t let go."
1967,3703,7,29,209,245,1.1755102040816328,0.028761970386665364,639,"Donaldo, Donaldo, what did you want my golden hair for?"
769,3704,5,30,193,228,1.1754385964912282,0.028818094572346714,639,I love you more than my man bun.
1035,3704,7,26,195,228,1.1754385964912282,0.030129193485841126,639,"Dad, it's not this hard for mom to do my hair."
2573,3706,10,27,231,268,1.1753731343283582,0.02865553287985835,639,so THIS is what a feminist looks like?
1542,3707,5,27,179,211,1.1753554502369667,0.0302371012435029,639,"Repunzel, Repunzel, I need to borrow your shampoo."
3985,3708,7,30,214,251,1.1752988047808766,0.028308728424537306,639,Is there a bird caught up in there?
2670,3709,5,24,165,194,1.175257731958763,0.031874824075508484,639,"If you must know, it's from an old Blarney Stone accident."
4033,3710,8,25,201,234,1.1752136752136753,0.030227315589695644,639,I told you not to use so much styling gel.
2362,3710,7,27,200,234,1.1752136752136753,0.02961432369045663,639,Things will get even more hairy if you don't step on it.
1129,3712,6,26,185,217,1.1751152073732718,0.030409962022885026,639,Is this a “leave your shoes at the nonexistent door” tower?
632,3713,7,28,205,240,1.175,0.029123049674015973,639,Your hair's got really bad split ends.
1798,3713,8,26,206,240,1.175,0.029715644462167602,639,"Yes, I use Dove Hair Care for Men."
161,3713,5,32,203,240,1.175,0.027900125722686287,639,"Juliet, if I trim my pony tail to make a man-bun, you could braid the remainder into an escape rope."""
2236,3716,8,23,192,223,1.1748878923766817,0.031196196667040946,639,Ever have a bad hair day?
3054,3716,7,25,191,223,1.1748878923766817,0.03054183267177233,639,"Pardon my lady, you may recall it has been a fortnight apart."
1956,3718,8,27,211,246,1.1747967479674797,0.02922701401198983,639,I kind of went overboard after that botched scalp reduction surgery.
2723,3718,7,29,210,246,1.1747967479674797,0.028653696842599715,639,Rapunzil just grab the hair and jump...I’m getting a headache!
3436,3718,7,29,210,246,1.1747967479674797,0.028653696842599715,639,I might as well braid this while I'm stuck up here.
464,3721,6,24,176,206,1.174757281553398,0.03142700417824092,639,I can't believe it's a dandruff shampoo!
1856,3722,7,26,196,229,1.1746724890829694,0.030007117709698845,639,"And, exactly how long did it take you to grow this?"
4059,3723,12,17,206,235,1.174468085106383,0.03243380055795459,639,"Rapunzel! Thou shalt smeagan thine luscious locks.""
Having been trapped in a tower all her life, Rapunzel didn't understand and could only admire the smell of the almond Head & Shoulders he used"
4013,3724,5,28,185,218,1.1743119266055047,0.029574465764589424,639,"Two people try to use the famously effective tower traversal method of climbing a woman's extremely long hair, but—in an unexpected twist–the woman is the one on the ground, foilng their otherwise-realistic plan...to humorous effect!"
2904,3725,7,28,206,241,1.1742738589211619,0.02901104440014633,639,I don't think that's how phrenology works.
4490,3726,3,33,188,224,1.1741071428571428,0.02765738169283289,639,"This is the last time we sit through a sales pitch for a timeshare, sight unseen, Rapunzel."
4157,3726,4,31,189,224,1.1741071428571428,0.028371979116770675,639,NtMy pharmacist thinks its the combination of steroids for joint pains and Rogaine.
2906,3726,5,29,190,224,1.1741071428571428,0.02906901504870598,639,Come away with mr!  My name is Prince Rogaine.
187,3726,7,25,192,224,1.1741071428571428,0.030415201950681533,639,"Hey easy!  I'm just like Donald  Trump-this is my real  hair.!"""
2437,3726,6,27,191,224,1.1741071428571428,0.029749723911346105,639,Realm rents are impossible.  We're gonna have to live at your place for awhile.
3393,3731,6,28,196,230,1.173913043478261,0.02924383336107079,639,Not another thing about being stuck in the '80s ever again.
291,3731,6,28,196,230,1.173913043478261,0.02924383336107079,639,"See, I told you, no gray hairs"""
2520,3731,6,28,196,230,1.173913043478261,0.02924383336107079,639,"I don't have lice, I promise."
2916,3731,5,30,195,230,1.173913043478261,0.028587226333008402,639,You use the president’s barber?” Tatia
3454,3731,4,32,194,230,1.173913043478261,0.027915179189452122,639,Can you not love an acrophobic?
3578,3731,6,32,215,253,1.173913043478261,0.027537717772227195,639,I prefer someone with blond hair. No offense
4020,3737,5,31,200,236,1.173728813559322,0.028127369441904474,639,"Truth to the jingle: ""Brylcreem — A Little Dab'll Do Ya! Brylcreem — You'll look so debonair. Brylcreem — The gals'll all pursue ya; they'll love to run their fingers through your hair!"""
593,3737,7,27,202,236,1.173728813559322,0.02938150719573761,639,Do you really miss me that much?
984,3737,6,29,201,236,1.173728813559322,0.02876127497881972,639,"Don't worry, I used a ton of mousse."
1549,3737,9,23,204,236,1.173728813559322,0.030584260959928073,639,"Oh  Rapunzel - Rapunzel, Let me climb up!"
2858,3737,6,29,201,236,1.173728813559322,0.02876127497881972,639,I'm NOT coming down until I get that lice out from the last century!
3531,3742,7,23,183,213,1.1737089201877935,0.031417894700066035,639,Screw tradition.  I'm saying we can copyright this and maybe get royalties.
3372,3742,6,25,182,213,1.1737089201877935,0.03070493779078279,639,"Rapunzel, Rapunzel, less product, , please!!"
1111,3744,9,24,209,242,1.1735537190082646,0.03006307276459718,639,"Like I said, this just wasn’t the time to insist on ladies first!"
30,3745,5,28,186,219,1.17351598173516,0.02944987081748154,639,"I used the non-cheap extra firm hold spray, just slide down Stephanie!!!"
4254,3746,3,37,208,248,1.1733870967741935,0.026042441211706898,639,"I sprayed it with liquid starch, so you can slip right on down."
1203,3746,7,29,212,248,1.1733870967741935,0.028439553367581454,639,"Just give me 2 minutes, I need to do my hair"
3293,3748,4,31,190,225,1.1733333333333333,0.02825619752218438,639,Wait till Locks of Love catches sight of you!
1409,3749,7,26,198,231,1.173160173160173,0.029765882731261063,639,Get it stiff quickly
1775,3749,5,30,196,231,1.173160173160173,0.028473158289210113,639,Then how about your golden brassiere instead?
3503,3751,6,24,178,208,1.1730769230769231,0.031146654000042066,639,You’d better use my hair to climb up; you have split ends..
3525,3751,7,22,179,208,1.1730769230769231,0.03188361944331276,639,Jealous of my jell?
4309,3751,4,28,176,208,1.1730769230769231,0.029617761370215444,639,"I know, I should use a conditioner."
3026,3754,3,35,199,237,1.1729957805907174,0.026711317364724218,639,"Rapunzel, can you tie a true lover's knot?"
1230,3755,9,28,229,266,1.1729323308270676,0.028197143754329537,639,I got up at 6 a.m. Of course I'm woke.
3151,3756,6,25,183,214,1.1728971962616823,0.030571898027795603,639,My name is Hillary. Lock me up.
1425,3757,7,28,208,243,1.1728395061728396,0.0287895742724594,639,Now watch me nae nae
517,3758,7,24,189,220,1.1727272727272726,0.03070919170028886,639,My brother is Grimm.
4432,3759,8,23,195,226,1.1725663716814159,0.030810076217808898,639,Could you please stop tossing your hair about; I can jump the distance.
2033,3759,5,29,192,226,1.1725663716814159,0.02883169603495792,639,I thought I was supposed to climb up.
3692,3759,4,31,191,226,1.1725663716814159,0.028141345552180213,639,It'll have to do--hairspray is expensive!
1713,3759,6,27,193,226,1.1725663716814159,0.029505898783416227,639,"...and Now,  ""Feminism in Fables"""
3640,3759,9,21,196,226,1.1725663716814159,0.0314418854923204,639,"«Be careful, It’s still a little damp from the lice treatment. »"
68,3759,7,25,194,226,1.1725663716814159,0.030165036545348297,639,Pull harder! The curtain opens in ten!
3626,3765,10,24,221,255,1.1725490196078432,0.029510923373944353,639,Got a winch?
383,3766,3,34,195,232,1.1724137931034482,0.02701205006209105,639,"I thought what I really want is you out of there, so..."
402,3766,8,29,224,261,1.1724137931034482,0.02801029749131193,639,What are split ends?
1662,3766,8,29,224,261,1.1724137931034482,0.02801029749131193,639,I hope this rescue is worth my hair
3495,3766,8,24,200,232,1.1724137931034482,0.030269553395088838,639,I don’t really like it out here anymore. Pull me up?
2795,3770,10,21,207,238,1.1722689075630253,0.030922930228308443,639,I thought you could maybe swing down if it was long enough.
795,3771,6,24,179,209,1.1722488038277512,0.031008328700516077,639,"It’s the economy, stupid."
1374,3771,3,30,176,209,1.1722488038277512,0.028696630010112145,639,I know it's a mess. Ever since Bendels closed I've been at a loss.
1962,3773,8,26,210,244,1.1721311475409837,0.029262244532121222,639,New Haircut?
1107,3773,7,28,209,244,1.1721311475409837,0.028680090509549457,639,dandruff!?
1734,3773,12,18,214,244,1.1721311475409837,0.031483398938877236,639,Today’s forecast is for partly cloudy skies with winds from the west gusting to 16 kilometers per hour.
1885,3773,5,32,207,244,1.1721311475409837,0.02747880755768943,639,Told you not to use moisturizer.
3093,3777,7,23,185,215,1.172093023255814,0.031145820264745144,639,"Rapunzel, Rapunzel, let down ... Oh, fuhgeddaboudit!"""
3236,3777,3,31,181,215,1.172093023255814,0.02821678357736308,639,Tell the dry cleaner I need it back by Tuesday.
154,3777,7,23,185,215,1.172093023255814,0.031145820264745144,639,"I said ""Part it""."
1407,3780,4,35,211,250,1.172,0.026466315638067475,639,I feel we're ready for the ups and downs of a life together
4418,3780,9,25,216,250,1.172,0.029344649149971782,639,"Rapurel's gone for the day. I am Salome,the royal hairdresser and have I got a ""do"" for you!"
3866,3782,5,28,188,221,1.1719457013574661,0.029203770453988528,639,"Rogaine works, darling."
3384,3782,5,28,188,221,1.1719457013574661,0.029203770453988528,639,"If you use a strong hairspray, you could slide down."
852,3784,10,24,222,256,1.171875,0.029403146715355242,639,Connect the end of your hair to mine and let's see if they glow!
3808,3784,9,26,221,256,1.171875,0.028877461485780655,639,"If you cut it close, I can use it for a weaving."
3363,3786,3,33,191,227,1.171806167400881,0.02732308550204577,639,"Rapunzel, Rapunzel behold my awesome updo!

Carl Scheidenhelm,
San Francisco"
1451,3786,8,23,196,227,1.171806167400881,0.030683467467811143,639,Don Jr. said it would hold up anything!
2753,3786,8,23,196,227,1.171806167400881,0.030683467467811143,639,Thank goodness you brought the LARGE tube of hair gel.
759,3789,10,25,227,262,1.1717557251908397,0.028939861936085807,639,I am hair for you.  There is no need to drop your locks.
721,3790,8,24,201,233,1.1716738197424892,0.0301484436075743,639,"It's a hairy situation, milady, from any angle...Wait a minute!"
4558,3790,5,30,198,233,1.1716738197424892,0.028247701637748104,639,"Be careful, Darling, to make this hair took three years and 25 pounds of product."
4410,3792,6,23,175,204,1.1715686274509804,0.031463197904081336,639,Trumped up hair and daughter-princess in my tower; I’m ready to be king.
1193,3793,5,31,203,239,1.1715481171548117,0.027801847230173,639,"Helga, it was nice to meet you but I've really gotta go now"
1923,3793,9,23,207,239,1.1715481171548117,0.030225564350079618,639,"Thank you for understanding, my scalp really needs a break. Can I pull up?"
2085,3793,8,25,206,239,1.1715481171548117,0.029638222493312123,639,"I use to have hair like this, but then I cut it."
2793,3793,8,25,206,239,1.1715481171548117,0.029638222493312123,639,"' Yeah, this mousse makes my hair kind of dry."
3004,3793,11,19,209,239,1.1715481171548117,0.03136727204772941,639,"Nits, nits, only look for nits."
3099,3793,7,27,205,239,1.1715481171548117,0.029039003509854486,639,"Prince Elmer had escaped the attic, where for so many years his parents had kept him, and now went forth to seek the fabled, towered Princess, as well."
377,3799,6,24,180,210,1.1714285714285715,0.030871215241314025,639,"Honey, you can't push a string and you can't climb down on my up do!"
2413,3799,9,24,212,245,1.1714285714285715,0.029719329422417437,639,The moroccan oil makes it soft yet strong
3098,3799,6,30,209,245,1.1714285714285715,0.027979823538744564,639,So what is your plan for getting down?  This hair thing is a one-way street.
1556,3802,5,27,184,216,1.1712962962962963,0.02959023813478561,639,So it's true that in this New Zealand of yours some things are upside down!
4531,3802,5,27,184,216,1.1712962962962963,0.02959023813478561,639,You didn't tell me you dyed your hair.
3268,3804,7,25,196,228,1.1710526315789473,0.02991891667901411,639,Glad that I didn't opt for the man bun......
2121,3804,4,31,193,228,1.1710526315789473,0.02791438674332629,639,Look at these split ends! Boys don't know anything about conditioning.
1903,3806,7,32,230,269,1.171003717472119,0.026891577202421846,639,I'm considering to put it in a bun.
2878,3807,3,34,197,234,1.170940170940171,0.026800859519570133,639,Which way to the barber?
2940,3807,7,26,201,234,1.170940170940171,0.029411151481222204,639,They said you are an expert on head lice.
3753,3807,5,30,199,234,1.170940170940171,0.02813629242134731,639,Are you sure it will hold me ?
4381,3807,4,32,198,234,1.170940170940171,0.02747669032295647,639,I can’t pull you up.  You are too heavy.
1064,3811,6,29,205,240,1.1708333333333334,0.0283174846969676,639,Ah! Come on. Now I have to do my nails.
2900,3811,5,31,204,240,1.1708333333333334,0.027694989367686055,639,My sincere Apologies for the dandruff .
0,3811,7,27,206,240,1.1708333333333334,0.02892658713104165,639,You need a lifeline.
895,3811,7,27,206,240,1.1708333333333334,0.02892658713104165,639,can you braid it like Bo Derek in the movie 10
503,3815,5,32,209,246,1.170731707317073,0.027272831509056204,639,Only a prince with blonde highlights could rescue the beauty queen
1135,3816,6,31,215,252,1.1706349206349207,0.027450621522429323,639,Hurry up! Trump is coming.
1461,3817,6,24,181,211,1.1706161137440758,0.030735297947972605,639,Your hair! Your hair!
1831,3817,6,24,181,211,1.1706161137440758,0.030735297947972605,639,Do you think it's the shampoo I'm using?
3851,3817,9,18,184,211,1.1706161137440758,0.032864390364545776,639,Rapunzel will you pull out the grey hair I just found?
3861,3820,7,24,192,223,1.1704035874439462,0.030324556240930372,639,"It's lice again.  Don't worry, I'll grow it back."
4114,3820,7,24,192,223,1.1704035874439462,0.030324556240930372,639,"Now, just a quick whipping motion, and maybe the bat will fly out."
1482,3820,6,26,191,223,1.1704035874439462,0.029650962339714912,639,Less Mousse.
1220,3820,6,26,191,223,1.1704035874439462,0.029650962339714912,639,You get what you pay for
1180,3820,9,20,194,223,1.1704035874439462,0.03162873690626394,639,I'll be back home soon with the groceries!
253,3820,6,26,191,223,1.1704035874439462,0.029650962339714912,639,whoa how'd that get all the way up there. that's wack.
3540,3826,6,27,196,229,1.1703056768558953,0.029147492445142777,639,How’s it work? Really?
4297,3826,8,23,198,229,1.1703056768558953,0.030433321485922614,639,It's Maybelline.
4393,3826,9,21,199,229,1.1703056768558953,0.031056278384224516,639,are you certain you want in here??
1084,3829,9,22,204,235,1.1702127659574468,0.030511040802786247,639,"So, um... my rent is past overdue, is it cool if I stay with you? I promise I'll be out by a week or two."
363,3830,4,29,185,218,1.1697247706422018,0.028609521197136126,639,"See, the roots are NOT gray."
4409,3831,8,22,194,224,1.1696428571428572,0.030854259584254192,639,I grew it for you to pull me up and you check for lice?
34,3832,7,25,198,230,1.1695652173913043,0.029676746050671554,639,"Rappelzel Rappelzel, let up your hair!"
4503,3832,5,29,196,230,1.1695652173913043,0.028368374921471855,639,The stylist said the winch rope look was all the rage. I did it for you.
840,3834,7,26,203,236,1.1694915254237288,0.029179283100549368,639,"Shucks, the irony of a modern day Brothers Grimm"
3628,3834,7,26,203,236,1.1694915254237288,0.029179283100549368,639,"Dove doesn't give you wings, Red Bull does."
4557,3836,5,31,206,242,1.1694214876033058,0.0274836927274791,639,This is not supposed to be a competition.  You're down and I'm up.
1199,3836,5,31,206,242,1.1694214876033058,0.0274836927274791,639,I guess a blue weave will do.
3913,3838,6,30,212,248,1.1693548387096775,0.027666381043396717,639,"Hey!  It may not be perfect, but it was yours!"
3423,3839,7,29,218,254,1.169291338582677,0.02781573270947847,639,Split ends.  You change your shampoo.
714,3840,5,24,172,201,1.1691542288557213,0.030845771144278618,639,Hop on. It’s safe. I coated it with Brylcream.
2083,3841,4,28,181,213,1.1690140845070423,0.02897681320871117,639,You and your anti-gravity machine!@!
2713,3841,8,20,185,213,1.1690140845070423,0.03188760439931043,639,"Rapunzel, I would gladly give all that I have if I could  find a good barber?"
2655,3843,4,29,186,219,1.1689497716894977,0.028489127710591148,639,I have been told I have dyslexia!
1069,3843,6,25,188,219,1.1689497716894977,0.02992347019102196,639,Is this really the reboot we need right now?
1626,3843,6,25,188,219,1.1689497716894977,0.02992347019102196,639,Someone's getting wigged out!
2064,3843,5,27,187,219,1.1689497716894977,0.029215102823568432,639,"Rapunzel, Rapunzel, May I have my hair back?"
127,3847,3,32,190,225,1.1688888888888889,0.02730712383876558,639,"With the amount gel in my hair you'll need to wear trousers to get some grip, we can sort out the split ends later"
1570,3847,6,26,193,225,1.1688888888888889,0.029406234566725784,639,Do you believe in reverse-role marriages?
2533,3847,8,22,195,225,1.1688888888888889,0.030726075420697285,639,I heard you were having a bad hair day so I came by to help.
4105,3847,6,26,193,225,1.1688888888888889,0.029406234566725784,639,This hair would go for a fortune on the black market
3719,3851,5,29,197,231,1.1688311688311688,0.02825483787373285,639,I hope you used the whole bottle of hair gel.
1138,3851,6,27,198,231,1.1688311688311688,0.028913307994335648,639,The name's Belayzel
193,3853,5,30,202,237,1.1687763713080168,0.027807220790004625,639,"Yes, I know you don't need me to, but I want to stand up for you."""
3536,3854,8,25,210,243,1.168724279835391,0.029183093899373586,639,"Donald, Donald, let up your long hair."
211,3854,7,27,209,243,1.168724279835391,0.028594454611330145,639,"Leznupar"" 
by Hans Christian Anderso"
2452,3856,7,21,180,208,1.1682692307692308,0.0316428124535006,639,"Trust me, your scalp will be fine!"
478,3857,7,22,185,214,1.1682242990654206,0.03104936588959089,639,Normal is over rated.
2354,3857,4,28,182,214,1.1682242990654206,0.02885190141409646,639,Climb down such coarse peasant hair! Prince Charmin my ass!
2150,3859,5,27,188,220,1.1681818181818182,0.029092141422632257,639,"Yeah, I know! He got the White House, but I get YOU!"
3086,3859,3,31,186,220,1.1681818181818182,0.027628439907533966,639,"Don't tell me ,I'd know bed bugs anywhere."
3326,3859,7,23,190,220,1.1681818181818182,0.030485647334190815,639,"Prince: ""My lady, thy prince hath come to rescue you!""

Rapunzel: ""I told you to get it cut already!"" ""Ugh, I've had it about up to here with you!"""
4036,3862,5,28,193,226,1.168141592920354,0.02860596559858563,639,I told you hair gel and egg whites were a girl’s best friend.
4362,3862,6,26,194,226,1.168141592920354,0.029285365536261616,639,It didn't work out. He kept mansplaining.
3290,3864,7,25,200,232,1.168103448275862,0.029438431351418506,639,"Thanks, Rapunzel ... I'll be back for the weekend."
2839,3865,6,28,204,238,1.1680672268907564,0.028332027932442497,639,Gel or Mousse?
4291,3866,6,29,209,244,1.1680327868852458,0.027887051532044932,639,There was a special on Brylcreem
214,3867,5,32,213,250,1.168,0.02686990822223787,639,Our product reduces traction alopecia by 21%.
3636,3867,8,26,216,250,1.168,0.028607298195393444,639,"Well, it worked for my mother, Rapunzel."
2157,3869,7,29,220,256,1.16796875,0.027613775265356914,639,"Rapunzel, you have to keep out of my hair from now on"
2155,3869,4,35,217,256,1.16796875,0.02589611591918284,639,'Tie it off! I have split ends!'
2399,3871,7,23,191,221,1.167420814479638,0.030356929839989156,639,so when are you going to let me up?
3360,3872,6,26,195,227,1.1674008810572687,0.02916547709177001,639,What!? I get vertigo...
1568,3873,9,21,203,233,1.167381974248927,0.030556509819821928,639,I can't spell man-bun without U.
1987,3873,8,23,202,233,1.167381974248927,0.02994497661246246,639,Hurry up. I'm late for my black metal band practice.
3672,3873,6,27,200,233,1.167381974248927,0.0286828221802706,639,"Rapunzel,  Rapunzel, I've let up my hair @#me,too"
3833,3873,7,25,201,233,1.167381974248927,0.02932069160632084,639,The hairdresser got wild with hairspray this time
390,3877,5,30,204,239,1.1673640167364017,0.02759203901310432,639,"I know this is going to hurt, but it'll feel so good soon!"
617,3877,5,30,204,239,1.1673640167364017,0.02759203901310432,639,I need to borrow your conditioner again. Another one fell this week.
3177,3877,4,32,203,239,1.1673640167364017,0.02694735811137966,639,"I just washed my hair and i can't do a thing with it . So, how things with you?"
3322,3877,7,26,206,239,1.1673640167364017,0.028838197452963902,639,I'm your biggest fan!
4292,3877,8,24,207,239,1.1673640167364017,0.02944150369892586,639,"Think positive, m'lady, I can't lose another bet to Sir Isaac!"
437,3882,5,31,209,245,1.1673469387755102,0.027172661902567858,639,Now THAT is some gel Rodpunzel
3233,3882,6,29,210,245,1.1673469387755102,0.02778146072877061,639,Oooooooooooooooooouch!
2752,3884,6,24,186,216,1.1666666666666667,0.030073123629877244,639,I didn't mean the extension!
3057,3884,6,31,221,258,1.1666666666666667,0.026858942441745002,639,i use ultra hardy hair styler.........its ok you can slide
1243,3884,6,31,221,258,1.1666666666666667,0.026858942441745002,639,"My, my! I can read a heir is coming!"
2496,3884,6,26,196,228,1.1666666666666667,0.02904655748072928,639,How are your biceps?
4249,3884,5,29,200,234,1.1666666666666667,0.027919560391654195,639,"Sorry, I couldn't find enough hair gel in the whole kingdom."
3842,3884,4,28,184,216,1.1666666666666667,0.02860524638218839,639,Fighting dandruff is a lost cause
2419,3884,9,30,249,288,1.1666666666666667,0.026489685645659986,639,"Rapunzal, you got any Brillcream?"
3574,3884,9,19,194,222,1.1666666666666667,0.031548997299967366,639,You and I have vastly different definitions of ‘size queen.’
2117,3884,4,30,194,228,1.1666666666666667,0.027684233349594096,639,My wizard told me that opposites attract.
1745,3884,9,24,219,252,1.1666666666666667,0.02894681620827167,639,"A little off the top and we'll call it even, Steven."
1617,3884,7,25,202,234,1.1666666666666667,0.029203882151095237,639,Not my type.
2312,3884,8,23,203,234,1.1666666666666667,0.02982531094240218,639,That irascible Rapunzel... always trying to take 'party in the back' to new heights!
182,3884,5,26,185,216,1.1666666666666667,0.02934836354418746,639,Rapunzel! Rapunzel! Pull me up by my hair! The mid-term elections are getting crazy down here!
4002,3897,4,36,225,265,1.1660377358490566,0.025275593492451887,639,It's not my fault -- Roles are being reverted in everything.
133,3898,7,28,218,253,1.1660079051383399,0.027730652410868504,639,It's volumizing.
2989,3898,6,30,217,253,1.1660079051383399,0.027159151064520024,639,"You don't happen to have a hair-straightener handy, by any chance?"
2119,3900,7,27,213,247,1.165991902834008,0.02816319695068769,639,Does it pass quality control?
3787,3900,7,27,213,247,1.165991902834008,0.02816319695068769,639,"I've helped detangle; now, use your dexterity to self-braid your hair."""
1049,3902,10,20,211,241,1.16597510373444,0.030373708514519714,639,"Where did you get these hair, wait, are these mine?"
2771,3902,10,20,211,241,1.16597510373444,0.030373708514519714,639,The curtain matches the drapes.
862,3904,6,27,202,235,1.1659574468085105,0.02845594904563542,639,"Please let it go, Princess Elsa"
2195,3904,7,25,203,235,1.1659574468085105,0.029087992113997933,639,I would never suggest returning to restrictive gender roles. But you could have done this without a single tube of gel.
2252,3904,8,23,204,235,1.1659574468085105,0.02970659075626506,639,Early days of Pfizer
4121,3904,7,25,203,235,1.1659574468085105,0.029087992113997933,639,I applied enough product that you should be good to go to slide down.
3074,3908,4,30,195,229,1.165938864628821,0.02757268350492522,639,"It's not ""Condition  Rinse. Repeat?"""
585,3908,5,28,196,229,1.165938864628821,0.028258772904634542,639,The Grimm Brothers are thinking Michael Bay prequel: 'Hairforce One.'
1146,3908,3,32,194,229,1.165938864628821,0.026869080841179577,639,Is this what you do with all your suitors?
4320,3911,5,26,186,217,1.1658986175115207,0.02922289940554948,639,My knight in shining dandruff
549,3911,8,20,189,217,1.1658986175115207,0.03133665652540465,639,nikslitselpmur
1543,3913,2,31,178,211,1.1658767772511849,0.027370388760701782,639,Careful! You're looking at 20 years with no haircut!
2040,3913,5,25,181,211,1.1658767772511849,0.02974134823767326,639,Can you just trim the dead ends?
925,3915,6,22,177,205,1.1658536585365853,0.03106624861804812,639,Are we clear?
2348,3916,8,28,230,266,1.1654135338345866,0.027348365657683796,639,"Honestly, don't you brush this?"
2055,3917,10,23,227,260,1.1653846153846155,0.02880875706778474,639,You've got some split ends
3618,3918,6,30,218,254,1.1653543307086613,0.027059907956743585,639,"Rapenzel, would you like to use my conditioner?"
2103,3918,6,30,218,254,1.1653543307086613,0.027059907956743585,639,"Your hair, your hair! My kingdom for your hair!"
358,3920,6,28,208,242,1.165289256198347,0.0278969275694351,639,help me!  I've fallen and I can't get up.
2691,3920,5,30,207,242,1.165289256198347,0.027275377009487366,639,Did you bring the hair spray?
2851,3920,8,24,210,242,1.165289256198347,0.029100228889539354,639,"Rapunzel, I'm business up front - rescue in back!!!"
3118,3920,7,26,209,242,1.165289256198347,0.02850492842683427,639,"If you pull me up sire, then I can hand you your slippers.”"
716,3924,5,29,202,236,1.1652542372881356,0.027700384489411155,639,This is certainly an upset!
1907,3924,9,21,206,236,1.1652542372881356,0.030192042123791646,639,Please! Save me from this evil beast called society!
3299,3924,7,25,204,236,1.1652542372881356,0.02897301078992326,639,I'm an equal opportunist
3975,3924,5,29,202,236,1.1652542372881356,0.027700384489411155,639,"Last minute plait twist, you just slide down my long hair."
3605,3928,5,28,197,230,1.1652173913043478,0.028144889146790916,639,My friends called me Shorty until I started using a really strong hair gel.
2782,3928,5,28,197,230,1.1652173913043478,0.028144889146790916,639,If you won't let down your hair I must  let down mine.
3504,3928,4,30,196,230,1.1652173913043478,0.027462019314859584,639,"Rapunzel, Rapunzel, belay my hair."
2145,3928,4,30,196,230,1.1652173913043478,0.027462019314859584,639,I'm trying a new gel.
1541,3928,5,28,197,230,1.1652173913043478,0.028144889146790916,639,What IS your conditioner?
1603,3928,5,28,197,230,1.1652173913043478,0.028144889146790916,639,Does this have something to do with #MeToo?
2247,3934,2,33,189,224,1.1651785714285714,0.02642798437199675,639,Weren't we supposed to switch places?
2761,3934,6,25,193,224,1.1651785714285714,0.02930174236396529,639,I told you I had a lot of split ends.
4161,3936,6,24,188,218,1.165137614678899,0.029816107240089443,639,Thought my bed head would come in handy this time.
2618,3937,5,25,182,212,1.1650943396226414,0.029611065720745247,639,It's No-haircut-vember.
1817,3938,8,24,211,243,1.1646090534979423,0.028988208945470287,639,"Melania, I know that you'd thought you'd escape Trump Tower by climbing down my hair Rapunzel-style; but, one must do it this way: this is what happens when it and I become untethered."
2993,3939,6,27,204,237,1.1645569620253164,0.028232605239116658,639,why you certainly are the heiress indeed
847,3940,5,28,198,231,1.1645021645021645,0.02803191082741476,639,Don't worry; it is just the prequel.
2234,3940,5,28,198,231,1.1645021645021645,0.02803191082741476,639,"Mom, did you turn off the gravity?"
2051,3940,11,16,204,231,1.1645021645021645,0.03180643205489175,639,My enchantress wanted a girl.
1132,3943,7,22,190,219,1.1643835616438356,0.030386542390678728,639,"If you'll help me up, we can talk about a new Group-Think I'm starting to call Feminism."
1538,3944,7,21,185,213,1.164319248826291,0.03094777500018583,639,"Why yes, my name is Trump, but the hair isn’t really mine."
830,3945,5,24,178,207,1.1642512077294687,0.030014715422722153,639,My trichologist was able to enroll me in the anti-gravity cream trial.
4151,3945,6,22,179,207,1.1642512077294687,0.03078612117809573,639,I play electric lute in a ye olde rock-a-billy band
3675,3947,5,33,224,262,1.1641221374045803,0.02592015446462167,639,Which hair product do you use?
1588,3948,6,30,220,256,1.1640625,0.026863562032491697,639,Use my promo code and get $3.50 off your first purchase of SugarBearHair.
1276,3949,6,29,215,250,1.164,0.027265171157227895,639,You stopped answering my calls!
2714,3950,4,32,208,244,1.1639344262295082,0.026437815491289908,639,Too much hair product!
2779,3950,4,32,208,244,1.1639344262295082,0.026437815491289908,639,"Rapunzel, Rapunzel,  let's do a lice check!"
1986,3952,5,29,204,238,1.1638655462184875,0.027484589905873873,639,I told you not to use hair conditioner!
3528,3952,4,31,203,238,1.1638655462184875,0.026831799444521704,639,You can grab it. Isn't that real enough?
3348,3954,4,30,198,232,1.1637931034482758,0.027243306603327203,639,"If I wear it in an up-do, will you say ""I do""?"
2416,3955,5,27,194,226,1.163716814159292,0.02837537324523529,639,You could have at least washed up first!
4208,3955,4,29,193,226,1.163716814159292,0.027673641611494132,639,Hey Gwendolyn... how about doing the ropes at the gym for a change?
1380,3957,9,18,193,220,1.1636363636363636,0.03159949756481769,639,Got any real robust hair spray?
3089,3957,4,28,188,220,1.1636363636363636,0.028124246554767814,639,I give up.
4551,3959,4,27,183,214,1.1635514018691588,0.028596719860644746,639,"When we're married, I will trim it!"
1539,3959,3,29,182,214,1.1635514018691588,0.027818975858381466,639,"I love you Prassila, I don’t care what anyone says."
223,3961,4,33,214,251,1.1633466135458168,0.025964360754625913,639,"Yes, Prince, I know what you asked. I prefer it up."
2037,3961,5,31,215,251,1.1633466135458168,0.026571047012801694,639,And on that day the great Rapunzel hair gel repel came to pass.
3565,3961,4,33,214,251,1.1633466135458168,0.025964360754625913,639,The products you suggested have changed our game.
2912,3964,7,25,207,239,1.1631799163179917,0.028633414479098927,639,"The script is reversed, Jul"
4322,3965,4,30,199,233,1.1630901287553648,0.027135237826933258,639,"Quick, before my barber sees us!"
606,3966,6,25,196,227,1.1629955947136563,0.028940851103078452,639,"I'm coming up, so you better get this party started!"
4261,3966,6,25,196,227,1.1629955947136563,0.028940851103078452,639,"You can just slide down, Rap, Baby."
4187,3968,8,20,193,221,1.16289592760181,0.03080429680903482,639,"Weird hair is the only funny physical feature that us, Trump males, are endowed with. Believe me!"
1653,3968,7,22,192,221,1.16289592760181,0.030129211185262225,639,If you don’t let go we’re both going to die..
1082,3970,7,28,223,258,1.1627906976744187,0.027229636829277554,639,Don't worry.  It's safe.  I'd heard the Reps won the Mid-terms.
935,3970,8,19,188,215,1.1627906976744187,0.03137864109834543,639,These split ends are ludicrous!
4072,3972,6,22,181,209,1.1626794258373205,0.03051096100246536,639,"Rapunzel, Rapunzel, slide down my hair. We girls can't waste anymore time waiting, for our princes to eventually rescue us any longer."
1306,3973,7,26,213,246,1.1626016260162602,0.028072275984215408,639,Hold on ! I'm checking for body.
1149,3973,7,26,213,246,1.1626016260162602,0.028072275984215408,639,This is a hairy situation you've put me in Olivia!
4580,3975,3,27,173,203,1.1625615763546797,0.028640133207941752,639,These split ends need to go before I’m pulling you up here.
836,3976,7,25,208,240,1.1625,0.02852196418070194,639,Why did you get a haircut?
2848,3977,4,24,169,197,1.1624365482233503,0.03002210521317541,639,"Of course it’s silky soft, just like yours. I’m telling ya, we market your dry shampoo as Rapunzel’s Hair Care, and the heck with the ladder. We’ll get you a full staircase."
3080,3978,4,30,200,234,1.1623931623931625,0.027028014189473322,639,"Don’t touch, the gel hasn’t set yet!"
951,3979,5,26,191,222,1.162162162162162,0.028611189815702102,639,The mistral is getting worse with climate change.
3356,3979,6,24,192,222,1.162162162162162,0.02931492673225084,639,Don't worry it's stiff with hairspray
590,3979,5,26,191,222,1.162162162162162,0.028611189815702102,639,"The hair gel was called ""fire poll.""  Seemed like a good idea at the time."
1808,3979,8,20,194,222,1.162162162162162,0.030674002389832245,639,I'm running for Emperor and I'm trying to completely switch the tired old scenario.
2273,3983,6,28,213,247,1.1619433198380567,0.02737133068917827,639,I  got the strongest gel I could find. Will it work?
962,3984,7,20,183,210,1.161904761904762,0.03111625651246048,639,I can't do a think with it.
670,3985,8,23,210,241,1.161825726141079,0.029013517107962468,639,"Don’t worry, I shampooed it this morning."
3010,3985,3,33,205,241,1.161825726141079,0.02586297434397913,639,Was the gel hard to work in
3771,3987,7,19,178,204,1.161764705882353,0.031717995140483415,639,They spin oil from it. We will be rich.
2082,3988,4,30,201,235,1.1617021276595745,0.0269216259431877,639,"Look, I've got my climbing shoes, and you don't need to check for head lice or dandruff."
3570,3988,5,28,202,235,1.1617021276595745,0.027588841812608293,639,That new conditioner is just spectacular!
3281,3988,4,30,201,235,1.1617021276595745,0.0269216259431877,639,It's full of secrets.
254,3991,4,35,227,266,1.1616541353383458,0.024997906616980047,639,I call it the lochness monster.
2004,3992,7,23,199,229,1.1615720524017468,0.02936475804754183,639,This is the future liberals want.
1587,3992,3,31,195,229,1.1615720524017468,0.026628322018838232,639,What's sticky? Have you ever seen There's something about Mary?
1911,3994,6,23,188,217,1.1612903225806452,0.02970341774768423,639,I got the extra strong styling lotion.
824,3994,7,26,215,248,1.1612903225806452,0.027860799687255394,639,"Slide Down, my love!!"
1257,3996,4,26,181,211,1.161137440758294,0.02870928652538434,639,Heave ho.
1895,3997,8,22,206,236,1.1610169491525424,0.029382807348721663,639,Ryder...Ryder. Let up your hair!
583,3997,6,26,204,236,1.1610169491525424,0.028128727563121163,639,"Rapunzel! Rapunzel! Pull MY hair up...You have a bigger castle then me,I'll live happily ever after!"
3864,3997,6,26,204,236,1.1610169491525424,0.028128727563121163,639,It's the New Age Gel!
2954,4000,7,23,200,230,1.1608695652173913,0.029245244708932975,639,"Tics, headline, I don't know, just keep checking. I felt something."
3960,4000,9,19,202,230,1.1608695652173913,0.030516043297849547,639,Try it-I got rid of the split ends.
654,4000,6,25,199,230,1.1608695652173913,0.028588670095860424,639,Do you use conditioner?
2861,4003,5,26,193,224,1.1607142857142858,0.02837355406912231,639,"Well, if you're not going to let own you hair, at least haul me up with mine, Rapzi!"
3467,4003,8,20,196,224,1.1607142857142858,0.030416671106675657,639,"Rapunzel, Rapunzel, leggo my hair, so that I can meet Steve to share a beer!"
755,4003,6,24,194,224,1.1607142857142858,0.02907055223783736,639,"But *after* that, how are you going to untie it?"
888,4006,3,29,186,218,1.1605504587155964,0.02734798324493214,639,"Please. If there are lice, Mum's the word."
1126,4007,3,33,207,243,1.1604938271604939,0.025666883560110605,639,Are you able to braid it into a climbing net?
2706,4007,9,21,213,243,1.1604938271604939,0.02937430376723323,639,"I do understand your skepticism, but I really feel the Viagra will work."
163,4009,6,22,184,212,1.1603773584905661,0.03010725180384919,639,I can't escape with these split ends!
3260,4009,4,26,182,212,1.1603773584905661,0.02858365210952383,639,What do you mean you've never heard of Jedwood?
3033,4011,9,20,208,237,1.160337552742616,0.02987110651259845,639,"If you pay me my weight in gold, I'll let you put a golden 'T' on your tower. And don't I have thee Most Wonderful hair?!"
3671,4011,7,24,206,237,1.160337552742616,0.028649041741667523,639,I thought the discounted Groupon Brazilian blowout was too good to be true.
141,4011,4,30,203,237,1.160337552742616,0.026711317364724218,639,"Just a kiss my queen, I was in a big hair band in the 80's"
2400,4014,3,31,197,231,1.1601731601731602,0.026415718715364498,639,"Listen, I know this isn't the time, but I think it's time you invest in some bouldering classes."
3902,4015,2,32,191,225,1.16,0.026064632730293354,639,"..and with each full price rescue, you get 25% off any of my SupaGel Hair Care products!"
2335,4015,5,26,194,225,1.16,0.02825619752218438,639,I think it's here. Call the number again.
2664,4015,9,18,198,225,1.16,0.030937725468153883,639,We can use this to help build our wall.
1045,4018,4,31,209,244,1.1598360655737705,0.026221232165990115,639,I spent a lot of money on this weave. It's unicorn hair.
4460,4018,5,29,210,244,1.1598360655737705,0.026856738069327483,639,Get me out of here!
534,4020,5,25,189,219,1.1598173515981736,0.02872982867831006,639,"Hey, for your information I haven't shampooed in eight months to get my hair this stiff so forget about my frizzes and climb down."
613,4021,9,19,204,232,1.1594827586206897,0.030268224821629545,639,This isn't what we agreed to do 30 years ago.
986,4021,5,27,200,232,1.1594827586206897,0.02769276841537758,639,"Rapunzel, Rapunzel, my wet hair take ahold and slide down to freedom once it's frozen from cold!"
4421,4023,6,31,233,270,1.1592592592592592,0.025748294926324647,639,You need stronger product.
900,4024,8,16,177,201,1.1592039800995024,0.03266956250623285,639,What? I live in Williamsburg!
1472,4025,5,29,211,245,1.1591836734693877,0.026754849269421666,639,If you can't do something with your hair I will! Would you like dreadlocks or bouffant?
247,4025,8,23,214,245,1.1591836734693877,0.02856903875681427,639,What Rumpelstiltskin overlooked was the hair-raising possibility that he might out-Rapunzel Rapunzel
3638,4027,6,23,191,220,1.1590909090909092,0.02932470137737311,639,The gal who does my hair said she had this great new product. Do you think it's me?
2455,4028,5,28,206,239,1.1589958158995817,0.027159438259969478,639,You need more hair shellack.
3859,4029,5,24,185,214,1.158878504672897,0.029099561762701953,639,"Rapunzel, Rapunzel, there are no lice in my hair!"
552,4029,3,28,183,214,1.158878504672897,0.02755050919354014,639,"My name? Rapunzo, but I might regret that soon."
2806,4031,5,23,180,208,1.1586538461538463,0.029615876269403926,639,"Thank you,  Thank you.  How did you know I just had my hair done?"
451,4032,8,20,199,227,1.158590308370044,0.030038618503323542,639,"Come on, leznupaR!"
1051,4032,7,22,198,227,1.158590308370044,0.02938254186909273,639,"Yes, I know we both have split ends."
1278,4034,5,25,191,221,1.158371040723982,0.028487519034439784,639,Unfortunately the split ends are worse than I originally thought...
1988,4035,9,20,211,240,1.1583333333333334,0.029519434693769168,639,This ain't it chief.
2545,4035,6,26,208,240,1.1583333333333334,0.02769105476827222,639,I know this gender reversal thing feels odd...but my stylist told me this was the hardest styling gel I could use. You've got to trust me!
406,4035,7,24,209,240,1.1583333333333334,0.028313636602637287,639,"You still want me up there, Rap?"
2009,4038,3,28,184,215,1.158139534883721,0.027432022962349267,639,Can you help strengthen my roots?
2683,4038,6,22,187,215,1.158139534883721,0.02971400877012229,639,The directions say 'Shop till you drop' not 'Comb till you're home'!
3911,4038,5,24,186,215,1.158139534883721,0.028973324042347794,639,just call me Trupunzel.  I have a lot to cover up so don't try to climb down
560,4041,5,26,197,228,1.1578947368421053,0.027909832638272198,639,Sorry but it looks like you have dandruff.
1217,4041,3,30,195,228,1.1578947368421053,0.026489111585136862,639,It occurred to me several years ago when the bedhead hair wax was the thing.
2198,4041,5,26,197,228,1.1578947368421053,0.027909832638272198,639,Art thee did impress? Pantene!
2617,4041,3,27,179,209,1.1578947368421053,0.02787955920726063,639,I'm not sure this is what Shel meant when he said 'Falling Up.'
2800,4045,6,26,209,241,1.157676348547718,0.027583739834117584,639,This reminds me of that Brothers Farrelly play.
3427,4046,7,21,194,222,1.1576576576576576,0.029770219844747904,639,Don’t come done on it. I just want to know if you think I need to wash it.
3261,4047,5,27,203,235,1.1574468085106382,0.02736353104321612,639,I didn't want to take any short cuts in my rescue.
2547,4047,6,25,204,235,1.1574468085106382,0.02802022627120022,639,"Yes, it’s fake,but the synthetic fibers hold Handsome Princes far better than yours."
1418,4049,1,32,183,216,1.1574074074074074,0.025689521414603518,639,Back in the day there was a guy with amazing hair that couldn’t get the girl!
139,4050,5,23,182,210,1.1571428571428573,0.029352504291560014,639,The golden slide is easier on the scalp than the golden stair.
1643,4051,5,31,225,261,1.157088122605364,0.02562492931223998,639,No. I didn’t bring hair gel.
1363,4052,7,24,211,242,1.1570247933884297,0.028094331859863955,639,I wanted to be sure you were a Democrat.
3076,4052,7,24,211,242,1.1570247933884297,0.028094331859863955,639,"Hey, I think I left my hat in there."
750,4054,6,23,194,223,1.15695067264574,0.028955450263736922,639,I’ll pick the old dame over this nonesense any day
4140,4055,4,29,203,236,1.1567796610169492,0.026585718770118904,639,"Once I'm down, you can get a haircut later."
239,4055,7,23,206,236,1.1567796610169492,0.028547968799575777,639,I got the idea watching Avatar.
1503,4057,7,25,217,249,1.1566265060240963,0.027556360371209374,639,This would make a really great shirt for praying.
200,4058,3,30,197,230,1.1565217391304348,0.02627613199849697,639,"I grew out my hair, mastered the hair flip and you did the catch. What’s next?"
1223,4058,7,22,201,230,1.1565217391304348,0.02902282263571462,639,"Oh hair today, Guam tomorrow?"
3355,4060,4,25,182,211,1.1563981042654028,0.028439780086779436,639,I'm having it set in curls next week.
1317,4061,7,24,212,243,1.1563786008230452,0.027985939707093222,639,"Wow, Ben Stiller really outdid himself this time!"
3133,4061,6,26,211,243,1.1563786008230452,0.02737156711386509,639,"Find your own tower, Lady."
1941,4063,7,26,223,256,1.15625,0.027045599656585796,639,You could slide if you are driven to do more.
2516,4063,2,36,218,256,1.15625,0.024047415376179406,639,I spend so much on mousse I can't afford to take you out. Any other ideas how to get down here?
1632,4065,7,18,180,205,1.1560975609756097,0.03131307715290605,639,"Rapunzel’s Guy, Rapunzel’s Guy, whip up your long hair!"
1777,4066,8,23,219,250,1.156,0.028032110102294273,639,Love should not trump equal opportunity.
4509,4067,4,28,199,231,1.155844155844156,0.02688047534237871,639,"Rapunzel, Rapunzel, won't you caress thy hair? Tell me if I am fit for the part, so I may replace you up there."
2136,4067,2,32,197,231,1.155844155844156,0.025441558969989612,639,I thought you told me it needed to grow out more!
1915,4069,5,28,211,244,1.1557377049180328,0.026640965913101177,639,Now's your chance! Make a hair breadth escape!
608,4070,4,25,183,212,1.1556603773584906,0.028314924416621503,639,Ooh!  Naughty boy!
2101,4070,6,21,185,212,1.1556603773584906,0.029852242595508345,639,"You didn't say you had a man bun. 
I am not sure how this is going to work."
2734,4070,3,27,182,212,1.1556603773584906,0.02751407318242687,639,"Clip it on, then I'll cut it off down here."
2310,4073,6,28,223,257,1.1556420233463034,0.026376939422093876,639,"It's no use, Mom, I'm eloping with Joe, the gardener,  and he's
 just sharpened his newest pair of  shears"
3206,4074,7,21,197,225,1.1555555555555554,0.029397236789606557,639,And so the story goes...or not.
1147,4075,6,25,207,238,1.1554621848739495,0.02768980238613303,639,I did it just in case you decided to get a sassy bob cut.
1953,4076,6,27,218,251,1.155378486055777,0.02676152290636919,639,Please wash and blow dry
3684,4076,4,31,216,251,1.155378486055777,0.025542789361144645,639,The Dippity-Do was a keen idea!
3936,4078,6,20,180,206,1.1553398058252426,0.030400720284782457,639,Been taking your vitamin E supplements I see.
356,4079,3,30,199,232,1.1551724137931034,0.026066515379946698,639,"So, what do-est though think of my contempt for gravity now?"
2567,4080,3,29,194,226,1.154867256637168,0.026451806241642756,639,"Rapunzel, the tower barber, is nitpicking again:
""what do you mean, you arent done, yet?"""
2192,4080,9,17,200,226,1.154867256637168,0.03058898909796434,639,"I've heard some bad things about Gwyneth and her site, but see for yourself..."
2417,4082,6,25,208,239,1.1548117154811715,0.02758137336175371,639,Rapunzel rapunzel let your hair up
1624,4083,6,27,219,252,1.1547619047619047,0.026662245208971893,639,I think things look good for the long run.
2827,4084,6,29,230,265,1.1547169811320754,0.025824484487607303,639,If you find too many split ends don’t crawl down!
2920,4085,2,28,177,207,1.1545893719806763,0.026985718044784827,639,"Rapunzel, Rapunzel, let me down your hair."
2485,4086,4,27,196,227,1.1541850220264318,0.027073669715236805,639,A quick trim and I will have these split-ends taken care of!
3982,4086,3,29,195,227,1.1541850220264318,0.026343856151871663,639,Whaddya MEAN you already recycled the instruction manual???”
742,4088,6,25,209,240,1.1541666666666666,0.027473784046903354,639,It’s called a Grimm Comb Over.  You twist and I’ll shout barefoot.
2941,4088,5,27,208,240,1.1541666666666666,0.026831722016470185,639,Will someone be home if I come back on Thursday between 10-4?
3774,4090,6,26,215,247,1.1538461538461537,0.026956794001940856,639,"Yep, it is time to get a trim!"
1585,4090,6,22,193,221,1.1538461538461537,0.028957347735061215,639,"Damn!  My luck to get Trump's great-great-great, and truly marvelous, wonderful, brilliant, best-mind-ever, grandfather, Sir Combover."
2924,4092,8,21,212,241,1.1535269709543567,0.028602628203665773,639,"See, I have split ends. Toss your hair down and we'll see who needs the appointment more."
3879,4092,3,31,207,241,1.1535269709543567,0.025401173341017703,639,"Trumtpylocks meets Rapunzel:  
Quit pulling it, it took 3 hours to get it like this!"
2251,4092,5,27,209,241,1.1535269709543567,0.026727811364253375,639,"Geez, fucked up again...."
1548,4095,4,27,197,228,1.1535087719298245,0.026963145688376787,639,No fair! That’s reverse damsel-in-distress’n!
439,4095,4,27,197,228,1.1535087719298245,0.026963145688376787,639,Haul me up and we'll discuss your long hair fetisj.
1675,4097,7,24,217,248,1.153225806451613,0.027456205215329408,639,"Don't worry about lice, just pull me up!"
4368,4098,5,24,193,222,1.1531531531531531,0.028119196022749558,639,Hey wait a minute! Your hair is supposed to come down first.
394,4098,5,24,193,222,1.1531531531531531,0.028119196022749558,639,ARe you the Donald?
637,4098,8,18,196,222,1.1531531531531531,0.030215615580476154,639,"Slide down from the back, I hardly know ya."
532,4101,4,24,181,209,1.1531100478468899,0.02841526481157952,639,What? You want Gorilla Glue over Krazy Glue? That’ll take months.
4545,4101,2,28,179,209,1.1531100478468899,0.026747224611241495,639,Prove love?  Do we really have to wait until it touches the moon?
3109,4103,7,23,212,242,1.1528925619834711,0.02788295528838727,639,Women.  I never know how you do things like that.
2148,4103,2,33,207,242,1.1528925619834711,0.024617012645547023,639,"I know, I know, but I really miss the 80’s!"
1305,4105,5,26,205,236,1.152542372881356,0.027026077140186126,639,I think your place is nicer than mine!
2895,4106,6,29,234,269,1.1524163568773234,0.02546546362313737,639,I'm your knight on Superhold mousse.
2667,4107,3,31,209,243,1.1522633744855968,0.025207453090793898,639,The hat's much bigger inside
4150,4108,5,25,200,230,1.1521739130434783,0.02744548181507262,639,And you're sure that there are no split ends?
98,4108,6,23,201,230,1.1521739130434783,0.028128753123750617,639,Are we sure this is the gay agenda?
1602,4110,3,27,187,217,1.152073732718894,0.02692557318426744,639,I thought I climbed up this last night.
4337,4110,6,21,190,217,1.152073732718894,0.02920607272170744,639,That last jug of shampoo was molasses!
595,4112,4,30,216,250,1.152,0.025419848046335663,639,"RAPUNZEL, RAPUNZEL LIFT UP MY GOLDEN LOCKS!"
2720,4112,1,36,213,250,1.152,0.023447454713254493,639,"You asked for it, but do you want to reconsider?"
1916,4112,3,32,215,250,1.152,0.02477983374929239,639,"Finally,  I can get a Dorothy Hamill cut!"
3613,4115,9,18,210,237,1.1518987341772151,0.02945658078909824,639,Your hair isn't stiff enough! I can't come down on it!
3105,4115,8,20,209,237,1.1518987341772151,0.028843239173142028,639,I thought i was supposed to climb your hare
2967,4115,4,28,205,237,1.1518987341772151,0.02624693549458084,639,It's my Love's Alchemy profile.
2719,4118,4,26,194,224,1.1517857142857142,0.027156835387165977,639,I made it stand on end so you can slide down .
4148,4118,7,20,197,224,1.1517857142857142,0.029284962334684684,639,Credit the me-too movement for this!
4453,4118,5,24,195,224,1.1517857142857142,0.02788426339613535,639,I'm due for a weave.
410,4121,4,24,183,211,1.1516587677725119,0.028163897683564695,639,"Just trust me Rapunzel, I sprayed it with dragon sweat."
1610,4121,3,26,182,211,1.1516587677725119,0.02735084266897032,639,Sure I've got split ends but you wanted to split?
395,4123,4,29,211,244,1.151639344262295,0.02577456387850533,639,It
3718,4123,5,27,212,244,1.151639344262295,0.02642081578128997,639,I'm from NEW Jersey.
826,4125,8,17,193,218,1.151376146788991,0.030499369517178618,639,"No, Rapunsel, you cannot buy my hair to trap a man!"
251,4126,4,28,206,238,1.1512605042016806,0.026144212956037804,639,I'm from an anti-matter universe
3577,4127,4,23,178,205,1.1512195121951219,0.028643905827101027,639,My love—I’ll climb up the hair sprouting from your powerful hands.
2175,4128,9,16,200,225,1.1511111111111112,0.030492720384915857,639,Hark!. Pull me up. Hurry! I see a non-Blue Wave coming.
2998,4128,6,22,197,225,1.1511111111111112,0.028473819157693685,639,"Have no fear my dear my dear, I used extreme sport, humidity and activity proof, extra strength gel."
973,4128,7,20,198,225,1.1511111111111112,0.02916232015988412,639,I heard about this on FOX!
1408,4128,5,24,196,225,1.1511111111111112,0.027768252335040898,639,I got you covered
1804,4132,6,20,186,212,1.150943396226415,0.029591472845254783,639,"I know you need some space,
but hear me out."
1961,4133,3,29,200,232,1.1508620689655173,0.02581693578835229,639,"Wouldn't a catapult be easier?   Frank Buckley Boston, MA"
2687,4133,4,27,201,232,1.1508620689655173,0.026529854434884287,639,Don't worry--It's 10 minute glue
2826,4133,3,29,200,232,1.1508620689655173,0.02581693578835229,639,"Rosie, Rosie, Just give it a good tug and pull me up"
3064,4133,7,21,204,232,1.1508620689655173,0.028562040978278882,639,What about global-warming?
4102,4133,8,19,205,232,1.1508620689655173,0.029208032930704633,639,"Thanks, I forgot to do my eyeliner."
3520,4138,6,24,209,239,1.1506276150627615,0.027359122859313963,639,I just knew you would go for my Up-Do !
2116,4139,7,20,199,226,1.1504424778761062,0.02904069492445773,639,I'm sorry I can't elope.   I'm eating a cantelope
4478,4140,4,29,213,246,1.1504065040650406,0.025579385258783043,639,We ran out of shampoo earlier this week.
481,4141,3,26,184,213,1.1502347417840375,0.027112038528274172,639,"If I add just a little more hair spray, it’ll be as safe as houses."
1250,4141,4,24,185,213,1.1502347417840375,0.0279169041229005,639,"Okay, nice hairdo. But get me a Descent Horse and please stop talking about that..""Fixie-thing""."
3795,4143,8,20,212,240,1.15,0.02850285654528829,639,"OK, nice twist, Rapunzel. But how 'bout next time you just wrap it around that witch's neck?!"
543,4143,7,19,194,220,1.15,0.029542660403688904,639,Have you been doing your gym thing?
2722,4145,2,30,195,227,1.1497797356828194,0.02532679435990487,639,"Oh ... Your hair! U used 2 many acronyms in your txt msg​. My mind was totally FUBAR. In the future, a few emojis would help. LOL."
4197,4145,6,22,199,227,1.1497797356828194,0.028238021392190456,639,I hope you used plenty of hair gel.
3221,4147,6,23,205,234,1.1495726495726495,0.027677071230674023,639,It was only thirty years ago. How would I know you'd go through menopause.
2058,4148,5,26,210,241,1.1493775933609958,0.026501391779197407,639,This explains my childhood dream about locks of love.
306,4149,6,21,194,221,1.1493212669683257,0.02870880991906938,639,But my name is Rapunzel.
931,4149,4,25,192,221,1.1493212669683257,0.027238302011382644,639,"Once I get down, I think you should get s 
crew cut"""
1824,4151,4,29,215,248,1.1491935483870968,0.02538711602391481,639,My mother was ashamed at the original prospect.
3366,4151,6,25,217,248,1.1491935483870968,0.02664217306739193,639,I brought you another barrel of shampoo.
612,4153,6,19,183,208,1.1490384615384615,0.02985620176174067,639,What brand of mousse?
3216,4154,6,23,206,235,1.148936170212766,0.02756639360562632,639,I thought you wanted ME to let my hair down! I hope this spray holds.
3644,4155,5,22,188,215,1.1488372093023256,0.02844870135961551,639,"Better tie my hair to a hook, mother, or you're going to do a Humpty Dumpty for sure."
1382,4156,5,26,211,242,1.1487603305785123,0.02639887215262395,639,"OK, so I'm not the sharpest tool -- nor did I have one, clearly."
2976,4156,6,24,212,242,1.1487603305785123,0.027040577429766927,639,Which side has the Tony?
3199,4156,7,22,213,242,1.1487603305785123,0.027667403285090864,639,Give back my hair!  I like this tower!
4085,4156,7,22,213,242,1.1487603305785123,0.027667403285090864,639,"I love the look, but the split ends are driving me crazy."
4285,4156,8,20,214,242,1.1487603305785123,0.028280339130648577,639,I lost my keys. Find anything?
4217,4161,6,21,195,222,1.1486486486486487,0.028587112398481388,639,"Later, it’s wet. I’ll get my dryer."
78,4161,5,23,194,222,1.1486486486486487,0.02786500042412181,639,I have the feeling it wasn’t too hard getting you imprisoned up there.
626,4161,4,25,193,222,1.1486486486486487,0.027123670510998493,639,"See? That's the way it's done. Now, just--let . . . it . . . down!"
3649,4164,6,22,201,229,1.148471615720524,0.028006072475192836,639,I’ve been waiting since the Nixon administration. Please check with the barber to make sure I didn’t lose my place in line.
3935,4165,7,17,185,209,1.1483253588516746,0.030485699098906874,639,"Hey, Rapunzel, thanks for letting down your hair so that I may climb thy golden stair, but you should have kept it attached."
110,4166,3,29,204,236,1.1483050847457628,0.025410201955026038,639,I've had this fear of baldness since I was a child..
4428,4166,4,27,205,236,1.1483050847457628,0.026110158752506826,639,I hope you appreciate my #MeToo efforts.
1676,4168,4,24,188,216,1.1481481481481481,0.027554370048498273,639,Feel how soft this new shampoo makes my hair!
3174,4168,2,28,186,216,1.1481481481481481,0.02594437635591574,639,But I DO use conditioner!
4158,4168,6,28,236,270,1.1481481481481481,0.025186642975198188,639,I think there's something wrong with my brush because my hair has been stuck like this for days.
4538,4171,4,25,194,223,1.147982062780269,0.027009992423346396,639,This would be easier if you smiled more.
2742,4171,5,23,195,223,1.147982062780269,0.027747771698775864,639,"Okay, this time I whip my hair back and forth.  You slide down."
3818,4171,4,25,194,223,1.147982062780269,0.027009992423346396,639,Thanks for telling me about this #metoo hairspray!
926,4174,6,23,208,237,1.1476793248945147,0.02734765608938244,639,"Prince:  ""Rapunzel, Rapunzel, let down your hair.""
Rapunzel:  ""Not until thou rids thyself of thy royal nits."""
3331,4175,4,28,212,244,1.1475409836065573,0.02554424282691272,639,"Yeah, sorry, it's just one of those topsy-turvy kinda days"
4260,4176,2,28,187,217,1.1474654377880185,0.025833562917394602,639,"Pull! It's real, not a rug."
3632,4177,6,21,197,224,1.1473214285714286,0.0283467679785102,639,I'm just trying to get away from Donald Trump's Twitter feed.
1589,4177,3,27,194,224,1.1473214285714286,0.02614237831814888,639,"Next time, instead of rappelling down, can I take the golden stair?"
2185,4177,8,17,199,224,1.1473214285714286,0.02972568129793391,639,He better call Becky with the good hair.
2482,4180,3,28,200,231,1.147186147186147,0.025664762785872212,639,No worries.  I used a ton of pomade...
4190,4180,6,22,203,231,1.147186147186147,0.027777879626930627,639,"No, Prince Hairy. Methinks we'd be better off if I let down my hair. 
Come up, Prince!"
2969,4180,5,24,202,231,1.147186147186147,0.02709182682404164,639,It’s the new trend. Haven’t you heard?
1595,4180,5,24,202,231,1.147186147186147,0.02709182682404164,639,Is this wig made of China?...better be safe than sorry...
289,4180,6,22,203,231,1.147186147186147,0.027777879626930627,639,Accident prevention in progress.
531,4185,5,25,208,238,1.1470588235294117,0.026580768774956562,639,"What do you mean I've got split ends?
Get down here, already!"
2450,4185,2,26,176,204,1.1470588235294117,0.026729844309164554,639,"Oui, eet ees a French role reversal!"
4419,4185,4,27,207,238,1.1470588235294117,0.025905212753511157,639,Could you add some curls at the end please?
550,4188,7,17,187,211,1.146919431279621,0.03021232978300397,639,"Oh hey, you're awake! I, uh, just let myself down to ... get us some coffees. Yeah, so, coffees."""
3804,4189,6,20,192,218,1.146788990825688,0.028823941546163835,639,I misplaced the adapter for the blowdrier
4091,4189,6,20,192,218,1.146788990825688,0.028823941546163835,639,I’m like Pinocchio but for hair and for every time I lie to my fellow Proud Boys about jerking off.
3006,4191,3,28,201,232,1.146551724137931,0.0255617735139009,639,Please change places with me
804,4192,6,23,210,239,1.1464435146443515,0.02713234113832717,639,Mixed romaine and viagra!
2205,4192,3,29,207,239,1.1464435146443515,0.0251133910990405,639,Oh these are good! Let's do a braid.
3007,4194,3,24,178,205,1.146341463414634,0.02749277375495779,639,"You said I only had to brush 5 feet! Of course, you're on princess measurments"
2559,4194,5,20,180,205,1.146341463414634,0.02918048361568016,639,Thy heartfelt #MeToo ballad drew me forth.
2957,4194,4,28,214,246,1.146341463414634,0.025350277920108348,639,I need a bigger hat
3518,4194,4,28,214,246,1.146341463414634,0.025350277920108348,639,"You know, I use gobs of conditioner and I still have tons of split ends!"
3408,4198,5,22,192,219,1.1461187214611872,0.027960501396289538,639,Have you checked with the Wig Maker?
1738,4199,6,21,199,226,1.1460176991150441,0.028110407388085994,639,I hope this kind of lets me know about another part of your body.
1786,4199,6,21,199,226,1.1460176991150441,0.028110407388085994,639,"Mane and Tail, me lady!"
2397,4199,6,21,199,226,1.1460176991150441,0.028110407388085994,639,"Maybe if I wear my hair up, I can meet a prince."
2802,4199,5,23,198,226,1.1460176991150441,0.02740189111647524,639,I'm in the middle of my grass roots campaign across the countryside.
3549,4199,5,23,198,226,1.1460176991150441,0.02740189111647524,639,"I said: Rapunzel, Rapunzel go up my hair!"
1531,4204,6,23,211,240,1.1458333333333333,0.02702594230392634,639,"Rapunzel , Rapunzel, Please wash your hair!"
954,4205,7,22,218,247,1.145748987854251,0.02713908637924518,639,Just checking! ... No lice? No dandruff?
3418,4205,7,22,218,247,1.145748987854251,0.02713908637924518,639,All non-Korean. I can get you a deal...
1935,4207,7,23,224,254,1.1456692913385826,0.026641215886960657,639,"Even with gel in and shoes off, Rapunzel, rising to your level on my hair is all backwards."
4389,4207,4,29,221,254,1.1456692913385826,0.024827134515833422,639,"Rapunzel, Rapunzel lend your Nexxus Repair."""
3988,4209,4,24,192,220,1.1454545454545455,0.027085283626986596,639,"“Prince Charming Prince Charming 
Let up your long hair “
“How?”
“C’mon just do it”
“But it’s...always”"
3815,4209,4,24,192,220,1.1454545454545455,0.027085283626986596,639,I think it might sting.
285,4209,4,24,192,220,1.1454545454545455,0.027085283626986596,639,Did you have to put so much gel in it?
3722,4212,6,21,200,227,1.145374449339207,0.027993690419139877,639,"Come on, Rap, you’re just taking this #Metoo thing way too far."
2228,4213,4,26,204,234,1.1452991452991452,0.026071487876541313,639,Don’t worry. These are Rapunsel’s hair extensions.
634,4213,5,24,205,234,1.1452991452991452,0.026765741540494582,639,"Repunzel, you've really gone punk on me"
1863,4215,5,26,217,248,1.1451612903225807,0.02579992081395949,639,Take me away—to Brooklyn!
939,4216,7,18,196,221,1.1447963800904977,0.029168694667460516,639,When I say split ends I mean SPLIT ENDS!
4053,4217,6,21,201,228,1.144736842105263,0.02787793307221639,639,I use a lot of mousse.
333,4218,2,31,209,242,1.1446280991735538,0.02412276156259782,639,Either you weave that ladder of silk or hop onto my pompadour updo.
4308,4218,4,27,211,242,1.1446280991735538,0.0255047520869194,639,Ugh-dandruff
1891,4220,3,30,216,249,1.144578313253012,0.02441012234941245,639,A rinse? A blow dry? Hmm.
4007,4220,5,26,218,249,1.144578313253012,0.02570271003348385,639,I'm here because we both like getting our hair pulled.
4185,4220,6,24,219,249,1.144578313253012,0.026325214491840037,639,I no longer believe that everything within one mile of the castle is woman's work.
4256,4223,4,21,176,201,1.144278606965174,0.028571251771863142,639,I don't ascribe to traditional general roles.
1893,4224,3,26,193,222,1.1441441441441442,0.02608666697812711,639,Looks Like I'm coming down
2873,4225,2,29,198,229,1.1441048034934498,0.02485094671604284,639,They want bread? Give them shoes!”
3828,4225,4,25,200,229,1.1441048034934498,0.026347301446437814,639,"Grab hold, and swing me up and we can have a private moment."
671,4227,6,22,208,236,1.1440677966101696,0.027223247591622944,639,I don't think so. Our hair salon bills will be way too high!
4236,4228,5,25,213,243,1.1440329218106995,0.026067276485813456,639,Jordan B Peterson says it's your responsibility to lift me up.
1303,4228,3,29,211,243,1.1440329218106995,0.024728174889129425,639,"See? Only takes a few months to grow. You could let people up, or don't — at least give yourself the option to not be such a priss."
1467,4228,3,29,211,243,1.1440329218106995,0.024728174889129425,639,Are you old enough to remember Bruce Jenner?
2950,4231,2,32,216,250,1.144,0.023649379964192772,639,I've been going for a more practical cut.
3079,4231,6,24,220,250,1.144,0.026226079175425028,639,"If I put a ladder in your tower, could I get a haircut?"
1072,4231,3,30,217,250,1.144,0.02431916295325535,639,See.  I told you it was too oily.
998,4234,9,19,229,257,1.1439688715953307,0.02747731636282679,639,"I’m sorry baby, I just wanna rock!"
1649,4235,6,26,232,264,1.143939393939394,0.02532491448728327,639,I’ll anchor it and slide down!
2990,4236,4,20,171,195,1.1435897435897435,0.02907485629922704,639,"It's Wildroot Cream Oil, Charlene."
1977,4237,5,19,178,202,1.1435643564356435,0.02929168649923924,639,Thirty-two months but I’m finally grounded.
756,4238,6,20,197,223,1.1434977578475336,0.028213935804358707,639,"Hair light, hair right,
May I have the wish I wish tonight..."
3442,4238,2,28,193,223,1.1434977578475336,0.025187885965674974,639,You're in for a hairoing experience!
1516,4240,3,27,200,230,1.1434782608695653,0.02550616040401294,639,"Before you pull me up, can you find the quill and notepaper that I lost in there?"
3255,4240,6,21,203,230,1.1434782608695653,0.02764925060940209,639,"Got your back, Rap!"
3383,4242,5,25,214,244,1.1434426229508197,0.02596693397770346,639,"Oh Juliet, it's pure gold spun by a little old man named Rumpelstiltskin, but he wants our first born child in return."
1609,4242,5,25,214,244,1.1434426229508197,0.02596693397770346,639,Movember rescue.
1564,4242,2,31,211,244,1.1434426229508197,0.023939247480597257,639,"Yes, you do have the World's Worse Case of Hat Hair!"
4028,4245,4,23,190,217,1.1428571428571428,0.027158258671511133,639,"Yes, Amazon"
2808,4245,4,24,196,224,1.1428571428571428,0.026631791355254102,639,It said Starch Hair Color first.
2847,4245,6,26,234,266,1.1428571428571428,0.025145745845740603,639,I need a new hair dryer
2467,4245,6,19,192,217,1.1428571428571428,0.02868640460366067,639,This is a a hairy situation!
4404,4245,4,25,202,231,1.1428571428571428,0.026133521220993855,639,"Honey,  I  asked  for  a  permanent  for
my  haircut!"
1402,4245,5,22,197,224,1.1428571428571428,0.027373175696093623,639,"Your clear to enter the realm, I see no lice."
928,4245,5,24,209,238,1.1428571428571428,0.026342901614327428,639,See how she shares her hair upon my hands.
448,4245,7,21,217,245,1.1428571428571428,0.027129911864308347,639,"Rapunzel! I' ve been cursed with split ends., You must tell me our secret?"
2316,4245,5,23,203,231,1.1428571428571428,0.02684407657775774,639,"What in the ""hair"" do you want me to do?"
4522,4254,6,21,205,232,1.1422413793103448,0.027424268588057417,639,Did someone press ‘Rewind’?
3371,4255,6,19,193,218,1.1422018348623852,0.02856203085176032,639,This relationship is too one-sided.
2473,4256,4,22,185,211,1.1421800947867298,0.027592235569026284,639,I don't even have the job yet.
473,4256,2,26,183,211,1.1421800947867298,0.025904794684412626,639,I'm glad I kept the mullet trend!
1778,4258,8,13,183,204,1.142156862745098,0.03141801918329538,639,"Now swirl my golden locks to resemble a nest created by really, really talented birds...the best birds imaginable""."
3127,4259,5,23,205,233,1.1416309012875536,0.026627219352511673,639,It's unbelievable. Townspeople are saying they've never seen anything like it.
510,4260,3,26,197,226,1.1415929203539823,0.02565523882614619,639,It looks good from afar but I have doubts about the stability of the relationship!
3589,4260,4,24,198,226,1.1415929203539823,0.026410654024306063,639,Rapunzel to you
668,4262,6,19,194,219,1.1415525114155252,0.02843872525138885,639,I knew the Tenex I hoarded in the ‘80s would come in handy.
898,4262,2,27,190,219,1.1415525114155252,0.025321803900961858,639,It's tress issue.
3760,4264,5,29,242,276,1.141304347826087,0.023936986456452113,639,I can help you with the dandruff problem.
2583,4265,5,25,218,248,1.1411290322580645,0.025573123635137106,639,"What are you doing? Counting my greys , checking for critters ?"
2939,4266,4,25,205,234,1.141025641025641,0.0258192332564837,639,Enough zhuzh?
2357,4267,3,26,198,227,1.1409691629955947,0.02554958532659618,639,You mean you haven't seen Indiana Jones?
875,4267,5,22,200,227,1.1409691629955947,0.027032406111174554,639,"Split ends are dangerous ,that’s why Rogaine and I collaborated."
3164,4269,5,18,176,199,1.1407035175879396,0.029401203679727192,639,"Rapunzel, Rapunzel, pull me up by my brown hair."
2183,4270,6,23,220,249,1.140562248995984,0.026104417670682726,639,"So if you're the fox, and I'm the chicken,
     who's the sack of corn?"
371,4271,3,27,205,235,1.1404255319148937,0.024998984320814915,639,"Sorry, but I have to wash my hair."
956,4271,3,27,205,235,1.1404255319148937,0.024998984320814915,639,Don't stop!
2568,4271,5,23,207,235,1.1404255319148937,0.026413816750798493,639,"Please make sure to tell everyone that it was me who saved you. Also, do you have 20 bucks so I can go do karaoke with the boys tonite?"
1023,4274,5,22,201,228,1.1403508771929824,0.02692068277692804,639,I think I need a little more product on the ends.
2744,4274,5,22,201,228,1.1403508771929824,0.02692068277692804,639,It's supposed to be greasy
2787,4276,4,23,194,221,1.1402714932126696,0.026696483972373425,639,Prell once a week.
1784,4277,4,22,188,214,1.1401869158878504,0.02722862016712595,639,I was inspired by a video I saw about seahorses.
2524,4277,5,20,189,214,1.1401869158878504,0.028022753704527344,639,"My man bun is the envy of all the gym, Baby, it can all be yours!"
2899,4279,6,22,215,243,1.139917695473251,0.026482759869666424,639,Don't ask about the carpet.
4514,4279,1,32,210,243,1.139917695473251,0.023049639806583404,639,Same shampoo?
3296,4281,6,21,209,236,1.1398305084745763,0.02698505457135261,639,Do these pants make my ass look fat?
4360,4281,8,17,211,236,1.1398305084745763,0.028289878465463186,639,Don’t kill my vibe don’t touch my weave!
2405,4281,7,19,210,236,1.1398305084745763,0.027645165886729238,639,"It's my golden parachute to the stars, Melanie. I know all the best stars."
1511,4281,4,25,207,236,1.1398305084745763,0.025613846193945158,639,"Well, no.  I ran out of equalizer."
1494,4285,4,24,201,229,1.1397379912663756,0.02608570413079081,639,The Pointer Sisters thought that this might work.
1703,4285,4,24,201,229,1.1397379912663756,0.02608570413079081,639,Ouch! That hurts.
320,4287,4,23,195,222,1.1396396396396395,0.026583467689063972,639,I'm desperate?!
2423,4288,5,22,203,230,1.1391304347826088,0.026699967925121495,639,"Tresemme, Tresemme, O lala."
3963,4288,5,22,203,230,1.1391304347826088,0.026699967925121495,639,My split ends are a mess.  What conditioner do you use?
3544,4290,3,25,195,223,1.1390134529147982,0.025696999370866,639,"Don't worry about lice, I'm mainly worried about split ends."
1187,4290,8,15,200,223,1.1390134529147982,0.02936548134046286,639,"So I thought to myself, ""Well Dippity-DooDah, I think I'll go visit Rap!"""
3590,4292,2,30,213,245,1.1387755102040817,0.023595237657163936,639,No I am not giving you the brand name of hair gel I use!
4469,4293,5,23,210,238,1.138655462184874,0.0261000130715862,639,I am a male chauvinist pig who does not believe in female ingenuity.
2360,4293,7,19,212,238,1.138655462184874,0.027424899709261076,639,"I think YOU were supposed to take Merlin's magic hair pills, not me!  (pause) What, this thing? I have no idea. I found it on the way over here.  I think it was left over from a previous cartoon."
183,4295,5,27,235,267,1.1385767790262171,0.024281125971149384,639,I thought the Biotin was for me.
1157,4296,3,26,202,231,1.1385281385281385,0.025135469424880475,639,Let me pull you up where you'll be safe from all the men.
3282,4297,6,19,199,224,1.1383928571428572,0.027837750830983162,639,"Use my discount code for ""Sugar Bear Hair"" to get 10% off your first order."
1625,4297,4,23,197,224,1.1383928571428572,0.026360263608868877,639,Newton called. He wants you to drop testing the matter of gravity again!
2974,4297,4,23,197,224,1.1383928571428572,0.026360263608868877,639,"Girllll, this better not be lice."
3224,4297,4,23,197,224,1.1383928571428572,0.026360263608868877,639,Your so uplifting
1102,4301,5,25,223,253,1.1383399209486167,0.025097245700407736,639,I thought you said I had to be woke!
652,4302,3,24,190,217,1.1382488479262673,0.0260684527626377,639,I use the CVS house brand shampoo.
4387,4302,5,20,192,217,1.1382488479262673,0.027656880237186685,639,I was worried that my standards too high.
2108,4304,8,17,214,239,1.1380753138075315,0.02795224981692735,639,Rapunzel's twin brother never got the hair thing.
1634,4304,6,21,212,239,1.1380753138075315,0.026664719282086063,639,Ah now I'm free............
3291,4304,4,25,210,239,1.1380753138075315,0.025311780635842066,639,"I get it, literal entrapment has it's advantages."
337,4304,6,21,212,239,1.1380753138075315,0.026664719282086063,639,I’ve got the lettuce but I sense we’re doing something wrong.
3332,4308,3,22,178,203,1.1379310344827587,0.027110218238671848,639,"You just won't let up, will you?"
2987,4309,4,23,198,225,1.1377777777777778,0.026250052490079376,639,"I dont mind helping you, if you can guarantee a smooth transition from Dark Ages to Renaissance."
2420,4310,5,24,218,247,1.1376518218623481,0.0254384022290478,639,History Lesson: Women's Lib cartoon from the 1960's.
2805,4311,5,20,193,218,1.1376146788990826,0.027537024818763224,639,"I am sorry, I can't work around it!"
676,4311,4,22,192,218,1.1376146788990826,0.02675835945501021,639,It's not really my fault...the prince grounded me.
4369,4311,1,28,189,218,1.1376146788990826,0.02427294780793202,639,"Rapunzel, Rapunzel let down your... weave?"
734,4314,3,27,210,240,1.1375,0.024511439563111477,639,"So, his and hers, ok?"
2080,4315,2,31,222,255,1.1372549019607843,0.022977416879407773,639,"if you're good at dividing by zero, this might work, too; ready?"
870,4316,5,21,200,226,1.1371681415929205,0.026882528827431924,639,I'm here to rescue you. It's been a long and tiring journey so how about this time you climb my hair?
4100,4316,7,17,202,226,1.1371681415929205,0.028307827357246945,639,"Yes, I've been growing it since January 2017, now, will you put me up, please?"
3977,4318,7,19,215,241,1.1369294605809128,0.02710097397642342,639,What happened next was a phantasmagoria of horror and mystery
1307,4319,4,21,187,212,1.1367924528301887,0.027174713533328187,639,"Honestly, I liked your bulletin in the town square because it looked like you had a staircase in the background."
1938,4320,6,20,208,234,1.1367521367521367,0.02695832430764237,639,"Thanks for the let-down, darling. I like to spare you that second headache when we bid farewell."
577,4321,5,25,226,256,1.13671875,0.024820076740526758,639,I use Suave Shampoo...I hope the fragrance agrees with you  !
3569,4322,3,25,199,227,1.1365638766519823,0.025272488654192262,639,I used my hair to clean your shoes.
2253,4323,6,22,221,249,1.1365461847389557,0.025879224390747215,639,No way am I letting you up - you clearly don't use Garnier Fructis.
3428,4324,4,25,213,242,1.1363636363636365,0.0250167119479082,639,"Rapunzel, Rapunzel, let down your hair relaxer so that I may climb to my 5th floor walk-up"
3937,4324,7,16,197,220,1.1363636363636365,0.028780777346120594,639,You ACTUALLY think I am going to escape with all this dandruff?!
1622,4324,2,26,192,220,1.1363636363636365,0.024915419775139617,639,Strike that! Reverse it
2731,4324,7,16,197,220,1.1363636363636365,0.028780777346120594,639,Gosh. How liberated this hair must make you feel.
1170,4324,4,22,194,220,1.1363636363636365,0.02652923186603107,639,"""I thought we could check out that new dumpling place for a change."
1014,4329,3,26,206,235,1.1361702127659574,0.024734470290998248,639,"I promise, I washed my hair!"
2585,4329,6,20,209,235,1.1361702127659574,0.026849669792846514,639,"Even this way, your hair still looks good!"
3954,4331,3,23,187,213,1.136150234741784,0.026223132018481653,639,You rang?
921,4332,2,27,199,228,1.1359649122807018,0.024388767053845115,639,Achtung Baby!
1679,4332,5,21,202,228,1.1359649122807018,0.02665971767285841,639,It akes sense why this is the only way of getting into your barber shop.
4134,4332,4,23,201,228,1.1359649122807018,0.025924846841076092,639,"Cheryl, you know that last week I brought the brownies, all I’m asking is that you do your part."
1592,4335,8,14,199,221,1.1357466063348416,0.029365847142608,639,"Fetch bucket of water,before I can pull you up."
4174,4335,3,24,194,221,1.1357466063348416,0.025625696129824585,639,I’ll have a medieval hamburger well done.  I repeat well done.
3280,4337,5,22,209,236,1.1355932203389831,0.026058900573877462,639,Duck’s ass or Gooseneck’s do...Whatever!...I’m outta here!
2079,4337,5,22,209,236,1.1355932203389831,0.026058900573877462,639,Your mother asked me to rescue you. This is the only vine I could find. She said to try it.
2160,4337,1,30,205,236,1.1355932203389831,0.02312613656397523,639,Looks like you really let your hair down last night.
4577,4340,5,21,203,229,1.1353711790393013,0.026549684076122262,639,"That’s nice, Charlie, but I’ve decided to launch."
638,4340,4,23,202,229,1.1353711790393013,0.025818217485507555,639,"I can't PROVE I'm the Prince, but animals strike curious poses. They feel the heat. The heat between me and you."""
4544,4342,5,23,216,244,1.1352459016393444,0.02549413345625052,639,I'm waiting for the all haircuts $6.99 sale.
2454,4343,2,26,194,222,1.135135135135135,0.024705656230853544,639,I'll have a #2 with a Fade
3387,4344,4,24,209,237,1.1350210970464134,0.025256789208119648,639,I added a stiffening agent to my hair shampoo this morning!
1289,4345,4,23,203,230,1.1347826086956523,0.025712456480720028,639,It’s certainly is a toppsy turbby world all right!
733,4346,7,19,219,245,1.1346938775510205,0.02668073951067836,639,"Pull me up slowly. I  don't want to lose any hair.
Anne Desmond
Dallas, Texas"
3232,4347,7,18,213,238,1.134453781512605,0.027188938210571445,639,"I don’t want to cut my hair either, but his highness King Trump requested hair samples throughout the kingdom."
335,4348,4,19,178,201,1.1343283582089552,0.027936109734062606,639,It's a living!
2505,4349,4,21,191,216,1.1342592592592593,0.02669994753060355,639,"So now that I've grown my hair, do you think you can fashion a jacket out of it for my birthday? And oh, maybe use yours to pop down for the after-party?"
3515,4349,5,19,192,216,1.1342592592592593,0.027494608931080872,639,I'm a modern man.  I need to grow up.
816,4351,3,25,203,231,1.1341991341991342,0.02486168280650253,639,"According to the packaging, it's the texture of a surfer's hair."
3921,4351,3,25,203,231,1.1341991341991342,0.02486168280650253,639,Head & Shoulders? But you don't have dandruff.
4044,4353,5,23,218,246,1.1341463414634145,0.025298342854453367,639,"Rapunzel, let down your bod on the mousse."
861,4354,5,18,186,209,1.1339712918660287,0.028068415281471113,639,"Girl, you could use a trim."
43,4355,6,20,213,239,1.1338912133891212,0.026423630354718813,639,"Rapunzel, Rapunzel  please let down my split ends."
807,4356,3,23,191,217,1.1336405529953917,0.025768783617914594,639,You gotta have a little faith.  It actually worked for me.
1857,4357,6,19,207,232,1.1336206896551724,0.026927057063255263,639,"Like mother, like daughter"
2170,4357,3,25,204,232,1.1336206896551724,0.024761045890250123,639,"So you've never heard of static electricity, Rapunzel?  It's been known to reverse gender roles, too."
2643,4359,3,24,198,225,1.1333333333333333,0.02519763153394848,639,"My hair is knotty by nature, not 'cause I hate ya."
3586,4359,6,18,201,225,1.1333333333333333,0.0274584823682638,639,Why you style your hair with semen?
1213,4359,4,24,212,240,1.1333333333333333,0.02495928809675081,639,"Get Off, it's just an updew!"
1022,4362,6,23,234,263,1.1330798479087452,0.02478895487969244,639,"I am doing what I can to support the 
me II moveo"
1873,4363,2,29,217,248,1.1330645161290323,0.023072442062567627,639,Will you please let up?
2190,4363,5,23,220,248,1.1330645161290323,0.02510552073433785,639,The split ends are killing me. I can do nothing with them.
1251,4365,2,27,204,233,1.1330472103004292,0.023899306737343938,639,Just loop it around a merlon and we can meet half-way.
313,4366,2,28,211,241,1.1327800829875518,0.023429596927356536,639,I'm hoping that you go with the flow
2271,4367,2,26,198,226,1.1327433628318584,0.024296472309113866,639,It must be the Brylcreem.
2863,4368,3,25,206,234,1.1324786324786325,0.024562180885563657,639,"It's called a ""back flip "".  Trust me, it is strong as a tree."
3115,4368,4,23,207,234,1.1324786324786325,0.025297888646506946,639,"Hey at less you don""t have to worry about me pulling on your head!"
2512,4370,3,23,193,219,1.1324200913242009,0.025547425857497454,639,I found a new conditioner for these ends
3560,4370,5,19,195,219,1.1324200913242009,0.027137697737776814,639,"Alas, the royal straightener has never heard of a boho wave."
365,4372,7,19,224,250,1.132,0.026173348595600592,639,I'm trying to spruce up your phallic symbol.
4204,4373,3,21,181,205,1.1317073170731706,0.026534179990570356,639,"I'm sorry I got it wrong but please try as the ""orange stranger"" is approaching with his attorney."
3660,4374,6,20,217,243,1.131687242798354,0.02601083920055174,639,My hair!
4227,4374,5,22,216,243,1.131687242798354,0.025348641401399072,639,Be sure to put on your jump suit before I get back from having  my haircut
520,4376,3,24,201,228,1.131578947368421,0.024885793538699224,639,"No Rapunzel, , I've never heard of Brahmagupta, why do you ask? Please hurry up and climb down."
1562,4377,2,24,187,213,1.1314553990610328,0.025042814267236656,639,Hey Prince Rapunzel remind me again how we got your hair up.
1464,4378,3,26,215,244,1.1311475409836065,0.023877088163006294,639,"Time to expand, shed the extensions, just find your potential yet once again."
4318,4379,4,19,183,206,1.1310679611650485,0.027294607899318587,639,Shampoo and set?
4519,4380,7,16,206,229,1.1310043668122272,0.02770280828973288,639,"Quick, This will be a hair causing escape"
682,4381,3,26,216,245,1.1306122448979592,0.023785455183257746,639,I guess hippies are good for something.
576,4382,3,27,223,253,1.1304347826086956,0.023327972608202605,639,This always happens on hair appreciation day!
3046,4382,6,18,206,230,1.1304347826086956,0.02689097047670505,639,L-I-C-E keep these running through your head and you'll always get it right.
3506,4384,7,17,214,238,1.1302521008403361,0.026948146838955793,639,"Now the little rabbit comes out of the hole, hops around the tree and then hides back inside his hole."
2674,4385,2,24,189,215,1.130232558139535,0.024824306947696436,639,"You see, unlike you, I have luscious hair since I use herbal essence."
1678,4385,6,16,193,215,1.130232558139535,0.028109099237533602,639,I could produce more. Not sure you’d like it.
1706,4387,3,29,237,269,1.1301115241635689,0.022484434761775845,639,Any care hints you can give me?
857,4388,2,25,196,223,1.1300448430493273,0.024298296531007277,639,My hairspray supplier loves me!
2299,4388,2,25,196,223,1.1300448430493273,0.024298296531007277,639,"Is that really your hair? I can’t believe how long it is, I have never seen hair this long! Are you a hippie?"
4342,4388,4,21,198,223,1.1300448430493273,0.02590763403680611,639,It's  real so tell Rapunzel here date from Wooly Mammoth  Meets Shaggy Dog is waiting
1855,4391,4,22,205,231,1.12987012987013,0.025335652304494968,639,Director Jordan Peele announced today his intent to remake 'Rapunzel.' It will be entitled: 'The Maiden in the Upside Down.'
264,4392,4,20,192,216,1.1296296296296295,0.026401446911437452,639,"Your Highness, is there no one else who can check my hair for lice?"
4275,4392,4,20,192,216,1.1296296296296295,0.026401446911437452,639,"Rapunzel, rapunzel, it's time we played fair."
3486,4394,6,20,221,247,1.1295546558704452,0.025610690965380038,639,"Fabio, it's not butter it's hair gel."
680,4395,4,21,199,224,1.1294642857142858,0.025798248815413396,639,"Yes, it does need hair dressing.  Could I borrow some?"
2966,4396,4,19,186,209,1.1291866028708133,0.02692358635593614,639,The lice have only made it to the northern border.
332,4397,3,22,192,217,1.1290322580645162,0.025461727272274613,639,"Rapunzel, I'm woke...I'll give you MY hair!"
3045,4397,5,18,194,217,1.1290322580645162,0.027085759186404712,639,I totes love your new do!
3092,4399,6,17,202,225,1.1288888888888888,0.027190619816335065,639,Got viagra?
3917,4399,2,25,198,225,1.1288888888888888,0.024095635440185312,639,"Faith,m’lady is defined as,jump! Then you grow wings."
2740,4399,2,25,198,225,1.1288888888888888,0.024095635440185312,639,"Rapunzel, Rapunzel, 'tis a new day.  Hold on to my hair, I shall climb with it up to your balcony, and together we can let down your golden hair!"
256,4399,4,21,200,225,1.1288888888888888,0.025689778641152083,639,I like your features. mine only goes one-way.
3784,4403,5,20,208,233,1.128755364806867,0.02585569001072636,639,"I've d gelled my heir so you can slide down
into my arms"
341,4404,3,21,187,211,1.127962085308057,0.025822084400854237,639,It's the new Salmon Spa WN shampoo.
3539,4405,8,17,233,258,1.127906976744186,0.025987297549595178,639,No access to the bottom
4210,4406,4,20,195,219,1.1278538812785388,0.02605894400736768,639,I am Sir Lance of Hair Gel and I ask for your hand in marriage.
2138,4407,2,27,214,243,1.1275720164609053,0.022976659233496576,639,My barber’s left for the Crucades. So you can use mine.
2768,4407,4,23,216,243,1.1275720164609053,0.024412028583726826,639,I'm sorry but I didn't cut my hair this morning.
380,4409,4,20,196,220,1.1272727272727272,0.025946732977137506,639,The #MeToo movement is not very efficient.
4132,4410,2,22,181,205,1.1268292682926828,0.02526873214295943,639,A Little Dab'll Do Ya-Just Escape By Sliding Down Upon My Hair
3748,4411,5,18,198,221,1.1266968325791855,0.026619679491604768,639,"I tried that shampoo you recommended, but I keep finding split ends!"
3941,4411,3,22,196,221,1.1266968325791855,0.02502671903645779,639,"Well, you said your place was a mess."
537,4413,4,21,204,229,1.1266375545851528,0.02526482387250985,639,"I think only two years, but I may need shelter for an additional four thereafter."
1299,4413,4,21,204,229,1.1266375545851528,0.02526482387250985,639,"See? Only takes a few months. You could let people up, or don't — at least give yourself the option to not be such a priss."
997,4415,3,24,210,237,1.1265822784810127,0.023994672868510293,639,Not my split ends---Let's you and me split.
1078,4416,2,27,216,245,1.126530612244898,0.022800556060057944,639,I believe we should all be equal.
4444,4417,3,23,204,230,1.126086956521739,0.024394500815499272,639,"Yes, it is sturdy enough to hold you"
1384,4418,5,20,213,238,1.1260504201680672,0.025339760327278638,639,Help me! My hair stayed like this since Halloween at that haunted house.
1006,4419,3,25,218,246,1.1260162601626016,0.02343261343527061,639,I'm worth far more than extensions!!
1050,4419,5,21,220,246,1.1260162601626016,0.024808373244243693,639,New 'Rapunzel' movie coming soon this Christmas! !
1037,4421,3,21,191,215,1.1255813953488372,0.02536810172660749,639,I need the Disney fairy tales to pull me out of realistic.
1957,4422,5,19,207,231,1.1255411255411256,0.02579775812883884,639,Permanent is polysemous.
1265,4423,5,20,214,239,1.1255230125523012,0.02523902457664832,639,"I know you asked for detangler, but I thought mousse would work much better."
1457,4423,3,24,212,239,1.1255230125523012,0.02380519578044245,639,Do you have a secret word for avoiding split ends?
225,4423,5,20,214,239,1.1255230125523012,0.02523902457664832,639,"Next time, I'll stop at one pint of mead."
2504,4426,4,23,220,247,1.125506072874494,0.024037822713122544,639,My name is cody and I'm bald
547,4427,2,24,198,224,1.125,0.023886140873250833,639,You are totally desocialized about hair.
1165,4427,3,23,206,232,1.125,0.024195905789897207,639,Have you tried tea leaves?
2065,4427,6,18,216,240,1.125,0.02582326478553981,639,"Rapunzel, rapunzel, how bad's my wear and tear?"
2189,4427,5,22,229,256,1.125,0.02412691118102885,639,"Actually, I prefer Summer Stock."
2783,4427,3,20,185,208,1.125,0.025840569706085094,639,"Can you at least give me a warning next time, or go feet first?"
1560,4432,4,25,236,265,1.1245283018867924,0.022963218544313234,639,Thank goodness your hair is long!
2984,4433,6,18,217,241,1.1244813278008299,0.025721121180697016,639,The doctor said it is the worst case of Couvade Syndrome he
4496,4433,6,18,217,241,1.1244813278008299,0.025721121180697016,639,I told you that the hair is supposed to go down before me.  You will find no clues in the split ends.
1771,4435,5,18,202,225,1.1244444444444444,0.02616930361127553,639,"Good practice, if we decamp to Australia."
4474,4436,6,15,196,217,1.1244239631336406,0.027574997036891313,639,Do you think I can afford to trim a foot or two?  The split ends are killing me!
1169,4437,2,22,185,209,1.124401913875598,0.024813228644653722,639,Wkere's your brother?
4279,4438,3,25,222,250,1.124,0.023078702433717898,639,"In the name of gender equity, Prince Charming decided to start taking biotin."
775,4439,4,22,216,242,1.1239669421487604,0.024244346617630943,639,Me thinks your Re-punzi scheme will short my end!
1686,4440,3,23,208,234,1.123931623931624,0.02400050090342091,639,Come back next month and we’ll be ready to create the world’s largest hair questionmark.
4125,4441,2,24,200,226,1.1238938053097345,0.023687150324347768,639,But isn't recognition that women are also strong a turn on?
1583,4442,2,23,193,218,1.1238532110091743,0.024178885653645916,639,Suavecito pomade outta L.A. baby!
212,4443,6,14,190,210,1.1238095238095238,0.02815061871097538,639,My Man Bob is out of control
1456,4444,7,17,227,251,1.1235059760956174,0.02561477248734138,639,You prophechia is really kicking in!
3769,4445,2,26,215,243,1.123456790123457,0.022697809670209526,639,Bloody Western Union!
1805,4446,5,21,226,252,1.123015873015873,0.024246863491624963,639,"Rupunzel: ""The lice have discovered democracy! It's a coup d'état!"""
1039,4447,2,27,224,253,1.1225296442687747,0.022122172245443713,639,"Your highness, could you please toss your hair up? So I can pick you up to me!"
4069,4448,6,16,207,229,1.1222707423580787,0.02646765277059854,639,Tou can’t keep me in here forever just to wash you hair.
1495,4449,5,16,192,213,1.1220657276995305,0.02696206652438234,639,"Rapunzel, Rapunzel through up your hair!"
188,4450,2,24,204,230,1.1217391304347826,0.023298895048822252,639,So I gave you your castle in a tony neighborhood.  That doesn't mean I also have to give you a Toni Home Permanent.
1047,4450,3,22,205,230,1.1217391304347826,0.024100016405211474,639,I have to many Dead-Ends!
3685,4452,4,19,199,222,1.1216216216216217,0.025425415617632337,639,I promise if you take my place as captive of this tower your hair will grow back and be as plush as mine and you can take off that silly hat with the tassel
1848,4453,4,22,221,247,1.1214574898785425,0.023778639727940906,639,You found my old Tamagotchi in there?!
4248,4454,2,21,183,206,1.1213592233009708,0.024796600666801793,639,"I think we're getting close sleeping beauty, what do we do now?"
3469,4455,1,26,204,231,1.121212121212121,0.022377954168972716,639,You said”don’t spare the ozone layer!”
3023,4456,3,20,192,215,1.1209302325581396,0.02504324186970754,639,Crosshatch me twain
2624,4457,4,17,186,207,1.1207729468599035,0.026515628763935276,639,"Well dear prince, I find your misogyny highly disturbing."
4585,4458,3,21,200,224,1.1205357142857142,0.024402507604096502,639,"I guess equality should work, muscles."
3756,4458,5,17,202,224,1.1205357142857142,0.025991522678881947,639,I'm OK with the quickie but promise that you will not hold me captive.
17,4460,2,22,192,216,1.1203703703703705,0.024054189097602183,639,''Come on up -- and bring a hairdresser with you.''
1428,4460,6,14,196,216,1.1203703703703705,0.027401994483751763,639,We are going to need an anti-gravity machine to pull this off.
3375,4462,1,27,213,241,1.120331950207469,0.02180891705563136,639,"Yes, it is soft and silky with just a dab of conditioner!"
3838,4463,2,21,185,208,1.1201923076923077,0.024571387281167773,639,"No matter what your fate, jump or not, just keep flossing."
2649,4464,3,22,208,233,1.1201716738197425,0.023806105743217006,639,Because this is a 'flipped' classroom!
2208,4465,5,20,225,250,1.12,0.024181376218554908,639,Did Elon Musk have anything to do with this? Space-x first concept.
3508,4465,2,20,178,200,1.12,0.025122813912746168,639,It's in style for the eighth time.
1151,4467,4,18,195,217,1.119815668202765,0.025669393190581254,639,"I know , the world has been tressed upside down!"
2219,4467,4,18,195,217,1.119815668202765,0.025669393190581254,639,"Leznupar, Leznupar, spray your hair product and I’ll traverse your stairway to heaven..."
3811,4469,2,20,179,201,1.1194029850746268,0.025004640543540426,639,It'll hold-mom says it's a hair brained idea.
1644,4470,2,25,216,243,1.1193415637860082,0.02241236932398078,639,"Innovative hair weaving - - - shampoo companies vying for naming rights"""
803,4471,5,16,197,218,1.1192660550458715,0.026371436054899798,639,"Nice comb over. On the count of three, I’ll  tug and you hoist. You’ll find the view’s great and the breeze creates ne’er a rustle."
2497,4472,3,22,210,235,1.1191489361702127,0.023614096730892903,639,"'..no, i was looking for jennier garnier...'"
3249,4473,4,18,197,219,1.1187214611872147,0.025446143541386117,639,I don't have dandruff!
3094,4474,2,21,188,211,1.1184834123222749,0.024241094515827438,639,"At your service, madam"
322,4475,4,16,183,203,1.1182266009852218,0.026667919207361862,639,Lots and lots of hormones. Next step is the removal of my penis.
46,4476,3,20,197,220,1.1181818181818182,0.024503061341287734,639,"But, Rey, you're my mentor, my friend, my IDOL!"
1756,4476,3,20,197,220,1.1181818181818182,0.024503061341287734,639,"Be sure not to tangle my hair when you climb down, Rapunzel"
776,4478,3,22,212,237,1.1181434599156117,0.023425145703559167,639,All is uneven.  All is at sixes and sevens.
2992,4479,2,26,226,254,1.1181102362204725,0.02177029195768501,639,Hows the weather up there?
1440,4480,4,22,229,255,1.1176470588235294,0.02306945840277324,639,you need a hair cut
1645,4480,4,18,199,221,1.1176470588235294,0.025226728555634546,639,I knew you were in a rush to get out so I borrowed my brother’s romaine.
1826,4480,4,18,199,221,1.1176470588235294,0.025226728555634546,639,It's suppos
3461,4480,3,18,183,204,1.1176470588235294,0.025617304138570166,639,"Wow, I wonder if she's wearing any panties?"
2306,4484,5,19,223,247,1.1174089068825912,0.02420356466277484,639,You had to borrow it today?
2196,4485,3,19,191,213,1.1173708920187793,0.024930467437474062,639,"This just grew in a week, why do you ask?"
3656,4486,4,21,223,248,1.1169354838709677,0.023423546148391535,639,"Rapunzel, Rapunzel, slip down your hairslide."
3614,4487,0,23,174,197,1.116751269035533,0.0229374048642998,639,"Rapunzel, finally my hair is as long as yours in only 10 years!"
3286,4488,4,20,216,240,1.1166666666666667,0.023888591567241484,639,Took me a lifetime to grow this baby out. I'm trying for the world record.
3642,4489,6,15,211,232,1.1163793103448276,0.02586673342023377,639,"Rapunzel died today. This photo was taken a few moments before it occurred. She had an eight-meter drop after trying to get down into a smooth, oily, brittle hair."
2905,4490,4,19,210,233,1.1158798283261802,0.024281614449337248,639,"With the CancerCare hair donation program ending, I was lucky to see your social media posting."
3122,4490,1,25,207,233,1.1158798283261802,0.021876946681893536,639,It's just a template!
2760,4492,6,16,220,242,1.115702479338843,0.02510576734200075,639,Please don't lift me; my hair is only strong when is hangs down.
2845,4492,5,18,219,242,1.115702479338843,0.02441325822224545,639,"And, remind me what time you were born?"
4479,4494,2,22,201,225,1.1155555555555556,0.02314359743628394,639,It says here that Richard Colton created ' I Love New York' and is trying to get in touch with an editor of the New Yorker....interesting.
4162,4495,6,17,229,252,1.1150793650793651,0.02440161581346898,639,And how many carats is this again?
107,4496,3,18,188,209,1.1148325358851674,0.025034030546000407,639,yeah choke me a little
3796,4497,2,24,218,244,1.1147540983606556,0.02203430153202679,639,"I don't know; I guess I thought it would be romantic.  If this is how it's going to be with you, don't think I won't quest after the one the sleeping one."
2295,4498,5,15,198,218,1.114678899082569,0.026062598236246366,639,I thought we could try slide of tam.
1292,4498,3,19,196,218,1.114678899082569,0.024386536378352242,639,"Rapunzel, Rapunzel, can you cut my hair?  My barber retired in his golden years!"
2095,4500,2,25,226,253,1.1146245059288538,0.021574529850977558,639,"I'm experimenting with transgressing gender norms at the moment. Try not to tug, please."
4282,4501,3,20,204,227,1.1145374449339207,0.02378464745252124,639,"Prince, Prince that is my job"
3878,4502,2,19,180,201,1.1144278606965174,0.024620583147579346,639,"Hey, wudduh you lookin' at?"
3724,4503,1,26,218,245,1.1142857142857143,0.02117334342350484,639,That online course on liberal arts really made me check my privilege.
3789,4504,3,20,205,228,1.1140350877192982,0.023685427029639196,639,I’m the pube and you’re the foreskin.
2152,4505,5,17,215,237,1.1139240506329113,0.024627689919959356,639,"I know you don't have any eyes, but I'll help you try these on."
1411,4506,3,20,206,229,1.1135371179039302,0.02358702755683434,639,"Look, it's a steal. I'll even throw in two loaves of bread for your journey across the plains."
3402,4507,3,21,214,238,1.1134453781512605,0.023037815945711672,639,"Repunzel, get up here quick, Prince Charming will be here any minute."
3652,4507,7,13,218,238,1.1134453781512605,0.025933951627174018,639,"You're right. I do need help with my hair style.


Elizabeth Shaw, San Francisco, CA."
4403,4509,5,15,201,221,1.1131221719457014,0.02572356674497223,639,"Finest quality security system. So shiny, none of those dudes will get up there!"
1900,4510,4,18,208,230,1.1130434782608696,0.024284275194933404,639,I want a pastrami thickburger from Carl's Jr.
3747,4511,5,17,218,240,1.1125,0.024332977491141092,639,Another chain letter!
2440,4512,4,16,194,214,1.1121495327102804,0.025357092200228512,639,Be forewarned... it's all of humanity that needs the saving
2569,4512,5,14,195,214,1.1121495327102804,0.026207996753469593,639,Come up and save me!
719,4514,3,20,209,232,1.1120689655172413,0.023296654670445716,639,Check for split ends after some  plumpy prince climbs down your hair!
1346,4514,3,20,209,232,1.1120689655172413,0.023296654670445716,639,I missed the service close to the tower.
684,4516,3,18,194,215,1.1116279069767443,0.024368097547005606,639,Zendaya is Meechee.
2392,4517,5,15,205,225,1.1111111111111112,0.025284971939799988,639,"I don’t know what it is, but I don’t think we should name it Danieldruff. Just seems to formal."
422,4518,6,12,199,217,1.1105990783410138,0.02667243525988532,639,Let me in. It’s too hairy out here.
109,4519,6,15,225,246,1.1097560975609757,0.02445238475194809,639,this building is rather tall
2363,4520,7,12,218,237,1.109704641350211,0.025771261008313843,639,"Did the pox say anything about antylong hear, up up not working"
2784,4521,5,14,200,219,1.1095890410958904,0.025633387741058774,639,"The needy girlfriend pulled the princes hair and drags up him into the castle.""

Talieah Ram, Honolulu, HI"
2227,4522,3,18,199,220,1.1090909090909091,0.023839532985273863,639,Don’t worry-it’s for a good cause!
4436,4523,5,19,242,266,1.1090225563909775,0.022548114053366448,639,I  heard you don't use leeches.
1383,4524,5,16,218,239,1.108786610878661,0.024148793692256372,639,Very nice eye-hand coordination.
4154,4524,4,18,217,239,1.108786610878661,0.023409479470364772,639,"There is no mechanism which operates in a cycle, which is connected to a single thermal reservoir, and which produces a positive amount of net work."
4395,4526,5,15,210,230,1.108695652173913,0.024757264228120746,639,Perhaps you've put some weight on since the last time.
1297,4527,3,17,192,212,1.1084905660377358,0.024341785296615806,639,Damaged hair! So many split ends!  No wonder it can't use it!
2563,4528,4,18,218,240,1.1083333333333334,0.02331614230236746,639,Why they approve all my construction projects?
2852,4529,4,17,212,233,1.1072961373390557,0.023682384712867113,639,"It's my turn to ""lean in.""

 Cynthia Rudder
Cynthiarudder@gmail.com"
66,4530,1,23,210,234,1.106837606837607,0.021124029921585,639,This is safer. I don't trust the hair care products you were provided.
1671,4531,2,21,213,236,1.1059322033898304,0.02179788436124694,639,This therapy has gone to far.
3874,4532,2,20,205,227,1.105726872246696,0.022278392057815864,639,Just hold on right Rapunzel !
4082,4533,3,17,198,218,1.1055045871559632,0.02370093087915294,639,"Rapunzel, Rapunzel, get down my (not so) golden hair."
944,4534,2,22,223,247,1.105263157894737,0.02118224803900798,639,"It's not a language I recognize, hang on..."
4152,4535,2,21,215,238,1.1050420168067228,0.02162344740417779,639,2 haircuts for the price of one!
1611,4536,3,20,225,248,1.1048387096774193,0.02186090580238542,639,Start pulling if you expect a lunch break.  There's no fortune cookie.
2262,4537,4,19,235,258,1.1046511627906976,0.02202819636816382,639,Is this the hair salon?
544,4538,4,17,218,239,1.104602510460251,0.023112224257704445,639,"I know it's far, Rapunzel, but the pigeons are on holiday, and the royal family ran out of rollover minutes."
641,4539,1,21,200,222,1.1036036036036037,0.021470689895378987,639,"Rapunzell, Repunzell...please apply your conditioner."
2314,4540,5,14,213,232,1.103448275862069,0.024250690922374526,639,"Rapunzel, my Hair lady, I haven't found a good reason to cut it yet…most likely because there is no good reason."
4416,4541,3,15,186,204,1.1029411764705883,0.02449047823047256,639,"I'm not a prince, I'm a Lord - Lord Fauntleroy."
480,4542,2,20,214,236,1.1016949152542372,0.021467661182112338,639,"Darling, I'm a Schiaparelli!  Instead of a Shoe Hat, I've designed a Hair Hat just to rescue princesses like you"
3860,4543,3,17,207,227,1.1013215859030836,0.02280032993423384,639,I don't know what to do with my hair
80,4544,6,10,202,218,1.1009174311926606,0.02591896044895884,639,Oh really? You just like Tangled that much? I know you're just using my hair as a dildo.
785,4544,2,18,198,218,1.1009174311926606,0.022420543485207996,639,"I spent all that time doing research at the Career Center, and the answer is as plain as the hair on my head."
57,4546,1,20,198,219,1.1004566210045663,0.021363768135682613,639,The hair dye seems patchy.
2636,4546,3,16,200,219,1.1004566210045663,0.023242079500720565,639,I'll do bald if you'd prefer.
2266,4548,4,15,211,230,1.1,0.023343140777932897,639,I'll throw the money down when you chop it off
2615,4548,3,18,219,240,1.1,0.021935622811243706,639,"Prince: ""An evil witch cursed me with long hair."" Rapunzel: ""Oh, I was born like that."""
1266,4548,1,19,190,210,1.1,0.021821789023599242,639,Hang on.  We specialize in the natural hair dry here.
3494,4551,4,16,221,241,1.099585062240664,0.02262584237530128,639,"What do you think your doing Romeo.
Why aren't you up here doing your duty'"
2908,4552,3,17,213,233,1.0987124463519313,0.022236907446750605,639,"Before we start, do you think you could get an apple to me?"
2431,4553,3,18,223,244,1.098360655737705,0.021590654992950268,639,"TBH, this GOAT new gel is, like, totes savage!"
166,4554,2,17,195,214,1.0981308411214954,0.022433288470121993,639,I has't to admiteth im a dram jealous.
3487,4555,1,19,195,215,1.0976744186046512,0.0213380065610955,639,"You told me to take ""No Shave November"" seriously this month?"
1434,4556,4,14,208,226,1.0973451327433628,0.02340629430663998,639,I'm guessing you wanted a HOUSE painter???
1561,4557,3,16,209,228,1.0964912280701755,0.022360331108146485,639,"this is why repunzile
as Flynn rider will never work"
2983,4558,2,16,191,209,1.0956937799043063,0.022540053704972546,639,"When you said you were now a feminist and cut your hair, I realized I had to let my hair grow so I could rescue you."""
835,4559,5,14,232,251,1.095617529880478,0.022478029745530027,639,Don't forget to spay or neuter your pets.
1038,4560,4,13,205,222,1.0945945945945945,0.023464857067819297,639,"No shave November coming to use"""
1446,4561,3,15,205,223,1.094170403587444,0.02248204170940839,639,I know it's stringy like spaghetti!
1152,4562,3,15,206,224,1.09375,0.02238539840653605,639,Anymore and these ends are gonna split
667,4563,2,16,200,218,1.091743119266055,0.02164597249568318,639,Wouldest thou be my non-disclosure agreement?
2737,4563,1,18,199,218,1.091743119266055,0.020646311780514823,639,when you have a problem with hair
2661,4565,7,7,215,229,1.091703056768559,0.025168639750140876,639,Rapunzel? More like Cra-punzel!
3266,4565,4,13,212,229,1.091703056768559,0.022771568141732697,639,"Dear hair dryer, 
It is time to raise your tower!"
1474,4567,3,15,212,230,1.0913043478260869,0.02182250955351941,639,"What more do you want from me,  BITCH!!"
4363,4568,3,13,197,213,1.0892018779342723,0.02271790883943087,639,"It's called bouffant,a new hairdo."
4390,4568,3,13,197,213,1.0892018779342723,0.02271790883943087,639,What the heck is this...do you have to feed it and how do you get rescued with this?
3252,4570,2,17,218,237,1.0886075949367089,0.020339692157546035,639,"In hindsight, you probably said you ‘wanna get a key out of here, jail’, not our of hair ge"
2484,4571,0,20,210,230,1.0869565217391304,0.01861997390536618,639,"There's 'meet cute,' and then there's ""meet hurt.'"
4566,4572,6,7,206,219,1.08675799086758,0.02479508334254944,639,"But, how will I climb thine own head hair sweet Juilet?"
3194,4573,4,13,226,243,1.0864197530864197,0.021500835084924813,639,"I understandth you don't want to get your hair tangled, but lets think about this...""
""If you want me to come through..."
1582,4574,3,13,205,221,1.085972850678733,0.021922470922017406,639,pudding?
3916,4575,5,9,209,223,1.0852017937219731,0.0235178193314685,639,'I vowed to Mama that I'd never ever go to a barber.'
987,4576,2,16,224,242,1.0826446280991735,0.019574670224018504,639,"Your shampoo promised to attract ""even bottom feeders"", but my Lance doesn't live in the balcony."
3470,4577,3,13,218,234,1.0811965811965811,0.020742103522522235,639,"A couple of crazy cats have inspired me, babe; whip it good, sweetie!"
1971,4578,1,17,218,236,1.0805084745762712,0.018736860515976176,639,Your alopecia dear is getting the best of you .
2507,4579,2,15,242,259,1.0733590733590734,0.01798163739935728,639,"come up ! you little girl, with the help of your long hair"
3599,4580,3,10,206,219,1.0730593607305936,0.020888404976217623,639,yaga!
280,4581,2,13,219,234,1.0726495726495726,0.01903978546708765,639,You want to help Door Knock?
689,4582,0,16,208,224,1.0714285714285714,0.017246112269022156,639,Your the best tower hair-dresser in the kingdom. What are you doing with my loose hair-strange for Lady Godiva?
137,4583,2,11,203,216,1.0694444444444444,0.01966468113599365,639,Why did you say 'I'm going to heave' so ominously?
1483,4584,0,15,204,219,1.0684931506849316,0.01710757102021931,639,May I borrow this paper please?
2349,4585,2,8,230,240,1.05,0.01638535250911549,639,She expanded into a line of Old Crone Natural Radish Shampoo for Men to compete with Wizard Rogainf. menker.com/cartoons/contest?mbid=nl_Humor%20110718&CNDID=30871824&utm_source=
2944,4586,1,8,219,228,1.043859649122807,0.014945998260137662,639,"My father ate it in his sleep, it's just like eating shredded wheat"
