target_id,rank,funny,somewhat_funny,unfunny,count,score,precision,contest,caption
163,1,58,91,178,327,1.6330275229357798,0.04243521729148578,640,Still got that new cat smell.
1176,2,70,64,194,328,1.6219512195121952,0.044992597704197716,640,My other cat is a Jaguar.
885,3,48,80,184,312,1.564102564102564,0.04219016697770967,640,I just love that new cat smell.
4413,4,59,69,208,336,1.556547619047619,0.042249890681498474,640,It's a rental. The jaguar's in the shop.
2654,5,55,79,207,341,1.5542521994134897,0.040931698633214116,640,It's a Furrari.
4420,6,66,58,219,343,1.553935860058309,0.04298546514667321,640,"Trump was right.  If you're rich, they just let you grab 'em."
721,7,49,87,198,334,1.5538922155688624,0.040288330293264084,640,Best part is it’s self washing.
4493,8,51,89,207,347,1.5504322766570606,0.039556965299138894,640,"Statistically, it's much safer to be up here than down there."
449,9,51,90,208,349,1.5501432664756447,0.03938278341762253,640,Mousebroken !!
3104,10,57,72,212,341,1.5454545454545454,0.041382176283196355,640,"This is, of course, the final item on my bucket list."
3363,11,47,81,193,321,1.5451713395638629,0.04110939829618261,640,Who hailed a tabby?
3279,12,64,53,216,333,1.5435435435435436,0.043647283696658074,640,I called a cab but...auto-correct.
681,13,47,93,205,345,1.5420289855072464,0.03890571984062711,640,It's okay. He's mouse broken.
1419,14,52,76,208,336,1.5357142857142858,0.04082172012287371,640,Watch the dog's face when I ride by.
4772,15,48,77,201,326,1.530674846625767,0.04089527267740773,640,"First,  find a really really stupid cat . . ."
1607,16,50,83,212,345,1.5304347826086957,0.039580973688305474,640,Listen to this baby purr.
2249,17,40,86,187,313,1.5303514376996805,0.0402185473758234,640,Keep your friends close but your predators closer.
576,18,54,86,226,366,1.530054644808743,0.03861218082839603,640,The Jaguar is in the shop - this is a loaner cat.
2220,19,54,72,214,340,1.5294117647058822,0.04088915900637983,640,When it purrs it feels like a Harley
600,20,51,61,196,308,1.5292207792207793,0.043477313610624777,640,"Once you learn how to use a can opener, they'll do anything you want."
577,21,40,75,179,294,1.5272108843537415,0.04218310530380643,640,It was the dog's idea.
2007,22,47,87,210,344,1.5261627906976745,0.03903244230125961,640,This is nothing; I've got the dog out shopping for cheese!
4888,23,54,84,227,365,1.526027397260274,0.03870191044886799,640,It's easy until someone points a laser at the floor.
972,24,45,69,190,304,1.5230263157894737,0.04243116811485543,640,What are you looking at? Humans drive things that kill them all the time.
4499,25,56,71,223,350,1.522857142857143,0.04039481196724852,640,When you get her up to speed she really purrs.
3458,26,48,76,205,329,1.5227963525835866,0.04062295545995146,640,It's a loaner. The dog's at the vet.
2241,27,46,86,209,341,1.5219941348973607,0.03908177623446017,640,Of course he won't eat me. It would destroy his Uber rating.
2596,28,54,66,214,334,1.5209580838323353,0.041478459699279775,640,My other ride is a jaguar.
2404,29,46,84,208,338,1.5207100591715976,0.03934781533197508,640,I got a nine lifetime warranty.
1441,29,46,84,208,338,1.5207100591715976,0.03934781533197508,640,She says she's taking me to meet my maker. How cool is that?
2624,31,49,92,224,365,1.5205479452054795,0.037726274570213714,640,Keep your enemies close.
690,32,51,80,219,350,1.52,0.0393728984586245,640,I found a website where I could register him as an emotional support cat.
3753,33,47,80,208,335,1.519402985074627,0.0398432760199096,640,Let's just say there are some pictures he'd rather not have on the Internet.
2881,34,52,63,207,322,1.5186335403726707,0.042236323622256836,640,She's got 4 on the floor and purrs like a kitten!
3729,35,44,72,193,309,1.5177993527508091,0.04165694883858994,640,It’s easy as long as no one brings out a laser pointer.
2838,36,40,82,191,313,1.5175718849840256,0.04024294344780974,640,What could possibly go wrong?
1255,37,49,68,204,321,1.517133956386293,0.041645917330450734,640,"If I'm not back by sundown, jiggle the can opener."
4517,38,50,71,211,332,1.5150602409638554,0.04079933980047643,640,This is nothing. The real trick is herding them.
2331,39,47,81,214,342,1.5116959064327486,0.03922702577497382,640,This thing really purrs.
3123,40,51,71,218,340,1.5088235294117647,0.04027641020819458,640,Turns out we have the same fantasy!
1090,41,49,78,219,346,1.5086705202312138,0.03931153226448152,640,I'm a little worried about Harold. That just screams mid-life crisis.
3192,42,38,81,190,309,1.5080906148867315,0.04012517890510704,640,He’s “Mouse” Broken
1015,43,56,70,233,359,1.5069637883008355,0.039618615536272855,640,I’m saving up for a Jaguar.
947,44,46,80,215,341,1.5043988269794721,0.03909924671039183,640,Curiosity killed my last one.
583,45,54,57,217,328,1.5030487804878048,0.04208840984745869,640,Do you mind running in front of us?  I'm in a bit of a hurry.
389,46,41,90,211,342,1.5029239766081872,0.03789774528194198,640,"Relax, guys, he's mouse-broken."
1219,47,50,59,208,317,1.501577287066246,0.0423014694890457,640,You can’t herd them but they have a surprising aptitude for dressage.
4428,48,51,85,238,374,1.5,0.0374354591237375,640,"He chooses to identify as a horse, and who am I to judge?"
2060,48,36,94,202,332,1.5,0.037556300933628634,640,He was sentenced to community service.
4417,48,48,78,222,348,1.5,0.03892881514142977,640,Did you guys call for a tabby?
1019,51,48,79,224,351,1.4985754985754987,0.03867454845243704,640,Don’t worry. He’s mousebroken.
4179,52,36,82,191,309,1.4983818770226538,0.03960056614510257,640,It’s the last item on my bucket list.
2338,53,42,83,212,337,1.4955489614243322,0.038546444948060886,640,"Sure, it's a step down from the Jaguar - but it's so much more fuel efficient."
124,54,41,79,205,325,1.4953846153846153,0.03937342552339236,640,"Relax, he's mouse-broken."
3474,55,39,82,202,323,1.4953560371517027,0.0390677267373464,640,It's a real thrill when she hears the can opener.
4823,56,46,76,218,340,1.4941176470588236,0.03918617664650471,640,It's all good until she wants to lick herself.
4830,57,46,61,203,310,1.4935483870967743,0.0420637738289815,640,I just grabbed one like the President said. That guy's a genius.
4497,58,46,66,209,321,1.4922118380062306,0.04094751617556748,640,Let's just say it wasn't possible before marijuana was legalized.
2571,59,46,72,216,334,1.4910179640718564,0.03972005736952575,640,I got places to go - hand me a laser pointer.
474,60,45,72,213,330,1.490909090909091,0.03985706331056227,640,He's taking me to dinner.
1513,61,39,88,212,339,1.4896755162241888,0.037683747089482696,640,The mileage isn't bad once you adjust for all the naps.
16,62,48,57,208,313,1.488817891373802,0.042236522111459,640,He watched Fox News for thousands of hours. Now I can convince him about anything.
2715,63,39,72,196,307,1.488599348534202,0.04058162461209098,640,It’s a loner. My Jaguar’s in the shop.
1792,64,42,80,214,336,1.4880952380952381,0.03862789482535618,640,This is my emotional support animal.
1975,65,42,80,217,339,1.4837758112094395,0.03836620439909026,640,Things sure changed when they legalized marijuana.
332,66,38,87,212,337,1.4836795252225519,0.03760908459215302,640,This baby purrs
3764,67,41,80,214,335,1.483582089552239,0.03847802746585663,640,And you laughed when I took that class on hypnosis.
446,68,36,78,198,312,1.4807692307692308,0.03930257791975406,640,"He's vegan, it's fine."
1519,69,41,80,216,337,1.4807121661721068,0.03830296758997388,640,It was easy. I slipped him a Mickey.
1868,70,38,71,197,306,1.4803921568627452,0.040407009031643,640,"Better on than in, I say."
671,71,43,72,214,329,1.4802431610942248,0.03947088474696333,640,Just listen to that engine purr!
3371,72,43,71,213,327,1.4801223241590213,0.0396534767775746,640,Don’t worry. It’s a service animal.
4789,73,39,78,208,325,1.48,0.038873012632302,640,I told you I got a furrari
4037,74,42,71,210,323,1.479876160990712,0.039784237593486,640,"No, I haven't tried dismounting yet. Why?"
4457,75,39,83,214,336,1.4791666666666667,0.03792013718428328,640,It comes with a nine lives warranty.
556,75,48,65,223,336,1.4791666666666667,0.03997313493120575,640,"When you're a celebrity, they just let you do it."
2698,77,38,71,198,307,1.478827361563518,0.0403055617660599,640,Listen to the way this baby purrs!
3099,78,30,94,198,322,1.4782608695652173,0.036848718848737395,640,"I know, I know -- but the helmet made me look stupid."
481,79,35,92,212,339,1.4778761061946903,0.03673027421491309,640,"The engine really purrs."""
665,80,36,85,208,329,1.4772036474164134,0.03778651969236292,640,He's taking me to his place for lunch
2840,81,46,74,229,349,1.475644699140401,0.03839514511134849,640,Turns out I’m the first one to ask.
3881,82,43,87,234,364,1.4752747252747254,0.036577115678138775,640,He's taking me out for a bite to eat.
942,83,40,72,208,320,1.475,0.039565627398960246,640,What could go wrong?
3004,84,40,70,206,316,1.4746835443037976,0.03994137108205363,640,Tabby ho
2770,85,38,78,209,325,1.4738461538461538,0.03861659154460934,640,"It's  perfectly safe, he doesn't identify as a cat"
2107,86,38,75,206,319,1.4733542319749215,0.039155170953918954,640,Can you hear that engine purr?
3913,87,39,85,221,345,1.472463768115942,0.03717216045579873,640,It's actually easier than herding them.
2520,88,52,50,225,327,1.470948012232416,0.04171179216615984,640,If you’re famous they’ll let you do anything
3326,89,34,88,210,332,1.4698795180722892,0.037031546675434075,640,"The safety ratings aren't great, but guys, you should hear this baby purr!"
18,90,43,74,224,341,1.469208211143695,0.038396203826939666,640,"Certified pre-owned, but she purrs like a kitten."
1959,91,41,72,216,329,1.4680851063829787,0.03897394224639703,640,He identifies as a horse.
4787,91,43,68,218,329,1.4680851063829787,0.03944661473686688,640,This could go south real fast – but I’ve never felt so alive!
2676,93,44,72,226,342,1.4678362573099415,0.0385315285906575,640,He's taking us all out to lunch afterward. I think that's what he said...
2420,94,40,71,212,323,1.4674922600619196,0.039272153830948,640,"This, living dangerously?! My other cat is a jaguar."
2360,95,49,67,237,353,1.4674220963172804,0.03867695008864681,640,"That's not us, the app says our driver is in a white Persian"
36,96,42,63,210,315,1.4666666666666666,0.040520324205808214,640,Wow. The engine purrs beautifully.
1278,96,38,78,214,330,1.4666666666666666,0.0381642554320218,640,We have a modern relationship
1781,98,52,53,232,337,1.4658753709198813,0.04073143935090599,640,The President said it was OK to grab one.
2768,99,49,63,234,346,1.4653179190751444,0.03926993714938985,640,Guide says the tour ends with a play and dinner.
4069,100,39,76,216,331,1.4652567975830815,0.03831458527227852,640,"Statistically, it's much safer than driving a car."
1879,101,42,63,211,316,1.4651898734177216,0.04041887975865107,640,"Turns out, all this time it's been just a huge misunderstanding."
962,102,48,57,224,329,1.465045592705167,0.04059659898348809,640,"Trump said to grab one, so I did."
504,102,40,73,216,329,1.465045592705167,0.03872744361732258,640,He’s taking me for lunch!
485,104,43,79,233,355,1.4647887323943662,0.0372430438566351,640,Just listen to this baby purr!
2741,105,31,80,195,306,1.4640522875816993,0.0384674501985326,640,"Don't worry, it's mousebroken."
595,106,32,76,194,302,1.4635761589403973,0.03911792519770683,640,She's vegan.
3742,107,41,82,231,354,1.463276836158192,0.03688623607338647,640,Herding Cats is easier than you think.
2849,108,35,72,200,307,1.4625407166123778,0.039465788585060294,640,"So I said, “Have you ever been hypnotized?”  And he said, “No, but I’m curious.”"
1540,109,39,76,218,333,1.4624624624624625,0.038135189434726116,640,Listen to that engine purr
4303,110,36,81,214,331,1.4622356495468278,0.03758209246537674,640,He’s my therapy animal
1753,110,38,77,216,331,1.4622356495468278,0.038066174620956364,640,"Once you can herd them, taking it to the next level is easy."
368,112,38,82,222,342,1.4619883040935673,0.037156139327517886,640,We just want to see the dog totally freak out.
2986,113,32,90,212,334,1.4610778443113772,0.0363541899086579,640,"I could tell you how, but I’d rather you buy my book."
1738,114,34,85,213,332,1.4608433734939759,0.03700600244073671,640,Don't worry. The next one is coming in three minutes.
4821,115,37,73,209,319,1.4608150470219436,0.03886921552305876,640,Find one on their eighth life and they’ll do anything!
1874,116,36,79,213,328,1.4603658536585367,0.037828735641866035,640,It’s a loaner. My Rottweiler is in the shop.
562,117,43,59,213,315,1.4603174603174602,0.040750959078245864,640,"He's a tabby, but he identifies as a stallion."
4185,118,45,71,234,350,1.46,0.03805978019647743,640,We met on Litter.
4062,119,45,59,220,324,1.4598765432098766,0.040360906122290534,640,"Should we tell him that no one has returned from the ""free"" ride?"
3387,120,44,75,236,355,1.4591549295774648,0.03743993321760245,640,It is easier than trying to herd them.
241,121,35,80,212,327,1.4587155963302751,0.03766020487993205,640,You don't wanna be around when the catnip wears off.
2033,121,41,68,218,327,1.4587155963302751,0.03912619680082239,640,Reparations.
2994,123,34,79,208,321,1.4579439252336448,0.03791723275791696,640,Wait 'til you hear this baby purrr
1833,124,46,65,232,343,1.4577259475218658,0.038859263191206396,640,If you hear a can opener you better hang on.
3428,125,44,51,209,304,1.457236842105263,0.04212369795217799,640,Either of you have a laser pointer?  I'm in kind of a rush.
4576,126,36,90,229,355,1.4563380281690141,0.035689754405993264,640,Only problem is you can never get off.
3676,127,41,63,214,318,1.4559748427672956,0.039949629987301206,640,It's easier than herding them.
20,128,38,63,204,305,1.455737704918033,0.0404425021148824,640,"It's a new rideshare, 'Puss en Routes'!"
4919,129,40,74,224,338,1.455621301775148,0.03792531007705002,640,Next time I'm getting the jaguar
196,130,33,81,209,323,1.4551083591331269,0.037479564034323724,640,"We made a deal - I get to ride him, he gets to eat one of you."
1150,131,39,79,227,345,1.4550724637681158,0.037122850458868165,640,There'll be hell to pay when the catnip wears off.
3828,132,38,72,216,326,1.4539877300613497,0.03847123622300056,640,It’s a smooth ride until we see a dog
261,133,38,70,214,322,1.453416149068323,0.038824422635753406,640,Ready...release the dog!
528,134,30,73,191,294,1.4523809523809523,0.0392686580490397,640,The key is staying in the blind spot.
3207,135,34,74,206,314,1.4522292993630572,0.03851386496595688,640,It took awhile but now he's mouse-broken.
2026,136,39,73,222,334,1.4520958083832336,0.0380152538752412,640,It's kind of dull until he hears the can opener.
4380,137,37,72,214,323,1.4520123839009287,0.03848042802846674,640,What cat?
4860,138,43,78,242,363,1.4517906336088153,0.036587534390432254,640,"Don’t worry guys, he identifies as a horse."
4605,139,43,68,230,341,1.4516129032258065,0.03834280752997732,640,My other cat is a dog.
3570,140,35,74,210,319,1.45141065830721,0.03832477943463948,640,I can't decide whether to lease or buy.
2704,141,33,87,219,339,1.4513274336283186,0.03617516747606922,640,"Keep your friends close, but keep your enemies closer."
3820,142,38,62,206,306,1.4509803921568627,0.040325035591695105,640,We got tired of playing cat and mouse
657,143,41,63,218,322,1.450310559006211,0.039553164054857155,640,"There once was a mousey from Gatt
who smilingly rode on a cat
at the end of the ride, 
young mousey was inside
And the smile on the face of the cat"
4723,144,48,61,240,349,1.4498567335243553,0.0387505018901489,640,You have no idea how stupid they are.  I just told him I would make his sandbox great again.
148,145,36,76,217,329,1.4498480243161094,0.03770592905346399,640,I've only been thrown once when he had a hairball.
4247,146,43,76,242,361,1.448753462603878,0.0367272582400514,640,"Yea, I got her used. On her 8th life."
3345,147,39,75,227,341,1.4486803519061584,0.037420712126247896,640,"There IS a good chance he’ll eat me, but it cuts my commute by 12 minutes"
3529,148,34,80,216,330,1.4484848484848485,0.03712325626475967,640,"Relax, he identifies as a pony."
3433,149,41,60,216,317,1.4479495268138802,0.04001446839223862,640,"If you have to ask how many kitty treats it takes, you can't afford it."
1434,150,34,86,224,344,1.447674418604651,0.036016535404655194,640,Recreational catnip has ushered in a new world order.
948,151,48,66,248,362,1.4475138121546962,0.037676218288445515,640,"It cost my husband an arm and a leg, but it's worth it."
2830,152,41,67,225,333,1.4474474474474475,0.03855384575485731,640,"Breaking them isn't too hard, it's herding them that's the real challenge."
1345,153,38,68,216,322,1.4472049689440993,0.03879965031060518,640,We made a deal...I told him I will reveal how to catch the red laser dot.
978,154,39,73,226,338,1.4467455621301775,0.03765898821689817,640,"When they’re on their ninth lives, they start taking penance really seriously"
109,155,38,70,219,327,1.4464831804281346,0.03835385184596249,640,Anybody wanna go scare the hell out of the farmer's wife?
101,156,41,67,226,334,1.4461077844311376,0.03846157987573521,640,Don't worry...I've taken Uber rides that are way more sketchy than this.
2199,157,39,75,229,343,1.446064139941691,0.03724802953354862,640,They’re surprisingly easy to tame if you know where to scratch.
2301,158,38,77,229,344,1.444767441860465,0.03693345986984882,640,You should hear how the engine purrs.
146,159,44,73,246,363,1.443526170798898,0.036762450404970566,640,"“Saddle-up, boys. They just legalized recreational catnip.”"
4294,160,37,73,222,332,1.4427710843373494,0.03766670568889171,640,My other horse is a dog.
380,161,41,61,221,323,1.4427244582043344,0.03942874228891002,640,I met him in the alley behind Trump Tower. He’ll believe anything I tell him.
46,162,36,74,220,330,1.4424242424242424,0.03758948190535561,640,Turns out herding cats isn't that hard.
704,162,33,80,217,330,1.4424242424242424,0.03684705232256629,640,I got him already mouse broken!
4500,164,34,81,222,337,1.4421364985163205,0.036532447687047886,640,My Persian is at the vet.
501,165,45,66,242,353,1.4419263456090652,0.03774860615081141,640,"All you need is patience, understanding, and be a witness to who broke that expensive vase last week."
3006,166,35,70,212,317,1.4416403785488958,0.03845984030138466,640,He wouldn't agree until I told him he could eat both of you.
804,167,45,49,221,315,1.4412698412698413,0.04117173347678588,640,"When your famous,you can grab a pussy whenever you want!"
2197,168,44,66,239,349,1.4412607449856734,0.037855544282400164,640,"Yeah, well they said Trump becoming president was not possible, either!"
1438,169,40,70,230,340,1.4411764705882353,0.03770064943278423,640,The only downside is that it needs to recharge for 18 hours a day.
3749,170,38,73,227,338,1.4408284023668638,0.03739875722079701,640,Now run in front of him and let’s see how long I can stay on.
2012,171,39,67,223,329,1.4407294832826747,0.03839656173938744,640,When I get her going she really purrs!
4080,172,37,72,223,332,1.4397590361445782,0.03765251332827654,640,Wait'll you see what's riding the dog.
372,173,34,74,215,323,1.4396284829721362,0.037668115737764574,640,I just park her in a patch of sun to recharge.
1194,174,30,74,201,305,1.439344262295082,0.03817558951389178,640,Cuts my commute and life expectancy in half.
4223,175,40,71,233,344,1.438953488372093,0.037363218491890296,640,I call it a Cat-ilac.
2924,176,34,68,208,310,1.4387096774193548,0.038817402390863724,640,My first rodeo?  Why do you ask?
4278,177,26,90,208,324,1.4382716049382716,0.03548354314420791,640,I can't believe we didn't figure this out sooner.
1243,178,32,70,204,306,1.4379084967320261,0.038636386995464615,640,The best part of the ride is when the dog gets loose.
2696,179,33,82,223,338,1.4378698224852071,0.03619130316828591,640,This model came with a 9-life warranty.
3975,180,30,84,215,329,1.4376899696048633,0.03614369529665877,640,Next week we'll work on getting that pig in the shed to fly.
4699,181,32,76,212,320,1.4375,0.0373953608005644,640,"I swear, this is a legitimate service animal."
1261,182,34,64,204,302,1.4370860927152318,0.039566059953946714,640,I call her 'Fleabiscuit'
3591,183,37,82,239,358,1.4357541899441342,0.03560506945087531,640,"I always say, ""keep your friends close and your enemies closer."""
2736,184,47,48,231,326,1.4355828220858895,0.040542247118921064,640,"I got the idea when I heard Trump say, “just grab ‘em…”"
4890,185,37,67,220,324,1.4351851851851851,0.03831570426765058,640,Watch when I bark!
1707,186,37,70,224,331,1.4350453172205437,0.03771286428969201,640,The cat said if I took a test drive there would be a nice meal waiting for me at the end.
2,187,28,71,193,292,1.4349315068493151,0.03877625097372104,640,"What, you've never seen an emotional support kitty in training?"
1411,187,31,65,196,292,1.4349315068493151,0.039676304454024924,640,He was a rescue.
4036,189,33,81,224,338,1.4349112426035502,0.0361758696995128,640,It's ok - he's vegan
1157,189,39,69,230,338,1.4349112426035502,0.037603770741452484,640,"She has a smooth trot and
comes with nine lives or 
ninety thousand miles."
466,191,43,71,247,361,1.4349030470914128,0.03666627020756958,640,"Today, we won the rat race."""
4090,192,46,60,244,350,1.4342857142857144,0.038172387427568046,640,"Hey, when you’re a star, you can grab a pussy!"
4486,193,32,70,207,309,1.4336569579288025,0.038338815139856985,640,Told you decriminalizing marijuana had benefits.
2132,194,37,68,223,328,1.4329268292682926,0.03795663652735304,640,"Herding them isn’t that hard, it’s feeding them where you have to be careful."
3924,195,39,70,233,342,1.432748538011696,0.037265293512646215,640,We're herding cats.
3943,196,43,65,241,349,1.4326647564469914,0.03759601895211151,640,"When you're a star, they let you do it."
835,197,38,68,227,333,1.4324324324324325,0.03777162079489819,640,"Don’t worry fellas, he identifies as a horse!"
4926,198,43,67,244,354,1.4322033898305084,0.03719413402061598,640,We’re on our way to help a fireman stuck in a tree.
2637,199,41,73,245,359,1.4317548746518105,0.03637770739539952,640,It's perfectly safe ... he comes from a no kill shelter.
482,200,34,77,225,336,1.431547619047619,0.03655685508220313,640,It's a rescue.
2590,200,34,77,225,336,1.431547619047619,0.03655685508220313,640,"Don't knock my ride, fellas. This baby purrs."
3668,200,36,73,227,336,1.431547619047619,0.03703971188065564,640,You should hear the engine on this baby purr!
4572,203,45,58,240,343,1.4314868804664722,0.03852911950362127,640,This mouse in New Your City_Smiled as she rode on a kitty._They returned from the ride_With the mouse inside_And the smile on the face of the kitty.
4541,204,38,75,237,350,1.4314285714285715,0.036401171945243664,640,She corners like a dream and listen to that purr.
4495,205,28,76,202,306,1.4313725490196079,0.037473348296134815,640,This is his eighth life. He’s mellowed.
4406,206,30,75,208,313,1.4313099041533546,0.03742406677438976,640,It’s jerry and tom now
955,207,32,74,214,320,1.43125,0.03736096220475596,640,"‘Some whispering, mostly catnip.’"
2807,207,31,76,213,320,1.43125,0.03709783039985189,640,The first step was to find a cat with a mouse food allergy.
3682,209,37,66,222,325,1.4307692307692308,0.038204267758336775,640,You become friends with the dog.  That's how.
2377,210,34,62,206,302,1.4304635761589404,0.03952921660863063,640,Therapy animals really do reduce anxiety.
3409,211,34,77,226,337,1.4302670623145401,0.036470704683283894,640,We’re in the majority. It’s time to start acting like it.
1082,212,29,89,224,342,1.4298245614035088,0.03487161417750828,640,The dog owed me a favor.
2252,213,35,72,224,331,1.4290030211480362,0.03719073652711474,640,"No worries, she's a vegan."
1851,214,32,81,225,338,1.4289940828402368,0.03589910325762045,640,It's actually easier than herding cats.
3543,215,41,72,246,359,1.4289693593314763,0.03636280961058288,640,This one's a vegan.  Sorry about last week.
349,216,36,69,224,329,1.4285714285714286,0.03760120262680474,640,You haven't told me yet what happened to the previous 27 test pilots.
3571,217,42,61,236,339,1.4277286135693215,0.038174484853820946,640,Who called for an U-Purr?
4508,218,34,74,224,332,1.427710843373494,0.03685496826246603,640,"Mileage isn't great,but the wow factor is killer."
3604,219,39,60,224,323,1.4272445820433437,0.03885762822179197,640,"Because I'm a star, I just grabbed the pussy and he let me!"
1733,220,36,76,235,347,1.4265129682997117,0.03614727628115347,640,"The riding is easy, it's the herding that's the challenge."
4526,221,38,74,240,352,1.4261363636363635,0.03621923015271529,640,"When you've participated in the number of scientific experiments I have, you learn a little about training."
1322,222,45,57,243,345,1.4260869565217391,0.03833020649949729,640,The best part is all I need to do to steer the thing is point a laser where I want to go.
1997,223,38,64,227,329,1.425531914893617,0.038073162232215074,640,It’s a sweet ride until he has to refuel.
2190,223,38,64,227,329,1.425531914893617,0.038073162232215074,640,It's not exploitation if I call him a service animal.
3706,225,31,66,204,301,1.4252491694352158,0.03874671511991082,640,Riding's easy - it's herding them that's tough.
1452,226,34,71,222,327,1.4250764525993884,0.03724967708433756,640,My other cat is a Persian.
1028,227,29,86,224,339,1.424778761061947,0.035058413243794155,640,It's a long story.
3877,228,30,78,217,325,1.4246153846153846,0.03638496774372669,640,"Once I convinced him that curiosity killed the cat, the rest was easy."
1713,228,41,56,228,325,1.4246153846153846,0.039150897222229454,640,"Once they legalized recreational catnip ...
it was easy."
4078,230,37,75,239,351,1.4245014245014245,0.03606051168022585,640,"He responds to ""Kitty-up."""
1791,231,31,70,210,311,1.4244372990353698,0.03783014634227702,640,You gotta say ‘kitty up’!
539,232,39,68,237,344,1.4244186046511629,0.03705765890800948,640,It works like magic until the dog barks.
435,233,38,66,231,335,1.4238805970149253,0.03755520918486705,640,"Actually, they crave discipline."
4665,234,31,82,227,340,1.423529411764706,0.035470091697773105,640,"It's the journey, not the destination."
4137,235,28,78,211,317,1.4227129337539433,0.03648663969157786,640,It's consensual.
469,236,34,74,228,336,1.4226190476190477,0.03650365512631308,640,The trick is to always remember your safe word.
4805,237,40,58,229,327,1.4220183486238531,0.038712689541917686,640,"it's pronounced ""U-PURR"" not ""UBER"""
2221,238,35,73,231,339,1.4218289085545723,0.03650317956397021,640,"Of course, at the end of the ride, he still eats me."
227,239,47,62,261,370,1.4216216216216215,0.03673352676740822,640,Now all we need is a laser pointer!
4569,240,38,61,226,325,1.4215384615384616,0.03839728726386102,640,I learned how to use a can opener.
1056,241,33,78,231,342,1.4210526315789473,0.03578814205718704,640,Couldn't resist. She was a rescue.
773,242,38,57,221,316,1.4208860759493671,0.03920832905258757,640,Did you ever see such a sight in your life?
3300,242,30,73,213,316,1.4208860759493671,0.037101936146921664,640,He's dependable and gets pretty good mileage — except for when he sees a laser pointer.
312,244,34,67,220,321,1.4205607476635513,0.03772960589091293,640,He's on a strict vegan diet.
2357,245,35,69,227,331,1.4199395770392749,0.037134917457632706,640,Who says you can't complete your bucket list?
1899,246,34,63,215,312,1.419871794871795,0.03852289538004508,640,This thing goes like a cat out of hell.
3188,247,31,71,216,318,1.4182389937106918,0.03718330801984505,640,My other ride is a Great Dane.
1361,248,26,68,193,287,1.4181184668989546,0.038525265686906646,640,Turns out he just wanted to be scratched behind the ears!
108,249,43,64,252,359,1.4178272980501392,0.036723409967937354,640,He's a Republican.. keeps those blinders on all the time and goes anywhere I tell him...
830,250,32,63,209,304,1.417763157894737,0.03869843711250606,640,How do you like my Furrari?
1414,251,30,72,214,316,1.4177215189873418,0.03708007933433443,640,The trick is finding one on its ninth life.
1793,252,27,83,218,328,1.4176829268292683,0.03531674264896949,640,The key is to avoid mirrors.
783,253,33,68,220,321,1.4174454828660437,0.03744964236879862,640,Sure beats herding them.
175,254,30,76,220,326,1.4171779141104295,0.03625506147554284,640,I think I’ve solved our cat problem!
4686,255,39,68,243,350,1.417142857142857,0.03654066450632217,640,Sometimes you have to think outside the litter box.
3280,256,27,91,230,348,1.4166666666666667,0.03387670343446827,640,I'm still working out the dismount part.
1970,257,34,71,229,334,1.4161676646706587,0.03662015698588866,640,Her name's Flea Biscuit.
2445,258,32,70,220,322,1.4161490683229814,0.037095766660761885,640,Check it out. This baby really purrs
508,259,35,76,240,351,1.415954415954416,0.0355514331329629,640,Got him from a little-old-lady...& he still has a few more lives left.
568,260,32,72,223,327,1.415902140672783,0.03668160989614686,640,"All this time, we just had to rub their tummies a little."
3653,261,34,63,218,315,1.415873015873016,0.03822476547460117,640,I got tired of the rat race
2096,262,35,63,222,320,1.415625,0.03804101314931467,640,I Added Some Medical Marijuana to the Catnip
3671,263,32,81,236,349,1.4154727793696276,0.03499738240612864,640,My Jaguar is in the shop and this is all they could come up with for a loaner.
2892,264,35,60,218,313,1.415335463258786,0.038666642714226006,640,"Said the mouse on a cat with a blinder,
To two friends who were smiling behind her,
""It's so lovely to ride,
While on top and outside"",
But the cat will laugh last should he find her."
289,265,36,70,236,342,1.4152046783625731,0.03646136706198727,640,"What can possibly go wrong, guys?"
331,266,36,64,228,328,1.4146341463414633,0.03759696398338424,640,It's a hybrid.
628,267,28,89,233,350,1.4142857142857144,0.03396665570502399,640,You just gotta start when they're kittens.
2913,268,36,74,243,353,1.4135977337110481,0.03561555512940554,640,"Barring any unforeseen yarn balls, we’ll be there by noon."
118,269,33,68,223,324,1.4135802469135803,0.03716898612217478,640,Kitty-up?
1089,270,35,65,227,327,1.4128440366972477,0.03741948888356784,640,We're going to his place for dinner.
1622,270,38,59,230,327,1.4128440366972477,0.038164149021779205,640,The farmer's wife is going to freak out when she sees this!
1886,270,32,71,224,327,1.4128440366972477,0.036659705755206815,640,"Seriously, guys.  Ever since I got out of that maze, I feel like I can conquer anything."
3435,273,38,54,223,315,1.4126984126984128,0.039246415476893164,640,Its my new therapy cat.
2786,274,35,67,230,332,1.4126506024096386,0.03700303964955958,640,"If you have to ask the price, you probably can't afford it."
367,275,27,73,208,308,1.4123376623376624,0.036883476605594955,640,It's a Catillac
1823,276,38,58,229,325,1.4123076923076923,0.038335596270474434,640,"Yeah, it's a little unsafe, but you should hear this bad boy purr."
2329,277,38,67,242,347,1.4121037463976944,0.03651329718644762,640,"Okay, now one of you guys run up ahead--I wanna see how fast he can go!"
4324,278,26,90,229,345,1.4115942028985506,0.03379611632772704,640,"Seriously, I don't know why we didn't think of this earlier?"
4532,279,33,92,259,384,1.4114583333333333,0.032879055737232384,640,The dog was a big help.
1808,280,41,73,263,377,1.4111405835543767,0.03496238995253746,640,When I get there?  I don't know - I imagine I'll run like hell.
3232,281,29,76,221,326,1.4110429447852761,0.03594871358592671,640,He's not so bad. He just invited me for lunch.
2177,282,36,64,231,331,1.4108761329305135,0.037318432967882516,640,"Sorry, buddy, this is the fe-line.  The B -Line is across town."
2010,283,29,87,237,353,1.4107648725212465,0.03397622167481908,640,"Yeah, she really purrs."
4679,284,34,70,232,336,1.4107142857142858,0.03642243910646301,640,"After he drops me off, he promised to take you both out for dinner."
1648,284,33,72,231,336,1.4107142857142858,0.036177697122863076,640,Keep your friends close and your enemies closer!
1843,286,41,51,232,324,1.4104938271604939,0.039150225269180605,640,"If  you're  rich, you can grab one and they won't do anything"
55,287,29,70,213,312,1.4102564102564104,0.037090465749424456,640,It’s my new Catilac.
1066,288,38,54,225,317,1.4100946372239747,0.03904171170138939,640,I got the video of him peeing on the bed.....
2563,289,39,61,239,339,1.4100294985250736,0.03736885566995024,640,"I don't know about you guys, but I'm smelling a nursery rhyme here!"
3103,289,34,71,234,339,1.4100294985250736,0.0361822833892478,640,You have to think outside the litterbox.
2388,291,36,60,226,322,1.4099378881987579,0.03808055490617833,640,"I learned it from Trump.  If you tell enough lies, you can get anybody to do anything."
821,292,36,78,252,366,1.4098360655737705,0.03466440977742108,640,We're going after the farmer's wife. Care to join us?
3519,293,35,66,231,332,1.4096385542168675,0.03698118173405229,640,You have to make him believe it was his idea... like our president.
3812,294,40,67,252,359,1.4094707520891365,0.03602628156507747,640,"If you can get the dog in here, I'll show you the turbo."
238,295,30,73,222,325,1.4092307692307693,0.03627638806938953,640,Ubercat
2655,296,30,79,231,340,1.4088235294117648,0.03512125810998547,640,My other cat is a Siamese.
203,297,30,70,218,318,1.4088050314465408,0.0368457747040869,640,First step is to raise them on a strict vegan diet.
786,298,40,63,247,350,1.4085714285714286,0.03670576279864315,640,My emotional support animal.
2058,298,33,77,240,350,1.4085714285714286,0.035109825435545756,640,Cat whisperer.
989,300,35,63,228,326,1.4079754601226995,0.0374681571651999,640,We are on a blind date.
3464,301,34,56,214,304,1.4078947368421053,0.03918311210215024,640,She's a gift from my husband.
2367,301,35,54,215,304,1.4078947368421053,0.039459206423789375,640,Sorry I'm late. She stalled in a sunbeam.
2722,303,35,65,231,331,1.4078549848942599,0.03704991141072005,640,My other car's a Cheetah
3314,304,28,74,217,319,1.4075235109717867,0.036212019284001085,640,Take away the distractions and this baby really purrs.
569,305,32,81,243,356,1.4073033707865168,0.03444459179247503,640,Purrs like a kitten.
3527,306,31,76,232,339,1.407079646017699,0.035428762730561655,640,Ha! And humans say you can't herd cats.
2939,307,33,74,237,344,1.4069767441860466,0.03553863495305748,640,"I know it's kinky, but she's into horseplay."
2656,308,30,82,237,349,1.4068767908309456,0.03446003176627175,640,"It’s a loaner, my mouserati is in the shop."
1116,309,29,73,220,322,1.406832298136646,0.03623409535858159,640,Millions of years and no one ever had the guts to throw a saddle on one of these things.
439,310,37,70,247,354,1.4067796610169492,0.03571802999773669,640,Have you ever seen such a sight in your life?
4260,311,27,81,224,332,1.4066265060240963,0.03493334148818032,640,"Actually, this IS my first rodeo."
4195,312,28,81,228,337,1.4065281899109792,0.034822471857419,640,My new ride really purrs.
2495,313,28,89,240,357,1.4061624649859943,0.033438576176970734,640,It's my therapist's idea
3873,314,28,78,224,330,1.406060606060606,0.03533910239300183,640,It's a very smooth ride until he sees a dog.
311,315,29,52,190,271,1.4059040590405905,0.0410585893082865,640,"Cool, right?  Just one question: does anyone know how long catnip lasts?"
4870,316,31,73,229,333,1.4054054054054055,0.03587285314762147,640,Not to worry. She's a vegan.
4841,317,27,76,218,321,1.4049844236760125,0.03575945413983383,640,"Hey guys! Have you heard of the new ride-share service, Upurr?"
4370,318,22,88,216,326,1.4049079754601228,0.034010262343650684,640,I’d rather ride on a cat than in one.
3617,319,33,86,257,376,1.4042553191489362,0.033321259319233215,640,It's called thinking outside the litter box.
4233,320,37,63,239,339,1.4041297935103245,0.03685482429916518,640,3D printer.
4070,321,37,56,229,322,1.4037267080745341,0.03828671625123412,640,"Turns out, you can just grab 'em and they let you do whatever you want."
4415,322,35,68,239,342,1.4035087719298245,0.03613950671612812,640,Who called for an Uber?
582,323,37,66,244,347,1.4034582132564841,0.036220908899547544,640,He's good for fifty miles or until he eats you.
826,324,25,81,219,325,1.403076923076923,0.03489189968457593,640,Just wait until you hear this baby purr!
1481,325,32,75,238,345,1.4028985507246376,0.03519375584339698,640,And yet they have the humans completely buffaloed.
3394,326,24,74,205,303,1.4026402640264026,0.03634533243830209,640,I'd rather you didn't pet him. He's working right now.
4588,327,33,63,225,321,1.4018691588785046,0.03733203277081149,640,I just reminded him what happens to the ones who get too curious.
4089,328,34,63,229,326,1.401840490797546,0.03716713468844166,640,He's my therapy pet.
3260,329,31,71,229,331,1.4018126888217524,0.03599959722717953,640,Cat-a-lac...all-terrain and cleans its own chassis
4878,330,32,71,233,336,1.4017857142857142,0.03586168056586901,640,"He’s quite poor at dressage, but an excellent jumper."
3336,331,38,61,242,341,1.401759530791789,0.03691097041224392,640,It's the 2019 Catillac.
1760,332,33,66,230,329,1.4012158054711246,0.03666133678382394,640,I decided to get out of the rat race once and for all.
3830,333,35,64,235,334,1.401197604790419,0.03675333430663488,640,"It’s a game of cat-and-mouse—
I won."
935,333,33,68,233,334,1.401197604790419,0.03626077046664714,640,Rides great but parking is impossible
888,335,25,87,230,342,1.4005847953216375,0.03365842948403443,640,...but keep your enemies closer.
2439,336,27,80,228,335,1.4,0.03465803990551189,640,"On her days off, she rides the dog."
2905,336,29,94,257,380,1.4,0.03218644476754243,640,"Heading back to the hypnotist, need anything?"
3274,336,33,66,231,330,1.4,0.03657028873603656,640,Ambien
4345,336,34,66,235,335,1.4,0.03641843789405732,640,I guess you guys must have been in the control group.
4780,336,31,66,223,320,1.4,0.03687435244636247,640,You ladies into bad boys?
4072,341,31,73,234,338,1.3994082840236686,0.035441817550387465,640,"It’s not quite a Jaguar, but it’s still a nice ride"
2726,342,30,73,230,333,1.3993993993993994,0.03557021307568927,640,She's fast and runs great!  What do I care that the last owner disappeared?
4505,342,33,67,233,333,1.3993993993993994,0.03632507669446032,640,I'm not exactly sure what to feed him.
4396,344,34,59,225,318,1.39937106918239,0.037832033572865756,640,He really thinks I'm the voice inside his head
486,345,36,51,221,308,1.3993506493506493,0.039278341164383786,640,When you're a star they let you do it. You can do anything...
3211,346,31,78,242,351,1.398860398860399,0.03449260615260274,640,Why the surprised looks?  I'm Amish.
898,347,33,64,229,326,1.3987730061349692,0.03688681579948254,640,No thanks; we'll walk.
2675,347,32,66,228,326,1.3987730061349692,0.036630047107971006,640,Do you like my Catillac?
1271,349,35,56,225,316,1.3987341772151898,0.03826657625995159,640,"Don't worry, my insurance covers up to nine lives."
4894,350,37,53,229,319,1.3981191222570533,0.038509788365277076,640,"This was the easy part, now I'm off to herd Congress."
4348,351,34,55,220,309,1.3980582524271845,0.038632156590010756,640,We met on kink.com.
1131,352,42,56,254,352,1.3977272727272727,0.036909709378665605,640,Isn't Amazon great!?
4432,353,34,66,237,337,1.3976261127596439,0.03624076247824623,640,Just got her tuna'd up and she's purring like a kitten again
1078,354,29,70,223,322,1.3975155279503106,0.03615564986856147,640,My other cat is a cougar.
4414,355,33,58,221,312,1.3974358974358974,0.03808178145082541,640,I'm considering trading it in for a Jaguar.
611,356,34,67,239,340,1.3970588235294117,0.036002421837041804,640,"So who will never amount to anything now, Janet?"
4196,357,27,79,229,335,1.3970149253731343,0.03463185789993561,640,"The blinders are more for his self-esteem, to be honest."
3407,358,37,58,238,333,1.3963963963963963,0.037283047745920755,640,Find yourselves a dog and we'll be reining cats and dogs.
4440,359,26,68,209,303,1.396039603960396,0.03688219108337784,640,He broke like a tabby but he rides like a calico.
649,360,37,59,240,336,1.3958333333333333,0.03703114464894243,640,The dealer assured me it's vegetarian.
4895,361,44,54,261,359,1.3955431754874652,0.03677707720615244,640,"Yeah, I voted for Trump.  Why do you ask?"
1616,362,38,58,243,339,1.3952802359882006,0.03702000744782791,640,It is amazing what you can get away with using  catnip and weed.
3221,363,29,64,216,309,1.3948220064724919,0.037218198970086325,640,"You just have to say ""Kitty-up"""
4837,364,35,64,241,340,1.3941176470588235,0.03621760195101348,640,"First, you have to convince him that he's a horse. 
Then, you have to convince him that you're a human. The rest is easy."
2389,365,28,76,231,335,1.3940298507462687,0.034862196921113926,640,He lost a bet with the Siamese.
1124,366,26,78,226,330,1.393939393939394,0.03470793929207223,640,"When you ride a cat, nobody knows you’re a mouse."
189,367,33,58,224,315,1.3936507936507936,0.037781371401061074,640,"Fluffy and I will chase after the farmer’s wife, you two run up the clock."
4427,368,30,62,218,310,1.3935483870967742,0.03739998274609245,640,It's safer than Uber
245,369,29,60,211,300,1.3933333333333333,0.03800878069452902,640,"When you're a star, they let you do anything."
4614,370,32,74,245,351,1.393162393162393,0.0346790141605387,640,The hardest part was opening the tuna
3497,371,30,65,223,318,1.3930817610062893,0.036712186729033904,640,"In VR, nobody knows you're a mouse."
610,372,32,68,236,336,1.3928571428571428,0.03578528834046633,640,"Milk, bread, cheese... anything else?"
3766,373,31,66,229,326,1.392638036809816,0.0363172964912018,640,"They let anyone adopt,
they don’t even ask what you’re going use them for"
4700,373,34,60,232,326,1.392638036809816,0.037088765286919394,640,It's the greatest invention since sliced cheese.
910,375,30,66,225,321,1.3925233644859814,0.03645908068768046,640,It’s amazing what they will let you do when you’re famous
1039,376,32,71,241,344,1.3924418604651163,0.03517875047080519,640,It's important to avoid mirrors.
2275,376,37,61,246,344,1.3924418604651163,0.036363388088351024,640,"All those cat stories, ""Fake News"""
4608,378,28,82,242,352,1.3920454545454546,0.03364964134150613,640,I'm planning to take them off when we get to my ex's.
1748,379,41,45,238,324,1.3919753086419753,0.0390053217695615,640,"Some guy named  ""Trump"" said that you could get away with putting your hand on a pussy and well here I am!"
2932,380,35,62,240,337,1.3916913946587537,0.03643260164903457,640,So it turns out the cat's an idiot.
3396,381,30,73,237,340,1.3911764705882352,0.034972725474068295,640,For such an old model she purrs like a kitten.
2535,382,36,66,251,353,1.3909348441926346,0.03543843883855132,640,"26,578 “likes” so far"
2212,383,26,68,213,307,1.3908794788273615,0.03649128373637091,640,He went vegan last year.
559,384,35,58,235,328,1.3902439024390243,0.03715280592852265,640,What can I say? I'm a cat whiskerer.
836,385,30,75,241,346,1.3901734104046244,0.03452990826457242,640,"Once I discovered he's vegan, the rest was easy."
1985,386,20,91,225,336,1.3898809523809523,0.03264103334619999,640,"Jump on, before the effects of the cat nip wear off!"
1035,387,29,81,247,357,1.3893557422969187,0.03352941163323861,640,"Kitty-up"" works for me"
1954,388,36,66,253,355,1.388732394366197,0.03527280371285298,640,I always wanted a Catillac.
1780,389,31,69,237,337,1.3887240356083086,0.03542236316413448,640,"I call him ""Seabiscat""..."
624,390,26,72,221,319,1.3887147335423198,0.03549404210161458,640,"Yeah, and the cat you rode in on."
32,391,27,80,238,345,1.3884057971014492,0.03384594342984997,640,I told you not to eat those mushrooms.
434,392,26,68,215,309,1.3883495145631068,0.036298677963552406,640,It's a rental
2261,393,28,62,214,304,1.388157894736842,0.037306237359115965,640,What do you think of the new Catillac?
427,394,23,70,206,299,1.3879598662207357,0.03623622914868073,640,It’s the dismount that’s concerning.
2956,395,41,51,251,343,1.3877551020408163,0.03732534917270934,640,The only thing I worry about is the president grabbing it.
803,396,30,72,239,341,1.3870967741935485,0.034861319403222235,640,This baby really purrs!
984,396,27,66,217,310,1.3870967741935485,0.036490297065132245,640,He promised me a ride if I would make him a meal.
1310,398,34,57,232,323,1.3869969040247678,0.037290058959088775,640,"Some idiot told him they let you do anything when you're a star -
and he went out and grabbed himself a pussy..."
212,399,32,71,246,349,1.3868194842406876,0.034764034612254704,640,I can't believe no one has tried this before
825,400,35,71,259,365,1.3863013698630138,0.034324463588117964,640,"Say what you want, but it's safer than Uber."
4559,401,27,70,224,321,1.3862928348909658,0.03558857698002827,640,Who knew cats were so bad at poker?
1172,401,30,64,227,321,1.3862928348909658,0.036399972890328765,640,"It gets me from point A to point B, but when my lease is up I'm getting a Jaguar!"
4387,403,32,75,253,360,1.386111111111111,0.03399193328709796,640,I'm heading to the dog park.
3491,404,32,57,225,314,1.3853503184713376,0.037522181153534125,640,He behaves as long as I speak with a dog's accent.
3785,405,29,68,230,327,1.385321100917431,0.03564561342867153,640,What he can't see won't feed him.
4328,405,28,70,229,327,1.385321100917431,0.035381469480834885,640,It'll make herding them so much easier.
139,407,32,67,241,340,1.3852941176470588,0.03541069012927459,640,Check out my Catallac
1919,408,34,73,259,366,1.3852459016393444,0.0340275410870073,640,He identifies as a race horse.
2247,409,28,68,226,322,1.3850931677018634,0.03576966219071995,640,Now this is what I call house broken.
2305,409,27,70,225,322,1.3850931677018634,0.03549815857824524,640,Who says you can’t herd cats?
3712,411,27,80,241,348,1.3850574712643677,0.03360906924745173,640,I am the cat whisperer.
186,412,34,64,245,343,1.3848396501457727,0.03566366697848277,640,I’m off to accept my Nobel Peace Prize.
3242,412,29,74,240,343,1.3848396501457727,0.03444778673468144,640,It's virtual reality.  He thinks he stalking a mouse.
2518,414,33,59,233,325,1.3846153846153846,0.0368414736106877,640,He’s been fixed more ways then you can imagine.
3716,414,28,54,204,286,1.3846153846153846,0.0389552413578933,640,She’s my emotional service predator.
3938,416,35,58,240,333,1.3843843843843844,0.03668669203400175,640,It wasn’t easy but he’s now fully mouse trained
3195,417,35,66,253,354,1.384180790960452,0.035076849011525364,640,Adding cannabis to the catnip was all it took.
1907,418,27,55,202,284,1.3838028169014085,0.038827290851637455,640,Heading over to PetCo ... want anything?
1444,419,25,82,237,344,1.3837209302325582,0.03336467009173598,640,Scientists reveal most common theme in mice dreams
2712,420,34,49,222,305,1.383606557377049,0.038874096121938664,640,I bought a can opener.
4729,421,26,83,243,352,1.3835227272727273,0.0330828330029677,640,"As long as he doesn't roll over, it's perfectly safe."
1912,422,26,78,235,339,1.3834808259587021,0.033960280160686994,640,The real trick is knowing when she’s going to roll over on her back!
268,423,26,81,240,347,1.38328530259366,0.033410807291992764,640,A trap? How could it be a trap?
3507,424,31,66,237,334,1.3832335329341316,0.0355984585945246,640,"Our therapist said role change might ease the tension."""
2816,425,36,59,247,342,1.3830409356725146,0.036199467481262994,640,"As you can see, he's a Trump supporter."
1937,426,30,64,230,324,1.382716049382716,0.03612112664110675,640,Tell mom not to wait up.
2004,427,29,74,242,345,1.382608695652174,0.03428400636053735,640,It only works right after he comes back from the vet.
2240,428,31,60,228,319,1.3824451410658307,0.03679529561775371,640,It's a self-driving cat. What could go wrong?
3096,429,28,61,217,306,1.3823529411764706,0.03707173840700834,640,The trick is to use alternative facts.
3442,430,30,60,224,314,1.3821656050955413,0.036943868047928034,640,And when you get her above 60... Wow! You oughta hear her purr!
285,431,23,69,209,301,1.3820598006644518,0.03600527876328099,640,I'm safe until I dismount
1501,432,37,57,249,343,1.3819241982507289,0.03634634988448562,640,"When you’re famous, they just let you grab ‘em by the pussy."
4857,433,30,56,218,304,1.381578947368421,0.03781773534670386,640,He says the blinders give him 'plausible deniability.'
1971,434,37,53,243,333,1.3813813813813813,0.03714802065213143,640,It's a conservative cat -- it was already into wearing the blinders.
1431,435,37,55,247,339,1.3805309734513274,0.036650283838565854,640,He is a vegan from California
1186,435,31,67,241,339,1.3805309734513274,0.0351925391817834,640,"I haven't finished reading the manual, but the salesman said fuel wouldn't be a problem."
4219,437,29,66,231,326,1.3803680981595092,0.03567383520782855,640,"You control the cat, you control the house."
3852,438,33,69,253,355,1.380281690140845,0.034509599877933485,640,"Once they're broken, they're total pussies."
3368,439,29,69,236,334,1.3802395209580838,0.035059371448125334,640,Do you by any chance know where the closest litter box is?
2761,440,27,65,221,313,1.3801916932907348,0.03616955846164366,640,Demouseticated Cat
635,441,35,60,247,342,1.3801169590643274,0.03593356606698896,640,The blinders are just ornamental.  It's the LSD that makes this work.
2023,442,27,71,231,329,1.3799392097264438,0.034909252793663886,640,The dog had fleas
4307,442,33,59,237,329,1.3799392097264438,0.03646721336395015,640,"To London, of course, to see the queen."
1530,444,33,54,229,316,1.379746835443038,0.037560530445216754,640,I got the idea from the way Mitch McConnell run s the Senate.
2315,445,29,60,222,311,1.3794212218649518,0.03689374171565851,640,Herding them is the hard part.
3047,445,30,58,223,311,1.3794212218649518,0.03717382027455553,640,"Finally, a truly domesticated cat!"
2960,447,26,77,237,340,1.3794117647058823,0.03384851094441373,640,"Yes, this is my first rodeo. Why?"
2517,448,29,63,227,319,1.3793103448275863,0.03622311143092991,640,My therapist recommended it before she disappeared.
4288,449,35,57,243,335,1.3791044776119403,0.03647406988660793,640,Got the basic idea from a Fox News story about Trump and the Republican Party
3334,449,23,81,231,335,1.3791044776119403,0.033404511577324075,640,It's zippy but the emissions are terrible.
4869,451,31,68,244,343,1.379008746355685,0.03488155120024547,640,I love herding cats.
1551,452,27,74,237,338,1.378698224852071,0.03423817749365941,640,"Once he stopped focusing on the obvious,we were good to go."
3856,452,27,74,237,338,1.378698224852071,0.03423817749365941,640,She wanted to atone for millenia of feline aggression. I wanted a ride. It's worked out for both of us.
1751,454,22,79,224,325,1.3784615384615384,0.03382110788751802,640,But the dismount is problematic.
3325,455,26,74,233,333,1.3783783783783783,0.03433377702657388,640,The hard part was getting her to believe she’s still in charge.
4737,455,27,72,234,333,1.3783783783783783,0.03459622269044201,640,"He rides fine, but I am a little worried about feeding time."
922,457,25,77,234,336,1.3779761904761905,0.033853050027664935,640,"More often dressage, but steeplechase if he sees a good snack opportunity."
2380,457,29,69,238,336,1.3779761904761905,0.03488699186770262,640,She really purrs like a kitten.
4113,459,21,80,222,323,1.3777089783281733,0.033671590111763426,640,"Three words, cognitive behavioral therapy.."
4410,460,30,74,251,355,1.3774647887323943,0.033782254163191305,640,"Hey. It's carbon-free, sustainable transportation. What could go wrong?"
1795,461,25,73,228,326,1.3773006134969326,0.03456628386962805,640,Wait till the farmer's wife gets a load of ME!
4374,461,23,77,226,326,1.3773006134969326,0.03401579520120248,640,It’s the next best thing to a Jaguar.
1270,463,31,56,226,313,1.376996805111821,0.037251453298958195,640,"36 month lease, no money down and a full 9 lives warranty, how could I pass it up"" ?"
1640,464,30,64,235,329,1.3768996960486322,0.03566515754786377,640,"'Fluffy says that your turn is next--right after lunch."""
3893,465,31,61,235,327,1.3761467889908257,0.036075195351515314,640,And he thinks it's his idea!
477,466,33,63,247,343,1.3760932944606414,0.03533742749348786,640,How's this for karma?
1069,467,22,68,208,298,1.3758389261744965,0.03587459613718909,640,Look what the cat dragged in.
1308,468,36,46,232,314,1.375796178343949,0.03849703418904601,640,"Wow, can't believe Jerry made Tom his bitch"
891,469,30,61,231,322,1.375776397515528,0.036210869967141374,640,Take my picture. Let's see how PETA comes down on this one.
1225,470,27,82,253,362,1.3756906077348066,0.03260263766298954,640,Turns out the humans already domesticated them
1670,471,28,66,231,325,1.3753846153846154,0.03543289163102502,640,"Told you if I got elected, I would reach across the aisle."""
519,472,33,68,256,357,1.3753501400560224,0.03432070991692371,640,"Vegans, gotta love 'em."
3388,473,27,89,265,381,1.3753280839895012,0.03146381366882305,640,"Look fellas, I’m just sayin’: Be the change you want to see in the world."
3862,474,29,65,234,328,1.375,0.035461322699849814,640,It's really the quickest way up the clock.
2407,475,30,76,257,363,1.3746556473829201,0.03322358750163614,640,It's great until you have to get off
3616,476,34,62,251,347,1.3746397694524495,0.03526326382950052,640,"He's my service animal, Muriel."
1317,477,32,51,224,307,1.3745928338762214,0.038037739174421145,640,"Hey you two, meet Schrödinger's cat. Poor guy is a little confused."
299,478,28,72,242,342,1.3742690058479532,0.03416084119095945,640,All I had to do was promise to build a wall to keep the dogs out.
1291,479,28,69,237,334,1.374251497005988,0.03473849042023875,640,And they said nobody really owns a cat.
1634,480,39,41,238,318,1.3742138364779874,0.038890806449484776,640,It worked for the GOP.
1288,481,27,62,221,310,1.3741935483870968,0.03635345565763109,640,You must be Cubby & Annette ; I'm your Uber driver.
3225,482,25,63,214,302,1.3741721854304636,0.036441838017578984,640,One blind cat. Let's see how he runs.
4708,483,31,67,247,345,1.373913043478261,0.03468346165776651,640,"And then I thought to myself - you’re either part of the solution, or you’re part of the problem."
1459,484,32,63,245,340,1.3735294117647059,0.035292310093108924,640,"Remember guys, he starts to look round, bark like crazy!"
1002,485,31,62,239,332,1.3734939759036144,0.03565287553896281,640,He lost big in our poker game.
356,485,29,66,237,332,1.3734939759036144,0.03513869889830875,640,Look who’s blind now.
961,487,20,79,220,319,1.3730407523510972,0.0336123479372684,640,I don't know how the saddle stays on either.
502,488,32,71,259,362,1.37292817679558,0.033727288731038245,640,I see Troy has found a new rider. What happened to that last guy?
3577,489,36,60,258,354,1.3728813559322033,0.03519394588191159,640,Once the catnip wears off we're doomed!
2267,490,34,58,246,338,1.3727810650887573,0.03592767109905008,640,Anybody order an uber?
2493,491,31,61,238,330,1.3727272727272728,0.03580088640508948,640,Now we take on the dog.  Are you with me?
1710,492,28,64,230,322,1.3726708074534162,0.03563838457987717,640,"“A bet is a bet--I hypnotize the cat, you guys get the cheese out of the trap.”"
3558,493,27,79,251,357,1.3725490196078431,0.0328862848277484,640,"Yeah, you should hear her purr."
3402,494,28,71,242,341,1.3724340175953078,0.034211702247718204,640,"You play your cat-and-mouse games, I'll play mine."
4740,495,26,69,230,325,1.3723076923076922,0.03485838522128105,640,I've always wanted to drive a Catty.
1289,496,23,72,222,317,1.3722397476340693,0.03462217991120569,640,"I asked for a rat, but they offered a free upgrade."
4603,497,29,76,255,360,1.3722222222222222,0.03316137425780978,640,Hey look! I found one with identity issues.
2270,498,26,60,215,301,1.372093023255814,0.03680567349305534,640,We won by a whisker!
3144,499,32,61,243,336,1.3720238095238095,0.035580402334581936,640,"Convince 'em you're a rich celebrity, and you can do anything you want."
1005,500,32,52,228,312,1.3717948717948718,0.03755774333398102,640,I fed him fake news and now he's mine.
4548,501,30,69,248,347,1.3717579250720462,0.03427467395452451,640,I get about 20 miles per gallon of milk
1026,502,32,66,252,350,1.3714285714285714,0.03453856822689709,640,He's giving free one-way rides.
4695,503,29,66,239,334,1.3712574850299402,0.03496364733526627,640,He can’t eat what he can’t see.
4055,504,41,36,241,318,1.371069182389937,0.03936557125567433,640,Just grab 'em by the pussy!
1785,505,25,78,242,345,1.3710144927536232,0.03316143893770919,640,I say one blind cat is better than three blind mice.
2542,506,28,69,240,337,1.370919881305638,0.034482156780837526,640,Don't look so surprised. You just never know what'll show up when you call for an Uber.
2311,507,24,71,226,321,1.3707165109034267,0.03458768249533487,640,"Trust me, it's okay. He's really just a big pussy cat."
4777,507,31,57,233,321,1.3707165109034267,0.03650480263320239,640,We met on ancestry.com.
378,509,21,87,240,348,1.3706896551724137,0.03193872419865884,640,I'm a cat whisperer.
326,510,24,68,221,313,1.3706070287539935,0.03520143916328754,640,I know what you're thinking... If I were more risk-averse I'd wear a helmet!
1650,510,26,64,223,313,1.3706070287539935,0.035778505055752426,640,"One day I asked myself:  ""If Republicans can ride blue collar workers to the White House, why can't I ride a cat to the cheese shop?"""
3751,512,29,68,243,340,1.3705882352941177,0.034514792282189316,640,He's Cheshire. That's why I'm riding English.
555,513,23,71,222,316,1.370253164556962,0.03467469590833491,640,"As long as he keeps thinking we're auditioning for a western, I'm safe."
2084,514,24,76,235,335,1.3701492537313433,0.03357101534369585,640,Apparently they'll do anything for a belly rub.
1474,514,32,60,243,335,1.3701492537313433,0.0356372088991602,640,We’re gonna take another run at the farmer’s wife.
982,514,24,76,235,335,1.3701492537313433,0.03357101534369585,640,"As long as the sardines last, yes."
4306,517,32,68,257,357,1.3697478991596639,0.034031796884469986,640,And you should check under the hood! She just purrs!
3800,518,37,48,245,330,1.3696969696969696,0.03728081004997865,640,I'll be back for you later when we need fuel.
511,519,26,77,246,349,1.3696275071633237,0.03313157971009405,640,How do you like my new Catillac?
3473,519,26,77,246,349,1.3696275071633237,0.03313157971009405,640,I just kick and say kitty up
3995,521,36,54,251,341,1.3695014662756597,0.036141626143892346,640,"And when you’re a star, they let you do it. You can anything..."
3599,522,19,78,217,314,1.3694267515923566,0.03362876331805876,640,"The maintenance is high, but it's worth it for the looks I get."
4340,523,29,65,239,333,1.3693693693693694,0.03501762948924209,640,"...but on the other hand, I had that motorcycle when I was his age."
3724,524,27,52,208,287,1.3693379790940767,0.038370695877042615,640,"You just look him in the eye and say, ""Woof!"""
3485,525,26,68,231,325,1.3692307692307693,0.0348231603204502,640,"So then I thought, why not?"
40,526,27,49,203,279,1.3691756272401434,0.039165456562248416,640,"My proposed entries for this week's New Yorker Cartoon Caption Contest:

""I hypnotized him. So for God's sake, nobody snap your fingers!"""
575,527,28,68,240,336,1.369047619047619,0.0345339175948295,640,"No problem, she is a vegetarian."
838,527,34,56,246,336,1.369047619047619,0.036044434695925255,640,You have to grab them by the pussy.
3385,527,29,66,241,336,1.369047619047619,0.034790225147257464,640,It really is like herding cats.
3950,530,25,81,249,355,1.3690140845070422,0.03249023149000374,640,She thinks it's her idea.
3445,531,32,68,258,358,1.3687150837988826,0.033952315403886296,640,Can we keeep it?
4426,532,24,67,221,312,1.3685897435897436,0.03525641025641025,640,Don’t worry!  He’s a vegetarian.
2192,533,25,76,241,342,1.368421052631579,0.03333319794287741,640,"Yes, a sports cat may be dangerous but you can’t beat the wind in your fur."
1575,533,33,53,237,323,1.368421052631579,0.03684031960861487,640,After this lets go milk the dog.
2819,533,29,68,245,342,1.368421052631579,0.03434675787882637,640,Great mileage. But I get nervous when he says he needs to stop and 're-fuel'.
814,536,33,61,251,345,1.3681159420289855,0.03510412017323844,640,He gave me one wish before he eats me!
650,537,27,77,252,356,1.3679775280898876,0.032899996154337315,640,We're going to herd cats
1006,538,26,72,239,337,1.367952522255193,0.03393209843641785,640,All that chasing... he was really just begging to be trained.
2375,539,27,71,242,340,1.3676470588235294,0.03397492691558697,640,He’s cool with it as long as I don’t run out of tuna.
740,540,25,65,223,313,1.3674121405750799,0.03545333102857628,640,With enough catnip - anything is possible.
1731,541,32,55,237,324,1.367283950617284,0.036483055757160876,640,Is this Mouse Heaven or Cat Hell?
4607,542,32,52,232,316,1.3670886075949367,0.0371554523905262,640,"With blinders, anything is possible in a democracy."
1729,543,32,56,239,327,1.3669724770642202,0.03623467869895674,640,Grab your own pussy.
4542,543,26,68,233,327,1.3669724770642202,0.03464655388228969,640,Cat told me he was taking me out to dinner. Care to join us?
4662,543,25,70,232,327,1.3669724770642202,0.034374733771119804,640,"No fear, he's vegan."
937,546,27,67,236,330,1.3666666666666667,0.03468742691806802,640,He knocked a piece of cheese off a trap last night and now he thinks he’s invincible.
4725,547,29,75,259,363,1.3663911845730028,0.03290402495846942,640,It's on my bucket list!
4234,548,31,64,249,344,1.3662790697674418,0.03467261591423521,640,Can't wait until the cat lovers see this on YouTube
2632,549,29,65,242,336,1.3660714285714286,0.03475638824022031,640,This is much easier than catching the Greyhound.
310,550,27,66,235,328,1.3658536585365855,0.034827618544723556,640,"This is the easy part.  Getting off, however, has its risks."
1881,550,28,64,236,328,1.3658536585365855,0.035094301374401976,640,It's nice to be the 1%.
3331,552,33,43,222,298,1.3657718120805369,0.03907427545250136,640,Just say it's fake mews.
2502,553,23,79,240,342,1.3654970760233918,0.03277989725400972,640,"Turns out, we completely misjudged his intentions."
4865,554,16,82,214,312,1.3653846153846154,0.03279296846386248,640,"See, herding them isn't as hard as they say."
237,555,29,60,234,323,1.3653250773993808,0.035745356675825984,640,"Who's the ""Big Cheese"" now?"
1236,555,27,64,232,323,1.3653250773993808,0.035203283997766205,640,Don't worry—he's vegetarian.
4798,557,33,64,259,356,1.3651685393258426,0.034281918842849465,640,What makes you think it’s a trap?
1196,558,26,71,240,337,1.3649851632047478,0.03389732678690906,640,"This baby purrs like a, well, you know."
2933,558,32,59,246,337,1.3649851632047478,0.03542606204820076,640,She's a vegan from Santa Monica.
393,560,25,62,220,307,1.3648208469055374,0.03590988385433157,640,"It's fine, I have Cat-astrophic insurance."
3984,561,25,74,241,340,1.3647058823529412,0.03342557996573535,640,Like my new Catillac?
2025,561,43,38,259,340,1.3647058823529412,0.03781014044348452,640,Nothing to it. He’s a republican.
2452,563,30,68,253,351,1.3646723646723646,0.033916982769142213,640,He's still transitioning.
3781,564,32,65,257,354,1.3644067796610169,0.034180218880927406,640,"Look, Secretaricat!"
2481,565,29,56,228,313,1.3642172523961662,0.0365528489818014,640,Not exactly what I thought Uber would send but oh well.
218,566,25,72,238,335,1.364179104477612,0.033765943924465074,640,"I just finished reading ""The Power of Positive Thinking."""
3858,566,27,68,240,335,1.364179104477612,0.03429122870121527,640,It’s just a metaphor.
2193,568,31,61,246,338,1.363905325443787,0.03508828171920664,640,The blinders made it receptive to alternative facts.
3450,569,30,64,247,341,1.3636363636363635,0.03461375270103979,640,"If a cow can jump over the moon, I figured anything was possible."
3362,570,30,61,242,333,1.3633633633633633,0.03520638845834008,640,"It's the newest model, the engine just purrs."
2239,571,21,75,226,322,1.3633540372670807,0.033570619454875696,640,I got a 10% reduction on my insurance rates just by adding the blinders.
3330,572,27,59,225,311,1.3633440514469453,0.03614302200262686,640,He’s Uber. What could go wrong?
3993,573,24,82,252,358,1.3631284916201116,0.03199021219727462,640,"It's really cool, that is until the catnip wears off."
4650,574,26,58,219,303,1.363036303630363,0.03652351631052553,640,We're off to herd cats.
12,575,27,69,243,339,1.3628318584070795,0.03398907483409102,640,"Boys, I've successfully manipulated the food chain."
4284,575,29,65,245,339,1.3628318584070795,0.034498792807953926,640,This can’t possibly end well.
1672,577,28,63,237,328,1.3628048780487805,0.03505823926201211,640,Now this is how you herd cats.
839,578,24,68,228,320,1.3625,0.034563727430913696,640,My other ride is a Chihuahua.
1119,579,29,71,256,356,1.3623595505617978,0.033313553262393915,640,Cowards. You’re all for revolution until it’s time for action.
1326,580,22,81,242,345,1.3623188405797102,0.03228597372684509,640,"Ironic, isn't it?"
391,581,42,54,285,381,1.3622047244094488,0.034469090004089396,640,"If you’re rich enough, you can just grab one any time you want!"
1662,582,19,71,211,301,1.3621262458471761,0.03450780950702253,640,We thought role-playing might help our relationship?
2811,583,35,56,257,348,1.3620689655172413,0.035289027080902,640,"When you are a star, you can just grab one!"
3003,584,33,56,248,337,1.3620178041543027,0.03564067578920523,640,It's called domestication.
3100,585,23,72,231,326,1.361963190184049,0.03383444460738711,640,Trust me!  Put fifty on Fluffy in the 4th at Belmont!
180,586,25,69,235,329,1.3617021276595744,0.03416465610567701,640,He lost a bet.
884,586,30,59,240,329,1.3617021276595744,0.03549495494788594,640,"She's very reliable, but spooks easily at the sound of electric can openers!"
3266,588,19,77,222,318,1.3616352201257862,0.0332447212686163,640,It was on his bucket list.
1410,589,25,74,244,343,1.3615160349854227,0.03318364575469641,640,It's perfectly safe- she thinks she's a horse
2576,590,18,85,232,335,1.3611940298507463,0.03182077378640461,640,"I really wanted the Siamese, but all I could afford was the Calico....."
2608,591,30,66,253,349,1.3610315186246418,0.03401350019155957,640,"One of you stand behind the finish line, the other make sure the laser pointer is at the ready."
3084,592,26,66,235,327,1.3608562691131498,0.03457278393781425,640,The revolution is complete.
97,593,36,55,261,352,1.3607954545454546,0.03521070273503105,640,I'm off to go herd cats.
4479,593,33,61,258,352,1.3607954545454546,0.034514215021236895,640,I told him there's a caravan of dogs coming and only I could save him.
4646,595,32,50,234,316,1.360759493670886,0.03708179405973174,640,Sometimes grabbing the pussy puts you on top.
183,596,20,79,231,330,1.3606060606060606,0.03269930475601783,640,Dismounting can be tricky.
629,596,29,61,240,330,1.3606060606060606,0.03514308163323598,640,"Out of sight, out of mind."
1022,596,30,59,241,330,1.3606060606060606,0.03540420146956188,640,I found that you just have to keep him focused on something other than the fact that he's a cat and I'm a mouse.
2022,596,29,61,240,330,1.3606060606060606,0.03514308163323598,640,"Don’t worry, this one says he’s a vegan!"
2962,600,26,72,246,344,1.3604651162790697,0.033358762226246244,640,I spiked the catnip.
2763,601,24,72,237,333,1.3603603603603605,0.03359238812164488,640,"I'm telling you, pet that spot on their back on you own them!"
3374,602,27,75,256,358,1.3603351955307263,0.03268265763150534,640,"All I had to do was take a thorn out of his paw, and now he's mine!"
350,603,28,60,234,322,1.360248447204969,0.03549307979453254,640,Genes are not destiny.
1805,604,31,59,246,336,1.3601190476190477,0.03519485752313896,640,It's a new service - much like Lyft and Uber.  It's called Caxi.
1794,605,36,58,267,361,1.3601108033240996,0.034555792086971175,640,"Once you herd them, everything else is easy."
4720,606,23,67,224,314,1.3598726114649682,0.03469912347867627,640,"You can go a long way 
with a little bit of catnip"
2412,607,28,63,240,331,1.3595166163141994,0.034791531054937284,640,It's my life and my decision whether or not to wear a helmet.
51,608,24,81,254,359,1.3593314763231197,0.03188303965091152,640,They really just want discipline.
2158,609,25,57,216,298,1.3590604026845639,0.03660330911830799,640,We figured we could get more views on YouTube if we joined forces.
3253,609,24,59,215,298,1.3590604026845639,0.036293317571928156,640,Seriously...he has no idea.
2206,609,26,55,217,298,1.3590604026845639,0.03691069731722754,640,"I call it, ""Tom and Jerrymandering."""
4243,612,25,76,250,351,1.358974358974359,0.03262610309130008,640,"quick, youtube it!"
4075,613,30,57,239,326,1.3588957055214723,0.035696957760240074,640,He's my emotional support animal AND a means of conveyance.
2347,614,24,74,242,340,1.3588235294117648,0.03309259712511554,640,"What he can't see, he can't eat."
3468,615,29,60,240,329,1.358662613981763,0.035196120240150786,640,Looks like Jimmy is taking his new Catillac out for a spin
1723,616,29,65,249,343,1.358600583090379,0.034160885895654025,640,I'm pretty sure you guys are in the placebo group
2991,617,29,61,242,332,1.358433734939759,0.034964711937883086,640,Let's ride the dog next.
3397,618,27,70,249,346,1.3583815028901733,0.03344966217797843,640,They're easy to herd at an individual level
3494,618,22,80,244,346,1.3583815028901733,0.03217307503939143,640,It's a much smoother ride than the dog
1563,620,30,55,236,321,1.3582554517133956,0.036091219971132425,640,I've gotten him to ignore seven commands so far!
4597,621,24,63,223,310,1.3580645161290323,0.03528400850205725,640,It was a bet and I won.
3957,622,27,67,244,338,1.3579881656804733,0.0340010452153302,640,"Guys, relax. This one’s never going to see how we run."
1189,623,34,58,260,352,1.3579545454545454,0.0347151578601599,640,I used the Uber promo code.
1016,624,27,63,237,327,1.3577981651376148,0.034805165544657485,640,"You see, it pays to reach across the aisle."
3126,625,28,66,247,341,1.3577712609970674,0.03404123190649181,640,I told him I'm Mighty Mouse and he thinks we are off to save the day
1319,626,31,65,259,355,1.3577464788732394,0.033799501176866996,640,He's still afraid of the water jump.
2851,627,27,64,239,330,1.3575757575757577,0.034577418479579826,640,Our mistake was trying to herd 'em!
418,627,21,76,233,330,1.3575757575757577,0.03294040222295031,640,We’ve found a way to beat the rat race.
2020,627,28,62,240,330,1.3575757575757577,0.03484277778434188,640,And then it hit me ... what if it was the cat that couldn’t see ...
1287,630,26,67,240,333,1.3573573573573574,0.03408923586670935,640,You should see my wife's cat. It's a Tesla!
2449,631,30,55,237,322,1.3571428571428572,0.03599615938588397,640,"He used to live in the White House, got out and applied for sanctuary, and will do anything to avoid being sent back."
4063,631,26,83,269,378,1.3571428571428572,0.031207272085792576,640,He's taking me to Fancy Feast for dinner.
4372,631,23,64,221,308,1.3571428571428572,0.035133180122995745,640,The only thing that stops a bad guy with a cat is a good guy with a cat.
3791,634,26,74,253,353,1.3569405099150142,0.03271965822809564,640,"If you can't beat them, domesticate them."
443,635,32,64,263,359,1.3565459610027855,0.033746256535482556,640,We're off to the dog and pony show.
818,635,25,78,256,359,1.3565459610027855,0.032091728894555006,640,It's definitely a metaphor for something.
1565,637,25,74,249,348,1.3563218390804597,0.03278762097683825,640,What he doesn't see can't hurt  me
4079,638,26,62,232,320,1.35625,0.03504747955108916,640,The audacity of hope.
1370,639,22,65,219,306,1.3562091503267975,0.03497610618710076,640,"Oh don’t worry about me, he’s a vegetarian!”"
1464,640,21,73,229,323,1.3560371517027863,0.0334044320553331,640,Just wait till you hear this kitty purr.
188,641,28,60,238,326,1.3558282208588956,0.035125867706931754,640,"It's amazing, you just scream ""Lock Her UP"" and stoke their fears and they will blindly go against their own best interests to serve your power."
2368,642,28,61,240,329,1.3556231003039514,0.03489391924067003,640,"I'm not wearing a helmet because a concussion is only the second worst case scenario"""
3730,642,24,69,236,329,1.3556231003039514,0.03381495408880188,640,"Yeah, I  worry more about dogs now."
1969,644,23,77,246,346,1.3554913294797688,0.032395438085671475,640,Domestic breeds are rated safer and more economical than the imports.
4145,645,27,59,232,318,1.3553459119496856,0.035472765381365685,640,Turns out herding cats is easy.
4032,645,24,65,229,318,1.3553459119496856,0.03462364534751679,640,I’ve gotta go. My tabby’s here.
2611,647,29,66,254,349,1.3553008595988538,0.033701328059502295,640,He signed up with Uber to earn a little extra cheese.
2751,648,25,70,243,338,1.3550295857988166,0.03344301025599703,640,Don't worry - she wants to go vegan.
1644,648,25,70,243,338,1.3550295857988166,0.03344301025599703,640,"I know, I know, he's a Leo and I'm a Taurus but we make it work."
1244,650,37,52,266,355,1.3549295774647887,0.03515121799252784,640,Look at the asshole on that cat.
3042,651,21,68,221,310,1.3548387096774193,0.03434133209176627,640,I found incriminating pictures on the internet!
784,652,24,63,226,313,1.354632587859425,0.03500105072028202,640,I'm ok as long as I don't squeak.
195,653,29,54,233,316,1.3544303797468353,0.03618092935607463,640,"He says one more ride, then it's lunchtime."
3916,653,17,78,221,316,1.3544303797468353,0.03267951265243513,640,Riding is the easy part. It's putting on the harness that's tricky.
2094,655,23,68,231,322,1.3540372670807452,0.03402180093873496,640,"I know it’s dangerous but you have to admit, it looks badass to ride one"
4304,656,22,76,241,339,1.3539823008849559,0.03256637927043616,640,We're off to make a cute  cat video on Youtube.
60,657,28,70,258,356,1.353932584269663,0.03297321494483434,640,"And this, my friends, is the Art of the Deal."
1998,658,27,67,248,342,1.3538011695906433,0.03366736713004641,640,This is how I'll win the rat race.
2106,659,30,50,231,311,1.3536977491961415,0.03687475298663258,640,The all new 2019 Catillac
1877,660,21,80,244,345,1.3536231884057972,0.03191162212022273,640,key is to remain downwind
2169,660,34,54,257,345,1.3536231884057972,0.03517709673354792,640,Just set your Uber settings to “vegan” and you’ll be fine.
3661,662,24,69,238,331,1.353474320241692,0.033644547079977306,640,Now we disarm the traps.
386,663,22,79,247,348,1.353448275862069,0.031983396888789144,640,I've got to see a man about a horse.
2781,664,20,78,236,334,1.3532934131736527,0.03233819302309636,640,"Long story short, I convinced him to go vegan."
1483,665,32,60,259,351,1.3532763532763532,0.03425986213917292,640,Well look what the cat dragged in
3463,666,21,77,239,337,1.3531157270029674,0.03241537014475557,640,The immediate problem is what do I feed him.
155,667,28,69,257,354,1.3531073446327684,0.03309419290375327,640,We're going on a cheese run. Any requests?
4684,668,22,70,231,323,1.3529411764705883,0.033649481673435636,640,This is easy. It’s the mounting and dismounting that’s scary.
1782,668,33,60,264,357,1.3529411764705883,0.03407063268038193,640,He told me to just sit on his back and he’d take me to a huge amount of cheese.
1290,670,28,65,250,343,1.3527696793002915,0.03383778549866314,640,I suppose I'm putting the cat before the horse
2718,671,25,59,225,309,1.3527508090614886,0.03559010758799788,640,"First, The Cats, then The Cheese, then...The World."
711,672,27,62,240,329,1.3525835866261398,0.03458826371470826,640,It's my new Attorney General !
2644,672,33,50,246,329,1.3525835866261398,0.0361600567853279,640,It's like the Republican idea of bipartisanship.
1537,674,35,53,261,349,1.3524355300859598,0.03510238690518473,640,"He asked that foreign hairdresser to put a little mousse on his back."""
2678,675,31,55,246,332,1.3524096385542168,0.03540717292786217,640,I took a thorn out of its foot.
234,676,28,55,232,315,1.3523809523809525,0.03595761812383523,640,"What, cat got your tongue?"
384,676,24,63,228,315,1.3523809523809525,0.03481477691434391,640,Guess what? You CAN teach an old cat new tricks.
3824,676,27,57,231,315,1.3523809523809525,0.0356753402051551,640,"Wish me luck, I am off to win the rat race"
1020,679,24,64,230,318,1.3522012578616351,0.03458172453880836,640,I control the catnip....
4552,680,27,78,270,375,1.352,0.031542179552293,640,He is not happy about losing that bet
1263,681,30,67,264,361,1.3518005540166205,0.03309254323357638,640,Catnip is a hell of a drug.
3510,682,27,67,250,344,1.3517441860465116,0.03350283734622959,640,What's wrong? Cat got your tongues?
4677,683,23,69,235,327,1.3516819571865444,0.033628908697060415,640,That old saying about herding cats—it’s so not true.
744,684,25,66,239,330,1.3515151515151516,0.03396168954117469,640,Anyone wanna try? The catnip will wear off soon.
1463,685,21,62,213,296,1.3513513513513513,0.03540542288956918,640,"I was going to train a dog, but I decided to challenge myself."
1550,685,28,61,244,333,1.3513513513513513,0.03453964665472752,640,It took me a while to get him mouse broken. The blinkers helped.
4281,687,23,75,247,345,1.3507246376811595,0.03239698340186077,640,The hardest part was finding a cat that thought he was a horse
1033,687,29,63,253,345,1.3507246376811595,0.033921626849560536,640,I told him I was heir to the catnip fortune
817,689,21,74,236,331,1.350453172205438,0.03277674544362957,640,You have no idea how much you can learn about cats on YouTube.
1903,690,24,69,241,334,1.3502994011976048,0.033391944217792346,640,Emissions? Kinda fishy...
924,691,25,74,255,354,1.3502824858757063,0.03232394475589718,640,"If you raise them from a kitten, anything is possible!"
1384,692,26,67,247,340,1.35,0.03349993072112716,640,"Well as you can see, he was no good at catching mice"
1522,693,20,73,230,323,1.3498452012383901,0.03302984466826774,640,Getting on and off is the tricky bit.
3141,693,21,71,231,323,1.3498452012383901,0.03331966834524636,640,"Once I got him on catnip, the rest was easy."
4794,693,29,55,239,323,1.3498452012383901,0.03555330613678218,640,Cats were our best friends before fake news.
4671,696,19,61,203,283,1.3498233215547704,0.035814860006068885,640,When you stop believing stereotypes anything is possible...
4889,697,26,69,251,346,1.3497109826589595,0.03308759689714758,640,"Once they get over the humiliation, they're pussycats."
2594,697,28,65,253,346,1.3497109826589595,0.03359015220805583,640,My Siamese is at the vet!
2765,699,25,72,252,349,1.3495702005730659,0.03263510164610116,640,B.F. Skinner would be very proud of me.
2853,699,29,64,256,349,1.3495702005730659,0.03362914663541031,640,"Don't expect me back soon. After I'm done exercising the cat, I have to feed the snake and sharpen the farm wife's carving knives."
1046,701,26,56,227,309,1.3495145631067962,0.03584050721677131,640,A little weed works wonders.
971,702,32,45,235,312,1.3493589743589745,0.03728897695461253,640,It's ok—his owner raised him a vegan.
3467,703,28,61,246,335,1.3492537313432835,0.034365059437623004,640,I told him the dog's my uncle.
4859,704,27,56,232,315,1.3492063492063493,0.03563303083283903,640,He's already lost all credibility in the cat world.
587,705,31,56,251,338,1.349112426035503,0.03490831113089498,640,I was listening to an NPR story on How to Train Your Cat and said 'why not?'
279,706,20,79,242,341,1.348973607038123,0.031831037453054996,640,Turns out you just have to scratch their bellies.
3609,707,28,64,252,344,1.3488372093023255,0.03371724772455886,640,It's amazing what speed-dating can lead to
2289,707,33,54,257,344,1.3488372093023255,0.034951456374464895,640,"It was easy, I just followed Putin's steps on ""How To Control Trump"", and it works on cats too!"""
3459,709,30,61,256,347,1.3487031700288183,0.03400186717352118,640,"If he doesn't eat me, I'll rate him 5 stars."
4558,710,35,59,276,370,1.3486486486486486,0.0335877267248043,640,10 miles per mouse and purrs like a kitten.
4364,711,31,53,246,330,1.3484848484848484,0.03551282771535964,640,"Hey ladies, check out my new Catillac."
1558,712,29,65,259,353,1.348441926345609,0.033342919520571515,640,I thought you were getting him a bike for Christmas.
4485,713,24,69,243,336,1.3482142857142858,0.033225517966871794,640,"Once the catnip wears off, it will be one wild ride"
4868,713,30,57,249,336,1.3482142857142858,0.03479288508113786,640,We just needed to overturn the dominant cultural paradigm.
2735,715,25,68,246,339,1.3480825958702065,0.03328262192441129,640,Taming by the shrew.
2400,716,22,68,232,322,1.3478260869565217,0.03365062676979228,640,it's the ability to tame and train the beasts that separates us from the animals
2878,716,29,62,254,345,1.3478260869565217,0.033884166665771535,640,Our safe word is tangerine.
398,718,25,72,254,351,1.3475783475783476,0.03247934650658544,640,With enough catnip you can make them do anything.
1391,719,28,67,259,354,1.347457627118644,0.03302170780871247,640,Why should we always be the blind ones?
428,720,26,63,242,331,1.3474320241691844,0.03410423907873695,640,Choose your irony
726,721,24,60,227,311,1.347266881028939,0.035058174251922654,640,They become real pussycats once you break them.
3528,722,25,59,230,314,1.3471337579617835,0.0351113054817894,640,"Sure, the squeaky blinders, all-season paws, and catnip-free fuel all ensure that he handles like a dream, but the heated seat alone is to DIE for."
78,723,26,66,248,340,1.3470588235294119,0.033460678856370295,640,It's called Upurr.
403,724,20,70,227,317,1.3470031545741326,0.03341221876237404,640,"""It's shaved 30 minutes off  my daily commute."
17,724,25,60,232,317,1.3470031545741326,0.034874125909573256,640,What he doesn’t know won’t hurt me.
684,726,26,59,235,320,1.346875,0.03492278694774363,640,"Worried? Are you kidding? Listen, I could stand in the middle of 5th Avenue..."
991,726,21,69,230,320,1.346875,0.03349087436530064,640,All I got to do is stay on for 8 seconds and I win.
490,728,21,71,234,326,1.3466257668711656,0.03306453831013908,640,"Alright, kittyup."
3426,729,20,65,218,303,1.3465346534653466,0.03445226992652062,640,"When you're a star, you can do anything."
1635,730,23,61,225,309,1.3462783171521036,0.03490418043927166,640,"It is a dangerous job, herding cats."
3312,731,33,51,254,338,1.3461538461538463,0.03536992440382966,640,"Since he's famous, Mickey just walks right up and grabs 'em.  When you're a star, they let you do it."
997,732,29,60,252,341,1.346041055718475,0.034144357040250164,640,Dont get off toward the front.
1417,733,30,62,261,353,1.3456090651558075,0.03354674107876636,640,All fun and games until it decides to climb the drapes!
3500,734,29,55,243,327,1.345565749235474,0.03518226393538567,640,He's pussy-whipped.
3056,735,29,65,262,356,1.345505617977528,0.033104734959323354,640,They are paying me $20 to take part in this lab study.  You should sign up too.
929,736,27,60,243,330,1.3454545454545455,0.03441884274513002,640,The rodeo starts when I pull off the blinders.”
3178,737,33,49,251,333,1.3453453453453454,0.03574845754494752,640,This is how you grab 'em by the pussy.
4648,738,20,68,225,313,1.3450479233226837,0.033673840046739345,640,"Maybe they can't be herded, but they CAN be broken."
3701,739,29,60,253,342,1.345029239766082,0.03405940587108682,640,It's a paradigm shift in the game of cat and mouse!
655,740,27,65,253,345,1.344927536231884,0.0333443219823577,640,This is easy!  The hard part was getting the blinders on.
2573,741,27,56,236,319,1.3448275862068966,0.03525292792438084,640,I called Uber and this is what I got.
468,741,24,72,252,348,1.3448275862068966,0.0323815757057685,640,The newest model is able to wash itself.
2235,741,21,58,211,290,1.3448275862068966,0.03581715910734441,640,I wanted this ride in black but the dealer said it was unlucky.
4678,744,29,53,240,322,1.34472049689441,0.035564539180141824,640,"The ride is great, but a ""flying dismount""  is less for show than for survival."
674,745,30,52,243,325,1.3446153846153845,0.035593339555764845,640,We're off to herd some cats!
2077,746,26,62,243,331,1.3444108761329305,0.03406285288588845,640,"It has a low safety rating, but this baby goes from 0 to 60 in two seconds."
4353,747,21,65,225,311,1.3440514469453375,0.034112162257877734,640,It's a cliche for a reason - keep your friends close and your enemies closer.
2255,748,17,74,223,314,1.3439490445859872,0.03266288032447346,640,Blinders AND catnip.
3553,748,24,60,230,314,1.3439490445859872,0.03477514909726069,640,So far we've knocked over 3 wine glasses and 2 Christmas trees.
3727,750,26,58,236,320,1.34375,0.03487936835710469,640,She is a nice ride until she gets hungry.
3415,751,24,63,236,323,1.3436532507739938,0.0340880530041658,640,So let's reach across the aisle just this once--what's the worst that can happen?
3748,752,33,46,247,326,1.343558282208589,0.03628858590052945,640,It’s easy! You just tell them you can make America great again!
1324,753,25,64,243,332,1.3433734939759037,0.03370704370476472,640,It was her idea. She wants to be a YouTube star.
4809,754,27,50,226,303,1.3432343234323432,0.036559048871820085,640,It's the logical conclusion of the #MeowToo movement.
2339,755,24,58,227,309,1.343042071197411,0.03515753112551707,640,"Apparently, it's been a false narrative all along."
2906,756,20,67,225,312,1.3429487179487178,0.03371623703658701,640,He's high on catnip.
3985,757,24,71,252,347,1.3429394812680115,0.03241977754480939,640,Your Uber driver is here!
3878,758,25,58,232,315,1.3428571428571427,0.03497206716026697,640,"When I want an adrenaline rush, I take the blinders off."
2457,759,27,56,238,321,1.3426791277258567,0.035065761533346305,640,Does a rat on a cat trump a cat in the hat?
1578,760,27,70,265,362,1.3425414364640884,0.032203390656440206,640,"It's amazing what reins, blinders, and heavy sedatives did for our relationship."
25,761,26,60,241,327,1.342507645259939,0.03433047461809789,640,"On a lark, I searched ""kitty blinders"" on Amazon."
3389,761,24,64,239,327,1.342507645259939,0.03377956097017526,640,I had to learn how to whisper without squeaking
441,763,25,65,246,336,1.3422619047619047,0.03340963383807987,640,...and it's eco friendly; runs on catnip.
3137,763,27,61,248,336,1.3422619047619047,0.033937298594545695,640,Amish barn cat.
376,763,22,71,243,336,1.3422619047619047,0.0326021276781654,640,This ain't my first rodeo.
3783,766,23,70,246,339,1.3421828908554572,0.032671349635172806,640,"I know, but if he sees a bird he goes nuts."
1080,767,20,77,245,342,1.3421052631578947,0.03167042138385024,640,Don't you just love the purr of a new engine?
2433,768,22,76,253,351,1.3418803418803418,0.031638778153771446,640,The trick is to keep your back straight
3095,769,25,57,231,313,1.34185303514377,0.03511583151863316,640,"Remember, NEVER try this without the blinders."
2127,770,25,58,233,316,1.3417721518987342,0.034878100473729676,640,"It's nice that cats can be service animals now, too."
3001,770,20,68,228,316,1.3417721518987342,0.03340688202866291,640,He seems nice enough but I'm a little afraid to get off.
3887,772,19,71,229,319,1.341692789968652,0.03289305542663898,640,Found the catnip.
760,773,31,62,270,363,1.3415977961432506,0.033062290109828925,640,I told him he could eat both of you for giving me a ride!
2634,774,17,77,231,325,1.3415384615384616,0.03189030801351523,640,He turned out to be a real pussycat.
3490,775,36,53,277,366,1.3415300546448088,0.033986644753915565,640,"Schrodinger's cat is a safe ride-sharing experiment, until he's not."
1496,776,27,58,243,328,1.3414634146341464,0.03451278615353311,640,"Whiskers knew the mice were taking advantage of him, but he couldn't shake his dream of running in the Kentucky Derby."
366,776,25,62,241,328,1.3414634146341464,0.03396819773197198,640,It's a mouse-and-cat game.
844,776,26,60,242,328,1.3414634146341464,0.03424157462236407,640,I told him I'd build a wall against invading dogs and now he'll do anything for me.
2544,779,25,63,243,331,1.3413897280966767,0.03375042910880711,640,Safer than an Uber!
3695,780,25,54,226,305,1.340983606557377,0.035755392160797206,640,He won't be able to see how we run.
618,781,23,73,253,349,1.340974212034384,0.032007360699552526,640,The blinders are critical.
1145,782,20,65,223,308,1.3409090909090908,0.03398410303370867,640,"He thinks he's a horse, but I'm not questioning it."
408,782,24,72,256,352,1.3409090909090908,0.032072465980925446,640,You wouldn't imagine how much trouble it was to find a saddle my size.
1653,784,30,61,264,355,1.3408450704225352,0.03334818000854048,640,Just download TabbyCabby. It's an app!
324,785,28,52,237,317,1.3406940063091484,0.03563518350092659,640,We bet on the midterm elections.
3720,786,20,69,231,320,1.340625,0.03310473592041631,640,He's actually just a big pussy.
4818,786,27,55,238,320,1.340625,0.035115108938798684,640,Canned food twice a day and an airtight no-neuter agreement.  It’s a win-win!
99,788,23,64,236,323,1.3405572755417956,0.033759879083158785,640,You call Uber
405,789,27,57,242,326,1.3404907975460123,0.03464994110824761,640,It makes for a better ride if they're vegan.
581,789,23,65,238,326,1.3404907975460123,0.03354267586275593,640,See?  They just need clear boundaries!
4122,789,21,69,236,326,1.3404907975460123,0.03297510343650721,640,What's a matter? Cat got your tongue?
2246,792,23,67,242,332,1.3403614457831325,0.033119291339594105,640,Hard to handle? Once you get him going he purrs right along.
2188,793,25,64,246,335,1.3402985074626865,0.033451598989047836,640,Yes -- THAT rich.
743,794,35,45,258,338,1.3402366863905326,0.03578605547680574,640,"First I sweet talk 'em, then slip the blinders on.  Learned the technique watching Trump rallies."
4003,795,29,59,256,344,1.3401162790697674,0.03385106493901235,640,"When I get off, all hell breaks loose!"
2988,796,28,64,261,353,1.339943342776204,0.03298682989205517,640,Dip the bit in catnip and he will put the bridle on himself.
2471,797,25,54,227,306,1.3398692810457515,0.03565576980222172,640,Wanna share an Upurr?
4025,798,32,58,269,359,1.33983286908078,0.03353558398098243,640,It's after midnight. Don't tell him that he's not a horse and I'm not Cinderella.
2899,799,31,65,278,374,1.339572192513369,0.03233696246039533,640,The Doberman owed me a favor.
3823,800,25,59,237,321,1.3395638629283488,0.03446118676301444,640,We’re going to visit the queen!
1021,800,18,73,230,321,1.3395638629283488,0.03242345691354326,640,Getting on and off is the only tricky part
1182,802,29,54,247,330,1.3393939393939394,0.03486680121422663,640,"Relax, we’re professional lab mice, and this is Pavlov’s cat. It’s a single blind, controlled experiment..."
849,803,29,59,257,345,1.3391304347826087,0.033767197384915446,640,Our mothers were very close.
3478,803,27,63,255,345,1.3391304347826087,0.03326438848135314,640,One blind cat sure beats the heck out of three blind mice.
1388,805,27,64,257,348,1.339080459770115,0.033060825759499965,640,My therapist suggested exposure therapy.
4528,806,33,53,265,351,1.339031339031339,0.03431464819328597,640,The elephant was too skittish.
3193,807,21,59,218,298,1.3389261744966443,0.03505622324292431,640,"It's ""Giddy-up"" and ""Whoa"", just like the dog."
3743,808,21,63,226,310,1.3387096774193548,0.034107639570243424,640,My blind date's taking me to dinner!
1835,809,26,56,237,319,1.3385579937304075,0.034882817443998584,640,Now who’s the blind one?
4806,809,26,56,237,319,1.3385579937304075,0.034882817443998584,640,They finally domesticated cats.
231,811,31,51,252,334,1.3383233532934131,0.035067048794919085,640,We finally took back the House!
691,812,21,74,248,343,1.338192419825073,0.031819450752156635,640,"Irony aside, these things handle amazingly well."
24,813,23,71,252,346,1.3381502890173411,0.03215689111502994,640,Guess I'm the cat's meow.
3094,813,28,61,257,346,1.3381502890173411,0.03343409619706297,640,Check this out!  I gave him an Ambien!
497,815,23,61,233,317,1.337539432176656,0.03415883292912099,640,"Oh, I guess he's taking the FE-line."
3778,815,24,59,234,317,1.337539432176656,0.034449840727440326,640,"Lucky for me, this is his fetish."
4762,817,28,53,242,323,1.3374613003095974,0.035110994548966344,640,"Hop on, we're meeting his family for lunch"
1869,817,25,59,239,323,1.3374613003095974,0.0342796289177055,640,How long before you think we'll hear from PETA?
4267,819,19,72,235,326,1.3374233128834356,0.03235063846637185,640,Catnip is the great equalizer.
3942,819,22,66,238,326,1.3374233128834356,0.03321436880719303,640,Community service!
4193,819,21,68,237,326,1.3374233128834356,0.03292897609351766,640,"I know what you're thinking, but with Uber and Lyft jacking up their prices I'm willing to risk it."
3580,822,21,69,239,329,1.337386018237082,0.032722794854028354,640,Secretaricat
548,823,27,58,247,332,1.3373493975903614,0.034157772553505,640,Beats scampering.
2415,823,27,58,247,332,1.3373493975903614,0.034157772553505,640,The saddle was relatively easy.  It was getting the blinders on that got Mickey.
4021,823,26,60,246,332,1.3373493975903614,0.0338903192497739,640,Now THIS is what I call playing cat & mouse!
1972,826,23,67,245,335,1.337313432835821,0.03286911595302497,640,I heard those things are real death traps.
4480,827,29,56,253,338,1.3372781065088757,0.0342412118515768,640,Don't worry...it's not Uber Eats
3418,828,20,79,254,353,1.3371104815864023,0.030931626043979425,640,What it can't see won't kill me.
4465,829,23,48,208,279,1.3369175627240144,0.0373722606427813,640,Those self-help seminars are wildly effective.
1641,830,25,53,228,306,1.3366013071895424,0.035607125829396326,640,I call him Secritaricat.
4133,831,24,58,233,315,1.3365079365079364,0.03458817300699724,640,I love typos. They tried to order a house cat.
4342,832,20,68,233,321,1.3364485981308412,0.0329707034182879,640,That stuff you've read about cats and mice is fake news.
374,833,33,46,254,333,1.3363363363363363,0.03562743981898471,640,"Well, I’m off to my high school reunion!"
545,833,29,54,250,333,1.3363363363363363,0.034597007817305916,640,I have harnessed the ability to pussyfoot.
1229,835,23,69,250,342,1.3362573099415205,0.0323874661425521,640,He's undergoing a mid-nine lives crisis.
3813,836,29,59,260,348,1.3362068965517242,0.03351796309355291,640,Hello ladies
4228,837,21,77,256,354,1.3361581920903955,0.03111706534594304,640,"It's not a house cat, it's a mouse cat."
2925,837,27,65,262,354,1.3361581920903955,0.032623625620374005,640,I let the cat out of the bag and here I am!
19,839,28,66,269,363,1.3360881542699725,0.032288533417909604,640,"Once you break them, they purr like a kitten."
4437,840,25,52,227,304,1.3355263157894737,0.03575780703200943,640,"You know, just because we're blind doesn't mean we can't ride horses."
951,841,31,41,235,307,1.3355048859934853,0.03726322877185579,640,"On the Intercat, nobody knows you're a mouse"
4404,842,30,46,240,316,1.3354430379746836,0.036200255369200005,640,I’ll be back when she decides it’s time.
3106,843,22,63,234,319,1.335423197492163,0.03368581763790416,640,Can I keep him?
134,844,23,62,237,322,1.3354037267080745,0.03375582145134827,640,We're going to chase the farmer's wife.
1742,844,22,64,236,322,1.3354037267080745,0.0334679848670835,640,you just need to project an air of supreme confidence
2225,844,24,60,238,322,1.3354037267080745,0.03404122431181461,640,"This is English, but I can also ride Western."
3987,847,30,51,250,331,1.3353474320241692,0.034996035014988144,640,I called Uber and this is what they sent.
4160,847,21,69,241,331,1.3353474320241692,0.0325566056873825,640,The hard part is getting on.
1521,849,22,69,246,337,1.3353115727002967,0.03243315103579238,640,Look what the cat dragged in boys. Me.
1682,849,23,67,247,337,1.3353115727002967,0.03270431374606819,640,Enjoying my last wish
1297,851,25,64,251,340,1.3352941176470587,0.033033941419191575,640,All you have to do is download the app.
3364,851,34,46,260,340,1.3352941176470587,0.03531869119661299,640,We’ll be back when he’s hungry.
2200,853,30,55,258,343,1.3352769679300291,0.034104819350763954,640,Now it’s truly the blind leading the blind.
3581,854,26,66,260,352,1.3352272727272727,0.032492700081964074,640,UBER and PETA settled out of court ... get on!
1979,855,29,44,232,305,1.3344262295081968,0.036847358549519295,640,You guys want anything from the kitchen?
2992,856,20,64,227,311,1.3344051446945338,0.03365842209900637,640,I'm going to see how he runs. See how he runs.
952,857,18,70,229,317,1.334384858044164,0.03261475812976178,640,The only problem is getting off.
641,858,24,59,237,320,1.334375,0.034174930745470136,640,"Nah, it was easy. They keep the Prozac right next to the catnip."
1218,858,21,65,234,320,1.334375,0.03330388058455944,640,"With the right accessories, herding cats really isn't that difficult."
3361,860,27,54,242,323,1.3343653250773995,0.03479075950897208,640,You just lead it where it wants to go.
4822,860,24,60,239,323,1.3343653250773995,0.03395155324472178,640,Hardest part is putting the blinders on.
258,862,21,67,238,326,1.334355828220859,0.03288190356570117,640,And you laughed at me when I signed up for hypnosis in college.
4152,863,25,60,244,329,1.3343465045592706,0.03379162308423809,640,"And I asked, ""why not?"""
194,864,26,61,251,338,1.334319526627219,0.03342009091139031,640,You guys get back to the stable. Those litter boxes aren't going to clean themselves.
2024,864,22,69,247,338,1.334319526627219,0.032352266168217646,640,It's not like I'm trying to herd a bunch of them.
1168,866,24,66,251,341,1.3343108504398826,0.032688798632898954,640,The only way to free yourself is to take control of your fear.
1908,867,26,63,255,344,1.3343023255813953,0.033007953427546,640,Did either of you order an Uber?
4319,867,23,69,252,344,1.3343023255813953,0.032228466986950116,640,I figure this experiment will be a lot more fun than the ones we usually face in the lab.
2866,869,24,70,259,353,1.3342776203966005,0.03191401044252763,640,Watch and learn boys.
4383,870,28,63,265,356,1.3342696629213484,0.03271028722874194,640,We got tried of the rat race.
54,871,32,57,273,362,1.3342541436464088,0.03325898921296999,640,It has 300 horsepurr.
3337,872,21,61,227,309,1.3333333333333333,0.034099955836477354,640,She's perfect safe.  Just listen to that engine purr!
3132,872,25,65,255,345,1.3333333333333333,0.032669493559888726,640,One blind cat is better than Three Blind Mice!
2909,872,24,66,252,342,1.3333333333333333,0.03260773253630123,640,It's just like riding a carnivorous bicycle
2717,872,26,65,260,351,1.3333333333333333,0.03253000243161777,640,"OK, fetch the laser pointer."
159,872,28,53,246,327,1.3333333333333333,0.03474164263064477,640,If I weren't a cartoon this would probably kill me.
494,872,24,52,224,300,1.3333333333333333,0.03575381366202309,640,This only works when they're on their ninth life.
168,872,26,57,244,327,1.3333333333333333,0.03419735347229897,640,It was a bet. She had the Dodgers in seven.
4352,872,15,73,221,309,1.3333333333333333,0.03219812856862064,640,"On a cat with blinders, no one knows you're a mouse."
1350,872,25,73,271,369,1.3333333333333333,0.031178116334068126,640,The blinders help. She thinks I'm a chihuahua.
4395,872,27,64,263,354,1.3333333333333333,0.03258306426321309,640,No worries! He was rated four stars on Uber!
3963,882,30,56,263,349,1.332378223495702,0.03364036944454483,640,Dog and pony has nothing on us.
3031,883,27,61,258,346,1.3323699421965318,0.03309930284666481,640,"All that time running, and it turned out he was the one who wanted to be caught!"
2508,884,23,68,252,343,1.3323615160349853,0.03226390293124037,640,"Well, I'm off to the birds of prey convention."
3395,885,17,79,244,340,1.3323529411764705,0.030814626247295807,640,"The only difference is I say ""Kitty Up!"" instead of ""Giddy Up."""
4245,886,25,62,250,337,1.3323442136498516,0.033195824546740846,640,Craig's parents knew they'd never see him again once his uber arrived.
4158,887,20,70,241,331,1.3323262839879153,0.032227009489446554,640,What they don’t see can’t hurt you.
115,888,19,71,238,328,1.3323170731707317,0.03213770516911354,640,Only seems crazy until you do it.
4758,889,25,58,242,325,1.3323076923076924,0.03405358177110455,640,I told him he'd go viral.
133,890,22,61,233,316,1.3322784810126582,0.03385824784737484,640,And he thought we were blind!
4617,891,19,66,228,313,1.3322683706070289,0.03316971951385613,640,"...except in this case, if you don't get right back in the saddle, you get eaten !'"
908,891,35,34,244,313,1.3322683706070289,0.03778771138201989,640,He gets more pussy than any mouse I’ve ever seen
65,893,21,61,228,310,1.332258064516129,0.034006781831142086,640,I'm handling the 'cat's away' part...
2798,894,25,52,230,307,1.3322475570032573,0.0354580469853199,640,I finally have an edge in the rat race.
1933,895,24,53,227,304,1.332236842105263,0.03540199411210012,640,"Yeah, payback's a bitch."
1499,896,21,57,220,298,1.332214765100671,0.0349500707968442,640,I told him we had a compromising litterbox video.
4429,897,27,68,273,368,1.3315217391304348,0.03168106587125545,640,Amazing what you can accomplish with catnip and a little positive reinforcement.
2011,898,19,79,255,353,1.3314447592067988,0.03058324407613562,640,"Really, they're not that bad, once you've domesticated them."
3516,899,24,66,254,344,1.3313953488372092,0.03244674287818311,640,"Judge me all you want, but the mileage on this thing is incredible."
623,900,28,56,254,338,1.331360946745562,0.033898143077834,640,"Just call me ""the Cat Whisperer"""
1418,901,19,73,243,335,1.3313432835820895,0.0316695015563305,640,Just try to stay in his blind spots!
2395,901,16,79,240,335,1.3313432835820895,0.030811251739145954,640,It’s quite safe. He’s catatonic.
4033,903,22,65,242,329,1.331306990881459,0.032911618088109273,640,The odds of getting in a car crash are way higher
4675,903,26,57,246,329,1.331306990881459,0.034019245804752705,640,"C’mon, it’s just like riding your greatest fear."
1705,905,24,60,242,326,1.3312883435582823,0.03368522345682943,640,"Be careful, he can't see me, but he can see you..."
2148,905,22,64,240,326,1.3312883435582823,0.033120093930286074,640,He didn't go into specifics but the dealer assured me it runs on organic fuel that's abundant in our community.
1844,907,22,63,238,323,1.3312693498452013,0.033332173381657816,640,Isn't this the cat's meow?
3704,908,29,48,243,320,1.33125,0.035533261273626604,640,That Tony Robbins seminar was totally life changing.
2382,908,20,66,234,320,1.33125,0.032958767700546066,640,"He was just about to eat me, and we got to talking, and before we knew it, we realized that we both shared a keen interest in Equestrianism!"
1518,910,23,58,233,314,1.3312101910828025,0.034289074429256335,640,What? I found these in Sessions' office after he left. Guess he didn't need them anymore.
1905,910,33,38,243,314,1.3312101910828025,0.037138075980942716,640,When you're a star you can do anything..he just walked right up and grabbed it!
3161,912,22,75,263,360,1.3305555555555555,0.030933066498135844,640,"Gotta face your fears, man."
3317,913,22,69,251,342,1.3304093567251463,0.03203251575986085,640,Staying on the saddle is easy. Getting the blinders on was the hard part.
3541,914,31,50,258,339,1.3303834808259587,0.034577804039453625,640,I bet Geico doesn't cover that...
2673,915,22,66,245,333,1.3303303303303304,0.03262346037203187,640,Herding cats isn’t so difficult if you have the right mount.
4257,915,17,76,240,333,1.3303303303303304,0.0312063818627652,640,Dismounting is going to be the tricky part.
74,917,26,56,245,327,1.3302752293577982,0.03415118448476593,640,After six long years we finally took back the house.
3171,917,26,56,245,327,1.3302752293577982,0.03415118448476593,640,It works better when we aren't the blind ones.
340,919,26,55,243,324,1.3302469135802468,0.034375351022647355,640,The blind leading the blind
551,919,23,61,240,324,1.3302469135802468,0.03353105848701896,640,They call him The Cat Whisperer.
4834,921,27,52,242,321,1.3302180685358256,0.034883663566100086,640,Therapy's really helping me take control of my felines.
778,921,21,64,236,321,1.3302180685358256,0.03316696479761627,640,They are nowhere near as smart as you would think.
2093,923,22,57,227,306,1.3300653594771241,0.034589540142799996,640,Did you call for an uber?
4503,924,16,68,219,303,1.33003300330033,0.03289164335027147,640,"""On the advice of our therapist, we negotiated our boundaries."""
329,925,28,59,262,349,1.329512893982808,0.03310522232841274,640,It isn't cruel - they like to work!
2390,926,18,75,244,337,1.3293768545994065,0.03123035897385441,640,He's cool.  He just ate a canary.
2621,927,32,45,254,331,1.3293051359516617,0.03542883339143505,640,You said get some pussy.
2744,928,24,60,244,328,1.329268292682927,0.03350987565107569,640,Only drawback is you have to keep it pointed upwind.
3780,929,25,57,243,325,1.3292307692307692,0.03400635487400534,640,It's a Purrus
2242,930,26,54,242,322,1.329192546583851,0.03451107082687769,640,The biggest problem was getting it to eat hay.
3465,931,22,61,236,319,1.329153605015674,0.0335875156409285,640,I just want to say one word to you.  Catnip.
4802,932,23,57,233,313,1.329073482428115,0.03433194771697291,640,"Actually, it's quite easy once you get the catnip dosage right."
4833,933,18,66,226,310,1.3290322580645162,0.03301951288726786,640,I know a guy.
797,934,27,61,262,350,1.3285714285714285,0.03277508484768121,640,"I know the saddle is superfluous, but it does add to the humiliation."
713,935,28,57,259,344,1.3284883720930232,0.03343216704747298,640,"We're cartoon mice, we always win over symbolic oppression."
4854,936,22,67,249,338,1.3284023668639053,0.03226061194968133,640,How do you like my new catillac boys?
292,937,17,76,242,335,1.328358208955224,0.031051031633588317,640,"They're the best. I've passed 3 dogs, 2 cat toys and a cucumber. Not even a twitch."
1451,937,25,60,250,335,1.328358208955224,0.03327407628208217,640,You gotta love this Virtual Reality stuff!
1686,937,25,60,250,335,1.328358208955224,0.03327407628208217,640,He wanted a pony but his mom said no.
3573,940,27,55,250,332,1.3283132530120483,0.034023905906982094,640,"All I can say is ""Kittyup!""|"
2475,941,25,57,244,326,1.3282208588957056,0.033916919299973855,640,Guess what she uses for fuel guys?
489,941,22,63,241,326,1.3282208588957056,0.0330715425815398,640,"Doesn't respond to a damned thing, actually. But this beats getting eaten."
2396,941,22,63,241,326,1.3282208588957056,0.0330715425815398,640,It's the new self-cleaning model.
2328,944,26,54,243,323,1.328173374613003,0.03441915195605458,640,"Actually, it's a great job.... My only fears are (1) Uber switching to driverless cats and (2) his meds wearing off before my shift is over."
3625,945,24,56,237,317,1.3280757097791798,0.0343041864068657,640,and he thought we three were blind
4240,946,26,51,237,314,1.3280254777070064,0.0351186878163306,640,Hope nobody has a laser pointer handy
1473,947,17,67,224,308,1.327922077922078,0.03282461533264342,640,And you thought hypnosis was a sham.
1885,947,23,55,230,308,1.327922077922078,0.03470395212988292,640,Uber!  Who knew?
187,949,29,40,230,299,1.3277591973244147,0.037286890610815845,640,The didn't want a dog and pony show.
3871,950,21,75,261,357,1.3277310924369747,0.03081160962022668,640,What doesn't kill you makes you stronger.
4392,951,16,65,215,296,1.3277027027027026,0.03336606158867881,640,He handles much better than my dog.
2694,952,25,59,249,333,1.3273273273273274,0.033398574128275085,640,Want to take a spin on my Mouserati?
4376,953,18,72,240,330,1.3272727272727274,0.0316350868242884,640,"All you need is a dream in your heart, the determination to pursue your passion and some super glue."
1663,954,26,54,244,324,1.3271604938271604,0.03432770195582385,640,We're going out for dinner.
2353,955,18,68,232,318,1.3270440251572326,0.03242529769173251,640,"No worries, I’m a cat whisperer."
410,956,19,65,231,315,1.326984126984127,0.032939842306977156,640,They don't call me the cat whisperer for nothing.
3200,957,16,87,261,364,1.3269230769230769,0.029126704616064876,640,No eye contact is the key
3784,958,19,63,227,309,1.3268608414239482,0.03337119928482415,640,But you can herd WITH a cat.
2603,959,24,65,257,346,1.3265895953757225,0.03224261089454457,640,This guy is a total pussy
2510,960,21,70,252,343,1.3265306122448979,0.03163929339078464,640,She wonders if you'd like to come for dinner!
1803,960,22,68,253,343,1.3265306122448979,0.031907590202880476,640,It will be OK until I run out of sushi-grade tuna.
855,962,27,53,248,328,1.326219512195122,0.034287616384172014,640,"It's legal here now. Just make sure you buy Fancy Feast, cannabis flavor."
4468,962,26,55,247,328,1.326219512195122,0.03401460953542699,640,"When I rev her up, she purrs like a kitten."""
2584,964,25,56,244,325,1.3261538461538462,0.0339582018238332,640,"I convinced him my name is ""Curiosity."""
1609,965,26,52,241,319,1.3260188087774294,0.034692718930955754,640,"Sidesaddle? Nah, that would look ridiculous."
1213,966,24,70,268,362,1.3259668508287292,0.03123980822490904,640,Getting on is easy; getting off is the hard part.
1356,967,26,51,239,316,1.3259493670886076,0.034926832328952974,640,I just gave him catnip. This was HIS idea.
2691,967,27,49,240,316,1.3259493670886076,0.03521329353653973,640,I suggest you stay away from my cheese.
3239,969,27,62,267,356,1.3258426966292134,0.032342995712594545,640,"First prize, as you all know, is a Catillac."
3875,970,24,67,262,353,1.3257790368271956,0.031785162754206966,640,Total pussy.
1948,970,25,65,263,353,1.3257790368271956,0.03203735902858112,640,"We lost the first four prototype mice, then we put the blinders on."
1764,972,16,66,219,301,1.3255813953488371,0.03295908790760374,640,"You say 'mixed-breed' - I say 'hybrid."""
639,973,23,65,253,341,1.3255131964809383,0.03228784674389716,640,The hypnotist course paid off
1036,974,28,51,250,329,1.325227963525836,0.03446753072768314,640,Bet all the cheese.
4598,974,27,53,249,329,1.325227963525836,0.034197617672538615,640,I tamed my fear.
3569,976,20,66,240,326,1.3251533742331287,0.03244536444125995,640,"Once you get to know him, he's just a big pussy cat."
580,977,31,43,249,323,1.325077399380805,0.03574202548373303,640,Uber for mice
1275,978,22,60,238,320,1.325,0.03344742751727719,640,We're going to have fun with the dog!
210,979,21,61,235,317,1.3249211356466877,0.03336789107058123,640,"Now that she has been stuffed, I am living my fantasy."
1511,980,23,66,256,345,1.3246376811594203,0.032014776315198196,640,"He only offers one-way trips, but the price is unbeatable."
4207,981,18,74,247,339,1.3244837758112094,0.0310272234593691,640,Until recently I never appreciated how important peripheral vision is.
4470,981,24,62,253,339,1.3244837758112094,0.032671349635172806,640,I know I look awesome but he’s stuffed
1722,983,26,57,253,336,1.3244047619047619,0.03340963383807987,640,It's so he can't see the dogs.
812,984,24,60,249,333,1.3243243243243243,0.0330790492207608,640,It beats herding them!
2915,985,27,63,271,361,1.3240997229916898,0.03200015538517073,640,You guys want to come over and watch me feed him?
3649,986,17,71,236,324,1.3240740740740742,0.0316711205478359,640,And I get great meowlage!
4748,987,21,51,215,287,1.32404181184669,0.03574287446404643,640,Jerry and I have been going to couples counseling.
2173,988,24,56,241,321,1.32398753894081,0.03393708903214616,640,Like the new ride? You should hear it's purr.
229,988,25,54,242,321,1.32398753894081,0.03422274706916788,640,"He was tired of the old cat and mouse game, so we're trying something new."
2772,990,25,65,265,355,1.323943661971831,0.03188296200604112,640,And you guys said that hypnotism class was a waste of time.
3262,991,27,49,242,318,1.3238993710691824,0.03502139450861032,640,The blinders option was highly recommended.
807,992,19,64,232,315,1.3238095238095238,0.03288620781969504,640,I’m sort of a thrill junkie.
3472,992,24,54,237,315,1.3238095238095238,0.03438901971109686,640,They threw in the side blinders with the 9-lives warranty
834,994,31,50,265,346,1.323699421965318,0.033969673501040826,640,"And the best part is, I've got him thinking we're making America great again!"
1517,995,26,59,258,343,1.3236151603498543,0.03291366905666306,640,He said it would be the ride to end all rides! And it's free!
2201,995,21,69,253,343,1.3236151603498543,0.03159212685682166,640,"When it's time for us to come back, just open a can of something."
4874,997,24,61,252,337,1.3234421364985163,0.032789940896250966,640,Evolve.
3068,998,20,68,246,334,1.3233532934131738,0.031885513109060355,640,So. What do you think of the new world order?
1961,998,17,74,243,334,1.3233532934131738,0.031028048351410483,640,This one gets 10 blocks on one bowl of food.
122,1000,23,71,268,362,1.3232044198895028,0.030950552380869096,640,It's amazing what LSD mixed with catnip can do!
1193,1001,26,64,269,359,1.3231197771587744,0.03186740087640306,640,"I got a book on hypnosis from Amazon; until some idiot snaps his fingers, she’s Sea Biscuit, and we’re in training for the Kentucky Derby."
592,1002,31,43,251,325,1.323076923076923,0.03554980229587252,640,"Hey, when you're a star, they'll let you do anything!"
3147,1002,21,63,241,325,1.323076923076923,0.03276972566270225,640,Karma
746,1004,28,58,267,353,1.3229461756373937,0.032739162411689005,640,He thinks I'm a kitten
3305,1004,26,62,265,353,1.3229461756373937,0.03224377693430758,640,"I'd give you guys a lift, but my ride says he only wants to have dinner with me."
2931,1006,21,61,237,319,1.322884012539185,0.03318953427678055,640,"Yes, he's house broken. We're on our way to the litter box."
4074,1007,29,44,243,316,1.3227848101265822,0.0357299874177827,640,I call it a Catillac by General Meowtors.
1167,1008,25,61,258,344,1.322674418604651,0.03257216591503863,640,Who’s blind now?!
176,1008,22,67,255,344,1.322674418604651,0.03178199312898253,640,"As long as I don't squeak, I'm fine."
3548,1010,25,60,256,341,1.3225806451612903,0.032771487720049494,640,Can we keep him if I promise to clean up after him and feed him?
3605,1011,19,70,246,335,1.3223880597014925,0.03152258170167234,640,He's terrified of curiosity.
584,1012,23,59,244,326,1.322085889570552,0.03325661825578717,640,I guess it's probably safer than that Ford Pinto he was driving around for a while.
3654,1012,24,57,245,326,1.322085889570552,0.03353922310525299,640,Who knew?
1095,1014,24,66,264,354,1.3220338983050848,0.03166401550891358,640,Which room doesn't have a mirror?
1556,1015,18,68,237,323,1.3219814241486068,0.03200177086574117,640,"""It's amazing what you can do if you show no fear."""
2294,1016,26,61,264,351,1.3219373219373218,0.03235701870556482,640,"Boys, wish me luck!  On my way to meet with the Farmer's wife."
3700,1017,22,57,235,314,1.321656050955414,0.03383481884171691,640,Still think motivational posters are stupid?
86,1018,21,58,232,311,1.3215434083601285,0.033754401214175465,640,Getting the blinders on is the hardest part.
2322,1018,23,54,234,311,1.3215434083601285,0.03436348459300946,640,I don't really want her to see how we run...
3482,1018,20,60,231,311,1.3215434083601285,0.03344570025136708,640,Did you ever see such a sight in your life as one blind cat?
1104,1021,21,75,268,364,1.3214285714285714,0.030310462434774022,640,It's more of a mouse-and-cat game now.
2014,1021,28,52,256,336,1.3214285714285714,0.0338909097821902,640,Uber for Sebastian?
2292,1023,15,77,241,333,1.3213213213213213,0.030466454981565704,640,They're more afraid of us than we are of them
2383,1024,25,65,268,358,1.3212290502793296,0.03165401864492454,640,"Trust me, guys. This is how they did it on YouTube."
1554,1025,22,61,244,327,1.3211009174311927,0.03288536014085634,640,"i'm going into town, need anything?"
2234,1026,24,56,244,324,1.3209876543209877,0.03366667460678883,640,"Pardon me, do you have any Grey Poupon?"
4801,1027,23,66,260,349,1.320916905444126,0.03170148129345802,640,"It'll be ok, just don't get ahead of me."
2787,1028,18,67,236,321,1.320872274143302,0.032116136449400715,640,"I found her on Craigslist."""
2332,1029,26,50,242,318,1.320754716981132,0.03468620672840099,640,"We’re into bondage, leather, and the occasional hairball."
4779,1029,22,58,238,318,1.320754716981132,0.03352271739687845,640,"He moved my cheese, so I removed his sense of dominance."
2920,1031,18,74,251,343,1.3206997084548104,0.030722664057081406,640,It beats taking the subway.
4077,1031,21,68,254,343,1.3206997084548104,0.03154410191501254,640,Never seen an Uber cat?
598,1033,23,63,254,340,1.3205882352941176,0.0322739717375681,640,He's the cat whisperer.
880,1033,26,57,257,340,1.3205882352941176,0.033070613426964435,640,I told you he was domesticated.
1443,1035,28,44,240,312,1.3205128205128205,0.035740738997307904,640,I broke his spirit the same way Trump broke the Republican Party.
4773,1036,22,64,251,337,1.3204747774480712,0.03219797819218591,640,It's a start-up!
3928,1036,20,68,249,337,1.3204747774480712,0.031644653524457965,640,We got bored with playing cat and mouse.
293,1038,25,66,271,362,1.3204419889502763,0.03139774625489802,640,The hardest part was getting him to switch to oats.
59,1039,24,59,251,334,1.3203592814371257,0.032945572874448034,640,"In the end, it just took some belly rubs and letting her sleep on the windowsill."
365,1040,25,48,233,306,1.3202614379084967,0.03534804662712261,640,"I don't know Jerry, this seems like a bad idea. Not even the humans have successfully tamed that beast."
3612,1041,24,58,249,331,1.3202416918429003,0.03315263399146066,640,Just don't ask me what he eats.
4446,1041,22,62,247,331,1.3202416918429003,0.032595661741629624,640,This could be a paradigm shift in the cat and mouse game
4696,1043,20,57,226,303,1.3201320132013201,0.0340267088629425,640,"With a bit of devisive rhetoric, I demonized the dog and we're on the same side now."
4001,1044,25,55,248,328,1.3201219512195121,0.03364152232485694,640,Who’s not seeing how we run now?
1199,1045,31,42,252,325,1.32,0.03550209656342651,640,It's the best way to win the rat race.
965,1045,25,54,246,325,1.32,0.033859101382623054,640,We just simply believe that our friendship transcends history
2065,1047,24,63,260,347,1.319884726224784,0.032071407791415256,640,We're finalists in the Cat and Mouse Games.
3904,1047,34,43,270,347,1.319884726224784,0.034571025407797384,640,He lost his bet on the midterms.
224,1049,25,60,259,344,1.319767441860465,0.032525615032215044,640,Who says you can't teach an old cat new tricks?
4556,1050,30,42,247,319,1.3197492163009403,0.03571363344800302,640,For some reason I just don’t trust Uber.
316,1051,22,57,237,316,1.3196202531645569,0.033651040846219796,640,Don't act like you can't SEE this!
3025,1052,23,62,253,338,1.319526627218935,0.032388775039900494,640,It's carbon neutral.
3191,1052,19,70,249,338,1.319526627218935,0.031285769900689486,640,I also turned him into a vegetarian.
4907,1054,24,52,237,313,1.3194888178913737,0.03447269198506919,640,Three mice on a blind cat - what a great selfie!
957,1055,16,75,244,335,1.319402985074627,0.030607966667718624,640,"See?  I told you guys it's nurture, not nature."
4354,1056,23,52,232,307,1.3192182410423452,0.03463889768179722,640,Put $2 on Catbiscuit in the 4th.
266,1057,24,65,265,354,1.3192090395480225,0.03161864875178966,640,No playing while I'm away.
3765,1057,22,69,263,354,1.3192090395480225,0.031108346435174572,640,He's really just a big pussycat.
62,1059,28,56,267,351,1.3190883190883191,0.032811806379231846,640,"That was easy, he's watching Fox News"
2307,1060,16,72,238,326,1.3190184049079754,0.031152487069026243,640,That which does not kill me makes me stronger.
4134,1061,21,61,241,323,1.3188854489164086,0.03283822946039437,640,Who says cats can't be trained.
4906,1061,22,59,242,323,1.3188854489164086,0.03312972945740472,640,"When I pull the blinders, run like hell!"
3888,1063,26,58,261,345,1.318840579710145,0.032703117611562756,640,Don't worry.  The app says you can trust the driver not to eat you.
523,1064,25,52,243,320,1.31875,0.034212980244950585,640,Schroedinger said it was ok
79,1064,25,52,243,320,1.31875,0.034212980244950585,640,He promised it’s a dinner date!
396,1064,21,60,239,320,1.31875,0.033047815529702804,640,Three blocks of cheddar says he'll be dead in the morning.
939,1067,24,61,257,342,1.3187134502923976,0.032378175195605874,640,It lasts an hour and he drops me off at the Plaza.
2207,1067,26,57,259,342,1.3187134502923976,0.032903572372026485,640,He likes my position on milk subsidies.
2780,1067,20,69,253,342,1.3187134502923976,0.03130093508682564,640,Sometimes you're the bug and sometimes you're the windshield.
199,1070,23,55,239,317,1.3186119873817035,0.03385602422755667,640,"Now, who's the big cheese?"
1442,1071,29,50,260,339,1.3185840707964602,0.03388894611541419,640,Xanax!
1579,1071,23,62,254,339,1.3185840707964602,0.03230684412670735,640,"Pretty much puts the whole ""nature vs nurture"" thing to bed, don't you think?"
2919,1073,21,51,220,292,1.3184931506849316,0.03521611627749935,640,Easy. He's a Trump supporter. I told him I would build a wall to keep out dogs.
4513,1073,15,63,214,292,1.3184931506849316,0.03315044275069947,640,After the maze he's taking me to Fancy Feast for dinner!
3816,1075,19,69,248,336,1.318452380952381,0.03139235100834247,640,"I hypnotized him, he thinks he's a horse."
633,1075,26,55,255,336,1.318452380952381,0.03331452853161391,640,I slipped him a Mickey.
1059,1077,18,63,230,311,1.3183279742765273,0.03276263125432723,640,I know where she really likes to be scratched...
2844,1077,29,41,241,311,1.3183279742765273,0.03607744590409075,640,"Three blind mice, huh?  Fake mews!"
1932,1079,19,68,246,333,1.3183183183183182,0.03158016576023734,640,I told you; the squeak shall inherit the earth
709,1080,16,73,241,330,1.3181818181818181,0.03088914613134342,640,Mom!  Dad!  I trained him myself!
3758,1080,23,52,233,308,1.3181818181818181,0.03454180293786982,640,"...and when he purrs, it just like having a massaging recliner."
736,1082,20,64,243,327,1.3180428134556574,0.0322573880483251,640,Should we tell him what happened to her last passenger?
2766,1083,21,68,257,346,1.3179190751445087,0.03131114632484931,640,Don't tell him.
4738,1084,25,53,246,324,1.3179012345679013,0.03389845641948333,640,He's an Uber cat.
2982,1085,21,54,227,302,1.3178807947019868,0.03438619066984865,640,"Yeah, it's a new app, UberCat."
209,1086,22,65,256,343,1.3177842565597668,0.031764728417169145,640,Why herd them when you can tame them?
1171,1086,25,59,259,343,1.3177842565597668,0.032559887135506616,640,I'm training him to herd cats.
706,1088,24,52,239,315,1.3174603174603174,0.034283392605351785,640,I'm loving Uber's expansion into new business markets!
3804,1088,18,64,233,315,1.3174603174603174,0.03246580653882858,640,I got the idea from a TED talk.
1140,1090,23,67,266,356,1.3174157303370786,0.031213777547460093,640,"It's fun, but he's eating me out of house and home."
2358,1091,23,60,251,334,1.3173652694610778,0.03262164143306287,640,She wants to play with me before she kills and eats me.
2236,1092,25,49,238,312,1.3173076923076923,0.03481138571580979,640,"Alright, now! We'll see how HE runs."""
2606,1093,23,59,249,331,1.3172205438066464,0.032824809540924794,640,she thinks I'm the dog
475,1093,25,55,251,331,1.3172205438066464,0.03337795825983074,640,"Relax, he thinks he's a horse."
2707,1095,21,56,232,309,1.3171521035598706,0.033829642771976885,640,Wish me luck.  On my way to herd some cats.
248,1096,16,71,238,325,1.3169230769230769,0.031177725246363485,640,"Yes, I have a purrmit."
1786,1097,27,55,262,344,1.316860465116279,0.0329960089003011,640,"It was easy: I just convinced him that he's a god, not a cat."
1981,1097,21,67,256,344,1.316860465116279,0.03141710987752575,640,"If  he'd won the bet, I'd be a grilled mouseburger."
4921,1097,28,53,263,344,1.316860465116279,0.03325187070021956,640,It’s really not more dangerous than a car.
3168,1100,24,67,272,363,1.3168044077134986,0.031035124457143307,640,Amazing what you can get away with when others have blinders on!
3683,1101,25,52,245,322,1.3167701863354038,0.03402886526624854,640,"As long as the blinders keep him from seeing anything but Fox news, nothing can go wrong. And we get a tax cut."""
1177,1102,14,73,232,319,1.316614420062696,0.03092616606720034,640,"The time has come, gentlemen. We shall no longer be oppressed!"
2626,1102,22,57,240,319,1.316614420062696,0.03337893564074294,640,Role play keeps us fresh.
4444,1104,25,57,256,338,1.316568047337278,0.03287787458859599,640,I'm trying out a new ride-sharing service.
513,1105,17,60,220,297,1.3164983164983164,0.0334303050041346,640,They just need to be domesticated.
2620,1106,21,58,237,316,1.3164556962025316,0.033296307100088206,640,The riding part is fun.  But getting the saddle and bridle on can really be a bitch.
3642,1107,24,51,238,313,1.31629392971246,0.034418554567052305,640,"It's the post-truth era, guys."
979,1108,22,60,247,329,1.3161094224924013,0.03266248581564802,640,My cat whisperer course really paid off.
4164,1108,18,68,243,329,1.3161094224924013,0.031507197585802275,640,I convinced him that this was better than the rat race.
3895,1110,23,51,233,307,1.3159609120521172,0.03458279577459842,640,Are you guys really seeing this or is it the brownies we had this morning?
845,1111,19,77,268,364,1.315934065934066,0.029714682548974584,640,No one ever asked before.
93,1112,16,64,224,304,1.3157894736842106,0.03256522471932984,640,"I'll admit there's a certain ""man bites dog""  aspect to it..."
2777,1113,26,55,258,339,1.3156342182890854,0.03305910024824755,640,It's field work for a lab residency I'm doing at M.I.T.
4056,1113,20,67,252,339,1.3156342182890854,0.031435260740728714,640,If it wasn’t for the dog I could ride him outside too
455,1115,25,51,244,320,1.315625,0.03416059524705665,640,They're virtual reality blinders. He thinks I'm George Washington.
3760,1116,21,53,227,301,1.3156146179401993,0.03442561616991972,640,"I know what you're thinking, but he says it's a big step up from his last job at the White House."
843,1117,25,55,253,333,1.3153153153153154,0.03320444689123155,640,"Three Tom and Jerrys in the saucer, and he was all mine."
2092,1118,20,59,235,314,1.3152866242038217,0.033116577117514395,640,This isn't an elephant?
2623,1119,20,69,257,346,1.3150289017341041,0.030992875722856764,640,The hard part is hitching up the wagon.
3480,1120,27,54,262,343,1.314868804664723,0.033032008349075166,640,Just act like you are in charge.
402,1120,24,60,259,343,1.314868804664723,0.03224849293708088,640,"Thanks, fellas - we'll go back. Totally forgot the helmet."
3715,1122,21,65,254,340,1.3147058823529412,0.031631893735101335,640,"Well, he did eat Jeff and Priscilla, but once we got the blinkers on he just turned into a big pussycat!"
4566,1122,23,61,256,340,1.3147058823529412,0.03217578046317334,640,Don't dream it. Drive it.
4766,1124,23,55,243,321,1.3146417445482865,0.033491813263713026,640,"Like I told ya, once we can talk, anything is possible."
321,1124,25,51,245,321,1.3146417445482865,0.03406820167928257,640,"At first I was just going to bell the cat - but then I decided, why not go for broke?"
1387,1124,20,61,240,321,1.3146417445482865,0.03260813304588524,640,Turns out we are the exact right size to be jockeys.
1724,1124,29,43,249,321,1.3146417445482865,0.0351926694866696,640,How do you like my new Catalac?  Fur-lined exterior and purrfect 9-life motor.
4453,1124,29,43,249,321,1.3146417445482865,0.0351926694866696,640,Tell Jerry I win.
4509,1129,20,72,264,356,1.3146067415730338,0.03039592681624752,640,"Wise up, guys. Alternative realities are all the rage."
4391,1129,23,66,267,356,1.3146067415730338,0.0311671017814175,640,"The funny thing is, the dog version was a complete bust."
557,1131,23,54,241,318,1.3144654088050314,0.033710167686133295,640,I got tired of waiting for the cat to be away!
613,1132,26,63,277,366,1.314207650273224,0.03129872444839499,640,Just think of this as the GOP and me as Trump.
3360,1133,29,46,256,331,1.3141993957703928,0.03440862830351113,640,One blind cat sure beats three blind mice
406,1134,23,56,246,325,1.3138461538461539,0.03318881668242488,640,I told you we should have paid the extra five dollars an Uber X.
1541,1134,23,56,246,325,1.3138461538461539,0.03318881668242488,640,It's his idea. We watched a lot of westerns this week.
3226,1134,18,66,241,325,1.3138461538461539,0.03172586943089466,640,He said he wanted to work together to increase bipartisanship.
1696,1137,22,63,256,341,1.313782991202346,0.03182467982829431,640,It's sensitivity training.
4761,1138,20,72,265,357,1.3137254901960784,0.030323472613816807,640,Herding cats of course!
2769,1139,23,60,255,338,1.3136094674556213,0.03228918128864385,640,I’m an old cathand  from the Rio Grande
4091,1140,18,64,237,319,1.3134796238244515,0.032119216502038535,640,"The first step is herding them, and then you just keep adding to the training."
694,1141,17,65,234,316,1.3132911392405062,0.032008666387117024,640,Relax; you're in my blind spot.
80,1142,21,62,249,332,1.3132530120481927,0.032126618199563466,640,"And just like that, herding cats became a breeze."
1008,1143,16,82,266,364,1.3131868131868132,0.02889197707395331,640,I told him my other cat was in the shop.
3170,1144,22,49,226,297,1.3131313131313131,0.03503030743861166,640,HE BET THE DODGERS IN THE SERIES.
1606,1145,18,62,233,313,1.3130990415335464,0.0325263210065609,640,"As long as she can't see who's riding, we're safe!"
3544,1146,24,55,250,329,1.3130699088145896,0.03317331600778467,640,Kids today and their pimped rides.
3689,1146,23,57,249,329,1.3130699088145896,0.03289278454259668,640,"All you have to say is ""Kttyup!"""
1836,1148,22,64,259,345,1.3130434782608695,0.03155760195074368,640,Craigslist kink sites are awesome!
3110,1148,25,58,262,345,1.3130434782608695,0.03234869948192313,640,The Three Blind Mice disband after one decides to pursue a solo career.
4836,1150,22,58,246,326,1.312883435582822,0.03281447693996268,640,Just don't get around front where he can see you.
3412,1151,24,64,270,358,1.312849162011173,0.03126881623459892,640,"Yeah, but it decreases in value the second you drive off the lot."
2454,1152,28,45,250,323,1.3126934984520124,0.03472567236742017,640,It's a lot easier if you find a blind one.
1942,1153,16,68,236,320,1.3125,0.031416094651226086,640,I’m a hypnotist and he thinks he’s a Clydesdale. It’s amazing ehat you can learn on YouTube.
1989,1153,26,58,268,352,1.3125,0.032139786507005254,640,"Some call it neutered, I call it cat-nipped."
3406,1153,18,64,238,320,1.3125,0.032033669101632,640,"What's the matter, cat got  your tongue?"
4317,1153,24,57,255,336,1.3125,0.0326766561825878,640,Of course it's safer than Uber
4369,1157,24,61,264,349,1.3123209169054442,0.0318181063534377,640,The food chain is simply a mindset ladies.
4711,1158,23,53,241,317,1.3123028391167193,0.03374701983518407,640,"The humiliation scene was his idea ... but I have to admit, I kind of like it."
3231,1159,22,69,271,362,1.3121546961325967,0.030520013103476393,640,"I'll tire him out first, then we can raid the kitchen."
1920,1160,23,57,250,330,1.312121212121212,0.032806677931437565,640,Did you know Kibble now comes with marijuana?
2825,1160,15,73,242,330,1.312121212121212,0.03047798806943718,640,A little cat nip goes a long way fellas!
4356,1162,18,70,252,340,1.311764705882353,0.03074540169900364,640,The trick is getting the blinders on.
1064,1163,17,67,240,324,1.3117283950617284,0.03145058901134761,640,"Before the blinders, we just kept going in circles"
512,1164,21,63,253,337,1.311572700296736,0.03176945564594045,640,I told him it will help avoid curiosity.
1329,1165,20,60,241,321,1.3115264797507789,0.03255228122119371,640,"It took some work, but my scurrying days are over."
3796,1165,16,68,237,321,1.3115264797507789,0.03133319952966799,640,Let's just say it was a lot of cheddar
3593,1167,22,51,232,305,1.3114754098360655,0.034351165133149335,640,No country for old mice.
2041,1168,19,66,249,334,1.311377245508982,0.031393746224943606,640,I saw Jerry doing this to Tom in a past cartoon.  What could possibly go wrong?
4287,1169,17,65,236,318,1.3113207547169812,0.031837441075517336,640,It wasn't hard to do. I Googled it.
1107,1170,26,42,234,302,1.3112582781456954,0.03583656111582324,640,"I know you'll miss your brother, but someone had to put the bridle on."
3143,1171,21,61,249,331,1.311178247734139,0.032156556586436486,640,Beats scurrying!
3981,1171,26,51,254,331,1.311178247734139,0.033549874396027635,640,"Hypnotism is easy, the real  art is to know just when the trance ends."
1715,1173,13,81,250,344,1.311046511627907,0.029071038686692825,640,We've reached a compromise.
1763,1174,19,55,225,299,1.3110367892976589,0.03384643597489562,640,"Take it easy fellas, he's a vegetarian!"
4600,1174,19,55,225,299,1.3110367892976589,0.03384643597489562,640,The rat race has now become a cat and mouse game.
1205,1176,23,56,249,328,1.3109756097560976,0.032926276760680565,640,Caught him napping.
3216,1176,17,68,243,328,1.3109756097560976,0.03118104951019852,640,I'll write when I find work.
2230,1178,16,79,262,357,1.3109243697478992,0.02921665776527725,640,They’re not as hard to train as you might think.
2666,1179,22,62,257,341,1.310850439882698,0.03177377303466914,640,"Yes, he's service, not comfort"
1239,1180,26,49,250,325,1.3107692307692307,0.033984006585902324,640,"It's like Uber, but it only takes you to your final destination."
2237,1181,22,66,266,354,1.310734463276836,0.03096522503140261,640,Who's the alpha now?
2785,1182,16,73,249,338,1.3106508875739644,0.030271838125410715,640,Want to ride-share?
3032,1182,21,63,254,338,1.3106508875739644,0.03168873413966012,640,He's gone vegan!
2612,1184,23,54,245,322,1.31055900621118,0.033347469871351676,640,I wish he would at least wear a helmet
3866,1184,20,60,242,322,1.31055900621118,0.032465448317323245,640,This is Snowball getting his chance in Hell
1582,1186,15,65,226,306,1.3104575163398693,0.03198938669151214,640,"I win if I stay on for 30 seconds after Mom says, ""Here, Kitty, Kitty!"""
1316,1187,24,56,255,335,1.31044776119403,0.03270964308972929,640,You can't imagine the difficulty in saddling her.
4088,1188,21,57,241,319,1.3103448275862069,0.03297094001512572,640,"After the catnip scandal, his racing days are over."
2203,1189,22,59,251,332,1.3102409638554218,0.03235572805572979,640,"Mouse whipped, for a change."
2559,1189,17,69,246,332,1.3102409638554218,0.03091754684947398,640,"Relax, this cat has a 5-star ride share rating."
4222,1191,19,56,228,303,1.3102310231023102,0.03352375241078729,640,"Remember, as long as it's within the 5 Boroughs, he can't refuse."
58,1192,25,52,252,329,1.3100303951367782,0.033399249348887675,640,"They may take our cheese, but they'll never take our freedom!!!"
3744,1193,19,68,255,342,1.3099415204678362,0.0308714525889725,640,Now who's blind?
3116,1194,17,67,242,326,1.3098159509202454,0.0312864928340668,640,"As long as you're the one up here, you're safe."
3493,1194,23,55,248,326,1.3098159509202454,0.03304702113674984,640,This is nothing. Next week I'm teaching him to make a cheese soufflé.
2285,1194,20,61,245,326,1.3098159509202454,0.03217879923077386,640,"Well, dressage was a bit of a challenge."
4212,1197,17,66,240,323,1.3095975232198143,0.03147561684360495,640,We're entering the Purreakness.
2946,1197,26,48,249,323,1.3095975232198143,0.03411424034228648,640,Hi there fellows! wanna ride my Furrari!
3561,1199,24,56,256,336,1.3095238095238095,0.032625233514064336,640,And he's trained to find cheese!
3628,1199,23,58,255,336,1.3095238095238095,0.03235177832047005,640,Phase two will involve herding.
315,1201,25,58,266,349,1.3094555873925502,0.03202725592423939,640,Better to herd and not be seen.
1514,1202,17,61,229,307,1.3094462540716612,0.032561578444321775,640,"And the best part is when I get to say ""Git along little doggie"""
2243,1203,25,49,246,320,1.309375,0.034052886646360005,640,He was amazingly easy to train once I said he'd get more views on social media.
145,1204,19,65,249,333,1.3093093093093093,0.031419776146983776,640,I want to go see the farmer's wife and re-write history.
4209,1204,23,57,253,333,1.3093093093093093,0.03255094240219814,640,Check out my new fur-rari!
4573,1204,24,55,254,333,1.3093093093093093,0.03282764430792109,640,The hard part was deactivating its sleep mode.
774,1207,25,57,264,346,1.3092485549132948,0.0322185722260127,640,Who's the blind one now?
850,1207,17,73,256,346,1.3092485549132948,0.03006658225595132,640,Never say never.
1545,1209,16,62,226,304,1.3092105263157894,0.03243996916499569,640,"It's good for about an hour, then it needs to charge for 23."
4649,1210,23,60,260,343,1.3090379008746356,0.031882655089017935,640,In the land of blinders a mouse is king.
2121,1210,18,70,255,343,1.3090379008746356,0.030516496589406424,640,I’m taking this one for a run after the farmer’s wife.
750,1212,20,74,275,369,1.3089430894308942,0.02957572911256377,640,You should try this new ride-hailing app called 'Mouser.'
3587,1213,17,67,243,327,1.308868501529052,0.031205055309557344,640,This brings new meaning to the term “pussy whipped”.
3582,1213,25,51,251,327,1.308868501529052,0.03352381943539303,640,I'm being taken for a ride.
2256,1215,18,64,242,324,1.308641975308642,0.031695787801978154,640,"I'm telling you: domesticate these things, and we'll rule the world."
3045,1215,23,54,247,324,1.308641975308642,0.03316892756037273,640,"If you want to go faster, you just say kiddy-up."
4667,1217,23,66,274,363,1.3085399449035813,0.03064972354781798,640,"On my way to the kitchen, want anything?"
4349,1218,21,73,279,373,1.3083109919571045,0.029596564225391815,640,Two words: Taxi-Cat
2088,1219,22,50,233,305,1.3081967213114754,0.03429140780474385,640,"Get your affairs in order. 
We ride at dawn."
158,1220,24,54,253,331,1.3081570996978853,0.032946761800868904,640,It is a smooth ride so long as you do not mind the frequent stop for naps.
303,1220,18,66,247,331,1.3081570996978853,0.031235063383514176,640,"Now, I'm certain to win the rat race!"
1878,1220,26,50,255,331,1.3081570996978853,0.03349789679010027,640,He said he’s changed!
3304,1223,22,49,231,302,1.3079470198675496,0.03452626796518132,640,"Party at the Farmer’s wife’s place, you guys want a ride?"
3067,1224,25,51,252,328,1.3079268292682926,0.033434719885297295,640,I got him from the Police Auction!
3775,1224,30,41,257,328,1.3079268292682926,0.03480108290141552,640,"Who's blind now, bitch?"
2948,1226,20,65,256,341,1.3079178885630498,0.03117344813118665,640,"The balance of power has shifted, friends! Are you in? Or are you out?"
1482,1227,20,69,265,354,1.307909604519774,0.030393809486306652,640,Once I got him hooked on catnip- he was all mine!
1386,1228,16,64,232,312,1.3076923076923077,0.03185486853931767,640,"Turns out, the fun was all in the chase. We reached a compromise."
4736,1228,21,58,246,325,1.3076923076923077,0.03250111682364367,640,My other cat is a Brazilian Shorthair.
816,1228,22,60,256,338,1.3076923076923077,0.03191212276616362,640,They'll do ANYTHING for catnip.
4482,1231,27,53,268,348,1.3074712643678161,0.03257025657113314,640,Psst...I told him it would go viral on YouTube.
810,1232,23,53,246,322,1.3074534161490683,0.03329201282714053,640,They banned horses in Central Park.
622,1232,19,61,242,322,1.3074534161490683,0.03210856949343265,640,"Once I got a saddle on him, the rest was easy."
354,1234,22,51,236,309,1.307443365695793,0.03396506821816552,640,"Don't be scared.  Deep down, he's a complete pussy."
359,1235,23,45,228,296,1.3074324324324325,0.0353348695750599,640,"I told him we were pro-milk, and he totally bought it."
465,1236,26,62,283,371,1.307277628032345,0.03088863223112322,640,Ignore the fact that he's orange. He's trainable.
763,1237,20,62,250,332,1.3072289156626506,0.03173346498354331,640,The golden doodle was just too high maintenance.
4717,1238,21,56,242,319,1.3072100313479624,0.032913717485593054,640,Underneath the gruff exterior he's really just a pussycat.
2105,1239,23,59,260,342,1.3070175438596492,0.03191175036157879,640,"I don’t know what you’re putting in her cat food, but don’t stop."
811,1240,26,49,254,329,1.3069908814589666,0.033622826859063384,640,"The good news is, it's a great ride. The bad news is,
he gets to eat you when it's over."
781,1241,16,65,235,316,1.3069620253164558,0.03157265056748926,640,"It's an election bet, Tabby here thought Trump would keep the House."
2408,1241,24,49,243,316,1.3069620253164558,0.034023104871579696,640,"It’s simple. First, tell him he’s GREAT, next tell him he’s the best leader ever and most importantly, convince him that fake-news outlets will run the story non-stop for a week straight."
499,1243,20,64,255,339,1.3067846607669618,0.031277623671636536,640,"Face your fears, Gentlemen !"
2459,1244,16,60,224,300,1.3066666666666666,0.03267806321803515,640,I told him I know how to build a better mouse trap.
138,1245,15,73,248,336,1.306547619047619,0.03001799910747923,640,"Not much, just heading to the river to visit the scorpion and the frog."
1420,1245,22,59,255,336,1.306547619047619,0.03202277907785894,640,"The next time anyone tries to move my cheese, I'll be ready."
2340,1245,20,63,253,336,1.306547619047619,0.031463022378159705,640,She says she's taking me to her food dish.
4442,1245,15,73,248,336,1.306547619047619,0.03001799910747923,640,Once you get them accustomed to the saddle they're really quite manageable.
3769,1249,19,61,243,323,1.306501547987616,0.03202315776443708,640,It’s a diversion from playing with those little wooden traps.
132,1249,17,65,241,323,1.306501547987616,0.03141692718187747,640,Pre-Blind Mice
100,1251,15,72,246,333,1.3063063063063063,0.030188805628598096,640,I recommend getting the safety feature package.
13,1252,22,54,244,320,1.30625,0.03312183917610136,640,"You look surprised, cat got your tongue?"
840,1252,20,58,242,320,1.30625,0.03252493316564181,640,See! That nursery rhyme is fake news. It wasn’t us that were blind.
1462,1254,20,69,267,356,1.3061797752808988,0.03024748952691217,640,He really didn't have much choice once his nine lives were up.
3851,1255,23,55,252,330,1.3060606060606061,0.03269930475601783,640,Vote for legalized catnip.
775,1255,20,61,249,330,1.3060606060606061,0.03184306276845573,640,I went to see Oprah and she was giving out cats.
1421,1255,20,61,249,330,1.3060606060606061,0.03184306276845573,640,I just said he’d be assisting the blind and he bought it.
2002,1255,23,55,252,330,1.3060606060606061,0.03269930475601783,640,Who said they can't be trained?
4760,1259,22,60,258,340,1.3058823529411765,0.03174985674862481,640,Retirement from the lab has been great.  Just went out and picked up the cat of my dreams.
3057,1260,16,68,243,327,1.305810397553517,0.030844440765416634,640,"Well, they're not headphones, or you'd be dinner and dessert."
4083,1260,24,52,251,327,1.305810397553517,0.03318840940442308,640,Wait till you see me hogtie the dog!
4326,1262,22,63,265,350,1.3057142857142856,0.03111893014835429,640,He thinks he’s Elon Mousk.
3399,1263,21,57,246,324,1.3055555555555556,0.03253105149888772,640,I won the election bet
1837,1264,17,72,258,347,1.3054755043227666,0.029939386238029827,640,It’s amazing what you can do with a little catnip.
2562,1265,26,57,274,357,1.3053221288515406,0.031700795270144626,640,He thinks he has a monkey on his back!
3681,1266,24,50,247,321,1.3052959501557633,0.033616543697571125,640,I guess no one has told him he was adopted
3386,1267,18,64,246,328,1.3048780487804879,0.031364656169253505,640,I'm training her for the catwalk.
2165,1268,23,50,242,315,1.3047619047619048,0.03376170861772793,640,He’s high on catnip. He thinks he’s a Tennessee Walking Horse.”
4803,1269,18,67,253,338,1.3047337278106508,0.030736747581421746,640,Always remember to use an English saddle with a British Shorthair.
1799,1269,30,43,265,338,1.3047337278106508,0.033991877012062965,640,Just grab your pussy.  You can do anything...
4060,1271,17,61,234,312,1.3044871794871795,0.032114600659651306,640,They're really not as smart as you think.
603,1272,20,62,253,335,1.3044776119402985,0.03148871011643033,640,My other ride is a python
2468,1273,22,65,271,358,1.3044692737430168,0.030617947676985755,640,"“I wanted a pony, but my folks thought I should start with a kitten”"
397,1274,15,68,239,322,1.3043478260869565,0.0308189330036632,640,This. Changes. Everything!
2941,1274,19,67,259,345,1.3043478260869565,0.03058847035313421,640,We're being extra-cautious about distractions. She's already used up eight lives.
3172,1274,19,60,243,322,1.3043478260869565,0.03205003142981574,640,I'm not going to tell him!
3535,1277,18,65,249,332,1.3042168674698795,0.03109787200714814,640,I told you those hypnosis lessons would come in handy.
3789,1277,22,57,253,332,1.3042168674698795,0.032247114463692786,640,Nonsense. Cat’s are happiest when they’re working.
632,1279,17,60,232,309,1.3042071197411003,0.032318298790106434,640,I told you my major in positive psychology would one day pay off.
734,1280,23,51,245,319,1.3040752351097178,0.03345014658389517,640,You said no to a motorcycle...
3184,1280,24,49,246,319,1.3040752351097178,0.03374356243931091,640,Uber had surge pricing.
874,1282,19,55,232,306,1.303921568627451,0.033177923495850165,640,"Its just an urban legend that they are difficult."""
4213,1283,25,60,277,362,1.3038674033149171,0.031121847546030628,640,She thinks I'm a chihuahua.
4018,1284,20,63,256,339,1.303834808259587,0.031223252119414492,640,I have him hooked on strong catnip.
1113,1285,18,70,261,349,1.3037249283667622,0.030068311054229194,640,They are not bad. It just depends how you raise them.
1536,1285,23,60,266,349,1.3037249283667622,0.031407648505134854,640,"At midnight I turn back into a mouse, and the steed into an ally cat...uh, what time is it?"
3411,1285,22,62,265,349,1.3037249283667622,0.031144389119526102,640,. . . but you really have to stick the dismount!
2708,1288,19,61,246,326,1.303680981595092,0.03176951902449155,640,He's stuck. I think he's catatonic.
1691,1288,23,53,250,326,1.303680981595092,0.03293644871291756,640,This is nothing. I’ve got a flock of seagulls flying us all to Wisconsin for my bachelor party.
604,1290,23,52,248,323,1.303405572755418,0.033145898627593616,640,"This is the only time it's ok to grab a pussy"""
337,1291,22,60,261,343,1.3032069970845481,0.03150941553264512,640,Wherever this ride leads must be really great because everybody who goes there stays.
647,1292,15,67,238,320,1.303125,0.030920579545345883,640,It's just like horses. To herd cats you have to convince them they want to do it.
2432,1292,19,59,242,320,1.303125,0.03216290013938692,640,This is my version of playing cat and mouse.
2537,1292,20,57,243,320,1.303125,0.03246605337679964,640,I've got something on him.
3911,1295,24,55,261,340,1.3029411764705883,0.032239163904403345,640,"You proved your point already, Algernon. Now you're just showing off."
4640,1295,24,55,261,340,1.3029411764705883,0.032239163904403345,640,He's missing hindsight as well.
2996,1295,21,61,258,340,1.3029411764705883,0.031421449179447586,640,"They thought it was an error when the ad said, 'Free cat. Horse broken.' Turns out the ad was right."
3066,1295,25,53,262,340,1.3029411764705883,0.032507164792208124,640,Thought we'd reverse the nursery rhyme with three seeing mice and one blind cat.
2650,1299,23,50,244,317,1.3028391167192428,0.03357581616294967,640,"You just can't lead it to water."""
161,1300,14,71,242,327,1.3027522935779816,0.030169269581386125,640,This thing is a beast to control in the rain
90,1301,22,58,257,337,1.3026706231454006,0.031886373566081705,640,"My secret? If you can dream it, you can do it! ... That, and catnip.“"
2848,1302,24,57,266,347,1.302593659942363,0.031775916424818286,640,If the blinders fall off  call 911 !
1127,1303,20,48,223,291,1.302405498281787,0.034661588476855236,640,"I don’t know, fellas. I just YouTubed it."
4687,1304,21,59,254,334,1.3023952095808384,0.03179801350800532,640,It's a variation on Pavlov's classical conditioning.
3994,1305,26,62,289,377,1.3023872679045092,0.030461007626620427,640,I told him we were blind. He feels sorry for me.
4042,1306,19,66,259,344,1.302325581395349,0.030610405275055687,640,He thinks he's a horse. Why tell him otherwise?
2536,1307,21,65,268,354,1.3022598870056497,0.030554039597428407,640,"No, it wasn’t as easy as it looks"
167,1308,13,74,244,331,1.3021148036253776,0.029613228923368092,640,"If you start them young, it's not a problem."
831,1308,18,64,249,331,1.3021148036253776,0.03112062447574507,640,"Stick enough catnip up their nose, and they'll do anything."
933,1308,19,62,250,331,1.3021148036253776,0.031413424771247894,640,Looks like we won.
890,1311,18,54,226,298,1.3020134228187918,0.03341438047967309,640,I find an English saddle gives me more control.
3349,1312,21,64,266,351,1.3019943019943019,0.030726994330969266,640,We’re off to lunch
3585,1312,20,66,265,351,1.3019943019943019,0.030460928487743132,640,Now let's see how HE runs!
645,1314,22,65,274,361,1.3019390581717452,0.030398077416900707,640,"I offered him 2 treats, some catnip, and a Xanax."
4331,1315,19,67,262,348,1.3017241379310345,0.030361989205736788,640,Just mix ambien and anchovies into the cat food - it makes them as docile as sheep.
969,1316,18,75,275,368,1.3016304347826086,0.02899194676079695,640,"I know it's unproven, but I take pride in being an early adopter."
208,1317,20,58,247,325,1.3015384615384615,0.032092167654725653,640,"This way, he stays in his lane."
3699,1318,23,55,257,335,1.3014925373134327,0.032274469438329026,640,What can I say…He went all in and lost.
1850,1319,25,57,273,355,1.3014084507042254,0.031506723655607936,640,"Shush! If he knew who is riding him, I’m toast."
4820,1319,17,73,265,355,1.3014084507042254,0.029416934879891245,640,You’ve been watching the wrong cat videos on YouTube.
1667,1321,29,52,284,365,1.3013698630136987,0.03185864117040849,640,So much for the master race. This simpleton went to Wharton.
3347,1322,17,60,235,312,1.3012820512820513,0.03205128205128205,640,It can't be inhumane if we're not human
858,1323,19,59,244,322,1.3012422360248448,0.03199044705635669,640,Call me a “stable genius”.
1857,1323,20,57,245,322,1.3012422360248448,0.032291456666702634,640,See you later! I'm going to herd some dogs.
3154,1323,24,49,249,322,1.3012422360248448,0.03346843373726099,640,It's okay. We won the election.
1944,1326,24,61,277,362,1.3011049723756907,0.030825999615085427,640,The key is not letting them look back.
363,1327,16,64,239,319,1.3009404388714734,0.03125713859330904,640,It's really all about how you raise them.
2226,1328,21,57,251,329,1.3009118541033435,0.032102327086433784,640,He bet the dog that The Giants would lose.
3286,1328,20,59,250,329,1.3009118541033435,0.03181235270107705,640,The really hard part is getting into the saddle.
1643,1330,19,57,240,316,1.3006329113924051,0.032391745398465746,640,"Once I’d burrowed my way to where they keep the catnip, the rest was rather easy."
4450,1331,18,65,253,336,1.3005952380952381,0.030779941039025042,640,Ever since the lottery win Rick has become so reckless.
35,1332,23,58,265,346,1.300578034682081,0.03153920296325734,640,Sure it's not the safest...but you can't beat the ride on a cat-illac!
1454,1333,19,59,245,323,1.3003095975232197,0.031904885915582076,640,"I started out herding cats, then moved on to this."
4093,1334,23,56,261,340,1.3,0.03191499206835069,640,"I'm on my way, unless he decides to take a 23 hour nap."
2794,1334,24,51,255,330,1.3,0.032869574879352756,640,"Look, in this day and age, you adapt."
177,1334,13,67,230,310,1.3,0.030838915845996042,640,"Once you get the saddle on, he’s a real pussycat."
156,1334,22,61,267,350,1.3,0.031015029433441872,640,its a 2003
458,1334,14,65,231,310,1.3,0.031175595210288006,640,it’s all in the whispering
1077,1339,19,69,269,357,1.2997198879551821,0.029808869322893592,640,Just working on my cat walk.
1202,1339,25,57,275,357,1.2997198879551821,0.031352647108297126,640,He's just a big pussy cat really...
1050,1341,16,66,245,327,1.2996941896024465,0.03072422904023608,640,"It's a great ride, but getting off is a little tricky."
1432,1342,24,47,246,317,1.2996845425867507,0.03381320971930894,640,He was one of my Uber choices!
2378,1343,17,58,232,307,1.299674267100977,0.032369334435311425,640,Quick! Take my photo. I need a new profile picture.
4461,1344,14,61,222,297,1.2996632996632997,0.032054709396713635,640,Prey for me.
1986,1345,21,61,262,344,1.2994186046511629,0.031105019473240843,640,Once they legalized catpot it was pretty easy.
3423,1346,18,63,250,331,1.299093655589124,0.03106191129949281,640,I just got my license.
846,1347,16,64,241,321,1.2990654205607477,0.03109028024890878,640,"I know it's not practical, but you only live once, right?"
918,1348,25,43,243,311,1.2990353697749195,0.03456573548484484,640,"Finally, Service Cat for Three Blind Mice"
554,1349,27,59,292,378,1.2989417989417988,0.030575069274258133,640,The main hazards are laser pointers and sudden cucumbers.
1720,1350,23,55,260,338,1.2988165680473374,0.03202465209849373,640,The worst part is trying to get him to eat hay.
1973,1350,23,55,260,338,1.2988165680473374,0.03202465209849373,640,What happens in Vegas stays in Vegas.
4731,1352,26,46,256,328,1.298780487804878,0.03354887316673738,640,"The dealer told me that ""eaten rates"" are lower for this one than the Jaguar."
4120,1352,13,72,243,328,1.298780487804878,0.029717271236947174,640,At least I will have enjoyed the ride.
3933,1352,16,66,246,328,1.298780487804878,0.03064403916183421,640,I'm 3:1 in the third at Calico.
986,1352,22,54,252,328,1.298780487804878,0.032418189167742084,640,I knew my time volunteering in the Behaviorists’ lab would eventually pay off!
225,1352,25,48,255,328,1.298780487804878,0.033269804858117986,640,There's no way he'll get that thing through the front door.
165,1357,17,61,240,318,1.29874213836478,0.03159351010122959,640,All he needed was a laser pointer.
1656,1358,18,64,253,335,1.2985074626865671,0.0308008595014882,640,He’s thinks this will get his picture in one of those stupid cat calendars.
4068,1359,23,51,251,325,1.2984615384615386,0.03291031162559449,640,Check out who's the blind one now!
116,1360,24,46,245,315,1.2984126984126985,0.03394185324895467,640,"No, she doesn't go through a lot of jockeys. A lot of jockeys go through her."
1711,1361,22,55,255,332,1.2981927710843373,0.0321347222038053,640,"It's mostly just sunny spots, but when he moves it's really fun"
3438,1362,20,56,246,322,1.2981366459627328,0.03223138641676339,640,"Rule number one, and the most important rule!  Do not squeak!!"
3567,1362,19,58,245,322,1.2981366459627328,0.03192981051548452,640,"Hi Tom, look what you can do with Jerrymandering."
1321,1362,22,52,248,322,1.2981366459627328,0.032826227500745,640,If this is going to work you have to be as quiet as a...
3637,1365,15,77,267,359,1.298050139275766,0.02859765750864599,640,"It's okay, she's deaf too."
3247,1366,24,56,269,349,1.2979942693409743,0.031564998684516336,640,She’s my seeing eye cat.
4014,1366,22,60,267,349,1.2979942693409743,0.031038916217648947,640,"We're going to look for the farmer's wife."""
2864,1368,18,51,223,292,1.297945205479452,0.03380058414896795,640,"Be right back, I'm gonna go piss off the neighbors."
1592,1369,18,65,256,339,1.2979351032448379,0.0305455556459263,640,I'm trying to reduce my carbon paw-print!
3641,1369,26,49,264,339,1.2979351032448379,0.03275162527620814,640,He is afraid of mice.
2238,1371,25,48,256,329,1.297872340425532,0.03318095679264512,640,He's taking me to meet his parents!
3777,1372,22,51,246,319,1.297805642633229,0.033035547669872496,640,What??  You've never seen a cat before?
1597,1372,19,57,243,319,1.297805642633229,0.03212787436189354,640,"Believe it or not, he responds to ""Get along, little doggie."""
2168,1374,20,66,270,356,1.297752808988764,0.030091673280436135,640,It's the blind leading the blind
2047,1375,21,50,238,309,1.2977346278317152,0.033468877252475535,640,Apparently he is a born again cat.
1203,1376,19,62,255,336,1.2976190476190477,0.03100973309932533,640,"After that farmer's wife incident, I prefer traveling by cat"
4020,1377,18,61,247,326,1.2975460122699387,0.0313512031767624,640,It’s all in the reins
1348,1378,21,66,276,363,1.2975206611570247,0.029949524603563114,640,Pussy whipped.
3723,1379,22,58,263,343,1.2973760932944607,0.03140116937393592,640,Not to worry.  He has no idea who I am
2398,1380,23,53,257,333,1.2972972972972974,0.03233157249012505,640,Aren't we suppose to be the blind ones?
4701,1380,11,66,219,296,1.2972972972972974,0.03098583266434615,640,I had to cross that hot tin roof somehow.
2310,1382,25,46,252,323,1.2972136222910218,0.033606992701884685,640,"No 'grab 'em by the pussy' jokes, please."
2018,1382,18,60,245,323,1.2972136222910218,0.03154080435996055,640,"When YouTube gets this, we’ll all be swimming in cheese!"
994,1382,18,60,245,323,1.2972136222910218,0.03154080435996055,640,Sure beats trying to herding them.
3318,1385,17,67,256,340,1.2970588235294118,0.030182086488782102,640,”Just don’t rub the fur the wrong way.”
4272,1385,21,59,260,340,1.2970588235294118,0.03131080706573197,640,Uber for Matt?
4362,1385,23,55,262,340,1.2970588235294118,0.0318601755527661,640,I used the same method that Trump did with the GOP!
66,1388,17,66,254,337,1.2967359050445104,0.03035376317264876,640,We're playing horse and mouse.
973,1389,24,60,280,364,1.2967032967032968,0.03062879064286891,640,I laced his catnip with fentanyl.
3449,1390,22,53,252,327,1.2966360856269112,0.032446260112051484,640,"Hop on, let's go find a dog."
2436,1391,19,67,268,354,1.2966101694915255,0.029918548995190385,640,The toughest part is getting up here.
4274,1392,19,56,242,317,1.2965299684542586,0.03224087366194783,640,Once you get enough catnip the rest is easy.
1889,1393,18,66,260,344,1.2965116279069768,0.030219973180803477,640,"I love him, so I suppose you could say we're both wearing blinders."
3416,1393,21,60,263,344,1.2965116279069768,0.031049922450701758,640,It's also vegan.
3254,1395,24,43,240,307,1.296416938110749,0.034532627767545246,640,I'm off to Canada!  Trump's more dangerous than the cat.
2484,1396,15,66,243,324,1.2962962962962963,0.03053178791593461,640,This one will do anything for catnip!
3966,1397,26,41,247,314,1.2961783439490446,0.03457001175399103,640,"Hey fellas, I just watched a really great TED talk!"
1133,1397,17,59,238,314,1.2961783439490446,0.03181099269993006,640,We’re at 4-1 odds tomorrow at Calico Park
2575,1399,22,54,255,331,1.29607250755287,0.03216171691008143,640,"I just turned 50, so I thought: 'why not do something for myself?'"
3930,1399,15,68,248,331,1.29607250755287,0.030103257596390855,640,He's been like this since I started spiking his kibble with Adderall.
4230,1401,23,57,268,348,1.2959770114942528,0.031327889822206016,640,He decided to switch parties after the midterm elections.
2302,1402,18,59,244,321,1.2959501557632398,0.03164812364981307,640,Kudos -- but what happens when you get down?
3560,1402,24,47,250,321,1.2959501557632398,0.03344287906954782,640,It's Uber!
3711,1402,23,49,249,321,1.2959501557632398,0.033150501587094816,640,"Hey, This is what they do on their 10th life"
362,1405,15,70,253,338,1.2958579881656804,0.029690961940152336,640,Those lessons in hypnosis are paying off!
1032,1405,18,64,256,338,1.2958579881656804,0.030565147368553116,640,Now our only worry is the dog.
1668,1405,13,74,251,338,1.2958579881656804,0.029093582553174475,640,It's mutual; I know all the places to get milk and cheese!
2978,1405,20,60,258,338,1.2958579881656804,0.031134304373384766,640,I'll keep him away so you can play.
920,1409,23,46,242,311,1.2958199356913183,0.03389835228579901,640,It's a smooth ride until he spots his girlfriend.
192,1410,16,65,247,328,1.295731707317073,0.030582291862750674,640,Amazing what you can learn from a YouTube how-to cat video!
166,1410,28,41,259,328,1.295731707317073,0.03404468065800338,640,Zero Celsius in Hell today gentlemen!
4538,1410,20,57,251,328,1.295731707317073,0.03177836492679866,640,"Actually, it's safer and more fun than scaring elephants."
1923,1413,23,64,285,372,1.2956989247311828,0.02991078309028574,640,Once I got the blinders on it was easy
2987,1414,14,61,226,301,1.2956810631229236,0.03169001040535092,640,It's amazing what you can achieve with a little catnip.
2021,1415,21,60,264,345,1.2956521739130435,0.030971718926788565,640,He thinks I'm a pit bull.
3205,1415,21,60,264,345,1.2956521739130435,0.030971718926788565,640,Have you ever seen such a sight in your life; as one blind cat?
964,1417,22,50,246,318,1.2955974842767295,0.03306548284787044,640,You guys need a Lyft?
2713,1418,21,57,257,335,1.2955223880597015,0.03160203702520406,640,"One word,  dressage."
240,1419,17,75,277,369,1.2953929539295392,0.028565184709119708,640,"Playing Cat & Mouse can be fun,when you're in control."
213,1420,21,54,250,325,1.2953846153846154,0.032268324950188366,640,I found her on Craigslist under 'Transportation'.
3101,1420,14,68,243,325,1.2953846153846154,0.030137872001920595,640,"Don't worry, he's a scaredy cat."
2657,1422,17,67,258,342,1.2953216374269005,0.03003038405497047,640,We even qualify for the carpool lane
89,1423,21,46,231,298,1.2953020134228188,0.03428138325291066,640,Couples therapy-- works wonders.
3128,1424,21,51,243,315,1.2952380952380953,0.032973927921689045,640,Come on! First ride is free!
4880,1425,20,58,254,332,1.2951807228915662,0.031504614894079186,640,Run out ahead. Whoever doesn’t get caught can ride next.
26,1426,24,47,251,322,1.295031055900621,0.033351524083309915,640,"Go ahead Steven, call me a rat again."
4851,1427,13,79,264,356,1.2949438202247192,0.02813376854240411,640,We’re trying out for stupid pet tricks.
1079,1428,23,56,267,346,1.2947976878612717,0.03143154457102584,640,It’s the new Jaguar model.
3626,1429,25,39,238,302,1.294701986754967,0.03522191818287989,640,his name is Figment
1913,1430,19,56,244,319,1.2946708463949843,0.032065292848344994,640,We've got our own Youtube channel.
3621,1430,15,64,240,319,1.2946708463949843,0.03081104034276872,640,"Prey"" and ""Predator"" are merely mindsets, gentlemen — true power comes via implantable electrodes"
2680,1432,17,62,247,326,1.294478527607362,0.030986617603443917,640,He gets 20 miles per kibble.
171,1432,19,58,249,326,1.294478527607362,0.031589937130162504,640,"They're very green transportation, once you get past the whole eating your cousins hang up"
1612,1434,25,43,248,316,1.2943037974683544,0.03408285517724096,640,"Trump was right, just grab and go!"
1118,1435,21,56,256,333,1.2942942942942943,0.031708921284946776,640,"It’s a great way to get around, but feeding time is the worst."
3457,1435,11,76,246,333,1.2942942942942943,0.028715011643621596,640,What he doesn't know doesn't hurt me.
3483,1437,22,59,269,350,1.2942857142857143,0.03090775249636169,640,Mom always said that Louie would either be eaten by the cat or ride him like a horse.
2281,1438,22,46,238,306,1.2941176470588236,0.033943217117183906,640,We just got out of the bag.
3990,1438,19,52,235,306,1.2941176470588236,0.032982631459272695,640,I finally smashed the Catriarchy!
4016,1440,22,63,279,364,1.293956043956044,0.030079097244860548,640,Friendly purrsuasion.
4107,1441,16,65,249,330,1.293939393939394,0.030422991805442483,640,Play nice or I'll turn this cat around.
1003,1442,16,60,237,313,1.293929712460064,0.03150963722736509,640,"First, I bought up all the catnip I could find..."
2374,1443,30,44,280,354,1.2937853107344632,0.032678666766385395,640,I got Alexa to order it for me on Amazon .
3530,1444,22,55,260,337,1.2937685459940653,0.03171827181076009,640,Now just imagine Trump unable to watch Fox.
493,1445,13,68,239,320,1.29375,0.030084048278365853,640,Don't worry - it's domesticated.
2074,1445,20,54,246,320,1.29375,0.032283080649749725,640,The fact that you are still standing there is proof the blinders are working.
1926,1447,20,66,275,361,1.293628808864266,0.02973093486070533,640,It is my turn to walk the cat today.
1164,1448,20,61,263,344,1.2936046511627908,0.0307192701103107,640,No need to worry - he's a real pussycat.
4280,1448,16,69,259,344,1.2936046511627908,0.029595140635731848,640,Of course he’s stuffed! Best birthday present ever!
510,1450,19,58,250,327,1.2935779816513762,0.03150605655141422,640,Turns out a swinging laser pointer can be an effective hypnosis device.
3512,1450,19,58,250,327,1.2935779816513762,0.03150605655141422,640,Nothing to it if you know where the catnip is stashed.
3861,1450,22,52,253,327,1.2935779816513762,0.03238696839270425,640,"Please, no petting the service cat."
4670,1453,15,61,234,310,1.293548387096774,0.031373722079883544,640,"Let's just say, curiosity got the best of this cat."
4887,1454,19,65,267,351,1.2934472934472934,0.03002846685957746,640,"I'm skeptical, too, but the concierge said this was the best way to see the park."
4347,1455,22,54,258,334,1.2934131736526946,0.03190914326335588,640,"They go low, You go high."
1330,1455,22,54,258,334,1.2934131736526946,0.03190914326335588,640,You're okay as long as he doesn't see you
33,1455,20,58,256,334,1.2934131736526946,0.03134053790190868,640,"I know, I know, I'm a mid-life cliché, but you should see this baby at top speed!"
878,1458,18,52,230,300,1.2933333333333332,0.0330849160271673,640,"Who says I can't have my cat and get eaten, too?"
4565,1459,19,67,272,358,1.2932960893854748,0.029629776487769117,640,"Wait 'til the catnip wears off."""
2963,1460,19,57,248,324,1.2932098765432098,0.03169718348759821,640,Not to worry... we’re just playing cat and mouse.
1251,1461,24,59,282,365,1.2931506849315069,0.030504918094327982,640,"This isn't a cat,guys! This is a metaphor. For Americans thinking they can control their president."
215,1462,24,49,258,331,1.2930513595166162,0.03266855433362906,640,I taught him how to open the pantry!
2446,1463,18,58,245,321,1.2928348909657321,0.03158481390978802,640,The personal growth seminar was awesome.  Why do you ask?
4189,1464,21,64,277,362,1.292817679558011,0.029916670305552968,640,What? You guys have never seen a horse before?
191,1465,20,49,235,304,1.292763157894737,0.03343047751982457,640,Ride or die.
4218,1465,19,51,234,304,1.292763157894737,0.03310414067179434,640,"It is the ""alternate truth"" trick. I keep on telling him he is a horse."
764,1467,16,64,248,328,1.2926829268292683,0.030519488273396095,640,The hardest part was training him to give me a leg up!
3341,1467,23,62,284,369,1.2926829268292683,0.030021770985565605,640,I hope curiosity kills him too.
1915,1469,23,57,272,352,1.2926136363636365,0.031016616921269037,640,One blind cat beats three blind mice.
1272,1470,14,63,234,311,1.292604501607717,0.03095362095590927,640,"As long as the blinders don't fall off, I should be okay."
1725,1471,15,63,240,318,1.2924528301886793,0.03082789280163888,640,"If this works out, I'll be rollin' in cheese just from the stud fees."
2296,1471,13,67,238,318,1.2924528301886793,0.030177455108443815,640,That cat is mouse-whipped.
1433,1473,14,60,227,301,1.2923588039867109,0.03161794793742548,640,"I'm telling you, its going to be the new Uber!"
914,1474,19,64,266,349,1.2922636103151863,0.030120834900251213,640,He doesn’t know it so don’t tell him.
912,1475,21,48,239,308,1.2922077922077921,0.03343456026351447,640,"'' Hop on but remember not to squeak."""
4447,1475,19,52,237,308,1.2922077922077921,0.03279583580449682,640,"It actually wasn't that hard.  I just told him ""the enemy of your enemy is your friend."""
4142,1477,17,58,240,315,1.2920634920634921,0.031657950803175836,640,My shrink recommended feline-assisted therapy.
128,1478,16,67,256,339,1.2920353982300885,0.029849028640626912,640,It was surprisingly easier then getting a bell on him.
152,1478,25,49,265,339,1.2920353982300885,0.03237371229667812,640,What doesn't kill you makes you smarter.
1094,1478,24,51,264,339,1.2920353982300885,0.032102998291495155,640,"How long do you think Jerry will pull this off before Tom realizes?"""
1503,1478,23,53,263,339,1.2920353982300885,0.031829981946890795,640,Wait 'til you see what happens when the Roomba comes around
4252,1478,17,65,257,339,1.2920353982300885,0.030139994348926353,640,Living La Vida Loca!
4539,1483,22,57,267,346,1.2919075144508672,0.031108279689869567,640,"His DNA came back 39% cat, 28% mouse, 33% horse."
3782,1484,17,62,250,329,1.2917933130699089,0.030742510517791942,640,You just get their trust with some tuna and sardines.
1268,1484,20,56,253,329,1.2917933130699089,0.031633887097486386,640,Stop! We need to refuel.
4365,1486,23,57,273,353,1.291784702549575,0.030939732685208013,640,I've got some dirt on him.
3819,1487,21,51,247,319,1.29153605015674,0.03261188885067615,640,I think the whole thing works better if HE's the blind one.
3353,1488,21,53,252,326,1.2914110429447854,0.03212116497661454,640,Orange tabby is the new black.
4283,1489,15,60,234,309,1.2912621359223302,0.031391737411789467,640,It's all tone of voice. . .
348,1489,22,46,241,309,1.2912621359223302,0.03365328017564416,640,Got it for a steal at the ASPCA
2711,1491,13,73,254,340,1.2911764705882354,0.02888607067522347,640,"Just make sure it never hears you say,  'S...Q...U...E...A...K'."
1693,1492,20,52,244,316,1.2911392405063291,0.03251175424193628,640,I'm riding over to see my in-laws.
3805,1493,19,56,248,323,1.2910216718266254,0.03171961387340033,640,They have been long misunderstood!
1631,1494,29,38,263,330,1.290909090909091,0.03407655280903349,640,His name is Uber
1065,1495,16,61,243,320,1.290625,0.030979926222664815,640,To hell with the bell. This is even better.
919,1496,21,53,253,327,1.290519877675841,0.03203518221838978,640,I traded in my Pomeranian.
2887,1496,26,43,258,327,1.290519877675841,0.033467294037322855,640,"I had some Ritalin left over from the Stage 1, double-blind, clinical trial."
2901,1498,22,60,276,358,1.2905027932960893,0.030358084600410118,640,It's a trainer.  I'll be on an elephant in no time.
4194,1499,21,55,258,334,1.2904191616766467,0.03156690664604749,640,New world order
2972,1500,20,59,262,341,1.2903225806451613,0.03083816545807268,640,Oh come on you guys... don't be such scaredy cats
4540,1501,25,53,277,355,1.2901408450704226,0.031299726786897096,640,I hope he has insurance
2470,1502,21,52,251,324,1.2901234567901234,0.032232776918278,640,"See, the thing is you CAN teach and old cat new tricks."
1103,1503,16,53,224,293,1.2901023890784984,0.03285282717522361,640,It’s the new ‘don’t ask don’t tell’ policy!
827,1504,19,58,254,331,1.2900302114803626,0.0311747913548782,640,Cat Got Your Tongue?
2995,1504,19,58,254,331,1.2900302114803626,0.0311747913548782,640,This ride is the cat's meow.
4741,1504,22,52,257,331,1.2900302114803626,0.0320436823775875,640,This solar powered puppy bolts from napping to 30 mph in one second and it comes with a nine lives warranty.
2019,1507,23,45,246,314,1.2898089171974523,0.033550140055649956,640,I was getting tired of the three blind mice jokes.
2888,1507,19,53,242,314,1.2898089171974523,0.03231429208281144,640,"He doesn't know he's a cat, basically."
1083,1509,22,58,272,352,1.2897727272727273,0.030699559366607444,640,Guess who's on top now?
1765,1510,18,57,246,321,1.2897196261682242,0.03152041486736458,640,He wants to help me find Jerry.
2005,1511,20,55,253,328,1.2896341463414633,0.03165648124269087,640,I recommend making sure they’re well fed before starting on a long ride.
1136,1512,22,53,260,335,1.2895522388059701,0.03176707063325629,640,"Nah. It's cool. Just don't get in front of him. They're blinders, not a blindfold."
1092,1513,22,55,265,342,1.2894736842105263,0.03131214717118932,640,He's on a diet.
1323,1513,13,73,256,342,1.2894736842105263,0.028742055496657704,640,First step is to open up the tuna treats package.
2324,1513,21,57,264,342,1.2894736842105263,0.031037092930045827,640,The shelter assured me that he is house broken.
3455,1513,24,51,267,342,1.2894736842105263,0.03185513155386518,640,"If our President can do it, so can I."
1126,1517,23,55,271,349,1.2893982808022924,0.031139843709886053,640,I've got a really good feeling about this rat race.
3038,1518,21,61,274,356,1.2893258426966292,0.030191591382995243,640,...........and I persisted
2505,1519,16,60,242,318,1.2893081761006289,0.03108134672223893,640,It's a piece of cake once you get the blinders on.
2290,1520,15,64,246,325,1.2892307692307692,0.030321529228911768,640,He's offering free rides.
1055,1520,19,56,250,325,1.2892307692307692,0.031549461866828936,640,It’s great as long as I sit downwind.
4634,1522,16,70,267,353,1.2889518413597734,0.02900383168300512,640,Riding him is easy. Keeping him on the track is harder.
4752,1523,22,62,283,367,1.2888283378746594,0.029812599442026723,640,"More like, ‘One Blind Cat,’ am I right fellas?"
4059,1524,18,57,247,322,1.2888198757763976,0.031435252021975835,640,This cat truly found himself when he embraced his identity as a trans-species horse.
731,1525,17,61,251,329,1.2887537993920972,0.030679226892582883,640,Told you.
61,1526,16,52,223,291,1.288659793814433,0.03297339329636556,640,"This is my new cat ""a""lac"
1073,1527,20,48,237,305,1.2885245901639344,0.03326655167862202,640,"Forgive me, sir! doth thee knoweth whither I can findeth the nearest litter box?"
2869,1527,21,46,238,305,1.2885245901639344,0.03358919141371453,640,"Guys, pussy's a lot more fun when you use protection."
1853,1529,21,50,248,319,1.2884012539184952,0.03254833911958352,640,"If you can't beat 'em, ride em."
3648,1530,16,64,253,333,1.2882882882882882,0.03012395312484821,640,"I don't know where we are going, but it's a free ride!"
894,1531,26,48,273,347,1.2881844380403458,0.032030967471285025,640,Three blind mice - my ass.
2325,1531,22,56,269,347,1.2881844380403458,0.030973385948862467,640,It’s quite ironic. She only marches to the tune of  Three Blind Mice.
2264,1533,22,58,274,354,1.2881355932203389,0.03054775013161832,640,Ain't I The Cats Meow?
4416,1534,19,51,239,309,1.2880258899676376,0.0326355476533007,640,"Hello, laaaaaadies."
2191,1535,12,67,237,316,1.2879746835443038,0.02986714669419033,640,"Nah, she’s as gentle as a kitten."
813,1535,19,53,244,316,1.2879746835443038,0.03213554772743571,640,Tell the farmer's wife I'm on my way.
4567,1537,14,65,244,323,1.2879256965944272,0.03009879159872855,640,It's self-driving.
2507,1537,15,63,245,323,1.2879256965944272,0.030416556602137098,640,Don't be a Luddite—there's no way this technology comes back to bite us.
2743,1537,22,49,252,323,1.2879256965944272,0.03255417844643347,640,"Relax, it's a robot!"
1224,1540,23,49,258,330,1.2878787878787878,0.03235435125094936,640,It's a nice ride but it purrs too much.
4166,1541,21,55,261,337,1.2878338278931751,0.03132085279867716,640,"This is a lot easier than herding him, besides, he’ a great jumper."
4520,1542,24,53,274,351,1.2877492877492878,0.031245652127305287,640,I call this my kitty litter.
1029,1543,19,46,227,292,1.2876712328767124,0.03393208706350789,640,"We're headed West, where our relationship matters."
271,1544,17,56,240,313,1.2875399361022364,0.03169804042978908,640,I'll swing by for you once I figure out how to attach the carriage.
3982,1544,18,54,241,313,1.2875399361022364,0.032019460012896496,640,We can all play once I put him away.
2610,1546,19,54,247,320,1.2875,0.031849654161692796,640,Catching her was the hard part
4375,1547,19,56,252,327,1.2874617737003058,0.03138106641822649,640,"Luckily for me, Mrs. Whiskers believes the old adage about curiosity"""
4214,1548,22,52,260,334,1.2874251497005988,0.031790816849128295,640,Its largely about role playing!
3886,1549,19,51,240,310,1.2870967741935484,0.032543367212423575,640,Plus it doesn't eat cheese
753,1550,18,55,244,317,1.2870662460567823,0.031733855917564224,640,What are the odds?
1645,1550,21,49,247,317,1.2870662460567823,0.03266396467968859,640,"Well, I guess I'll just be mouseying along now."
2893,1552,18,57,249,324,1.287037037037037,0.03126625335924171,640,It’s much easier to ride the domesticated cat than herd them!
3139,1552,17,59,248,324,1.287037037037037,0.030959128555255684,640,His name is Cheesebiscuit!
257,1554,22,51,258,331,1.2870090634441087,0.0319832046142124,640,"Don't ask.  You know, 'What happens in Vegas...'"
2365,1555,19,59,260,338,1.28698224852071,0.030672457079870808,640,Who ordered the mewuber?
1718,1556,24,51,270,345,1.2869565217391303,0.03161095773147228,640,Beats the dog.
1856,1557,18,67,274,359,1.286908077994429,0.02918207073284892,640,The tough part is putting the blinders on
1285,1557,22,59,278,359,1.286908077994429,0.030229776788238145,640,Pussy whispering. It's a knack.
515,1559,20,67,286,373,1.2868632707774799,0.028951727554192275,640,Licorice...but you have to get the dose right.
1343,1560,24,40,243,307,1.286644951140065,0.034339301530429765,640,It would have been unethical to ride the elephants.
290,1561,17,56,241,314,1.286624203821656,0.03161019694247826,640,Of course it's a domestic!
4126,1561,11,68,235,314,1.286624203821656,0.029615990838254017,640,"Getting the blinders on him can be a little dicey, but then he's fine."
91,1563,16,60,245,321,1.2866043613707165,0.030829712481136275,640,Be honest - do you think I look stupid?
4903,1563,16,60,245,321,1.2866043613707165,0.030829712481136275,640,"They're called ""blinders""; it's the greatest invention since the mousetrap."
4198,1565,17,60,251,328,1.2865853658536586,0.030695940547712693,640,"Two pieces of cheese to touch, five pieces to ride."
2826,1565,26,42,260,328,1.2865853658536586,0.03331761614002321,640,Fluffy’s my bitch
634,1567,20,58,264,342,1.286549707602339,0.03070042731860554,640,"Apparently, anything goes in this gig economy."
3992,1568,17,66,266,349,1.2865329512893984,0.029451549075879033,640,Felix domesticus
2017,1569,19,51,241,311,1.2861736334405145,0.032451690156332945,640,"THEY'RE domesticated, we're not."
4320,1570,19,53,246,318,1.2861635220125787,0.03195870837654909,640,"Now, my brothers, we see how he runs!"
3462,1571,20,55,257,332,1.286144578313253,0.031322693641138814,640,It's a convenient alternative to the Greyhound.
1137,1572,14,69,256,339,1.2861356932153392,0.029132320472703144,640,"Ring the bell if you need me - and if that doesn't work,try one of the squeaky toys.  Or maybe the yarn."
256,1573,21,57,268,346,1.2861271676300579,0.03072296477668974,640,"Two chapters in to ""Cat herding for Dummies"" and voila."
4262,1574,19,60,264,343,1.2857142857142858,0.0303425282316338,640,This is his first rodeo!
4066,1574,18,58,253,329,1.2857142857142858,0.030916100325102776,640,"Now this is what I call the cat's meow."""
4917,1574,17,68,272,357,1.2857142857142858,0.028996305842352552,640,I promised him all of your hideouts.
3052,1574,14,68,254,336,1.2857142857142858,0.029290870972838043,640,"Once you break them, they can be quite useful."
1572,1574,20,56,260,336,1.2857142857142858,0.031057445652367996,640,It's actually more affordable than you might think.
1882,1574,13,64,238,315,1.2857142857142858,0.03021269164246416,640,The hardest part was getting the blinders on!
335,1574,16,58,241,315,1.2857142857142858,0.031200447808335162,640,'He's just a pussycat.'
107,1574,16,58,241,315,1.2857142857142858,0.031200447808335162,640,"Relax. He's a real pussy!"""
1422,1582,21,57,269,347,1.2853025936599423,0.030645393419337995,640,He's obviously compensating for something...
1594,1583,18,59,256,333,1.2852852852852852,0.030655769489465197,640,"It's easy, really. Just keep your feet under you, relax your back, and use a light tension on the reins."
509,1584,20,53,253,326,1.2852760736196318,0.031700183059062116,640,"If you think this is strange, you should check out the dog and pony games"
3267,1584,17,59,250,326,1.2852760736196318,0.030794011104429215,640,I’ve got him catniptotized!
3180,1586,24,48,265,337,1.28486646884273,0.032096895627275863,640,He's a unique pussy and I responded to an online ad he posted for a petite dominatrix.
1586,1586,24,48,265,337,1.28486646884273,0.032096895627275863,640,Don't worry. We'll be back in time for dinner.
2504,1588,17,60,253,330,1.284848484848485,0.030534256439066237,640,"If  you're going to herd them, it's best to be riding one."
3691,1588,21,52,257,330,1.284848484848485,0.031717912862526385,640,Need a Lyft?
3384,1590,24,44,255,323,1.284829721362229,0.03307757503187001,640,See? Told you he was a pussy cat!
4100,1590,17,58,248,323,1.284829721362229,0.030976093220381536,640,"All mice are equal, but some mice are more equal."
4807,1590,19,54,250,323,1.284829721362229,0.03159078458747744,640,"You said, Who will bell the cat?
I say, Why think small?"
4155,1593,19,50,240,309,1.284789644012945,0.0325667072127749,640,Isn't this just the cat's meow?
3523,1594,18,63,267,348,1.2844827586206897,0.02974437657991383,640,Don't worry!  He's a real pussycat!
1349,1595,17,63,261,341,1.284457478005865,0.029864801536672436,640,Once he was broken-in he's like a pussy cat.
4769,1596,15,65,254,334,1.284431137724551,0.029680502133606505,640,"I'm a cat whisperer, he's a herding cat, and this is our first rodeo."
2397,1597,19,55,253,327,1.2844036697247707,0.03131701028607701,640,"Actually, you're statistically more likely to die on the way to the cat stables."
3538,1597,17,59,251,327,1.2844036697247707,0.0307120885823836,640,Driving is safer than walking.
4668,1597,14,65,248,327,1.2844036697247707,0.029781676629146717,640,"Gimme all your cheese, or I'll take his blinders off."
413,1600,18,62,265,345,1.2840579710144928,0.029908623737151797,640,Call me The Cat Whisperer
1346,1601,18,60,260,338,1.2840236686390532,0.030322847397259413,640,"Check out my ride, I just replaced the cat-alytic converter."
433,1602,18,58,255,331,1.283987915407855,0.030753177151228203,640,What he doesn't know won't hurt him.
525,1603,16,60,248,324,1.2839506172839505,0.03058197613251302,640,Don't let him see you until the final furlong.
865,1603,18,56,250,324,1.2839506172839505,0.03120062788817697,640,Should I be wearing a helmet?
1449,1603,14,64,246,324,1.2839506172839505,0.029950548370984886,640,"He said catnip, I said cat trip"
2957,1603,18,56,250,324,1.2839506172839505,0.03120062788817697,640,It beats taking the L train.
3665,1603,18,56,250,324,1.2839506172839505,0.03120062788817697,640,Don't ask me what I feed it.
1819,1608,11,64,228,303,1.283828382838284,0.030224167595161344,640,The hard part is getting him out the front door.
1339,1609,13,71,258,342,1.2836257309941521,0.02861441342223674,640,I can make it from the basement to the attic in 12 seconds!
2912,1610,22,49,257,328,1.2835365853658536,0.032116470551701165,640,He thinks that he's people. And that I'm rich.
3197,1610,16,61,251,328,1.2835365853658536,0.030324673583318362,640,We've teamed up to go viral on YouTube
4920,1612,25,52,283,360,1.2833333333333334,0.03086246083356264,640,Look who's blind now baby!
4017,1613,15,70,268,353,1.2832861189801699,0.028604917005577005,640,"The trick is to keep your chin up, shoulders back and heels down when posting the trot and he won't eat you."
412,1614,15,68,263,346,1.283236994219653,0.028978702906390316,640,"Once I saddle-broke him, the rest was easy."
4770,1615,20,54,258,332,1.283132530120482,0.03126006439595049,640,He still has eight more.
28,1616,18,56,251,325,1.283076923076923,0.031116745991063944,640,"Once they're broken in, it's as easy as stealing cheese from a mousetrap."
242,1616,14,64,247,325,1.283076923076923,0.029871030644516624,640,I had a coupon for 20% off your first ride.
1790,1616,20,52,253,325,1.283076923076923,0.03172126393644751,640,It's easy.  Just take the feline.
1745,1619,16,54,234,304,1.2828947368421053,0.03188927122332389,640,Three Blind Mice my #$%!
2229,1620,21,55,267,343,1.282798833819242,0.03083974011206948,640,"Say what you will, it’s a pretty nice ride!"
3256,1621,14,65,250,329,1.2826747720364742,0.02962551472586311,640,It's a seeing eye cat.
4498,1622,17,57,248,322,1.2826086956521738,0.0309924663193129,640,She's a vegetarian and quite nice once you get to know her.
3489,1622,15,61,246,322,1.2826086956521738,0.030361719763046965,640,I gotta get her tired enough so she can't chase me when I get off.
765,1622,19,53,250,322,1.2826086956521738,0.03161062970169516,640,Three Blind Mice was only fake news!
314,1622,22,60,286,368,1.2826086956521738,0.029634753797819394,640,Lynx Lyft
780,1626,16,57,242,315,1.2825396825396826,0.031130417668181264,640,He just ate the trainer and two barn hands so hopefully he's full.
3903,1626,12,65,238,315,1.2825396825396826,0.029803041701332807,640,If George Orwell could see me now. Giddy-up!
1148,1628,19,62,273,354,1.2824858757062148,0.029635760426164597,640,It's Mouser - like Uber but for mice.
2805,1629,17,62,261,340,1.2823529411764707,0.029878305671668156,640,I can't wait to see the look on the faces of those cheese hogging rats.
2356,1630,19,56,258,333,1.2822822822822824,0.030886164363905143,640,"When the cat's a sleigh, the mice will play."
3466,1631,19,54,253,326,1.2822085889570551,0.03133596206149573,640,I figure the blinders will avoid a cat astrophe.
1777,1631,18,56,252,326,1.2822085889570551,0.03103329968963532,640,Give me back the cheese or I take off the blinders.
1746,1631,15,62,249,326,1.2822085889570551,0.03010706235334794,640,I scored big in catnip futures
460,1631,13,66,247,326,1.2822085889570551,0.029473404047765193,640,Take the picture already! We can't hold this pose forever!
2834,1635,15,60,244,319,1.2821316614420062,0.030539039568067364,640,This is way better than putting a bell on it.
2601,1636,27,45,279,351,1.2820512820512822,0.031908105114113655,640,Oh My! Look at the asshole on the cat.
3944,1637,17,52,236,305,1.2819672131147541,0.0321354613152584,640,"You know, I am just tired of running."
2567,1638,19,46,233,298,1.2818791946308725,0.03333030757926881,640,What did you expect?  An Uber?
3264,1639,18,57,255,330,1.2818181818181817,0.030769641381021517,640,"Hey guys, you might want to move. That's his litter box, not a beach."
4519,1639,22,49,259,330,1.2818181818181817,0.031944577173361216,640,I won the game.
4672,1639,21,51,258,330,1.2818181818181817,0.03165493193434146,640,You guys still talking about the bell?
2424,1642,16,59,248,323,1.2817337461300309,0.030596098980622034,640,It’s post-modern. HE’S  the one who’s blind and NONE OF US is running.
1408,1643,21,67,299,387,1.2816537467700257,0.028378093311721118,640,I told you two to invest in Bitcoin.
1776,1644,20,58,270,348,1.2816091954022988,0.0302367214385259,640,I started with a little bell.
1110,1645,22,43,244,309,1.2815533980582525,0.03345261739738219,640,Someone needs to tell Phil to get off his high-cat already.
3702,1645,14,59,236,309,1.2815533980582525,0.03083765454382994,640,You ought to get yourself one too-  it purrs like a kitten.
422,1647,16,64,261,341,1.281524926686217,0.02951122839995553,640,This will work until he gets hungry!
2746,1647,16,64,261,341,1.281524926686217,0.02951122839995553,640,The ride is much smoother than that dog I had.
4097,1647,23,50,268,341,1.281524926686217,0.031490708388925176,640,Just practicing for whenever Congress authorizes that $80 million Trump parade.
1988,1650,20,54,260,334,1.281437125748503,0.031095645777324363,640,"SEE , I TOLD YOU MY RIDE WAS THE 'CAT'S MEOW"""
4411,1650,19,56,259,334,1.281437125748503,0.030805147823028425,640,"We’re going to “Catmandu”, wherever that is."
1734,1650,22,50,262,334,1.281437125748503,0.031668648441782694,640,A little catnip in her vape pen and it’s off to the races.
1736,1653,21,59,279,359,1.2813370473537604,0.029858986865455992,640,It's all in how you grab them.
4400,1654,25,40,255,320,1.28125,0.033518742125379815,640,Hey look! There is a filling station right there!
4900,1654,15,60,245,320,1.28125,0.030456219541785377,640,Soft hands and light reins and they’re actually quite docile.
1331,1656,13,60,233,306,1.2810457516339868,0.030676864641119184,640,"Our relationship improved dramatically right
after I cornered the market on Meow Mix."
1531,1657,25,50,281,356,1.2808988764044944,0.031058515234431608,640,"I told him the whole ""Cats Eat Mice"" thing was fake news and then I asked him to give me a ride to the front door.  You might want to hop on before he figures out the truth."
558,1658,13,65,246,324,1.2808641975308641,0.02955953292175794,640,I've found lots of things work out better with blinders on.
1911,1658,16,59,249,324,1.2808641975308641,0.03051391258463633,640,She's a rescue from a horse barn.
3811,1660,14,54,224,292,1.2808219178082192,0.03199287824776121,640,"It runs on only three mice a day"""
2799,1661,16,57,244,317,1.2807570977917981,0.030959289421605515,640,"But protein powered, tiny carbon footprints, and motor purrs like a kitten...!"
1340,1661,20,49,248,317,1.2807570977917981,0.032223287196627814,640,Catnip Rules!
695,1663,18,51,241,310,1.2806451612903227,0.03208062693545586,640,See how it runs?
1217,1663,16,55,239,310,1.2806451612903227,0.031423058607546184,640,The hard part is breaking them in.
3841,1665,19,56,260,335,1.2805970149253731,0.030724542354247684,640,He insisted on a blind date
4681,1665,15,64,256,335,1.2805970149253731,0.029538089129462985,640,He imprinted on a Clydesdale when he was a kitten.
125,1667,17,56,248,321,1.280373831775701,0.031008232240929613,640,"Honey, how much did you have to pay for insurance."
415,1667,19,52,250,321,1.280373831775701,0.03162991110762523,640,Why be afraid of new technology?
3292,1669,21,39,229,289,1.2802768166089966,0.034713632168734576,640,It’s an exciting new twist to a very old game!
2112,1670,14,67,258,339,1.28023598820059,0.0290021244541329,640,"I might not be riding the tiger, but he knows where the good trash cans are."
1252,1670,20,55,264,339,1.28023598820059,0.030754702311014084,640,I’m telling you guys: exposure therapy is the way to go!
214,1670,19,57,263,339,1.28023598820059,0.030469607245167243,640,Florida has to replace greyhound racing with something.
445,1673,15,56,236,307,1.280130293159609,0.03127869567307791,640,What she can't see won't hurt me.
2474,1674,21,51,260,332,1.2801204819277108,0.031486774743889806,640,"Just remember, it's ""Fabulous Feline"" to win in the fifth."
3138,1675,21,49,255,325,1.28,0.031954383440814825,640,On the final episode of Tom and Jerry...
4258,1675,22,47,256,325,1.28,0.03225020888939026,640,How the mighty have feline.
4694,1675,18,55,252,325,1.28,0.03105000103224739,640,"The magic word was ""Please."""
719,1678,21,61,286,368,1.2798913043478262,0.029328664540142196,640,I actually think of myself as more of a dog person.
4325,1679,14,61,243,318,1.279874213836478,0.030224968929453616,640,Once I trained the dog this was a piece of cake
770,1680,19,56,261,336,1.2797619047619047,0.0306443449776278,640,See? Cats CAN be trained!
1353,1680,22,50,264,336,1.2797619047619047,0.03150207585475971,640,"Not exactly what I thought the Craigslist ad meant, but it's a fun ride all the same."
4494,1682,18,51,242,311,1.279742765273312,0.0319900376407829,640,"You can find my latest book on Amazon, ""The Cat Whisperer."""
828,1683,29,34,266,329,1.2796352583586625,0.033935518749355444,640,See that Mouse he tamed that cat to go against all its better instincts put blinders on it and named it the Republican Party
3806,1684,15,67,265,347,1.2795389048991355,0.028843420070866835,640,Just a precaution until we leave the house.  She prefers birds.
4138,1685,19,50,246,315,1.2793650793650793,0.03202085071253721,640,His last jockey turned out to be a rat.
1652,1686,22,56,280,358,1.2793296089385475,0.030135529829424437,640,Catnip never fails.
2427,1687,18,50,240,308,1.2792207792207793,0.03219138880522617,640,Just one dose of genetically modified catnip and voila!
3773,1688,18,62,271,351,1.2792022792022792,0.02946244432952541,640,Tell Mom I've run away to join the circus.
1204,1689,21,49,256,326,1.2791411042944785,0.03186778957437737,640,"I read Art of the Deal, then did the exact opposite..."
3988,1689,13,65,248,326,1.2791411042944785,0.029403084579930697,640,"Once you break their spirit, they're as tame as kittens."
542,1691,25,39,255,319,1.2789968652037618,0.03354792996278033,640,What?  Cat's got your tongue.
4642,1692,17,63,268,348,1.278735632183908,0.029341634166532543,640,I gotta sure winner here.  All the other ones in the race are dogs.
202,1693,15,60,248,323,1.278637770897833,0.030210340281362706,640,Thanks for the catnip!
1439,1693,15,60,248,323,1.278637770897833,0.030210340281362706,640,"Catnip and blinkers, and he becomes a pussycat."
2944,1693,21,48,254,323,1.278637770897833,0.03206310370004177,640,"Blind mice, my ass!"
3615,1693,23,44,256,323,1.278637770897833,0.03265734126554499,640,"I don't know why, but until I put blinkers on him, I couldn't get life insurance."
4827,1697,19,57,265,341,1.278592375366569,0.030312859526106056,640,She's fine with it as long as I don't grab anything.
2067,1698,16,56,244,316,1.2784810126582278,0.030973371104249255,640,"Long way from Tom and Jerry, am I right?"
1935,1699,18,57,259,334,1.278443113772455,0.030446969469201626,640,No one could made an entrance quite like Carl could.
2572,1700,18,50,241,309,1.27831715210356,0.03209976176821497,640,My next cat will be an all electric  Abyssinian
3153,1701,19,53,255,327,1.2782874617737003,0.0311857438260893,640,"They’re not blinders, they’re virtual reality units. She thinks she’s Seabiscuit. I think she’s nuts."
3296,1701,17,57,253,327,1.2782874617737003,0.030578225419739306,640,Don't worry about the money. I'm only leasing it.
1180,1703,18,60,267,345,1.2782608695652173,0.029785062595872904,640,You gotta get this app!
4127,1703,21,54,270,345,1.2782608695652173,0.03062198672735424,640,"Easy, just a little catnip and the promise of media stardom."
2868,1705,15,59,246,320,1.278125,0.0303852734281089,640,Three sharp-eyed mice. One blinded cat. Let’s see how Brown’s wife does with these odds.
3024,1705,11,67,242,320,1.278125,0.02906707648431173,640,"Yes, you can pet him."
3484,1707,18,58,262,338,1.2781065088757397,0.030195807790481144,640,Don’t worry. He said he’s just taking me fo a ride.
4007,1708,20,52,259,331,1.2779456193353473,0.031214690280805795,640,"See, they can be trained!"
3070,1708,15,62,254,331,1.2779456193353473,0.029712067394142956,640,There are two more blind ones...You should see how they run.
1916,1708,20,52,259,331,1.2779456193353473,0.031214690280805795,640,UBER-KITTY!!
2134,1708,23,46,262,331,1.2779456193353473,0.03208250073828652,640,Who's the pussycat now?
1281,1712,18,61,270,349,1.2779369627507164,0.029548317626798267,640,It turns out they're highly hypnotizable.
4546,1713,25,52,290,367,1.2779291553133516,0.03034070296996707,640,"Nah, I couldn't afford one.  Anyway, I hear the self-driving model eats you."
741,1714,12,56,220,288,1.2777777777777777,0.031454331547734575,640,With the blinkers on he's a real pussycat.
2529,1714,11,58,219,288,1.2777777777777777,0.031067318882978565,640,This beats trying to put a bell on her.
3046,1714,14,62,248,324,1.2777777777777777,0.029810393445746527,640,Awww...you guys worry too much! He's perfectly safe.
2820,1717,15,68,270,353,1.2776203966005666,0.02848111154812847,640,I own this nursery rhyme!
364,1718,7,79,249,335,1.2776119402985076,0.026936085121480283,640,That hypnosis course really worked!
4216,1719,13,62,242,317,1.277602523659306,0.029902705624700338,640,The key are the blinders and always mount from the rear!
3301,1719,15,58,244,317,1.277602523659306,0.030563100657660647,640,It's in case someone has a laser pointer during dressage.
2555,1721,14,68,264,346,1.277456647398844,0.028559589962974564,640,And she gets 10 miles on an ounce of catnip.
4445,1721,12,72,262,346,1.277456647398844,0.027966782473516864,640,"He's no Secretariat, but he knows a mousetrap when he sees one."
2854,1723,15,61,252,328,1.2774390243902438,0.029878962087775938,640,"It’s not just the blinders, it’s knowing how to sweet talk"
2934,1724,21,52,266,339,1.2772861356932153,0.03097490585566131,640,The dog was the best man at my wedding.
1368,1725,13,66,253,332,1.2771084337349397,0.029013623360126053,640,"I'm thinking of trading this one in for the dog, actually."
2976,1725,20,52,260,332,1.2771084337349397,0.031131786798077325,640,"Cheer up, we won the house!"
4452,1727,21,45,248,314,1.2770700636942676,0.03266932813667086,640,"""He was already trained when I bought him."""
4226,1728,16,58,251,325,1.2769230769230768,0.030362939603985662,640,How's this for a metaphor for democracy?
3584,1728,21,48,256,325,1.2769230769230768,0.03188847539517544,640,You should see how he runs!
3854,1728,21,48,256,325,1.2769230769230768,0.03188847539517544,640,She asked me to help frustrate the dog.
4279,1731,14,57,236,307,1.276872964169381,0.0308601916729455,640,We are each the other’s comfort animal.
3220,1732,15,63,258,336,1.2767857142857142,0.029394948136314908,640,Off to the cat race.
788,1733,18,68,290,376,1.2765957446808511,0.028087255451840796,640,The hard part is getting into the saddle.
1231,1733,16,59,254,329,1.2765957446808511,0.030109301718664407,640,What do you mean a better mousetrap?
2248,1733,14,63,252,329,1.2765957446808511,0.029487333043397734,640,Can I get anything for you from the Cheesecake Factory?
2269,1733,19,53,257,329,1.2765957446808511,0.031018879895082202,640,a little catnip changes the whole game
4217,1737,21,57,280,358,1.276536312849162,0.02981654534200854,640,He's the mouse that road.
4704,1738,20,54,266,340,1.276470588235294,0.03061231850010354,640,It's guaranteed to be the ride of your life.
1502,1739,15,51,227,293,1.2764505119453924,0.032181777414624566,640,It's all a matter of confidence.
2629,1740,15,59,248,322,1.2763975155279503,0.030220870777222564,640,We’ll make a mint when he gets used to the carriage.
2179,1741,15,62,256,333,1.2762762762762763,0.029556856865215676,640,"Yes, it did take some time, but it was totally worth it...."
4161,1741,20,52,261,333,1.2762762762762763,0.031049310546800556,640,The blinders keep it from going after dogs.
4828,1741,14,64,255,333,1.2762762762762763,0.02924922919009464,640,I told you he was a pussycat
4799,1744,20,60,282,362,1.276243093922652,0.029324343670785014,640,I used to ride greyhounds but it just felt wrong.
2605,1745,15,57,243,315,1.276190476190476,0.030658764620547233,640,It’s the only way I could get him to stop chasing his tail.
1305,1746,18,59,267,344,1.2761627906976745,0.029797571002931855,640,"I heard about ""Catnapping"" but didn't believe it."
3475,1747,11,68,247,326,1.2760736196319018,0.028680823867145846,640,The most important safety features are the blinders.
2055,1747,22,46,258,326,1.2760736196319018,0.03209727049639609,640,My other ride is a Porsche.
3134,1747,19,52,255,326,1.2760736196319018,0.031202632697265784,640,He’s says he knows a secret place that mice find heavenly.
875,1750,19,60,276,355,1.276056338028169,0.029443592042811963,640,Don't ask. Hop on.
1854,1751,19,50,250,319,1.2758620689655173,0.03166672185984298,640,Food chain? Never heard of it...
2451,1751,23,42,254,319,1.2758620689655173,0.03288835769379585,640,Alpha Mouse
4636,1753,20,59,280,359,1.275766016713092,0.029480593633525697,640,"As long as he doesn’t see our reflection, he’ll keep thinking I’m a god."
1694,1754,14,63,253,330,1.2757575757575759,0.029409787880162037,640,If we get it on YouTube we’ll be rolling in cheese.
3713,1754,18,55,257,330,1.2757575757575759,0.030636918957758864,640,Have you listened to my podcast on controlling your fears?
4220,1756,9,71,243,323,1.2755417956656347,0.028160259468128022,640,"'Git along little kitty' has a better ring to it, don't you think?"
3167,1757,19,62,282,363,1.2754820936639117,0.028992040502607314,640,I'm headed out to herd some cats
3937,1757,21,58,284,363,1.2754820936639117,0.029512343567640074,640,I call it my catbird seat!
944,1759,19,57,269,345,1.2753623188405796,0.03000401328483187,640,"The cat whisperer? No, I am the catnip suppler."
2059,1760,20,42,236,298,1.2751677852348993,0.03351860949134488,640,It's easier than taming a shrew.
298,1761,18,52,250,320,1.275,0.03126762825675314,640,When you're a star...
669,1762,14,66,262,342,1.2748538011695907,0.0287154374261161,640,"Gentlemen, behold an alpha male."
798,1762,15,64,263,342,1.2748538011695907,0.029012510568634145,640,"With the blinders, they don't know you're a mouse."
4864,1764,20,43,239,302,1.2748344370860927,0.03319882720197129,640,He just  read Puss  and  Boots
4111,1765,15,56,242,313,1.2747603833865815,0.030755120507334716,640,It's called dressage...
2882,1766,14,61,249,324,1.2746913580246915,0.02973858075910006,640,Under the bed? Take the black one. This one only stops at the couch and kitchen.
3214,1767,18,56,261,335,1.2746268656716417,0.030301362437016737,640,There’s more than one way to train a cat.
3501,1767,19,54,262,335,1.2746268656716417,0.030594889506319743,640,COME ON!!  THIS IS OUR MEOW- TOO MOMENT !!
1276,1769,17,61,268,346,1.2745664739884393,0.02936258199086545,640,Is it cat calling if I whistle?
4776,1770,14,56,236,306,1.2745098039215685,0.030870296585869775,640,"Worst mousetrap, EVER!"
1993,1771,20,47,250,317,1.274447949526814,0.03208519305500068,640,My elephant kept running away.
3750,1772,16,58,254,328,1.274390243902439,0.030120106848834108,640,We're going over to visit the three blind mice.
3111,1772,16,58,254,328,1.274390243902439,0.030120106848834108,640,"I have about five minutes left, then I will wake up."
4791,1772,15,60,253,328,1.274390243902439,0.029808956055598513,640,This on;y works in states where catnip is legal.
330,1775,22,49,268,339,1.2743362831858407,0.03119272963947289,640,They call me the Calico Kid.
1620,1776,22,52,276,350,1.2742857142857142,0.03050517110274835,640,Who said you can’t have it all??
2071,1776,20,56,274,350,1.2742857142857142,0.02996362529807517,640,I told him I was Dale Evans.
4589,1776,12,72,266,350,1.2742857142857142,0.027691737919196036,640,No need to run. “They” identify as a horse today.
2319,1779,20,45,245,310,1.2741935483870968,0.03258266581432495,640,We attack the birdhouse at dawn
3319,1779,19,47,244,310,1.2741935483870968,0.032260674286329984,640,"Cat Town Races five miles long...Doo Dah, Doo Dah..."
1375,1779,17,51,242,310,1.2741935483870968,0.031606851995889425,640,The engine's hard to motivate but you get a whole 9- year warranty.
3922,1782,20,60,285,365,1.273972602739726,0.029112356086001056,640,Ladies...
2503,1783,18,50,246,314,1.2738853503184713,0.03164912703286918,640,"It's called ""dressage."" Not that I expect you uncultured rodents to know anything about it."
1688,1783,18,50,246,314,1.2738853503184713,0.03164912703286918,640,"It does seem kind of elitist, doesn't it?"
564,1785,18,56,262,336,1.2738095238095237,0.03022209953608293,640,"Now if you'll excuse me, I have a lap to go sit on."
4291,1785,19,54,263,336,1.2738095238095237,0.030514645692180258,640,Your Mewber has arrived
207,1787,23,55,291,369,1.2737127371273713,0.02964716980379775,640,"Sure its a bit extravagant, but I did dupe 26 million humans into buying my book about moving cheese..."
1047,1788,22,46,261,329,1.2735562310030395,0.03183713419480923,640,"The lab said if I hold off on the lawsuit, they’ll throw in this seeing-eye cat."
1416,1788,16,58,255,329,1.2735562310030395,0.030039996568214787,640,I get fourteen miles per mouse.
2392,1788,23,44,262,329,1.2735562310030395,0.032126884905402,640,I've named him Elon.
4333,1788,20,50,259,329,1.2735562310030395,0.031249573977335743,640,I just couldn't deal with the trains anymore.
3575,1792,20,53,267,340,1.2735294117647058,0.03054848322581504,640,He says he got the idea in Central Park.
476,1793,21,54,276,351,1.2735042735042734,0.030159471648332145,640,You wouldn't believe the mileage I get on this thing.
4570,1793,20,56,275,351,1.2735042735042734,0.029888354150513777,640,It's like riding a bicycle--you never forget.
4388,1795,21,57,284,362,1.2734806629834254,0.029525850892535076,640,Go figure. I app-hailed a ride and he showed up.
2665,1796,18,52,252,322,1.2732919254658386,0.031096507961587947,640,This could be better than the tail wagging the dog.
1211,1797,19,53,261,333,1.2732732732732732,0.03069030622346501,640,I told him I really liked him and that he was incredible.
2419,1797,12,67,254,333,1.2732732732732732,0.028552797399500396,640,It's a little game we play.
2176,1799,14,66,264,344,1.2732558139534884,0.028570531768135433,640,"Herding is difficult, but pampering makes the rest easy."
1999,1800,9,65,230,304,1.2730263157894737,0.02916287894264554,640,... and just a wee pinch of catnip in his dinner bowl.
4277,1801,18,50,247,315,1.273015873015873,0.03156047275802581,640,"Hey, how about a wedge of havarti for me and some tuna for my friend?"
3588,1801,18,50,247,315,1.273015873015873,0.03156047275802581,640,The blinders are a key piece of safety equipment.
2649,1801,17,52,246,315,1.273015873015873,0.031238486492211517,640,My epiphany was to stop trying side-saddle.
111,1804,16,57,253,326,1.2730061349693251,0.030211220250908305,640,"Okay, I get it... but wait until he tries to dismount..."
1871,1804,15,59,252,326,1.2730061349693251,0.02989717378542849,640,"Kitty-up, feline."
2550,1804,17,55,254,326,1.2730061349693251,0.030522035609403114,640,I was tired of the old game.
3808,1804,20,49,257,326,1.2730061349693251,0.03143604847655014,640,He thinks he's the cat's meow
1737,1808,20,52,265,337,1.2729970326409497,0.030723615026903964,640,Much safer than an elephant.
3846,1808,19,54,264,337,1.2729970326409497,0.030434810149410404,640,Don’t worry; the worst part is when it bathes itself.
4883,1810,16,63,269,348,1.2729885057471264,0.028929996222900076,640,It’s got four-whisker drive.
2975,1811,19,60,280,359,1.2729805013927578,0.02915532136259993,640,"Yes, I'm a member of the three blind mice...why?"
4472,1812,15,54,239,308,1.2727272727272727,0.031037945927988045,640,He thinks we are blind too.!
4204,1812,18,63,282,363,1.2727272727272727,0.028668454430598365,640,"Don't worry, he's blind. He thinks i'm his uber customer."
2837,1812,18,54,258,330,1.2727272727272727,0.030568972117474332,640,It's a cat-and-mouse game.
4637,1812,15,57,247,319,1.2727272727272727,0.03032273959311599,640,It’s easy after the blinders are on.
1154,1812,12,63,244,319,1.2727272727272727,0.029331236550768226,640,A little catnip and he is putty in my hands.
325,1812,16,49,232,297,1.2727272727272727,0.03215729999833401,640,"Relax, Bob has been doing these rides for a long time...say, has anyone seen Bob lately?"
1741,1812,13,61,245,319,1.2727272727272727,0.02966541988930416,640,"Really, the hardest part is getting the blinders on. After that it’s a breeze."
69,1819,21,58,288,367,1.2724795640326976,0.029228507498270457,640,He wants to be on Animal Planet.
4728,1820,21,49,264,334,1.2724550898203593,0.031191158023948534,640,It's a Domestic Shorthair without the bells and whistles.
3799,1820,18,55,261,334,1.2724550898203593,0.030314059067441564,640,Thanks for asking. We’re off to join the Cirque du Soleil.
832,1822,11,66,246,323,1.2724458204334366,0.02875958119960816,640,The only hard part was getting the blinders on!
4147,1823,12,61,239,312,1.2724358974358974,0.029743688360021996,640,The Catucky Derby!  Where do ya think?!
1,1824,17,61,271,349,1.2722063037249283,0.029141511420331476,640,They said it couldn't be done.
1549,1824,17,61,271,349,1.2722063037249283,0.029141511420331476,640,"Hop on. It's a catavan."""
2430,1824,20,55,274,349,1.2722063037249283,0.029977156650393657,640,I used to infest a riding stable.
717,1827,20,52,266,338,1.272189349112426,0.030643228063274266,640,Wait till he finds out who's holding the reins!
1928,1828,16,57,254,327,1.27217125382263,0.030130258603850144,640,"Forecast was for reining cats, dogs predicted next week,"
3504,1829,21,44,251,316,1.2721518987341771,0.0324157827106617,640,"Get them as kittens, and you can snuggle the call of the wild right out of them."
4512,1829,18,50,248,316,1.2721518987341771,0.03147230041286599,640,Just pitched Disney.  Tomorrow it’s Netflix.
3900,1831,14,71,279,364,1.271978021978022,0.027520543514298057,640,Now this is a hybrid.
3673,1832,21,51,270,342,1.2719298245614035,0.030671421672101885,640,Found him on Craig's List under 'blind cats'.
931,1833,21,45,254,320,1.271875,0.03212480483699545,640,He turned vegan!
3162,1833,21,45,254,320,1.271875,0.03212480483699545,640,"A sure thing, Boo Boo Kitty in the seventh at Petsmart."
4302,1835,15,67,275,357,1.2717086834733893,0.02814073221637893,640,"As long as I don't sing 'Git Along, Little Doggie,' he's fine."
2490,1836,17,60,269,346,1.2716763005780347,0.029297780706178406,640,I’m The Mouse That Roared.”
345,1837,11,69,255,335,1.2716417910447761,0.028089046291007176,640,Ever heard of horse whispering? Same thing.
3451,1838,21,43,249,313,1.2715654952076678,0.032620731400418754,640,I call it three mice blinders
3996,1838,18,49,246,313,1.2715654952076678,0.03166499581259191,640,"Yeah, he's a real pussy cat."
4714,1840,18,62,281,361,1.2714681440443214,0.02874679607766962,640,"Finally, the better mousetrap!"
2312,1840,18,62,281,361,1.2714681440443214,0.02874679607766962,640,Great acceleration but a fuel hog.
4043,1842,17,58,264,339,1.2713864306784661,0.029694241725215335,640,You can take the blinders off to activate self-driving mode.
1403,1843,17,52,248,317,1.2712933753943219,0.031064897380486487,640,The other two are saddled up and ready.
4693,1844,12,56,227,295,1.271186440677966,0.030805528220733496,640,They can get a little skittish if they see a dog.
1895,1844,12,72,270,354,1.271186440677966,0.027421841816543606,640,The trick is getting the blinders on right.
2222,1846,18,57,268,343,1.271137026239067,0.02974442831814597,640,Just like riding a bike.
4229,1846,16,61,266,343,1.271137026239067,0.029165598972071754,640,See what happens when you conquer your fears?
1170,1848,14,62,256,332,1.2710843373493976,0.029185052292460843,640,"Sure, it takes a lot of training, but think of the respect I get on the freeway."
2945,1848,17,56,259,332,1.2710843373493976,0.030105918657463794,640,I'm auditioning for the 'Tom & Jerry' re-boot.
2354,1850,16,55,250,321,1.2710280373831775,0.030478492101790492,640,"Couple scratches, but worth every penny."
3421,1850,15,57,249,321,1.2710280373831775,0.030157388411705708,640,They say his mother was a mouser.
2732,1852,20,60,289,369,1.2710027100271002,0.02883429632493392,640,It’s not like I’m riding a tiger or anything
3492,1852,20,60,289,369,1.2710027100271002,0.02883429632493392,640,I have to keep kicking him so he doesn't nap.
500,1854,18,45,236,299,1.2709030100334449,0.03266239278773818,640,Forget Uber download the MEOW app.
8,1854,19,43,237,299,1.2709030100334449,0.033004213183945225,640,We're running in the Purreakness.
4756,1856,15,64,268,347,1.2708933717579252,0.02864802771952452,640,"One blind cat, one blind cat.
See how I ride. See how I ride."
1629,1857,21,49,266,336,1.2708333333333333,0.031026355618278902,640,This one is quite docile.  What could possibly go wrong?
720,1858,15,58,252,325,1.2707692307692309,0.029905248865517313,640,There's more potency in these new strains of catnip.
2827,1858,18,52,255,325,1.2707692307692309,0.030843215894075987,640,"Catnip in the Fancy F
east."
943,1860,16,53,245,314,1.2707006369426752,0.030924654914094934,640,A mouser is no match for a good cat wrangler.
4585,1861,20,52,268,340,1.2705882352941176,0.030483677195074697,640,"Going to the vet, to get him declawed."
178,1861,15,62,263,340,1.2705882352941176,0.02902575076495968,640,"The key is, of course, the proper saddle."
2160,1863,16,67,283,366,1.2704918032786885,0.027931309168283795,640,It was hell breaking him.
1040,1864,19,48,251,318,1.270440251572327,0.03161275833805855,640,"Mice rule, cats drool."
3690,1865,15,53,239,307,1.270358306188925,0.03104837897794727,640,Come take a ride on the wild side
2842,1865,15,53,239,307,1.270358306188925,0.03104837897794727,640,"I hypnotized him, he thinks he's a horse. Just don't snap your fingers in front of him."
1623,1867,15,63,266,344,1.2703488372093024,0.028798568849810306,640,Easy . . . Just convince him he is a horse.
4863,1867,15,63,266,344,1.2703488372093024,0.028798568849810306,640,"So far, I am winning"
1583,1869,18,51,253,322,1.2701863354037266,0.031025410237037965,640,His mom is gonna KILL him!
2814,1869,11,65,246,322,1.2701863354037266,0.028759864130984403,640,You just have to keep the blinders VERY secure.
3559,1869,14,59,249,322,1.2701863354037266,0.029751944427358103,640,The tricky part was getting the harness on
3437,1872,19,46,246,311,1.270096463022508,0.03209516388361979,640,"You want to see something funny, wait 'til the dog gets on."
1991,1873,22,57,295,374,1.2700534759358288,0.029049816456870117,640,I broke him with Sun Tzu and some rolled catnip.
2548,1874,19,53,265,337,1.2700296735905046,0.030368436626193308,640,The cat no longer has to be away for this mouse to play.
4405,1875,16,56,254,326,1.2699386503067485,0.030139740419471917,640,Relax. We're just horsing around.
2600,1875,15,58,253,326,1.2699386503067485,0.02982494130522925,640,Improbable but not impossible.
204,1875,15,58,253,326,1.2699386503067485,0.02982494130522925,640,I really hope those blinders stay on.
1495,1875,14,60,252,326,1.2699386503067485,0.029506783883839156,640,"You wouldn't think, but the hardest part is actually finding a cat."
2581,1879,23,46,272,341,1.2697947214076246,0.031243958964895215,640,The bitch thinks I'm a flea.
103,1880,19,51,260,330,1.2696969696969698,0.03080046724198333,640,It has all the latest safety features
1613,1880,24,41,265,330,1.2696969696969698,0.03226104860989002,640,I would call THIS cat and mouse game OVER boys
2066,1882,15,56,248,319,1.2695924764890283,0.030248252730705246,640,It’s called “exposure therapy.”
2341,1883,12,69,264,345,1.2695652173913043,0.0278317739385758,640,"He's domesticated, after all."
1456,1883,16,61,268,345,1.2695652173913043,0.029017508455325896,640,It works on the honor system.
1072,1883,14,65,266,345,1.2695652173913043,0.028430823392252436,640,We are going to roundup some little dogies.
2373,1886,21,41,246,308,1.2694805194805194,0.032945735933069514,640,"Wake up, you're dreaming!
Yeah, I know."
3414,1886,19,45,244,308,1.2694805194805194,0.03229734574655451,640,"See, Mom and Dad, I told you my English degree wasn't a waste of time and money!!"
705,1888,17,56,261,334,1.2694610778443114,0.029947311718248045,640,He thinks I’m a monkey
2803,1888,20,50,264,334,1.2694610778443114,0.030834844589854988,640,"Oh, I've got purrs, that jingle, jangle, jingle..."
4688,1888,16,58,260,334,1.2694610778443114,0.02964556333146191,640,I’m safe as long as he doesn’t see me
1266,1891,14,52,231,297,1.2693602693602695,0.03135894032433643,640,"Galileo, the Wright brothers, Edison... the really great inventors ALWAYS test their own devices."
4914,1892,21,45,257,323,1.2693498452012384,0.03185913608856034,640,"YouTube gold, I tell you!"
4412,1892,10,67,246,323,1.2693498452012384,0.028345692692345936,640,Turns out to be the best way to herd them.
3215,1892,17,53,253,323,1.2693498452012384,0.030628188209558486,640,"When I knew him, he was just another rat living in some hole in the wall place."
2345,1892,16,55,252,323,1.2693498452012384,0.030312641804580806,640,Head’n out to round up some little doggies.”
967,1896,20,54,275,349,1.2693409742120343,0.029914129707289783,640,"With the blinders on, he thinks I'm a crazy cat lady named Doris who keeps petting him!"
2401,1897,18,65,292,375,1.2693333333333334,0.02797979068664894,640,He needs to be in a catatonic state for this to work
4418,1898,18,52,257,327,1.269113149847095,0.030676573541559757,640,"....and if it doesn't work, we still have eight lives left."
4621,1898,17,54,256,327,1.269113149847095,0.030369240855966192,640,I put some Prozac in his kibbles.
879,1900,17,55,259,331,1.2688821752265862,0.030116117918797078,640,Belling a cat is so yesterday.
3986,1900,18,53,260,331,1.2688821752265862,0.030418588833103326,640,Ride 'em meowboy!
461,1902,17,48,240,305,1.2688524590163934,0.031832529711081706,640,So much for natural instincts.
4584,1903,14,58,248,320,1.26875,0.029838827112476728,640,It can't be dangerous if it's zero emissions
2981,1904,22,39,248,309,1.2686084142394822,0.033168830034577344,640,Why just grab the pussy?
4049,1904,19,45,245,309,1.2686084142394822,0.03220446449637906,640,"Relax, this one’s a pussy."
1649,1906,21,52,277,350,1.2685714285714285,0.030111579335941056,640,Should we tell him what happened when the last guy tried to tie it to a hitching post?
4184,1907,12,63,249,324,1.2685185185185186,0.0289384099796855,640,Reframe your fear and let it work for you.
1253,1907,16,55,253,324,1.2685185185185186,0.030230372228044804,640,"One blind cat, see how he runs."
1510,1907,18,51,255,324,1.2685185185185186,0.030856074304633007,640,"Don’t worry, guys! Paul Ryan told me I can control him."
2970,1907,13,61,250,324,1.2685185185185186,0.02926674786128118,640,Negotiation and excellent communication skills are the key!
2645,1911,15,61,263,339,1.2684365781710913,0.029031402957298003,640,What he don't know can't hurt us.
3235,1911,14,63,262,339,1.2684365781710913,0.028729211773118043,640,Turns out that rhyme was just a very poor translation.
3380,1911,16,59,264,339,1.2684365781710913,0.029330480838768366,640,Seems only fair.
3879,1914,17,50,246,313,1.268370607028754,0.03126469000340639,640,"I know, it’s just a dream."
3953,1915,18,59,277,354,1.268361581920904,0.02905687294784535,640,Behold the power of catnip
2111,1916,21,50,272,343,1.2682215743440233,0.030527896407085368,640,This baby purrs like a Chrysler.
2742,1917,14,57,246,317,1.2681388012618298,0.030008883717859588,640,Just because you're a mouse doesn't mean you have to act like a mouse.
4817,1918,14,61,257,332,1.2680722891566265,0.029113118602184174,640,He’s also an excellent jumper.
130,1919,23,47,277,347,1.2680115273775217,0.030824235551085623,640,He thinks I'm an owl.
4871,1920,21,55,286,362,1.2679558011049723,0.029406765630351894,640,"I told him I’m going to build a bigger, better mousetrap and get Mickey and Minnie to pay for it."
661,1921,19,48,254,321,1.2679127725856698,0.031350617078078825,640,Catnip!  Works every time!
1593,1921,15,56,250,321,1.2679127725856698,0.03008287837356381,640,Beats being chased around!
45,1923,12,66,258,336,1.2678571428571428,0.028259895390481585,640,Just call me 'The Whiskers Whisperer'.
1369,1923,15,60,261,336,1.2678571428571428,0.02918778154523113,640,Home by 11:00 and no drinking!
1603,1925,20,54,277,351,1.2678062678062678,0.029763169219214514,640,It beats Uber.
390,1926,20,43,247,310,1.267741935483871,0.032435569668411275,640,Is this the first you realized I'm a control freak ?
2833,1927,17,61,277,355,1.267605633802817,0.02870891839852856,640,Better living thru catnip!
3010,1928,17,50,247,314,1.267515923566879,0.031176679300579945,640,"I told him that the nursery rhyme is called 'Three Blind Cats"""
1467,1929,20,48,261,329,1.2674772036474165,0.03111317344560355,640,Wait 'til this goes viral.
4197,1930,14,68,277,359,1.267409470752089,0.027659950005081726,640,Relax; I haz catnip.
930,1931,13,59,246,318,1.2672955974842768,0.029592909210107952,640,Who says an old cat can't learn a new trick.
1209,1931,17,51,250,318,1.2672955974842768,0.030904702410023056,640,Think about it. They poop in a litter box instead of the street--how cool is that.
3551,1931,16,53,249,318,1.2672955974842768,0.03058202972610691,640,"No, the hard part is how to mount in an English saddle."
2091,1934,15,59,259,333,1.2672672672672673,0.029346577005543634,640,I just leveled the playing field.
4877,1934,19,51,263,333,1.2672672672672673,0.03055459212764839,640,"See no mousie, chase no mousie."
2971,1936,17,59,272,348,1.2672413793103448,0.02908422500018676,640,"Actually, there are three blind cats."
1293,1936,17,59,272,348,1.2672413793103448,0.02908422500018676,640,A little birdie was the first owner.
4054,1938,17,48,242,307,1.267100977198697,0.03164897497777187,640,Wanna join the Mousecateers?
3017,1939,12,62,248,322,1.2670807453416149,0.029017278250584696,640,What you can't see can't kill you.
1037,1940,16,55,255,326,1.2668711656441718,0.03006712775898145,640,Daydreams of Three Blind Mice
538,1941,19,53,269,341,1.2668621700879765,0.03005307571665503,640,"If wishes were cats, all mice could ride."
732,1942,17,62,281,360,1.2666666666666666,0.028421812801032516,640,"Once you break them, the trick is to keep the blinders on."
1004,1942,16,52,247,315,1.2666666666666666,0.030762230602886236,640,Now the mice can play while the cat's not away
2278,1944,15,55,249,319,1.2664576802507836,0.030172557819786082,640,I grew up on a farm.
3566,1945,17,47,240,304,1.2664473684210527,0.0318461272415165,640,"He may have nine, but I've only got one boys."
3420,1946,10,66,247,323,1.2662538699690402,0.028266821592066928,640,"We're still working on the walking trot, but no one's ever said that dressage is easy."
3378,1947,12,67,263,342,1.2660818713450293,0.027901047798939968,640,Best part is I get to use the HOV lane.
3790,1948,15,57,255,327,1.2660550458715596,0.029671663255009858,640,Poor Tom! Jerry wins again!
272,1949,14,47,221,282,1.2659574468085106,0.032374304616802824,640,Sometimes you just need to take life by the reins.
259,1950,14,64,268,346,1.2658959537572254,0.028290427070617775,640,Don't want him gettin' curious.
2061,1950,15,62,269,346,1.2658959537572254,0.02858501167227428,640,He's a little hard to train.
2163,1950,11,70,265,346,1.2658959537572254,0.027387668364422732,640,"He’s half Persian, half Trojan."
4910,1953,17,54,260,331,1.2658610271903323,0.030045318026035984,640,I took a class in dressage at the local community college.
762,1954,14,56,246,316,1.2658227848101267,0.030014209694141328,640,As long as she doesn't get distracted it's a great ride.
4256,1955,18,57,275,350,1.2657142857142858,0.029219422189057646,640,A lot cheaper than Lyft!
4314,1956,16,53,251,320,1.265625,0.030413470420090676,640,Breaking him turned out to be pretty easy.  The dog is next.
970,1956,18,49,253,320,1.265625,0.03105099251186324,640,It's better to be feared than to be liked.
21,1958,19,60,290,369,1.2655826558265582,0.02845808982564308,640,He's always been an overachiever
3413,1959,12,57,236,305,1.2655737704918033,0.030007283518730377,640,I tried whispering but it was the blinders that worked.
4797,1960,18,50,256,324,1.2654320987654322,0.030783826863329693,640,There's plenty of room inside the vehicle!
3424,1960,15,56,253,324,1.2654320987654322,0.029838081735948156,640,Once you get the blinders on the rest is easy!
4553,1960,15,56,253,324,1.2654320987654322,0.029838081735948156,640,"Yeah, the saddle was the hard part."
2330,1963,22,51,285,358,1.26536312849162,0.02983852746335334,640,He's on the amends step.
841,1964,21,49,273,343,1.2653061224489797,0.03046269713054893,640,Save a horse ride a cat.
1515,1964,16,46,232,294,1.2653061224489797,0.03219831473633643,640,They help him ignore the catcalls.
2515,1964,15,61,267,343,1.2653061224489797,0.02873463691691129,640,"What do you mean, Letterman’s new show doesn’t have Stupid Pet Tricks?"
3821,1967,15,53,245,313,1.2651757188498403,0.030524485881016795,640,It doesn’t have to be cruel. Start with bells. It calms them and makes them curious.
585,1968,17,58,272,347,1.2651296829971181,0.02909117832659448,640,"That's called a blind date,my friends."
1070,1968,17,58,272,347,1.2651296829971181,0.02909117832659448,640,"When the cat abides, the mice will ride."
2961,1968,21,50,276,347,1.2651296829971181,0.030214713244362406,640,Do not attempt this at home! I am a professional rider on a highly sedated (but unharmed) cat look-alike.
3912,1968,15,62,270,347,1.2651296829971181,0.02851281354803584,640,"I just told him I would build a fence to keep the neighbor's dog out, and now he does whatever I say!  It's amazing!"
4159,1968,17,58,272,347,1.2651296829971181,0.02909117832659448,640,"Her name is Duchess. She's a two year old with a nice, ambling gate."
4322,1968,19,54,274,347,1.2651296829971181,0.029658266578382234,640,"Blinders on him, a shot of deodorant on me, and he doesn't notice a thing."
3074,1974,14,60,258,332,1.2650602409638554,0.029040062910430795,640,Took it in to my dealer on a peripheral vision recall notice. They installed the blinders and this baby is purring like a kitten.
4580,1974,17,54,261,332,1.2650602409638554,0.029965385275980198,640,"Your Lyft driver, Jerry, is here.  Look for license plate TOM."
3747,1976,16,52,249,317,1.2649842271293374,0.03059090823928379,640,There has to be a 3 mice cat-blind joke in here somewhere
3012,1976,14,56,247,317,1.2649842271293374,0.029931126754124533,640,"See, children, anything is possible when you overcome your fears."
837,1976,17,50,250,317,1.2649842271293374,0.030915519176793502,640,I told you he is a very kinky cat.
2218,1976,22,40,255,317,1.2649842271293374,0.032489961854436145,640,It's the only sure way to get into a White House press conference.
792,1980,25,43,283,351,1.264957264957265,0.031039378452621533,640,"Dogs have owners, cats have staff, but we get the last laugh."
1814,1980,27,39,285,351,1.264957264957265,0.031559515954543704,640,"We may be three blind mice, but at least we've got a seeing eye dog."
3299,1980,21,51,279,351,1.264957264957265,0.02997203612711357,640,"Ever since I swapped out it’s catnip for some Vermont Purple Kush, this ride has been purrring like a kitten."
2172,1983,24,41,271,336,1.2648809523809523,0.031744134553000014,640,Look! I told you I can do the catwalk.
2716,1983,16,57,263,336,1.2648809523809523,0.029420123516325388,640,"He's in charge of locating missing mice, but fails to see the irony."
44,1985,21,43,257,321,1.264797507788162,0.031894401406862706,640,I learned how from Donald Trump
41,1985,17,51,253,321,1.264797507788162,0.030649163465980456,640,Even his owners thanked me!
265,1985,11,63,247,321,1.264797507788162,0.028680111423386227,640,"In your world, this could be catastrophic."
1367,1988,15,51,240,306,1.2647058823529411,0.03097729966784332,640,I'm just applying what I learned while in the Skinner box.
3525,1989,19,48,258,325,1.2646153846153847,0.03100762350324303,640,"This model is guaranteed not to eat you, or your money back!"
4095,1989,15,56,254,325,1.2646153846153847,0.029757340371950696,640,... And I also heard the Model C is self cleaning!
1520,1991,20,51,273,344,1.2645348837209303,0.03010357478956868,640,He's on anti-depressants.
243,1992,21,40,249,310,1.264516129032258,0.032681220792646376,640,But you won’t believe the insurance bill on this beauty.
185,1992,16,50,244,310,1.264516129032258,0.031042988929888302,640,I love coming out on the right side of Super Bowl bets.
4899,1994,17,62,284,363,1.2644628099173554,0.02821514345628683,640,What he doesn't see isn't there
2090,1995,13,62,258,333,1.2642642642642643,0.028649667304740507,640,"Aaaah, the irony!"
23,1996,15,49,235,299,1.2642140468227425,0.0314493004395488,640,It’s amazing the stuff you can find on Etsy.
4384,1997,18,57,277,352,1.2642045454545454,0.02907271710769422,640,He thinks we're little dogs.
1604,1998,21,42,255,318,1.2641509433962264,0.03209069826988272,640,I got the idea when the three of us were blind
2749,1998,17,50,251,318,1.2641509433962264,0.030829410631964094,640,We're heading out for lunch.
302,1998,23,38,257,318,1.2641509433962264,0.03270310525341363,640,Let's see how he runs.
419,2001,18,53,266,337,1.2640949554896141,0.029939111612381237,640,One Blind Cat
644,2001,18,53,266,337,1.2640949554896141,0.029939111612381237,640,Looks like Dave is showing off his pussy again
2216,2001,19,51,267,337,1.2640949554896141,0.030232652143491575,640,He met the Three Blind Mice in rehab and they rocked his world.
3833,2001,19,51,267,337,1.2640949554896141,0.030232652143491575,640,"Hey ladies, like my monster truck?"
4719,2005,17,56,268,341,1.2639296187683284,0.02940475751688774,640,Now don't try this at home kids.
392,2006,15,56,255,326,1.2638036809815951,0.029677022386375037,640,They are amazingly docile once you let them know who's boss!
1990,2006,14,58,254,326,1.2638036809815951,0.02935726194706559,640,"Very gentle once you get the bit in, but easily startled by pigeons."
3929,2006,18,50,258,326,1.2638036809815951,0.030616272532751992,640,Always believe that your dreams can come true
1152,2009,18,51,261,330,1.2636363636363637,0.030358703578482464,640,"Sorry the three blind mice are over, I got a seeing eye cat."
2762,2010,22,48,279,349,1.2636103151862463,0.0303331319691903,640,The salesman said I''ll be surprised by the small fuel requirements.
2175,2011,16,56,262,334,1.2634730538922156,0.029503569641943186,640,You think this is tricky ? Next week I'm herding...
1906,2012,16,47,237,300,1.2633333333333334,0.031710203012629744,640,I'm a cat whisperer by nature.
222,2013,15,54,250,319,1.2633228840125392,0.030095645745108607,640,Dogs just can't be mouse trained.
216,2013,13,58,248,319,1.2633228840125392,0.029433254892924643,640,They are actually quite docile once they are broken
3471,2013,15,54,250,319,1.2633228840125392,0.030095645745108607,640,It's all about trust.
2448,2016,17,55,266,338,1.2633136094674555,0.0295651605715776,640,I’ve heard the term “pussy-whipped”.....
1588,2017,12,66,264,342,1.263157894736842,0.027828615400439714,640,"What, you've never heard the story of one blind cat?"
2317,2017,24,47,290,361,1.263157894736842,0.030132568486522224,640,Snacks are on him.
1397,2019,20,51,275,346,1.2630057803468209,0.02994878121771513,640,Edit the poem.
1659,2019,16,59,271,346,1.2630057803468209,0.028808175620162267,640,"Kitty up, boys!"
1666,2021,16,54,257,327,1.2629969418960245,0.02991239138695137,640,"Pardon me you working class mice, but do you have any Grey Poupon?"
4656,2021,17,52,258,327,1.2629969418960245,0.030224369845692406,640,The election changed everything.  Now mice are in charge!
4109,2023,19,54,277,350,1.262857142857143,0.029432779704593216,640,Slipped a mickey into his milk.
1446,2024,16,55,260,331,1.2628398791540785,0.029666418839983017,640,"Well, clearly, Whiskers is definitely codependent."
1963,2024,16,55,260,331,1.2628398791540785,0.029666418839983017,640,See? I told you they were good for more than preening and pouting!
2631,2026,13,56,243,312,1.2628205128205128,0.029848450233356295,640,Dressage has always been her dream.
3514,2026,16,50,246,312,1.2628205128205128,0.030866895732671817,640,"Hey, it worked for fleas, right?"
1428,2028,20,48,267,335,1.2626865671641792,0.03061668167221392,640,Three seeing mice and one blind cat.
1430,2028,14,60,261,335,1.2626865671641792,0.02881202884961226,640,"Guys, it’s like taking the train from Penn Station - only without the rats."
2103,2030,15,53,248,316,1.2626582278481013,0.030268931740949693,640,"Jump in, it worked for the Trojans!"
417,2030,15,53,248,316,1.2626582278481013,0.030268931740949693,640,It's the old cat and mouse game.
3033,2032,22,45,272,339,1.2625368731563422,0.030932488699462204,640,Don’t just stand there...pull out your iphones...took me years to break this Sumbitch.
1726,2033,18,54,271,343,1.2623906705539358,0.029543212219573855,640,all I had to say was lower taxes.
686,2033,16,58,269,343,1.2623906705539358,0.028960361456258917,640,"We bet on the election. He took red"""
1951,2033,19,52,272,343,1.2623906705539358,0.02983036732153299,640,It takes skill and technique to master the catwalk.
755,2036,18,44,243,305,1.2622950819672132,0.032011981660463346,640,All you have to do is get 'em hooked on Fox News.
2756,2036,16,48,241,305,1.2622950819672132,0.03133091654178652,640,WRONG!!! Mice were never prey to cats”. #fakenew
2552,2038,20,46,262,328,1.2621951219512195,0.031056821727367796,640,"In the catdom of the blind, the one-eyed mouse is king."
4579,2038,20,46,262,328,1.2621951219512195,0.031056821727367796,640,The GO button is when the dog shows up
251,2040,14,69,287,370,1.2621621621621621,0.027005411410355184,640,He's a catnip junkie. He'll do anything for a little taste.
1873,2041,15,62,274,351,1.2621082621082622,0.028227524890884887,640,I prefer one blind cat.
4757,2041,20,52,279,351,1.2621082621082622,0.02963432541607126,640,"Of course, the blinders work; I bought him from a Chihuahua."
787,2043,18,51,263,332,1.2620481927710843,0.030196370021345578,640,Don't try this at home.
1493,2043,18,51,263,332,1.2620481927710843,0.030196370021345578,640,I’m his comfort animal while we’re on rat patrol.
3133,2043,16,55,261,332,1.2620481927710843,0.029587520824415982,640,"Sometimes, you are the hammer, and other times, you are the nail."
3633,2046,12,58,243,313,1.2619808306709266,0.029418738104911038,640,It's amazing what catnip can do.
3918,2047,13,62,261,336,1.2619047619047619,0.02842595040889098,640,"Arthur, you’re being taken for a ride!"
471,2047,21,46,269,336,1.2619047619047619,0.03082500717683382,640,Hop On! Its mechanical. Meet ICat
4004,2047,13,62,261,336,1.2619047619047619,0.02842595040889098,640,You approach from the left shoulder and hum softly.
2334,2050,12,59,246,317,1.2618296529968454,0.029175628429675343,640,Roleplaying.
1758,2050,22,39,256,317,1.2618296529968454,0.032417185024775634,640,This mouse-too movement is just awesome.
3379,2052,16,57,267,340,1.261764705882353,0.029114846930494778,640,Grab 'em by the tail.  You can do anything.
2458,2053,19,57,287,363,1.2617079889807163,0.028686730192932018,640,Optimism works
602,2054,16,52,253,321,1.2616822429906542,0.03025377663482092,640,He's really a pussycat!
3657,2054,15,54,252,321,1.2616822429906542,0.02993026220542033,640,Promise them catnip and they'll do anything
4132,2054,16,52,253,321,1.2616822429906542,0.03025377663482092,640,Grab them by the harness. You can do anything.
3741,2057,15,49,238,302,1.2615894039735098,0.03117297876055791,640,Call me Ishmouse.
4602,2058,13,59,253,325,1.2615384615384615,0.02903467991703081,640,That’s right!  That’s right! Now I’m gonna pay a little visit to the farmer’s wife!
823,2059,15,56,258,329,1.2613981762917934,0.029438577024855788,640,And they said Lady Godiva went too far.
2054,2060,18,56,278,352,1.2613636363636365,0.02900660172539471,640,It’s easy once you get the blindfold on.
3352,2061,14,59,260,333,1.2612612612612613,0.028889480863226815,640,It’s reverse Darwinism
3545,2062,19,44,251,314,1.2611464968152866,0.03167164363484175,640,He finally got him some pussy
1151,2063,17,54,266,337,1.261127596439169,0.029571854707976266,640,"Believe it or not, this works on 46% of cats."
725,2064,14,66,280,360,1.261111111111111,0.027460271456722845,640,"They're actually earphones, but they keep slipping!"
131,2064,15,64,281,360,1.261111111111111,0.02774061271114745,640,I can take the HOV Lane this way.
679,2066,15,53,250,318,1.2610062893081762,0.03010086245928222,640,They say opposites attract
3945,2066,12,59,247,318,1.2610062893081762,0.029095388881089576,640,It's all in the tone of your squeak!
3907,2068,20,49,272,341,1.2609970674486803,0.030204189961473938,640,"C'mon, we'll be the three mouse-cat-teers."
2279,2068,18,53,270,341,1.2609970674486803,0.029627562968766723,640,He thinks I clean his litter box
4286,2070,19,46,257,322,1.2608695652173914,0.031117757324998108,640,"The fog comes in on little kitten feet, & so do I!"
467,2070,14,62,269,345,1.2608695652173914,0.028221304393286527,640,Robin!  Join me in the Catmobile.
4271,2072,14,57,255,326,1.2607361963190185,0.029280731537743427,640,"If I can get two of them to cooperate, I'm buying a stagecoach."
1085,2072,16,53,257,326,1.2607361963190185,0.029918470829421777,640,You can lease one for an ounce of catnip a month.
3792,2074,15,62,276,353,1.2606232294617563,0.028086948876978234,640,I have to stay where the cat can't see me
1824,2074,21,50,282,353,1.2606232294617563,0.029756537273457798,640,"I call him, "" Tiger."""
1624,2076,16,54,260,330,1.2606060606060605,0.029671977648991876,640,I'm my way to see the farmer's wife.
1314,2077,18,57,282,357,1.2605042016806722,0.02871215627148164,640,#Mewtoo.
857,2078,20,47,267,334,1.2604790419161678,0.030628559837499323,640,If she really was a lady she’d be riding side-saddle.
3357,2078,21,45,268,334,1.2604790419161678,0.03092071686797501,640,She might be a short-hair but this baby can go 60 furlongs on a half tank of milk.
536,2080,17,47,247,311,1.2604501607717042,0.03120900580157972,640,"Its only for a day.  I bet on Disney, he bet on Comcast."
2679,2080,10,61,240,311,1.2604501607717042,0.028788693804346142,640,"Confront your fears,"
3108,2082,24,46,291,361,1.260387811634349,0.030071673091424035,640,My other ride is a Buick.
3332,2082,22,50,289,361,1.260387811634349,0.02955548716192417,640,Completely safe—as long as I keep feeding him mice.
3596,2084,13,56,246,315,1.2603174603174603,0.0295988015503969,640,"He's OK for short hops, but not furlong."
3606,2085,10,75,280,365,1.2602739726027397,0.026066585929552195,640,"He'll drop me at the cheese shop, then come back for you"
3890,2086,16,57,269,342,1.260233918128655,0.028964508438926697,640,"He can't herd, true, but it's a start."
3073,2087,14,55,250,319,1.2601880877742946,0.029687287446468327,640,"It's OK for short trips, but the airlines remain blind to service cats"
1108,2088,20,50,276,346,1.260115606936416,0.029882010214120708,640,And he always thinks inside of the box.
1847,2088,17,56,273,346,1.260115606936416,0.02902879000300345,640,Wouldn’t YOU really rather have a Cat-illac?
1743,2090,15,54,254,323,1.2600619195046439,0.02976663763041328,640,Totally gentle! Just don’t let him see you.
2282,2091,15,61,274,350,1.26,0.02822922370194711,640,See you at the Wine & Cheese tonight ?
4153,2091,18,55,277,350,1.26,0.029086233948748444,640,Ignorance is bliss.
47,2091,24,43,283,350,1.26,0.03072863280939838,640,She’s dropping me at home and will be right back for you.
1302,2094,9,67,251,327,1.2599388379204892,0.027548980920474177,640,Can't wait to hear the ditty they write about this!
3860,2094,23,39,265,327,1.2599388379204892,0.03196256539952918,640,No I didn't forget my clothes. I'm making a statement.
4591,2096,19,54,281,354,1.2598870056497176,0.02913728288881905,640,Blinded by the mice.
1855,2097,17,45,242,304,1.2598684210526316,0.031684236747453014,640,"I did it with hypnosis, she thinks she’s a horse, and I’m a cowboy."
2099,2098,17,46,245,308,1.2597402597402598,0.031398710921895875,640,"Yes, but this here is a domesticated Meowstang."
2085,2099,15,57,263,335,1.2597014925373133,0.029047187817606422,640,The bell was too noisy.
2895,2099,20,47,268,335,1.2597014925373133,0.030546892017578948,640,Trained?  He can walk a straight line through a laser light show.
4019,2101,14,67,285,366,1.2595628415300546,0.027131981082198095,640,"What the pussy doesn't see, the pussy doesn't know."
361,2102,15,59,269,343,1.2594752186588922,0.028593306091668127,640,Whatever it takes to get him to stop checking his email every couple blocks.
1380,2102,15,59,269,343,1.2594752186588922,0.028593306091668127,640,"Guys, Florida has banned greyhound racing. Now's our chance!"
3998,2102,18,53,272,343,1.2594752186588922,0.02947414853922403,640,"It handles really well, and gets much better mpg than my old elephant."
4299,2102,17,55,271,343,1.2594752186588922,0.0291834885821664,640,It’s only three grams of cheddar per mile.
2210,2106,11,61,248,320,1.259375,0.02859563557986255,640,He thinks I’m a chipmunk.
2958,2106,17,49,254,320,1.259375,0.030582106421083395,640,"Magnificent creatures, aren't they?"
2541,2108,12,66,269,347,1.2593659942363113,0.027478816875514244,640,You guys can keep NYC. I'm going west!
2046,2109,22,47,282,351,1.2592592592592593,0.030114069853699604,640,I can't believe how many meows to the gallon I get out this thing.
2558,2109,17,43,237,297,1.2592592592592593,0.032179921252912164,640,Lyft has really lowered their standards.
1708,2109,11,55,231,297,1.2592592592592593,0.02998411571721753,640,Serotonin!
1228,2109,16,52,256,324,1.2592592592592593,0.030005640741442845,640,The elephant was bathing.
1485,2113,19,47,262,328,1.2591463414634145,0.03068251021921237,640,We should take advantage of Feline Guilt.
2273,2113,18,49,261,328,1.2591463414634145,0.030377120632006767,640,The fuel efficiency is incredible!
2922,2113,16,53,259,328,1.2591463414634145,0.029756940484033816,640,"No idea how this thing got into the house, but it's the best thing that ever happened to us!"
4067,2113,13,59,256,328,1.2591463414634145,0.02880164197730035,640,I'm off to herd cats. Do you know a better way to ensure our survival?
2120,2117,15,63,281,359,1.2590529247910864,0.027741321384786567,640,Cat nip is now a controlled substance
856,2118,14,58,260,332,1.2590361445783131,0.028890551345257344,640,We're going for catnip and cheese.
2136,2118,17,52,263,332,1.2590361445783131,0.029820513374673875,640,Never before seen episode of “Tom and Jerry”.
2379,2118,17,52,263,332,1.2590361445783131,0.029820513374673875,640,Let's see how this baby runs after the farmer's wife.
3050,2118,16,54,262,332,1.2590361445783131,0.029513782051165848,640,Getting the right-sized saddle was the hardest part!
960,2122,18,51,267,336,1.2589285714285714,0.029876732996354977,640,He'll do anything you want as long as you don't ignore him.
693,2123,20,48,272,340,1.2588235294117647,0.030214619176333987,640,"If they can't see the reigns, eventually they'll forget that they're not making their own choices."
698,2123,14,60,266,340,1.2588235294117647,0.028439598635250425,640,She ate my entire family but now I get to work in half the time.
1902,2125,17,55,272,344,1.2587209302325582,0.029108303835340632,640,"Even cats can be trained, if we apply what we learned in the behavior modification lab."
718,2126,19,45,257,321,1.2585669781931463,0.0311292747208369,640,Wait 'til you get a load of my Seeing Eye dog.
3029,2127,16,59,277,352,1.2585227272727273,0.02837467158665272,640,"If wishes were horses, mice would ride."
4922,2128,13,50,231,294,1.2585034013605443,0.030919623146909013,640,"I'm already on my way to another pickup, 
but I'll swing back and pick you up in 5."
1936,2129,17,43,238,298,1.2583892617449663,0.032083551010223185,640,Do not ask.
1081,2130,13,52,237,302,1.2582781456953642,0.030372179763709064,640,Don’t dare call PETA
2159,2131,25,36,272,333,1.2582582582582582,0.03208193015263783,640,"who would've thought that lies, narcissism, deceit, arrogance , misogyny and ignorance would work so well?"
692,2132,16,47,243,306,1.2581699346405228,0.031157631114679413,640,I got tired of being pussy whipped.
1185,2132,12,55,239,306,1.2581699346405228,0.02975030469810906,640,"You just have to sit him a little high in the saddle
- but he purrs like crazy!"
4743,2134,25,37,275,337,1.258160237388724,0.031804905737875866,640,We are going to make America great again.
552,2135,13,62,266,341,1.2580645161290323,0.028060520516060776,640,It’s all in the wrist!
2194,2135,21,46,274,341,1.2580645161290323,0.030420309444095583,640,She said I'm her third jockey this week!
3810,2135,11,66,264,341,1.2580645161290323,0.02743888131596662,640,And they say herding cats is tough...
2622,2138,17,47,250,314,1.2579617834394905,0.030943510135291712,640,"Yes, we can!"
6,2139,17,48,253,318,1.2578616352201257,0.03067522203650314,640,Screw the bell!
4378,2139,19,44,255,318,1.2578616352201257,0.03131532252358203,640,Image taken right before the three became visually impaired
1978,2141,19,53,281,353,1.2577903682719547,0.029144195757251815,640,If they can’t see I’m taking away their healthcare they don’t get scared
2879,2142,14,55,253,322,1.2577639751552796,0.02944334175755542,640,I'm tired of running
2223,2142,11,61,250,322,1.2577639751552796,0.028440498615113715,640,Sweet! Now how will you get down?
4146,2142,14,55,253,322,1.2577639751552796,0.02944334175755542,640,"We were playing a game of ""cat and mouse"" and ""cat"" lost!"
3865,2142,15,53,254,322,1.2577639751552796,0.029770116638068122,640,He's been a delight ever since I found his stash of catnip.
1341,2142,22,39,261,322,1.2577639751552796,0.0319641383457774,640,Just don't let the humans see you doing it.
50,2147,21,42,263,326,1.2576687116564418,0.03138396957379906,640,"I had a donkey, but I prefer the double entendres I can use when I'm riding the pussy."
3818,2148,17,59,285,361,1.257617728531856,0.02815797005599281,640,Both Cubs and Red Sox won the World Series.  Hell has frozen over.
866,2148,16,61,284,361,1.257617728531856,0.027883362908816822,640,The trickiest part was getting the blinders on.
1880,2150,21,43,266,330,1.2575757575757576,0.031114223037889736,640,A carrot  won't work.  Anybody want to volunteer?
4782,2150,16,53,261,330,1.2575757575757576,0.029597101212219246,640,"One blind cat,see how it runs !"
1355,2152,15,47,237,299,1.2575250836120402,0.03127816116799329,640,Hop on!  This is going to be one helleva Facebook video!
3755,2152,13,51,235,299,1.2575250836120402,0.030552102963778725,640,The key is keeping him focused.
1053,2154,14,58,262,334,1.2574850299401197,0.028738168978465296,640,"Kitty up, partner, kitty up!"
2955,2155,10,58,235,303,1.2574257425742574,0.02918111576912674,640,"Kitty Prozac, fellas.  Nothing like life in the 21st Century."""
0,2156,17,53,268,338,1.257396449704142,0.029422494541507426,640,Just purr and she thinks you’re a kitten.
2729,2156,12,63,263,338,1.257396449704142,0.027890706286540022,640,Hypnosis really works
3614,2156,19,49,270,338,1.257396449704142,0.030013328042691814,640,"As the French say, 'Ni vu, ni connu'"
3787,2156,18,51,269,338,1.257396449704142,0.02971937958002543,640,What? I’m riding a cat.
4641,2160,17,54,271,342,1.2573099415204678,0.02918827247088286,640,Its the new Mellow Meow Mix
3678,2161,16,57,273,346,1.2572254335260116,0.028668321101887242,640,"You hear ""Three Blind Mice"" enough times and eventually something clicks."
4163,2161,21,47,278,346,1.2572254335260116,0.030093949178057078,640,You think maybe he's taking the exposure therapy a little too far?
2465,2163,10,61,244,315,1.2571428571428571,0.028470147045417088,640,The hardest part is putting on the blinders.
2693,2164,14,54,251,319,1.2570532915360502,0.029607027442045276,640,"I finally got the dose right on the scopolamine, guys.  And, his owner doesn’t suspect a thing. She thinks he’s just gone into a new level of aloofness."
4254,2165,20,53,289,362,1.2569060773480663,0.028894812689899328,640,He’s looking for three blind mice
3517,2166,20,44,263,327,1.2568807339449541,0.030996594978951297,640,No Collusion. . . .
4534,2166,12,60,255,327,1.2568807339449541,0.028472757288763695,640,I'm pomp. He's circumstance.”
3060,2168,14,57,260,331,1.256797583081571,0.02889084627079743,640,Shhh
3278,2169,14,48,234,296,1.2567567567567568,0.03110546952890936,640,Kittyup kittyup Buttercup.
988,2170,18,50,267,335,1.2567164179104477,0.02988379616467922,640,I'm getting ready for the Squeakness.
1129,2171,19,49,271,339,1.2566371681415929,0.02993429329777072,640,"It's CVR, Cat Virtual Reality.  He thinks he's stalking me."""
2801,2172,10,60,242,312,1.2564102564102564,0.028621411774453973,640,"You can purchase them from ""Sharper Image""."
3554,2172,21,48,282,351,1.2564102564102564,0.029776412355899742,640,God forbid the three of us ever go blind!
1440,2174,21,49,285,355,1.2563380281690142,0.029541635018113084,640,"Wasn't hard, he was kinda a pussy."
150,2175,17,50,261,328,1.2560975609756098,0.029993380351389497,640,Hypnosis.
3779,2175,18,48,262,328,1.2560975609756098,0.030302637514970508,640,I thought we were the ones that were supposed to be blind?
4705,2177,18,49,265,332,1.2560240963855422,0.030050787493653548,640,I just read Cesar Millan's book on cats.
34,2178,16,54,266,336,1.255952380952381,0.029202272191051308,640,And if you talk shit I'll take off the blinders
2089,2178,20,46,270,336,1.255952380952381,0.030394833549829026,640,It’s all about the art of the deal
2376,2180,14,59,267,340,1.2558823529411764,0.028365477977943723,640,This one can leap up on kitchen counters easily.  He gets a can of tuna and I get a bag of Cheetos!
2648,2180,18,51,271,340,1.2558823529411764,0.02956363704296848,640,"No, I don't want to see how you run. We all know what happens next."
4290,2180,18,51,271,340,1.2558823529411764,0.02956363704296848,640,The biggest problem is finding outdoor litter boxes.
1169,2183,15,58,271,344,1.255813953488372,0.028447818170171786,640,But it’s so easy. All you have to do is download the app.
1299,2183,20,48,276,344,1.255813953488372,0.029900332225913623,640,"Bell, hell!  All we needed was a bridle and saddle."
3836,2183,18,52,274,344,1.255813953488372,0.029327960443734705,640,We just topped a million views.
3961,2186,14,62,276,352,1.2556818181818181,0.027727514212118373,640,"Yes, mice evangelicals, evolution is real."
491,2187,9,61,239,309,1.255663430420712,0.02840752072262101,640,It beats the subway.
3049,2188,18,44,251,313,1.255591054313099,0.03128038224143418,640,"You could do this, too, if you read ""Who Moved My Cheese?"""
1086,2188,15,50,248,313,1.255591054313099,0.0302823736831086,640,"Just you watch, I'll find out who moved the cheese!"
4128,2190,16,49,252,317,1.2555205047318612,0.03035528797973856,640,Just some CDB oil and I promised him a hat.
3102,2190,15,51,251,317,1.2555205047318612,0.03002462071811157,640,"It's taking some doing, but she's starting to think like a dog."
4557,2192,19,44,258,321,1.2554517133956387,0.031053190145305873,640,Who's up next? I need a break from herding cats.
1269,2193,13,57,255,325,1.2553846153846153,0.02887624261713323,640,It's better than holding a grudge!
2930,2193,18,47,260,325,1.2553846153846153,0.03047628831266973,640,I’m a paid professional. Don’t try this at home!
4571,2195,16,52,261,329,1.2553191489361701,0.029600784783425302,640,You just have to let him know who's boss.
4912,2196,13,59,261,333,1.2552552552552552,0.028421212593675575,640,"If he comes back without me, that means I've probably been eaten."
953,2197,15,44,231,290,1.2551724137931035,0.031868443291671954,640,My shrink is the type who recommends strange support animals.
2184,2198,16,57,276,349,1.2550143266475644,0.028450024961337927,640,"I also wrote a song called ""One blind cat""."
1524,2199,16,58,279,353,1.254957507082153,0.02823429444450757,640,"She's a hybrid, very efficient, and I got a great deal!"
2274,2200,18,42,246,306,1.2549019607843137,0.03175593451682024,640,"He listens to a podcast about conquering fears once, and look at him now..."
4847,2201,17,46,251,314,1.2547770700636942,0.030863295891081676,640,"Sure, it’s stylish, but paying for fuel is murder."
147,2202,18,46,258,322,1.2546583850931676,0.030652749833750742,640,"Yeah it seems like a good idea now, but what's he going to do with it when he wants to go on vacation?"
1318,2203,19,46,265,330,1.2545454545454546,0.03044271022224259,640,Blackmail......works wonders.
3048,2204,16,54,268,338,1.2544378698224852,0.02904890976547837,640,Tomfoolery is not for the timid.
4259,2205,11,67,272,350,1.2542857142857142,0.0268968970980757,640,Remember when he used to just go in circles?
2473,2206,13,64,277,354,1.2542372881355932,0.02729790625580837,640,Quick! Take a picture for Instagram!
3272,2207,16,59,283,358,1.2541899441340782,0.027953687754768843,640,She purrs like a beaut.
1240,2208,18,42,247,307,1.254071661237785,0.03166321425152733,640,How's this for a fresh twist: 'One blind cat; see how it rides'?
2260,2209,12,55,244,311,1.2540192926045015,0.029329271385186827,640,"Adopt, adapt, & improve."
1615,2210,20,40,255,315,1.253968253968254,0.031746031746031744,640,It was Freud's suggestion.
483,2211,14,54,255,323,1.2538699690402477,0.029282693379483214,640,The meek shall inherit the earth
1014,2212,16,51,260,327,1.253822629969419,0.02968422923613497,640,Did you meet our new Uber driver?
3533,2212,15,53,259,327,1.253822629969419,0.029366513093324036,640,"C'mon. We are ""The Three Mouse-cat-eers.""  Let's ride."
4840,2214,13,58,260,331,1.2537764350453173,0.02849368909412649,640,Don’t look so worried I’ve been taking lessons.
3672,2214,19,46,266,331,1.2537764350453173,0.030360340030766937,640,Take away the blinkers and I'm a dead man.
174,2214,14,56,261,331,1.2537764350453173,0.028813196738495552,640,I haven’t the faintest idea how I got this far.
2516,2214,18,48,265,331,1.2537764350453173,0.030057282955804267,640,Apparently the Lasix didn’t work.
1393,2218,15,55,265,335,1.2537313432835822,0.028897091182635476,640,Can one of you check my blind spot?
3097,2219,17,52,270,339,1.2536873156342183,0.029272492832031947,640,Stay behind us.
4330,2220,10,70,275,355,1.2535211267605635,0.026339064306059434,640,I'm taking him to his litter
2998,2221,11,56,241,308,1.2532467532467533,0.029131925391579085,640,Less litter than the subway!
4788,2221,16,46,246,308,1.2532467532467533,0.030893794065607952,640,I bet he works for Jerry...
1460,2223,10,59,243,312,1.2532051282051282,0.02853298736045053,640,He's like a little pussy cat in my hands.
1626,2223,21,37,254,312,1.2532051282051282,0.03226237272922456,640,It's his kink.
1498,2225,13,55,252,320,1.253125,0.029109173724205156,640,Did you see Dave's new Catallac? The engine really purrs.
2143,2226,18,46,260,324,1.2530864197530864,0.030483452091184627,640,Eat my kitty litter.
1676,2227,17,49,262,328,1.2530487804878048,0.02991699177458161,640,Budweiser has asked us to join their team
4061,2227,17,49,262,328,1.2530487804878048,0.02991699177458161,640,"As long as it doesn’t see, I’m it’s president!"
631,2227,16,51,261,328,1.2530487804878048,0.029603706210199483,640,"I told him we'd "" Make the House Great Again"". 
."
2734,2230,19,46,267,332,1.2530120481927711,0.03027840520427244,640,Guess who won the midterms!
2349,2231,14,61,277,352,1.2528409090909092,0.027655689219927098,640,"Fetching feta,need anything?"
696,2232,21,34,246,301,1.2524916943521596,0.03307942574855582,640,I got these blinders from a Trump supporter who thought she wouldn't need them after the election!
3175,2232,15,46,240,301,1.2524916943521596,0.031005774339721185,640,Let's see how quick with the carving knife she is when it's darling Fluffy she's dealing with.
985,2234,15,49,249,313,1.2523961661341854,0.030199071709623063,640,The power of paws-itive thinking!
806,2235,15,50,252,317,1.252365930599369,0.029942697998667205,640,This is the cat's meow!
57,2235,13,54,250,317,1.252365930599369,0.029268307865446843,640,"Dressage cats are just like dressage horses, only cheaper."
1198,2237,22,37,262,321,1.2523364485981308,0.031904859367214565,640,Twenty-Five purrs to the gallon!
1562,2238,12,59,258,329,1.2522796352583587,0.02824020168732311,640,You look surprised I went with the four-paw catallac.
1546,2239,17,51,269,337,1.2522255192878338,0.029353044704112666,640,"Hop on,it's the blind leading the blind."
1816,2239,23,39,275,337,1.2522255192878338,0.03110592133896864,640,Three blind mice and a seeing eye dog. What could go wrong?
2015,2241,17,52,272,341,1.252199413489736,0.029119511055264294,640,It's my best-laid scheme yet!
4136,2241,15,56,270,341,1.252199413489736,0.028520962822757116,640,We're three mice with a blindered cat. What do you think of that?
1426,2243,11,65,269,345,1.2521739130434784,0.027084619045764854,640,"I'ts ok, if you don't mind a little cat hair."
4669,2244,19,50,280,349,1.2521489971346704,0.0292360784174566,640,"With the blinders on, he thinks I'm a very small dog."
1061,2245,16,58,283,357,1.2521008403361344,0.027953706764095716,640,All it took was the blinders and a double dose of catnip.
1156,2246,13,67,289,369,1.2520325203252032,0.026527919748268704,640,How you like me now?
2719,2247,16,46,248,310,1.2516129032258065,0.030715821198033764,640,And you said we should put a bell on him.
4112,2247,15,48,247,310,1.2516129032258065,0.03037404592263391,640,He doesn't know that he who rides the pussy cat cannot dismount.
2835,2249,13,54,251,318,1.251572327044025,0.029186915178936273,640,It's way more fun than the treadmill.
1846,2250,15,51,256,322,1.2515527950310559,0.029610224312233598,640,He's a really good jumper!
2231,2250,20,41,261,322,1.2515527950310559,0.031201165647787243,640,"One pussycat in blinders, beats three mice blinded any day."
4624,2252,18,46,262,326,1.2515337423312884,0.030315975308934,640,It's faster than the A train.
4660,2252,19,44,263,326,1.2515337423312884,0.030625727544413953,640,I'd rather be sailing on my turtle.
1702,2254,14,55,261,330,1.2515151515151515,0.028811501678011983,640,If you ask politely and don't try to grab 'em . . .
2185,2255,15,54,265,334,1.251497005988024,0.028896970405982124,640,"Hi, I'm Jeff and I'll be your Ub-fur driver today."
2133,2256,9,68,265,342,1.2514619883040936,0.026576974781426725,640,It's pretty fuel efficient.
3436,2257,16,55,275,346,1.2514450867052023,0.02852438591649149,640,"Hey Steve, Larry.
(Billy was happy to run into his High School bullies)
Watch what happens when I remove these blinders."
2486,2257,14,59,273,346,1.2514450867052023,0.027930831261899644,640,It took lots of treats.
1804,2259,16,58,284,358,1.2513966480446927,0.027884407671597704,640,It is all about establishing yourself as the leader.
2204,2260,14,46,235,295,1.2508474576271187,0.03101668767795209,640,Riding a cat you got to be kitten me!
1714,2261,15,48,248,311,1.2508038585209003,0.03028703041812256,640,We have a deal. I get to ride for a week then I have to tell him where the mouse colony is.
1112,2262,13,53,249,315,1.2507936507936508,0.02934724447263671,640,"Is this a case of the blind, leading the blind?"
2775,2262,17,45,253,315,1.2507936507936508,0.030694337713668557,640,He's the last of the three blind cats.
31,2264,17,46,256,319,1.250783699059561,0.030430574012585854,640,What does​ he eat?!
3721,2264,16,48,255,319,1.250783699059561,0.030104885569021266,640,"If I took them off, I might be lunch."
3077,2266,16,49,258,323,1.2507739938080495,0.02985251559194883,640,Mastering hot yoga is my next big goal.
1910,2267,16,50,261,327,1.2507645259938838,0.029605846593150367,640,It's called empathy therapy.
2174,2267,20,42,265,327,1.2507645259938838,0.03084723081298068,640,50 Shades of Gray Tabby
3302,2267,19,44,264,327,1.2507645259938838,0.030541615457376627,640,Zipcat
3923,2270,15,53,263,331,1.2507552870090635,0.02905123552025924,640,Those equestrian lessons finally came in handy.
37,2271,14,56,265,335,1.2507462686567163,0.02850856930544534,640,"Don't worry, just stay behind the blinders."
3122,2271,18,48,269,335,1.2507462686567163,0.029736128149125948,640,The headset makes him think he's in control.
3578,2273,18,49,272,339,1.2507374631268438,0.029495906745258493,640,Look what I got with enhanced catnip!
4927,2273,17,51,271,339,1.2507374631268438,0.02919852335582467,640,Gotta use the ‘blinders’ on her or else she gets distracted by the mice
2156,2275,22,43,282,347,1.2507204610951008,0.030156665317418646,640,I got him from a CATalog
2227,2275,16,55,276,347,1.2507204610951008,0.02845129352161001,640,I got a really good deal at Rent-A-Cat.
2442,2277,13,62,276,351,1.2507122507122508,0.027356362129134594,640,I just need to attach the carriage and then the Central Park tourists will be all over this.
4425,2278,18,53,285,356,1.25,0.02851357944369457,640,It's kind of fun until we go to the sand beach in a box.
4114,2278,11,66,275,352,1.25,0.02668802563418119,640,"I prefer, ""English Style""."
3659,2278,16,54,274,344,1.25,0.028598112835755935,640,"If only my three brothers had thought of blinders,they'd be with us still."
3398,2278,9,71,276,356,1.25,0.025895880239686666,640,Irony is at the heart of control...
2745,2278,13,53,250,316,1.25,0.029264989702072457,640,It's all about core strength.
1436,2278,14,61,281,356,1.25,0.027381071152272302,640,What the hell is she feeding that cat?
1342,2278,10,63,259,332,1.25,0.027358035866111168,640,"If humans can ride elephants, I can ride a cat."
687,2278,17,47,260,324,1.25,0.030089560412803012,640,...but he promises to support our social policies.
232,2278,14,56,266,336,1.25,0.02843339078342198,640,He's house mouse trained.
2063,2278,16,53,271,340,1.25,0.028822396192846537,640,This is the new world order of the old cat and mouse game.
903,2288,14,68,303,385,1.2493506493506494,0.026015929402439932,640,I hypnotized him. At least I think I did.
2839,2289,23,44,294,361,1.2493074792243768,0.02956053500595783,640,Her name is Chedder and she fetches.
1940,2290,19,50,284,353,1.2492917847025495,0.028939303448359408,640,And no furballs either since he identifies as a horse!
3872,2290,18,52,283,353,1.2492917847025495,0.028659858371273304,640,Doesn't work with the feral cats!
1075,2292,17,53,279,349,1.2492836676217765,0.028595601106387925,640,I call him Google; he finds all my friends.
2753,2292,11,65,273,349,1.2492836676217765,0.026812384016976054,640,It thinks it smells a rat.
3803,2292,14,59,276,349,1.2492836676217765,0.02771833634356008,640,"I bribed a Great Dane to put the blinders on him."""
3958,2292,17,53,279,349,1.2492836676217765,0.028595601106387925,640,I promised him a good meal.
3080,2296,15,56,274,345,1.2492753623188406,0.028227361674259988,640,I'm steering him right to the cheese!
700,2297,12,61,268,341,1.249266862170088,0.02752080097081224,640,"If wishes were kitties, mousies would ride."
1807,2298,17,50,270,337,1.2492581602373887,0.02927795456541504,640,One blind cat. One blind cat.
1523,2298,15,54,268,337,1.2492581602373887,0.028668326085647518,640,"He's a son-of-a-bitch, but he's our son-of-a-bitch."
3909,2298,12,60,265,337,1.2492581602373887,0.027728764236452805,640,This is going viral!
190,2298,14,56,267,337,1.2492581602373887,0.028358597797886152,640,Who knew it was all just visual stimulus and response?
4491,2302,16,51,266,333,1.2492492492492493,0.029207409373845854,640,He thinks the self is an illusion.
1027,2302,17,49,267,333,1.2492492492492493,0.029515472922987042,640,We took out the dog.
1052,2304,15,52,262,329,1.249240121580547,0.02912886076731894,640,Easy as getting the cheese off the trap once you get them trained.
1762,2305,16,49,260,325,1.2492307692307691,0.029688523542378775,640,She prefers hunting virtual mice now.
4377,2305,10,61,254,325,1.2492307692307691,0.027702857545139,640,His name is Se-cat-tariat
1135,2307,16,48,257,321,1.249221183800623,0.029937354324587558,640,This virtual reality headset is a blast. I've got the cat thinking he's Secretariat!
462,2308,14,51,252,317,1.249211356466877,0.029523276162958086,640,"Belling"" is for amateurs"
2276,2308,16,47,254,317,1.249211356466877,0.030191971673395244,640,It was easy. I just convinced him that I'm an optometrist.
3774,2308,13,53,251,317,1.249211356466877,0.029183183108219764,640,This is how *I* play `cat and mouse.'
2494,2311,15,46,244,305,1.2491803278688525,0.03064279278026249,640,Don't be scared. He's a real pussycat!
2531,2312,15,42,232,289,1.2491349480968859,0.03178011225743179,640,Haven't you heard of herding cats?   It's more than a metaphor.
761,2313,18,52,284,354,1.2485875706214689,0.028587458650451637,640,I'll be back in time for cheese
4316,2314,17,48,265,330,1.2484848484848485,0.029677621034020676,640,"It's like the White House. He doesn't know where he's going either, so we might as well have some fun."
4866,2314,19,44,267,330,1.2484848484848485,0.03029197550958052,640,new uber ap
3692,2316,14,53,259,326,1.2484662576687116,0.0289625937544893,640,What are the odds on returning from a practice run
2782,2317,18,44,260,322,1.2484472049689441,0.030495514891516712,640,And they say WE'RE blind!
4231,2317,13,54,255,322,1.2484472049689441,0.02886570758770428,640,This time the cat runs after the farmer's wife.
328,2319,11,57,250,318,1.248427672955975,0.028411895707156267,640,"They're a bitch to break, but easy to clean up after."
4530,2319,8,63,247,318,1.248427672955975,0.027344387925560338,640,"I got fed up with our vapid, pointless existence. So I've decided to join the rat race!"
921,2321,18,42,254,314,1.2484076433121019,0.03102873900178975,640,I got the idea from something the President said...
2850,2322,19,54,298,371,1.247978436657682,0.027943524493853362,640,It's easy - just stay out of the cat's mouth.
3469,2322,13,66,292,371,1.247978436657682,0.026332899684522005,640,It's actually quite safe as long as the blinders stay on.
1381,2324,13,62,280,355,1.2478873239436619,0.027084229112944277,640,"Yes, they are recycled headphones. He loves Cat Stevens, too."
3630,2325,10,67,274,351,1.2478632478632479,0.026371365163318828,640,"My parents wouldn’t let me ride one when I was a teenager, they thought they were too dangerous."
255,2326,18,48,273,339,1.247787610619469,0.029421623941421803,640,Think of it as a Cat & Mouse game ... and we won!
2298,2327,13,56,262,331,1.2477341389728096,0.02833307224315399,640,I've got $200 on Fluffy.
2068,2327,18,46,267,331,1.2477341389728096,0.029905065176794414,640,I hope that doesn’t turn out to be catastrophic.
2674,2329,8,65,254,327,1.2477064220183487,0.026864669600684163,640,It's easy once you let them know who's BOSS!
4339,2330,15,45,243,303,1.2475247524752475,0.0307341813281559,640,Oh Alice. Don’t look.  That Jerry is such a show off.
1809,2330,13,49,241,303,1.2475247524752475,0.030014611797296108,640,See? There's still hope we can live in peace.
4275,2332,13,68,299,380,1.2473684210526317,0.025918399346227968,640,"If you guys ever read 'Dune', you'd totally get this."
3419,2333,18,54,292,364,1.2472527472527473,0.028021043112399106,640,I wanted something clean with paws-itraction.
88,2334,14,58,276,348,1.2471264367816093,0.027713786825893316,640,We’re going out to get some proper Cat Food”.
1007,2334,13,60,275,348,1.2471264367816093,0.02741334813928701,640,"And you get frequent rider points, too!"
3477,2334,18,50,280,348,1.2471264367816093,0.02888430847938525,640,Take a lesson from humans and enslave your predators!
4073,2337,15,55,274,344,1.247093023255814,0.028224803693842913,640,He's terrible at herding.
4431,2338,15,54,271,340,1.2470588235294118,0.028443187454576368,640,First time here?
4232,2339,23,36,273,332,1.2469879518072289,0.03131262885950263,640,It's called one blind cat. Want to play?
1328,2339,19,44,269,332,1.2469879518072289,0.030127760922966384,640,He wants to be friends now and has invited us to a family picnic.
4825,2341,17,47,264,328,1.2469512195121952,0.029760761232033254,640,"Later, friends.  I'm off to the airport to fly my private owl."
819,2342,20,40,264,324,1.2469135802469136,0.03095007736227353,640,I’m on a cat.
3422,2342,16,48,260,324,1.2469135802469136,0.029689450244774408,640,It's the latest hybrid.
1840,2344,15,49,256,320,1.246875,0.029609672568934264,640,The blind leading the blind never felt so empowering!
3321,2345,15,46,247,308,1.2467532467532467,0.03037596552117964,640,I'm not going to race him...I'm going to put him out to stud.
2155,2346,13,49,242,304,1.2467105263157894,0.02992679507949683,640,"Improvise, Adapt and Overcome!"
2162,2347,15,43,238,296,1.2466216216216217,0.031199236666112802,640,"Pavlovian conditioning works for cats too, guys."
2728,2348,14,61,286,361,1.2465373961218837,0.02704518006478188,640,C'mon! Uber Pool is cheaper.
2233,2349,19,50,288,357,1.246498599439776,0.028648372747521748,640,Nothing like the blind leading the blind!
3688,2349,16,56,285,357,1.246498599439776,0.02781221612685537,640,I just have to remember never to remove his blinders ... or step in front of him.
451,2351,17,53,283,353,1.246458923512748,0.028306068805344666,640,"The reins are just for looks, as you can probably imagine."
3549,2352,22,41,282,345,1.2463768115942029,0.030174468945199557,640,I got my inspiration from a Trump rally.
10,2352,13,59,273,345,1.2463768115942029,0.027546873221007066,640,They're easier to train than you think...
1752,2354,16,52,273,341,1.2463343108504399,0.028671330237354936,640,The saddle was the biggest challenge.
2951,2354,13,58,270,341,1.2463343108504399,0.027754175756786847,640,"With the blinders on, he thinks I’m Lady Godiva!"
1333,2354,11,62,268,341,1.2463343108504399,0.027125516920015535,640,I'm gonna see how he runs.
1489,2357,16,51,270,337,1.2462908011869436,0.028897763756983094,640,Hop on boys we're going to the Cheese Factory!
3991,2358,17,48,268,333,1.2462462462462462,0.029438067240997425,640,Did you expect him to ride me?
254,2358,10,62,261,333,1.2462462462462462,0.02720233714467099,640,It's not really that hard. They come out of the bag like this.
1796,2360,11,58,256,325,1.2461538461538462,0.02795799527144637,640,"One blind cat, see how he walks!"
2501,2360,18,44,263,325,1.2461538461538462,0.030242403440947238,640,"These Fat Cats are easy to ride, especially with blinders on. After all, they voted for “you know who” that way!"
1161,2362,14,51,256,321,1.2461059190031152,0.02919574080479063,640,"Like I said, dressage is my favorite cat and mouse game."
4562,2362,19,41,261,321,1.2461059190031152,0.030817905607984378,640,It's the little things that help us overcome the Three Blind Mice stigma.
2615,2364,21,36,260,317,1.2460567823343849,0.031722938021702944,640,"Don’t worry, he’s a Trump supporter."
3130,2364,13,52,252,317,1.2460567823343849,0.029096727035829304,640,What? You never saw a mouse riding a cat before?
4173,2364,12,54,251,317,1.2460567823343849,0.028751588914895716,640,"This one's just a lease, I'm thinking of trading it in for an electric model. Maybe a Roomba."
4692,2367,11,54,244,309,1.2459546925566343,0.028867048169669285,640,"It’s pretty simple; I played the, “I identify as...” card."
206,2367,18,40,251,309,1.2459546925566343,0.03131147647236822,640,I'm his dominatrix - he pays me to for the ride!
2545,2367,16,44,249,309,1.2459546925566343,0.03063297880776383,640,Tell our mother I have joined the `Can't We Just Get Along' movement.
2167,2370,20,51,299,370,1.2459459459459459,0.02820581758434074,640,"Transcendental meditation wørks."""
1390,2371,14,60,284,358,1.2458100558659218,0.027173050725401278,640,Somehow I just don't feel comfortable about this.
3014,2371,12,64,282,358,1.2458100558659218,0.0265909242139126,640,He has difficulty remaining focused.
4596,2371,19,50,289,358,1.2458100558659218,0.028576533618743884,640,"...Yadda, yadda, yadda, now I can’t get down."
71,2374,10,53,234,297,1.245791245791246,0.02921946180293268,640,Catnip goes a long way!
1995,2374,13,47,237,297,1.245791245791246,0.030364897765398625,640,"The previous owner got eaten alive, but I think this baby purrs."
3693,2376,17,52,281,350,1.2457142857142858,0.028450008064872186,640,"In “The Art of the Deal” it said if you repeat anything five times, your wish is their command."
2530,2377,15,55,276,346,1.245664739884393,0.02807953392476579,640,There are none so blind as those who will not see
1569,2378,15,53,270,338,1.2455621301775148,0.028515119985787502,640,Got the idea from a nursery rhyme.
4793,2378,13,57,268,338,1.2455621301775148,0.027892568771102123,640,I'm training him to hunt for cheese.
84,2378,15,53,270,338,1.2455621301775148,0.028515119985787502,640,I’m no longer afraid to drive at night.
4463,2381,14,54,266,334,1.2455089820359282,0.028425481162051576,640,The Taming of the Meow.
3078,2381,10,62,262,334,1.2455089820359282,0.027130789956309024,640,Beats the hell out of a bell.
3373,2383,16,49,265,330,1.2454545454545454,0.029286152860379847,640,All you have to do is out-sociopath them.
1173,2384,19,42,265,326,1.2453987730061349,0.03047029486066376,640,Just submitted his DNA to Ancestry.com. Turns out he’s 164th Lipizzaner.
4177,2385,16,47,259,322,1.2453416149068324,0.029772135087906916,640,Its all about making your enemy your friend.
2308,2386,16,46,256,318,1.2452830188679245,0.030023554913680712,640,It makes great time with the right nap suppressant.
2359,2387,18,41,255,314,1.2452229299363058,0.03094560445070089,640,So much for three blind mice.
2699,2388,13,50,247,310,1.2451612903225806,0.029501149107776032,640,In case you were wondering how Tom and Jerry ended.
2841,2389,18,51,286,355,1.2450704225352112,0.028444581923186812,640,We're looking into alternative fuel sources.
4487,2389,18,51,286,355,1.2450704225352112,0.028444581923186812,640,He told me he's a seeing eye dog.
1143,2391,13,47,238,298,1.24496644295302,0.03027406836294881,640,Domestication is the key to household harmony
2523,2392,18,49,280,347,1.244956772334294,0.028885830162060366,640,"What do you mean, ""Get off your high horse?"""
4129,2392,17,51,279,347,1.244956772334294,0.028596033363896194,640,"It is eco-friendly transport. Unfortunately, the current model only runs on mice."
3083,2394,10,60,257,327,1.2446483180428134,0.027467638406102602,640,I'll go get the other two.
3234,2395,12,67,293,372,1.2446236559139785,0.025922289626831727,640,Do you like my new ride? It was touch and go at first.
2496,2396,14,40,224,278,1.2446043165467626,0.032103874128480946,640,meow
263,2397,20,39,264,323,1.2445820433436532,0.030957829296275545,640,I was inspired by the infamous Access Hollywood tape!
3687,2397,11,57,255,323,1.2445820433436532,0.02802356608805306,640,"I'd wait before buying one. 
They're working on a model that drives itself."
3656,2399,17,55,292,364,1.2445054945054945,0.02768024581635342,640,IT WORKS AS LONG AS THE BLINDERS DON'T FALL OFF
1280,2400,12,52,247,311,1.2443729903536977,0.029061961056853425,640,I just tell him that we're going mouse hunting.
3503,2400,14,48,249,311,1.2443729903536977,0.029767214389602083,640,Haven't you been watching the news?  All the rules are out the window.
3166,2402,17,52,283,352,1.2443181818181819,0.028305301212992923,640,I finally tamed the beast.
521,2402,19,48,285,352,1.2443181818181819,0.028871527654997595,640,"I know this looks impressive, but he gets to eat me after this."
357,2402,19,48,285,352,1.2443181818181819,0.028871527654997595,640,"Their therapist told them to ""switch it up"" every once in a while."
2614,2405,17,51,280,348,1.2442528735632183,0.02852242945425507,640,"We're not quite ready to ""come out."""
3506,2406,14,46,243,303,1.2442244224422443,0.03028496528009981,640,I convinced him I would help protect his sunny spot from illegal immigrants.
4666,2407,12,60,272,344,1.244186046511628,0.027230078071531008,640,He thinks we’re blind and and wants to level the playing field.”
2036,2407,12,60,272,344,1.244186046511628,0.027230078071531008,640,What happens when you encounter another cat?
1754,2409,15,53,272,340,1.2441176470588236,0.028365477977943723,640,"It's a new strain of catnip, but it pulls to the left a little."
3768,2409,23,37,280,340,1.2441176470588236,0.030715092861646143,640,He's all cat no cattle.
3759,2411,14,54,268,336,1.244047619047619,0.028274861574711128,640,'Man Bites Dog' is soooooo 5 minutes ago.
1325,2412,20,41,271,332,1.2439759036144578,0.030352092447706282,640,Belling the cat was not enough of a challenge!
3351,2412,16,49,267,332,1.2439759036144578,0.029128178248777795,640,She let me grab her
244,2414,15,50,263,328,1.2439024390243902,0.02904585923193488,640,She works great... but I wouldn't recommend looking under the hood!
4336,2414,17,46,265,328,1.2439024390243902,0.029680901088790033,640,It's no longer a big deal now that a gallon of milk costs more than a gallon of gas.
2685,2414,15,50,263,328,1.2439024390243902,0.02904585923193488,640,They updated the “Game of Cat and Mouse” rules to be more equitable.
3997,2414,14,62,293,369,1.2439024390243902,0.02659554137148191,640,He's a three-year old. I'm entering him in the Purrness .
3125,2418,14,61,290,365,1.2438356164383562,0.02678219728948251,640,Breaking her was the hard part.
4104,2419,17,45,262,324,1.2438271604938271,0.029928384484400036,640,"With blinders, she offers a smooth, sustained ride with plenty of reserve power."
120,2420,12,64,285,361,1.2437673130193905,0.026395854292679443,640,They are domesticated after all.
932,2421,10,58,252,320,1.24375,0.027816907957904993,640,Rodeo at the litter box at eight.
2800,2421,13,52,255,320,1.24375,0.028854077663402148,640,The maze doesn’t stand a chance.
1076,2423,13,51,252,316,1.2436708860759493,0.02909065558623126,640,Get a dog.
1155,2423,16,45,255,316,1.2436708860759493,0.030108861119342873,640,"Next we’re getting the dog, but that should be easier."
4555,2425,18,50,285,353,1.2436260623229463,0.02851711043953297,640,I never thought I’d tame my fear of heights!
2431,2426,10,56,246,312,1.2435897435897436,0.028259042004581302,640,I looked it up on WikiHow.
3669,2427,16,53,280,349,1.2435530085959885,0.028158290515377278,640,We won the midterms!
1111,2428,15,54,276,345,1.2434782608695651,0.028075537596202467,640,"Today, the cat. Tomorrow, still the cat."
4527,2428,18,48,279,345,1.2434782608695651,0.028961904782074853,640,"It's a great deal! A romantic tour all around Central Park, and then he eats you."
284,2430,20,34,250,304,1.243421052631579,0.03228105694384346,640,He's got the inside rail in the rat race.
1335,2431,15,53,273,341,1.2434017595307918,0.028291231367455694,640,"Once you break them in, it's a piece of cake"
526,2432,15,43,242,300,1.2433333333333334,0.030825988157619864,640,I got the idea from a song about us mice.
3521,2432,11,51,238,300,1.2433333333333334,0.029343744985107507,640,You ought to try this hypnosis app..
1876,2434,10,62,265,337,1.2433234421364985,0.02691832474910638,640,Everything’s easy once you install the blinders.
4473,2435,13,65,296,374,1.2433155080213905,0.02607638748619826,640,"We're safe. Out of sight, out of mind."
1301,2436,15,51,267,333,1.2432432432432432,0.02873676007080466,640,I think Jerry's new gig as a dominatrix is working out
2682,2437,20,49,297,366,1.2431693989071038,0.028348499505052225,640,"I'm the president, and you're not."""
2208,2438,17,46,266,329,1.243161094224924,0.029599833219179028,640,"It's cool: if I don't squeak, he don't peak."
2460,2439,22,27,243,292,1.2431506849315068,0.033914860089631745,640,Please vote for this caption so I can finally win the contest.
3827,2440,17,45,263,325,1.243076923076923,0.029845585998259715,640,I'm going after Mickey. Minnie will be mine.
2977,2440,16,47,262,325,1.243076923076923,0.02952567782884638,640,"I named him ""One-Blind-Cat""."
1507,2440,14,51,260,325,1.243076923076923,0.028875230676125505,640,"If you give a cat a cookie, it can lead to some pretty crazy things."
2902,2443,16,46,259,321,1.2429906542056075,0.02977177090459327,640,It's Cat and Mouse 2.0. Big upgrade.
3594,2444,14,49,254,317,1.2429022082018928,0.029351039981268354,640,I just tell him he's Best of Show
4549,2444,12,53,252,317,1.2429022082018928,0.02866273242119812,640,She’s blind too
1727,2446,13,59,278,350,1.2428571428571429,0.027197845929902466,640,It's already cut my daily commuting time in half!
1258,2447,12,51,246,309,1.2427184466019416,0.029136718989722404,640,"Of course it's safe. With the blinders, he doesn't even know you're a mouse."
1735,2448,15,44,246,305,1.2426229508196722,0.030463400727074597,640,This might be taking conspicuous consumption a bit too far
430,2448,11,52,242,305,1.2426229508196722,0.029012712849635934,640,"Oh, please. Everyone's complicit in something these days."
1294,2448,10,54,241,305,1.2426229508196722,0.028638561200847804,640,"It's a whole new world, fellas! Let's go to the kitchen."
1063,2451,13,56,269,338,1.242603550295858,0.027811902357945482,640,"Confidence is all, just confidence."
2414,2452,15,51,268,334,1.2425149700598803,0.028659847221457337,640,Much better than being the underdog !
4221,2452,10,61,263,334,1.2425149700598803,0.027045823581586265,640,He's a real pussy cat when you get to know him.
2861,2454,15,50,265,330,1.2424242424242424,0.02888841439709024,640,It is the blinders. He thinks I am yarn.
1407,2455,16,47,263,326,1.2423312883435582,0.02944441147109706,640,I'm calling it an Aston Meowrtin.
3565,2456,13,52,257,322,1.2422360248447204,0.028694495370545647,640,He's giving me a ride and he's promised not to eat me.
1215,2457,14,49,255,318,1.2421383647798743,0.029268564522939546,640,The trick is to get Fluffy to chase a laser pointer for the whole mile at Aquaduct.
4826,2457,14,49,255,318,1.2421383647798743,0.029268564522939546,640,I just signed up to be a driver with Meuber
2604,2459,11,62,274,347,1.2420749279538905,0.026711649813838244,640,With the blinders he's just a pussy cat.
833,2459,16,52,279,347,1.2420749279538905,0.0282276909397277,640,Apparently I'm the same size as his jockey.....
4609,2459,16,52,279,347,1.2420749279538905,0.0282276909397277,640,Don't get cocky! Who knows what will happen when the clock strikes 12!
479,2459,20,44,283,347,1.2420749279538905,0.029384260681496036,640,I told you that bachelor party video would come in handy one day.
3708,2463,22,38,279,339,1.2418879056047198,0.030439174825499047,640,"Yippee-ki-yay, Motherfuckers!"
2907,2463,10,62,267,339,1.2418879056047198,0.026778468613517313,640,"Very low carbon, except for the non-vegetarian thing."
3610,2465,13,48,245,306,1.2418300653594772,0.02966012972729255,640,Jerry won this time
2461,2466,13,62,289,364,1.2417582417582418,0.026490799157899682,640,"Now hand over your cheese, nice and slow!"
1598,2466,19,50,295,364,1.2417582417582418,0.028152810031338484,640,Haven't you heard? Uber is downsizing.
1174,2468,13,53,261,327,1.2415902140672783,0.028389009252054738,640,Now we're working on the dressage training
1358,2468,20,39,268,327,1.2415902140672783,0.03061479160299012,640,"Last week's three caption finalists, were so bad, even my cat didn't want to see them."
852,2470,17,44,262,323,1.241486068111455,0.029929197242155006,640,When it comes down to it...they're just little pussies.
1469,2470,15,48,260,323,1.241486068111455,0.029279643575446466,640,Better than three blind mice.
4647,2470,18,42,263,323,1.241486068111455,0.0302487438976751,640,It's great transportation but feeding him could be a problem...
4911,2470,13,52,258,323,1.241486068111455,0.028615349172263268,640,This is as close to driverless as I want to get.
3089,2474,16,52,280,348,1.2413793103448276,0.028155054514749183,640,If you stay away from their bellies they're surprisingly docile
847,2475,15,53,276,344,1.2412790697674418,0.028070755176281048,640,She's a big pussy cat.
1001,2476,10,62,268,340,1.2411764705882353,0.02670906898197281,640,It’s easier than it looks
2580,2476,13,56,271,340,1.2411764705882353,0.027666416222600246,640,We're building an alliance against our better judgement!
1832,2478,15,58,292,365,1.2410958904109588,0.026990049186865244,640,He thinks he's a dog
2684,2479,20,41,275,336,1.2410714285714286,0.03002504496600599,640,You can do some rather incredible things when you are rich!
2418,2479,13,55,268,336,1.2410714285714286,0.027876965684197865,640,"We're on the verge of a whole new world, my good gentlemice..."
4244,2481,16,42,249,307,1.241042345276873,0.030634651913608462,640,I told you guys the mind manipulation books I read would pay off.
2478,2482,13,54,265,332,1.2409638554216869,0.028092076100201112,640,L’important c’est d’essayer!
1825,2483,14,51,263,328,1.2408536585365855,0.028639327730557846,640,"as long as he wears the blinders, I'm safe."
1719,2483,19,41,268,328,1.2408536585365855,0.030223268687572514,640,What he can't see sets us free!
570,2483,12,55,261,328,1.2408536585365855,0.027980656567299114,640,It’s just a matter of showing them who’s boss.
4521,2486,16,46,262,324,1.2407407407407407,0.029524092517287763,640,Even the cat-and-mouse game suffers from too much political correctness these days.
1000,2487,15,53,277,345,1.2405797101449276,0.0279980083879858,640,One blind cat. See how it rides!
2532,2488,9,52,230,291,1.2405498281786942,0.02903869466317894,640,My car ate a bird today.
2592,2489,14,48,254,316,1.240506329113924,0.029345810642129804,640,You may now play.
4050,2490,14,47,251,312,1.2403846153846154,0.029592269011617458,640,Now boarding Group 2. Welcome aboard.
757,2491,16,49,272,337,1.2403560830860534,0.028740450071441274,640,That's in poor taste. Please call it a cat.
1766,2491,18,45,274,337,1.2403560830860534,0.029348580430584678,640,As long as he can’t see behind him you’re allright.
4373,2491,11,59,267,337,1.2403560830860534,0.027160618786310545,640,"What, you’ve never seen a cat herder before?"
2642,2494,15,50,268,333,1.2402402402402402,0.028655355336424517,640,He thinks I'm Andrew Lloyd Webber.
3037,2494,12,56,265,333,1.2402402402402402,0.027692205597392654,640,"And if things start to go at all sideways, you just say 'kitty up!'"
1918,2496,13,47,244,304,1.2401315789473684,0.029740057524291003,640,"It's not what you know, but who you know."
3882,2497,18,49,287,354,1.2401129943502824,0.028371955767544945,640,No...he has the blinders on...not me!
3163,2498,14,44,242,300,1.24,0.030367500083403248,640,See how she runs? See how she runs?
2796,2498,14,50,261,325,1.24,0.028790100651726835,640,Power trip!
4402,2498,13,52,260,325,1.24,0.028458329944145988,640,You should try Zoober. I took a hawk last week to that hole in the wall bar.
2268,2498,10,64,276,350,1.24,0.0261986491669776,640,He thinks i'm a hamster
4896,2502,17,49,280,346,1.239884393063584,0.028519292579283484,640,"When I fell off the turnip truck, this kind fellow said he'd take me to my final destination!"
3470,2502,12,59,275,346,1.239884393063584,0.027010681348166785,640,I met her while going door-to-door for PETA.
872,2502,15,53,278,346,1.239884393063584,0.027925629666858836,640,They're remarkably task oriented.
2723,2505,13,51,257,321,1.2398753894080996,0.0286864554112441,640,Uber!!  It's not just for the big beings anymore!!
4861,2506,16,39,241,296,1.239864864864865,0.03137730041948619,640,I'm looking for his two blind brothers
626,2507,16,50,276,342,1.239766081871345,0.028441716878474445,640,He's such a pussy-cat!
936,2507,9,64,269,342,1.239766081871345,0.026246624517104432,640,I'm the best catwalker there is.
3740,2507,19,44,279,342,1.239766081871345,0.029332226778085807,640,"So cool, the dogs up the street sell them!"
4502,2507,14,54,274,342,1.239766081871345,0.027832218976421207,640,Hey Guys! And you thought politicians made strange bedfellows.
2030,2511,17,47,274,338,1.2396449704142012,0.02896877345431126,640,"Another case of  someone with a tiny brain leading the charge 
while those carrying the burden are blinded to the consequences."
426,2511,17,47,274,338,1.2396449704142012,0.02896877345431126,640,She thinks she's a Lipizzaner.
3969,2511,9,63,266,338,1.2396449704142012,0.026433371613065606,640,Will you please stop with the cat and mouse games and get back to work!
2797,2514,15,50,269,334,1.2395209580838322,0.028578485156240223,640,"I'd give you a ride in the carriage, but we had an incident at the litterbox this morning."
2658,2515,12,50,247,309,1.2394822006472492,0.029043204445409622,640,"One blindered cat! One blindered cat!
See how it runs! See how it runs!"
4386,2515,13,48,248,309,1.2394822006472492,0.029402760220415387,640,‘He’ll do anything for a bit of catnip’
4471,2517,13,59,283,355,1.2394366197183098,0.026857342391372135,640,"Oh, I put them on when he's sleeping.  The tricky part is taking them off when he's awake!"
1539,2517,16,53,286,355,1.2394366197183098,0.027731947857949874,640,It gets great mileage.
1533,2519,20,38,268,326,1.2392638036809815,0.030620054887764595,640,"Hey, our blindness is cured and our tails have grown back.  It's time we taught the farmer's wife and her cat a lesson!"
3288,2519,10,58,258,326,1.2392638036809815,0.027364566037156892,640,Just takes a little catnip.
2410,2519,12,54,260,326,1.2392638036809815,0.02804591114204492,640,"If he can't see you, he can't chase you!"
1264,2519,15,48,263,326,1.2392638036809815,0.02903796855611319,640,It's an upgrade on the old cat and mouse game.
2272,2519,12,54,260,326,1.2392638036809815,0.02804591114204492,640,And people said we'd never take down the catriarchy...
1561,2524,11,50,240,301,1.239202657807309,0.02915901503262791,640,I think the sense of power may go to my head.
1573,2525,15,53,279,347,1.239193083573487,0.02785361630905223,640,"It's not the story, it's the way you tell it."
2916,2526,13,51,258,322,1.2391304347826086,0.0286069296202804,640,This is my new pet cat that I just found in an alley.  Do you know what it eats?
1149,2527,16,50,277,343,1.239067055393586,0.028367289201964845,640,We're going for instagram famous.
2157,2528,9,53,235,297,1.239057239057239,0.02862354304787606,640,"""If he becomes curious, you know what happens..."""
4594,2528,11,49,237,297,1.239057239057239,0.029407605514792587,640,"It's kink, sure, but it's kink on his terms."
4178,2530,13,50,255,318,1.2389937106918238,0.028838543435463798,640,It takes one to herd them.
3745,2531,15,51,273,339,1.238938053097345,0.02828124993579441,640,You girls come around here often?
157,2532,15,40,238,293,1.2389078498293515,0.03119865467427719,640,I am an ecatstrian
1311,2533,15,50,270,335,1.2388059701492538,0.02850201787038114,640,With the blinders on he thinks I'm a tiger
3670,2533,13,54,268,335,1.2388059701492538,0.027867824205606646,640,Did you request an UberKITTEN?
4435,2535,18,43,270,331,1.2386706948640482,0.029668283421163327,640,"Hey fellas check it out, the family that just moved in is from Portland!"
1359,2536,15,43,248,306,1.238562091503268,0.03028224798849135,640,Just call me the cat's meow.
3684,2537,11,56,260,327,1.238532110091743,0.02763216039998026,640,I’ve been watching “The Cat Whisperer.”
3040,2537,12,54,261,327,1.238532110091743,0.027969584595650954,640,Either I need to give him another gummy in the next hour or get the hell out of Dodge.
824,2539,22,44,303,369,1.2384823848238482,0.028592419248648672,640,He's a lot cheaper than Uber!
4501,2540,10,57,256,323,1.238390092879257,0.027498151329179963,640,"Tra la la, the times they are a-changing!"
4182,2540,14,49,260,323,1.238390092879257,0.028862899470284555,640,Next stop is Katmandu.
1223,2540,11,55,257,323,1.238390092879257,0.027845609821833664,640,"It´s so much easier, since everyone is vegan."
447,2543,17,48,279,344,1.2383720930232558,0.02859122006322011,640,The secret is spiked catnip.
4108,2543,11,60,273,344,1.2383720930232558,0.026753617594846065,640,"No, you're thinking of the frog and the crocodile."
2737,2545,14,43,241,298,1.238255033557047,0.030453878805404767,640,It ate my mother in the process but well worth it
1506,2546,15,46,258,319,1.238244514106583,0.02943535464358848,640,I just try not to make any sharp turns
3249,2547,16,54,291,361,1.2382271468144044,0.027392092969750863,640,Turns out we both enjoy primitive American guitar.
1058,2548,14,47,254,315,1.2380952380952381,0.02933958786113843,640,C'mon! It's our new act! One Blind Cat.
3230,2548,16,43,256,315,1.2380952380952381,0.030020863089416278,640,Forget cat and mouse. I like to think of it as mouse and cat.
3660,2548,13,54,269,336,1.2380952380952381,0.027793849210714722,640,I call it my blind cat bluff.
3849,2548,12,56,268,336,1.2380952380952381,0.02747234523293482,640,I won!
1740,2552,17,50,286,353,1.2379603399433428,0.02808532540084168,640,It’s all in the knees.
3202,2552,16,52,285,353,1.2379603399433428,0.027797296642953977,640,"The party was great, no one got eaten."
1706,2554,18,43,271,332,1.2379518072289157,0.029587520824415982,640,"Roy"", I said, ""You had Trigger, Buttermilk, and Bullet all stuffed when they died, so what about Fluffy?"
4,2554,19,41,272,332,1.2379518072289157,0.029893495538337995,640,This is how I win elections.
136,2554,13,53,266,332,1.2379518072289157,0.028007551726424225,640,Win!?  I'll be happy if we're not a late scratch.
507,2554,19,41,272,332,1.2379518072289157,0.029893495538337995,640,"Who said, “Nancy, that fat cat will never let you take control of the House?”"
3113,2554,15,49,268,332,1.2379518072289157,0.02864999699195616,640,It's her peripheral vision which makes her want to eat us.
1245,2559,15,44,252,311,1.2379421221864952,0.029934805030368848,640,I don't know why Jerry can't seem to get his under control.
3487,2560,14,50,264,328,1.2378048780487805,0.028554340687903502,640,It's fine. I'm replacable.
3639,2560,10,58,260,328,1.2378048780487805,0.027216951891762976,640,Rodent Cowboy
1165,2562,17,39,251,307,1.237785016286645,0.03089051338098862,640,This sure beats Uber.
2999,2562,15,43,249,307,1.237785016286645,0.030193448842695793,640,The Mouse Too Movement
4309,2564,15,52,278,345,1.23768115942029,0.027919389133387783,640,"Yeah, that’s right, I’m a riding a cat."
2662,2565,18,41,265,324,1.2376543209876543,0.03008171820764287,640,Next stop: Royal Ascat
2151,2566,14,53,274,341,1.2375366568914956,0.027824261021551916,640,My trainer recommended the blinders.
4249,2566,12,57,272,341,1.2375366568914956,0.027197222241157042,640,El Trojan Gato......
275,2568,14,48,258,320,1.2375,0.029017006687733788,640,Apparently he self identifies as a gently mare.
3105,2569,12,56,269,337,1.2373887240356083,0.027399813984587375,640,"Hop on-board  - we'll become a new cool nursery rhyme"""
3177,2570,16,52,286,354,1.2372881355932204,0.027726811587521598,640,Three blind...who?
1423,2571,13,53,267,333,1.2372372372372373,0.02793245988111528,640,And you guys made fun of my Tony Robbins class.
3222,2571,15,49,269,333,1.2372372372372373,0.028572768050758403,640,I've convinced him that he's a thoroughbred and I'm the only jockey that can take him to the winners circle
3340,2573,13,57,280,350,1.237142857142857,0.02704087094095789,640,My car broke down.
233,2573,16,51,283,350,1.237142857142857,0.02793436299170423,640,The blinders?  They're required after cat-a-rat surgery.
273,2575,13,52,264,329,1.237082066869301,0.028149292547395333,640,Looks like there’s only two blind mice now.
4783,2575,17,44,268,329,1.237082066869301,0.0294366633786078,640,"The origin of the word ""CATastrophe"""
3973,2577,13,56,277,346,1.2369942196531791,0.02723874415451297,640,They really have a bad rep. They're actually quite easily trained.
2062,2577,15,52,279,346,1.2369942196531791,0.02784705442317449,640,He’s blind to my scent since his tail got shut in the cupboard door .
1884,2579,16,45,264,325,1.236923076923077,0.029357947953543254,640,He has a lot of pep for a gelding.
2455,2579,11,55,259,325,1.236923076923077,0.027693362858445453,640,I told you that if we made a longterm plan we could reverse the oppression.
2447,2581,19,48,296,363,1.2369146005509641,0.028081829332216285,640,'I let him eat Mickey and here I am!'
383,2582,18,45,279,342,1.236842105263158,0.02896104575223045,640,Three sighted mice. Three sighted mice. See how they ride. See how they ride. They all went off with the farmer's cat because he was blind as a bat. Did you ever think you would see something like that?   Three sighted mice.
1750,2582,8,65,269,342,1.236842105263158,0.025831142867546505,640,Don't worry. He can't see you.
3294,2584,14,57,288,359,1.2367688022284122,0.02688189384046416,640,It's better than being eaten.
1337,2585,11,61,279,351,1.2364672364672364,0.026361690018599084,640,This will work as long as the blinders stay on.
714,2586,18,38,257,313,1.2364217252396166,0.030777451136282618,640,You wanna see me ride this pussy bareback?
4263,2587,15,48,267,330,1.2363636363636363,0.02872175280387158,640,"Well, look at me now Lucy! I bet you're now starting to regret leaving me for Jared."
2784,2588,14,54,279,347,1.2363112391930835,0.027473575327183194,640,I'LL SEE YOU ON THE OTHER SIDE.
2950,2588,12,58,277,347,1.2363112391930835,0.026860402477508503,640,Do you like my Uber?
3826,2588,17,48,282,347,1.2363112391930835,0.02836849522384657,640,I convinced him that he was a horse
1405,2591,12,49,248,309,1.2362459546925566,0.02894821319299034,640,We still don't know who tamed who.
3863,2591,15,43,251,309,1.2362459546925566,0.030017374959029324,640,This is not my first time at the rodeo
3675,2593,17,43,266,326,1.2361963190184049,0.029597406145610287,640,It's the blinders - she thinks they look like Ray-Ban Aviators.
2053,2594,10,61,272,343,1.2361516034985423,0.0264184202508614,640,"I figured if you can't beat 'em, you ride 'em"
3187,2594,11,59,273,343,1.2361516034985423,0.026739153966382878,640,"Trust me, you will want to maintain your position on the periphery while he demonstrates the canter."
4180,2594,11,59,273,343,1.2361516034985423,0.026739153966382878,640,It's more fun than tying a bell around his neck.
2052,2597,14,57,289,360,1.2361111111111112,0.02681518466109859,640,Why the funny look?  It’s not like he can ride me!
3772,2597,14,57,289,360,1.2361111111111112,0.02681518466109859,640,"I'm telling you guys, it's purrrrrrrrectly safe."
143,2599,11,50,244,305,1.2360655737704918,0.02881826941276985,640,Certainly you've heard of the tail wagging the dog.
4225,2600,19,38,265,322,1.236024844720497,0.030485660781041486,640,"The hard part was convincing him he’s a horse”

(And the second hardest part is logging into the New Yorker’s website"
117,2601,19,42,278,339,1.2359882005899705,0.029411997162356124,640,HEY GUYS! LOOK AT ME! I'M MAKING AMERICA GREAT AGAIN!
2891,2601,15,50,274,339,1.2359882005899705,0.02820011671644387,640,"A cat, a cat, my kingdom for a cat."
52,2603,14,56,286,356,1.2359550561797752,0.02700714318843546,640,Way easier than belling it...
3157,2604,9,49,226,284,1.2359154929577465,0.029341395812650023,640,You would be surprised what a little cat nip and fancy feast will do.  I am off to the races.
341,2605,15,41,245,301,1.2358803986710964,0.03054551850818926,640,The power of positive thinking—and blackmail.
409,2606,9,57,252,318,1.2358490566037736,0.027332977314178185,640,"He's great at pouncing, but not so good on turns."
2776,2606,11,53,254,318,1.2358490566037736,0.028049453232185752,640,I’ve got forty head of cat out back.  Driving them straight to the pound at daybreak.
144,2606,17,41,260,318,1.2358490566037736,0.030096716763231248,640,She likes to relax before a meal.
4712,2606,16,43,259,318,1.2358490566037736,0.02976528634235805,640,"Yep, just like mama said; 'You can lead a cat to the litter box, but better hold on real tight when you get there'."
1362,2610,15,49,271,335,1.2358208955223882,0.028419528137023486,640,Mousus Aurelius
3696,2610,15,49,271,335,1.2358208955223882,0.028419528137023486,640,"If you focus their attention, they’re easy to herd."
708,2610,14,51,270,335,1.2358208955223882,0.028103289507931353,640,Let's rewrite history! Three blind cats is the new narrative.
4035,2613,19,49,301,369,1.2357723577235773,0.027739313593909503,640,Never thought I'd break a cat.
4564,2614,11,48,238,297,1.2356902356902357,0.029305844274890944,640,We're on our way to Dresssage class.
1867,2615,17,44,270,331,1.2356495468277946,0.029276004816245715,640,Just grab ‘em by the _____and they’ll go wherever you want.
4183,2615,15,48,268,331,1.2356495468277946,0.028643751182480044,640,To hell with the three blind mice shtick.
4119,2615,11,56,264,331,1.2356495468277946,0.027335407979574695,640,Easy once I got the blinders on.
193,2615,11,56,264,331,1.2356495468277946,0.027335407979574695,640,"We're headed to the pantry for catnip and, perhaps, a small wheel of cheddar."
2792,2619,19,39,269,327,1.235474006116208,0.030144536769121755,640,Blackmail my friends. Blackmail
3652,2619,14,49,264,327,1.235474006116208,0.028546212123673156,640,He thinks blinders relieve his anxiety
1377,2621,14,53,277,344,1.2354651162790697,0.027607021761329224,640,"I watched a ""how to dominate your cat"" video on YouTube."
4343,2621,12,57,275,344,1.2354651162790697,0.0269860528254831,640,She's self driving believe it or not.
169,2623,16,44,263,323,1.2352941176470589,0.02943579196640928,640,"It's called an iMind; it has music, muzzle and peripheral blinders. Best invention since sliced cheese."
2790,2623,15,46,262,323,1.2352941176470589,0.02910732191154671,640,"Once you bell the cat, the rest is easy."
3011,2623,16,48,276,340,1.2352941176470589,0.028432419637626192,640,It's my new catbriolet.
4623,2623,13,50,260,323,1.2352941176470589,0.028439002605713373,640,We call him American Feral.
3372,2627,10,59,267,336,1.2351190476190477,0.026730377966604203,640,"It's great, except for her nap time."
2900,2627,17,45,274,336,1.2351190476190477,0.028963618829321996,640,It's the classic game of mouse on cat.
4753,2629,9,57,253,319,1.2351097178683386,0.027257188234338658,640,"The mouse and cat games, you mean."
653,2630,16,39,247,302,1.2350993377483444,0.030813332750833842,640,we won the house didn't we
4151,2631,17,48,284,349,1.2349570200573066,0.028221894890513386,640,payback time for that stupid three blind mice song
3146,2632,16,46,270,332,1.2349397590361446,0.02888296055391633,640,He's all cat and no cattle.
3595,2633,10,61,274,345,1.2347826086956522,0.026282828300918312,640,"Hey guys, this horse says he’s got room for two more."
269,2634,17,43,268,328,1.2347560975609757,0.029434227138320175,640,"I tell you, this 'Uber' cat sure gives you a 'Lyft.'"
2171,2634,19,39,270,328,1.2347560975609757,0.03006106581861968,640,It’s called immersion therapy.
370,2636,13,47,251,311,1.234726688102894,0.02913989373686949,640,They say it's the Uber of fear management.
4484,2637,11,58,272,341,1.2346041055718475,0.0267933896727477,640,Don't  squeak !!
3393,2637,16,48,277,341,1.2346041055718475,0.028357313687250377,640,He’s in training
4305,2639,14,48,262,324,1.2345679012345678,0.028695344010815835,640,JUST CALL UBER...ALL I DID WAS ASK FOR A HYBRD!
448,2640,15,42,250,307,1.234527687296417,0.0301002855877844,640,Bells? Where we're going we don't need bells. Now watch me get up on the kitchen counter ...
619,2640,12,48,247,307,1.234527687296417,0.02901995859024195,640,Mind over litter.
1448,2642,16,51,287,354,1.234463276836158,0.02765047571052123,640,They're very obedient once you break their spirit.
3867,2643,12,55,270,337,1.2344213649851632,0.027314559055780528,640,"Since I got him broke, he's been an ol' pussycat!"
375,2644,17,41,262,320,1.234375,0.029926417564756863,640,I wish you could see this.
2865,2644,11,53,256,320,1.234375,0.027893289682753786,640,They say you eat with your eyes.
2896,2644,13,49,258,320,1.234375,0.0285870698446706,640,You can get him to do anything just before dinnertime.
4904,2647,10,51,242,303,1.2343234323432344,0.028507148055512216,640,And to think he calls US blind.
4350,2648,18,46,286,350,1.2342857142857142,0.028438495502244896,640,Blind leading the blind
796,2649,12,54,267,333,1.2342342342342343,0.027520016254275123,640,Its nothing to switch out the catnip with THC edibles.  It's a whole new normal for us.
1849,2649,10,58,265,333,1.2342342342342343,0.0268546185145729,640,"Don’t worry, I told him you have rabies."
2625,2649,16,46,271,333,1.2342342342342343,0.02880473594359472,640,"Mable, I’ve heard of the “Cat Whisperer” but never thought  I live to see him."
1336,2652,10,54,252,316,1.2341772151898733,0.027753414565630144,640,It's dressage. He needs them to keep him focused.
3631,2652,12,50,254,316,1.2341772151898733,0.028468172936863437,640,"He readily agreed after the ""Access Hollywood"" tape"
2588,2654,12,57,277,346,1.2341040462427746,0.026847044131969214,640,"He wouldn't go for the bell, but was remarkably amenable to my next suggestion."
4024,2655,18,41,270,329,1.2340425531914894,0.029667318436220006,640,Whipped Pussy
3174,2655,20,37,272,329,1.2340425531914894,0.030285591015685846,640,He just thinks he’s saddled with debt.
677,2655,15,47,267,329,1.2340425531914894,0.02871495992050332,640,"If you did the same as I did, we could call ourselves 'The Three Mouse-Cat-eers'"
1338,2655,17,43,269,329,1.2340425531914894,0.02935329901747713,640,"It's okay, we're just playing...""Cat and Mouse,"" he said."
2702,2655,14,49,266,329,1.2340425531914894,0.028390408648863375,640,"She might have nine lives, but as for me, YOLO!"
3065,2660,10,64,285,359,1.233983286908078,0.02561780842060879,640,Hey Lorraine - now do you believe in karma?
487,2661,19,35,258,312,1.233974358974359,0.03111152173914514,640,"Save a horse, ride a pussy."
2402,2662,11,65,296,372,1.2338709677419355,0.025344798726128905,640,"Ignore him, he just turned one and he's going through a midlife crisis."
1716,2663,12,52,261,325,1.2338461538461538,0.02794440490518898,640,The horse was just too skittish!
1866,2663,15,46,264,325,1.2338461538461538,0.028945981111118117,640,We ride for justice! And laser pointers.
2082,2665,12,59,284,355,1.2338028169014084,0.026401115662588123,640,I've flipped the whole 3 blind mice scenario around.
4140,2666,12,55,271,338,1.2337278106508875,0.027242456737180155,640,This is going blowup a lot of predator prey theories.
2114,2667,16,46,272,334,1.2335329341317365,0.028726926296032646,640,"When they named him Secretaricat, what choice did I have?"
1955,2668,14,57,293,364,1.2335164835164836,0.02655155660280788,640,It's called counter-insurgency.
3015,2669,18,38,261,317,1.2334384858044165,0.03042471658852397,640,"...and then he's going to replace our healthcare with ""something terrific""."
567,2670,12,57,278,347,1.2334293948126802,0.026778063318432497,640,Survival of the fittest.
4087,2670,13,55,279,347,1.2334293948126802,0.027087316867646972,640,"Don't worry mom and dad, no matter what happens, I guarantee you, I'll land back on my feet again."
1605,2672,17,43,270,330,1.2333333333333334,0.029272807174508624,640,I know it looks ridiculous but the tourists will love it.
4879,2673,19,42,282,343,1.2332361516034986,0.029100763700532686,640,There's always a first time.
1852,2673,10,60,273,343,1.2332361516034986,0.02633267193759478,640,It's a new world
1695,2675,20,33,260,313,1.233226837060703,0.031349334772514836,640,It has a lazor pointer guidance system.”
2669,2676,11,61,284,356,1.2331460674157304,0.026032846612341235,640,Which way to the S&M conference?
1968,2677,16,44,266,326,1.2331288343558282,0.029191109824221646,640,They’re THIS close to making self-driving ones of these.
4124,2677,20,36,270,326,1.2331288343558282,0.030456989469428652,640,It's different. Horses don't eat people.
3109,2679,10,62,280,352,1.2329545454545454,0.025902782689660724,640,"He spooks easily, so I added these."
3515,2680,12,51,259,322,1.2329192546583851,0.02808543025118055,640,Definitely catatonic.
4478,2680,10,55,257,322,1.2329192546583851,0.027387815736381386,640,House broken with benefits.
4661,2682,12,47,246,305,1.2327868852459016,0.029091828065218595,640,Catnip extra strength!
4619,2683,14,53,281,348,1.2327586206896552,0.027322485240359178,640,And now I can be The Mouse That Reared.
3674,2684,9,46,220,275,1.2327272727272727,0.02984264295199705,640,"It's OK, we have a deal"
1599,2685,11,52,255,318,1.2327044025157232,0.027955318873527462,640,He's a little friskie.
1739,2686,8,68,285,361,1.2326869806094183,0.024881110600892244,640,I told you I have friends in high places
911,2687,12,53,266,331,1.2326283987915407,0.027580185011427887,640,If he only knew......!!!!
737,2688,13,50,264,327,1.2324159021406729,0.028127091820599415,640,Hopefully we can keep this up until we get to the animal control shelter.
3864,2689,13,53,274,340,1.2323529411764707,0.02741765037399636,640,"Don't worry, after I get all the cheese, I'll let him go."
2108,2690,13,56,284,353,1.2322946175637395,0.02675585211843955,640,It's all in how you talk to 'em.
4253,2691,9,54,247,310,1.232258064516129,0.027658269017129266,640,It's okay; I already checked. He promised he wouldn't eat me.
1159,2691,8,56,246,310,1.232258064516129,0.027278211797414176,640,Don’t say anything - we’re playing blind man’s bluff!
170,2691,11,50,249,310,1.232258064516129,0.028403131118637365,640,It's our equivalent of having invented the wheel.
334,2694,12,51,260,323,1.2321981424148607,0.028007628211493434,640,It came with a manual.
4205,2694,12,51,260,323,1.2321981424148607,0.028007628211493434,640,We're OK if I can keep him looking straight ahead.
2885,2696,24,30,282,336,1.2321428571428572,0.030960239011262186,640,He's a Trump supporter.
3627,2697,10,64,288,362,1.2320441988950277,0.025429730862547777,640,"he was worthless until i tried the blinders, now he is a pussy cat"
3771,2697,13,58,291,362,1.2320441988950277,0.02631699434473754,640,Can you believe my parents didn't want me to major in Dressage?
1950,2699,14,43,249,306,1.2320261437908497,0.029736177687840103,640,The blinders make all the difference.
2815,2700,16,42,261,319,1.2319749216300941,0.029592411326898434,640,She came up with it at the loving-kindness workshop.
4742,2700,16,42,261,319,1.2319749216300941,0.029592411326898434,640,I think this is our best chance of catching the framer's wife.
371,2702,12,53,267,332,1.2319277108433735,0.02750591281739113,640,The Tabby Taxi is finally in service.
2044,2702,10,57,265,332,1.2319277108433735,0.026836092599094103,640,"veni, vidi, vicheese"
2117,2702,9,59,264,332,1.2319277108433735,0.026494833062726948,640,He’s  been that way ever since he went to that Tony Robins workshop.
605,2705,18,47,293,358,1.2318435754189945,0.027938046264158977,640,They really are dumb as a post.
2464,2706,10,50,242,302,1.2317880794701987,0.028488356964795045,640,Finally decided to listen to someone with an opposing political view.
68,2707,11,51,253,315,1.2317460317460318,0.028096800277810544,640,"The blinders keep him in a CATatonic trance, haha!"
1192,2707,9,55,251,315,1.2317460317460318,0.027367670362658924,640,"It's a ""ride or die"" relationship"
1544,2709,12,52,264,328,1.2317073170731707,0.02771577940668461,640,"I call him ""My Base""."
3054,2709,12,52,264,328,1.2317073170731707,0.02771577940668461,640,"Have fun scurrying, suckers!"
1894,2711,12,55,274,341,1.2316715542521994,0.027028366192604784,640,"This has all the makings of a CAT-astrophe....""

(Submitted by Stephanie Hoina, White Plains, NY"
4464,2711,16,47,278,341,1.2316715542521994,0.028276028479308633,640,"Because he can’t see me, he thinks I’m the cat’s meow!"
1564,2713,14,50,273,337,1.231454005934718,0.027869225991991882,640,She ofered me a free ride to her dinner plate.
2574,2714,12,57,281,350,1.2314285714285715,0.026573184683099122,640,It works better than the bell.
3623,2715,23,38,302,363,1.2314049586776858,0.0290064989318437,640,I feel like that fancy new ride he going to come back to bite him.
2985,2716,11,49,247,307,1.231270358306189,0.028551387994380603,640,He’s grateful to have a job. Can you believe it?
1534,2717,13,48,259,320,1.23125,0.028495362736630725,640,We couldn't find a bell but I think this worked out better.
1761,2717,11,52,257,320,1.23125,0.027799293957115286,640,The key is the blinders.
4475,2719,13,51,269,333,1.2312312312312312,0.02775980381539595,640,"Relax! He told me the trip would be short and sweet.""
Elaine Ryning, San Francisco, Calif"
956,2719,15,47,271,333,1.2312312312312312,0.028404004417363356,640,Does it have GPS
2182,2719,18,41,274,333,1.2312312312312312,0.0293438001211514,640,"The kitties are coming!"" ""The kitties are coming!""
-Paw Revere"
2870,2722,17,46,283,346,1.23121387283237,0.028285291604432487,640,"Other ridesharing services don't respect their employees, but at ""Tabby Road"" I feel like I'm part of the team."
3240,2723,21,31,264,316,1.231012658227848,0.031398978972956654,640,It's a part of the guiding eyes for the 3 blind mice program.
338,2723,11,51,254,316,1.231012658227848,0.02801734514523121,640,I’m gonna rustle us some cheese.
3498,2725,10,59,273,342,1.2309941520467835,0.026313883913256387,640,"Let's see how he runs, for a change."
2070,2725,13,53,276,342,1.2309941520467835,0.02727395745699713,640,Bet Yellow Cat to win!
1553,2725,13,53,276,342,1.2309941520467835,0.02727395745699713,640,"He must have heard ""nice""!"
1887,2728,18,45,288,351,1.2307692307692308,0.028288255789462004,640,Her name is Florence and we're going to Arabia.
95,2728,11,56,271,338,1.2307692307692308,0.02683080022363344,640,Nobody can beat him in the stretch.
630,2728,11,50,251,312,1.2307692307692308,0.028240333600011946,640,Training him has been easy since I found the catnip stash.
863,2728,14,47,264,325,1.2307692307692308,0.028527041484236983,640,Pot rules!
904,2728,15,45,265,325,1.2307692307692308,0.028858022249801933,640,It feels good to be back in the saddle again.
981,2728,11,50,251,312,1.2307692307692308,0.028240333600011946,640,And she's got a new CATalytic converter that really cuts down on those nasty emissions.
1074,2728,16,49,286,351,1.2307692307692308,0.02770677503878786,640,She answers to Cheddar
2001,2728,16,46,276,338,1.2307692307692308,0.028419773548068947,640,Even Mickey doesn't have a ride like this boys!
2467,2728,12,54,272,338,1.2307692307692308,0.02715603391913345,640,"Thanks to Deepak Chopra, I've been able to achieve my goals through visualization and meditation."
3410,2728,14,50,274,338,1.2307692307692308,0.027795086856678877,640,"We ride at dawn, Marcellus!  Hopefully Rawl never learns that our steed is declawed."
4582,2738,11,61,288,360,1.2305555555555556,0.02577548242696918,640,I hope that cat isn’t smarter than it looks!
262,2739,9,53,246,308,1.2305194805194806,0.027715504901202136,640,After I took the bit out of her mouth she purrs like a kitten.
940,2740,11,43,228,282,1.2304964539007093,0.03014685426700406,640,I taught him to channel his inner horse.
3322,2741,13,56,287,356,1.2303370786516854,0.02655399053403956,640,I'm off to the litter box Rodeo!
1542,2742,13,52,274,339,1.2300884955752212,0.027404700120075776,640,"If you just shift your attitude, they become more pussy and less cat."
901,2742,15,48,276,339,1.2300884955752212,0.028034391125900615,640,"You can worry about toxoplamosis risky behavior, or you can lean into it."
3431,2744,13,49,264,326,1.2300613496932515,0.028114476221748758,640,Anything is possible with blinders on.
2293,2744,8,59,259,326,1.2300613496932515,0.026382562986930935,640,I am going to be dead cert to win that rat race now.
1142,2744,10,55,261,326,1.2300613496932515,0.027088619144300018,640,I've got him thinking he's a member of the Hole in the Wall Gang.
560,2744,11,53,262,326,1.2300613496932515,0.02743483398596968,640,They’re to keep him from being distracted by a piece of string.
379,2748,10,49,241,300,1.23,0.028552988156486128,640,One blindered cat. One sighted mouse. One surprised farmer's wife. Three tails to glory.
4273,2749,18,44,286,348,1.2298850574712643,0.028430926137767674,640,"He’s my trophy cat—so his racing name is 'Cat-as-trophy'."""
1024,2750,15,44,263,322,1.2298136645962734,0.02901106492231306,640,"I’ve gotta take it into the shop, the exhaust pipe keeps leaking."
2363,2750,8,58,256,322,1.2298136645962734,0.026574340864503984,640,I hired a cat whisperer and voila...
2482,2750,10,54,258,322,1.2298136645962734,0.027292756071287377,640,"Next thing I do,I'm going to put on a bell."
4632,2750,9,56,257,322,1.2298136645962734,0.026935943703067473,640,"Don't worry, he's tame."
1861,2754,17,45,282,344,1.2296511627906976,0.028353696676521895,640,It's uber purrlus
3728,2754,15,49,280,344,1.2296511627906976,0.027749441648319117,640,He’s called The Calico Stallion.
411,2756,14,48,269,331,1.229607250755287,0.02814894939484079,640,“I know they say one should conquer one’s own fears but he has taken it too far
1249,2756,12,52,267,331,1.229607250755287,0.027490787108343993,640,"Come on, don't be a pussy. Try it"
3959,2756,15,46,270,331,1.229607250755287,0.028472325864456798,640,Ssshh...are you guys crazy?!? Don’t say the word ‘M-O-U-S-E’ again!!
1584,2759,17,39,262,318,1.229559748427673,0.029919993701563504,640,"Shhhh, he thinks I’m a dog."
3874,2760,11,59,283,353,1.2294617563739376,0.02606438732600496,640,We're safe as long as the blinders are in place!
4849,2761,15,37,240,292,1.2294520547945205,0.030994043068747718,640,It’s a trick I learned in Mara Lago ...
399,2762,12,54,274,340,1.2294117647058824,0.027013065898679658,640,It's easier than I expected.
1447,2763,12,51,264,327,1.2293577981651376,0.027700595439925955,640,"If you can't beat em, join em."
305,2763,11,53,263,327,1.2293577981651376,0.027359854050111612,640,Where does justice end and vengeance begin?
666,2765,12,48,254,314,1.2292993630573248,0.028439402883169693,640,Wanna see him do dressage?
106,2766,14,49,273,336,1.2291666666666667,0.027857989496243313,640,We've gotten along great since he found out my family owns a catnip factory
996,2767,14,46,263,323,1.2291021671826625,0.028595577486564557,640,"I look good up here, don't I?"
3646,2768,17,45,283,345,1.228985507246377,0.028279228003918504,640,And you said it could never be done.
4905,2769,18,37,264,319,1.2288401253918495,0.03016333872567065,640,She's laser guided.
1259,2769,15,43,261,319,1.2288401253918495,0.029166417405035207,640,"Mouse, shmouse. He thinks he's got the Lone Ranger up here."
2747,2771,12,54,275,341,1.2287390029325513,0.026942133149614418,640,Suck it up...love thy neighbor
2871,2771,10,58,273,341,1.2287390029325513,0.02629406653393473,640,Hey guys! I took your advice and sprung for the hansom cat.
3898,2771,9,60,272,341,1.2287390029325513,0.025963967975074678,640,"Look at me I'm riding a lion. Oh yeah, we are all blind."
2990,2774,12,51,265,328,1.228658536585366,0.02762486481012609,640,Mouse in the house.
4925,2774,12,51,265,328,1.228658536585366,0.02762486481012609,640,There's a new sheriff running this cat and mouse game
179,2776,12,59,292,363,1.2286501377410468,0.025881420773344786,640,See how she runs!
3932,2777,13,62,310,385,1.2285714285714286,0.025200187982139903,640,"With blinders, he thinks I'm a jockey."
3738,2778,12,53,272,337,1.228486646884273,0.02714034930483584,640,I know you are surprised. But cats really can be trained.
2428,2779,11,52,261,324,1.228395061728395,0.02749230075583836,640,It took a while to break her. Now she’s as docile as a kitten.
2579,2779,15,44,265,324,1.228395061728395,0.028849097624418892,640,You just have to start the training when they are newborn kittens and weak!
889,2781,17,42,274,333,1.2282282282282282,0.028949592989321836,640,I spiked his food with Jeffrey's Xanax. Now he's placid as a cow.
2806,2782,12,49,259,320,1.228125,0.02805525137478177,640,Some cat videos on YouTube are more than compromising.
4852,2783,10,58,274,342,1.2280701754385965,0.026225600456225604,640,"Hey, that new hypnosis technique you told me about really works!"
1162,2784,14,47,268,329,1.2279635258358663,0.02821425753697975,640,"Making a run to the Catnip Dispensary,  need anything?"
4318,2785,17,33,244,294,1.227891156462585,0.03154730105730838,640,Who says we can’t build a better mousetrap?
3532,2786,16,45,277,338,1.227810650887574,0.02833602494915622,640,He's as tame as a pussy cat.
264,2787,15,44,266,325,1.2276923076923076,0.02876877878483614,640,This cat is a real pussy
140,2788,11,54,269,334,1.2275449101796407,0.026937614920584767,640,I learned it from hypnosis for dummies.
596,2788,11,54,269,334,1.2275449101796407,0.026937614920584767,640,Once you break them it's a blast.
822,2788,14,48,272,334,1.2275449101796407,0.02792098242075848,640,There was a young lady of Niger . . .
2808,2791,13,55,288,356,1.2275280898876404,0.026473093758390565,640,I shared my cheese with him.
4102,2792,12,44,243,299,1.2274247491638797,0.029308031469049322,640,Between you and me? She's nuts not having gone with a Western saddle.
4341,2793,18,37,266,321,1.2274143302180685,0.029992008588737858,640,I’ll be there if she feels like it.
871,2794,20,38,285,343,1.227405247813411,0.029235391557806266,640,"Yeah, who ya daddy now girlfriend"
4174,2794,13,52,278,343,1.227405247813411,0.027117561386131528,640,This situation doesn't need a caption.
4379,2794,12,54,277,343,1.227405247813411,0.026801356481413515,640,Could you make the mouse hole a little bigger?
4744,2794,17,44,282,343,1.227405247813411,0.02834713108372404,640,Doesn't everyone wear blinders in this country?
4064,2798,12,56,284,352,1.2272727272727273,0.026355105837057708,640,"Git along, little kitty."
3568,2798,10,55,265,330,1.2272727272727273,0.0267957429430256,640,This was easy. Try getting him to eat cheese!
2635,2798,12,56,284,352,1.2272727272727273,0.026355105837057708,640,Don't look so concerned. We're only playing 'Cat and Mouse'!
3069,2798,14,47,269,330,1.2272727272727273,0.028137111080152936,640,He doesn't even have to be away any more.
1166,2802,10,57,272,339,1.2271386430678466,0.026342292251567107,640,We're gonna mosey on over to the cheese shop.
1994,2802,13,51,275,339,1.2271386430678466,0.027318136956242335,640,Nature vs. nurture? No contest.
3055,2804,14,44,259,317,1.227129337539432,0.028896896447504816,640,I am trying the ferretwheel next.
612,2804,10,52,255,317,1.227129337539432,0.02748032001327847,640,"I just said to him 'If wishes were cats, then small mice would ride', and here I am"
1018,2806,18,38,270,326,1.2269938650306749,0.029659456819647375,640,"Control input, control reality."
1773,2806,11,52,263,326,1.2269938650306749,0.02734127974303818,640,Role Prey
2813,2806,15,44,267,326,1.2269938650306749,0.028688898423574725,640,“Kittyup ..... I’m so giddy.”
2793,2809,9,51,244,304,1.2269736842105263,0.027829464002635418,640,Wait'll you see me with the owl
3579,2809,11,47,246,304,1.2269736842105263,0.02859902903675362,640,"It’s bumpy, but it beats riding in the front."
3817,2811,15,48,281,344,1.2267441860465116,0.027666304060497932,640,i think its o.k. as long as we keep the blinders on.
572,2812,12,49,261,322,1.2267080745341614,0.0278986642544649,640,I told you synthetic catnip would do the trick
1674,2813,18,39,274,331,1.2265861027190332,0.029336406695681924,640,Just a short trip over the Alps and on to Rome.
3448,2813,15,45,271,331,1.2265861027190332,0.028384763404314787,640,Who's the biggest cat in the jungle now?
4251,2813,13,49,269,331,1.2265861027190332,0.02773219820573033,640,It's surprisingly easy provided you have the right podcast.
4554,2816,11,43,233,287,1.2264808362369337,0.029674358460917028,640,"Out of sight, out of mind I always say"
3645,2816,11,43,233,287,1.2264808362369337,0.029674358460917028,640,If you give a mouse a cookie.
4081,2818,14,49,277,340,1.2264705882352942,0.027562458012121923,640,"That's okay, you can call me Mighty Mouse."
4123,2818,15,47,278,340,1.2264705882352942,0.027875458117182145,640,I finally found someone willing to wear google glass.
1399,2820,12,48,258,318,1.2264150943396226,0.028117767068997563,640,The hard part was getting the saddle and harness on.
121,2821,19,41,289,349,1.2263610315186246,0.02856753625427188,640,"Honey, I sold the kids"
2927,2822,15,44,268,327,1.2262996941896025,0.028609453040349172,640,"They're species fluid and today they're feeling a little 'horse""y"
4768,2822,16,42,269,327,1.2262996941896025,0.02893548301568478,640,We pay after we take our rides.
1898,2824,14,41,250,305,1.2262295081967214,0.02962778948150281,640,"Blinders, better than a bell."
2087,2825,12,52,272,336,1.2261904761904763,0.027123648111288326,640,That looks like our UberBlackcat.
3265,2825,17,42,277,336,1.2261904761904763,0.028714696474400513,640,I was granted the patent yesterday.
4745,2825,13,50,273,336,1.2261904761904763,0.02744923656889906,640,You two better start behavin' or else I'm taking these blinders off!
2938,2828,16,51,300,367,1.2261580381471389,0.026765733354780944,640,I started with a bell...
2759,2829,11,49,254,314,1.2261146496815287,0.02798051062641919,640,Howdy pardners.....we're off to find the man who shot his paw....
1248,2830,15,48,282,345,1.2260869565217392,0.027593823371026623,640,"His name is Dueteronomy, and he's a sure thing in the 7th race!"
2113,2830,13,52,280,345,1.2260869565217392,0.02697619339413835,640,"You lie, and lie, and keep on lying."
1957,2832,12,49,262,323,1.2260061919504643,0.027821011694170523,640,"Pretty cool, eh? Just make sure you get the right blinders."
4201,2833,14,40,247,301,1.2259136212624584,0.02988310073182358,640,"See, there's more than one way to tame a cat."
3876,2834,16,43,273,332,1.2259036144578312,0.028627027222844905,640,She said she'd take me to Mickey's Birthday Party!
1445,2834,18,39,275,332,1.2259036144578312,0.029255872257519033,640,"Turns out, you CAN train them, just like dogs!"
2417,2834,10,55,267,332,1.2259036144578312,0.026651614694520823,640,"Considering there's no bit in his mouth, I have no idea how this is working!"
563,2837,15,47,279,341,1.2258064516129032,0.027801525434890614,640,The only things worse than going behind him is going in front of him.
2701,2837,13,51,277,341,1.2258064516129032,0.027173962036226955,640,I’ve got this.
4629,2837,10,57,274,341,1.2258064516129032,0.02620445204741849,640,The dealership offered a no biting package
3447,2837,11,55,275,341,1.2258064516129032,0.026531558736450786,640,"So I told her, When the cat's away, the mice will play."
2506,2837,9,52,249,310,1.2258064516129032,0.02745295559166998,640,"Once you train ‘em, they’re not too bad!"
1296,2842,13,53,284,350,1.2257142857142858,0.026713649818082195,640,Dressage anyone?
1527,2842,12,55,283,350,1.2257142857142858,0.02640541185251371,640,He thinks he is Julius Cheesar
4172,2844,13,48,267,328,1.225609756097561,0.02786919461271032,640,It's the only way when your soulmate's instinct is to eat you.
3892,2844,13,48,267,328,1.225609756097561,0.02786919461271032,640,"No fear, no thrill!"
1250,2846,10,51,254,315,1.2253968253968255,0.02753603082505678,640,You just have to grab them right by the reigns
1044,2847,14,52,289,355,1.2253521126760563,0.026757003276987674,640,The revenge of the three blind mice!
2145,2847,19,42,294,355,1.2253521126760563,0.028204799422778315,640,The only thing I don't like is the trunk.
211,2849,12,49,263,324,1.2253086419753085,0.027743781938027935,640,Edibles.
2406,2849,14,45,265,324,1.2253086419753085,0.02842427400430371,640,"Hypnosis didn't work, but the Taser did the trick."
4626,2849,10,53,261,324,1.2253086419753085,0.027046173847292233,640,I can dream can’t I?
440,2852,17,48,299,364,1.2252747252747254,0.027168113340127746,640,We're going to test them next on humans.
1568,2852,19,44,301,364,1.2252747252747254,0.027719652595361147,640,Wait'll you see me in my new silks.
1947,2854,14,47,272,333,1.2252252252252251,0.027908138211072072,640,That's a stupid question.  I'm a person. I'm riding a horse.
2547,2854,18,39,276,333,1.2252252252252251,0.029175772424272706,640,"YES WE HAVE OUR OWN YOU TUBE CHANNEL, HOW DID YOU KNOW?"
3181,2854,15,45,273,333,1.2252252252252251,0.028230383595418317,640,He thinks I'm Gene Autrey.
2422,2857,14,49,279,342,1.2251461988304093,0.027416989243077637,640,"Fred, you called catnip a hoax! How do you like them apples?"
946,2858,13,44,254,311,1.22508038585209,0.028850028899767368,640,"Damn, Hertz Rent-A-Car, this isn't a Jaguar!"
1774,2859,15,49,287,351,1.225071225071225,0.027249338350355198,640,I'm entering him in the Cattucky Derby.
1087,2860,15,46,277,338,1.2248520710059172,0.027938625699808147,640,Traffic makes him nervous .
4680,2860,14,48,276,338,1.2248520710059172,0.027622607922087695,640,Who said cats are smart!!
1508,2862,11,45,242,298,1.2248322147651007,0.028902960441884406,640,He couldn't resist a good business idea.
4644,2863,19,42,295,356,1.2247191011235956,0.028132583472014756,640,It's how ya grab em that counts
1023,2864,9,55,261,325,1.2246153846153847,0.026617311327919956,640,The line between love and hate REALLY is thin
2287,2864,12,49,264,325,1.2246153846153847,0.027666971632390003,640,Cowboy Up! It’s a therapy cat...
1100,2866,14,47,273,334,1.2245508982035929,0.027832625423855836,640,He thinks I'm the Vet.
3842,2866,13,49,272,334,1.2245508982035929,0.027507689544461356,640,Life's always been a rat race.
4599,2866,14,47,273,334,1.2245508982035929,0.027832625423855836,640,But what does the cat get out of it?
3763,2869,10,57,276,343,1.2244897959183674,0.026068015251367548,640,I’ll be back before midnight.
4409,2869,14,49,280,343,1.2244897959183674,0.0273448189661726,640,He's promised a big tax refund if I'd ride along
1893,2871,11,59,291,361,1.2243767313019391,0.025548083316183978,640,Mouse-and-cat  is the new cat-and-mouse game.
442,2872,14,42,256,312,1.2243589743589745,0.02912251616319808,640,"...headed to The Fromagerie.  Want anything, guys"""
3338,2873,15,42,264,321,1.2242990654205608,0.028909716067724175,640,Thank Dog for Pavlov and catnip!
4308,2873,8,56,257,321,1.2242990654205608,0.026447662434050077,640,"No, we no longer ride sidesaddle."
43,2875,14,46,270,330,1.2242424242424241,0.028047194500229557,640,"Well I know I said I wanted a Tuxedo, but you don't look a gift cat in the mouth."
3636,2875,14,46,270,330,1.2242424242424241,0.028047194500229557,640,"It’s easy, I just talked with the Cat Whisperer”..."
153,2875,11,52,267,330,1.2242424242424241,0.02704406097986373,640,I am now teaching her to train a dog!
2043,2878,15,46,278,339,1.224188790560472,0.02786398451484677,640,"Yeah, it keeps her from being distracted by all the fake news."
907,2878,13,50,276,339,1.224188790560472,0.027230353209514686,640,The blinders keep Frisky here from noti...
608,2880,16,39,262,317,1.22397476340694,0.029486987100056556,640,"Bell, my ass!"
2859,2880,16,39,262,317,1.22397476340694,0.029486987100056556,640,It's exactly like riding a horse!
235,2882,12,49,265,326,1.2239263803680982,0.02759057745765226,640,As cats go this one is the coolest.
1453,2882,9,55,262,326,1.2239263803680982,0.02654448112825659,640,"Once he has mastered the trot and the canter, then the blinders can be removed."""
4885,2882,13,47,266,326,1.2239263803680982,0.02793057094188174,640,Of course you're seeing things!  Now hop on before I wake up!
3098,2885,17,41,277,335,1.2238805970149254,0.028707205202956748,640,"When you ride dressage with the right blinders, you can convince anyone you're making America great again!"
1783,2886,12,53,279,344,1.2238372093023255,0.02664426898346762,640,It's all a matter of perspective.
617,2887,7,56,250,313,1.2236421725239617,0.026454774282987845,640,It's a living!
3620,2887,9,52,252,313,1.2236421725239617,0.02721792033241525,640,We're teaming up against the canines.
3219,2889,14,44,264,322,1.2236024844720497,0.028490635459317543,640,"The bell was too noisy, but she has really taken to the blinders."
3650,2889,13,46,263,322,1.2236024844720497,0.028149011316274473,640,"Yeah, got it on a 3 year lease. Smooth ride. Part of my family planning benefits."
1098,2891,8,58,265,331,1.2235649546827794,0.02593243168374109,640,"I tell you, once you get the blinders, on training them is a piece of cake."
1300,2891,15,44,272,331,1.2235649546827794,0.02829595253249929,640,He won one fight against the enemy and now he thinks he's Napoleon.
2692,2891,17,40,274,331,1.2235649546827794,0.028935806640190083,640,From now on I’m gonna do things my way.
4171,2894,15,46,279,340,1.223529411764706,0.027789734525724745,640,Easy peasy once I had the blinders on.
3576,2895,19,44,304,367,1.223433242506812,0.027513189235680875,640,He wants to avoid the looks of shame.
1138,2896,13,43,253,309,1.2233009708737863,0.028918831891961178,640,It’s the postmodern version
3583,2897,13,45,260,318,1.2232704402515724,0.028372341635405807,640,I'm the mouse that roared. Look what it got me! You can do it too. Think positively!
2224,2897,12,47,259,318,1.2232704402515724,0.028020522496780526,640,"Dudes, I own this cat."""
4361,2899,14,45,268,327,1.2232415902140672,0.028188220026185068,640,But don't you know about that new ride-sharing app's predatory practices?
423,2900,10,55,271,336,1.2232142857142858,0.026367861367731924,640,"Not only do they get better milage, but I much prefer their sense of sanitary disposal."
2964,2901,17,47,299,363,1.2231404958677685,0.027158869964112688,640,My cousin Vinny’s catnip did the trick.
3488,2902,10,48,247,305,1.222950819672131,0.02802827063005099,640,"No, I don’t think she can see me around the training blinders. Why?"
877,2903,10,50,254,314,1.2229299363057324,0.02751278804148908,640,I'm his hunting guide. Kitchen's safe for another forty minutes.
3698,2903,10,50,254,314,1.2229299363057324,0.02751278804148908,640,Lady Godiva got nothing on this.
4496,2903,9,52,253,314,1.2229299363057324,0.02714044766728775,640,I've come for your cheese.
1701,2906,13,46,264,323,1.2229102167182662,0.0280702649883401,640,"Once you find a cat the obeys humans, mouse-breaking it is a snap."
4638,2906,13,46,264,323,1.2229102167182662,0.0280702649883401,640,...if it's the last thing I do.
1917,2908,12,50,270,332,1.2228915662650603,0.027234023980558564,640,I rented you each one. You can see how they run.
2647,2908,6,62,264,332,1.2228915662650603,0.025149432207931335,640,"It's all in the blinders, guys."
1698,2910,11,54,276,341,1.2228739002932552,0.026441792560351556,640,"He can’t see who is in charge, so I am safe!"
304,2910,9,58,274,341,1.2228739002932552,0.025781151837031974,640,My how the tables have turned
3408,2910,9,58,274,341,1.2228739002932552,0.025781151837031974,640,I never get cut off anymore!
4897,2913,11,58,290,359,1.222841225626741,0.02559156803106161,640,Did either of you call for a Hansom Cat?
1512,2914,11,45,245,301,1.2225913621262459,0.028643448851334578,640,"You can lead him to an open doorway, but you can't make him go through."
2832,2915,11,49,259,319,1.2225705329153604,0.027586251704923546,640,She's a really smooth ride once I finally get her started.
2894,2916,13,47,268,328,1.2225609756097562,0.027776735498416298,640,His fuel efficiency and manueverabilitys been aces since we switched him to an all-vegan diet.
49,2916,17,39,272,328,1.2225609756097562,0.029088398663235163,640,Bell schmell. The secret is to blind the fucker.
782,2918,18,41,287,346,1.222543352601156,0.028338740400795027,640,It's the express to Katz's Deli.
3499,2919,15,42,267,324,1.2222222222222223,0.028666552000687996,640,"On even days, I play the 'trophy' for her owners."
4355,2919,16,46,289,351,1.2222222222222223,0.027464657670797345,640,She’s my bitch.
2667,2919,11,50,263,324,1.2222222222222223,0.02730068443673835,640,His name is Horsey.
2101,2919,8,54,253,315,1.2222222222222223,0.026687216157979237,640,I got a sweet deal on a Toxoplasmosis cat.
1472,2919,14,52,294,360,1.2222222222222223,0.02642154961362043,640,We're training for the Kentabby Derby.
2533,2924,16,47,293,356,1.2219101123595506,0.02719536284216615,640,It's a '67.
4551,2925,9,59,279,347,1.2219020172910662,0.025474384213202497,640,Dog people” will never learn
4523,2926,11,51,267,329,1.221884498480243,0.027023085700023555,640,Keep looking... there must be three blind cats.
1611,2926,14,45,270,329,1.221884498480243,0.02803298094585706,640,I discovered a new spell: Catatonia.
2617,2926,10,53,266,329,1.221884498480243,0.026677959831369447,640,"Once you're saddled up,it's easy"
3574,2926,17,39,273,329,1.221884498480243,0.02900773828947635,640,"Finally, The Democrats won."
4321,2926,9,55,265,329,1.221884498480243,0.026328310252986344,640,"It was a good idea, but we don’t  need that bell anymore"
4265,2931,16,39,265,320,1.221875,0.029235101737283924,640,"Pizza Rat is done with the subway, my friends!"
1187,2932,14,41,256,311,1.2218649517684887,0.029108974854018924,640,"Insane times, right?  And it gets wilder...Trump is POTUS!"
2064,2933,19,38,286,343,1.2215743440233235,0.02877957802713478,640,"Hi , I'm Nancy , and my cat's name is Donald ."
1585,2934,14,46,274,334,1.221556886227545,0.0277430167455572,640,Tallyho! I'm offf to see a man about a horse.
4268,2935,14,42,260,316,1.2215189873417722,0.028788000174541247,640,You just gotta grab em by the pussy and show them the way
4901,2936,13,42,252,307,1.221498371335505,0.028987680309560046,640,Good thing he doesn’t know I’m supposed to be the blind one
561,2936,12,44,251,307,1.221498371335505,0.02861810402117828,640,Kitty dressage.  It's a new sport in the next summer Olympics
4676,2938,12,49,269,330,1.2212121212121212,0.027289096844534046,640,Wanna go for a ride on my pussy waggon?
975,2939,6,59,256,321,1.2211838006230529,0.025595696936636637,640,"Nothing ventured, nothing gained!"
129,2939,15,41,265,321,1.2211838006230529,0.028816199376947044,640,he has no idea what's going on
2993,2941,11,45,247,303,1.221122112211221,0.028472967569498527,640,"You know what they say, ""Don't look a gift-horse in the mouse!"""
4242,2942,13,50,281,344,1.2209302325581395,0.026873066287407807,640,"""The key is, putting the blinders on first."""
2526,2943,14,46,275,335,1.2208955223880598,0.027667983406386203,640,We are training for the Catucky Derby
2755,2943,10,54,271,335,1.2208955223880598,0.026344231101290503,640,I tamed the savage beast.
1201,2943,11,52,272,335,1.2208955223880598,0.026681327003780505,640,"It's the new Purr-geot"""
4831,2946,10,50,257,317,1.220820189274448,0.02727903840858602,640,You laugh? Watch this left turn.
2802,2947,13,42,253,308,1.2207792207792207,0.028902359543619992,640,"I got the idea from, the three blind mice."""
590,2948,12,42,245,299,1.2207357859531773,0.029095945039167858,640,After all these years the 3 blind mice discover they only had cataracts.
2097,2948,8,50,241,299,1.2207357859531773,0.027509803282448675,640,"There was an adjustment period, but it gets great gas mileage."
1179,2950,13,49,278,340,1.2205882352941178,0.027069213917689742,640,"For years hence, they will tell the tale of Three Mice and Blinders."
2434,2951,7,59,265,331,1.2205438066465257,0.02547728093716692,640,He never heard of 3 blind mice.
1872,2952,14,41,258,313,1.220447284345048,0.028939988093152604,640,You see? Gotta learn to control your fears before your fears control you!
4239,2953,14,39,251,304,1.2203947368421053,0.029513444940430327,640,I'm trying to teach him what giddyap means.
3129,2954,9,60,285,354,1.2203389830508475,0.025113745388518478,640,"All’s good unless
We come upon some catnip"
1312,2955,14,48,283,345,1.2202898550724637,0.027115260823359483,640,I use reverse toxoplasmosis.
2295,2955,14,48,283,345,1.2202898550724637,0.027115260823359483,640,How did he even get up there?
123,2955,16,44,285,345,1.2202898550724637,0.027729793502878363,640,Three blind mice more like 1 blind cat...
4013,2955,13,50,282,345,1.2202898550724637,0.026802711251328343,640,Just don’t open a can in the vacinity
4168,2959,9,56,271,336,1.2202380952380953,0.025933595177915433,640,It helps keep him focused on the next lap.
3,2960,12,48,267,327,1.2201834862385321,0.027419554061027144,640,Sweet ride; you should get the app. Last week my Uber was a Bernedoodle.
2979,2960,14,44,269,327,1.2201834862385321,0.028095456804822835,640,We'll be fine as long as the blinders stay on
3622,2960,9,54,264,327,1.2201834862385321,0.02637324065518829,640,"Later dudes, he's taking me to Cheese Mountain!"
3859,2960,15,42,270,327,1.2201834862385321,0.028427382347917713,640,"Why, yes, I am from Niger."
3564,2964,17,34,258,309,1.220064724919094,0.030240840849350213,640,Stick your finger in his ass and let's see if he gallops.
2670,2965,13,53,293,359,1.2200557103064067,0.026109705862266595,640,"No worries, he only eats rats"
4819,2966,16,45,289,350,1.22,0.027452932966235653,640,Going  on a big cat safari
1458,2967,15,45,281,341,1.219941348973607,0.027629039048602037,640,"I had to use Grandpa Joe as bait and he didn't make it, but he was getting old anyway."
4913,2967,6,63,272,341,1.219941348973607,0.024659908390475212,640,It's the blinders - he thinks we're nice.
4039,2969,15,34,242,291,1.2199312714776633,0.030774726016822143,640,Ignore the fake news and marvel at the accomplishments!
652,2970,15,43,274,332,1.2198795180722892,0.0281286406915306,640,He's actually a really nice guy once you bend him to your will.
4200,2970,11,51,270,332,1.2198795180722892,0.026803389324704708,640,They're in therapy.
4422,2972,14,43,266,323,1.2198142414860682,0.0283162731798085,640,I got the idea from Fifty Shades of Calico.
4110,2972,7,57,259,323,1.2198142414860682,0.02583028664189228,640,Feeling much better since I fixed the blinkers.
1576,2972,12,47,264,323,1.2198142414860682,0.027628825656167633,640,We're on our way to ta Tom and Jerry festival.
94,2972,12,47,264,323,1.2198142414860682,0.027628825656167633,640,Funny how now he sees things my way!
1365,2976,14,41,259,314,1.2197452229299364,0.02885621701174774,640,"You tell 'em I'm coming! ... and hell's coming with me, you hear?"
1661,2976,14,41,259,314,1.2197452229299364,0.02885621701174774,640,I used sweet talk and a lot of catnip rewards.
2250,2978,15,48,292,355,1.2197183098591549,0.026889038387087005,640,"Sad to say, he's just a one-trick pussy."
1121,2979,17,42,287,346,1.2196531791907514,0.027958123758651456,640,"Once she's used to the distance, we'll be offering rides through Central Park"
1842,2979,12,52,282,346,1.2196531791907514,0.026417485530865766,640,Don’t just sit there!  Hop on we’re going to see the wizard
3079,2979,14,48,284,346,1.2196531791907514,0.027044274786093444,640,I told you the Dressage classes would pay off.
82,2982,9,54,265,328,1.2195121951219512,0.02630127961068769,640,"Well, I'm off to round up some cheese, boys."
3978,2982,16,49,304,369,1.2195121951219512,0.026480481866847712,640,I know you are riding high right now but wait when mom finds out
3236,2984,9,59,283,351,1.2193732193732194,0.025215112321049515,640,DNA Testing got us together...again!
609,2985,12,51,279,342,1.219298245614035,0.026605732392331424,640,The key is the blinkers and using a deep voice.
53,2986,10,53,270,333,1.2192192192192193,0.026390385548722594,640,"One blind cat. One blind cat.
See how it walks. See how it walks."
2890,2986,8,57,268,333,1.2192192192192193,0.025695752379292204,640,"Don't worry, he's an outdoor cat"
4141,2986,18,37,278,333,1.2192192192192193,0.029003025457691956,640,Redux: The meeses shall inherit the Earth.
291,2989,14,43,267,324,1.2191358024691359,0.028236893484565723,640,It's the latest Tesla
1822,2990,17,35,263,315,1.2190476190476192,0.029808425879596773,640,"Shhhh, he thinks he's white, too."
2423,2990,9,51,255,315,1.2190476190476192,0.02695883963250931,640,Let me take this puppy for a spin.  Just kidding.
1827,2990,12,45,258,315,1.2190476190476192,0.02806136563835369,640,I’ve convinced him that all genus is fluid
3845,2993,11,54,282,347,1.219020172910663,0.026030823943850274,640,"Yes, it's a sport."
2110,2993,14,48,285,347,1.219020172910663,0.026973653352905778,640,"Without his Twitter account, he’s a real pussycat."
2595,2995,11,50,268,329,1.2188449848024316,0.026927021876500347,640,My Uber app wasn’t working. So I had to resort to extreme measures.
667,2995,15,42,272,329,1.2188449848024316,0.028270107659578367,640,"A blind cat, Lord knows it's about time!"
1084,2997,16,45,291,352,1.21875,0.02731099401940351,640,She's a real pussycat.
2057,2997,12,53,287,352,1.21875,0.026098665283455197,640,"forget that 3 blind mice con, this works way better"
4929,2999,16,43,284,343,1.21865889212828,0.02779107737153248,640,He’s blind when it comes to 3 mice.
1347,3000,7,59,268,334,1.218562874251497,0.02527383434399545,640,I used the fish and spray bottle technique.
3124,3000,5,63,266,334,1.218562874251497,0.024552038502481388,640,"It's very functional, and perfectly safe once you provide the blinders!"
3308,3002,15,41,269,325,1.2184615384615385,0.02849321919454992,640,These virtual reality blinders causes him to believe he's a horse.
4041,3002,16,39,270,325,1.2184615384615385,0.028824588330023965,640,"Not to worry, I've convinced him he's 'Seabiscuit!"
4000,3004,13,50,285,348,1.2183908045977012,0.026593801402482332,640,You guys call for a taxiplasmosis ?
886,3005,9,51,256,316,1.2183544303797469,0.026882330210655593,640,He doesn’t really notice notice the irony of doing us a favor
70,3006,12,43,252,307,1.218241042345277,0.028513715627941204,640,What were you expecting a seeing eye dog?
1402,3007,14,51,297,362,1.218232044198895,0.02620793082594104,640,It's a new ridescare.
3600,3007,9,61,292,362,1.218232044198895,0.02470493888905123,640,3 blind mice seek payback
228,3009,10,45,243,298,1.2181208053691275,0.028287735953358723,640,"Sure it'll kill me eventually, but until then I gain political power."
3160,3010,11,48,262,321,1.2180685358255452,0.027331899578012516,640,"I need to use a ladder, but the missus is a Kangaroo mouse. She just hops on."
3586,3010,16,38,267,321,1.2180685358255452,0.029058299321616864,640,The hardest part was breaking him to ride.
2251,3010,11,48,262,321,1.2180685358255452,0.027331899578012516,640,At least you can say you knew me when.
2867,3013,18,39,287,344,1.2180232558139534,0.0283223983172337,640,These virtual reality blinders come with some awesome apps!
3461,3014,8,57,270,335,1.217910447761194,0.025558824867069126,640,Just a seeing eye cat and his three blind mice.
114,3014,12,49,274,335,1.217910447761194,0.026921224378608256,640,I upgraded to the laser-guided model.
4800,3016,13,45,268,326,1.2177914110429449,0.027741272420812427,640,Can you imagine cleaning up after that thing?
4335,3017,12,57,303,372,1.217741935483871,0.025159679485779112,640,"Just be sure the blinders stay on her."""
4241,3018,13,48,279,340,1.2176470588235293,0.026979037248725423,640,...a horse reared this litter...
4622,3018,15,44,281,340,1.2176470588235293,0.02761471705474633,640,He said the bell was ruining his tai chi.
4130,3020,15,42,274,331,1.2175226586102719,0.028114538064366992,640,We're cool now.
4891,3020,6,60,265,331,1.2175226586102719,0.025012743905580826,640,We're off to chase mice -- let us know if you see any!
636,3022,10,50,262,322,1.2173913043478262,0.026897991585842714,640,The eye blinders absolutely must come first.
3131,3022,11,48,263,322,1.2173913043478262,0.0272553008081738,640,"Hey, we were blind ourselves once!"
3926,3022,12,41,246,299,1.2173913043478262,0.02898737770146516,640,co-working is the future
4027,3025,10,58,291,359,1.2172701949860725,0.025112827175066948,640,What do you think will happen to him if those blinders fall off?
4845,3026,15,43,278,336,1.2172619047619047,0.02782379974409582,640,I've convinced him he's an UberXL.
2598,3027,11,49,267,327,1.217125382262997,0.02697762297566127,640,Cat dressage is our best defense.
4778,3028,11,52,278,341,1.217008797653959,0.026258450092415633,640,"I got the idea from ""Three Blind Mice""."
815,3028,11,52,278,341,1.217008797653959,0.026258450092415633,640,I am dappling in cognitive behavior therapy. It’s working.
4048,3030,10,49,259,318,1.2169811320754718,0.02709915210237954,640,"Grooming is a problem, and she's the pickiest eater."
4469,3030,9,51,258,318,1.2169811320754718,0.026730580909967206,640,He's just a pussy cat until someone says 'mouse'.
294,3030,13,43,262,318,1.2169811320754718,0.02817595271359419,640,His name is Pescatariat
4867,3033,12,48,272,332,1.216867469879518,0.027046179989164556,640,"I no longer look for big cheese, I AM the big cheese."
4706,3033,9,54,269,332,1.216867469879518,0.026017240266987054,640,Better or worse without the chaps?
703,3035,10,47,252,309,1.2168284789644013,0.02759510171856431,640,I call it revenge
3213,3035,12,43,254,309,1.2168284789644013,0.028346407304994957,640,Have you heard of  You Tube?
4875,3035,13,41,255,309,1.2168284789644013,0.028714689467623563,640,"Contrary to popular opinion, they are trainable with the proper equipment."
1307,3038,12,51,283,346,1.216763005780347,0.026327974154088253,640,When you get into the back stretch he's unbeatable.
1744,3038,16,43,287,346,1.216763005780347,0.02757137531794151,640,Cat's are known for their sense of duty.
2989,3040,13,44,266,323,1.21671826625387,0.02787766171805427,640,Let me know how that whole bell thing works out.
3914,3040,10,50,263,323,1.21671826625387,0.02682303195733688,640,You can play when we’re out of sight . . .
868,3042,13,47,277,337,1.2166172106824926,0.027104599527867538,640,"No bit, no saddle cinch.  Who knew cats were easy to break."
4297,3042,17,39,281,337,1.2166172106824926,0.028377997137378385,640,Some cats will do anything for a buck.
4006,3044,18,35,275,328,1.2164634146341464,0.029228777152367758,640,I preferred the high horse to all this pussyfooting around.
3043,3045,11,52,279,342,1.2163742690058479,0.02618924641630247,640,He thinks he's carrying the Queen.
625,3046,11,47,261,319,1.2163009404388714,0.027385000304045077,640,Have you guys seen that cat herd around here anywhere?
3270,3047,11,55,290,356,1.2162921348314606,0.025525883028165785,640,We're letting our predator/prey instincts ride until after the holidays.
3481,3047,13,51,292,356,1.2162921348314606,0.026138501907925858,640,I'm entering Secretaricat in the Preakness.
4664,3049,13,46,274,333,1.2162162162162162,0.027305988251588587,640,"I've hypnotized him so while the cat's away, the mice can play."
2771,3049,11,50,272,333,1.2162162162162162,0.026635244232474545,640,"When we get back, I'll have an inside view point."
701,3049,9,54,270,333,1.2162162162162162,0.02594716701783151,640,"er, do you know where the guy before me went to?"
137,3052,11,51,276,338,1.2159763313609468,0.026374348715671715,640,It started as a family hayride.
1141,3052,10,53,275,338,1.2159763313609468,0.026039353536508082,640,Why else would I ride a Cheshire cat?
1509,3054,13,50,289,352,1.2159090909090908,0.02632018452075629,640,We have a 5 Paw rating on CabbyTabby.com!
2079,3054,15,46,291,352,1.2159090909090908,0.026928184966345046,640,"No more rat-race for me, I'm getting ready for the Cat-tuckey Derby."
2843,3054,18,40,294,352,1.2159090909090908,0.027815278070589908,640,"Don't EVER challenge me again with ""Are you a Mouse or a Man!"""
3008,3057,15,41,273,329,1.21580547112462,0.028177295829788437,640,"""The pundits never stop writing about our 'cat-and-mouse game.'  That's the only tiresome part of this job."""
2663,3057,9,53,267,329,1.21580547112462,0.026129643709003728,640,Mighty Mouse saddles up for the last time
3151,3059,8,58,277,343,1.215743440233236,0.025122241406866253,640,"They're a little ornery at first, but with a little training they settle right down."
1284,3060,15,36,255,306,1.2156862745098038,0.02959867748397763,640,Don't bet your money on the bob-tailed nag.
2178,3060,11,44,251,306,1.2156862745098038,0.028113419602609983,640,Using a bell was so old school.
3757,3062,11,47,262,320,1.215625,0.027307655027832802,640,yes... but it has the highest crash test rating!
3814,3062,12,45,263,320,1.215625,0.027664065131649585,640,"Think smarter, not harder,"
2300,3064,10,52,272,334,1.215568862275449,0.026222607180987845,640,We are the favorite to win the Catucky derby.
223,3064,13,46,275,334,1.215568862275449,0.027231806570607617,640,Blind alley cat.
48,3066,14,47,287,348,1.2155172413793103,0.026816127570450106,640,Its all in the tone of my command
4506,3067,8,48,241,297,1.2154882154882154,0.027443129053552028,640,"Saddle up, boys! They've got cheese in Cheyenne!"
3204,3068,12,46,267,325,1.2153846153846153,0.027377123723157204,640,Get Meow of here!
672,3068,10,50,265,325,1.2153846153846153,0.026674335956114927,640,I convinced him he's from a long line of Triple Crown winners.
1820,3068,10,50,265,325,1.2153846153846153,0.026674335956114927,640,It's ride app for us called Purrfect
4034,3071,12,49,278,339,1.2153392330383481,0.02663387018839756,640,Look! The thirty years since legalizing extra strength cat nip has produced great results.
4076,3072,14,48,291,353,1.2152974504249292,0.026557429814498126,640,We're just horsin' around.
3829,3073,11,46,259,316,1.2151898734177216,0.027516427702849983,640,It’s called intelligence
3440,3073,15,38,263,316,1.2151898734177216,0.02893999817119958,640,Yes .. a pussy ... a gift from the first lady. Matt's the new presidential mascot here at the White House.
553,3075,11,52,281,344,1.2151162790697674,0.026051907923899362,640,It's all in your 'command' voice!
459,3076,9,48,250,307,1.214983713355049,0.02726040235409739,640,Now that's a cat and mouse game I wouldn't mind participating in.
3342,3077,13,43,265,321,1.2149532710280373,0.027936604965393685,640,The real issue is the poop.
1689,3077,3,63,255,321,1.2149532710280373,0.02420226946276366,640,It's very easy--just a question of technique!
660,3077,14,41,266,321,1.2149532710280373,0.02828293305116856,640,The Fairy Godmother said that all the pumpkins had already been bought by Starbucks.
2874,3080,17,38,280,335,1.2149253731343284,0.028443925002597403,640,She's either riding or brushing him in every pic on her Tinder profile and she wonders why she doesn't get matches.
3217,3080,11,50,274,335,1.2149253731343284,0.026491671886964687,640,"See, I told you I could break him in."
172,3082,14,36,248,298,1.2147651006711409,0.029735126081099014,640,I've found that it's much more enjoyable when I'm the one that can see
1315,3083,12,43,257,312,1.2147435897435896,0.028099035772651427,640,"Kitty up!  Next stop, the Cheese Factory!!"
2928,3083,14,39,259,312,1.2147435897435896,0.028823242795443207,640,"Now that she'll fit in, I'm thinking of running her as a Republican."
4208,3085,17,36,273,326,1.2147239263803682,0.02897808404495071,640,I hope he takes another nap soon.
2583,3086,16,41,283,340,1.214705882352941,0.027838817231025593,640,Next stop... Murray's Cheese.
927,3086,10,53,277,340,1.214705882352941,0.025901492300361685,640,It’s all in the training.
900,3086,15,43,282,340,1.214705882352941,0.027525400473919638,640,As long as they aint on the cat nip - of course it's safe!
1120,3089,10,45,248,303,1.2145214521452146,0.027866082268164692,640,Being three blind mice isn't too bad when you're dealing with a blinder cat
4371,3090,11,46,260,317,1.2145110410094637,0.027437886424101963,640,"You've never heard of ""One Blind Cat""?"
1642,3091,13,45,273,331,1.2145015105740182,0.02736069185938994,640,Thank goodness he has blinders or we'd all be dead!
2551,3091,13,45,273,331,1.2145015105740182,0.02736069185938994,640,"Now, this is how you manage a cat!"
3186,3093,11,44,253,308,1.2142857142857142,0.0279480624844784,640,So much easier with the blinders on.
1888,3093,11,50,275,336,1.2142857142857142,0.026420454390375808,640,I’m off to Catalonia.
1560,3093,10,52,274,336,1.2142857142857142,0.02608202654786505,640,He's losing weight and I'm losing my fear of cats.
1102,3093,12,57,309,378,1.2142857142857142,0.024799429403829856,640,"Plus, no trail of poop."
1374,3093,11,47,264,322,1.2142857142857142,0.027154245481689605,640,They’re actually quite docile when fed.
673,3098,11,48,268,327,1.2140672782874617,0.026878547910529533,640,You just have to remember to keep the blinkers on!
3908,3098,14,42,271,327,1.2140672782874617,0.027905921594309425,640,"Mice, how the stables have turned."
2721,3100,16,32,251,299,1.214046822742475,0.0303919690793806,640,We wanted to spice things up so we're experimenting with some bondage and submission.
4382,3101,12,53,295,360,1.2138888888888888,0.02557457274197071,640,Ride or Die... Kitty-Up!
809,3102,12,50,284,346,1.2138728323699421,0.0262372346210778,640,What's good for the mouse is good for the mouser.
1651,3102,14,46,286,346,1.2138728323699421,0.02686822914696298,640,This way we get to play even when he's here.
73,3104,8,55,269,332,1.213855421686747,0.025563974095584627,640,This part was easy once I declawed him.
353,3104,14,43,275,332,1.213855421686747,0.027617293374840823,640,"Turns out BDSM stands for ""Bridle Dressage Saddle Mouse."""
4902,3106,10,48,260,318,1.2138364779874213,0.026994772272872312,640,They’re called blinders. The cat will never know I’m here.
1684,3107,14,37,253,304,1.2138157894736843,0.02930458354102001,640,Oh yes I've won many races with him. His name is Cheesebiscuit.
4454,3108,16,43,292,351,1.2136752136752136,0.027212718030055448,640,He's scared of elephants.
4150,3108,15,45,291,351,1.2136752136752136,0.0269119305569721,640,"Thanks doctor, your hypnotism technique really did the trick."""
3540,3110,14,41,268,323,1.2136222910216719,0.02812323779444822,640,"I just figured, if he's here anyway we might as well put him to good use."
4898,3110,14,41,268,323,1.2136222910216719,0.02812323779444822,640,He's cat-atonic.
1465,3110,10,49,264,323,1.2136222910216719,0.026720738476580512,640,"He's usually not this agreeable, so maybe that wasn't catnip after all."
394,3113,18,30,261,309,1.2135922330097086,0.030391143050203708,640,"I also tried to bring down the elephants, but they kept the Senate.”"
2917,3114,14,48,294,356,1.2134831460674158,0.02635402408302274,640,You just got to love how this turned out!
4746,3115,14,45,283,342,1.213450292397661,0.027063551259054623,640,They are on sale
1378,3116,12,46,270,328,1.2134146341463414,0.02715002828805763,640,The steroids worked.
3061,3116,12,46,270,328,1.2134146341463414,0.02715002828805763,640,I’m thinking of starting a herd.
990,3118,16,35,263,314,1.213375796178344,0.029357191770590145,640,"Bell, shmell."
2911,3118,10,47,257,314,1.213375796178344,0.02719829169717263,640,I played - and then I won!
2228,3120,8,64,303,375,1.2133333333333334,0.02372350133824457,640,I need to take it slow because this saddle isn't tied down to anything.
1977,3121,14,49,298,361,1.2132963988919667,0.026106798389898565,640,This makes belling the cat look like cake.
518,3122,10,54,283,347,1.2132564841498559,0.025524274048089726,640,Three against one. Let's see how they run.
2641,3122,10,54,283,347,1.2132564841498559,0.025524274048089726,640,Who would have thought that blinders were the secret to dominating cats?
756,3124,6,59,268,333,1.2132132132132132,0.024775460006947643,640,"Yeah, but he still has to pick up it's poop"
1011,3124,10,51,272,333,1.2132132132132132,0.026195131927526396,640,Mice will inherit the hearth...follow me!
1697,3124,14,43,276,333,1.2132132132132132,0.027541722074793423,640,You gotta want it!
3725,3124,11,49,273,333,1.2132132132132132,0.02653818600124499,640,You never know what to expect with climate change.
1260,3128,9,50,260,319,1.213166144200627,0.026549625508478617,640,"No I didn't bribe him, I just used reverse psychology!"
4236,3128,15,38,266,319,1.213166144200627,0.028691058054907327,640,What do you mean? I dont have a death wish
4873,3130,14,37,254,305,1.2131147540983607,0.029216756545985222,640,Wouldn’t you think he could at least smell me?
4403,3131,8,43,226,277,1.2129963898916967,0.02857678827989868,640,Why bell the cat when you can ride the cat?
3562,3132,10,49,265,324,1.212962962962963,0.026646297754023142,640,"It works well when I'm steering, but it's a killer when you switch to autonomous driving"
3694,3133,10,53,280,343,1.2128279883381925,0.025697365647573748,640,"Once you get the bit behind the fangs and the blinders on, they’re really quite docile!"
917,3134,10,60,306,376,1.2127659574468086,0.024259051597854,640,"Yes, a bell would be better in the long run."
2346,3135,11,45,259,315,1.2126984126984126,0.027490535011305783,640,The really funny part is when Mickey finds out the cat is in on this
4052,3135,13,41,261,315,1.2126984126984126,0.028216490213700283,640,It's my life time DREAM !
739,3137,12,50,286,348,1.2126436781609196,0.026100662017534835,640,He's as blind as a bat!!!
601,3138,8,48,245,301,1.212624584717608,0.027115279632873343,640,With an overdose of catnip you can do anything to them!
3020,3139,12,47,275,334,1.2125748502994012,0.02680387397176215,640,"Catnip, hypnotism and ""Black Beauty"" on a loop."
3030,3140,12,44,264,320,1.2125,0.027562624618531324,640,Tired of the cat-and-mouse game?
2952,3140,14,40,266,320,1.2125,0.02826452244139507,640,They keep him from seeing any cucumbers.
2860,3140,14,40,266,320,1.2125,0.02826452244139507,640,"Look, it's this or deal with surge pricing."
1921,3143,9,47,250,306,1.2124183006535947,0.027228257718822514,640,Ponycat says we’re gonna mosey on over and have a snack.
4310,3144,11,50,278,339,1.2123893805309736,0.026209041685412805,640,Once the headphones slipped off I got full control.
1372,3145,9,51,265,325,1.2123076923076923,0.02621243646732146,640,And he even finds me cheese!
735,3145,12,45,268,325,1.2123076923076923,0.027277681032914454,640,Catsup
3643,3145,7,55,263,325,1.2123076923076923,0.025477541500309498,640,The guy who sold it to me said it'll run all day without a feeding.
4438,3148,10,53,281,344,1.2122093023255813,0.025630023462141986,640,She’s by beast of purrden.
3902,3149,12,46,272,330,1.2121212121212122,0.027000679728960045,640,Wait till you see him riding the elephants...
722,3149,13,37,247,297,1.2121212121212122,0.029331970556512786,640,Don't  let him see you two. he thinks I'm a Shepard.
2104,3149,13,44,273,330,1.2121212121212122,0.027339678140806883,640,A horse is a horse of course....
723,3152,12,50,287,349,1.2120343839541547,0.026032898741982675,640,It’s not as easy as it looks!
2116,3153,10,55,289,354,1.2118644067796611,0.02516095805748573,640,We're on our way to get a nip or two.
2549,3153,8,59,287,354,1.2118644067796611,0.024516608236302688,640,"If you have enough cheese, they really aren't that hard to train."
4613,3153,12,51,291,354,1.2118644067796611,0.025789213662474615,640,See? Role play doesn’t require a collar.
236,3156,11,50,279,340,1.2117647058823529,0.02613930784630567,640,This was easier than trying to bell him.
3233,3157,11,54,294,359,1.2116991643454038,0.025245385949808564,640,Getting the blinders on him was the easiest part”
2399,3158,10,49,267,326,1.2116564417177915,0.026498631932680154,640,"It's not expensive, just make sure you get on from behind."
4358,3159,10,53,282,345,1.2115942028985507,0.02556302691451206,640,"This isn’t abandonment, it’s the building of an alliance."
4459,3160,11,44,257,312,1.2115384615384615,0.027623022769951693,640,I'm betting 'Drugged and Neutered' wakes up at the top of the back stretch and eats his mount.
2370,3161,14,42,275,331,1.2114803625377644,0.027598230279986594,640,We are on a way to get a bell!
2522,3161,10,50,271,331,1.2114803625377644,0.02623780406575859,640,All those cartoons are fake.
4121,3163,12,50,288,350,1.2114285714285715,0.02596548067671199,640,Time to take back what is ours!
344,3164,13,49,293,355,1.2112676056338028,0.02603089434942138,640,You can get anything with money!
566,3164,14,47,294,355,1.2112676056338028,0.026334808863054678,640,Don’t panic. It’s a robocat.
749,3164,9,57,289,355,1.2112676056338028,0.02477798764506909,640,"Three Blind Mice""  is just a misleading stereotype. There's only one of us"
3983,3167,10,48,264,322,1.2111801242236024,0.02669166744322109,640,"Once you get the reins, it’s a piece of cake."
3531,3168,11,50,280,341,1.2111436950146628,0.026069937842751547,640,It's called a Muskcat and it's autonomous.
3703,3168,10,52,279,341,1.2111436950146628,0.025736964802490724,640,"We'll be back in a bit, just going to get the milk and cheese."
2037,3170,9,58,293,360,1.211111111111111,0.024559813285639373,640,"I'm ride or die, friends."
3707,3170,13,50,297,360,1.211111111111111,0.025789237465992296,640,This is better than 3 blind mice.
3934,3172,9,47,252,308,1.2110389610389611,0.027068683084372613,640,He never saw it coming!
689,3173,9,51,267,327,1.2110091743119267,0.026067995928755073,640,"If they don't eat you
RIDE-EM!"
1559,3173,13,43,271,327,1.2110091743119267,0.027469727120481964,640,"Don't worry, these rat races are safe."
676,3175,14,45,287,346,1.2109826589595376,0.02677841614463337,640,"Raju's riding tiger, does he know how to get off without being eaten?"
1049,3176,10,50,272,332,1.2108433734939759,0.026166409661457772,640,Only fair I told  him-we  are the  THREE BLIND  MICE so  he wore  blinkers
4393,3176,10,50,272,332,1.2108433734939759,0.026166409661457772,640,"'""She says she knows the way home."""
1125,3178,11,45,262,318,1.2106918238993711,0.027255258467450885,640,"Kitty is suffering an identity crisis at the same time our friend there is working out his Napoleonic tendencies. It’s serendipitous, really."
1581,3178,11,45,262,318,1.2106918238993711,0.027255258467450885,640,"Let's write a song called ""One Blind Cat""."
1589,3180,15,41,281,337,1.2106824925816024,0.02756573050469758,640,I raised him from a puppy.
1030,3181,13,42,268,323,1.2105263157894737,0.027679417100342062,640,He can't quit me.
274,3181,13,46,283,342,1.2105263157894737,0.026652338536233555,640,"When the cat is away,we play,but when it's here,we have work to do!"
3640,3181,11,50,281,342,1.2105263157894737,0.0260009288989098,640,"So far, so good. Don't make a peep."
2149,3181,11,54,296,361,1.2105263157894737,0.02511898432153746,640,It's not really exercise when the cat does all the work.
2823,3181,18,36,288,342,1.2105263157894737,0.02821514246038098,640,"Yippee aye oh ki yay, motherfucker!"
3026,3186,16,41,290,347,1.2103746397694524,0.027324646970004293,640,I am a mouse on the hot tin roof.
3802,3187,10,49,269,328,1.2103658536585367,0.02635256552158184,640,It's part of the deal.
4733,3187,13,43,272,328,1.2103658536585367,0.02739340497183592,640,"I'm marking my territory."""
4215,3187,14,41,273,328,1.2103658536585367,0.027731671630314415,640,Get in losers. We're going shopping.
1632,3187,11,47,270,328,1.2103658536585367,0.02670402001627928,640,"If you're not the lead mouse, the view never changes"
3798,3187,9,51,268,328,1.2103658536585367,0.025996360016523154,640,It's easy once you get the blinders on her.
3555,3192,14,46,292,352,1.2102272727272727,0.02645090173304328,640,I invested in my own supply of catnip.
1681,3193,11,48,274,333,1.2102102102102101,0.026439744168310506,640,They make a good ride once you break 'em!
2812,3194,11,57,308,376,1.2101063829787233,0.024466157802602563,640,This cat is a ringer.  Bet on us in the fifth.
4843,3195,10,55,292,357,1.2100840336134453,0.024970271166498595,640,We're hoping to win the triple meown.
4458,3196,12,47,279,338,1.2100591715976332,0.02651578294820685,640,Nothing is impawssible.
2681,3197,8,51,260,319,1.2100313479623825,0.026066854097473897,640,A little cat nip...and he doesn’t bite the hand that feeds him.
2968,3197,9,49,261,319,1.2100313479623825,0.026442325581359,640,Who says you can't take the cat for a walk?
3367,3197,11,45,263,319,1.2100313479623825,0.027177711113590745,640,It's okay; he's a jazz cat.
2659,3200,13,46,284,343,1.2099125364431487,0.026581608466192733,640,"He's running at Hialeah, and they need a low weight jockey . . .the blinders are in case of dogs . . ."
4654,3200,9,54,280,343,1.2099125364431487,0.025266266117152086,640,What's a feller do for fun in this town?
1048,3202,14,40,270,324,1.2098765432098766,0.0279455537044261,640,The only way to stop cat-related deaths is to buy your own cat.
1930,3203,11,43,256,310,1.2096774193548387,0.02767591811844887,640,The blinders were the key; the saddle was my idea.
141,3203,13,39,258,310,1.2096774193548387,0.02842031766215325,640,What?
688,3205,10,54,289,353,1.2096317280453257,0.025132800148213282,640,Don't worry. I told him my name was Catnip!
3697,3206,13,44,277,334,1.2095808383233533,0.027041344271778775,640,"They're hard to break, but now he's a lifesaver."
1262,3207,9,49,262,320,1.209375,0.026367733997442303,640,Conquer your fears!!
1528,3207,10,47,263,320,1.209375,0.02673667654456894,640,"Call me Mickey; call me Mighty.  Either way, i'm still the first mouse to invent cat-riding."
1938,3207,10,47,263,320,1.209375,0.02673667654456894,640,"This is my pet cat, horse."
4846,3207,9,49,262,320,1.209375,0.026367733997442303,640,"Ha, here's proof the best-laid plans of cats also go awry!"
2078,3211,13,50,300,363,1.209366391184573,0.025595528452037414,640,"I was blind, now he can't see."
2908,3211,10,56,297,363,1.209366391184573,0.024687467695465478,640,"Not to worry, ""Whiskers"" diet is mouse-free!"
3237,3213,10,52,282,344,1.2093023255813953,0.025534199154213618,640,Behold the new separation of powers.
3964,3213,10,52,282,344,1.2093023255813953,0.025534199154213618,640,It's easy.  You just catapult up.
4844,3213,13,37,251,301,1.2093023255813953,0.02897548386878944,640,"Anastasia wouldn't wear her blinders until she learned they block out images of  that human face on the newsfeed that's angry, bellowing, ubiquitous and strangely orange."
1552,3216,10,48,267,325,1.2092307692307693,0.026468693129361932,640,"Well...if you guys each get one, we can play “Three Blind Cats...”"
3007,3216,8,52,265,325,1.2092307692307693,0.025741115191905736,640,"Oh, old Doug here won't hurt me. Right, Doug? ...Doug?"
3505,3216,11,46,268,325,1.2092307692307693,0.026825082820058865,640,I really wish he's get off his high horse.
2323,3219,9,46,251,306,1.2091503267973855,0.02711420878551651,640,He liked it when I called him Man o’War!
1859,3220,14,41,275,330,1.209090909090909,0.027578039900004393,640,We're off to see the Lizard.
416,3221,14,42,279,335,1.208955223880597,0.027297157615944503,640,I've never seen a horse eat a human.
2561,3222,9,43,240,292,1.2089041095890412,0.02792398974796212,640,It was easy once I showed him who's the boss.
4269,3223,15,41,284,340,1.2088235294117646,0.027343092568143167,640,Happy Trails to you...
3915,3223,11,49,280,340,1.2088235294117646,0.02604297250505169,640,"Who rides on a tiger can never dismount; astride on a pussy cat, that is repose."
1109,3225,18,31,272,321,1.2087227414330217,0.029437810048897263,640,He thinks he’s Trump .....
801,3225,12,43,266,321,1.2087227414330217,0.02738178647510813,640,You don’t want to know what he feeds it
2528,3227,11,50,284,345,1.208695652173913,0.025796041074460502,640,"We're doing Shakespeare. I'm Petruchio, she's Kate."
3797,3228,12,44,270,326,1.2085889570552146,0.027100907504059878,640,"Why yes, she is a two-stroke."
7,3228,12,44,270,326,1.2085889570552146,0.027100907504059878,640,All I had to do was to get him to vape the old catnip and it’s git along little dogies all the way to the Bowery.
1529,3228,13,42,271,326,1.2085889570552146,0.02744696734133643,640,"We are fine, as long as he doesn't see any cucumbers."
2195,3231,9,46,252,307,1.208469055374593,0.02703433003589956,640,We won at Ascat and we will win at Purrby.
1974,3232,9,51,271,331,1.2084592145015105,0.02578375310877409,640,It’s a self driving cat in Calico
4292,3232,12,45,274,331,1.2084592145015105,0.026827819305149287,640,There's blind and then there's blinder.
1826,3234,11,52,292,355,1.208450704225352,0.02532114852220727,640,I just renamed him Secretariat!
2688,3235,11,48,277,336,1.2083333333333333,0.026225585435563647,640,"Hey, hurry up and place your bet! This race is fixed, 
and so is the cat!"
867,3235,12,41,259,312,1.2083333333333333,0.02788663502673949,640,"Hop on losers, we’re going shopping."
2469,3235,14,42,280,336,1.2083333333333333,0.027222899101477432,640,"It's an English Saddle, I'm learning to Post."
4135,3235,16,38,282,336,1.2083333333333333,0.027867953606068793,640,"With his credit, it's the only option he's got."
2098,3239,15,46,304,365,1.2082191780821918,0.026052342324872135,640,They are genetically modified to think thry are a horse.
1096,3240,14,43,284,341,1.2082111436950147,0.026951519671569276,640,It's the 2019 model.
4727,3241,13,46,287,346,1.2080924855491328,0.026371620213570555,640,I am taking him for a trot through PetSmart this Saturday.
3613,3242,13,41,268,322,1.2080745341614907,0.027656372968320596,640,Which one of you is bait?
2831,3242,11,45,266,322,1.2080745341614907,0.026947653407651408,640,"Look guys, I’m a “guide mouse”"
4154,3242,10,47,265,322,1.2080745341614907,0.026586209834930076,640,Off to see the farmer's wife and look at this tail.
127,3242,10,47,265,322,1.2080745341614907,0.026586209834930076,640,If he doesn't see us he won't know.
870,3242,9,49,264,322,1.2080745341614907,0.026219784182844808,640,He calls me Catnip.  It must be love.
1925,3247,9,44,245,298,1.2080536912751678,0.02753449244177087,640,"Gotta go, guys. Better take advantage of the ten minutes before the next nap."
4625,3248,13,42,272,327,1.2079510703363914,0.027370337154848993,640,You should have seen my first ride
2513,3248,12,44,271,327,1.2079510703363914,0.027025432131365993,640,I found him in Central Park
2180,3250,12,50,294,356,1.2078651685393258,0.025568079272852692,640,He’s a top graduate of our Feline Training School.
1779,3251,12,45,275,332,1.2078313253012047,0.026754259459916035,640,He was on sale at the stable!
2499,3251,13,43,276,332,1.2078313253012047,0.02709225140540909,640,He's efficient.  And I can afford the fare.
3090,3251,15,39,278,332,1.2078313253012047,0.027755890548578317,640,The Three Mouse-cat-eers
4767,3251,15,39,278,332,1.2078313253012047,0.027755890548578317,640,What kind of cheese have you been eating?
346,3255,10,44,254,308,1.2077922077922079,0.027344447304667927,640,Am I riding too high in the saddle?
2483,3256,13,44,280,337,1.2077151335311573,0.02682177132662584,640,"Actually, the hardest part is keeping her in milk."
2543,3256,12,46,279,337,1.2077151335311573,0.02649046178546277,640,We can play as long as he's away or blind.
4522,3256,11,48,278,337,1.2077151335311573,0.026154955823253053,640,If you could see me now...
4029,3259,14,37,262,313,1.207667731629393,0.028532410376964076,640,"Come on boys hop on, he's blind as a bat."
3190,3260,13,45,284,342,1.2076023391812865,0.026558572449568406,640,Believe me now?  Blind mouse sensitivity training is pure genius.
769,3260,9,53,280,342,1.2076023391812865,0.025234105470004268,640,The blinders are a big help.
2821,3262,13,40,265,318,1.2075471698113207,0.027870382072333597,640,The fake news about blind mice is finally exposed
4227,3263,16,40,291,347,1.207492795389049,0.02723578037138176,640,It’s toxoplasmouseis.
39,3263,14,44,289,347,1.207492795389049,0.026617130056290437,640,Come aboard the pussy wagon.
2783,3265,11,45,267,323,1.2074303405572755,0.026871817274022797,640,I've found the heart of the Zen paradox.
3005,3265,9,49,265,323,1.2074303405572755,0.026146419333320473,640,"Three blind mice, huh!"
2703,3267,9,55,288,352,1.2073863636363635,0.02477900173956075,640,I can still see and hear you talking about me.
2929,3267,11,51,290,352,1.2073863636363635,0.025423885611451827,640,We're going hunting for terrier.
3261,3269,9,50,269,328,1.2073170731707317,0.025891726632687857,640,It appears their smell sensory isn't all it's cracked up to be.
3601,3270,8,47,249,304,1.207236842105263,0.02675653045278587,640,"Next, I'll teach him how to catter"
320,3271,13,43,277,333,1.2072072072072073,0.027017980323166206,640,I think she's calm enough now to teach her how to jump out the window.
881,3271,16,37,280,333,1.2072072072072073,0.028004328225320535,640,The secret is gerrymandering voting districts
3717,3273,9,52,277,338,1.2071005917159763,0.02540265497565442,640,"Don't worry, he has tunnel vision"
2405,3274,9,54,285,348,1.206896551724138,0.024938801552628082,640,He only charges a dollar an hour
4812,3275,12,49,292,353,1.206798866855524,0.02567397006421206,640,Don’t let her know but she’s the prototype.
2100,3276,13,48,297,358,1.2067039106145252,0.025744004892124733,640,"Don’t tell her, I’m not her baby..."
534,3277,13,42,274,329,1.2066869300911853,0.02721833574528745,640,It always helps to know someone.
360,3278,8,53,273,334,1.2065868263473054,0.025220522956704725,640,"She insists on the blinders - I think it's a sado-masochistic thing""."
1144,3278,14,41,279,334,1.2065868263473054,0.027275760331672803,640,Planet of the Mice
3884,3280,7,43,226,276,1.2065217391304348,0.02793467366931998,640,"What, Me worry."
772,3281,8,54,277,339,1.2064896755162242,0.024988123187076158,640,We’re cool-just as long as the blinders stay put....
2789,3282,12,40,258,310,1.206451612903226,0.027941727346256374,640,My Kittyuber is the cat's meow.
2040,3282,11,42,257,310,1.206451612903226,0.02756557855248506,640,It makes cattin' around possible.
896,3284,10,51,283,344,1.2063953488372092,0.025437045349081814,640,Much more useful than a bell!
2578,3284,19,33,292,344,1.2063953488372092,0.028277128417319528,640,Didn't he read the one about the scorpion and the frog?
4086,3284,12,47,285,344,1.2063953488372092,0.026094901408550787,640,BLINDERS !! Another creation of  ‘Three Blinder Mice’.
4451,3284,14,43,287,344,1.2063953488372092,0.02673657575219248,640,"Sigh… here comes Gerald, showing off again...
Morning fellow mice! Don’t you just love my new cat? It’s a 1984 Furrari Feline-40! It has 163 catpower and low methane emissions to boot!”"
503,3288,13,39,263,315,1.2063492063492063,0.02800755664226848,640,My Cat-illac finally arrived and this model comes with AEBs (Anti-Eating Blinders.)
4862,3288,11,43,261,315,1.2063492063492063,0.027276041213817347,640,The dealership recommended these headlights for our protection.
599,3290,14,44,291,349,1.2063037249283668,0.026477691996796827,640,Just a quick foxtrot before the cat-and-mouse games begin.
983,3290,6,60,283,349,1.2063037249283668,0.023860613687164255,640,You have to show him who’s boss.
4850,3290,11,50,288,349,1.2063037249283668,0.025527748441574474,640,"Yes, this beast can be tamed."
2778,3293,11,44,265,320,1.20625,0.02699477120506475,640,He is wearing blinders so that he can't see that I am a mouse. And so he thinks he is a horse.l
1525,3293,12,42,266,320,1.20625,0.027355258158219257,640,"See, the blinders make all the difference."
4363,3293,9,48,263,320,1.20625,0.026258955033202226,640,"Forget the bell, this was accomplished with gentle whispering, a lot of patients and a little catnip."
14,3296,12,43,270,325,1.2061538461538461,0.027074462462658468,640,What’s his odds?
959,3297,11,39,246,296,1.2060810810810811,0.028400047351706665,640,Come on...find the other two blind cats!
2818,3298,5,58,267,330,1.206060606060606,0.02427693959981459,640,"The cat takes the mouse,
Hi ho the Derry-o"
4237,3298,12,44,274,330,1.206060606060606,0.026801471255368126,640,"It's easy, you just have to tame one."
2472,3298,13,42,275,330,1.206060606060606,0.0271429577693619,640,I learned this trick watching Fox.
2757,3301,9,57,298,364,1.206043956043956,0.024225774225774224,640,"Next time, buy more chances"
4367,3302,11,40,250,301,1.2059800664451827,0.028085700968588898,640,"I lost two family members trying to get these blinders on him, but boy was it worth it!"
3383,3303,20,36,313,369,1.2059620596205962,0.0271840932962222,640,Sometimes a rat can grab a pussy that’s worth keeping.
1555,3304,12,46,282,340,1.2058823529411764,0.026277565663053778,640,"I usually use a Western saddle, but I'll give this a try."
3041,3304,7,49,250,306,1.2058823529411764,0.026192630904324873,640,Just taking it out for a spin. I'll be right back!
3629,3304,13,37,256,306,1.2058823529411764,0.02854172269261892,640,"It's not magic. Genetic re-engineering!"""
4028,3307,16,39,290,345,1.2057971014492754,0.027290335928588826,640,I told her what Trump likes to grab.
1654,3307,16,39,290,345,1.2057971014492754,0.027290335928588826,640,Next I'm going to train him to meow out some authoritarian scare warnings about a non-existent mouse caravan.
431,3309,12,40,259,311,1.2057877813504823,0.027859647567633945,640,"My friends , this will be catastrophic"
4524,3309,10,44,257,311,1.2057877813504823,0.027104805672542715,640,We’re going fox hunting.
3901,3311,12,41,263,316,1.2056962025316456,0.02756433409169275,640,"As long as the blinders are on, I'm fine."
4315,3312,12,42,267,321,1.205607476635514,0.02727747452840424,640,"Once you get the blinders on, it's no problem."
3255,3313,15,37,274,326,1.205521472392638,0.028027839822109882,640,Black Friday!
795,3314,10,41,246,297,1.2053872053872055,0.027908112292390624,640,"Honestly, I got nowhere with this one until I got the blinders for him."
4652,3315,8,53,275,336,1.2053571428571428,0.025085206103100877,640,Dint worry. He's domesticated and will take me for dinner after our walk.
4750,3315,16,37,283,336,1.2053571428571428,0.027774340244876686,640,"Hey look, I found a horse!"
1996,3315,8,53,275,336,1.2053571428571428,0.025085206103100877,640,His tail is up.  I won’t have to use the whip down the stretch
2038,3318,9,44,249,302,1.205298013245033,0.0272037585351033,640,Tom and Jerry really got weird after the show ended.
938,3319,17,36,288,341,1.2052785923753666,0.02780425468689099,640,"Cat-and-mouse was fun, but now we play Cowboys and Indians."
3686,3319,5,60,276,341,1.2052785923753666,0.023792287744773613,640,There are no moves in dressage where he would turn to see me.
4359,3319,12,46,283,341,1.2052785923753666,0.026207347620316044,640,He can smell jealousy.
4443,3319,14,42,285,341,1.2052785923753666,0.02685750682868108,640,He's training for the Catucky Derby!
2086,3323,10,43,254,307,1.205211726384365,0.02731123290794238,640,"Have I heard of toxoplasmosis? No, why do you ask?"
1382,3324,13,38,261,312,1.205128205128205,0.02814660505205437,640,Didn't know Tom and Jerry got freaky like that.
4835,3324,7,50,255,312,1.205128205128205,0.02585654335520044,640,Sorry she is a one mouse cat
2321,3326,15,43,298,356,1.2050561797752808,0.026392370100626474,640,I've heard of rodent control but that's ridiculous!
2352,3327,9,47,261,317,1.2050473186119874,0.026372768975583365,640,Please. I heard Mikaela got a full-sized Maine Coon.
2521,3328,13,40,269,322,1.204968944099379,0.027553517320409008,640,One blinded cat see how he rides.
594,3329,14,39,274,327,1.2048929663608563,0.027611389021866335,640,It's safer than Ralph's motorcycle!
1617,3329,11,45,271,327,1.2048929663608563,0.02657263030766294,640,Three mice blind.
3546,3331,12,37,249,298,1.2046979865771812,0.028623507187346284,640,"Evolution, it’s a wonderful thing!"
3664,3332,15,40,287,342,1.2046783625730995,0.027103820634742946,640,And yet another feline succumbed to political party over nation.
2754,3333,11,41,256,308,1.2045454545454546,0.02761621478795375,640,The voters love me!
4031,3333,10,52,290,352,1.2045454545454546,0.025008533779300176,640,I got the idea from a song we used to sing when we were kids.
1389,3335,9,55,293,357,1.2044817927170868,0.02446558906716014,640,His girlfriend likes sensitive guys.
197,3336,10,45,263,318,1.2044025157232705,0.02667216610913985,640,You have to break them before they're worth anything.
4441,3336,14,37,267,318,1.2044025157232705,0.02812054054402122,640,I might sell this technology to Tesla.
3460,3338,16,34,273,323,1.2043343653250773,0.028505913078568562,640,The first step is have the cat struck by lightning.
794,3339,15,37,276,328,1.204268292682927,0.027870724500154872,640,It's a little trick I learned from Roy Cohn.
2593,3339,14,39,275,328,1.204268292682927,0.027534166206786663,640,He thinks I'm Dick Whittington!
4477,3341,16,36,281,333,1.2042042042042043,0.027909111484824688,640,"They'll return from the ride with him inside, and the smile on the face of the kitty"
404,3342,11,47,280,338,1.2041420118343196,0.02598543350430285,640,I’ll get to where I want to go eventually.
2852,3342,11,47,280,338,1.2041420118343196,0.02598543350430285,640,You two have been so nice to me lately.
4250,3344,13,44,286,343,1.2040816326530612,0.02639300751017847,640,"It's my latest viral video, Cat Dressage. #mousepower!"
1490,3345,8,55,285,348,1.2040229885057472,0.024505167376090552,640,"Mom… Dad, they never said i  could train a cat… but i did."
524,3346,8,56,289,353,1.2039660056657224,0.024290480109787408,640,I'm potty training her next week.
2683,3347,12,38,254,304,1.2039473684210527,0.02822003406496581,640,CRISPR is a curious thing.
4657,3347,10,42,252,304,1.2039473684210527,0.027439841972153094,640,Who wants to try next?
3770,3349,9,55,294,358,1.2039106145251397,0.02440383892161657,640,Race you
3198,3350,12,43,274,329,1.203647416413374,0.026773865264208732,640,One blind cat. One blind cat.  Does not have the same lilt as the first one
4771,3350,10,47,272,329,1.203647416413374,0.02607244946706564,640,"Yea,it's a weird kink,but the sex is amazing"
621,3352,10,48,276,334,1.2035928143712575,0.025821227609877494,640,See? Going through life wearing blinders is the way to go.
2479,3353,13,43,283,339,1.2035398230088497,0.026580653676168586,640,"'Forgot your glasses again, didn't you?'"
1183,3353,12,45,282,339,1.2035398230088497,0.026250264785103936,640,I'll be back!
805,3355,11,48,285,344,1.2034883720930232,0.02567084442159866,640,"Okay, I dare you - run in front of us - Double or nothing!"
1901,3355,10,50,284,344,1.2034883720930232,0.02533854675395873,640,It’s more fuel efficient than hamster balls.
1401,3357,9,54,291,354,1.2033898305084745,0.02455668501618102,640,It's time we changed the cat/mouse dynamic.
3343,3357,9,42,244,295,1.2033898305084745,0.027543370654837532,640,You guys wanna come? We're going to test the catapult.
520,3359,15,43,301,359,1.2033426183844012,0.026190100988444653,640,It's very CAThartic
4175,3360,10,41,249,300,1.2033333333333334,0.027653829744122397,640,Training him got a lot easier after I found the blinders.
2560,3361,16,42,306,364,1.2032967032967032,0.026236855118219566,640,"Pot does wonders.

Bev Lipman
Portola Valley CA"
3976,3362,11,41,258,310,1.2032258064516128,0.027453568921628205,640,He's just like a small dog.
2527,3363,11,42,262,315,1.2031746031746031,0.02716638715789182,640,This evens out our carbon footprint from all our undigested cheese.
260,3363,8,48,259,315,1.2031746031746031,0.02602597517970167,640,I took away her glasses.
182,3365,12,41,267,320,1.203125,0.02724929807700843,640,The secret is horse tranquilizers.
3203,3365,12,41,267,320,1.203125,0.02724929807700843,640,"Three Blind Mice.""  Ha! Just another example of antithetical reality"
4683,3365,10,45,265,320,1.203125,0.026520544728787128,640,"Belling is so last century,so I bridled the cat."
2403,3368,14,38,273,325,1.2030769230769232,0.027665915459702234,640,Yup! That’s where you plug it in. Now let me show you the self-strolling feature.
3526,3368,13,40,272,325,1.2030769230769232,0.02732049644308656,640,We still on for book club ladies?
4456,3368,10,46,269,325,1.2030769230769232,0.02625698895373665,640,"Ride 'em, Catboy!"
9,3371,14,39,277,330,1.2030303030303031,0.027380993337358297,640,"gentlemen! Nature, in her eternal hubris, had gifted the mighty cat dominion over the meek rodent. no longer shall this stand! we will become as Gods of a new world, a world that no longer brings the lowly mouse to heel for deigning to dream!"
4186,3372,12,44,279,335,1.2029850746268658,0.02643622566472586,640,Want to see me canter?
2969,3372,8,52,275,335,1.2029850746268658,0.025047459630438567,640,"It’s not cheap, but smashing this in the face of those birds in the garden is worth every penny"
2539,3372,10,48,277,335,1.2029850746268658,0.025751206392465965,640,You’re next!
1964,3372,8,52,275,335,1.2029850746268658,0.025047459630438567,640,What did I tell ya? Susan is kinky.
2344,3376,10,49,281,340,1.2029411764705882,0.025508375903307602,640,Jerry's got nothing on me
1242,3377,11,37,243,291,1.2027491408934707,0.028602103933396527,640,He was sired by Seabiscat.
2599,3378,6,50,250,306,1.2026143790849673,0.025657100685103563,640,They said it couldn't done.  Let's see how the hearding goes.
220,3379,10,43,258,311,1.202572347266881,0.026991364990862857,640,His owner put him on the see food diet. We're safe as long as we stay out of his line of sight.
2166,3380,9,47,265,321,1.2024922118380061,0.026074645391770093,640,Mice day today gentlemen.
2836,3381,9,48,269,326,1.2024539877300613,0.02582074863412326,640,I'm the beta tester for the 116th Congress
1034,3382,13,41,277,331,1.202416918429003,0.026967666301956107,640,"Cats rule, dogs drool? I don’t think so."
3524,3382,11,45,275,331,1.202416918429003,0.026279936255186077,640,"See, you just have to learn how to manage them."
3344,3384,8,52,276,336,1.2023809523809523,0.024980108511252833,640,Those blinders were a genius idea!
1435,3384,10,48,278,336,1.2023809523809523,0.025681558051153127,640,And they said the vision impaired can't drive!
593,3386,15,40,291,346,1.2023121387283238,0.026815912405798552,640,Peasants!
1976,3386,13,44,289,346,1.2023121387283238,0.026183657139964865,640,"It's ok. I picked her up at the home of the Broward County Elections Commissioner. Nobody saw nothing, including the cat."
2029,3388,15,41,295,351,1.2022792022792024,0.026556269750667556,640,It runs on cat food and made it to space long before Tesla!
2209,3388,9,53,289,351,1.2022792022792024,0.024648638205591055,640,The blinders we three had  came in handy.
2485,3388,10,51,290,351,1.2022792022792024,0.024976696772594637,640,"Paw-don me fur-iends, just paw-sing through"
4659,3391,11,50,295,356,1.202247191011236,0.025071223476625545,640,Sometimes the best caption is no caption at all .
2534,3392,13,36,258,307,1.201954397394137,0.02834540530098736,640,"LOL, I just copied the President"
1031,3392,8,46,253,307,1.201954397394137,0.02640101024328178,640,Y’all ready for the cheese round-up?
697,3392,10,42,255,307,1.201954397394137,0.02719545560917152,640,Big Cat....small brain!
1591,3395,9,46,262,317,1.2018927444794953,0.026260284217547277,640,"First cats - next the WORLD, muah ah ah ah!"
478,3396,10,45,267,322,1.2018633540372672,0.026370611744690037,640,Jerry had never been one to pussyfoot around.
4394,3396,7,51,264,322,1.2018633540372672,0.02524600466238693,640,He’s got em’ by the domesticated shorthairs.
702,3398,10,46,271,327,1.201834862385321,0.026110879089293694,640,You're welcome.
3815,3398,11,44,272,327,1.201834862385321,0.02646770448865471,640,Hop on! She won't bite.
2730,3400,9,50,278,337,1.2017804154302671,0.025265114658586278,640,"Don't worry, to the sides he's as blind as a mouse!"
1195,3401,10,50,287,347,1.201729106628242,0.025139573493197766,640,It’s my fallback if they ever do ban horse carriages in Central Park.
1818,3401,14,42,291,347,1.201729106628242,0.026431617344181195,640,"She's going to be way easier to bell  now, too!"
4561,3403,9,53,290,352,1.2017045454545454,0.024585230866003942,640,"Make haste and play,""
Their leader did say,
""For the blinders they
May fall someday."
2733,3404,8,56,293,357,1.2016806722689075,0.024044872953987925,640,The blinders really help!
4545,3405,15,43,304,362,1.201657458563536,0.025990870768125375,640,Payback's a bitch. Kiddy-up!
3194,3406,9,57,306,372,1.2016129032258065,0.02375482571219746,640,He is the world’s best catquestrian!
339,3407,10,42,256,308,1.2012987012987013,0.02711494408021225,640,What? Haven't you ever seen a seeing eye mouse before?
1277,3408,11,41,261,313,1.2012779552715656,0.0272131119373009,640,"He thinks he is on his way to Disneyland to meat Mickey and Minnie, my first cousins.  He has a fetish for celebrities."
1692,3408,8,47,258,313,1.2012779552715656,0.026059802455607108,640,The whole raining down from the sky thing leaves them pretty submissive.
4547,3408,13,37,263,313,1.2012779552715656,0.027955564136141794,640,Just remember I can turn this thing around & really give you something to tell P.E.T.A.
1088,3411,13,38,267,318,1.20125786163522,0.027659154653282832,640,"After I escaped from the lab maze, I devoted my efforts to improving toxoplasmosis."
4071,3412,12,42,274,328,1.201219512195122,0.026744970193011343,640,He thinks he's been neutered.
414,3413,8,52,278,338,1.2011834319526626,0.024846468428604686,640,"Oh, haven't you heard? You can do anything in the Matrix."
4689,3413,10,48,280,338,1.2011834319526626,0.02554336838646865,640,"Don't worry, he's blind."
4882,3413,6,56,276,338,1.2011834319526626,0.024129449190158754,640,You too can get out of the Cat & Mouse Game
2140,3416,11,49,293,353,1.2011331444759208,0.025169964787419976,640,"The book’s called ..
“How to Win Friends and Influence People”!"
3951,3417,10,38,241,289,1.2006920415224913,0.028236285894485878,640,and I don’t need a metro card
2554,3418,10,40,249,299,1.2006688963210703,0.027617383548865705,640,Can cats smell?
2361,3419,13,37,264,314,1.2006369426751593,0.02787376310984209,640,We hooked up on #VeganB&D!
2211,3420,9,46,264,319,1.2006269592476488,0.026110680888769125,640,"I can get you this elegant chariot in a Calico or Tabby if you prefer. Blinders and reigns included with every Skat-Cat, while leather seating and taillights are optional."
4813,3421,5,55,264,324,1.2006172839506173,0.024332207176365174,640,It’s our turn to change the nursery rhyme.
3370,3421,11,43,270,324,1.2006172839506173,0.02658424449583303,640,"He's part cat, part ass."
472,3423,9,48,272,329,1.2006079027355623,0.02560699803694398,640,It's the lastest kick - role reversal
4334,3423,11,44,274,329,1.2006079027355623,0.02632082043625093,640,We’re the brave new frontier of Vegan Cat food.
3085,3425,11,45,278,334,1.2005988023952097,0.026064552939913836,640,I hired a Russian troll farm and now he's totally preoccupied with illegal dogs
3333,3425,12,43,279,334,1.2005988023952097,0.026407252296817414,640,As long as we encourage him with positive reinforcements we can pretty much do whatever the fuck we please.  It’s a win-win.
1051,3427,10,48,281,339,1.2005899705014749,0.025474821330948378,640,He belongs to The Pied Piper. Paybacks are hell.
3857,3428,13,43,288,344,1.2005813953488371,0.026226746998571485,640,His buck is worse than his bite.
3002,3429,8,55,291,354,1.2005649717514124,0.024129983462492788,640,He’s too mousy for the catwalk
3954,3429,13,45,296,354,1.2005649717514124,0.025734809680580572,640,"‘“Just turning the tables, dudes”"
1476,3431,16,41,307,364,1.2005494505494505,0.026150731563062222,640,Really?
4535,3432,11,41,263,315,1.2,0.02705510240922164,640,I count on you to feed it
4270,3432,12,43,280,335,1.2,0.026335115274880534,640,I convinced him he is blind!
3834,3432,11,47,287,345,1.2,0.02550468014176624,640,"Waiting for Godot? Nah, Waiting for Jerry"
3496,3432,10,50,290,350,1.2,0.02494365324256955,640,The blinders make the difference.
3291,3432,11,43,271,325,1.2,0.026509508409009952,640,"Don't worry, I saw Fievel do it in An American Tail. It's legit."
3658,3432,8,50,272,330,1.2,0.025173250655927727,640,Ya’ll!  Don’t no one run in front of him now.
3259,3432,13,37,265,315,1.2,0.027792433703176942,640,The virtual reality glasses make him think he is the leader of the animal kingdom!
3086,3432,11,45,279,335,1.2,0.02599352992913392,640,I had to promise him top billing in the remake of Cat Ballou
3276,3432,13,39,273,325,1.2,0.02721655269759087,640,After the recount the canine vote put me over the top.
1669,3432,11,46,283,340,1.2,0.025745858122825354,640,He thinks I'm a grape.
682,3432,9,44,257,310,1.2,0.026565210486359236,640,The hardest part was finding blinders in his size.
543,3432,10,42,258,310,1.2,0.02695532256056079,640,This is better.  Don’t tell me you don’t get tired of hearing that damn bell.
230,3444,10,53,303,366,1.1994535519125684,0.024231567845135808,640,"How does that limerick ""There once was a lady from Niger"" end?"
4337,3445,13,46,302,361,1.1994459833795015,0.025368913816262575,640,This is as ironic as a person riding a lion
4276,3446,6,58,287,351,1.1994301994301995,0.023533916508093132,640,Who’s the man or mouse now?
1400,3447,14,40,287,341,1.1994134897360704,0.02666564140907453,640,I always knew he'd be an overachiever
1647,3448,8,51,277,336,1.1994047619047619,0.024873503882316746,640,"Stay still, don’t trigger him."
2394,3448,12,43,281,336,1.1994047619047619,0.026263366135840047,640,"It's safe, I swear."
3165,3450,11,43,272,326,1.1993865030674846,0.026435185645632443,640,Anyone can 'bell' the cat.
306,3451,11,42,268,321,1.1993769470404985,0.026702153797404624,640,It's OK. We formed a bond.
452,3451,13,38,270,321,1.1993769470404985,0.027421630647886306,640,He's only focused on whatever is in front of him.
3931,3451,9,46,266,321,1.1993769470404985,0.025962746531355323,640,"That done, now I’ll go after the other cats and herd them in."
429,3454,10,42,259,311,1.1993569131832797,0.02687620461044279,640,"You see boys, it's all about focus"
1351,3454,13,36,262,311,1.1993569131832797,0.02801008001295406,640,"You, too, can learn to ""Mouseter Your Fears""
and ""Catapult Yourself"" to Success!"
2371,3454,8,46,257,311,1.1993569131832797,0.026092928203172563,640,He’s taking me to the theatre to see ‘Mouse Trap.’
319,3457,6,56,280,342,1.1988304093567252,0.02387556923643203,640,"And its self-driving feature is the safest in the industry!"""
1625,3457,16,36,290,342,1.1988304093567252,0.027231177638560665,640,Something I learned when I was at a major software company.
151,3457,9,50,283,342,1.1988304093567252,0.024929722724679783,640,"You know what they say: if you can't beat 'em, ride 'em."
768,3460,10,47,280,337,1.198813056379822,0.025508729014932428,640,First jump's going to be a bummer without a cinch.
1983,3460,8,51,278,337,1.198813056379822,0.02480664332342782,640,"Excuse me, which way is the refrigerator?"
2914,3460,13,41,283,337,1.198813056379822,0.026527039232252993,640,"How did you manage to afford a 
purr-ari?"
2845,3463,9,48,275,332,1.1987951807228916,0.025396702947163778,640,She took third at the Kentucky Purby
64,3464,11,43,273,327,1.198776758409786,0.026361272846679995,640,Don’t worry. He’s blind as a cat.
2123,3465,13,38,271,322,1.1987577639751552,0.02734334917452383,640,I read about it in National Geogrpahic before I ate the article.
747,3466,11,41,265,317,1.1987381703470033,0.026898893023959466,640,Toxoplasma gondii makes me take more risks!
1601,3466,6,51,260,317,1.1987381703470033,0.02497442993508333,640,Maybe they'll call us the three blinder mice.
2186,3468,7,45,245,297,1.1986531986531987,0.02640179102084631,640,"Look, look Mickey, truly gene therapy was our salvation."
1548,3469,10,51,297,358,1.1983240223463687,0.02453246441653505,640,"For all she knows, I'm just another cat jockey!"
3476,3470,9,51,288,348,1.1982758620689655,0.02464074333392643,640,It's called 'Riding the Dragon.'
2511,3471,8,52,283,343,1.1982507288629738,0.024518438442363504,640,It's all about the blinders.
892,3472,11,45,282,338,1.198224852071006,0.025782732788749027,640,I can’t see anything. Can you?
3608,3472,11,45,282,338,1.198224852071006,0.025782732788749027,640,You don't need a bell.
3896,3474,8,50,275,333,1.1981981981981982,0.02496767310408866,640,I love travel adventure vacation dreams.
4702,3474,11,44,278,333,1.1981981981981982,0.026031823578864396,640,At 5 to 2 odds he's a good bet in the third race.
733,3474,14,38,281,333,1.1981981981981982,0.027054148987717363,640,It worked for Br'er Rabbit!
1413,3474,7,52,274,333,1.1981981981981982,0.024602729943981213,640,Keep the catnip away!
2643,3478,9,47,272,328,1.1981707317073171,0.025568588669530743,640,This is my new friend. He invited me for a fun ride into the woods.
2660,3478,9,47,272,328,1.1981707317073171,0.025568588669530743,640,Poor thing thinks he‘s the New York subway.
4674,3478,9,47,272,328,1.1981707317073171,0.025568588669530743,640,"Hey guys, that old ""Three Blind Mice"" song gave me a great idea!"
659,3481,8,48,267,323,1.1981424148606812,0.025441297796464975,640,"After reading about the scorpion and the turtle, I thought, 'Why not?!'"
861,3482,11,41,266,318,1.1981132075471699,0.02682145396283132,640,"Jumping is better, because he lands on all fours; dressage would be a horse of a different colour."
4631,3483,10,40,253,303,1.198019801980198,0.027284044330823005,640,Toxoplasmosis is more complicated than we thought.
1628,3484,10,50,294,354,1.1977401129943503,0.024687057535667016,640,More like 'See how they ride'
2291,3484,14,42,298,354,1.1977401129943503,0.025951305779974853,640,"Catnip is the bait, indica heavy strain of weed is the clincher."
1788,3486,12,45,292,349,1.1977077363896849,0.025561920295020607,640,"Hey you guys, watch this!"
1429,3486,11,47,291,349,1.1977077363896849,0.025237756599494787,640,"This kitty won the 2018 J.D. Power's most dependable midsized feline award—you guessed it, it's a Chevy."
1057,3488,11,46,287,344,1.197674418604651,0.025472372915412846,640,Who needs a bell?
2031,3488,9,50,285,344,1.197674418604651,0.02479800755123518,640,Who says this seat’s for the birds?
2258,3488,9,50,285,344,1.197674418604651,0.02479800755123518,640,Don't knock it till you try it!
4923,3491,6,54,274,334,1.1976047904191616,0.024166917111789313,640,"Sure it's demeaning, but we take frequent naps."
2042,3492,12,41,276,329,1.1975683890577509,0.026565809275657108,640,I threatened him with a cucumber.
297,3493,7,50,267,324,1.1975308641975309,0.024990543005739704,640,"Yes, I’m speechless too!"
1860,3493,6,52,266,324,1.1975308641975309,0.024605208422167048,640,It took me a long time to house break him.
4510,3495,12,39,268,319,1.1974921630094044,0.027110542303985036,640,"It's so much fun, just lace their catnip"
3107,3495,7,49,263,319,1.1974921630094044,0.02522702927334407,640,I don't understand why Tom and Jerry could never get along. Cats seem quite pleasant.
597,3495,6,51,262,319,1.1974921630094044,0.024833189612825775,640,It only cost 15 cents a minute to rent!
4653,3498,7,48,259,314,1.197452229299363,0.025470074760852016,640,"So long, old pals.  Fluffy and me are headed to the last roundup."
2937,3499,9,50,286,345,1.1971014492753622,0.02473266253289882,640,This is better than the original version of three blind mice.
3290,3500,8,51,281,340,1.1970588235294117,0.02460816632614436,640,"We’re still a long shot, but at least the blinders stopped him from chasing his tail."
3502,3500,10,47,283,340,1.1970588235294117,0.025303477964121236,640,I would’ve got a car but my feet can’t reach the peddles
3624,3500,10,47,283,340,1.1970588235294117,0.025303477964121236,640,"5th race, Aqueduct..........""to PLACE.."""
1232,3503,13,40,282,335,1.1970149253731344,0.026571110378418444,640,You know what? I love her. She's my ride or die.
1491,3504,9,47,274,330,1.196969696969697,0.025427535154730143,640,Ya'll wanna ride?She's friendly. Though she ate my family
1700,3504,6,53,271,330,1.196969696969697,0.02431657169491452,640,"Tame one, tame them all."
4531,3504,12,41,277,330,1.196969696969697,0.026491950269773575,640,He made a passing reference to '3 blind mice'.
1982,3507,11,41,268,320,1.196875,0.02666788861734671,640,"Yes, it was tougher than belling the cat, but it's worth so much more!"
3243,3507,7,49,264,320,1.196875,0.025155643051830285,640,Dream on!
3897,3507,10,43,267,320,1.196875,0.026297981040722153,640,Told you I would win the Cartoon Caption Contest.
4490,3510,10,42,263,315,1.1968253968253968,0.02656426071613622,640,"LIMERICK: Two buckaroos,named Larry and Festus...Their behaviour was odd and often times reckless...To the jeers and decry...Their standard reply...""Screw you..We're from Texas!"""
3838,3511,8,45,257,310,1.196774193548387,0.026048685655155147,640,The cat’s willing to do anything as long as we stay out of sight in the house.
864,3512,9,53,299,361,1.1966759002770082,0.024028685771854713,640,The blinders and no cheese breath really help.  He doesn't even know I'm here.
4397,3513,8,43,249,300,1.1966666666666668,0.026585019936500975,640,"They say he’s a Quarter horse, but I don’t believe them."
3185,3514,11,47,293,351,1.1965811965811965,0.02510635050056142,640,He insists we call him 'Muad'dib'.
3035,3515,9,50,287,346,1.1965317919075145,0.02466765576147098,640,"""Not just chasing my tail anymore, huh boys."""
3148,3515,12,44,290,346,1.1965317919075145,0.02566626435936429,640,Belling a cat just isn't enough anymore in this job market.
72,3517,11,45,285,341,1.1964809384164223,0.025575281511168873,640,"I found this ride-sharing app  you go online put in the address and say There, Kitty Kitty I want to go There, ​Kitty Kitty Kitty"""
2391,3518,10,45,276,331,1.1963746223564955,0.025716083328244144,640,Giddy-up purrdner!
591,3519,16,30,270,316,1.1962025316455696,0.028672918532348525,640,"Just feed em regularity, and they’re all yours."
1962,3520,10,52,305,367,1.1961852861035422,0.024078227043511487,640,Text me if you think of something.
2940,3521,11,39,261,311,1.1961414790996785,0.02714415217218554,640,Wouldn't drive anything smaller. Better milk millage than you'd think.
3377,3522,12,46,299,357,1.196078431372549,0.02513215468477081,640,"All you eat cat food for an hour, boys!"
1214,3522,8,44,254,306,1.196078431372549,0.02623470744695779,640,Even a blind mouse finds a nutty cat once in a while.
1295,3524,10,49,293,352,1.1960227272727273,0.024715820710633957,640,The secret is the blinders.
3655,3524,13,43,296,352,1.1960227272727273,0.025679453692840724,640,It's all at www.Cat2Horse.com
2259,3526,8,49,275,332,1.1957831325301205,0.024925560997310935,640,"The app is almost up and running, I'm calling it Alley Uber."
464,3527,10,42,265,317,1.195583596214511,0.026410952354877733,640,Don't forget the blinders.
1934,3527,10,42,265,317,1.195583596214511,0.026410952354877733,640,It appears one out of three mice can train a cat when given a saddle and blinkers but further study is needed.
4724,3529,7,46,254,307,1.1954397394136809,0.025746733629673075,640,Self-driving cats are no fun!
4755,3530,10,47,286,343,1.19533527696793,0.025101457544914448,640,Which way did they go?
382,3531,12,34,251,297,1.1952861952861953,0.028353319674610758,640,I'm the new mouse speaker.
1160,3532,12,42,284,338,1.1952662721893492,0.02601889705273673,640,I’m only one in a long line of El Gatolleros! We don’t get much time in the limelight.
1071,3532,10,46,282,338,1.1952662721893492,0.025335080988378857,640,"I learned this while travelling with ""The Amazing Kreskin"".  Just don't say ""Cheese"" or she snaps out of it!"
3063,3532,7,52,279,338,1.1952662721893492,0.024273263397366268,640,Fellas it’s time we ditch the walking canes.
1123,3535,15,34,279,328,1.1951219512195121,0.02756769760223963,640,Later suckas...
1101,3535,10,36,241,287,1.1951219512195121,0.0281563930636604,640,"The words are supposed to be ""three mice with blinders."" This changes everything."
876,3537,16,31,276,323,1.195046439628483,0.02820039939846873,640,"And everyone thinks that ""Tortoise and Hare"" tale is really something!"
3182,3537,11,41,271,323,1.195046439628483,0.026440768277350934,640,"You can try, but... only in New York."
3275,3537,8,47,268,323,1.195046439628483,0.0253263745454144,640,"Cool cat, no?"
3358,3537,12,39,272,323,1.195046439628483,0.026801938118798146,640,"Guys, my rider rating is a 4.82. Is that good?"""
3403,3537,11,41,271,323,1.195046439628483,0.026440768277350934,640,I've also trained him how to deal cards.
1892,3542,13,36,269,318,1.1949685534591195,0.027441754946506615,640,One blind cat - what’s the difference?
2677,3543,9,51,294,354,1.194915254237288,0.024260785430747514,640,Easy peasy. I gave him my cheese.
2863,3544,11,39,263,313,1.194888178913738,0.026984938615491,640,Meowwww! Meowwwww! Hear that engine roar!
2035,3544,7,47,259,313,1.194888178913738,0.025421776144991925,640,"Or, ONE cat with blinders!  You should see how it runs!"
388,3546,9,42,257,308,1.1948051948051948,0.0264819826478886,640,There are none so blindered as the ones who cannot see.
1769,3546,11,53,321,385,1.1948051948051948,0.023606969973188122,640,I'm going to play the role of the Mouse King!
2589,3546,13,34,261,308,1.1948051948051948,0.02803393216730759,640,I can see your mousehole from here.
3329,3549,10,39,254,303,1.1947194719471947,0.02716215714862214,640,He also salivates when he hears a bell.
1424,3550,13,40,286,339,1.1946902654867257,0.026282609004892682,640,"He can't smell my scent either, the dog licked me clean."
1639,3550,9,48,282,339,1.1946902654867257,0.02491899961568839,640,The subway just doesn't work for me.
573,3552,7,51,276,334,1.1946107784431137,0.024424523135468668,640,A cat can't chase you while you ride his back.
3366,3552,11,43,280,334,1.1946107784431137,0.025855087430442677,640,"Well, I'll be riding off into the sunbeam."
313,3552,11,43,280,334,1.1946107784431137,0.025855087430442677,640,"As long as he has the blinkers on, it's no problem."
473,3555,10,44,275,329,1.1945288753799392,0.02574959540172228,640,"With this ride, we will catch the Farmer’s Wife."
2265,3555,9,46,274,329,1.1945288753799392,0.025387162964099423,640,Welcome to our Independence Day parade.
4338,3557,11,48,301,360,1.1944444444444444,0.024627979286439203,640,The roles have been switched my friends.
3382,3558,13,43,299,355,1.1943661971830986,0.02547999188437228,640,I'm tougher than both of you pussies
278,3559,10,48,292,350,1.1942857142857144,0.024744055617545533,640,These cat blinders are amazing!
934,3559,12,44,294,350,1.1942857142857144,0.02539714376477578,640,"There's ""away,"" and then there's ""away!"""
1494,3561,7,53,285,345,1.1942028985507247,0.023934737021922198,640,"Thrill-seeking like that at 12 months - midlife crisis, much?"
3536,3562,7,46,256,309,1.1941747572815533,0.025595401136860804,640,This is all part of my catnapping plan.
1516,3563,10,39,255,304,1.194078947368421,0.02708023667948921,640,‘...the L Train’s down.’
1749,3563,14,31,259,304,1.194078947368421,0.0286389596347239,640,"You can buy my book ""How to Hypnotize a Cat"" on line from Amazon if you want one of your own."
643,3565,9,47,279,335,1.1940298507462686,0.0250815204445837,640,"Unlike the dog, he doesn't run on gas."
767,3565,9,47,279,335,1.1940298507462686,0.0250815204445837,640,"Honestly, the blinders were necessary."
2519,3565,12,41,282,335,1.1940298507462686,0.0261286578856524,640,We’re going to eat your relatives.
3289,3568,12,47,307,366,1.1939890710382515,0.02465827165935946,640,Don’t worry. I told him we were playing cowboy.
2351,3569,6,52,272,330,1.1939393939393939,0.024200940835629462,640,"As Dad used to say: ""Tame the Beast"""
3327,3569,12,40,278,330,1.1939393939393939,0.026385854305515218,640,I'll let you know before I take the blinders off.
2333,3569,10,44,276,330,1.1939393939393939,0.025678214840556896,640,"Please get me my spurs: all he wants to do is prance."""
2627,3572,8,47,270,325,1.1938461538461538,0.02518454060615632,640,You can do what you want but I'm done playing games.
85,3572,9,45,271,325,1.1938461538461538,0.025558842655132533,640,"We thought about shoes or boots, but that seemed a little cliché."
1768,3574,14,34,272,320,1.19375,0.02764026284415624,640,Her owner calls her National Debt.
3316,3575,10,41,264,315,1.1936507936507936,0.026448015786607625,640,"No, I don't know the ""Lady and the Tiger"" limerick."
81,3576,12,43,291,346,1.19364161849711,0.025566548793219228,640,Are you a man or are you a mouse?
954,3577,12,42,287,341,1.1935483870967742,0.02580860781056024,640,It’s hard to say giddy-up to your natural predator but I’m willing to try.
1660,3577,10,46,285,341,1.1935483870967742,0.025131327727733473,640,"I got tired of the bell, so I've taken the reins into my own hands."
2463,3577,14,38,289,341,1.1935483870967742,0.026468563256812353,640,The blinders are essential.
544,3580,10,51,306,367,1.1934604904632153,0.023983683086010437,640,But this one’s a real cool cat!
2619,3581,11,43,282,336,1.193452380952381,0.02571396900881595,640,Technically I called a service mouse.
4115,3582,7,45,253,305,1.1934426229508197,0.025772551055298926,640,"What, you never heard of three blind cats?"
3999,3582,14,31,260,305,1.1934426229508197,0.028551998574234048,640,I bought the deluxe model
3989,3584,8,54,300,362,1.1933701657458564,0.023547973063132135,640,It's an original Stutz Mousecat.
1570,3585,9,46,276,331,1.1933534743202416,0.02524717643625396,640,Its great exercise for both of us..
2109,3586,10,48,294,352,1.1931818181818181,0.024615608112462804,640,"We're blind, remember?"
3039,3586,9,50,293,352,1.1931818181818181,0.024284576310053846,640,He finally succumbed to the orthodoxy of oppression.
3429,3586,7,54,291,352,1.1931818181818181,0.0236085919568236,640,The number of rats in the subway has reduced since Mew-ber came to the city
3948,3586,9,50,293,352,1.1931818181818181,0.024284576310053846,640,Like my new ride? The blinders keep me totally safe!
2161,3590,10,42,269,321,1.1931464174454829,0.026109515436403514,640,"Hop on guys, we’re going meowntown!"
4210,3591,8,57,313,378,1.193121693121693,0.022926115157645158,640,I told you I could domesti-cat her.
2664,3592,11,34,245,290,1.193103448275862,0.02831340760472898,640,He’s juicing this week.
1254,3593,7,47,262,316,1.1930379746835442,0.025202551677437065,640,"Cat-cha later, my little friends."
1595,3594,11,44,287,342,1.1929824561403508,0.02540393399826082,640,Catnip Blinders work all the time.
3734,3595,13,34,264,311,1.1929260450160772,0.02778412591252627,640,"Hasta la vista, suckers.
Trump 2020."
4455,3596,10,45,282,337,1.1928783382789319,0.02529724869230982,640,Hey guys. Have you heard of BDSM?
1437,3597,9,45,273,327,1.1926605504587156,0.02541606746980607,640,It's a genetically engineered cat.  He think e is a mule.
2577,3597,8,47,272,327,1.1926605504587156,0.025044263046588064,640,Hey Ratso...wanna ride?
4697,3599,10,42,270,322,1.1925465838509317,0.026035214478875933,640,Don't let the fangs fool you. Flossie's one of us.
3164,3599,8,46,268,322,1.1925465838509317,0.02528108880916966,640,"I’m changing it: One blind cat, see how it walks........."
2049,3599,9,44,269,322,1.1925465838509317,0.025660922083376062,640,"You only as blind as you want to be, my friends."
916,3599,7,48,267,322,1.1925465838509317,0.024895461043835873,640,He's a thera-purr-ic cat.
820,3603,7,42,242,291,1.1924398625429553,0.026491164921675078,640,This is more fun than putting a bell around her neck.
777,3604,4,53,260,317,1.1924290220820188,0.023908891320702633,640,Why settle for a bell?
246,3605,14,37,287,338,1.1923076923076923,0.02658426390664371,640,"For whatever reason, I can only get it going full throttle immediately after it takes a shit."
1181,3605,8,54,302,364,1.1923076923076923,0.023430424979480856,640,"Go read Who Stole My Cheese, Losers!"
3315,3605,9,47,282,338,1.1923076923076923,0.024878331929112294,640,We switch off. Next he rides me.
3114,3608,11,42,280,333,1.1921921921921923,0.025819135725937664,640,"The three blind mice,weren't always blind.
They all rode off on the farmer's cat.
It happened so fast, how could they see that.
The Three blind mice."
1547,3608,10,44,279,333,1.1921921921921923,0.025466397273627612,640,It's a one time thing. The prize is a year's supply of Fancy Feast.
104,3608,14,36,283,333,1.1921921921921923,0.02684956067131972,640,"The bigger they are, the harder they fall."
742,3608,7,50,276,333,1.1921921921921923,0.02437757681743081,640,The Blinders are key.
1630,3612,13,37,278,328,1.1920731707317074,0.026776305223197207,640,The best way to deal with toxoplasmosis is accept you have it and then own it.
2075,3612,8,47,273,328,1.1920731707317074,0.024974700080339633,640,Th only thing you shouldn't do is lead him to water.
1376,3614,8,46,269,323,1.1919504643962848,0.025209746668903,640,He’ll cross the Alps for a profit share of our Swiss cheese plunder.
1395,3614,9,44,270,323,1.1919504643962848,0.025588297851509848,640,They said I'd never ride a horse. Well look at me now!
3454,3614,10,42,271,323,1.1919504643962848,0.025961329834292023,640,"Of course it’s safe and free, courtesy of Uber Eats."
2137,3617,7,52,285,344,1.191860465116279,0.023889181802078045,640,It’s leading me to the cheese!!
2032,3618,7,47,264,318,1.1918238993710693,0.02505845835486613,640,"""Jump on, and we'll avenge our blinding by the farmer's sadistic wife!"""
2886,3618,8,45,265,318,1.1918238993710693,0.025451255843399127,640,It's Cosplay. I am He-Man and he is Battle Cat.
3518,3618,7,47,264,318,1.1918238993710693,0.02505845835486613,640,"I learned this from that song, ""Three Blinder Mice."""
4604,3621,7,46,260,313,1.1916932907348243,0.025297930360700306,640,Don't worry guys it's a robot.
1587,3621,12,36,265,313,1.1916932907348243,0.027246752883224697,640,It is all about gentling.
2126,3621,6,48,259,313,1.1916932907348243,0.02488986195433611,640,The blinders only partially worked. It was the words 'glue factory' that really won him over.
2462,3621,7,46,260,313,1.1916932907348243,0.025297930360700306,640,"I'm a mouse on a hot stringed cat, in Tennessee Williams's lesser-known play"
3644,3621,5,50,258,313,1.1916932907348243,0.024474990820774048,640,The blind mice didn't need it anymore.
4098,3621,10,40,263,313,1.1916932907348243,0.02648443765349087,640,He thinks he's a camel.
2189,3627,9,51,300,360,1.1916666666666667,0.023892199607918302,640,"Toxoplasmosis, amazing huh?!"
993,3628,11,42,281,334,1.1916167664670658,0.025748147532353178,640,"I'm out of quarters,could you toss one up?"
2497,3628,10,44,280,334,1.1916167664670658,0.025396555818410247,640,"Yes, and you're welcome for the blinders."
4235,3628,11,42,281,334,1.1916167664670658,0.025748147532353178,640,Bet on me in the thirds race.
1364,3631,10,39,259,308,1.1915584415584415,0.026757377134988377,640,No kinkshaming.
4703,3631,9,41,258,308,1.1915584415584415,0.026359168124098043,640,I’ve joined the cat-valery!
4045,3633,11,41,277,329,1.1914893617021276,0.025997800503171877,640,It's the purr-fect way to get to work!
3059,3634,14,34,276,324,1.191358024691358,0.027324440129150224,640,I call it Mewbur.
4658,3634,7,48,269,324,1.191358024691358,0.02475577348432882,640,Breaking this here barn cat sure was mighty rewarding
3666,3636,14,38,293,345,1.191304347826087,0.0261850755590151,640,Isn't that the one who ate the three blind mice?
3307,3637,11,48,307,366,1.1912568306010929,0.024258140560876558,640,"It's perhaps presumptuous, but I call him 'The End of History.'"
1394,3638,10,41,268,319,1.1912225705329154,0.02614379827229555,640,That cat's taking the Mickey
457,3639,11,43,286,340,1.1911764705882353,0.025436247452559756,640,I'm Grand Marshal of his Sushi Parade.
2760,3639,9,47,284,340,1.1911764705882353,0.024744666846055308,640,I find hidden cat treats.
4462,3641,10,40,264,314,1.1910828025477707,0.026407015274359735,640,"When it’s your turn to ride, remember to mount only on the left"
1730,3642,10,44,281,335,1.191044776119403,0.02532709149104609,640,Bet he is dessert before the blinders come off
2000,3642,9,46,280,335,1.191044776119403,0.024971721306937453,640,"Come on, guys! We can get snacks on the way."
2582,3644,9,50,297,356,1.1910112359550562,0.024035639116475105,640,It's always been his dream to run in the Derby.
1922,3644,15,38,303,356,1.1910112359550562,0.025935760652168138,640,She's powered by the sun.
2362,3646,8,51,292,351,1.190883190883191,0.023906415391539197,640,I won it in a raffle  His name is Tom.
3082,3647,10,42,273,325,1.1907692307692308,0.025814795792109168,640,"Nature, nurture or toxoplasma?"
252,3648,11,44,291,346,1.1907514450867052,0.025134372002887564,640,The other option was 25 bench presses on the mouse trap.
3257,3649,11,39,270,320,1.190625,0.026441934336535973,640,"I'm a meowboy. Just call me Buck, fellas."""
160,3650,10,45,286,341,1.1906158357771262,0.025025426206694127,640,Dogs scare the heck out of him.
578,3650,12,41,288,341,1.1906158357771262,0.025705496699874503,640,Don’t even think about singing it!
589,3650,14,37,290,341,1.1906158357771262,0.02636803300111377,640,Look what I tamed!
1256,3650,6,53,282,341,1.1906158357771262,0.02360658275366347,640,At last.  We're even.
2266,3650,12,41,288,341,1.1906158357771262,0.025705496699874503,640,The visiting rats love Central Park rides.
2910,3650,7,51,283,341,1.1906158357771262,0.023969168762930527,640,Watch it!  Five more steps and the blinders come off.
3313,3650,10,45,286,341,1.1906158357771262,0.025025426206694127,640,We're on our way to the Kattucky Derby!
2942,3657,9,50,298,357,1.1904761904761905,0.023974189035334506,640,Y’know where a mouse can get a good sarsaparilla?
385,3658,11,45,296,352,1.1903409090909092,0.024842022079897327,640,The thinks we're off to see Mickey at Disney World.
1924,3659,7,49,275,331,1.190332326283988,0.02439585188056327,640,Well aren't you as high as the hair on a cat's back.
2102,3659,6,51,274,331,1.190332326283988,0.02401765186024385,640,Better than the bell!
799,3661,11,37,262,310,1.1903225806451614,0.02698840922715405,640,"It’s cool, this cat is woke."
2342,3662,10,41,270,321,1.190031152647975,0.025994266773019678,640,The cataract surgery cleared up everything.
3509,3662,8,45,268,321,1.190031152647975,0.0252341256059739,640,It's the new self-driving model
3889,3664,9,39,252,300,1.19,0.026746674847251864,640,First you have to teach him to meditate.
4606,3665,9,49,295,353,1.1898016997167138,0.02411905343090427,640,He said he'd lead us to the cheese
217,3666,9,45,278,332,1.1897590361445782,0.025065919847723585,640,This Cat Has No Idea Who His Rider Is
2337,3666,8,47,277,332,1.1897590361445782,0.024700215603251703,640,"How ironic that us, the blind mice, are not the blind ones here..."
4096,3666,10,43,279,332,1.1897590361445782,0.025426364757430174,640,I'm no longer blind!
4312,3666,9,45,278,332,1.1897590361445782,0.025065919847723585,640,Just grab um by the reins boys
2587,3670,10,39,262,311,1.189710610932476,0.02652017957805013,640,"Sorry dudes.  I'm the heir, you're the spares."
2509,3671,9,48,291,348,1.1896551724137931,0.024330234385417312,640,Our cataracts gone . . . His blinders on!
2889,3672,11,40,276,327,1.1896024464831805,0.026032756986077293,640,She's a little finicky.
4612,3673,9,43,270,322,1.18944099378882,0.0255441542336271,640,"Hey, if Hannibal can do it..."
3251,3674,8,48,282,338,1.1893491124260356,0.02441197498602174,640,The litter box mat get tricky.
1457,3674,12,40,286,338,1.1893491124260356,0.025810421790907333,640,I wonder if they do carriage rides around Central Park?
800,3674,7,50,281,338,1.1893491124260356,0.02404966081136183,640,It was easier than I expected.  My saddle is made from a chicken liver and I told him he could have it at the end of the ride.
1811,3677,6,48,263,317,1.1892744479495267,0.024604756724225824,640,Once you get the blinders on it’s easy to control the situation.
4872,3678,13,41,300,354,1.189265536723164,0.025352496288000244,640,I call it “squeaky blinders”
3022,3678,9,49,296,354,1.189265536723164,0.024056799581753253,640,It's all in the blinders!
1967,3680,14,35,284,333,1.1891891891891893,0.02674515629872828,640,Wish me luck in the Cat-tucky Derby.
3920,3680,10,43,280,333,1.1891891891891893,0.025356298375329836,640,Their great once you break them in!
4248,3682,11,44,294,349,1.189111747851003,0.024935880069207272,640,You two would have been dead meat without the blinders.
1543,3682,9,48,292,349,1.189111747851003,0.02426650557535224,640,Not what you think...it's really a dog in a cat costume...
3218,3684,3,56,269,328,1.1890243902439024,0.02290699538358369,640,Hey guys this is a purrrr-fect Taxi!
3807,3685,13,32,262,307,1.1889250814332248,0.02788415278290286,640,We're three blind mice- can't we fantasize?
3840,3686,13,38,288,339,1.1887905604719764,0.02607708474764916,640,"Stop squeaking, we're making a video."
1960,3686,12,40,287,339,1.1887905604719764,0.025740233106398426,640,We're on a mission from God
1767,3688,14,39,302,355,1.1887323943661972,0.02559935320508505,640,"...after that, we're headed to the dog fights."
495,3689,9,42,267,318,1.1886792452830188,0.025718885600919224,640,Some people just don't understand the benefits of being vegan.
4085,3689,7,46,265,318,1.1886792452830188,0.02493553486063561,640,"You might think he sees us as food, but he can't see it that way."
1279,3691,11,44,295,350,1.1885714285714286,0.024870402643806324,640,"Snuggles, here, got a new job!  Says he wants to put food on his table!"
729,3692,9,41,263,313,1.1884984025559104,0.0259730347107161,640,"It's not true, you can even ride them."
1637,3693,10,42,277,329,1.1884498480243162,0.025526574887522423,640,He says that he got the idea when he realized he was too small for a horse.
3309,3693,12,38,279,329,1.1884498480243162,0.026242584961501066,640,"Hey, just strap a set of blinders on and tell him there's a migrant mice caravan infiltrating his territory."
4774,3695,14,37,294,345,1.1884057971014492,0.026085084005746214,640,And I took away his dental plan!
712,3696,11,46,304,361,1.188365650969529,0.024371309450481264,640,Turns out blinders are all you need to train them.
4399,3696,8,52,301,361,1.188365650969529,0.02340497110920882,640,Average customer rating purrfect.
2013,3698,13,35,276,324,1.1882716049382716,0.0268623553329276,640,It’s not unusual for a pussy to be into  role play.
3127,3699,8,48,284,340,1.188235294117647,0.024280902318300705,640,Told you he’s no match for the farmer’s wife!
4726,3699,8,48,284,340,1.188235294117647,0.024280902318300705,640,Virtual reality for house cats-only $9.99.
173,3701,7,43,253,303,1.188118811881188,0.02566562528087764,640,I'm just being myself! He really doesn't seem to have any pre-conceived ideas...
1815,3701,9,39,255,303,1.188118811881188,0.026503533757369142,640,It's easy! Like riding a cat.
2546,3701,7,43,253,303,1.188118811881188,0.02566562528087764,640,These cat blinders work great!
4775,3704,10,40,269,319,1.188087774294671,0.02602651576192596,640,I really don't see what all the fuss is about.
2051,3704,8,44,267,319,1.188087774294671,0.025257634954258465,640,The only downsides are the rodeo rides after she you-know-whats.
680,3706,9,45,281,335,1.1880597014925374,0.02486036413534781,640,"I got the idea from the old nursery rhyme."""
928,3706,14,35,286,335,1.1880597014925374,0.026597202799625623,640,"Christ, what an asshole."
4881,3706,10,43,282,335,1.1880597014925374,0.025217303648617007,640,"I call it reversing the food chain.  I cultivated fields of catnip, herded the cats, and trained them."
4590,3709,11,44,296,351,1.188034188034188,0.024805264121182845,640,He goes 3 mice-in-hour.
1332,3709,13,40,298,351,1.188034188034188,0.025453116914862774,640,She plays Bagheera and I play Maugli.
2557,3709,13,40,298,351,1.188034188034188,0.025453116914862774,640,"These blinders are ""Amazon's Choice"".  It's not just marketing bullshit, you know."
1845,3712,8,43,263,314,1.1878980891719746,0.0255012253837151,640,Be careful where you walk - he's not litter box trained yet.
2709,3712,3,53,258,314,1.1878980891719746,0.02342145309103256,640,We're vaulting on Tuesday. Come watch
2028,3714,10,42,278,330,1.187878787878788,0.025455510361234158,640,"WOW, it´s the Mouse who can talk with cats!"
309,3715,8,49,289,346,1.1878612716763006,0.024005566313859267,640,"Race? No, we're going clubbing."""
646,3716,9,50,303,362,1.1878453038674033,0.023671528919958485,640,What makes you think cats are bad news?
4754,3717,9,40,260,309,1.1877022653721683,0.026156531312365824,640,Seeing is believing!
63,3718,13,38,290,341,1.187683284457478,0.02593570123478343,640,"She's off table food, we just gave her the strongest legal catnip/fish oil cocktail there is, and these new blinkers are 100% laser pointer proof. At 5 to 1 she's a lock"
373,3719,7,49,280,336,1.1875,0.024065235759063396,640,Don't show fear and mewl every minute or so.
535,3719,11,38,271,320,1.1875,0.026326485823204224,640,Me and Cat Ballou here are gonna mousey...I mean mosey on outta here.
1373,3719,10,37,257,304,1.1875,0.02683116898908482,640,Who says we can't all live in peace ?
1477,3719,7,43,254,304,1.1875,0.02558854307232404,640,I forget - what were you saying about cat hypnosis?
2846,3719,13,37,286,336,1.1875,0.026186740542527412,640,We're playing 'Fifty Shades of Grey'.
4433,3719,11,38,271,320,1.1875,0.026326485823204224,640,Tony Robbins is a genius.
4009,3725,13,39,295,347,1.1873198847262247,0.025622825547266085,640,What.? He's got blinders on..
4346,3726,10,39,266,315,1.1873015873015873,0.02621030612364921,640,My new service...Catamaround
1134,3727,9,38,252,299,1.1872909698996656,0.026698272534798572,640,Is it safe? I get 9 lives to the cat...
1679,3728,11,45,302,358,1.187150837988827,0.02445930226343281,640,It's all in the wrist-kers.
3611,3729,12,36,273,321,1.1869158878504673,0.026619112838553484,640,Stick around; after the final round there's a wine and cheese buffet.
2073,3730,5,47,253,305,1.1868852459016392,0.024651921298817825,640,The climate is always changing.
4759,3730,9,39,257,305,1.1868852459016392,0.026343851288033168,640,"With no chance of bright shiny objects to distract him, we'll finally be masters of this cat and mouse game!"
1132,3732,7,48,277,332,1.1867469879518073,0.024212130560704696,640,It's a Mouse on Cat Game
4639,3732,8,46,278,332,1.1867469879518073,0.02458509616117038,640,"When the cat's on display, the mice will play!"
607,3734,7,45,264,316,1.1867088607594938,0.024954082246546928,640,Yes...I found that it's simply all in the binders.
1949,3734,5,49,262,316,1.1867088607594938,0.024135479495050353,640,"Not much horse sense, that one."
3176,3736,9,46,288,343,1.186588921282799,0.024438228001636357,640,I got the last Kittycab. Guess you have to get a dog Uber.
2954,3736,9,46,288,343,1.186588921282799,0.024438228001636357,640,With this mind control technology Mouse Kingdom will be mine!
1466,3736,12,40,291,343,1.186588921282799,0.02546321399038974,640,"Hey, don't kink-shame."
2492,3736,10,44,289,343,1.186588921282799,0.024784600342687972,640,Bye Loser
1309,3740,7,47,273,327,1.1865443425076452,0.024429628900817974,640,They improve handling under micey conditions.
1538,3740,7,47,273,327,1.1865443425076452,0.024429628900817974,640,He's been hooked to these VR blinkers for a week
4313,3740,13,35,279,327,1.1865443425076452,0.026634094929805816,640,She'd rather be a pony than a mouse murderer
4401,3740,6,49,272,327,1.1865443425076452,0.024042574615640543,640,The blinders are great!
4715,3740,10,41,276,327,1.1865443425076452,0.025555643026165364,640,"H8ers gonna H8..."""
716,3745,6,46,259,311,1.1864951768488745,0.02477641535062007,640,"Turns out cat whispering is easier than you think. We call it ""whiskering."""
2364,3746,14,38,302,354,1.1864406779661016,0.025568693053918533,640,"Actually ,they’re paper tigers"
3479,3746,8,50,296,354,1.1864406779661016,0.023616284034768637,640,The Dog and Pony reboot.
4323,3746,11,44,299,354,1.1864406779661016,0.024611856249543325,640,"It’s just like Uber, you don’t have to call, you just hop on."
2568,3749,6,48,268,322,1.186335403726708,0.024257291789345332,640,"Psst, been training him to think he's a race horse. You're safe. Carry on."
4707,3749,10,40,272,322,1.186335403726708,0.02580337358023822,640,It's more practical than a bell!
3136,3751,11,43,295,349,1.186246418338109,0.02483253909541461,640,He loves it!
1655,3751,10,45,294,349,1.186246418338109,0.024498726230799257,640,"Yeah, I got the idea from that old nursery rhyme."
4627,3753,11,40,282,333,1.1861861861861862,0.025600437468359223,640,"Six down, three to go."
887,3753,7,48,278,333,1.1861861861861862,0.0241458253208856,640,The shades make all the difference.  He only knows my masterful voice.
3238,3753,11,40,282,333,1.1861861861861862,0.025600437468359223,640,She thinkgsI'm one of her baby kittens.
308,3756,10,39,268,317,1.1861198738170347,0.026058038255261727,640,"To harness him, I learned to whisper  the ""Cat's Meow"" in his ear."
3910,3756,12,35,270,317,1.1861198738170347,0.026813292894486033,640,Just focus him on the network of his choice and you can steer him anywhere you want to go.
4839,3758,10,44,290,344,1.186046511627907,0.024718398974845342,640,He's bred for cheese.
1557,3759,5,51,272,328,1.1859756097560976,0.023583833628001486,640,Ha!  Whose “blind”-sighted now guys?
4199,3760,12,42,301,355,1.1859154929577465,0.024870089370717226,640,I just hope he's electric
4829,3760,7,52,296,355,1.1859154929577465,0.023215250573556927,640,"Kitucky Dirtby and Catty McCat Face were taken, so I went with What The Hell?!"
1054,3762,9,40,263,312,1.185897435897436,0.025925436423536084,640,Just took an EST course.
1360,3763,10,43,286,339,1.1858407079646018,0.024943782316607755,640,"Well, you did tell me to try a new hobby."
3883,3763,11,41,287,339,1.1858407079646018,0.025291244034698266,640,"Hey, Lenny & Stu, new lyrics.  'One blind cat...'"
2219,3763,11,41,287,339,1.1858407079646018,0.025291244034698266,640,I am so much cooler than you...
2232,3766,5,45,246,296,1.1858108108108107,0.025047002403983696,640,"According to Dr. Daniel Kahneman, in this cartoon I represent the higher-order brain functions."
4467,3767,9,42,272,323,1.1857585139318885,0.025353393111716645,640,This country will figure it out eventually.
2725,3767,8,44,271,323,1.1857585139318885,0.024971281153555642,640,Destiny rides again.
2862,3769,13,41,307,361,1.185595567867036,0.024898238096966726,640,"'Yes, I know, I know how the song goes!  But my feet are tired!'"
2141,3770,11,42,292,345,1.1855072463768115,0.024992000107274644,640,Is that the new model?
4143,3770,9,46,290,345,1.1855072463768115,0.024308352292340886,640,Don't believe a word he tells you
4633,3770,10,44,291,345,1.1855072463768115,0.024652546121349924,640,Just getting ready for the L train shut down
3401,3773,7,42,253,302,1.185430463576159,0.025609099727718222,640,It's time to get off of your high horse
1747,3774,5,51,273,329,1.1854103343465046,0.023518835150487045,640,Jerry would like this invention.
3346,3775,8,42,263,313,1.1853035143769968,0.02545007259064447,640,Three can play at this game.
909,3776,11,41,288,340,1.1852941176470588,0.025222671473103555,640,‘Only Nixon can go to China”
925,3777,11,38,275,324,1.1851851851851851,0.0260264730040589,640,"He was mocking me, so I said ""I got your three blind mice right here, big boy""."
2215,3777,10,45,296,351,1.1851851851851851,0.02437045572896886,640,It is much easier than it looks.
2453,3777,7,46,271,324,1.1851851851851851,0.024513944279475414,640,"I'm going to retire soon and get out of this ""rat race"""
4203,3777,9,42,273,324,1.1851851851851851,0.025281522513173848,640,This is only cause my hawk is in da shop.
4749,3777,10,45,296,351,1.1851851851851851,0.02437045572896886,640,"First you get a saddle, blinders, and reines. Then get yourself a cat."
4790,3782,9,44,282,335,1.1850746268656716,0.02474742789754664,640,I'm taking him to Mouse Land. He'll be head of security and I'll be king.
3246,3783,12,33,263,308,1.1850649350649352,0.027296059468887985,640,"First Belled, then English, then Western, then Safety"
1234,3784,7,45,267,319,1.1849529780564263,0.024739683784828326,640,"Come ride with me to Cinderella's ball 
on a fur-lined, blind-folded cat stall,
there'll be
 crumbs to nibble,  stories to share, 
without step-relatives anywhere!"
4855,3785,12,42,303,357,1.184873949579832,0.024741498545743177,640,New York City is the best
3072,3786,13,35,282,330,1.1848484848484848,0.026409644163059104,640,She doesn't get it.  My name's Bell.
3662,3786,10,41,279,330,1.1848484848484848,0.02534177223021868,640,"He told me we were going for the ""big ride"""
4099,3786,11,39,280,330,1.1848484848484848,0.025702659683101328,640,"Once you get them trained, they can be quite accommodating."
1909,3789,9,45,287,341,1.18475073313783,0.024459078880768925,640,You guys want a ride on my pet cat?
506,3790,10,40,275,325,1.1846153846153846,0.02558398213178763,640,"Hey, Jerry. Is Cheesers a genius or an idiot, I can’t tell."
3252,3790,6,48,271,325,1.1846153846153846,0.02405341415294066,640,His safe word is “me-ouch.”
2170,3792,4,47,247,298,1.1845637583892616,0.024436106134945713,640,As long as he thinks I'm a fairy I'm OK.
1306,3793,11,40,285,336,1.1845238095238095,0.02538955971347753,640,This cat needs a hat.
2653,3793,10,42,284,336,1.1845238095238095,0.02503720114337564,640,He's terrified of roadkill.
4808,3795,7,43,259,309,1.1844660194174756,0.02520988200796137,640,"Schoolkids always get it wrong.  In the mice and feline wars, the mice and felines were on the same side."
1677,3796,5,54,288,347,1.1844380403458212,0.022760317702459804,640,"10 cents a ride,2 for 15...."
2146,3797,9,41,270,320,1.184375,0.025450847543333033,640,Hey Good Lookin'! We'll be back to pick you up later!
3310,3797,11,37,272,320,1.184375,0.02620936080205005,640,"Don't worry, the saddle is vegan leather."
1042,3799,11,39,281,331,1.1842900302114803,0.025630975091922917,640,She said something about sciencing the shit out of her toxoplasmosis diagnosis.
2115,3800,10,43,289,342,1.1842105263157894,0.024742458815812465,640,Great idea.The blinkers are working purrfectly
343,3800,9,38,257,304,1.1842105263157894,0.026294067811316955,640,This is my base.
4298,3802,16,28,283,327,1.18348623853211,0.027563555449434094,640,"What a coincidence, I had no idea my ex would be here."
484,3802,12,36,279,327,1.18348623853211,0.02616685102724202,640,"Next, I've got a pair for the The Farmers Wife."""
4892,3804,9,45,290,344,1.183139534883721,0.024263196465950605,640,"The first fleet is scaredy-cats, but them I'm expanding to copy cats."
4481,3804,8,47,289,344,1.183139534883721,0.023911344609409725,640,I think he seriously digs the Ray-Bans.
4084,3806,9,47,299,355,1.1830985915492958,0.023785631770888868,640,"After I got the blinders on him and convinced him I was a person, it wasn’t hard at all!"
4058,3807,9,38,259,306,1.1830065359477124,0.026135753612966488,640,It's just a matter of 'clicker'  training.
1680,3808,11,36,270,317,1.1829652996845426,0.026318979874155185,640,I'm working on a sequel to the 'Three Blind Mice' nursery rhyme.
3835,3808,13,32,272,317,1.1829652996845426,0.02706695438628065,640,"I was suppose to bell the cat, but look what a catnip enema does!"
4190,3808,11,36,270,317,1.1829652996845426,0.026318979874155185,640,"As long as the blinders work, cats are my new favorite predator."
87,3811,5,50,273,328,1.1829268292682926,0.02345875483112609,640,I think I’ve invented a better cat trap.
333,3811,7,46,275,328,1.1829268292682926,0.024240609091935834,640,See you at dinner time.
2263,3811,9,42,277,328,1.1829268292682926,0.024998021523096638,640,Hey Huey !  Take a snap shot ! !
2327,3811,9,42,277,328,1.1829268292682926,0.024998021523096638,640,"Hey, ma! Want anything from the market?"
2538,3815,8,46,285,339,1.182890855457227,0.024119980580653035,640,The odds looked great but that front paw got him scratched before the race.
3733,3816,7,50,293,350,1.1828571428571428,0.02329703598861083,640,"Oh, don't worry.  He's trained."
1357,3817,10,37,265,312,1.1826923076923077,0.02619604499400152,640,pardner help me out and punch that red button back there
2309,3817,11,35,266,312,1.1826923076923077,0.026586547919463223,640,Daenyris is my role model.
3158,3817,4,49,259,312,1.1826923076923077,0.023718394373371476,640,"It's the fastest way to go through the maze, Dr. Farah Fowler set up, and eat the cheese."
4266,3820,8,43,272,323,1.1826625386996905,0.024849393519640033,640,"It only has one cat power, but it’s turpurr charged."
3776,3820,7,45,271,323,1.1826625386996905,0.02445940920109499,640,Eat your heart out mice
3754,3820,8,43,272,323,1.1826625386996905,0.024849393519640033,640,Show Off! You couldn't do that if the cat wasn't wearing blinders.
2689,3820,10,39,274,323,1.1826625386996905,0.025611553602789567,640,The farmer’s wife invited me to tea - you are welcome to accompany if you’d like.
3534,3820,10,39,274,323,1.1826625386996905,0.025611553602789567,640,YOU JUST HAVE TO SHOW HIM WHO'S BOSS.
1813,3825,12,39,294,345,1.182608695652174,0.025221574911848434,640,First self walking cat
3201,3826,9,40,269,318,1.1823899371069182,0.025475145401550752,640,This is just payback for that “3 Blind Mice” song.
3093,3827,12,36,281,329,1.182370820668693,0.026019459925826677,640,"I could eat the entire cheese board, breed thousands of ruinous  
babies, chew off half the family bible and bring malady to all their homes; and they still wouldn't care."
1775,3827,7,46,276,329,1.182370820668693,0.024173212341317432,640,I’m just showing her who is the boss.
2138,3827,10,40,279,329,1.182370820668693,0.0252971353093268,640,Hop on Minnie we're going shopping!
4368,3830,11,33,258,302,1.1821192052980132,0.027145448183306053,640,We're heading off to the back forty to round up a few strays.
2476,3831,9,39,265,313,1.182108626198083,0.025723695905420403,640,"All I have to say is ""Git along little doggie""."
675,3832,10,39,275,324,1.1820987654320987,0.025538606732044587,640,Naked mouse Godiva riding her trusty feline Boots made all the rodents whisper down in the burrow.
4301,3833,10,47,311,368,1.1820652173913044,0.023534153979425244,640,"With these new virtual reality blinders, its an in-home Lyft."
2923,3834,8,40,260,308,1.1818181818181819,0.025568989674712446,640,"See, it's easy to train cats."
1671,3834,11,38,281,330,1.1818181818181819,0.02558892933861424,640,"It’s easy. When they’re napping put on the blinders and saddle.  Next, use a LOW voice."
3439,3834,8,42,269,319,1.1818181818181819,0.025010505364471164,640,"Yes, it took some time, but it was worth it."
1484,3834,9,42,279,330,1.1818181818181819,0.02485861449603564,640,It's got Oscar written all over it!
4238,3838,7,49,291,347,1.181556195965418,0.02336808783137579,640,"You’ll never doubt Bob Dylan again, I bet!"
842,3839,7,47,282,336,1.181547619047619,0.023831169087914987,640,"A ride around the central backyard is only seven dollars a minute, fellas!"
1610,3839,8,45,283,336,1.181547619047619,0.024201093393629674,640,You won't believe the M.P.G. I get on it.
2514,3841,8,43,274,325,1.1815384615384616,0.02470898632898161,640,Wanna place a bet?
2602,3841,7,45,273,325,1.1815384615384616,0.024321608768317824,640,If you're not impressed yet; wait for the piaffe.
4884,3843,7,43,264,314,1.1815286624203822,0.024842120934582466,640,"""Well, it looks like Squeaky won the bet with Dusty!"""
893,3844,8,46,288,342,1.1812865497076024,0.0239259219867094,640,"Yes, please do wait with lunch. I'm just taking her for a spin"
283,3845,6,48,277,331,1.1812688821752266,0.02365562595427422,640,Risky? Betting your Uber driver won't talk your ears off is what's risky.
3590,3845,6,48,277,331,1.1812688821752266,0.02365562595427422,640,Family reunion weekend at Disney World
3441,3845,5,50,276,331,1.1812688821752266,0.023265396003292627,640,...He's in denial about his fear of elephants.
1787,3848,13,32,275,320,1.18125,0.026830971991221832,640,''I  found  him in the old  abandoned  ally''.
1798,3849,7,40,251,298,1.1812080536912752,0.025646624783051866,640,This makes him think we're three blind mice.
2872,3850,11,43,305,359,1.181058495821727,0.02419414340923968,640,Welcome to Pestworld!
664,3851,13,35,289,337,1.1810089020771513,0.025900221475746173,640,You can read all about my new Harness Your Inner Mouse way of thinking in my book by the same title!  Coming to a mouse hole near you!!
715,3851,11,39,287,337,1.1810089020771513,0.02520904142388627,640,He's off to the Mazes!
656,3853,9,41,276,326,1.1809815950920246,0.025019498934683315,640,''Cat as catch can'
1298,3854,11,33,260,304,1.180921052631579,0.02697982661583958,640,I't's OK.  He's got blinders on!
771,3855,5,50,277,332,1.180722891566265,0.023201638781967408,640,The vaccine shot this guy got made it a little woozy: I'm making the most of it!
4848,3855,8,44,280,332,1.180722891566265,0.024349848111744902,640,It was a bet my life or his humiliation
1596,3857,5,46,259,310,1.1806451612903226,0.02415367142011118,640,"Hey, how the heck am I getting down?"
3390,3857,7,42,261,310,1.1806451612903226,0.025003156908464764,640,Not a cell phone in sight. Just people living in the moment.
3632,3859,7,43,266,316,1.1803797468354431,0.024697965421980207,640,Feeling sanguine about our supine equine feline!
2918,3860,7,50,298,355,1.180281690140845,0.02299697978568137,640,"He is one blind cat, so no squeaking."
1274,3861,8,37,249,294,1.1802721088435375,0.026269529989788227,640,"Yeah, tell Melania to meet me at the Russian Tea Room.  They sent this cool limo for me!"
2271,3862,10,38,274,322,1.1801242236024845,0.02556472994546991,640,"Hi -yo Fluffy, away!"
4537,3863,6,55,311,372,1.1801075268817205,0.02202221802363065,640,Two can play at the Taming of the Shrew
1687,3864,12,39,299,350,1.18,0.02488779568644375,640,Brainwashing works!
2487,3865,11,39,289,339,1.1799410029498525,0.025071436018939207,640,"We're practicing to be in ""Mousey's Thanksgiving Day Parade""!"
3651,3865,8,45,286,339,1.1799410029498525,0.02400442997362615,640,Look who’s the blind mice now.
1117,3867,10,39,279,328,1.1798780487804879,0.025250884630611863,640,(R)Evolutionary
3556,3867,9,41,278,328,1.1798780487804879,0.024878910731137124,640,Hey girl.
3603,3869,11,35,271,317,1.1798107255520505,0.026197851119923028,640,Repurposed earphones - Isn't technology wonderful?
3199,3870,7,41,258,306,1.1797385620915033,0.02516725985173895,640,I picked it up from 'Avatar'
4663,3871,9,44,292,345,1.1797101449275362,0.024087312216785225,640,"I'll tell yah,nine lives purr mile is the best in its felis catus."
3145,3871,14,34,297,345,1.1797101449275362,0.025777098465741725,640,The farmer's asleep in the dell.  Hop on and let's take the cheese!
586,3873,9,42,283,334,1.1796407185628743,0.024584361491154894,640,We're the favorite in the Catnip Stakes.
4592,3874,11,36,276,323,1.1795665634674923,0.02586598691465951,640,He thinks he is the cat's meowse!
2652,3875,10,45,307,362,1.1795580110497237,0.023688043578842348,640,You just need to put 100 mgs. of phenytoin in her catfood bowl
3456,3876,9,45,297,351,1.1794871794871795,0.023817975394884772,640,CBD Oil Cat Food. I sold out in Canada.
3960,3877,9,46,302,357,1.1792717086834734,0.023556859924113237,640,It's a sure thing. Ten to one on The Cat's Whiskers.
1128,3878,13,31,274,318,1.179245283018868,0.02687025831245605,640,This is the new Everymouse model M.
1532,3878,6,45,267,318,1.179245283018868,0.02414808811465053,640,I am a cat whisperer.  Always have been a cat whisperer and always will be a cat whisperer.
355,3880,7,44,273,324,1.1790123456790123,0.024264844316648878,640,"Three Blinders Mice"" seems so much more to the point"
3306,3880,7,44,273,324,1.1790123456790123,0.024264844316648878,640,And I thought I hated my boss....
1238,3882,9,45,298,352,1.1789772727272727,0.023755687410830555,640,Don't worry. I promise to bring the headphones back
3250,3882,7,49,296,352,1.1789772727272727,0.02306420716144522,640,"it's not to hard to manage, mostly, but you do get tiered of cleaning a litter box the size of a swimming pool."
2254,3884,8,40,265,313,1.1789137380191694,0.025192961931157175,640,Maybe in about a week - we only ditched the training wheels yesterday.
754,3885,10,41,290,341,1.1788856304985338,0.024586975754310486,640,"I found the blinders online."""
1602,3886,8,43,279,330,1.1787878787878787,0.024364732451858204,640,All of this '3 blind mice' talk has given me such a Gouda idea...
2904,3886,12,35,283,330,1.1787878787878787,0.025832641512605538,640,You should see his litter box!
322,3888,10,37,272,319,1.1786833855799372,0.02566422993798584,640,I was raised in a horse barn.
1093,3888,12,33,274,319,1.1786833855799372,0.026421281148593267,640,The farmers wife would soon meet the lesser known sighted brothers and pay for her careless carving”
2727,3888,12,33,274,319,1.1786833855799372,0.026421281148593267,640,I hope this cat is the new normal.
3677,3891,9,44,294,347,1.1786743515850144,0.023959444691734312,640,"After Florida,Kentucky will be next!"
4105,3892,10,35,263,308,1.1785714285714286,0.026254749122402637,640,"I've told him that I will take him to Felandia, where cats are great again.  It's ""The Art of the Ride."""
1756,3893,8,42,275,325,1.1784615384615384,0.02458568959092384,640,Shhh!  She thinks she is Grizabella!
4169,3893,13,32,280,325,1.1784615384615384,0.026446604589146962,640,The saddle protects my groin
424,3895,9,43,290,342,1.1783625730994152,0.024168333451653652,640,Check “me out”!
4610,3895,11,39,292,342,1.1783625730994152,0.02486779418593773,640,Shouldn’t she be sitting side saddle though?
4053,3897,5,46,263,314,1.178343949044586,0.023872967765019924,640,"I have a couple more if you're interested. 
I call them the Three Blind Cats."
724,3897,8,40,266,314,1.178343949044586,0.025119064644509328,640,Reboot!
1678,3897,3,50,261,314,1.178343949044586,0.023004768580436572,640,The blinders did the trick
2069,3900,9,46,304,359,1.1782729805013927,0.023436053534690787,640,We're after a falcon.
1770,3901,10,39,282,331,1.1782477341389728,0.025039268561926366,640,"Hey, cool dream!"
4489,3901,10,39,282,331,1.1782477341389728,0.025039268561926366,640,This new system is destined to disrupt the current bell method.
651,3903,8,41,271,320,1.178125,0.024812556507204122,640,"These felines had a good run, but they are done."
766,3903,8,41,271,320,1.178125,0.024812556507204122,640,Nah — the hardest part was sliding down that corkscrew tail.
3355,3905,10,40,287,337,1.1780415430267062,0.024742118333317267,640,"Yes, they finally translated “The Secret” into our language!"
3634,3906,10,43,301,354,1.1779661016949152,0.02396830671079298,640,Got a ticket to ride?
2491,3907,11,36,279,326,1.177914110429448,0.02564523301429801,640,"Stick around, next I'm going to do an extended trot."
3539,3907,11,36,279,326,1.177914110429448,0.02564523301429801,640,"Hi Ho , Silver"
318,3909,7,47,289,343,1.1778425655976676,0.023385337660901617,640,I've been smuggling him cat food.
4601,3910,8,40,267,315,1.1777777777777778,0.025045594747210066,640,Awwww look at the mousies!
4092,3911,13,33,286,332,1.177710843373494,0.026039880669775427,640,You can have a ride after dinner.
3196,3911,9,41,282,332,1.177710843373494,0.02460237056534608,640,I thought we were suppose to be the three blind animals
2438,3911,15,29,288,332,1.177710843373494,0.026729660664267935,640,Just practicing for cat dressage competition.  You?
1685,3914,5,52,292,349,1.177650429799427,0.02240843756064502,640,"Don't worry, Mom, the blinders don't hurt him."
3598,3914,7,48,294,349,1.177650429799427,0.023131642740986072,640,"I get one mile on one kitty snack."""
727,3914,6,50,293,349,1.177650429799427,0.022772911208340713,640,Invest in Bitcoin.
541,3917,7,43,271,321,1.1775700934579438,0.02434470312847784,640,Removing the blinders will get you a 2G- force ride.
2440,3917,9,39,273,321,1.1775700934579438,0.02513176039163524,640,Google tries to improve its hiring stats by diversifying cat videos
1900,3917,6,45,270,321,1.1775700934579438,0.02394147375224205,640,Tally- Ho!  Off to tame another cat.
4620,3920,9,34,250,293,1.1774744027303754,0.026651652278886665,640,I have the enemy under my control.
1060,3921,11,36,280,327,1.1773700305810397,0.025572475515108852,640,What are you going to do when the L shuts down?
1206,3921,10,38,279,327,1.1773700305810397,0.025202978591583255,640,"Quick, hand me a crop!"
1890,3923,12,37,295,344,1.177325581395349,0.025074155990877447,640,"What?  I think the market is hot for ""Uber Pussy""."
1812,3924,9,35,255,299,1.1772575250836121,0.026294534850878157,640,"What, you think it would be easier for the cat to ride the mouse?"
2524,3925,6,44,266,316,1.1772151898734178,0.024154571679139713,640,"Yeah, there's this guy, Skinner..."
1848,3926,5,49,279,333,1.177177177177177,0.02301227115647911,640,"you were right dear, I’m glad we spring for the blinders."
2706,3926,13,33,287,333,1.177177177177177,0.025967049506415277,640,"Hey you two, can you hear me?  Riding Miss Kitty is more fun and not as dangerous as running after the farmer's wife."
2739,3928,7,40,258,305,1.1770491803278689,0.025105331226218885,640,"You can't tell, but this cat is actually sleepwalking."
1526,3929,9,39,274,322,1.1770186335403727,0.025059658290532798,640,I got a job with the gnome he belongs to.  First I'm exercising him and after that I'm going to feed him.
2898,3929,6,45,271,322,1.1770186335403727,0.023873375573268806,640,Now I got her where I want her.
3956,3929,10,37,275,322,1.1770186335403727,0.025442797496152875,640,It's sensitivity training for cats who utter bad nursery rhymes.
516,3932,14,32,293,339,1.176991150442478,0.025987090178752722,640,He keeps betting the Giants.
963,3932,7,46,286,339,1.176991150442478,0.023519047940088852,640,Watch. She can count to four!
882,3934,11,33,267,311,1.1768488745980707,0.026415592901865376,640,"Never underestimate the motivational capabilities of Tony Robbins, gentlemen."
3027,3934,5,45,261,311,1.1768488745980707,0.023943999921017284,640,She's taking me for a ride!
2638,3936,8,42,278,328,1.1768292682926829,0.02437858675705087,640,It’s the only way he can save face with his family.
4786,3936,5,48,275,328,1.1768292682926829,0.023202899945681688,640,Snazzy eh guys...easy on gas...feed him some dinner...the view up here is great...what's not to like...
56,3936,9,40,279,328,1.1768292682926829,0.02475807883765694,640,I'm taking him on the meowtorway.
2314,3939,9,43,293,345,1.1768115942028985,0.02397449998277035,640,"See: no need to bell the cat."""
4474,3939,12,37,296,345,1.1768115942028985,0.025006654448647216,640,I have blind sighted this country. All you need to do is play dumb and enjoy the ride. - Donald Trump
4698,3939,9,43,293,345,1.1768115942028985,0.02397449998277035,640,"Simple psychology,mind over matter."
2150,3942,10,44,308,362,1.1767955801104972,0.023583852975855323,640,"Just like the a lot of individuals, has blinders on and does not know what' going on."
2306,3943,9,38,270,317,1.1766561514195584,0.025297663996951946,640,"Hey, if you can’t beat ‘em, conquer the entire species!"
450,3944,14,31,289,334,1.1766467065868262,0.02623954005631488,640,"It's the fountain of youth, guys. Now I got me 10 lifes."
3281,3945,9,44,298,351,1.1766381766381766,0.02370769510241457,640,Her parents could not afford horseback riding classes
480,3946,10,37,276,323,1.1764705882352942,0.025369825107495837,640,Who's up for some wine 'n cheese?
1712,3946,10,37,276,323,1.1764705882352942,0.025369825107495837,640,I switched her Catnip for Gummies.
2646,3946,8,41,274,323,1.1764705882352942,0.024600176957296282,640,It’s simply mind over matter.
4611,3946,10,37,276,323,1.1764705882352942,0.025369825107495837,640,Curiosity kills a cat so I took away it's curiosity.
492,3950,9,43,294,346,1.176300578034682,0.023910570435894278,640,The pioneers used to ride these baby's for miles.
2147,3951,7,41,264,312,1.1762820512820513,0.024722152773983656,640,He struck it rich selling ice to the Inuit's.
437,3951,8,39,265,312,1.1762820512820513,0.025135564340717516,640,"Remember what the dormouse said, ""Ride your cat."""
4516,3953,7,48,297,352,1.1761363636363635,0.02295077553724111,640,"The principle is the same, whether it be tiger or pussy cat."
1282,3954,11,38,292,341,1.1759530791788857,0.02482347810266656,640,She likes something called Mary Wanna.
1191,3955,9,39,276,324,1.1759259259259258,0.024916675385906674,640,"What? It's 2018,for rats sake!"
2966,3956,11,39,297,347,1.175792507204611,0.02453557509089713,640,"Well isn't that the cat's pajamas!""
""They're not John, its clearly a saddle."
3831,3956,10,41,296,347,1.175792507204611,0.024193726150362197,640,Off to Tuscan for some Sharp Cheddar Cheese and getting my nails done.
1475,3958,11,36,283,330,1.1757575757575758,0.025356636571138486,640,"No,it's not the blinkers either.  I'll give you guys one more guess."
3427,3958,10,38,282,330,1.1757575757575758,0.024990752753443785,640,"Man, I wish Ted would just get off his high cat...""

""Seriously.. he’s so cat-descending.."
83,3960,13,29,271,313,1.1757188498402555,0.027027338266857194,640,All I said was; 'do you want to play follow the leader'.
22,3961,11,40,302,353,1.1756373937677054,0.02425666765491728,640,The blind mice… Go talk to them.
164,3961,10,42,301,353,1.1756373937677054,0.02392258605390161,640,"He's the honorary Fourth Blind Mouse."""
4616,3963,6,44,269,319,1.1755485893416928,0.023946273523510805,640,This trick is called the unknown unknown.
3572,3964,7,46,289,342,1.1754385964912282,0.02332956337931153,640,"So much for ""night vision""!"
3801,3964,12,36,294,342,1.1754385964912282,0.02510011239175847,640,We're into BDSM.
4814,3964,8,44,290,342,1.1754385964912282,0.0236942598616465,640,"When will you start believing darlings, it’s not either-or, but and & both."
4381,3967,11,32,265,308,1.1753246753246753,0.026526030788012606,640,I'm glad you asked.  I just finished reading The Seven Pillars of Wisdom.
1222,3968,11,36,284,331,1.1752265861027191,0.025285490295106097,640,"It’s a tale of a tail , and  a cat who did not know that there is a mouse in the driver’s seat..."
281,3969,11,35,280,326,1.1748466257668713,0.025525850896779313,640,"Look, it's one of those new self-driving cars."
1931,3969,14,29,283,326,1.1748466257668713,0.026612018902799316,640,He promised dinner and flowers.
1941,3971,8,38,263,309,1.174757281553398,0.025226062935178033,640,Don't worry.  Cats have no sense of smell.
352,3971,8,38,263,309,1.174757281553398,0.025226062935178033,640,It's just a mental block.
1257,3973,6,46,280,332,1.1746987951807228,0.023340621362945718,640,"Pretty sure the nursery rhyme said Three ""Blinders"" Mice."
2553,3973,5,48,279,332,1.1746987951807228,0.022947438171678637,640,"Technically, he’s blindly prancing after the farmer’s wife."
4504,3975,5,41,246,292,1.1746575342465753,0.024759937108877285,640,I'm working my way up to bear back!
3183,3976,7,41,267,315,1.1746031746031746,0.024505384204040123,640,No rides get your own puddy cat
1567,3977,10,39,289,338,1.1745562130177514,0.024558894219915757,640,He thinks he's a race horse and I'm a jockey.
3087,3977,10,39,289,338,1.1745562130177514,0.024558894219915757,640,He mistook me for an alpha mouse!
317,3979,10,40,294,344,1.1744186046511629,0.024275885759462767,640,We trained with the cone.
3013,3979,9,42,293,344,1.1744186046511629,0.023924220524211788,640,"Heh heh ,It’s the blindered leading the blind!"
2244,3981,11,35,281,327,1.1743119266055047,0.025453287318298174,640,I'm a cat whisperer - do you want my hourly rate? You'll discover that cat whispering allows you to confront your deep-seated fears.
2686,3981,7,43,277,327,1.1743119266055047,0.02393374895363631,640,"oh, this? got him off the burned Disney lot."
4038,3981,9,39,279,327,1.1743119266055047,0.024705203645017035,640,Yo Nibbles - Either you have Catshare on your iphone
267,3984,15,28,290,333,1.1741741741741742,0.026544326494019596,640,Riding your pussy
3638,3984,11,36,286,333,1.1741741741741742,0.02514437811671746,640,"I read Donald Trump's ""Art of The Deal"" and took courses at Trump University"
2125,3984,9,40,284,333,1.1741741741741742,0.024414319400797038,640,I’ll be right back
3752,3987,7,41,268,316,1.1740506329113924,0.024433960724933427,640,It takes real skill to get him to land on just three feet.
1178,3988,12,35,292,339,1.1740412979351031,0.02519435603681781,640,"Why not?  After all, life is really just us and a cat."
579,3989,5,47,276,328,1.173780487804878,0.02307206067775744,640,It's a new take on three blind mice.
1304,3989,7,43,278,328,1.173780487804878,0.023866586158042827,640,You just manifest it.
3868,3989,10,37,281,328,1.173780487804878,0.02501109476254533,640,"""He says he takes his humility to the bank."""
2884,3989,6,45,277,328,1.173780487804878,0.0234726853891646,640,"See, I told you Porthos wasn’t a dog person."
3486,3993,5,43,257,305,1.1737704918032787,0.024086002242760144,640,"I'm not blind, and I'd rather ride than run."
4261,3994,5,48,281,334,1.1736526946107784,0.022821776915450696,640,"Yes, and when it's home, mice gonna roam."
966,3994,7,44,283,334,1.1736526946107784,0.023596559270346887,640,Three blind mice does not resonate with me. I refuse to be victimized.#three too
4518,3996,8,47,308,363,1.1735537190082646,0.02275924683749872,640,America is great.  Do I look like John Wayne?
4583,3997,7,45,288,340,1.173529411764706,0.023335024734663635,640,"He promised,which of you is next?"
4057,3998,7,41,269,317,1.1735015772870663,0.024362947706549714,640,This weed is the shiznittlebamsnipsnapsack!
3149,3999,11,38,297,346,1.1734104046242775,0.02449034422096834,640,"First I blindfolded him, then told him my name was cute little Meou Meou."
4476,3999,7,46,293,346,1.1734104046242775,0.023081560740059636,640,It's a question of mind over matter.
3940,4001,6,44,273,323,1.173374613003096,0.02367399963816874,640,"Save a horse, ride a cat boys"
4008,4002,7,43,279,329,1.1732522796352585,0.023799794957471844,640,"Just be sure to stay behind the blinders until the robo-cat kills the other mice.  Then, the kitchen will be ours!"
3972,4003,8,47,309,364,1.1730769230769231,0.022701642865465978,640,"She has a lovely gait and is blind as a bat, oops I mean cat"
4763,4003,8,38,266,312,1.1730769230769231,0.025001823281242758,640,"Hey, check out Bob’s new ride."
759,4005,5,45,268,318,1.1729559748427674,0.023461408442091023,640,When I realized I wanted more than play I finally found the courage to take the reins.
4816,4006,10,40,297,347,1.1729106628242074,0.024081356153718272,640,Afterparty when the clock strikes midnight
1292,4007,10,36,278,324,1.1728395061728396,0.02517397092632946,640,Mice! Fetch me the whip!
1009,4008,5,47,278,330,1.1727272727272726,0.02294407051269441,640,I wouldn't say it's evolution but more like prostitution
1207,4008,9,39,282,330,1.1727272727272726,0.024497256004696773,640,"No, I haven't heard that one, the scorpion & the what? Bon voyage!"
2050,4008,11,35,284,330,1.1727272727272726,0.02523802967336657,640,He’s what we call a real Trump-ian.
3156,4011,10,38,288,336,1.1726190476190477,0.024576746778505416,640,Just another day with my ”catravan”!
463,4012,8,47,310,365,1.1726027397260275,0.02264432650988783,640,The mice blinders come free.
4722,4013,9,36,268,313,1.1725239616613419,0.025335405924904686,640,Wish us luck  We're headed to Belmont Park for the Manhattan Handicat.
1230,4013,11,32,270,313,1.1725239616613419,0.026131262851947355,640,"But Georges, what if it's all a ruse?"
4838,4013,6,42,265,313,1.1725239616613419,0.024092377136615075,640,Already taught him to make cheese.
2876,4016,11,33,275,319,1.1724137931034482,0.02579873688418118,640,It's basketball season. I challenged him to a game of horse.
4448,4016,9,42,297,348,1.1724137931034482,0.02366988474312104,640,That's one blind cat!
4408,4018,10,41,303,354,1.1723163841807909,0.023750391263506913,640,"See, being blind can take you places!"
4296,4018,13,35,306,354,1.1723163841807909,0.024740567527988973,640,He’s also my dermatologist!
620,4018,9,43,302,354,1.1723163841807909,0.02341102773674321,640,"It feels much BETTER than side saddle, BELIEVE ME!"
4012,4018,8,45,301,354,1.1723163841807909,0.02306667193618217,640,A mouse divided against itself cannot stand.
3837,4022,5,46,274,325,1.1723076923076923,0.023133201398420383,640,I just tamed him
1987,4023,9,44,307,360,1.1722222222222223,0.02315995778395309,640,"Before we go to the ""Land of All Cheese"", he's taking me to the ""Small Intestine""."
11,4024,6,40,256,302,1.1721854304635762,0.024608071180689455,640,It took less generations than the iPhone.
2984,4025,10,38,289,337,1.172106824925816,0.02450906335933713,640,This cat doesn't nip.
77,4026,12,29,267,308,1.172077922077922,0.026793284486862683,640,Don't believe that fake news. Everything DT said on Access Hollywood is true.
142,4027,7,45,291,343,1.1720116618075802,0.023147125201390582,640,I'm the king of the world.
29,4027,13,33,297,343,1.1720116618075802,0.02526036347342777,640,I still can't believe they managed to discover a new breed of horse this late in the game!
438,4027,7,45,291,343,1.1720116618075802,0.023147125201390582,640,"I told you, I'm Ride or Die!"
4293,4027,9,41,293,343,1.1720116618075802,0.0238723324721834,640,I trained him for the three blind mice.
546,4031,6,42,266,314,1.1719745222929936,0.024021811606502307,640,I’ll let you ride if she doesn’t eat me first
2181,4031,11,32,271,314,1.1719745222929936,0.026053703461003115,640,Of course she's purring the jingle Three Blind Mice.
3189,4033,6,43,271,320,1.171875,0.023743270577729444,640,I trained her to obey my whiskers.
3719,4033,10,35,275,320,1.171875,0.02533994482400042,640,"Guys, guys don’t worry. He has eye blinders."
2817,4033,13,29,278,320,1.171875,0.026474331590249266,640,Does anyone have a carving knife?
670,4036,9,38,279,326,1.1717791411042944,0.024650529200881784,640,It’s not brain size but functionality.
1010,4037,12,33,287,332,1.1716867469879517,0.0254565303632764,640,You need blinders when riding pussy.
2877,4037,7,43,282,332,1.1716867469879517,0.02360162077717317,640,Taking Puss out for some exercise while I house sit for Mickie and Minnie.
4716,4039,9,40,289,338,1.1715976331360947,0.024079882100671048,640,"It's great, except e likes to sleep a lot!"
3607,4040,5,43,261,309,1.1715210355987056,0.02380003475201945,640,Awww... I'm just playing with 'im.
3016,4041,6,48,296,350,1.1714285714285715,0.022477402253585035,640,We're a shoo-in as long as he sleeps fewer than 20 hours.
4421,4041,4,40,236,280,1.1714285714285715,0.02472879743483961,640,"Well, so much for the Three Blind Mice myth."
3208,4043,5,45,271,321,1.1713395638629283,0.02326041202970106,640,Who moved our cheese?”
4082,4043,12,31,278,321,1.1713395638629283,0.026025748839993586,640,Its easy I just told him there's better food on the ground
219,4045,10,42,310,362,1.171270718232044,0.023371365277592464,640,They needed more forces at the border wall
2003,4046,10,36,281,327,1.1712538226299694,0.024959355326793362,640,And the butcher thought we were the blind ones!
776,4046,8,40,279,327,1.1712538226299694,0.024196005252170295,640,Technically we are supposed to be blind so the cat thinks he needs to be really focused.
226,4048,10,37,286,333,1.1711711711711712,0.024662276775601802,640,Kompromat!
3443,4048,7,43,283,333,1.1711711711711712,0.02353628596758418,640,This is what I call purr-fection!
3847,4050,8,42,289,339,1.1710914454277286,0.02364786058396694,640,"Three Blind Mice"" is a bit outdated don't you think:"
1636,4051,8,43,294,345,1.1710144927536232,0.02338662331433609,640,"Boys,It comes with unlimited warranty !"
3140,4052,7,39,264,310,1.1709677419354838,0.024593725584151824,640,The Germans call it Pawsprung Durch Technik
4796,4053,5,44,267,316,1.1708860759493671,0.0234574653643871,640,"He is a reformed mouser on Step Nine, and I just can’t tell him that my mother is still alive."
3092,4054,12,37,308,357,1.1708683473389356,0.02422386498384051,640,He's gradually getting into character for my Mousterpiece Theatre production of 'Three Blind Cats.''
4709,4054,7,47,303,357,1.1708683473389356,0.022541350361027914,640,We're auditioning for the Rose Bowl Parade.
2318,4056,8,39,275,322,1.170807453416149,0.02441347543396009,640,"Alas, the tables have turned... And if the farmer's wife ever nears our tails with a carving knife, we all shall see how we run!"
2076,4056,9,37,276,322,1.170807453416149,0.024806596976541275,640,"It's that new taxi service, CABUR"
1139,4056,10,35,277,322,1.170807453416149,0.025193584984049423,640,"Without it, she gets distracted by any food she sees"
1929,4056,7,41,274,322,1.170807453416149,0.024013919129800516,640,"The blinders were a great idea; otherwise, I would have been bucked off long ago!"
1122,4060,5,46,277,328,1.170731707317073,0.022939236068622366,640,"Side saddle, any one ?"
2196,4060,10,29,248,287,1.170731707317073,0.027179074799104207,640,"This is Donald Trumps cat, he threatened me with ""fire and fury"" so I just got on his back."
2953,4060,10,36,282,328,1.170731707317073,0.024888620466287134,640,Check out my improved mousetrap.
3709,4060,8,40,280,328,1.170731707317073,0.024127773991682828,640,"Hey Tom and Mighty, make sure you stay behind the blinders, he's only green broke..."
3946,4060,8,40,280,328,1.170731707317073,0.024127773991682828,640,Ssssshhhh...Don't reveal the truth. Pretend you see a Presidential figure in a limosene.
1247,4065,7,43,284,334,1.1706586826347305,0.023471307916638484,640,"You'll get your turn next, on the dog."
3737,4065,9,39,286,334,1.1706586826347305,0.024225325655975224,640,Make sure he doesn't see you.
2202,4067,16,26,298,340,1.1705882352941177,0.026362882659163544,640,W T F?
2804,4067,7,44,289,340,1.1705882352941177,0.023212774929889324,640,Capitalism 101
4460,4067,9,40,291,340,1.1705882352941177,0.0239486339295435,640,The ladies love a man with a pimped-out hide.
4815,4070,10,31,258,299,1.1705685618729098,0.026442578009980313,640,"When we play  cat and mouse games wearing blinders, it usually ends up cat-astrophic!!"
3381,4071,11,31,269,311,1.1704180064308682,0.026158034561304548,640,It's LYFT for mice!!
779,4072,10,41,307,358,1.170391061452514,0.02350420842091609,640,What you can't see won't feed you.
1657,4073,5,45,273,323,1.1702786377708978,0.023128292991107337,640,You should see how he rides his camel.
2897,4074,4,56,316,376,1.1702127659574468,0.020817747300944496,640,One cat with blinders: see how he trots!
4529,4074,8,40,281,329,1.1702127659574468,0.02405992259604938,640,Is that what its like to be the cool kid?
4005,4074,12,32,285,329,1.1702127659574468,0.02555414555946864,640,"This one pays by the hour in cold, hard cheese."
2967,4077,10,37,288,335,1.1701492537313434,0.024525434538278587,640,Nothing to see here. Meow along.
2779,4078,7,37,256,300,1.17,0.0250595722781689,640,The cats and the cat nots
205,4079,6,48,299,353,1.1699716713881019,0.022301882601897076,640,"He could be faster, but useful nonetheless."
2081,4080,13,27,272,312,1.169871794871795,0.0268584895601726,640,Don't be afraid. A cats brain is just the size of a mouse.
615,4081,6,44,280,330,1.1696969696969697,0.023211957439978108,640,"Trust me, bet Kitty to win in the eight race at Hialeah Park. She's a mudder, loves the slop"
950,4082,8,41,287,336,1.1696428571428572,0.023719958582828167,640,Ratatouille II: The Cats and the Curious
992,4083,12,34,296,342,1.1695906432748537,0.02487535470119301,640,"Well, it's time to round up the frogs."
3542,4084,12,35,301,348,1.1695402298850575,0.024586602662449095,640,"No, he's not blind - just a case of severe astigmatism."
2750,4085,7,46,301,354,1.1694915254237288,0.02260087057613607,640,Kitty and I are off…
1396,4086,8,36,263,307,1.1693811074918568,0.025101650322040387,640,We find they help with the pouncing.
2095,4087,9,36,274,319,1.1692789968652038,0.0248928490131894,640,Death takes lunch
4810,4087,8,38,273,319,1.1692789968652038,0.02449363656915493,640,Am I imagining a Cat'ostrophe or was that a Purr-fect ride?
1210,4089,8,39,278,325,1.1692307692307693,0.024204790185480846,640,Can you hear me now?
3112,4089,9,37,279,325,1.1692307692307693,0.024594007811860098,640,It's to keep him from getting in a tizzy over politics...
2640,4091,8,40,283,331,1.1691842900302114,0.023925346938192232,640,"If wishes were cats, mice could ride, Mickey!"
1755,4092,9,39,289,337,1.1691394658753709,0.02402527004622381,640,It's my new autonomous ride
1896,4092,8,41,288,337,1.1691394658753709,0.02365482507445858,640,"You can lead a cat to catnip, but if you can make him roll over and purr then you've really got something!"
1147,4094,5,48,290,343,1.1690962099125364,0.02227271169232,640,Thanks for your support. I can manage from here.
4192,4095,6,47,296,349,1.169054441260745,0.022415806160394357,640,Don’t knock it until you’ve tried it.
663,4095,7,45,297,349,1.169054441260745,0.02278016191369186,640,"rat on a cat, new kids show"
1864,4097,6,49,306,361,1.1689750692520775,0.021963574166057695,640,It's still 'playing' ... but it's 'horse and rider' instead.
3298,4098,8,35,259,302,1.1688741721854305,0.02534386887820743,640,"This is my final shakedown run, tomorrow we go self-driving"
4747,4099,7,38,263,308,1.1688311688311688,0.024599843139036424,640,"At  long  last, Tom  won't  be
chasing us around anymore!"
1801,4100,7,40,273,320,1.16875,0.024018242642288055,640,Broke him in the bright sun
3936,4100,4,46,270,320,1.16875,0.022761778273165296,640,That's just the live action role-playing game of cat and mouse.
1068,4102,8,39,279,326,1.1687116564417177,0.024136011270976983,640,"I didn’t like the idea of three blind mice, and took it from there."
4785,4103,7,42,283,332,1.1686746987951808,0.02347411118042534,640,Would you like to pet him? He doesn't bite.
3767,4104,5,47,286,338,1.168639053254438,0.022445828079741676,640,We’re filming a new sepisode of Squeaky Blinders.
540,4105,7,34,244,285,1.168421052631579,0.025809309426971513,640,This is what happens when you get toxoplasmosis.
3244,4106,6,40,263,309,1.168284789644013,0.024093969895137093,640,When he needs to eat I take off the blinders.
4734,4107,6,43,278,327,1.1681957186544343,0.023275040383823914,640,His herding instinct are unique.
2409,4107,3,49,275,327,1.1681957186544343,0.022032779729746325,640,Ya just hafta make friends.
2564,4107,3,49,275,327,1.1681957186544343,0.022032779729746325,640,"If you can’t lick ‘em, join ‘em!"
3939,4110,9,38,286,333,1.1681681681681682,0.02416943762631319,640,That’s what democracy looks like the 21st. Century.
2570,4111,8,41,290,339,1.168141592920354,0.023525614755221733,640,Grab'em by the bridle.
4856,4112,6,46,293,345,1.1681159420289855,0.02253134643064514,640,He is one cool cat
1041,4112,9,40,296,345,1.1681159420289855,0.023626630933502507,640,It worked for Man o' War. I call her Cat o' Peace.
4407,4112,10,38,297,345,1.1681159420289855,0.023980611509397926,640,Love is blind but what would our species know about that.
3258,4115,9,42,306,357,1.1680672268907564,0.023116753142510764,640,The hardest part was the bucking.
336,4116,12,23,245,280,1.167857142857143,0.02842303373081973,640,"Hey Gregory, want to make fun of my catnip-smelling dick now?"
221,4117,6,39,259,304,1.167763157894737,0.02431180599531751,640,"Hop on, Boys. We're running over to the farmer's house for some prime rib."
2039,4117,6,39,259,304,1.167763157894737,0.02431180599531751,640,It's the only spot he likes being touched.
785,4119,7,38,265,310,1.167741935483871,0.02445297110269912,640,Now that Hobson has changed his system I can choose any horse in the aisle and go like a pro.
2118,4119,4,44,262,310,1.167741935483871,0.02313678407366758,640,Now there is a new sheriff in town! Well as long as we keep the blinders on Fluffy.
751,4121,8,37,271,316,1.1677215189873418,0.02457408122575334,640,I've been watching the Disney channel.
752,4121,9,35,272,316,1.1677215189873418,0.024979549500454147,640,I'd like to add you to my LinkedIn network
2421,4123,4,47,277,328,1.1676829268292683,0.022391813077781993,640,Did I just hear a discouraging squeak..?
574,4124,10,36,288,334,1.1676646706586826,0.024472419260918005,640,With blinkers he doesn't know.
3088,4125,6,45,289,340,1.1676470588235295,0.022709895451999165,640,Not too shabby...
4560,4126,6,46,294,346,1.1676300578034682,0.022471386150051433,640,it took alot of cat treats to train him '
1834,4127,10,41,313,364,1.1675824175824177,0.023144271783242545,640,The odds are 2 to 1 that War Feline wins the Cat-tucky Derby.
1212,4128,5,37,239,281,1.1672597864768683,0.02499079394187562,640,Best damn show pouncer I've ever trained.
1146,4129,14,22,263,299,1.1672240802675586,0.02795644216233607,640,It’s like the Aesop fable where the mouse pulls the thorn out of the lion’s paw except in our case we’re fuckin.
2304,4130,9,36,278,323,1.1671826625386996,0.02460622642915885,640,Whiskers and Squeak? I'm your Taxidermy ride.
4144,4131,9,38,288,335,1.1671641791044776,0.02403538182924918,640,"All aboard, it's the Three Mousketeers!"
3905,4131,6,44,285,335,1.1671641791044776,0.022892695004835196,640,His doctor told him to try the 'Fat Cat No More' health regime. Humiliation is a big part.
1778,4131,7,42,286,335,1.1671641791044776,0.023279823516274164,640,They call him the Meowse Rider
1470,4134,8,43,302,353,1.1671388101983002,0.022896084877748107,640,"'I'm the captain now."""
531,4135,8,47,322,377,1.16710875331565,0.02197821311097424,640,"With those blinders on, he thinks I'm a horse-whisperer."
105,4136,10,32,270,312,1.1666666666666667,0.025548104364677745,640,"I've heard of three blind mice, but this is ridiculous."
387,4136,8,37,273,318,1.1666666666666667,0.024430636652536215,640,The cats are now politically correct.
549,4136,8,35,263,306,1.1666666666666667,0.02503613588973538,640,"So easy, even a blind man could..."
829,4136,8,40,288,336,1.1666666666666667,0.02359534083201417,640,It’s a whole new world!
862,4136,8,41,293,342,1.1666666666666667,0.023334399023135735,640,Let's see how this cat runs!
1105,4136,9,38,289,336,1.1666666666666667,0.023968905071556898,640,I hope traffic isn't too bad.
1838,4136,4,46,274,324,1.1666666666666667,0.022504230556082142,640,I much prefer the nursery rhyme reversed!
2164,4136,7,41,282,330,1.1666666666666667,0.023475598876133152,640,Brainwash your predators to become your ally.
2498,4136,9,36,279,324,1.1666666666666667,0.024535590150606277,640,I bought a wheel of cheddar by cashing in my rewards from my feline miles.
2822,4136,7,36,257,300,1.1666666666666667,0.024911586507612736,640,"The Rat on the Cat:

A car? A horse? A great big raft? No, it’s a rat that’s riding a cat. 
Plip-pawp goes the cat, whose carrying the rat. 
Goodbye goes the rat, to the ladies that sat. 
They giggle, they swoon, they think he’s all that."
3224,4136,6,41,271,318,1.1666666666666667,0.02360457221559098,640,"Don’t “rat” me out, guys!"
4282,4136,4,49,289,342,1.1666666666666667,0.02181505182398711,640,I need the cat's eyes on the road to drive safely.
119,4148,7,42,288,337,1.1661721068249258,0.02315205717259234,640,Cheesy!
4300,4149,9,37,285,331,1.1661631419939578,0.024179481464802588,640,"Hello boys, you'll be happy to know Kitty's almost got her confidence back."
4131,4150,6,42,277,325,1.166153846153846,0.0232717323418114,640,It's the blinders that make this the greatest cat and mouse game!
3076,4150,8,38,279,325,1.166153846153846,0.024074057216063142,640,You want a ride?
3731,4150,8,38,279,325,1.166153846153846,0.024074057216063142,640,"Simon says, “sit on the blind cat.”"
3209,4153,9,34,270,313,1.1661341853035143,0.02506668062500672,640,"This is the latest model, and with 4-wheel drive!
-Lincoln Barnard (age 9), Capitola, CA"
2512,4154,7,44,299,350,1.1657142857142857,0.022599861882105134,640,"Hey, everybody's got their thing."
198,4155,8,41,295,344,1.1656976744186047,0.02320862304673638,640,"Evidently, it’s a new breed that’s only interested in The Red Dot."
1045,4155,9,39,296,344,1.1656976744186047,0.023570967002668208,640,It is all in your attitude to control an animal bigger than you.
1114,4157,7,41,284,332,1.1656626506024097,0.023344731092437405,640,"No Fievel, there are cats in Colorado, but we’ve learned how to manage."
1600,4157,8,39,285,332,1.1656626506024097,0.023731332805883406,640,You never believed I could do this.
4574,4157,8,39,285,332,1.1656626506024097,0.023731332805883406,640,"Just got done with the midnight shift, see you tomorrow."
529,4160,7,39,274,320,1.165625,0.02388211377877427,640,"Even if he doesn't break a leg, I'm shooting him."
2873,4160,8,37,275,320,1.165625,0.024288841780359723,640,"Don't worry, you guys, he is getting an apology from Pete Davidson on SNL this week."
2997,4162,6,40,268,314,1.1656050955414012,0.0237395753736056,640,That's just a game - we play for keeps.
2668,4163,11,37,309,357,1.165266106442577,0.023677246364474522,640,Look what I traded my pizza for!
3091,4164,7,44,300,351,1.1652421652421652,0.022540327792919198,640,You are missing out on a great ride.
1945,4164,8,42,301,351,1.1652421652421652,0.02289861116513973,640,"Hey, which way is it to the farmer in the dell?"
3375,4164,12,34,305,351,1.1652421652421652,0.02427893033913,640,his mom said horseplay isn't allowed in their house
3602,4167,6,41,274,321,1.1651090342679127,0.02340080251302315,640,Would one of you mind helping me fill up?
926,4167,5,43,273,321,1.1651090342679127,0.022981017237474213,640,She’s vegetarian: The headphones were optional.
3557,4169,6,39,264,309,1.1650485436893203,0.023948163268484268,640,I told you speaking to him in Dalmatian would turn him into a pussy cat!
851,4170,7,36,260,303,1.165016501650165,0.02468280069166808,640,The fat cat rides again!
4351,4171,7,43,296,346,1.1647398843930636,0.022718381922689473,640,If the cheese will not come to Muhammad...
1789,4172,10,36,294,340,1.1647058823529413,0.02406979674382852,640,Play.
3283,4172,10,36,294,340,1.1647058823529413,0.02406979674382852,640,"Dig it.
Get hip.
Legit 
 Catnip !"
282,4174,10,35,289,334,1.1646706586826348,0.02434946228217969,640,Best thing is I get to eat the seeds out of his shit.
2350,4175,4,46,278,328,1.1646341463414633,0.022252374240388645,640,Got the news media under control now
658,4175,9,36,283,328,1.1646341463414633,0.024257020357768878,640,Where's your Mint Juleps? The race is about to start!
728,4175,10,34,284,328,1.1646341463414633,0.02463838493281964,640,Hey!  No animals were injured in the commercial.
96,4178,5,43,274,322,1.1645962732919255,0.02291527403742174,640,"How do you do, fellow mice? Conquer the day we must."
1535,4178,5,43,274,322,1.1645962732919255,0.02291527403742174,640,"We're running in the ""Catness"""
4536,4180,6,37,255,298,1.1644295302013423,0.024457818850951316,640,"I know is not ethical, but I didn't want his horse complex go to waist."
1241,4181,10,28,254,292,1.1643835616438356,0.026597079974990924,640,"When I was a little girl in Poland, we all had ponies. My sister had pony, my cousin had pony, ..So, what's wrong with that?"
3520,4182,10,39,310,359,1.1643454038997214,0.023221444200046588,640,It’s not the size that counts..
1017,4183,12,34,307,353,1.1643059490084986,0.024150226606088884,640,You can thank a GMO version of Toxoplasma gondii for this.
3391,4184,10,36,295,341,1.1642228739002933,0.02400396707293974,640,"Yee-haw"""
2009,4185,8,39,288,335,1.164179104477612,0.023533993769771947,640,"So, what was it they said about forty acres and a mule?"
3062,4185,6,43,286,335,1.164179104477612,0.022761798391751357,640,Next stop - The Kentucky Derby.
3710,4185,8,39,288,335,1.164179104477612,0.023533993769771947,640,Shall we breed him with the Siamese next door?
3965,4185,7,41,287,335,1.164179104477612,0.02315111583468926,640,"Sing along! One blinkered cat, one blinkered cat. See how she runs, see how she runs."
3324,4189,10,34,285,329,1.1641337386018238,0.024568478715091643,640,Top mouse
3880,4189,6,42,281,329,1.1641337386018238,0.02301033825104029,640,Just don't tell Snow White.
4040,4189,5,44,280,329,1.1641337386018238,0.02260402721730427,640,This new breed of cat is just... disappointing.
2480,4192,3,47,273,323,1.1640866873065014,0.021992241556054285,640,You know what they say: ‘If you can’t hunt with a dog hunt with a cat’.
181,4193,3,45,263,311,1.1639871382636655,0.02246057199522745,640,We're off to the Cat-tucky Derby.
1012,4194,8,44,314,366,1.1639344262295082,0.022254799520574138,640,I've never seen him so blind.
2724,4195,10,39,311,360,1.163888888888889,0.023161349789591144,640,I thot I saw a putty cat! I did. I did I did.
102,4196,7,41,288,336,1.1636904761904763,0.023087282204432343,640,Don’t be so mousy - it’s safe!”
745,4196,3,49,284,336,1.1636904761904763,0.021493008030183555,640,It takes a cat to catch a cat.
3271,4198,7,40,283,330,1.1636363636363636,0.023343851436035613,640,Off to the I Can Has Cheezburger audition
2569,4199,8,37,279,324,1.1635802469135803,0.024010089841310187,640,He's a good boy.
3075,4199,7,39,278,324,1.1635802469135803,0.023608758035194088,640,Named him Feral  after the roundup.
2048,4201,9,33,270,312,1.1634615384615385,0.025003804957882125,640,Hey fellas don’t worry he thinks he’s a show pony. Gets me where I want to go minus the traps’
906,4202,7,35,258,300,1.1633333333333333,0.024761215642094832,640,It's the swag she's after
4176,4203,5,46,292,343,1.163265306122449,0.022015695151655145,640,"Just a few kind words and some cheese, and the cat is silly putty in my hands."
2983,4203,4,48,291,343,1.163265306122449,0.02162501807453132,640,Remind you of a nursery rhyme?
958,4205,9,37,291,337,1.1632047477744807,0.023778580609295,640,"I like to think of it as ""blind as a cat."""
3761,4205,6,43,288,337,1.1632047477744807,0.022636968465775318,640,"Hey, guys one ounce of NY Cheddar for a ride."
588,4207,8,38,285,331,1.163141993957704,0.023668483861857232,640,"CATch you all later ladies, I gotta pounce!"
614,4208,8,37,280,325,1.1630769230769231,0.023941389948733804,640,"Turns out if you give a cat a cookie, they’ll submit to your every whim"
3034,4209,7,46,315,368,1.1630434782608696,0.021805667633023707,640,He's all visual.
3287,4210,8,35,270,313,1.1629392971246006,0.02451505904539566,640,"3 blind mice has been done again and again"""
110,4211,13,30,301,344,1.1627906976744187,0.024853581833473304,640,I'm off to the Breeders Cup Race.
1772,4212,9,37,292,338,1.1627218934911243,0.023713041944840696,640,I'm auditioning for a new reality show.  It's called  'Species Swap'
3722,4213,7,39,280,326,1.1625766871165644,0.023474391493634783,640,"RIP Cat-Back Mack, Mouse Legend"
1455,4213,6,41,279,326,1.1625766871165644,0.023068815039001316,640,"Yep, the blinders and nasal anesthetic work!"
1497,4215,11,37,315,363,1.162534435261708,0.023311667651186054,640,"One blind mouse with no sense at all, rides off into the kitchen!"
2262,4216,9,40,308,357,1.1624649859943978,0.022887750169685913,640,I've got to see how he runs!
1354,4217,8,35,271,314,1.1624203821656052,0.024442369830378414,640,"Making American Tail Great Again, boys!"
4690,4217,13,25,276,314,1.1624203821656052,0.026441964263280243,640,Tata.  I'm off to my LASIK appointment.
98,4219,6,45,300,351,1.1623931623931625,0.022052512483300563,640,The're really headphones so he keeps in step.
3513,4220,6,38,264,308,1.1623376623376624,0.023871615399396244,640,Howdy partner. Can ya'll point me towards the Calico Saloon?
3597,4220,10,30,268,308,1.1623376623376624,0.025582415241232056,640,Trust me I put blinders on him he has no idea ... We are safe !!!
2764,4222,6,37,259,302,1.1622516556291391,0.024157646362639743,640,She tells me “It will be fun!”
859,4223,5,45,289,339,1.1622418879056047,0.022122439195110234,640,"He usually behaves, but I get thrown every time he goes into Halloween Cat mode."
1939,4224,6,42,285,333,1.162162162162162,0.022754691781599123,640,Meow  meow ... this ain’t my stop.
2856,4224,9,36,288,333,1.162162162162162,0.023917506907787496,640,Don't you just love her gait
3735,4224,9,36,288,333,1.162162162162162,0.023917506907787496,640,Pussy's been good since I broke him.
4586,4224,5,44,284,333,1.162162162162162,0.02235364888646621,640,It's not what you think!
2731,4228,8,37,282,327,1.162079510703364,0.023805152721207538,640,"It's got a good engine, and it's safe as long as you're careful."
3365,4228,6,41,280,327,1.162079510703364,0.023003533378895054,640,"Ironically,sometimes,” what you can’t see is what you get”."
4739,4228,5,43,279,327,1.162079510703364,0.02259205997316095,640,"The thing is, cats just aren’t cut out for open concept floor plans."
3295,4231,1,54,291,346,1.1618497109826589,0.02024736367582589,640,Really. He’s a pushy cat.
3839,4232,7,36,266,309,1.161812297734628,0.02423749653571329,640,Sure the cats look good but they never fit in the underground car park.
565,4233,5,45,290,340,1.161764705882353,0.022062438248572357,640,Shhh! He’s got a 4.99 rating!
2903,4234,5,44,285,334,1.1616766467065869,0.02229190916778289,640,"Let the dogs bark, Sancho. It’s a sign that we are on track"
2671,4235,7,39,282,328,1.1615853658536586,0.023341531689353535,640,She agrees. Vote the party not the person
3119,4235,13,27,288,328,1.1615853658536586,0.025626333221289717,640,One blind cat...hi ho the Dario!
3152,4235,9,35,284,328,1.1615853658536586,0.024127184927509794,640,I haven’t forgotten my roots - peeing on old socks behind the dryer.
4103,4235,10,33,285,328,1.1615853658536586,0.024510569719752257,640,We're training for the Mouser Derby.
1863,4239,10,32,280,322,1.1614906832298137,0.024805991368910207,640,Remember when Tabby here went to Russia last year?
3142,4240,7,41,293,341,1.1612903225806452,0.02277327335080403,640,"Hay Fellows want to hitch a ride. Shh say nothing about mice,rats or names like Tom and Jerry.He thinks we're the Three Blind Ants. Ha ha ha"
154,4241,7,40,288,335,1.1611940298507464,0.02302052971860068,640,"Love is Blind  Frank Buckley Boston, MA"
1327,4241,4,46,285,335,1.1611940298507464,0.02182477247147337,640,"Great news, guys. If the trotting, cantering, and galloping are as easy as the walking, we're good to go."
3404,4241,5,44,286,335,1.1611940298507464,0.02223050588259401,640,Hickory Dickory sold his clock business.
4550,4241,6,42,287,335,1.1611940298507464,0.02262896573333638,640,"If it works for horses, why not for cats?"
4366,4245,7,39,283,329,1.1610942249240122,0.023275659005990074,640,He told me he’s a mousetrap detective
342,4246,8,40,300,348,1.160919540229885,0.02283895840503497,640,He thinks I'm his daddy.
1875,4246,8,40,300,348,1.160919540229885,0.02283895840503497,640,It only took 4 hours to break him!
3592,4248,10,35,297,342,1.1608187134502923,0.02381721616766342,640,Don't worry! Odysseus is inside.
4764,4249,7,40,289,336,1.1607142857142858,0.022956927270356017,640,"You can lead a cat to milk, I want to know if you can you make him turn it into cheddar cheese."
400,4250,5,43,282,330,1.1606060606060606,0.022402424980392355,640,Mouseketeer d'Artagnan has tamed another cat.
2130,4250,4,45,281,330,1.1606060606060606,0.021987436184900407,640,The king says only the greatest mouse is allowed to ride the cat!
2381,4252,8,32,259,299,1.160535117056856,0.02513555858037983,640,"Once you get the blinders on them,
cats can’t sniff us out."
3685,4253,9,34,281,324,1.1604938271604939,0.024272135801057457,640,No worries! Cat's got blinders to block all truth. He has no idea we're prey.
3970,4253,12,28,284,324,1.1604938271604939,0.025425763528659488,640,"No, guys!! He put them on all by himself!"
4628,4253,7,38,279,324,1.1604938271604939,0.023471571312932683,640,"you two can suit yourselves, she spooks easy but at least she’s not blind"
941,4256,5,46,298,349,1.160458452722063,0.021666545057199237,640,Get on up it's a free ride .
4139,4256,8,40,301,349,1.160458452722063,0.022778090519105752,640,"HE'S NOT COMPLETELY BLIND, BUT YOU KNOW WE HAVE THE GENES FOR IT"
616,4258,3,49,291,343,1.1603498542274053,0.021090898361720806,640,It’s the blinders.
4466,4259,3,43,260,306,1.1601307189542485,0.022477436040317267,640,Relax -- He only wants to graze outside on the grass.
1404,4260,6,41,284,331,1.1601208459214503,0.022746024431714782,640,It’s a trade off.
3227,4260,9,35,287,331,1.1601208459214503,0.023923034751964247,640,"Yeah, being blind ain't easy, still, we see more than this blinkered fool."
3328,4260,7,39,285,331,1.1601208459214503,0.02314501275753966,640,I’m playing chicken.
4853,4260,7,39,285,331,1.1601208459214503,0.02314501275753966,640,Think of it as a better built fake mouse trap.
791,4264,11,35,310,356,1.1601123595505618,0.023513504940520742,640,It's been in development since the catpocolypse of 2014.
377,4265,7,38,280,325,1.16,0.02340445002775358,640,He says he's ready for the herd
1267,4265,7,38,280,325,1.16,0.02340445002775358,640,I'm managing my Toxoplasmosis.
3228,4265,9,34,282,325,1.16,0.024202375622136472,640,"Do you like her? She’s a new breed of short hair, all the rage these days."
2748,4265,11,34,305,350,1.16,0.02377407649221555,640,My secret? The blockchain.
2416,4269,9,40,314,363,1.159779614325069,0.022535231227872075,640,hey guys he thinks hes a horse!
2973,4270,9,36,293,338,1.1597633136094674,0.023587291950419847,640,This mouse has taken control of his house.
1703,4271,6,38,269,313,1.159744408945687,0.02351791399201981,640,"Bye for now, I'm off to veterinary school."
3919,4271,5,40,268,313,1.159744408945687,0.023078393057297274,640,Cat-ch me if you can suckers!
2672,4273,8,30,250,288,1.1597222222222223,0.025713957862246114,640,Don’t judge us.It’s an S&M thing.
1665,4274,9,35,288,332,1.1596385542168675,0.02385574431537971,640,Who knew antifreeze had other uses?
3667,4274,5,43,284,332,1.1596385542168675,0.02227774200809486,640,It's his tiny eyes.  He needs guidance.
1757,4276,12,27,281,320,1.159375,0.025594781096101735,640,How's that placebo treating you?
505,4276,14,23,283,320,1.159375,0.02634915126404308,640,"What's poppin', fuckin' losers?"
3547,4276,8,35,277,320,1.159375,0.024015055973310863,640,"who's blind now""- former member of the three blind mic"
4419,4276,7,37,276,320,1.159375,0.02360361067532308,640,"Don't worry, he won't bite."
923,4280,9,40,315,364,1.1593406593406594,0.022477522477522476,640,Forget the bell . . . this one's a real pussy cat . . ..
1220,4281,7,40,292,339,1.1592920353982301,0.022768192411365427,640,"What? C'mon, it beats the heck out of dog-eat-dog."
1158,4282,8,34,272,314,1.1592356687898089,0.024300770086511176,640,"Like I've always said, if you can't win an election then move to Florida and steal one -- and grab a race cat."
162,4282,7,36,271,314,1.1592356687898089,0.02387839652410431,640,Git a long little kitties.
998,4284,8,41,309,358,1.1592178770949721,0.02236445522544291,640,CATch you guys later!
3339,4285,5,43,285,333,1.1591591591591592,0.02221591414052577,640,"My genetically modified Toxo, is working fabulously."
3941,4285,13,27,293,333,1.1591591591591592,0.025264003589861098,640,"I was going to call him 'Dumpy Donald' but that name was taken"""
3021,4287,6,37,265,308,1.1590909090909092,0.023720826807234495,640,You could be sitting in my seat if you hadn’t pigged out on that  3 pound block of cheddar!
4264,4287,7,42,303,352,1.1590909090909092,0.02223634502137402,640,"I think our problems are solved, but there's always gambling."""
3064,4289,7,34,261,302,1.1589403973509933,0.024456617183011026,640,"He must be on Kat Nip"" , said the two mice for he has the mouse on his back"
4781,4290,5,41,275,321,1.158878504672897,0.022692838449117552,640,His tail chasing obsession is now well controlled.
184,4291,8,38,294,340,1.1588235294117648,0.02308490417408627,640,You should see him trot!
1831,4292,7,43,309,359,1.158774373259053,0.021954898292865694,640,"Guys! I promise, this one is NOT going to be about the ""3 blind mice""!"
4449,4293,7,36,272,315,1.1587301587301588,0.02380783871636132,640,"Catillac Uber alles Uptown, yo?"
522,4294,7,39,288,334,1.158682634730539,0.02295174621122969,640,"Pssh, typical Catillac driver, cat calling any female he sees and the blinkers are just for decoration..."
2336,4295,9,31,269,309,1.1585760517799353,0.024946834036846756,640,"Pardon me gentlemen, but which way is Niger?"
3282,4295,6,37,266,309,1.1585760517799353,0.023649540716424812,640,"It's called 'ingenuity', babes. Look it up."
2386,4297,6,43,298,347,1.15850144092219,0.02203261289455549,640,You would be stupid not to!
4533,4297,6,43,298,347,1.15850144092219,0.02203261289455549,640,I'm going bungee jumping.
1870,4299,6,36,261,303,1.1584158415841583,0.02392899423884585,640,"I gave him my mini van for the practicality but he’s such a daredevil, Hank. Always trying to impress the girls."
3269,4300,3,45,274,322,1.1583850931677018,0.02175570937365352,640,It's perfect - I've learned to 'meow' & I steer her away from the mouse holes!
4511,4301,6,38,272,316,1.1582278481012658,0.023310633838209697,640,Fievel Mousekewitz has tamed the Cossocks!
3949,4302,5,43,287,335,1.1582089552238806,0.02209327179530623,640,"By luck, I got to him before the fleas did."
3732,4302,5,43,287,335,1.1582089552238806,0.02209327179530623,640,"I'm looking for the owner of that cat. He's tall, blonde, he smokes a cigar, and he's a mouse"
420,4304,10,36,308,354,1.1581920903954803,0.023179587586066877,640,She likes going to where they process the chicken.
4439,4305,7,35,268,310,1.1580645161290322,0.02401734912257033,640,Want to play Blind Cat's Bluff?
527,4306,8,36,285,329,1.1580547112462005,0.023536792574765084,640,"So...do you want to tell him Barnham & Bailey's is closed, or should I?"
3036,4307,5,38,261,304,1.1578947368421053,0.023396335906873053,640,"Sorry, can only stop on  Central Park South."
4181,4307,7,34,263,304,1.1578947368421053,0.024306664292706504,640,"See, like I said, it's easy.  You just channel your inner Victor Espinoza and then you, too, will become a cat-whisperer."
92,4309,8,40,307,355,1.1577464788732394,0.02241953281058825,640,Just cattin' around!
4525,4310,10,33,293,336,1.1577380952380953,0.02396394045243079,640,We used CRISPR to transfer the 'blind gene' to our cat friend
915,4311,7,36,274,317,1.1577287066246056,0.023667956197962775,640,Toxoplasma gondii infection as evidenced by risky behavior. Just ask Terry Gross!
4329,4312,4,47,298,349,1.157593123209169,0.021150810888337052,640,When Tom gives up
638,4313,4,44,282,330,1.1575757575757575,0.021844160845577026,640,"This is a foreign cat.From now on, it’s US mice first."
27,4314,12,24,269,305,1.157377049180328,0.02636397800140376,640,All I had to say was 'Don't mess with Squeaky Blinders'.
4094,4314,7,34,264,305,1.157377049180328,0.024232369670646688,640,It’s about turning the power dynamic on those viral videos.
4568,4314,7,34,264,305,1.157377049180328,0.024232369670646688,640,"What he can't ""see"" just ""doesn't exist"" ... for Him!"
1800,4317,5,46,305,356,1.1573033707865168,0.02127280270946826,640,This way I don’t need a GPS.
2883,4317,4,48,304,356,1.1573033707865168,0.020897532062529284,640,Feline break-in time is somewhere between a camel and a horse.
407,4319,7,36,275,318,1.1572327044025157,0.023598624398601747,640,Let's see Hannibal pull this off.
2027,4319,8,34,276,318,1.1572327044025157,0.024015310999232965,640,I see the lack of running has affected your waistline.
2556,4319,6,38,274,318,1.1572327044025157,0.02317444680294836,640,I don’t like her feline proclivities
3135,4319,3,44,271,318,1.1572327044025157,0.021852567766097623,640,I never said  our friendship was forever!
2855,4323,7,44,318,369,1.1571815718157181,0.02151944928563944,640,"Look guys, I am no sceardicat!"
1221,4324,7,41,302,350,1.1571428571428573,0.022228881004066347,640,'''Let's give donkeys and elefants a good example!'
2313,4324,11,33,306,350,1.1571428571428573,0.023656212644925796,640,"I'm not quite sure what mean by a 'better mouse trap' """
678,4326,5,39,268,312,1.1570512820512822,0.022994299510868763,640,They call him King Catnip!
247,4327,8,38,298,344,1.1569767441860466,0.022834598185192966,640,"It runs great, but what fuel grade did you say it needs?"
4916,4328,9,33,283,325,1.156923076923077,0.02406798756485202,640,"Go ahead and play while the cat’s away, but don’t count on us to go running after the farmer’s wife — you’d be blind fools to try that!"
2119,4328,9,33,283,325,1.156923076923077,0.02406798756485202,640,Oh these? They're called Squeaky Blinders...works wonders.
1709,4330,7,36,276,319,1.1567398119122256,0.02352969424684939,640,"Don't worry. This model comes with the ""three mouse"" blinders."
1721,4331,7,41,303,351,1.1566951566951567,0.022169981277746907,640,"'He believes, he can beat Justify in this years Derby'"
3263,4332,6,35,259,300,1.1566666666666667,0.023992907412283083,640,How’s he going to lead to the cheese with those on?
1577,4333,7,38,287,332,1.1566265060240963,0.02294504918222115,640,"The blinders help curb 'sudden fuel chase syndrome', but don't turn your back on this new model yet, there are still some bugs to work out"""
3832,4333,6,40,286,332,1.1566265060240963,0.022544968285831836,640,We ain't no 3 blind mice. Maybe they'll cut off his tail with a carving knife
2613,4335,10,29,274,313,1.156549520766773,0.0250601540332266,640,I told y'all I broke the pussy!
4909,4336,7,40,298,345,1.1565217391304348,0.022399802380185328,640,"Ever since he seen that ‘possum out back, he’s been real obedient.”

Greg Fukutomi, New York City"
3968,4337,11,29,286,326,1.156441717791411,0.024772961023141006,640,just be glad he cant see you
2489,4338,10,36,312,358,1.1564245810055866,0.022937123484756444,640,He's not a big fan of leaving the House.
323,4339,7,34,266,307,1.1563517915309447,0.02408512373283863,640,"He’s with Kitty’s crew now, the dirty RAT!"
1839,4340,4,42,274,320,1.15625,0.022173152840688933,640,Even mice like to ride the Puddycat!
4357,4340,8,34,278,320,1.15625,0.023875062572748674,640,"Watch and learn, kiddies....CATaracts, Blinders, early signs of Dimentia and a love of Old TV Westerns, will rock your world!!!"
1675,4342,4,44,285,333,1.1561561561561562,0.021662487360845202,640,I got the idea when I had that 'Three Blind Mice' earwig and ... Voila!
3446,4343,7,35,272,314,1.1560509554140128,0.02373206684576105,640,"Hey! You thought that The Mouse that Roared and
 the Mouse that ate the cookie were something. 
Well, check out the Mouse who trained a cat!"
3284,4344,5,41,281,327,1.1559633027522935,0.022307100213732996,640,It's all about having the right blinders.
4065,4345,9,37,307,353,1.1558073654390935,0.022771276996524,640,see aesop - I  Belled  the Cat !
4514,4346,9,32,280,321,1.1557632398753894,0.024211039536106482,640,"Look out, world!  Best cat meme ever!"
3432,4347,8,38,301,347,1.1556195965417868,0.022650374047901854,640,Shhh...he doesn't even know he lost this cat and mouse game
532,4348,8,33,274,315,1.1555555555555554,0.02408528341831984,640,"Doesn't the nursery rhyme say that ""the cat takes the mouse"" ?"
1673,4349,9,33,286,328,1.1554878048780488,0.023861821655094106,640,I'm trying the buggy tomorrow.
4577,4349,6,39,283,328,1.1554878048780488,0.022659338170338893,640,"Cheese and milk are both dairy, you know."
1965,4351,8,34,280,322,1.15527950310559,0.023736430457985694,640,"Onward with the caravan. ""We can sneak under the fence and join the rats on the other side."""
3118,4351,8,34,280,322,1.15527950310559,0.023736430457985694,640,I trained her myself'.  She's my friend Flea-ka.
530,4353,6,40,289,335,1.155223880597015,0.02235735374552219,640,"You guys know Pete? He got eaten up by one of these things here. Don't worry though, once you get the saddle on they're like putty in your hands."
1806,4353,6,40,289,335,1.155223880597015,0.02235735374552219,640,"If I keep his blinders on, he will never know who is driving him.

Cynthia Rudder"
537,4355,7,35,274,316,1.1550632911392404,0.023591931923869963,640,I just ordered a snake for next week!
2284,4356,6,39,284,329,1.155015197568389,0.022595302921193397,640,Blinders work every time!
4344,4357,5,34,245,284,1.1549295774647887,0.024229298555054807,640,"Come on, don't be a scaredy cat"
15,4358,10,32,294,336,1.1547619047619047,0.023836161360807493,640,Told you that story was bulls*$t!
4635,4358,9,34,293,336,1.1547619047619047,0.023460483521616966,640,Things have really been getting weird ever since toxoplasmosis got legalized.
3121,4360,7,35,275,317,1.1545741324921135,0.023522478335862473,640,"Blind Animal Department:
Pairing Like-minded Animals Nationally"
3392,4360,6,37,274,317,1.1545741324921135,0.023094183856432627,640,"Well, maybe Frank should have got one that wasn’t so hard on fuel."
3311,4362,7,37,286,330,1.1545454545454545,0.02293677045825807,640,"Cats only hear tonality. Meow!  and Yee-hah!  sound the same, so I'm sitting pretty."
1571,4363,5,36,257,298,1.1543624161073827,0.023505261792238823,640,"Yeah, Central Park's Stables have been converted... just for us!"
2217,4364,5,38,268,311,1.1543408360128617,0.02290753384930773,640,We're off to the Derby!
4390,4365,4,42,278,324,1.154320987654321,0.0219200191555197,640,Marchiavelli theory
3955,4365,5,40,279,324,1.154320987654321,0.02235169340344923,640,Free rides on my taxiplasma!
2926,4367,6,40,291,337,1.1543026706231454,0.022233987353867498,640,"I have no more patience for these hip, new startups."
2288,4367,5,42,290,337,1.1543026706231454,0.021833170685019505,640,Cat & mouse a new paridam
253,4367,7,38,292,337,1.1543026706231454,0.022627705255785096,640,Nope!
1717,4370,9,36,305,350,1.1542857142857144,0.02283052072230657,640,It doesn't HAVE to be away!
3850,4371,7,42,314,363,1.1542699724517906,0.0216091755350625,640,"Ha! Last time I heard that, I fell off my dinosaur."
1492,4372,4,39,262,305,1.1540983606557378,0.02269517425633125,640,Tom and Jerry ending. Ending 2 of 3.
4643,4373,6,37,275,318,1.1540880503144655,0.02302657716429715,640,Next week we race eagles!
3350,4374,4,43,284,331,1.1540785498489425,0.021638037118688853,640,You just get him to chomp at the bit.
3762,4374,5,41,285,331,1.1540785498489425,0.022057076833711765,640,"How'd ya do that? Easy, reverse psychology."
3855,4374,8,35,288,331,1.1540785498489425,0.023268962218882635,640,Narcissist!
2450,4377,6,38,281,325,1.1538461538461537,0.022709966248865683,640,"Thought this was easier than ""belling the cat!"""
3405,4377,6,38,281,325,1.1538461538461537,0.022709966248865683,640,I think she can take the Triple Meow this year!
895,4377,7,36,282,325,1.1538461538461537,0.023124357706784077,640,"Put your money on her to win the 1st race, the fix is in."
1190,4380,11,29,292,332,1.1536144578313252,0.024351536513460427,640,"Amazing what a bit of catatonia and hypnosis can do,eh?"
4125,4380,3,45,284,332,1.1536144578313252,0.021151828167875295,640,Yippee-kye-aye!
1953,4382,7,35,277,319,1.1536050156739812,0.023384781252831256,640,He's pure scaredy-cat.
1237,4383,13,26,300,339,1.1533923303834808,0.024720885006152497,640,Recommended by Trump!
3241,4383,5,42,292,339,1.1533923303834808,0.021713686167314842,640,"Totally blind, is what I heard."
3245,4383,7,38,294,339,1.1533923303834808,0.02250319230912214,640,I’ll give you a ride when my side-cat is ready to go.
4118,4386,3,44,279,326,1.1533742331288344,0.021358153601876335,640,She is purr-fectly tame
5,4387,14,27,318,359,1.1532033426183843,0.024088205428743917,640,"drink it up, motherfuckers. i'm on the way to bone my girlfriend....... aka your wife!!!!"
3537,4388,6,41,299,346,1.153179190751445,0.021829205751916762,640,"It’s a cat . . . Fangs, claws, and ears you can’t see around."
488,4389,9,33,291,333,1.1531531531531531,0.02352589696422321,640,"I told you fellas my numbers would hit this time! 
His name is Jackpot and yes, he's a thoroughbred."
432,4389,4,43,286,333,1.1531531531531531,0.0215178049598567,640,The farmer's wife joined the rat race.
67,4391,5,39,276,320,1.153125,0.022460535531192535,640,It comes with an autonomous upgrade.
699,4392,5,37,265,307,1.1530944625407167,0.02302526588822413,640,We really need to think before we speak and remember we did go through that whole blind thing without too much incident
1216,4393,2,41,251,294,1.153061224489796,0.02211040619706363,640,Dogs  Mostly
4721,4394,7,35,279,321,1.1526479750778815,0.023248674555472856,640,It's like poor people; the big shot doesn't know we're here!
3962,4395,4,46,304,354,1.152542372881356,0.02074204632120162,640,Ride and conquer!
1409,4395,8,38,308,354,1.152542372881356,0.022231777875538795,640,If it weren’t for the blinders he’d never get away with riding Whiskers!
1858,4395,8,38,308,354,1.152542372881356,0.022231777875538795,640,Go tell Mother Hubbard! The mouse is not blind this time!
2752,4398,4,44,293,341,1.152492668621701,0.021192331104290432,640,See? All you have to do is smile.
4615,4399,10,33,305,348,1.1522988505747127,0.023187941257437186,640,"...my name is Mickey, M,I,C,K,E,Y... the K is silent..."
112,4400,6,37,279,322,1.1521739130434783,0.02276003041198959,640,Move over pizza rat.
1980,4401,11,32,312,355,1.152112676056338,0.02322490388620064,640,Fuck Yous
3155,4401,8,38,309,355,1.152112676056338,0.02217322865201641,640,He couldn’t see eye to eye with his guide dog.
1580,4403,6,35,268,309,1.1521035598705502,0.02334127234771665,640,I'm playing him Pet Sounds on repeat!
4804,4403,6,35,268,309,1.1521035598705502,0.02334127234771665,640,"Never, ever, feed them so well they break their saddle cinch"
3794,4405,8,34,287,329,1.1519756838905775,0.023263554548878355,640,I wonder how many miles to the gallon he gets
3303,4406,7,39,303,349,1.151862464183381,0.022031512784267824,640,That asshole... He’s got the new one!
4915,4407,2,47,287,336,1.1517857142857142,0.020490374378641076,640,The blind spots on this ride actually prevent accidents
4015,4407,7,37,292,336,1.1517857142857142,0.02255431109408632,640,Trust goes both ways...g'day !
2974,4409,3,41,266,310,1.1516129032258065,0.0218838704260696,640,Just elected to Congress to help keep this beast under control.
3000,4410,9,34,300,343,1.151603498542274,0.023011439558065776,640,"Sorrrry, we don’t “DO DRESSAGE”"
4423,4410,9,34,300,343,1.151603498542274,0.023011439558065776,640,"When in Kathmandu, you cat-do!"
1904,4412,9,32,289,330,1.1515151515151516,0.023591235617047443,640,He developed a new cat food and
2695,4412,7,36,287,330,1.1515151515151516,0.022797013135605476,640,"Marvin thinks he's such an intellectual because he trained a cat. Little does he know, the elephants are after him."
3927,4412,8,34,288,330,1.1515151515151516,0.023197523637707718,640,It's all in the bit.
3848,4415,10,36,324,370,1.1513513513513514,0.022239042175466597,640,"Bell the cat, hell no, I going to race ole Tiger !"
913,4416,10,34,313,357,1.1512605042016806,0.022759315479744014,640,"Zira: What will he find out there, doctor?
Zaius: His destiny."
1943,4417,10,29,285,324,1.1512345679012346,0.02425937426513474,640,"It's fine until you try to ride outside,,,inside,,outside,,,,inside."
4046,4417,10,29,285,324,1.1512345679012346,0.02425937426513474,640,.......... Tony Robbins
3495,4419,3,46,295,344,1.1511627906976745,0.020614075823905082,640,I'm told he has the beginning of cataracts.
789,4420,9,37,318,364,1.151098901098901,0.022126519037745183,640,This is a Crisper trial reject.  Love it!
4327,4421,12,26,293,331,1.151057401812689,0.024664206431795867,640,This city is riddled with mice. Time to do something about it.
498,4422,5,35,258,298,1.151006711409396,0.023337714703986125,640,Look who's running now!
3028,4423,8,40,323,371,1.150943396226415,0.02151593827828691,640,Turn-about is fair play.
1427,4424,8,35,295,338,1.150887573964497,0.02281767445077577,640,Well we got the 'See' part out of the way!
2607,4425,7,38,300,345,1.1507246376811595,0.022137679090839288,640,This blind kitty says size. Doesn’t matter
4488,4425,8,36,301,345,1.1507246376811595,0.022515081048615253,640,"I say, 'if you can't beat 'em, join 'em'."""
2630,4427,4,46,309,359,1.15041782729805,0.020474567074887647,640,No need to bow down.
1471,4428,10,29,287,326,1.1503067484662577,0.02411921181792272,640,I told you things could only look up from here.
637,4429,8,37,308,353,1.1501416430594902,0.02216447487199866,640,Let's see how fast blinded cats can run!
3452,4430,7,34,279,320,1.15,0.023169675349459972,640,Hurry!  We need to move with the cheese!
514,4430,8,38,314,360,1.15,0.021885015061597814,640,It doesn't even have air conditioning!
3511,4432,8,36,303,347,1.1498559077809798,0.022393526157972195,640,"Hop on, cats!"
1163,4433,7,35,285,327,1.1498470948012232,0.022849628384189278,640,Hey guys...what do you think of my new ride?
1303,4433,3,43,281,327,1.1498470948012232,0.021143793911296928,640,It's a non-partisan agenda
1891,4435,2,46,286,334,1.1497005988023952,0.02045036306826843,640,"I came, I saw, I conquered the cat!"
4289,4436,7,37,297,341,1.1495601173020529,0.022245132123794312,640,Farewsell ! I am done with antispecism !
113,4437,7,34,280,321,1.1495327102803738,0.023102109346448806,640,Need a lift? There should be room for a couple more in his belly.
425,4437,13,22,286,321,1.1495327102803738,0.025505487373540216,640,"They were tested on live Republican ,.......!"
3746,4439,6,33,262,301,1.149501661129568,0.023595057680484654,640,I have a turkey outfit I’ll be wearing in the parade.
3159,4440,5,42,301,348,1.1494252873563218,0.02119166024851529,640,The only hard part was getting the eye shades to stay in place.
2144,4441,7,32,269,308,1.1493506493506493,0.02370417425984617,640,Keep your blinders on!!
902,4442,11,33,325,369,1.1490514905149052,0.022509402618451354,640,...and I thought a rat's arse was bad
3663,4443,9,34,306,349,1.148997134670487,0.022639917433300787,640,"Now it will read,'Two blind mice and one blind cat, they all went after the ...'"
4735,4444,5,39,285,329,1.148936170212766,0.02188866814751549,640,He is one blind cat.
3212,4445,5,37,274,316,1.1487341772151898,0.02241441510119711,640,"Help me out with the first two verses: 'One blindered cat""' just doesn't do it."
4673,4446,7,34,282,323,1.1486068111455108,0.022968144296273314,640,"Hi yo, Boots! Away!"
2214,4447,8,33,289,330,1.1484848484848484,0.023058136300795094,640,"This game’s kind of cheesy, no?"
2591,4448,8,30,272,310,1.1483870967741936,0.02399981590483103,640,"How's it looking from down there Bob? I heard about what you said about me at Rolph's place, so how does it feel not having a cat to ride? jerk."
2128,4449,9,33,302,344,1.1482558139534884,0.022818948252543582,640,Only the greatest mouse is allowed to ride the cat!
999,4450,5,42,304,351,1.1481481481481481,0.021023137107105253,640,It's called Reverse Toxoplasmosis
2425,4450,8,28,261,297,1.1481481481481481,0.02466480205078305,640,"Oh, I'm sorry...I thought you were poop."
2943,4452,6,37,288,331,1.148036253776435,0.022182117953591086,640,Just like riding political leaders. It takes one to know one.
4157,4452,9,31,291,331,1.148036253776435,0.023387524905439463,640,"It's rated-G, without all that carving knife gore."
1412,4454,7,36,295,338,1.1479289940828403,0.022291974386857618,640,The dummy thinks I'm a Moose
1313,4455,7,37,301,345,1.1478260869565218,0.022003781725480582,640,We shall prevail !?
2875,4455,3,45,297,345,1.1478260869565218,0.02041465781823615,640,"Hey, how are you, mice ?"
758,4455,10,31,304,345,1.1478260869565218,0.023124068143663332,640,Did you guys figure out whether lunch was feta cheese or crack cocaine
3223,4458,4,39,275,318,1.1477987421383649,0.021833287660075036,640,"The wombat has escaped, Mr. Prime Minister."
3853,4459,6,32,260,298,1.1476510067114094,0.023649990091494686,640,Three blind mice?!!  I think not!!!
395,4460,7,35,290,332,1.1475903614457832,0.022527332934965554,640,If you don't let me name him Secretaricat then can't be friends.
1115,4461,6,42,318,366,1.1475409836065573,0.02084249656442328,640,Just purrusing the neighborhood for cats.
4544,4462,8,34,297,339,1.1474926253687316,0.022619583005678574,640,"See, I told you.  As the new female Speaker of the House, look how they respect me!  I'm being given a Trump & GOP provided limo to the White House to cut a deal for us."
2129,4462,5,40,294,339,1.1474926253687316,0.021430849018593316,640,"Rumour from the sewer has it that, he woke up like this."
2198,4464,2,42,268,312,1.1474358974358974,0.021104476476402546,640,The hardest part was sewing the reins.
3739,4465,10,31,305,346,1.1473988439306357,0.023061096731379235,640,Hi fatties
2348,4466,5,32,248,285,1.1473684210526316,0.02379036146610191,640,The family had him Spotified.
642,4467,5,37,277,319,1.1473354231974922,0.02221787898746727,640,"I worked on the set of Robert Redford’s move; ‘The Horse Whisperer’ and well, a cat and horse are really no different!"
1246,4468,6,38,296,340,1.1470588235294117,0.021774294308226975,640,I wish I could get my cat to Piaffe like that.
4389,4468,7,36,297,340,1.1470588235294117,0.022169167016243024,640,Stay away from him.  He uses hypnotism.
1480,4470,6,35,279,320,1.146875,0.022591002618181224,640,I have to guide my new horse to the carrots while we wait for his eyedrops to wear off.
2369,4470,8,31,281,320,1.146875,0.02344223437031392,640,"Boys, all you have to do is take the 'fe' out of feline, and it'll stay in line."
2720,4472,5,39,290,334,1.1467065868263473,0.021583268737500456,640,Her bio was just the lyrics to ‘Cats in the Cradle’ that’s how
3705,4473,6,32,262,300,1.1466666666666667,0.02350233430059893,640,It’s all about the catmmunication.
2372,4474,9,32,300,341,1.1466275659824048,0.022875227201066866,640,You guys have always been the butt of his jokes
358,4475,5,35,267,307,1.1465798045602607,0.022699187696561172,640,Even a blind mouse can tame a cat
683,4476,10,31,307,348,1.146551724137931,0.022936171341062798,640,If I remove the shades he will fall down and that could be CATastrophic!
2477,4477,9,29,283,321,1.146417445482866,0.023786428870805076,640,Who's leading who in the Democratic party
1618,4478,5,38,285,328,1.146341463414634,0.02180069889028869,640,If it weren't for the Toxoplasma gondii I never would have tried.
3891,4478,6,36,286,328,1.146341463414634,0.022224253588492345,640,"Hey, you just need the right Cat-a-tonic and you can ride, too!"
1334,4480,6,38,298,342,1.1461988304093567,0.021655287373872022,640,Are you going to the rodeo tomorrow night?
980,4480,7,36,299,342,1.1461988304093567,0.022047695892471388,640,His name is Nine 'O Lives.
3018,4482,7,37,305,349,1.146131805157593,0.021767575397289924,640,Don't worry he can't see you with these blinders on
3885,4483,8,36,312,356,1.146067415730337,0.021862279948685493,640,Whaddaya think it was
2810,4484,6,34,275,315,1.146031746031746,0.022770085504421677,640,I can see clearly now
3967,4485,3,41,278,322,1.1459627329192548,0.02112794091978365,640,Riding off to the Wild Wild Pest
685,4486,6,36,287,329,1.1458966565349544,0.022161064122705253,640,"Left leg on the left, right leg on the right, and your mind in the middle. Oh yeah, opium, cat opium."
421,4487,7,31,271,309,1.145631067961165,0.0234749177675386,640,90% inspiration 10% peeeeerspiration
3019,4488,6,34,276,316,1.1455696202531647,0.022702617809813683,640,"It’s a new video series. Cat and Mouse, Western Style."
730,4488,5,36,275,316,1.1455696202531647,0.022255705566500316,640,"How do you say ""giddyup"" in cat talk?"
1233,4488,2,42,272,316,1.1455696202531647,0.020857592257871094,640,Mickey likes playing a virtual cat.
280,4491,9,29,285,323,1.1455108359133126,0.023647579861509827,640,I am a politician you sillies
3786,4491,8,31,284,323,1.1455108359133126,0.023237434743946406,640,Cat'ch me if you can....
4930,4493,7,35,295,337,1.1454005934718101,0.02221394132688003,640,Three words: Mueller's been fired
3210,4494,7,36,301,344,1.1453488372093024,0.021927539505721072,640,Buy your own equipment on Amazon and get your cats at local rescue. We'll rewrite history.
1646,4495,7,37,307,351,1.1452991452991452,0.021651350572227463,640,I'm a mouse.
1830,4496,2,42,273,317,1.1451104100946372,0.020796761820933075,640,I call the shots here!
4581,4497,8,31,285,324,1.1450617283950617,0.02316995621933339,640,"Evolutionary reversal, kids... I am enabling him in his denial of his phylogenetic tree...."""
2387,4498,5,39,294,338,1.1449704142011834,0.021344968762360344,640,"No worries, she doesnt have eyes behind her head"
2616,4499,12,27,313,352,1.1448863636363635,0.023392849825013842,640,He thinks I'm Britney Spears.
517,4500,4,35,258,297,1.1447811447811447,0.02256788496665903,640,I can’t wait to hear him screech when the farmer’s wife cuts off HIS tail!
1371,4501,5,34,265,304,1.144736842105263,0.022739943592788078,640,"""...basically, the entire procedure is foolproof."
606,4501,5,34,265,304,1.144736842105263,0.022739943592788078,640,Never give up on a cat because a cat would never give up on you.
793,4503,8,31,286,325,1.1446153846153846,0.023102866075920284,640,He's qualifrd for the CAT-tucky Derby.
2500,4504,3,43,293,339,1.1445427728613569,0.020449770670373603,640,I just put blinders on him and told  him to follow the smell of cheese.
2122,4504,6,37,296,339,1.1445427728613569,0.02169233427190152,640,He is the first of three.
4162,4504,11,27,301,339,1.1445427728613569,0.023618448488113016,640,I have some personal favors so this is what I wanted
738,4507,8,34,304,346,1.1445086705202312,0.022189479765517064,640,Dood I told you anything is possible!
1097,4508,8,36,316,360,1.1444444444444444,0.021634124710101253,640,Did
4434,4509,8,29,275,312,1.1442307692307692,0.023701676560282287,640,I told you...Brains before Braun. Clearly brains ALWAYS  wins!
905,4510,11,25,290,326,1.1441717791411044,0.024234174205802213,640,It's my new seeing-eye guide cat.
1810,4511,6,38,303,347,1.144092219020173,0.021363343355257282,640,"The nursery rhyme gave me the idea. Three mice, with a pair of blinders."
1320,4512,7,39,322,368,1.1440217391304348,0.02096597451413557,640,We're training for the Run for The Cheese second Saturday in May.
3268,4513,4,35,260,299,1.1438127090301002,0.022427097897748886,640,They also play nonstop muzak cowboy songs.
2857,4513,7,29,263,299,1.1438127090301002,0.023881232713736787,640,"And my next stunt is riding on the back of a horse while we are all at least partially blind, if not completely blind."
1366,4515,5,36,279,320,1.14375,0.02199572040877362,640,"You guys ""unleaded"" or...?"
2936,4516,4,39,284,327,1.143730886850153,0.02127364442919224,640,"The clock may have struck midnight, but that doesn't mean our power-dynamics need to turn back as well."
3921,4517,5,39,297,341,1.1436950146627567,0.021169641875066095,640,Lucky we all had LASIK!
2152,4518,4,44,314,362,1.143646408839779,0.020049216837380864,640,One cat with blinders - See how we ride!
470,4519,5,35,274,314,1.143312101910828,0.022226030066275836,640,Thanks guys for the leg-up!
3756,4520,8,30,283,321,1.1433021806853583,0.023225181811472418,640,"Sorry, you're up next"
4618,4521,6,38,306,350,1.1428571428571428,0.021191898075957012,640,"It takes a lot of Purina Friskies and, when under the reigns, full visual briefing daily."
4211,4521,8,29,278,315,1.1428571428571428,0.023488893593500215,640,They love to see me do it -- something about 'hits.
4047,4521,7,36,307,350,1.1428571428571428,0.021574750417189117,640,"Fame, baby!"
860,4521,7,32,283,322,1.1428571428571428,0.022735595245275974,640,"Shoot your shot, right?"
2316,4521,5,42,317,364,1.1428571428571428,0.02032257135584471,640,"See, I  told you they could be tamed!""


Jill R Davis, St. Paul, M"
2183,4521,9,27,279,315,1.1428571428571428,0.0239154453153769,640,"""Jæja, ég fann að hann gæti verið þjálfaður!"""
3563,4521,7,31,277,315,1.1428571428571428,0.023054451194091954,640,You know that Dave has got it figured out.
4924,4528,10,31,317,358,1.1424581005586592,0.022331203874288448,640,He's equfeline.
4587,4529,6,36,295,337,1.142433234421365,0.021668107788083306,640,"I added the blinders after what the press called the ""Great Flashlight Incident of 2017."""
4543,4530,3,41,286,330,1.1424242424242423,0.02065208952504761,640,We can call ourselves the Three Blinders Mice.
4824,4530,6,35,289,330,1.1424242424242423,0.021949320873359622,640,I still don't understand why Jerry doesn't move next door to the house without a cat?
4765,4532,3,40,280,323,1.1424148606811146,0.020904152722113552,640,It’s our new circus act.
2828,4533,5,38,295,338,1.1420118343195267,0.021197829801110506,640,They protect her from the catnips.
987,4534,4,42,307,353,1.141643059490085,0.020243067886623868,640,"Don't worry Jerry, Tom is very nice."
4224,4535,6,36,297,339,1.1415929203539823,0.021548252949413767,640,Wait til you see his tempi changes!
4832,4535,5,38,296,339,1.1415929203539823,0.02113935799894529,640,...hey Mitch and Lindsay...that shot for low T works real good...
1450,4537,5,37,290,332,1.141566265060241,0.02140430396796418,640,"I got her at the SPCA... and the best part is she's already rein-ready."""
668,4538,7,31,280,318,1.1415094339622642,0.022849781787653234,640,The vet said he has a fistula; Would you mind having a look?
3009,4538,4,37,277,318,1.1415094339622642,0.02150795808747485,640,This nag’s blind as a bat squeaky.”.
3150,4540,13,25,323,361,1.1412742382271468,0.023174338568129504,640,"I don’t know about you, but I’m joining the Caravan!"
1862,4541,9,32,313,354,1.1412429378531073,0.022082822980413426,640,We're going for ratnip.
1352,4542,6,36,298,340,1.1411764705882352,0.021488818000958053,640,I'd rather be Hannibal than keep following that Ganesh around.
4691,4543,7,33,293,333,1.1411411411411412,0.022175529323667075,640,I wanted a side saddle!
2795,4544,9,27,283,319,1.141065830721003,0.023631912280355306,640,"There is a smiling mouse riding a cat using a saddle. To the right there are two other mice who are talking to each other, presumably about the mouse on the cat."
4593,4544,4,37,278,319,1.141065830721003,0.02144501760242701,640,"Bell the cat? No, honey. This is Williamsburg."""
2429,4546,4,39,291,334,1.1407185628742516,0.02085765749339633,640,It's Catlyft.  When you get to where you're going you can just leave him there.  Just make sure there's no Bird around or he'll chase.
4332,4546,3,41,290,334,1.1407185628742516,0.020422042557041997,640,Whoever thinks pussification is rampant hasn't tried this
3647,4548,4,38,285,327,1.1406727828746177,0.021115282666290078,640,Virtual Reality can ba a real  Dog n Pony show
2299,4549,7,27,258,292,1.1404109589041096,0.024073264961812207,640,The  Taxidermy Shop opens in 5 minutes. help me get our harness off Old Mouser.
1566,4550,5,39,305,349,1.140401146131805,0.02071578049622738,640,"Yup, Fluffy can spray a mite, but it ain't a problem if I get her to the litter box in time."
3618,4551,5,38,299,342,1.1403508771929824,0.020965848123197118,640,Wait till you see our Mouse Trap Reverse Demi Volte Haunches Out.
1608,4552,6,35,294,335,1.1402985074626866,0.021641868090752615,640,His favorite food is Hay!
2566,4553,7,32,289,328,1.1402439024390243,0.022344158025086765,640,It's the new Rooomba model. Like it?
286,4554,7,31,283,321,1.1401869158878504,0.022648692820089824,640,"Get a Kitten Bit Kit, or get kitten bit, kits."
3335,4555,4,36,274,314,1.1401273885350318,0.021595275968723956,640,They say it comes with AI.
1406,4556,7,35,308,350,1.14,0.02143825678240175,640,Don't touch my shit.
869,4557,6,36,301,343,1.1399416909620992,0.02131245118553805,640,I’m hoping to join the Synchronized Feline Squad in the Tournament of Roses Parade.
4876,4557,6,36,301,343,1.1399416909620992,0.02131245118553805,640,This is the new way to travel meow.
3053,4559,6,34,289,329,1.1398176291793314,0.021860339957562095,640,Gonna split before the farmer’s wife slits me!
4795,4560,8,29,285,322,1.139751552795031,0.023006872688482498,640,There's no charge. I'm Mickey's great-great-great-great-great-great-great-great grandson.
4492,4561,4,36,275,315,1.1396825396825396,0.021531206295635777,640,"Ceasefire gone berserk."""
3348,4562,8,33,310,351,1.1396011396011396,0.021758197601774196,640,"Hop on guys, this kitty is purrfect."
4285,4562,6,37,308,351,1.1396011396011396,0.020996645692058048,640,C'mon guys! She's a really gentle cat!
347,4564,6,36,302,344,1.1395348837209303,0.021254299573681135,640,How to Train your Dragon Cat
2413,4564,5,38,301,344,1.1395348837209303,0.020851737305376056,640,I've got my cat right here!
1013,4566,6,33,284,323,1.1393188854489165,0.022085438022545985,640,"...the only way to beat a cat is to pretend to be one, too."
4436,4567,3,44,312,359,1.139275766016713,0.019533034540940842,640,"The sign did say: ""This Way to the Kiddie Rides"""
3051,4568,5,33,271,309,1.13915857605178,0.022226397543451938,640,"As long as we don't cut off ""his"" tail, he seems ok with it this way."
2651,4569,6,36,303,345,1.1391304347826088,0.021196462352616324,640,Whoa there Sir Tabbyfluffles
1728,4570,4,34,264,302,1.1390728476821192,0.022040558878967775,640,How do you like my new land catamaran?  You know how afraid I am of water.
4507,4571,7,32,292,331,1.1389728096676737,0.022153420992287228,640,"You have heard of the blind leaving the blind, well, this is the stupid leaving the blind."
1897,4572,3,40,289,332,1.1385542168674698,0.020376311331577784,640,Lipazzaner moves next!
899,4573,5,38,304,347,1.138328530259366,0.020682864915126078,640,The blinders prevent him from being frightened by other mice.
1958,4574,5,37,298,340,1.138235294117647,0.02093240013634965,640,Mice power over cat minds.
533,4575,3,35,259,297,1.138047138047138,0.021685104017205036,640,"I've never said this before, but I hope for his sake that his mode of transportation has complete blind spots."
3522,4575,7,27,263,297,1.138047138047138,0.023690585202503823,640,A fortunate feline fetish for us.
4044,4577,6,33,287,326,1.138036809815951,0.021894324161066615,640,I don’t get why humans couldn’ t figure out dinosaur domestication. Heading over to patent these puppies.
1802,4578,4,36,279,319,1.1379310344827587,0.02127865689737187,640,"I don’t know what it is either, but it keeps those conniving cats at bay."
3434,4579,2,35,246,283,1.137809187279152,0.021713159947138544,640,That will be a mice little catastrophe!
4167,4580,6,29,263,298,1.1375838926174497,0.023132106441828636,640,"You just grab them - they don't say anything,especially if they are from a red stated"
2257,4581,6,35,301,342,1.1374269005847952,0.02122553564178389,640,"Stay nude, my friends."
3277,4582,5,33,275,313,1.1373801916932906,0.02195973562004745,640,You got a carving knife?
3979,4583,8,33,316,357,1.1372549019607843,0.021413132653922008,640,"Hey, Do you know where I could get some saddle straps?"
873,4584,4,37,287,328,1.1371951219512195,0.02089458501808122,640,"Keep living in the mouse equivalent of the 36th century B.C. See if I care. Hi ho, Butterscotch!"
2008,4585,8,31,304,343,1.1370262390670554,0.02195804606788981,640,"Yeah, I know it's a mouse eating cat, but that dog was a bitch."
1478,4585,8,31,304,343,1.1370262390670554,0.02195804606788981,640,So glad us field mice aren't in that feline's field of vision!!
2959,4585,7,33,303,343,1.1370262390670554,0.021566324694596566,640,Visually - he's away.
3359,4588,6,31,277,314,1.1369426751592357,0.02235395908705848,640,She read a sign as 'Cathorse' and now prefers oats and carrots
2435,4589,5,36,295,336,1.1369047619047619,0.02101341098672267,640,The key to enslavement is crippling the captive.
1344,4590,7,31,291,329,1.1367781155015197,0.022129266442076974,640,Being the cats pajamas
3726,4591,8,25,267,300,1.1366666666666667,0.023937084634727504,640,"Kitty passed her desensitization training with flying colors!"" 
Julia Raymond, Meridian, Idah"
4148,4591,2,37,261,300,1.1366666666666667,0.02095721251970454,640,Nah. Nah. We just won The Catalina by three lengths.
2687,4593,4,35,276,315,1.1365079365079365,0.02136059420133482,640,"It doesn’t matter if they’re blind or not, you just grab ‘em."
126,4594,6,34,297,337,1.1364985163204748,0.0213721962772818,640,hey look  at this I got the next big thing. A catmobile....... OF THE FUTUR
3718,4594,7,32,298,337,1.1364985163204748,0.02178149731321065,640,Thats Catawampus
1992,4596,5,38,309,352,1.1363636363636365,0.020407367388601865,640,IF KIM JONG UN CAN MOVE OUR POWERFUL PREZ WHY CANT I ?
1265,4596,5,38,309,352,1.1363636363636365,0.020407367388601865,640,"Excuse me, is this the way to Dodge City ?"
1984,4598,5,36,297,338,1.136094674556213,0.02089671597800333,640,"He likes camels and dogs, too!"
4030,4599,7,33,306,346,1.1358381502890174,0.021390000031217375,640,Don't worry Whitaker won't even look at you.
2139,4600,6,31,280,317,1.135646687697161,0.0221546315845042,640,"Row row row your cat, gently down the street."
1797,4601,3,34,258,295,1.1355932203389831,0.021629744730389637,640,"You know what they say about those ride on the backs of cats..."""
3023,4602,7,31,294,332,1.1355421686746987,0.021940537870978355,640,I never realized my appetite for mice was so tied to peripheral vision.
3081,4602,7,31,294,332,1.1355421686746987,0.021940537870978355,640,I guarantee he'll get you out of the hole.
3293,4604,6,30,274,310,1.135483870967742,0.022457271120873472,640,"Mom, Dad, I'm with Ride-for-Cheese fundraiser wondering where's the Cheese?"
4170,4605,7,30,288,325,1.1353846153846154,0.02223142478750298,640,"Cheese n’ Rice,Ma! They’re pussy blinders, not beer goggles."
883,4606,7,29,282,318,1.1352201257861636,0.022533592210783868,640,"After a big bowl of milk and a nap, this cat woke up blind. Of course, I had nothing to do with the milk or blinding. I'm innocent."
2142,4607,8,29,296,333,1.135135135135135,0.02228793493079818,640,"No money, no cats."
2253,4608,6,35,307,348,1.1350574712643677,0.02088114501458828,640,Ever met a cat with poor vision?
2016,4609,7,30,289,326,1.1349693251533743,0.022167015808114587,640,They got the BEATS!
149,4609,3,38,285,326,1.1349693251533743,0.02039287314397075,640,"Its the 2018 version of the classic ""Three Blind Mice"""
3425,4611,7,32,302,341,1.1348973607038124,0.021540371211370087,640,It’s the whiskers AND winkers.
4191,4612,6,33,295,334,1.1347305389221556,0.02140039884254609,640,"I figured we change it up this year, really stir things up!"
277,4613,8,31,310,349,1.1346704871060171,0.021601113424830266,640,"Weird flex, but ok."
4023,4614,3,35,267,305,1.1344262295081968,0.021153258853383507,640,I got him at the DUMB friends league!
4165,4615,7,29,284,320,1.134375,0.022400484165096102,640,Aaah Yes!  The Power of Positive Thought!!  Way better than Belling the Cat!!!
2858,4616,4,39,307,350,1.1342857142857143,0.01996488350328664,640,Cat’s eyes!
4908,4617,7,30,291,328,1.1341463414634145,0.022039305128205393,640,And now we’re heading to the beach over there.
1106,4618,6,34,303,343,1.1341107871720117,0.021020075803236313,640,The Power of Mind over Body
1829,4618,4,38,301,343,1.1341107871720117,0.020192690117965702,640,Wait until the breeze will change its direction.
1619,4620,6,29,271,306,1.1339869281045751,0.022561400191708852,640,"Now that I got Felix these blinders, there’s nothing that can kill this cat!"
1500,4621,6,35,310,351,1.1339031339031338,0.020713082051281195,640,"I call them blinders. Just like cellphones, they bloke the peripheral so they don't know what's going on."
1927,4622,3,38,288,329,1.1337386018237081,0.020219049689437798,640,"This is how we are going to find some of our relatives, live or otherwise."
1690,4623,5,33,284,322,1.1335403726708075,0.02138238438214107,640,I finished my Guinness and gave him a boxing lesson.  Now he’ll do whatever I tell him!
547,4624,4,38,303,345,1.1333333333333333,0.02008296464789055,640,They see me rollin'.....they hatin'
3843,4624,4,32,264,300,1.1333333333333333,0.02180962186958749,640,10 bucks for two! One midterm-election ride!
4682,4626,5,35,298,338,1.1331360946745561,0.02074264188195711,640,"It'll be a climb, but she's auditioning for Die Valkyrie next week."
2628,4627,2,37,269,308,1.1331168831168832,0.020449651489360253,640,Ooh...it's my turn to go on the kiddie ride next!
4246,4627,9,23,276,308,1.1331168831168832,0.02379597980086178,640,"Stephen West: “The favorite was scratched.”
Angela O’Neal: “The blind leading the blind.”  
Markell West “If we name him Mouse, we can be the four blind mice for Halloween.”
Wes Dennis: ""I can't see how THIS could go wrong."""
1699,4629,7,28,281,316,1.1329113924050633,0.022505713676109002,640,my version of Three Blind Mice.
454,4629,7,28,281,316,1.1329113924050633,0.022505713676109002,640,Toxoplasmosis is fun!
444,4631,4,37,298,339,1.1327433628318584,0.020258783069679542,640,"See? I can disrupt things, too!"
4893,4631,2,41,296,339,1.1327433628318584,0.019378049291289376,640,Calico herding is when the mouse gets rid of the cat.
2661,4633,6,31,287,324,1.132716049382716,0.021703000652561148,640,The blinders are virtual reality screens flashing scenes of cavorting mice in fields of catnip.  Keeps this guy on the straight and narrow and us guys safe.
2277,4634,7,27,275,309,1.132686084142395,0.02281972905975321,640,"We won out of the box."""
2690,4635,1,48,328,377,1.1326259946949602,0.017890133083327757,640,"Stop you hemming and hawing, once focused, she is a real pussy cat"
30,4636,6,32,294,332,1.1325301204819278,0.021366494506425977,640,Lice check”
2072,4637,9,29,317,355,1.1323943661971831,0.02162666820896691,640,I guess someone will be grabbing ladies by the pussy.
2980,4638,5,36,307,348,1.132183908045977,0.02033203876252596,640,Cats are said to own their humans. But have humans tried blinders to get some respect?
1099,4639,4,35,287,326,1.1319018404907975,0.02068396794744487,640,The ancients kept tying the bell; for us the bell never tolls
4595,4640,2,32,239,273,1.1318681318681318,0.021788669336660665,640,Don't think that I feed her.
75,4641,6,27,263,296,1.1317567567567568,0.022917497892402328,640,He can't see us with his blinders on.
4784,4642,4,36,294,334,1.1317365269461077,0.02038179944009904,640,I Gruffalo’d him.
2135,4643,6,35,316,357,1.1316526610644257,0.02038489769779405,640,Remy got a new ride.
1683,4644,3,39,300,342,1.131578947368421,0.019660594259787334,640,No flash pictures - he's in the Sunken Place.
2540,4644,5,35,302,342,1.131578947368421,0.02051433188022023,640,I'm going to find out who Ronan Farrow's daddy is.
4713,4644,6,33,303,342,1.131578947368421,0.020928144576472584,640,"We might be of 'Three Blind Mice' notoriety, but this guy's blind as a cat!"
976,4647,8,27,292,327,1.1314984709480123,0.022370025868253898,640,The Three Sighted Mice and the Cat that Renamed Them.
853,4648,6,29,277,312,1.1314102564102564,0.022151418366176786,640,I can finally stop calling the fire department!
2213,4649,4,34,282,320,1.13125,0.02087606641354691,640,"If you want to ride,  you must enter from the FRONT. The rear is for EXIT only."
3917,4650,6,31,291,328,1.1310975609756098,0.02145305352655408,640,SEE WHERE HE'S GOING ?
897,4651,3,36,282,321,1.1308411214953271,0.020341868093157866,640,"Hey, now.  I'm just along for the ride."
1488,4652,1,35,247,283,1.1307420494699647,0.020689849481295677,640,"Come on guys, without seeing us his preconceptions have no merit."
1771,4653,4,35,290,329,1.1306990881458967,0.020506761669393476,640,"And if you feed it enough, it can go into space."
4398,4653,5,33,291,329,1.1306990881458967,0.020953779949020205,640,"Gluten-schmuten; chafing, not cheese, will be our downfall."
1184,4655,4,38,310,352,1.1306818181818181,0.01970807991602926,640,"Come, get on he will take us to the boarder,"
1468,4656,5,28,258,291,1.1305841924398625,0.02258289116619927,640,"Three blind mice.
See how they run.
They saddled a cat and the first hopped on.
They said ""He looks calm!"" and prepared for the fun.
He scratched out their eyes and now they're on the run.
Three blind mice."
1487,4657,11,24,318,353,1.1303116147308783,0.0223386540738619,640,I give good head.
2343,4658,3,37,290,330,1.1303030303030304,0.019992853493603788,640,I saved money on insurance; 'Goin' up the country!
2443,4658,4,35,291,330,1.1303030303030304,0.020448361446183037,640,The blinders are amazing!
3376,4660,5,30,272,307,1.1302931596091206,0.021834952946249837,640,"Yeah, I know...I've always ridden dogs. Brand blindness?"
3894,4661,9,26,303,338,1.1301775147928994,0.022226629262733163,640,My Cougar is
3822,4662,3,32,257,292,1.13013698630137,0.021438740049854733,640,"I don’t think one mouse with one blind cat is catchy enough. Why don’t the two of you contribute something?
Ellen Sullivan, Newbury, Ma."
3971,4663,6,30,287,323,1.130030959752322,0.021603040104424757,640,All you have to do is turn the saddle.
2949,4664,8,27,296,331,1.1299093655589123,0.022113432835150403,640,Reporder to the Border.
3356,4664,5,33,293,331,1.1299093655589123,0.020834441376220883,640,"Why did the chicken cross the road?
Because it was stupid."
2774,4666,5,35,307,347,1.1296829971181557,0.020235875055218445,640,We're entered in the Catnip Tournament.
848,4666,4,37,306,347,1.1296829971181557,0.019820004521898575,640,"It's just a little ritzy, that's all."
2205,4668,4,34,286,324,1.1296296296296295,0.020633702537894396,640,''Giddy-up pussy! he grinned and cracked his whip.''
3323,4669,5,29,267,301,1.1295681063122924,0.022060734613113343,640,Rats! He was my ride
3058,4670,6,29,282,317,1.1293375394321767,0.021820921756780683,640,"Well I don't favor talkin' to vermin, but I'll talk to you just this once.""  Pilgrim"
3679,4671,7,31,310,348,1.1293103448275863,0.020985727591681033,640,"Taming them was easier than I expected. I broke this one by purring 'Oh Donald, my Diabolical Despot!'"
4928,4672,2,37,279,318,1.128930817610063,0.019848501777614783,640,"""Well, cats aren't that courageous. You’ve only got to run the other way..."""
707,4673,8,26,292,326,1.1288343558282208,0.022279056684061292,640,Any of you fellows need a ride on this big horse?
3206,4673,5,32,289,326,1.1288343558282208,0.020969641881855714,640,Catamice?
1038,4675,8,27,299,334,1.1287425149700598,0.02192480128049557,640,I can’t tell you how I did it. He might ear me!
288,4675,5,33,296,334,1.1287425149700598,0.020657946399839148,640,"I'm not horsing around, he's a stable thoroughbred."
2586,4677,5,30,276,311,1.1286173633440515,0.021569787564306657,640,She ain't been the same since she heard 'A Toot and a Snore in '74.'
748,4678,6,31,298,335,1.128358208955224,0.0210291553151267,640,"'Niger'? No, never heard of it. Why?"
1415,4679,3,38,302,343,1.1282798833819243,0.01944529485563368,640,Follow me !
4385,4680,6,28,278,312,1.1282051282051282,0.021978512728660717,640,They look like the mouse that stole the cheese.
1759,4681,6,29,285,320,1.128125,0.02162729208502614,640,We'll be in the counters in no time.
1067,4682,4,35,297,336,1.1279761904761905,0.020104785867965973,640,Three blind mice and a cat with blinders!
3273,4683,6,32,306,344,1.127906976744186,0.02066182681636472,640,I guess distractions do control you if you want to eat them
3169,4684,5,34,306,345,1.127536231884058,0.02019211859019781,640,So they ride these things called horses...
945,4685,7,31,315,353,1.1274787535410764,0.020704082381391285,640,Hey fellas
2758,4686,5,31,286,322,1.1273291925465838,0.02104529826603427,640,Hey comrades! Wanna join me for a kitty ride?
1175,4687,3,36,291,330,1.1272727272727272,0.01982109943514626,640,He really digs Moussorski!
4730,4687,3,36,291,330,1.1272727272727272,0.01982109943514626,640,Follow me to the tabby stables
2466,4689,2,39,297,338,1.1272189349112427,0.019094377272798425,640,"No worries, been there before!"
249,4690,3,38,305,346,1.1271676300578035,0.019287080934477382,640,There is a greyhound in town.
496,4691,7,31,316,354,1.1271186440677967,0.020648653798112607,640,Need a hand.
1385,4692,6,26,267,299,1.1270903010033444,0.022515627358878666,640,Be the girl of your own dreams.
1956,4693,4,31,272,307,1.1270358306188926,0.02115584564217584,640,Don't blame the rat to tame the cat!
3417,4694,7,31,317,355,1.1267605633802817,0.020593519815469315,640,"One blind cat, one blind cat,
See him not run, see him not run."
4202,4695,4,38,321,363,1.1267217630853994,0.01914627651141319,640,"Climb aboard, he's broken to saddle."
2705,4696,4,34,294,332,1.1265060240963856,0.020165376350096326,640,Donald ! did I hear you say ”When rats leave the ship...they usually go on the backs of fat French cats”  meow ‼️
1273,4697,6,29,290,325,1.126153846153846,0.021312064787020444,640,CATpture your goals
3980,4698,6,31,304,341,1.1260997067448681,0.020678860087730927,640,"Even though we just met him, I like him. I call this feat ""The Taming of the New""."
2326,4699,6,32,311,349,1.1260744985673352,0.020381679395477983,640,I'll be back soon. Don't let the apes see you.
301,4700,2,36,280,318,1.1257861635220126,0.01966137793103753,640,...and Marc Anthony thinks it likes cheese now!
2286,4700,4,32,282,318,1.1257861635220126,0.020645821851267773,640,-let go!...jump in the back.
1821,4702,5,31,290,326,1.1257668711656441,0.020801213863146414,640,"?Don""t be a wise guy I trained him to love"
4026,4703,6,30,298,334,1.125748502994012,0.020929164149962407,640,"My new venture..kitty uber.




Susan Elwood monterey california"
3935,4704,6,28,285,319,1.1253918495297806,0.02152125528681296,640,Bet this beats HUGE EGGS on YouTube!
3320,4704,4,32,283,319,1.1253918495297806,0.02058477665404639,640,We raised him with crumbs of cat food.
1200,4704,7,26,286,319,1.1253918495297806,0.021974533640825585,640,This is what I bought with my California fire insurance money
4149,4707,2,37,288,327,1.1253822629969419,0.01933669760608958,640,Dig my new Whip gents
627,4708,3,36,296,335,1.1253731343283582,0.019543070756805232,640,"Cats are the new canes."""
1952,4709,7,25,280,312,1.125,0.022270392935847032,640,Ice cream has no bones.
2965,4709,3,36,297,336,1.125,0.019488392477693114,640,Foo bar
3589,4709,6,31,307,344,1.125,0.020508031629403914,640,"There he goes, thinking he could enter a cat in the Kentucky Derby>"
4156,4709,8,28,316,352,1.125,0.0210026145065279,640,I stole this rig from the Cartoon Editor of the New Yorker. Now he'll have to see Trump's economy as leading the world in a good direction.
327,4713,5,33,307,345,1.1246376811594203,0.020035479927696744,640,"I set the earphones to keep playing the Mickey Mouse Club theme song.  And get this, his name is 'Bose'."
1286,4714,7,27,295,329,1.1246200607902737,0.021501779047797796,640,"The cat is too small, the jockey too big, the trainer too old, and I'm too dumb to know the difference."
710,4715,3,32,270,305,1.1245901639344262,0.020578762856398064,640,"It's easy. It's called ""belling the cat"" -- the shades help, too."
2565,4716,5,34,315,354,1.1242937853107344,0.019707020348914635,640,It's only possible because of the blinders.
2633,4717,3,36,299,338,1.1242603550295858,0.01937994301739332,640,Doctor Peale was right!
453,4718,2,37,291,330,1.1242424242424243,0.019171871523042654,640,"Coming soon to a theater near you, Vin Fieval in The Fast and the Fur-ious: 9 Lives"
4188,4719,2,36,284,322,1.124223602484472,0.01943232199363945,640,Equestrienne cat at his best!
2437,4720,2,35,277,314,1.124203821656051,0.019703560749644015,640,"Break ‘me, put blinders on ‘em and they become a cheap ride"
1883,4721,3,32,271,306,1.1241830065359477,0.020515442449242513,640,Doesn’t he know that cat steeds are out?
2609,4722,7,23,268,298,1.1241610738255035,0.02289817655126951,640,"Neigh, we are not just horsing around. No cat and mouse games here but she unnecessarily purr-sists on wearing blinders even though we're in a stable relationship. Well, it's been mice talkin' to ya."
3453,4723,5,33,309,347,1.1239193083573487,0.019926291718968203,640,Oy! No Loitering
2791,4723,9,25,313,347,1.1239193083573487,0.021533447045903945,640,"Follow me, when it drops a load there's still plenty of good stuff to eat in there!"
3444,4725,6,29,296,331,1.1238670694864048,0.02094565804563195,640,WE'VE BECOME VERY CLOSE FRIENDS
3714,4725,3,35,293,331,1.1238670694864048,0.019590574944830567,640,"He's a great fit"""
2006,4727,5,30,288,323,1.1238390092879258,0.02081138763378753,640,If you two could see me now! The procedure was just two days ago!!
2131,4727,2,36,285,323,1.1238390092879258,0.0193758838704667,640,Just lower your squeak--this one takes me to work every day.
3825,4729,6,26,275,307,1.1237785016286646,0.021958467335675004,640,I’ll be back on St. Catrick’s Day...
38,4730,5,25,253,283,1.1236749116607774,0.022574943504434595,640,Doesn't matter how little our used vehicle sells for as long as Mr. Lemon here is hungry every time we resell him.
3899,4731,2,40,314,356,1.1235955056179776,0.018351467812899053,640,Whats a matter? Mouse got your reigns?
3508,4732,3,33,282,318,1.1226415094339623,0.01997383889354234,640,It’s a Commensalism relationship.
4011,4732,6,27,285,318,1.1226415094339623,0.021412017812340325,640,"Grab?"" I thought he said ""ride."
2618,4734,4,33,298,335,1.1223880597014926,0.019826328255443067,640,Mousetery Science Theatre 3000
1966,4735,11,17,291,319,1.1222570532915361,0.023544136490025742,640,"Two bad-ass mice shout ""Where do you think you're going?""
""The third one replies, ""Going home to f**k the cat."""
1732,4736,7,30,323,360,1.1222222222222222,0.02017837168507919,640,"It's a leisurely ride to outside,
And back soon with she inside."
2411,4737,4,32,292,328,1.1219512195121952,0.02005110927358614,640,You should read it.  It's called How to Win Friends and Influence People...  or cats...
1226,4738,5,32,308,345,1.1217391304347826,0.019876378246942532,640,He won't look that smug after the Stewards Enquiry
239,4739,6,29,302,337,1.1216617210682494,0.02059158225640583,640,I am a mouse riding a cat as though it were a horse.
2280,4739,4,33,300,337,1.1216617210682494,0.01971516058369391,640,"When I find the cat napping, I just put them on before the cat nips and give the cat a tonic that prevents cat ego rising, and voila! The cat walks!"
1914,4741,5,28,280,313,1.121405750798722,0.02107794419779391,640,"The taming of cats is a difficult matter,
It isn't just one of your holiday games!
You may think at first I'm as mad as a hatter. 
When I tell you, a cat must have three different reins!"
300,4742,3,35,300,338,1.121301775147929,0.019208301693745742,640,Yippee ki-yay mousie-frienders!
2153,4742,2,37,299,338,1.121301775147929,0.01874567993915818,640,You've heard the one about the elephant and the flea?
3680,4744,8,29,334,371,1.1212938005390836,0.020115094448319902,640,"Okay, so this isn't Pandora. So what?"
1486,4745,8,24,298,330,1.121212121212121,0.021705726792423195,640,Four blind mice. Four blind mice. See how they run. See how they run.
3179,4745,5,30,295,330,1.121212121212121,0.02039300592203609,640,Minnie! You forgot your clothes!
3369,4747,3,36,308,347,1.1210374639769451,0.01890640642664152,640,"Good morning Bill, Fred! How is the fridge looking these days?"
550,4748,2,34,278,314,1.1210191082802548,0.019507706121668057,640,"You can lead a cat to carrots and broccoli, but you can't make it eat."
2639,4749,5,32,311,348,1.1206896551724137,0.019714043217289482,640,"No, he's still The King....I am a hired playmate, or an OverUber if you will."
1208,4750,2,34,279,315,1.1206349206349207,0.019449473103463642,640,See. The week Will inherit the earth.
1784,4750,4,30,281,315,1.1206349206349207,0.02046271753151009,640,Could one of you guys help with the girth?
2585,4752,2,33,272,307,1.1205211726384365,0.01972234852124563,640,What? Never heard of Manjusri Mouse?
4101,4753,5,30,297,332,1.1204819277108433,0.0202765260029458,640,"Tonto took Silver to the vet. 'Hi-yo! Tubby! Away!'"""
1425,4753,6,28,298,332,1.1204819277108433,0.020720453511289788,640,Could you direct me to the Alps?
3229,4755,4,32,298,334,1.1197604790419162,0.01971036544653311,640,"You know the old saying ""mouse see, mouse do."""
135,4756,2,33,274,309,1.1197411003236246,0.019602225641897196,640,this is what being nice is. i don't like it
3117,4756,4,29,276,309,1.1197411003236246,0.020646462611271028,640,I've tamed Tom! Now it's time to conquer the rest of the cat-ulation.
4651,4758,3,33,290,326,1.1196319018404908,0.019511339336433852,640,The blinders made me do it.
2384,4759,2,34,282,318,1.119496855345912,0.019276828840851086,640,they said empower yourself.
4710,4759,3,32,283,318,1.119496855345912,0.019784747131137825,640,Cat's Game no longer.
4187,4761,3,36,313,352,1.1193181818181819,0.01865313977612899,640,I believe in playing anytime.
1621,4762,4,31,292,327,1.1192660550458715,0.01993136189541436,640,I just watched Big Her training it and did the same things.
1062,4762,4,31,292,327,1.1192660550458715,0.01993136189541436,640,Not as tasty as cheeze but much more comfortable ...
4578,4764,2,37,305,344,1.119186046511628,0.018438190797874784,640,Do you guys know how to get to the closest cat breeder? Need to return this one due to inborn defects with the navigation system.
977,4765,3,33,292,328,1.1189024390243902,0.019399023584721557,640,Is there a room for two of us?
1130,4766,7,25,298,330,1.1181818181818182,0.02111188305796506,640,Being on top of things.....
4515,4767,6,29,312,347,1.1181556195965419,0.02002722148337949,640,Don't worry — I made sure that he had his pedigree.
3925,4768,9,21,301,331,1.1178247734138973,0.02190356002864769,640,Haha watch I’m going to make it take a shit on you
369,4769,5,31,312,348,1.117816091954023,0.019553450915206938,640,"When I told her I was a monitor from the Teachers Union, she recommended the saddle and blinders."
4010,4770,3,32,288,323,1.1176470588235294,0.019495347411744964,640,To bell the  Cat
3974,4770,4,32,304,340,1.1176470588235294,0.019380953468300717,640,"Just another dumb cat.
Tony Gallinari
Yonkers, NY"
307,4772,2,34,288,324,1.117283950617284,0.01894052158105284,640,Who knew it like pony play?
4886,4773,2,36,304,342,1.1169590643274854,0.01836223556945428,640,"I know what you're going to say: ""Weird flex, but okay."""
2456,4774,7,27,317,351,1.1168091168091168,0.020216738957424846,640,"Hop on ......he won’t know he’s wearing blinders and you are light. But, no pooping allowed."
968,4775,3,33,298,334,1.1167664670658684,0.01906966295765744,640,'Joe - as great as that is - we're a bit distracted by the fact the cartoonist elected to draw a dog.'
1398,4776,5,30,308,343,1.1166180758017492,0.0196588461367476,640,Yippee yi yo  yayah
1283,4777,5,28,293,326,1.116564417177914,0.02027897740189648,640,"What do you mean there's no such thing as a Not-A-Cat? 
He said they're very common where he's from."
2788,4778,4,31,300,335,1.1164179104477612,0.019480173983108223,640,My three-time champion sprinting feline is about to win this cat-and-cat game.
1235,4779,5,30,309,344,1.1162790697674418,0.019604546323989443,640,"This new hybrid Robotic is great, no longer the feline, chase & torture factor?  Pricey Transport though."
3285,4780,3,33,300,336,1.1160714285714286,0.018962334614275708,640,Haters will day its photoshop
802,4781,2,33,284,319,1.115987460815047,0.01902278960140157,640,He was born in the Knievel house
3552,4782,4,30,294,328,1.1158536585365855,0.01969351033630353,640,"They never include my captions. Total reversal, as in this drawing."
2283,4782,6,26,296,328,1.1158536585365855,0.020618639632314608,640,I relentlessly browbeated him into submission.
4255,4784,4,29,287,320,1.115625,0.019973011522134636,640,"' We are about to go through a covered bridge."""
4842,4785,3,34,309,346,1.115606936416185,0.01861766444443127,640,Tell the stewards she is going blinkers on this time!
4295,4786,3,35,317,355,1.115492957746479,0.01833891103453627,640,See you later
2947,4787,3,33,302,338,1.1153846153846154,0.01885620152432919,640,Fear not!
2441,4788,5,28,297,330,1.1151515151515152,0.020045137061040875,640,I set up a parkour in the kitchen and he nailed it!
1504,4789,9,17,278,304,1.1151315789473684,0.02305731306512063,640,"'no, i'm not blind...i like riding a hairy muff..'"
4002,4789,3,29,272,304,1.1151315789473684,0.02003405850719455,640,Love those blinders!
4051,4791,5,24,267,296,1.114864864864865,0.02142821769190359,640,Negging; it works like a charm.
3947,4792,3,31,289,323,1.1145510835913313,0.019305084471106546,640,Why do mice keep playing with my earphones before I set the dining table?
2385,4793,3,32,297,332,1.1144578313253013,0.01899511189548946,640,So what if the other guy can cook?
4563,4794,4,31,306,341,1.1143695014662756,0.019154904851654303,640,"I liked the show so much, I got one for myself. -Let’s go Griz!"
381,4795,4,29,291,324,1.1141975308641976,0.019738837644566198,640,We're both big fans of Red Dead Redemption 2.
1461,4795,3,31,290,324,1.1141975308641976,0.01924865588385585,640,"Meet Oochie Coochie!
Why oh why did none of us think of this before?!"
201,4797,5,26,285,316,1.1139240506329113,0.020516422453426778,640,Don't forget to mewl.
276,4798,6,27,310,343,1.1137026239067056,0.019923813953852336,640,Just feed him hay and all is good.
1664,4799,4,29,293,326,1.1134969325153374,0.019623789026866175,640,"What, you never read ""The Diamond Age""?"
3844,4799,4,29,293,326,1.1134969325153374,0.019623789026866175,640,He's as poor as a mega-church mouse.
1590,4801,0,40,313,353,1.113314447592068,0.0168949195193485,640,Copy Cat; Three Blind Mice
2124,4802,4,29,294,327,1.1131498470948011,0.01956676403000367,640,We'll beat a path to their world.
1865,4803,4,30,302,336,1.1130952380952381,0.01924812291875115,640,It's getting the bottle rocket up it's nose that's the hard part.
2738,4803,5,28,303,336,1.1130952380952381,0.0197042771307588,640,"He obviously hasn't paid his taxes."""
654,4805,5,25,280,310,1.1129032258064515,0.020700839681316783,640,I call him Oumuamua!
808,4805,4,27,279,310,1.1129032258064515,0.020190239160353517,640,"Whenever he gets in a fix, I reach into my bag of tricks!"
287,4807,2,33,294,329,1.1124620060790273,0.018476448256624946,640,Chew on this.
1043,4808,3,34,319,356,1.1123595505617978,0.018122339691593808,640,It’s caus I don’t have cat style... !
1227,4809,2,29,264,295,1.111864406779661,0.019597140159036068,640,Red Dead Redemption 2 has changed everything.
1383,4810,3,30,289,322,1.1118012422360248,0.019167670149256747,640,Flexing harder than Nibbles after her whisker implants
3952,4811,5,28,307,340,1.111764705882353,0.019483380793899142,640,Three mice and a cat voting on what to have for lunch.
2393,4812,4,26,275,305,1.1114754098360655,0.020300226132609765,640,Anything to send on the Kitty Express
2297,4813,6,23,285,314,1.1114649681528663,0.020940894270164025,640,The AfterShox makes Musical Purr Dressage training more effective.
2809,4814,2,33,297,332,1.1114457831325302,0.01831858163198858,640,"What goes up, must come down"
1091,4815,3,32,306,341,1.1114369501466275,0.018519787843923156,640,"In this economy, it’s eitjer sink or swim."
3977,4815,3,32,306,341,1.1114369501466275,0.018519787843923156,640,I asked the Genie who came out of that bottle we found for cat riding lessons!
1841,4817,7,24,311,342,1.1111111111111112,0.020240569623661272,640,We should call the Animal Protection!
4575,4817,4,28,292,324,1.1111111111111112,0.01955042619660519,640,"While he looks at the king, let’s march!"
4117,4819,5,28,310,343,1.1107871720116618,0.01932091959900817,640,It’s pronouns are Hee/Haws
1627,4820,3,31,300,334,1.1107784431137724,0.01870191744849431,640,there was a mouse  woho was more  populer then the others he allwas rode around on a cat
1479,4820,5,27,302,334,1.1107784431137724,0.019639903871218188,640,And I
3793,4822,2,32,291,325,1.1107692307692307,0.018493166955621903,640,"I took some Toxoplasma gondii. The cat gave it to me. Pretty cool, right?"
1614,4823,5,27,303,335,1.1104477611940298,0.0195839815630534,640,"I think it's time we have The Talk with him, you know, about the praying mantis."
2710,4824,6,24,296,326,1.1104294478527608,0.020384353037835774,640,And just wait until you here what I did to that eagle.
2740,4825,5,23,271,299,1.1103678929765886,0.02101706219851873,640,"She said to me, 'Whaddya gonna do when you've got a pre-existing condition that isn't covered under your new plan?'  The Adderall prescription was just too expensive for her to handle out of pocket."
200,4826,5,29,320,354,1.1101694915254237,0.01891390679760936,640,"Livestock blinders allows a ""squeaky creature"" to ride high in the saddle."
1363,4827,3,31,302,336,1.1101190476190477,0.01859625911889025,640,"I'm on a horse"" – Old Mic"
3870,4828,3,27,270,300,1.11,0.019857350812001663,640,I am taking Muffy to the UWS to see that amazing LASIK guy we saw last week. He is so good and takes Oxford.
4206,4829,3,33,319,355,1.1098591549295775,0.017999649200790772,640,"Guys,this is my friend,Billy! Say ""hi,"" Billy!"
1828,4830,3,30,296,329,1.1094224924012157,0.01878036505664754,640,He’s just missing his purrs!
3248,4831,4,25,273,302,1.109271523178808,0.020282172558060425,640,When judging the difficulty of this performance keep in mind that this saddle isn
2187,4832,3,31,306,340,1.1088235294117648,0.018388468529819343,640,Fortis KittyKitty Adiuvat.
949,4833,3,35,339,377,1.1087533156498675,0.017323667194782774,640,"A tisket, a tasket, ridin' catback in the saddle, again..."
3788,4834,4,27,292,323,1.108359133126935,0.019415786723078844,640,Got the idea from watching horse races.
974,4835,3,28,283,314,1.10828025477707,0.01922324882507135,640,It takes one to know one!
4751,4835,4,26,284,314,1.10828025477707,0.019745452682218414,640,I am dismayed. he even named the creature pussy willow!
2824,4837,4,28,301,333,1.1081081081081081,0.019046927549517263,640,"It's made by Caterpillar.

Bill Drew
Providence, RI"
2335,4838,2,32,300,334,1.1077844311377245,0.018020925061682565,640,"Think ""blind as a mouse,"" and use it."
270,4839,4,27,296,327,1.107033639143731,0.019189263281195457,640,"This is nothing, ladies. I'll roar by later in my King of Jungle model. If you're lucky, I might stop to give you a ride."
4655,4840,4,27,297,328,1.1067073170731707,0.0191334528967262,640,Helo kity kity kity .
2773,4841,4,28,306,338,1.106508875739645,0.01877821313045067,640,"Oh, man!"
3115,4842,5,23,282,310,1.1064516129032258,0.020303341310748974,640,And her tail is nice when I want wine with my cheese!
2320,4843,4,27,299,330,1.106060606060606,0.01902279692559971,640,"One blind dog and three blind mice."""
4718,4843,2,31,297,330,1.106060606060606,0.01802842790812683,640,I pwned it!
1197,4845,8,22,332,362,1.1049723756906078,0.01956253351736454,640,"he lost the bet when Trump won the election...but I have a request, who would I contact regarding doing a Cartoon Contest regarding a project I am working on to nominate Jockey Abe Hawkins for the Racing Museum HOF 2020 Class (Special Consideration)"
4630,4846,3,28,293,324,1.1049382716049383,0.018658139209184375,640,"Don't worry Billy's a famous cat, he can't be distracted."
571,4847,3,31,319,353,1.1048158640226629,0.017743970311535004,640,"Nooooo, not bell ....blinder!"
4483,4848,3,27,285,315,1.1047619047619048,0.01895640885527836,640,Ho! Ho! Ho! Merry Christmas!
2921,4849,5,26,313,344,1.1046511627906976,0.01891896670906004,640,"Reverse roles are shown in this image. Usually the cat would chase the mouse. Therefore,the cat is in control. In this case,the mouse is riding the cat and the mouse has the power and control. The two mice on the side,are looking for direction."
4918,4850,2,30,293,325,1.1046153846153846,0.01808576090761924,640,It's a dray cat--and the blinders work like magic.
995,4851,2,31,302,335,1.1044776119402986,0.017772880087926133,640,"I prefer to take the ride. 

Reid Grote, Los Angeles"
2700,4852,3,27,286,316,1.1044303797468353,0.018899232982245696,640,Just thought I’d give bottoming from the top a try!
648,4853,3,29,304,336,1.1041666666666667,0.018217026239565837,640,"You’re crazy busters, join me for the ride! He’ nuts, pretty soon he will end up being dinner. There’s no way we’re tagging along for the ride!"
2034,4853,2,31,303,336,1.1041666666666667,0.017722633654810995,640,I heard he's got Whisker's milk held CATptive
4106,4855,4,24,280,308,1.103896103896104,0.019694385637028636,640,What? I am just helping him block of the haters.
1025,4856,1,34,312,347,1.1037463976945245,0.01689364653127112,640,With blinders you get Yoo Go Fee
1946,4857,3,31,323,357,1.1036414565826331,0.017554620038286,640,The Gruffalo is a little busy this season.
2426,4858,4,24,281,309,1.103559870550162,0.01963342559634448,640,"Fondue"""
1633,4859,4,27,307,338,1.1035502958579881,0.018592640062866716,640,"Appa, yip yip"
4360,4860,4,26,299,329,1.1033434650455927,0.0188850585136071,640,"How did you get on top of the cat without being eaten?"" 
""Well, it can only see in the front, so it doesn't know that a mouse is sitting on top of it"""
2083,4861,2,28,280,310,1.103225806451613,0.01847533693571731,640,"Hi, I'm Mika, and guess who I'm riding again this morning..."
456,4862,4,23,274,301,1.1029900332225913,0.01991324177267494,640,Where might they be holdin' the hackers' rodeo?
2597,4863,2,30,301,333,1.102102102102102,0.01767249537991595,640,She wanted to play!  Morsel?  I think she knows how to find one.
3071,4864,3,25,278,306,1.1013071895424837,0.019047127577147615,640,It wasn’t me!
3354,4865,3,26,287,316,1.1012658227848102,0.018686927583646172,640,"Cat: uh huh I own it, I own it it’s mine!!!
Mouse: Finally, he’s getting the Instagram love he craves."
3809,4866,4,25,297,326,1.1012269938650308,0.01885327695480127,640,"Well, if a rat cooked with a human..."
2303,4867,3,24,271,298,1.1006711409395973,0.019303590017762502,640,"The Blind leading The Blind.
""Hey Hillary, are you planning to run for the White House in 2020?""
""No. I'm just taking Donald to Vision Express."""
1153,4868,4,26,309,339,1.1002949852507375,0.01835181506294145,640,"If you blind the cat, you can ride him to his death"
4430,4869,3,25,282,310,1.1,0.018812207589760706,640,I don’t think he understands the expression Phil
662,4870,3,28,310,341,1.099706744868035,0.01776982056695005,640,When we vote enough .. Sky
2154,4871,1,31,300,332,1.0993975903614457,0.016989583246928352,640,"Racing update: first time, but not last time, blinkers on"
1638,4872,3,27,303,333,1.0990990990990992,0.01797726858473397,640,I came to town by way of buffalo...
1379,4873,3,28,313,344,1.0988372093023255,0.017621736165740223,640,See who's the settler now?
2366,4874,2,27,285,314,1.0987261146496816,0.01802714694458894,640,This is catner.
3795,4875,3,30,332,365,1.0986301369863014,0.017011679022245336,640,We're three-blinded mice.
296,4876,3,26,296,325,1.0984615384615384,0.018192082320531294,640,I blinded this cat while it slept.
3400,4877,4,25,307,336,1.0982142857142858,0.018315458246042162,640,The Big Cheese & Seattle Chew
3635,4878,4,23,289,316,1.0981012658227849,0.019006587259354987,640,Worldstar!
2525,4879,4,23,290,317,1.0977917981072556,0.01894906191443679,640,Before he moved to Cheeseville Tabby said he could ride on her nose!
2829,4880,2,30,316,348,1.0977011494252873,0.01694625235488914,640,"Don't be silly, there's no such thing as 'Placebo Can & Mouse."
436,4881,3,26,300,329,1.0972644376899696,0.017980438974749026,640,I love my girlfriend Vicki
3619,4882,3,24,282,309,1.0970873786407767,0.018645609426920885,640,I've put in more miles on my grocery-getter.
3736,4883,0,33,307,340,1.0970588235294119,0.01607856891888535,640,The morning workout times should have us in the purring
401,4884,4,26,321,351,1.0968660968660968,0.017750257860183135,640,REEEEEEEEEEEEEEEEEEEEEEEEEEEEEEE!!!!!
1704,4885,1,33,328,362,1.0966850828729282,0.01603855634017939,640,The singer guy who showed up looked a little sketchy.
1392,4886,3,26,302,331,1.096676737160121,0.01787644750398628,640,Three blind mice
4645,4887,3,24,284,311,1.0964630225080385,0.018530751451282964,640,"He thinks it's a Lone Ranger mask, so I yell 'Get 'em up Scout'!""
Barbara Druskoff
867 El Caminito Rd
Fallbrook, CA 92028
760 723 0459"
2444,4888,2,27,293,322,1.0962732919254659,0.017599481852659134,640,"Watch out! It gives presents 
I am gone with the wind"
640,4889,8,17,318,343,1.096209912536443,0.019764756541156968,640,Truffle oil is the lie of love while you’re just being fucked. Incompetently.
2488,4890,1,27,275,303,1.0957095709570956,0.01756255697361182,640,"Ha! Yeah,our own private Lippanzaner. Now watch 'im stick this double axel."
2880,4891,4,20,270,294,1.0952380952380953,0.019671247256476843,640,Some got talent some ains://www.newyorker.com/cartoons/contest?embedsrc
76,4892,4,25,318,347,1.095100864553314,0.01775812483247494,640,You guys will have to get your own hosrse for the Military Parade
1658,4893,6,19,303,328,1.0945121951219512,0.019328561518215083,640,Always verify whether a dog-walking request is really for a dog.... or a blind cat.
1188,4894,4,22,292,318,1.0943396226415094,0.018678492747317057,640,Don’t put me on. Pedestal.
4811,4895,2,27,300,329,1.094224924012158,0.01724152694152485,640,"Jerry, how did you even get up there?
Easy, I’ve been climbing meowntains for years!"
3120,4896,3,27,321,351,1.0940170940170941,0.0170940170940171,640,"We no longer scram thanks to Horse blinders,"" directing your path for you.

Talieah Ram, Oahu, H"
2697,4897,2,27,301,330,1.093939393939394,0.01719157179583247,640,"Cat-riding mouse: ""Hey, you should try it!!! He's friendly, I swear!!!!"".
Bystander mouse: ""Until he's not!!! I called 911, you'll need saving, I swear!!!!""."
2045,4898,3,23,286,312,1.0929487179487178,0.01824626315186207,640,"OMGosh, what ARE you riding Ted? Is that a..a...ahhhh...”

“Hey, Tad and Tod! He's as blind as our 3 ancestors as long as the eye shield stays in place!” 

“Meeooww?"
2714,4899,3,25,308,336,1.0922619047619047,0.017415620758795467,640,well it's like I always say: what's good for the goose is good for the gander!
4116,4900,2,26,303,331,1.0906344410876132,0.016922679002161413,640,Onto the Oculus for our next stop
295,4901,1,26,282,309,1.0906148867313916,0.016987038693738743,640,"Well fancy that, I could have sworn it was just the opposite."
3044,4902,4,21,297,322,1.0900621118012421,0.018239975979314572,640,Giddiap Cat; giddiap!
4732,4902,1,27,294,322,1.0900621118012421,0.01657251674761715,640,Have you never heard of the musketeer cat calvary?
4858,4904,1,27,297,325,1.0892307692307692,0.01642627423389433,640,Welcome to it boys.
2355,4905,5,17,281,303,1.0891089108910892,0.019443568645150906,640,We all wont to take a ride in a   new (Catty).  we are human like you??
3430,4906,1,28,308,337,1.089020771513353,0.016094104940922824,640,"Eat your heart out, Lee Harvey Oswald."
2636,4907,3,23,300,326,1.0889570552147239,0.017492733042188048,640,He plays Red Dead Redemption II once...
2056,4908,1,25,280,306,1.088235294117647,0.01688784359585783,640,It's really just a docile old horse with blinders.  I just wanted to test out the volatile mix of faith and fear with me at the helm. It seems to be working.
1505,4909,3,24,315,342,1.087719298245614,0.016915217481135638,640,We're taking the reins for the sake of the dairy industry
2245,4910,1,25,290,316,1.0854430379746836,0.016375711704915634,640,Have you ever heard of tertiary code? It’s involved in rods and cones.
2767,4911,2,24,302,328,1.0853658536585367,0.016615239922206773,640,"If you would have paid attention to the KGB guys, I would have never been able to ride YOUR cat”"
4022,4912,1,22,262,285,1.0842105263157895,0.01721208401187633,640,"Don’t worry about going blind.
Joe Mauro 
Madison Conn"
351,4913,1,24,284,309,1.0841423948220066,0.016468677878179058,640,Yee haw bois it's RDR2 time fellas.
3869,4914,2,25,318,345,1.0840579710144929,0.016047389070939222,640,"42,42,42, hey it really works."
2935,4915,4,19,303,326,1.0828220858895705,0.017585174287020184,640,Need an eye
3297,4916,2,22,291,315,1.0825396825396825,0.016781216376388165,640,Hop on boys! Tom said he's​ a cheese in his bowl!
4685,4917,2,24,314,340,1.0823529411764705,0.016050771228992462,640,This new diet gadget is really working!
2847,4918,1,24,291,316,1.0822784810126582,0.016118395928202075,640,if you Don't get your but DONW you going too get killed
4424,4919,0,27,305,332,1.0813253012048192,0.015023797496130179,640,"I'll be back 'round once I let old Mrs. Andrews out of her bedroom, wander down the Fasty-food 'n sit in the Woman Park."
2080,4920,1,25,307,333,1.0810810810810811,0.015572696350340573,640,"Riding mouse: ""Guys, there`s a new mouse in tauntaun.""
Mouse on the right:""Hun, I love you."" 
Mouse on the left:""""I know!"""
1817,4921,2,23,311,336,1.0803571428571428,0.01600416311079216,640,This gives new meaning to elevator butt.
4311,4922,2,22,305,329,1.0790273556231003,0.01609234852624507,640,Want a ride? Only a few thousand dollars!
42,4923,4,19,319,342,1.0789473684210527,0.016788008419810763,640,"Squeak, squeak, squeak, squeaky, squeaker!"
250,4924,1,22,311,334,1.0718562874251496,0.01477366634323995,640,Once you’ ve be
3173,4925,1,23,325,349,1.0716332378223496,0.01440711191786413,640,"What does he thinks he is, Jhon Whitaker?"
3550,4926,2,19,303,324,1.0709876543209877,0.015569089630137685,640,"And I would have got the Bentley but I had to pay taxes
Settle for a Polo fit and some Air Maxes"
854,4927,1,20,296,317,1.0694006309148265,0.014978183671682022,640,"For God’s sake Arthur,  pull it out don’t wiggle it"
790,4928,1,21,323,345,1.0666666666666667,0.01406167102688392,640,pudding?
1574,4929,0,21,299,320,1.065625,0.013864363032756864,640,"Hey bud, do y’know where the pussy’s at?"
4792,4930,1,18,308,327,1.0611620795107033,0.013960668622220365,640,With just these few changes we can literally ride this “new” song of ours all the way to the bank.
3906,4931,3,15,327,345,1.0608695652173914,0.014721816352984357,640,"Why would you keep something that's a trap door? If you're building a floor, the constitution is the base of our country, would you build a trap door and accidentally something happens, you fall and end up next to the uni-bomber?"
