target_id,rank,funny,somewhat_funny,unfunny,count,score,precision,contest,caption
3460,1,33,31,86,150,1.6466666666666667,0.06698136016827773,641,I'm not sure how many there are. Every time I start counting I fall asleep.
7730,2,30,34,86,150,1.6266666666666667,0.0652283318212641,641,"The new rug arrived, but there's some assembly required."
8546,3,25,47,86,158,1.6139240506329113,0.05937450003221865,641,Just tell Dad it’s a staff job with a leadership position.
742,4,24,42,82,148,1.6081081081081081,0.0618664878724404,641,Hello? Is this 'single working woman with border collie wishes to meet ideal mate?'
3569,5,28,38,90,156,1.6025641025641026,0.062136943654374915,641,Bo Peep got the car and the house.
5866,6,32,38,101,171,1.5964912280701755,0.060144847158557564,641,The Trump Tower contract said they all had to be white.
5619,7,26,38,88,152,1.5921052631578947,0.06216949080641729,641,"Yes, we were just in that elevator.  Why?"
7811,8,22,35,77,134,1.5895522388059702,0.06548480886113524,641,"I love the 'Make Your Own Sweater Kit"" you sent me, but it's kind of labor-intensive."
7357,9,30,33,96,159,1.5849056603773586,0.06264979615481613,641,I don't see how I could have roaming charges.
2991,10,25,33,84,142,1.5845070422535212,0.06495886509997925,641,Housekeeping? Can you send up a border collie?
8076,11,23,45,88,156,1.5833333333333333,0.05891094155600609,641,How quickly can I have a Border Collie delivered to Suite 1050?
2932,12,28,30,90,148,1.5810810810810811,0.06503814875645952,641,I’m just hanging out here at Trump Tower with the last remnants of the Trump base.
6076,13,23,33,80,136,1.5808823529411764,0.0656417515678204,641,"No Alexa, I said Cheap Hotel!"
897,14,23,44,88,155,1.5806451612903225,0.059230484840772826,641,...a shepherd. What are you going as?
8769,14,25,40,90,155,1.5806451612903225,0.060628579857982555,641,"The dog called in sick, so I'm working from home."
2700,16,38,35,119,192,1.578125,0.057873748568258984,641,Check out channel 12. This idiot woman has a house full of cats.
3997,17,32,22,96,150,1.5733333333333333,0.06712149101667265,641,Tell Trump the Senate Republicans are all here.
3229,18,29,40,103,172,1.569767441860465,0.05835672745845001,641,"I don't know how many.  Every time I start to count them, I fall  asleep."
8974,18,29,40,103,172,1.569767441860465,0.05835672745845001,641,"Yes, I tried counting them. Could you just send up a bottle of Scotch?"
3538,20,24,46,95,165,1.5696969696969696,0.057171725877232404,641,What exactly did we do after the bar?
9027,20,23,48,94,165,1.5696969696969696,0.056521645497756116,641,"No, the lease says ""no dogs or cats."""
5479,22,39,23,116,178,1.5674157303370786,0.06214878113963277,641,"Mr. President, I 've rounded up what's left of your base."
2835,23,23,41,90,154,1.5649350649350648,0.059655039728325455,641,"Yup, we're here watching the Rams game."
4745,24,28,34,98,160,1.5625,0.061229219295998574,641,"Well Mom, coming from someone with 6 cats, that seems a bit hypocritical!"
5287,25,25,40,96,161,1.5590062111801242,0.059006211180124224,641,Room Service?  Can you send up more of those little shampoos?
7742,26,23,40,91,154,1.5584415584415585,0.059698911374240445,641,"They have names, Karen."
1139,27,20,50,92,162,1.5555555555555556,0.0553827540310252,641,What reason did the condo board give for my eviction?
4437,27,29,27,97,153,1.5555555555555556,0.06417485097101876,641,"I don't know how many, I keep falling asleep."
3896,29,23,46,97,166,1.5542168674698795,0.056362945329017165,641,We're just hanging out watching EweTube.
3966,30,25,39,97,161,1.5527950310559007,0.059042976450791054,641,Can I call you back?  I'm right in the middle of a staff meeting.
1688,31,18,49,87,154,1.551948051948052,0.0560734598519788,641,Just say I'm in a meeting with my staff.
5900,31,25,35,94,154,1.551948051948052,0.06114253809367729,641,And what's your policy on emotional support animals on this flight?
8598,33,28,36,103,167,1.5508982035928143,0.05924925469453408,641,Us? We’re watching Flocks News.
5837,34,26,41,102,169,1.5502958579881656,0.057485124077862736,641,"Judge all you want, but since I made the move I haven't lost a single one."
5449,34,23,47,99,169,1.5502958579881656,0.05561665538166797,641,"Medium pepperoni, and twelve mixed green salads...no dressing."
1723,36,21,36,85,142,1.5492957746478873,0.062076627006391855,641,I don't know how many there are. Every time I try to count them I fall asleep.
1559,37,23,38,92,153,1.5490196078431373,0.06005757505237802,641,I don’t know how many. I fall asleep after seven or eight.
8684,38,23,39,93,155,1.5483870967741935,0.059458207652390196,641,I find your ad about a timeshare with a pastoral scenic view to be misleading.
8439,39,22,30,83,135,1.548148148148148,0.06542670969459963,641,Silence of the Lambs is on. You should see the looks I’m getting.
3908,40,29,22,95,146,1.547945205479452,0.06669340717270625,641,I'm surrounded by Trump supporters.
2172,41,28,37,105,170,1.5470588235294118,0.0584411519026072,641,Hello Leader McConnell?  I found your Senators!  They're here in the Trump Hotel!
6260,42,24,35,93,152,1.5460526315789473,0.06109750262121005,641,"Yeah, I can talk. I'm working from home today."
8587,43,23,38,93,154,1.5454545454545454,0.05977272767616091,641,I'm looking for a sophisticated border collie that would enjoy working in an urban environment
5041,44,23,33,89,145,1.5448275862068965,0.0626515865513179,641,"... not alone, I’m with my staff."
8344,45,26,34,98,158,1.5443037974683544,0.06063102869521701,641,They’ll watch anything except Fox.
5565,46,24,33,92,149,1.5436241610738255,0.06207256997329799,641,I'm quite sure I said a dozen matching sheets.
7889,47,26,33,98,157,1.5414012738853504,0.06094849262999385,641,"No, Alexa. I said I need to get some 
S-L-E-E-P!"
5448,48,31,30,109,170,1.5411764705882354,0.06022690726506727,641,"Where are you Mr. Trump, the Republican Leadership meeting is about to start."
5122,49,22,43,96,161,1.5403726708074534,0.0570998014947136,641,I'm looking for a border collie who's tired of country living.
6149,50,25,31,94,150,1.54,0.06248400242689416,641,Fox News. What else would they be watching? They’re sheep!
2724,51,23,36,93,152,1.5394736842105263,0.06041103179824511,641,"I'm serious, Mary: Pick up."
3662,52,17,44,84,145,1.5379310344827586,0.05791780545905344,641,Technically they're free range.
202,53,24,31,92,147,1.5374149659863945,0.06276345746460979,641,"Bad news, my landlord just told me to get the flock out of here."
6663,53,24,31,92,147,1.5374149659863945,0.06276345746460979,641,"Siri, I said I wanted some SLEEP!"
770,55,22,38,93,153,1.5359477124183007,0.059398822717726917,641,"Hello, sleep disorders clinic."
4206,56,17,56,95,168,1.5357142857142858,0.0519733604135414,641,"Yeah, sometimes my work follows me home too."
8639,57,24,42,103,169,1.532544378698225,0.0563241327398305,641,"The Christmas sweaters said ""some assembly required."""
7145,58,17,41,83,141,1.5319148936170213,0.05916781167266442,641,"No, I want the hotel manger, not the hotel manager."
7461,59,20,36,87,143,1.5314685314685315,0.06102008508215189,641,Last thing I remember is doing shots with that animal rights activist we met.
6146,60,26,34,102,162,1.5308641975308641,0.059502860499733155,641,"As I explained at the front desk, they're service animals. I can't sleep without them!"
6579,61,23,33,93,149,1.5302013422818792,0.06139222104627078,641,I'd like to report a lost dog
9043,62,23,34,94,151,1.5298013245033113,0.06075895778386659,641,"Hello, Room Service? I'd like one shepherd's pie and 15 salads. Hold the dressing."
1770,63,26,34,103,163,1.5276073619631902,0.05922629955077248,641,Don't know how many.  Each time I count them I fall asleep.
7845,64,22,34,92,148,1.527027027027027,0.06097656721257584,641,"No, I haven't lost them. I'm working from home."
6815,65,25,41,107,173,1.5260115606936415,0.0559454021507277,641,Hi front desk? I asked for a fresh set of SHEETS.
3870,66,19,33,83,135,1.525925925925926,0.06293857037337688,641,"Yes, a border collie and a large pot of coffee. Room 614."
1625,67,24,34,98,156,1.5256410256410255,0.05994808751537337,641,I have no idea how many. Every time I start counting them I fall asleep.
2942,68,22,40,98,160,1.525,0.05742783275418607,641,Hello Room Service? Could you send a Border Collie?
5742,69,19,47,96,162,1.5246913580246915,0.054826560983488426,641,"Yeah, it's going well. I'm up to 14 followers."
1350,70,19,37,87,143,1.5244755244755244,0.06023049707347353,641,"Thanks to millennials and the revival of knitting, I'm living on Fifth Avenue!"
4543,71,22,43,101,166,1.5240963855421688,0.05583957568908744,641,Good News! I won the contract to trim the grass in Central Park.
2846,72,23,32,94,149,1.523489932885906,0.0614120473736232,641,"Yes, well they’re demanding a recount."
390,73,22,36,95,153,1.522875816993464,0.05944139065761413,641,I either need a therapist or a border collie.
6937,74,23,46,107,176,1.5227272727272727,0.054028939728790144,641,Seven-hundred square feet is considered free-range in New York.
1798,75,24,36,101,161,1.5217391304347827,0.05850555829206916,641,I’m watching EweTube.  How about you?
7853,75,27,30,104,161,1.5217391304347827,0.06046337408485477,641,"Actually, I’m a sheep hoarder."
7419,77,25,35,103,163,1.521472392638037,0.058599256442637915,641,I need a large bottle of Ambien and a border collie.
2386,78,25,31,100,156,1.5192307692307692,0.06064933571572566,641,"Okay, I rounded up a handful of Trump supporters, now what?"
7473,79,22,43,103,168,1.5178571428571428,0.05534788640105709,641,Yes we rent them to insomniacs. How many do you need?
3881,80,29,32,113,174,1.5172413793103448,0.05805299891547229,641,"I'd move to the country, but I hate to give up the rent control."
175,81,20,42,97,159,1.5157232704402517,0.056328888748692546,641,It's great dad ... they created a new position and gave me my own staff.
8864,82,20,41,97,158,1.5126582278481013,0.05660255481561403,641,I guess we'll just hang out until the cows come home.
6087,83,17,48,95,160,1.5125,0.05392422764439029,641,The ad said no cats or dogs.
8375,83,21,40,99,160,1.5125,0.05676519828071648,641,Not sure how many. Every time I go to count them I doze off.
4605,85,26,31,105,162,1.5123456790123457,0.05954460922508767,641,The coop board told me to take them to a farm and I did that yesterday--so today I will see if they like the museum.
1975,86,21,44,103,168,1.5119047619047619,0.05470981020984766,641,"Room Service. Send up a Border Collie, please."
3923,87,24,41,109,174,1.5114942528735633,0.05512623197298959,641,"Well, it worked doctor, but now I have a different issue."
5130,88,28,40,120,188,1.5106382978723405,0.05412202330523067,641,"No, I don’t know how many there are—if I try to count them I fall asleep."
5275,88,21,30,90,141,1.5106382978723405,0.06255050342631209,641,"Hi, I saw your ad and wonder if you only walk dogs."
613,90,26,30,105,161,1.5093167701863355,0.05983803996272575,641,"Yes, I definitely have experience managing a staff.”"
4874,90,23,36,102,161,1.5093167701863355,0.05785906819092733,641,Can I call you back?  I'm in a staff meeting.
7454,92,18,40,92,150,1.5066666666666666,0.057343633641100934,641,Know where I can score some grass?
7020,93,23,47,114,184,1.5054347826086956,0.05226929340962017,641,"Man, I think this stuff just kicked in..."
6411,94,21,26,88,135,1.5037037037037038,0.06470930368008215,641,"Yes sir, yes sir, one penthouse full."
859,95,23,25,93,141,1.50354609929078,0.06415542288244747,641,"No, I’m her brother, Bob Peep."
3647,95,19,33,89,141,1.50354609929078,0.06091510317524538,641,The lease is very clear; no cats or dogs.
6116,97,15,46,90,151,1.5033112582781456,0.05469092138294723,641,"Oh yeah,I've been sleeping much better lately."
7828,98,19,42,98,159,1.5031446540880504,0.05563123507040627,641,Something with a lawn.
8754,99,19,42,99,160,1.5,0.055371813550298826,641,"When I woke up,they were still here."
8311,99,22,36,102,160,1.5,0.05746204653902287,641,I'd like to order a small pepperoni pizza and forty side salads..
7921,99,26,26,104,156,1.5,0.061346889572455536,641,"...yes, and one order of ops-chay am-lay...."
6671,99,20,41,101,162,1.5,0.05555555555555555,641,"Yes sir, yes sir, I have you down for three bags full."
6367,99,24,23,95,142,1.5,0.06457873137650802,641,Let Mr. Trump know that I have a lot of his base with me
4330,99,17,41,92,150,1.5,0.056560632470065875,641,My landlord said no dogs or cats.
3457,99,23,28,97,148,1.5,0.061766006260120486,641,"Oh, that’s the most ridiculous story I ever heard...
You’re saying she lives in a giant shoe with HOW many kids?"
6053,106,19,50,108,177,1.497175141242938,0.051383212997010694,641,I'm in the middle of a staff meeting.
3446,107,20,42,103,165,1.496969696969697,0.054795354289892115,641,"Well, she did get the truck, tractor, land, farm and country house - but you'll never guess what I got away with!"
6515,108,22,36,103,161,1.4968944099378882,0.05718841014446266,641,"Yes, 3 bags."
1440,109,20,39,100,159,1.4968553459119496,0.056342220504332345,641,I'll have to call you back.  I'm watching the Rams.
2645,109,25,29,105,159,1.4968553459119496,0.05977042153823953,641,"No, I ordered LAMPS."
7567,111,25,26,102,153,1.4967320261437909,0.06160072549383685,641,And my staff is absolutely useless.
4721,112,24,25,98,147,1.4965986394557824,0.06283916428815614,641,How many? I don’t know. Every time I try to count them I fall asleep.
112,113,15,40,86,141,1.49645390070922,0.05749244562962961,641,"No,I'm still awake."
4005,114,18,33,88,139,1.4964028776978417,0.060731045618624434,641,"Oh, there's huge demand for locally sourced."
6935,115,22,29,97,148,1.4932432432432432,0.0610147547414506,641,We're just hanging out waiting for the Rams game to start.
7436,115,23,27,98,148,1.4932432432432432,0.061763492125337306,641,I'm just watching this show about some crazy cat lady with like thirteen cats.
1636,117,21,30,95,146,1.4931506849315068,0.06089132885212774,641,"Yes, customer service, I'd like to return the artisinal knitting kit."
6594,118,22,27,95,144,1.4930555555555556,0.062327093988756695,641,"Oh, believe me, Bo, I know where to find them."
5642,119,23,38,110,171,1.4912280701754386,0.055249642064338,641,"Bo, honey, I'm telling you. I know where they are."
6819,120,17,42,96,155,1.4903225806451612,0.05520100144162101,641,I'm having second thoughts about the whole urban farming thing.
5389,121,22,31,100,153,1.4901960784313726,0.05946502634611337,641,"19 big green salads, no dressing, and one cheeseburger."
9007,121,22,31,100,153,1.4901960784313726,0.05946502634611337,641,"No, I'm not off. I'm working from home today."
7477,123,21,27,93,141,1.4893617021276595,0.06255050342631209,641,Could you please send up a border collie
8495,124,17,34,88,139,1.4892086330935252,0.0598602153660868,641,"Much better, thank you. My old job was herding cats."
2338,125,22,41,111,174,1.4885057471264367,0.05390751260658668,641,"No, I don't know how many there are. I keep falling asleep."
4362,126,22,34,104,160,1.4875,0.05745349500291793,641,"No, I'm not sure how many. Every time I try to count 'em I fall asleep."
8707,126,23,32,105,160,1.4875,0.05813364292947392,641,"I don't care if he's Best in Show at Westminster, he's late for work!"
3113,128,23,31,104,158,1.4873417721518987,0.05870030814999981,641,"I'm telling you, they're  obviously not comfortable watching Wolf Blitzer."
4829,129,23,30,103,156,1.4871794871794872,0.05928103811086665,641,"Alexa, count my sheep."
1619,130,15,43,92,150,1.4866666666666666,0.054944891379815716,641,I have the television on. Maybe that's what you're hearing.
1503,131,16,37,89,142,1.4859154929577465,0.05805070780061177,641,Hello? I don't think this is what I meant by 'all natural sleep-aid'
8136,132,15,36,85,136,1.4852941176470589,0.059027424405844596,641,I just feel like my work follows me wherever I go.
5777,133,22,34,105,161,1.484472049689441,0.057175760173400356,641,"I thought working at home would be great, but turns out it stinks."
4979,134,18,40,99,157,1.484076433121019,0.055414857483973325,641,I relocated to New York City. No...same job.
4618,135,20,34,99,153,1.4836601307189543,0.05799109035291374,641,"Well, it was fun for a while. But I'd like to cancel my subscription."
2538,136,19,35,97,151,1.4834437086092715,0.0578147338979986,641,Just watching the Rams. . . and you?
5814,136,19,35,97,151,1.4834437086092715,0.0578147338979986,641,They wanted to watch the Rams' game.
3941,138,16,40,93,149,1.483221476510067,0.05602144749887475,641,Can you pick up some lint rollers?
975,139,25,34,115,174,1.4827586206896552,0.05571703160487565,641,I’m herding from home today.
4491,140,23,37,112,172,1.4825581395348837,0.054992697121151145,641,You've been awake how long....we'll be right over.
1989,141,23,36,111,170,1.4823529411764707,0.0554847821030564,641,"I  have no idea how many, I keep falling asleep!"
2413,141,28,26,116,170,1.4823529411764707,0.058537417660800825,641,You can't sleep?  We'll be right over.
1733,143,18,45,105,168,1.4821428571428572,0.052709055496617196,641,"Listen, Bo-Peep, the judge told you, they're mine Tuesdays and every second Saturday."
6200,144,21,36,105,162,1.4814814814814814,0.05622251288275714,641,"Ironically, they make it nearly impossible to sleep."
5698,145,23,31,106,160,1.48125,0.05812307682623511,641,I told that damn Alexa to order me sheets!
5965,145,19,39,102,160,1.48125,0.05535184415124213,641,I unfriended most of them but they’re still following me.
2667,147,16,44,98,158,1.481012658227848,0.05366629173820602,641,It pays better than dog walking
3190,147,15,46,97,158,1.481012658227848,0.05290978372519389,641,"That's right Bo Peep, small bills in a plain paper bag."
7815,147,16,44,98,158,1.481012658227848,0.05366629173820602,641,Sure it’s crazy but I haven’t slept this well in years.
1990,150,18,39,99,156,1.4807692307692308,0.05567181532146449,641,"Sorry, I can't make it - I'm in the middle of a staff meeting."
4978,151,25,24,105,154,1.4805194805194806,0.06126636550930344,641,Siri—play Silence of the Lambs.
5937,152,22,29,101,152,1.480263157894737,0.059750260675772535,641,I feel like I should just go back to Ambien.
4701,153,22,28,100,150,1.48,0.060364293044152834,641,I am not a hoarder.....I'm a herder!
8628,154,17,49,107,173,1.4797687861271676,0.05092872869366735,641,They insisted we watch the Rams game.
3750,155,14,43,91,148,1.4797297297297298,0.05463411416717925,641,"Hello, Ms. Peep? I'm not sure I can explain this, but I think I have some good news for you."
6320,156,24,32,111,167,1.4790419161676647,0.056875784566158896,641,"I don't know what it is Harold, they just love watching Fox News."
582,157,16,35,89,140,1.4785714285714286,0.05864858428056738,641,"She got the house and land, but I managed to win the sheep."
7755,158,21,35,105,161,1.4782608695652173,0.05647991763811556,641,Is the wolf off Wall Street yet?
8373,158,21,24,93,138,1.4782608695652173,0.06358368451465433,641,"Yes, this is Mr. Shepard. Is this the customer service department? Thank goodness. Yes, there's been a mistake. The order was for white sheets."
8248,160,12,41,83,136,1.4779411764705883,0.05617327666609693,641,This farm to table gift you sent me sucks.
7867,161,17,41,99,157,1.4777070063694266,0.054658821278180225,641,"I'm not sure how many. Every time I count them, I fall asleep."
8310,162,24,26,105,155,1.4774193548387098,0.06025743117501185,641,"Listen, Bo Peep, if you get the cops involved, you can kiss your flock goodbye."
6497,163,23,38,115,176,1.4772727272727273,0.054028939728790144,641,"I can’t tonight, it’s my weekend with the kids."
3263,164,26,29,115,170,1.4764705882352942,0.05732337006630438,641,"Yes, I unplugged the cable box and plugged in again but they didn't go away."
8888,165,17,36,94,147,1.4761904761904763,0.05738154108610372,641,"I finally whipped my insomnia, but Marcia's left me."
232,166,22,35,109,166,1.4759036144578312,0.05583957568908744,641,I'm still getting used to working from home...
2620,167,16,37,92,145,1.4758620689655173,0.05713695872016812,641,"If you can be a little more specific, I'll see if he's here."
8555,167,16,37,92,145,1.4758620689655173,0.05713695872016812,641,"It’s rent controlled, so I actually don’t pay more than 2 bags full"
1310,169,17,44,103,164,1.475609756097561,0.05293370023618161,641,So what do I do with them when I’m awake?
5852,170,17,43,102,162,1.4753086419753085,0.0534096369307368,641,"In hindsight, Melatonin would have been better."
183,171,17,33,91,141,1.475177304964539,0.05919209561034709,641,"Yes, I can schedule your lawn for Tuesday at 10 am. Will your dogs be inside?"
628,172,17,41,100,158,1.4746835443037976,0.05439586852571529,641,Working from home has been more challenging than I imagined.
2600,173,20,44,113,177,1.4745762711864407,0.051969305548508545,641,Today I'm working from home
2286,174,25,24,107,156,1.4743589743589745,0.0606340348541119,641,"Can you tell the president, he has lost some of his base?"
5006,175,19,34,99,152,1.4736842105263157,0.0575036698641361,641,"No, I gotta stay in -- I brought a bunch of work home with me."
5574,175,22,37,112,171,1.4736842105263157,0.05459031484585589,641,Mary?  I found ‘em.
7514,177,20,22,89,131,1.4732824427480915,0.06531754880139101,641,The Oval Office got all the black ones
3000,178,16,38,94,148,1.472972972972973,0.05627228242115625,641,"I'm not sure how many I have.  Every time count them, I doze off."
2368,179,20,29,97,146,1.4726027397260273,0.06007018842178713,641,Ewe Haul?
494,180,23,30,108,161,1.4720496894409938,0.05782155014860056,641,"Yes, the usual - one small pepperoni pizza and 12 garden salads, no dressing."
6338,180,19,38,104,161,1.4720496894409938,0.0550706151715772,641,Sheets! I said new sheets!
7386,182,21,33,105,159,1.471698113207547,0.05700044118195981,641,"Twelve. I count them every night, and there are twelve of them. Then I drink myself to sleep."
7432,183,20,26,94,140,1.4714285714285715,0.062033754978375086,641,You tell Bo-Peep to wire the money by midnight or she never sees them again.
4447,184,17,31,90,138,1.4710144927536233,0.060141964166053795,641,I hate bringing work home on the weekends.
5646,184,14,37,87,138,1.4710144927536233,0.05744298290792281,641,It’s baa this and baa that. Their negativity is killing me.
5674,184,14,37,87,138,1.4710144927536233,0.05744298290792281,641,"Yeah, white as snow. Yep, every where I go."
1728,187,18,28,90,136,1.4705882352941178,0.06169463812765597,641,"They want me to tell you they're not stock, they're emotional support sheep,
and they won't be coming back."""
3948,188,23,30,109,162,1.4691358024691359,0.057537350472072715,641,"Yes, I would like to renew my Ambien prescription."
8174,189,22,31,107,160,1.46875,0.05740857853959726,641,"Yes, I am dressed like a shepherd. What are you wearing?"
32,189,21,33,106,160,1.46875,0.05671973675658103,641,"For some reason, all they want to watch is Fox News."
8371,191,20,42,113,175,1.4685714285714286,0.05239020667616415,641,I just invited the one. You know how they are.
2273,192,16,35,92,143,1.4685314685314685,0.0577016339324539,641,"Yes, I'm still awake."
8479,192,14,39,90,143,1.4685314685314685,0.05596867379164746,641,"I’d like to order some grass, please...Yes sir, yes, sir, three bags full."
2561,194,18,37,101,156,1.4679487179487178,0.05563370677566474,641,"No, honey, I said ""flock"" - we gotta get the flock outta here"
2654,194,17,39,100,156,1.4679487179487178,0.05488530170876218,641,"Yes, they've been very understanding of my emotional support flock."
5508,194,21,31,104,156,1.4679487179487178,0.057820829183063624,641,"Yeah they are a lot of work, but I’ve been sleeping like a baby!"
5088,197,20,32,102,154,1.4675324675324675,0.05766060939941545,641,"Eight or nine of them, I believe. I keep falling asleep."
2597,197,25,22,107,154,1.4675324675324675,0.061230368816707514,641,What is the maximum number of emotional support sheep you allow on a flight?
520,199,15,34,88,137,1.467153284671533,0.0586552236454385,641,"No, still not married - why do you ask?"
2396,199,18,28,91,137,1.467153284671533,0.06133891001447395,641,"Not sure if they're all here; every time I try to count them, I doze off."
5892,199,20,24,93,137,1.467153284671533,0.06306461999945201,641,"Yeah, I tried counting sheep. It worked, I just didn't expect them to be here when I woke up..."
453,202,25,27,113,165,1.4666666666666666,0.058011730937255576,641,I said a dozen sheets
801,202,23,24,103,150,1.4666666666666666,0.0610619421206093,641,They insist on Fox News. Something about wool over your eyes.
5827,202,26,32,122,180,1.4666666666666666,0.054811906801808634,641,"I prefer CNN, but they insist on Fox News."
2378,205,21,38,113,172,1.4651162790697674,0.05369227745258128,641,"I'd  like to order one shepherd's pie and 24 kale salads, please."
6992,206,20,33,104,157,1.464968152866242,0.056814466363256565,641,I'm in a leadership position...
3111,207,14,38,90,142,1.4647887323943662,0.05623804933571396,641,Sure the rent is expensive but I’m sleeping a lot better.
8542,208,15,42,98,155,1.4645161290322581,0.05359112169624565,641,They are emotional support sheep. I’ve got lots of issues.
1895,208,20,32,103,155,1.4645161290322581,0.057366751934101005,641,I'm calling to report a lost dog.
6045,210,12,41,87,140,1.4642857142857142,0.05497894045633623,641,"Well, you might have included that little detail in the brochure."
3570,211,21,34,109,164,1.4634146341463414,0.05564783394882585,641,Room service?  I said I needed to get plenty of sleep!
7132,211,20,36,108,164,1.4634146341463414,0.05497149010267831,641,"Mom, a lot of people work from home these days, I’ll be fine!"
5911,213,18,39,105,162,1.462962962962963,0.05407898985316528,641,"No, doc. . .wide awake.  Should I count 'em again?"
3426,214,17,47,111,175,1.4628571428571429,0.05045232883959831,641,"Hello, Bo? I've found them!"
614,215,19,30,98,147,1.4625850340136055,0.058934809682683435,641,I don't know how many. Every time I try to count I fall asleep.
7699,215,17,34,96,147,1.4625850340136055,0.05733180506580105,641,I can't. I had to bring some work home tonight.
6101,217,18,37,103,158,1.4620253164556962,0.05508569032142656,641,"Hey Bo.  So if we're officially through, when are you picking up the rest of your things?"
849,218,19,34,103,156,1.4615384615384615,0.056346305580522726,641,"Yes sir, yes sir, two bags full."
2807,218,20,26,97,143,1.4615384615384615,0.06099185986898437,641,"OK, they came home. Now what?"
6303,218,17,38,101,156,1.4615384615384615,0.05485872930260107,641,"No, just one small burger and forty-three large salads."
1339,221,20,43,117,180,1.461111111111111,0.051280250728389924,641,"No, I can't do lunch today.  I'm working from home."
6361,222,17,31,93,141,1.4609929078014185,0.05913744272765056,641,I guess it wasn't a dream after all.
3121,222,17,31,93,141,1.4609929078014185,0.05913744272765056,641,"Yeah, we're in town for the manger scene."
128,224,20,36,109,165,1.4606060606060607,0.05470945207290505,641,Hello Amazon? I think there's been some mistake. I ordered a dozen sheets.
1820,225,14,42,96,152,1.4605263157894737,0.05352800557897236,641,You tell me the insomniac's room number...I send the sheep.
5216,225,17,36,99,152,1.4605263157894737,0.055916567388248406,641,"It's like this, Bo-Peep, $25,000 in old unmarked bills or you will never see them again"
8549,225,18,34,100,152,1.4605263157894737,0.056690394990908305,641,"...good news, Ms. Peep...I found your sheep."
7424,228,16,32,91,139,1.460431654676259,0.058893798631887095,641,This isn’t quite what I expected when you said farm to table.
5543,229,17,35,98,150,1.46,0.05646562574151032,641,"I didn’t say, “Get the FLOCK over here” ..."
6891,230,18,38,105,161,1.4596273291925466,0.05431232203215507,641,"Yes, a BLT and two bales of hay."
4073,231,21,26,101,148,1.4594594594594594,0.060166449866181734,641,"Bo Peep. Meet me at Main and Bailey in two hours. Bring $25,000 in small bills. Come alone."
2169,232,14,39,93,146,1.4589041095890412,0.055091894998681834,641,I'll have to re-think this working from home thing.
5071,233,22,34,114,170,1.4588235294117646,0.05477917086125449,641,"Yeah, I just arrived at the air baa and baa. It’s perfect."
6709,234,23,26,108,157,1.4585987261146496,0.05890450578592518,641,"Yeah, for delivery--a dozen mixed-green salads, no dressing, and a shepherd's pie."
8833,234,21,30,106,157,1.4585987261146496,0.05750149708684009,641,"Hello? I'd like to report a missing - well, yes, - he is black but I don't see why that matters."
261,236,14,38,92,144,1.4583333333333333,0.05564047511355803,641,Kind of a problem. I woke up and they're still here.
7281,237,16,39,100,155,1.4580645161290322,0.05433739164232838,641,"Twelve green salads, no dressing."
2756,237,20,31,104,155,1.4580645161290322,0.05733847619824994,641,We're watching ewe tube.
490,239,19,38,109,166,1.4578313253012047,0.05377492180655879,641,I'll be working from home today.
3924,240,20,25,97,142,1.4577464788732395,0.061304077635453945,641,"When you first put me on hold, there were only two sheep in the room."
8355,241,23,24,106,153,1.457516339869281,0.06009032309963079,641,"No, I can't tell you how many. I keep falling asleep."
7158,241,16,38,99,153,1.457516339869281,0.05485300125042835,641,"Yeah, the State Fair was great. Unfortunately the raffle prize wasn't the Cadillac this year."
1147,241,18,34,101,153,1.457516339869281,0.05639902809615164,641,Working from home. How about you?
1695,244,19,37,108,164,1.4573170731707317,0.054259402217691405,641,It sure beats having an elephant in the room!
8476,244,24,27,113,164,1.4573170731707317,0.057603526146038975,641,"Well, they’re sheep!  They like Fox News!"
7858,246,21,22,97,140,1.457142857142857,0.06279825326960226,641,Working from home today. What are YOU doing?
1385,247,16,37,98,151,1.4569536423841059,0.05538155775450459,641,"What do you mean, “lost”? It’s my weekend to have them!"
1592,248,16,26,85,127,1.4566929133858268,0.06299993702352612,641,"On the upside, I haven't seen a wolf all day."
4943,249,22,24,103,149,1.4563758389261745,0.06059384869733533,641,"Not much, just getting in the mood to watch a Trump Rally."
5780,249,20,28,101,149,1.4563758389261745,0.059078126720649805,641,I told Alexa I needed more SLEEP.
8263,251,22,29,109,160,1.45625,0.05735720236833395,641,"Not bad, but the dog's still working on getting the last couple into the elevator."
5290,252,12,38,86,136,1.4558823529411764,0.056076945910212894,641,"What comes after ""leave them alone and they'll come home?"""
6005,253,21,25,101,147,1.4557823129251701,0.06046390760078632,641,"Mother, Mary left me."
2244,254,22,28,108,158,1.4556962025316456,0.05791043964870616,641,"Hello, Bo Peep? If you want to see your sheep again, listen carefully...."
275,255,21,35,113,169,1.455621301775148,0.05436600178436971,641,I'm not sure how many....every time I try and count them I fall asleep
7708,256,19,44,117,180,1.4555555555555555,0.05064587330738604,641,A sheep-friendly building and rent-stabilized. Who knew?
1826,257,16,34,95,145,1.4551724137931035,0.05705018153438331,641,"Sure he's cunning, but that wolf will never get past the co-op board."
2598,257,20,26,99,145,1.4551724137931035,0.060314716077904215,641,This is the last time I order a wool coat from IKEA.
5050,257,17,32,96,145,1.4551724137931035,0.057883578446042167,641,Lost the farm. Staying with my son and his wife.
811,260,21,29,106,156,1.455128205128205,0.057765783557717935,641,Sheets! I asked for fresh sheets!
8047,261,24,28,115,167,1.4550898203592815,0.05679217160678647,641,"I wanted a cheap hotel, not a sheep hotel."
606,262,14,37,92,143,1.4545454545454546,0.05590094862392177,641,I decided to work from home today.
1596,262,19,42,115,176,1.4545454545454546,0.051483310760817656,641,Me?... holding an offsite staff meeting.
2500,262,18,34,102,154,1.4545454545454546,0.05611030907712433,641,Yes we can help treat insomnia.
852,265,20,44,121,185,1.454054054054054,0.05022261238656589,641,You always herd the ones you love.
4341,266,21,37,116,174,1.4540229885057472,0.05318010758297606,641,Don't be so dramatic. It's called shared custody and you know where to find them
529,267,21,27,104,152,1.4539473684210527,0.058919349108138834,641,No...I said “send up more SHEETS”
7314,267,18,33,101,152,1.4539473684210527,0.05665751999606682,641,...and I'll have the shepherd's pie.
1652,269,16,36,98,150,1.4533333333333334,0.05563275769329412,641,"Reservation for twelve at Tavern on the Green, please."
7917,269,17,34,99,150,1.4533333333333334,0.05643127844709662,641,"I'd like to order ten salads and one pizza, please."
7869,271,19,25,95,139,1.4532374100719425,0.06145544840572057,641,"We're just watching ""Silence of the Lambs."""
3087,272,11,31,75,117,1.452991452991453,0.06129524258289527,641,I'll be right down. He's my only black one.
4350,273,21,30,108,159,1.4528301886792452,0.05692132880353991,641,how many manger scenes are we looking at?
1291,274,17,33,98,148,1.4527027027027026,0.05699341741428134,641,What size does the sweater need to be ?
6684,274,12,43,93,148,1.4527027027027026,0.05280725624165995,641,"Let me call you back, I'm just in a staff meeting right now."
3888,276,17,23,86,126,1.4523809523809523,0.06434741307279569,641,So I finally one-upped that urban farmer who lives next door.
3475,276,17,42,109,168,1.4523809523809523,0.05191617948889725,641,"Yes, one medium pepperoni mushroom and a dozen side salads..."
3920,278,18,35,104,157,1.4522292993630572,0.055297408202929485,641,...and I wonder why I'm single
7597,278,17,37,103,157,1.4522292993630572,0.054554046931765805,641,"But Dad, I have a job."
7365,280,15,36,95,146,1.452054794520548,0.055905135741276354,641,I think it's time for me to move to greener pastures.
283,281,17,27,91,135,1.451851851851852,0.061056226086237106,641,... and do you allow pets?
1396,281,19,23,93,135,1.451851851851852,0.06284090533180428,641,I couldn't sleep so we're watching a movie.
8346,283,20,30,105,155,1.4516129032258065,0.05730547020617342,641,"Yeah, I'm trying out this new “work from home” option"
4045,284,21,37,117,175,1.4514285714285715,0.052938959445421374,641,I think I’ve become their emotional support animal.
4704,285,18,29,97,144,1.4513888888888888,0.058991344622710606,641,"Yes, I slept just fine, but now I have a different problem."
7795,286,16,32,94,142,1.4507042253521127,0.057914221190960236,641,"Wait, so when you texted ""Go Flock Yourself,"" that was a typo?"
6103,287,20,33,109,162,1.4506172839506173,0.05541906569269777,641,"Hello, front desk?  I'd like to request wake-up service."
2870,288,17,34,100,151,1.4503311258278146,0.056136652664272445,641,"Tell Bo-Peep we want small, unmarked bills."
3889,289,15,33,92,140,1.45,0.05763852343138624,641,Room service? I would like to order 15 Kale salads with no dressing.
322,289,19,34,107,160,1.45,0.05522965204859438,641,"No, not that kind of grass..."
1432,289,20,32,108,160,1.45,0.055936846689906145,641,"No, this is her brother Bob Peep; can I take a message?"
2916,289,16,40,104,160,1.45,0.05305153540478383,641,Just wait until the cows come home.
24,293,15,46,108,169,1.4497041420118344,0.05029585798816569,641,I don’t know how many. I get to 10 and I’m out.
2194,294,21,33,113,167,1.4491017964071857,0.054822076881569565,641,Yes..I'd like the shepherd's pie. For twelve.
8172,295,19,28,100,147,1.4489795918367347,0.05886485097420237,641,I have a question about the new sleep app.
3147,295,18,30,99,147,1.4489795918367347,0.058067914721466454,641,"Yes, this is the Shepherd residence."
6898,295,20,26,101,147,1.4489795918367347,0.05965114114860341,641,Me? I’m just at a gathering of Trump supporters.  And what are you up to?
666,298,17,45,114,176,1.4488636363636365,0.05017494482854781,641,No problem. We're watching the Rams game.
3258,299,18,34,104,156,1.4487179487179487,0.05554070765085997,641,Yeah. I started with dog-walking and things just kind of took off from there.
865,300,21,32,112,165,1.4484848484848485,0.05532011298496839,641,We’ve lost our way.
526,301,19,40,115,174,1.4482758620689655,0.051884454673076216,641,The lease only said no dogs.
2883,302,15,38,99,152,1.4473684210526316,0.05426195586204414,641,"I find it hard to relax because my work follows me everywhere."""
3026,303,14,48,108,170,1.4470588235294117,0.04936898351850083,641,"I apologize, we'll take the stairs next time."
7184,304,15,33,93,141,1.446808510638298,0.057317201538349745,641,Nothing much — just watching a little EweTube.
7790,304,16,31,94,141,1.446808510638298,0.05819431857820419,641,"I was skeptical at first, but I got to say, I'm really starting to enjoy this working from home thing."
2433,306,17,33,100,150,1.4466666666666668,0.0563916209577549,641,"I like the new gig, except when they ask me to take work home."
360,307,17,37,105,159,1.4465408805031446,0.05401468392302288,641,My lease said no cats or dogs
8447,308,21,33,114,168,1.4464285714285714,0.05456030570229828,641,Tell Mr. Trump I have just arrived with a group of his most devoted supporters and we look forward to meeting him.
4263,309,14,34,91,139,1.4460431654676258,0.05701051955612019,641,Apartment living really IS easier; I haven’t lost a single one.
7452,310,15,40,102,157,1.4458598726114649,0.052996834034257555,641,I just want to inquire about how many comfort animals you allow me to take on my flight?
5941,310,20,30,107,157,1.4458598726114649,0.05671825988423107,641,Another insomnia case? I'll be right there.
8595,310,20,30,107,157,1.4458598726114649,0.05671825988423107,641,"Front desk?  I thought you said ""CHEAP ROOM"" ."
1084,310,15,40,102,157,1.4458598726114649,0.052996834034257555,641,"The lease said no dogs,nothing about sheep."
5342,310,15,40,102,157,1.4458598726114649,0.052996834034257555,641,$500 on the Rams. I have inside information.
3482,315,19,36,111,166,1.4457831325301205,0.053709442425430576,641,So I decided I'll work from home today..
3849,315,15,44,107,166,1.4457831325301205,0.05091784368116453,641,"I would tell you how many, but I might nod off."
8554,317,19,40,116,175,1.4457142857142857,0.05165067893353481,641,Damned if it didn't work.  I left them alone.  They came home.
8171,318,11,39,87,137,1.4452554744525548,0.054744525547445244,641,Not much. Brought some work home with me.
1783,319,17,31,98,146,1.4452054794520548,0.05752806049025347,641,"…yeah, the real trick is finding something they all want to watch."
90,320,16,37,102,155,1.4451612903225806,0.05426272840231366,641,I told the condo board I worked in commodities.
4133,321,22,33,118,173,1.4450867052023122,0.053987498023609505,641,"I'm not sure how many there are.  Every time I try to count them, I fall asleep!"
1482,322,13,42,98,153,1.4444444444444444,0.0523681439910219,641,The Rams are up by 3 points; you wouldn't believe the tension in the room.
1932,322,11,46,96,153,1.4444444444444444,0.05069934793518942,641,"I'm not sure if it's from the counting or the tending, but I'm definitely sleeping better."
6757,322,15,34,95,144,1.4444444444444444,0.05642291068539017,641,"No, not ""you"", I said I have a problem with ""ewes""."
7878,322,23,26,113,162,1.4444444444444444,0.057422061547506426,641,About how big is each dinner salad?
72,326,18,39,112,169,1.4437869822485208,0.05231872605406224,641,I'm working from home today.
5245,326,20,35,114,169,1.4437869822485208,0.053648241836889515,641,The sheep didn't work Doc...couldn't I just take an Ambien?
5000,328,16,39,105,160,1.44375,0.05301215818182031,641,I’d like to order twelve salads to go.
7284,329,17,33,101,151,1.4437086092715232,0.0560949696047552,641,"That's 11 large salads, hold the feta..."
6647,330,16,46,114,176,1.4431818181818181,0.04948823098377217,641,"No, I said I could use more _sleep_."
6488,330,25,28,123,176,1.4431818181818181,0.05507722387991948,641,"Hi, I’m calling to reserve a ewe-haul."
1490,332,20,30,108,158,1.4430379746835442,0.0564287434455168,641,That’s right — a large cheese pizza and a border collie.
2009,333,14,38,97,149,1.4429530201342282,0.05419341644813102,641,It's honestly far superior to urban beekeeping.
3015,333,15,36,98,149,1.4429530201342282,0.055023823094072284,641,"Well, I told them the grass wasn’t always greener but they wanted to see for themselves."
4186,335,20,37,117,174,1.4425287356321839,0.052486282889716615,641,This isn't working. I need to go back on Ambien.
663,336,22,29,114,165,1.4424242424242424,0.05594813031195884,641,"I'm actually not sure how many I have, I keep dozing off around 10."
5876,336,24,25,116,165,1.4424242424242424,0.05725393388596726,641,"Yeah, I'm stuck spending the holiday with Trump supporters too."
4280,338,20,29,107,156,1.4423076923076923,0.05697095208020586,641,"No, no, Genie.  I said I wanted a CHEAP apartment."
6213,338,16,37,103,156,1.4423076923076923,0.05398923445623158,641,"Hello, Tavern on the Green? I'd like to reserve just the Green for dinner tonight."
3698,338,11,47,98,156,1.4423076923076923,0.05001272345589651,641,"I know, I  know -- gotta stop bringing my work home with me."
6519,341,13,39,95,147,1.4421768707482994,0.05385973882140541,641,It always seemed unfair that I got to see where they live but they never got to see my place.
8406,342,14,33,91,138,1.4420289855072463,0.0572826206560184,641,They’re my emotional support flock.
328,343,23,30,119,172,1.441860465116279,0.054828902127176206,641,Can't.  I'm watching the Rams play tonight.
1616,344,13,42,99,154,1.4415584415584415,0.05210696346011032,641,I think sleeping pills may have been the more practical option.
3045,344,17,34,103,154,1.4415584415584415,0.05526902742339265,641,"That’s right, 3 fish tacos, a diet coke , and 50 bales of hay."
6227,346,13,38,94,145,1.4413793103448276,0.05438251605601661,641,Every time I try to count them I fall asleep
2325,347,15,37,100,152,1.4407894736842106,0.05421703592302334,641,Yes sir... yes sir.  That is correct....two bags full
7247,348,22,34,121,177,1.4406779661016949,0.05303667614553274,641,"Actually, they let me work from home."
4282,349,17,29,97,143,1.4405594405594406,0.058395751440556545,641,"Sometimes you just get a sudden craving for twelve sheep, and I guess that's the danger of Amazon Prime"
1701,350,14,31,89,134,1.4402985074626866,0.05851488825837687,641,You never listen to me. I said I wasn't getting enough SLEEP.
1138,351,21,28,110,159,1.440251572327044,0.056846510462959965,641,"Not as well as I'd hoped, actually. I'm going back on Ambien."
8623,351,16,38,105,159,1.440251572327044,0.05323033225817191,641,"I counted, I slept, now what?"
4310,353,19,28,103,150,1.44,0.0579129949908854,641,"Yes, i placed the ad looking for a border collie who could work an elevator"
5507,354,18,37,111,166,1.4397590361445782,0.052985904137729446,641,"Yes sir, yes sir, free shipping with three bags full"
1852,355,15,39,103,157,1.4394904458598725,0.052952651588866466,641,"Turns out, it's much easier than walking dogs and I've never slept better."
6465,356,16,44,113,173,1.439306358381503,0.050074791744100226,641,"That’s right, I’m working from home today."
1360,357,18,29,101,148,1.4391891891891893,0.05770823215139488,641,Bo-Peep here. You wouldn’t believe where I found them.
2879,357,13,39,96,148,1.4391891891891893,0.053577950140455285,641,What specific home owners regulation are you referring to ?
4828,357,11,43,94,148,1.4391891891891893,0.05183376712663901,641,Please send up a Border Collie.
4398,360,18,36,110,164,1.4390243902439024,0.05345683254388238,641,"Nothing much, just at home watching 
Ewe-Tube"
6337,360,17,38,109,164,1.4390243902439024,0.05275240512561912,641,"Fortunately, there was a sheepdog on the co-op's board - he voted us in."
8902,360,20,32,112,164,1.4390243902439024,0.05483854797311062,641,I'm just watching the game with some other rams fans.
3274,363,12,37,90,139,1.4388489208633093,0.05509691172228663,641,It's a lot easier now that I have my own place.
2381,364,20,28,107,155,1.4387096774193548,0.05722523354090957,641,"The good news is, I'm off the Ambien."
3836,365,10,44,92,146,1.4383561643835616,0.051406851743803134,641,"A hamburger, fries, and 12 bales of clover."
373,365,16,32,98,146,1.4383561643835616,0.05665248691758129,641,"Yes, doctor, I already tried that.  Will you PLEASE just renew my Ambien prescription?"
832,367,14,43,105,162,1.4382716049382716,0.05101632374346256,641,"Fine so far, the escalator was a bit of a problem."
4090,367,18,35,109,162,1.4382716049382716,0.05393876372984354,641,You said no dogs.
4164,367,13,45,104,162,1.4382716049382716,0.05025916883710131,641,"Yes, I read the lease, but technically sheep aren’t pets."
3701,370,15,30,92,137,1.437956204379562,0.05848131109309688,641,Your profile mentions knitting as a hobby?
3759,370,16,28,93,137,1.437956204379562,0.05939196876786752,641,"Hi, Bo Peep?  I have them."
7354,370,12,36,89,137,1.437956204379562,0.05566001371092403,641,It's a little less space than we're used to.
1956,373,23,24,113,160,1.4375,0.05793043703090108,641,"Yes, I think I'm highly qualified to be head of the GOP."
187,373,11,41,92,144,1.4375,0.05281393171371909,641,Just chillin'.  Watching the Rams game.
4052,375,12,35,88,135,1.4370370370370371,0.05623866008896599,641,"... yeah, they all wanted to watch the Rams, so I just brought them back to my place."
3149,376,14,37,98,149,1.436241610738255,0.0541428497741127,641,Hello? Rent-a-Border-Collie?
8348,376,17,31,101,149,1.436241610738255,0.05659975570939993,641,I requested new sheets.
8276,378,17,34,105,156,1.435897435897436,0.05470387019534946,641,"I left them alone and they came home, just like you said.  Now what?"
995,379,17,44,118,179,1.4357541899441342,0.04948138964470605,641,"No, that's it, just the one case of mint jelly."
6279,380,17,27,96,140,1.4357142857142857,0.05929589803444791,641,"Well, first we moved to greener pastures, and it just sort of snowballed from there..."
6923,381,17,30,100,147,1.435374149659864,0.05716570581265504,641,I don't know how many. I keep falling asleep when I count.
1873,381,16,32,99,147,1.435374149659864,0.05634474208782457,641,"Yep, I took them to the zoo. And tomorrow we’re seeing Hamilton."
8985,383,21,32,117,170,1.4352941176470588,0.05400372397406586,641,Cannabis hotline?...how long does it take for edibles to wear off?
2973,383,20,34,116,170,1.4352941176470588,0.05335530487957892,641,"Sure I’m falling asleep faster, but what do I do with them during the day?"
2778,383,18,38,114,170,1.4352941176470588,0.052034231715710595,641,"You know it's the same old bah, bah, bah. How about you?"
6534,386,13,31,87,131,1.4351145038167938,0.05845860829074556,641,The wolf of Wall Street? I've got the deal of the decade here for you.
1740,387,22,23,109,154,1.4350649350649352,0.05893930205868131,641,"It's 2018, of course I can work from home."
8037,387,18,31,105,154,1.4350649350649352,0.05598492275488122,641,Are you saying one of these has to be a wolf?
2105,389,18,24,96,138,1.434782608695652,0.060810598450107334,641,"Mom, I need you to understand.  If I can make it here, I can make it anywhere."
3760,389,15,40,106,161,1.434782608695652,0.051966461275408424,641,"Well, it depends on how you define ""free-range"""
8258,389,13,34,91,138,1.434782608695652,0.05629383864931595,641,And then I heard about vertical farming.
7833,392,17,42,116,175,1.4342857142857144,0.050284669342777845,641,I was tired of herding cats.
6023,393,17,32,103,152,1.4342105263157894,0.05575228773132062,641,Trouble falling asleep? Hmm. Ok. How many would you like?
3299,394,17,35,107,159,1.4339622641509433,0.05392654963832408,641,"Well, if this doesn't cure my insomnia, I don't know what will."
4730,394,19,31,109,159,1.4339622641509433,0.05538317206241122,641,"Yeah, I found ‘em.  They got a nice, little sub-let  in Queens."
5515,394,13,43,103,159,1.4339622641509433,0.05088837561068932,641,I hate it when work follows me home.
6160,394,21,27,111,159,1.4339622641509433,0.05680245363973869,641,Bo Peep?  Little Boy Blue here. I found them.
7650,394,13,43,103,159,1.4339622641509433,0.05088837561068932,641,OK--so I've counted them.  Now what??
591,399,14,31,91,136,1.4338235294117647,0.057831365812299515,641,I must have nodded off again.
4533,399,15,29,92,136,1.4338235294117647,0.05876563054702675,641,But *everyone* works from home now.
5840,401,16,40,110,166,1.4337349397590362,0.05154462768517881,641,What is your policy on emotional support herds?
5634,401,17,38,111,166,1.4337349397590362,0.05224813865901336,641,"Yes, that's right:  twelve bushels of hay, a burger and a shake."""
3133,403,14,34,95,143,1.4335664335664335,0.055752899062822235,641,Dog walking was nowhere near this complicated
1327,404,20,25,105,150,1.4333333333333333,0.05863218429368353,641,"Yes, I counted them."
789,405,19,30,108,157,1.4331210191082802,0.05590545008495367,641,Who knew so many people in Manhattan needed a sheepwalker?
4922,405,14,40,103,157,1.4331210191082802,0.05212602768829321,641,I’m not sure if this work from home thing is sustainable.
5433,405,20,28,109,157,1.4331210191082802,0.056631075096004964,641,I give up sweetheart- bring my sleeping pills.
5695,405,15,38,104,157,1.4331210191082802,0.05290351670625326,641,"I got the shepard's hook, the outfit, and the sheep, and we're waiting in your apartment -- where are you?"
6065,405,14,40,103,157,1.4331210191082802,0.05212602768829321,641,I unfriended them but they’re still following me!
8783,410,20,31,113,164,1.4329268292682926,0.05479485605656824,641,"No, plural."
7379,411,15,50,120,185,1.4324324324324325,0.04706591042121747,641,"What do you mean, try Ambien?"
8906,411,12,40,96,148,1.4324324324324325,0.052657072189134575,641,I had to work from home today.
698,413,16,35,104,155,1.4322580645161291,0.054168007227641285,641,Of course the rug is Nylon. Do you think I want to upset them?”
290,414,16,28,95,139,1.4316546762589928,0.05870243952544188,641,Just tending the flock.  What are you doing?
2190,415,16,31,99,146,1.4315068493150684,0.05659820702052454,641,"That's right, a pair of wool shears, and 20 cases of carpet stain remover."
3330,415,13,37,96,146,1.4315068493150684,0.054036442370584234,641,Look Buster! We came all the way to New York for the nativity scene gig.
8142,417,15,36,102,153,1.4313725490196079,0.053886375605996586,641,They calmed down once I turned off Wolf Blitzer.
1237,417,18,30,105,153,1.4313725490196079,0.05622934653690238,641,"I just feel like my work follows me home"""
2271,419,16,40,111,167,1.4311377245508983,0.05130083452942935,641,"Yes, could I have the number of the little boy that lives down the lane?"
8195,420,11,34,85,130,1.4307692307692308,0.05668065512404193,641,He can't fall asleep?  I'll be right there!
2211,421,18,32,108,158,1.4303797468354431,0.05488848693076328,641,"Yes, cancel the Ambien prescription. I'm going to try a natural approach."
5024,422,20,31,114,165,1.4303030303030304,0.05452492017189793,641,"Actually, I work from home."
2432,423,16,32,101,149,1.429530201342282,0.05573823401159774,641,"Oh nothing, just watching the Rams."
4423,423,14,36,99,149,1.429530201342282,0.05408660913384405,641,Why me?  Because everyone else in the Department of Agriculture was fired.
6191,423,16,32,101,149,1.429530201342282,0.05573823401159774,641,"I thought, For a change, Why don't I just follow them?"
7535,423,16,32,101,149,1.429530201342282,0.05573823401159774,641,I brought some work home with me.
1935,427,16,35,105,156,1.4294871794871795,0.0538909380898443,641,We're just hanging out and watching the Rams game.
6494,427,17,33,106,156,1.4294871794871795,0.054652961439817904,641,They said that I could work from home.
1998,429,17,36,110,163,1.4294478527607362,0.05291568833013047,641,"Yeah, there are fewer side effects than Ambien, but I don't know if the upkeep is worth it."
3841,429,20,30,113,163,1.4294478527607362,0.05502082476270505,641,I told you I was working from home today.
3430,431,18,46,127,191,1.4293193717277486,0.047765100901220096,641,"Mom, plenty of people work from home."
5640,432,15,39,107,161,1.4285714285714286,0.05191539769846597,641,"No, no, no.  Sheets...I need extra SHEETS"
3265,432,14,38,102,154,1.4285714285714286,0.05281093055072067,641,House sitting at Bo-Peep's place. You?
6169,432,17,32,105,154,1.4285714285714286,0.05516920970164322,641,Bo?  It’s me. Have you lost anything?
1038,432,18,27,102,147,1.4285714285714286,0.05792034671995594,641,"Nothing, it’s just the TV."
687,432,16,40,112,168,1.4285714285714286,0.0510590916124309,641,What's that? You can't sleep? OK we'll be right over.
2312,437,19,36,118,173,1.4277456647398843,0.051963341854309654,641,"I said, ""I can't SLEEP without a fresh set of SHEETS!"""
8922,437,21,32,120,173,1.4277456647398843,0.05324110786712864,641,Somehow I thought moving to the city would be a bigger change.
4064,439,14,43,109,166,1.427710843373494,0.05005748069481295,641,Can't sleep?  Come on over.
4750,439,15,41,110,166,1.427710843373494,0.05078159827771626,641,"Ok guys, NYPD says the wolf is in custody!"
7476,441,13,42,104,159,1.4276729559748427,0.0508342311709518,641,"Sendup a burger, french fries. and 12 salads, hold the dressing."
8443,441,18,32,109,159,1.4276729559748427,0.054609308164834024,641,They just followed me here. You know what they're like.
3541,441,19,30,110,159,1.4276729559748427,0.05533342601124402,641,"Hey man, got any grass?"
2398,444,17,31,104,152,1.4276315789473684,0.055698277890832516,641,"Yes, I'm their emotional support animal."
3868,444,14,37,101,152,1.4276315789473684,0.05329993464144561,641,Friday is work from home day.
833,446,18,26,101,145,1.4275862068965517,0.05851353740786403,641,"Yeah, I'm working from home today."
7569,447,18,31,108,157,1.4267515923566878,0.055118405985929694,641,On Fridays the ranch lets me work from home.
874,448,21,22,107,150,1.4266666666666667,0.059337631496029046,641,They won't let me put on Fox.
214,449,17,38,114,169,1.4260355029585798,0.05150778287989896,641,But can you describe the sheep you lost?
7934,449,17,38,114,169,1.4260355029585798,0.05150778287989896,641,I'm looking for a sheep dog that is not afraid of heights
5445,451,16,37,109,162,1.4259259259259258,0.05239860932602944,641,Yeah it’s inconvenient but I’ve been sleeping great.
4551,451,15,39,108,162,1.4259259259259258,0.051661717191749765,641,Mary's at her yoga class. Can I take a message?
6993,451,15,39,108,162,1.4259259259259258,0.051661717191749765,641,No--so far they've been holding it in
6094,454,22,22,111,155,1.4258064516129032,0.058574310950914824,641,Yeah. I found them. We're here at the Trump Tower.
5294,454,15,36,104,155,1.4258064516129032,0.05333328828644303,641,I'm shepherding from home today.
2733,456,11,41,96,148,1.4256756756756757,0.051713795279335964,641,Nothing much How are the cows
8261,456,14,35,99,148,1.4256756756756757,0.0543148470702512,641,Not sure how many now. I tend to nod off when I try to count them.
5579,458,15,30,96,141,1.425531914893617,0.057147707224812064,641,"But on the positive side, I'm sleeping better."
6596,459,11,35,88,134,1.4253731343283582,0.055427927557917075,641,You were right Mother.  I left them alone and they came home.
1251,460,15,44,115,174,1.4252873563218391,0.04908596999897506,641,"Yes, a cheeseburger medium rare, a glass of scotch, and 45 pounds of clover”"
2069,461,18,32,110,160,1.425,0.0543327159744222,641,"No, I'm not sick. Just working from home today."
6397,462,19,27,107,153,1.4248366013071896,0.0569346622621077,641,"Hello, Is this the wolf of Wall Street?"
8782,462,13,39,101,153,1.4248366013071896,0.052206895089319826,641,"You have the wrong number; this is the lamblord, not landlord."
3252,464,13,36,97,146,1.4246575342465753,0.05397353787353871,641,"Oh, ya know,mostly ....just tending to things."
3256,464,16,30,100,146,1.4246575342465753,0.056538152821391324,641,Yes Mr. President your followers are assembled as you directed.
3934,464,11,40,95,146,1.4246575342465753,0.05219383266255886,641,Turns out there’s not much of a market for sheep in the city that never sleeps.
5512,467,21,28,116,165,1.4242424242424243,0.05514980951367882,641,"I must have misheard her. Apparently she said ""Go to room 514 if you wanna flock."""
5944,467,11,34,87,132,1.4242424242424243,0.05600759602122153,641,"Just to give you the heads up, I'll be working from home today."
6675,467,14,42,109,165,1.4242424242424243,0.050240747201283964,641,I actually think I'm more productive when I work from home
6017,470,16,35,107,158,1.4240506329113924,0.05334441268197727,641,"I'd like to switch back to Ambien, please."
879,471,16,32,103,151,1.423841059602649,0.055143470184533305,641,They said I have to pay extra for roaming
3977,471,16,32,103,151,1.423841059602649,0.055143470184533305,641,"You'll have to ask one of the other shepherds. I'm working from home today,"
452,473,17,35,111,163,1.4233128834355828,0.052862974697590444,641,"Listen, Peep, you'll get your sheep when I get my cash."
4199,473,19,31,113,163,1.4233128834355828,0.05427683500312034,641,"You never want to come over anymore.  It's the cane, isn't it?"
3184,475,15,36,105,156,1.4230769230769231,0.05306055776760074,641,Bo? Found ‘em.
4430,475,13,29,88,130,1.4230769230769231,0.05867284412310088,641,"Oh, and I've been sleeping great."
4585,475,16,34,106,156,1.4230769230769231,0.05383433640853844,641,"How should I know?  Every time I try to count them, I doze off."
6175,475,16,23,91,130,1.4230769230769231,0.061646446699094366,641,"No, that's the problem. They all think for themselves."
7703,479,14,35,100,149,1.4228187919463087,0.05402467680723152,641,"Yeah,we're working from home today.  Try calling our field office."
460,480,16,28,98,142,1.4225352112676057,0.05769517102982716,641,...and thirty side salads.
569,481,21,26,114,161,1.4223602484472049,0.05617170296266904,641,"Siri, call wolf."
3414,481,16,36,109,161,1.4223602484472049,0.05260286547292216,641,"Yeah...they let me work at home two days a week, and I'm in the field the other three."
5231,481,17,34,110,161,1.4223602484472049,0.05333574043280117,641,It didn't work; better send up some Ambien.
8547,484,18,29,107,154,1.422077922077922,0.05587652023277565,641,That whole follow the star of Bethlehem thing didn't work. I ended up in downtown Cleveland.
5136,484,18,29,107,154,1.422077922077922,0.05587652023277565,641,Haven't slept in a week? My associates and I will be right over.
6056,484,11,43,100,154,1.422077922077922,0.05027930437623901,641,Send more sheep...I'm still awake!
6929,484,15,35,104,154,1.422077922077922,0.05354939962177862,641,"Well, we got kicked out of Botanical Garden today, otherwise the trip's been great."
5820,488,16,30,101,147,1.4217687074829932,0.05622648304146964,641,"Room service? I need grass, a lot of grass- no, no,not pot."
4830,488,11,40,96,147,1.4217687074829932,0.051917989123567834,641,"Yeah, I'm back in the city, but I brought some work home with me."
8879,490,17,36,113,166,1.4216867469879517,0.05214701313455239,641,I was tired of being sheepless in Seattle.
6204,490,20,30,116,166,1.4216867469879517,0.05420672494477536,641,Just let her know I found them.
2951,492,13,41,105,159,1.421383647798742,0.0507750986602376,641,"No, it's ok,  I can talk.  Just wrapping up a staff meeting."
6312,492,18,31,110,159,1.421383647798742,0.054554267692426245,641,Insomnia in room 34? I'm on it.
4157,494,17,30,105,152,1.4210526315789473,0.0556390641001902,641,On Fridays I shepherd from home.
6280,494,12,40,100,152,1.4210526315789473,0.05157531943906594,641,About that lawn mowing job?
547,496,19,31,114,164,1.420731707317073,0.0540065807651301,641,Me? Not much. Watching some EweTube.
3677,496,21,27,116,164,1.420731707317073,0.05537458048703387,641,Remember? Fridays I work from home.
6599,496,19,31,114,164,1.420731707317073,0.0540065807651301,641,"...I got to 12, fell asleep, and in the morning they were still here."
7620,496,15,39,110,164,1.420731707317073,0.05116096138259693,641,"Great news, we just signed a long term contract with the sleep clinic."
1114,500,16,29,100,145,1.4206896551724137,0.056789054377175296,641,"Sure, you can try the sleep meditation app; but we're here in the building. We can be there in ten minutes."
7835,501,12,42,103,157,1.4203821656050954,0.05041667678434835,641,"The price was right and there's a garden on the roof."""
3926,501,16,34,107,157,1.4203821656050954,0.05355817927534392,641,"Predictably, they just want to see Times Square"
7045,501,18,30,109,157,1.4203821656050954,0.05506175807169703,641,I thought you said get the flock back to the apartment and bring the staff.
3621,504,13,37,100,150,1.42,0.052898112355997555,641,I thought you said this would help me sleep.
3524,504,14,35,101,150,1.42,0.05373728453728116,641,"Bo, you left some of your stuff at my place..."
8349,506,16,44,121,181,1.419889502762431,0.04832631491243476,641,Fourteen. How many did you get?
5795,507,12,44,106,162,1.4197530864197532,0.04932517159474345,641,Do you have outdoor seating?
8723,508,14,32,97,143,1.4195804195804196,0.055623032447514806,641,"Quiet guys, it’s our agent about the Rockefeller Center Nativity"
6218,509,17,39,118,174,1.4195402298850575,0.050370220365550666,641,A rack of lamb medium rare; but could you deliver them in an unmarked container
3,510,18,29,108,155,1.4193548387096775,0.055581601557225295,641,I don't hear it. Must be on your end.
7942,511,15,32,101,148,1.4189189189189189,0.05508981911409135,641,"He’s still awake? Sure, I can send another herd, but these are my best jumpers and that’s overtime plus time and a half."
8163,512,10,47,103,160,1.41875,0.048134928119105434,641,We're just going to watch the herding dog competition and then have a snack in central park.
2761,513,13,33,95,141,1.4184397163120568,0.05527496741908386,641,"Nope, I'm working from home today."
4434,513,15,29,97,141,1.4184397163120568,0.05707850968944634,641,No. I tried it. I still can't sleep.
8666,515,12,40,101,153,1.4183006535947713,0.051310968990878336,641,Yeah I’m not feeling great. I thought I’d work from home today.
5564,515,15,34,104,153,1.4183006535947713,0.05376628567047746,641,They said pets were okay.
5274,515,16,32,105,153,1.4183006535947713,0.05456017583187296,641,They're not lost they're having a sheep over
5567,518,18,33,114,165,1.4181818181818182,0.05304666625382815,641,"""You have 24 hours to come with the ransom, Ms. Bo-Peep """
6821,519,18,38,121,177,1.4180790960451977,0.050378047843941835,641,Your ad for a private Peep Show was totally misleading.
1880,520,18,25,103,146,1.417808219178082,0.05812114895695355,641,"Yeah, I'll be working from home today."
5739,520,11,39,96,146,1.417808219178082,0.052122497801328146,641,Nothing much--just been catching up on my sheep.
5040,522,15,36,107,158,1.4177215189873418,0.05252258654473183,641,Sorry mom the job options are pretty limited when you have a degree in biblical studies...
4258,523,13,32,94,139,1.4172661870503598,0.055833959064655735,641,I did.  Twelve.
6429,523,19,20,100,139,1.4172661870503598,0.061180204904572905,641,My border collie is on vacation. The temp service sent me a bichon frise who keeps herding us to the upper west side.
6656,525,15,33,103,151,1.4172185430463575,0.05427232118820629,641,"Okay, play date in Central Park.  We'll met you there."
1151,526,17,26,101,144,1.4166666666666667,0.057886231962495635,641,"Working from home, why?"
1341,526,21,33,126,180,1.4166666666666667,0.051588665816437326,641,"Yes, well they’re as confused as I am."
3871,526,14,37,105,156,1.4166666666666667,0.052211896743616135,641,I don't know.  I fall asleep every time I try to count them.
5836,526,15,30,99,144,1.4166666666666667,0.056183321871936844,641,"No, I said I wanted a room where I could get a ton of SLEEP."
8426,526,18,34,116,168,1.4166666666666667,0.05233135272560261,641,"I said, I wanted a room with a view...not a room full of ewes."
8781,531,19,29,113,161,1.4161490683229814,0.054714821231168304,641,I think I misunderstood how Pay Per Ewe works.
1640,532,15,32,102,149,1.4161073825503356,0.05479102255675767,641,I'm going to be working from home today.
3269,532,17,28,104,149,1.4161073825503356,0.05642203112215597,641,He was already asleep when we got here. Do we still get paid?
3782,532,15,32,102,149,1.4161073825503356,0.05479102255675767,641,Will someone be a lamb and get me a beer?
5961,532,15,32,102,149,1.4161073825503356,0.05479102255675767,641,QVC...I'd like to order a border collie.
6548,536,16,25,96,137,1.416058394160584,0.0591937527223888,641,We've got nativity scenes in all five boroughs.
8607,536,15,27,95,137,1.416058394160584,0.05827999789296098,641,"Room service, I'd like to order the L-A-M-B chops."
675,538,11,30,84,125,1.416,0.0581255593105244,641,I’ve started working from home.
659,539,16,42,120,178,1.4157303370786516,0.048867045774922326,641,Bo's not here.  I'm just the sitter.
2163,540,18,33,115,166,1.4156626506024097,0.0527862861768096,641,"On reflection, there were probably more practical sleeping-aids on the market."
2461,541,15,34,105,154,1.4155844155844155,0.05348502960257234,641,"Okay, tonight I'll try melatonin instead."
3852,541,16,32,106,154,1.4155844155844155,0.054272744811845054,641,I thought you said “go home and get some sheep”
2552,541,14,36,104,154,1.4155844155844155,0.05268553837405883,641,Now the only thing lost is the remote.
7094,544,9,36,85,130,1.4153846153846155,0.05436752444543554,641,"The pay isn't great, but they let me work from home."
3593,545,18,40,125,183,1.4153005464480874,0.04914361740965645,641,I told the hotel I had some emotional support animals
729,546,13,40,106,159,1.4150943396226414,0.05071096062923556,641,"Can’t talk now, I’m at my sleep therapy session."
1780,546,17,32,110,159,1.4150943396226414,0.05375916211716763,641,Can I call you later? I’m about to take a nap.
4431,546,18,30,111,159,1.4150943396226414,0.05449457778017845,641,"Room service? Yes, hello Gwynneth, when I asked for a sleep aid,I had something a little different in mind."
623,549,17,27,103,147,1.4149659863945578,0.05698243742514558,641,Urban farming sounded a lot more glamorous than it is.
2096,549,11,39,97,147,1.4149659863945578,0.051844675852177086,641,It takes “farm to table” to a whole new level.
2418,551,17,39,120,176,1.4147727272727273,0.04990952558181308,641,They were here when I woke up.
4264,552,23,29,129,181,1.4143646408839778,0.052536243134193125,641,"We used to be abiding in the fields, but then I found out that calling them ""emotional support sheep"" would get us into a hotel."
3002,553,17,24,99,140,1.4142857142857144,0.059100585158312194,641,"Hello concierge, I’d like to know more about “farm to table” dining...?"
374,554,19,32,118,169,1.4142011834319526,0.052751135966184234,641,"Yes, the sheep are watching Fox News again."
5797,554,17,36,116,169,1.4142011834319526,0.051398420106589696,641,I'd like the unlimited roaming bundle.
8844,554,15,40,114,169,1.4142011834319526,0.050009127498728795,641,...one turkey club...and thirty-seven sides of kale...
6365,557,17,31,109,157,1.414012738853503,0.05425289195143427,641,The condo board's gonna change their minds when they each get three bags full!
1623,557,17,31,109,157,1.414012738853503,0.05425289195143427,641,"It's sleep you idiot, I need lots of SLEEP."
2668,557,14,37,106,157,1.414012738853503,0.051946109893905246,641,"Yes, we can do the lawn and provide organic fertilizer all at the same time."
8567,560,10,40,95,145,1.4137931034482758,0.0514038615517193,641,Maybe moving my business to the city wasn’t such a good idea.
7378,560,22,28,124,174,1.4137931034482758,0.05351472890036214,641,Can you believe it? My landlord made me get rid of my sheep dog.
8889,560,16,28,101,145,1.4137931034482758,0.056719217432070465,641,"But now that's it morning, what do I do with them?"
630,560,17,26,102,145,1.4137931034482758,0.05755740670599669,641,"Thanks, but I think we're gonna stay in and watch the Rams game."
6614,560,13,46,115,174,1.4137931034482758,0.047601043021994235,641,"Mom, this whole 'urban farming' thing just isn't working out for me."
4099,565,18,31,113,162,1.4135802469135803,0.053727738333672496,641,I’m the only one here rooting for the Rams.
5902,565,18,31,113,162,1.4135802469135803,0.053727738333672496,641,"Hi, it’s Bo, I’m not feeling well and will be working from home today..."
1759,567,14,34,102,150,1.4133333333333333,0.05366785469803721,641,Not much. Just waitin' for the Rams game to start.
5060,567,12,38,100,150,1.4133333333333333,0.051973721347077735,641,"It's called urban farming, Linda."
7635,567,16,30,104,150,1.4133333333333333,0.055310121543127935,641,room service?  one continental breakfast and a border collie
6252,570,14,41,112,167,1.4131736526946108,0.04970550962602081,641,"No, I'm still awake. I think they have to be jumping over a fence."
3047,570,17,35,115,167,1.4131736526946108,0.05183697799699178,641,"Siri, where is the meadow?"
721,570,17,35,115,167,1.4131736526946108,0.05183697799699178,641,Don’t worry Mary. She’s here
7715,570,12,45,110,167,1.4131736526946108,0.0482322294052121,641,"I'm telling you, Herb, if you start watching the knitting channel you'll go all in like I did."
2328,574,18,35,119,172,1.4127906976744187,0.051395545758333605,641,"Yeah, this is the last time I order a merino sweater from the DIY network."
4357,575,18,23,102,143,1.4125874125874125,0.058988378618528556,641,"Listen up, Bo Peep. You get me ten grand in unmarked bills by noon tomorrow or they're all mutton, Got t?"
5117,575,11,37,95,143,1.4125874125874125,0.05282213000595614,641,"Well, how do you feel about pets?  Would that be a deal breaker?"
5657,575,17,25,101,143,1.4125874125874125,0.058147534391436946,641,"They don’t miss the coyotes, of course. But they do find the wool carpets kinda creepy."
5370,578,17,32,111,160,1.4125,0.05348506815666658,641,"Sorry, I can’t talk right now. I’m watching Silence of the Lambs."
5104,578,12,42,106,160,1.4125,0.049674649014532356,641,It takes four dogs to get them all in the same subway car.
4296,578,19,28,113,160,1.4125,0.05493528210654593,641,Yes ma’am. An actual wolf is at my door.
3967,578,14,38,108,160,1.4125,0.051232835751298174,641,It's chaos here because the building doesn't allow dogs.
1642,582,17,27,104,148,1.412162162162162,0.056665520835176245,641,"No, this is Moe Peep."
6089,582,15,31,102,148,1.412162162162162,0.05501930501930503,641,"Bob thanks, counting sheep did help me sleep last night, but what do I do with them during the day...?"
740,584,18,32,115,165,1.412121212121212,0.05298752365938132,641,I don't know how many there are.  I'm trying to stay awake.
5020,585,10,36,90,136,1.411764705882353,0.05369828995148687,641,"No, no, no. I don't sell them - I'm a sheep hoarder."
9025,585,18,27,108,153,1.411764705882353,0.05604912380876679,641,"Room service? I'd like the shepherd's pie, please."
3471,587,17,31,110,158,1.4113924050632911,0.0539720715426665,641,"City that Never Sleeps, eh? We'll see about that."
6326,587,17,31,110,158,1.4113924050632911,0.0539720715426665,641,"No, I asked Alexa for a cheap wall clock, not a sheep wool flock."
7248,587,17,31,110,158,1.4113924050632911,0.0539720715426665,641,"Me? Oh, not much, mostly staring out my window and gathering wool"""
774,590,15,30,101,146,1.4109589041095891,0.055556813747508725,641,I think you'll find I do have plenty of followers.
5568,590,14,32,100,146,1.4109589041095891,0.05469996565342444,641,"Yes, that’s right.  I’m holding for Ms. Peep."
8485,590,14,32,100,146,1.4109589041095891,0.05469996565342444,641,I don't get out as much since I've been working from home.
4019,593,16,37,115,168,1.4107142857142858,0.05089052778825297,641,Is the rooftop open for grazing?
4724,594,17,28,106,151,1.4105960264900663,0.05580755578680138,641,The landlord has no say. They’re licensed as Service Sheep.
7786,594,15,32,104,151,1.4105960264900663,0.05420224018798342,641,"Nothing, really. Just hanging with my Peeps."
8452,594,15,32,104,151,1.4105960264900663,0.05420224018798342,641,I fell asleep counting sheep and when I woke up they're still here
1447,597,15,25,94,134,1.4104477611940298,0.05918373287602838,641,"Well, I've seen New York. Now I'd just like to get the flock outta here."
2660,598,17,37,119,173,1.4104046242774566,0.05049202450011351,641,"Good news, Bo."
744,599,13,38,105,156,1.4102564102564104,0.051344048545813405,641,"I guess you were right, Mom.  Some job-skills just don't transfer well to an urban environment."
2742,599,17,30,109,156,1.4102564102564104,0.05447075605157334,641,"They wanted to see ""Silence of the Lambs"""
3359,599,17,30,109,156,1.4102564102564104,0.05447075605157334,641,"For this afternoon, we have four votes for the Guggenheim and nine votes for Central Park."
3394,599,15,34,107,156,1.4102564102564104,0.05293049492449913,641,"Yes, I took the sleeping pills, but they're still here."
4289,599,14,36,106,156,1.4102564102564104,0.05214330548607018,641,I invited some friends over to watch the Rams' game.
8382,599,10,44,102,156,1.4102564102564104,0.048867907293626424,641,And the worst part is they only want to watch animal planet.
8998,599,17,30,109,156,1.4102564102564104,0.05447075605157334,641,"Oh, hey...Bo! Yep, it was my day to pick them up. Sorry about the confusion."
6741,606,11,37,96,144,1.4097222222222223,0.052532221255634504,641,If you don't mind I'm going to work from home today.
3919,607,14,40,112,166,1.4096385542168675,0.0498792182334768,641,Leave your message when you hear the bleat.
1098,608,14,33,102,149,1.4093959731543624,0.053883656789081566,641,"They couldn't sleep either, so we are all watching TV in your condo."
2964,609,17,36,118,171,1.409356725146199,0.050910198104719494,641,"No, I said send them to my work address"
4309,610,14,35,105,154,1.4090909090909092,0.05261487395060764,641,"Yeah, sometimes I tend to take work home with me."
7375,610,12,39,103,154,1.4090909090909092,0.05097607365412819,641,"Hello, room service?  Send up one vodka martini and eleven shots of wheatgrass."
7580,610,16,31,107,154,1.4090909090909092,0.05420414962422673,641,You're underpricing the sweaters.  This wool was raised on Park Ave.
7985,613,18,29,112,159,1.4088050314465408,0.054430223131922424,641,They are Emotional Support Animals:  I count them to fall asleep.
4881,613,18,29,112,159,1.4088050314465408,0.054430223131922424,641,Ms. Peep? I can tell you where to find them.
517,615,15,26,96,137,1.4087591240875912,0.05819927763553361,641,"Oh, nothing really...just watching EweTube."
8625,616,15,28,99,142,1.408450704225352,0.05667415462064096,641,"Yes, so I've received the sheep but I'm calling in regard to the goats."
2355,617,14,41,114,169,1.4082840236686391,0.04923635011824562,641,"Yeah, I decided to work from home today."
3521,617,20,29,120,169,1.4082840236686391,0.05335609095290415,641,"Yeah, I’m working from home today, why?"
7073,619,17,17,91,125,1.408,0.06435386045016032,641,"Listen Peep, if you ever want to see them again, be at the barn at midnight."
5522,620,16,30,106,152,1.4078947368421053,0.054714365844103885,641,Please leave your message after the bleat.
615,620,18,26,108,152,1.4078947368421053,0.05628444350976381,641,"Good Shepherd House Sitting, may I help you?"
4438,620,17,28,107,152,1.4078947368421053,0.05550495658464312,641,I don't know how many there are. Every time I try counting them I fall asleep!
6509,620,15,32,105,152,1.4078947368421053,0.053912182797413846,641,Miss Peep? I have some good news.
8331,620,14,34,104,152,1.4078947368421053,0.05309788205042729,641,No. They wouldn’t let me into Central Park without a roll of plastic baggies.
172,625,15,34,108,157,1.4076433121019107,0.05265715457441181,641,I know the lease specifies no pets; these are clients.
4153,625,14,36,107,157,1.4076433121019107,0.05187597334552279,641,In the long run it's cheaper than Ambien.
5816,625,13,38,106,157,1.4076433121019107,0.05108284734837403,641,They found me.
8609,625,16,32,109,157,1.4076433121019107,0.05342691498862353,641,"Yes, Bo's going to be fine. It's just a staff infection."
3516,629,16,34,112,162,1.4074074074074074,0.05221536124816602,641,"Clearly I misunderstood, insomnia is now the least of my problems."
2483,629,19,28,115,162,1.4074074074074074,0.05437359339404611,641,"No, I won't say ""sheep-sitter"" three times."
8927,631,19,30,118,167,1.407185628742515,0.05314961847258583,641,I had to accept the fact I was done herding cats.
1296,632,14,29,97,140,1.4071428571428573,0.0563504930315168,641,"It’s going to have to wait, Melania. I’m meeting with my base."
1833,633,16,38,118,172,1.4069767441860466,0.0499937531481122,641,I hate bringing work home.
6108,633,18,34,120,172,1.4069767441860466,0.051335896464784585,641,"No, I asked for free shipping."
4033,635,12,35,98,145,1.4068965517241379,0.05315392933228443,641,"Uh Oh, I thought your message said get some sheep tonight."
5076,635,13,33,99,145,1.4068965517241379,0.05404743882992528,641,"Hi Doc, on second thought I think I’ll go with the Melatonin."
7467,635,15,29,101,145,1.4068965517241379,0.055791545285110794,641,"Yes, this is Natural Sleep Aids.  How may I help you?"
8414,635,18,23,104,145,1.4068965517241379,0.05830997210717605,641,"No, it didn’t help counting them. Now what?"
7866,639,16,29,105,150,1.4066666666666667,0.05523726870366073,641,I ordered grass.  Why do you keep calling it weed?
8710,640,17,29,109,155,1.4064516129032258,0.05468941455906653,641,"Hello Seattle, are you sheepless?"
3530,641,14,37,109,160,1.40625,0.05116325685686221,641,"I counted them before bed, but they were still here when I woke up."
6066,642,17,35,118,170,1.4058823529411764,0.051091162780590976,641,"Ok, I'm awake.  Now what do I do with them?"
1612,643,14,28,96,138,1.4057971014492754,0.056930253437149726,641,"Yes, clear my schedule, I´m working from home today."
7544,644,13,32,98,143,1.4055944055944056,0.0545729751492587,641,"You would like to order three bags full, no problem."
3156,645,16,41,123,180,1.4055555555555554,0.04837343242686206,641,"Hi, yes, my name is Jerod Hanson, and my order number is 867329. Well,  it seems we have a mix up. You see, I ordered a set of sheets...Hello??"
8523,645,20,33,127,180,1.4055555555555554,0.05087516044671843,641,"Bo-Peep,it's Dad. I found them."
2983,647,15,30,103,148,1.4054054054054055,0.05494304814964365,641,"If things get out of hand, I'll put on ""Silence of the Lambs."""
4684,647,17,26,105,148,1.4054054054054055,0.05659148228036204,641,They show up every time I watch FOX news.
6840,649,13,36,104,153,1.4052287581699345,0.05199652393776859,641,"I don't take my work home with me, it just seems to follow."
3694,649,15,32,106,153,1.4052287581699345,0.05362496737175651,641,We’ll be right over.  Right now we’re watching EweTube.
2858,649,10,42,101,153,1.4052287581699345,0.04945341813863254,641,"Boss, it's Tom.  I overslept."
1069,652,15,36,112,163,1.4049079754601228,0.05122008832765972,641,Where’s that border collie I ordered?
8111,653,19,30,119,168,1.4047619047619047,0.05288787039355851,641,"What I said was, I'd get you a room for CHEAP!"
4276,654,18,19,99,136,1.4044117647058822,0.06119602817094015,641,Guess what they don't allow on The Sheep Meadow....
5785,654,13,29,94,136,1.4044117647058822,0.05657111943854663,641,"Honey, just a heads-up, I brought some work home."
7486,656,19,36,128,183,1.4043715846994536,0.04964187567911173,641,"The listing said 'no kids', so we left the goats at home."
8870,656,13,48,122,183,1.4043715846994536,0.045869601902324475,641,"No, no, the room service has been great but we will need housekeeping up here soon!"
2122,658,12,33,96,141,1.4042553191489362,0.05418524588629629,641,What do I do if they followed me ALL the way home?
933,658,15,27,99,141,1.4042553191489362,0.056920929714293536,641,"Hello, Bo?"
2313,660,11,37,98,146,1.404109589041096,0.05196085798666356,641,Just to let you know that I'll be working from home today.
4209,660,16,27,103,146,1.404109589041096,0.056323150827683834,641,My therapist told me I was far too literal and suggested I try counting sheep.
5724,660,12,35,99,146,1.404109589041096,0.05286212324528574,641,"I left them alone, and they came home, bringing their tails behind them. How they made it up the elevator I'll never know."
7578,660,20,19,107,146,1.404109589041096,0.05958347559782212,641,I thought I signed up for a sleep study not a sheep study.
1130,664,13,35,103,151,1.403973509933775,0.0524699497280197,641,"Yes, I’d like to report a fleecing."
4616,664,14,33,104,151,1.403973509933775,0.05330474505343279,641,Hello? Ms. Peep? I think I have something that belongs to you.
7000,664,14,33,104,151,1.403973509933775,0.05330474505343279,641,Next time I'd just like a room with a ewe.
7233,667,14,35,107,156,1.4038461538461537,0.052069532752012634,641,"You know, I thought ""work from home"" would be more relaxing..."
3837,667,17,29,110,156,1.4038461538461537,0.05440013969494282,641,"Doc, you gotta give me something to stop the bleating!"
736,667,14,35,107,156,1.4038461538461537,0.052069532752012634,641,I hate auto-correct. How was I to know you meant sheets?
1934,667,17,29,110,156,1.4038461538461537,0.05440013969494282,641,How did I become the leader of the #EweToo movement?
3226,667,14,35,107,156,1.4038461538461537,0.052069532752012634,641,I doubt the wolf can get past our doorman
3435,672,19,27,115,161,1.4037267080745341,0.05458687445155262,641,It's hard to tell how many I own - every time I count I fall asleep.
3545,672,14,37,110,161,1.4037267080745341,0.05090705358420966,641,"The rent's more than I wanted to pay, but it's nice to be so close to the Park."
6,674,15,39,117,171,1.4035087719298245,0.04947536757267596,641,You heard right: one veggie pizza and twelve sides of clover.
1108,674,19,31,121,171,1.4035087719298245,0.05218246635479209,641,All I think about is ewe.
8664,676,20,31,125,176,1.4034090909090908,0.05171034290317662,641,"She may be using her maiden name, Bo Peep."
8892,677,16,41,124,181,1.4033149171270718,0.048157587083123496,641,Watching the flock by night is much easier now that we have cable.
4406,678,16,24,99,139,1.4028776978417266,0.05840780458084067,641,So have they caught the Wolf of Wall Street yet?
8403,678,15,26,98,139,1.4028776978417266,0.057508323061956516,641,I really got fleeced on this airbnb.
1792,680,13,32,99,144,1.4027777777777777,0.05426581784554301,641,But it’s the counting that keeps me up.
6856,680,17,24,103,144,1.4027777777777777,0.05773455962373007,641,"Why yes,we are watching EweTube..."
596,682,16,28,105,149,1.4026845637583893,0.055464549582657445,641,"Hold on, I'm getting another bleat"
5212,683,13,36,105,154,1.4025974025974026,0.051724755634293976,641,"No Thanks, we're gonna stay in and watch EweTube!"
2676,683,15,32,107,154,1.4025974025974026,0.05334055887478734,641,"That’s twelve fresh 
wild green salads delivered to the Shepherd apartment."
2874,683,16,30,108,154,1.4025974025974026,0.05413037648953006,641,"Not much, just working from home today."
906,683,17,28,109,154,1.4025974025974026,0.0549088344141622,641,"My lease says no pets, but I’m not losing any sleep over it."
2285,683,16,30,108,154,1.4025974025974026,0.05413037648953006,641,Hello room service. Would you send up a Border Collie ?
4920,688,15,34,110,159,1.4025157232704402,0.0521181751791993,641,"I told you, I already counted the sheep. Now they’re keepin’ me up."
7596,688,19,26,114,159,1.4025157232704402,0.05508856657791831,641,"I""d like to sell my stock options."
4234,690,17,38,124,179,1.4022346368715084,0.049172139038153026,641,"I said views, not ewes!"
4578,691,11,29,87,127,1.4015748031496063,0.05728935377715134,641,"Well, yes, but there is an upside.  I've stopped having trouble falling asleep."
4775,692,15,25,97,137,1.4014598540145986,0.058111704160465856,641,"I have no idea. Every time I try to count them, I pass out."
3654,693,11,35,96,142,1.4014084507042253,0.052942447265858505,641,"I’m trying to relax, but my work keeps following me home."
1597,693,12,33,97,142,1.4014084507042253,0.05387757273082423,641,I don't feel as motivated working from home.
645,695,13,33,101,147,1.401360544217687,0.05345212978459162,641,"Yeah, I found them.  They were watching Netflix."
7633,695,12,35,100,147,1.401360544217687,0.05257320818052931,641,"I don't know doc, I might prefer just taking Ambien."
5832,697,16,29,107,152,1.4013157894736843,0.054638349968678696,641,My only concern is that that they might try to fleece me.
6906,698,16,31,110,157,1.4012738853503184,0.05335385084131237,641,About a dozen followers... how about you?
2298,698,15,33,109,157,1.4012738853503184,0.052583020855299874,641,So am I to understand that Alpine Meadows Apartments has no alpine meadows ?
2661,698,16,31,110,157,1.4012738853503184,0.05335385084131237,641,Yes sir. Yes sir. Three apartments full.
4257,698,17,29,111,157,1.4012738853503184,0.05411370174849541,641,"You Tell Little Bo Peep I'm willing to make a deal now."""
7794,698,16,31,110,157,1.4012738853503184,0.05335385084131237,641,I still can't get to sleep.  Do you think I need more sheep?
1273,703,15,35,112,162,1.4012345679012346,0.05140453218578409,641,Still awake...could you send up another dozen?
4233,704,19,33,125,177,1.4011299435028248,0.05084032364495416,641,They don't seem to like cooking shows.
6619,705,16,24,100,140,1.4,0.05806046392974222,641,No sir. I have not lost my mind. I have lost my way.
6224,705,14,28,98,140,1.4,0.0562624886216321,641,"Yes, you heard me right. I need 3 pounds of hay, 3 pounds of barley and a double cheeseburger, no fries."
5514,705,13,40,112,165,1.4,0.049236596391733105,641,What makes you think I miss the ranch?
5401,705,15,28,102,145,1.4,0.05570860145311556,641,We'll have the salad.
5397,705,14,42,119,175,1.4,0.04794633014853841,641,"Yes, I'm on the lam!"
4459,705,13,42,115,170,1.4,0.04821924635206234,641,"Yes, it has been an adjustment to move to the city but I do have my sleep aids."
8119,705,17,28,110,155,1.4,0.0546152325636806,641,"Ok. Let's see. There's one, two, umm.... Zzz..."
3283,705,12,36,102,150,1.4,0.05181277601508398,641,I got a bit carried away at the farmer's market
2231,705,17,30,113,160,1.4,0.0533470894209378,641,"Actually, Mary, I do have a question about your airbnb rental."
1950,705,15,30,105,150,1.4,0.05434169793287828,641,Hey Bo. No worries. I said I wanted to watch the Rams and they all just followed.
1346,705,20,18,107,145,1.4,0.05985294879057509,641,"No, I herd ewe—that’s the problem."
819,705,17,32,116,165,1.4,0.052152485504259424,641,"I'm sorry, I overslept."
63,705,13,32,100,145,1.4,0.05396181422669197,641,"Hi Bo? Yep, I found them"
13,705,12,36,102,150,1.4,0.05181277601508398,641,Found 'em.
2926,705,14,28,98,140,1.4,0.0562624886216321,641,"Relax, Bo, I found them. They’ve got an Airbnb in Manhattan."
9060,705,15,40,120,175,1.4,0.04862645390838646,641,I get so much more done when I 'm working from home.
2473,721,20,37,136,193,1.3989637305699483,0.04825310645602371,641,"Hey Mary, about last night..."
3568,722,19,37,132,188,1.398936170212766,0.04861250042156226,641,"Oh, is the big game on? I'm out in the field with the sheep, they're fine."""
4900,723,21,29,128,178,1.398876404494382,0.051843368764118526,641,We're here until the cows come home.
2629,724,18,33,122,173,1.3988439306358382,0.051027804503441354,641,"Sure, it’s risky, but it’s our last chance to catch the wolf of Wall Street."
4069,724,20,29,124,173,1.3988439306358382,0.05232841964642929,641,"I was able to fall asleep last night, but now what should I do with all the sheep?"
5092,724,17,35,121,173,1.3988439306358382,0.05036490342803946,641,"So bring home some garlic,rosemary,and olive oil. I've got the rest."
3659,727,21,25,122,168,1.3988095238095237,0.05415438606530268,641,"Don’t worry about my end, you got the mint jelly?"
7066,728,21,23,119,163,1.3987730061349692,0.055412137513024054,641,"Got us all in one hotel room, but I had to pull the wool over their eyes."
8760,728,17,31,115,163,1.3987730061349692,0.052607447529856126,641,The sign specifically said 'No Dogs.'
3732,728,18,29,116,163,1.3987730061349692,0.05332245209708098,641,"Yeah, I found ‘em. Always the last place you look."
2995,731,12,39,107,158,1.3987341772151898,0.04994544586348932,641,"I don't care if the collie needs a mental health day, I've got reservations at 7 and someone has to cover!"
4622,731,18,27,113,158,1.3987341772151898,0.05457381691803705,641,"No, I was not aware of the “you count ‘em, you keep ‘em policy”"
7670,731,17,29,112,158,1.3987341772151898,0.05383006444283696,641,"I like to travel light, so I'm only bringing my carry-on and my emotional support animals."
8957,731,15,33,110,158,1.3987341772151898,0.05231084522116886,641,"Yeah, it's not working.  I'm still awake."
521,735,14,33,106,153,1.3986928104575163,0.052737145433914674,641,Yes. I know that dogs and cats aren't allowed in the building.
1797,735,16,29,108,153,1.3986928104575163,0.05434340008252037,641,Could I interest you in three bags full?
5038,735,17,27,109,153,1.3986928104575163,0.05512898007885127,641,"Jim’s sleeping service, how may I help you?"
8484,738,12,35,101,148,1.3986486486486487,0.052287149716271755,641,I was out of ambien.
7709,738,11,37,100,148,1.3986486486486487,0.05140055799400024,641,"I've gone above and beyond, Doc, and I still can't sleep."
1979,738,11,37,100,148,1.3986486486486487,0.05140055799400024,641,"I tell you, nothing beats working remotely."
7290,738,13,33,102,148,1.3986486486486487,0.053158956807005275,641,Would you please tell Rachel to stop describing the Trump administration as a bunch of sheep? She’s hurting their feeelings.
7311,738,20,19,109,148,1.3986486486486487,0.05890140348336104,641,So this is what restore mode does on the new washing machine
1166,743,14,29,100,143,1.3986013986013985,0.0553810436525577,641,"As it turns out, it's alot easier to control Trump supporters than I thought."
2514,743,16,25,102,143,1.3986013986013985,0.057131830957230595,641,What are your policies on working from home?
2867,743,10,37,96,143,1.3986013986013985,0.051701912644392195,641,Business is great. A lot of people in this town have trouble sleeping these days.
4359,743,16,25,102,143,1.3986013986013985,0.057131830957230595,641,"Overqualified for the Nativity,"" my ass"
3512,747,15,42,124,181,1.3977900552486189,0.04745167035741095,641,"Yeah, they helped me fall asleep but now what do I do with them?"
4682,748,17,36,123,176,1.3977272727272727,0.049726228057119584,641,Hang on a second: I think the wolf is at the door.
4536,749,17,34,120,171,1.3976608187134503,0.05077963355811091,641,"...just watching TV, but I keep falling asleep. Dunno why."
612,749,16,36,119,171,1.3976608187134503,0.05009762204627701,641,I love this new job. The boss lets me work from home on Fridays.
4329,751,17,32,117,166,1.3975903614457832,0.05189333717024195,641,A little problem checking in but they qualified as emotional support animals.
8077,752,15,34,112,161,1.3975155279503106,0.05158926346122106,641,"Yes, the sheep are with me, and the cows are in the corn."
6154,752,17,30,114,161,1.3975155279503106,0.05307288957251968,641,"She took the kids, but I've got the lambs."
6290,752,14,36,111,161,1.3975155279503106,0.050831214356126524,641,"I DID leave them alone. They still came home, wagging their tails behind them!"
6863,752,21,22,118,161,1.3975155279503106,0.055922183557046916,641,"If you're out of divey, do you have any doats?"
7595,752,18,28,115,161,1.3975155279503106,0.053799362069913655,641,We're just settling down to watch a RAMS game.
7483,757,14,34,108,156,1.3974358974358974,0.05199055648446042,641,Bo Peep here.  Found them.
36,757,17,28,111,156,1.3974358974358974,0.054324551736578984,641,These days I mostly work from home.
1510,757,15,32,109,156,1.3974358974358974,0.052780024152160654,641,"Longtime herder, first-time caller..."
371,760,10,40,101,151,1.3973509933774835,0.04979380902382935,641,Working from home has been challenging.
1104,760,18,24,109,151,1.3973509933774835,0.056443114576589445,641,"I’m not buzzing you in, you still sound like a wolf."
3017,760,10,40,101,151,1.3973509933774835,0.04979380902382935,641,And I still can't sleep.
7856,760,17,26,108,151,1.3973509933774835,0.05565541269594047,641,"Janet, I'm working from home today."
2025,764,13,32,101,146,1.3972602739726028,0.053660923975532154,641,"I counted them, now what?"
8713,764,13,32,101,146,1.3972602739726028,0.053660923975532154,641,I have to change the channel when Wolf Blitzer comes on.
705,766,11,34,96,141,1.3971631205673758,0.05314756714112711,641,"No, not much, just tending my flock...and thou?"
4676,766,12,32,97,141,1.3971631205673758,0.054092337864196004,641,Just a little ewe tube...
4755,766,13,30,98,141,1.3971631205673758,0.055020888199010846,641,"Ok, I can admit we’re lost."
4774,766,13,30,98,141,1.3971631205673758,0.055020888199010846,641,Well the landlord said no cats.
5063,766,15,26,100,141,1.3971631205673758,0.05683249408037173,641,I mean actual grass. I just need real grass.
5707,766,14,28,99,141,1.3971631205673758,0.05593402596632724,641,One pepperoni and cheese and 30 salads.
1449,772,7,40,89,136,1.3970588235294117,0.05035755786870082,641,"Other than the daily trek to Central Park for grazing, it's a pretty good pet sitting gig."
8991,772,15,24,97,136,1.3970588235294117,0.05837245351609489,641,"They're settling in quite well; but still a little spooked by ""Fox"" news."
7179,774,12,28,91,131,1.3969465648854962,0.05701457953766196,641,You say you can't sleep? What's your address?
2498,775,12,24,85,121,1.396694214876033,0.06039281291386814,641,"Hello, yes, this is Little Boy Blue. No, the sheep aren’t in the meadow."
3834,776,21,29,129,179,1.3966480446927374,0.051601065055343204,641,"So apparently, ‘Silence of the Lambs’ really freaks them out too."
3182,777,17,35,122,174,1.396551724137931,0.05012704974384207,641,I'm working from home these days.
8329,777,17,35,122,174,1.396551724137931,0.05012704974384207,641,I'm housesitting for Mary.
8907,777,13,20,83,116,1.396551724137931,0.063481348527884,641,For the last time this is NOT BO-Peep and I know exactly where all my sheep are
506,780,16,35,118,169,1.3964497041420119,0.05051086921300528,641,"Yes, I'd like to file a complaint. No one told me they would still be here when I woke up."
7015,781,12,41,111,164,1.396341463414634,0.048637659372642195,641,Staff meeting.
8509,781,15,35,114,164,1.396341463414634,0.050892750038791165,641,They wanted to come indoors and watch Fox news to see what our President was telling them to do next.
2532,783,15,33,111,159,1.3962264150943395,0.05204126213204766,641,Yeah can I get a General Tso’s Chicken and fourteen salads?
3821,783,14,35,110,159,1.3962264150943395,0.05127066869464928,641,I'd like to inquire about the reward money offered by Little Bo Beep.
6265,783,14,35,110,159,1.3962264150943395,0.05127066869464928,641,You know how it is. One of them gets into Game of Thrones and then ALL of them wanna watch Game of Thrones.”
2406,786,14,33,107,154,1.396103896103896,0.05245750109376694,641,"Mary, pick up! We need to talk."
6278,787,16,27,106,149,1.395973154362416,0.05538218052144297,641,"Actually, they found me."
3172,787,12,35,102,149,1.395973154362416,0.05200391363196503,641,"No, no Mom: URban shepherd. Yes, it’s a thing."
8285,787,13,33,103,149,1.395973154362416,0.05286872189308233,641,"Yo Bo Peep,call me ASAP"
777,787,13,33,103,149,1.395973154362416,0.05286872189308233,641,Amazon is next day shipping a border collie.
1144,787,12,35,102,149,1.395973154362416,0.05200391363196503,641,Hanging with the flock. You?
1072,792,13,29,97,139,1.39568345323741,0.05557136799163774,641,I think I'll try Melatonin.
7205,792,8,39,92,139,1.39568345323741,0.050664137885544434,641,"Hello, Good Shepherd Hospital? I'd like to speak with someone in Purchasing."
9054,792,15,25,99,139,1.39568345323741,0.05741694671064149,641,I'm not sure how many there are I keep falling asleep before I finish counting them.
4270,795,15,40,122,177,1.3954802259887005,0.048180952848725526,641,Just watching “silence of the lambs”...you?
3221,796,12,44,116,172,1.3953488372093024,0.04705247896642511,641,It’s more of a working vacation.
3445,797,17,32,118,167,1.3952095808383234,0.05163657655861628,641,"How do I order ""The Silence of the Lambs"" ?"
4342,797,16,34,117,167,1.3952095808383234,0.050933203038893204,641,"No, they actually keep me awake."
6500,799,15,34,113,162,1.3950617283950617,0.05132850868026542,641,Where do you live and what time do you want to start falling asleep tonight?
33,799,16,32,114,162,1.3950617283950617,0.0520701165683505,641,"Your mother and I are concerned, that's all, Bo."
4340,799,18,28,116,162,1.3950617283950617,0.05352251406319271,641,And then I woke up...
4696,802,12,36,104,152,1.394736842105263,0.051263144296138416,641,Ms. Bo-Peep?  I think I found something of yours.
1509,802,16,28,108,152,1.394736842105263,0.05455697449537881,641,Bo Peep?  I found them!
2076,802,14,32,106,152,1.394736842105263,0.05293568469953006,641,"It all starts with one little lamb and then 30 years later you ask yourself, ""Where did Mary go?"""
2736,802,13,34,105,152,1.394736842105263,0.05210612573265628,641,"Mom you were right, the city is no place for me."
2981,802,13,34,105,152,1.394736842105263,0.05210612573265628,641,"No, I'm not in a relationship with any of my roommates--well, maybe one."
3180,802,13,34,105,152,1.394736842105263,0.05210612573265628,641,Of course it's hell crossing 42cd St. and Times Square but I've never slept better in my life.
8591,802,13,34,105,152,1.394736842105263,0.05210612573265628,641,"Urban shepherd, how may I help?"
4895,809,16,41,128,185,1.3945945945945946,0.04731156407289177,641,"Mom, you were the only one that believed I could make it in the city."
2649,810,17,24,106,147,1.3945578231292517,0.05674833075473713,641,I’m more of a sheep hoarder.
2955,810,19,20,108,147,1.3945578231292517,0.05836736214426818,641,"It's not ewe, it's me."
6881,810,15,28,104,147,1.3945578231292517,0.055081731301929296,641,"Yeah, well how many real followers do you have?"
6744,813,14,43,123,180,1.3944444444444444,0.04694068408756371,641,I'm herding remotely today.
5085,814,12,32,98,142,1.3943661971830985,0.05378282993495165,641,Thy rod and thy staff they comfort me but the sheep gotta go.
6228,814,11,34,97,142,1.3943661971830985,0.05284602799591361,641,"No mom, I don't know how many.  When I try, I just fall asleep."
5616,816,13,39,113,165,1.393939393939394,0.049159205364406,641,This isn't the first time the cable company has fleeced me.
5207,816,16,33,116,165,1.393939393939394,0.05136493903512412,641,I work from home today.
3990,816,15,22,95,132,1.393939393939394,0.05964422990685317,641,A dozen mixed green salads and one lamb chops to Room 357 please.
3537,816,18,29,118,165,1.393939393939394,0.052784245965030126,641,"No, I lost count when I fell asleep."
1392,816,21,23,121,165,1.393939393939394,0.05484438086184374,641,"I’ve already tried that, and I still can’t sleep!"
1238,816,19,27,119,165,1.393939393939394,0.05347977610372158,641,"what do you mean, ""not literally""?"
4826,822,16,31,113,160,1.39375,0.052527976223756455,641,"Big teeth, hairy, trench coat and fedora?   No, don’t let him in."
3461,823,17,27,111,155,1.3935483870967742,0.05453599388203321,641,"Front desk? Thank you for your thoughtfulness, but I said I need some sleep after a rough day."
3904,823,15,31,109,155,1.3935483870967742,0.052977356177695535,641,It may be a hallucination but it helps me sleep
4640,823,14,33,108,155,1.3935483870967742,0.05218058151282948,641,"yeah, I'm working from home this week..."
4957,826,15,29,106,150,1.3933333333333333,0.05425655078886648,641,No. This is Mr. Peep. She's out Christmas Shopping.
4081,826,19,21,110,150,1.3933333333333333,0.057460552885929925,641,Room service. I’m having trouble falling asleep.Could you send more sheep.
1317,826,14,31,105,150,1.3933333333333333,0.053425535513384165,641,"Bo? Yes, they’re here."
680,826,14,31,105,150,1.3933333333333333,0.053425535513384165,641,"No, I said I'm a sheep hoarder not a sheep herder..."
3817,826,13,33,104,150,1.3933333333333333,0.05258138821178932,641,What makes you think I’m working from home?
5743,831,12,33,100,145,1.393103448275862,0.052973418950817995,641,It isn't wild here - but it is woolly.
8801,831,11,35,99,145,1.393103448275862,0.05206147975927938,641,"No, I DON'T have a dog in my room.  I'm trying to tell you that I'm a German shepherd!"
170,833,16,34,118,168,1.3928571428571428,0.050683744021339745,641,Mary? It happened again.
1184,833,15,36,117,168,1.3928571428571428,0.04997555310940521,641,What do you mean you were just being metaphorical?
5563,833,10,35,95,140,1.3928571428571428,0.05238056308055528,641,"Thanks, but I'm still can't fall asleep."
7007,833,11,44,113,168,1.3928571428571428,0.04703628291938185,641,I've checked the Condo by-laws and there is nothing about sheep anywhere.
8046,833,11,33,96,140,1.3928571428571428,0.05335258486291774,641,"Yeh, I know, but the tax break makes it worth it."
8582,833,12,31,97,140,1.3928571428571428,0.05430721162491817,641,I said to buy STOCK in wool not a FLOCK of wool!
8593,833,10,35,95,140,1.3928571428571428,0.05238056308055528,641,"Hello,operator.  I would like to report a lost border collie."
2336,840,14,36,113,163,1.392638036809816,0.05032318698102726,641,"I can’t ever just relax, my work keeps following me home."
5762,840,14,36,113,163,1.392638036809816,0.05032318698102726,641,"Oh, nothing much. Just wool gathering."
2989,842,12,29,94,135,1.3925925925925926,0.055734004907893625,641,It’s great! The only downside to Air B&B is caring for the owners’ pets.
8217,843,14,32,107,153,1.392156862745098,0.052651810191224356,641,I'd like one small pepperoni pizza and three hundred garden salads.
2852,843,11,38,104,153,1.392156862745098,0.05014195030507095,641,"I asked for a room with a view, not a ewe."
7662,845,13,23,89,125,1.392,0.05999569877055973,641,"Oh, no no no! I really love the DIY sweater kit. It’s a great gift."
6798,846,16,26,106,148,1.3918918918918919,0.055606051962110534,641,What do you mean my border collie got himself a separate room?
8005,846,13,32,103,148,1.3918918918918919,0.0530683241184535,641,"Actually, they’re very independent politically."
549,848,14,39,118,171,1.391812865497076,0.04863055405972705,641,"...Oh, and a dozen sides of grass."
2821,848,12,43,116,171,1.391812865497076,0.04719461716072319,641,The ad said pets welcome.
3165,848,17,33,121,171,1.391812865497076,0.050708274837241746,641,"I left them alone and they came home, but I’m damned if I know how they dragged their tails to the 32nd floor."
5023,851,11,34,98,143,1.3916083916083917,0.05254759164664174,641,"No, I had to bring work home with me again."
7879,851,13,30,100,143,1.3916083916083917,0.05438966354318881,641,I already called room service. Apparently grass isn't legal here.
8829,851,12,32,99,143,1.3916083916083917,0.05347655976314994,641,"The view is great.  Also, you're out of sprouts."
466,854,17,31,118,166,1.391566265060241,0.05181911442323938,641,I'm just not sure this whole working from home trend is for me.
1511,854,16,33,117,166,1.391566265060241,0.051109698389649995,641,"Bo Peep, B-O, P-E-E-P. Tell her the babysitter has to leave."
5607,854,12,41,113,166,1.391566265060241,0.048167664142761336,641,"Ah, you know... same sheep, different day."
5857,854,16,33,117,166,1.391566265060241,0.051109698389649995,641,I told you they go everywhere I go.
6328,854,16,33,117,166,1.391566265060241,0.051109698389649995,641,"I'm sorry, did you just tell me to get the ""flock"" out of the apartment?"
7356,859,15,33,113,161,1.391304347826087,0.051509747798668876,641,"Yes, we’ve moved to higher pastures."
3921,859,17,29,115,161,1.391304347826087,0.05299560001913426,641,"Hey Bo, you left some stuff at my place."
1275,859,17,29,115,161,1.391304347826087,0.05299560001913426,641,I decided to work at home today.
546,859,16,22,100,138,1.391304347826087,0.05857612883974479,641,Good. Ewe?
639,863,17,27,112,156,1.391025641025641,0.05424397139298408,641,"Yeah I think i'll take the Ambien now, this ain't working"
4044,863,17,27,112,156,1.391025641025641,0.05424397139298408,641,The Powerball win hasn't changed me at all.
5203,863,16,29,111,156,1.391025641025641,0.05347612033930736,641,I've decided to work from home for a while.
6822,863,15,31,110,156,1.391025641025641,0.05269708208815067,641,Just got in town. We’re staying in an Air bah-and-bah.
8631,863,11,39,106,156,1.391025641025641,0.04945837155477443,641,I took your advice. I left them alone and they came home wagging their tails behind them.
458,868,16,27,108,151,1.390728476821192,0.054771054644067105,641,"Yes, and a bucket of mint jelly."
8878,869,12,26,90,128,1.390625,0.05788510948931989,641,"Yes, I understand, but I thought the grass would be greener here."
1813,870,15,36,118,169,1.3905325443786982,0.04973331672047508,641,"The condo board can drop dead.  They knew our family name was ""Peep"" when they approved us."
2643,871,17,23,106,146,1.3904109589041096,0.05698559735766576,641,They won't go outside--they've heard about the wolf of Wall Street.
3687,871,12,33,101,146,1.3904109589041096,0.05267819045641373,641,"I told Siri to go to 'Sleep' mode, but it got lost in translation."
5017,871,10,37,99,146,1.3904109589041096,0.05085317224306737,641,"It didn't work, I still can't sleep."
7241,874,21,22,121,164,1.3902439024390243,0.05505441591555054,641,YES I'M AWAKE! I tried everything.
1156,875,12,31,98,141,1.3900709219858156,0.05399261614625772,641,I actually prefer this dream to the one where I get to work and realize I forgot my pants.
3648,875,12,31,98,141,1.3900709219858156,0.05399261614625772,641,We're binge watching Netflocks
3065,877,15,32,112,159,1.389937106918239,0.05195941727301426,641,"Hello, Little Bo Peep?
I think I found them."
4297,877,13,36,110,159,1.389937106918239,0.05040394876942873,641,I'm calling about your roaming fees
3650,877,15,32,112,159,1.389937106918239,0.05195941727301426,641,"Hi Boss, I'll be working from home today."
2669,880,11,31,94,136,1.3897058823529411,0.05440587614606362,641,I need a Border Collie.
6507,880,9,35,92,136,1.3897058823529411,0.05236539349105989,641,"Well, they said it works better than Ambien."
2392,880,11,31,94,136,1.3897058823529411,0.05440587614606362,641,We made it to the hotel by hook and by crook.
1077,883,14,32,108,154,1.3896103896103895,0.05237074444852667,641,"I'm telling you, just leave them alone and they'll come home."
5124,883,18,24,112,154,1.3896103896103895,0.05551778656779595,641,I’m not sure how many. I keep falling asleep when I try to count them.
8471,885,19,29,124,172,1.3895348837209303,0.051793996504798996,641,Of course I’m alone. There’ll never be another ewe.
1498,886,14,30,105,149,1.389261744966443,0.05362888629900334,641,"You can take them away now, I'm awake."
3004,886,13,32,104,149,1.389261744966443,0.052776535734208846,641,"Yeah, sometimes I have to bring home some work"
8708,886,14,30,105,149,1.389261744966443,0.05362888629900334,641,My lawyer says don’t move until the border collies arrive.
7352,889,11,43,113,167,1.3892215568862276,0.04717722696280462,641,Peep here.  You won't believe where I finally found them.
287,889,12,41,114,167,1.3892215568862276,0.04793574460455058,641,"12, but who's counting?"
8025,891,20,32,133,185,1.3891891891891892,0.04966940601222129,641,"Alexa, I said SLEEP not sheep"
745,892,12,32,100,144,1.3888888888888888,0.05317348487814355,641,"Do you deliver grass? No, real grass; the green kind."
2762,892,15,33,114,162,1.3888888888888888,0.05124775445302227,641,"No, not a sheep hoarder, a herder, a sheep herder."
4898,892,12,39,111,162,1.3888888888888888,0.04895190117015565,641,Your doorman is super uptight.
5405,892,16,24,104,144,1.3888888888888888,0.056709081129802746,641,"I don't care if it exceeds my deductible, I would prefer some actual sleeping pills."
7810,896,13,35,109,157,1.3885350318471337,0.0508378932223059,641,The way I figure -- I should be asleep by now.
3822,896,17,27,113,157,1.3885350318471337,0.05395487611509274,641,"Yes, that’s right - twelve emotional support animals. They work as a team."
2806,896,13,35,109,157,1.3885350318471337,0.0508378932223059,641,"Not much, just watching the Rams game."
2482,896,19,23,115,157,1.3885350318471337,0.055447698701129325,641,No! I said I wanted lots of sleep tonight!
6158,900,17,20,102,139,1.3884892086330936,0.05910992338986507,641,"No, I said ""I'm getting the flock out of here, the FLOCK..."""
7186,901,17,32,121,170,1.388235294117647,0.05088033591627365,641,"With Amazon Prime, I got free shipping"
8729,901,14,38,118,170,1.388235294117647,0.04878491211563278,641,I'm not sure this farm-to-sofa movement is gonna take off.
8094,903,11,37,104,152,1.388157894736842,0.05031215049456608,641,"Good news honey, I got the job!"
4298,904,12,28,94,134,1.3880597014925373,0.05596547318962245,641,"No I don't keep an exact count, I tried that once and fell asleep on the job."
7307,904,15,22,97,134,1.3880597014925373,0.0588964917566445,641,Acme Sleep Services.  May I help you?
647,906,18,28,119,165,1.387878787878788,0.052707814710444396,641,"Not counting the sheep, it's just me and my staff."
7831,906,13,38,114,165,1.387878787878788,0.04907712890454763,641,"-In my defense, they are certified ""emotional support animals""."
1205,908,18,21,108,147,1.3877551020408163,0.05747536947546433,641,"If by lost you mean disconnected from the land, and living on the 14th floor in the upper east side, and watching Fox, MSNBC & CNN all day long, then yes, lost."
3285,908,12,33,102,147,1.3877551020408163,0.05238597460816988,641,Does it really matter how many?
4936,908,16,25,106,147,1.3877551020408163,0.055830477125939304,641,"No, just the mint jelly."""
1328,911,17,28,115,160,1.3875,0.05319028083064394,641,"Yeah, it’s like Uber for insomnia."
861,912,8,39,95,142,1.3873239436619718,0.0498209676063705,641,"It's not a party, it's a staff meeting."
5298,912,11,33,98,142,1.3873239436619718,0.05274276420359629,641,"Oh, just abiding. And you?"
4253,914,14,39,120,173,1.3872832369942196,0.04817269336026699,641,"Hi, do you have ""Silence of the Lambs"" on pay-per-view?"
2579,914,15,37,121,173,1.3872832369942196,0.04886534273601282,641,They offered flexible working hours and the possibility to work from home...
1739,914,17,33,123,173,1.3872832369942196,0.05022199110906873,641,"It's OK, they're comfort animals."
2063,914,16,35,122,173,1.3872832369942196,0.04954831032269102,641,....oh nothing. Just watching the dog show with some friends from upstate.
6381,918,14,32,109,155,1.3870967741935485,0.05209245171114574,641,"Not much, just counting sheep, how about you?"
3231,918,13,34,108,155,1.3870967741935485,0.05128193000186983,641,They seem to prefer Wolf Blitzer to Fox News.
7381,920,14,37,117,168,1.3869047619047619,0.04917743347100881,641,Getting sleepy. I need to go now.
5996,920,18,29,121,168,1.3869047619047619,0.05199580714359905,641,It's 2018 mother......they identify as  sheeple.
3416,920,15,35,118,168,1.3869047619047619,0.04989695343630921,641,"Well, I don't bring my work home very often."
166,920,14,37,117,168,1.3869047619047619,0.04917743347100881,641,"No Mom, I'm sleeping fine now."
997,924,14,25,98,137,1.3868613138686132,0.05698162756952888,641,It hasn't been the same since the sheepdog won the lottery.
1421,925,8,42,100,150,1.3866666666666667,0.0480367743792877,641,"Yes, they're definitely locally raised."
3689,925,15,28,107,150,1.3866666666666667,0.05416576320017488,641,"Yeah, and I'm still wide awake."
4254,925,16,26,108,150,1.3866666666666667,0.05498559230989873,641,Miss Peep? I found them!
434,928,12,39,112,163,1.3865030674846626,0.04870912088602549,641,The good news is that I no longer have insomnia.
6093,928,11,41,111,163,1.3865030674846626,0.0479253387619797,641,I swear it's better than ambien...
7658,928,16,31,116,163,1.3865030674846626,0.0517256213654816,641,"Well my insurance didn't cover the sleeping pills, so we've been trying alternative medicine."
1760,931,14,40,122,176,1.3863636363636365,0.047580169095382784,641,"Lost a ram transferring at 14th, but otherwise fine. How was your commute?"
2269,931,16,36,124,176,1.3863636363636365,0.04892588906719375,641,I would like a wake up call when I am done counting.
3856,931,13,25,94,132,1.3863636363636365,0.057562211538208584,641,I got the room through Air-Baa-n-Baa.
7431,931,11,29,92,132,1.3863636363636365,0.05551655028152964,641,"Well yes, Henderson, you do start with a little lamb. But that seven percent annual return really starts to kick in down the line."
713,935,14,28,103,145,1.3862068965517242,0.05465514219755744,641,Can't tell if it's insomnia or if my work followed me home again.
8968,935,14,28,103,145,1.3862068965517242,0.05465514219755744,641,You won't believe who I went home with last night.
7902,937,19,23,116,158,1.3860759493670887,0.055150497038333635,641,"Good Morning, City Sheep Sitter Services"
3490,937,13,35,110,158,1.3860759493670887,0.05057492850291102,641,"Yes, I am working from home today"
984,937,13,35,110,158,1.3860759493670887,0.05057492850291102,641,Tried that. I still can’t sleep.
872,937,14,33,111,158,1.3860759493670887,0.051365835417697715,641,I found them.
1786,937,12,37,109,158,1.3860759493670887,0.049771455051978476,641,"So my psychiatrist said, try counting sheep"
1575,942,14,38,119,171,1.3859649122807018,0.04855189393696868,641,Nothing much.  Just watching the Rams.
8973,942,14,38,119,171,1.3859649122807018,0.04855189393696868,641,I don't think I can make Bethlehem
8234,944,16,22,102,140,1.3857142857142857,0.05787049571213798,641,So if I say the items do not match the description will I get free return shipping?
8716,944,15,24,101,140,1.3857142857142857,0.05697560312142183,641,How can a field be on backorder?!
1159,946,11,37,105,153,1.3856209150326797,0.05004657532024027,641,"I'M  TELLING YOU THE TRUTH.

I JUST WOKE UP AND I AM STILL COUNTING SHEEP."
6419,946,19,21,113,153,1.3856209150326797,0.05650357685428874,641,"I can't now, I'm in the middle of something."
7958,946,12,35,106,153,1.3856209150326797,0.05089851680835097,641,"Yea, they were all here when I woke up"
8330,946,16,27,110,153,1.3856209150326797,0.05417246774249814,641,I always knew I had leadership potential.
8533,946,12,35,106,153,1.3856209150326797,0.05089851680835097,641,More like Airbnbaa.
5499,951,16,32,118,166,1.3855421686746987,0.051030026169130764,641,"Yes , I understand this is a much more natural method but honestly, a sleeping pill is just so much easier."
1961,951,17,30,119,166,1.3855421686746987,0.05174053460247541,641,"And then I thought, what better training for being President?"
7527,951,14,36,116,166,1.3855421686746987,0.04957847184581835,641,"They weren't listening. I said the Lord is their shepherd, not me."
7721,954,11,30,94,135,1.385185185185185,0.05462084515856414,641,Just waiting for the cable guy. I'm working from home today.
5348,955,14,29,105,148,1.385135135135135,0.05383239623510522,641,"I'm definitely sleeping better, and the only side effect is manure."
6980,955,14,29,105,148,1.385135135135135,0.05383239623510522,641,"Yes Ms. Peep, I’ve found them."
1391,957,15,37,122,174,1.3850574712643677,0.04863465356222228,641,"Thanks for trying, Room Service, but I still can’t sleep."
2704,957,15,37,122,174,1.3850574712643677,0.04863465356222228,641,"When she asked me to take care of her pets,
I had no idea who she really was."
1376,959,11,38,107,156,1.3846153846153846,0.04936447929943576,641,"You know how it is, if you don't get it done at the office you take it home."
6107,959,12,31,100,143,1.3846153846153846,0.05337342261842514,641,"The lease said ""no dogs."""
6271,959,12,36,108,156,1.3846153846153846,0.05019526673346018,641,"Finders keepers, Bo Peep."
6352,959,11,33,99,143,1.3846153846153846,0.052442627563514414,641,Just watching Ewe Tube. You?
6940,959,15,30,111,156,1.3846153846153846,0.052608970340233714,641,Leave a message at the bleat
1579,964,16,36,125,177,1.384180790960452,0.048697633370103716,641,There are too many to count. I keep falling asleep.
2130,965,11,41,112,164,1.3841463414634145,0.04769048156931858,641,"...but on the bright side, at least I'm sleeping better lately."
3839,965,13,37,114,164,1.3841463414634145,0.04923429120529702,641,The black one's missing again.
8738,967,15,28,108,151,1.3841059602649006,0.05386675339778214,641,Not much. Just gathering wool.
3485,967,10,38,103,151,1.3841059602649006,0.049599657436969403,641,"You're just gonna have to take my word on it, I'm not counting again"
1444,967,14,30,107,151,1.3841059602649006,0.05304080411218255,641,I'm just going to do a head count and then fall asleep.
3120,967,12,34,105,151,1.3841059602649006,0.05134906483438445,641,"Well, I gotta get the flock out of here."
1079,971,17,32,123,172,1.3837209302325582,0.05038759689922481,641,"Yes he's right here, I'll put him on."
4542,971,18,30,124,172,1.3837209302325582,0.05105790220213833,641,The hardest part was getting them into the elevator.
4015,973,12,37,110,159,1.3836477987421383,0.04951700650760131,641,It's just until they find the wolf
4773,973,15,31,113,159,1.3836477987421383,0.05187261725779657,641,Thank goodness there are still some things you can count on.
6551,973,14,33,112,159,1.3836477987421383,0.05109948067518736,641,"We got a little lost, and I’m afraid we ended up at the wrong Dakota."
588,976,12,32,102,146,1.3835616438356164,0.05257675314653358,641,Did I tell you I'm working from home now?
1134,976,11,34,101,146,1.3835616438356164,0.051670510546558066,641,"Yep, first time in the Big Apple.
Nope, got it through Airbnb.
The listing said “Pets ok” so I jumped on it."
3225,976,14,28,104,146,1.3835616438356164,0.05434391956797605,641,Can you stop at the store on your way home? We need a bottle of Woolite.
6802,976,8,40,98,146,1.3835616438356164,0.048851015611482286,641,"I told Little Bo that if she wants them, she knows where to find me."
8564,980,8,35,90,133,1.3834586466165413,0.05198476356261508,641,Hello I'm calling about the meadow
2996,981,13,38,116,167,1.3832335329341316,0.048598069705050075,641,"Seriously, the hook makes all the difference."
1188,982,11,37,106,154,1.3831168831168832,0.04978354978354979,641,I'm taking farm-to-table to a whole new level.
5842,983,13,28,100,141,1.3829787234042554,0.05481808773078917,641,"Yeah, the're still voting for Trump."
6785,984,17,28,117,162,1.382716049382716,0.05263969985527944,641,"I'm telling you, nothing herds them better than Fox News."
8989,985,15,27,107,149,1.3825503355704698,0.05437282820792275,641,I thought you said this was a cheap hotel.
3789,985,17,23,109,149,1.3825503355704698,0.05601601458924661,641,I can’t complain—it’s a reverse commute.
3799,985,12,33,104,149,1.3825503355704698,0.05181042638916095,641,"Yes, my sheep has come in."
7892,988,12,28,96,136,1.3823529411764706,0.05528577325439877,641,"No, tried that. Still awake"""
750,989,11,38,108,157,1.3821656050955413,0.04911018772007337,641,I'm livin' the dream!
1031,989,23,14,120,157,1.3821656050955413,0.05823849539469689,641,"Yes, this is Trump Rally headquarters."
5932,989,18,24,115,157,1.3821656050955413,0.05462074476970811,641,"No, Mr. Landlord, YOU get the flock out of here!"
6097,992,14,27,103,144,1.3819444444444444,0.0548683950098546,641,but on Airbnb you said there were lots of places to 'graze' within walking distance!
3456,993,13,37,115,165,1.3818181818181818,0.04899034346280542,641,"Alexa, reorder hay."
8194,993,15,33,117,165,1.3818181818181818,0.050476463947253906,641,I said SHEETS!
1142,995,12,34,106,152,1.381578947368421,0.05107267845279518,641,Bo? Bob. You missing anything?
2539,995,12,34,106,152,1.381578947368421,0.05107267845279518,641,"Oh... I should have met you at the hill-town, not the Hilton? Are you sure? We kind of like it here..."
483,997,16,34,123,173,1.3815028901734103,0.049469836547875255,641,Yes. A sheep dog. Named Leonard. He was last seen chasing squirrels around the Central Park Carousel.
5535,997,18,30,125,173,1.3815028901734103,0.050810347354892905,641,"No, that's TWO bales of clover and ONE pastrami on rye."
6796,999,13,27,99,139,1.381294964028777,0.055361753275208675,641,"So, they're all counted, now what?"
8531,999,9,35,95,139,1.381294964028777,0.05145741994585261,641,"And I said to the boss, ""This is the last time I take my work home with me!"""
6838,1001,13,35,112,160,1.38125,0.05005647361045786,641,"Mary, I found them."
8073,1001,11,39,110,160,1.38125,0.04846047715316006,641,"Yes, the usual. Shepherd’s pie. Thanks."
3364,1001,12,37,111,160,1.38125,0.049264938831923934,641,"No, I'm not sick.  I just thought I'd work from home today."
4782,1001,16,29,115,160,1.38125,0.05235933161260023,641,We are waiting for Trumps speech to come on Fox
1589,1005,10,28,88,126,1.380952380952381,0.056182404585724294,641,"Yeah, we're on the lam."
7050,1005,14,36,118,168,1.380952380952381,0.04909323471726575,641,Oh ... I should try counting IMAGINARY sheep.
9048,1005,11,34,102,147,1.380952380952381,0.05138409809082317,641,"The view is nice, but ""park access"" is a bit of an overstatment."
59,1008,12,35,108,155,1.3806451612903226,0.05036188082231521,641,"A border collie? Nah, the lease says no dogs..."
966,1008,16,27,112,155,1.3806451612903226,0.05358607806330462,641,"I trust you, doctor, but I really think Ambien would have been easier."
1231,1008,12,35,108,155,1.3806451612903226,0.05036188082231521,641,"No, I'm not in the North Pasture.  I told you I was working from home today"
6526,1008,13,33,109,155,1.3806451612903226,0.0511869731525752,641,What's up? I'm herding from home.
3511,1012,23,24,137,184,1.3804347826086956,0.05151816268351467,641,Can you get the rest of my Republicans up here?
2697,1013,11,40,112,163,1.3803680981595092,0.047833141902791636,641,"Siri, call Bo...tell her I’ve located her sheep."
2769,1013,17,28,118,163,1.3803680981595092,0.05236842213133965,641,The silence of the lambs is even creepier than I remember.
6099,1013,13,36,114,163,1.3803680981595092,0.049391195453951736,641,"Yes, ten large wheat-grass pizzas."
6736,1013,13,36,114,163,1.3803680981595092,0.049391195453951736,641,"When you work from home, though, you're never really off the clock."
8271,1013,17,28,118,163,1.3803680981595092,0.05236842213133965,641,"The noise? Oh, I’m working from home today”"
8786,1013,17,28,118,163,1.3803680981595092,0.05236842213133965,641,Do you have any Border Collies with experience in small spaces?
2385,1019,8,38,96,142,1.380281690140845,0.04970434450398567,641,I’m running late. I had to bring some work home with me.
2493,1020,19,27,125,171,1.3801169590643274,0.05189640578726715,641,"Yeah, I'm working from home now."
3532,1021,15,27,108,150,1.38,0.05406930675425666,641,No one warned us about the wolves of Wall Street.
3312,1021,12,33,105,150,1.38,0.05152701773872595,641,My parents let me stay at their apartment while I get my artisanal feta business off the ground.
493,1021,15,27,108,150,1.38,0.05406930675425666,641,"That's right, Mr. Mueller, three bags full."
974,1021,15,27,108,150,1.38,0.05406930675425666,641,"That's right.  They're here. And I've got your silly stick, too."
3351,1025,15,38,126,179,1.3798882681564246,0.047592071454965336,641,The good news is I fall asleep really quickly.
7540,1025,21,26,132,179,1.3798882681564246,0.05139678450255211,641,#EWETOO?
256,1027,13,34,111,158,1.379746835443038,0.05048151193639521,641,Border collie's at the vet.
5347,1027,13,34,111,158,1.379746835443038,0.05048151193639521,641,"I would like a dozen house salads with extra alfalfa sprouts, and a 
L-A-M-B chop."
6492,1027,14,32,112,158,1.379746835443038,0.05127385983586431,641,Urban farming is a lot more relaxing than I thought!
8867,1030,14,35,117,166,1.3795180722891567,0.049491891217699535,641,This place gives me the woolies.
6549,1030,15,33,118,166,1.3795180722891567,0.05022416396947179,641,"Hello Mary, I’ve found your little lamb. She’s been quite busy!"
2824,1030,16,31,119,166,1.3795180722891567,0.05094591246174881,641,Send up a bottle of Merlot and a case of Woolite
5551,1030,15,33,118,166,1.3795180722891567,0.05022416396947179,641,"Yes, I've been sleeping a lot better."
6636,1034,16,34,124,174,1.3793103448275863,0.04923355058833317,641,"No Mom, this is not just a phase."
3777,1034,14,27,104,145,1.3793103448275863,0.054552310230272565,641,"It's a 5th-floor walk up. So, that was a whole thing."
3795,1034,12,31,102,145,1.3793103448275863,0.05276725945350817,641,I did not bring them.  They followed me.  You know what they're like.
3906,1034,14,27,104,145,1.3793103448275863,0.054552310230272565,641,They are free range but not grass fed.
6305,1034,13,29,103,145,1.3793103448275863,0.05366720703415517,641,The ad said “Work from Home”
6588,1034,16,23,106,145,1.3793103448275863,0.05628077320618432,641,"Yeah, but the black one left to see the sights."
7435,1040,13,32,108,153,1.3790849673202614,0.051638558841017194,641,"You're right, Mother. My friends do all appear to be sheep."
509,1040,15,28,110,153,1.3790849673202614,0.0532779446224064,641,Cool if I work from home today?
487,1042,14,33,114,161,1.3788819875776397,0.050574417356080204,641,"I'm out of sick days, so my boss is making me work from home."
7734,1042,13,35,113,161,1.3788819875776397,0.04980092307733052,641,"Dammit, Bo-Peep, if you'd follow me on Instagram, you'd know where they are!"
7439,1044,14,39,124,177,1.3785310734463276,0.04728043694262042,641,Bo? Get your ass over here.
570,1045,9,38,101,148,1.3783783783783783,0.04926878955611577,641,"Oh, nothing. We're just watching ''Babe"" again."
3813,1045,13,30,105,148,1.3783783783783783,0.0528689727321589,641,"Hello, Mary? Yes, I found them."
1465,1047,15,29,112,156,1.3782051282051282,0.05251566288704322,641,"Sorry, but I can't return them until I refill my Ambien prescription."
2022,1047,13,33,110,156,1.3782051282051282,0.05091629284019001,641,"My parents told me I had to get a job or move out and now they're still not happy."""
6667,1047,18,23,115,156,1.3782051282051282,0.05482730894619894,641,I've gathered your next group of cabinet candidates.
7885,1047,12,35,109,156,1.3782051282051282,0.05009746391434592,641,Turns out that damn Border Collie has a girlfriend in town.
2154,1051,13,39,120,172,1.377906976744186,0.047526913543120615,641,Yes I can have them there by your bedtime.
6590,1052,8,35,92,135,1.3777777777777778,0.051367874776523215,641,"No, beekeeping was last week."
5356,1053,15,24,104,143,1.3776223776223777,0.05596867379164746,641,"Do as I say Bo Peep: meet me in the lobby at noon, bring the cash, come alone."
8863,1053,14,26,103,143,1.3776223776223777,0.055081751876245824,641,"Hello Insomnia Clinic, your advanced reality therapy isn't working."
1997,1053,15,24,104,143,1.3776223776223777,0.05596867379164746,641,"No, this is Ewe-ber. With an E."
7130,1056,17,23,111,151,1.3774834437086092,0.05538683696501699,641,"Hi Sid, I’m going to work from home today."
3040,1056,16,25,110,151,1.3774834437086092,0.054583894036966805,641,I assumed the wool would arrive pre-bagged.
4151,1056,10,37,104,151,1.3774834437086092,0.04949343556205721,641,I'll never doze off at farmers auction again!
6071,1059,13,34,112,159,1.3773584905660377,0.05021983777317887,641,I was exhausted. How was I supposed to know you weren’t being literal?
6622,1059,15,30,114,159,1.3773584905660377,0.051780837167473635,641,This place has breathtaking ewes
7931,1059,12,36,111,159,1.3773584905660377,0.04942085197631052,641,"Actually, my rod and my staff haven’t been much comfort."
8103,1059,11,38,110,159,1.3773584905660377,0.04860873495745788,641,They're getting restless. I'm not sure 'Wolf of Wall Street' was a good idea.
7226,1063,17,32,126,175,1.3771428571428572,0.0496650757710971,641,Bo Peep?  You'll never guess where I found them.
8293,1064,18,33,132,183,1.3770491803278688,0.04869756449769822,641,"My boss wouldn't give me the day off, so I'm working from home."
3334,1065,14,24,100,138,1.3768115942028984,0.056524858390548646,641,"I miss you, too, Bo."
6051,1065,10,32,96,138,1.3768115942028984,0.052648965088438304,641,"If this doesn't work, I'm taking an Ambien."
1516,1067,11,33,102,146,1.3767123287671232,0.051560816560026604,641,I love working from home.
4051,1067,14,27,105,146,1.3767123287671232,0.05423963254120916,641,"I swear you said ""Get the flock out of town!"""
4512,1067,11,33,102,146,1.3767123287671232,0.051560816560026604,641,"For some reason , I just can't stop going to sleep."
1219,1070,12,34,108,154,1.3766233766233766,0.05052808477117192,641,"Yes, Room Service... I think I'll try that glass of warm milk now..."
6702,1070,11,36,107,154,1.3766233766233766,0.049681031720558315,641,"Look, I'm going to be a little late. It appears that I overslept."
4072,1070,15,28,111,154,1.3766233766233766,0.0529880615243998,641,I lost count while I was trying to get to sleep
3833,1070,14,30,110,154,1.3766233766233766,0.05218095654824626,641,"Let me give it to you straight, Mom -- I've made some terrible investments."
1201,1070,17,24,113,154,1.3766233766233766,0.054566469005798854,641,"Oh, just teaching someone on Airbnb a lesson about mandatory cleaning fees..."
3381,1070,15,28,111,154,1.3766233766233766,0.0529880615243998,641,"No, I know the difference between literally and metaphorically.  I meant ""literally!"""
1002,1076,13,35,114,162,1.376543209876543,0.04954778408423333,641,"On second thought, ixnay on the ambchops-lay. Send me up a salad instead."
1846,1076,17,27,118,162,1.376543209876543,0.052551953836788116,641,"Well, they came with the new mattress and I can't get them to leave!"
6135,1076,11,39,112,162,1.376543209876543,0.047975206465994014,641,"Hello, I'd like to submit a complaint about my neighbor's barking dog."
7327,1076,13,35,114,162,1.376543209876543,0.04954778408423333,641,"I thought that I was just counting them, not bidding on them."
7756,1076,17,27,118,162,1.376543209876543,0.052551953836788116,641,"Hey honey, remember when you told me not to bring work home?"
7941,1081,15,37,126,178,1.3764044943820224,0.04773179996474256,641,"No, I did not say ""cheap"" apartment"
2317,1081,14,39,125,178,1.3764044943820224,0.047062137178472734,641,"I  guess it worked, because I must be dreaming."
855,1081,21,25,132,178,1.3764044943820224,0.0515674757990642,641,Can you help me put together this wool sweater from Ikea?
5556,1081,19,29,130,178,1.3764044943820224,0.05032141309770073,641,"I’m not sure how many there are.” “Whenever I count them, I fall asleep."
5237,1085,19,32,135,186,1.3763440860215055,0.04871374134382719,641,"Ma, stop nagging. I know I'm the black sheep, but I'm  hanging with a good crowd."
1233,1085,18,34,134,186,1.3763440860215055,0.04811346959995193,641,Yeah. It’s an Air Baa-n-Baa.
8272,1087,13,21,91,125,1.376,0.05974569764507545,641,"I'm asking, how much sheep can a sheep shearer shear if a sheep shearer could shear sheep?"
731,1088,12,26,95,133,1.3759398496240602,0.056074909780405954,641,My therapist says I'm a herder!
3510,1089,13,27,101,141,1.375886524822695,0.05470655539199117,641,I said CHEAP.  I was looking for something really CHEAP.
3824,1089,15,23,103,141,1.375886524822695,0.05652823584762252,641,"Is there something you should have told me when I sub-leased your apartment, Bo?"
8950,1089,11,31,99,141,1.375886524822695,0.05282208778219166,641,I'm in the process of looking for a new field.
8693,1092,13,30,106,149,1.3758389261744965,0.052574314972969716,641,"Yep, I’m on it. One for the little boy who lives down the lane."
1610,1092,13,30,106,149,1.3758389261744965,0.052574314972969716,641,We never miss an episode of Graze Anatomy.
4627,1092,16,24,109,149,1.3758389261744965,0.05510120470169996,641,Let me call you back...I'm watching the evening ewes.
5708,1092,14,28,107,149,1.3758389261744965,0.05342989160052856,641,"To get real sleep,  you need real sheep."
6984,1092,14,28,107,149,1.3758389261744965,0.05342989160052856,641,"No, Doc, I said, “I need some sleep”"
2886,1097,16,27,114,157,1.375796178343949,0.053011553332981666,641,I'll call you back. I've got some Trump voters to take care of.
7735,1097,15,29,113,157,1.375796178343949,0.05223567238437209,641,What do you mean count them in your mind?
5746,1099,15,32,118,165,1.3757575757575757,0.05038764377647361,641,I know I shouldn't have gotten my hopes up about urban farming.
5829,1100,16,33,124,173,1.3757225433526012,0.04938730488622849,641,Blue? Peep. Small bills in a brown bag. No cops or they're chops.
8361,1101,13,31,108,152,1.375,0.05181651476613981,641,"Hello, Room Service? We'd like one New York steak, medium rare, and 12 dinner salads."
7602,1101,15,24,105,144,1.375,0.05564047511355803,641,"Yeah doc, the trazodone put me right to sleep but I'm not sure I can live with the side effects"
7228,1101,12,33,107,152,1.375,0.050968743625568295,641,They insist on watching every Ram's game.
6467,1101,14,38,124,176,1.375,0.04741704992275061,641,"Yes, I'd like to cancel my subscription..."
6448,1101,15,30,115,160,1.375,0.051510211480758385,641,I need to get the flock outta here.
6262,1101,13,22,93,128,1.375,0.05869311620423454,641,"They're asking for political asylum.  Something about a ""big bad wolf"" is all that I could get out them."
101,1101,12,27,97,136,1.375,0.05516611871062502,641,"Well, my roommates and I are very close-knit."
5462,1101,11,35,106,152,1.375,0.05010663080898807,641,"It’s just like living on the farm, only the reception is better."
912,1101,10,37,105,152,1.375,0.049229422861613525,641,"Yup, I left them alone and they came home."
182,1101,12,36,112,160,1.375,0.049167599394201456,641,"They won't listen to me. I tell them what to do and they say, ""The Lord is my Shepherd."""
8694,1101,11,35,106,152,1.375,0.05010663080898807,641,"Send in more sheep, I am still awake"
8400,1101,14,35,119,168,1.375,0.049004562091589224,641,"Hello, I need to return the DIY sweather kit. I guess we have different definitions of do it yourself!"
6038,1101,18,27,123,168,1.375,0.05183233646583252,641,"hello, is Mary there"
8584,1101,16,28,116,160,1.375,0.052267755251146096,641,"My sleep aid worked at first, but I seem to need more and more."
7099,1115,11,39,113,163,1.3742331288343559,0.047735900204530606,641,"Hey, Ma, New York City is crazy.  They have this place in Central Park called Sheep Meadow, but they don’t allow sheep there!"
2151,1115,11,39,113,163,1.3742331288343559,0.047735900204530606,641,"Yeah, the grand prize was a free trip to the city for me and a dozen of my closest friends!"
3811,1117,13,32,110,155,1.3741935483870968,0.051086549441834446,641,I told you I needed fresh sheets.
4462,1117,8,42,105,155,1.3741935483870968,0.046807046809920885,641,"One pizza, a bottle of beer, and fifty pounds of hay."
2759,1117,15,28,112,155,1.3741935483870968,0.05270113751140239,641,"Granted, it is an unusual gig, but it pays well and is easier than herding cats."
5680,1117,11,36,108,155,1.3741935483870968,0.04941923889286689,641,I wish I had thought of this whole telecommuting thing years ago.
447,1117,11,36,108,155,1.3741935483870968,0.04941923889286689,641,"I would like to order several hundred pounds of fresh grass, with a side of clover and forbs or whatever you reccomend for a night of light grazing."
416,1117,13,32,110,155,1.3741935483870968,0.051086549441834446,641,"The sheep aren't working, Doctor. Can't I just go back to Ambien?"
607,1117,11,36,108,155,1.3741935483870968,0.04941923889286689,641,"We're cramped, but it's a New York apartment..."
5752,1124,14,27,106,147,1.3741496598639455,0.053930312870663036,641,This Wolf on CNN... do we trust him?
3403,1124,7,41,99,147,1.3741496598639455,0.04749908341766956,641,A city this size -  and nobody delivers hay.
6251,1124,16,23,108,147,1.3741496598639455,0.05563141708206532,641,"It's like herding cats, but much, much easier."
1288,1124,14,27,106,147,1.3741496598639455,0.053930312870663036,641,Sorry to hang up...but I have to get the flock out of here.
7707,1124,13,29,105,147,1.3741496598639455,0.05305931290746281,641,"Yeah, it seems like everyone who is young and white flocks to the city."
4260,1129,11,30,98,139,1.3741007194244603,0.053325820515611654,641,"I am afraid you misread the listing. This is a sheep apartment, not a cheap apartment."
8478,1129,10,32,97,139,1.3741007194244603,0.05233907449609628,641,"I need my Ambien back, this new thing isn't working out."
738,1131,16,33,125,174,1.3735632183908046,0.04915010547700476,641,"Bo, it's me.  Give me a call as soon as you can, babe."
7739,1132,12,38,116,166,1.3734939759036144,0.04789980319566938,641,No. I said I was watching the Rams!
375,1133,14,31,113,158,1.3734177215189873,0.05117673365721463,641,"OK, I've led them to Fox News. Now what?"
4203,1133,11,37,110,158,1.3734177215189873,0.04875634422894257,641,"I'd like a cheeseburger with fries, a large Coke, and two bales of alfalfa."
8140,1133,8,43,107,158,1.3734177215189873,0.04620935118913486,641,I'd like to order 3 bales of hay and a large pizza with everything.
3067,1136,13,30,107,150,1.3733333333333333,0.0522827167978516,641,I would like to order in from the grazing menu
4864,1136,13,30,107,150,1.3733333333333333,0.0522827167978516,641,I work from home Fridays
5830,1136,13,30,107,150,1.3733333333333333,0.0522827167978516,641,"Hi, Bo Peep? Yeah, I found them."
7881,1136,13,30,107,150,1.3733333333333333,0.0522827167978516,641,I'm just about to take a nap.
6749,1140,12,29,101,142,1.3732394366197183,0.05345813262563093,641,I think they’re looking for the remote.
1089,1141,10,30,94,134,1.373134328358209,0.0536739553132021,641,I just explained to them that technically these aren't pets.
3114,1141,10,30,94,134,1.373134328358209,0.0536739553132021,641,How do I know you're not a wolf?
4502,1141,12,26,96,134,1.373134328358209,0.05572553436470314,641,The view is great and I have never slept better.
1687,1144,14,44,135,193,1.3730569948186528,0.044427093462842675,641,My landlord told me to get the flock out of here.
2434,1145,12,23,91,126,1.373015873015873,0.058264996144873786,641,I’ve only been here a week in the landlord told me to get the flock out of here
812,1146,11,44,122,177,1.3728813559322033,0.04510937690020145,641,A total of 42. Now I've got to go. I'm getting really sleepy.
6782,1147,16,31,122,169,1.3727810650887573,0.05018800695207902,641,Bo Peep residence? I have good news.
7108,1147,11,41,117,169,1.3727810650887573,0.04654701012039874,641,"I told you, I'm at work!"
2347,1149,10,40,111,161,1.3726708074534162,0.047302938545738554,641,They loved the Met and the Guggenheim but the grass in Central Park wasn’t to their liking.
3928,1149,15,30,116,161,1.3726708074534162,0.05124223602484471,641,What do you mean border collies aren't allowed on the twelfth floor?
7410,1149,14,32,115,161,1.3726708074534162,0.05047897583423319,641,The condo Rules and Regs say no GOATS
5793,1152,10,37,106,153,1.3725490196078431,0.04896798106963177,641,Big Bad Wolf? Don’t buzz him in.
7329,1152,12,33,108,153,1.3725490196078431,0.050693804296450505,641,"Tried it!
Tried it!
Yeah, tried that too. 
I don’t know, maybe 10 or 12.
What's melatonin?"
8448,1152,14,29,110,153,1.3725490196078431,0.0523627770277497,641,"It was a loud bar. She thought I said ""I wanna flock."""
252,1155,15,24,106,145,1.3724137931034484,0.05531590535869408,641,"No, I don't need a wake up call. I'm having trouble falling asleep as it is."
2677,1155,12,30,103,145,1.3724137931034484,0.05265446860251198,641,"The dog called in sick today so we're watching ""Silence of the lambs"" at home."
4125,1155,10,34,101,145,1.3724137931034484,0.05080277731174612,641,"At first they appreciated not getting eaten by wolves, but now they're always irritated about Netflix outages."
5182,1155,14,26,105,145,1.3724137931034484,0.054443217622023164,641,Insomniacs Anonymous?
8180,1159,10,31,96,137,1.3722627737226278,0.052836359645692395,641,"Actually, I find I'm often more productive when I work from home."
3054,1159,13,25,99,137,1.3722627737226278,0.055800605027869335,641,"Hello, room service? Is your grass organic?"
6276,1159,13,25,99,137,1.3722627737226278,0.055800605027869335,641,Hello Bo Peep?  I have some good news for you!
5048,1162,10,44,118,172,1.372093023255814,0.04523614938212206,641,The hard part was getting them up here in the elevator.
3411,1162,12,40,120,172,1.372093023255814,0.04671518086158252,641,"No really, they just followed me home. Hm? Yeah...wagging their tails behind them."
8647,1164,12,37,115,164,1.3719512195121952,0.04827992083686157,641,So turns out working at home was a bad idea.
1086,1165,15,28,113,156,1.3717948717948718,0.05241713198204591,641,"Wrong number, ""Where the buffalo roam"" is in room 650."
2200,1165,16,26,114,156,1.3717948717948718,0.053200269841063894,641,Ewe Tube isn't working
2300,1165,10,38,108,156,1.3717948717948718,0.04831139405491481,641,"It's not the best grazing spot, but it's rent-controlled."
4445,1168,9,37,102,148,1.3716216216216217,0.04915203496708115,641,"Well, if I have to watch over my flock by night, I might as well be comfortable."
6022,1168,9,37,102,148,1.3716216216216217,0.04915203496708115,641,"They all wanted to watch ""The Wolf of Wall Street."""
5741,1170,10,32,98,140,1.3714285714285714,0.052032538976282044,641,"I hate to bring my work home with me, but it's the only way I can sleep at night."
6837,1170,10,32,98,140,1.3714285714285714,0.052032538976282044,641,"That’s right, bespoke artisanal sweaters delivered to your door."
7673,1170,12,28,100,140,1.3714285714285714,0.05397161252136094,641,"It's a staff job, and I get to work from home."
8805,1170,13,26,101,140,1.3714285714285714,0.054915479430436856,641,"Hello, Mary?  We've got a problem"
7758,1174,12,38,117,167,1.3712574850299402,0.04766461265272421,641,I started counting them and they stayed the night.
2521,1175,14,31,114,159,1.371069182389937,0.05090805022020487,641,"We’re watching ‘Silence of the Lambs,’ how about you?"
5547,1175,12,35,112,159,1.371069182389937,0.04931943415554243,641,"Silence f the Lambs"" but they don't like it"
7922,1175,13,33,113,159,1.371069182389937,0.050120036725075263,641,"Your Arbnb is full of sheep, sir. 

I SAID SHEEP."
8669,1178,11,34,106,151,1.3708609271523178,0.050267183735345784,641,"I've counted them all, now what?"
5873,1178,13,30,108,151,1.3708609271523178,0.051994136228849075,641,"I'm telling you, vertical herding is how we get to the top of the wool business."
4856,1178,14,28,109,151,1.3708609271523178,0.05283644975710109,641,I'd like to make an appointment for 12 haircuts please.
1247,1181,16,34,128,178,1.3707865168539326,0.04830921802482698,641,"That's right, one cheeseburger, fries, a coke, and twelve paleolithic kale salads."
7209,1181,14,38,126,178,1.3707865168539326,0.04697680919382077,641,I promise! You won’t hear a Peep out of them.
3590,1183,13,27,103,143,1.3706293706293706,0.05406578036205481,641,I don't know. They all wandered in here when I turned on Fox News.
5946,1183,14,25,104,143,1.3706293706293706,0.054969097340210035,641,"No rush to hang up, Mom. I'm working from home today."
568,1185,12,36,114,162,1.3703703703703705,0.048668246134442636,641,"OK, I counted them and had a good night’s sleep. Now what do I do with them?"
4852,1185,14,32,116,162,1.3703703703703705,0.050219126376369216,641,So few apartments have pastures.
5538,1185,11,38,113,162,1.3703703703703705,0.04787396939570777,641,We went to Central Park today. The Sheep Meadow was a big disappointment.
7455,1185,17,26,119,162,1.3703703703703705,0.05245954977227998,641,"Mary, come and get your damn lambs. You know that was part of the divorce settlement."
7572,1185,13,34,115,162,1.3703703703703705,0.04944976661122089,641,I'm working from home today. The meadow was packed.
8853,1185,11,28,96,135,1.3703703703703705,0.05437289176458838,641,I thought this was my weekend with the kids.
9041,1185,18,24,120,162,1.3703703703703705,0.0531853889561019,641,"I'm in Brooklyn.  They call everybody ""ewes"" here."
4938,1192,17,23,114,154,1.37012987012987,0.05446789365183454,641,No Miss Peep I can't tell you where to find them.  That's what witness protection is all about.
3300,1192,12,33,109,154,1.37012987012987,0.05042161490620353,641,"Miss Bo-Peep, just follow my instructions and your sheep will be returned unharmed."
8418,1192,16,25,113,154,1.37012987012987,0.05368304202486986,641,"Believe me Gloria, this is easier than herding cats."
6620,1192,15,27,112,154,1.37012987012987,0.05288654425485115,641,The landlord told me that I have to get the flock out of here.
2249,1192,14,29,111,154,1.37012987012987,0.05207786598351275,641,"Yo, Bo, Found Em."
6805,1192,12,33,109,154,1.37012987012987,0.05042161490620353,641,Honey!  I had no choice.  I had to get the flock outta there.
720,1198,12,30,104,146,1.36986301369863,0.05235475319726407,641,"Just one more episode, then we'll head back to the fields"
4037,1198,17,20,109,146,1.36986301369863,0.056686742178345684,641,"No, no, you've reached Beau Peep."
2737,1198,11,32,103,146,1.36986301369863,0.05144460001843606,641,...can I get clover on that and then a dozen sides of pasture grass...
5221,1201,13,35,117,165,1.3696969696969696,0.04880254378301108,641,The farm is toast. The girls are fine. Guess where FEMA sent us?
2580,1202,9,33,96,138,1.3695652173913044,0.05150448567343949,641,Do you know what channel Lassie is on?
7053,1202,13,25,100,138,1.3695652173913044,0.055460419541088185,641,How do you turn off the cooking channel? They're about to make lamb chops!
74,1204,15,28,114,157,1.3694267515923566,0.05213600491638502,641,"Yes, I think I can help you with your insomnia issues."
1007,1204,16,26,115,157,1.3694267515923566,0.05291334733287462,641,I lost count.
8340,1206,16,33,127,176,1.3693181818181819,0.04868208495446326,641,"Nope, still can't fall asleep."
6010,1207,15,18,97,130,1.3692307692307693,0.0599527358449683,641,They only watch when Fox News is on.
323,1208,14,27,108,149,1.3691275167785235,0.053321554907193924,641,"Yeah, I like my new job but sometimes I still have to take work home."
1606,1208,10,35,104,149,1.3691275167785235,0.04980370800906372,641,"Wait a minute, where's the wolf now?"
2344,1208,13,29,107,149,1.3691275167785235,0.05246421157468863,641,A letter coming from the Home Owner's Association about what?
5423,1208,12,31,106,149,1.3691275167785235,0.05159262325746276,641,"I know, everyone's flocking to the city these days."
7391,1212,11,40,117,168,1.369047619047619,0.04667404200257338,641,I thought they only followed me on Facebook.
154,1213,13,26,102,141,1.3687943262411348,0.054588213948620394,641,I've got to stop taking my work home with me.
1145,1213,12,28,101,141,1.3687943262411348,0.05365217590654302,641,Bo Peep. Jack here. I think I found them.
4370,1215,14,31,115,160,1.36875,0.050642006422192715,641,We thought the Rams were on today.
5524,1216,13,40,126,179,1.3687150837988826,0.046083440896549685,641,You need roommates to afford a city apartment these days.
660,1216,17,32,130,179,1.3687150837988826,0.048731574152876406,641,"Fine, if you don't want 'em, I'll sell 'em on eBaa."""
478,1218,15,26,111,152,1.368421052631579,0.05336711550786185,641,"I'd love to go out, but I'm kind of on the lam."
732,1218,12,32,108,152,1.368421052631579,0.05085896076806368,641,Got to get off the phone now. I brought a lot of work home tonight.
1662,1218,15,33,123,171,1.368421052631579,0.048997333486908566,641,"With the cats, I could never satisfy my herding instincts."
2039,1218,15,26,111,152,1.368421052631579,0.05336711550786185,641,"Yes, I fell asleep and slept well, but..."
2464,1218,14,28,110,152,1.368421052631579,0.05254436831753515,641,"Yes hello, I’d like to cancel my subscription to Net Flocks."
2617,1218,15,33,123,171,1.368421052631579,0.048997333486908566,641,"Love ewe, too."
5672,1218,12,32,108,152,1.368421052631579,0.05085896076806368,641,"""Yes sir, enough wool for three bags full. Just bring your own bags and shears."
5593,1225,15,30,118,163,1.3680981595092025,0.050714097209150294,641,Your website says ‘pet friendly’ but I just thought I’d call.
6716,1225,15,30,118,163,1.3680981595092025,0.050714097209150294,641,"Bo, I found your sheep... and it's gonna cost ya."
7273,1225,12,36,115,163,1.3680981595092025,0.048422087621480696,641,I thought you said a room with a ewe.
3451,1228,14,25,105,144,1.3680555555555556,0.05464667873417526,641,The food channel is coming on and I don't want to upset them.
4036,1228,13,27,104,144,1.3680555555555556,0.05375066882887194,641,"Hi, I'm calling about the Boarder Collie"
8739,1228,12,29,103,144,1.3680555555555556,0.0528394672799222,641,This just isn't working out.  I need to get the flock outta here.
7648,1231,11,35,109,155,1.367741935483871,0.049309734572856444,641,"Well, I am sleeping better."
433,1231,14,29,112,155,1.367741935483871,0.05179586339978972,641,Seems like alot for grass. but you deliver?
6117,1231,12,33,110,155,1.367741935483871,0.05015213957755869,641,"Hey Siri, Text Bo Peep, ""I""ve found  them!"
388,1231,9,39,107,155,1.367741935483871,0.047580201371188055,641,"... sure they work, but I think I'd like to go back to the sleeping pills."
5655,1235,10,30,96,136,1.3676470588235294,0.053022812874470436,641,"Well, it's like herding cats."
6402,1235,13,24,99,136,1.3676470588235294,0.056019782851614325,641,Beef and broccoli. Hot and sour soup. And six bales of hay. Ten minutes? Great!
8407,1235,9,32,95,136,1.3676470588235294,0.051985442416579174,641,"Working from home isn't half bad-  I tune in to Fox and Friends, and they fall right in line!"
7667,1238,9,43,114,166,1.3674698795180722,0.04545190612429966,641,"I'm all for farm-to-table, but this is ridiculous!"
3978,1239,11,32,104,147,1.3673469387755102,0.05115535224835309,641,"I agree, one of them is a wolf - I'll keep looking."
4224,1239,11,32,104,147,1.3673469387755102,0.05115535224835309,641,I'm trying to work from home but I just keep falling asleep
4672,1239,10,34,103,147,1.3673469387755102,0.050236262834107495,641,I brought some work home with me again.
5293,1239,11,32,104,147,1.3673469387755102,0.05115535224835309,641,"No, I have no idea who ordered the movie ""Babe"" fourteen times"
5882,1239,11,32,104,147,1.3673469387755102,0.05115535224835309,641,"I thought you said I can count sheep to go to sleep, then why am I so awake right now?"
288,1244,12,34,112,158,1.3670886075949367,0.049470656292917636,641,Bo Peep please.
4321,1244,14,30,114,158,1.3670886075949367,0.051074427497710496,641,"Things are actually actually pretty 
Ba-a-a-a -d."
5127,1244,18,22,118,158,1.3670886075949367,0.05413963210581206,641,"Miss Peep, leave $150,000 in unmarked bills under the Brooklyn Bridge at midnight."
6609,1247,11,29,99,139,1.3669064748201438,0.053199072050461246,641,"Three bags? Hell, I have a whole roomful."
5490,1247,11,29,99,139,1.3669064748201438,0.053199072050461246,641,Counting them didn’t help
5202,1247,11,29,99,139,1.3669064748201438,0.053199072050461246,641,I need to stop bringing my work home with me.
2836,1247,8,35,96,139,1.3669064748201438,0.05017318031941199,641,"Yeah, we've got a few gigs through the holidays, but then I guess it's out to pasture."
5948,1251,9,44,116,169,1.3668639053254439,0.04490622875679337,641,We missed the Meadowlands exit.
699,1252,13,29,108,150,1.3666666666666667,0.052171346217484815,641,"Yes they did help me sleep, can you come get them now?"
2405,1252,14,38,128,180,1.3666666666666667,0.04654413282503513,641,I'm taking a course on leadership.
4705,1252,13,29,108,150,1.3666666666666667,0.052171346217484815,641,"I promised em they could watch ""Silence of The Lambs"""
1566,1255,15,29,117,161,1.3664596273291925,0.051143326335997275,641,No i said a cheap appartement
1790,1255,15,29,117,161,1.3664596273291925,0.051143326335997275,641,"Yes, Ms. Peep...I think I have found what you lost...can you describe your lost items in detail?"
8289,1255,9,41,111,161,1.3664596273291925,0.0463659499999034,641,"Front Desk, ""I would like to order 3 bales of Hay and a shovel, please"""
1160,1258,13,26,103,142,1.3661971830985915,0.05426461287903617,641,Listen carefully Bo Peep I have your sheep
7897,1258,14,24,104,142,1.3661971830985915,0.05517733530879055,641,Yo. Peep here again. Yeah. I found 'em.  Turns out they never even left the apartment.
9049,1258,9,34,99,142,1.3661971830985915,0.050448862499004606,641,"No, we took the stairs."
8482,1261,15,37,131,183,1.366120218579235,0.04664635660343609,641,"If it’s that wolf at the door, don’t let him in."
7684,1262,11,34,108,153,1.3660130718954249,0.049725453662182735,641,so we're heading off to bethlehem in the morning
158,1262,10,36,107,153,1.3660130718954249,0.048853059575674256,641,"Yes, sir - yes, sir.  Three bags full."
2488,1262,10,36,107,153,1.3660130718954249,0.048853059575674256,641,"So far, I’m not a big fan of telecommuting."
6114,1262,13,30,110,153,1.3660130718954249,0.05142586281163292,641,"Bo Peep?....Yeah, they're at my place."
5926,1266,12,21,90,123,1.3658536585365855,0.05916957502759898,641,Room service? I need some grass.
7100,1266,14,32,118,164,1.3658536585365855,0.04970689959570512,641,Wool’s trading for WHAT?!
4319,1266,15,30,119,164,1.3658536585365855,0.05045386572409241,641,"Yes, that's one pepperoni pizza and two bales of hay."
8253,1266,14,32,118,164,1.3658536585365855,0.04970689959570512,641,Evidently the city that doesn't sleep is just the untapped market I've been looking for!
61,1266,14,32,118,164,1.3658536585365855,0.04970689959570512,641,What would Jesus do?
65,1266,15,15,93,123,1.3658536585365855,0.06245701460141267,641,"Look, Doc, I'm all for natural alternatives, but couldn't you just prescribe me some Ambien?"
6140,1272,16,32,127,175,1.3657142857142857,0.04882672210921562,641,"It's me, Bo. You'll never guess where I finally found them."
2948,1273,10,29,95,134,1.3656716417910448,0.05353725591453509,641,"Very funny, Al. No, I am not sheepless in Seattle."
1093,1274,10,33,102,145,1.3655172413793104,0.0506790981265485,641,"Hello, Ewe Tube? Have I got a video for you...."
5929,1274,13,27,105,145,1.3655172413793104,0.053439005499348616,641,"Yeah, I took your advice and left them alone . . . and they did come home, but they're still not happy about the location."
6372,1274,13,27,105,145,1.3655172413793104,0.053439005499348616,641,"Hello, Little Bo-Peep?  Now listen, and listen carefully..."
8021,1274,10,33,102,145,1.3655172413793104,0.0506790981265485,641,I said only ONE for the little boy who lives down the lane.
8949,1278,13,31,112,156,1.3653846153846154,0.05070759724789727,641,"I didn't get fired, but they are putting me out to pasture."
391,1278,13,31,112,156,1.3653846153846154,0.05070759724789727,641,"Now, what are your roaming charges?"
2136,1278,15,27,114,156,1.3653846153846154,0.05231334811052093,641,"Even though it’s a pull-out, I’m sleeping remarkably well."
2608,1278,7,43,106,156,1.3653846153846154,0.04555197584103465,641,"That will be twelve large orders of grass, and one kale salad."
5475,1278,16,25,115,156,1.3653846153846154,0.05309801669056327,641,It's very simple Ms Peep - it's your money or your sheep.
6635,1278,11,35,110,156,1.3653846153846154,0.04904930628232548,641,Is the wolf gone yet?
1802,1284,9,32,96,137,1.364963503649635,0.051674319908391185,641,Rent a sheep to help you fall asleep! Rob speaking. How many sheep do you need?
646,1285,12,30,106,148,1.364864864864865,0.0517648172887719,641,"Honey, the dog had the day off so I brought work home."
936,1285,14,26,108,148,1.364864864864865,0.053511247748995794,641,"No, pretty sure they're trump supporters."
4336,1285,8,38,102,148,1.364864864864865,0.04808203048448556,641,I THINK someone signed me up for a sleep study.
5167,1285,11,32,105,148,1.364864864864865,0.0508691227129258,641,"Oh,it's ewe again."
7950,1285,12,30,106,148,1.364864864864865,0.0517648172887719,641,Hello?  Netflocks?
8454,1285,13,28,107,148,1.364864864864865,0.05264527492849831,641,"Yeah, I know the there's a limit, but technically they're not pets."
2603,1291,10,38,111,159,1.3647798742138364,0.04756751904135092,641,"Yeah, you just leave them alone, and they come home."
5623,1291,13,32,114,159,1.3647798742138364,0.05001503129509474,641,We can’t go anywhere until I can convince them that the Wolf of Wall Street isn’t an actual wolf.
3243,1293,15,32,123,170,1.3647058823529412,0.049144521203205296,641,"This is Bob Peep, my wife isn't home."
6654,1294,9,29,91,129,1.3643410852713178,0.0538466821296504,641,No one told me that they can't go DOWN steps.
8897,1295,13,25,102,140,1.3642857142857143,0.054791686496380124,641,Right. That's one shepherd's pie and a dozen bowls of milk.
9008,1295,12,27,101,140,1.3642857142857143,0.05384564964970519,641,"No, that was SIX bales of hay and ONE Shepherds Pie."
6687,1297,15,25,111,151,1.3642384105960266,0.05355646786531318,641,"Hello, room service? I'd like a grilled cheese and seventeen garden salads."
7262,1297,13,29,109,151,1.3642384105960266,0.051881545935980156,641,"They said, ""count the sheep to fall asleep"", but they never said anything about what to do once you wake up."
7966,1297,13,29,109,151,1.3642384105960266,0.051881545935980156,641,"First of all, I am not little.  Secondly, they are not mine."
6322,1297,11,33,107,151,1.3642384105960266,0.05015071651737506,641,Thinking about getting the flock out of here.
7155,1297,11,33,107,151,1.3642384105960266,0.05015071651737506,641,"Please send up one order of the chicken stir-fry, two bottles of ginger ale and a border collie."
3250,1297,10,35,106,151,1.3642384105960266,0.04926250243801632,641,"You'll never find them, Bo Peep, so pay up if you want them back."
2925,1297,16,23,112,151,1.3642384105960266,0.05437458478884115,641,"That's right, Ms. Bo-Peep -- $25,000 or it's mutton time."
2450,1297,14,27,110,151,1.3642384105960266,0.05272565816998183,641,"For some reason Doc, whenever I check to see if they're all here I have trouble staying awake"
4998,1297,15,25,111,151,1.3642384105960266,0.05355646786531318,641,"Yes, Miss Bo, we're good. It's halftime and the Rams are ahead."
5317,1306,11,37,114,162,1.3641975308641976,0.047767563418956036,641,Not tonight.  Sometimes I have to bring work home.
1284,1307,18,27,128,173,1.3641618497109826,0.050557386371491035,641,"Hey, Bo? Found 'em."
7719,1307,14,35,124,173,1.3641618497109826,0.04782463775308154,641,"I know I'm supposed to lead them somewhere, but I can't risk losing this rent-controlled apartment."
8836,1309,11,34,109,154,1.3636363636363635,0.049458644607100075,641,"Believe me, I've tried non-pharmaceutical methods."
7312,1309,14,28,112,154,1.3636363636363635,0.051969268225002675,641,I already herd.
4018,1309,15,34,127,176,1.3636363636363635,0.04792014214933791,641,You say you're holding the black sheep at the border?
3357,1309,14,32,119,165,1.3636363636363635,0.04945445850172783,641,"I’m watching Graze Anatomy, how about you?"
407,1309,10,32,101,143,1.3636363636363635,0.0511326016104156,641,"Once they cut both the farm and the rent subsidies, I really had no other choice."
563,1309,13,34,118,165,1.3636363636363635,0.048701474676766505,641,I will say the career change has done wonders for my insomnia.
3074,1309,15,22,106,143,1.3636363636363635,0.055740543849581804,641,What do you mean the wolf of Wall Street is a metaphor?
7913,1316,14,33,121,168,1.3630952380952381,0.04881369647015724,641,Exactly how soon can we get that farm-to-table reservation?
6356,1317,10,37,110,157,1.3630573248407643,0.047947302720323624,641,"Although the wolf's no longer a problem, the coop board's been threatening me something fierce."
3102,1317,11,35,111,157,1.3630573248407643,0.04879142502000183,641,I've counted them all; what doI do now?
3346,1317,12,33,112,157,1.3630573248407643,0.04962118975609682,641,Some hotels are just better than others at helping you get to sleep.
1243,1317,10,37,110,157,1.3630573248407643,0.047947302720323624,641,Working from home is the best decision I ever made.
807,1321,13,27,106,146,1.3630136986301369,0.053130739528841175,641,I need a bigger staff.
8270,1321,14,25,107,146,1.3630136986301369,0.05401248739107584,641,I was trying to get some sleep and now they just won't leave.
1214,1323,12,25,98,135,1.362962962962963,0.05524697791815144,641,I've tried that and I'm still wide awake.
3402,1323,11,27,97,135,1.362962962962963,0.05423716668093172,641,"Yeah, I’ve tried that, but I’m still wide awake."
1671,1325,15,32,124,171,1.3625730994152048,0.04890281138838091,641,I overslept.
1854,1325,11,40,120,171,1.3625730994152048,0.046003121233998294,641,"No, haven’t heard a peep from her; but I do know where she can find them."
3946,1327,12,34,114,160,1.3625,0.04895728789195588,641,"You're right Dr. Brulov , I've got to stop taking my work home with me."
1847,1327,13,32,115,160,1.3625,0.04975371734792394,641,"I've got something of yours, Peep, and if you play ball , nobody gets hurt."
8650,1327,18,22,120,160,1.3625,0.05355851147057204,641,Bo? It’s me. I found them. What? Leave them alone? Are you sure?
1254,1330,11,32,106,149,1.3624161073825503,0.050585870209866476,641,Just wanted to let you know I’ll be working from home again tomorrow.
1365,1330,7,40,102,149,1.3624161073825503,0.04686311319812884,641,"That's 3 bales of hay, 4 orders of clover, 2 of crabgrass, and a club sandwich."
4259,1330,10,34,105,149,1.3624161073825503,0.049681339991210494,641,The hardest part of bringing the work home is staying awake
2171,1333,10,30,98,138,1.3623188405797102,0.05238622949474112,641,I really miss working in the field.
2511,1333,12,26,100,138,1.3623188405797102,0.05436809805639403,641,"Yeah, I brought work home so I can watch the game."
7978,1335,15,33,126,174,1.3620689655172413,0.048287962263851736,641,"That’s right, I do petting zoos, birthdays, and baaaaat mitzvahs"
6918,1336,9,41,113,163,1.361963190184049,0.04590484569143322,641,"Well, I gotta say, apartment sitting is a much more enjoyable side gig for us than that dog-walking one..."
2822,1336,15,29,119,163,1.361963190184049,0.05061321003639147,641,"Sorry, but I don't think this stay-at-home job is going to work"
2176,1336,13,33,117,163,1.361963190184049,0.04909395386511477,641,I have to stop bringing my work home with me.
6794,1336,15,29,119,163,1.361963190184049,0.05061321003639147,641,"They wanted horror, so we're watching Wolf of Wall Street again."
1248,1336,10,39,114,163,1.361963190184049,0.04672253439180312,641,"No, I just left them alone, and ..."
1375,1336,13,33,117,163,1.361963190184049,0.04909395386511477,641,Waiting for the LA Rams game. How about you?
481,1342,11,33,108,152,1.361842105263158,0.04987728239907952,641,This is room 417. Please send up one Shepherd's Pie and an acre of grass.
3145,1342,13,29,110,152,1.361842105263158,0.051594767670752044,641,"I want to report a lost border collie, answers  to the name ""Scotty"""
4272,1342,12,31,109,152,1.361842105263158,0.05074329192374302,641,"Nice place, but I’m getting fleeced on the rent."
1024,1345,15,21,105,141,1.3617021276595744,0.05629258108648066,641,How do I get ewe tube?
6685,1346,11,42,124,177,1.3615819209039548,0.04492001861200432,641,I am giving sweaters for gifts this Christmas...lots of sweaters.
9057,1347,9,29,92,130,1.3615384615384616,0.053504324307480214,641,"Doc, I'm still having trouble falling asleep."
2002,1347,8,31,91,130,1.3615384615384616,0.05237797376019003,641,I told them that I would only take the job if I could work from home on Fridays.
4718,1349,16,28,122,166,1.3614457831325302,0.05066669537432947,641,"Hello, is this Bo?"
203,1350,17,22,116,155,1.3612903225806452,0.054063122324315205,641,Tell Little Bo Peep I found her damn sheep.
862,1350,11,34,110,155,1.3612903225806452,0.049194492700765036,641,"We're watching ""50 Shades of Graze.""  What are you up to?"
1534,1350,11,34,110,155,1.3612903225806452,0.049194492700765036,641,"No, I'm Little Bo pooped."
5539,1350,17,22,116,155,1.3612903225806452,0.054063122324315205,641,"Siri, I'm not talking dirty. What I asked was in Sheep Meadow was there a flocking fee?"
7156,1350,12,32,111,155,1.3612903225806452,0.05003883784268974,641,The people downstairs are fine with it. They’ve got llamas.
7908,1350,15,26,114,155,1.3612903225806452,0.052490445171775035,641,One order of bun cha and enough lemon grass for 24.
8169,1356,8,36,100,144,1.3611111111111112,0.04889127281042317,641,I'm on the wait list for a ground floor apartment.
7910,1356,18,29,133,180,1.3611111111111112,0.04905303688474035,641,"Yes, I'm trying to reach a Ms Peep?"
8109,1356,12,41,127,180,1.3611111111111112,0.04509723881825768,641,"Hello, 911? I’ve been fleeced."
764,1356,19,27,134,180,1.3611111111111112,0.04968172374270528,641,"Oooooooh, you said a ""CHEAP""  hotel room. My bad."
9,1356,11,30,103,144,1.3611111111111112,0.05178544050598117,641,"No, I can't sleep either."
8154,1356,10,32,102,144,1.3611111111111112,0.05083902783564432,641,Same ole...working on boundary issues.
2124,1356,13,39,128,180,1.3611111111111112,0.04578028173200505,641,I’d like to cancel a subscription.”
2308,1363,13,35,121,169,1.3609467455621302,0.04784090364080714,641,Mary?
2484,1364,9,30,94,133,1.3609022556390977,0.05265598496720429,641,"Well, yes...I have tried counting sheep"
5244,1364,11,26,96,133,1.3609022556390977,0.05477677505998263,641,I just got tired of herding cats.
5548,1366,12,33,113,158,1.360759493670886,0.049359645678359224,641,No.  I have no problem nodding off at bed time.
7748,1366,11,35,112,158,1.360759493670886,0.04853605841443781,641,"I said, ""With a view,"" not with a Ewe."
8539,1368,12,29,106,147,1.3605442176870748,0.051936301271262184,641,"I'm watching Flocks News right now, can I call you baaack?"
7747,1368,12,29,106,147,1.3605442176870748,0.051936301271262184,641,Mary didn't tell me they reproduced this fast.
7778,1370,13,36,123,172,1.3604651162790697,0.047245334985692486,641,I told the office I'm herding from home
4316,1371,8,33,95,136,1.3602941176470589,0.050781253850836316,641,"Well, funny story, it all started when I couldn't get to sleep..."
8304,1371,11,27,98,136,1.3602941176470589,0.05390299739610028,641,I seem to have lost count
1599,1373,14,30,117,161,1.360248447204969,0.0502731630053276,641,"Yes, my flock is registered by my sleep therapist as emotional support animals."
2322,1373,12,34,115,161,1.360248447204969,0.048704326455199544,641,We're watching the Ram game.
4765,1373,16,26,119,161,1.360248447204969,0.05179450184783931,641,No I don't know the exact number. I fall asleep anytime I try to count them
6261,1376,9,36,105,150,1.36,0.04849410121188961,641,"Why didn't you tell me about your ""No Sheep"" policy at check-in??"
5107,1376,20,23,132,175,1.36,0.05135919421944117,641,Is this Bo-Peep?  I've found them. They're in New York.
773,1376,13,28,109,150,1.36,0.05205400740385792,641,"Oh, just woolgathering..."
1081,1376,12,30,108,150,1.36,0.051187246733809776,641,"No, I tried that, and I'm still awake."
7576,1380,12,35,117,164,1.3597560975609757,0.04807159226703205,641,Hi Miss Bo-Peep. We have some good news for you.
6611,1380,18,23,123,164,1.3597560975609757,0.05253359094532938,641,Just let Bo-Peep know they're here.
5555,1380,13,33,118,164,1.3597560975609757,0.04884357360160098,641,"Your 'Sleep App' appears to have some glitches."""
8794,1380,14,31,119,164,1.3597560975609757,0.04960354202334999,641,I'm not sure this working from home trend is for me.
4450,1380,11,37,116,164,1.3597560975609757,0.04728700967496823,641,"It's smaller than it looked on Airbnb, but it does sleep twelve."
1971,1380,12,35,117,164,1.3597560975609757,0.04807159226703205,641,"Oh, nothing much. Just house sitting for the Pendletons."
49,1380,12,35,117,164,1.3597560975609757,0.04807159226703205,641,My therapist says I have herd mentality.
4845,1380,19,21,124,164,1.3597560975609757,0.0532409135599534,641,"Sorry, we're already booked. Two pageants, one parade, four manger scenes, a reunion with the Brokeback Mountain cast."""
1576,1388,9,32,98,139,1.3597122302158273,0.05106231944971402,641,"Yeah, been working from home two days a week, but the apartment’s starting to smell like the office."
2366,1388,11,28,100,139,1.3597122302158273,0.05306495356348922,641,What should I do with them after I've counted them?
4926,1390,15,34,129,178,1.3595505617977528,0.04746769827352355,641,I call it Lambien.
5093,1390,14,36,128,178,1.3595505617977528,0.04679425613595602,641,I really need to get the flock out of here.
2252,1392,10,35,108,153,1.3594771241830066,0.04873210033198207,641,Sheep happened
5737,1392,15,25,113,153,1.3594771241830066,0.052960496247617304,641,Apartment to table is my speciality.
2397,1392,11,33,109,153,1.3594771241830066,0.04960662168271359,641,Yes. I'd like to speak with Mary.
5595,1395,13,20,95,128,1.359375,0.05841405351986838,641,Ewe called?
5993,1396,15,30,122,167,1.3592814371257484,0.049688123997777896,641,"They've been behaving fine, well except when the Serta commercial came on."
1431,1396,18,24,125,167,1.3592814371257484,0.05182030747782874,641,"Why do I want to initiate this return? Well, because I feel like I got fleeced."
5160,1396,13,34,120,167,1.3592814371257484,0.04821431252888617,641,"Yep, I found thy rod, and the staff's all here."
2984,1399,11,29,102,142,1.3591549295774648,0.052260412013753144,641,Can you come over?  I have to count them and I’m afraid I’ll fall asleep.
141,1400,11,34,111,156,1.358974358974359,0.04893296333391608,641,"A cheese omelette, rye toast, and 8 bales of hay."
327,1400,9,38,109,156,1.358974358974359,0.047212381096072564,641,"I'm sorry, could you re-bleat that?"
2119,1400,13,30,113,156,1.358974358974359,0.050595067669842675,641,"Yeah, so the dog is gone and I’ve got to get these guys to LaGuardia."
7322,1400,13,30,113,156,1.358974358974359,0.050595067669842675,641,"Working from home has been a bit of a challenge, but my insomnia is completely cured."""
1252,1404,14,33,123,170,1.3588235294117648,0.04833163826550019,641,Working from home. So far so good.
963,1405,10,27,94,131,1.3587786259541985,0.05425922674020213,641,"Just chillin', getting my sheep together, what about you?"
6951,1406,13,26,106,145,1.3586206896551725,0.053315246635904,641,Look Bo Peep...I told you I could only watch them for a hour!
5923,1406,7,38,100,145,1.3586206896551725,0.047621453990497935,641,"We are safe now, but those Wall Street wolves are just waiting outside the door."
7629,1406,12,28,105,145,1.3586206896551725,0.05240925570196782,641,Tell her I’ve got them.
4997,1406,11,30,104,145,1.3586206896551725,0.05148732506764378,641,I have to work from home today. They want to watch the sheep dog trials.
4284,1406,12,28,105,145,1.3586206896551725,0.05240925570196782,641,So I told the desk clerk that they're my support animals.
5333,1406,12,28,105,145,1.3586206896551725,0.05240925570196782,641,I said I was looking for a 'cheap' apartment.
6430,1412,14,29,116,159,1.3584905660377358,0.050696148021754615,641,"No, what other way to invest in wool futures?"
1823,1413,18,26,129,173,1.3583815028901733,0.05046508618246871,641,"yes, the airline lost the black one."
624,1413,15,32,126,173,1.3583815028901733,0.04842607683910526,641,"Pricey, but right near the park."
4951,1415,11,26,97,134,1.3582089552238805,0.05443312818819708,641,"Yes, I can definitively say there are no cats in the apartment."
226,1416,10,33,105,148,1.3581081081081081,0.04982976640594712,641,"Tell Little Bo Peep I want $5,000 by five o'clock tonight."
1500,1416,10,33,105,148,1.3581081081081081,0.04982976640594712,641,What kind of an agent can't get this group a gig on Christmas Eve?
2242,1416,15,23,110,148,1.3581081081081081,0.05424618822421932,641,"We'd like 12 large salads, no dressing, a double cheeseburger with bacon, a side of onion rings, and a Budweiser."
2400,1416,13,27,108,148,1.3581081081081081,0.05252420023325401,641,"Yea, well, it's a gig economy, mom."
3554,1416,14,25,109,148,1.3581081081081081,0.05339213681339412,641,Management put me out to pasture.
1315,1421,13,32,117,162,1.3580246913580247,0.04923872881692085,641,"No, I told them I want to get some SLEEP."
1831,1421,15,28,119,162,1.3580246913580247,0.05077218616239923,641,Hey Bo your peeps are here
2692,1421,12,34,116,162,1.3580246913580247,0.048453804591639095,641,"You're bringing the mint jelly, right?"
6952,1421,9,40,113,162,1.3580246913580247,0.04601877302906031,641,"The room is great, but could you send up some Woolite."
6325,1425,13,37,126,176,1.3579545454545454,0.04644814999054616,641,"Hello, Ms. Peep? Yeah, they’re home. The doorman buzzed  ‘em in.”"
7198,1426,13,28,110,151,1.3576158940397351,0.05176306255967165,641,I wanted to watch ewetube
6501,1426,13,28,110,151,1.3576158940397351,0.05176306255967165,641,They'll trade me back unharmed for a half-ton of clover and the surrender of the fleece shears.
5091,1426,12,30,109,151,1.3576158940397351,0.05090299033265068,641,Do you have any Border Collies by any chance?
7360,1426,10,34,107,151,1.3576158940397351,0.04913770429420594,641,"The city is nice, but we're getting fleeced on rent."
4380,1426,13,28,110,151,1.3576158940397351,0.05176306255967165,641,I don't know. Every time I start to count them I fall asleep.
2257,1426,12,30,109,151,1.3576158940397351,0.05090299033265068,641,It's not working.  I still can't fall asleep.
4865,1426,15,24,112,151,1.3576158940397351,0.05344169801809804,641,I gotta get the flock out of this city.
635,1433,15,29,121,165,1.3575757575757577,0.05009341986071467,641,"Hi, I’m in 1402 and was wondering if I could get an order of oats or ivy up here?"
3088,1433,13,33,119,165,1.3575757575757577,0.04859558676800869,641,I don't know.  I fell asleep counting.
7048,1435,16,28,124,168,1.3571428571428572,0.050153538344252534,641,I think you are looking for my sister Bo.  I keep my sheep in my living room and know exactly where to find them.
6569,1435,11,33,110,154,1.3571428571428572,0.049338697349603736,641,"Not much, just watching the evening ewes."
5925,1435,16,23,115,154,1.3571428571428572,0.05346699210984162,641,"I matched with a Bo Peep on Tinder and when I woke up this morning, she was gone and these guys were here."
5188,1435,11,38,119,168,1.3571428571428572,0.046464474723167254,641,The boss said I can work from home today.
4375,1435,13,29,112,154,1.3571428571428572,0.051030108091233976,641,"No, you misunderstood.  My problem is not with sheepless  nights..."
4241,1435,13,29,112,154,1.3571428571428572,0.051030108091233976,641,"Mary's out right now, I'm the sitter."
3588,1435,14,27,113,154,1.3571428571428572,0.051855128672356386,641,Retirement is complicated.
793,1435,16,33,133,182,1.3571428571428572,0.047327238168954434,641,"Watching Silence of the Lambs."" Again"
694,1435,16,23,115,154,1.3571428571428572,0.05346699210984162,641,"I was counting, not inviting."
3628,1435,11,33,110,154,1.3571428571428572,0.049338697349603736,641,Sleep Therapist? Yeah you've got the right number.
515,1445,12,37,122,171,1.3567251461988303,0.046641511015103006,641,"Honey, I fear my mid-life crisis may have hit a new low."
3884,1445,14,33,124,171,1.3567251461988303,0.04809396478749472,641,"Yeah, hi,  I would like to order the Sooper Pooper Scooper."
6861,1445,12,37,122,171,1.3567251461988303,0.046641511015103006,641,"Hello, Ms. Peep? I found them. They just came in for dinner and a show."
7058,1448,12,32,113,157,1.356687898089172,0.04950575487682039,641,I promise I'll have a final count for you first thing tomorrow.
6804,1448,12,32,113,157,1.356687898089172,0.04950575487682039,641,Nothing. Just wool-gathering.
1976,1448,13,30,114,157,1.356687898089172,0.050323742738909376,641,One followed me to school and it just snowballed.
318,1448,11,34,112,157,1.356687898089172,0.04867402231782082,641,They’re back!  The restraining order didn’t work.
3063,1452,15,21,107,143,1.3566433566433567,0.05561684075912833,641,I said I herd ewes.
3494,1452,11,29,103,143,1.3566433566433567,0.051954410313929056,641,Sheperding is much easier with all the degreulation.
4880,1454,12,22,95,129,1.3565891472868217,0.05697311858949264,641,Hello. Insomnia Solutions here.
3154,1455,14,34,126,174,1.3563218390804597,0.04749664583865804,641,"I am not in Witness Protection,Ma,I am on the lamb!"
8535,1456,11,35,114,160,1.35625,0.0480327415520527,641,They were in the living room the whole time.
7859,1456,12,33,115,160,1.35625,0.048844248517174955,641,"Hello, .... Mary, .... we have a problem."
7018,1456,13,31,116,160,1.35625,0.049642491531034234,641,"I told your customer service, 'a dozen white SHEETS'!"
6125,1456,15,27,118,160,1.35625,0.05120165690494129,641,"Hi, Bo Peep. You won't believe this."
5392,1456,13,31,116,160,1.35625,0.049642491531034234,641,"Why yes, Ms. Peep, I believe I’ve found them."
5196,1456,13,31,116,160,1.35625,0.049642491531034234,641,"Babysitting for Mary, you?"
1478,1456,19,19,122,160,1.35625,0.05418556153272155,641,"Yes, Room Service, could you send up your Vegan menu?"
1018,1463,11,30,105,146,1.356164383561644,0.0511924190879219,641,"Well, I'll go if everyone else is going."
1101,1463,12,28,106,146,1.356164383561644,0.05210697730019456,641,"Yeah, I finally made the rural to urban shift, but it's hard to let go entirely...."
5133,1463,15,22,109,146,1.356164383561644,0.05475908159594784,641,"They followed me to work today, work today,WORK  today! They followed me to work today and I just got fired."
3343,1466,7,49,121,177,1.3559322033898304,0.04185611956843884,641,Not much.  Just bringin’ the farm closer to the table.
3953,1467,11,36,116,163,1.3558282208588956,0.04741358762720982,641,"Nothing much, just watching “Dances with Wolves”."
3464,1467,11,36,116,163,1.3558282208588956,0.04741358762720982,641,"Yes, Sealy? I’ve woken up but they’re still here."
1800,1469,11,31,107,149,1.3557046979865772,0.050459367686814485,641,"I reckon folks in ""the city that never sleeps"" could use my services."
3380,1469,16,21,112,149,1.3557046979865772,0.054768799468211476,641,"Yes, Doctor, I'm sleeping much better now."
3385,1469,11,31,107,149,1.3557046979865772,0.050459367686814485,641,"I,m in deep sheep now!"
3776,1469,10,33,106,149,1.3557046979865772,0.04955252834907552,641,‘It didn’t work .....just send up the Ambien”
5406,1469,10,33,106,149,1.3557046979865772,0.04955252834907552,641,"Well, I was successful with urban farming and I thought this would be a lateral move."
6349,1469,14,25,110,149,1.3557046979865772,0.0530870224448005,641,I came in to watch Fox News and they decided to follow.
8753,1469,17,19,113,149,1.3557046979865772,0.0555906117681427,641,They insist on watching Hannity
3600,1476,9,30,96,135,1.3555555555555556,0.052009552495332005,641,"No, I’ve never married... why do you ask?"
7837,1476,11,42,127,180,1.3555555555555556,0.04430455950225836,641,"Feeling a little under the weather, going to work from home today."
2422,1478,10,39,117,166,1.355421686746988,0.04602891311679737,641,"Yes, this is Sleep Apnea Solutions.  What time do you want us to arrive at your home?"
3200,1478,15,29,122,166,1.355421686746988,0.049837311257255844,641,Not much...just keeping the wolf away from the door
4956,1478,15,29,122,166,1.355421686746988,0.049837311257255844,641,It's great to finally be able to work from home!
6831,1481,11,21,89,121,1.3553719008264462,0.058516443183919575,641,"Unmarked bills Bo Peep, and don’t think about calling the cops"
8851,1482,13,28,111,152,1.355263157894737,0.05147518389536727,641,Sorry honey I had to bring my work home tonight.
8771,1482,13,28,111,152,1.355263157894737,0.05147518389536727,641,Hopefully going method for the Nativity play will really pay off.
6413,1482,16,22,114,152,1.355263157894737,0.053954700298342,641,"Yes sir...
Yes sir...
Three bags, full."
4767,1482,11,32,109,152,1.355263157894737,0.04975357078221146,641,"I was skeptical at first, but working from home has its advantages."
5308,1482,12,30,110,152,1.355263157894737,0.050621696744787226,641,"We’re here for the primary, Mr. Trump, but frankly I think your base could use more diversity."
5731,1482,13,28,111,152,1.355263157894737,0.05147518389536727,641,"As usual, the black sheep didn't show up."
718,1488,18,29,136,183,1.355191256830601,0.048366261704857826,641,"Yes, I used only cold water.  They're hanging around now, drying out."
2213,1489,9,31,98,138,1.355072463768116,0.05122091781944237,641,Hi Mom. You were right. I just got home and sure enough they came back all on their own.
4854,1489,7,35,96,138,1.355072463768116,0.0491122120930434,641,"No, my roommate doesn't mind.  They help him fall asleep at night."
7882,1491,8,44,117,169,1.3550295857988166,0.04389232870517156,641,I need a better work-life balance.
8583,1491,13,34,122,169,1.3550295857988166,0.047736237910378496,641,Of course they're well-behaved. They're sheep!
8993,1493,9,37,109,155,1.3548387096774193,0.04733530793126538,641,I've tried that--I'm still having trouble sleeping.
8326,1493,9,37,109,155,1.3548387096774193,0.04733530793126538,641,I might be asleep.
7865,1493,8,28,88,124,1.3548387096774193,0.05394671097341131,641,It's not as pastoral as the brochure appeared.
7310,1493,15,25,115,155,1.3548387096774193,0.052377041347483146,641,"Yes. Little Bo-Peep, they are here. ALL OF THEM!"
8869,1493,20,26,140,186,1.3548387096774193,0.04898879978077414,641,I say we get the flock out of here and see the city.
5394,1493,15,25,115,155,1.3548387096774193,0.052377041347483146,641,Tell me again how this is supposed to help me sleep.
4334,1493,12,31,112,155,1.3548387096774193,0.04991986497008818,641,I have to get them out of here by hook or by crook.
3469,1493,12,31,112,155,1.3548387096774193,0.04991986497008818,641,I’m working remotely today.
7237,1493,10,35,110,155,1.3548387096774193,0.048212224150199594,641,I had a sheep over last night.
942,1502,12,37,123,172,1.3546511627906976,0.046415905171418005,641,The rams are now in Los Angeles?
5748,1502,13,35,124,172,1.3546511627906976,0.047142716392741105,641,How do you think I could bid so low on that park lawn maintenance contract.
8392,1504,15,26,117,158,1.3544303797468353,0.051640779285642674,641,"Sleep Disorder Treatment Center, Bo Speaking."
7639,1504,14,28,116,158,1.3544303797468353,0.05085414860308856,641,"Oh, wool gathering. How about you?"
6555,1504,14,28,116,158,1.3544303797468353,0.05085414860308856,641,Hello?  Can I please speak to Mary?
6460,1504,6,44,108,158,1.3544303797468353,0.04405836117557522,641,Thirteen fit in the freight elevator with me.  The door man is watching the rest
4142,1504,13,30,115,158,1.3544303797468353,0.05005515732730811,641,Can I call you back? Things are a little wild and woolly right now
269,1504,17,22,119,158,1.3544303797468353,0.053179144365017354,641,"Yeah, I'm working from home today. What are you up to?"
2605,1504,17,22,119,158,1.3544303797468353,0.053179144365017354,641,Would you tell Little Bo Peep - I've found her sheep?!
643,1511,10,25,92,127,1.3543307086614174,0.05536751472369812,641,"One fruit smoothie, and two hundred shots of wheatgrass please."
6232,1512,13,25,106,144,1.3541666666666667,0.053499114066545124,641,"Hello, is this 'Sheepless in Seattle'?  Well, meet me at the Empire State Building and your prayers will be answered."
829,1512,11,29,104,144,1.3541666666666667,0.05165176678154399,641,Hey guys. A sigh of relief all around. Wool is up.
2862,1512,12,27,105,144,1.3541666666666667,0.05258355359596866,641,"I don’t know, I stopped counting"
4427,1512,13,25,106,144,1.3541666666666667,0.053499114066545124,641,Bo? Yes. Yes. 57th and  Park. Apt. 28-C. I have no idea. OK. Bye.
5234,1516,7,43,111,161,1.3540372670807452,0.04441645263426273,641,Its sort of like dog sitting.
3575,1517,11,24,95,130,1.353846153846154,0.05553613409130857,641,Have you herd?
5916,1517,10,26,94,130,1.353846153846154,0.05445182830200418,641,"Yes, I'm trying to reach Little Bo Peep"
863,1519,11,30,106,147,1.3537414965986394,0.05090067645810771,641,My high school guidance counselor predicted this.
1417,1519,15,22,110,147,1.3537414965986394,0.05443923864599112,641,Ohhh. I thought the song lyrics were “I want to wake up in a city with a dozen sheep!”
6585,1519,15,22,110,147,1.3537414965986394,0.05443923864599112,641,Are the wolves still around Wall St?
6743,1519,10,32,105,147,1.3537414965986394,0.0499769037033849,641,We're making our Christmas sweaters from scratch this year.
8872,1519,14,24,109,147,1.3537414965986394,0.05357651299067176,641,What do you mean you don't allow dogs?
8316,1524,16,26,122,164,1.353658536585366,0.0509845475992166,641,Please send a sheepdog to suite 7c
3604,1524,16,26,122,164,1.353658536585366,0.0509845475992166,641,"Do you deliver grass? No, not that kind."
4571,1524,12,34,118,164,1.353658536585366,0.04795995514539018,641,I’m counting on getting a good rest tonight
5109,1527,14,36,131,181,1.3535911602209945,0.046143531160406356,641,"No Doc, I woke up and they were still here!"
7792,1528,11,31,108,150,1.3533333333333333,0.05017790869005088,641,"I wish I could relax, but I keep taking my work home with me."
1943,1528,12,29,109,150,1.3533333333333333,0.051061805482376536,641,It doesn't work: I haven't slept in days.
4390,1528,12,29,109,150,1.3533333333333333,0.051061805482376536,641,"I can’t tonight, I brought work home!"
5960,1528,10,33,107,150,1.3533333333333333,0.04927816009039002,641,I'm fine. What about Ewe?
6797,1528,12,29,109,150,1.3533333333333333,0.051061805482376536,641,I'd like a hundred pounds of grass cuttings and a shepherds pie.
3022,1533,11,26,99,136,1.3529411764705883,0.053757921607786106,641,I counted 20. Didn’t help at all.
8417,1533,15,30,125,170,1.3529411764705883,0.04894413496104963,641,"I hope she likes it, I got it for her at makeyourownsweater.com"
5226,1533,11,32,110,153,1.3529411764705883,0.04948182495247411,641,"I still can’t sleep, but at least I found a new job."
397,1533,8,38,107,153,1.3529411764705883,0.04680227627595454,641,Ram Service?
4808,1533,10,34,109,153,1.3529411764705883,0.048605058261684916,641,"Of course, I feel sheepish. We all do."
4896,1538,13,35,125,173,1.3526011560693643,0.04691423385365369,641,"What? Oh, that’s just the T.V."
363,1539,8,39,109,156,1.3525641025641026,0.046199201131996555,641,"Finding a reliable sheep-walking  service is tough, but otherwise I'm loving the city life."
2029,1539,11,33,112,156,1.3525641025641026,0.04881091213090623,641,"No, no - I said ""I'm FLOCKED!"""
2765,1539,10,35,111,156,1.3525641025641026,0.04795614827227325,641,"Bo-Peep and I would love to move, but our apartment is rent controlled."
4471,1539,10,35,111,156,1.3525641025641026,0.04795614827227325,641,City dog pound? Do you have any border collies available?
5801,1539,10,35,111,156,1.3525641025641026,0.04795614827227325,641,At last! I've found the secret to shear happiness.
6623,1539,12,31,113,156,1.3525641025641026,0.04965096302177674,641,Tonight? Probably Shepherd's pie.
2744,1545,10,29,100,139,1.3525179856115108,0.05192901701460582,641,"Oh, I'm just keeping watch over my flock by day . . how's everything with you?"
5722,1545,13,23,103,139,1.3525179856115108,0.05485814480794221,641,"For heaven's sake, not a word of this to Bo-Peep."
6020,1547,11,40,125,176,1.3522727272727273,0.04492385003807234,641,How much is the pet fee again?
756,1547,18,26,132,176,1.3522727272727273,0.049726228057119584,641,They thought I was Trump and followed me home
4497,1547,17,28,131,176,1.3522727272727273,0.04906895853646786,641,I seriously need to get a wolf.
6043,1550,16,24,119,159,1.3522012578616351,0.05213258374285638,641,"Counting isn't working, could you send up some Xanax​?"
7943,1550,10,36,113,159,1.3522012578616351,0.047330088868561035,641,"Yep, still having trouble sleeping."
5951,1550,11,34,114,159,1.3522012578616351,0.04816377070169956,641,I saw it on Flocks News
3234,1550,15,26,118,159,1.3522012578616351,0.051363360402196474,641,"Uh, Siri, can you find me a ""Little Bo Peep"" who lost her sheep?"
2071,1550,14,28,117,159,1.3522012578616351,0.050582440588665914,641,"Hello, Mary ?"
1591,1550,13,30,116,159,1.3522012578616351,0.049789273945358044,641,"Your ""farm to table"" wool has arrived!"
4454,1556,13,24,105,142,1.352112676056338,0.05400472339245513,641,"I told Alexa I wanted a twelve-rack of lamb, not a twelve-pack of lambs!"
5164,1556,8,34,100,142,1.352112676056338,0.04916359979049906,641,The hardest part was the elevator.
8239,1556,13,24,105,142,1.352112676056338,0.05400472339245513,641,I struck gold finding a pet friendly apartment
6212,1559,15,27,120,162,1.3518518518518519,0.050662524365303455,641,"Peep residence.  No, she’s out looking for something."
7465,1559,15,27,120,162,1.3518518518518519,0.050662524365303455,641,"Hello, Bo? I bet you know why I'm calling."
2201,1559,13,31,118,162,1.3518518518518519,0.04912564404526331,641,I hate taking my work home with me
472,1562,12,27,106,145,1.3517241379310345,0.05227674156904289,641,It didn't work.  I'm still up.
1303,1562,11,29,105,145,1.3517241379310345,0.05135243196250271,641,"Yea, I’ve tried counting them. Doesn’t help at all."
2632,1562,10,31,104,145,1.3517241379310345,0.05041117760824918,641,But you told me counting sheep would help me fall asleep—what do you mean “I don’t actually need to buy them”?
6892,1562,11,29,105,145,1.3517241379310345,0.05135243196250271,641,"No, I'm staying put today but I brought some work home."
3552,1566,8,29,91,128,1.3515625,0.05271870894086588,641,Put BoPeep on the phone.
5458,1567,13,32,120,165,1.3515151515151516,0.04848484848484849,641,"Hi Bo?  No worries, they’re with me."
2881,1567,9,40,116,165,1.3515151515151516,0.04533366533349307,641,"IT'S TOM AGAIN, MISS PEEP - RANSOM WILL BE $50,000."
3391,1567,13,32,120,165,1.3515151515151516,0.04848484848484849,641,"This is the last time I'm going to be able to pass you guys off as service animals, so you better enjoy yourselves."
4779,1570,5,42,101,148,1.3513513513513513,0.04483311054916437,641,Room service? Would you please send up a cheeseburger and a dozen salads.
512,1570,14,24,110,148,1.3513513513513513,0.053266929437773176,641,"Yeah, we're all here. Just waiting for my dog to dial in."
477,1570,12,28,108,148,1.3513513513513513,0.05151221646380824,641,I found them. They bought a condo in Denver. Said they came for the grass.
3109,1573,10,39,119,168,1.3511904761904763,0.04557702861040093,641,And you say the Border Collie will be how much longer?
6124,1573,12,35,121,168,1.3511904761904763,0.04711515187084436,641,I'm going to have to call you back. I'm getting awfully sleepy.
2731,1575,14,25,112,151,1.3509933774834437,0.0524866643394534,641,Can you add Animal Planet to my cable account?
5913,1576,14,32,125,171,1.3508771929824561,0.04798928057301768,641,It's just so easy to get distracted when you work from home.
3083,1577,15,37,139,191,1.350785340314136,0.04500310212477504,641,"Hello, this is the Sleep Wellness Institute. How can we help you?"
969,1578,6,35,93,134,1.3507462686567164,0.04884189333971502,641,"Counted ‘em twice and I’m still awake, so what do I try now?"
7026,1578,8,31,95,134,1.3507462686567164,0.05108788747126068,641,"Hello, Bo Peep? I’ve found them."
2280,1580,8,38,108,154,1.3506493506493507,0.0465538192612392,641,"Yeh, I have them."
5163,1580,11,32,111,154,1.3506493506493507,0.04921285808890771,641,"We agreed to joint custody, but since then I haven’t heard even a peep."
5291,1580,15,24,115,154,1.3506493506493507,0.05254935920231022,641,"Yes, they are registered to vote!"
6627,1580,13,28,113,154,1.3506493506493507,0.05090844995603576,641,"Yes, I tried counting them, but I'm still wide awake."
8589,1580,11,32,111,154,1.3506493506493507,0.04921285808890771,641,Ok I only need 10 of you for a nap...the rest of you go back to the bedroom
1379,1585,9,30,98,137,1.3503649635036497,0.05137779741679769,641,"Yes, hello, is this the Church of the Good Shepherd? Oh thank God, I could really use your help!"
8305,1586,16,23,118,157,1.3503184713375795,0.05258796635456831,641,Give me your absolute best price on mint jelly.
8132,1586,7,41,109,157,1.3503184713375795,0.045061739306824854,641,"I  took the flock to higher ground, just like you said."
7152,1586,14,27,116,157,1.3503184713375795,0.051011523900516775,641,So Bo. You ready to meet my demands?
2013,1586,9,37,111,157,1.3503184713375795,0.046838861899201376,641,You say you can't sleep? I'll be right there!
1525,1586,12,31,114,157,1.3503184713375795,0.04938478445834081,641,"No, the sleeping situation is great actually."
3810,1586,14,27,116,157,1.3503184713375795,0.051011523900516775,641,"Yeah, , no - we are staying inside until UGG season is over."
5990,1592,13,36,128,177,1.3502824858757063,0.04612712925189333,641,"I know, mom. They have no idea how good they have it."
1443,1593,12,32,116,160,1.35,0.04872590518890323,641,Some don't want to watch Fox News.
2506,1593,10,36,114,160,1.35,0.04708482910742558,641,"Yes Bo, they’re wagging their tails, behind them."
3249,1593,12,32,116,160,1.35,0.04872590518890323,641,"Yes, I've unplugged the cable box an plugged it back in--but they didn't go away."
3641,1593,15,26,119,160,1.35,0.05108877462889241,641,My wife has told me to get the Flock outa here !
6285,1597,13,38,132,183,1.349726775956284,0.04505762250082869,641,"Yeah, I'm here, protecting the flock from the Wolves of Wall Street."
6932,1598,13,31,119,163,1.3496932515337423,0.04887102475510544,641,Bo Peep isn't here.  I'm subletting.
7525,1599,9,32,102,143,1.3496503496503496,0.049877957289137936,641,Hello Bo Peep? You'll never guess where I found your sheep.
8671,1599,13,24,106,143,1.3496503496503496,0.05368223959835514,641,"This is Flushing Meadows Sleep Center, how can I help you?"
8913,1599,10,30,103,143,1.3496503496503496,0.05085571432569405,641,There's no demand anymore. People just rely on HGTV and Xanax.
424,1602,12,34,120,166,1.3493975903614457,0.047475494633456454,641,I describe the style as more baa-haus
2798,1602,13,32,121,166,1.3493975903614457,0.04823838659013313,641,Room service? What do you have to graze on?
7193,1604,11,29,106,146,1.3493150684931507,0.051056357159219946,641,I bailed when she said she was a cat person.
6610,1604,10,31,105,146,1.3493150684931507,0.05012263256334676,641,"Yeah, I got wool."
8970,1604,11,29,106,146,1.3493150684931507,0.051056357159219946,641,Should we tell her counting sheep is a figure of speech?
6127,1604,10,31,105,146,1.3493150684931507,0.05012263256334676,641,Not much.  Just watching the nightly ewes.
3972,1604,11,29,106,146,1.3493150684931507,0.051056357159219946,641,They won’t go daownstairs after watching “The Wolf of Wall Street.”
3626,1604,12,27,107,146,1.3493150684931507,0.05197330966620647,641,I'm counting on getting to sleep tonight!
4365,1604,12,27,107,146,1.3493150684931507,0.05197330966620647,641,"Yes officer, she's about 2' tall and answers to 'Hey, ewe.'"
4305,1611,13,33,123,169,1.349112426035503,0.04762696651790864,641,Turns out she’s more of a frisbee dog.
7589,1612,18,16,115,149,1.348993288590604,0.05628161041921921,641,Movie night was a bust. It had nothing to do with either silence or lambs.
8410,1612,13,26,110,149,1.348993288590604,0.052097466959006175,641,"Hello Mr. Peep, this is Shep, could I speak with your daughter Bo?"
482,1612,7,38,104,149,1.348993288590604,0.04658301980487645,641,"Mutton residence, Jeff speaking."
3167,1612,13,26,110,149,1.348993288590604,0.052097466959006175,641,"To be truthful, I'm feeling a little sheepish right now!"
3338,1612,12,28,109,149,1.348993288590604,0.051219638245281814,641,How do I get the flock outta here?
4422,1612,13,26,110,149,1.348993288590604,0.052097466959006175,641,"Bo, they came home."
5489,1612,11,30,108,149,1.348993288590604,0.05032650018042513,641,"Yo,Bo?"
2430,1619,13,34,125,172,1.3488372093023255,0.04703567150778334,641,Yeah.....I'm watching EweTube....
7873,1620,11,31,110,152,1.3486842105263157,0.04962377487511157,641,"You wanted me to work from home more often, so now what is it?"
8541,1620,12,29,111,152,1.3486842105263157,0.050494132417504015,641,They were under the sofa cushions this whole time!
6327,1620,13,27,112,152,1.3486842105263157,0.05134973986630415,641,"Yea mate, this is the greatest Airbnb ever!"
5413,1620,14,25,113,152,1.3486842105263157,0.05219132265116283,641,Beau Peep here. I found 'em.
3741,1620,11,31,110,152,1.3486842105263157,0.04962377487511157,641,Tell Bo Peep that I'm willing to make a deal.
3710,1620,13,27,112,152,1.3486842105263157,0.05134973986630415,641,Can we watch the Lions game at your house?
2144,1620,12,29,111,152,1.3486842105263157,0.050494132417504015,641,"Mary's out, this is Joe."
1324,1627,13,28,114,155,1.3483870967741935,0.05062950881376209,641,"We came in to watch 
Ewe tube"
3917,1627,12,30,113,155,1.3483870967741935,0.04979518031056258,641,Bo-Peep and I have joint custody.
6540,1627,12,30,113,155,1.3483870967741935,0.04979518031056258,641,"Yessir, yessir - 3B’s full!"
6988,1630,13,21,101,135,1.348148148148148,0.05595397946992301,641,Of course I'm alone. There will never be another ewe.
309,1631,9,37,112,158,1.3481012658227849,0.04659425248092841,641,"Yo, Little-Bo! I found 'em."
3246,1631,13,29,116,158,1.3481012658227849,0.049935227891642724,641,My doctor thinks that I’m sheep deprived.
7336,1631,13,29,116,158,1.3481012658227849,0.049935227891642724,641,"Room service? Yes, that's one bushel of hay and a warm cinnamon bun."
265,1634,14,35,132,181,1.3480662983425415,0.046044198747709764,641,They heard about the Wolf of Wall Street and freaked.
8627,1635,9,38,114,161,1.3478260869565217,0.04600572942750317,641,"Hello, Center for Herding Disorder?"
3032,1635,15,26,120,161,1.3478260869565217,0.05081698190047694,641,"Because I like them, Mother, they are my friends."
2394,1635,9,38,114,161,1.3478260869565217,0.04600572942750317,641,"Yes, this is Bro Peep."
3914,1635,14,36,134,184,1.3478260869565217,0.04550968270434111,641,"Uh, hey Bo."
258,1635,12,32,117,161,1.3478260869565217,0.04847108823633957,641,"Hello, is this Bo Peep? I think I found them."
157,1635,12,32,117,161,1.3478260869565217,0.04847108823633957,641,"Miss Peep? Yes ma'am, I found them."
726,1635,11,34,116,161,1.3478260869565217,0.047663472840973525,641,I'll bring them over later today. Right now I need them to help me take a nap.
1882,1642,15,27,122,164,1.3475609756097562,0.05013412520314809,641,Room service? Yes I know that marijuana is not legal here.  But I seriously need a supply of grass.
5150,1642,13,31,120,164,1.3475609756097562,0.048618896652540926,641,I’m at the air baa and baa across from sheep’s meadow.
3281,1644,14,21,106,141,1.3475177304964538,0.05511874958219985,641,"Yeah, she's fast asleep. Where to next?"
5757,1644,16,17,108,141,1.3475177304964538,0.05692724128826807,641,The problem is that I ordered fifety thread count white sheets.
8023,1644,10,29,102,141,1.3475177304964538,0.05131089616378166,641,I promise I'll stop bringing my work home.  Please come back.
7119,1647,14,30,123,167,1.347305389221557,0.04874009176405073,641,"Well, at least my base loves me..."
3892,1647,15,28,124,167,1.347305389221557,0.04947465423892123,641,To sheep. perchance to dream?
246,1647,14,30,123,167,1.347305389221557,0.04874009176405073,641,I am trying to assimilate to NY but I miss New Zealand.
1448,1647,12,34,121,167,1.347305389221557,0.04723671042084371,641,Urban Farming has its drawbacks.
2137,1647,14,30,123,167,1.347305389221557,0.04874009176405073,641,"Yes, we’re all sleeping better. Thanks!"
935,1652,14,22,108,144,1.3472222222222223,0.05426581784554301,641,"No, Bo Peep, this is not just a come-on to get you up to my place."
3296,1652,13,24,107,144,1.3472222222222223,0.053363413396451294,641,Is this Bo Peep from match.com?
5949,1654,12,35,123,170,1.3470588235294119,0.04665024509712103,641,"I'd like to order 1 pizza and 12 Caesar salads, without dressing."
981,1654,18,23,129,170,1.3470588235294119,0.05093061194671758,641,"Bo Peep, I've found them."
1402,1656,8,35,104,147,1.346938775510204,0.04793087195236534,641,"And to confirm, you still have a pet-friendly co-op policy."
3727,1656,12,27,108,147,1.346938775510204,0.05167320704752371,641,"Yes, this is Mary."
882,1656,12,27,108,147,1.346938775510204,0.05167320704752371,641,"Central Park’ great, but the Sheep’s Meadow is too dangerous at night."
2748,1659,16,28,129,173,1.346820809248555,0.04891302400551533,641,"Yes, my insomnia is gone, my problem now is what to do with so many sheep"
5587,1659,11,38,124,173,1.346820809248555,0.045347736897618986,641,You don't think I've tried counting them?
573,1661,13,26,111,150,1.3466666666666667,0.05180126078524624,641,"I know, I know, you want to get the flock out of here."
1964,1661,10,32,108,150,1.3466666666666667,0.04914177696321292,641,I’d like to make an appointment for a haircut
2520,1661,9,34,107,150,1.3466666666666667,0.048222699888011124,641,"So, your Tinder page says you like the feel of raw wool..."
3389,1661,10,32,108,150,1.3466666666666667,0.04914177696321292,641,"Look Mom, I tried the pills.  This is the only way I  can get to sleep."
8928,1661,12,28,110,150,1.3466666666666667,0.05093019890328443,641,I heard you.  I herd ewe.
5772,1666,9,26,92,127,1.3464566929133859,0.05405440647746246,641,I'd like everything from your fresh greens menu plus one shepherd's pie
944,1667,13,27,113,153,1.34640522875817,0.05106389745688379,641,Room service?  I need more than a dozen sheep.  I still can’t get to sleep.
1136,1667,15,23,115,153,1.34640522875817,0.05272115559714289,641,"Miss Bo Peep, I believe I’ve found your sheep."
6141,1667,12,29,112,153,1.34640522875817,0.050214761888130455,641,"Update for Alumni Newsletter - Urban Artisan Shepherd -
 Single but looking"
7521,1667,12,29,112,153,1.34640522875817,0.050214761888130455,641,"Dr. Wiley? Okay I’ve finished five episodes of ‘Perry Mason.’ Nope, still awake. 
Yeah, tried that, too."
8556,1667,16,21,116,153,1.34640522875817,0.05353054790961564,641,These ones are defective. I'm still wide awake.
6403,1672,13,28,115,156,1.3461538461538463,0.0503534621043378,641,"Oh, yeah.  I have a lot of followers."
5031,1672,9,36,111,156,1.3461538461538463,0.0469533726385849,641,I work from home.
3800,1672,9,36,111,156,1.3461538461538463,0.0469533726385849,641,"Yes, I’d like to order the Duck a L’Orange and a dozen side salads.."
8,1672,9,36,111,156,1.3461538461538463,0.0469533726385849,641,I've got to get the flock out of here.
702,1676,13,29,117,159,1.3459119496855345,0.049668450453342054,641,He fell asleep at thirteen.  Can the rest of us go now?
3129,1676,9,37,113,159,1.3459119496855345,0.046352011680573936,641,The last thing I remember is I was counting sheep.
6332,1676,8,39,112,159,1.3459119496855345,0.04548513483475733,641,"I told you, it's the only way I can sleep"""
6682,1676,11,33,115,159,1.3459119496855345,0.048038859048025684,641,"Yeah, I found 'em."
8465,1676,12,31,116,159,1.3459119496855345,0.04886044898009111,641,"'fleece navidad to you too, mom.'"
741,1681,13,30,119,162,1.345679012345679,0.04900746932105317,641,How long did I sleep?
1486,1681,10,36,116,162,1.345679012345679,0.04660137702846762,641,"Hello? Yes, this is Mr. Peep."
1732,1681,14,28,120,162,1.345679012345679,0.04978366484456014,641,"Yeah, I'm over at Bo Peeps now.  You're not going to believe this!"
3035,1681,11,34,117,162,1.345679012345679,0.04741697562108865,641,At least the insomnia's not a problem anymore.
6000,1681,12,32,118,162,1.345679012345679,0.04821878070993128,641,My stock broker told me to get into commodities.
6348,1681,9,38,115,162,1.345679012345679,0.04577124757801412,641,"No, it’s a walk-up, unfortunately..."
6705,1681,14,28,120,162,1.345679012345679,0.04978366484456014,641,"It worked, but you didn’t say they’d be here in the morning"
8117,1681,13,30,119,162,1.345679012345679,0.04900746932105317,641,"Alexa, can you get me Wolf on CNN?"
8279,1681,12,32,118,162,1.345679012345679,0.04821878070993128,641,"Honey, the hotel is just great --and they absolutely guarantee a good night's sleep!"
336,1690,8,31,97,136,1.3455882352941178,0.05046480737393613,641,Hey honey? The little one followed Mary to school again.
251,1690,12,23,101,136,1.3455882352941178,0.054611597951195606,641,I think the Ambien is starting to kick in.
3331,1690,11,25,100,136,1.3455882352941178,0.05360498268733414,641,"Yep, we're all here watching Fox News."
4771,1693,10,37,118,165,1.3454545454545455,0.04602013237143623,641,Hello.  This is Mr. Peep.  I want to report a missing person.
2089,1693,15,27,123,165,1.3454545454545455,0.04987385821772231,641,"Hello, I'm responding to the ad for an Old English Sheepdog . . ."
5379,1693,11,35,119,165,1.3454545454545455,0.046816262275964575,641,Found them - They were binge-watching Lassie.
6269,1696,9,30,100,139,1.3453237410071943,0.05076028187283178,641,"Apparently, they'll follow anyone with a crook."
1045,1697,11,36,121,168,1.3452380952380953,0.046235606841924404,641,So you’re saying that I definitely will not be getting back my security deposit?
5409,1697,13,32,123,168,1.3452380952380953,0.047752521806711225,641,Of course I counted them.
6174,1697,11,36,121,168,1.3452380952380953,0.046235606841924404,641,"Sorry, I can't reveal my location. I'm on the lam."
8978,1697,11,36,121,168,1.3452380952380953,0.046235606841924404,641,"Hello Uber, are you pet friendly?"
2046,1701,14,31,126,171,1.345029239766082,0.04788016619528635,641,I STILL can't fall asleep. Send some drugs.
3365,1701,13,33,125,171,1.345029239766082,0.047156238879747805,641,I'm not sure I've got the hang of this urban farming thing.
3763,1701,8,43,120,171,1.345029239766082,0.04335566418891334,641,The lease says nothing about sheep.
2037,1704,8,34,103,145,1.3448275862068966,0.04832373105650094,641,"I’ll try and give you a call later, but I’m having a hard time staying awake,"
4410,1704,14,32,128,174,1.3448275862068966,0.047287160035312366,641,I want you to get the flock outta here!
5327,1704,10,30,105,145,1.3448275862068966,0.050266826679700866,641,Exactly how did Little Bo Peep lose her sheep again?
5610,1704,12,26,107,145,1.3448275862068966,0.05213755600019185,641,I only want them at night.
6525,1708,13,25,110,148,1.3445945945945945,0.05226338552928525,641,I need to stop taking my work home with me.
4651,1708,11,29,108,148,1.3445945945945945,0.050473796570777524,641,"You gotta ask yourself, just how much a good night’s sleep is worth right now?"
3858,1708,9,33,106,148,1.3445945945945945,0.04861837938016613,641,"At this point, I’m never sure what’s a good investment."
7645,1708,10,31,107,148,1.3445945945945945,0.0495547724937871,641,I’d like to order a pepperoni pizza and 12 salads.
3630,1708,11,29,108,148,1.3445945945945945,0.050473796570777524,641,The new job is great: I can work from home without a computer
2017,1708,12,27,109,148,1.3445945945945945,0.05137638371494697,641,"Yeah, I herd!"
3829,1708,6,39,103,148,1.3445945945945945,0.045694209955770754,641,"Lost her sheep, you say?"
422,1715,14,24,113,151,1.3443708609271523,0.05235838262383609,641,One medium pepperoni and three extra-large with double alfalfa.
902,1715,11,30,110,151,1.3443708609271523,0.04976444080598481,641,Ohhhh...you meant to metaphorically count.
1278,1715,10,32,109,151,1.3443708609271523,0.04886920654135704,641,"Bo Peep, I've found your sheep."
2178,1715,10,32,109,151,1.3443708609271523,0.04886920654135704,641,When that ram shows up at the front desk please send him to room 427.
2303,1715,11,30,110,151,1.3443708609271523,0.04976444080598481,641,No idea how many..  I can't count them or I might go to sleep!
5305,1715,12,28,111,151,1.3443708609271523,0.05064385243524546,641,Hey Bo!  We lost you at the exit ramp. We're already at your place.
7023,1721,11,31,112,154,1.344155844155844,0.04908108150541256,641,"Baa-ing? No, it must be on your end"
1479,1721,9,35,110,154,1.344155844155844,0.04732005585471896,641,Of course I counted them! But I'm still awake.
923,1721,7,39,108,154,1.344155844155844,0.04549090909672496,641,Such are the hazards of bringing your work home with you.
292,1721,8,37,109,154,1.344155844155844,0.04641449394607366,641,Somehow I didn't think the whole 'leave them alone and they'll come home' thing was going to work for a 10-floor walk-up.
3998,1725,11,32,114,157,1.3439490445859872,0.048422253827153885,641,"Yeah Doc, I still have insomnia."
4569,1725,15,24,118,157,1.3439490445859872,0.05168512295635706,641,"You will like it here, Abigail. The maid says they wash the sheeps every morning."
6112,1725,12,30,115,157,1.3439490445859872,0.049258237717456216,641,I'm watching this crazy story about a cat lady....
8438,1725,10,34,113,157,1.3439490445859872,0.04757158131041275,641,"Actually, I've lost my way also."
2060,1729,13,29,118,160,1.34375,0.04940437288083341,641,"I'm trying to see how many they  are, but I keep falling asleep."
8328,1729,13,29,118,160,1.34375,0.04940437288083341,641,We are hiding from the Wolf Of Wall Street
7502,1729,11,33,116,160,1.34375,0.0477866022578077,641,It was an amicable separation. Bo Peep_went her way. I went mine
1590,1729,11,33,116,160,1.34375,0.0477866022578077,641,"No, Mary's not here but the lambs are."
704,1729,11,33,116,160,1.34375,0.0477866022578077,641,Air B & B? I said I wanted a place where I could get some sleep.
799,1729,12,31,117,160,1.34375,0.04860221916278278,641,Please send an extra shaving kit up to room  811 - thank you.
1426,1729,7,41,112,160,1.34375,0.044374474042414076,641,I don't think your sleeping pills work -- or they work too well. I can't tell anymore.
6296,1736,13,30,120,163,1.343558282208589,0.048752030118442334,641,What do I do after I've counted them?
8559,1736,9,38,116,163,1.343558282208589,0.04553898321782982,641,You won't believe what we went through on the subway ride home.
8800,1736,14,28,121,163,1.343558282208589,0.04952273016210273,641,I offer the only locally farmed sheep in New York City.
1953,1739,15,15,101,131,1.3435114503816794,0.0591295167359911,641,"Oh nothing, just binge watching some sheep"
5240,1740,16,25,125,166,1.3433734939759037,0.05034663010889025,641,"Please tell Bo-Peep that I found her lost sheep, and she has 24 hours to come get them before I start writing a little ditty of my own!"
8380,1740,10,37,119,166,1.3433734939759037,0.04578937718024466,641,We all made it to the City except for Mary and the  lamb.
2274,1742,9,28,97,134,1.3432835820895523,0.05200985465949026,641,Minding my sheep and you?
3992,1742,12,22,100,134,1.3432835820895523,0.05515149620457676,641,It’s safe for you to come now. I had the whole apartment pasturized.
3684,1744,12,34,123,169,1.3431952662721893,0.046765887916509256,641,Room service? You forgot the black one...
2006,1744,15,28,126,169,1.3431952662721893,0.04897321111611494,641,"Send me up some sleeping pills, these sheep aren’t working."
6649,1744,14,30,125,169,1.3431952662721893,0.04824865831180052,641,She's given me 24 hours to get the flock out of here.
2003,1744,14,30,125,169,1.3431952662721893,0.04824865831180052,641,"Doc, I still can't get to sleep."
8682,1748,12,23,102,137,1.3430656934306568,0.054270164670231116,641,We’ll be up here through the winter. Kiss the dog for me.
2919,1749,15,29,128,172,1.3430232558139534,0.04835159403601957,641,Doc?...remember that suggestion for my insomnea?
3189,1749,15,29,128,172,1.3430232558139534,0.04835159403601957,641,"Hello, Bopeep?  I saw your flyer in the laundromat."
5029,1749,12,35,125,172,1.3430232558139534,0.04619392035550768,641,"No, no — I told you I'm a 'herder' , not a 'hoarder'."
537,1752,11,38,126,175,1.3428571428571427,0.04491501605927547,641,They don’t allow dogs or cats; didn’t say anything about sheep.
4106,1752,9,30,101,140,1.3428571428571427,0.05045673059183804,641,"I know you told me not to bring my work home, but I couldn't sleep."
5174,1754,14,21,108,143,1.3426573426573427,0.054452944150447345,641,"Yeah, tell him I found his base."
7961,1754,13,23,107,143,1.3426573426573427,0.05354091958877997,641,"No, it didn’t work out. She was tired of me always taking my work home."
831,1756,13,24,109,146,1.3424657534246576,0.05273650524798515,641,Tell dad that I've decided to take my talents to New York
2234,1756,10,30,106,146,1.3424657534246576,0.04997718531392182,641,"Well, I'm quite happy here.  But they're a little uncertain about living in Sheepshead Bay."
3478,1756,10,30,106,146,1.3424657534246576,0.04997718531392182,641,Cats might be easier.
6080,1759,12,27,110,149,1.342281879194631,0.05108279050353684,641,I just feel like I've got to get the flock out of here.
1221,1759,14,23,112,149,1.342281879194631,0.05282841024262081,641,I’ve changed my mind. I get the penthouse in the city and you get the 500 acres in Ireland.
4382,1761,10,32,110,152,1.3421052631578947,0.04859947124817861,641,"No doc, it didn't cure my insomnia."
4137,1761,14,24,114,152,1.3421052631578947,0.05206209858011146,641,It's not working. I'm wide awake!
4135,1761,14,24,114,152,1.3421052631578947,0.05206209858011146,641,"Why, what have you herd?"
8404,1761,9,34,109,152,1.3421052631578947,0.04769455136450979,641,"Everybody in the living Nativity got the flu, so what do I do with all these sheep?"
1724,1761,12,28,112,152,1.3421052631578947,0.0503605535819841,641,"Maybe my knitting has gotten a little bit out of hand, but on the plus side I've never slept so well"
147,1761,13,26,113,152,1.3421052631578947,0.051218392524800774,641,"Yes, Hello? Customer service? This new Ambien prescription is not what I expected."
3932,1761,10,32,110,152,1.3421052631578947,0.04859947124817861,641,I don't think they really thought it through when they offered working from home two days a week.
8357,1768,14,25,116,155,1.3419354838709678,0.05132407665373587,641,"Great restaurants, but I've been thinking about moving back to the country."
8020,1768,13,27,115,155,1.3419354838709678,0.05050122437918887,641,"It's a nice room, and I've never slept better."
7117,1768,11,31,113,155,1.3419354838709678,0.04881392529467828,641,"Yeah, tell Bo-Peep, ""look no further..."""
8874,1768,16,21,118,155,1.3419354838709678,0.05293141983247099,641,"No, dude, YOU shut the flock up!"
3947,1768,15,23,117,155,1.3419354838709678,0.0521339431169361,641,"I'm disrupting ""farm to table."""
5278,1768,12,29,114,155,1.3419354838709678,0.0496647408453503,641,One medium pepperoni pizza and two hectares of your premium Irish pasture grass.
4403,1774,13,28,117,158,1.3417721518987342,0.049809887624474684,641,It’d be a lot easier if the condo association would let me have a dog.
6137,1774,12,30,116,158,1.3417721518987342,0.04899386951527047,641,I booked us the sheepest room
6907,1774,9,36,113,158,1.3417721518987342,0.04645989975052686,641,I told you the white carpeting was a b-a-a-a d choice.
201,1777,14,27,120,161,1.3416149068322982,0.04992664655149837,641,Room service?  I'll have one Shepherd's Pie.
1965,1777,6,43,112,161,1.3416149068322982,0.04326143806504684,641,Tell Bo Peep I want 500 dollars if she every wants to see them again ...
2690,1777,9,37,115,161,1.3416149068322982,0.04587451665265008,641,I will be needing a few extra staff
3844,1777,13,29,119,161,1.3416149068322982,0.04914295762696268,641,"It's kinda like that movie The Birds, only with sheep."
8797,1781,9,38,117,164,1.3414634146341464,0.04530890895896981,641,"Well mom, it turns out you CAN fit a whole flock into a studio appartment."
8367,1781,11,34,119,164,1.3414634146341464,0.046931126443189995,641,"""I can't tell which one is the wolf in sheep's clothing"""
5251,1781,13,30,121,164,1.3414634146341464,0.048499113676449386,641,"Listen, their Black Friday sale was too good to pass up."
444,1781,14,28,122,164,1.3414634146341464,0.049264396134413295,641,"No, the insomnia hasn't gone... Yes, I have tried counting them."
4404,1781,11,34,119,164,1.3414634146341464,0.046931126443189995,641,I'm trying to relax but work just follows me everywhere!
853,1786,12,33,122,167,1.341317365269461,0.04711766841023983,641,"Oh, nothing, just doing some wool-gathering."
5393,1786,13,31,123,167,1.341317365269461,0.04787712964777685,641,I’ve no idea now many. I fall asleep counting.
5504,1786,11,35,121,167,1.341317365269461,0.046345763663193554,641,I can talk to you until the cows come home.
7609,1786,14,29,124,167,1.341317365269461,0.04862473043835568,641,I can’t wait to get the flock out of here.
9034,1786,16,25,126,167,1.341317365269461,0.050086466675023054,641,No mom it isn’t ‘just a phase’.
1289,1791,15,28,127,170,1.3411764705882352,0.048726119913020095,641,Give me the insomniac’s room number.
5030,1791,13,32,125,170,1.3411764705882352,0.047275865652883164,641,"Of course I've tried counting them! ...Okay, I'll hold."
6353,1791,15,28,127,170,1.3411764705882352,0.048726119913020095,641,"Working from home today, boss."
5426,1794,8,28,93,129,1.3410852713178294,0.05219982015951795,641,Can it wait? I'm working from home today.
6618,1794,8,28,93,129,1.3410852713178294,0.05219982015951795,641,"I hate to tell you Darlene, but I think you misunderstood when I said 'I love ewes so much.'"
8101,1796,13,33,127,173,1.3410404624277457,0.04669426056284422,641,"Nah,we're all going to stay home to watch Martha Stewart make shepherd's pie."
6147,1797,13,34,129,176,1.3409090909090908,0.04613132529587373,641,But nobody had a problem with my working from home when I was in Accounting.
3392,1798,7,33,98,138,1.3405797101449275,0.04878333197342628,641,"Okay, I counted the sheep.  Now what?"
1987,1798,10,27,101,138,1.3405797101449275,0.05193431473332927,641,"Come on Bo Peep, pick up!"
4077,1798,10,27,101,138,1.3405797101449275,0.05193431473332927,641,Bo-Peep?  I think I have what you're looking for.
5645,1801,8,32,101,141,1.3404255319148937,0.04913619312252135,641,"Sorry, I wasn't talking to you, I was talking to ewe."
8480,1801,14,20,107,141,1.3404255319148937,0.05497515993733919,641,What's the return policy on your large box of sleep aid?
1970,1803,14,21,109,144,1.3402777777777777,0.05412580890868845,641,I’d like the M-U-T-T-O-N chops?
2928,1803,7,35,102,144,1.3402777777777777,0.04743129252027798,641,"Yes, doctor, it's urgent. I can't stop the bleating."
5730,1803,11,27,106,144,1.3402777777777777,0.05136368268187715,641,Seriously? No pets allowed?
6015,1803,7,35,102,144,1.3402777777777777,0.04743129252027798,641,"Yes, hello. I'd like to submit a complaint, my neighbor's dog won't stop barking and the lease says no pets."
2316,1807,11,28,108,147,1.3401360544217686,0.05061967934832239,641,"Twelve I think, but I still can't sleep"
3555,1807,10,30,107,147,1.3401360544217686,0.0496906830020621,641,"No, I said thirteen salads. Thirteen."
4131,1807,10,30,107,147,1.3401360544217686,0.0496906830020621,641,"Inventory is up, but I'm down to my last staff."
5225,1807,8,34,105,147,1.3401360544217686,0.047778531339716976,641,I keep trying to get a count of them but I always fall asleep before I finish
6007,1807,10,30,107,147,1.3401360544217686,0.0496906830020621,641,Would you mind picking up 500 pounds of clover on your way home?
8199,1807,10,30,107,147,1.3401360544217686,0.0496906830020621,641,Peep here. Found  ‘em
792,1813,8,35,107,150,1.34,0.04713728818419851,641,"Yeah, I'm bummed out, but you should see my severance package."
6287,1813,12,27,111,150,1.34,0.05079237907218052,641,"I can't talk right now. We're watching ""Breaking Baaad."""
552,1813,13,25,112,150,1.34,0.05166576458763634,641,I didn't say I was taking a nap. I said I was home counting sheep.
7316,1816,10,32,111,153,1.3398692810457515,0.0483325314804936,641,Urban farming has made me a lot closer with the flock
7702,1816,12,28,113,153,1.3398692810457515,0.05008025782006232,641,Ive been counting them all day and I still can't get to sleep.
7051,1816,11,30,112,153,1.3398692810457515,0.04921415356702184,641,"Yes, I've tried.  There are twelve of them."
2064,1816,12,28,113,153,1.3398692810457515,0.05008025782006232,641,"Counting them makes me sleepy, but the smell keeps me wide awake."
2311,1820,14,25,117,156,1.3397435897435896,0.05104110060870354,641,I'm staying at an Airbahnbah
3354,1820,12,29,115,156,1.3397435897435896,0.04939400752591565,641,"Oh, you said sleep over."
4452,1820,11,31,114,156,1.3397435897435896,0.04854951074451131,641,Is Mary there ?
6176,1820,12,29,115,156,1.3397435897435896,0.04939400752591565,641,The real challenge was getting them on the elevator.
6437,1820,13,27,116,156,1.3397435897435896,0.05022430651994116,641,"As Airbnb’s go, it’s alright. But I was hoping for something a bit more rural."
7014,1820,10,33,113,156,1.3397435897435896,0.047690061937395584,641,"Hello, Amazon? I think there's been a mix-up. Yes, my name is A. Shepherd. Why do you ask?"
632,1826,11,32,116,159,1.3396226415094339,0.047908396423113474,641,"Yes, I do respect you . . . I understand . . . So will you please, please come home Lassie!"
9059,1826,13,28,118,159,1.3396226415094339,0.049542279314078876,641,I hate bringing work home with me on the weekend.
8862,1826,11,32,116,159,1.3396226415094339,0.047908396423113474,641,Hi Bo. It’s Dad. Just wondering when you’re coming back from your trip
649,1826,14,26,119,159,1.3396226415094339,0.050339337853553615,641,"Hello Amazon, we have a problem."
1059,1826,12,30,117,159,1.3396226415094339,0.048732185911717525,641,I've got the Baa. You bring the Humbug.
4095,1826,14,26,119,159,1.3396226415094339,0.050339337853553615,641,"We'd watch Silence of the Lambs, but they never stay quiet."
4575,1826,13,28,118,159,1.3396226415094339,0.049542279314078876,641,"I’m trying to vacation, but it seems like my work follows me everywhere."
5935,1833,10,35,117,162,1.3395061728395061,0.046471691882024824,641,Uh-oh! Wolf documentary.
972,1833,11,33,118,162,1.3395061728395061,0.047289527196614875,641,"It's amazing, Jack. Ever since I took this job my number of followers has skyrocketed."
1898,1833,10,35,117,162,1.3395061728395061,0.046471691882024824,641,He’s counted us three times already. How is he still awake?
798,1836,12,32,121,165,1.3393939393939394,0.04747658208046979,641,"No, it hasn’t helped the insomnia."
2206,1836,12,32,121,165,1.3393939393939394,0.04747658208046979,641,Get the flock outta here.
8242,1836,12,32,121,165,1.3393939393939394,0.04747658208046979,641,"That's correct, my delivery order is a pastrami on rye and 6 bales of hay."
784,1839,16,25,127,168,1.3392857142857142,0.04982887535779208,641,MARY --where are you ?
338,1839,13,31,124,168,1.3392857142857142,0.0476346388790053,641,I feel a nap coming on.
479,1841,18,22,131,171,1.3391812865497077,0.05056525528775352,641,Turns out it's true what daytime TV turns people into.
1044,1842,13,33,128,174,1.339080459770115,0.04646648297482038,641,"It's a bit messy, but I sure fall asleep a lot faster now."
3601,1842,12,35,127,174,1.339080459770115,0.045745964543268666,641,"Hello, Bo? Yeah, I found 'em."
21,1844,11,20,93,124,1.3387096774193548,0.05712664483626097,641,Can Larry do it? I'm working from home today.
5054,1845,9,25,93,127,1.3385826771653544,0.05387203616518535,641,It’s farm to suite to table
396,1846,10,24,96,130,1.3384615384615384,0.05411382486026369,641,"....but honey, other husbands bring there work home sometimes."
4300,1847,11,23,99,133,1.3383458646616542,0.05430563578952494,641,They wanted to see who won the herding group at Westminster.
3502,1847,10,25,98,133,1.3383458646616542,0.05324641689308105,641,I have no idea how many . . . I fall asleep as soon as I get past seven.
686,1849,11,25,103,139,1.3381294964028776,0.05261779892279371,641,Hey Bo-Peep.  You want to see your sheep again?
2631,1849,8,31,100,139,1.3381294964028776,0.049556427633694645,641,What Smell?
7937,1849,7,33,99,139,1.3381294964028776,0.04849304182311418,641,Get Bo_Peep on the line.  I found them.
5995,1852,11,26,105,142,1.3380281690140845,0.0518244926509061,641,"We should get together, I'm working from home, too."
4641,1852,12,24,106,142,1.3380281690140845,0.052779429320435695,641,"No, I beg to differ, but I specifically ordered the lamb chops""..."
3292,1852,14,20,108,142,1.3380281690140845,0.054639256959854055,641,"Oh, just gathering wool. . ."
6241,1852,11,26,105,142,1.3380281690140845,0.0518244926509061,641,"Hi , I'd like to order a shepherd's pie to go."
730,1852,12,24,106,142,1.3380281690140845,0.052779429320435695,641,"Counting sheep didn't work, so I'm watching C-SPAN."
7411,1852,10,28,104,142,1.3380281690140845,0.050851626499619204,641,Can you send up more pillows?
4222,1858,12,25,108,145,1.3379310344827586,0.05199164541562593,641,I don't have an I problem. I have a ewe problem.
4901,1858,13,23,109,145,1.3379310344827586,0.05290478838098876,641,"Me? Oh, nuthin', just chillin' and watching the evening ewes."
6291,1858,12,25,108,145,1.3379310344827586,0.05199164541562593,641,It's a miracle! Our flock is safe from the wolves of Wall Street.
2294,1858,10,29,106,145,1.3379310344827586,0.05011546978526813,641,Can we agree that we’ve taken this whole “work from home” thing a bit too far?
7893,1862,13,24,111,148,1.337837837837838,0.05212355212355213,641,Well exactly what time does the damn field open?
1187,1862,15,20,113,148,1.337837837837838,0.05385835137368322,641,"Hi, is Mary there?"
2415,1862,10,30,108,148,1.337837837837838,0.04940727371455494,641,I tell you this place has a GREAT pet policy !
2746,1862,7,36,105,148,1.337837837837838,0.04653270576522762,641,I should have gotten the two bedroom.
3614,1862,9,32,107,148,1.337837837837838,0.04846803103642355,641,"They told me, ""Leave them alone, and they'll come home."""
4396,1862,15,20,113,148,1.337837837837838,0.05385835137368322,641,Hey! You're my agent! Somewhere there's gotta be a better job than rounding up a crowd for Trump rallies.
5985,1862,11,28,109,148,1.337837837837838,0.05032899124026018,641,I decided to move to greener pastures.
7067,1862,6,38,104,148,1.337837837837838,0.04553420738824837,641,"No I wish I could,but my family's in town."
7086,1862,13,24,111,148,1.337837837837838,0.05212355212355213,641,I know the sheep prefer the pasture but I just want to be like all the other millennials working from home.
7782,1862,10,30,108,148,1.337837837837838,0.04940727371455494,641,I still can’t stop bringing my work home with me.
7909,1862,8,34,106,148,1.337837837837838,0.047510223838564285,641,Well I like to think of it more as farm-to-table.
5452,1873,9,33,109,151,1.3377483443708609,0.04781071694776171,641,"Sorry, I was just nodding off when you called."
4372,1873,10,31,110,151,1.3377483443708609,0.04872540277729411,641,"Hello Sheep Rescue? Okay, I'll hold."
4408,1873,12,27,112,151,1.3377483443708609,0.05050510189387449,641,They're easier to count than votes.
362,1873,12,27,112,151,1.3377483443708609,0.05050510189387449,641,"No, we'll come back when YOU apologize."
52,1877,11,30,113,154,1.3376623376623376,0.0489433196416195,641,"No, we're having a night in for a change."
2028,1877,14,24,116,154,1.3376623376623376,0.05147908168385077,641,I think one of them ate the remote.
6777,1877,11,30,113,154,1.3376623376623376,0.0489433196416195,641,"Yeah, I invited over a few friends from work."
7019,1877,15,22,117,154,1.3376623376623376,0.05229701988484807,641,It looks like Mary took off with the little one.
7159,1881,13,27,117,157,1.3375796178343948,0.0499502775202488,641,"Lassie, can you pick up the lambs after school?"
8910,1881,14,25,118,157,1.3375796178343948,0.050761102644426265,641,I'd like to cancel pay-per-ewe.
8952,1881,9,35,113,157,1.3375796178343948,0.04656600643213291,641,"Sure,moving to the city was a big transition,but bringing the flock has really helped."
8339,1881,10,33,114,157,1.3375796178343948,0.04743471589843826,641,I don't know why I am having such a hard time staying awake.
6965,1881,11,31,115,157,1.3375796178343948,0.04828779959465598,641,I found a way to get to sleep.
4313,1881,11,31,115,157,1.3375796178343948,0.04828779959465598,641,"Well I decided to do this online dating thing and I meet this really nice gal, Lil Bo Peep, and things started getting really serious, really fast and the next thing I know..."
5633,1881,8,37,112,157,1.3375796178343948,0.04568077974060137,641,We’ll take twelve garden salads and a fish sandwich.
4671,1881,14,25,118,157,1.3375796178343948,0.050761102644426265,641,"All right, have it your way—you heard a sheep bleat!"""
5870,1881,12,29,116,157,1.3375796178343948,0.04912607156105366,641,"Just putting the ""pen"" in penthouse."
1363,1890,11,32,117,160,1.3375,0.04765532367127345,641,"Don't worry, the wolves don't have a clue where we are."
1787,1890,10,34,116,160,1.3375,0.046823215630844676,641,Last thing I remember is counting them.
1995,1890,12,30,118,160,1.3375,0.0484731495409066,641,Peep's Sleep Service ...
3958,1890,8,38,114,160,1.3375,0.045112978372194204,641,Herding is so much easier with only 500 square feet
6168,1890,13,28,119,160,1.3375,0.04927740434130385,641,"Yes, it’s a little tight but the flock and I had to face facts - we’re city folk."
6927,1890,15,24,121,160,1.3375,0.0508477657623112,641,Apparently they don't allow dogs in this place.
8613,1890,9,36,115,160,1.3375,0.045976049958770054,641,"Yeah, that's right, Bo Peep.  Tell her they don't want to come home"
2730,1897,13,29,121,163,1.3374233128834356,0.048627966808484836,641,Found them.  They followed a hedge fund manager.
6161,1897,9,37,117,163,1.3374233128834356,0.0454061417406432,641,We lost her somewhere in Times Square.
860,1897,14,27,122,163,1.3374233128834356,0.049400602404890095,641,Tell me about this Ambien thing again.
313,1900,9,38,119,166,1.3373493975903614,0.04485522276104167,641,Just wool-gathering... and you?
5328,1900,13,30,123,166,1.3373493975903614,0.04800071259318768,641,Hello?  Bo Peep?
5478,1900,9,38,119,166,1.3373493975903614,0.04485522276104167,641,The melatonin hasn’t been working.
6853,1900,16,24,126,166,1.3373493975903614,0.05023073222477607,641,"Work from home,” they said"
7194,1900,8,40,118,166,1.3373493975903614,0.044033755901749815,641,"Bo, they're home but they're not wagging their tails."
800,1905,17,23,129,169,1.3372781065088757,0.050279280579017906,641,The at home course is definitely educational but I can't wait to get out and do the field work.
2927,1905,8,41,120,169,1.3372781065088757,0.043520393522249255,641,"Trust me, the Rams will win this."
4621,1905,13,31,125,169,1.3372781065088757,0.04739447798008608,641,Then I'd give the Ambien a try.
6306,1905,17,23,129,169,1.3372781065088757,0.050279280579017906,641,"Sure I can talk, I'm just tending to some work I took home."
6530,1905,9,39,121,169,1.3372781065088757,0.044322308496581274,641,"The pay is fine, but working from home is turning out to be a lot less convenient than expected."
4492,1910,14,30,128,172,1.3372093023255813,0.047528993086036274,641,It’s for ewe.
3529,1910,15,28,129,172,1.3372093023255813,0.04823903647230981,641,"That's right 10 large pizzas, half grass, half clover."
8001,1910,7,44,121,172,1.3372093023255813,0.04222569113397696,641,People don't understand the sacrifices us Brooklynites make for true farm to table.
3305,1913,16,27,132,175,1.3371428571428572,0.048324495458982666,641,Doing? Just sitting here thinking of ewe.
3586,1914,10,22,93,125,1.336,0.0555837061295554,641,"Room Service, I'd like to order from the grazing menu."
8689,1915,9,27,98,134,1.335820895522388,0.051836467833541476,641,But its halftime and the Rams are on.
656,1916,7,33,100,140,1.3357142857142856,0.04820595832315205,641,What channel is the Rams game on?
4063,1916,8,31,101,140,1.3357142857142856,0.049260423676337574,641,I think I’ll just get some sleeping pills.
8296,1916,10,27,103,140,1.3357142857142856,0.05130437785033452,641,"Abiding in the penthouse, keeping watch. You?"
1656,1919,10,28,105,143,1.3356643356643356,0.05055006786523187,641,I'm afraid all I have left are a dozen white.
2159,1919,12,24,107,143,1.3356643356643356,0.05246232432573511,641,"No, I'm the service animal."
5907,1919,11,26,106,143,1.3356643356643356,0.05151506980893147,641,"When the co- op board asked if I had any pets, I said I had to count sheep to help me fall asleep. I guess they took it figuratively. Now I have to go for the “emotional support animal” waiver."
6589,1919,9,30,104,143,1.3356643356643356,0.04956628193580806,641,I could have sworn it said Air Baa and Baa.
1344,1923,9,31,106,146,1.3356164383561644,0.048867570227705735,641,Hello.  Is this Mary?
1508,1923,9,31,106,146,1.3356164383561644,0.048867570227705735,641,This is where we'll winter.
1936,1923,9,31,106,146,1.3356164383561644,0.048867570227705735,641,Bob says I need to stop bringing work home.
3615,1923,8,33,105,146,1.3356164383561644,0.0478911903033344,641,"Yes Ms Peep, they are here, all 12 of them."
5166,1923,9,31,106,146,1.3356164383561644,0.048867570227705735,641,"Maintenance?  Please, the elevator needs some attention."
6363,1928,12,26,111,149,1.3355704697986577,0.05093960090020773,641,Landlord has had it. Told me I had to “get the flock out” of her apartment.
6913,1928,11,28,110,149,1.3355704697986577,0.050041464989598765,641,Working from home has become the new trend
3270,1928,12,26,111,149,1.3355704697986577,0.05093960090020773,641,"Hello, customer service? I need help changing my ringtone."
5135,1928,7,36,106,149,1.3355704697986577,0.04627493200466555,641,"Yeah ,we're in but it wasnt easy sneaking everyone past reception.."
82,1928,12,26,111,149,1.3355704697986577,0.05093960090020773,641,I’m sorry. Mary is unable to come to the phone.
3266,1928,12,26,111,149,1.3355704697986577,0.05093960090020773,641,"Room service? I’ll have the ribeye with baked potato, asparagus and 400 pounds of oats."
791,1934,11,29,112,152,1.3355263157894737,0.04934573589524132,641,"Right, 3 pizzas with fescue, 3 with Kentucky Bluegrass, and could you throw in a gallon of Woolite?"
5323,1934,11,29,112,152,1.3355263157894737,0.04934573589524132,641,I still feel a bit sheepish working from home.
8019,1934,12,27,113,152,1.3355263157894737,0.05022091224563313,641,"Sure, we miss the backyard, but at least here they'll get some cultural exposure."
8307,1934,7,37,108,152,1.3355263157894737,0.04567765480057183,641,They're flocking to New York.
2447,1938,10,32,113,155,1.335483870967742,0.047806882984902835,641,No! I said I wanted a room for my ewes.
1388,1938,12,28,115,155,1.335483870967742,0.04952850110648353,641,"No, seriously dude, you wouldn't believe how hard
it is to pull the wool over their eyes."
3994,1938,9,34,112,155,1.335483870967742,0.046922392097705524,641,I’m looking for a “Miss Bopeep”?
5148,1938,11,30,114,155,1.335483870967742,0.04867530422394468,641,"Hi, Miss Peep. I know where you can find them."
9022,1942,12,29,117,158,1.3354430379746836,0.048860893173330644,641,"If this doesn't bring Bo back to me, nothing will."
1010,1942,11,31,116,158,1.3354430379746836,0.048028754164689526,641,"Yes, I have tried counting sheep..."
2174,1942,8,37,113,158,1.3354430379746836,0.04544099758325997,641,"Yes, I also do dog-sitting and cat-sitting."
3085,1942,10,33,115,158,1.3354430379746836,0.0471819411589724,641,Trying to reach Little Boy Blue; I've got a small emergency here.
5345,1942,10,33,115,158,1.3354430379746836,0.0471819411589724,641,I think my therapist nailed it: I've got to stop taking my work home.
1609,1947,15,24,122,161,1.3354037267080745,0.050574417356080204,641,"Hey Mom, found 'em. We're at your place."
5373,1947,11,32,118,161,1.3354037267080745,0.047404774914514745,641,"Hey, Sheepless in Seattle — I think I can help you out."
5110,1947,10,34,117,161,1.3354037267080745,0.046578674660653574,641,I'm not sure that working from home was such a good idea!
5214,1950,11,33,120,164,1.3353658536585367,0.04680215107805103,641,I got this new sheep-sitting app to make a couple extra bucks and you’d be surprised how many people in the city own sheep.
8151,1950,14,27,123,164,1.3353658536585367,0.049141544977690944,641,Good news. Solved my sleeping problems.
7006,1950,13,29,122,164,1.3353658536585367,0.04837431905161235,641,Hasn't changed. They still follow me everywhere against the rules.
3894,1950,14,27,123,164,1.3353658536585367,0.049141544977690944,641,"After downsizing from the farm, the flock is starting to question my leadership..."
3440,1950,11,33,120,164,1.3353658536585367,0.04680215107805103,641,"I tried, Ma! I still can't sleep!"
6788,1950,10,35,119,164,1.3353658536585367,0.045995919889110566,641,"On rainy days, they INSIST on coming inside and watching ""Babe"" on DVD."
4451,1956,10,36,121,167,1.3353293413173652,0.04543259625506297,641,Apparently roaming is not covered.
4609,1956,10,36,121,167,1.3353293413173652,0.04543259625506297,641,Ambien made me do weird things.
1735,1958,17,23,130,170,1.3352941176470587,0.050022005353995376,641,"I know the meal delivery kit said fresh ingredients, but this is too fresh."
7102,1958,15,27,128,170,1.3352941176470587,0.04861042821336371,641,"I got a role in a play about GOP voter registration, but it’s a bit too literal..."
4501,1960,10,38,125,173,1.3352601156069364,0.044360291988099536,641,I've run into a spot of bother with the co-op board.
6756,1960,13,32,128,173,1.3352601156069364,0.04657762886457956,641,"Well, yes, herding sheep is a lot easier in the City."
3909,1962,14,32,133,179,1.335195530726257,0.046159473683601675,641,The landlord said we better get the flock outta here.
6851,1963,14,35,139,188,1.3351063829787233,0.044586409842745534,641,"I don't know how long I'm gonna last at this job, Ma...I keep falling asleep."
4392,1964,11,23,101,135,1.3333333333333333,0.0536145158268927,641,"What happens in Vegas, stays in Vegas"
6055,1964,10,27,104,141,1.3333333333333333,0.050994831240418585,641,"No, the condo association won't reconsider. So much for the urban farming concept."
5181,1964,8,32,104,144,1.3333333333333333,0.04828045495852676,641,We thought we'd stay in and Netflock.
5151,1964,9,31,107,147,1.3333333333333333,0.04858766979657162,641,They call it urban herding
5090,1964,11,33,121,165,1.3333333333333333,0.046562019717971886,641,Need a few more...still can't sleep.
4397,1964,9,36,117,162,1.3333333333333333,0.045501575519329006,641,Front desk...I'm missing one.
4698,1964,11,29,113,153,1.3333333333333333,0.049071180301212554,641,Business has been tough since we moved to the city that never sleeps.
4642,1964,9,28,101,138,1.3333333333333333,0.05073597068543737,641,The view is great but the Condo board is trying to fleece us.
4472,1964,12,27,114,153,1.3333333333333333,0.049939764198077816,641,"That's fake news, I never lost any sheep!"
6165,1964,12,30,120,162,1.3333333333333333,0.04796287192241285,641,Remember telling me wool futures were hot? You'll never guess what I did.
4809,1964,10,29,108,147,1.3333333333333333,0.04953735576689809,641,"Home game,rooting for the Rams against theLions."
6908,1964,12,25,110,147,1.3333333333333333,0.05138409809082317,641,I'm not sure how long I've been asleep.
7664,1964,12,35,130,177,1.3333333333333333,0.045089270201230526,641,"Good news, Ms. Peep!"
7511,1964,11,27,109,147,1.3333333333333333,0.05046917451763784,641,"And to add insult to injury, I still cant sleep."
7529,1964,13,22,109,144,1.3333333333333333,0.05307191174837982,641,Working from home today...need to focus on my staffing strategy.
7590,1964,9,28,101,138,1.3333333333333333,0.05073597068543737,641,Tell the doctor I've changed my mind. I need that prescription for sleeping pills as soon as possible.
7599,1964,8,40,120,168,1.3333333333333333,0.04359999982559999,641,"Well, for the past few months I’ve been working remotely but I’d be very interested in exploring other opportunities."
7932,1964,11,24,103,138,1.3333333333333333,0.052779842430491886,641,I'm missing one. What did Mary have for dinner?
8016,1964,11,35,125,171,1.3333333333333333,0.04543108504242546,641,Last thing I remember was the dog leaving
8229,1964,13,23,111,147,1.3333333333333333,0.05228301346252807,641,Nothing. Ewe?
8287,1964,6,37,104,147,1.3333333333333333,0.045620146601189474,641,You're talking a lot but all I'm hearing is baa baa baa.
8341,1964,9,30,105,144,1.3333333333333333,0.04927603299909022,641,Gotta go. We’re due at yoga.
8632,1964,15,27,129,171,1.3333333333333333,0.04836508334066744,641,I’m sorry for taking this call from my cell. I’m shepherding from home today.
8905,1964,13,30,125,168,1.3333333333333333,0.047511998294545346,641,If my landlord allowed me to have a dog I'd at least be able to keep them organized.
7016,1964,11,24,103,138,1.3333333333333333,0.052779842430491886,641,"No, I said take them to the highest grazing spot on the Matterhorn, not Manhattan."
4290,1964,9,27,99,135,1.3333333333333333,0.05151116061908372,641,Now I know why Mary didn't have two little lambs.
2224,1964,11,28,111,150,1.3333333333333333,0.04975705331869026,641,I found an Air bah-n-bah.
4104,1964,11,25,105,141,1.3333333333333333,0.051978745039030036,641,But Dad...the meadow was really hot!
58,1964,10,27,104,141,1.3333333333333333,0.050994831240418585,641,"Ram service, please!"
462,1964,14,24,118,156,1.3333333333333333,0.05090848219516563,641,My occupation?  I'm a work-from-home shepherd.
668,1964,14,22,114,150,1.3333333333333333,0.05238531025772312,641,Where in the flock am I?
884,1964,8,27,94,129,1.3333333333333333,0.0520106081407738,641,You wouldn't believe how much my sleep has improved.
1028,1964,6,30,90,126,1.3333333333333333,0.05039526306789696,641,"For take out please. One large Margherita pizza and 12 green salads, hold the onions."
1211,1964,12,23,106,141,1.3333333333333333,0.05294437702368598,641,"Hey, Bo! Guess what I found!"
1269,1964,9,33,111,153,1.3333333333333333,0.047286172525835744,641,When do you think Little Bo Peep can get over here?
1641,1964,9,37,119,165,1.3333333333333333,0.04494665749754948,641,"Yes, this is Little Boy Blue. - No, they're not in the meadow."
1702,1964,9,27,99,135,1.3333333333333333,0.05151116061908372,641,"Absolutely the view is great, but I thought I was dog sitting."
1742,1964,8,28,96,132,1.3333333333333333,0.051201916071788464,641,"Hello, Room Service? This isn't what it sounds like, but I need someone to go out and get me some grass - quite a bit of grass."
1757,1964,5,39,103,147,1.3333333333333333,0.044587103693764035,641,I'm just having a few coworkers over.
2223,1964,12,32,124,168,1.3333333333333333,0.04675579089814616,641,"I'll have the pepperoni pizza, a diet Coke and a case of Woolite."
1755,1964,8,35,110,153,1.3333333333333333,0.04636790700622143,641,"Well, how would the tentant's feel about free sweaters?"
2240,1964,12,27,114,153,1.3333333333333333,0.049939764198077816,641,"I’m their leader now, and I kind of like it."
3976,1964,13,35,135,183,1.3333333333333333,0.04473970659161324,641,I really shouldn't have ordered the sheep before the farm
3595,1964,16,25,130,171,1.3333333333333333,0.049071180301212554,641,Must be time for Sean Hannity.
3117,1964,12,28,116,156,1.3333333333333333,0.049256954712384636,641,Please tell me the price of wool  today.
3072,1964,11,25,105,141,1.3333333333333333,0.051978745039030036,641,"Yes, you heard me right. That’s one shepherd’s pie, a bottle of Bud, and a dozen bushels of fresh mown grass."
3169,1964,9,28,101,138,1.3333333333333333,0.05073597068543737,641,No.  I will not accept a collect call from Miss Bo Peep!
2647,1964,11,27,109,147,1.3333333333333333,0.05046917451763784,641,"Here? Because, in Seattle it's sheepless."
2435,1964,13,25,115,153,1.3333333333333333,0.05079349722321863,641,You were right about Brooklyn.
2291,1964,12,21,102,135,1.3333333333333333,0.054635836470815304,641,A Trump rally all white sheep
2848,1964,14,13,96,123,1.3333333333333333,0.06072408025914894,641,"No, she’s not lost.....she’s in the black sheep matter march."
4152,1964,10,36,122,168,1.3333333333333333,0.04520544196943266,641,"Hi Amazon. I received my flock, but do you have the tracking number for my herding dog?"
5255,2016,17,26,138,181,1.3314917127071824,0.04769406327958349,641,"Yeah, but it's not cheap once you sign up for pay per ewe."
5760,2017,14,28,127,169,1.331360946745562,0.04801049879541651,641,You need them back for a vote?
2558,2017,13,30,126,169,1.331360946745562,0.04727119224697008,641,You mean I don't have to buy sheep to count them?
3867,2017,9,38,122,169,1.331360946745562,0.04419045263302087,641,"I've counted them!  I've counted them, and I still can't sleep!"
4154,2017,14,28,127,169,1.331360946745562,0.04801049879541651,641,"Oh, you know, same old baa, baa, baa..."
7519,2021,11,33,122,166,1.3313253012048192,0.046324217533713456,641,Is this room service? I'd like to order shepherd's pie.
7970,2021,14,27,125,166,1.3313253012048192,0.04863117498574507,641,"You were right, I should have tried sleeping medication"
7212,2021,13,29,124,166,1.3313253012048192,0.04787454261260751,641,I know we've talked about bringing work home.
5470,2021,14,27,125,166,1.3313253012048192,0.04863117498574507,641,I saw your ad for a wolf.
3037,2025,10,34,119,163,1.3312883435582823,0.0460967690871076,641,"Apparently, there was no room in the manger."
8429,2025,12,30,121,163,1.3312883435582823,0.047711558812807406,641,"Nah, man—this isn’t even the strangest Airbnb I’ve been to."
6532,2027,10,33,117,160,1.33125,0.04668396607700813,641,"Remind me, how this is supposed to help me sleep?"
1171,2027,13,27,120,160,1.33125,0.04914510906777011,641,If I can pull this off it will change herding as we know it forever.
1993,2027,10,33,117,160,1.33125,0.04668396607700813,641,I'd like to but I'm very sleepy right now
2652,2027,11,31,118,160,1.33125,0.04751851261224939,641,Room Service?  I need a dozen shepherd's pies.
4400,2027,13,27,120,160,1.33125,0.04914510906777011,641,Of course I didn’t bring them in the house.
6025,2032,12,28,117,157,1.3312101910828025,0.04898824050702167,641,What channel is Fox News?
5062,2032,10,32,115,157,1.3312101910828025,0.0472919556935171,641,"Just so you know, this on-line video course makes it look more like an outdoor profession."
4026,2032,4,44,109,157,1.3312101910828025,0.041792022795611866,641,"Right. Free-range, not pasture-raised."
7768,2032,11,30,116,157,1.3312101910828025,0.04814756889652573,641,"So, I get to be my own boss and the sheep like the view."
2465,2032,12,28,117,157,1.3312101910828025,0.04898824050702167,641,The experts call it semi-sedentary pastoralism.
2875,2032,11,30,116,157,1.3312101910828025,0.04814756889652573,641,"Once I realized I could work at home, it was 'Big city, here I come!'"
6643,2038,11,29,114,154,1.3311688311688312,0.048799521807916676,641,The ad said the apartment was perfect for a crook on the lam but I think I got fleeced.
6616,2038,13,25,116,154,1.3311688311688312,0.05050899132163069,641,"Yes, all of our meats are locally sourced."
6503,2038,10,31,113,154,1.3311688311688312,0.04792192494941873,641,I would like to order four alfalfa pizzas.
4908,2038,8,35,111,154,1.3311688311688312,0.0461166565918486,641,I ordered a black sheep.
1658,2038,10,31,113,154,1.3311688311688312,0.04792192494941873,641,It's a new app - they call it Air Baa & Baa
377,2038,10,31,113,154,1.3311688311688312,0.04792192494941873,641,Little Bo Peep got the house in the divorce.
3778,2038,9,33,112,154,1.3311688311688312,0.04702795395330427,641,"Old MacDonald moved uptown, E-I-E-I-O."
1307,2045,13,24,114,151,1.3311258278145695,0.05122934994917541,641,So you're telling me to get the flock out of here?
9002,2046,8,33,107,148,1.3310810810810811,0.047349798822879444,641,I think I can get more space in Brooklyn.
7118,2047,9,30,106,145,1.3310344827586207,0.048988985795692164,641,Nope.  Bo Beep isn't here.  I'm just house sitting.
8982,2047,8,32,105,145,1.3310344827586207,0.04800140923637036,641,"The room is fine, but do you have something with a Central Park view, perhaps a meadow of some sort?"
1076,2047,11,26,108,145,1.3310344827586207,0.05090669514431852,641,"Hi, I'm calling on behalf of Lambs Without Borders..."
4057,2047,7,34,104,145,1.3310344827586207,0.04699308298105664,641,Be right there. I have a few things to tend to.
5332,2047,12,24,109,145,1.3310344827586207,0.05183895302887211,641,It’s Sunday.  I’m tending my flock!
5653,2047,11,26,108,145,1.3310344827586207,0.05090669514431852,641,Mind if I bring some work along?
7704,2047,10,28,107,145,1.3310344827586207,0.04995704324620859,641,"Oh, not much, just hangin' with the base watching the President's speech."
5213,2054,9,29,104,142,1.3309859154929577,0.04969372883209497,641,Yo little Bo.  Found the flock.  Meet me at my crib in 10.
8911,2054,7,33,102,142,1.3309859154929577,0.04764122630142611,641,"Okay, I’ve got it.  Anything
 but “Silence of the Lambs”."
724,2054,10,27,105,142,1.3309859154929577,0.05068882328585695,641,My business plan is still a little fuzzy.
4165,2054,8,31,103,142,1.3309859154929577,0.04867829664615167,641,Moving back in with my parents was easier than I expected
192,2054,9,29,104,142,1.3309859154929577,0.04969372883209497,641,"White, yes. Can you be more descriptive, Ms. Bo Peep?"
579,2054,7,33,102,142,1.3309859154929577,0.04764122630142611,641,"No, we're off today.  Apparently everyone slept well last night."
955,2060,13,20,106,139,1.330935251798561,0.05440504762839501,641,So you're sleepless in Seattle?
4597,2060,6,34,99,139,1.330935251798561,0.047223493152886764,641,"As you hear it. I had not slept well for months, I started counting sheep ... and now I can’t live without them."
6799,2060,14,18,107,139,1.330935251798561,0.055354978294668684,641,"Me? Nothing much, just watching some ewe tube."
6887,2060,11,24,104,139,1.330935251798561,0.05245360214834921,641,Hello Uber.....  I need a ride to the meadowlands.....
2876,2064,9,27,100,136,1.3308823529411764,0.05118970980431573,641,Could I get some alfalfa sprouts with that?
5578,2065,9,25,96,130,1.3307692307692307,0.05281402835187558,641,"Ok Doc, the counting hasn't worked. I'll try a sleeping pill"
5895,2065,13,17,100,130,1.3307692307692307,0.05715211219421529,641,Tell Bo Peep I cracked the case.
7224,2065,12,19,99,130,1.3307692307692307,0.05609904940267089,641,No I'm not kidding ewe and I'm not trying to pull the wool over your eyes...I'm in New York on the lamb
8070,2068,9,23,92,124,1.3306451612903225,0.05458492517469294,641,"Business is booming, apparently it’s really hard to sleep nowadays."
785,2069,18,26,144,188,1.3297872340425532,0.0469677882567252,641,Hi Bo!  Nope; haven't seen them.
2365,2070,10,40,132,182,1.3296703296703296,0.04275575715138692,641,911?  There’s a missing 12-year-old female by the name of Bo Beep.
4465,2071,11,37,131,179,1.329608938547486,0.043952982674802604,641,"So I asked myself, what's a guy to do to make a buck now that the dog walking market has gotten so saturated?"
3761,2072,15,28,133,176,1.3295454545454546,0.04729239101519275,641,What are the ingredients for shepherd's pie again?
8646,2072,13,32,131,176,1.3295454545454546,0.04589880301340934,641,"So then he said, 'If you want a sweater, knit it yourself."""
2522,2072,13,32,131,176,1.3295454545454546,0.04589880301340934,641,"Mary, I thought you said ""A"" little lamb."
1925,2075,13,30,127,170,1.3294117647058823,0.04703271116809514,641,"According to last nights dream, I'm one short."
8983,2075,12,32,126,170,1.3294117647058823,0.04628673973771737,641,Can I call you back? I'm binge watching Real Shepherds of New York.
1192,2077,10,35,122,167,1.3293413173652695,0.04529927877050892,641,Apartment sitting.  You?
7022,2077,11,33,123,167,1.3293413173652695,0.04608871362948852,641,"No, we won't be needing utensils."""
8703,2077,13,29,125,167,1.3293413173652695,0.04762834510883663,641,"Hey, Bo. It's me. I found-em."
648,2080,13,28,123,164,1.329268292682927,0.048244473886949316,641,Deny it and tell the reporter I'm allergic to wool.
8324,2080,10,34,120,164,1.329268292682927,0.045859341069915356,641,"I'm telling you, it's like herding cats."
78,2080,12,30,122,164,1.329268292682927,0.04746274919914878,641,I’m pretty sure this isn’t what Nietzsche meant by ‘herd mentality.’
559,2080,7,40,117,164,1.329268292682927,0.04334315477794754,641,"I know, I know. But you wouldn't believe the rent!"
2095,2080,13,28,123,164,1.329268292682927,0.048244473886949316,641,Well the good news is that we solved the fecal / nitrate  run off issue with the lake.
4931,2080,9,36,119,164,1.329268292682927,0.04503623501448127,641,Pastureland is getting really expensive so now I just use airbnb.
5759,2080,11,32,121,164,1.329268292682927,0.04666793184247682,641,I've been counting them but I still feel wide awake.
6688,2080,12,30,122,164,1.329268292682927,0.04746274919914878,641,Looks like I'll need to order the optional sheepdog.
7401,2080,13,28,123,164,1.329268292682927,0.048244473886949316,641,I don’t know. I thought I was walking into a Peep Show.
8245,2080,13,28,123,164,1.329268292682927,0.048244473886949316,641,What is about wanting a contemporary farmhouse aesthetic do you not understand?
2001,2090,9,35,117,161,1.329192546583851,0.045595096782268904,641,"No, I'm not having a party, it's just my emotional support sheep."
4974,2090,10,33,118,161,1.329192546583851,0.04643869724849377,641,"Miss Peep,  I've found your sheep."
1311,2090,10,33,118,161,1.329192546583851,0.04643869724849377,641,Are you sure it's OK if I work from home today?
50,2090,10,33,118,161,1.329192546583851,0.04643869724849377,641,I'm fine dear. Dr. Smith prescribed me these ancient organic sleeping meds.
534,2090,8,37,116,161,1.329192546583851,0.04473559096549048,641,"""Ordering one collie and a side of grass."""
6111,2095,11,30,117,158,1.3291139240506329,0.047887770560679006,641,I need to speak with Mary... ASAP!
3877,2095,12,28,118,158,1.3291139240506329,0.04872231751831683,641,"Not bad as a trust building exercise, although we lost one in the            meatpacking district."
4181,2095,11,30,117,158,1.3291139240506329,0.047887770560679006,641,There was a spelling error!  I wanted sleep!
4918,2095,10,32,116,158,1.3291139240506329,0.047038419554538476,641,Has Little Bo Peep checked in yet?
5286,2095,11,30,117,158,1.3291139240506329,0.047887770560679006,641,Just chillin' with my sheeps.  What's up with you?
5719,2095,11,30,117,158,1.3291139240506329,0.047887770560679006,641,Can you please send up a dozen salads - hold the dressing...
5872,2095,8,36,114,158,1.3291139240506329,0.045291959595737216,641,"I just ordered the shepherd's cane, the description didn't mention sheep."
8099,2095,12,28,118,158,1.3291139240506329,0.04872231751831683,641,"Well, you can tell him for me, there isn't enough wool in the world to cover everybody's eyes in this country."
6710,2103,9,33,113,155,1.3290322580645162,0.046772387755327584,641,Didn't expect you to still be awake! I'm counting sheep too.
1923,2103,9,33,113,155,1.3290322580645162,0.046772387755327584,641,"Yes, Operator: first name ""Little,"" last name ""Peep."""
5390,2103,10,31,114,155,1.3290322580645162,0.04765966257639778,641,I probably should have splurged on full service delivery and assembly for the sweater.
1125,2103,8,35,112,155,1.3290322580645162,0.04586795260062676,641,"The Airbnb listing said 'pets welcome', so I really don't see the problem."
1301,2103,10,31,114,155,1.3290322580645162,0.04765966257639778,641,"Room service?  Yes, a hamburger, fries, Coke,  and 13  grass and clover salads, hold the dressing."
8749,2108,10,30,112,152,1.3289473684210527,0.04830367135336772,641,"Hello Mary, are you picking up your lambs today?"
7079,2108,11,28,113,152,1.3289473684210527,0.049197388568447756,641,Would you like to join our sheepover?
9045,2108,10,30,112,152,1.3289473684210527,0.04830367135336772,641,I'd like to place a pick-up order for 13 house salads--hold the Romaine.
6733,2108,13,24,115,152,1.3289473684210527,0.050937803186201364,641,I'm tele-herding today.
230,2108,13,24,115,152,1.3289473684210527,0.050937803186201364,641,"Is this Miss Bo Peep?  Yes, I found them for you."
2323,2108,10,30,112,152,1.3289473684210527,0.04830367135336772,641,Hello room service?  I'd like to order eight bales of hay.
672,2108,12,26,114,152,1.3289473684210527,0.05007515769017118,641,This whole not getting to sleep thing has gotten way out of hand.
6612,2108,13,24,115,152,1.3289473684210527,0.050937803186201364,641,I tend to bring my work home with me.
8643,2116,11,27,111,149,1.3288590604026846,0.049889187036300325,641,I put “shepherd” on my match.com profile and now they’re really flocking to me.
4087,2116,11,27,111,149,1.3288590604026846,0.049889187036300325,641,My contract allows me to work remotely!
4655,2116,15,19,115,149,1.3288590604026846,0.05340140325320839,641,"Possession is nine tenths of the law, Bo-Peep."
4662,2116,10,29,110,149,1.3288590604026846,0.04897179046732671,641,"Yes ma'am, our guaranteed insomnia cure is both traditional and innovative."
8964,2116,11,27,111,149,1.3288590604026846,0.049889187036300325,641,"Yeah mom, we just checked in to our Air Baa & Baa."
5914,2121,9,30,107,146,1.3287671232876712,0.04870509236037227,641,"Yes, this is Little Boy Blue..."
8966,2121,9,30,107,146,1.3287671232876712,0.04870509236037227,641,I brought you a gift from New Zealand
8068,2121,10,28,108,146,1.3287671232876712,0.049665474256488824,641,I keep telling them to use their indoors  voices.
7200,2121,11,26,109,146,1.3287671232876712,0.050607634250293854,641,I'm on the lamb.
5198,2121,11,26,109,146,1.3287671232876712,0.050607634250293854,641,I was told this breed thrives at higher altitudes.
3041,2121,10,28,108,146,1.3287671232876712,0.049665474256488824,641,I can offer you the latest advancements in sleep therapy.
5100,2121,14,20,112,146,1.3287671232876712,0.053334347078409026,641,"Hello, front desk, I won't be needing that Sleep Number bed after all."
892,2121,8,32,106,146,1.3287671232876712,0.0477253885321307,641,It’s hard to relax when the Wolf of Wall Street is out there.
5105,2121,11,26,109,146,1.3287671232876712,0.050607634250293854,641,"Yes, mom, they're still organic, but free range has been harder."
2070,2121,9,30,107,146,1.3287671232876712,0.04870509236037227,641,We'll take the Rams by 3
1808,2131,9,29,105,143,1.3286713286713288,0.04939925102463513,641,"I might have to rethink this whole ""working remotely"" thing."
3498,2132,10,26,104,140,1.3285714285714285,0.051135972482112636,641,"Yeah, I thought he said “get the flock out of here.”"
1899,2133,11,23,103,137,1.3284671532846715,0.05294006211964782,641,"Bo, I've found them."
2560,2133,8,29,100,137,1.3284671532846715,0.049805858655030184,641,"Yeah, I have their grass brought in from GrubHub now."
2706,2133,11,23,103,137,1.3284671532846715,0.05294006211964782,641,"No, of course I don’t have a dog."
2358,2136,11,22,101,134,1.328358208955224,0.05378306467139791,641,Just send up five vegetarian platters.
6774,2137,7,28,93,128,1.328125,0.05096192683959982,641,I'm trying to tell ya Karen; this new sleep therapy is amazing.
3408,2138,15,29,136,180,1.3277777777777777,0.04649780272573386,641,"Hey Little Bo,good news."
8335,2138,17,25,138,180,1.3277777777777777,0.04781414174888889,641,What do Ewes want?!
3620,2140,9,40,128,177,1.3276836158192091,0.04277331760393543,641,"I lucked out: great apartment, great view, and I found the sheep!”"
8208,2140,12,34,131,177,1.3276836158192091,0.0449684412117038,641,"Yes, I know what my lease says but I can assure you we herders do NOT consider them pets."
6196,2142,11,16,89,116,1.3275862068965518,0.05970424617930377,641,It's been a little wild and wooly trying to keep them all happy until we're needed for the nativity scene.....
803,2143,15,26,130,171,1.327485380116959,0.04824431099761235,641,"I'm training the newly elected members of Congress, but I don't think they're going for it."
5173,2143,13,30,128,171,1.327485380116959,0.04679652384980678,641,"I've counted all my sheep, but I still can't fall asleep."
3124,2145,14,27,127,168,1.3273809523809523,0.04813089258213534,641,We're just going to order up some grass and chill.
4488,2145,9,37,122,168,1.3273809523809523,0.044273613175394785,641,"Don’t worry, the fox will never get past the doorman."
6036,2145,10,35,123,168,1.3273809523809523,0.04507148569810188,641,"When you book early, there IS room at the inn!"
8972,2145,10,35,123,168,1.3273809523809523,0.04507148569810188,641,"Don't you dare tell me you've got to work this evening, Bo-Peep."
6781,2149,10,34,121,165,1.3272727272727274,0.04562422137446664,641,"No problem, I work from home."
3013,2150,12,29,121,162,1.3271604938271604,0.04782698199287786,641,John Williams insomnia service. May I help you?
4790,2150,12,29,121,162,1.3271604938271604,0.04782698199287786,641,Now I'm completely flocked.
6128,2150,10,33,119,162,1.3271604938271604,0.046195862740552984,641,"No, Skipper's not with me.  Mom's condo has a 'no dogs' policy."
6739,2150,9,35,118,162,1.3271604938271604,0.04535831233900227,641,"I'd like to order a large pepperoni thin crust and 40 pound of clover."""
7164,2150,9,35,118,162,1.3271604938271604,0.04535831233900227,641,He said no to the raise but on Fridays I get to work from home.
8988,2150,12,29,121,162,1.3271604938271604,0.04782698199287786,641,Me? I'm just kickin' back while I work from home today.
3563,2150,12,29,121,162,1.3271604938271604,0.04782698199287786,641,"Doctor, counting sheep doesn't seem to be working."
6245,2157,13,26,120,159,1.3270440251572326,0.049273728033651,641,They did say that my emotional support flock was a first...
6903,2157,9,34,116,159,1.3270440251572326,0.04592879587725082,641,I hate bringing work home with me
6608,2157,11,30,118,159,1.3270440251572326,0.047630633866600894,641,"I know I'm the rookie agent, and I really do trust the bureau's judgement, but could we have concocted a more subtle undercover identity?"
3107,2157,10,32,117,159,1.3270440251572326,0.046787453303574665,641,Room service....Send up a bottle of wine and four bales of hay
3059,2157,8,36,115,159,1.3270440251572326,0.045053776698898,641,My apartment?  Sheepshead Bay.  Why?
2442,2157,14,24,121,159,1.3270440251572326,0.05007506136026408,641,"Room service?  Yes, we'd like to order 70 - Okay, Maisie, Okay - 80 pounds of your 60/40 alfalfa/timothy second cut Lake Champlain silage blend, and if you're still using the Versace troughware, that will make this a very special day for the girls."
1366,2157,11,30,118,159,1.3270440251572326,0.047630633866600894,641,"Once a year, on his birthday, John's wife let him do whatever he wanted."
8243,2164,12,27,117,156,1.3269230769230769,0.04911412204404435,641,"Mary, I'm going to work from home today."
6808,2164,12,27,117,156,1.3269230769230769,0.04911412204404435,641,Wanna come over?  I'm just hanging out with some friends from work.
6769,2164,15,21,120,156,1.3269230769230769,0.05157844454783083,641,Can you shear me now?...Good.
6818,2164,7,37,112,156,1.3269230769230769,0.044706062837867086,641,They let me telecommute one day a week.
3232,2164,9,33,114,156,1.3269230769230769,0.046519437081083706,641,"Yeah, I just wanted to report that Little Bo Peep has found her sheep."
1603,2164,12,27,117,156,1.3269230769230769,0.04911412204404435,641,"Ms Little Bo Peep, we have your sheep, pay the ransom or you'll never find them."
1406,2164,11,29,116,156,1.3269230769230769,0.04826472830358097,641,"What do you mean, I always bring my work home?"
4785,2164,8,35,113,156,1.3269230769230769,0.04562176060173602,641,I doubled my followers.
446,2172,10,30,113,153,1.326797385620915,0.04803506179841696,641,Ms. Bo-Peep?  I have some good news.
1994,2172,12,26,115,153,1.326797385620915,0.04979323032289373,641,"Yeah, I'm going to need more ambien, doc."
4084,2172,9,32,112,153,1.326797385620915,0.04713138922175149,641,I sold the farm and got a great deal  on .000000047 acres.
6998,2175,9,31,110,150,1.3266666666666667,0.04776589693252739,641,"Why is it always about ewe,ewe,ewe"
8405,2175,11,27,112,150,1.3266666666666667,0.049603949711638694,641,...me?  shepherding mostly...and you?
8402,2175,8,33,109,150,1.3266666666666667,0.04681981899960586,641,Next vacation I’ll find a sitter.
5590,2175,10,29,111,150,1.3266666666666667,0.048693596790356376,641,At least we don’t live in a shoe.
2549,2175,8,33,109,150,1.3266666666666667,0.04681981899960586,641,"Yeah I see the news, don't worry. I tied up all the loose ends... everyone will think she just lost 'em."
3664,2175,11,27,112,150,1.3266666666666667,0.049603949711638694,641,"I've been up all night counting sheep."""
1578,2175,8,33,109,150,1.3266666666666667,0.04681981899960586,641,"Not tonight, I'm catching up on work"
3982,2175,10,29,111,150,1.3266666666666667,0.048693596790356376,641,"Yeah, I'm just going to work from home today."
4175,2183,10,28,109,147,1.3265306122448979,0.04937713361303561,641,I keep falling asleep.
6077,2183,13,22,112,147,1.3265306122448979,0.05213123060302941,641,"So, you're telling me the Wolf of Wall Street is a person?"
7196,2183,11,26,110,147,1.3265306122448979,0.050311919899315355,641,I don’t know how many...I keep falling asleep counting them
25,2186,9,29,106,144,1.3263888888888888,0.04910807135308145,641,I can't believe Airbnb let me get away with this.
1083,2186,11,25,108,144,1.3263888888888888,0.05104755494898393,641,Hello customer service; you're sweater kit came on time but the pattern wasn't included in the shipment.
5171,2186,9,29,106,144,1.3263888888888888,0.04910807135308145,641,Actually it all started when she followed me to school one day.
5850,2186,9,29,106,144,1.3263888888888888,0.04910807135308145,641,"Well the Rams won by three, thank god."
4626,2190,9,28,104,141,1.326241134751773,0.049818773800340825,641,Bo Peep? I think I’ve found them.
6531,2190,7,32,102,141,1.326241134751773,0.0477417634548839,641,Two words: emotional support.
3749,2190,10,26,105,141,1.326241134751773,0.05082545961979334,641,Joseph's Sheep Counting Service.
1362,2190,10,26,105,141,1.326241134751773,0.05082545961979334,641,Watching the Animal Channel. How about you?
2232,2190,11,24,106,141,1.326241134751773,0.05181258986150916,641,Tell her it’s Mr. Bo-Peep calling.
3807,2195,9,27,102,138,1.326086956521739,0.05055812842419942,641,"Yeah, I’ve gotta go. All these sheep are waiting for me to tell them what to do next."
4474,2195,11,38,135,184,1.326086956521739,0.04306047791096143,641,"Room service? I’d like a 
sheoherd’s pie and a dozen green salads,  no dressing."
7640,2195,14,17,107,138,1.326086956521739,0.05554328909726916,641,Counting or sacrificial?
293,2198,12,35,134,181,1.3259668508287292,0.044241078703470646,641,Can you believe it?  They placed me under house arrest for crying wolf!
1675,2199,7,30,98,135,1.325925925925926,0.049126847725606285,641,Seriously?? It's like herding cats.
5001,2200,6,31,95,132,1.3257575757575757,0.048688813118880785,641,"Large vegetarian please. Hold the olives, extra clover."
2556,2201,9,38,125,172,1.3255813953488371,0.043543976100408846,641,"Guess what dad, I've become an urban farmer!"""
1041,2202,12,31,126,169,1.3254437869822486,0.04639003656988135,641,"Same old, same old. And ewe?"
1814,2202,13,29,127,169,1.3254437869822486,0.04714316356683772,641,I'm just staying home and taking in the Silence of the Lambs.
6249,2202,17,21,131,169,1.3254437869822486,0.05004245581132443,641,"Really, Bopeep, we need to talk."
6470,2205,8,37,118,163,1.3251533742331287,0.04427663923396039,641,"I've found that they aren't particularly fond of CNN, but they eat Fox News right up!"
5886,2205,7,39,117,163,1.3251533742331287,0.04341290614339646,641,It’s not as idyllic as I thought.
2863,2205,13,27,123,163,1.3251533742331287,0.048364476550965936,641,"Bo, I'm afraid the ""stay at home husband"" thing isn't working out."
4970,2205,11,31,121,163,1.3251533742331287,0.04677223394249063,641,"I was thinking to myself, 'Am I going to keep doing this 'til the cows come home?', when suddenly I got this idea."
3174,2205,13,27,123,163,1.3251533742331287,0.048364476550965936,641,"Hello, Lambazon? I actually ordered the wool sheets not whole sheeps."
1795,2205,15,23,125,163,1.3251533742331287,0.04990594469726823,641,I quit
1401,2205,11,31,121,163,1.3251533742331287,0.04677223394249063,641,"Mary is out, may I take a message?"
1122,2212,10,32,118,160,1.325,0.046539021295517756,641,"Sylvia, rooftop gardens are just the first step."
857,2212,14,24,122,160,1.325,0.04980307131040902,641,Mutton Jeff here.
2831,2212,9,34,117,160,1.325,0.04568658611609536,641,Little Bo? Found em.
60,2212,12,28,120,160,1.325,0.048198684707647065,641,They seem to like anything with Katherine Hepburn.
383,2216,7,37,113,157,1.3248407643312101,0.044469178081509325,641,"I'm telling you doctor, I'm NOT asleep but these are the same sheep from my dream"
951,2216,11,29,117,157,1.3248407643312101,0.048001511107020556,641,I think I'm ready for Ambien.
735,2218,12,26,116,154,1.3246753246753247,0.04951433502515563,641,'It's called Silence of the Lambs. You'll like it.'
1827,2218,13,24,117,154,1.3246753246753247,0.05036419175174925,641,Little Bo Peep does give a bleep.
8408,2218,14,22,118,154,1.3246753246753247,0.051199943834252214,641,"Work-Life balance, my ass."
7997,2221,11,27,113,151,1.3245033112582782,0.04932181913913976,641,"When I said I wanted grass delivered, I didn't mean for either recreational or medicinal use. I meant actual grass."
7929,2221,10,29,112,151,1.3245033112582782,0.04841840169236755,641,"Is this Little Bo Peep? 
I think I've found you're sheep."
8831,2221,11,27,113,151,1.3245033112582782,0.04932181913913976,641,"Could I get one large pizza and 40 pounds of clover, please?"
7319,2221,10,29,112,151,1.3245033112582782,0.04841840169236755,641,Little Bo Peep? You're never gonna believe this.
5696,2221,13,23,115,151,1.3245033112582782,0.0510807427970181,641,"Yes, it's for delivery; I'd like a shepherd's pie . . . and, oh, at least 50 pounds of fodder."
4780,2221,11,27,113,151,1.3245033112582782,0.04932181913913976,641,I counted twelve and I'm still awake
270,2221,6,37,108,151,1.3245033112582782,0.04462220007396827,641,"I just feel like I bring my work home with me, you know?"
1582,2221,13,23,115,151,1.3245033112582782,0.0510807427970181,641,"Yes, the name is Beau Peep. That's B-E-A-U."
57,2229,8,32,108,148,1.3243243243243243,0.04718224653751187,641,I still can't sleep.
4727,2229,12,24,112,148,1.3243243243243243,0.050930138835030586,641,What? They need their Fox News.
5811,2229,10,28,110,148,1.3243243243243243,0.049091972001957924,641,I’m binge herding.
6406,2229,12,24,112,148,1.3243243243243243,0.050930138835030586,641,"They kicked out the dog"""
6553,2233,10,27,108,145,1.3241379310344827,0.049791479579978114,641,My lamb chops are the freshest and I deliver.
6153,2233,11,25,109,145,1.3241379310344827,0.05074423001067613,641,"True, the Airbnb host said no dogs or cats."
3560,2233,8,31,106,145,1.3241379310344827,0.047829076486352144,641,"Wait, you said count them?"
3275,2233,11,25,109,145,1.3241379310344827,0.05074423001067613,641,"You'll never guess where I found them, Bo. Shall I leave them alone?"
7632,2233,10,27,108,145,1.3241379310344827,0.049791479579978114,641,"Bo Peep? Yes, send her up."
939,2233,10,27,108,145,1.3241379310344827,0.049791479579978114,641,I hate it when my boss makes me take my work home
80,2233,11,25,109,145,1.3241379310344827,0.05074423001067613,641,They said any kind of jelly except mint.
1942,2233,14,19,112,145,1.3241379310344827,0.05350077757580243,641,It's about my cable bill. I think I've been fleeced.
7615,2241,10,26,106,142,1.323943661971831,0.050518533658425714,641,"Airbnb customer service, yes, I am calling to report that the last guest forgot some of his stuff in the apartment."
2635,2241,9,28,105,142,1.323943661971831,0.04952001738822842,641,Needed a break from the pastoral scene.
4161,2241,12,22,108,142,1.323943661971831,0.052458578752493705,641,This is the nicest place we've ever found on Air Baa&Baa.
7553,2241,8,30,104,142,1.323943661971831,0.04850094845735905,641,"Hi? UPS? Yeah, I thing you sent me the wrong package. I never ordered a cane."
8052,2245,15,27,134,176,1.3238636363636365,0.047173268874862,641,"Yes, for a small fee you can count sheep using Skype."
5484,2245,10,37,129,176,1.3238636363636365,0.04359635273351086,641,I'd like to refill my ambien as soon as possible please.
355,2247,11,23,105,139,1.3237410071942446,0.052281716589006745,641,I'm trying to watch tv but I keep drifting off
2420,2247,6,33,100,139,1.3237410071942446,0.04703249745353378,641,My Border Collie ran off with a Labradoodle and here I am in some hotel on the Upper East Side.
5893,2247,10,25,104,139,1.3237410071942446,0.051274881520466824,641,New pasture. Same old shit.
75,2250,10,36,127,173,1.323699421965318,0.044101168220092225,641,"I assure you, I am outstanding in my field."
6987,2251,11,33,126,170,1.3235294117647058,0.045395689404735255,641,The divorce is final......Little Bo Peep lost her sheep.
987,2251,13,29,128,170,1.3235294117647058,0.04690411394621742,641,I finally negotiated a work from home day. I couldn’t do it without a great staff.
1008,2251,12,20,104,136,1.3235294117647058,0.0541143316214697,641,"I'm not ba-a-a-d, how are you?"
1900,2251,11,22,103,136,1.3235294117647058,0.05309829022637882,641,"Hey Blue, it's Bo.  Get your horn, they followed me home again."
6150,2255,9,36,122,167,1.3233532934131738,0.0443548378386992,641,I'm not so much letting my mind wander as I am woolgathering.
5591,2255,16,22,129,167,1.3233532934131738,0.04972288917537221,641,"I can lead them to TV, but I can’t make them watch."
5527,2255,14,26,127,167,1.3233532934131738,0.048250139628408385,641,I'm good.  Ewe?
8512,2255,10,34,123,167,1.3233532934131738,0.04516078505285336,641,Promised the co-op board lots of sweaters.
3425,2255,11,32,124,167,1.3233532934131738,0.045952599202686496,641,Ms. Bo Peep? This is your Uber driver. You left a couple of things in the backseat.
4292,2260,10,23,100,133,1.3233082706766917,0.052883231334244635,641,"I really don't know.  I left them alone for a little while, and suddenly they all showed up here.  Wagging their tails behind them."
779,2261,11,31,122,164,1.3231707317073171,0.04652842335595233,641,NOW do I qualify for a profile on farmersonly.com?
7490,2261,11,31,122,164,1.3231707317073171,0.04652842335595233,641,I can't sleep. Any suggestions?
6050,2261,14,25,125,164,1.3231707317073171,0.04888091935768433,641,"The apartment's OK, but I keep falling asleep on the couch..."
3525,2264,12,28,121,161,1.3229813664596273,0.0479408963178142,641,Yes.  It's just like goat yoga but you can have them for the entire week.
5377,2264,12,28,121,161,1.3229813664596273,0.0479408963178142,641,"I am having a little problem streaming ""Silence of the Lambs""!"
7003,2264,10,32,119,161,1.3229813664596273,0.046293088432830025,641,When they said the job was in Dakota...I didn't know they meant THE Dakota!
2801,2267,9,33,116,158,1.3227848101265822,0.04602123762796011,641,I can't sleep.
6415,2267,13,25,120,158,1.3227848101265822,0.04940098109494346,641,Miss Bo-Peep? You're not going to believe what I found...
5776,2269,10,30,115,155,1.3225806451612903,0.04750629695740086,641,"Nothing much, just watching Fox News with the boys."
2683,2269,10,30,115,155,1.3225806451612903,0.04750629695740086,641,"I took your advice, but I still can't sleep."
3462,2269,12,26,117,155,1.3225806451612903,0.0492384261702941,641,"One order eggs over easy and a dozen oatmeals, extra dry"
3955,2269,9,32,114,155,1.3225806451612903,0.046616103119451975,641,It's been very hard lately to leave my work at the office.
6638,2269,10,30,115,155,1.3225806451612903,0.04750629695740086,641,I get distracted working from home.
457,2274,10,29,113,152,1.3223684210526316,0.048146160577332814,641,I've gotta go--I'm getting really drowsy.
2515,2274,10,29,113,152,1.3223684210526316,0.048146160577332814,641,"Silence of the Lambs got me into it, but as it turns out, they never shut up."
6511,2274,8,33,111,152,1.3223684210526316,0.04630092900641373,641,"Oh, I thought you said get some sleep."
3598,2277,10,38,132,180,1.3222222222222222,0.04290473875974465,641,"You can laugh, but I tell you it wasn’t easy getting them all in the elevator!"
3805,2278,7,34,108,149,1.3221476510067114,0.045938286562576126,641,"Two acres of grass and a nicoise salad, please."
733,2278,9,30,110,149,1.3221476510067114,0.04787186663834796,641,"Hello, Miss Bo Peep?"
2289,2278,10,28,111,149,1.3221476510067114,0.048809940965001956,641,"Correct me if I’m wrong, but the lease mentions cats and dogs only."
8190,2281,10,27,109,146,1.321917808219178,0.0494990793603276,641,No!  I need a border collie.  You sent a labradoodle.
8918,2281,12,23,111,146,1.321917808219178,0.05137222479218836,641,Bo Peep?  Exactly where did you lose those sheep?
7394,2281,9,29,108,146,1.321917808219178,0.048535405079492736,641,It’s not me it’s ewe.
4813,2281,10,27,109,146,1.321917808219178,0.0494990793603276,641,They aren’t just a flock of sheep but also certified emotional support animals.”
4740,2281,11,25,110,146,1.321917808219178,0.05044434724336882,641,I tried that. Still couldn’t fall asleep.
1768,2281,8,31,107,146,1.321917808219178,0.04755220536358844,641,They won’t even let themselves be counted -  I think the national news is making them feel rebellious.
2100,2281,11,25,110,146,1.321917808219178,0.05044434724336882,641,It's really cool.  The Rams are beating the Lions.
2949,2288,12,22,109,143,1.3216783216783217,0.05213967879396054,641,"Hello, Mary? We may have taken this too far."
3796,2288,9,28,106,143,1.3216783216783217,0.04922465780499416,641,Yes. this is Morty's Sheep Sitting Service.
5106,2288,10,26,107,143,1.3216783216783217,0.050215137082938524,641,We could definitely use some more mint jelly.
6791,2288,12,22,109,143,1.3216783216783217,0.05213967879396054,641,I thought you said make a yew turn!
7712,2288,10,26,107,143,1.3216783216783217,0.050215137082938524,641,I would much rather count blessings.
6670,2293,8,39,124,171,1.3216374269005848,0.04282344355053144,641,I've had it with city living - I need to get the flock out of here.
1274,2293,12,31,128,171,1.3216374269005848,0.04592434121403556,641,"Oh, Just sitting in front of the TV with the kids."
1168,2295,12,30,126,168,1.3214285714285714,0.04649186315744844,641,"Room 640 calling - send up some grass for one, and some grass for twenty!"
7317,2295,7,31,102,140,1.3214285714285714,0.04783907713809043,641,I counted them all and I still can’t sleep.   Now what?
8473,2295,8,38,122,168,1.3214285714285714,0.04331684824790538,641,I just can't seem to separate work and home life.
228,2295,10,25,105,140,1.3214285714285714,0.0509598083805325,641,"Oh, nothing. Just trying to fall asleep."
9042,2295,10,25,105,140,1.3214285714285714,0.0509598083805325,641,Tell Bo the sheep came home.
220,2295,11,32,125,168,1.3214285714285714,0.045718785421544166,641,"Last night I counted them jumping over a fence, now they want to be fed."
4275,2301,11,31,123,165,1.3212121212121213,0.04628703051057582,641,"Room service? Can you send up a roast beef sandwich on rye, a small greek salad, fries, mineral water and a bale of hay."
4844,2301,12,29,124,165,1.3212121212121213,0.047078647213937314,641,At my staff meetings they usually go along with me.
6478,2301,13,27,125,165,1.3212121212121213,0.0478571713905216,641,"Thanks, but I think I'll just stay in tonight and watch the ewes."
5516,2304,9,34,119,162,1.3209876543209877,0.04520936054380973,641,I think I have the answer to your insomnia.
6855,2304,13,26,123,162,1.3209876543209877,0.048483102470719464,641,"Listen, Bo, I've got your sheep, but I'm going to want 'Hamilton' tickets first."""
4180,2304,12,28,122,162,1.3209876543209877,0.04768574198945381,641,"She left a note: ""Going back to the country. You can keep the sheep.""
signed, Bo-peep"
6284,2304,7,38,117,162,1.3209876543209877,0.04348015419219587,641,"That’s exactly what I said, “What the flock?”"
6131,2308,10,23,101,134,1.3208955223880596,0.052542522517490864,641,I think they found me on Facebook.
6780,2308,9,25,100,134,1.3208955223880596,0.051463538761602735,641,"Hello Bo Peep, I think I have found your sheep."
1470,2310,9,42,136,187,1.320855614973262,0.041098097554625554,641,Because they’re easier to shepherd than cats.
513,2311,11,29,119,159,1.320754716981132,0.047483235441954395,641,"Don’t want to brag, but I’ve lost count of my number of followers."
2902,2311,13,25,121,159,1.320754716981132,0.04913125929422215,641,"Sorry, Ms. Peep is out. I’m the sitter."
3264,2311,11,29,119,159,1.320754716981132,0.047483235441954395,641,Your Ubaa driver is 3 minutes away.
8275,2311,9,33,117,159,1.320754716981132,0.045775917863392517,641,I'd say we're adjusting to the city life well.
5481,2315,10,22,99,131,1.3206106870229009,0.05338475942949052,641,It's a distance learning leadership course. They send you everything you need.
566,2316,8,34,114,156,1.3205128205128205,0.045461678648870386,641,"I know urban farming is very trendy this year, but I may have chosen the wrong crop."
1110,2316,11,28,117,156,1.3205128205128205,0.04811344077687164,641,Can you tell me how to get the flock out of here?
1980,2316,11,28,117,156,1.3205128205128205,0.04811344077687164,641,"I know, I know. I shouldn't bring my work home."
898,2319,9,40,132,181,1.3204419889502763,0.04197925641710982,641,This should be my best sleep in a long time
5495,2320,8,25,95,128,1.3203125,0.05194730842979638,641,"No, Ms. Peep is sleeping. I'm helping her with a recount."
3557,2321,11,27,115,153,1.3202614379084967,0.04876669073051605,641,"Hello, Mary...I think I have good news"
8947,2321,11,27,115,153,1.3202614379084967,0.04876669073051605,641,The mini-bar is all out of clover.
7430,2321,7,35,111,153,1.3202614379084967,0.045102027413230376,641,"Don't worry, Mom, I'm looking out for the wolves of Wall Street."
6772,2321,7,35,111,153,1.3202614379084967,0.045102027413230376,641,What’s your emotional support animal policy?
1840,2321,8,33,112,153,1.3202614379084967,0.04604554472247329,641,You would not believe how hard it is to find a sheep friendly apartment in this neighborhood
3039,2321,10,29,114,153,1.3202614379084967,0.04787682960264073,641,What do you mean there is a wolf in the lobby?
8719,2327,13,22,115,150,1.32,0.05122219876706229,641,Are you coming for the Rams game?
7694,2327,12,24,114,150,1.32,0.05034111826250448,641,The wolf?  Tell him we're not in.
2672,2327,11,26,113,150,1.32,0.04944433970948026,641,"Yeah, I slept pretty well last night. I think I can count on them again tonight."
2952,2327,11,26,113,150,1.32,0.04944433970948026,641,"So, the good news is that my health plan covers a sleep study, but..."
4458,2327,11,26,113,150,1.32,0.04944433970948026,641,"Yeah, all good, we found a great Air Baa and Baa."
4823,2327,9,30,111,150,1.32,0.04760012407631451,641,Yes! We are supposed to go everywhere she goes
5482,2327,9,30,111,150,1.32,0.04760012407631451,641,press 1 for the little boy who lives down the lane
6082,2327,12,24,114,150,1.32,0.05034111826250448,641,"Yes, they all want to go... if I go."
7900,2327,7,34,109,150,1.32,0.04568151589926264,641,Ms. Peep?  Got some good news and some bad news.
3556,2336,11,33,128,172,1.319767441860465,0.044944618405000865,641,No man! I said THREE bags full!
5501,2336,12,31,129,172,1.319767441860465,0.04569483755935121,641,When the game is over we'll be back to finish the grass in the park.
3341,2338,7,33,107,147,1.3197278911564625,0.04628234241322265,641,Wait!  You think the sleep center meant imaginary sheep?
5603,2338,8,31,108,147,1.3197278911564625,0.047278358467382736,641,"I can't, I've got other things to tend to."
2540,2338,12,23,112,147,1.3197278911564625,0.051068532579589106,641,Not baaaaad.  And you?
5682,2341,11,32,126,169,1.319526627218935,0.04548723502977865,641,"Well, the wait at the barbershop was an hour, I had to take them somewhere..."
5058,2341,9,36,124,169,1.319526627218935,0.04391131738384708,641,I'm a stay-at-home shepherd.
1693,2341,9,36,124,169,1.319526627218935,0.04391131738384708,641,"Oh, nothing much. Just watching TV."
1422,2344,11,24,109,144,1.3194444444444444,0.05087881317719878,641,"Hold on a sec, someone is bleating in."
1716,2344,7,32,105,144,1.3194444444444444,0.04690579113307767,641,Can I call you back? My three o'clock is here.
1762,2344,12,22,110,144,1.3194444444444444,0.05182449929758505,641,"No.  I am ordering real grass, not weed."
3936,2344,4,38,102,144,1.3194444444444444,0.04368956340414283,641,"Yeah, it's so hard to disconnect from work these days."
4216,2344,11,24,109,144,1.3194444444444444,0.05087881317719878,641,"Lassie, come home!"
6510,2344,7,32,105,144,1.3194444444444444,0.04690579113307767,641,"Room service, this sleep aid doesn't work for me, they snore."
1459,2350,10,33,123,166,1.319277108433735,0.04524821537915737,641,I know where to find them.
2757,2350,11,31,124,166,1.319277108433735,0.04604802216302452,641,"If a Miss Bo Peep calls the desk, tell her I've checked out."
5471,2350,13,27,126,166,1.319277108433735,0.04760734234739391,641,So you’re saying it’s a staff infection?
9058,2350,9,35,122,166,1.319277108433735,0.04443401450320272,641,"Sorry to wake you, doc, but I don't think this is helping my insomnia."""
768,2354,13,34,141,188,1.3191489361702127,0.04360682163752046,641,"Hey Bo, I know where your sheep are."
3450,2354,11,23,107,141,1.3191489361702127,0.051638943050069185,641,"It's the lobby, the MAGA bus is here to take us to the rally."
6803,2354,8,29,104,141,1.3191489361702127,0.04860688296473179,641,"Not exactly what you thought I meant by greener pasture, huh?"
7603,2357,14,24,125,163,1.3190184049079754,0.04900395570718862,641,"Yeah, but if I make it here, I can make it ANYWHERE."
9035,2358,8,28,102,138,1.318840579710145,0.04931081916090372,641,This wasn’t what I expected when I clicked to get more followers.
3487,2358,13,18,107,138,1.318840579710145,0.05441038044623772,641,I can't leave them in Central Park at night
7326,2360,9,33,118,160,1.31875,0.04553307164257147,641,"yes ,this is the Brooklyn sheep company and we do guarantee only locally grown wool"
7788,2360,10,31,119,160,1.31875,0.046388327900548476,641,"Hello, is it really necessary for your network to keep broadcasting ""Silence of the Lambs"""
5794,2360,11,29,120,160,1.31875,0.04722809881426588,641,"Well, despite the name, they evicted us from the Sheep Meadow, and we all have to appear in court on the 24th."
3613,2360,9,33,118,160,1.31875,0.04553307164257147,641,Tell little bo peep she can stop looking
1286,2360,15,21,124,160,1.31875,0.05044758395022594,641,"Bopeep Sleep Aids, how can we help you?"
1699,2360,8,35,117,160,1.31875,0.04466144042690841,641,I can't come in ... I had a sleepless night.
229,2360,12,27,121,160,1.31875,0.04805319624969103,641,"No, YOU get the flock out of here!"
3170,2360,14,23,123,160,1.31875,0.04966228321587556,641,Hello.  Sleep assistance hotline!
3005,2368,6,31,98,135,1.3185185185185184,0.04778319825611717,641,Couldn’t sleep either last night?
8474,2368,12,19,104,135,1.3185185185185184,0.0542824460821789,641,"Yes,we deliver. What time do you try to go to sleep?"
6044,2370,11,28,118,157,1.3184713375796178,0.04784957286568857,641,"I'm just tending the flock, dear. Where else would I be?"
6019,2370,10,30,117,157,1.3184713375796178,0.04698853377262087,641,Today we're going to explore Central Park.
5701,2370,14,22,121,157,1.3184713375796178,0.05034440957458098,641,"Okay, now what?  I've counted them, and I'm still wide awake."
8524,2370,10,30,117,157,1.3184713375796178,0.04698853377262087,641,"I could have sworn the real estate agent said, ""I have a great space for ewe."""
4884,2370,10,30,117,157,1.3184713375796178,0.04698853377262087,641,You invited me for a 'sleep over'? I thought you 'invited my sheep over'.
1804,2370,8,34,115,157,1.3184713375796178,0.045217293942080586,641,Remember you told me to get a hobby?
2456,2376,13,31,135,179,1.318435754189944,0.04511445004387252,641,"Yes room service, I thought I ordered leg of lamb with mint jelly."
7761,2376,12,33,134,179,1.318435754189944,0.04441331899467989,641,Could you tell the people upstairs to keep it down?
8981,2376,11,35,133,179,1.318435754189944,0.04370094055607176,641,"Hi, Little Bo?  I have a question"
5065,2379,9,31,114,154,1.3181818181818181,0.04671043225372382,641,....make that one shepherds's pie and a shovel.
5012,2379,12,25,117,154,1.3181818181818181,0.04936103518769198,641,Found 'em.  They were home all along just watching the Animal Planet.
3804,2379,11,34,131,176,1.3181818181818181,0.04420356474056496,641,I’m on ambien so I’ll no longer require your services
3291,2379,12,32,132,176,1.3181818181818181,0.044932062057158946,641,You want a linen jacket? Now you tell me.
1268,2379,8,33,113,154,1.3181818181818181,0.045792816505496894,641,Are you sure the Magic Lint Brush can pick up wool?
958,2379,6,37,111,154,1.3181818181818181,0.04390008163840792,641,I was trying to sleep and I lost count.
8294,2379,9,31,114,154,1.3181818181818181,0.04671043225372382,641,"I’d like the burger with fries and a bottle
of Woolite."
8170,2379,8,33,113,154,1.3181818181818181,0.045792816505496894,641,"Unmarked bills. And come alone or they won't be ""wagging their tails behind them"" by the time I've finished."
6073,2379,11,27,116,154,1.3181818181818181,0.04849360119620888,641,Tell Bo they're here with me.
8790,2379,11,27,116,154,1.3181818181818181,0.04849360119620888,641,"Yes, Principal, we told Mary it's against the rules but she claims its her emotional support animal and the note really is from her doctor."
1054,2379,15,26,135,176,1.3181818181818181,0.04704992450061506,641,The ewes from up here are excellent.
6707,2379,8,33,113,154,1.3181818181818181,0.045792816505496894,641,"Yup my organic, natural color unspun yarn just arrived
Knitting group at my apartment next week"
1141,2391,10,35,128,173,1.3179190751445087,0.04396440640277733,641,So when this developer offered me $10 million for the land I decided to just go with the flow man.
8191,2392,10,28,113,151,1.3178807947019868,0.04825508098894511,641,"Hello, Bo? Balthazar here. I found them."
1629,2392,13,22,116,151,1.3178807947019868,0.05092596099732736,641,"Hi, can I leave a message for Miss Peep?"
2004,2392,13,22,116,151,1.3178807947019868,0.05092596099732736,641,"Good news, we now have the numbers in the Senate."
2799,2392,13,22,116,151,1.3178807947019868,0.05092596099732736,641,It's small but the rent is sheep.
3399,2392,9,30,112,151,1.3178807947019868,0.047331306980677175,641,No more legal restrictions now that it's an Air-Baa-n-Baa.
3658,2392,6,36,109,151,1.3178807947019868,0.04444493174983447,641,The neighbors may hate my pets but they love the sweaters.
5523,2392,9,30,112,151,1.3178807947019868,0.047331306980677175,641,"That's why I ordered Uber XL."""
6645,2392,9,30,112,151,1.3178807947019868,0.047331306980677175,641,"We're watching ""The Wolf of Wall Street."""
7605,2392,8,32,111,151,1.3178807947019868,0.04638914096799539,641,"Sometimes, I like to follow them."
7672,2392,13,22,116,151,1.3178807947019868,0.05092596099732736,641,"Three days a week, I work from home."
257,2402,8,25,96,129,1.317829457364341,0.05160281765773003,641,They say they'll come home if you leave them alone.
6850,2403,10,34,126,170,1.3176470588235294,0.044482192678532165,641,"Yeah, this is Larry Bo Peep again. I found them."
7781,2404,11,25,112,148,1.3175675675675675,0.04985469063729482,641,"Sir, I AM answering the question. I said, "" I herd ewe"""
4078,2404,12,23,113,148,1.3175675675675675,0.05076828578844874,641,Bleating? No one here is bleating. Maybe it's the White House press conference on TV.
3192,2404,12,23,113,148,1.3175675675675675,0.05076828578844874,641,"Hello, room service? Yeah, I want the eggs and bacon breakfast with a bale of alfalfa on the side."
2977,2404,11,25,112,148,1.3175675675675675,0.04985469063729482,641,They refuse to watch Fox News.
1837,2404,11,25,112,148,1.3175675675675675,0.04985469063729482,641,"Yeah, I’m at my sister’s in the city for Thanksgiving. She said all were welcome, but to be honest, she’s being kind of rude to the sheep..."
1528,2404,11,25,112,148,1.3175675675675675,0.04985469063729482,641,I said 11 Meg of RAM not 11 leg of lamb!
8681,2410,11,31,125,167,1.3173652694610778,0.045811365595815993,641,And to think I moved here to escape the herd mentality.
1102,2410,11,31,125,167,1.3173652694610778,0.045811365595815993,641,"Lamb chops for dinner sounds good."""
1256,2410,11,31,125,167,1.3173652694610778,0.045811365595815993,641,"Went off-grid, chose the simple life, but it just didn't work out. You?"
1321,2410,9,35,123,167,1.3173652694610778,0.044208500132531886,641,Just sitting here wool gathering.
4910,2414,10,26,109,145,1.3172413793103448,0.04961870734287214,641,Not much...just channel grazing.
7400,2414,10,26,109,145,1.3172413793103448,0.04961870734287214,641,Nothing much. What's up with you?
4166,2414,7,32,106,145,1.3172413793103448,0.04663324775885241,641,"Yeah, good time to talk. Just counting sheep."
3245,2414,9,28,108,145,1.3172413793103448,0.04864391717126167,641,"It's no use Doc, even the sheep can't sleep."
8123,2414,7,32,106,145,1.3172413793103448,0.04663324775885241,641,Damn Google maps!
1224,2414,9,28,108,145,1.3172413793103448,0.04864391717126167,641,"No, I never have trouble getting to sleep. Why do you ask?"
8280,2414,9,28,108,145,1.3172413793103448,0.04864391717126167,641,We’re watching ‘Babe.’  What are you doing?
7854,2414,11,24,110,145,1.3172413793103448,0.05057471264367817,641,"Hey, Hans, I think I'm gonna work from home today."
1587,2414,9,28,108,145,1.3172413793103448,0.04864391717126167,641,"Yeah, Little Boy Blue here...Sheeps in the penthouse, are the cows in the condo?"
8334,2423,12,28,124,164,1.3170731707317074,0.04718318553499707,641,A child is born where?...you're breaking up...
4020,2423,12,28,124,164,1.3170731707317074,0.04718318553499707,641,Of course I'm running for president. I have my staff and my staff.
6355,2423,9,21,93,123,1.3170731707317074,0.0545382433536534,641,"Thank you for calling Bo-Peep Sleep Care, how many sheep would you like to count for a great nights sleep?"
97,2426,8,29,105,142,1.3169014084507042,0.04831567019715917,641,I should have known.  The Central Park Sheep Meadow Airbnb sounded too good to be true.
98,2426,11,23,108,142,1.3169014084507042,0.05132323400957692,641,"Yeah doc, I’m up to 12 but still can’t fall asleep."
1172,2426,10,25,107,142,1.3169014084507042,0.05034068164352512,641,Keep counting?
2551,2426,8,29,105,142,1.3169014084507042,0.04831567019715917,641,"I don't know how many we got, I tried counting but I got too tired."
2797,2426,12,21,109,142,1.3169014084507042,0.052287326094081724,641,"My doctor said count sheep and I'd sleep better.
The problem is getting them all into my bed at the same time."
3199,2426,8,29,105,142,1.3169014084507042,0.04831567019715917,641,"I counted sheep yesterday night, and you know what they say about dreams coming true"
4187,2426,12,21,109,142,1.3169014084507042,0.052287326094081724,641,I will call later. I am getting sleepy.
3798,2433,14,23,124,161,1.3167701863354038,0.04939255250431854,641,This is Mr. Shepherd in 10G.
8044,2433,11,29,121,161,1.3167701863354038,0.04697557863649451,641,It’s nice. I found it on Airbaanbaa.
1309,2433,13,25,123,161,1.3167701863354038,0.04860025196785577,641,Is this Bo-Peep? I found your sheep.
1892,2433,7,37,117,161,1.3167701863354038,0.04354475837597791,641,"I know, I know.... but I always have trouble sleeping in hotels."
2990,2433,12,27,122,161,1.3167701863354038,0.047794819173068055,641,You mean I was supposed to leave them on the farm?
3583,2433,8,35,118,161,1.3167701863354038,0.04442730842145508,641,... and there's a rooftop pasture!
4857,2433,15,21,125,161,1.3167701863354038,0.05017234292361339,641,They're all too dull.  Please send up a black one.
2048,2440,11,22,106,139,1.316546762589928,0.05210206614854446,641,Don’t bother.  They’re here.
1649,2440,12,20,107,139,1.316546762589928,0.05309321718922874,641,I count them and still can't get to sleep.
5611,2440,10,24,105,139,1.316546762589928,0.05109169093298822,641,Room service? two bales of alfalfa and send someone to help with the television
890,2443,13,24,121,158,1.3164556962025316,0.04925356533176627,641,Corporate relocation works better for some professions than others.
1858,2443,7,36,115,158,1.3164556962025316,0.04406994176748913,641,"Peep here. Yeah, I nabbed the whole gang."
2141,2443,11,28,119,158,1.3164556962025316,0.04758846906261719,641,I counted them all and I still can't sleep.
4239,2443,9,32,117,158,1.3164556962025316,0.04586295975574165,641,I realized the advantages of working from home.
5321,2443,12,26,120,158,1.3164556962025316,0.0484281740602216,641,Can you connect me to Little Bo Peep?
1428,2448,10,36,131,177,1.3163841807909604,0.043253979140303024,641,"Yes, that's three dozen diapers with holes for tails. I'll explain later."
8351,2448,9,38,130,177,1.3163841807909604,0.042505357028049924,641,"Well, the hotel said it welcomed pets!"
5262,2450,8,27,101,136,1.3161764705882353,0.04972933919455295,641,"People in the city are encouraging me to get back to work... they keep saying, 'Get the flock outta here.'"
7752,2450,9,25,102,136,1.3161764705882353,0.05081279010840222,641,"Honest Hon, I'm with the sheep in the meadow."
7760,2450,11,21,104,136,1.3161764705882353,0.05291317947683559,641,The old lady who lived in a shoe got $2.3 million and I'm not taking a penny less.
2113,2453,12,25,118,155,1.3161290322580645,0.04908448698907763,641,"Yes, I herd you."
6490,2453,11,27,117,155,1.3161290322580645,0.048223434991916087,641,they say they've gone astray
8291,2453,10,29,116,155,1.3161290322580645,0.047346726411212244,641,I think we need to rethink that nativity scene.
1394,2453,9,31,115,155,1.3161290322580645,0.04645347480325674,641,"Sorry, no, it doesn't seem to work. I'm still awake!"
468,2453,8,33,114,155,1.3161290322580645,0.045542706778752565,641,I'm so much more productive when working from home
8835,2453,10,29,116,155,1.3161290322580645,0.047346726411212244,641,Right. 8B. I’d like six bales of the organic alfalfa and one bowl of the beef barley soup. One spoon. That’s it.
178,2453,11,27,117,155,1.3161290322580645,0.048223434991916087,641,I thought that i would work from home today
2087,2460,13,29,132,174,1.3160919540229885,0.04597078225025984,641,I’d like one general Tso’s Chicken and fourty wheat grass smoothies.
3272,2460,8,39,127,174,1.3160919540229885,0.0422031868515212,641,Can you send up ten gallons of Woolite?
3383,2462,12,24,116,152,1.3157894736842106,0.0497650918129974,641,"Hello, Amazon? No...I ordered a ""flocked tree"""
5559,2462,10,28,114,152,1.3157894736842106,0.04798215930608697,641,"Well, I’m actually only half Amish."
8449,2462,7,34,111,152,1.3157894736842106,0.04517601669528512,641,I'm starting to think that they pulled the wool over my eyes with this apartment.
8575,2462,9,36,126,171,1.3157894736842106,0.04347613543415966,641,"I miss the sprawling, green hillsides but my flock seems to have become quite gentrified."
4985,2462,14,26,131,171,1.3157894736842106,0.04726702444951881,641,"Sorry to bother you, but I'm just wondering...when was the last time you updated Google maps?"
2638,2462,11,26,115,152,1.3157894736842106,0.04888175515890755,641,"No, you won’t have to do windows.  However,.."
206,2462,8,38,125,171,1.3157894736842106,0.042677569081251455,641,"Hey Bo, I found them"
455,2462,9,36,126,171,1.3157894736842106,0.04347613543415966,641,This isn’t what I thought you meant when you said your friends were sheepish.
1244,2462,10,34,127,171,1.3157894736842106,0.0442602959987142,641,No! No!  I’m NOT an Australian Shepherd.  I   NEED an Australian Shepherd!
259,2471,10,33,125,168,1.3154761904761905,0.044788162917489625,641,It's been great. I get to work from home three days a week.
1940,2471,10,33,125,168,1.3154761904761905,0.044788162917489625,641,Well the boss finally let me work from home
2033,2471,11,31,126,168,1.3154761904761905,0.04557702861040093,641,Lost in the woods my ass.  It's 81st Street.
2221,2471,12,29,127,168,1.3154761904761905,0.046352470661044774,641,Sorry.  My phone was in sheep mode.
2729,2471,8,37,123,168,1.3154761904761905,0.04316720443420177,641,What do you mean I always choose work over you?
8395,2471,15,23,130,168,1.3154761904761905,0.04860462462227389,641,...small with pepperoni & two bales of alfalfa
8616,2471,13,27,128,168,1.3154761904761905,0.04711515187084436,641,Way better than being called the Cat Lady!
7170,2478,5,37,107,149,1.3154362416107384,0.043732163394870904,641,"Yes, I’ve counted them all and I’m still wide awake."
6653,2478,9,29,111,149,1.3154362416107384,0.04769990567563531,641,Hi. This is 706 again. Could you send up some more grass?
4449,2478,7,33,109,149,1.3154362416107384,0.04575905984971825,641,Bo-Peep Shmo Peep. She'll never find us here.
2525,2478,11,25,113,149,1.3154362416107384,0.04956481054739255,641,"Sorry, I can’t come in today, I’m feeling rather sheepish."
6370,2478,4,39,106,149,1.3154362416107384,0.04268263573900377,641,"Hi, honey.  They're home."
2193,2478,15,17,117,149,1.3154362416107384,0.05309848708642964,641,It's a cartoon. That's why you don't see any sheep poop.
5726,2484,11,19,100,130,1.3153846153846154,0.05464103641421204,641,This better be the best damn nativity scene Saint James has ever seen.
278,2485,11,30,124,165,1.3151515151515152,0.046141641091063744,641,"To be honest, I didn't fully think this through when I said I wanted  a less stressful job."
3781,2485,15,22,128,165,1.3151515151515152,0.04924114501721204,641,"Hi boss, working from home today..."
4208,2485,10,32,123,165,1.3151515151515152,0.04533366533349307,641,I know it sounds crazy'  but I'm sleeping a lot better
51,2488,9,28,109,146,1.3150684931506849,0.04835843249272996,641,Twelve orders of alfalfa with red clover and one medium burger with fries!
436,2488,6,34,106,146,1.3150684931506849,0.04533340996754203,641,I was lying down in the green pasture and took a left on the path of righteousness
3103,2488,9,28,109,146,1.3150684931506849,0.04835843249272996,641,You're right. I won't have a social life until I stop bringing work home.
5318,2488,11,24,111,146,1.3150684931506849,0.050274094877312735,641,They are for my bad case of insomnia.
6469,2488,6,34,106,146,1.3150684931506849,0.04533340996754203,641,What do you mean you wish I had been a cat lady?
7696,2488,11,24,111,146,1.3150684931506849,0.050274094877312735,641,"Bo-Peep, call me if you get this message."
1439,2494,8,35,119,162,1.3148148148148149,0.04419549169601758,641,"No, Mom. In New York I am referred to as an Animal Husbandry Technician!"
1270,2494,11,29,122,162,1.3148148148148149,0.04672563744409847,641,"Hello, Front Desk?  What channel is Animal Planet?"
247,2494,11,29,122,162,1.3148148148148149,0.04672563744409847,641,"As long as Fox News is on, they let me do whatever I want."
6156,2494,9,33,120,162,1.3148148148148149,0.045054663713696555,641,I  need a different sheep dog.
2050,2494,12,27,123,162,1.3148148148148149,0.047539104226508755,641,"The little one?  Nah, it followed Mary to school."
7969,2494,10,31,121,162,1.3148148148148149,0.04589775548385575,641,"You picked a fine time to leave me, Lassie."
6971,2494,12,27,123,162,1.3148148148148149,0.047539104226508755,641,"911? ...no, send a Border Collie!"
3840,2501,7,31,105,143,1.3146853146853146,0.04699120125228247,641,"Yes, I’m cooking tonight. Just bring a nice red that goes with lamb."
2772,2501,8,29,106,143,1.3146853146853146,0.04802776333926085,641,"Yes, I was afraid they'd gone astray, but it turns out they just came in here to watch Fox News."
728,2503,15,26,137,178,1.3146067415730338,0.0465880289158371,641,"I don't care if you can't sleep, I'm not getting the flock out of here."
6344,2504,10,30,119,159,1.3144654088050314,0.046481456694104126,641,"seriously for the last time, I'm a herder Not a hoarder!!"
4934,2504,11,28,120,159,1.3144654088050314,0.047330088868561035,641,I don't know. The dog just brought them in
8433,2504,11,28,120,159,1.3144654088050314,0.047330088868561035,641,"Hello, Shepard residence."
4909,2504,11,28,120,159,1.3144654088050314,0.047330088868561035,641,"Not doing much, just hanging out until price of wool goes up."
2941,2504,8,34,117,159,1.3144654088050314,0.04473592320055395,641,Like hell I've lost my sheep!
2453,2504,10,30,119,159,1.3144654088050314,0.046481456694104126,641,"I may have fewer followers, but I know all of mine personally.."
7256,2510,9,26,105,140,1.3142857142857143,0.049753466503940344,641,"Finders keepers, Bo."
8228,2511,12,25,119,156,1.314102564102564,0.04881091213090623,641,"Hello? Ya, Mary it happened again."
8215,2511,7,35,114,156,1.314102564102564,0.044372741783183595,641,I'm not kidding! There's wolf across the street waving at me!
281,2511,9,31,116,156,1.314102564102564,0.046199201131996555,641,Hello Mary? They said they are tired of living like animals.
1517,2511,8,33,115,156,1.314102564102564,0.045295178543592024,641,"Well, it all started when they followed me to school one day, school one day, school one day ... and I've never been able to shake them since!"
2958,2511,13,23,120,156,1.314102564102564,0.04965096302177674,641,Little Bo Peep?  I've found your sheep!
3520,2511,6,37,113,156,1.314102564102564,0.043430717555876214,641,My followers are more the baa humbug type.
4201,2511,11,27,118,156,1.314102564102564,0.04795614827227325,641,"Why? Because there's a tariff on wool, but not on sheep."
4886,2511,9,31,116,156,1.314102564102564,0.046199201131996555,641,"Yes, they're all here."
6226,2511,10,29,117,156,1.314102564102564,0.04708587018600659,641,Nothing. Just shepherding.
7458,2511,12,25,119,156,1.314102564102564,0.04881091213090623,641,"I didn't get the raise, but now I can work from home 2 days a week"
7579,2511,9,31,116,156,1.314102564102564,0.046199201131996555,641,Tell Bo Peep that I found them.
4999,2522,10,34,128,172,1.313953488372093,0.044040502708550075,641,I bought a hat and crook and the rest just followed.
6449,2522,14,26,132,172,1.313953488372093,0.04702726552585441,641,"Well, mutton is happening over here."
3610,2524,8,27,102,137,1.313868613138686,0.04941893451080853,641,There were too many wolves near Wall Street today so I couldn
8090,2524,12,19,106,137,1.313868613138686,0.05358731114738528,641,Hi - is this Miss BoPeep?
8338,2524,5,33,99,137,1.313868613138686,0.0460456780525193,641,Herbie’s Urban Sheep Herding ... uh-huh ... how many head? ... can I put you on hold? ... Herbie’s Urban Sheep Herding ... Tribeca? ... how many head?
8860,2524,9,25,103,137,1.313868613138686,0.05049329950735402,641,The urban farming thing is a bust.
913,2528,8,32,113,153,1.3137254901960784,0.04587432563651779,641,Here? Just me and the staff. How about you?
8520,2528,9,30,114,153,1.3137254901960784,0.04680227627595454,641,I woudn't necessarily call the view pastoral.
109,2528,9,30,114,153,1.3137254901960784,0.04680227627595454,641,I’ve got ‘em Bo Peep. Now how about that finder’s fee?
408,2528,7,34,112,153,1.3137254901960784,0.04492721269564549,641,"That’s right Warden, five years of experience working with crooks."
864,2528,14,20,119,153,1.3137254901960784,0.05119032745195421,641,"Melatonin, ambien, sheep nothing works, Doc. Help me I havn't slept well since the 2016 elections!"
7641,2528,6,36,111,153,1.3137254901960784,0.043959698913826346,641,"Traffic was fine, but herding them on to the F Train was a nightmare."
2059,2528,12,24,117,153,1.3137254901960784,0.04948182495247411,641,"Man, I need to get the flock out of town."
4953,2528,11,26,116,153,1.3137254901960784,0.048605058261684916,641,Sorry but I'm having trouble with my staff.
5786,2528,9,30,114,153,1.3137254901960784,0.04680227627595454,641,"Yes, that’s right—twelve orders of that kind of grass, and one order of the other kind."
5862,2528,11,26,116,153,1.3137254901960784,0.048605058261684916,641,"Hello, Room Service, I'll take 35 salads, dressing on the side."
6395,2528,8,32,113,153,1.3137254901960784,0.04587432563651779,641,They said they came to New York to make it. Typical herd mentality.
576,2539,9,35,125,169,1.3136094674556213,0.04376393962400437,641,"Yeah, I found the key under the door mat. Say, you don't mind if I have a few friends over?"
2793,2539,7,39,123,169,1.3136094674556213,0.042123599741049296,641,"Sadly, I only have twelve followers."
2084,2539,9,35,125,169,1.3136094674556213,0.04376393962400437,641,"A rent controlled, third floor walk up seemed like a good idea at the time."
8032,2542,11,25,114,150,1.3133333333333332,0.04927816009039002,641,They followed me home from school.
5968,2542,14,19,117,150,1.3133333333333332,0.051930659900804595,641,"Local, fresh, AND streetwise..."
6598,2542,9,29,112,150,1.3133333333333332,0.047427483010045526,641,"Hey! Bopeep, I found the sheep!"
1978,2542,14,19,117,150,1.3133333333333332,0.051930659900804595,641,Sorry I missed your earlier call. I was woolgathering.
1967,2546,8,36,122,166,1.3132530120481927,0.043450501594873146,641,"Front desk? When I said I wanted a quiet room where I could count sheep I didn't mean it literally!"""
3548,2546,14,24,128,166,1.3132530120481927,0.048229266940445784,641,Yes I get out Ma. In fact I just came in from a day at the park with friends.  It’s like you think I’ll turn into some weird old cat lady.
4707,2546,8,36,122,166,1.3132530120481927,0.043450501594873146,641,Have you heard of vertical farming?
6866,2546,10,32,124,166,1.3132530120481927,0.04509972049915211,641,Hello? Bo Peep? Guess what?
7039,2550,9,28,110,147,1.3129251700680271,0.04807613736092265,641,"Oh, Bo, my suggestion is that you just leave them alone. They'll come home."
5962,2550,8,30,109,147,1.3129251700680271,0.047096995906647274,641,"I know it doesn't make sense, but I think that the black sheep of the family ... is me!"
5256,2550,8,30,109,147,1.3129251700680271,0.047096995906647274,641,"Guaranteed,yes ma'am. You'll be asleep within five minutes. See you at 10:00PM."
2892,2550,9,28,110,147,1.3129251700680271,0.04807613736092265,641,"Yes-party of 12, and you do have grass on the menu?"
2753,2550,12,22,113,147,1.3129251700680271,0.050900676458107724,641,"I'm serious this time. He's got grey hair, a beard, and his name is Wolf"
2035,2550,10,26,111,147,1.3129251700680271,0.04903573129526933,641,We are at our winter quarters
895,2550,8,30,109,147,1.3129251700680271,0.047096995906647274,641,I've even tried real sheep - but Trump still keeps me awake.
8370,2550,9,28,110,147,1.3129251700680271,0.04807613736092265,641,No I don’t think I’ll have a problem falling asleep.
581,2550,8,30,109,147,1.3129251700680271,0.047096995906647274,641,"Apparently, she DID know where to find them."
1325,2550,8,30,109,147,1.3129251700680271,0.047096995906647274,641,"The pay is good, and working from home is encouraged."
7463,2560,11,29,123,163,1.312883435582822,0.04647823840144727,641,I just made the co-op board sweaters for Christmas so  everything’s fine now ...
8735,2560,9,33,121,163,1.312883435582822,0.04481903525092777,641,I've come in from the fold.
6862,2560,10,31,122,163,1.312883435582822,0.045656174641146144,641,Nothing much - just finished some work I had to take home.
3718,2560,14,23,126,163,1.312883435582822,0.048861515848554665,641,"It's just not the same here, Mom..."
2914,2560,8,35,120,163,1.312883435582822,0.04396595909092597,641,NOT better than Ambien.
34,2560,9,33,121,163,1.312883435582822,0.04481903525092777,641,"Surprisingly, I've been having trouble falling asleep lately."
6811,2566,11,28,121,160,1.3125,0.04707439248331258,641,Telecommuting has its drawbacks.
8014,2566,6,33,105,144,1.3125,0.045663491203634755,641,I told you the hipsters want locally made wool.
8969,2566,10,25,109,144,1.3125,0.0497358504240635,641,I wish I'd never found them.
597,2566,14,22,124,160,1.3125,0.04951613357560068,641,You won't believe where I found them.
3236,2566,10,25,109,144,1.3125,0.0497358504240635,641,"I don’t know, say 4 pizzas?"
3578,2566,12,26,122,160,1.3125,0.04790213752928165,641,"There are 11 of them, doc, but I still can’t sleep."
4388,2566,12,26,122,160,1.3125,0.04790213752928165,641,My sheep-counting service is going bust. This city never sleeps.
5306,2566,8,29,107,144,1.3125,0.04774311074023794,641,"Sorry honey,I'm watching the kids."
5863,2566,4,37,103,144,1.3125,0.04348452868152344,641,Go to my website and you can be counting them as soon as tonight
6202,2566,11,23,110,144,1.3125,0.05070285903703966,641,That's right. Fifteen large pizzas with extra clover.
7320,2566,11,28,121,160,1.3125,0.04707439248331258,641,"Operator, this is Little Bo. Can you patch me through to Animal Control ? I found them!"
7031,2566,10,25,109,144,1.3125,0.0497358504240635,641,"The rod and staff? Sure, they comfort me, but not as much as Netflix."
8842,2578,8,33,116,157,1.3121019108280254,0.04505019537444462,641,"Oh, it's ewe."
6253,2578,10,29,118,157,1.3121019108280254,0.046827756063384525,641,"Oh, and almost forgot - for those 50 side salads, hold the dressing on 49 of them."
8775,2578,8,33,116,157,1.3121019108280254,0.04505019537444462,641,11... still awake.... Now what?
8078,2578,8,33,116,157,1.3121019108280254,0.04505019537444462,641,"Sixteen sheep. Yeah, I’m still wide awake."
4777,2578,14,21,122,157,1.3121019108280254,0.050194382227937366,641,"Yeah, Bo, I found them.  Now come get them!"
5457,2578,12,25,120,157,1.3121019108280254,0.04854026547710736,641,"No mom, I'm not SEEING anybody right now."
161,2578,7,35,115,157,1.3121019108280254,0.04413457585552992,641,Oh yeah! And where did Mary go?
2082,2578,12,25,120,157,1.3121019108280254,0.04854026547710736,641,"Yeah, Bo, they're right here.  Should I tell them you overslept?"""
5766,2586,10,24,107,141,1.3120567375886525,0.050463657484894515,641,"Were lost but now are found, Bo."
3734,2586,9,26,106,141,1.3120567375886525,0.04944960671389644,641,Sleep......I told the super that I wanted lots of sleep in my new apartment.
7659,2586,7,30,104,141,1.3120567375886525,0.04735640779209921,641,"Doc, do you have another solution.  I still can't sleep."
3996,2589,13,27,130,170,1.311764705882353,0.04663268595653584,641,Turns out wool knitting is a gateway hobby
1736,2589,10,33,127,170,1.311764705882353,0.04433696501451201,641,"Yes, I thought they meant ""cheap"" as well"
642,2589,15,23,132,170,1.311764705882353,0.048102335578113574,641,"Not much, ewe?"
307,2592,10,28,116,154,1.3116883116883118,0.04744510676886874,641,I'm taking them to see Hamilton.
4678,2592,7,34,113,154,1.3116883116883118,0.0446809897253688,641,"You were right, they DID come home wagging their tails behind them."
4687,2592,10,28,116,154,1.3116883116883118,0.04744510676886874,641,"Hotel? No, I'm staying at an AirBaaNBaa."
5436,2592,11,26,117,154,1.3116883116883118,0.04833136242785805,641,"Yo Peep, found your sheep"
7701,2592,13,22,119,154,1.3116883116883118,0.050056822409939264,641,"I titled my autobiography ""My Life with a Crook"" and sent it to my publisher. Next thing I know is they have me living in Trump Tower."
8205,2592,11,26,117,154,1.3116883116883118,0.04833136242785805,641,Bringing my work home with me is beginning to be a problem.
4954,2598,9,25,104,138,1.3115942028985508,0.05017764342283398,641,Just ewe and a few others
1894,2598,9,25,104,138,1.3115942028985508,0.05017764342283398,641,"Sorry, I'm a bit behind on your sweater order."
3410,2598,8,27,103,138,1.3115942028985508,0.0491122120930434,641,"Okay, just let me change and get the flock out of here."
8999,2598,10,23,105,138,1.3115942028985508,0.05122091781944237,641,"Yes, Dr. Conroy, I did stop counting several hours ago!"
5819,2602,15,22,130,167,1.311377245508982,0.04872236164641641,641,They wanted to watch Fox News
3423,2602,13,26,128,167,1.311377245508982,0.04721841579954529,641,"Yes, I followed your instructions exactly, but the insomnia seems to be even worse now..."
3076,2602,12,28,127,167,1.311377245508982,0.046448185365265106,641,"But doctor, I'm still wide awake!"
2621,2602,8,36,123,167,1.311377245508982,0.04323024931867899,641,I’m working from home.
1692,2602,12,28,127,167,1.311377245508982,0.046448185365265106,641,"Sorry, Dad. I thought you said to go with the flock yourself, and never come back."
1240,2602,9,34,124,167,1.311377245508982,0.0440567738610973,641,"Well, they can't say that anymore; I found every one of 'em!"
8278,2608,12,23,116,151,1.3112582781456954,0.049887671141105636,641,12 Lemongrass Salads without the lemon please
8942,2608,8,31,112,151,1.3112582781456954,0.04621232356072238,641,Just counting sheep. What's up with you?
6513,2608,12,23,116,151,1.3112582781456954,0.049887671141105636,641,Let me call you back. I’m meeting with my staff on work-life balance.
5270,2608,8,31,112,151,1.3112582781456954,0.04621232356072238,641,I've left for greener pastures.
2966,2608,9,29,113,151,1.3112582781456954,0.04715802232527832,641,"It's not just one lost sheep...it's all of us."""
827,2608,10,27,114,151,1.3112582781456954,0.04808512545873204,641,"Yes, sir, yes, sir, three flats full."
7093,2614,8,26,101,135,1.3111111111111111,0.04983850832175466,641,"No, it's just a part time job."
7883,2614,12,32,136,180,1.3111111111111111,0.044070431249825036,641,I don't know...I just got tired of all that outdoor work.
4060,2616,11,29,124,164,1.3109756097560976,0.04623334529222424,641,"A kid'll eat ivy, to"
5066,2616,10,31,123,164,1.3109756097560976,0.04541701793185895,641,"Of course, they're work related!"
7813,2616,9,33,122,164,1.3109756097560976,0.04458574681145939,641,It's not bad for a sheep hotel.
3686,2616,14,23,127,164,1.3109756097560976,0.048600126688844565,641,"Bo-Peep, they've come home."
3943,2616,10,31,123,164,1.3109756097560976,0.04541701793185895,641,"So I finally broke down and bought a Staff the other day, and the strangest things has happened."
1061,2616,8,35,121,164,1.3109756097560976,0.04373867990289973,641,"Yeah, I agreed to change my career, but I never agreed to move,     
  did I?"
236,2616,11,29,124,164,1.3109756097560976,0.04623334529222424,641,"Yes, I specifically requested a room with a ewe."
2092,2616,9,33,122,164,1.3109756097560976,0.04458574681145939,641,"It's Peep, P-e-e-p, and I'm knee deep in . . . yes, I'll hold."
1553,2624,9,28,111,148,1.3108108108108107,0.04779698225150559,641,"Some people think I'm crazy, but if you're a sheep person, you totally get it.”"
8143,2624,11,24,113,148,1.3108108108108107,0.04968308403335294,641,"Goddammit Alexa, I said ""drone strike"" not ""clone sheep."""
9013,2624,10,26,112,148,1.3108108108108107,0.0487491556409747,641,Hey is this the building manager? The United States electorate is in my apartment. And none of us know where the remote is.
4352,2627,10,35,132,177,1.310734463276836,0.043115391346637943,641,"Rejoice with me, I have found my lost sheep, and you won’t believe the apartment they found."
2543,2628,8,25,99,132,1.3106060606060606,0.0505950889911525,641,"When I asked room service for something for someone who couldn’t sleep, this is not what I expected."
8428,2629,14,22,125,161,1.31055900621118,0.049245885192988795,641,have to be brief - witness protection - i'm on the lamb
8359,2629,11,28,122,161,1.31055900621118,0.04682134079437119,641,"Gonna work from home today, boss."
6897,2629,7,36,118,161,1.31055900621118,0.04337832347580376,641,It all worked out.  The chickens are in the other​ bedroom and the goats are in the kitchen.
3316,2629,8,34,119,161,1.31055900621118,0.04426419206451489,641,"Yes, that's right, and a bale of alfalfa."
2423,2629,10,30,121,161,1.31055900621118,0.04598476054335667,641,I'm sorry - Ms Peep is out right now.
650,2629,11,28,122,161,1.31055900621118,0.04682134079437119,641,"Hello, UberEats? I think there has been a misunderstanding?"
2988,2629,11,28,122,161,1.31055900621118,0.04682134079437119,641,I hate when I run out of Ambien.
1461,2636,12,21,112,145,1.3103448275862069,0.05133956651523516,641,OK.  Now how do I get the flock outta here?
4638,2636,9,27,109,145,1.3103448275862069,0.04846023904329379,641,Twenty-seven salad bars have told me not to come back.
5671,2636,10,34,130,174,1.3103448275862069,0.043607116425664116,641,"You can stop searching for them Siri. I left them alone and they came home, wagging their tails behind them."
1756,2639,10,29,119,158,1.3101265822784811,0.046572343815097034,641,but your Airbnb listing says 'pet friendly'
366,2639,8,33,117,158,1.3101265822784811,0.044807721413442934,641,"I dunno Marty, I thought the whole 'crazy cat lady' thing had become a bit of a bore."
1911,2639,13,23,122,158,1.3101265822784811,0.04910051093096639,641,"Yes, I take them to the park twice a day... sheering is extra."
2812,2639,15,19,124,158,1.3101265822784811,0.05071598844396947,641,You would not believe the subway this morning.
3185,2639,10,29,119,158,1.3101265822784811,0.046572343815097034,641,We're watching Shepard Smith on Fox.
4089,2639,14,21,123,158,1.3101265822784811,0.049914785672838434,641,"Sorry, can’t come. I’m feeling a bit sheepish today’."
5496,2639,9,31,118,158,1.3101265822784811,0.04569855088893038,641,"Hello? , Insomnia Hotline?"
6321,2639,12,25,121,158,1.3101265822784811,0.04827250271737009,641,He's already asleep. What do I do now?
7264,2639,15,19,124,158,1.3101265822784811,0.05071598844396947,641,Can you get the flock out of here?
2476,2648,10,20,99,129,1.310077519379845,0.05368951619067856,641,I'm just watching the game with a few friends - what's up with ewe?
8686,2649,10,24,108,142,1.3098591549295775,0.05015518679176264,641,"OK. Line up, I'm sleepy."
5067,2649,8,28,106,142,1.3098591549295775,0.0481223702697873,641,I used to count them to fall asleep but now I find they make it easier to get through crowds and cross the street.
3151,2649,7,30,105,142,1.3098591549295775,0.04707305385797126,641,What makes you think I sound sheepish?
491,2649,11,22,109,142,1.3098591549295775,0.05114130310212722,641,"Wall Street doesn't have those kinds of wolves, mom."
7552,2653,13,22,120,155,1.3096774193548386,0.04977346413843927,641,There is more money in the insomnia business in NYC than herding in Idaho.
1060,2653,10,28,117,155,1.3096774193548386,0.04718088798079555,641,I’m flocked!
1343,2653,11,26,118,155,1.3096774193548386,0.04806062183552926,641,"It works!!! I left them alone, and they came home!"
1356,2653,9,30,116,155,1.3096774193548386,0.04628443593795871,641,"Two eggs, over easy, a side of hash browns, and five bushels of silage."
2788,2653,11,26,118,155,1.3096774193548386,0.04806062183552926,641,"Yeah, I thought I had lost them, but it turns out they had just blended in with the carpet"
4897,2653,8,32,115,155,1.3096774193548386,0.04537027473504684,641,We need to find a place that allows dogs.
6453,2653,13,22,120,155,1.3096774193548386,0.04977346413843927,641,"Yes, dear, lamb chops again."
6914,2653,15,18,122,155,1.3096774193548386,0.0514292921734613,641,I'm telling you -- I just left them alone.
7341,2653,8,32,115,155,1.3096774193548386,0.04537027473504684,641,"They really did come home, wagging their tails behind them."
8937,2653,8,32,115,155,1.3096774193548386,0.04537027473504684,641,Your farm-to-table order is ready.
7392,2663,9,21,96,126,1.3095238095238095,0.05340980911546648,641,They don’t like him either
5428,2663,15,22,131,168,1.3095238095238095,0.048466931095119715,641,"Yes, I bought a full-service sleep sofa on sale.  Yes, there is some maintenance involved."
957,2663,7,38,123,168,1.3095238095238095,0.04217529388565521,641,Bo Peep lost her sheep? More fake news!
3506,2663,10,32,126,168,1.3095238095238095,0.044638698599203386,641,Can I have the number for Bo Peep?
8306,2667,8,27,104,139,1.3093525179856116,0.04880911141409572,641,"All right, have it your way.  You heard a lamb bleat."
8663,2667,9,25,105,139,1.3093525179856116,0.04986575750541569,641,Do you hear what I hear?
7512,2669,10,27,115,152,1.3092105263157894,0.047811600749434566,641,"Yes, this is Big Bo Peep. 
No, I have not lost anything."
7177,2669,12,23,117,152,1.3092105263157894,0.04960066448853971,641,"I appreciate the gesture, but I said I needed to catch some SLEEP."
8301,2669,12,23,117,152,1.3092105263157894,0.04960066448853971,641,"Yes, I know we have a diversity issue here."
843,2669,10,27,115,152,1.3092105263157894,0.047811600749434566,641,"Hello room service, could I get all the mint jelly you have?"
1504,2669,6,35,111,152,1.3092105263157894,0.0440158569524737,641,"The Border Collies are stuck in traffic, so I turned on the Sheep Channel..."
3259,2674,10,31,124,165,1.309090909090909,0.045180251474455466,641,"I do love these urban getaways, but find it difficult not to take work with me."
1650,2674,12,27,126,165,1.309090909090909,0.04678754944758079,641,"I wanted a fleece frock, not a flock!"
5285,2676,10,35,133,178,1.3089887640449438,0.04290801212505469,641,"I’m sorry, we are not able to locate your pasture at this time.  Please stay on the line and an operator will be with you shortly.”"
7960,2676,8,39,131,178,1.3089887640449438,0.04140214439357237,641,"Just through the week-end, then back to the fields."
1496,2678,11,20,105,136,1.3088235294117647,0.05271982289183555,641,"I'm a Shepherd, I do - not - need - to - count - them!"
2651,2678,11,20,105,136,1.3088235294117647,0.05271982289183555,641,I'm surrounded by bahd news
5904,2678,10,22,104,136,1.3088235294117647,0.051676370459552104,641,"She said she needs space for her stuff, she can’t live with a herder anymore."
5769,2681,11,24,114,149,1.308724832214765,0.049392581844009326,641,"Much to our dismay, apparently they no longer allow sheep in Sheep Meadow."
5530,2681,6,34,109,149,1.308724832214765,0.044566282472079,641,"OK Bo Peep, I understand all that, but you did't lose them, and it's going to cost plenty to get 'em back."
5502,2681,6,34,109,149,1.308724832214765,0.044566282472079,641,I think you may have had a point when you said I take my work home with me.
3854,2681,10,26,113,149,1.308724832214765,0.048465786072753994,641,"No Mary, I told you I have no idea where they are, you have to stop being so suspicious."
2648,2681,7,32,110,149,1.308724832214765,0.04557245061381208,641,I think it's time we move on to greener pastures.
1765,2681,11,24,114,149,1.308724832214765,0.049392581844009326,641,"Sorry, honey. I guess I must have fallen asleep!"
701,2681,10,26,113,149,1.308724832214765,0.048465786072753994,641,"If anyone in the hotel is having trouble falling asleep, I can help out."
324,2681,6,34,109,149,1.308724832214765,0.044566282472079,641,"The pay and the medical benefits are great! But, I do have to bring work home sometimes."
7586,2689,8,34,120,162,1.308641975308642,0.0440318587713859,641,I counted them already so I’m taking a break.
6778,2689,9,32,121,162,1.308641975308642,0.044894162459776434,641,I've already tried counting sheep.
4608,2689,12,26,124,162,1.308641975308642,0.04738701859443552,641,"No, you can’t watch the Rams game."
4337,2689,12,26,124,162,1.308641975308642,0.04738701859443552,641,The toughest part was getting them all on the same elevator
3876,2689,9,32,121,162,1.308641975308642,0.044894162459776434,641,Nothing much. You?
4307,2689,10,30,122,162,1.308641975308642,0.045740212713391765,641,Hear me! My insomnia is gone!
2402,2689,11,28,123,162,1.308641975308642,0.046570895365752325,641,"Hey, Bo here, just hanging out with my peeps."
1647,2689,9,32,121,162,1.308641975308642,0.044894162459776434,641,"Nice accommodations, but the ""pet-friendly"" charges really add up on a per-head basis."
828,2689,10,30,122,162,1.308641975308642,0.045740212713391765,641,"Not much. This is my mandatory ""work from home"" day."
603,2689,7,36,119,162,1.308641975308642,0.04315232729253137,641,My wife keeps telling me not to bring my work home.”
389,2689,8,34,120,162,1.308641975308642,0.0440318587713859,641,"Hey, one of you named 'Lambchops'? There's a Miss Lewis on the phone looking for you."
2950,2689,7,36,119,162,1.308641975308642,0.04315232729253137,641,"No. Just chilling, watching ""The Silence of the Lambs'"
2125,2701,11,32,132,175,1.3085714285714285,0.04414379505967629,641,I'm beginning to think my commute wasn't so bad after all.
2783,2701,13,28,134,175,1.3085714285714285,0.045607428476666836,641,"Honey,we forgot the mint jelly!"
5028,2701,13,28,134,175,1.3085714285714285,0.045607428476666836,641,My wife tells me to stop bringing my work home!
1367,2704,10,21,102,133,1.3082706766917294,0.05248490449884475,641,"Yup, I said I'd like one shepherd's pie and fifty six large salads please. Oh, and hold the dressing."
7874,2705,7,31,108,146,1.3082191780821917,0.04617138442827639,641,"Han's sleep aids, how may I help you?"
4821,2705,8,29,109,146,1.3082191780821917,0.047183366256693095,641,Hi.  This is Joseph.  I'm calling in to let you know that I will be working from home today.
3887,2705,6,33,107,146,1.3082191780821917,0.04513671929520491,641,"Yeah, the cars are a nuissance but there are fewer wolves."
3860,2705,10,25,111,146,1.3082191780821917,0.049144853991973214,641,"Hello, housekeeping...You're not going to believe this..."
722,2705,6,33,107,146,1.3082191780821917,0.04513671929520491,641,I can’t talk for long. They get upset when I pause the movie.
1163,2705,9,27,110,146,1.3082191780821917,0.048174094310145625,641,When you asked me to babysit your kids I thought they were human.
631,2705,14,17,115,146,1.3082191780821917,0.05284988097480077,641,"Hi, I'd like one wolf"
1477,2705,7,31,108,146,1.3082191780821917,0.04617138442827639,641,"Oh, nothing much, just some woolgathering . . . How about you?"
4349,2713,9,31,119,159,1.3081761006289307,0.045452098780404,641,"Yeah, the city's nice, but job opportunities are shockingly limited."
7773,2713,9,31,119,159,1.3081761006289307,0.045452098780404,641,But how do I get them to stop following me?
6387,2713,9,31,119,159,1.3081761006289307,0.045452098780404,641,Tech support?  My guests are getting restless because I can't connect to EweTube TV.
6216,2713,12,25,122,159,1.3081761006289307,0.04800758035189471,641,A million dollars in unmarked bills and a helicopter by 5 pm...or I start sending chops!
4002,2713,13,23,123,159,1.3081761006289307,0.048829696570259734,641,I've counted them over and over and I still can't get to sleep.
1621,2713,9,31,119,159,1.3081761006289307,0.045452098780404,641,Send up a burger and 50 lbs. of grass.
1353,2713,12,25,122,159,1.3081761006289307,0.04800758035189471,641,Hello room service.  It seems you have double booked my room.
1215,2713,9,31,119,159,1.3081761006289307,0.045452098780404,641,You say the wolf's at the door?
1021,2713,8,33,118,159,1.3081761006289307,0.04456772136472309,641,hello...can I speak to Little Bo Peep?
3655,2713,7,35,117,159,1.3081761006289307,0.0436654358932049,641,"Yeah, I'll recount."
2671,2723,12,29,131,172,1.308139534883721,0.04541713395196888,641,The what?! Wolf of Wall Street?
8936,2723,12,29,131,172,1.308139534883721,0.04541713395196888,641,"Yes, mom - I've tried counting sheep."
6722,2725,11,35,139,185,1.308108108108108,0.04248378339879085,641,"Yes, I'm awake.  Just as I started to nod off, I ran out of sheep."
3358,2726,10,24,109,143,1.3076923076923077,0.049850331722195045,641,"Yes,we are all binging ""Breaking Baaaahd."""
4043,2726,9,30,117,156,1.3076923076923077,0.04602960946509395,641,Can I get an upgrade from loft to manger.
4475,2726,12,24,120,156,1.3076923076923077,0.04865042554105199,641,Tell Harold I'm working from home today
4893,2726,9,26,108,143,1.3076923076923077,0.04885245660735344,641,"Hazel, this is the last time I'll say it:  Take your things and get the flock out of here"
8779,2726,14,24,131,169,1.3076923076923077,0.047477953834489814,641,I'd like to place an order for 9 jars of mint jelly.
6231,2726,11,22,110,143,1.3076923076923077,0.050828620176554276,641,"Hold on, they all want to talk to you."
6970,2726,12,20,111,143,1.3076923076923077,0.05178843196402026,641,"Bo, they're here...Hilton Chicago Rm.1300"
8819,2726,7,34,115,156,1.3076923076923077,0.044196142089909636,641,I’m getting totally fleeced on this place.
5738,2726,10,28,118,156,1.3076923076923077,0.04691948351642267,641,Sorry. The flock of seagulls is on the tenth floor.
3290,2726,9,30,117,156,1.3076923076923077,0.04602960946509395,641,"Just to be on the safe side, cancel the lamb chop special, I'll have a large Greek salad."""
2804,2726,8,28,107,143,1.3076923076923077,0.04783376903750963,641,"I'm afraid that if I start counting them now, I won't make it to the end of the game."
2497,2726,12,24,120,156,1.3076923076923077,0.04865042554105199,641,Chic? Oy! I thought you said urban sheep.
2080,2726,13,18,112,143,1.3076923076923077,0.05273077603763755,641,"Yeah, Mary's out of town and I'm house sitting."
1393,2726,5,42,122,169,1.3076923076923077,0.0402513937286372,641,"Yeah, ever since the co-op board allowed that wolf to purchase 19G, everyone seems a bit on edge."
1129,2726,5,38,113,156,1.3076923076923077,0.042283247317985134,641,What the flock?
926,2726,10,24,109,143,1.3076923076923077,0.049850331722195045,641,"Yes, I tried counting"
754,2726,12,28,129,169,1.3076923076923077,0.04597033112824591,641,"Hello, Mr. MacDonald?  I'm going to take a work-at-home day today."
510,2726,13,26,130,169,1.3076923076923077,0.04673022279184276,641,"Ms. Bopeep?  Yes, it's me again."
189,2726,7,42,133,182,1.3076923076923077,0.0400235309517705,641,I really don't think I can dogsit for you.
76,2726,8,32,116,156,1.3076923076923077,0.045122189237339475,641,Can you shear me now?
4628,2746,14,27,138,179,1.3072625698324023,0.04554765771910231,641,Mary shows up and baada baada baada I'm having breakfast at her apartment.
818,2747,8,35,123,166,1.3072289156626506,0.043290761223913836,641,"Yes, Mom, I came down off the mountain."
3073,2747,12,27,127,166,1.3072289156626506,0.04654210360369476,641,"Yes, I did find them...I left them alone and they went home, and now they are watching Netflix."
6442,2747,8,35,123,166,1.3072289156626506,0.043290761223913836,641,"Yeah, this shepherding thing is more of a part-time gig ... until my screenplay gets picked up."
7478,2747,14,23,129,166,1.3072289156626506,0.04808540431474633,641,I’m just in for the holidays. Mom’s got an attitude as usual.
5511,2751,8,31,114,153,1.3071895424836601,0.045696315271744704,641,"I’m apartment sitting at Bo’s this weekend, sorry fellas."
6288,2751,8,31,114,153,1.3071895424836601,0.045696315271744704,641,Mary? Have I got a surprise for you!
4947,2751,10,27,116,153,1.3071895424836601,0.04754105439959968,641,"Don't worry, I didn't lose them this time"
9003,2751,14,19,120,153,1.3071895424836601,0.05103086420439803,641,"Bo, I found your sheep. They're watching the Rams game."
8527,2751,10,27,116,153,1.3071895424836601,0.04754105439959968,641,Find that dog!
4030,2751,9,29,115,153,1.3071895424836601,0.04662780867057975,641,"Let me talk to Bo Peep, I think I’ve found them !"
3476,2751,9,29,115,153,1.3071895424836601,0.04662780867057975,641,"Yeah, so it turns out they rented a suite here at The Plaza with your credit card."
3553,2751,9,29,115,153,1.3071895424836601,0.04662780867057975,641,My peeps will get back to your peeps.
3594,2751,8,31,114,153,1.3071895424836601,0.045696315271744704,641,"Jerry, do you know anyone in the neighborhood who delivers grass?"
3123,2751,6,35,112,153,1.3071895424836601,0.04377390324615433,641,Never mind. I found 'em.
2829,2751,11,25,117,153,1.3071895424836601,0.04843708460912156,641,"Well, flock you, too."
1991,2751,14,19,120,153,1.3071895424836601,0.05103086420439803,641,"Hi, Yes, they are all here and Fox News is on."
1562,2751,8,31,114,153,1.3071895424836601,0.045696315271744704,641,Any suggestions how to decide which ones are wolves in sheep’s clothing?
6399,2764,5,33,102,140,1.3071428571428572,0.045220060955157244,641,"Wagging their tails as usual, the bastards."
6944,2764,7,29,104,140,1.3071428571428572,0.047438420701218044,641,Hey Bo.  They're home! Never thought they'd find us in Brooklyn.
983,2766,11,32,133,176,1.3068181818181819,0.043927263589059,641,No Wolf Blitzer. We prefer Shepard Smith.
2388,2767,13,24,126,163,1.3067484662576687,0.04793018631560175,641,"I feel a little sheepish calling you this late, but I can't seem to fall asleep."
3831,2767,11,28,124,163,1.3067484662576687,0.046323018426808464,641,I think I’ll switch back to dog walking after all.
4976,2767,10,30,123,163,1.3067484662576687,0.04549815022758075,641,"No I wasn't sleeping, I was just counting sheeps"""
8935,2767,10,30,123,163,1.3067484662576687,0.04549815022758075,641,I work from home 3 days a week.
7880,2771,9,28,113,150,1.3066666666666666,0.04724789844566308,641,"Get my agent on the line, I got an idea: 'Sheep in the City'"
7581,2771,8,30,112,150,1.3066666666666666,0.04629123511982281,641,"I tried that, but they came home anyway."
7061,2771,10,26,114,150,1.3066666666666666,0.048185572178243014,641,You up...?
4965,2771,9,28,113,150,1.3066666666666666,0.04724789844566308,641,"No,I found them. The Rams game was about to start."
2782,2771,11,24,115,150,1.3066666666666666,0.04910534415679868,641,Fleeced again!
394,2771,10,26,114,150,1.3066666666666666,0.048185572178243014,641,It's my day off.
1643,2771,12,22,116,150,1.3066666666666666,0.05000820216095174,641,I happened to mention the great grass I've got stashed under my bed and they followed me home!
762,2771,11,24,115,150,1.3066666666666666,0.04910534415679868,641,Our vacations going great! Tomorrow we're going to Times Square to get fleeced!
243,2771,9,28,113,150,1.3066666666666666,0.04724789844566308,641,We got gentrified... deal with it!
2655,2771,8,30,112,150,1.3066666666666666,0.04629123511982281,641,"When I said I wanted all natural wool, this wasn't what I meant!"
5453,2781,11,35,140,186,1.3064516129032258,0.04228721560974974,641,They're not like my old roommates -- I can always count on these guys.
2507,2782,9,35,129,173,1.30635838150289,0.04289990827498639,641,It’s $100 for the first hour and $30 for each additional 15 minutes.
5700,2782,12,29,132,173,1.30635838150289,0.045188960326381845,641,I've got mutton going on as usual.
6591,2784,13,23,124,160,1.30625,0.04856176366172368,641,Time to get the flock outta here
7984,2784,14,21,125,160,1.30625,0.04936457476914355,641,I’m so slammed at work I had to bring some home with me.
7616,2784,10,29,121,160,1.30625,0.04606946747394995,641,Turns out our sheepdog has a trust fund.
6329,2784,9,31,120,160,1.30625,0.045208179360952755,641,Sorry I meant to tell you I'd work from home today. My baad.
6455,2784,7,35,118,160,1.30625,0.04343439623995663,641,"Yo, Bo!  Your peeps have come home."
3775,2784,10,29,121,160,1.30625,0.04606946747394995,641,"Let's just say there's a bunch of them, it's counter-productive to try and ascertain the exact number."
3657,2784,11,27,122,160,1.30625,0.04691494629150278,641,I'm canceling the farmshare.
3549,2784,10,29,121,160,1.30625,0.04606946747394995,641,I was just dozing off when you called.
4188,2784,9,31,120,160,1.30625,0.045208179360952755,641,"That's ""P-e-e-p,"" and I need to remove the ""lost sheep"" bulletin, immediately."
2437,2793,11,23,113,147,1.3061224489795917,0.04979900416811918,641,"9, 10, 11...Oh rats, they all moved again."
4986,2793,10,25,112,147,1.3061224489795917,0.048854404673691385,641,"No, everything's fine."
5073,2793,6,33,108,147,1.3061224489795917,0.0448776226593899,641,However the benefit of a smaller apartment is that you can't lose them as easily.
7137,2793,9,27,111,147,1.3061224489795917,0.047891177641662196,641,"Sure it's not as much space as back home, but we really like the energy here."
9019,2793,10,25,112,147,1.3061224489795917,0.048854404673691385,641,Why not?  Goat yoga worked.
1986,2798,11,34,138,183,1.3060109289617485,0.04274810062952923,641,I think I am just going to work from home today
4919,2799,8,25,101,134,1.3059701492537314,0.049943983816910474,641,"I think I have them all now,  but I can’t seem to count them without falling asleep."
5581,2800,5,38,114,157,1.305732484076433,0.04205875010128234,641,"You've got exactly 24 hours to come up with the ransom, Ms. Bo-Peep.....or else!"
7631,2800,9,30,118,157,1.305732484076433,0.04577745874766909,641,I just closed my eyes for a minute.
7300,2800,11,26,120,157,1.305732484076433,0.047527827259940675,641,I can't make it today.  I'm working from home.
7012,2800,7,34,116,157,1.305732484076433,0.043957446408297324,641,At Shephard dot com you can tend your flock from the comfort of your own home office
6393,2800,11,26,120,157,1.305732484076433,0.047527827259940675,641,Bo who?
2630,2800,11,26,120,157,1.305732484076433,0.047527827259940675,641,Dear - did you order sheep from Amazon or has our Corgi learned a new trick?
2459,2800,12,24,121,157,1.305732484076433,0.04837926912820063,641,The doctor says it’s not about me. It’s about ewe.
538,2800,11,26,120,157,1.305732484076433,0.047527827259940675,641,You guys want takeout?
122,2800,12,24,121,157,1.305732484076433,0.04837926912820063,641,Urban Shepherd
2770,2800,8,32,117,157,1.305732484076433,0.044876680047285566,641,"I pointed out that, technically, they are not pets so what could they do?"
1862,2810,11,22,111,144,1.3055555555555556,0.05051961716896106,641,I herd ewes.
4226,2810,9,26,109,144,1.3055555555555556,0.04855905193316886,641,"Their days of being counted between midnight and dawn are over, they say. It's a muttony."
5957,2810,9,26,109,144,1.3055555555555556,0.04855905193316886,641,"To sheep, to sheep. Perchance to dream."
7328,2810,7,30,107,144,1.3055555555555556,0.046515925556716554,641,"Unfortunately the mangers are all full, so they put us in the luxury suite."
8900,2814,7,37,123,167,1.3053892215568863,0.04222422791657942,641,"Very relaxing, thanks. I count them every night."
5971,2814,13,25,129,167,1.3053892215568863,0.04707180286017913,641,"I'll be honest with you, urban sheperding isn't working out as well as I would have thought."
6130,2814,8,35,124,167,1.3053892215568863,0.04307006257302124,641,10 pounds of grass really isn't a lot for me
7040,2814,11,29,127,167,1.3053892215568863,0.04551334848945007,641,"Hey mom. I can't get these sheep to leave.
They think I'm Donald Trump. What should I do?"
2073,2818,7,26,98,131,1.3053435114503817,0.04953468718392161,641,"NO, MARY'S NOT HOME!!. She said she'd be right back and that was 2 weeks ago."
6630,2819,6,35,113,154,1.3051948051948052,0.043534451386341426,641,"NOT NOW, I'm about to take a nap."
6835,2819,9,29,116,154,1.3051948051948052,0.04636696853343518,641,I can’t sleep without them.
5059,2819,7,33,114,154,1.3051948051948052,0.04449866172519505,641,So the elevator was a good clue we were lost.
8617,2819,11,25,118,154,1.3051948051948052,0.0481628554658857,641,And then they told me we have to use the service elevator from now on.
3886,2819,16,15,123,154,1.3051948051948052,0.052383898630646686,641,Hey Bo... you'll never guess where I found them.
2570,2819,10,27,117,154,1.3051948051948052,0.04727344083948388,641,"I know, Mom. They said to bring samples of my work."
848,2819,10,27,117,154,1.3051948051948052,0.04727344083948388,641,"Hello, Nativity Scenes R Us. Out of donkeys, got plenty of lambs. May I take your order?"
4945,2819,8,31,115,154,1.3051948051948052,0.04544241777411226,641,"Two Questions, how much is your sod per square foot and do you deliver?"
1945,2827,11,32,134,177,1.305084745762712,0.043712765257491105,641,This telecommuting thing just isn't working out like I'd hoped.
5596,2827,9,36,132,177,1.305084745762712,0.042218516976333616,641,"Hello, Grubhub, I want a 100 pounds of clover."
4871,2829,7,29,105,141,1.3049645390070923,0.04715112096055223,641,Maybe it's mean but we're all kind of happy the dog couldn't make it this year.
4927,2829,8,27,106,141,1.3049645390070923,0.04821353887063618,641,Mary said she was just going out for a pack of smokes.
4838,2829,11,21,109,141,1.3049645390070923,0.051268866753727854,641,"Well, in a way, I guess you could say it's a dream come true..."
711,2832,12,26,126,164,1.3048780487804879,0.04688249817767718,641,"Listen Bo Peep--I DID leave them alone. But 
I thought they were supposed to go to YOUR home."
1298,2832,11,28,125,164,1.3048780487804879,0.04607767286107956,641,The sheep are so disappointed. There's no big apple.
2786,2832,12,26,126,164,1.3048780487804879,0.04688249817767718,641,"Hello Room Service: I'd like to order a club sandwich, chips, a soda and 80 pounds of hay."
5864,2832,7,36,121,164,1.3048780487804879,0.04270696828321724,641,"Well, they came home again, and the co-op board is not happy."
6376,2832,7,36,121,164,1.3048780487804879,0.04270696828321724,641,"Yes I’m certain some are missing. I’m still awake, aren’t I?"
6986,2832,11,28,125,164,1.3048780487804879,0.04607767286107956,641,"Once you go with a live manger scene , you can never go back to ceramics!"
7780,2838,9,28,114,151,1.304635761589404,0.046977875101902516,641,Of course I tried counting sheep!
2685,2838,13,20,118,151,1.304635761589404,0.05059764453106646,641,"Yes, I know.  I'm flocked."
1704,2838,8,30,113,151,1.304635761589404,0.04602847519024936,641,Turns out I wasn't born to be a shepherd.
1766,2838,10,26,115,151,1.304635761589404,0.047908464490531356,641,So why is it called Park Avenue?
1845,2842,10,33,131,174,1.3045977011494252,0.04346019841065284,641,Could you send up a Shepherd's Pie with a side of lemongrass for 12?
4217,2842,13,27,134,174,1.3045977011494252,0.045695854845479666,641,It's just me and the guys havin' a little EweTube party
5597,2844,8,33,120,161,1.3043478260869565,0.0440950045945313,641,"I get it, we all want to be counted!"
4650,2844,10,22,106,138,1.3043478260869565,0.05102223381637679,641,"Yeah, she left me because I keep bringing my work home every night."
3671,2844,6,30,102,138,1.3043478260869565,0.046691779280993786,641,Maybe downsizing wasn't such a good idea after all
2688,2844,11,27,123,161,1.3043478260869565,0.04666142609104571,641,They're locally owned and very much homegrown.
3101,2844,10,22,106,138,1.3043478260869565,0.05102223381637679,641,"Hoo boy! When they say the lambs were “sure to go,” they weren’t kidding!"
2348,2844,10,29,122,161,1.3043478260869565,0.04582192633769696,641,"1,2,3,4.....aw heck I’ll take a sleeping pill."
2301,2844,9,24,105,138,1.3043478260869565,0.049974811863738186,641,Hey this is Big Bo Peep....Yeah I found them
2202,2844,6,30,102,138,1.3043478260869565,0.046691779280993786,641,I told you not to get wool carpet. The flock is holding a protest.
2639,2844,11,27,123,161,1.3043478260869565,0.04666142609104571,641,11. Now what?
2021,2853,12,35,147,194,1.3041237113402062,0.04168372278004175,641,"Bo Peep,try 740 Park Ave. 8th floor."
3115,2854,12,28,131,171,1.304093567251462,0.04550187758250946,641,...and they just bleat like the dickens if I switch off Fox News
8072,2854,11,30,130,171,1.304093567251462,0.04473948383619634,641,Not much.  Just watching a little Ewe-Tube.
6826,2856,9,27,112,148,1.304054054054054,0.0476114380507279,641,May I call you back? I'm leading a staff retreat.
4859,2856,10,25,113,148,1.304054054054054,0.04856724921812574,641,The sleeping pills didn't work.
5146,2856,9,27,112,148,1.304054054054054,0.0476114380507279,641,"No, mom, I'm not doing the sheep thing again."
870,2856,8,29,111,148,1.304054054054054,0.04663604153335771,641,Bo Peep Residence
2225,2856,10,25,113,148,1.304054054054054,0.04856724921812574,641,"Hello, is this Border Collies-R-Us?"
835,2861,10,35,136,181,1.3038674033149171,0.04229717892396261,641,Not a Peep from Bo...
3050,2862,12,24,122,158,1.3037974683544304,0.04811102478053921,641,I think I'm being followed.
8314,2862,8,32,118,158,1.3037974683544304,0.04463371018747901,641,"Yes sir, yes sir, three bags full. Would you like paper or plastic?"
8161,2862,11,26,121,158,1.3037974683544304,0.047265685759864,641,Tell Little Bo Peep I have her Goddamn sheep.
3939,2862,10,28,120,158,1.3037974683544304,0.04640495011598184,641,I specialize in advanced sleep studies.
2920,2862,7,34,117,158,1.3037974683544304,0.043721189714101105,641,Yes sir... yes sir... three pounds full.
7777,2862,10,28,120,158,1.3037974683544304,0.04640495011598184,641,Make that one large with cheese and 19 with clover.
1661,2862,6,36,116,158,1.3037974683544304,0.04278921330116941,641,Do you sell organic grass and do you deliver to 72nd and Broadway?
1326,2862,11,26,121,158,1.3037974683544304,0.047265685759864,641,"I'm sorry Mary, you can't keep taking them to school."
1127,2862,8,32,118,158,1.3037974683544304,0.04463371018747901,641,"Bo Peep?  Yeah, found 'em."
379,2862,9,30,119,158,1.3037974683544304,0.045527944607497005,641,"Doctor, I have a problem. Everytime I try to count my sheep, I fall alseep."
2253,2862,11,26,121,158,1.3037974683544304,0.047265685759864,641,"Oh, same old stuff.  Work, mortgage, baah baah baah . . ."
400,2873,11,19,105,135,1.3037037037037038,0.05286075251914643,641,"Hello front desk, I would like to complain about a terrible smell in my room."
8615,2873,7,27,101,135,1.3037037037037038,0.048497689417499795,641,Hello!  Is Little Bo Peep there?
1009,2875,9,33,126,168,1.3035714285714286,0.043675358806569205,641,They demanded to watch the Rams vs. the Lions
8962,2876,10,24,111,145,1.303448275862069,0.04925123054167483,641,Mind if I work from home today?
5763,2876,10,24,111,145,1.303448275862069,0.04925123054167483,641,First time I've stayed in a SheepBnB. It's great!
3500,2876,9,26,110,145,1.303448275862069,0.04826901976688751,641,Tell Bo-Peep that I DESERVED that promotion!
3095,2876,7,30,108,145,1.303448275862069,0.046242052160669976,641,And then it was suggested I try counting sheep.
856,2876,8,28,109,145,1.303448275862069,0.0472664027470163,641,"""This is apartment is such a bad deal. I'm getting fleeced."
2364,2876,12,20,113,145,1.303448275862069,0.05115911053854687,641,Remote working helps my team avoid that corporate herd mentality.
609,2876,9,26,110,145,1.303448275862069,0.04826901976688751,641,This is Bo.. you won't believe where I finally found them ! .
4977,2883,13,28,137,178,1.303370786516854,0.04493588452761042,641,Why am I selling?  Because with my new c-pap machine I no longer need them!
2563,2884,9,29,117,155,1.303225806451613,0.0461089160188999,641,This is Bo.  Peep's in the shower.
7842,2884,8,31,116,155,1.303225806451613,0.04519120440834244,641,"It's very nice here, but I seem to have trouble sleeping."
5170,2884,9,29,117,155,1.303225806451613,0.0461089160188999,641,The farmer's market wasn't quite as welcoming as we anticipated.
4850,2884,7,33,115,155,1.303225806451613,0.04425446616235717,641,The usual. What about you?
1670,2884,9,29,117,155,1.303225806451613,0.0461089160188999,641,"You remember that book, “Urban Shepherd” you gave me for my last birthday?"
1033,2884,13,21,121,155,1.303225806451613,0.04961028984679953,641,This AirBaa-n-Baa is perfect.
1004,2884,9,29,117,155,1.303225806451613,0.0461089160188999,641,They disagree about the apartment having a pastoral quality.
759,2884,9,29,117,155,1.303225806451613,0.0461089160188999,641,Stay-at-home shepherd speaking. Can I help you?
697,2884,9,29,117,155,1.303225806451613,0.0461089160188999,641,"Hello, roam service?"
1212,2884,11,25,119,155,1.303225806451613,0.04789161197496605,641,Oh yeah? Flock ewe!
5666,2894,11,28,126,165,1.303030303030303,0.045834822195189424,641,Pen to penthouse… it's like farm to table.
233,2894,11,28,126,165,1.303030303030303,0.045834822195189424,641,"My sheep listen to my voice; I know them, and they follow me.  John 10:27-28.  Does the condo board have any other questions?"
629,2894,10,30,125,165,1.303030303030303,0.04502134044713949,641,"You graze your way, I graze my way."
3709,2894,12,26,127,165,1.303030303030303,0.04663411579168217,641,"Yes, that's one l-a-m-b souvlaki with a side of potatoes. Actually, I think I better just head down there."
4170,2894,13,24,128,165,1.303030303030303,0.04741993869333248,641,The kids tell me Bo-Peep took off right after I passed out.
5956,2899,12,29,134,175,1.302857142857143,0.04473918998827475,641,And how much for the extra RAM?
4948,2899,8,37,130,175,1.302857142857143,0.04169975228751106,641,"Twenty tickets for Shear Madness, please."
5958,2901,6,31,105,142,1.3028169014084507,0.04578905284972455,641,"After switching to Xanax, I decided to keep them. Because they're family, Jack!"
1537,2902,11,24,117,152,1.3026315789473684,0.048540455475045374,641,Insomnia Crisis -line. How may I help you?
1594,2902,11,24,117,152,1.3026315789473684,0.048540455475045374,641,"No mom, I don’t think the recount is going to help me sleep any better."
3186,2902,10,26,116,152,1.3026315789473684,0.047634414470886344,641,"Yo, Bo.  Found your sheep."
4729,2902,10,26,116,152,1.3026315789473684,0.047634414470886344,641,"I don’t see what the problem is, I told you I’d be using your Airbnb to work from home."
4929,2902,10,26,116,152,1.3026315789473684,0.047634414470886344,641,Parks Department? I own an environmentally friendly mowing service...
8198,2902,5,36,111,152,1.3026315789473684,0.0428175847436635,641,"Sorry, I've been swamped.  I had to take some work home with me."
3857,2908,7,35,120,162,1.3024691358024691,0.04297921719166919,641,Didn't sleep a wink. Perhaps you could send up more sheep.
3660,2908,7,35,120,162,1.3024691358024691,0.04297921719166919,641,I found some surprising relatives on my DNA test.
3639,2908,9,31,122,162,1.3024691358024691,0.044727794296295496,641,Please come home. I promise I'll get rid of them.
8946,2911,6,27,96,129,1.302325581395349,0.04872980992511689,641,GPS  says  that  this  is  where the meadow  is.
896,2912,9,24,106,139,1.3021582733812949,0.04966226909474968,641,I'm more productive when I work from home
1550,2912,7,28,104,139,1.3021582733812949,0.04751644076031689,641,"Hey Bo, bad news, we are being evicted."""
3062,2912,9,24,106,139,1.3021582733812949,0.04966226909474968,641,"Yes, I found them.  They're in a nice Airbnb, and they apologize for using your credit card."
5624,2915,10,25,114,149,1.3020134228187918,0.04828333487717794,641,Bo Peep? I think I found 'em
4992,2915,8,29,112,149,1.3020134228187918,0.04636691690987549,641,Not much. Just counting sheep.
7397,2915,11,23,115,149,1.3020134228187918,0.049213566711110386,641,I think I just got fleeced.
3053,2915,9,27,113,149,1.3020134228187918,0.04733482550189134,641,"Sorry, we don't do insomniacs.  It's too hard on the sheep."
3008,2915,8,29,112,149,1.3020134228187918,0.04636691690987549,641,Is this Central Park? I've got a proposition for you ...
1577,2915,6,33,110,149,1.3020134228187918,0.044367798464572124,641,I’d like to order some real grass.
403,2915,10,25,114,149,1.3020134228187918,0.04828333487717794,641,"Well, once word got out that 'Babe' is on TV again, there was no stopping them."
174,2915,10,25,114,149,1.3020134228187918,0.04828333487717794,641,Forthe last time -- the Lord is thy shepherd!!!!
139,2915,14,17,118,149,1.3020134228187918,0.051904328462378996,641,What channel is the The Shari Lewis Show on?
2663,2915,9,27,113,149,1.3020134228187918,0.04733482550189134,641,"„Mom, If I make it in NY, I can make it anywhere...“"
1815,2925,10,28,121,159,1.3018867924528301,0.04615173930903655,641,"Hello, yes this Mr. Peep.  No, Bo is not here right now.  I don’t know where she is."
4306,2926,9,33,127,169,1.301775147928994,0.04345329894327938,641,Weren't you the one who told me to invest in wool futures?
4612,2926,11,29,129,169,1.301775147928994,0.04504524331517565,641,"I don’t know how many,if I try to count them I might fall asleep"
5675,2926,12,27,130,169,1.301775147928994,0.045820479301924184,641,That new dog?  He needs some training.
7911,2929,8,38,133,179,1.3016759776536313,0.04105717149995751,641,Hi- do you have a sheepdog who does house calls?
5491,2930,12,17,107,136,1.3014705882352942,0.05354518070783283,641,"I don't think I'll go, I'm feeling kind of sheepish."
7797,2930,8,25,103,136,1.3014705882352942,0.04930878754887327,641,Hello. I was wondering if you deliver green pastures?
8207,2932,10,24,112,146,1.3013698630136987,0.048956868423814276,641,This was funnier when Wallace and Gromit did it.
8196,2932,9,26,111,146,1.3013698630136987,0.047982305640486916,641,It's a great gig.  I'm their emotional companion.
4846,2932,8,28,110,146,1.3013698630136987,0.04698753391366206,641,Is Bo Peep available?
3773,2932,9,26,111,146,1.3013698630136987,0.047982305640486916,641,I TRIED going on vacation... work just keeps following me!
5966,2932,11,22,113,146,1.3013698630136987,0.04991240604455193,641,"Peep. P, E, E, P. Bo. B, O."
133,2937,8,31,117,156,1.3012820512820513,0.04494263579716196,641,Are you sure counting sheep is the best way to fall asleep?
1684,2937,11,25,120,156,1.3012820512820513,0.047623308056168476,641,"Hello, Bo Peep, I think I have solved your problem."
5628,2937,11,25,120,156,1.3012820512820513,0.047623308056168476,641,The 'Silence of the Lambs' is not as soothing as I thought.
295,2940,11,28,127,166,1.3012048192771084,0.04559443058780252,641,"You were right, Doc. Counting Trump's bad decisions is much more practical."
4223,2940,8,34,124,166,1.3012048192771084,0.04312532956677074,641,Tell Bo they found greener pastures
6102,2940,10,30,126,166,1.3012048192771084,0.04478652420648602,641,"No, no, it's not me it's ewe."
8885,2940,9,32,125,166,1.3012048192771084,0.04396377372758592,641,Housekeeping ???
8450,2944,10,33,133,176,1.3011363636363635,0.043034180286876625,641,"Yes, that’s one hamburger and  one acre of grass."
4194,2944,12,29,135,176,1.3011363636363635,0.04451753365622955,641,I thought working from home would create better work-life balance.
8041,2946,6,28,99,133,1.300751879699248,0.04771488479296578,641,"Twenty bucks a head and I'll send them on home, Bo Peep."
2149,2946,7,26,100,133,1.300751879699248,0.04889408345964512,641,"So I said “ let’s get some sleep”, and the next thing I know..."
2307,2948,13,17,113,143,1.3006993006993006,0.05254759164664174,641,"No, you must be thinking of Bo Derek."
5385,2948,8,27,108,143,1.3006993006993006,0.04763175523392495,641,"Sharon, never count sheep on Ambien..."
5519,2948,7,29,107,143,1.3006993006993006,0.04658638267160267,641,Lost? Nah. I’m at my brother’s in the city watching the game.
5691,2948,10,23,110,143,1.3006993006993006,0.04965652242297689,641,"They don't know it yet, but we're about to get fleeced."
8212,2948,6,31,106,143,1.3006993006993006,0.04551700774639592,641,"Hello, you have reached By Hook or By Crook, how can I help ewe?"
8356,2948,4,35,104,143,1.3006993006993006,0.04329909793178602,641,They're fine -- Not a Peep out of them.
8809,2948,10,23,110,143,1.3006993006993006,0.04965652242297689,641,"No, I'm not busy. Come over. I'm literally just counting sheep."
2409,2955,11,24,118,153,1.3006535947712419,0.04826270356324893,641,I told the desk I wanted a good sleep
3315,2955,11,24,118,153,1.3006535947712419,0.04826270356324893,641,"Hello, do you have a listing for “Little Bo Peep”"
4128,2955,13,20,120,153,1.3006535947712419,0.050012870136046474,641,"When I say ""who  wants to go for a W A L K "" they all get excited."
6031,2955,7,32,114,153,1.3006535947712419,0.044556607896158625,641,You're telling me there isn't a single venture capital firm interested in an urban sheepherding startup?
7325,2959,8,33,122,163,1.3006134969325154,0.04363177370362716,641,Don't tell me the wolves got the Central Park view!
3401,2959,9,31,123,163,1.3006134969325154,0.04449125800158343,641,I left them alone and they came home!
1487,2959,12,25,126,163,1.3006134969325154,0.04697545236269953,641,"An expentant couple took over, men started bringing gifts, it just got too crowded."
8638,2962,16,20,137,173,1.300578034682081,0.047934183196229975,641,...and one egg roll. Please don't forget the c-h-o-p sticks.
2492,2963,7,41,135,183,1.3005464480874316,0.03969118517509691,641,"Teleshepherding - I'm telling, you it's the next big thing."
3311,2963,12,31,140,183,1.3005464480874316,0.04330861787784712,641,I've gathered the wool. Now what?
8653,2965,10,25,115,150,1.3,0.048002609921587766,641,"Well, now they've seen Paree."
8537,2965,9,24,107,140,1.3,0.04935347680939759,641,He did what? Get the flock outta here!
8087,2965,5,23,82,110,1.3,0.05254173447414248,641,"They followed me home, Mary.
 Now what?"
6695,2965,12,24,124,160,1.3,0.04758309514308866,641,I was tired of being outstanding in my field.
6520,2965,7,22,91,120,1.3,0.05239368319955837,641,"Some Silicon Valley billionaire hired us to put his kid to sleep. Gig economomy, right?"
5446,2965,7,31,112,150,1.3,0.04511977596847296,641,"Guten tag, I’m answering your flyer looking for a German Shepard"
5243,2965,14,20,126,160,1.3,0.04920755681598857,641,"Found 'em, you won't believe where!"
4837,2965,11,29,130,170,1.3,0.04481465873252761,641,I'll have the General Tso and two acres of green pastures.
4757,2965,10,22,108,140,1.3,0.05038393192372498,641,"Assembled outside the Seventh Street polling site, they started and kept following me no matter what I said."
5584,2965,11,20,109,140,1.3,0.05139373034732311,641,"Yes Mom, I made them take off their shoes at the door"
4050,2965,8,29,113,150,1.3,0.04610075533066856,641,"Yes, room service? I'd like to order a shepard's pie and 5 bales of hay."
277,2965,8,29,113,150,1.3,0.04610075533066856,641,Mary? She's out with one of  the little lambs.
658,2965,9,27,114,150,1.3,0.047061290894652906,641,"Hello, Bo?  Yes, I found them all."
1896,2965,11,26,123,160,1.3,0.04674970150915372,641,"Hello, Bo Peep? You'll never believe where I found them!"
2197,2965,10,31,129,170,1.3,0.04403112527563468,641,Hi Bo- Peep. Thanks for a wonderful evening last night but do you mind collecting your sheep.
4505,2965,11,26,123,160,1.3,0.04674970150915372,641,I'd like to place an order for a very large grass and clover pizza.
3653,2965,8,32,120,160,1.3,0.044155243568473224,641,"I’ll be sheepless in Seattle next time, I promise."
3859,2965,11,26,123,160,1.3,0.04674970150915372,641,The landlord is my shepherd . . .
3126,2965,7,34,119,160,1.3,0.04325585720327292,641,"Miss Bo Peep?, I have someone here who would like to talk with you."
3617,2984,11,31,135,177,1.2994350282485876,0.04356731191091039,641,You were totally right — the hipsters here LOVE my ‘Artisanal Ambien’.
41,2985,8,34,125,167,1.2994011976047903,0.04290424359829468,641,"Yes, that's right . . . ten cubic yards of sod, 25th floor, penthouse suite."
2918,2985,8,34,125,167,1.2994011976047903,0.04290424359829468,641,This 3D television is something else.
6909,2985,14,22,131,167,1.2994011976047903,0.047682736080243274,641,...barely hear you… noisy here… try counting what?
7309,2985,14,22,131,167,1.2994011976047903,0.047682736080243274,641,"Yea, I actually found it on Air-bah-n-bah!"
1917,2989,8,31,118,157,1.2993630573248407,0.04469667322986063,641,Can I call you baaaaack?
308,2989,10,27,120,157,1.2993630573248407,0.04648775357524984,641,"New York, the city that never sleeps or the place where dreams come true?"
2094,2989,12,23,122,157,1.2993630573248407,0.0482123414400231,641,Working from home is not without its drawbacks.
8095,2989,13,21,123,157,1.2993630573248407,0.04905190296469115,641,"There's at least 13 of them, but how's this going to help me sleep?"
6346,2993,11,22,114,147,1.2993197278911566,0.0496140786147826,641,One medium pepperoni and six extra large with clover and hay.
4590,2993,8,28,111,147,1.2993197278911566,0.046711807034701285,641,Turns out there was no wolf after all.
3762,2993,11,22,114,147,1.2993197278911566,0.0496140786147826,641,Binge-watching my sheep.
1446,2993,10,24,113,147,1.2993197278911566,0.04866588986834901,641,I'd like to speak to Miss BoPeep.
1630,2993,10,24,113,147,1.2993197278911566,0.04866588986834901,641,"Well, I was following the GPS..."
2583,2993,11,22,114,147,1.2993197278911566,0.0496140786147826,641,Tell Little Bo I found them.
8461,2999,12,17,108,137,1.2992700729927007,0.05319843389414968,641,"I was hoping to get some sleep, but all they want to do is watch Fox News . . ."
180,2999,9,23,105,137,1.2992700729927007,0.050080402833073225,641,I do herd a lot of sheep but that doesn't make me a hoarder.
661,2999,8,25,104,137,1.2992700729927007,0.04899698501915311,641,Bo Peep? I think I can help with your little problem.
3688,2999,11,19,107,137,1.2992700729927007,0.05217979649092586,641,What?  Sorry.  I had just fallen asleep.
4942,2999,8,25,104,137,1.2992700729927007,0.04899698501915311,641,"The office is nice and the job is pretty easy, but the uniform is really wonky."
6676,2999,10,21,106,137,1.2992700729927007,0.051140873622560104,641,"You dream, We come."
3816,3005,12,28,134,174,1.2988505747126438,0.04481625577222157,641,I'm in 507 requesting housekeeping 24/7.
1584,3005,7,38,129,174,1.2988505747126438,0.04094255660269385,641,I’d like to order the 3 bails for $30 special.
131,3007,7,35,122,164,1.298780487804878,0.04253303022289477,641,"Dave, this party is shear madness."
2573,3007,9,31,124,164,1.298780487804878,0.044257113079324915,641,hello! Mid-town sheep rescue...how can I help?
3455,3007,8,33,123,164,1.298780487804878,0.043403633016475894,641,Where did you say that damn dog went......?
3531,3007,9,31,124,164,1.298780487804878,0.044257113079324915,641,"We haven’t found a producer yet, but there’s a lot of interest."
4448,3007,9,31,124,164,1.298780487804878,0.044257113079324915,641,I tried counting sheep but its too much like work.
4883,3007,11,27,126,164,1.298780487804878,0.04591650527087863,641,So what’s going on with ewe?
7095,3007,8,33,123,164,1.298780487804878,0.043403633016475894,641,"Yeah, I already tried that, but I still can't sleep."
480,3014,10,26,118,154,1.2987012987012987,0.047095297818761254,641,We're in town for an Insomniacs Anonymous meeting .
1334,3014,12,22,120,154,1.2987012987012987,0.04886442419884887,641,"Hey Greg, I've got the sheep. Do I just start counting them, or...?"
4394,3014,5,36,113,154,1.2987012987012987,0.04235038237749155,641,"Bo, I got ‘em but, you’ll never guess where!"
5235,3014,4,38,112,154,1.2987012987012987,0.04133609136936066,641,"You were right, city life is more convenient."
5254,3014,8,30,116,154,1.2987012987012987,0.04525706796723126,641,Working from home is nothing like Camila said it would be.
3091,3019,8,27,109,144,1.2986111111111112,0.0473458947750533,641,"They're better than cats , they dont ignore me.."""
5768,3019,11,21,112,144,1.2986111111111112,0.05032900797180201,641,"My rod and my DVR, they comfort me."
928,3019,11,21,112,144,1.2986111111111112,0.05032900797180201,641,"We're binge-watching, just like everybody else"
8920,3022,7,26,101,134,1.2985074626865671,0.04857970501612101,641,"Good news, dear! I found an easier way to get rid of the carpets and get down to the hardwood floors."
3321,3023,10,31,130,171,1.2982456140350878,0.043808019147143704,641,"Dear Little Bo P.,
So sorry for unfriending you.
Can we talk things over?"
4739,3023,10,31,130,171,1.2982456140350878,0.043808019147143704,641,I finally got my sheep together.
7001,3023,9,33,129,171,1.2982456140350878,0.04301561451371009,641,"This is shear madness, I tell you!"
7189,3023,12,27,132,171,1.2982456140350878,0.045351311346038446,641,"I'm at the Fields' for the night, you know, just keeping watch."
7774,3023,8,35,128,171,1.2982456140350878,0.04220833617175288,641,"If I can't find him it's no big deal, I've got 99 others just like him."
589,3028,9,30,122,161,1.2981366459627328,0.04479483986275999,641,"Hey, you up?"
688,3028,9,30,122,161,1.2981366459627328,0.04479483986275999,641,"Just sitting down for ""So Ewe Think Ewe Can Dance""."
2107,3028,7,34,120,161,1.2981366459627328,0.04302671466919966,641,Of course I know pets are not allowed.  They're livestock.
3342,3028,10,28,123,161,1.2981366459627328,0.045653230223973267,641,"No, Bo Peep is out looking for her sheep. This is the baby sitter"
4193,3028,8,32,121,161,1.2981366459627328,0.043919675850096124,641,The dog brought us up here and then ran off.
7823,3028,10,28,123,161,1.2981366459627328,0.045653230223973267,641,Hi...Bo?  I found them!
8967,3028,9,30,122,161,1.2981366459627328,0.04479483986275999,641,I can't sleep. I need more sheep.
4812,3035,8,29,114,151,1.2980132450331126,0.04583751125578329,641,The noise in the background; That's my sleep medication
4759,3035,12,21,118,151,1.2980132450331126,0.049540673402026614,641,I couldn't sleep so I summoned my staff.
1,3035,10,25,116,151,1.2980132450331126,0.047725023621001623,641,Can I please get a prescription of Ambien now?
1752,3035,14,17,120,151,1.2980132450331126,0.05129209259357012,641,What do you mean the wolf of Wallstreet is back?
2369,3035,5,35,111,151,1.2980132450331126,0.042850633319385184,641,She can't talk.  All creatures great and small is on now.
2505,3040,12,18,111,141,1.297872340425532,0.05205472224992758,641,"Yeah, my Sunday flock came over to watch the big game."
3125,3040,9,24,108,141,1.297872340425532,0.04904837143816246,641,"Bo-Peep here...no, I definitely haven't lost them..."
4801,3040,11,20,110,141,1.297872340425532,0.05107227218289184,641,"I love working from home, Mom, I'm my own boss."
7492,3040,7,28,106,141,1.297872340425532,0.046937282575246236,641,We offer upscale grazing for the modern ewe.
8176,3040,10,22,109,141,1.297872340425532,0.05007054886187757,641,They ewe-nionized.
8674,3040,9,24,108,141,1.297872340425532,0.04904837143816246,641,"Bo Peep, I've found the sheep and got us a room----hurry on over!!"
1921,3046,12,15,104,131,1.297709923664122,0.054932464261984996,641,"My therapist said temporary regression, like clinginess, is totally normal after a big move, but sometimes I just wish they'd get lost."
1279,3047,9,32,127,168,1.2976190476190477,0.043512322382735856,641,"I miss the countryside, but the flock is all hooked on Netflix."
1389,3047,10,30,128,168,1.2976190476190477,0.04432390098545984,641,Tell me again why this will help me sleep?
6185,3047,10,30,128,168,1.2976190476190477,0.04432390098545984,641,After the litter box training it was easy
8599,3050,7,33,118,158,1.2974683544303798,0.043536976558959106,641,I think someone's trying to pull the wool over my eyes.
8544,3050,14,19,125,158,1.2974683544303798,0.04959685386674731,641,I thought the prize was a Jeep Wrangler...I don’t know anything about being a sheep wrangler??!!
7459,3050,10,27,121,158,1.2974683544303798,0.04623143187427464,641,"So, I met this girl, Little Bo-Peep."
6755,3050,7,33,118,158,1.2974683544303798,0.043536976558959106,641,"Great location, fabulous views, just across the street from Central Park, but a little cramped."
6088,3050,6,35,117,158,1.2974683544303798,0.04260097032711705,641,Lassie come home. Cable's not working.
2083,3050,11,25,122,158,1.2974683544303798,0.04709533892254248,641,Many wolves roaming around Wall Street today? The flock wants some fresh air.
3830,3050,13,21,124,158,1.2974683544303798,0.04877727194499545,641,"I don't really care, do Ewe?"
3497,3050,14,19,125,158,1.2974683544303798,0.04959685386674731,641,"Found 'em. We're having a staff bleating."""
3178,3050,13,21,124,158,1.2974683544303798,0.04877727194499545,641,I counted and counted until I got an overflow error.  That woke me up.
5639,3050,8,31,119,158,1.2974683544303798,0.04445327865274734,641,"Hello, insomnia emergency hotline."
8758,3060,8,28,112,148,1.2972972972972974,0.04643917259374186,641,Yes sir! All 12 are certified fence jumpers.
7731,3060,8,28,112,148,1.2972972972972974,0.04643917259374186,641,"Hello, Mary. You said you were paying me to watch your ONE little lamb."
4720,3060,9,26,113,148,1.2972972972972974,0.047418618859563805,641,That's right - one cheese pizza and a hundred pounds of grass and clover!
6934,3060,8,28,112,148,1.2972972972972974,0.04643917259374186,641,Don't tell Mary where we are... this is gonna be the best surprise!
4535,3060,7,30,111,148,1.2972972972972974,0.045438618903242536,641,I'll have a large cheese and twelve sides of grass.
2131,3060,12,20,116,148,1.2972972972972974,0.05024252585828348,641,"I'm not so sure this ""telecommuting"" thing is right for me."
241,3060,10,35,140,185,1.2972972972972974,0.041508231401128234,641,I won’t show them Fox.”
4663,3060,10,24,114,148,1.2972972972972974,0.04837823971483269,641,Hey Donald...I found them.
8732,3068,10,32,133,175,1.2971428571428572,0.04309403603545398,641,"Hey, it's Little Bo. You would not believe where I found them!"
8062,3069,10,21,107,138,1.2971014492753623,0.0508152309446115,641,"All I told them was, ‘Let’s make America great again’."
1381,3070,11,27,127,165,1.2969696969696969,0.0456732849668507,641,Hi. I'd like to order out for a party of 14. Anything but lamb chops.
5890,3070,6,37,122,165,1.2969696969696969,0.04143066267423435,641,"Yes, I 'll take the EZ-Shear. And that's one day delivery, right?"
6625,3070,9,31,125,165,1.2969696969696969,0.044025325662036485,641,"Yes, Ms. Bo-Peep. I found them."
6839,3070,12,25,128,165,1.2969696969696969,0.04647535679981963,641,"No, we have another counting then. How's 1:30 a.m. for you?"
7510,3070,12,25,128,165,1.2969696969696969,0.04647535679981963,641,We start tomorrow as part of the natural landscaping program in Central Park.
8761,3075,7,24,97,128,1.296875,0.05004842020641091,641,I just don’t why I keep falling asleep.
8231,3076,10,26,119,155,1.2967741935483872,0.04683013859564227,641,"Bo-Peep, I can't find the remote."
4990,3076,8,30,117,155,1.2967741935483872,0.04500541656027989,641,"I know it can get messy, but counting the imaginary ones never got me to sleep."
1218,3076,11,24,120,155,1.2967741935483872,0.047716339564644286,641,I miss ewe too
2210,3076,12,22,121,155,1.2967741935483872,0.048586379181925175,641,"Yes, we all finished voting and are watching the returns."
5807,3080,13,28,141,182,1.2967032967032968,0.04406973337075292,641,"I'm the in the penthouse, baby.  Call me Big Bo Peep."
585,3081,9,25,111,145,1.296551724137931,0.04807016934787697,641,I'm still not sleepy!  Will you send over five more sheep?
3366,3081,3,37,105,145,1.296551724137931,0.041665675771015764,641,City life just isn’t for me.
4483,3081,5,33,107,145,1.296551724137931,0.043904435068469604,641,"Oh, you meant upstate? That'll be extra."
5201,3081,9,25,111,145,1.296551724137931,0.04807016934787697,641,I got money on the Rams...
5831,3081,7,29,109,145,1.296551724137931,0.04603444688390985,641,My GPS was a little off.  I'm across the street from the Sheep Meadow.
1404,3086,6,39,127,172,1.2965116279069768,0.04034644735937462,641,"Hey boss, I thought I'd give this working from home thing a try."
2935,3086,9,33,130,172,1.2965116279069768,0.042799932038916175,641,"Baa, baa, baa, baa Barbara Ann?"
4806,3086,13,25,134,172,1.2965116279069768,0.045867548512573145,641,It's getting to the point where I can't tell the tweeting from the bleating.
7480,3086,11,29,132,172,1.2965116279069768,0.0443602648159876,641,"I’ve got your sheep, Little Bo Peep!"
7744,3090,8,32,122,162,1.2962962962962963,0.04368650552737693,641,"Do I have a staff? Sure I've got a staff , who would you like to speak with"""
6383,3090,7,34,121,162,1.2962962962962963,0.04279987767613371,641,"Hey, Bo-Peep, they're home, now what?"
5609,3090,12,24,126,162,1.2962962962962963,0.04706629058678449,641,"I think we might be taking the whole ""artisanal"" thing a little too far."
6163,3090,12,24,126,162,1.2962962962962963,0.04706629058678449,641,They won't stop bleating until I put on The Wolf of Wall Street
3496,3090,10,28,124,162,1.2962962962962963,0.0454078543579917,641,"I know, I know, I didn’t think I’d get so many followers!"
5460,3090,9,30,123,162,1.2962962962962963,0.04455549350299086,641,They may be a little TOO domesticated.
752,3090,11,18,106,135,1.2962962962962963,0.052651187004546594,641,I think they're all here but I keep falling asleep when try and count them.
1451,3097,9,27,116,152,1.2960526315789473,0.04652326367761186,641,I think I’ll work from home today.
1570,3097,8,29,115,152,1.2960526315789473,0.04557713996595138,641,"A white male, fluffy hair; have you seen him?"""
1663,3097,9,27,116,152,1.2960526315789473,0.04652326367761186,641,What can I say? They love 'Fox and Friends.
3061,3097,9,27,116,152,1.2960526315789473,0.04652326367761186,641,I'd love a dog but unfortunately my landlord won't let me have  a pet.
3515,3097,7,31,114,152,1.2960526315789473,0.04461095506414591,641,"You can’t miss him, officer; he has three full bags. Well, he self identifies as gray."
4728,3097,8,29,115,152,1.2960526315789473,0.04557713996595138,641,...and a pair of knitting needles.
5362,3097,11,23,118,152,1.2960526315789473,0.04836001255891019,641,"""For goodness' sake, Mary, get yourself home now!"""
7901,3097,7,31,114,152,1.2960526315789473,0.04461095506414591,641,The best part of working from home is you never have to get out of your bathrobe.
2773,3105,11,28,130,169,1.2958579881656804,0.0448876609541568,641,There's no more grazing in Central Park
1821,3105,7,36,126,169,1.2958579881656804,0.04163090911085884,641,"Actually, I solved the sheep dog problem"
8150,3105,6,38,125,169,1.2958579881656804,0.040776098578234575,641,"Mom an d Dad, I want to quit the family business."
2544,3108,8,26,108,142,1.295774647887324,0.04771131137665376,641,"Hello room service? Could you send up your salmon carpaccio with lemon aioli, a nice oaked chardonnay and a creme brûlée for dessert. Oh, and a large bail of your very best hay."
311,3109,9,29,121,159,1.2955974842767295,0.04510375933248631,641,Smart TV: I said Sleep
572,3109,10,27,122,159,1.2955974842767295,0.0459778272847125,641,I have a message for Miss Peep.
2086,3109,9,29,121,159,1.2955974842767295,0.04510375933248631,641,It's actually the one where Lassie saves a bunch of sheep.
2367,3109,9,29,121,159,1.2955974842767295,0.04510375933248631,641,Where again was the right turn?
2833,3109,9,29,121,159,1.2955974842767295,0.04510375933248631,641,"Hey, Bo Peep, I was just wondering if you're doing anything tonight."
1842,3114,13,26,137,176,1.2954545454545454,0.04509598840264848,641,I brought my work home with me today but I keep falling asleep.
3706,3114,6,27,99,132,1.2954545454545454,0.04778052942215806,641,I really need to stop taking my work home with me
1111,3116,6,32,111,149,1.2953020134228188,0.04416153143175798,641,"I can assure you that the wool coats that I am offering are genuine."""
4703,3116,7,30,112,149,1.2953020134228188,0.045176715019635424,641,They had a special — sheep stay free if accompanied by a shepherd
2689,3116,10,24,115,149,1.2953020134228188,0.04809386389828714,641,"I've rallied their trust, but now it's like they expect me to actually lead them somewhere. I don't understand."
340,3116,10,24,115,149,1.2953020134228188,0.04809386389828714,641,Tell Little Bo Peep I found them.
4144,3116,10,24,115,149,1.2953020134228188,0.04809386389828714,641,"Oh, we're safe.  He will never look in his own building."
5846,3121,12,25,129,166,1.2951807228915662,0.04622916415042799,641,It's ok. I finally found them.
3211,3121,7,35,124,166,1.2951807228915662,0.04209559201874108,641,Never again! That's the last time I cover for Little Bo-Peep.
941,3121,9,31,126,166,1.2951807228915662,0.043795862449138565,641,That's when I realized I was letting the sheep herd me.
2528,3121,14,21,131,166,1.2951807228915662,0.04778257337463926,641,Apparently the building has a ‘No dog’ policy. The herd’s a mess
6178,3125,10,21,108,139,1.2949640287769784,0.050493588529071806,641,You didn’t say the job had to be in the country.
7070,3125,7,27,105,139,1.2949640287769784,0.047294917685490004,641,"No, I sold the beehives. 2019 is all about urban sheephearding."
8315,3125,9,23,107,139,1.2949640287769784,0.04945035963456586,641,"You're right, Sheepshead Bay is much more peaceful than Manhattan."
1333,3128,8,30,118,156,1.294871794871795,0.04475643922134656,641,"No, It was not a sheepless night"
1368,3128,10,26,120,156,1.294871794871795,0.046567851825606826,641,"No, this is the Los Angeles Lambs.... but we are waiting for the Rams too."
3277,3128,11,24,121,156,1.294871794871795,0.04744763228645309,641,"Hi mom, i couldn’t sleep"
4843,3128,12,22,122,156,1.294871794871795,0.04831139405491481,641,"I assure you, my eBay account was hacked, I did not order a herd of sheep with a free Shepard's crook!."
6024,3128,7,32,117,156,1.294871794871795,0.04382266383773693,641,Morning Helen. Tell him I'm working from home today.
7345,3128,7,32,117,156,1.294871794871795,0.04382266383773693,641,"Yes, I know""winter is coming"". We are all set!"
8283,3134,12,27,134,173,1.2947976878612717,0.04489136336319758,641,This working from home has its pros..... and its cons.
3679,3134,15,21,137,173,1.2947976878612717,0.047083696859780505,641,Hi Bo Peep! Guess what?
3309,3134,8,35,130,173,1.2947976878612717,0.041789725580624264,641,"It was raining, so I got us a hotel room."
5667,3137,10,18,101,129,1.2945736434108528,0.053241693286109115,641,I've counted them ten times. Can you think of anything else I could do with them to put me to sleep?
2582,3138,13,17,116,146,1.2945205479452055,0.05158591003592994,641,Quit calling me a dog. I’m a German Shepherd.
5915,3138,10,23,113,146,1.2945205479452055,0.04876152356485978,641,"So, when do you expect to have more Ambien?"
7442,3140,10,28,125,163,1.294478527607362,0.04516501369728003,641,I've got to get the flock out of the city.
508,3140,13,22,128,163,1.294478527607362,0.04761406880736285,641,Speak to a representative.
1105,3140,10,28,125,163,1.294478527607362,0.04516501369728003,641,Nothing was said about this on AirB& B.
1113,3140,12,24,127,163,1.294478527607362,0.0468119555920638,641,"""I have literally tried counting sheep but, I still can't sleep!"""
3286,3140,8,32,123,163,1.294478527607362,0.04345569856989565,641,Bo Peep? Boy Blue here. I think I know where your lost sheep are.
3479,3140,13,22,128,163,1.294478527607362,0.04761406880736285,641,"Yes, that's exactly what I herd."
5480,3140,7,34,122,163,1.294478527607362,0.042575314163946,641,"Screw the sheep, I'm buying my woolen socks online!"
8915,3140,10,28,125,163,1.294478527607362,0.04516501369728003,641,Hello? I’m looking for a Bo Peep.
8551,3148,9,27,117,153,1.2941176470588236,0.046258677391591126,641,I just have to give each of the condo Board members a sweater.
8350,3148,10,25,118,153,1.2941176470588236,0.04717906893978311,641,2A had outdoor space but no view.
6812,3148,8,34,128,170,1.2941176470588236,0.042253819112864265,641,"Hey, Larry. Remember when I told you I was able to book the Jean Shepherd Suite at the Comedy Hotel?"
6666,3148,11,23,119,153,1.2941176470588236,0.04808184540999141,641,"Yeah, I 'very decided to work from home today."
7740,3148,10,25,118,153,1.2941176470588236,0.04717906893978311,641,"For the last time, you can't rent my sheep for a stupid sleeping experiment."
3768,3148,10,25,118,153,1.2941176470588236,0.04717906893978311,641,I can’t leave until Bo comes back.
3693,3148,9,27,117,153,1.2941176470588236,0.046258677391591126,641,"Oh, just kicking back until shearing season gets here. You?"
4905,3148,10,30,130,170,1.2941176470588236,0.043870405949469046,641,They follow me around like a bunch of damn sheep.
95,3156,10,27,123,160,1.29375,0.0457268990032435,641,"Hello, Wilburn Sod Farm? Do you deliver?"
194,3156,8,31,121,160,1.29375,0.04397404448137918,641,Just waiting for the dog to come back with pizza.  You?
410,3156,8,31,121,160,1.29375,0.04397404448137918,641,Netflocks and chill?
2229,3156,7,33,120,160,1.29375,0.043070874565639565,641,They also would like to be returned
4303,3156,12,23,125,160,1.29375,0.04741499759417211,641,Is Dad still having trouble sleeping? If so I can come over.
5861,3156,9,29,122,160,1.29375,0.04485903409851324,641,"Hi, Mary.  No, there's not a little lamb in the bunch."
6991,3156,12,23,125,160,1.29375,0.04741499759417211,641,"Help me, get the flock outta here!"
7471,3156,10,27,123,160,1.29375,0.0457268990032435,641,What do you mean you're out of mangers?
8943,3164,5,32,106,143,1.2937062937062938,0.044196502368916084,641,"Of course, I tried  counting sheep, I count them every every night!"
8399,3164,9,24,110,143,1.2937062937062938,0.04844897363829027,641,"Oh, Hi Peep. Not much. How about you?"
7886,3164,8,26,109,143,1.2937062937062938,0.04742161944054853,641,I left them alone as you said and they came home.
557,3164,10,22,111,143,1.2937062937062938,0.049454990676809155,641,"Hello,  Miss Bo Peep?   I think I found what you lost, and I would 
 be GLAD, make that ecstatic, to tell you where to find them."
1571,3164,8,26,109,143,1.2937062937062938,0.04742161944054853,641,"Mary?  Yes, it’s the boy down the lane again."
5350,3164,10,22,111,143,1.2937062937062938,0.049454990676809155,641,Airbnb has changed my life.
3194,3170,9,31,127,167,1.2934131736526946,0.043568690698039154,641,They told me I was buying a Sleep Number 12.
4599,3170,7,35,125,167,1.2934131736526946,0.04188007969615103,641,"It's much cozier, and we all agree, safer."
7092,3170,11,27,129,167,1.2934131736526946,0.045194253428138896,641,The Wolf of Wall Street? Not what I expected.
7403,3170,12,25,130,167,1.2934131736526946,0.045985491296925,641,"No, these aren't pets, I work from home."
2043,3174,11,22,117,150,1.2933333333333332,0.04873951827123914,641,Tomorrow works better for me. I’m working from home today.
7429,3174,4,36,110,150,1.2933333333333332,0.04182275016090675,641,"Ms. Bo Peep, you say? Can you describe your lost sheep, m'am?"
3572,3174,8,28,114,150,1.2933333333333332,0.04590298754409703,641,Hello. You have reached Party Animals. Mary speaking.
1405,3174,11,22,117,150,1.2933333333333332,0.04873951827123914,641,Mutton. What are you up to?
2052,3174,4,36,110,150,1.2933333333333332,0.04182275016090675,641,You’re coming for dinner? Can you bring a bottle of Mouton Cadet?
618,3174,10,24,116,150,1.2933333333333332,0.047812709426463984,641,I'm getting a dog.
451,3174,11,22,117,150,1.2933333333333332,0.04873951827123914,641,"Before I book the room, are you sure you're a pet friendly hotel?"
346,3174,11,22,117,150,1.2933333333333332,0.04873951827123914,641,"Yes, Peep.  First name’s Bo."
693,3174,11,22,117,150,1.2933333333333332,0.04873951827123914,641,I'm working on a plan to bridge the urban-rural divide.
4421,3183,10,31,133,174,1.293103448275862,0.04315159094718724,641,"Yes, I’ve  trained them to count. 
But I still can’t sleep."
516,3184,7,32,118,157,1.2929936305732483,0.043583131406531896,641,You'll never guess who followed me home.
685,3184,4,38,115,157,1.2929936305732483,0.04067568550393104,641,Ever since election day they demand to be counted but I keep falling asleep
1051,3184,14,18,125,157,1.2929936305732483,0.049710205838396776,641,I'm going to try a homeopathic solution to my insomnia.
3324,3184,7,32,118,157,1.2929936305732483,0.043583131406531896,641,"Hello Mary, I think you better get over here!"
6968,3184,11,24,122,157,1.2929936305732483,0.047181846217708094,641,"Bleating?  There's no bleating, it's the TV."
7608,3184,11,24,122,157,1.2929936305732483,0.047181846217708094,641,"Little Bo Peep, this is detective Jones, I think we have solved the case."
5775,3190,5,31,104,140,1.292857142857143,0.04476319854099585,641,I'm on hold for a Ms. Bo Peep.
1938,3190,8,25,107,140,1.292857142857143,0.048083975629902284,641,"Yea, I lost one. Would you check the meadow in the lobby?"
5438,3190,12,17,111,140,1.292857142857143,0.052183986088188666,641,This natural sleep aid is not working.
1409,3190,12,17,111,140,1.292857142857143,0.052183986088188666,641,Wrong number. This isn't Andy Shepherd. I'm just A Shepherd.
5822,3194,11,26,127,164,1.2926829268292683,0.045749784446529385,641,"I trained them to jump over the bed, and now I sleep without pills! The guy downstairs is becomg difficult, though... Need any wool?"
2320,3194,7,34,123,164,1.2926829268292683,0.042352992580866784,641,I keep telling them to get lost.
2458,3194,11,26,127,164,1.2926829268292683,0.045749784446529385,641,The dog quit and I can't find another one on Linkedin. Can you get me a temp?
2584,3194,10,28,126,164,1.2926829268292683,0.04492467114867582,641,This is actually not helping me go to sleep at all.
4902,3194,11,26,127,164,1.2926829268292683,0.045749784446529385,641,"Honey, the breeder assured me that these sheep doodles do not shed."
5046,3194,9,30,125,164,1.2926829268292683,0.04408411708007125,641,I like to take work home with me.
6801,3194,9,30,125,164,1.2926829268292683,0.04408411708007125,641,We're waiting for the dog to get back from his walk.
7109,3201,8,27,112,147,1.2925170068027212,0.04650779467361549,641,NYC is such a livable city once you learn to separate the sheep from the goats.
6120,3201,11,21,115,147,1.2925170068027212,0.04942204817437088,641,"Hey, Barbara? Last time I ""cat-sit"" for you."
3036,3201,7,29,111,147,1.2925170068027212,0.04549491186152165,641,"Trust me, Bob.  I don’t know why you always think I’m trying to pull the wool over your eyes..."
4557,3201,10,23,114,147,1.2925170068027212,0.04847010300829041,641,"Today?
Not much.
Ewe?"
5177,3201,10,23,114,147,1.2925170068027212,0.04847010300829041,641,"just hanging out, watching some shear nonsense"
8264,3206,13,24,134,171,1.2923976608187135,0.04595061622784572,641,"No Janet, I told you I was working from home today. It’s on my Outlook calendar."
8333,3206,8,34,129,171,1.2923976608187135,0.04204119270069229,641,"What do you mean all I ever say is, “Bah, Bah, Bah?”"
6652,3206,9,32,130,171,1.2923976608187135,0.042851619961223705,641,"No, sheepherder is not a pseudonym."
2319,3206,9,32,130,171,1.2923976608187135,0.042851619961223705,641,I think they are happy with the room.
2657,3206,9,32,130,171,1.2923976608187135,0.042851619961223705,641,"Like any good urban minister, I'm multi-tasking, catching the game and tending to my flock."
1985,3206,12,26,133,171,1.2923976608187135,0.045195792747935684,641,Herding cats? Now that's hard work!
954,3206,10,30,131,171,1.2923976608187135,0.04364700199218211,641,"Nope, still can't sleep."
3587,3213,6,26,98,130,1.2923076923076924,0.04815765434045453,641,I guess I fell asleep at 25.
7642,3214,9,27,118,154,1.2922077922077921,0.04599698166169869,641,They LOVE Times Square.
5097,3214,9,27,118,154,1.2922077922077921,0.04599698166169869,641,"""But the Airbnb listing said pets allowed."
1313,3214,12,21,121,154,1.2922077922077921,0.04868644200860737,641,"Apparently, the suit comes ""some assembly required""."
2611,3214,7,31,116,154,1.2922077922077921,0.0441130076773214,641,"Yes sir, I can hear you’re upset but I promise you I actually said flock of ewes”."
4171,3214,12,21,121,154,1.2922077922077921,0.04868644200860737,641,"To go after prominent abusive shepherd leaders, they want lawyers and a social media agency working under #ewetoo."
4848,3214,9,27,118,154,1.2922077922077921,0.04599698166169869,641,I'm feeling too sheepish to go out.
5652,3220,10,32,136,178,1.2921348314606742,0.042463119409665635,641,The only P.E. course left was Urban Sheepherding.
1494,3220,7,38,133,178,1.2921348314606742,0.040158144800190726,641,"Oh, I've adapted pretty well to the new place, but the sheep are having a rougher time."
518,3222,7,19,87,113,1.2920353982300885,0.05433399765409452,641,"Yes, I'm calling about constantly getting fleeced on my data plan."
6443,3223,7,26,104,137,1.2919708029197081,0.04765945636245658,641,The Andersons are coming for dinner. Remember the mint jelly.
7377,3223,7,26,104,137,1.2919708029197081,0.04765945636245658,641,"I don't know how many, I lost count..."
3608,3225,9,29,123,161,1.2919254658385093,0.04461685713308811,641,"Okay,  you wanted to watch the Rams game, so watch it."
3954,3225,7,33,121,161,1.2919254658385093,0.042841386967846944,641,"Honestly, Bishop, I am at work. I'm just watching over my flock as we speak."
2856,3225,9,29,123,161,1.2919254658385093,0.04461685713308811,641,Hello 911 ?  I need some help getting the flock outta here
5284,3225,11,25,125,161,1.2919254658385093,0.04632432885147918,641,"Oh yeah, they figured out house training fast after I ate one."
2781,3225,12,23,126,161,1.2919254658385093,0.04715488516678607,641,"Look, 'fields where they lay' wasn't working for me."
5369,3225,11,25,125,161,1.2919254658385093,0.04632432885147918,641,.... just watching a  flic with my flock
7085,3225,7,33,121,161,1.2919254658385093,0.042841386967846944,641,"Hello, I am calling for Wolf."
877,3225,7,33,121,161,1.2919254658385093,0.042841386967846944,641,"But, the ad said pets allowed."
7043,3225,9,29,123,161,1.2919254658385093,0.04461685713308811,641,"Yes Mr. President, we’re headed to the polls now."
8477,3234,8,26,110,144,1.2916666666666667,0.04713530096155743,641,"Hello, Little Bo Peep? Guess what."
8493,3234,5,32,107,144,1.2916666666666667,0.04393587720031666,641,I’m calling this new look ‘Urban Shepherd’
2389,3234,8,33,127,168,1.2916666666666667,0.042513493276144954,641,It seems that Sheep  Meadow is no longer in Central Park.
8672,3234,6,30,108,144,1.2916666666666667,0.04502761821911528,641,"The nights are better, but the days are lousy."
3322,3234,11,27,130,168,1.2916666666666667,0.04495837084270246,641,"Yeah, so far working from home is going ok."
7259,3239,6,32,113,151,1.2913907284768211,0.043661758287244556,641,Your household cleaning service came highly recommended...can you come today?
561,3239,7,30,114,151,1.2913907284768211,0.044661497483675136,641,I hate working on the road.
2047,3239,6,32,113,151,1.2913907284768211,0.043661758287244556,641,"I've counted them several times, but I'm still wide awake."
2401,3239,10,24,117,151,1.2913907284768211,0.04753472435742082,641,I promise you there’s lots more work to do here. The city never sleeps!
2471,3239,9,26,116,151,1.2913907284768211,0.04659667154406444,641,"Everyone quiet down, I'm on the phone with the landlord."
3413,3239,13,18,120,151,1.2913907284768211,0.050243911889776574,641,"Yeah, tell BoPeep her sheep are here with me, and it will cost her to get them back!!"
4355,3239,5,34,112,151,1.2913907284768211,0.04263858482622537,641,I tried counting them but I’m still awake.
3743,3246,7,23,97,127,1.2913385826771653,0.05013447261506803,641,I honestly can't tell them apart.
4652,3247,7,39,136,182,1.2912087912087913,0.03956457118583799,641,Mr. Peep here ..I’d like to order room service for twenty ...
8683,3247,14,25,143,182,1.2912087912087913,0.04461327905887282,641,"Oh, nothing much. Just watching TV and wool-gathering."
6183,3249,10,26,122,158,1.2911392405063291,0.046051719860048704,641,Can I call you back? I'm in a committee meeting.
5119,3249,8,30,120,158,1.2911392405063291,0.044266348300955535,641,"Yeah, Mary will be home any time now with yet another lamb."
5005,3249,5,36,117,158,1.2911392405063291,0.04144433165887908,641,"Hello, room service? Please send up 12 bales of grass to room 1942."
4810,3249,10,26,122,158,1.2911392405063291,0.046051719860048704,641,I thought they had 300 count sheets!
2800,3249,9,28,121,158,1.2911392405063291,0.045167856347019135,641,She hates when I bring my work home
1057,3249,6,34,118,158,1.2911392405063291,0.04240587555675055,641,Youtube says I'm doing it right.
6852,3249,10,26,122,158,1.2911392405063291,0.046051719860048704,641,"Yo, Bopeep!
Got your sheep.
In 2503.
Bring cash. Unmarked bills."
6441,3249,5,36,117,158,1.2911392405063291,0.04144433165887908,641,You didn't say I had to assemble the mattress myself.
231,3249,9,28,121,158,1.2911392405063291,0.045167856347019135,641,I tried but just kept falling asleep.
6750,3249,9,28,121,158,1.2911392405063291,0.045167856347019135,641,We're staying in tonight. The Nature Channel and dinner delivered.
776,3259,10,19,105,134,1.291044776119403,0.05170705844374113,641,A what is born in the city of where now?
1674,3260,8,32,125,165,1.290909090909091,0.04300104144408387,641,Yes...we've arrived at our winter pasture-
1526,3260,11,26,128,165,1.290909090909091,0.04550625292526283,641,"Yes, just woke from a nap and here they are. Now what?"
747,3260,9,30,126,165,1.290909090909091,0.043852017003590725,641,I’m ready to give warm milk a try.
1981,3260,11,26,128,165,1.290909090909091,0.04550625292526283,641,"It's just me and my staff, ewe want to come over?"
7301,3260,10,28,127,165,1.290909090909091,0.04468679027733588,641,"No, I don't know a Ms. Peep."
3897,3260,13,22,130,165,1.290909090909091,0.04710242791314237,641,I’ll call you baack.
8994,3266,11,19,111,141,1.2907801418439717,0.05086785539495573,641,"Watching the Senate hearings puts things into perspective,somehow."
7148,3266,8,25,108,141,1.2907801418439717,0.04778689511467523,641,"It's too noisy, I'll have to call you baaack"
6207,3266,5,31,105,141,1.2907801418439717,0.04449310032937485,641,I thought you'd said that the price was *steep*.
5689,3266,5,31,105,141,1.2907801418439717,0.04449310032937485,641,"Hello? Bo Peep? Yes, yes... I can explain"
4799,3266,7,27,107,141,1.2907801418439717,0.04671477520129208,641,Can I get room service for a small mushroom pizza and a bale of silage?
528,3271,10,30,132,172,1.2906976744186047,0.04342578573955151,641,"No, ewe hang up first."
5179,3271,10,30,132,172,1.2906976744186047,0.04342578573955151,641,Can you send up a couple of tubs of Woolite?
6223,3271,9,32,131,172,1.2906976744186047,0.04263565891472868,641,"Hello Serta Mattress, I think we had our packages mixed up."
3708,3274,10,23,115,148,1.2905405405405406,0.04818204353884149,641,I'm not trying to fall asleep
1691,3274,6,31,111,148,1.2905405405405406,0.04420174958245293,641,"Remember, when we're in the park, no eye contact."
2467,3274,9,25,114,148,1.2905405405405406,0.04721843555457532,641,"It took all night, but I finished counting."
7075,3274,7,29,112,148,1.2905405405405406,0.04522967310855908,641,The Wolf of Wallstreet says we have nothing to fear.
7304,3274,10,23,115,148,1.2905405405405406,0.04818204353884149,641,"I'm not sure, what does she look like?"
7652,3274,11,21,116,148,1.2905405405405406,0.049126754247925356,641,Bo Peep here in Apt. 7B.  Toilet's clogged.
2915,3280,11,23,121,155,1.2903225806451613,0.04753473532987144,641,"The sheep-walker just buzzed, I've gotta get the flock outta here."
1977,3280,10,25,120,155,1.2903225806451613,0.046645084224594915,641,Apparently that darn Collie is an embezzler.
432,3280,10,25,120,155,1.2903225806451613,0.046645084224594915,641,I feel like the new leash law is an affront to our simple way of life.
162,3280,9,27,119,155,1.2903225806451613,0.04573813181316198,641,Hello?  Ewe-ber?
0,3280,8,29,118,155,1.2903225806451613,0.04481282764116549,641,"They like the view, but they wish it had more than one baaathroom."
3737,3280,8,29,118,155,1.2903225806451613,0.04481282764116549,641,"I love New York, but for some reason I didn't get any sleep last night."
2999,3280,8,29,118,155,1.2903225806451613,0.04481282764116549,641,Bo? I this little Bo? I think I have something for you.
4783,3287,10,27,125,162,1.2901234567901234,0.04523291185758809,641,"Look, I woulda liked a larger suite too, but when it came to booking criteria, I made an executive decision that the hotel’s emotional support animal policy was the most important thing."
7370,3287,9,29,124,162,1.2901234567901234,0.04437719097706396,641,"I said, 'I need to get some sleep'."
8496,3287,9,29,124,162,1.2901234567901234,0.04437719097706396,641,Oh you haven't herd? Me and the boys are on the lamb.
8611,3287,10,27,125,162,1.2901234567901234,0.04523291185758809,641,I think I've taken this insomnia cure thing a couple of steps too far.
8804,3287,8,31,123,162,1.2901234567901234,0.04350464162492643,641,This Little Bo Peep has lost lots of sleep.
7974,3287,13,21,128,162,1.2901234567901234,0.04770807084153488,641,"Yes, a bale of forbs with a side of clover, please, and I'll have the lamb chops. Rare."
3751,3287,12,23,127,162,1.2901234567901234,0.046897534981269376,641,The auditor should be here in about 15 minutes.   Can you believe that they're actually questioning my entitlement to a farm subsidy?
2837,3294,6,26,99,131,1.2900763358778626,0.047840689848757445,641,"Guys, it doesn't look good for the Rams."""
3848,3294,10,18,103,131,1.2900763358778626,0.052521337126830714,641,"But if I close my eyes, it’s impossible to count them!"
8899,3296,8,33,128,169,1.2899408284023668,0.04229641017081357,641,"I'm three bags short, and you send me this?"
7876,3296,10,29,130,169,1.2899408284023668,0.043930297854750236,641,So I asked them. Do you want to graze in the meadow or watch TV?
7516,3296,7,35,127,169,1.2899408284023668,0.04145532456998758,641,"Well, when I said ""ewe-all"" oughta drop by, I meant ""ya'll""."
4564,3296,8,33,128,169,1.2899408284023668,0.04229641017081357,641,I’m going to be working remotely today.
1481,3296,9,31,129,169,1.2899408284023668,0.04312109334736757,641,All the reviews said this place is close to a great watering hole.
2024,3296,9,31,129,169,1.2899408284023668,0.04312109334736757,641,I think your new show is a hit. They are flocking to see it.
163,3302,11,18,109,138,1.289855072463768,0.05163455240521216,641,Make that pizza half pepperoni and half grass.
1910,3302,7,26,105,138,1.289855072463768,0.04736011941389737,641,I’ll take 15 thistle/clover pizzas with the whole grain crust.
5407,3302,9,22,107,138,1.289855072463768,0.049543455233689644,641,Housekeeping? I am going to need the really deep clean service.
7764,3302,7,26,105,138,1.289855072463768,0.04736011941389737,641,Tell Bo Peep I found her sheep...but they have a few demands.
3542,3306,9,33,134,176,1.2897727272727273,0.04195761269760439,641,"Rent a sheep speaking, how may I help you ?"
3024,3307,5,32,108,145,1.289655172413793,0.04367816091954022,641,Just woolgathering. What are you up to?
6274,3307,7,28,110,145,1.289655172413793,0.04581869293791896,641,Hello? I need a refund on my Ambien.
6836,3307,9,24,112,145,1.289655172413793,0.04786359267507359,641,"I think I put up too many ""lost sheep"" posters."
7964,3307,8,26,111,145,1.289655172413793,0.046852300510778884,641,Should have swiped left.
946,3307,7,28,110,145,1.289655172413793,0.04581869293791896,641,"Yes, they’re home, Bo. No, they’re not wagging their tails behind them."
889,3307,7,28,110,145,1.289655172413793,0.04581869293791896,641,"Wow, this is way harder in real life."
4973,3313,11,22,119,152,1.2894736842105263,0.048172943992279234,641,Holy sheep. Get the flock outta here...
8002,3313,10,24,118,152,1.2894736842105263,0.04725985777742666,641,I should finally get a good night’s sleep.
1358,3313,6,32,114,152,1.2894736842105263,0.04341590324040133,641,"I've been having trouble sleeping, but I think I have it all covered now."
7851,3313,9,26,117,152,1.2894736842105263,0.046328779191793075,641,"'Yes, this is Mrs. Bo Peep... Oh no don't worry I've found them'"
4009,3313,9,26,117,152,1.2894736842105263,0.046328779191793075,641,"Yes, my family and I love your place!  I was just wondering where you keep the clover."
1682,3313,8,28,116,152,1.2894736842105263,0.04537860074596002,641,I'm into wool futures and long walks in the park. You?
1452,3319,12,22,125,159,1.2893081761006289,0.047504320361040596,641,"Well, yes, I am feeling a little sheepish about this."
4514,3319,8,30,121,159,1.2893081761006289,0.0440251572327044,641,"Yes Mom, I remember I always swore I would never bring my work home like Dad did but I really love it and my insomnia is completely gone!"
7803,3319,9,28,122,159,1.2893081761006289,0.04492021777846088,641,I have counted them several times already and I am still awake!
7423,3319,4,38,117,159,1.2893081761006289,0.04024634748352094,641,What do you mean? I should count them?
7232,3319,8,30,121,159,1.2893081761006289,0.0440251572327044,641,"No, I can't help you fall asleep."
3907,3324,11,26,129,166,1.2891566265060241,0.04526522461680426,641,"Seriously, Bo-Peep? You can't find them?"
7946,3324,11,26,129,166,1.2891566265060241,0.04526522461680426,641,Sorry about the noise. Perhaps YOU should try counting sheep
8411,3324,9,30,127,166,1.2891566265060241,0.04362226334515639,641,I've heard of landlords fleecing their tenants but this is ridiculous!
7829,3324,8,32,126,166,1.2891566265060241,0.042777126004751545,641,"Yes, of course I tried Febreeze."
2844,3328,8,21,99,128,1.2890625,0.051013767718148216,641,"Pardon my accent, gentleman, 
but what I asked for was a C-H-E-A-P delivery!"
7390,3328,10,17,101,128,1.2890625,0.053371036048845494,641,Who said this is the city that never sheeps?
6665,3330,8,34,131,173,1.2890173410404624,0.04162204432912362,641,"I know the lease said no pets, but how would they find out?"
8049,3330,10,30,133,173,1.2890173410404624,0.04320672684185774,641,Hello? Little Bo Peep?  I think I have something that belongs to you.
8130,3330,12,26,135,173,1.2890173410404624,0.0447353094841009,641,I am not sure how this will help my sleep.
8173,3330,13,24,136,173,1.2890173410404624,0.04548033915621097,641,"If I could turn off the news, I wouldn't need the sheep!"
7315,3334,11,17,107,135,1.288888888888889,0.05243297510698884,641,Got a lot of sheep watching the news these days
7584,3334,8,23,104,135,1.288888888888889,0.049168505367048546,641,Determining the Nielsen ratings for a nation of sheep.
1952,3336,5,31,106,142,1.2887323943661972,0.044226090148175225,641,"No, sorry this is her older brother Big Bo-Peep."
9047,3336,9,23,110,142,1.2887323943661972,0.048533571198323196,641,Life was getting a little dull out in the country.
6699,3336,10,21,111,142,1.2887323943661972,0.04955196922554898,641,It's like herding cats.
4939,3336,12,17,113,142,1.2887323943661972,0.05152841833264287,641,"Hello, is this The DIY Wool Sweater company?"
3735,3336,11,19,112,142,1.2887323943661972,0.05054985435188512,641,"Hello, hello, is that you Mary?"
2681,3336,9,23,110,142,1.2887323943661972,0.048533571198323196,641,"We've had some ewe time; now I'm taking a little ""me"" time."
797,3336,9,23,110,142,1.2887323943661972,0.048533571198323196,641,"Operator, if a Ms. Peep calls, please tell her not to worry, we're in Room 1512."
332,3343,9,25,115,149,1.2885906040268456,0.04694098051275167,641,"No, I'm trying to reach BO Peep! B as in boy...sure, I'll wait..."
2637,3343,7,29,113,149,1.2885906040268456,0.04496739049982912,641,"That's right, four bales of hay and a pepperoni pizza for room 321."
3453,3343,9,25,115,149,1.2885906040268456,0.04694098051275167,641,"Yes sir, yes sir, three bags full......approximately, every time I count I fall asleep."
7547,3343,7,29,113,149,1.2885906040268456,0.04496739049982912,641,Bo?  I know where to find them.
8393,3343,9,25,115,149,1.2885906040268456,0.04694098051275167,641,"Look, I love my base, I just wish they'd stay out of my tower."
8785,3343,7,29,113,149,1.2885906040268456,0.04496739049982912,641,"No, Mary isn't here, why do you ask?"
2752,3349,9,27,120,156,1.2884615384615385,0.04548208400724727,641,The PETA folks think it's the final solution.
5034,3349,8,29,119,156,1.2884615384615385,0.04456351624034515,641,"I told him I was a good shepherd, not the Good Shepherd."
6186,3349,8,29,119,156,1.2884615384615385,0.04456351624034515,641,Don't call me when I'm on vacation.
7821,3349,8,29,119,156,1.2884615384615385,0.04456351624034515,641,"Lease says nothing about ""no sheep""."
2185,3349,8,29,119,156,1.2884615384615385,0.04456351624034515,641,Alfalpha Phil's? Do you deliver?
1722,3349,11,23,122,156,1.2884615384615385,0.04726569514478638,641,"Ok, so what do I do? Count them?"
1519,3349,9,27,120,156,1.2884615384615385,0.04548208400724727,641,I counted them all -- twice! And still can't sleep...
1342,3349,6,33,117,156,1.2884615384615385,0.042667095141641895,641,I’m sheparding a project right now.
847,3349,9,27,120,156,1.2884615384615385,0.04548208400724727,641,"Little Bo-Peep? Yeah, you probably can guess why I'm calling."
1436,3349,10,25,121,156,1.2884615384615385,0.04638246383689735,641,"No, I haven't needed my sleeping pills dear!"
3597,3359,9,29,125,163,1.2883435582822085,0.044139998834525074,641,Everything's fine. Just checked into my Air Bleat N Bleat.
6187,3359,10,27,126,163,1.2883435582822085,0.04498977505112473,641,"Um, Bo Peep, I think I found your sheep."
2179,3359,10,27,126,163,1.2883435582822085,0.04498977505112473,641,"Charge it to B. Peep, room 109"
177,3359,7,33,123,163,1.2883435582822085,0.0423893709912522,641,"Bo-Peep, you left them alone - they won’t coming be home."
5710,3363,13,23,134,170,1.2882352941176471,0.04603168999832042,641,"Hello, Sheep's Meadow?  I'd like to make a reservation for 12 for next Tuesday, 8 a.m."
3988,3364,10,31,136,177,1.2881355932203389,0.042513889670317544,641,Yes? Shepherd speaking...
6310,3365,6,24,95,125,1.288,0.04927343064717471,641,What was I to do?  Bo Peep gave me her staff and just left.
248,3366,6,26,100,132,1.2878787878787878,0.04752770845327204,641,Come blow your horn.
2165,3366,5,28,99,132,1.2878787878787878,0.046294952746657965,641,They booted us from the Sheep’s Meadow so I took a parkside room at the Pierre Hotel
2168,3366,6,26,100,132,1.2878787878787878,0.04752770845327204,641,"And just one last question, is your rental pet-friendly?"
621,3369,8,24,107,139,1.2877697841726619,0.04815932563978985,641,Tell Bo Peep I found her sheep.
6729,3369,10,20,109,139,1.2877697841726619,0.05027772344875953,641,Sam was no longer sheepless in Seattle.
4353,3369,9,22,108,139,1.2877697841726619,0.049229920380137036,641,"Sure, come over... We’re watching the silence of the lambs tonight."
539,3372,8,26,112,146,1.2876712328767124,0.04657256375606114,641,I've been counting since midnight and I still can't fall asleep.
7718,3372,6,30,110,146,1.2876712328767124,0.044497832219482995,641,"Yes, you are calling at a baaad time."
4786,3374,9,26,118,153,1.2875816993464053,0.04606385187768173,641,Is this Bo?
3140,3374,6,32,115,153,1.2875816993464053,0.04317268249474997,641,"A club sandwich, coffee and three bales of fresh hay."
4847,3374,10,24,119,153,1.2875816993464053,0.04698805977920887,641,"Yo, Peep, it's your worst nightmare. Meet me in the meadow with a million dollars, alone, or they won't be bringing their tails behind them, if you get my drift."
6564,3374,7,30,116,153,1.2875816993464053,0.044157443605784004,641,"I want $100,000. for their safety and return or they'll end up on a menu in this fine city."
6899,3374,6,32,115,153,1.2875816993464053,0.04317268249474997,641,I'm ready to shepherd the bill through Congress.
5081,3374,11,22,120,153,1.2875816993464053,0.04789443677317868,641,I still can't sleep!  Could you send in some more of your friends?
2404,3374,8,28,117,153,1.2875816993464053,0.04512071739016899,641,City life isn't quite what I'd imagined.
7857,3374,8,28,117,153,1.2875816993464053,0.04512071739016899,641,Once it thundered I got the flock out of there.
1495,3374,12,20,121,153,1.2875816993464053,0.04878397673238124,641,"I'd like to order 200 pounds of grass - no, not that kind of grass"
945,3374,10,24,119,153,1.2875816993464053,0.04698805977920887,641,This is Beau.  I found the sheep.
7661,3374,8,28,117,153,1.2875816993464053,0.04512071739016899,641,I need to get out more.
2067,3374,11,22,120,153,1.2875816993464053,0.04789443677317868,641,And Mary thought SHE had problems...
2428,3386,10,26,124,160,1.2875,0.045546558527628525,641,"Hey, Phil. I got those extras you needed for the mattress commercial."
5964,3386,11,24,125,160,1.2875,0.04640156620106641,641,We're grazing from home today.
5145,3386,12,22,126,160,1.2875,0.04724110178767221,641,It’s not working. They won’t sleep.
2618,3386,10,26,124,160,1.2875,0.045546558527628525,641,flock you too!
2160,3390,12,24,131,167,1.2874251497005988,0.04582079471304989,641,"You have reached Little Bo Peep, Inc.  Please describe your lost sheep."
5250,3391,11,28,135,174,1.2873563218390804,0.043755722846009815,641,"1. Miss Bopeep, call me back. I have something you want!"
8777,3391,17,16,141,174,1.2873563218390804,0.048095819881861845,641,"Noise? Oh,we're watching Fox News!"
8816,3391,15,20,139,174,1.2873563218390804,0.04669396485626317,641,I’d prefer to face the wolves than another minute of Fox.
1683,3394,9,34,138,181,1.287292817679558,0.04110982367063004,641,Hello...little Bo Peep?
6973,3394,9,34,138,181,1.287292817679558,0.04110982367063004,641,"We'll take it, but the all-wool carpeting has gotta go."""
2007,3396,11,32,145,188,1.2872340425531914,0.04148009792398465,641,This is Mr. Peep please have Bo to come home as soon possible.
5147,3397,10,19,107,136,1.286764705882353,0.05103299824782743,641,Everyone okay with the Grazing Channel?
956,3397,7,25,104,136,1.286764705882353,0.04772388840551284,641,Have we any wool?
4062,3397,5,29,102,136,1.286764705882353,0.04538396854390949,641,"Case solved, Peep!   located the sheep!"
7582,3400,9,23,111,143,1.2867132867132867,0.04823525855297528,641,I apparently misunderstood the free-month offer for the Home Farming Network.
598,3400,5,31,107,143,1.2867132867132867,0.043962119406532656,641,"Yes, the staff is beautiful, but it might be a little too effective."
4601,3400,7,27,109,143,1.2867132867132867,0.04614817499309485,641,"It’s OK, we compromised on the golf network."
4661,3400,11,19,113,143,1.2867132867132867,0.050235707222566754,641,"Not feeling well, will be working from home today."
351,3404,8,27,115,150,1.2866666666666666,0.045697837138805625,641,Mary is staying home from school today.
1292,3404,9,25,116,150,1.2866666666666666,0.046666666666666676,641,I’m telecommuting.
3177,3404,8,27,115,150,1.2866666666666666,0.045697837138805625,641,"Truth is, I just never really fit in."
7771,3404,13,17,120,150,1.2866666666666666,0.05035592926587374,641,"I'm not on the lam, I'm with my sheep!"
1996,3404,7,29,114,150,1.2866666666666666,0.04470801785532241,641,"Hey Barney, you told me my flock would enjoy watching ""The Silence of the Lambs."" Instead, they're all pissed at me."
6659,3409,7,31,119,157,1.286624203821656,0.04338577281631521,641,Guess what?  The landlord deleted the no pets clause.
8730,3409,8,29,120,157,1.286624203821656,0.044316865866135244,641,Of course I'm at work Honey. I'm aghast you'd even think I'd sneak back in to watch the season finale without you .
5161,3409,12,21,124,157,1.286624203821656,0.0478604415933394,641,"Miss Peep? Miss Bo Peep?  Well, I may have found your sheep."
8866,3409,9,27,121,157,1.286624203821656,0.04522879522522273,641,"We have plenty of milk, but we're out of grass again."
8965,3409,7,31,119,157,1.286624203821656,0.04338577281631521,641,I may need a patio to start this whole urban farming thing
3711,3409,9,27,121,157,1.286624203821656,0.04522879522522273,641,"Well, what's YOUR definition of ""sheepish""?"
3627,3409,9,27,121,157,1.286624203821656,0.04522879522522273,641,"So, I'm not sure this ""vertical herding"" thing is working out."
3179,3409,11,23,123,157,1.286624203821656,0.046999601617262084,641,Hello — is this Ms. Peep?
2133,3409,12,21,124,157,1.286624203821656,0.0478604415933394,641,"No, i said ""What the flock"""
1551,3409,9,27,121,157,1.286624203821656,0.04522879522522273,641,"Hello Mom, you were right, it is hard to make friends in the city."
826,3409,10,25,122,157,1.286624203821656,0.04612269761032238,641,This urban farmer thing is not working for me!
2371,3409,8,29,120,157,1.286624203821656,0.044316865866135244,641,"No, all you said was ""get rid of the damn cows."""
85,3421,10,27,127,164,1.2865853658536586,0.04474915864064111,641,I thought I would get more done working from home today.
816,3421,10,27,127,164,1.2865853658536586,0.04474915864064111,641,That's right -- eleven sod sushi rolls.
5920,3421,8,31,125,164,1.2865853658536586,0.04304478831253317,641,"I don't really feel like going out tonight, how about we just stay in and graze."
7565,3421,7,33,124,164,1.2865853658536586,0.042166777227855064,641,The charge is dependant upon how many sheep you need to count.
4136,3425,8,33,130,171,1.286549707602339,0.04186857758562124,641,Hello Airbnb? The lawn looked much bigger online!
8012,3426,12,29,144,185,1.2864864864864864,0.042614405433111846,641,"So I said, ""Hey, ewe, get off of my couch""."
5643,3427,8,28,118,154,1.2857142857142858,0.044865648136121705,641,They’re only interested in watching “Lassie” reruns.
5953,3427,9,18,99,126,1.2857142857142858,0.05268311118453079,641,"Hello, Bo...I'm just relaxing with some of your peeps."
4827,3427,8,30,123,161,1.2857142857142858,0.04355029525162823,641,"Hello, is this mobile sheepdog rental services?"
4800,3427,4,38,119,161,1.2857142857142858,0.03982548443261942,641,"One shepherd's pie, please."
4534,3427,10,20,110,140,1.2857142857142858,0.04995960782214444,641,I'm just kicking back and watching some ewes.
6366,3427,10,24,120,154,1.2857142857142858,0.04671928144055204,641,"Yeah, it’s convenient, but working from home can be lonely."
4582,3427,7,30,117,154,1.2857142857142858,0.0439094972056236,641,Sleep? Do you know what sleep smells like?
7528,3427,10,26,125,161,1.2857142857142858,0.0452979880304808,641,I need to stop bringing my work home with me on the weekends.
7588,3427,7,34,127,168,1.2857142857142858,0.0414855119351001,641,"I understand the co-op board is upset, but I'm a natural sleep doctor and this is what it takes."
4522,3427,10,30,135,175,1.2857142857142858,0.04277496225831017,641,"It started with just insomnia, now what?"
8290,3427,4,36,114,154,1.2857142857142858,0.04090717090413152,641,"I love not having to commute, but am I really getting any work done?"
8363,3427,9,26,119,154,1.2857142857142858,0.045801842981455405,641,I should have believed the J. Peterman catalog when it said 'Genuine Sheep Herders Staff'.
8661,3427,4,32,104,140,1.2857142857142858,0.04335104238919324,641,"We're ok, I decided to get an Air BnB until the weather clears up"
6751,3427,7,30,117,154,1.2857142857142858,0.0439094972056236,641,"No, Concierge... I asked you to send up Silence of the Lambs...the DVD...the DVD!"
4414,3427,10,20,110,140,1.2857142857142858,0.04995960782214444,641,"They keep changing the channel to Fox News! Boy, it's easy to pull the wool over their eyes..."
3348,3427,10,28,130,168,1.2857142857142858,0.043987563001449265,641,Shepard Smith reassures the flock that Fox News is NOT a fake news story about predatory immigration threats to them.
4038,3427,8,22,103,133,1.2857142857142858,0.049572596331706964,641,"Ron, Can you come over so we can get the flock out of here?"
888,3427,9,28,124,161,1.2857142857142858,0.04443273532044575,641,Ya I got white noise alright
1005,3427,9,24,114,147,1.2857142857142858,0.04729176506299245,641,Hello Florida? Need an experienced counter?
1593,3427,14,26,149,189,1.2857142857142858,0.04328467007886533,641,You can cancel the Lamber Alert. I found 'em.
1689,3427,10,32,140,182,1.2857142857142858,0.04164913578080869,641,"Yes, I’m calling about getting my carpets cleaned."
4229,3427,9,26,119,154,1.2857142857142858,0.045801842981455405,641,How much wool  for the large pizza and alfalfa bale special?
2164,3427,8,34,133,175,1.2857142857142858,0.04121085422817974,641,"Nothin’ much,  just hangin’ with the #MeEwe crowd."
3038,3427,10,24,120,154,1.2857142857142858,0.04671928144055204,641,"I have been counting sheep, but i still can't get to sleep!"
3707,3427,12,18,117,147,1.2857142857142858,0.05016049165548453,641,"Whattup, Bo! I found them."
2066,3427,5,28,100,133,1.2857142857142858,0.04599650864368002,641,The field?  Of course I’m in the field.
7338,3453,4,41,127,172,1.2848837209302326,0.03825404572008195,641,Am I watching? Of course I'm watching.
7722,3453,10,29,133,172,1.2848837209302326,0.04325931980487248,641,"There must be some kind of mistake on this bill, I never purchased a film called Naughty Pool Rams XXX."
83,3455,7,33,125,165,1.284848484848485,0.04194641692134844,641,"No, I am not going to tell where I found them."
927,3455,8,31,126,165,1.284848484848485,0.04281835730789982,641,"There were differences of opinion, but we ended up binge watching House of Cards."
931,3455,12,23,130,165,1.284848484848485,0.046141641091063744,641,Where wool I be without ewe?
1901,3455,7,33,125,165,1.284848484848485,0.04194641692134844,641,The unfortunate aftermath from paving paradise to put up a parking lot.
8083,3455,9,29,127,165,1.284848484848485,0.0436728926515564,641,"Hi, Miss Bo-Peep? I'm calling from lost and found."
8129,3460,10,25,123,158,1.2848101265822784,0.04586574126769227,641,Would you leave a message for Little Bo?  They're at my place.
5711,3460,9,27,122,158,1.2848101265822784,0.044978223252496785,641,It’s my telecommuting day.”
7220,3460,5,35,118,158,1.2848101265822784,0.04123757930113808,641,"Oh, nothing much....just watching old reruns of  Mad About Ewe."
6487,3460,10,25,123,158,1.2848101265822784,0.04586574126769227,641,Never mind.  They came back on the own.
7427,3460,8,29,121,158,1.2848101265822784,0.04407283644001138,641,"Hello, Ovines Anonymous?"
4494,3460,8,29,121,158,1.2848101265822784,0.04407283644001138,641,It was really hard getting them in the elevator.
1861,3460,7,31,120,158,1.2848101265822784,0.04314845601854772,641,"Honestly, it's been like herding cats today."
1666,3467,12,19,120,151,1.2847682119205297,0.04916744686959096,641,I feel like Donald Trump with my placid flock and wielding my crook for fleecing.
8055,3467,7,29,115,151,1.2847682119205297,0.04445150984973728,641,"Sure I can shear ‘em. I got ‘em up the elevator, didn’t I"
976,3469,7,27,110,144,1.2847222222222223,0.04586981430588673,641,"Yeah, I'm really liking the flexibility to shepard from home"""
2933,3469,8,25,111,144,1.2847222222222223,0.046916574486865814,641,"Oh, yeah, they came home to watch Breaking Baa-d."
8619,3469,9,23,112,144,1.2847222222222223,0.04794048454810115,641,"Yeah, they thought it was called Breaking Baad."
1210,3472,7,25,105,137,1.2846715328467153,0.047420477725974734,641,"I'm gonna have to return the sheep, They're actually making it harder for me to sleep."
6151,3472,8,23,106,137,1.2846715328467153,0.04853909676452005,641,I told them I needed room for my staff!
3779,3474,9,32,135,176,1.2840909090909092,0.04179241159660702,641,It all started with her little lamb
4695,3474,8,34,134,176,1.2840909090909092,0.041008177259238776,641,"On second thought, cancel that mutton. I'll have the shepherd's pie instead."
7524,3476,11,26,132,169,1.2840236686390532,0.04455679488857624,641,It's so hard to be President.
6633,3476,12,24,133,169,1.2840236686390532,0.04534038320170375,641,"Oh hi there, could you put me through to lost and found please?"
5108,3476,10,28,131,169,1.2840236686390532,0.04375917723870009,641,Guess what I herd
184,3476,9,30,130,169,1.2840236686390532,0.04294674859024001,641,I'm the founder of an urban farming / co-living start-up.
2440,3476,9,30,130,169,1.2840236686390532,0.04294674859024001,641,He's here but he's sleeping.
8377,3481,7,32,123,162,1.2839506172839505,0.04242219164031854,641,We don’t do winter pasture. It’s just Netflix and chill now.
5678,3481,10,26,126,162,1.2839506172839505,0.04505203715563248,641,They are poor little sheep who have lost their Waze.
6456,3481,5,36,121,162,1.2839506172839505,0.04057437456529503,641,The dog waking gig was just the start...
5531,3481,10,26,126,162,1.2839506172839505,0.04505203715563248,641,I was happier when I didn't know where to find them.
5281,3481,11,24,127,162,1.2839506172839505,0.045895177175537906,641,"Alexa, please give me a recipe for sheep dip."
38,3481,10,26,126,162,1.2839506172839505,0.04505203715563248,641,I'm giving two homemade gifts this year--wool sweaters and mutton.
1295,3481,9,28,125,162,1.2839506172839505,0.04419281407390758,641,"I'm on the phone with her now, and she is not happy."
3437,3481,9,28,125,162,1.2839506172839505,0.04419281407390758,641,"I may have found them, Bo Peep.  Can you identify them?"
7585,3489,8,28,119,155,1.2838709677419355,0.04461334957357563,641,My Sleep Number? One...Two...Three...(YAWN)...Fo -
6013,3489,10,24,121,155,1.2838709677419355,0.04645347480325674,641,What channel?  Sick of Ewe tube.
3160,3489,9,26,120,155,1.2838709677419355,0.045542706778752565,641,"Uh, Miss Bo Peep?  I think I have something that belongs to you."
2546,3489,12,20,123,155,1.2838709677419355,0.048223434991916087,641,Can all ewes keep it down?
8808,3489,10,24,121,155,1.2838709677419355,0.04645347480325674,641,"Polyester? Polyester wants 60%? 
We get the bigger number or my clients walk."
564,3489,10,24,121,155,1.2838709677419355,0.04645347480325674,641,"Yeah, come get them. I'm done."
1809,3495,11,20,117,148,1.2837837837837838,0.04892721211137803,641,You said any topping? I want 10 pizzas with lawn turf instead of cheese.
4644,3496,10,20,111,141,1.2836879432624113,0.04964539007092198,641,"Mutton, honey"
5677,3496,7,26,108,141,1.2836879432624113,0.046483474348555785,641,"Hello, Knitflix?"
8579,3496,10,20,111,141,1.2836879432624113,0.04964539007092198,641,I think I've found my flock but lost myself.
3766,3499,9,20,105,134,1.2835820895522387,0.05037391363379276,641,Honey did you walk the dog?
3869,3499,6,26,102,134,1.2835820895522387,0.046913416235472225,641,"Nope, they won't go out until Fox News says the Park is safe."
5800,3499,9,20,105,134,1.2835820895522387,0.05037391363379276,641,"Wait, you heard sheep too?"
7822,3499,7,24,103,134,1.2835820895522387,0.04809458881742017,641,I don't understand the problem...I told them I needed to count sheep before bed when I booked my stay.
3806,3503,10,33,144,187,1.2834224598930482,0.0408278605579135,641,"I'm not doing much, just another sleep over."
5400,3504,9,31,133,173,1.283236994219653,0.04225201537092472,641,I like to bring my work home with me.
4713,3505,8,31,127,166,1.283132530120482,0.04259421234526494,641,Tell Bo Peep I found them.
5799,3505,9,29,128,166,1.283132530120482,0.04344290822955232,641,That's not what I herd.
8387,3505,9,29,128,166,1.283132530120482,0.04344290822955232,641,"Nothing much, just the usual."
2116,3505,9,29,128,166,1.283132530120482,0.04344290822955232,641,The toughest part was getting them all in the elevator !
4453,3505,9,29,128,166,1.283132530120482,0.04344290822955232,641,Bo Peep Sheepsitting. How may I help you?
903,3505,9,29,128,166,1.283132530120482,0.04344290822955232,641,I am cancelling Netflix. I just can't stay awake long enough to watch a full movie!
5727,3511,8,29,122,159,1.2830188679245282,0.04383138860991945,641,"Fleece As White As Snow, Inc. Mary speaking, how may I help you?"
8580,3511,10,25,124,159,1.2830188679245282,0.04561155137981816,641,We are here hanging out till we see the bright star to guide us.
6434,3511,5,35,119,159,1.2830188679245282,0.04101653495571941,641,"Yes, it’s impractical, but I’m hoping it’ll finally cure my insomnia."
4614,3511,11,23,125,159,1.2830188679245282,0.046476070349953214,641,"Ma I'm telling you, dreams do come true in New York!"
3793,3511,10,25,124,159,1.2830188679245282,0.04561155137981816,641,Just tell the doctor my insomnia is a thing of the past.
3112,3511,8,29,122,159,1.2830188679245282,0.04383138860991945,641,911? I think I'm being followed.
4460,3511,7,31,121,159,1.2830188679245282,0.042913624078767434,641,"Yes, I actually am wool gathering!"
423,3511,8,29,122,159,1.2830188679245282,0.04383138860991945,641,Yes I  know things are not the same down on the farm.  You try getting ten insomiac sheep into an elevator at Trump Tower.
337,3511,9,27,123,159,1.2830188679245282,0.04473032666294518,641,"No, they're all fine but I lost Bo."
1672,3511,10,25,124,159,1.2830188679245282,0.04561155137981816,641,"Not a lick of sense, but best border collie ever!"
4748,3521,7,29,116,152,1.2828947368421053,0.04419782199744824,641,Ms. Bo-Peep? I found them!
6678,3521,12,19,121,152,1.2828947368421053,0.04887882310389133,641,"I do have a fulfilling job, thank you, mother.  I spend a lot of time with my friends from work.  They're visiting right now."
8038,3521,6,31,115,152,1.2828947368421053,0.04320079968678176,641,"Uh honey...I think you can cross milk off of the grocery list."""
8521,3521,6,31,115,152,1.2828947368421053,0.04320079968678176,641,"No dear, I’m not spoiling them...I’m tending them!"
1418,3521,12,19,121,152,1.2828947368421053,0.04887882310389133,641,Hello? This is the boy who called 'Wolf Blitzer!'
2359,3521,8,27,117,152,1.2828947368421053,0.04517284411080174,641,This isn’t helping me sleep!!
4112,3521,8,27,117,152,1.2828947368421053,0.04517284411080174,641,I said I wanted you to SHIP everything to my apartment.
4753,3521,10,23,119,152,1.2828947368421053,0.04706232672255111,641,If you want to sleep I'll need a credit card.
6194,3529,8,25,112,145,1.282758620689655,0.04663324775885241,641,"Ok, so I've got your vote at the co-op meeting.  Right?"
6414,3529,9,23,113,145,1.282758620689655,0.047649189260170415,641,"Yes, it’s me again -- we need to schedule another carpet cleaning."
6364,3529,6,29,110,145,1.282758620689655,0.04453188650071384,641,"Yes, their fleece is white as snow and everywhere I go they're sure to go.  I say it needs some work as lyrics, though."
7089,3529,7,27,111,145,1.282758620689655,0.045594674644364834,641,"Hello,this is Bo Peep with Natural Sleep Solutions confirming your 10 p.m. appointment."
4683,3529,8,25,112,145,1.282758620689655,0.04663324775885241,641,"It's not you, it's me...and ewe."
2865,3529,10,21,114,145,1.282758620689655,0.04864391717126167,641,"I majored in urban studies but could only find a job as a shepherd. Then, it hit me..."
4405,3529,9,23,113,145,1.282758620689655,0.047649189260170415,641,"Yeah, it is sort of a dream come true."
45,3536,13,26,145,184,1.2826086956521738,0.043359305076552106,641,"Have I heard about 13 missing sheep? Ah, no. Not a peep."
2236,3536,8,23,107,138,1.2826086956521738,0.04823021509412167,641,"Yes, I'd like to order a bell."
4477,3536,4,31,103,138,1.2826086956521738,0.04362347483680385,641,I'm watching my flocks by night.
7141,3536,7,25,106,138,1.2826086956521738,0.04712077169601795,641,"Initially I brought my work with me when I relocated, but now I use them mainly to treat my insomnia."
1634,3540,10,30,137,177,1.2824858757062148,0.042351475503919045,641,"Well, it cured the insomnia but caused the narcolepsy, so I suppose it’s a wash."
2292,3540,12,26,139,177,1.2824858757062148,0.043841192366706985,641,"OK guys, it's bed time!  Let me count you."
3573,3540,12,26,139,177,1.2824858757062148,0.043841192366706985,641,"Hello, Room Service? I'd like a cheeseburger, fries and a large bale of hay."
8741,3540,11,28,138,177,1.2824858757062148,0.04310277036046327,641,"No, nothing yet, but he did promise to bring back our jobs."
6773,3544,6,25,100,131,1.282442748091603,0.04757762043207198,641,"I’m ok...couldn’t fall asleep though, was counting sheep until you called me."
3765,3545,9,30,131,170,1.2823529411764707,0.0427260511642095,641,I ordered a dozen lamb chops! How do I get a refund?
2023,3545,10,28,132,170,1.2823529411764707,0.04353308043730567,641,"Oh! You said ""cheap* rates."
6205,3547,10,26,127,163,1.2822085889570551,0.04480866647455978,641,"I don't know what's worse, this or cockroaches!"
7096,3547,9,28,126,163,1.2822085889570551,0.04395538908017317,641,"Hello, is this shepherd's anonymous?"
8039,3547,11,24,128,163,1.2822085889570551,0.04564599602667542,641,Mary how did you solve your lamb issues?
5974,3547,8,30,125,163,1.2822085889570551,0.04308521634099655,641,Are you sure this is a work from home position?
3752,3547,10,26,127,163,1.2822085889570551,0.04480866647455978,641,"So,Bo Peep, about this custody thing..."
3790,3547,5,36,122,163,1.2822085889570551,0.04036229405068157,641,That's one platter of crudites and a dozen of alfalfa pellets.
364,3547,7,32,124,163,1.2822085889570551,0.04219710304169643,641,"The shepherd's crook was a good idea, thanks."
353,3547,11,24,128,163,1.2822085889570551,0.04564599602667542,641,One medium pepperoni and three large sod.
1246,3547,7,32,124,163,1.2822085889570551,0.04219710304169643,641,"""What do you mean, count their legs and divide by four?"""
7305,3556,9,26,121,156,1.2820512820512822,0.045286398422963496,641,"Yo Bo-Peep, your sheep are home, now what?"
6865,3556,10,24,122,156,1.2820512820512822,0.04619059285246492,641,I'd like a refund on my Pay-Per-Ewe...
6220,3556,6,32,118,156,1.2820512820512822,0.04245843761029148,641,This isn’t working.  Got any place with a roof top garden?
5874,3556,6,32,118,156,1.2820512820512822,0.04245843761029148,641,Yes.  I'd like a sitter for thirteen.
5121,3556,11,22,123,156,1.2820512820512822,0.047077424037440446,641,I'm in 310.  Do you happen to have a shaver I could borrow?
5728,3556,10,24,122,156,1.2820512820512822,0.04619059285246492,641,So my workers’ comp claim was denied.  Turns out I just have narcolepsy.
4315,3556,10,24,122,156,1.2820512820512822,0.04619059285246492,641,"Oh, not much. What’s up with ewe?"
2823,3556,6,32,118,156,1.2820512820512822,0.04245843761029148,641,It's not that I mind counting them...I just hate to take care of them all night too!
4870,3556,8,28,120,156,1.2820512820512822,0.04436377910170186,641,Not much. Just watching the Rams clobber the Lions.
2145,3565,12,29,147,188,1.2819148936170213,0.042014668996909164,641,I can't talk now. The sheep are nervous.
6745,3566,11,20,118,149,1.2818791946308725,0.0486350391551731,641,"We like it here, but I still think the GPS was broken."
7110,3566,7,28,114,149,1.2818791946308725,0.04475028656172384,641,"... but by the time they came home I had already downsized, so here we are..."
5340,3566,9,24,116,149,1.2818791946308725,0.04673304602196192,641,I'm allergic to wool.  And I hate the outdoors.
2859,3566,9,24,116,149,1.2818791946308725,0.04673304602196192,641,"Yes, Air Baa'n'Baa."
164,3566,9,24,116,149,1.2818791946308725,0.04673304602196192,641,"Hello? Bo Peep? About that reward...."""
786,3566,11,20,118,149,1.2818791946308725,0.0486350391551731,641,"One beef lo mein, pot stickers, spring rolls and two bales of hay."
1588,3566,10,22,117,149,1.2818791946308725,0.04769352484413388,641,"Listen, Bo Peep, if I can't have healthcare and a raise, you don't get these guys back."
3089,3566,9,24,116,149,1.2818791946308725,0.04673304602196192,641,Our co-op board is pretty accommodating.
1475,3574,7,26,109,142,1.2816901408450705,0.04619818198900105,641,"What do you mean, my son volunteered me to be in his school Christmas pageant?"
7231,3574,8,24,110,142,1.2816901408450705,0.04726692437588792,641,"Yes, this is David. I am working from home today."
1227,3576,8,33,133,174,1.2816091954022988,0.04124223377273099,641,"Honest, there's no one but ewe."
3395,3576,11,27,136,174,1.2816091954022988,0.04359178994639277,641,We decided to binge on  NetFlocks.
4887,3576,10,29,135,174,1.2816091954022988,0.04282293057084196,641,"Listen, Ms. Peep, I swear they just followed me here."
216,3579,8,22,105,135,1.2814814814814814,0.04892639732390831,641,I couldn't sleep last night
3166,3579,6,26,103,135,1.2814814814814814,0.04661196966520355,641,"Well, it would just be me and you, and ewe, and ewe ..."
5391,3579,13,12,110,135,1.2814814814814814,0.0542824460821789,641,"They are going to be slaughtered in broad daylight on Fifth Avenue, but their support for him has not wavered."
2931,3582,11,25,131,167,1.281437125748503,0.044853630559495,641,"Hello? Bo Peep? Yes, they're here. They took the Number 15 bus."
4784,3582,11,25,131,167,1.281437125748503,0.044853630559495,641,"Hello, yes, I've lost my little lamb."
2819,3584,11,32,149,192,1.28125,0.040722002930695944,641,"Hello, Miss Bo Peep? Did I wake you?"
5195,3584,13,19,128,160,1.28125,0.0478893140415591,641,"I found them. They're watching ""Little Red Riding Hood"""
2938,3584,8,29,123,160,1.28125,0.043592483737047834,641,I herd you!
2445,3584,9,27,124,160,1.28125,0.04448506480343754,641,"Hello, is this Bo-Peep?"
2142,3584,10,25,125,160,1.28125,0.04536008534788372,641,Peep? I have your lamb chops. What are they worth to you?
937,3584,11,23,126,160,1.28125,0.046218542761196545,641,The transporter works.
5663,3584,7,31,122,160,1.28125,0.042681240447807064,641,"All right, there are eleven.  Now what?"
301,3584,9,27,124,160,1.28125,0.04448506480343754,641,"I don’t know, even they’re getting disenchanted with Fox News"
1420,3584,8,29,123,160,1.28125,0.043592483737047834,641,"Yes, our analytics absolutely prove that we can capture high mobility, high loyalty followers in an urban demographic."
5617,3593,8,27,118,153,1.2810457516339868,0.04491469989420642,641,"No, seriously Peep.  I haven't seen them."
5692,3593,8,27,118,153,1.2810457516339868,0.04491469989420642,641,"yeah, they're home ... yeah, they brought their tails behind them"
3205,3593,13,17,123,153,1.2810457516339868,0.0494704641843408,641,No the Flocking app isn't at all like Tinder.
2034,3593,8,27,118,153,1.2810457516339868,0.04491469989420642,641,"Honey,remember how you are always talking about micro farming,well,guess what?"
2878,3593,9,25,119,153,1.2810457516339868,0.045862071241845694,641,"Yea, I thought it would be easier than herding cats."
439,3598,7,36,135,178,1.2808988764044944,0.03981925144316555,641,"So I figured, why cry wolf when I can just call in sick?"
7035,3598,11,28,139,178,1.2808988764044944,0.04288930721950742,641,I’ll herd them to the roof in the spring.
7349,3600,7,27,112,146,1.2808219178082192,0.045322703395465715,641,"Come on over. Hey, I'll let you pick out a sweater!"
5650,3600,10,21,115,146,1.2808219178082192,0.04834839580525957,641,Who sells grass in this city?
7405,3600,6,29,111,146,1.2808219178082192,0.04426820678301526,641,Hi Mary.  How would your lamb like company?
4690,3600,9,23,114,146,1.2808219178082192,0.04736131401948726,641,"No, I tried that too, and I still can't get to sleep."
4467,3600,11,19,116,146,1.2808219178082192,0.04931572455344849,641,"No, I am really not a cat person."
3669,3600,7,27,112,146,1.2808219178082192,0.045322703395465715,641,"When the realtor said ‘Sheepshead Bay,’ I was expecting something else entirely."
842,3600,8,25,113,146,1.2808219178082192,0.04635321730325652,641,"Yes, yes, I’ve been counting sheep but it’s not working."
7624,3600,9,23,114,146,1.2808219178082192,0.04736131401948726,641,The Sheep's Meadow is booked through September. What's available in the Hamptons?
3883,3600,7,27,112,146,1.2808219178082192,0.045322703395465715,641,Working from home isn’t as productive as I hoped
8396,3600,9,23,114,146,1.2808219178082192,0.04736131401948726,641,"I keep counting sheep like you told me, but I get the sense the sheep don't want me to fall asleep."
6703,3610,6,36,129,171,1.280701754385965,0.04000615526663642,641,"I can't do it right now, Mom. I'm working."
7678,3610,7,34,130,171,1.280701754385965,0.04085696891379272,641,"Yes, Mary, yours is here."
5384,3610,6,36,129,171,1.280701754385965,0.04000615526663642,641,"Yeah, but the rent's crazy cheap."
167,3613,8,23,108,139,1.2805755395683454,0.04792512425674259,641,Something happened while I was counting.
3912,3613,9,21,109,139,1.2805755395683454,0.04900083621306406,641,"Yeah, we trailed Blacky here.  We’re set for the intervention."
5718,3613,6,27,106,139,1.2805755395683454,0.04569779760462853,641,"That's right Bo Peep this is your last chance.
Pay up or they're lamb chops."
6319,3613,6,27,106,139,1.2805755395683454,0.04569779760462853,641,Things are fine except I had to put the border collie up in the pet hostel because technically it's not a service animal.
8951,3613,7,25,107,139,1.2805755395683454,0.046824706304139325,641,I have a client that has a lot of trouble sleeping.
6547,3618,10,26,128,164,1.2804878048780488,0.04456783729203368,641,"Honey, I've returned from my sheepherding sabbatical and I think we need to talk."
2056,3618,9,28,127,164,1.2804878048780488,0.04372042339458702,641,I'm calling my lawyer.  They don't allow black sheep.
4113,3618,12,22,130,164,1.2804878048780488,0.04621607424980686,641,Tell the Whiffenpoofs I got'em
6566,3618,7,32,125,164,1.2804878048780488,0.04197430194330192,641,"Cheap room, sheep room, not much difference!"
6575,3618,6,34,124,164,1.2804878048780488,0.04107341384083192,641,Just one problem...I find myself oversleeping here.
7907,3623,6,25,101,132,1.2803030303030303,0.04726426699385176,641,"No, I don't feel sheepish about it."
7138,3623,7,23,102,132,1.2803030303030303,0.04847237724178624,641,"Yep, Reverend Shepard here..ready for the Revival Meeting and I brought along most of my Flock."
3018,3623,7,23,102,132,1.2803030303030303,0.04847237724178624,641,"Hi, is Wolf there?"
8503,3623,10,17,105,132,1.2803030303030303,0.05192834118746558,641,"Oh nothin', just wool gatherin'"
830,3623,7,23,102,132,1.2803030303030303,0.04847237724178624,641,"Hello, Bo Peep?  I found 'em."
1824,3623,8,21,103,132,1.2803030303030303,0.049651100455820406,641,Little Bo who?
6267,3629,9,26,122,157,1.2802547770700636,0.04503287392732904,641,Hey Little Bo Peep. ...I found em’
6400,3629,9,26,122,157,1.2802547770700636,0.04503287392732904,641,I got fleeced as soon as I got to the city.
6602,3629,9,26,122,157,1.2802547770700636,0.04503287392732904,641,"I’m sure you can help me sleep, but the AirBnB description is very misleading."
1355,3629,7,30,120,157,1.2802547770700636,0.043181490241751705,641,"No, I mean shepherd in the New Year."
6928,3629,8,28,121,157,1.2802547770700636,0.04411689491370177,641,"Yo! Bo Peep, I found your sheep."
384,3629,10,24,123,157,1.2802547770700636,0.04593058949635656,641,"I’m sorry Mr. Peep, but the divorce papers are final."
6118,3629,5,34,118,157,1.2802547770700636,0.04124709038031996,641,"No, mum. I am not in a codependent relationship."
763,3629,8,28,121,157,1.2802547770700636,0.04411689491370177,641,"Yeah hi, was this the hospital I was reading about that was doing that insomnia study?"
4255,3637,8,26,116,150,1.28,0.04548520422216428,641,"Yes, we urban bishops have challenges tending our flocks too."
5239,3637,10,22,118,150,1.28,0.047411757195425085,641,"But mom, I can be an urban shepard"
8939,3637,7,28,115,150,1.28,0.044490654575079204,641,"The view is amazing, but we really got fleeced on the square footage."
3846,3640,7,26,110,143,1.2797202797202798,0.045916254351056195,641,Just letting you know I followed your advice and left them alone.
304,3640,6,28,109,143,1.2797202797202798,0.044830897352064594,641,...but the ad said Bo-peep would be included.
719,3640,7,26,110,143,1.2797202797202798,0.045916254351056195,641,"Hey boss, I won't be in today. I'm feeling a bit sheepish."
2343,3640,9,22,112,143,1.2797202797202798,0.04801342027089882,641,"Hello, hello, you misheard me. I said flock."
7649,3640,6,28,109,143,1.2797202797202798,0.044830897352064594,641,"Well I wouldn’t exactly call it a harem, but there are signs of husbandry:"
8640,3645,7,31,123,161,1.279503105590062,0.04245126921650158,641,"Six large thin crust please,  pepperoni on one and grass on the others."
7861,3645,8,29,124,161,1.279503105590062,0.0433560838827112,641,I know I've been a little sheepish about taking our relationship to the next level
5276,3645,7,31,123,161,1.279503105590062,0.04245126921650158,641,"No, I sold the dog. There is a great app called iHerd."
4231,3645,8,29,124,161,1.279503105590062,0.0433560838827112,641,Mom's still adjusting to me living with her.
714,3649,9,20,107,136,1.2794117647058822,0.049717257725566,641,The boss is actually pretty lenient with herd from home Fridays.
3390,3649,8,22,106,136,1.2794117647058822,0.048609394707985344,641,"If the landlord sees this, I’ll be in sheep dip."
6164,3649,8,22,106,136,1.2794117647058822,0.048609394707985344,641,And a special thank you to Lucky for finding this delightful AirBaaNBaa.
5869,3652,10,30,139,179,1.2793296089385475,0.04193604159601526,641,I'll call you right back-we're watching the Real Shepherds of NYC.
4248,3653,7,29,118,154,1.2792207792207793,0.04369873291870972,641,"Well... I am with the board of directors right now, can  I call you back?"
8369,3653,10,23,121,154,1.2792207792207793,0.04652124860933515,641,"Hello, Ms. Peep, I think I found them."
5382,3653,11,21,122,154,1.2792207792207793,0.04742477211326568,641,They’re calling us “sheeple” like it’s a bad thing.
4428,3653,10,23,121,154,1.2792207792207793,0.04652124860933515,641,I'd like to cancel a missing sheep report
4238,3653,10,23,121,154,1.2792207792207793,0.04652124860933515,641,"Watching the Rams, what’s new by ewe?"
3080,3653,8,27,119,154,1.2792207792207793,0.04465939650873419,641,"Bo Peep? Right, noon at 901 Fifth."
554,3653,10,23,121,154,1.2792207792207793,0.04652124860933515,641,I was going to a costume party and they just started following me.
426,3653,9,25,120,154,1.2792207792207793,0.04559982603418519,641,"It doesn't matter what I do, I just can't get to sleep."
1152,3661,6,24,99,129,1.2790697674418605,0.04794308866997281,641,"On second thought, is my old job in that little green booth at the bottom of the Lincoln Tunnel still available?"
2111,3661,8,32,132,172,1.2790697674418605,0.04147944521301944,641,"Mom, I sleep so good you wouldn't believe!"
2212,3661,12,24,136,172,1.2790697674418605,0.044637900927320597,641,"Yes, I can count them... 1, 2, 3, zzzzzzzzzzz"
4589,3661,7,34,131,172,1.2790697674418605,0.04065150574302912,641,I've told you.  We can watch Babe as soon as the game is over.
7710,3661,9,18,102,129,1.2790697674418605,0.05159371903865945,641,I'd like to speak to a human.
8460,3666,5,31,111,147,1.2789115646258504,0.042935688976236765,641,"Hmmm, I guess an Uber is out of the question."
7957,3666,8,25,114,147,1.2789115646258504,0.04607642855312028,641,"I thought you said cheaper, not sheeper."
8517,3666,9,23,115,147,1.2789115646258504,0.04707680138163968,641,"No, Ma'. My life is not like 'Sex and the City' now"""
6060,3666,9,23,115,147,1.2789115646258504,0.04707680138163968,641,this was a baaaaaaaad idea
4212,3666,7,27,113,147,1.2789115646258504,0.04505384898202644,641,Working from home just seems different
3674,3666,6,29,112,147,1.2789115646258504,0.04400751467624242,641,"Yes, honey, I know I promised not to bring my work home...but I'm doing it for us."
1730,3666,8,25,114,147,1.2789115646258504,0.04607642855312028,641,I considered the livestock auction...but Amazon was quicker...
622,3666,8,25,114,147,1.2789115646258504,0.04607642855312028,641,I TOLD YOU ALREADY. AMBIAN DOESN'T WORK ON ME.
4076,3666,7,27,113,147,1.2789115646258504,0.04505384898202644,641,Sorry. I can't tell you. I'm on the lamb.
8416,3675,11,24,130,165,1.2787878787878788,0.04515545849038219,641,Detective Shepherd here.  I’ve got the crook but no one has had the wool pulled over their eyes.
244,3676,5,24,93,122,1.278688524590164,0.048360598329621314,641,It does make the place seem more cosy
5084,3677,8,23,109,140,1.2785714285714285,0.04762375790338688,641,Can you herd them now? Good.
2578,3677,8,23,109,140,1.2785714285714285,0.04762375790338688,641,Bo? Please pick up the phone -- I miss you.
4416,3677,8,23,109,140,1.2785714285714285,0.04762375790338688,641,Of course they are domesticated.
5002,3677,5,29,106,140,1.2785714285714285,0.04426847126436581,641,I find there's a surprisingly big market for sheep-walking services.
6258,3677,9,21,110,140,1.2785714285714285,0.04869083322104082,641,I think the GPS on my phone isn't working.
9012,3682,6,32,120,158,1.2784810126582278,0.04199474529880327,641,Apparently I was on the border collie's turf.
8096,3682,9,26,123,158,1.2784810126582278,0.04478209014730891,641,Someone on the phone wants to speak to ewe.
6864,3682,9,26,123,158,1.2784810126582278,0.04478209014730891,641,"Well, if you don't have shepherd's pie, I guess the meat loaf will do."
6664,3682,13,18,127,158,1.2784810126582278,0.048248712089500295,641,"No, actually I'm still in his apartment. Cool guy."
805,3682,9,26,123,158,1.2784810126582278,0.04478209014730891,641,"No no no - we're bleatin', not tweetin'."
1020,3682,8,28,122,158,1.2784810126582278,0.04387265598158213,641,They want to know..why is there an extra charge for the animal planet?
4527,3682,7,30,121,158,1.2784810126582278,0.04294396683813463,641,Perhaps I should stop counting sheep at night.
7779,3689,13,11,109,133,1.2781954887218046,0.05479240993258874,641,You pick up the tree--I'll flock it.
4446,3690,9,24,118,151,1.2781456953642385,0.04618700867327866,641,"The first 9 sheep you count are free. After the tenth, then it's gonna cost ya."
1483,3690,9,24,118,151,1.2781456953642385,0.04618700867327866,641,"Hello, is this Ace Carpet Cleaning?"
5398,3690,8,26,117,151,1.2781456953642385,0.045221007833030055,641,"Yes, I’d like a large pizza and 4 bales of hay delivered!"
8366,3690,11,20,120,151,1.2781456953642385,0.04806079703549059,641,"Hello? Yes, I'm the sleep specialist..."
2,3690,7,28,116,151,1.2781456953642385,0.04423391604509388,641,"I'm fine, just watching TV with the kids"
6880,3690,9,24,118,151,1.2781456953642385,0.04618700867327866,641,I don’t think it’s the TV that’s keeping me awake.
6978,3696,13,21,135,169,1.2781065088757397,0.0459431216963692,641,Best sheepover party ever!
8641,3696,8,31,130,169,1.2781065088757397,0.041935170686834715,641,Now they worry about the Wolves of Wall St.
6048,3696,7,33,129,169,1.2781065088757397,0.04108669081830849,641,I'm having trouble getting the channel carrying the sheep dog trials.
2687,3696,6,35,128,169,1.2781065088757397,0.04022031556644713,641,"Yes, they are free range."
5463,3696,7,33,129,169,1.2781065088757397,0.04108669081830849,641,"Well, hello. I was wondering if you still offer a pay-per-ewe bundle."
8759,3701,10,25,127,162,1.2777777777777777,0.044865158504847125,641,"I try,but I can't seem to get away from my work."
8318,3701,8,24,112,144,1.2777777777777777,0.04668960105404107,641,"With flex hours, I can work at home whenever I need to."
6401,3701,11,23,128,162,1.2777777777777777,0.045711745577767894,641,"It's not working, I still can't sleep."
3634,3701,10,25,127,162,1.2777777777777777,0.044865158504847125,641,House sitting. You?
3254,3701,6,28,110,144,1.2777777777777777,0.04456084214122663,641,"You sent them too early. I don't go to bed for four more hours!
Felica Warburg Rogan, Charlottesville,VA"
2900,3701,10,25,127,162,1.2777777777777777,0.044865158504847125,641,"Room service? Yes, a large pizza and three bales of hay, please."
8252,3701,8,29,125,162,1.2777777777777777,0.04312215179535924,641,Is this FarmersOnly.com?
2519,3701,9,27,126,162,1.2777777777777777,0.04400228643563344,641,"She may have lost them, but I can't keep them anymore!"
2189,3701,9,27,126,162,1.2777777777777777,0.04400228643563344,641,This is unherd of!
1817,3701,6,33,123,162,1.2777777777777777,0.04130565945798412,641,Throw rug or wall to wall?
1074,3701,3,34,107,144,1.2777777777777777,0.04116179491907547,641,"Being a shepherd was a wonderful dream, but getting them into the elevator to and from the sixty-third floor is a nightmare. And, don’t even get me started on the attitude of the people at the park where I graze them."
2703,3701,6,33,123,162,1.2777777777777777,0.04130565945798412,641,Has anyone reported finding a black sheep?
5969,3713,13,22,138,173,1.277456647398844,0.04515885871745702,641,How am I supposed to count them if my eyes are closed?
6133,3713,10,28,135,173,1.277456647398844,0.04286819934737377,641,"Sorry Doc, I still can’t get to sleep"
5302,3715,7,29,119,155,1.2774193548387096,0.043453246784730684,641,I've got a baaaaaa-d connection.
1706,3715,9,25,121,155,1.2774193548387096,0.045340478793870896,641,I will not concede until there is a recount.
2079,3715,9,25,121,155,1.2774193548387096,0.045340478793870896,641,"It doesn't matter how tired I get counting these darn things, their noise and smell is what's keeping me awake."
2499,3715,10,23,122,155,1.2774193548387096,0.04625522887002972,641,Counting them helped--but then their incessant 'Ba-a-ah-ing' wakes me up
3663,3715,5,33,117,155,1.2774193548387096,0.0414802398138193,641,Where's the dog?
4320,3715,11,21,123,155,1.2774193548387096,0.0471522361970268,641,I'd like some grass sent up to room 420. The legal kind.
4464,3715,6,31,118,155,1.2774193548387096,0.042478200003923584,641,Wait.  Don't literally count sheep?
8317,3715,11,21,123,155,1.2774193548387096,0.0471522361970268,641,"No, mom, I'm not getting fleeced."
7388,3723,5,28,104,137,1.2773722627737227,0.04483872992273619,641,"Room service, can you send up about 20 yards of sod?"
6385,3723,5,28,104,137,1.2773722627737227,0.04483872992273619,641,"Don't worry, mom. Shepherding is a much better job than it used to be."
5954,3723,6,26,105,137,1.2773722627737227,0.04602014676247625,641,You did  tell me to take everything I owned.
5431,3723,7,24,106,137,1.2773722627737227,0.04717198442927356,641,Can you send in more sheep?  I already counted all of them and I still haven't fallen asleep.
3352,3723,10,18,109,137,1.2773722627737227,0.0504700181876622,641,I'm planning one helluva leadership seminar.
2270,3723,6,26,105,137,1.2773722627737227,0.04602014676247625,641,"Hi, is Little Bo Peep in?"
894,3723,7,24,106,137,1.2773722627737227,0.04717198442927356,641,"Nah man, Bo Peep pays $15 an hour and lets me order pay-per-view!"
7385,3730,6,39,139,184,1.2771739130434783,0.03809435555309242,641,"Yes, you can - walking directions please to the nativity scene in Central Park."
4816,3731,11,24,131,166,1.2771084337349397,0.04491402360266584,641,At Trump Tower watching the news. Where are you?
7789,3731,8,30,128,166,1.2771084337349397,0.04240532355492023,641,"Yeah, we moved to the city."
7681,3733,9,23,116,148,1.277027027027027,0.046795595099493624,641,"Of course, it's always about ewe..."
4174,3733,9,23,116,148,1.277027027027027,0.046795595099493624,641,"Please send up some more sheep, I still can't get to sleep"
3473,3733,11,19,118,148,1.277027027027027,0.048720478727432695,641,Just calling to let you know I'm working from home today.
8975,3733,7,27,114,148,1.277027027027027,0.044788060842162865,641,Tell  Ms Peep I've cracked this case wide open!
1712,3733,7,27,114,148,1.277027027027027,0.044788060842162865,641,It's an air BaaaNB.
667,3733,10,21,117,148,1.277027027027027,0.04776773371296766,641,Any other ideas to help me sleep?
2841,3733,5,31,112,148,1.277027027027027,0.042686216361804814,641,"Yes, it's a great gig but the elavators are a problem."
5271,3740,7,22,101,130,1.2769230769230768,0.04885740952771086,641,"She told me I've been pulling the wool over her eyes,
and I said, prove it."
8534,3740,10,16,104,130,1.2769230769230768,0.05239110820443715,641,They have no idea. They think we’re here to see Ed Sheeran.
3031,3742,9,31,137,177,1.2768361581920904,0.04141618143940155,641,No! I said I wanted a VIEW of the sheep meadow.
6827,3743,4,36,119,159,1.2767295597484276,0.039814822626141395,641,I'd like to book some salon appointments please.
6078,3743,8,28,123,159,1.2767295597484276,0.04363102204110205,641,"I ordered a fleece throw, not fleece as white as snow."
4802,3743,6,32,121,159,1.2767295597484276,0.041766530769877415,641,Turns out they were right – you can't take the country out of the boy.
4549,3743,8,28,123,159,1.2767295597484276,0.04363102204110205,641,Get the flock out of here so we can talk.
1467,3743,11,22,126,159,1.2767295597484276,0.046287153423505714,641,I wanna wake up in a city that doesn’t sheep.
1655,3743,9,26,124,159,1.2767295597484276,0.04453400476322718,641,They were here all of the time  And not lost at all
511,3743,7,30,122,159,1.2767295597484276,0.0427089520879537,641,You' won't believe this--they actually came home!
8236,3743,7,30,122,159,1.2767295597484276,0.0427089520879537,641,"Yes, this is 'Insomnia Anonymous.' We're booked solid for the next three months."
3276,3743,6,32,121,159,1.2767295597484276,0.041766530769877415,641,Tell Amazon that we all feel strongly that there should be grazing land in Queens.
5927,3752,9,29,132,170,1.276470588235294,0.04254596922322716,641,"I'll have the breakfast special, 12 bushels of barley sprouts. and a shovel."
2264,3752,6,35,129,170,1.276470588235294,0.04001647865968418,641,They're adjusting to city life.
5684,3752,12,23,135,170,1.276470588235294,0.04493328866182205,641,If you love what you do you’ll never have to work a day in your life.
782,3752,10,27,133,170,1.276470588235294,0.04335635064691297,641,Yes please.  How do I turn off the 'go to sleep' hologram?
6377,3756,7,28,117,152,1.2763157894736843,0.04398002535160598,641,Tell Little Bo Peep I think I have something of hers.
5395,3756,7,28,117,152,1.2763157894736843,0.04398002535160598,641,So I counted 12...now what?
8088,3756,5,32,115,152,1.2763157894736843,0.041951947254526244,641,Other than having to pack 'em into the elevator it's about as convenient to the Sheep Meadow as you can get
3317,3756,5,32,115,152,1.2763157894736843,0.041951947254526244,641,"No, I'm sure it's fine.  He said to just bring my work with me."
210,3756,9,24,119,152,1.2763157894736843,0.04591861693702519,641,"That's right, you heard me correctly: ""I don't give a flock!"
1720,3756,7,28,117,152,1.2763157894736843,0.04398002535160598,641,"We always come home for lunch and a little ""Guiding Light."""
1521,3756,9,24,119,152,1.2763157894736843,0.04591861693702519,641,"It's not working... And no, thanks, I don't need more to count."
2880,3756,8,26,118,152,1.2763157894736843,0.04495977096993022,641,"My lost black sheep, 'is in the lobby bar, buying drinks for the house.' On my tab!"""
4269,3764,7,23,104,134,1.2761194029850746,0.04783705819755782,641,"Ya, I just sat down for a nap when you called."
4762,3764,7,23,104,134,1.2761194029850746,0.04783705819755782,641,Don't ask me - we just followed the GPS directions.
6129,3764,9,19,106,134,1.2761194029850746,0.05012809430114643,641,What am I up to? Same old sheep.
7499,3764,6,25,103,134,1.2761194029850746,0.04664936533718852,641,"Two bales of hale, two bags of bedding, and one bottle of Merlot."
8262,3768,10,25,128,163,1.2760736196319018,0.044621616493669095,641,"Yes, apartment 3B and knitting needles."
8257,3768,9,27,127,163,1.2760736196319018,0.04376469234976011,641,"Many, many followers, I would say"
7745,3768,10,25,128,163,1.2760736196319018,0.044621616493669095,641,I got weary of hearding cats.
7725,3768,11,23,129,163,1.2760736196319018,0.04546239127616378,641,"Room Service, what channel is Shari Lewis?"
7443,3768,9,27,127,163,1.2760736196319018,0.04376469234976011,641,"Well, it's not exactly a sit in, but they want it known that THEY'RE keeping ME and not the other way around."
7168,3768,10,25,128,163,1.2760736196319018,0.044621616493669095,641,I think I overherd
2910,3768,8,29,126,163,1.2760736196319018,0.04289065089772153,641,"Can you send up 60 lbs. of hay, 12 lbs. of corn and some air freshener?"
3340,3768,4,37,122,163,1.2760736196319018,0.03920008273300579,641,"Doc, so how is this supposed to cure my insomnia?"
1429,3768,10,25,128,163,1.2760736196319018,0.044621616493669095,641,Missing Persons? I'd like to report a poor little lamb who's gone astray.
333,3768,9,27,127,163,1.2760736196319018,0.04376469234976011,641,"Bo, it's Mary I found them."
5139,3768,8,29,126,163,1.2760736196319018,0.04289065089772153,641,"Hello, I'd like to order one pepperoni pizza and one haystack."
6148,3779,6,28,111,145,1.2758620689655173,0.04429390544367285,641,Well at least we have a great view of Central Park's Sheep Meadow.
8432,3779,11,18,116,145,1.2758620689655173,0.04940523517318955,641,I still can not sleep.  How can I get rid of the sheep.
6464,3779,10,20,115,145,1.2758620689655173,0.048426148121703205,641,and tell BoPeep that I've found them.
3987,3779,9,22,114,145,1.2758620689655173,0.04742685295581093,641,Yo Peep! They're home and they brought their tails.
6696,3779,5,30,110,145,1.2758620689655173,0.04319912752406008,641,"No, really, the grass is for my sheep..."
2183,3779,9,22,114,145,1.2758620689655173,0.04742685295581093,641,Flock. F-L-O-C-K
991,3779,10,28,136,174,1.2758620689655173,0.04265093677909294,641,"Not much, how about ewe?"
2953,3779,11,26,137,174,1.2758620689655173,0.043422841641116275,641,"After two weeks of insomnia, Alan was desperate."
1758,3787,9,25,122,156,1.2756410256410255,0.04508398370991806,641,Miss Peep? I think I've found somethings of yours
2591,3787,7,29,120,156,1.2756410256410255,0.04321041095938075,641,"Honey, have you seen the remote?"
3566,3787,9,25,122,156,1.2756410256410255,0.04508398370991806,641,"I blame Ambien, Restoril, Halcion... no one just needs to count them anymore."
5753,3787,8,27,121,156,1.2756410256410255,0.044157135337534806,641,"‘Your staff has been very helpful, but I had asked for a ‘cheap’ suite.”"
7136,3787,5,33,118,156,1.2756410256410255,0.04125183200054257,641,"This ""farm to home"" thing is working out pretty well"
8463,3787,7,29,120,156,1.2756410256410255,0.04321041095938075,641,"No, that rerun didn't help. I'm back to counting sheep."
8767,3787,8,27,121,156,1.2756410256410255,0.044157135337534806,641,I’ve always dreamed of moving to Manhattan...but now I’m thinking it might have been a mistake.
6683,3794,3,29,95,127,1.2755905511811023,0.044265118820560216,641,I blame my guidance counselor.
7190,3795,9,28,130,167,1.2754491017964071,0.04302992271101786,641,"I know I said ""I herd ewe,"" but what did you say?"
6926,3795,11,24,132,167,1.2754491017964071,0.044675093534335346,641,Yes. That’s FIFTY orders of organic wheat grass. Not the juice. The GRASS.
3715,3795,8,30,129,167,1.2754491017964071,0.04218328320109104,641,"Room service, I said I need sleep not sheep."
2101,3795,9,28,130,167,1.2754491017964071,0.04302992271101786,641,Bo?  They're over here.
3019,3799,10,18,110,138,1.2753623188405796,0.050143258160425565,641,"We're all here, and I swore to them Hamilton will be well worth it!"
8890,3799,8,22,108,138,1.2753623188405796,0.047987220104410026,641,"Just kickin' back, and then counting on a good night's sleep."
4617,3801,8,33,137,178,1.2752808988764044,0.04043471169463785,641,"Hi, Hon. We found an apartment that overlooks Sheep Meadow."
4776,3801,5,39,134,178,1.2752808988764044,0.038006920338565266,641,"Sorry, I’m running late.  Had to bring some work home."
6747,3801,8,33,137,178,1.2752808988764044,0.04043471169463785,641,Management should have let me have a service dog.
8850,3804,11,19,119,149,1.2751677852348993,0.048428093945673795,641,Is it true you can buy grass real cheap in this city?
866,3804,5,31,113,149,1.2751677852348993,0.04243950934928181,641,What would make you think that I am trying to pull the wool over your eyes!
950,3804,9,23,117,149,1.2751677852348993,0.04651764009573785,641,"Lamb chops, leg of lamb, lamb shoulder-you name it, I got it all.  And if you order now I'll throw in a lambs wool scarf!"
1000,3804,8,25,116,149,1.2751677852348993,0.04553236341888473,641,"No Ms. Peep, they're not lost. However, they're demanding to stay until their take-out order arrives."
6380,3804,8,25,116,149,1.2751677852348993,0.04553236341888473,641,This sleep therapy isn't working.
6871,3804,7,27,115,149,1.2751677852348993,0.044525289408853794,641,Hello. Can you send up a large order of grass and clover?
8940,3804,7,27,115,149,1.2751677852348993,0.044525289408853794,641,Room service? Could I please order several bowls of clover?
4987,3811,3,38,119,160,1.275,0.03859766669390568,641,Do you have any melatonin?
4723,3811,8,28,124,160,1.275,0.04339195357690323,641,"No, they're not pets, and yes, I have my business license."
8222,3811,12,20,128,160,1.275,0.04687565513169022,641,"It's 2018, as if I'm the first tenant who has a 'comfort herd' provision in the lease."
7421,3811,11,22,127,160,1.275,0.04602945461141049,641,"I know what you told me to do, but I still have insomnia!"
4346,3811,9,26,125,160,1.275,0.04428857626320113,641,These blasted sheep are keeping me awake.
1696,3811,9,26,125,160,1.275,0.04428857626320113,641,Ten large wee wee pads.
1801,3811,8,28,124,160,1.275,0.04339195357690323,641,"Little Bo-Peep, I think I found your sheep!"
595,3811,8,28,124,160,1.275,0.04339195357690323,641,We're waiting for the delivery from the grazing menu
3950,3811,11,22,127,160,1.275,0.04602945461141049,641,This is baaaaahd
11,3820,7,33,131,171,1.2748538011695907,0.04066943744685766,641,My doctor prescribed Rambien.
349,3820,6,35,130,171,1.2748538011695907,0.039814616570293185,641,I guess you could say I'm a sheep hoarder.
771,3822,9,18,104,131,1.2748091603053435,0.05089156389742101,641,"Oh, . . nothing.  What are you doing?"
4067,3822,10,16,105,131,1.2748091603053435,0.05203259639900345,641,"You say house-sitting, I say shepherding, let’s call the whole thing off."
5075,3822,7,22,102,131,1.2748091603053435,0.048529080474831635,641,"Yes yes, I herd."
1361,3825,6,27,109,142,1.2746478873239437,0.044857810626764444,641,"I couldn't just stop working, so I'm easing into retirement."
1708,3825,8,23,111,142,1.2746478873239437,0.04703194038056216,641,I'd like more than one wake up call in the morning.
5176,3825,7,25,110,142,1.2746478873239437,0.04595773378979546,641,I fixed my sleeping problem!
5685,3825,4,31,107,142,1.2746478873239437,0.04257279568565551,641,"Hello, does your lawn need mowing?"
7266,3825,9,21,112,142,1.2746478873239437,0.04808215403689606,641,Why do I keep letting myself get fleeced in telephone scams?
1029,3830,8,26,119,153,1.2745098039215685,0.04470144637887213,641,I didn't lose them.  FAKE NEWS!
6946,3830,10,22,121,153,1.2745098039215685,0.04658559790723082,641,Thanks for letting us use your place George; mind if we graze in your kitchen?
6876,3830,9,24,120,153,1.2745098039215685,0.045653243262321286,641,"Oh, yeah, cancel the lamb chops, and make that eleven salads!"
5778,3830,8,26,119,153,1.2745098039215685,0.04470144637887213,641,"Ah yes, Ms. Bo Peep...I have good news..."
4903,3830,8,26,119,153,1.2745098039215685,0.04470144637887213,641,We're cool.  I promised your doorman a lamb chop.
3028,3830,12,18,123,153,1.2745098039215685,0.0483964518987208,641,They are in training to go to the White House.
837,3830,8,26,119,153,1.2745098039215685,0.04470144637887213,641,"No, not busy. Just flock-sitting for a friend."
2533,3830,9,24,120,153,1.2745098039215685,0.045653243262321286,641,"Little Bo-peep, I have your sheep,
You'll never believe where I found them;
But come alone, or they'll have a new home
And you'll never see their tails again."
2051,3830,9,24,120,153,1.2745098039215685,0.045653243262321286,641,"Wel,l it's more like herding cats than I thought."
8774,3830,9,24,120,153,1.2745098039215685,0.045653243262321286,641,I'm not so sure Bo ever really wanted us back...
8260,3830,6,30,117,153,1.2745098039215685,0.04273430336804582,641,"I did leave them alone. They came home. Yes, wagging their tails behind them."
2678,3830,10,22,121,153,1.2745098039215685,0.04658559790723082,641,"I’m not feeling well, but I’ll be working from home."
8745,3830,6,30,117,153,1.2745098039215685,0.04273430336804582,641,Me? Spent the afternoon in Sheep Meadow...You?
6446,3843,5,27,103,135,1.2740740740740741,0.04513921666476789,641,"Thanks, but I still can’t get to sleep."
3683,3843,10,17,108,135,1.2740740740740741,0.050895387597272274,641,Any idea how I can stream Shari Lewis?
3576,3843,8,21,106,135,1.2740740740740741,0.04867467349299314,641,Not much. Just flocking around.
3084,3843,9,19,107,135,1.2740740740740741,0.04979741116928703,641,"True, I didn't want them in the meadow -- but I didn't totally think it through."
5411,3847,7,26,113,146,1.273972602739726,0.04509010340583965,641,Twelve. Now what?
5712,3847,7,26,113,146,1.273972602739726,0.04509010340583965,641,"=“You heard me right, I’d like to order three gallons of mint jelly.”"
7967,3849,9,25,123,157,1.2738853503184713,0.04483029586946742,641,"Mary, I thought you said you had only a few lambs!"
7769,3849,12,19,126,157,1.2738853503184713,0.04748403289241879,641,"Little Bo-Peep, I found them watching Fake News."
7727,3849,9,25,123,157,1.2738853503184713,0.04483029586946742,641,But CNN just said these were already counted.
6006,3849,11,21,125,157,1.2738853503184713,0.04661624247405835,641,"Bo, we haven’t heard a peep from you in months."
5912,3849,9,25,123,157,1.2738853503184713,0.04483029586946742,641,"They are worried that when they are being counted at night, there will be a citizenship question."
7930,3849,8,27,122,157,1.2738853503184713,0.04391009121393259,641,"Hey Bo-peep, the sheep made it home."
3979,3849,5,33,119,157,1.2738853503184713,0.04102582306830125,641,I can't count; so I'm watching TV to put me to sleep.
2564,3849,10,23,124,157,1.2738853503184713,0.045731988203795544,641,"That's right, I need a Ewe-ber right as soon as possible."
2040,3849,8,27,122,157,1.2738853503184713,0.04391009121393259,641,"...with extra pepperoni, and 12 side orders of grass."
4835,3849,9,25,123,157,1.2738853503184713,0.04483029586946742,641,We're watching Shetland.
6157,3859,9,28,131,168,1.2738095238095237,0.04280443801656167,641,"No mom, I'm not in Kansas anymore."
8990,3860,6,26,107,139,1.2733812949640289,0.04544266157650377,641,"Yeah, bo peep... yeah...they found their way home."
7517,3860,6,26,107,139,1.2733812949640289,0.04544266157650377,641,Mary Beth just couldn’t decide between the country life and the city life...
8152,3860,5,28,106,139,1.2733812949640289,0.04428059480857658,641,Just count’n sheep….how about you?
5064,3860,7,24,108,139,1.2733812949640289,0.04657574374835,641,"I'm calling in response to a Missing Sheep flyer, is this Ms. Bo-Peep?"
6081,3864,9,23,118,150,1.2733333333333334,0.04624288243598217,641,"Bo? Bo, you're not going to believe this, but . . ."
3879,3864,6,29,115,150,1.2733333333333334,0.04324289305942818,641,I'm protecting them from Wolf Blitzer.
2187,3864,4,33,113,150,1.2733333333333334,0.04112148930818522,641,They keep following me everywhere.
2711,3864,4,33,113,150,1.2733333333333334,0.04112148930818522,641,They help me get to sleep.
3164,3864,5,31,114,150,1.2733333333333334,0.04219552513639529,641,Mr. Bo-Peep? ...This is he.
3238,3864,11,19,120,150,1.2733333333333334,0.04813912227299142,641,I'm not lost.  It's the sheep that are lost.
3623,3864,8,25,117,150,1.2733333333333334,0.04526498334667862,641,"Hi, yes. I'd like to order two hundred pounds of your medium quality hay and fifty pounds of grazing grass please."
5414,3864,7,27,116,150,1.2733333333333334,0.04426548608975301,641,It’s really nice being able to walk everywhere.
5072,3872,10,24,127,161,1.2732919254658386,0.04491847138326595,641,I'd like to order Shepard's Pie and some freshly harvested forage.
9001,3872,9,26,126,161,1.2732919254658386,0.044045763926358304,641,"If you believe that, I've got a herd of sheep I can sell you."
2961,3872,9,26,126,161,1.2732919254658386,0.044045763926358304,641,"It's now spelled ""B-e-a-u"" Peep."
2305,3872,7,30,124,161,1.2732919254658386,0.042246299444459,641,All her relatives came for the holidays
1312,3872,9,26,126,161,1.2732919254658386,0.044045763926358304,641,Room service? Send up 50 pounds of grass
2962,3877,11,25,136,172,1.2732558139534884,0.04369578852391668,641,Tell her I know where to find ‘em.
7669,3877,8,31,133,172,1.2732558139534884,0.041295563523383386,641,I’m feeling a bit sheepish
7763,3877,9,29,134,172,1.2732558139534884,0.04211084210412022,641,"I do not CARE where MARY is'
Get here here now!"
8211,3880,9,32,142,183,1.273224043715847,0.04039185271653487,641,You said the room came with a mini-barn.
3282,3881,7,22,103,132,1.2727272727272727,0.04820501015253788,641,I'm returning your damn loaner dog
7846,3881,10,19,114,143,1.2727272727272727,0.048803085744203015,641,"Hello, Shepard’s Pie Escort Service...?  You can pick up now."
7340,3881,9,18,105,132,1.2727272727272727,0.050547441535790355,641,But.... I love them
7270,3881,7,28,119,154,1.2727272727272727,0.04348060933208722,641,"Thanks for your concern, but I don't have a sheep hoarding problem."
7161,3881,6,30,118,154,1.2727272727272727,0.04249330476752751,641,Could you give me the directions to Bethlehem?
6874,3881,7,28,119,154,1.2727272727272727,0.04348060933208722,641,"Hello, I'm having issues with my Lamb Router."
6849,3881,10,31,146,187,1.2727272727272727,0.04051410076417775,641,"Long story, couldn't fall asleep last night, started counting........"
6452,3881,9,30,137,176,1.2727272727272727,0.041446684148657015,641,"Okay,Okay,it's almost halftime.  Then we'll go for a walk."
6054,3881,8,23,112,143,1.2727272727272727,0.04674136354105388,641,"Not 'sheep' -- I said ""sleep!' Trump's put a tariff on SLEEP!"
5845,3881,7,25,111,143,1.2727272727272727,0.04567561723105038,641,Tell Bo Peep she can find them in Apartment 5 E!
5082,3881,12,18,124,154,1.2727272727272727,0.048114193093178464,641,"Usually I enjoy the assembly, but the Ikea sweater is too much for me"
4130,3881,8,26,120,154,1.2727272727272727,0.044445987734701146,641,"Bo-Peep here, I have an even dozen ready to go."
3503,3881,10,22,122,154,1.2727272727272727,0.0463164193495183,641,What noise? Oh- just the TV.
2907,3881,10,25,130,165,1.2727272727272727,0.04414217803884439,641,This sleep app is just not working!
2622,3881,7,28,119,154,1.2727272727272727,0.04348060933208722,641,Already picked them up from school
2494,3881,10,28,138,176,1.2727272727272727,0.04222277456365938,641,"Yes, I'd  like your one room free carpet cleaning special.  Can you come this week?  And next week too?"
1729,3881,6,24,102,132,1.2727272727272727,0.04699002641840444,641,"So, I counted them, but that didn't help either."
1165,3881,6,27,110,143,1.2727272727272727,0.04458440257755946,641,Who can sleep with all of these in here?
1100,3881,10,19,114,143,1.2727272727272727,0.048803085744203015,641,"We’re all here, but it was like herding cats getting them all registered at the front desk!"
495,3881,7,31,127,165,1.2727272727272727,0.041554811899356045,641,Nobody's putting me out to pasture.
4548,3881,9,24,121,154,1.2727272727272727,0.045390838982517376,641,They spell  W E A R  W O O L  across the field at halftime.
7827,3902,7,32,130,169,1.272189349112426,0.040893484172776336,641,Is that wolf still prowling around down there?
8604,3902,9,28,132,169,1.272189349112426,0.042581237699936346,641,"Hello, Miss Peep. Did I wake you?"
5562,3902,8,30,131,169,1.272189349112426,0.041745891126238936,641,The herds all here.
3458,3902,11,24,134,169,1.272189349112426,0.044204598859483524,641,Speak up.. Im only getting three bahs!
3253,3902,9,28,132,169,1.272189349112426,0.042581237699936346,641,So I dumped my Tech and now I'm into Ag.
294,3902,9,28,132,169,1.272189349112426,0.042581237699936346,641,"Hi Room Service, can I get 50lbs of grass clippings delivered to  902."
4490,3902,7,32,130,169,1.272189349112426,0.040893484172776336,641,"Hi. Yeah, I’d like to place an order for seventy-seven grass pizzas."
8986,3909,7,29,122,158,1.2721518987341771,0.04273252894281875,641,Two large with clover and two large with grass
514,3909,11,21,126,158,1.2721518987341771,0.046352687626313886,641,No joke. Airbn-baaas are a thing.
1884,3909,10,23,125,158,1.2721518987341771,0.04547467421652611,641,"So far, the only problem is the smell."
3429,3909,9,25,124,158,1.2721518987341771,0.044579371238452174,641,"On second thought, make 'em all veggie..."
3467,3909,10,23,125,158,1.2721518987341771,0.04547467421652611,641,"Uh, yeah, Bo Peep, that’s the good news; the bad news is that in three days they’ve run up a $5,000 bill at the Four Seasons NY Downtown."
5443,3909,6,31,121,158,1.2721518987341771,0.041778503740146015,641,We had to take emergency refuge from the wolf of Wall Street
5637,3909,7,29,122,158,1.2721518987341771,0.04273252894281875,641,They're strict vegans so our choice of restaurants is always somewhat limited.
5860,3909,9,25,124,158,1.2721518987341771,0.044579371238452174,641,I assure our products are 100% farm-to-sweater.
6767,3909,9,25,124,158,1.2721518987341771,0.044579371238452174,641,Hello--would you mind asking Ms. Peep if there is a finder's fee for her sheep?
8996,3918,6,28,113,147,1.272108843537415,0.04376918552853482,641,"Hello, Gristedes? Please deliver a pound of whitefish, , a dozen onion bagels, a chocolate rugala, and six bales of hay."
8106,3918,9,22,116,147,1.272108843537415,0.04685408714485814,641,I am the black sheep of the family.
5210,3918,9,22,116,147,1.272108843537415,0.04685408714485814,641,A 4th-floor walkup but we're near the park so ...
1618,3918,11,18,118,147,1.272108843537415,0.0488024733226613,641,Count yourselves and go to sleep and stop with the kvetching already.
6845,3918,6,28,113,147,1.272108843537415,0.04376918552853482,641,What I've learned is that Bo don't know sheep.
7449,3923,5,27,104,136,1.2720588235294117,0.044851378593446456,641,Sorry I missed your call.  Please leave a message after the Bo Peep.
8780,3924,6,35,132,173,1.2716763005780347,0.039416710106895535,641,Remember how I was telling you that I wanted to be an urban shepherd?
2472,3924,9,29,135,173,1.2716763005780347,0.04189650392369401,641,"No, the pigeons have not come home to roost."
3043,3924,12,23,138,173,1.2716763005780347,0.04423750723543512,641,"Joe Peep, not Bo Peep."
4849,3924,8,31,134,173,1.2716763005780347,0.04108653923004977,641,"Well, at least they're not lost anymore."
5326,3924,7,33,133,173,1.2716763005780347,0.040260282795538456,641,"Seriously, when do I get a break ?"
8206,3929,8,28,126,162,1.271604938271605,0.042921358672471925,641,"Yes, I was calling about the delivery status of my ""Sheep herding is Fun"" instructional video"
7293,3929,4,36,122,162,1.271604938271605,0.039185687258039476,641,"Hello, you've reached Bo-Peep.com.  We're rather busy right now."""
8649,3929,10,24,128,162,1.271604938271605,0.04467220055575988,641,Let Bo-Peep know I found them
8748,3929,9,26,127,162,1.271604938271605,0.04380552780634548,641,I went to every farm-to-table in the city.  There’ll be no mutton on the menus tonight!
7034,3929,7,30,125,162,1.271604938271605,0.04201858867441236,641,They're quiet.  Too quiet.
4658,3929,7,30,125,162,1.271604938271605,0.04201858867441236,641,We’re taking a me day.
4798,3929,8,28,126,162,1.271604938271605,0.042921358672471925,641,"Thanks, Dear...But I think you may have misunderstood me when I said, 'What our world needs are more yous!'"
280,3929,9,26,127,162,1.271604938271605,0.04380552780634548,641,Sorry I missed your call. I fell asleep counting them again.
7980,3937,6,29,116,151,1.271523178807947,0.04299368487374794,641,"I'm sorry, but it's 'finders-keepers', Ms. Peep"
9021,3937,9,23,119,151,1.271523178807947,0.04597126930241102,641,"Honey, I think this adoption thing took a ewe-turn."
6545,3937,5,31,115,151,1.271523178807947,0.04195422169785289,641,So what else could I do with a shepherd's staff?
6289,3937,7,27,117,151,1.271523178807947,0.04400860324724808,641,Hello.  Manhattan Feed and Grain?  Do you deliver?
5517,3937,10,21,120,151,1.271523178807947,0.04692182671236649,641,"They surrounded me and demanded that I put on ""Silence of the Lambs."""
4754,3937,8,25,118,151,1.271523178807947,0.04500063755686408,641,"Right number, I'll solve your insomnia for good!"
7207,3937,6,29,116,151,1.271523178807947,0.04299368487374794,641,"Good Morning Pastor John, I thought the Lord was MY Shepard."
4107,3937,7,27,117,151,1.271523178807947,0.04400860324724808,641,"No, Mary's not here. You have the wrong number."
3533,3937,12,17,122,151,1.271523178807947,0.04876738934499625,641,Tell Bo to chill.
2376,3937,9,23,119,151,1.271523178807947,0.04597126930241102,641,"Yes, I've been counting but I'm still not sleepy"
1491,3937,7,27,117,151,1.271523178807947,0.04400860324724808,641,They say they won’t leave without Mary.
222,3937,7,27,117,151,1.271523178807947,0.04400860324724808,641,And no cops Bo Peep.
4588,3937,6,29,116,151,1.271523178807947,0.04299368487374794,641,I  need you to send me a sheepdog. Things are looking ugly.
8883,3950,5,28,107,140,1.2714285714285714,0.04400651304553963,641,"If you’re renting an office in New York, you’re getting fleeced."
8139,3950,6,26,108,140,1.2714285714285714,0.04515914207938474,641,"Extra pepperoni, no black olives, double order of clover."
4469,3950,5,28,107,140,1.2714285714285714,0.04400651304553963,641,I'm suspicious that one of them tampered with the GPS.
7877,3950,4,30,106,140,1.2714285714285714,0.042822870846178,641,"No no, you were right. Herding in the city is nothing like herding back home."
159,3954,12,21,133,166,1.2710843373493976,0.045538923254611334,641,"Well, the weather looks iffy, and the flock has a pretty strong union."
431,3954,8,29,129,166,1.2710843373493976,0.04221037941879041,641,Room service?   I'm going to need a lot of mint jelly.
2055,3954,7,31,128,166,1.2710843373493976,0.041336385673525704,641,"My clients want to know why they're aren't getting ""Animal Planet."""
6617,3954,11,23,132,166,1.2710843373493976,0.04473001431993507,641,"Hello, Miss Peep. I've found your sheep."
7998,3954,10,25,131,166,1.2710843373493976,0.043906204925201774,641,Your fantasy was Dr. Shepherd from Grey's Anatomy? I've made a terrible mistake.
6686,3959,5,32,118,155,1.270967741935484,0.04125155280809132,641,I've just been sitting here binging on Lassie reruns.
7011,3959,6,30,119,155,1.270967741935484,0.04225491438448457,641,It was just a short nap.
8659,3959,9,24,122,155,1.270967741935484,0.04513135640908927,641,"Well, sure I miss her, but at least I never have trouble falling asleep."
5641,3959,10,22,123,155,1.270967741935484,0.04605026071463241,641,I can never count on these guys...
1399,3959,5,32,118,155,1.270967741935484,0.04125155280809132,641,"Bo-Peep, Bill calling. I found your sheep."""
1185,3959,8,26,121,155,1.270967741935484,0.044193349621440434,641,Can you repeat the order to me? 12 wheatgrass and 1 burger.
199,3959,5,32,118,155,1.270967741935484,0.04125155280809132,641,We decided to check the farm report before heading out.
2680,3959,9,24,122,155,1.270967741935484,0.04513135640908927,641,The cable's good but the mini bar's not going to last.
1466,3967,5,29,110,144,1.2708333333333333,0.04320443218435998,641,"I was warned I’d be fleeced when I bought this place, but I had no idea."
4117,3967,10,19,115,144,1.2708333333333333,0.048499983979362775,641,"Yes, I want to get rid of my followers."
4432,3967,7,25,112,144,1.2708333333333333,0.045396840800028745,641,"No, I’m telecommuting today."
5111,3967,5,29,110,144,1.2708333333333333,0.04320443218435998,641,"We made it home in time for the night time count, but you wouldn't BELIEVE the traffic we hit in the midtown tunnel!"
7975,3967,6,27,111,144,1.2708333333333333,0.04431419701966919,641,"Hi , Mary.  I need your help."
3162,3972,5,26,102,133,1.2706766917293233,0.04544383731668337,641,My room is flocked!
6182,3972,6,24,103,133,1.2706766917293233,0.046680440407283315,641,"Hey Bo Peep, Guess what I found!"
6975,3972,7,22,104,133,1.2706766917293233,0.047885119642438766,641,When can you pick them up Miss Peep?
6828,3975,14,18,138,170,1.2705882352941176,0.04628673973771737,641,No Fox tonight.
8133,3975,6,34,130,170,1.2705882352941176,0.03981900452488688,641,"Grubhub?  Five bales of hay, please."
198,3975,6,34,130,170,1.2705882352941176,0.03981900452488688,641,"The usual, the chicken lo mein and a dozen sod rolls."
279,3978,6,21,95,122,1.2704918032786885,0.04943370578426822,641,"The floor is a mess, but they’re easier to keep track of."
421,3979,12,19,128,159,1.270440251572327,0.04694770307050651,641,How exactly was this supposed to help me sleep?
2917,3979,10,23,126,159,1.270440251572327,0.04522017062989071,641,"On second thought, cancel the rack of lamb."
7376,3979,10,23,126,159,1.270440251572327,0.04522017062989071,641,"It's not the size of the crook, it's how you use it."
218,3982,5,30,113,148,1.2702702702702702,0.042441782362525486,641,You have no rules on pets? Okay!
575,3982,10,20,118,148,1.2702702702702702,0.04754942909114843,641,Like a good neighbour Sheep Farm is here...
1174,3982,7,26,115,148,1.2702702702702702,0.04455515926155409,641,My sleep therapist suggested that I bring them.
3819,3982,7,26,115,148,1.2702702702702702,0.04455515926155409,641,Their union contract specifies they don't sleep in the manger.
4486,3982,7,26,115,148,1.2702702702702702,0.04455515926155409,641,Bo - get on over here. They don't know where to find you.
4981,3982,7,26,115,148,1.2702702702702702,0.04455515926155409,641,I'd like to order five large meadow special pizzas with extra clover please.
4143,3988,7,23,107,137,1.27007299270073,0.04691382528075054,641,"Mary, I’m sure you said ONE little lamb."
6300,3988,7,23,107,137,1.27007299270073,0.04691382528075054,641,The L.A. Rams are the favorites in this house.
8823,3988,6,25,106,137,1.27007299270073,0.04575548923918324,641,Never should have given Little Bo Peep the day off!
8084,3991,10,24,129,163,1.2699386503067485,0.04442855006625856,641,"Yeah, well...there was no room at the stable."
1915,3991,9,26,128,163,1.2699386503067485,0.04356782871513237,641,"Now that you mention it, I guess I haven't been sleeping great."
1197,3991,9,26,128,163,1.2699386503067485,0.04356782871513237,641,Just wool-gathering as usual
1527,3991,7,30,126,163,1.2699386503067485,0.04179324077973915,641,"Of course Miss Peep, I'll make sure they stay off the sofa."
1773,3991,9,26,128,163,1.2699386503067485,0.04356782871513237,641,"Sorry, I'll turn the TV down."
40,3996,7,27,118,152,1.269736842105263,0.04375459417878221,641,750 channels but nothing on sheep.
8715,3996,5,31,116,152,1.269736842105263,0.041715557772473454,641,"Bah, bah, bah...so what’s new"
8515,3996,8,25,119,152,1.269736842105263,0.044739276787746564,641,Stop staring! The only crook in the room is the one I'm holding!
7839,3996,10,21,121,152,1.269736842105263,0.04664632503179592,641,"May I speak to Bo Peep,please?"
6936,3996,8,25,119,152,1.269736842105263,0.044739276787746564,641,Tech support? I've counted them over and over again. Still wide awake.
6341,3996,9,23,120,152,1.269736842105263,0.04570274896799179,641,"Your name is Beau Peep!?!  
Listen, is your sister home?"
4916,3996,9,23,120,152,1.269736842105263,0.04570274896799179,641,Can I get an Uber for 12 sheep at 6 O'clock  at 57th and Fifth?
3980,3996,4,33,115,152,1.269736842105263,0.04065771002562606,641,The repercussions of Mary’s retirement.
5425,3996,10,21,121,152,1.269736842105263,0.04664632503179592,641,One pepperoni and 12 grass please.
3349,3996,5,31,116,152,1.269736842105263,0.041715557772473454,641,"Hello, room service? Can I get one order of Eggs Benedict and twelve orders of hay?"
3784,3996,12,17,123,152,1.269736842105263,0.04847841159169,641,Is Little Bo Peep there?
845,3996,7,27,118,152,1.269736842105263,0.04375459417878221,641,I will count you guys at bed time...
1117,3996,7,27,118,152,1.269736842105263,0.04375459417878221,641,I'm thinking of making the transition to cats.
1419,3996,9,23,120,152,1.269736842105263,0.04570274896799179,641,Happy holidays--we're just waiting on Joseph and Mary.
398,3996,6,29,117,152,1.269736842105263,0.04274723541948937,641,"It's my new startup-- ""Shear Delight."""
2727,3996,9,23,120,152,1.269736842105263,0.04570274896799179,641,Please don’t tell me it’s a bull market.
1518,3996,5,31,116,152,1.269736842105263,0.041715557772473454,641,"Before you head over, stop and get some shears."
5134,3996,7,27,118,152,1.269736842105263,0.04375459417878221,641,"""Where in hell is Little Bo Peep?"
6324,4014,5,38,135,178,1.2696629213483146,0.03781643183632094,641,I thought it would make it easier to count them.
4912,4015,5,28,108,141,1.2695035460992907,0.04373568096734234,641,Gonna Netflix 'n' Chill with the flock...you?
1294,4015,8,22,111,141,1.2695035460992907,0.04708249311005425,641,Working from home comes with it’s own challenges.
1585,4015,5,28,108,141,1.2695035460992907,0.04373568096734234,641,"Yes, I found my sheep."
2027,4015,8,22,111,141,1.2695035460992907,0.04708249311005425,641,Twelve vegan platters and one lamb burger.
4604,4015,7,24,110,141,1.2695035460992907,0.0459939565037037,641,I tried counting them--there are twelve--but I still can't get to sleep.
4716,4015,4,30,107,141,1.2695035460992907,0.04256163374546885,641,"I don't think this was such a good idea, Mom.  They've already cleaned out the mini-fridge and now they want me to call room service."
5740,4021,9,27,131,167,1.2694610778443114,0.042838744744204925,641,I'm not sleepy.
2553,4021,6,33,128,167,1.2694610778443114,0.0402333624070992,641,"Wolf, shmolf."
3488,4021,7,31,129,167,1.2694610778443114,0.041120169229633574,641,The new place is great but they have a no dogs policy
5898,4024,7,28,121,156,1.2692307692307692,0.04299205867207354,641,Can't this afternoon.  We have a four o'clock in Central Park.
88,4024,8,26,122,156,1.2692307692307692,0.04394348751296154,641,I tried a home remedy last night.  Didn't sleep a wink.
527,4024,7,28,121,156,1.2692307692307692,0.04299205867207354,641,"No, of course I'm not at the Hyatt. You know my circumstances require I stay in an AirBnB... I'm not an asshole, Karen. Of course I'm only bringing one to the wedding."
1241,4024,8,26,122,156,1.2692307692307692,0.04394348751296154,641,"Netflix, big hook, endless wool...let the binge crocheting begin!"
1569,4024,8,26,122,156,1.2692307692307692,0.04394348751296154,641,"You've picked a baaaaaad time to call."""
1835,4024,6,30,120,156,1.2692307692307692,0.04201909236197543,641,Getting them up here was easy. Keeping them off the furniture is the hard part
3134,4024,10,22,124,156,1.2692307692307692,0.04578707313947236,641,"Please send twelve bales of hay, one incredibly well-rested goat and my apologies to housekeeping.”"
4344,4024,8,26,122,156,1.2692307692307692,0.04394348751296154,641,I asked for a room with A ewe” [“a” should be underlined
4899,4024,9,24,123,156,1.2692307692307692,0.04487474880977718,641,"Not exactly alligators, but I’m still pretty busy."
5004,4024,5,32,119,156,1.2692307692307692,0.0410230561633995,641,"I’d like 10 orders of clover, eight of kudzu, five sides of knapweed, and 12 grass shakes."
4763,4034,8,30,133,171,1.2690058479532165,0.041317205729658385,641,Your apartment is fine. That noise? Oh I’m watching the farming channel.
1775,4034,8,30,133,171,1.2690058479532165,0.041317205729658385,641,"Yeah, the genie was hard of hearing. He must have thought I said I want to wake up in a city that ever sheeps."
2894,4036,6,27,112,145,1.2689655172413794,0.04404714081921775,641,I'm taking up knitting. Is that a problem?
3368,4036,8,23,114,145,1.2689655172413794,0.04617056958251709,641,"yes, yes, yes,. I took them to the farm and tomorrow I'm taking them to the zoo!"
3661,4036,7,25,113,145,1.2689655172413794,0.04512134810664488,641,I'd like one small General Tso's chicken and fourteen quarts of rice
4378,4036,7,25,113,145,1.2689655172413794,0.04512134810664488,641,"Right before I doze off, I'll be taking a head count"
7466,4036,6,27,112,145,1.2689655172413794,0.04404714081921775,641,"No, Honey, there's no one I love more than ewe..."
4366,4041,11,21,128,160,1.26875,0.045834226692265556,641,"Hello, Front Desk?  I said , 'I needed to get some sleep!'"
6255,4041,5,33,122,160,1.26875,0.040361841177905165,641,Ms. Bo-Peep?  I have your sheep at the Ritz.
2576,4041,9,25,126,160,1.26875,0.04408563974896443,641,I just moved into the Woolworth Building.
6576,4041,7,29,124,160,1.26875,0.042264771709698806,641,"Oh yeah, just livin' the dream."""
2126,4041,9,25,126,160,1.26875,0.04408563974896443,641,Ms. Peep. I'll have to raise my sheep-sitting rates. They've eaten my shag carpet and are starting in on my sofa.
119,4041,6,31,123,160,1.26875,0.041324261342118376,641,Tell Bo Peep I took them for a ride into the City!
2250,4041,11,21,128,160,1.26875,0.045834226692265556,641,"Having herded the sheep by promising them outsized returns, Bob called the wolves back to Wall Street to cause the next credit crisis"
3999,4048,7,22,105,134,1.2686567164179106,0.04756933183724331,641,"Seriously, I still can't go to sleep."
7257,4048,6,24,104,134,1.2686567164179106,0.04637478281143451,641,Send Babe!
1189,4048,3,30,101,134,1.2686567164179106,0.04259058497961232,641,"No, no problems at all -- they've all been as good as little lambs!"
3419,4048,7,22,105,134,1.2686567164179106,0.04756933183724331,641,"Awake all night, so they didn't work."
2557,4052,9,29,137,175,1.2685714285714285,0.041474127039628855,641,telecommutton
815,4053,12,16,121,149,1.2684563758389262,0.049145493841831596,641,"No, she wasn't lost; she was stolen."
1556,4053,8,24,117,149,1.2684563758389262,0.045304532650593456,641,"Sorry, Bo. No, I haven't seen them at all."
2065,4053,7,26,116,149,1.2684563758389262,0.04429227875286486,641,There's a callback on Monday. I just need to work on the accent.
2260,4053,11,18,120,149,1.2684563758389262,0.04821394863927143,641,"No, they're not here."
4811,4053,8,24,117,149,1.2684563758389262,0.045304532650593456,641,"Yeah, but I don't get Netflix out in the meadow."
5403,4053,8,24,117,149,1.2684563758389262,0.045304532650593456,641,"Yes Susan, you can help me. I'm just not sure this Airbnb is the 'oasis in nature' it was advertised as."
271,4059,5,34,125,164,1.2682926829268293,0.039729710180000224,641,"The apartment says ""Pet Friendly,"" and for how many?"
404,4059,11,22,131,164,1.2682926829268293,0.0450261042675272,641,"I know, but we did vote for him"
2726,4059,9,26,129,164,1.2682926829268293,0.04333262820711154,641,Yeah and it looks like Mary also has a sweet little view of the Hudson.
3772,4059,7,30,127,164,1.2682926829268293,0.04157022094193494,641,"Of course it's your fantasy, but I could only afford the sheep for an hour."
7104,4063,9,30,140,179,1.2681564245810055,0.04083449850659945,641,There's fourteen. And I'm still awake.
4177,4064,4,29,105,138,1.2681159420289856,0.04307528616827969,641,"Hi Mom, I'm working from home today...of course they don't mind, they're City Sheep."
4121,4064,12,13,113,138,1.2681159420289856,0.05197857694142033,641,"Yeah, I'm feeling sheepish about this urban farming thing."
3791,4064,6,25,107,138,1.2681159420289856,0.04546485812221544,641,"Wool on Wall Street! 
“Hey Jamie! I got the physical delivery of the stock for the derivatives you purchased on my account last month”"
93,4064,9,19,110,138,1.2681159420289856,0.048830450463457395,641,"Mom, I'm back from Europe."
796,4068,7,27,119,153,1.2679738562091503,0.04350341309745316,641,"'
""This is John Shepard in 307 . . ."""
1149,4068,10,21,122,153,1.2679738562091503,0.04637396777443322,641,I thought we were supposed to meet Mary and her little lamb.
3260,4068,6,29,118,153,1.2679738562091503,0.04250350149249065,641,"Alexa, switch channels to the Grass Network."
4195,4068,4,33,116,153,1.2679738562091503,0.04042955620720004,641,"Count sheep?"" You gotta be kidding"
5627,4068,5,31,117,153,1.2679738562091503,0.04147949285028267,641,I just can’t seem to fall asleep without them.
6474,4068,7,27,119,153,1.2679738562091503,0.04350341309745316,641,"We were wondering, where's the remote?"
8125,4068,11,19,123,153,1.2679738562091503,0.04729211561296106,641,Please leave your message after the Bo-peep...
8914,4068,9,23,121,153,1.2679738562091503,0.04543727077123655,641,"Hello, may I speak with Miss Bo Peep?"
125,4076,9,27,132,168,1.2678571428571428,0.04261318503754864,641,That's right-- party of 13 for the Garment District.
8383,4076,9,27,132,168,1.2678571428571428,0.04261318503754864,641,I want to report a lost sheep.
8486,4076,7,31,130,168,1.2678571428571428,0.040906130838603345,641,All I know is I got up to pee and then couldn't get back to sleep.
8578,4076,11,23,134,168,1.2678571428571428,0.04425444088341625,641,"And suddenly - plopped on his sofa, calling into Fox News, surrounded by sheep - George finally got a glimpse into the life of the American President."
18,4080,9,31,143,183,1.2677595628415301,0.04022088975894009,641,Sleepless in Seattle
1664,4081,7,24,111,142,1.267605633802817,0.04570832658874256,641,"And my landlord said, ""Get the ""f"" out of here.""  And I thought he meant flock."
1694,4081,3,32,107,142,1.267605633802817,0.041105846738328664,641,"Yes, just got back from New Zealand..."
2062,4081,8,22,112,142,1.267605633802817,0.046788259642886874,641,"Hello, City Sheep, LLC.  Our sheep are warm, cuddly companions.  You will be nodding off in no time.  How can I help you?"
2979,4081,8,22,112,142,1.267605633802817,0.046788259642886874,641,"I found them, BoPeep."
3526,4081,8,22,112,142,1.267605633802817,0.046788259642886874,641,My border collie quit yesterday. I'm waiting for Amazon Prime to deliver a new one today.
4518,4081,6,26,110,142,1.267605633802817,0.044602253291466165,641,"Yes, they think they are a bit underrepresented on the animal channel"
4572,4081,4,30,108,142,1.267605633802817,0.04230343670367706,641,"Not to worry, Bo, they're here with me."
7059,4081,6,26,110,142,1.267605633802817,0.044602253291466165,641,"Look, my name isn't Mary OR Bo Peep, you've got the wrong number."
7214,4081,8,22,112,142,1.267605633802817,0.046788259642886874,641,"14 pizzas for delivery,please.  Half alfalfa,half organic clover.  CanI tip the delivery person in artistic lanolin?"
7738,4081,6,26,110,142,1.267605633802817,0.044602253291466165,641,"Well, tell Bo Peep to call me."
8440,4081,5,28,109,142,1.267605633802817,0.04346804432924327,641,"I dunno, but the Border Collie was pulling his own little joke!"
8573,4092,10,22,125,157,1.267515923566879,0.04552680875727029,641,A much better gig than dog walking.
6754,4092,11,20,126,157,1.267515923566879,0.04641497207743607,641,When Siri misunderstands heard for herd
5554,4092,9,24,124,157,1.267515923566879,0.04462097038717284,641,"Little Bo Peep
I have found your sheep
Please come get 'em
I need to sleep!"
4384,4092,8,26,123,157,1.267515923566879,0.04369635775399191,641,"Hello, room service? I’m having a hard time keeping my sheep under control. Could you send up a border collie please?"
4007,4092,7,28,122,157,1.267515923566879,0.04275175275514142,641,"No Beau, I haven't heard a peep out of them since they got here"
2559,4092,9,24,124,157,1.267515923566879,0.04462097038717284,641,"...but first, we climbed every mountain."
325,4092,10,22,125,157,1.267515923566879,0.04552680875727029,641,"Hey, Bo Peep. Yeah, you left them here."
173,4092,5,32,120,157,1.267515923566879,0.040796981861168695,641,This is Little Bo Peep. I found them.
1785,4100,7,21,103,131,1.2671755725190839,0.04825118691053638,641,"Scissors and a loom  -  yes, that's right.  How much?"
237,4101,7,25,114,146,1.2671232876712328,0.044849083934353454,641,"...and 50,000 ounces of actual grass."
473,4101,8,23,115,146,1.2671232876712328,0.045890234702387844,641,Their was no Air BNB with a pasture.
1574,4101,7,25,114,146,1.2671232876712328,0.044849083934353454,641,Could you send up some grass?- No I mean REAL GRASS- not hemp!
4596,4101,8,23,115,146,1.2671232876712328,0.045890234702387844,641,Now can I get some sleeping pills?
5378,4101,10,19,117,146,1.2671232876712328,0.04790469980721477,641,"Don't give me that crap about ""The Lord is my shepherd and I shall not want""-!"
6950,4101,4,31,111,146,1.2671232876712328,0.04156946470526171,641,...and 20 side orders of clover.
7399,4101,7,25,114,146,1.2671232876712328,0.044849083934353454,641,"Me and the boys are just hanging out, binge-watching the ""Good Shepherd"""
8268,4101,8,23,115,146,1.2671232876712328,0.045890234702387844,641,". . . and a plate of fries.  Plus, can you send up six bales of hay?"
5114,4109,11,21,129,161,1.2670807453416149,0.04557922933902443,641,I told him there weren't any black sheep but he still didn't let me cross the border.
361,4109,5,33,123,161,1.2670807453416149,0.04014508236163696,641,Does that come in silk or cotton;  anything but wool?
84,4109,7,29,125,161,1.2670807453416149,0.04203459457313946,641,There's a wolf in the meadow. I'm monitoring via live cam.
8630,4112,3,30,102,135,1.2666666666666666,0.0423207369515159,641,Am I speaking with the Central Park groundskeeping supervisor?
8435,4112,7,26,117,150,1.2666666666666666,0.044032392659054245,641,Yes I’m still missing one. Your sale said the costume comes comes with one hundred.
7801,4112,11,22,132,165,1.2666666666666666,0.04478191659811515,641,Do you have vegetarian pizza?
7457,4112,7,30,128,165,1.2666666666666666,0.04134949496875358,641,I'm apartment sitting for that gyro cart guy I told you about.
7255,4112,5,26,104,135,1.2666666666666666,0.04485712223433967,641,No. I don't know where you can find 3 wise men on 24 hours notice. I've had my props for weeks.
7124,4112,9,22,119,150,1.2666666666666666,0.04601980574173564,641,"""I don't feel well,
I will work at home today"
6475,4112,10,20,120,150,1.2666666666666666,0.046981996329658667,641,I thought we'd have lamb for dinner.
7493,4112,10,20,120,150,1.2666666666666666,0.046981996329658667,641,Is this Uber XL?
4360,4112,8,28,129,165,1.2666666666666666,0.0422337609523278,641,I think they're catching on to the wool upholstery.
4124,4112,7,30,128,165,1.2666666666666666,0.04134949496875358,641,next time I'll wear wolf's clothing
3930,4112,9,26,130,165,1.2666666666666666,0.043099888563495836,641,What do you mean when you say the Bible should be read metaphorically?
3903,4112,8,28,129,165,1.2666666666666666,0.0422337609523278,641,"Yeah, I can talk. I'm just finishing some work in front of the TV"
3441,4112,11,18,121,150,1.2666666666666666,0.047924872850462895,641,"Yes, the place is sheep and ready to move in"
2571,4112,6,28,116,150,1.2666666666666666,0.043004257285391624,641,"Television used to put me to sleep, but now I have to count sheep."
2114,4112,10,12,98,120,1.2666666666666666,0.05517140763434271,641,I'm so sorry Miss Bo-Peep - they just blindly followed me like a flock of ... well... sheep.  No no ... my name is Crump not Trump.
6188,4112,10,20,120,150,1.2666666666666666,0.046981996329658667,641,I was following a You Tube video on cloning and “Poof” I got a room full of ‘em.
8793,4128,6,33,130,169,1.2662721893491125,0.03981932616505114,641,"The pay's not that great, but I get to work from home sometimes."
8720,4128,11,23,135,169,1.2662721893491125,0.044020343330239436,641,"Trust me, restoring ‘Animal Planet’ 
IS an emergency..."
1258,4128,9,27,133,169,1.2662721893491125,0.04238992652320577,641,Are sure the magic lint brush will pick up wool.
2123,4128,8,29,132,169,1.2662721893491125,0.041550733958717244,641,The maid is going to need a bigger tip.
5899,4128,10,25,134,169,1.2662721893491125,0.04321282504971724,641,No I didn't loose my sheep . I lost my remote!
5988,4133,8,25,121,154,1.2662337662337662,0.0442253182039528,641,"Hello, this is the Empire State building's personal shepherd. Yes, I can walk your animal from 10 - 2 for $45 per hour. We're currently on a lunch break in my apartment."
8677,4133,3,35,116,154,1.2662337662337662,0.039133956880474115,641,"Give me about an hour, Mark. I have some sheep to count."
7339,4133,6,29,119,154,1.2662337662337662,0.042262440707957816,641,"It's much easier being a city herder, but the sheep are still having trouble adjusting."
6563,4133,9,23,122,154,1.2662337662337662,0.045174785091514194,641,I am trying to do my part to bridge the urban-rural divide.
4882,4133,10,21,123,154,1.2662337662337662,0.046104703077756694,641,"Can you believe they picked ""America's Got Talent"" over
""Animal Planet"""
6179,4133,7,27,120,154,1.2662337662337662,0.043255015112900655,641,How am I feeling? Sheepish!
3337,4133,8,25,121,154,1.2662337662337662,0.0442253182039528,641,I'm living in a world where only service dogs are allowed.
3248,4133,6,29,119,154,1.2662337662337662,0.042262440707957816,641,"Yes sir, I did fall asleep on the job . . . but let me remind you, my job description says that am to count sheep."
1868,4133,5,31,118,154,1.2662337662337662,0.04124598715960179,641,"Can I get one personal pan pizza and a salad? You know what, make that twenty salads."
73,4133,5,31,118,154,1.2662337662337662,0.04124598715960179,641,"The meadow? In a half hour? Na, we’re going to order some room service and enjoy a change of scenery."
4544,4133,8,25,121,154,1.2662337662337662,0.0442253182039528,641,I won’t be in to work today - I’m feeling a little sheepish.
347,4144,6,25,108,139,1.2661870503597121,0.045177784061393216,641,They're following me around like sheep.
4558,4144,9,19,111,139,1.2661870503597121,0.04851623868730769,641,"James, how many times do I need to ask you not to leave your cane in my apartment?"
7083,4144,4,29,106,139,1.2661870503597121,0.04280774863955415,641,Hello Doctor Jones...counting sheep hasn’t helped.
443,4147,5,36,132,173,1.2658959537572254,0.038352614578473804,641,"Hello, Ms. Peep, I have your sheep. 
And it'll cost you $50k if you want them back."
7947,4147,8,30,135,173,1.2658959537572254,0.04089698094458842,641,I cant tonight. I’m house sitting for Little Bo Peep.
8855,4147,8,30,135,173,1.2658959537572254,0.04089698094458842,641,"I'd rather not meet at my place, I'm a little sheepish."
9017,4150,9,24,125,158,1.2658227848101267,0.04436997625775281,641,"I'm telling you, this Trump guy is crazy"
7448,4150,12,18,128,158,1.2658227848101267,0.047016717860393985,641,And they said I'd never make it in the big city.
6858,4150,8,26,124,158,1.2658227848101267,0.043451917541463006,641,This is BoPeep. You'll never guess where I found them.
2857,4150,7,28,123,158,1.2658227848101267,0.0425140386572089,641,"No, Ms. Muffet is not here. She was elected to Congress."
869,4150,7,28,123,158,1.2658227848101267,0.0425140386572089,641,"Could you ship a case of Woolite up here, ASAP, please ?"
788,4150,7,28,123,158,1.2658227848101267,0.0425140386572089,641,But your ad said that pets are ok.
211,4150,8,26,124,158,1.2658227848101267,0.043451917541463006,641,"I know  the sheep belong in the meadow, but this is Manhattan!"
1037,4150,5,32,121,158,1.2658227848101267,0.040573293836953364,641,Hello. Fred’s urban sustainable farm.  May I help you?
1866,4158,6,26,111,143,1.2657342657342658,0.04432876928557099,641,"OK, so I blindfolded them and led them into this Trump Tower room, and you want me to do WHAT?"
3313,4158,11,16,116,143,1.2657342657342658,0.04957322934378047,641,"Doctor Lecter, I haven’t slept for so long even the sheep are tired of jumping."
4461,4158,7,24,112,143,1.2657342657342658,0.0454261251111397,641,What can I tell you? The meek shall inherit penthouses too.
5552,4158,9,20,114,143,1.2657342657342658,0.04754491513392349,641,"Oh, mutton much. Ewe?"
6236,4158,8,22,113,143,1.2657342657342658,0.046497590247801576,641,"Sure, the stock seems to be growing, but at the end of the
day it's all over the place."
7133,4158,5,28,110,143,1.2657342657342658,0.04320354997142997,641,We're waiting for a callback for a Serta commercial.
7297,4158,8,22,113,143,1.2657342657342658,0.046497590247801576,641,"Paul Lorde is your shepherd, you shall not want for a better sheep sitting professional. How can I help you today?"
1336,4165,5,24,99,128,1.265625,0.04638026319434138,641,12 is good. 13 would just be ridiculous.
8788,4165,11,12,105,128,1.265625,0.05375237474153426,641,"Nothing, just watching TV. I can't fall asleep."
1761,4167,9,29,139,177,1.265536723163842,0.041059953883252474,641,"Ms. Bo Peep?  Yeah, yeah.  I got 'em."
7729,4168,7,29,126,162,1.2654320987654322,0.04180683566182501,641,"Just watching Sean Hannity, you?"
5412,4168,9,25,128,162,1.2654320987654322,0.043602453832988525,641,"Well...I got ""Babe"" on demand and they don't care."
553,4168,7,29,126,162,1.2654320987654322,0.04180683566182501,641,Can I call you back? 'The Good Shepherd' just came on.
450,4168,5,33,124,162,1.2654320987654322,0.03993055266148707,641,It’s like herding sheep.
4245,4168,9,25,128,162,1.2654320987654322,0.043602453832988525,641,"We're at the Meadowlands Plaza, 20th floor, room 3D"
1499,4173,8,23,116,147,1.2653061224489797,0.04561319813620343,641,Im supposed to meet Little Bo Peep here for the night!
2297,4173,5,29,113,147,1.2653061224489797,0.04243818992211959,641,"Delivery?
Ok, a dozen large salads, no dressing. And a bottle of red, and some nachos. Been a day, you know?"
6410,4173,8,23,116,147,1.2653061224489797,0.04561319813620343,641,You see Joe -I am kinda on the lamb
2623,4176,7,21,104,132,1.2651515151515151,0.04792701155749111,641,But it was you who said you wanted to meet everyone involved in making your beautiful coat.
8464,4177,9,26,131,166,1.2650602409638554,0.04286957277701307,641,I finally found a great stay-at-home job.
6172,4177,12,20,134,166,1.2650602409638554,0.04535259993062108,641,"Blah, blah, blah, baa, baa, baa!"
4178,4177,5,34,127,166,1.2650602409638554,0.039315682234605624,641,I promised them we would watch something that is wild and woolly.
6789,4177,7,30,129,166,1.2650602409638554,0.04113102928238062,641,"Hey Siri, where's in Central Park is the sheep meadow?"
500,4177,5,34,127,166,1.2650602409638554,0.039315682234605624,641,I Herd.
2431,4177,11,22,133,166,1.2650602409638554,0.04454030725465628,641,"I dunno, Mary -- home schooling ain't all it's cracked up to be."
464,4183,11,18,122,151,1.2649006622516556,0.04763917614937664,641,We're doing great! How're ewe?
1857,4183,7,26,118,151,1.2649006622516556,0.04377545226709975,641,"Sure it's a little dull, but at least they allow remote working."
3193,4183,8,24,119,151,1.2649006622516556,0.04477265283562814,641,Little bo peep I’ve found you’re sheep.
4935,4183,7,26,118,151,1.2649006622516556,0.04377545226709975,641,Little Po-Peep Come get your sheep!
5972,4183,6,28,117,151,1.2649006622516556,0.04275499971276549,641,Bo? They knew where to find me.
6062,4183,5,30,116,151,1.2649006622516556,0.041709588582099735,641,"I don't want to call the Meat Wholesaler either, hon, but times are tough and rent is due this week."
7084,4183,8,24,119,151,1.2649006622516556,0.04477265283562814,641,"Sure, I'm trying to sleep, but I've lost count!"
7809,4183,6,28,117,151,1.2649006622516556,0.04275499971276549,641,"I did tell them the party started at 7:30, yes."
5224,4191,11,23,136,170,1.2647058823529411,0.04378865615352004,641,"Hey, Little Bo, wassup?"
5417,4191,8,29,133,170,1.2647058823529411,0.04133528123659467,641,I’ve seriously got to start thinking of getting the flock out of here.
4146,4191,10,25,135,170,1.2647058823529411,0.04298642533936651,641,The real estate agent pulled the wool over our eyes.
7267,4191,9,27,134,170,1.2647058823529411,0.0421689354760427,641,"It's a lot more responsibility, plus I have to take my work home with me."
2924,4191,10,25,135,170,1.2647058823529411,0.04298642533936651,641,".


You didn’t hear right I never said cheap."
1651,4191,6,33,131,170,1.2647058823529411,0.03961537815495164,641,Is this Bo Peep?
3415,4191,5,26,105,136,1.2647058823529411,0.04456922123197992,641,"Operator,
Would you have a number for a Little Bo Peep?"
1384,4198,8,25,122,155,1.264516129032258,0.043972626739534455,641,"They’re OK, but there was less housework when the dogs did the herding."
2081,4198,8,25,122,155,1.264516129032258,0.043972626739534455,641,"Yeah hello, tell Miss Bo Peep I found them."
3713,4198,9,23,123,155,1.264516129032258,0.044915243324909135,641,"I'm telling you, the sheep know. They've known all along."
4537,4198,8,25,122,155,1.264516129032258,0.043972626739534455,641,"Hey, Bo Peep, I know where you can find them."
6167,4198,10,21,124,155,1.264516129032258,0.04583848016129209,641,"Well, Cousin Bo, you should have thought about that before you danced with my Larry."
6593,4198,8,25,122,155,1.264516129032258,0.043972626739534455,641,I don't think the sleep timer function on my new TV is working correctly.
3685,4204,7,18,96,121,1.2644628099173554,0.05084492038106454,641,I’d like to speak with Mary please
1203,4205,10,26,138,174,1.264367816091954,0.04229131031983447,641,I'm just watching The Farm Show and I've got to say this new TV does bring the picture to life.
8621,4205,7,32,135,174,1.264367816091954,0.03986518060165665,641,Okay guys zip it. Green Acres is about to start!
7451,4207,10,17,113,140,1.2642857142857142,0.049260423676337574,641,"No, Bo Peep. I didn’t kidnap them.  They just wanted a nicer view of the Park than you could provide."
6562,4207,11,15,114,140,1.2642857142857142,0.05029278540398302,641,"Forget farming, urban sheep herding is the next big thing."
3518,4207,10,17,113,140,1.2642857142857142,0.049260423676337574,641,"Bo Peep? I found your phone...yes, it's fine. Don't you want your sheep back too?"
1123,4207,6,25,109,140,1.2642857142857142,0.044894205072559736,641,"Hello, Mary?  I've got a whole lot of sheep here. . ."
1794,4207,5,27,108,140,1.2642857142857142,0.04373459415815174,641,Mary's out having a mani-pedi with the girls. I'm home watching the kids.
1598,4212,10,22,127,159,1.2641509433962264,0.04501486294780466,641,"Today, we went to the Sheep Meadow in Central Park. Tomorrow, we're going to the Bronx Zoo."
2077,4212,7,28,124,159,1.2641509433962264,0.04227887650481754,641,Count me out.
2204,4212,6,30,123,159,1.2641509433962264,0.04132664881900787,641,"Listen, you are not the first to try to pull the wool over my eyes."
7417,4212,7,28,124,159,1.2641509433962264,0.04227887650481754,641,"Wolf? Yeah, I really need you this time around."
8309,4212,9,24,126,159,1.2641509433962264,0.04412172243135606,641,"Yeah, what sort of grass do you have on the menu tonight?"
8368,4217,4,30,110,144,1.2638888888888888,0.04179596617581002,641,"A cheeseburger with fries, a chocolate milkshake and 4 bushels of clover."
8147,4217,8,22,114,144,1.2638888888888888,0.046210422818557334,641,We were thrown out of Sheeps Meadow again.
6847,4217,8,22,114,144,1.2638888888888888,0.046210422818557334,641,"I was about to start herding, but then I started binging 'This is Us."""
6571,4217,5,28,111,144,1.2638888888888888,0.04294214579750938,641,I am the good shepherd and I know they want the premium package.
2384,4217,5,28,111,144,1.2638888888888888,0.04294214579750938,641,"Maybe counting them worked, and I'm really asleep."
5725,4217,7,24,113,144,1.2638888888888888,0.0451472931629876,641,It's not for you; it's for the ewe.
5812,4217,9,20,115,144,1.2638888888888888,0.04724963782078061,641,"Look Bo-Peep, it's not my fault they like my apartment better than yours."
6823,4224,7,29,127,163,1.2638036809815951,0.04158145875937288,641,We've been outsourced.
7993,4224,6,31,126,163,1.2638036809815951,0.040660513406971355,641,I can't seem to find Waldo.
4118,4224,12,19,132,163,1.2638036809815951,0.04590990658618334,641,"Well,they told to bring farm to the table."
5838,4224,6,31,126,163,1.2638036809815951,0.040660513406971355,641,Hello? Daa-aad?
1407,4224,11,21,131,163,1.2638036809815951,0.045077479529285466,641,"Yeah, this is what you get when there's a leadership vacuum."
225,4224,8,27,128,163,1.2638036809815951,0.04248244431051912,641,Not baaaad.  You?
2686,4224,5,33,125,163,1.2638036809815951,0.039718219855370746,641,I'll be down in two shakes of a lamb's tail.
8766,4231,7,34,141,182,1.2637362637362637,0.03870147282946782,641,"Yes, I have rebooted the modem and no, my sheep have not chewed through the cable."
7844,4232,5,29,114,148,1.2635135135135136,0.04218857159601243,641,"Ten orders of grass, please, for room service."
6859,4232,4,31,113,148,1.2635135135135136,0.04108463106752489,641,"Yeah, I got a great deal on a sublet in Sheepshead.  Family discount."
6215,4232,7,25,116,148,1.2635135135135136,0.044314025996588666,641,Bo? can you come over? It’s Boy Blue.
5465,4232,9,21,118,148,1.2635135135135136,0.04634209993883322,641,This is not what I expected when you said everything was made of 100% pure wool.
5283,4232,6,27,115,148,1.2635135135135136,0.043264352955627354,641,"Yeah, they all made it home...now could you come get them!"
4504,4232,12,15,121,148,1.2635135135135136,0.04922779922779923,641,How fast can you deliver a few pounds of grass?
4035,4232,7,25,116,148,1.2635135135135136,0.044314025996588666,641,"I already told Bo-Peep, I'll return the sheep when she gives me her Netflix password."
3893,4232,6,27,115,148,1.2635135135135136,0.043264352955627354,641,"Yes, dear, you shall not want."
5335,4232,7,25,116,148,1.2635135135135136,0.044314025996588666,641,"It's great, except for the wool comforters."
3051,4232,8,23,117,148,1.2635135135135136,0.045339404091624,641,"Yes, yes, more sheep than you can count. I’ll be there at 11 pm."
2265,4232,6,27,115,148,1.2635135135135136,0.043264352955627354,641,and to ewe & ewe & ewe
1718,4232,7,25,116,148,1.2635135135135136,0.044314025996588666,641,I'll take anything but the lamb.
1462,4232,9,21,118,148,1.2635135135135136,0.04634209993883322,641,"I got ninety-nine problems, but lack of sheep ain't one."
1293,4232,5,29,114,148,1.2635135135135136,0.04218857159601243,641,I'm going to count sheep until the cows come home.
223,4232,8,23,117,148,1.2635135135135136,0.045339404091624,641,"No, Monseigneur. 
I said that I am a good shepherd  not THE Good Shepherd."
3128,4232,8,23,117,148,1.2635135135135136,0.045339404091624,641,So you say Ms. Bo Peep has lost her sheep?
8157,4248,9,26,132,167,1.2634730538922156,0.042641644536897776,641,Woolwoorth please...
7625,4248,8,28,131,167,1.2634730538922156,0.0417871389534917,641,I just wish I could train them to stay off the couch.
5506,4248,6,32,129,167,1.2634730538922156,0.04002343373741166,641,"I’ve got another flock calling, can you hold?"
4593,4248,13,18,136,167,1.2634730538922156,0.045900864004744246,641,Little Bo Peep?
4204,4248,6,32,129,167,1.2634730538922156,0.04002343373741166,641,"There will be some clean up involved, but I couldn't miss my show."
4103,4248,7,30,130,167,1.2634730538922156,0.040914790907759784,641,What do you mean I'm the black sheep of the family?
3705,4248,10,24,133,167,1.2634730538922156,0.04347935965149285,641,Can I get same day delivery on that electric fence?
4249,4248,7,30,130,167,1.2634730538922156,0.040914790907759784,641,Well now I'm Big Mo Peep!
7613,4256,8,19,106,133,1.263157894736842,0.048788859341711004,641,"Sixteen, and this administration is still keeping me up."
6095,4256,8,24,120,152,1.263157894736842,0.04451125128015218,641,I've lost my field and can't tell where to find it.
7425,4256,7,21,105,133,1.263157894736842,0.047607054407015306,641,"​""It is a nice gift but I'm a park ranger not a shepherd."""
8519,4256,8,24,120,152,1.263157894736842,0.04451125128015218,641,"I don't care what color the sky is, the Weather Channel is telling us to stay put"
6473,4256,5,20,89,114,1.263157894736842,0.04992251654900036,641,Ewe wouldn't believe...
3699,4256,7,26,119,152,1.263157894736842,0.04352140984370994,641,What do you mean I wasn’t supposed to count LITERAL sheep?!
909,4256,4,32,116,152,1.263157894736842,0.04040665771332917,641,I like to think of myself more as a watcher.
3011,4256,8,29,134,171,1.263157894736842,0.041121989869204546,641,Does the hotel have a Lost and Found?
2421,4256,8,19,106,133,1.263157894736842,0.048788859341711004,641,Please blow your horn louder.
2391,4256,8,19,106,133,1.263157894736842,0.048788859341711004,641,"I finally fell asleep, woke up this morning, and . . ."
205,4256,4,32,116,152,1.263157894736842,0.04040665771332917,641,It’s much better than the herding cats gig!
3033,4256,9,22,121,152,1.263157894736842,0.04547955437628567,641,What happened to diversity?
5851,4268,9,28,138,175,1.262857142857143,0.041288194310771846,641,Wolf!
644,4269,6,29,121,156,1.2628205128205128,0.041788173028505786,641,Seriously...are you trying to fleece me?
3769,4269,6,29,121,156,1.2628205128205128,0.041788173028505786,641,I can't help it.  Their contract calls for a mid-morning break.
4463,4269,8,25,123,156,1.2628205128205128,0.043722732953669796,641,How many legs do you need?
7213,4269,7,27,122,156,1.2628205128205128,0.04276639324281545,641,"I am just a random, anonymous fellow checking all animal shelters to see if anyone has brought in a stray sheep."
8791,4273,8,20,109,137,1.2627737226277371,0.04778259701132749,641,They want me to turn to the 'Farm Report'.
6189,4273,8,20,109,137,1.2627737226277371,0.04778259701132749,641,I’m looking for a housebroken sheepdog.
3522,4273,7,22,108,137,1.2627737226277371,0.04664583979511086,641,Just send up an Ambien already.
2357,4273,9,18,110,137,1.2627737226277371,0.04889293184196156,641,Hey Bo. I think I found all of your sheep.
5205,4277,7,33,139,179,1.2625698324022345,0.03907923426397881,641,"I said a few could stay, you must’ve herd differently"
6692,4277,6,35,138,179,1.2625698324022345,0.03826768678691017,641,"Yeh, YouTube has a How-to DIY video on urban herding."
6832,4277,11,25,143,179,1.2625698324022345,0.042169531005341265,641,I wanted them to see what city life is like.
1920,4280,7,28,125,160,1.2625,0.04204622718063757,641,What field am I in? Mostly grassy meadows.
2370,4280,10,22,128,160,1.2625,0.044763090562756715,641,Can I have Little Bo Peep's # please?
2650,4280,5,32,123,160,1.2625,0.040132935548290886,641,"I mean, it’s, like, how they fell asleep in the olden days...yeah, all ethically sourced man."
6737,4280,12,18,130,160,1.2625,0.046486202051061076,641,Tell Mary she forgot her lambs
7353,4280,6,30,124,160,1.2625,0.04110071614856033,641,"Hello, Mary! Please come back ASAP!"
8322,4280,9,24,127,160,1.2625,0.043876165791102366,641,"I know that stuff is illegal, and why would I order 10 pounds of grass from room service in the first place?"
7203,4286,5,27,109,141,1.2624113475177305,0.0434637466358263,641,MARY! You said you had only ONE little lamb!
8401,4286,5,27,109,141,1.2624113475177305,0.0434637466358263,641,"Oh, nothing much. Just doing some pre-knitting."
2509,4286,5,27,109,141,1.2624113475177305,0.0434637466358263,641,Nice prank Mark
1557,4286,5,27,109,141,1.2624113475177305,0.0434637466358263,641,Yeah and I get to work remotely from home a couple days a week.
1737,4286,4,29,108,141,1.2624113475177305,0.04228214929529463,641,It's a sublet.
1705,4291,11,26,146,183,1.2622950819672132,0.04151756884688742,641,Hi. Is this tech support for Ali-Baaaa-Baaaa?
2554,4291,10,28,145,183,1.2622950819672132,0.0407879796334524,641,"Bo Peep, they came home by themselves wagging their tails behind them."
2693,4291,6,20,96,122,1.2622950819672132,0.0491125396521135,641,"Wolf?  This is Shep.  Say, does midnight tomorrow look good for you?"
8104,4291,7,34,142,183,1.2622950819672132,0.03851638043024811,641,I didn't know I was part of the insomnia study
6673,4295,6,31,127,164,1.2621951219512195,0.04044382392608219,641,"Season's bleatings, friend!"
962,4295,5,33,126,164,1.2621951219512195,0.03950805227642463,641,Bo Peep?  I think I found something of yours.
6462,4295,6,31,127,164,1.2621951219512195,0.04044382392608219,641,"Room Service? Send up 12 massaged kale salads, 3 orders of avocado toast and a shepherd’s pie."
9005,4298,6,26,113,145,1.2620689655172415,0.043791444141491366,641,"Sorry, I can't go. I'm just feeling too sheepish today."
7182,4298,7,24,114,145,1.2620689655172415,0.04487177309412216,641,Hello?  Is Bo-Peep there?
5585,4298,7,24,114,145,1.2620689655172415,0.04487177309412216,641,"Hello housekeeping-Thanks for the offer, but we don't need any extra wool blankets!"
1879,4298,9,20,116,145,1.2620689655172415,0.04695792693290919,641,I won't count you now. I'll count you at bedtime.
2331,4298,6,26,113,145,1.2620689655172415,0.043791444141491366,641,Do they prefer Morning Joe or Fox & Friends
8186,4303,8,28,132,168,1.2619047619047619,0.041567256865472406,641,Send up a bottle of Mouton Cadet and 16 glasses.
7918,4303,9,26,133,168,1.2619047619047619,0.04241606821417886,641,"There's a lot of fleecing with this job, Dad. So, no, law school wasn't a total waste of money."
8456,4303,7,30,131,168,1.2619047619047619,0.04070074746107804,641,I'm at a friends house....You don't know her....Bo Peep....
7830,4306,7,25,117,149,1.261744966442953,0.04405112743045617,641,They like the layout but request some updates in the kitchen.
8880,4306,8,23,118,149,1.261744966442953,0.045068797958914913,641,"Hi, IT? I’m working from home today, and I’m having trouble accessing the pasture remotely."
7804,4306,3,33,113,149,1.261744966442953,0.03972056069122727,641,"Ma'am, I called for Shepherd's pie. I didn't sign up for this."
6502,4306,6,27,116,149,1.261744966442953,0.04300938393335905,641,You want to talk to Ewe?!  Ewe who?
70,4306,10,19,120,149,1.261744966442953,0.047038133387666464,641,They're calling me the Wolf of Wool Street.
5051,4306,8,23,118,149,1.261744966442953,0.045068797958914913,641,"I'll have the lamb chops, preferably on a covered plate."
6235,4306,6,27,116,149,1.261744966442953,0.04300938393335905,641,"Listen, sweetie, your sheep came home."
2339,4313,12,21,139,172,1.2616279069767442,0.04411001855333647,641,Bo-Peep is still in town so they are too hot to fence.
3592,4313,10,25,137,172,1.2616279069767442,0.04254050804547336,641,"Martha, when will you be here for our sheepover?"
4930,4313,10,25,137,172,1.2616279069767442,0.04254050804547336,641,I'm keeping it together here.
5891,4313,8,29,135,172,1.2616279069767442,0.040910828795788036,641,"Place a ten thousand dollar bet on the rams, now."
3673,4317,6,22,102,130,1.2615384615384615,0.04703979735018118,641,Are you sure this is where the knitting group is meeting?
3935,4317,6,22,102,130,1.2615384615384615,0.04703979735018118,641,"I like working from home, but I think it inconveniences my coworkers."
7973,4317,5,24,101,130,1.2615384615384615,0.04575458392739736,641,"Just hanging out at the apartment binge watching ""Breaking Baaahhhhhhdddd."""
6816,4320,9,22,122,153,1.261437908496732,0.04521405138783825,641,Where the hell is Heidi.
3885,4320,9,22,122,153,1.261437908496732,0.04521405138783825,641,"No, sweetheart, it’s not that I’m bringing work home again: it’s just coming in by itself"
4182,4320,7,26,120,153,1.261437908496732,0.04327021861385808,641,"Leave us alone, and we might come home — or not."
7526,4320,5,30,118,153,1.261437908496732,0.04123485412706176,641,"Yes, we specialize in rooftop gardens."
1811,4324,9,28,139,176,1.2613636363636365,0.041080089944479405,641,The sheep are not buying the landscape on TV
4924,4324,8,30,138,176,1.2613636363636365,0.040281990081318636,641,"They were awake all night in the Sheep Meadow, so we’re here at the Hilton."
989,4324,6,34,136,176,1.2613636363636365,0.03863636363636365,641,Yeah it was cheap. Who knew what came with Sam Shepherd's former apartment?
1680,4327,4,27,103,134,1.2611940298507462,0.043586678067389806,641,I am binge shepherding.
7265,4327,9,17,108,134,1.2611940298507462,0.04960748691599403,641,I feel tired all the time now.
8203,4327,8,19,107,134,1.2611940298507462,0.04846320158106015,641,"I feel sheepish, but..."
6001,4330,9,23,125,157,1.2611464968152866,0.044404802057903814,641,Well now I don't have to imagine them to count
8956,4330,8,25,124,157,1.2611464968152866,0.04347559233033532,641,"Living in the city, you ever worry about falling into the herd mentality?"
8728,4330,9,23,125,157,1.2611464968152866,0.044404802057903814,641,Is this room service?  Could you please send someone up to count these sheep for me?  I'm trying to get to sleep.
8505,4330,8,25,124,157,1.2611464968152866,0.04347559233033532,641,"Sorry Mate, can't head into work this morning... feeling a bit sheepish"
7446,4330,6,29,122,157,1.2611464968152866,0.0415548853183028,641,Can you believe it - to help you get to sleep you get to count your own sheep!
6495,4330,6,29,122,157,1.2611464968152866,0.0415548853183028,641,We're just out gamboling.
6273,4330,9,23,125,157,1.2611464968152866,0.044404802057903814,641,Is this Little Bo Peep? I found them!
5804,4330,6,29,122,157,1.2611464968152866,0.0415548853183028,641,"The Lord is my shepherd, but my landlord's a pain."
9039,4330,8,25,124,157,1.2611464968152866,0.04347559233033532,641,Its just my take on the whole Urban Farming thin
5096,4330,11,19,127,157,1.2611464968152866,0.04620719727983762,641,"Can’t talk mom, my friends from high school are here"
4890,4330,9,23,125,157,1.2611464968152866,0.044404802057903814,641,"I could change your pillow stuffing while I'm at it."" -- Seren Meketa, Berkeley CA (age 9"
3991,4330,6,29,122,157,1.2611464968152866,0.0415548853183028,641,Getting them all on the elevator was the tricky part
2038,4330,9,23,125,157,1.2611464968152866,0.044404802057903814,641,"Hello, Google Maps?"
1242,4330,10,21,126,157,1.2611464968152866,0.04531496180214352,641,Yes and a large serving of shepherd’s pie.
542,4330,10,21,126,157,1.2611464968152866,0.04531496180214352,641,This is flocked up!
312,4330,9,23,125,157,1.2611464968152866,0.044404802057903814,641,I prefer talk to text...call me old fashioned.
5699,4330,10,21,126,157,1.2611464968152866,0.04531496180214352,641,Oh...imaginary sheep.
7634,4347,8,26,127,161,1.2608695652173914,0.0427343185528518,641,"""And now, for our viewers at home: ewe get a car! Ewe get a car! Ewe get a car!"""
7027,4347,8,26,127,161,1.2608695652173914,0.0427343185528518,641,"No Mom, I told you, I've given up shepherding. I'm a better man now."
5878,4347,4,34,123,161,1.2608695652173914,0.03893151648684435,641,Tell her they've been found on the seventh floor of the Acme Building.
4744,4347,7,22,109,138,1.2608695652173914,0.046345726385314936,641,Mutton. Ewe?
4419,4347,7,22,109,138,1.2608695652173914,0.046345726385314936,641,I found a great place on airbaa-n-baa.
4304,4347,9,24,128,161,1.2608695652173914,0.04363326407374778,641,Hello 911...? I had trouble sleeping and now....
1738,4347,5,26,107,138,1.2608695652173914,0.04400401468716787,641,"Yeah, it's me.  Is that ewe?"
4102,4347,9,18,111,138,1.2608695652173914,0.048574678586445305,641,Ms. Peep?
1435,4347,7,28,126,161,1.2608695652173914,0.04181605230798118,641,"I was counting sheep when you called, now I'll have to start over."
124,4347,8,26,127,161,1.2608695652173914,0.0427343185528518,641,"Crazy, no!. Sheer madness, maybe."
96,4347,9,24,128,161,1.2608695652173914,0.04363326407374778,641,"You won't believe this, but we spotted Cybil Shepherd AND Harry Shearer."
4287,4347,7,28,126,161,1.2608695652173914,0.04181605230798118,641,I've tried leaving them alone but they're not going home. Tell Bo-Peep to get her tail over here.
5841,4359,6,31,128,165,1.2606060606060605,0.04022935878161647,641,"I'm gonna wrap it up here in a second, I'm getting tired."
6603,4360,8,21,113,142,1.2605633802816902,0.04653574554365965,641,They watch what I watch.
5758,4360,5,27,110,142,1.2605633802816902,0.04319612541308653,641,Me? I've just been sitting here and woolgathering all afternoon.
6021,4360,7,23,112,142,1.2605633802816902,0.04544981289771381,641,"Mary you were right.  I took a nap, and they all came back."
5817,4360,10,17,115,142,1.2605633802816902,0.04863492423185556,641,"Sorry, but I'm busy at the moment. I have a few colleagues over from work."
2719,4360,9,19,114,142,1.2605633802816902,0.04759690887201905,641,"Hello, Mary?  You won't believe..."
2120,4360,12,13,117,142,1.2605633802816902,0.05064717264342032,641,"Well, I guess the only downside is syphilis."
1560,4360,7,23,112,142,1.2605633802816902,0.04544981289771381,641,The party was going pretty well until we ran out of grass.
1468,4360,6,25,111,142,1.2605633802816902,0.044337290981409164,641,"Gah, you know I'd love to go out, but I had to bring work home with me."
1150,4360,9,19,114,142,1.2605633802816902,0.04759690887201905,641,"Ewes all be quite, the Rams are about to take the field"
5125,4369,8,28,133,169,1.2603550295857988,0.04134961596299139,641,"Now look here, I demand to speak to the Manager.  I was unaware of this hotel’s ‘No Dog’ policy until my arrival...and it really is quite inconvenient for me”"
6870,4369,7,30,132,169,1.2603550295857988,0.04048886713841456,641,I was just trying to sleep.
7767,4371,8,22,116,146,1.2602739726027397,0.04564635218905256,641,Blackie's on Fox - they won't watch.
7698,4371,5,28,113,146,1.2602739726027397,0.04242840480501643,641,"So far I'd have to say this ""Wolf of Wall Street"" character is overrated."
6237,4371,6,26,114,146,1.2602739726027397,0.04352749528272793,641,Looks like the flock market is dropping - let's sell.
4877,4371,6,26,114,146,1.2602739726027397,0.04352749528272793,641,"Hang on  --  the kids want to say ""Hi"" to ewe."
2869,4371,7,24,115,146,1.2602739726027397,0.044599508482464946,641,Where is the black sheep?
2832,4371,5,28,113,146,1.2602739726027397,0.04242840480501643,641,I'll admit it...there are easier ways to get a country feeling at home.
1807,4371,4,30,112,146,1.2602739726027397,0.04130007533902064,641,I shouldn't have had that after dinner coffee
1782,4371,3,32,111,146,1.2602739726027397,0.04014004125208667,641,"Count sheep"" you said.."
2834,4371,8,22,116,146,1.2602739726027397,0.04564635218905256,641,"Not for nothin', but it was your weekend with these guys."
5454,4380,10,19,121,150,1.26,0.04675606649318342,641,One pie and 30 pounds of silage.
8024,4380,9,21,120,150,1.26,0.045789128571114064,641,the cable company is fleecing me
6340,4380,9,21,120,150,1.26,0.045789128571114064,641,"Hello, Costume City? I said leopard! Not shepherd!"
3373,4380,7,25,118,150,1.26,0.0437912477337203,641,I'm going to work from home today.
2738,4380,7,25,118,150,1.26,0.0437912477337203,641,The downstairs neighbors really know how to pen a passive-aggressive note.
2157,4380,6,27,117,150,1.26,0.04275731422181576,641,"Just enough to cure my insomnia!"""
1744,4380,10,19,121,150,1.26,0.04675606649318342,641,We’re going to be in the living Nativity show here at Trump Tower.
1726,4380,8,23,119,150,1.26,0.04480132628270104,641,"When we go to the bar, they always get carded."
2555,4380,7,25,118,150,1.26,0.0437912477337203,641,"Yes, one dozen garden salads and I am expecting Little Bo Peep."""
2842,4389,6,21,100,127,1.2598425196850394,0.04771048382553092,641,I’ve herded up the whole gang. We’re watching Dances With Wolves.
4148,4390,11,18,125,154,1.2597402597402598,0.04680179316626877,641,It's Little Bo Peep. I've lost my lease.
970,4390,8,24,122,154,1.2597402597402598,0.04399727866706485,641,"Mom, it's time to change the batteries!  I said to tell my staff that I need 12 hours of SLEEP!"
2698,4390,7,26,121,154,1.2597402597402598,0.043021832739711885,641,"I'd like a large, thin crust shepherd's pie."
2775,4390,9,22,123,154,1.2597402597402598,0.044951562463733934,641,Can't we just stay in and binge-watch something for once?
3247,4390,6,28,120,154,1.2597402597402598,0.04202375107555406,641,"I need three bales of very fresh clover.  You deliver, right?"
5806,4390,8,24,122,154,1.2597402597402598,0.04399727866706485,641,"Here in the garment district, I thought things might go from baa to worsted."""
7185,4390,9,22,123,154,1.2597402597402598,0.044951562463733934,641,"I'm at a party for people who think New Yorker cartoons are still funny, what are you up to?"""
2041,4397,9,16,106,131,1.2595419847328244,0.05035142065419517,641,"No, No, they want to come home.  It's me who wants to stay"
4725,4397,4,26,101,131,1.2595419847328244,0.04413690634167973,641,"Feed the dogs for me, I’m working from home today."
4039,4399,8,25,125,158,1.259493670886076,0.04323116124014815,641,"These edibles you gave me ain't shi — oh, wait, hold on, hold on, whoa. I take it back, dude."
2827,4399,10,21,127,158,1.259493670886076,0.045057569978179945,641,Just tell Bo Peep everything is under control.
8122,4399,10,21,127,158,1.259493670886076,0.045057569978179945,641,I am NOT crying wolf.
1053,4399,8,25,125,158,1.259493670886076,0.04323116124014815,641,"Hey Bo, I found your sheep"
5798,4399,7,27,124,158,1.259493670886076,0.042288386669252824,641,They help me sleep.
1878,4399,9,23,126,158,1.259493670886076,0.044153810223525845,641,It sure beats walking dogs for a living.
7412,4399,6,29,123,158,1.259493670886076,0.04132410908906316,641,"The ad said “condo sitter, bring a crook.”"
5908,4406,6,36,143,185,1.2594594594594595,0.03737334504270575,641,"Yes, ma'am, it did say 'no pets,' but it said nothing about not having any livestock in the apartment."
2448,4407,4,27,104,135,1.2592592592592593,0.04330585040333075,641,They follow me everywhere.
2843,4407,7,28,127,162,1.2592592592592593,0.04158831423557151,641,Counting them makes me sleepy.
3551,4407,5,25,105,135,1.2592592592592593,0.04456405500702562,641,"That's right. The apartment has two bedrooms, one bath and a pen."
7944,4407,9,17,109,135,1.2592592592592593,0.049276650421100854,641,How many? Hmm......let me see.
8722,4407,7,28,127,162,1.2592592592592593,0.04158831423557151,641,I’m working under cover to catch the Wolf of Wallstreet
3527,4412,6,31,129,166,1.2590361445783131,0.04001708551824684,641,They needed a vacation from the dogs.
846,4412,7,29,130,166,1.2590361445783131,0.04091926787593426,641,"My Dear Miss Bo Peep… I have found your lost sheep… They run and they leap over fences quite high… Over hedges, they fly… Tho, for me, slow to slumber, takes a much greater number of sheep after sheep jumping free and, my God, over gate and façade…"
3071,4412,8,27,131,166,1.2590361445783131,0.04180198360879839,641,Tell  L’il Bo Peep her sheep have come home.
3792,4412,10,23,133,166,1.2590361445783131,0.043513728108331706,641,What's the line on the Rams?
4511,4412,8,27,131,166,1.2590361445783131,0.04180198360879839,641,I was up all night. Please have the farmacy increase my dosage.
7202,4412,7,29,130,166,1.2590361445783131,0.04091926787593426,641,"Oh, nothing much, just some binge-sheeping.  You?"
8235,4412,10,23,133,166,1.2590361445783131,0.043513728108331706,641,"Yes sir, all the sleeping aids spilled out of the bottle."
8699,4412,6,31,129,166,1.2590361445783131,0.04001708551824684,641,"Hello, Mr. Peep? Could you let Bo know that this working from home thing is not all it is cracked up to be."
8944,4412,8,27,131,166,1.2590361445783131,0.04180198360879839,641,She got the decorating idea from Bed Baaath and Beyond.
9050,4421,8,20,111,139,1.2589928057553956,0.047167865964530195,641,What do you mean I sound sheepish?
3262,4421,9,18,112,139,1.2589928057553956,0.04826045994603862,641,I told  Farmer Jimmy that ewe all should come over.
8635,4421,4,28,107,139,1.2589928057553956,0.042517642472585854,641,I hope the super didnt spot us in the elevator
7796,4421,7,22,110,139,1.2589928057553956,0.0460493557511131,641,Sure.  I can bring a pie.
2109,4421,5,26,108,139,1.2589928057553956,0.043726586145981586,641,"Seriously,it’s like herding sheep around here! Can’t get a thing done."
4132,4421,9,18,112,139,1.2589928057553956,0.04826045994603862,641,"Hello, I'm trying to reach a Miss Little Bo Peep..."
6537,4421,9,18,112,139,1.2589928057553956,0.04826045994603862,641,We usually take the A to 59th and walk up to Sheep Meadow on Sundays.
810,4428,7,30,133,170,1.2588235294117647,0.04027911870455726,641,"Amazon? Mary here. 
There seems to be an issue with my recent lamb order. 
Yes, I realize there was a ""cheaper by the dozen"" special..."
4354,4428,9,26,135,170,1.2588235294117647,0.04197183212780174,641,Of COURSE I left them alone!! Now what?
7784,4428,10,24,136,170,1.2588235294117647,0.04279308748429644,641,Just Waiting for the arrival of the black sheep.
6642,4431,7,23,113,143,1.2587412587412588,0.0451676312546647,641,I told you to wait until  I’m ready to fall asleep!
2217,4431,4,29,110,143,1.2587412587412588,0.041768837001271146,641,"Yes, that's correct. apartment U."
3561,4431,5,27,111,143,1.2587412587412588,0.04293167595934606,641,"I can’t count ‘em again, I need my sleep!"
3918,4431,6,25,112,143,1.2587412587412588,0.044063838426966706,641,"Well, counting them just wasn't working for me."
6483,4431,3,31,109,143,1.2587412587412588,0.04057268401522412,641,"I know, I know, but I'm not a herder!"
8755,4436,11,23,140,174,1.2586206896551724,0.04288530274580254,641,The 'Air Baa n B' looks nothing like the pictures online
6771,4436,6,18,92,116,1.2586206896551724,0.05066379415575519,641,Layoffs are tough in this economy.
8455,4438,6,26,115,147,1.2585034013605443,0.04326661893920212,641,My boyfriend hates it when I work from home.
7571,4438,7,24,116,147,1.2585034013605443,0.04433044410499038,641,"Hello, is this Bo Peep? Have you misplaced some sheep lately?"
5353,4438,9,20,118,147,1.2585034013605443,0.04638495655680603,641,"Mom, I’ve been counting for hours and I’m not even drowsy."
5301,4438,6,26,115,147,1.2585034013605443,0.04326661893920212,641,Maybe this wasn’t quite what I was looking for when I left Wall Street.
6404,4438,5,28,114,147,1.2585034013605443,0.04217596891968897,641,"kids, watch, this is what pasture used to look like"
8446,4443,10,26,142,178,1.2584269662921348,0.041443039661969716,641,They won’t go to sheep.
8817,4444,6,27,118,151,1.2582781456953642,0.04250809678379129,641,"They heard me say, “Staff meeting!”"
8058,4444,7,25,119,151,1.2582781456953642,0.043534337171142495,641,"Bo Peep?? Yeah, They’re here watching Fox News again.”"
7647,4444,4,31,116,151,1.2582781456953642,0.040377442349399294,641,"Before airbnb, I couldn’t afford to bring the whole flock."
7004,4444,8,23,120,151,1.2582781456953642,0.04453693673436995,641,No. I haven't heard that the lambs are missing.
6386,4444,5,29,117,151,1.2582781456953642,0.04145645994811443,641,"When she said her name was BaaBaaAnne, I naturally thought her parents were Beach Boys fans..."
6219,4444,9,21,121,151,1.2582781456953642,0.04551745768858168,641,"Yes Little, not just your crook was left here!"
5322,4444,7,25,119,151,1.2582781456953642,0.043534337171142495,641,"I told my doctor, sleeping pills give me hallucinations."
5266,4444,4,31,116,151,1.2582781456953642,0.040377442349399294,641,Mom - I am not giving up my rent-controlled apartment
2466,4444,9,21,121,151,1.2582781456953642,0.04551745768858168,641,Do you have wheat grass?
2290,4444,6,27,118,151,1.2582781456953642,0.04250809678379129,641,I called the Yale Club and said we're poor little lambs who have lost our way.
1951,4444,5,29,117,151,1.2582781456953642,0.04145645994811443,641,"No, Gwen, they don't allow dogs."
1232,4444,12,15,124,151,1.2582781456953642,0.04833983467786665,641,Donald Trumps and his followers.
638,4444,9,21,121,151,1.2582781456953642,0.04551745768858168,641,"Yes, babe, I got use a themed room just like you wanted."
616,4444,9,21,121,151,1.2582781456953642,0.04551745768858168,641,How am I going to explain this to our Airbnb host?!
186,4444,8,23,120,151,1.2582781456953642,0.04453693673436995,641,"No -  the crook is just fine, but I misread the free sheepping part"
2239,4459,9,22,124,155,1.2580645161290323,0.04469203812864336,641,I need some city dogs that trust their natural herding instincts.
2393,4459,8,24,123,155,1.2580645161290323,0.043744612142876955,641,"Well, they're home. But they're not wagging their tails behind them."
8134,4461,8,25,126,159,1.2578616352201257,0.04298939692052857,641,They don't disappear if they can't make you sleep.
7705,4461,8,25,126,159,1.2578616352201257,0.04298939692052857,641,Little Bo Beep Detective Service....
6824,4461,8,25,126,159,1.2578616352201257,0.04298939692052857,641,"Hi Mary - I know we just started dating, but you gave me the impression that I was babysitting one lamb..."
4738,4461,4,33,122,159,1.2578616352201257,0.03911064131397898,641,Little Bo-Peep quit.  I'm in charge now.
7482,4461,6,29,124,159,1.2578616352201257,0.041095805817513,641,"I said, 'stock', you fool. Why would I ask my broker for a flock?"
4356,4466,6,30,127,163,1.2576687116564418,0.04043705507829283,641,I've counted them but still can't get to sleep.
5580,4466,7,28,128,163,1.2576687116564418,0.04136297602257143,641,Hello? Dolly?
6371,4466,8,26,129,163,1.2576687116564418,0.04226861894458759,641,"I know you mean well,  Doctor, but I'm getting tired of these allergy tests."
7840,4466,6,30,127,163,1.2576687116564418,0.04043705507829283,641,Well this is frustrating.  I paid the pet deposit.
196,4470,6,22,104,132,1.2575757575757576,0.046408374605699396,641,"'Who's this? No, I'm not Sam Shepherd.'"
8806,4470,5,24,103,132,1.2575757575757576,0.04514506409940063,641,"Room service?  Could you make that a ten pound house salad, light on the croutons?"
2577,4472,9,25,133,167,1.2574850299401197,0.04243853957397885,641,"Trust me,the grass will eventually be greener on this side of the fence."
7289,4472,7,29,131,167,1.2574850299401197,0.04070306999953109,641,"Sure Bo, they're all here with me.  Why?"
3851,4472,9,25,133,167,1.2574850299401197,0.04243853957397885,641,"Doc, I didn’t think you prescribing a cane would come with any side effects."
143,4472,7,29,131,167,1.2574850299401197,0.04070306999953109,641,"It's just that, I moved to this city thinking there would be more work..."
2334,4472,6,31,130,167,1.2574850299401197,0.0398069722598191,641,"It seems in addition to a good Samaritan law there's also a good shepherd one as well."""
1891,4477,8,19,109,136,1.2573529411764706,0.047824483398717685,641,You can stop complaining about not being able to sleep. I finally found them.
6570,4477,7,21,108,136,1.2573529411764706,0.04667171252997456,641,"Hello, Bo Peep?...well, I found them. Now they’re hooked on “Animal Planet”, and won’t leave!"
6307,4479,6,32,133,171,1.2573099415204678,0.03920361433755316,641,"No, the carbon dioxide emissions are the least of my worries."
250,4479,8,28,135,171,1.2573099415204678,0.04092092711970746,641,"Waiting for the trade war to end, and you"
8887,4481,7,22,111,140,1.2571428571428571,0.04575666073015567,641,"Hello, Bo Peep? Good news, I found them!"
7269,4481,11,23,141,175,1.2571428571428571,0.04266514189159113,641,Yeah Bo? You won't believe what I found.
8762,4481,6,33,136,175,1.2571428571428571,0.03862521336731559,641,Bad news all around. The roof-top pasture is closed.
7125,4481,6,24,110,140,1.2571428571428571,0.04461946972181272,641,"Hi, you've called 1300-Ewe've-got-a -problem, how can we help?"
136,4481,6,24,110,140,1.2571428571428571,0.04461946972181272,641,And just where does one apply for a shepherd's license in this town?
1337,4481,7,31,137,175,1.2571428571428571,0.03946629641431337,641,This is David conferencing in. I'm working from home today.
3724,4481,7,22,111,140,1.2571428571428571,0.04575666073015567,641,"Not to worry, Bo Peep. They're with me."
2005,4488,10,26,143,179,1.2569832402234637,0.04123614496928282,641,"Hi Bo Peep, guess who showed up at my apartment!"
2184,4488,5,36,138,179,1.2569832402234637,0.037236623890174715,641,"My therapist recommended counting sheep to help me fall asleep, but it doesn't seem to be working..."
7968,4490,7,23,114,144,1.2569444444444444,0.04488884633653656,641,A sheep meadow off west 67th?  Who knew?
7244,4490,6,25,113,144,1.2569444444444444,0.04379364598089652,641,"Evidently,no one has heard of service sheep flocks."
6246,4490,5,27,112,144,1.2569444444444444,0.042670344868245405,641,"Mary:  ""Can you hear me now?  I hear ewes..."""
4964,4490,6,25,113,144,1.2569444444444444,0.04379364598089652,641,"C'mon over, Bo, the Rams game is on!"
4879,4490,8,21,115,144,1.2569444444444444,0.045957954943081275,641,Netflix an' chillin'. You?
3965,4490,6,25,113,144,1.2569444444444444,0.04379364598089652,641,"Hi operator, I'm looking for a Miss Little Bo-Peep."
8871,4490,6,25,113,144,1.2569444444444444,0.04379364598089652,641,"Yes, ""within walking distance to Sheep Meadow"" is a must."
2610,4490,3,31,110,144,1.2569444444444444,0.04032999053960716,641,It is nice to visit the city once in a while to take a break.
2263,4490,5,27,112,144,1.2569444444444444,0.042670344868245405,641,"Sorry, you got me at my home office."
1039,4490,5,27,112,144,1.2569444444444444,0.042670344868245405,641,"I’m staying in this evening, I brought work home and thought I’d just order a pizza."
4839,4490,6,25,113,144,1.2569444444444444,0.04379364598089652,641,I've brought them down from the penthouse for the winter.
8959,4490,4,29,111,144,1.2569444444444444,0.04151666212558399,641,"Yeah, hi Amazon, my grass hasn't been delivered yet."
5796,4502,5,28,115,148,1.2567567567567568,0.04192642504314524,641,Everybody gets wool socks this Christmas.
6680,4502,5,28,115,148,1.2567567567567568,0.04192642504314524,641,I'm afraid you can only have one support animal on the flight to Jerusalem.
4173,4502,6,26,116,148,1.2567567567567568,0.04300876399358288,641,Not B-ah-ah-ah-ad.  You?
5313,4505,8,23,121,152,1.256578947368421,0.04427557808511744,641,"They were buy 1, herd 2 free. I couldn’t resist."
824,4505,7,25,120,152,1.256578947368421,0.04328034702992404,641,They're here. Now what?
1764,4505,9,21,122,152,1.256578947368421,0.04524892474426334,641,I got it on Air Baa-n-Baa
2455,4505,6,27,119,152,1.256578947368421,0.042261685523532766,641,"Yeah, they kicked us out of the park again."
2921,4505,5,29,118,152,1.256578947368421,0.041217856416234246,641,The flock agrees--this hotel has great creature comforts.
3216,4505,5,29,118,152,1.256578947368421,0.041217856416234246,641,I did. I did try counting sheep. No. It didn't work. Thank you though.
3409,4505,7,25,120,152,1.256578947368421,0.04328034702992404,641,Wanna have a sheepover?
3528,4505,7,25,120,152,1.256578947368421,0.04328034702992404,641,They keep the panhandlers away.
3900,4505,9,21,122,152,1.256578947368421,0.04524892474426334,641,And how much for each additional cot?
6277,4505,9,21,122,152,1.256578947368421,0.04524892474426334,641,"The free WiFi is great, but the work-life balance has got a bit blurred"
7313,4505,8,23,121,152,1.256578947368421,0.04427557808511744,641,Ewe all need to leave now.
8048,4505,9,21,122,152,1.256578947368421,0.04524892474426334,641,"Lately when the news comes on, it doesn't matter how many sheep there are, I still can't seem to fall asleep."
8108,4505,8,23,121,152,1.256578947368421,0.04427557808511744,641,"As it turns out, it is better to have a yard with some grass."
7120,4518,9,22,125,156,1.2564102564102564,0.04443542993563251,641,"No, honey...I'm sick to death of YEWS, not youse!"
6681,4518,9,22,125,156,1.2564102564102564,0.04443542993563251,641,They only allow one pet per room.  I registered them as one flock.
7174,4518,9,22,125,156,1.2564102564102564,0.04443542993563251,641,I was up all night counting sheep again.
412,4518,9,22,125,156,1.2564102564102564,0.04443542993563251,641,Where are ewe?
7977,4518,8,24,124,156,1.2564102564102564,0.043494763450623725,641,"I don’t know doc, I’m feeling... sheepish"
4694,4518,7,26,123,156,1.2564102564102564,0.04253329826955489,641,I'm not so sure about this telecommuting thing.
7398,4518,9,22,125,156,1.2564102564102564,0.04443542993563251,641,Little Bo Peep I have found your sheep.
7286,4525,8,25,127,160,1.25625,0.04275025745628459,641,"I’m going to have to go back to Craig’s List, my Airbnb rating is really low."
8637,4525,6,29,125,160,1.25625,0.04086993770702496,641,"Can I get a small pepperoni, mushroom and cheese and a bushel basket of grass clippings with a side of dandelions?"
6113,4525,7,27,126,160,1.25625,0.041820666665864606,641,All they'll eat now is Japanese fusion.
8971,4525,7,27,126,160,1.25625,0.041820666665864606,641,Hey Bo? I think you forgot your Peeps this morning!
4150,4525,11,19,130,160,1.25625,0.04542503240705933,641,They are okay but it just got too cold out there.
5676,4525,5,31,124,160,1.25625,0.03989655945034412,641,"Under this arrangement, the good news is I don't need  a sheep dog."
1668,4531,8,26,130,164,1.2560975609756098,0.042039462606503646,641,Wine and cheese? Five-ish? Sheep Meadow? I'm in.
1841,4531,7,28,129,164,1.2560975609756098,0.04114000142387433,641,"You’re right, a wool rug matches the drapes perfectly."
3878,4531,8,26,130,164,1.2560975609756098,0.042039462606503646,641,"Bopeep?....
Yeah, I found your sheep.”"
5144,4531,8,26,130,164,1.2560975609756098,0.042039462606503646,641,The city's nice but my day hasn't changed much.
2207,4535,8,27,133,168,1.255952380952381,0.04136002690521971,641,"Seriously, I don't give a flock."
5546,4535,9,25,134,168,1.255952380952381,0.042213005401537225,641,"Hello, yes, I'll have twelve of the Irish Forb, seven Scottish Clover, two Dutch Grass, please, and a pie."
7679,4535,9,25,134,168,1.255952380952381,0.042213005401537225,641,"I don't get it,  Marv: I was just browsing the ads for the nearby Christmas tree lots, hit the tab for ""get flocked now"" and then all of a sudden the room was full of them!"
9023,4538,7,19,103,129,1.255813953488372,0.048323479223998766,641,"...that's right, pepperoni and mushrooms.  Also, do you have sod?"
3680,4538,8,28,136,172,1.255813953488372,0.040709815367658664,641,I feel a little sheepish about eating lamb.
7433,4538,8,28,136,172,1.255813953488372,0.040709815367658664,641,"Who me?  You know, same old flocking thing."
4521,4541,10,25,141,176,1.2556818181818181,0.041675274592936934,641,I think they're pulling their wool over my eyes!
4163,4542,8,18,107,133,1.255639097744361,0.04850714578165413,641,"But doc, how can I sleep when they never make it over the fence?"
3268,4543,7,21,109,137,1.2554744525547445,0.04636785759716212,641,"That's right, a dozen red truckers caps and a bale of hay."
3480,4543,7,21,109,137,1.2554744525547445,0.04636785759716212,641,"Yeah, city shepherding is a lot easier."
4110,4543,6,23,108,137,1.2554744525547445,0.04519553087634805,641,"Other than ""walking the sheep"" three times a day, it's working out fine."
5631,4543,6,23,108,137,1.2554744525547445,0.04519553087634805,641,Just calling to talk about those I owe ewes.
7481,4543,5,25,107,137,1.2554744525547445,0.04399197431622221,641,When I called down to room service I didn’t realize that the word ‘sheep’ could mean either singular or plural.
1370,4548,9,18,114,141,1.2553191489361701,0.047643831529288014,641,Shepherding vertically is easier than I thought it would be.
3152,4548,7,22,112,141,1.2553191489361701,0.04546757567326129,641,"I'm not so sure about this urban shepherd bit.  I'd really rather if he would ""maketh me lie down in green pastures and leadeth me beside still waters."""
6912,4548,6,24,111,141,1.2553191489361701,0.04433941040440235,641,The grass is tough but otherwise this place is great.
7422,4548,7,22,112,141,1.2553191489361701,0.04546757567326129,641,"Yeah, but did you know dogs aren't allowed in the elevators?"
8665,4548,7,22,112,141,1.2553191489361701,0.04546757567326129,641,It happens more often than you'd think.
5165,4553,5,27,113,145,1.2551724137931035,0.042412079833322056,641,"We're in the city,hiding out. Why?"
8651,4553,8,21,116,145,1.2551724137931035,0.04567429077311616,641,"Yes, this is Lambda, Lambda, Lambda. Who's calling?"
3712,4553,7,23,115,145,1.2551724137931035,0.044613399299023804,641,Where's little boy blue?  Tell him to blow his horn..These sheep are getting too comfortable.
3968,4553,8,21,116,145,1.2551724137931035,0.04567429077311616,641,Hello? Skip the Dishes? ...I’d like to order the shepherd’s pie please...
1974,4553,7,23,115,145,1.2551724137931035,0.044613399299023804,641,We just got to the Airbnb.”
3081,4553,8,21,116,145,1.2551724137931035,0.04567429077311616,641,None of them brought dip.
497,4553,7,23,115,145,1.2551724137931035,0.044613399299023804,641,"You said “Take a left at bend in the creek?” What I heard was, “Take the elevator up to the penthouse suite.”"
8877,4560,3,32,114,149,1.25503355704698,0.03944375898658471,641,"Yes, she's black and covered with wool."
8622,4560,7,24,118,149,1.25503355704698,0.04380170098592749,641,"""I'm sleeping fine dear, but you sure I needed to bring live ones?"""
7346,4560,8,22,119,149,1.25503355704698,0.04482503464391083,641,These new age pillows are annoying.
6335,4560,7,24,118,149,1.25503355704698,0.04380170098592749,641,"But where is the boy who looks after the sheep?
He's here in your living room, watching VEEP."
5789,4560,4,30,115,149,1.25503355704698,0.040577146826249216,641,It’s just different when the wolves are sent by corporate.
5790,4560,9,20,120,149,1.25503355704698,0.045825521845310295,641,I'll call ya back; I'm watching 'Silence of the Lambs' in VR.
2868,4560,9,20,120,149,1.25503355704698,0.045825521845310295,641,We’re having mutton
1930,4560,5,28,116,149,1.25503355704698,0.04167972608026823,641,"I’ve counted three times, nothing is happening!"
893,4560,10,18,121,149,1.25503355704698,0.04680462769814771,641,I've been fleeced!
289,4560,9,20,120,149,1.25503355704698,0.045825521845310295,641,"You can look now kids, the Border Collies are gone."
3006,4560,7,24,118,149,1.25503355704698,0.04380170098592749,641,"Sheep temps, how can I help you?"
5613,4571,4,31,118,153,1.2549019607843137,0.03991887603166448,641,Hmm. I feel like Tippi Hedren in the phone booth.
8299,4571,7,25,121,153,1.2549019607843137,0.04302922959626292,641,I specifically asked for a hill facing room.
8933,4571,8,23,122,153,1.2549019607843137,0.04401720017962765,641,Every seven days I rest. Doesn't make me a bad shepherd.
7530,4571,6,27,120,153,1.2549019607843137,0.04201803526632825,641,"Yeah, we all got checked in fine, but there's only basic cable TV. I think they're bored, and this could turn ugly."
7426,4571,8,23,122,153,1.2549019607843137,0.04401720017962765,641,"Peep, I got something of yours here."
5924,4571,7,25,121,153,1.2549019607843137,0.04302922959626292,641,"Yah, this Airbnb does have a good view."
4607,4571,6,27,120,153,1.2549019607843137,0.04201803526632825,641,Thou hast reached Jedediah on his working vacation.
780,4571,5,29,119,153,1.2549019607843137,0.04098189814585094,641,I never have a problem getting to sleep.
3444,4571,7,25,121,153,1.2549019607843137,0.04302922959626292,641,What ? I counted you guys last night!
2436,4571,10,19,124,153,1.2549019607843137,0.04592942995144204,641,Thanks! I was having a hard time getting to sleep.
1988,4571,8,23,122,153,1.2549019607843137,0.04401720017962765,641,"If that kid cries wolf again, he's covering the hotel."
940,4571,8,23,122,153,1.2549019607843137,0.04401720017962765,641,"I don't mind the job, but this apartment's too small."
4220,4571,6,27,120,153,1.2549019607843137,0.04201803526632825,641,Hello Bo Peep?  Problem solved.
8992,4584,7,26,124,157,1.2547770700636942,0.04229306249982094,641,The sharing economy does make the job easier.
4517,4584,4,32,121,157,1.2547770700636942,0.039290268306915885,641,How was I supposed to know they'd follow me home?
5045,4584,9,22,126,157,1.2547770700636942,0.04418169044151632,641,"Bo? Yeah, they’re here! I told them I can get a group discount to ‘The Lion King’ but they didn’t seem interested."
3835,4584,9,22,126,157,1.2547770700636942,0.04418169044151632,641,They refuse to leave the apartment until I kill the Wall Street wolf.
7097,4584,6,28,123,157,1.2547770700636942,0.04131638680094925,641,I only asked for an extra blanket
2714,4584,10,20,127,157,1.2547770700636942,0.04509635337361639,641,"Hello"". ""Is this here Netflix?"" ""Me and my family would like to see Silence of the Lambs."
2309,4584,9,22,126,157,1.2547770700636942,0.04418169044151632,641,We're  watching that U.K. sheep dog show...it isn't  as easy as they make it look.
2811,4584,8,24,125,157,1.2547770700636942,0.04324768725541133,641,The doctor told me to count sheep when I have trouble sleeping.
922,4592,7,27,127,161,1.2546583850931676,0.04159056486557664,641,Yeah. The situation stinks. And I’m losing sleep about it.
4959,4592,9,23,129,161,1.2546583850931676,0.043417215352246255,641,It’s for ewe...and ewe...and ewe and ewe and ewe.
5419,4592,7,27,127,161,1.2546583850931676,0.04159056486557664,641,"The pasture was full, but we got an AirBaa-n'-Baa on the Lower Lea Side."
7294,4592,9,23,129,161,1.2546583850931676,0.043417215352246255,641,"I didn't know that GPS stood for ""Get Plenty of  Sheep"""
7776,4592,10,21,130,161,1.2546583850931676,0.04430230626610902,641,"Talk to you later, I gotta get the flock out of here."
8028,4592,8,25,128,161,1.2546583850931676,0.04251370176061516,641,"Yes, I’m holding for a BoPeep"
7374,4598,8,26,131,165,1.2545454545454546,0.041812718560834544,641,"...and after all I've done, I still can't go to sleep."
4169,4598,8,26,131,165,1.2545454545454546,0.041812718560834544,641,"No, I’m into unpasteurized sheep milk now."
3431,4598,7,28,130,165,1.2545454545454546,0.0409193548756596,641,"Mom, we love living in the city."
6607,4598,7,28,130,165,1.2545454545454546,0.0409193548756596,641,They've got to think outside the meadow
3168,4598,7,28,130,165,1.2545454545454546,0.0409193548756596,641,"WORKING, AND YOU?"
3420,4598,7,28,130,165,1.2545454545454546,0.0409193548756596,641,"Room service, has New York legalized grass?"
8908,4604,8,27,134,169,1.2544378698224852,0.04114244972361408,641,"It's only a movie and Anthony Hopkins doesn't even touch any lambs."""
8500,4604,11,21,137,169,1.2544378698224852,0.04363517278141763,641,"I don't know how many, but they keep me awake at night."
8251,4604,9,25,135,169,1.2544378698224852,0.041989802897784576,641,"Hello, I'm calling for a ewe-ber."
8536,4604,6,31,132,169,1.2544378698224852,0.039393101083701705,641,"Yes, an elevator building that allows pets — 
a fourth-floor walkup loses its charm after a while."
8188,4604,6,31,132,169,1.2544378698224852,0.039393101083701705,641,"OK, I've got my side hustle on.  Now what?"
4080,4604,11,21,137,169,1.2544378698224852,0.04363517278141763,641,"Yes, they know how to use the elevator!"
8226,4604,7,29,133,169,1.2544378698224852,0.040277273879018013,641,Please tell Ms. Bopeep I have found her sheep.
4031,4611,9,26,138,173,1.254335260115607,0.041322264280928576,641,"No pets are allowed, but I pulled the wool over their eyes."
8213,4611,9,26,138,173,1.254335260115607,0.041322264280928576,641,"Yeah, they're home, wagging their fucking tails.  I told you not to leave them alone!"
492,4613,10,25,142,177,1.2542372881355932,0.04146432199518165,641,It was cold.
8861,4613,10,25,142,177,1.2542372881355932,0.04146432199518165,641,Hi. I just saw your ad for 1-800-GOT-WOOL...
3495,4615,8,17,105,130,1.2538461538461538,0.0492175369814075,641,"Hi, is bo peep there? Yeah, I think I found your sheep."
594,4615,6,21,103,130,1.2538461538461538,0.046731625028052344,641,"No, Bo Peep is not here but everyone else is !"
5997,4615,7,19,104,130,1.2538461538461538,0.04799067995079202,641,"Hello Acme Cloning, I’m calling about Dolly, the sheep I purchased a while ago…"
7470,4618,9,16,109,134,1.2537313432835822,0.049332393155984124,641,"I'm not worrying about beastilality, I'm a Repulican and it doesn't matter what I do, they'll vote for me."
7802,4618,6,22,106,134,1.2537313432835822,0.04579325782901285,641,the sheep are not happy
1851,4618,7,20,107,134,1.2537313432835822,0.04700258836732817,641,"Yeah, I'm working from home today. The news was stressing them out so now we're binge-watching ""Breaking Baaa-aahhd."""
1169,4621,10,15,113,138,1.2536231884057971,0.0493923664231629,641,Hello. Little BoPeep? Uh...just wondering if you lost something.
5408,4621,3,29,106,138,1.2536231884057971,0.041220143149933636,641,Nothing on TV interests them.
5979,4621,7,21,110,138,1.2536231884057971,0.046067844452383516,641,I thought they'd be stuffed!
8815,4621,7,21,110,138,1.2536231884057971,0.046067844452383516,641,Hey so small problem....I can’t connect to the WiFi.
8818,4621,5,25,108,138,1.2536231884057971,0.04371124851677211,641,The biggest challenge so far has been what to order in for dinner.
7623,4626,10,16,116,142,1.2535211267605635,0.0483847783541164,641,I'm waiting 'till the cows come home.
7115,4626,8,20,114,142,1.2535211267605635,0.046274253474722624,641,You all belong down the hall at the sleep clinic.
6868,4626,9,18,115,142,1.2535211267605635,0.04734127855803986,641,Found the sheep. Lost the Wifi connection.
6184,4626,8,20,114,142,1.2535211267605635,0.046274253474722624,641,All I said was baa humbug.
5500,4626,9,18,115,142,1.2535211267605635,0.04734127855803986,641,I have a date with Little Bo Peep.
4966,4626,5,26,111,142,1.2535211267605635,0.042914288669879404,641,They want to know if the Whiffenpoof Song is in the key of B flat.
5751,4626,7,22,113,142,1.2535211267605635,0.045182036405808805,641,You said if I order now I can get free sheeping and handling.
6795,4633,5,27,114,146,1.2534246575342465,0.04215682962404238,641,Still not sleepy.  Any other suggestions?
8658,4633,8,21,117,146,1.2534246575342465,0.04539403284374742,641,Do you really expect me to leave these 99 here to go get the lost one?
6957,4633,7,23,116,146,1.2534246575342465,0.04434123257792524,641,And do each of those come with side salads?
2923,4633,7,23,116,146,1.2534246575342465,0.04434123257792524,641,"Yeah, I'm watching the informational film now. You know what? I think I'm doing it all wrong""."
2276,4633,8,21,117,146,1.2534246575342465,0.04539403284374742,641,"Yeah Hi. Room 417. Can I get 12 milking buckets? Okay great, the sooner the better. And I can't find ""Babe"" on the the Netflix channel."
2732,4633,7,23,116,146,1.2534246575342465,0.04434123257792524,641,"Wait! So if I hit Input 3, they'll start jumping? And then do I count backwards or forwards to get to sleep?"
8731,4639,5,28,117,150,1.2533333333333334,0.041435825874730124,641,"Honey, I'm telling you, it's just National Geographic Wild in the background!"
1602,4639,8,22,120,150,1.2533333333333334,0.044557648521436594,641,"Yeah, my neighbors have a problem with the gig economy."
2701,4639,5,28,117,150,1.2533333333333334,0.041435825874730124,641,"Well, we like Manhattan& love Central Park."
2975,4639,11,16,123,150,1.2533333333333334,0.04747462919917129,641,Bo Peep? Hi... I found your sheep.
3938,4639,7,24,119,150,1.2533333333333334,0.043541917540996115,641,Animal Planet is so HD.
6040,4639,9,20,121,150,1.2533333333333334,0.04555073545369884,641,"I'm okay with it, but the herd itself is very disappointed with the 
Airbnb"
6584,4639,6,26,118,150,1.2533333333333334,0.042501919068836526,641,"Hello, 1-800-SHEEP?  I've got a problem."
6730,4639,7,24,119,150,1.2533333333333334,0.043541917540996115,641,"Actually, not as awkwardly uncomfortable as you might think."
7217,4639,7,24,119,150,1.2533333333333334,0.043541917540996115,641,So I think I’ll call it AirBnBo Peep.
7834,4648,10,19,125,154,1.2532467532467533,0.04566022318123157,641,"Like Handel said, ""There were shepherds abiding in the rent-controlled flats, keeping watch over their flocks by sight."""
8008,4648,9,21,124,154,1.2532467532467533,0.04472106375228862,641,"Yes, I have them with me, but where am I?"
9055,4648,5,29,120,154,1.2532467532467533,0.04074854343214989,641,"Didn't you hear? This season, wool is in."
7131,4648,9,21,124,154,1.2532467532467533,0.04472106375228862,641,I don’t know man. I think Mary is getting  suspicious.
8924,4648,6,27,121,154,1.2532467532467533,0.041777101738457396,641,"She said she wouldn’t go out with me, too sheepish."
6790,4648,7,25,122,154,1.2532467532467533,0.042780938132409324,641,"Mary, does this call mean you are not coming home for dinner?"
4415,4648,7,25,122,154,1.2532467532467533,0.042780938132409324,641,"From Farm to Fork, using ""Just In Time"" inventory management."
2767,4648,6,27,121,154,1.2532467532467533,0.041777101738457396,641,I won’t be home for the holidays. I’m on the lamb.
2353,4648,8,23,123,154,1.2532467532467533,0.043761753910379876,641,Who are ewe calling?
2332,4648,10,19,125,154,1.2532467532467533,0.04566022318123157,641,"THEY ARE EVANGELICALS 
THERE ARE NO BLACK SHEEP"
1698,4648,4,31,119,154,1.2532467532467533,0.03969334143175895,641,"It's different. Not good-different or bad-different, just different."
619,4648,7,25,122,154,1.2532467532467533,0.042780938132409324,641,"Listen, I'll get baaa-ck to you. I'm a little tied up now."
3336,4648,9,21,124,154,1.2532467532467533,0.04472106375228862,641,"It's another rerun, but who's counting?"
6468,4661,10,20,128,158,1.2531645569620253,0.044839028619317184,641,"Well I only count ninety-nine, and the last one has his location turned off"
8409,4661,8,24,126,158,1.2531645569620253,0.04300333914194397,641,"You said ""buy sheep and sell deer"".  Now what?"
8327,4661,6,28,124,158,1.2531645569620253,0.04108571366290423,641,I'd like to order the sheepdog channel.
7905,4661,8,24,126,158,1.2531645569620253,0.04300333914194397,641,Li'l Bo Beep is taking a  gap year.
7283,4661,7,26,125,158,1.2531645569620253,0.04205545769901456,641,Send up twenty four bales of your best alfalfa.
5605,4661,6,28,124,158,1.2531645569620253,0.04108571366290423,641,We'll be the most urban outfitters.
5575,4661,6,28,124,158,1.2531645569620253,0.04108571366290423,641,"Jacob, this place is perfect! I found it on AirBnBleat."
2815,4661,9,22,127,158,1.2531645569620253,0.043930773182821375,641,"Honey, they're lambasting me."
2764,4661,6,28,124,158,1.2531645569620253,0.04108571366290423,641,"In the organic aisle, can you pick up  50 pounds of grass?"
2633,4661,5,30,123,158,1.2531645569620253,0.040092520650449354,641,Anyone can shepherd sheep. It's right on YouTube!
1959,4661,7,26,125,158,1.2531645569620253,0.04205545769901456,641,My insurance company wants pre requisite therapy before they approve my Ambien prescription.
787,4661,7,26,125,158,1.2531645569620253,0.04205545769901456,641,"The vacation rental brochure said it had a great view, but I think I've been fleeced."
1182,4673,8,25,129,162,1.2530864197530864,0.042279689556527916,641,"Sorry, I'm feeling a little sheepish today."
1191,4673,9,23,130,162,1.2530864197530864,0.04317700064962713,641,The cable reception’s baaaaaaaaaadd.
1715,4673,8,25,129,162,1.2530864197530864,0.042279689556527916,641,"Enh, mutton much."
1754,4673,6,29,127,162,1.2530864197530864,0.040425359327943194,641,But you said this would help me sleep.
2026,4673,6,29,127,162,1.2530864197530864,0.040425359327943194,641,Tell Bo-Peep she left them in her Manhattan loft again.
5267,4673,6,29,127,162,1.2530864197530864,0.040425359327943194,641,"Yes, is this the residence of a Ms.Little Bo Peep?"
1864,4679,7,28,131,166,1.2530120481927711,0.04070100148121295,641,"Hello, Sheep Anonymous?"
1564,4679,6,30,130,166,1.2530120481927711,0.039793871028663635,641,Counting them isn't working.
1502,4679,5,32,129,166,1.2530120481927711,0.038865573729434784,641,Counting sheep with real sheep just isn't the same...
4526,4679,8,26,132,166,1.2530120481927711,0.04158835019210888,641,"I don't care if the sleeping pills aren't good for me, this is absolutely ridiculous!"
6440,4683,9,25,136,170,1.2529411764705882,0.04176889719780669,641,"Doctor, I think sleeping pills work a bit better"
5339,4683,8,27,135,170,1.2529411764705882,0.040927095289632585,641,"So, once I learned how lamb chops were made..."
1586,4683,7,29,134,170,1.2529411764705882,0.04006761141586042,641,"Once I counted all of you, thought you would just move on with your lives."
3442,4683,9,25,136,170,1.2529411764705882,0.04176889719780669,641,The black sheep is on EweTube.
1545,4687,8,28,138,174,1.2528735632183907,0.04029390200655743,641,Is this the Howard Stern show?
1622,4687,10,24,140,174,1.2528735632183907,0.041910381470759844,641,"No, it’s spelled B...E...A...U."
3546,4687,8,28,138,174,1.2528735632183907,0.04029390200655743,641,The Democrats are here. Now we need to meet our candidate and be told our views on all the topics.
3945,4690,7,34,149,190,1.2526315789473683,0.03726730802698271,641,"Yep, all good in the virtual meadow. Cows in the virtual corn?"
1806,4691,3,27,101,131,1.251908396946565,0.042449253251738865,641,"I mean, the pet deposit kills me, but it’s so much easier on the feet."
627,4692,6,22,107,135,1.2518518518518518,0.04549162506649493,641,"Well Mary, maybe YOU can still manage in just a studio apartment, but I definitely can't."
2987,4692,5,24,106,135,1.2518518518518518,0.04425979701350884,641,"Yeah, I finished early today. Wanna grab pizza later?"
2268,4694,6,23,110,139,1.2517985611510791,0.04461810422546896,641,May I speak to Bo Peep?
8518,4694,8,19,112,139,1.2517985611510791,0.04689673819985177,641,"I know you're excited for Christmas, but this Twelve Days of Thanksgiving thing is getting a little out of control..."
4040,4696,5,26,112,143,1.2517482517482517,0.04264999541139124,641,"I never found the Meadowlands, not that I mind."
4335,4696,6,24,113,143,1.2517482517482517,0.04378944124821906,641,"Well, gentrification is really boxing me in."
5183,4696,7,22,114,143,1.2517482517482517,0.044899980190093225,641,"I got 99 problems, but ewe ain't one"
7024,4696,7,22,114,143,1.2517482517482517,0.044899980190093225,641,"I'm still herding them, they just seemed to need a change of pace"
8352,4696,5,26,112,143,1.2517482517482517,0.04264999541139124,641,Can you send up someone who can shear and deliver wool to the little boy who lives down the lane?
7479,4701,5,27,115,147,1.251700680272109,0.04190454406221098,641,The Doorman fleeced me to get them up here.
7318,4701,7,23,117,147,1.251700680272109,0.044072289857606535,641,"Yes, I'm having an issue with the pay-per-ewe."
4702,4701,5,27,115,147,1.251700680272109,0.04190454406221098,641,Tell Little Bo Peep I know where she can find them.
7063,4701,7,23,117,147,1.251700680272109,0.044072289857606535,641,"Hey, Bo-Peep, please come over, right now."
1969,4701,8,21,118,147,1.251700680272109,0.04511712195395935,641,Elaine I told you to use protection
5137,4701,9,19,119,147,1.251700680272109,0.046138299204933786,641,I'm gonna need your payment by Friday... or I send the mob around.
1178,4701,4,29,114,147,1.251700680272109,0.04077747972773978,641,"Took them to the park to graze and got kicked out by a cop. So I took them to an all-you-can-eat salad bar and that didn't turn out well at all."""
1158,4701,6,25,116,147,1.251700680272109,0.0430020787076315,641,"I'm apartment sitting for Timothy, and boy is he a hipster!"
127,4701,8,21,118,147,1.251700680272109,0.04511712195395935,641,We’re among those flocking to see it.
1700,4701,6,25,116,147,1.251700680272109,0.0430020787076315,641,I bought some work home; you?
3384,4711,4,30,117,151,1.2516556291390728,0.04010861968139528,641,"All I’m saying is, why would I count them now when the game’s about to start?"
7575,4711,10,18,123,151,1.2516556291390728,0.04624394768237375,641,"I don’t know how they led me here, but I’m on my fifth season and can’t stop."
5782,4711,7,24,120,151,1.2516556291390728,0.043285124869849506,641,"Have you seen the troublemaker?  What?  Yes, the black one’s gone missing."
3329,4711,5,28,118,151,1.2516556291390728,0.04119467918915452,641,No problems whatsoever. Manhattan is super flock-friendly.
6311,4711,6,26,119,151,1.2516556291390728,0.04225283202636141,641,I'm watching a movie.....but it's a real sleeper.
2299,4711,6,26,119,151,1.2516556291390728,0.04225283202636141,641,He's talking about getting a border collie in here too.
1624,4711,12,14,125,151,1.2516556291390728,0.04811551868941271,641,CVS Pharmacy?  Is my Ambien ready yet?
2725,4711,11,16,124,151,1.2516556291390728,0.047189012683045956,641,"Hello, CNN?  They all think you're being unfair to President Trump."
3098,4719,7,25,123,155,1.2516129032258065,0.04253542685421702,641,Your sleep-aid has arrived and is ready for delivery.
3215,4719,5,29,121,155,1.2516129032258065,0.04051775137575749,641,It's the only way I can catch a midday nap anymore.
4714,4719,8,23,124,155,1.2516129032258065,0.043509191192572405,641,Tell Mary a ram got to her little lamb.
5219,4719,7,25,123,155,1.2516129032258065,0.04253542685421702,641,Yup the Anthony Hopkins movie.
5901,4719,8,23,124,155,1.2516129032258065,0.043509191192572405,641,Thank you for calling me baaaahk.
8499,4724,6,28,125,159,1.251572327044025,0.04085753183612281,641,"Not much, just watching Fox News with the flock."
8003,4724,13,14,132,159,1.251572327044025,0.04718705732549811,641,Less than half of them watch Fox News on a regular basis
7915,4724,7,26,126,159,1.251572327044025,0.04182044241324806,641,"Hello - I would like to file a complaint about your ""farm stay"" ad being somewhat misrepresentative..."
1947,4724,10,20,129,159,1.251572327044025,0.044584570103790626,641,They're not listening. I told them to get the flock out of here.
2903,4724,5,30,124,159,1.251572327044025,0.03987137333776931,641,It seemed like a good idea to cure insomnia.
7250,4729,7,27,129,163,1.2515337423312884,0.04113768580672014,641,What? Were you raised in a barn?
185,4729,10,21,132,163,1.2515337423312884,0.04381244434688865,641,"No, this is Ewe-ber."
1886,4729,6,29,128,163,1.2515337423312884,0.04020657696812169,641,"New York is where I'd rather stay, I get allergic smelling hay!!"
4205,4729,7,27,129,163,1.2515337423312884,0.04113768580672014,641,"Sheep's Meadow was a letdown, but the flowers in our room were delicious."
4243,4729,9,23,131,163,1.2515337423312884,0.042939374909403194,641,"No worries Maw, big city life's less strange than you reckon!"
4637,4734,6,30,131,167,1.251497005988024,0.03958387080193215,641,I was taking a nap.
7068,4734,7,28,132,167,1.251497005988024,0.040484906997012814,641,"No, they don't want to watch Animal Planet..."
4531,4734,7,28,132,167,1.251497005988024,0.040484906997012814,641,"I only said, “ I just don’t get enough sleep.”"
5604,4734,8,26,133,167,1.251497005988024,0.041366321584708224,641,Room service!  Send up an acre of fresh grass and a side order of clover.
111,4734,7,28,132,167,1.251497005988024,0.040484906997012814,641,They're susceptible to accelerated news cycle driven insomnia like everyone else.
6886,4739,8,27,136,171,1.2514619883040936,0.04071393085796626,641,Guess I can’t count on you anymore.
418,4739,8,27,136,171,1.2514619883040936,0.04071393085796626,641,Room service? I'm out of towels.
6660,4739,8,27,136,171,1.2514619883040936,0.04071393085796626,641,"It's not the country, but it's a nice view for urban sheep."
8010,4739,11,21,139,171,1.2514619883040936,0.043174327032629786,641,"I wish Mary would hurry back, their fleece aren’t white as snow any more!"
8397,4743,10,24,141,175,1.2514285714285713,0.04169525174761479,641,When I signed up for this gig you said I’d have a flock of followers. I thought you meant people.
4869,4744,9,28,146,183,1.2513661202185793,0.03967878232540861,641,"Yeah, it's me. You don't recall where you put the remote, do you?"
6738,4745,5,39,151,195,1.2512820512820513,0.03513020209616591,641,"Obviously, counting sheep is not working!"""
4493,4746,6,31,135,172,1.25,0.03878772955583102,641,"Miss Bo Peep, What is the total amount of the reward for the lost sheep?"
6138,4746,7,26,127,160,1.25,0.041587976007827945,641,"It's pronounced ""herder"" not ""hoarder"""
5867,4746,4,31,121,156,1.25,0.03924957787174288,641,Front desk? May I move to another room with shag carpeting?
5771,4746,10,25,145,180,1.25,0.04084383059688986,641,"Glad ya liked yer new Attorney General, Mr. President.  Chief-of-Staff, ya say?"
5713,4746,7,22,115,144,1.25,0.044621345688633046,641,They sheepishly asked me to get the flock out of here.
5651,4746,6,29,129,164,1.25,0.039990085558669106,641,City life isn't all that I had hoped for.
5647,4746,3,31,114,148,1.25,0.039386497612168274,641,I’m counting them John but I don’t see how it helps.
5410,4746,11,19,134,164,1.25,0.0444217338520893,641,Tell Fox News that I am holding a cabinet meeting in the Oval Office
4971,4746,10,20,130,160,1.25,0.04433293138324429,641,They just don’t understand ‘unfriending’
5009,4746,6,31,135,172,1.25,0.03878772955583102,641,They follow me every damn place I go.
4993,4746,6,27,123,156,1.25,0.04130321216307024,641,"We didn’t find any manger, but the cable reception is terrific."
4833,4746,7,24,121,152,1.25,0.043031273331024834,641,yes we're in for the night.
4824,4746,9,21,126,156,1.25,0.04420513876014835,641,They're safe from the Wall Street wolves for now
4711,4746,7,26,127,160,1.25,0.041587976007827945,641,"Apparently it's a ""Sheep Meadow"" in name only. And why did the Airbnb listing mention ""stable hosts"""
6359,4746,10,20,130,160,1.25,0.04433293138324429,641,"Yes, it does look like a hat Woody Allen would wear, but he doesn't sleep with sheep, no matter what Ronan Farrow writes in The New Yorker."
5363,4746,9,27,144,180,1.25,0.04007674202572669,641,"Yes mother, we always take the stairs."
6388,4746,9,25,138,172,1.25,0.04133384003585129,641,I think the one behind the couch is a wolf.
4347,4746,6,24,114,144,1.25,0.04351941398892446,641,Room service?  You guys have hay bales on your menu?
6586,4746,5,29,122,156,1.25,0.0402894818662241,641,"Hey, Mary. I'm missing one little lamb.
You wouldn' by any chance ... ?"
8958,4746,4,31,121,156,1.25,0.03924957787174288,641,"I'm missing one, and now I can't sheep"
8441,4746,7,23,118,148,1.25,0.04380651604022256,641,We could have lamb chops again.
8246,4746,8,22,122,152,1.25,0.04403213440466003,641,"Sell my stocks now, before I get fleeced."
8124,4746,7,19,106,132,1.25,0.0473383634798584,641,I had to give up on the cats
7989,4746,8,22,122,152,1.25,0.04403213440466003,641,"Betty's not here, she died in the wool"
7986,4746,6,20,102,128,1.25,0.04705918538536189,641,"Nah, we're staying in. Don't want to miss the season premiere of West Wooled."
7863,4746,9,22,129,160,1.25,0.04343722427630694,641,The AirBnB guarantee for restful sleep.
6552,4746,6,30,132,168,1.25,0.039376014115146754,641,"That sure-fire, guaranteed, insomnia cure you recommended. Just what sort of guarantee does it offer?"
7849,4746,10,20,130,160,1.25,0.04433293138324429,641,Do you ever feel like you're a bad shepherd?
7741,4746,8,25,131,164,1.25,0.04181913845554626,641,the reception here is a little fuzzy
7668,4746,5,24,107,136,1.25,0.04397216390237215,641,"Trust me, they'll never pull the wool over my eyes"
7515,4746,7,30,139,176,1.25,0.03906371751349359,641,But you said this was a room with views.
7150,4746,9,19,120,148,1.25,0.045857040618608895,641,"When I suggested counting sheep for insomnia, I meant imaginary sheep!"
6867,4746,6,26,120,152,1.25,0.04200657220898526,641,My neighbors are scared that I herd something...
6742,4746,8,27,137,172,1.25,0.04050292429078413,641,"Pretty easy, really ... I just have to keep their screen time to less than 2 hours a day."
6721,4746,7,26,127,160,1.25,0.041587976007827945,641,Nothing much; just re-watching that Jodie Foster movie.
7772,4746,5,27,116,148,1.25,0.04165517399877003,641,"18,  19, 20,  21"
4058,4746,7,23,118,148,1.25,0.04380651604022256,641,PJs on? What's the address?
7594,4746,4,27,109,140,1.25,0.04195259890620108,641,"Home Shopping Network? 
I'd like to order the tan F-L-E-E-C-E jacket."
4046,4746,9,23,132,164,1.25,0.04270429767893841,641,Are you kidding? 50 bags full!
1832,4746,5,31,128,164,1.25,0.03904344047215152,641,"This isn't as uplifting as ""We Bought a Zoo"" led me to believe."
1685,4746,8,23,125,156,1.25,0.04325946493965428,641,"No, Urban Shepard's are completely unregulated right now. Great time to get into this niche industry."
1678,4746,5,29,122,156,1.25,0.0402894818662241,641,"I keep counting them Mom, but I can't fall asleep, they're so loud"
1646,4746,7,26,127,160,1.25,0.041587976007827945,641,There are so many insomniacs in this city that I don’t think we’ll ever have to return to the meadow.
1573,4746,5,33,134,172,1.25,0.03790103571265481,641,Now where was I? 36 or 56?
1555,4746,7,19,106,132,1.25,0.0473383634798584,641,"Hi Bo, You tell Jack Horner it's over or you'll never see me or your sheep again."""
1544,4746,8,23,125,156,1.25,0.04325946493965428,641,Ewes seen the remote?
1063,4746,9,22,129,160,1.25,0.04343722427630694,641,"Well, it sure beats herding Democrats!"
959,4746,7,22,115,144,1.25,0.044621345688633046,641,"We'll have the usual, twelve vegan plates the cheeseburger special."
823,4746,3,39,138,180,1.25,0.03512414800122443,641,Evidently Bo Peep has a lot of friends.
567,4746,6,27,123,156,1.25,0.04130321216307024,641,"Hello, I didn't see it on the room service menu, but could you please deliver some field grass to our room?"
372,4746,9,20,123,152,1.25,0.04501074578332069,641,"Hello, Little Bo Peep? I found your sheep!"
267,4746,6,24,114,144,1.25,0.04351941398892446,641,"I feel sheepish, but they followed me all the way home."
118,4746,6,25,117,148,1.25,0.04274438190247978,641,"Hello escort service. Please send a black sheep to Acme Hotel, room 310."
47,4746,5,27,116,148,1.25,0.04165517399877003,641,"Yeah, I've already tried counting sheep."
1853,4746,10,19,127,156,1.25,0.045131001304455486,641,I’ve rounded up the ewesual suspects.
1855,4746,10,20,130,160,1.25,0.04433293138324429,641,"Well, those subway maps can be confusing."
4056,4746,5,28,119,152,1.25,0.040956241685584586,641,What ship? I though you said I'd be rich when my sheep come in.
1984,4746,7,23,118,148,1.25,0.04380651604022256,641,Count me out. I woke up  feeling a bit sheepish.
3937,4746,6,20,102,128,1.25,0.04705918538536189,641,Turns out they moved to The Meadowlands.
3809,4746,5,31,128,164,1.25,0.03904344047215152,641,"The sheep aren't in the meadow, but the cow's in the corn."
3740,4746,7,24,121,152,1.25,0.043031273331024834,641,"Ten big grass pizzas, please."
3633,4746,9,13,102,124,1.25,0.05200541640979274,641,"If you ever want to see your flock again, make sure that RBG sleeps well for the next two years."
2986,4746,10,19,127,156,1.25,0.045131001304455486,641,"Yes, I'd like to order the home kebab rotisserie"
2813,4746,7,25,124,156,1.25,0.04229265090918735,641,I figured we'd just AirBnb it for once.
2741,4746,8,20,116,144,1.25,0.04569671310050197,641,Breaking news!  I've found the one who says 'Humbug'.
2699,4746,8,24,128,160,1.25,0.04252265396972455,641,"One two, three, four...no wait....one, two three..."
3251,4746,7,22,115,144,1.25,0.044621345688633046,641,"Hey Peep, I left them alone just as you suggested, but they checked in to the Ritz."
1912,4746,6,25,117,148,1.25,0.04274438190247978,641,"Ok, it's not our mountain but you can't complain about the view."
2653,4746,7,20,109,136,1.25,0.04638336040008698,641,Mary had too many lambs.
2537,4746,8,25,131,164,1.25,0.04181913845554626,641,She's not in. She's gone searching for her own flock.
2496,4746,6,22,108,136,1.25,0.0451938453788867,641,"I’m booked tonight, but you can come over tomorrow night if you want to count them."
2485,4746,7,24,121,152,1.25,0.043031273331024834,641,I am getting sleepy keeping track of all of you.
2214,4746,8,21,119,148,1.25,0.044843500208385956,641,The smell knocks me out faster than I can count 'em
2161,4746,5,26,113,144,1.25,0.04238884637277,641,Not so sure about this holistic sleep disorder therapy.
2696,4746,10,22,136,168,1.25,0.04284407176395685,641,"Yeah, yeah, I herd you."
716,4821,8,30,147,185,1.2486486486486486,0.038540561965703886,641,This IS a big apartment!  It’s NYC!!!
4244,4821,5,36,144,185,1.2486486486486486,0.0361816486204095,641,What can I say; we thought we were in New Jersey.
7243,4821,8,30,147,185,1.2486486486486486,0.038540561965703886,641,"And then I thought ""Why not kill two birds with one stone?"""
1633,4824,10,25,146,181,1.2486187845303867,0.040641024844777,641,I've found  your sheep.......
7334,4825,4,36,137,177,1.2485875706214689,0.036305954500587746,641,"But Mom, it's the only way I can sleep in this big city."
1628,4825,10,24,143,177,1.2485875706214689,0.04127142285559591,641,Mary had a little boy lamb and a little girl lamb....
2861,4825,5,34,138,177,1.2485875706214689,0.03717961360189914,641,"300 lbs of grass please. Yes, for delivery."
8813,4828,8,27,138,173,1.2485549132947977,0.04029404404490567,641,They pulled the wool over my eyes.
3150,4828,6,31,136,173,1.2485549132947977,0.03858993800515129,641,"Hello, Insomnia Clinic. Counting sheep is not working!"
146,4828,7,29,137,173,1.2485549132947977,0.039451193269242305,641,"Where's my mini-baa?"""
2751,4828,6,31,136,173,1.2485549132947977,0.03858993800515129,641,You really do get used to the smell
3161,4832,7,28,134,169,1.2485207100591715,0.04005936096960533,641,"Just saying, I remember a time when the US Senate was a fun place to work..."
6933,4832,8,26,135,169,1.2485207100591715,0.040929143399634264,641,Enough to tip everyone a sweater.
1907,4834,7,27,131,165,1.2484848484848485,0.04069432553230535,641,"Hello 911? You can cancel my emergency, my sheep all came home, with thier tails behind them!"
6222,4834,10,21,134,165,1.2484848484848485,0.043333100749328016,641,...we just feel so lost without you...
6426,4834,8,25,132,165,1.2484848484848485,0.041592522892181356,641,"Yes, they like Bach, bu they mostly prefer Grieg."
5987,4837,5,30,126,161,1.2484472049689441,0.039436102792547494,641,"Can you please stop making sheep-related puns, this is serious."
8558,4837,9,22,130,161,1.2484472049689441,0.0431945043920584,641,Don't worry.   They're here Ms Peep and they enjoy riding the elevator.
7222,4837,7,26,128,161,1.2484472049689441,0.04135801864898707,641,"I voted for him once, but he's not fooling me this time."
4969,4837,7,26,128,161,1.2484472049689441,0.04135801864898707,641,"What do you mean, you don't have extra cots?"
4950,4837,9,22,130,161,1.2484472049689441,0.0431945043920584,641,"Let's forget the ransom.
Replace my chewed up carpet and I'll return your sheep."
4814,4837,6,28,127,161,1.2484472049689441,0.0404084886504948,641,"Bo Peep, you're not gong to believe what I found"
4134,4837,4,32,125,161,1.2484472049689441,0.03843912657581565,641,New York is where I’d rather stay. I get allergic smelling hay. I just adore a penthouse view...
29,4837,9,22,130,161,1.2484472049689441,0.0431945043920584,641,"Hey, I heard you sold weed?"
979,4845,7,25,125,157,1.2484076433121019,0.04205256635500158,641,"Hello, room service, could you send up a glass of warm milk?"
1290,4845,9,21,127,157,1.2484076433121019,0.04395152979929169,641,"So I won the tryout, now what?"
2891,4845,7,25,125,157,1.2484076433121019,0.04205256635500158,641,"No, she went to D.C. for her swearing in ceremony."
3605,4845,7,25,125,157,1.2484076433121019,0.04205256635500158,641,Got a problem here. They're not being very sheepish.
4793,4845,7,25,125,157,1.2484076433121019,0.04205256635500158,641,Guess what? I finally got my sabaabaatical.
8067,4845,4,31,122,157,1.2484076433121019,0.03903127444828684,641,"...""I have to hang up now...the Shepard Smith Report is beginning...he's our favorite...um...I mean my favorite.......no...I'm alone""..."
7342,4851,7,24,122,153,1.2483660130718954,0.04278031432093709,641,"Please, don't tell me that you are out of mint jelly."
7953,4851,11,16,126,153,1.2483660130718954,0.04662780867057974,641,My lamb was delivered a little too rare.
7047,4851,5,28,120,153,1.2483660130718954,0.04072046990626665,641,"You herd them onto the elevator, up to eleven and herd them off. Working from home is no picnic."
8744,4851,5,28,120,153,1.2483660130718954,0.04072046990626665,641,"Oh, you now me.  I can't complain.  I take the good with the baaaaad."
8419,4851,8,22,123,153,1.2483660130718954,0.043773903246154315,641,"CHEAP, you idiot! Not SHEEP!"
3097,4851,8,22,123,153,1.2483660130718954,0.043773903246154315,641,I'd like a medium pepperoni and a large blade shear.
7537,4851,8,22,123,153,1.2483660130718954,0.043773903246154315,641,"But of course, I love ewe!"
2326,4851,9,20,124,153,1.2483660130718954,0.044745434598506065,641,"But the listing said ""vibrant outdoor space""..."
2057,4851,6,26,121,153,1.2483660130718954,0.04176309353236026,641,I think I'm still missing one.
814,4851,9,20,124,153,1.2483660130718954,0.044745434598506065,641,Bo. when do you get back from Rome?
2817,4851,6,26,121,153,1.2483660130718954,0.04176309353236026,641,"Hi, I'd like to place an order for a large cheese pizza and ten yards of sod."
655,4851,8,22,123,153,1.2483660130718954,0.043773903246154315,641,I never should have taken them to Paree.
8977,4863,7,23,119,149,1.2483221476510067,0.04354385721569028,641,nothin
8513,4863,9,19,121,149,1.2483221476510067,0.04557912838520316,641,I can't quit this.
5661,4863,6,25,118,149,1.2483221476510067,0.04248967850729419,641,"In my current situation, urbanization is affecting the viability of my chosen career."
5638,4863,6,25,118,149,1.2483221476510067,0.04248967850729419,641,Front desk? I need a driver to Central Park green for 13- and I don't want to get fleeced
5764,4863,9,19,121,149,1.2483221476510067,0.04557912838520316,641,"Honey, I worked out a great deal on the carpet removal."
2460,4863,9,19,121,149,1.2483221476510067,0.04557912838520316,641,Of course I've thought of taking them to the park. How do you get twelve sheep in one elevator?
1330,4863,6,25,118,149,1.2483221476510067,0.04248967850729419,641,"May I speak to Little Bo Peep? 
I’ve found her sheep."
3985,4863,6,25,118,149,1.2483221476510067,0.04248967850729419,641,"Bo, text me?"
7238,4871,7,22,116,145,1.2482758620689656,0.04434607292841478,641,ok.... who is the wiseguy who tried to order roast sheepdog for dinner?
7129,4871,11,14,120,145,1.2482758620689656,0.048473868698757576,641,Bo-Peep got Maserati and I got every other weekend.
4832,4871,7,22,116,145,1.2482758620689656,0.04434607292841478,641,Good news!  I get to spend the holidays working from home.
3956,4871,9,18,118,145,1.2482758620689656,0.04645583994933614,641,"You could say, ""I'm on the lam."""
3738,4871,5,26,114,145,1.2482758620689656,0.04213078806462358,641,"Honestly, I thought that being an agent of God would be a little more glamorous."
3559,4871,6,24,115,145,1.2482758620689656,0.043252615453394906,641,Some nay sayers think I’m overleveraged in ovine futures.
6333,4871,8,20,117,145,1.2482758620689656,0.045413209804915894,641,It's not what I expected when the job description said help eliminate the wolves on Wall Street!
3078,4871,6,24,115,145,1.2482758620689656,0.043252615453394906,641,I found the sheep but you aren’t going to believe where.
1226,4871,4,28,113,145,1.2482758620689656,0.04097826085051929,641,Only for a couple of days. Then it’s the rooftop garden.
470,4871,8,20,117,145,1.2482758620689656,0.045413209804915894,641,Hello AirBNB.  I’d like to file a complaint
3284,4871,8,20,117,145,1.2482758620689656,0.045413209804915894,641,It's me.  Beau Peep.  They came home.
7252,4882,8,19,114,141,1.24822695035461,0.04629760166398814,641,"Yeah, we came upstairs to game plan how to steer clear of the wolves over on Wall St."
6634,4882,6,23,112,141,1.24822695035461,0.044054893878545213,641,Room service..? “I’ll need more grass!
6199,4882,5,25,111,141,1.24822695035461,0.04288958558969954,641,"I do miss the countryside, but at least my landlord allows pets."
4624,4882,7,21,113,141,1.24822695035461,0.04519016261581274,641,Hey Room Service! Where is that Sheepdog I ordered?
2934,4882,4,27,110,141,1.24822695035461,0.04169171895547657,641,"Great news! I'm getting big bucks to take care of Herb's hi-rise apartment for the summer!  And the best part is that I figured a way of keeping my shepherd job, too!"
3122,4882,8,19,114,141,1.24822695035461,0.04629760166398814,641,I found it on AirBaaaaah-n-Baaaaah
3780,4888,6,22,109,137,1.2481751824817517,0.04489984787719984,641,"What? No, I can hear you just fine. Yeah. I herd."
5053,4888,7,20,110,137,1.2481751824817517,0.0460796977675794,641,"Yes, the curtains are wool. Why do you ask?"
8502,4890,7,19,107,133,1.2481203007518797,0.047018675770621486,641,I’m up to 25 and still not sleepy...
1922,4890,8,17,108,133,1.2481203007518797,0.048214904726397355,641,"Trouble Sleeping Hot Line, how can I help?"
891,4890,3,27,103,133,1.2481203007518797,0.041893569972154994,641,What do you mean I wasn’t supposed to literally count them?
1536,4890,9,15,109,133,1.2481203007518797,0.0493821648404393,641,He leadeth us to 5th Avenue.
5215,4890,7,19,107,133,1.2481203007518797,0.047018675770621486,641,Come again? I thought you said flock party!
5232,4895,4,24,101,129,1.248062015503876,0.044065182174039035,641,"To sleep - to sleep, perchance to dream."
6369,4895,5,22,102,129,1.248062015503876,0.045418766066891325,641,I know they say dreams come true but this is ridiculous
4014,4897,4,23,98,125,1.248,0.04494584555059639,641,"Rams against Bengals. Best seat in the house 
  What you doing?"
7536,4897,7,17,101,125,1.248,0.04906348750804017,641,"Yeah yeah, and I have no idea where to find them. 
But I'll come into work just as soon as I do."
8690,4897,5,21,99,125,1.248,0.04635904755624927,641,I’m just waiting to see which one turns out to be the lion.
1287,4900,8,28,142,178,1.247191011235955,0.03948648167801395,641,I just tried to order the Rams game on Pay Per View.
748,4901,6,31,137,174,1.2471264367816093,0.03839409864536054,641,Wish ewe were here.
4042,4901,7,29,138,174,1.2471264367816093,0.03924980992113152,641,"Doc, could you suggest another method she could use to fall asleep?"
5521,4903,9,24,137,170,1.2470588235294118,0.04156004526047071,641,Does the cable package still include Flocks News?
4516,4903,9,24,137,170,1.2470588235294118,0.04156004526047071,641,"So I told him, 'I got you pegged, wolf! Think you can fleece me?"
3550,4903,8,26,136,170,1.2470588235294118,0.04071392535457735,641,How much grass seed do you think I'd need for 500 square feet?
821,4903,7,28,135,170,1.2470588235294118,0.03984984408380814,641,Do you have anything related to Wolf rentals?
1489,4903,8,26,136,170,1.2470588235294118,0.04071392535457735,641,"I apologize for the noise, but counting them is the only way I can sleep."
7855,4908,14,13,139,166,1.2469879518072289,0.04636218432015731,641,"Hello, Bo Peep?  I've got your sheep.
All your lambs and ewes.
Counting all night did not induce sleep.
That old belief is FAKE NEWS!"
858,4908,13,15,138,166,1.2469879518072289,0.04556789203823736,641,Hello...Ms. Peep?
2535,4908,6,29,131,166,1.2469879518072289,0.03956383871559949,641,I had to leave. My herd feels threatened by everyone out there being such big fox fans.
3757,4908,8,25,133,166,1.2469879518072289,0.04136829745311664,641,"Speak up, I can't hear a bleating thing!"
8550,4908,6,29,131,166,1.2469879518072289,0.03956383871559949,641,How many followers I have?
254,4913,12,16,134,162,1.2469135802469136,0.04555355951379758,641,I've got a bigger problem now.  Little Bo Peep has lost her remote.
4666,4913,7,26,129,162,1.2469135802469136,0.041130531286010255,641,We just decided the country life wasn’t our cup of tea...
5357,4913,7,26,129,162,1.2469135802469136,0.041130531286010255,641,"Well, the Sleep Disorders Clinic can't use us right now."
6014,4916,9,21,128,158,1.2468354430379747,0.04370075993240433,641,Pee-Ewe
1040,4916,6,27,125,158,1.2468354430379747,0.04083967988879557,641,"...well, they can see the meadow from the terrace..."
2937,4916,10,19,129,158,1.2468354430379747,0.04461369827477973,641,I Shorted wool
3144,4916,3,33,122,158,1.2468354430379747,0.03776244812202925,641,"Yes, direct from the living room to the kitchen table - it's the latest thing in locavore."
3244,4916,9,21,128,158,1.2468354430379747,0.04370075993240433,641,"I agree, the visuals caused by your sleep aid are stunning, but I’m still wide awake."
3826,4916,7,25,126,158,1.2468354430379747,0.041815130138536466,641,I'm kind of the black sheep of the family.
3973,4916,5,29,124,158,1.2468354430379747,0.03984035389320539,641,Their silence is deafening.
5843,4916,6,27,125,158,1.2468354430379747,0.04083967988879557,641,I just feel like I am always being followed.
8934,4916,6,27,125,158,1.2468354430379747,0.04083967988879557,641,Hey I only ordered ONE sheep
5143,4925,6,26,122,154,1.2467532467532467,0.04152235085119238,641,Housekeeping? We have a problem.
4630,4925,6,26,122,154,1.2467532467532467,0.04152235085119238,641,My neighbors are just glad I'm not in love with horses.
3609,4925,6,26,122,154,1.2467532467532467,0.04152235085119238,641,It’s easier if you herd at home.
2929,4925,7,24,123,154,1.2467532467532467,0.04253220024914219,641,Hello Bo! I need you to get back to me today!
103,4925,8,22,124,154,1.2467532467532467,0.043518622403021276,641,"Nah, we'll just stay indoors... It's too easy for them to get lost amongst the sheep in the big city!"
8687,4925,8,22,124,154,1.2467532467532467,0.043518622403021276,641,So how was I supposed to know they don’t allow sheep in the Sheep Meadow?
6476,4925,8,22,124,154,1.2467532467532467,0.043518622403021276,641,"Hey, girl. Netflix and wool?"
2138,4925,8,22,124,154,1.2467532467532467,0.043518622403021276,641,"Look, mate, this isn't quite what I meant when I said I wanted to take  piece of New Zealand with me."
6919,4925,9,20,125,154,1.2467532467532467,0.044483175849756494,641,"Room service? Bring me a tossed salad, cream of mushroom soup, a leg of lamb ... nix the leg of lamb. And two bales of hay."
4749,4934,8,21,121,150,1.2466666666666666,0.044305898897400074,641,I can deliver up to 427 sweaters by Christmas.
4083,4934,8,21,121,150,1.2466666666666666,0.044305898897400074,641,I think we lost our direction.
5461,4934,5,27,118,150,1.2466666666666666,0.04116498878012371,641,"Bo, this is Blue. We need to talk."
7282,4934,8,21,121,150,1.2466666666666666,0.044305898897400074,641,"I have to tell you, I'm starting to like this telecommuting thing."
5541,4934,7,23,120,150,1.2466666666666666,0.04328426063240149,641,It looks like I misunderstood that mindfulness practice of being the shepherd of your thoughts.
3443,4934,5,27,118,150,1.2466666666666666,0.04116498878012371,641,"If they're in fact wolves, then I'll be concerned."
123,4934,7,23,120,150,1.2466666666666666,0.04328426063240149,641,Room service? I’ll have anything except lamb chops.
1369,4934,10,17,123,150,1.2466666666666666,0.04628156862437344,641,"Siri, if the Lord is my shepherd, how the hell did i end up with all of these sheep?"
2592,4942,3,30,113,146,1.2465753424657535,0.039555446319679236,641,"Just before nodding off, I lost count."
4891,4942,6,24,116,146,1.2465753424657535,0.04298899007208366,641,"Actually, I'm rather near to the madding crowd."
4941,4942,2,32,112,146,1.2465753424657535,0.038342665820981524,641,Of course I tried! They didn’t FIT in the elevator.
5349,4942,3,30,113,146,1.2465753424657535,0.039555446319679236,641,"Hey, Bo. Got 'em all here, wagging."
5939,4942,6,24,116,146,1.2465753424657535,0.04298899007208366,641,"Bo, have you tried using ‘find my sheep’?"
6878,4942,6,24,116,146,1.2465753424657535,0.04298899007208366,641,We're all here waiting for the Jet's game to start.
91,4948,6,23,113,142,1.2464788732394365,0.04377846231529865,641,Turns out the Sheep Meadow is actually for tourists.
4481,4948,4,27,111,142,1.2464788732394365,0.041433965788443806,641,I would like to report a missing wolf.
6706,4948,6,23,113,142,1.2464788732394365,0.04377846231529865,641,You said be fruitful and multiply but it is getting out of hand
8995,4951,10,14,114,138,1.2463768115942029,0.04912391708914041,641,"Is there a patron at the bar who ordered a single malt and is bleating away about the seaside of Scotland?  Uhh... white curly hair, woolly legs and a thick brogue."
5366,4951,6,22,110,138,1.2463768115942029,0.04460956331318161,641,Hey Bo where were you when you last saw them?
2128,4951,4,26,108,138,1.2463768115942029,0.04217155550129456,641,Bo-Peep? I kidnapped your sheep while you were asleep and you'll never find them!
2218,4951,8,18,112,138,1.2463768115942029,0.04692106333606209,641,This is Mr. Ba-ba-ba-baxter!
273,4951,5,24,109,138,1.2463768115942029,0.04340767923070482,641,Say can you tell me...is there a Guinness World Record for the number of sheep in an elevator?
834,4956,5,23,106,134,1.2462686567164178,0.04423512630593346,641,"No, they didn't say anything about sheep, so I gave it a shot."
6152,4956,6,21,107,134,1.2462686567164178,0.04548590166123932,641,"I gave it a shot, but it didn't work- I 'm still awake"
1412,4958,4,24,102,130,1.2461538461538462,0.043766522170656255,641,"Thanks, but no, I don't need any sheep."
2501,4958,5,22,103,130,1.2461538461538462,0.0451084143735003,641,"Herding them's a bitch, due to the 'no-dogs' policy."
5659,4958,10,28,157,195,1.2461538461538462,0.038538120954573894,641,"I thought I ordered a little lamb, not a litter of lambs?!"
5975,4961,9,27,147,183,1.2459016393442623,0.039488117481737355,641,exactly what time will you be getting here Little Bo?
7583,4961,9,27,147,183,1.2459016393442623,0.039488117481737355,641,Tell Lil Bo I found em
4766,4963,5,33,137,175,1.2457142857142858,0.0373305853350088,641,"Sorry, I can't come out. I had to bring some work home over the weekend."
6728,4963,5,33,137,175,1.2457142857142858,0.0373305853350088,641,"But the [AIRBNB] listing said ""overlooking Sheeps Meadow"""
4834,4965,12,18,141,171,1.2456140350877194,0.043766671314290274,641,I know they could help me sleep but that's not the problem right now.
2581,4965,7,28,136,171,1.2456140350877194,0.03964245539710051,641,"No, we are not going to put on ""Little Bo Peep goes to the city"" until all of you settle down and face the screen."
1091,4965,7,28,136,171,1.2456140350877194,0.03964245539710051,641,"What do you mean, The flowers do fade, and wanton fields
To wayward winter reckoning yields? I got central heat and free cable."
3195,4968,10,21,136,167,1.2455089820359282,0.04286394845571293,641,"Oh, I found the sheep, but in late capitalism how do I find myself?"
3744,4968,7,27,133,167,1.2455089820359282,0.04026019717457744,641,"Not baaad, how are you?"
7619,4968,8,25,134,167,1.2455089820359282,0.0411464256458392,641,Hi Honey how much wool do you need to make that sweater?
2015,4968,7,27,133,167,1.2455089820359282,0.04026019717457744,641,"""They wanted to watch the Muppets sing 'Mary Has a Little Lamb'."
6358,4968,5,31,131,167,1.2455089820359282,0.038426471900896805,641,"Actually, sheep are one thing; clutter is another."
1183,4968,11,19,137,167,1.2455089820359282,0.043697402029259536,641,"I'll try them for now mom, but once I get use to the sounds of the big city I'll sleep fine?"
998,4968,7,27,133,167,1.2455089820359282,0.04026019717457744,641,"Baa Baa,  humbug."
1319,4968,10,21,136,167,1.2455089820359282,0.04286394845571293,641,"“Hey, Bo, I found them. They’re right here in your apt. I got in without a peep from the Super.”"
137,4976,9,22,132,163,1.2453987730061349,0.04271695987428302,641,Don’t you just hate artificial turf?
5334,4976,8,24,131,163,1.2453987730061349,0.04182102699435029,641,I found the sheep. Check Trump Tower for Bo Peep.
6624,4976,3,34,126,163,1.2453987730061349,0.037017515971057846,641,"Yes, I am the co-op board president."
7369,4979,7,25,127,159,1.2452830188679245,0.04158030007535752,641,It's a hand puppet!  And she's a ventriloquist!
6746,4979,9,21,129,159,1.2452830188679245,0.04345278295065568,641,Room service? I thought I ordered lamb chops.
6732,4979,7,25,127,159,1.2452830188679245,0.04158030007535752,641,"One of you had better cough up the remote, or there wool be consequences!"
6047,4979,8,23,128,159,1.2452830188679245,0.04252684858129961,641,"Well if you don’t want to watch it, you shouldn’t have followed me up here."
5709,4979,9,21,129,159,1.2452830188679245,0.04345278295065568,641,The new place is very shabby sheep
3853,4979,5,29,125,159,1.2452830188679245,0.039619419008319154,641,"On second thought, I should have gotten the cottage with the yard."
2609,4979,8,23,128,159,1.2452830188679245,0.04252684858129961,641,My flock runneth over.
43,4979,5,29,125,159,1.2452830188679245,0.039619419008319154,641,I made it to the city and got a sheep rate on a hotel room.
4580,4979,5,29,125,159,1.2452830188679245,0.039619419008319154,641,"Hello, Room Service, please send ten bales of clover to room 500."
5011,4988,8,22,125,155,1.2451612903225806,0.043266242990091804,641,"The insomnia got so bad, I thought, why count 'em when I can join 'em?"
5099,4988,1,36,118,155,1.2451612903225806,0.03585327765418455,641,Room Service? Send up some fresh grass and a beer.
7474,4988,9,20,126,155,1.2451612903225806,0.04422391844962455,641,"No,the sheep are just fine. But the big screen TV went out right before the Giants game."
8501,4988,7,24,124,155,1.2451612903225806,0.04228688451418825,641,"Well, it's far from the madding crowd."
4796,4988,6,26,123,155,1.2451612903225806,0.04128429993780832,641,Do you remember where we left the Roombahbah?
2954,4988,5,28,122,155,1.2451612903225806,0.04025675397735821,641,I'm just glad the dog isn't here.
2329,4988,7,24,124,155,1.2451612903225806,0.04228688451418825,641,We're on a cultural exchange with urban sheep.
2075,4988,9,20,126,155,1.2451612903225806,0.04422391844962455,641,"Little Bo Peep, I found your sheep!"
1929,4988,6,26,123,155,1.2451612903225806,0.04128429993780832,641,Tell Bo-Peep it wasn't a dream.
56,4988,2,34,119,155,1.2451612903225806,0.03700330659697081,641,"'Yeah, I'm doing home office today'"
5897,4988,8,22,125,155,1.2451612903225806,0.043266242990091804,641,"Room service. I ordered leg of lamb, not lots of lambs!"
2293,4988,7,24,124,155,1.2451612903225806,0.04228688451418825,641,"All that the note said was ""Please cancel the order.  A cup of warm milk at bedtime seems to have solved the problem."""
7592,5000,3,31,117,151,1.2450331125827814,0.0387063289965628,641,Sheep Meadow is closed for the season! But my ewes have a reservation!
6761,5000,9,19,123,151,1.2450331125827814,0.045033112582781455,641,Can you send up more towels?
6631,5000,8,21,122,151,1.2450331125827814,0.0440418097737016,641,It seems the sheep are dyslexic. They confused “pied-a-terre” for “pasture” on Airbnb.
6301,5000,6,25,120,151,1.2450331125827814,0.0419890529381387,641,"Hello, there's one missing"
2097,5000,7,23,121,151,1.2450331125827814,0.043027674668663723,641,"They say the counting helps with sleep, but frankly, I'm really close to trying something else."
3424,5000,6,25,120,151,1.2450331125827814,0.0419890529381387,641,"The pay's definitely better, but the traffic is worse..."
106,5006,6,24,117,147,1.2448979591836735,0.04272848347675213,641,Room service? No not  a bottle of sherry a pair of shears is what I need
1143,5006,6,24,117,147,1.2448979591836735,0.04272848347675213,641,It's been a baaaad day at the office.
2906,5006,8,20,119,147,1.2448979591836735,0.04485642897572416,641,"I'd love to see ewe, but I'm feeling a little sheepish."
4323,5006,4,28,115,147,1.2448979591836735,0.040488855009644,641,It’s called Glampherding.
8711,5010,6,23,114,143,1.2447552447552448,0.04350539863182021,641,I do like the new carpeting but I'm starting to regret not opting for the stain resistant treatment.
5310,5010,8,19,116,143,1.2447552447552448,0.045713300281128834,641,"I didn’t say I approve of the dowry tradition mom, I just said I really want to marry her."
8772,5010,6,23,114,143,1.2447552447552448,0.04350539863182021,641,It was the only apartment available on Air Bed and Bible.
1992,5010,4,27,112,143,1.2447552447552448,0.041179286026284054,641,"Yes, can I speak to my realtor? I was told there would be an adjoining pasture to this complex."
8652,5010,7,21,115,143,1.2447552447552448,0.04462300714153091,641,My therapist suggested a better work-life baaaalance...
947,5010,5,25,113,143,1.2447552447552448,0.04235831268917647,641,"In our deluxe package, we provide the fence and a money-back guarantee if you aren't asleep within three hours."
1323,5010,5,25,113,143,1.2447552447552448,0.04235831268917647,641,"Hello, Doctor Ince, could you please renew my prescription for Ambien, as soon as possible ?"
757,5017,7,20,112,139,1.2446043165467626,0.04548390934897567,641,Who ate the remote?
4279,5017,5,24,110,139,1.2446043165467626,0.04313069881830356,641,"This is why I am an atheist. If the Lord was my shepherd he would get the f---k (guess again, for those of you with dirty minds, the word has three dashes– it's  flock) out of here."
1549,5019,6,32,142,180,1.2444444444444445,0.03747312069753541,641,"Doc, TV or counting sheep does not work."
4236,5019,6,21,108,135,1.2444444444444445,0.04518455082971872,641,The Doctor said counting sheep might help.
7682,5019,5,23,107,135,1.2444444444444445,0.04394411580826142,641,Hello Ms. Bo Peep? I have some good news ...
465,5022,7,28,137,172,1.244186046511628,0.03943716373247865,641,"Yes, yes, I herd you."
4479,5022,7,28,137,172,1.244186046511628,0.03943716373247865,641,It’s like herding cats at the office.
6139,5022,7,28,137,172,1.244186046511628,0.03943716373247865,641,"Ms. Peep? Yeah, we found your sheep, but you're not gonna like the association dues"
7971,5025,12,17,139,168,1.244047619047619,0.044273613175394785,641,I think I'm gonna cancel the date. I don't know I'm feeling sheepish.
2606,5025,7,27,134,168,1.244047619047619,0.04004650829293274,641,"Yes, Mom, I am watching the news and I have no problem getting to sleep afterwards."
3030,5025,7,27,134,168,1.244047619047619,0.04004650829293274,641,"No, Bo-peep, but you lost them last time."
3360,5025,6,29,133,168,1.244047619047619,0.03914635138842723,641,Bible study’s better than I thought.
3574,5025,10,21,137,168,1.244047619047619,0.042633095415944955,641,Fine. We'll watch Fox News. Again.
3616,5025,8,25,135,168,1.244047619047619,0.040926871684574706,641,Hello room service? We’re still waiting for those bells.
6759,5025,8,25,135,168,1.244047619047619,0.040926871684574706,641,"You're watching this too? Believe me, I know a wolf in sheep's clothing when I see one."
8763,5032,6,28,130,164,1.2439024390243902,0.03975266869690043,641,I'm getting the flock out of here.
7071,5032,9,22,133,164,1.2439024390243902,0.04248205227842972,641,What do you mean 'the cell phone gps shows my exact location...?'
2173,5034,3,33,124,160,1.24375,0.03735230348280676,641,Meet me at 5 at our usual watering hole.
496,5034,10,19,131,160,1.24375,0.04410792492149799,641,Half sausage and half pasture plants.
1437,5034,7,25,128,160,1.24375,0.04134803482968362,641,"The reception here is fine. Yes, I herd you."
1810,5034,8,23,129,160,1.24375,0.042288016464218176,641,I'm thinking of taking the kids to the zoo.
1856,5034,8,23,129,160,1.24375,0.042288016464218176,641,"Yes, master.  I understand.  Under the new tax code you get all three bags full."
2088,5034,7,25,128,160,1.24375,0.04134803482968362,641,Your Bo-Peep package included everything I didn't want
2117,5034,4,31,125,160,1.24375,0.03839024521506676,641,I'm trying a non-medical remedy for my insomnia.
8696,5034,10,19,131,160,1.24375,0.04410792492149799,641,"‘Hey boss, looks like Mary’s on the lam again’."
3862,5034,6,27,127,160,1.24375,0.04038618120193431,641,I thought maybe this would be a cure for my insomnia.
4822,5034,8,23,129,160,1.24375,0.042288016464218176,641,"Room Service, this is Ms. Bopeep in room 309. I need 20 bales of alfalfa, and a shop-vac."
5472,5034,5,29,126,160,1.24375,0.03940085379625947,641,"Man, I really am a hoarder."
6466,5034,5,29,126,160,1.24375,0.03940085379625947,641,"Insomnia hotline?  Yes, I tried the couch but I still keep losing sheep."
7106,5034,6,27,127,160,1.24375,0.04038618120193431,641,"Some border collies, STAT!"
4685,5047,8,22,126,156,1.2435897435897436,0.04301671715340813,641,"That was a bad idea, I'll never fall asleep now."
7982,5047,6,26,124,156,1.2435897435897436,0.0410488974611832,641,Talk to ewe later.
6159,5047,6,26,124,156,1.2435897435897436,0.0410488974611832,641,"No big plans,maybe just a quiet night,a little Netflix and Twill."
4202,5047,7,24,125,156,1.2435897435897436,0.042044321480046803,641,"Well boss, you told me that I was to give them the first class treatment so that’s why we are staying at the Four Seasons."
7489,5047,4,30,122,156,1.2435897435897436,0.038981867719507075,641,"It's amazing how many you get for one monkey, and you can relax, because they're not the least bit curious."
4200,5047,5,28,123,156,1.2435897435897436,0.04002872714488858,641,"So I’m counting the sheep now, what’s next"
2377,5047,4,30,122,156,1.2435897435897436,0.038981867719507075,641,It’s a long story but apparently it’s an issue with the landlord.
844,5047,8,22,126,156,1.2435897435897436,0.04301671715340813,641,I won't be in the office today - I'm gathering wool.
3046,5047,5,28,123,156,1.2435897435897436,0.04002872714488858,641,I finally have the three bags full.   Can I make my tailor appointment for the wool suit?
2042,5047,10,18,128,156,1.2435897435897436,0.04489837331723614,641,"Hey, Bo-Peep, I've found your sheep."
89,5057,5,27,120,152,1.243421052631579,0.040685900502249725,641,It's been months since we've gotten a farm gig.
282,5057,6,25,121,152,1.243421052631579,0.04174303385499957,641,House sitting is harder than it sounds.
306,5057,5,27,120,152,1.243421052631579,0.040685900502249725,641,They keep following me around without thinking thru what I really stand for.
2959,5057,3,31,118,152,1.243421052631579,0.03848461703327203,641,"Relax - I'm up on my rent, so there are no wolves at the door!"
3306,5057,4,29,119,152,1.243421052631579,0.03960055711651401,641,"Oh, not doing much. Just watching TV and tending my flock."
3736,5057,7,23,122,152,1.243421052631579,0.04277404880485733,641,"Yea. My mom let me get a virtual reality game system, but she gets to pick the games."
3758,5057,6,25,121,152,1.243421052631579,0.04174303385499957,641,I’m just not ready to give up my rent-controlled apartment
5132,5057,7,23,122,152,1.243421052631579,0.04277404880485733,641,"So, they put me in the Witness Protection Program and set me up in a great downtown condo. But this cover job as a sheep herder really stinks!"
5341,5057,4,29,119,152,1.243421052631579,0.03960055711651401,641,"Can you hear me, now? Yea, Jack and Jill, this is Little Bo.  I found them . . . in an Airbnb with a very generous pet policy."
1088,5057,4,29,119,152,1.243421052631579,0.03960055711651401,641,I wish that woman at the time share presentation hadn’t been so darn convincing...
8323,5067,7,22,119,148,1.2432432432432432,0.04353984510691705,641,My roommates don't give me any privacy.
8080,5067,8,20,120,148,1.2432432432432432,0.04458303236985528,641,Very nice! I will definitely use Airbaanbaa again.
7965,5067,7,31,147,185,1.2432432432432432,0.03757251275688722,641,Eventually I’m going to fall asleep
5922,5067,10,16,122,148,1.2432432432432432,0.04659940023225657,641,Twelve. But I'm still wide awake.
6679,5067,5,26,117,148,1.2432432432432432,0.041374639396855886,641,"I can see why you thought that, but no, I never said anything about moving to the country."
4207,5067,6,24,118,148,1.2432432432432432,0.042471042471042476,641,"I was sheeping, but that's ok..."
2805,5067,7,22,119,148,1.2432432432432432,0.04353984510691705,641,"I guess without Arabs, Jews, and foreigners, the nativity is just this jackass and you sheep."
1398,5067,7,22,119,148,1.2432432432432432,0.04353984510691705,641,"I started counting backwards, now I'm wide awake."
3233,5067,12,12,124,148,1.2432432432432432,0.04853206598446539,641,I love the staff at this Airbaa'n'baa.
8162,5076,10,15,119,144,1.2430555555555556,0.04751653678708008,641,"I told you, FOX & FRIENDS starts in a half hour!"
7533,5076,6,23,115,144,1.2430555555555556,0.04323564362580423,641,"Apparently, the grass is always greener on TV."
7218,5076,7,21,116,144,1.2430555555555556,0.044344627373140065,641,Counting sheep didn't help; it only made me a shepherd.
5919,5076,6,23,115,144,1.2430555555555556,0.04323564362580423,641,"OK Bo Peep, you've got to stop losing them!"
5268,5076,6,23,115,144,1.2430555555555556,0.04323564362580423,641,"Yes, Mom, you were right and I was wrong, OK? I never thought they'd find my  new home in Manhattan."
5218,5076,5,25,114,144,1.2430555555555556,0.04209745577362661,641,I can't take them anywhere till the dog walker gets back.
4066,5076,3,29,112,144,1.2430555555555556,0.039723363255926035,641,I think I typed in the wrong address on Google maps.
3406,5076,5,25,114,144,1.2430555555555556,0.04209745577362661,641,"Oh, pastoral. You?"
2884,5076,5,25,114,144,1.2430555555555556,0.04209745577362661,641,"Yes, one spicy tuna roll and 12 orders of edamame."
2872,5076,6,23,115,144,1.2430555555555556,0.04323564362580423,641,I've never slept better on vacation
2373,5076,4,27,113,144,1.2430555555555556,0.04092762741092319,641,"Just roughly I figure there's about a dozen, zzzzzzz."
2922,5076,4,27,113,144,1.2430555555555556,0.04092762741092319,641,I got tired of crying“wolf”.
4017,5088,8,27,142,177,1.2429378531073447,0.03947917552769028,641,"Hi, I'm calling about your 'flock rate' discount for flights to the Holy Land..."
8768,5088,5,33,139,177,1.2429378531073447,0.036959454733299986,641,"What? You don't sell bales, just grams and ounces?"
2997,5088,10,23,144,177,1.2429378531073447,0.04107320259149183,641,"Yeah, I’m still watching those Trump voters."
4933,5088,8,27,142,177,1.2429378531073447,0.03947917552769028,641,"BO PEEP? RELAX,THEIR NOT LOST."
507,5092,6,22,112,140,1.2428571428571429,0.04403986395070219,641,"No, insomnia is even worse!"
3513,5092,2,30,108,140,1.2428571428571429,0.039094883618206705,641,It's the only way we can afford to live in an apartment in Brooklyn.
3714,5094,7,28,138,173,1.2427745664739884,0.03923393848818495,641,Twelve.
4496,5094,11,20,142,173,1.2427745664739884,0.04252240903097373,641,"No Mary, your lamb is not here, try the bedroom"
7671,5094,10,22,141,173,1.2427745664739884,0.04172459627931404,641,i just can't sleep......
2818,5097,8,17,111,136,1.2426470588235294,0.0472516135324224,641,"Ya Bo, what is it that you lost again?"
2845,5097,5,23,108,136,1.2426470588235294,0.04365681614360453,641,I'm bringing lamb chops.
3412,5097,6,21,109,136,1.2426470588235294,0.044887081189025055,641,The sheep were tired of the meadow.
5982,5097,5,23,108,136,1.2426470588235294,0.04365681614360453,641,"Ms. Peep, I found your sheep grazing in my living room."
6533,5097,6,21,109,136,1.2426470588235294,0.044887081189025055,641,Right now they're really enjoying the State of the Union.
6648,5097,5,23,108,136,1.2426470588235294,0.04365681614360453,641,"Yeah, mom. Bo-Peep pulled the wool over my eyes and left me!"
7462,5103,10,21,138,169,1.242603550295858,0.042404673410596824,641,I decided to use the GPS app on my phone this time - and you won't believe where I ended up!
5314,5103,7,27,135,169,1.242603550295858,0.03983502469756131,641,"Yup, and wagging their tails behind them."
3369,5103,6,29,134,169,1.242603550295858,0.03894081168286858,641,"I know!  I know!  I couldn't believe it either, but they're as happy as ever!!"
3543,5103,10,21,138,169,1.242603550295858,0.042404673410596824,641,"They're restless right now, waiting for ""Heidi"" to come on."
1926,5103,7,27,135,169,1.242603550295858,0.03983502469756131,641,"Yes, PLEASE tell Miss Peep to pick up her sheep!"
1614,5108,4,32,129,165,1.2424242424242424,0.03762293488329237,641,We should be fine. I placed an order with Graze.
1812,5108,6,28,131,165,1.2424242424242424,0.039538650574434626,641,"No, ​they're good. But they say a shepherd's​ crook is not allowed in the building without a permit​."
4996,5108,8,24,133,165,1.2424242424242424,0.04136574125120958,641,Do  you have any designs for sweaters?
6342,5108,3,26,103,132,1.2424242424242424,0.041820159732229155,641,"But it gets me thinking about work, which is why I can’t fall asleep in the first place."
8882,5108,7,26,132,165,1.2424242424242424,0.04046251004639518,641,Yeah I've tried counting but they just keep coming.
8721,5113,8,23,130,161,1.2422360248447204,0.042051799537871,641,We won’t be coming in today
850,5113,7,25,129,161,1.2422360248447204,0.04111829389481637,641,"Hello,  is this the missing persons bureau?  I'd like to report a young lady named ""Bo Peep""  who asked me to watch her sheep for five or ten minutes so she could take a potty break - but that was quite a long time ago and she hasn't returned"" !"
4659,5113,6,27,128,161,1.2422360248447204,0.04016309675893653,641,"I am selling to the master, dame and Little Boy who lives down the lane"
4712,5113,3,33,125,161,1.2422360248447204,0.037150438578963135,641,I'm getting ready to go to sleep.
6350,5113,8,23,130,161,1.2422360248447204,0.042051799537871,641,"Yo, Mom, guess where I found them?"
8181,5113,9,21,131,161,1.2422360248447204,0.04296502759135717,641,"My AirBnB offers farm to coffee table service, yes."
5871,5119,7,17,104,128,1.2421875,0.04802457661863982,641,Can I call you back? We’re watching the Rams bleat the Jets.
9036,5119,7,17,104,128,1.2421875,0.04802457661863982,641,But what´s the problem? You told me it`s a sheep apartement... .
5269,5119,6,19,103,128,1.2421875,0.04672610045078247,641,I always feel a bit sheepish when I call in sick.
875,5122,6,26,125,157,1.2420382165605095,0.04081610096642558,641,"I was looking to give a rescue cat a good home, but I just
couldn't resist them."
6657,5122,9,20,128,157,1.2420382165605095,0.043714208789428735,641,"I said we need a cheap apartment, Mary."
4140,5122,6,26,125,157,1.2420382165605095,0.04081610096642558,641,"No, officer, that's not the type of grass I was looking for in my room service order."
7044,5122,4,30,123,157,1.2420382165605095,0.038763842217267794,641,"Damnit, Matthew. Whatever I do, I can't seem to shake these last 12."
2913,5122,2,34,121,157,1.2420382165605095,0.036596677838145616,641,"' You've reached ""I Watch Ewes"", Harold speaking.'"
8167,5127,5,20,99,124,1.2419354838709677,0.0463328244815081,641,"Yes, I've counted them, but I still can't sleep."
69,5128,5,27,121,153,1.2418300653594772,0.04045040514173947,641,Little Bo Peep I found them!
4109,5128,10,17,126,153,1.2418300653594772,0.0454558229070642,641,I don't understand it. I've been counting sheep since yesterday. I still can't get to sleep. And worse I'm dressing like Little Bo-Peep
5032,5128,4,29,120,153,1.2418300653594772,0.039373036003404145,641,"Peep, we have a problem."
6668,5128,7,23,123,153,1.2418300653594772,0.04252333359629594,641,I'm calling it Herd-BnB. We're just lining up our second round of funding.
7332,5128,8,21,124,153,1.2418300653594772,0.04352278957221578,641,"Lorraine, I’m telling you... they misunderstood when I said I was hurting."
8436,5133,10,16,123,149,1.2416107382550337,0.04631437647723833,641,I'd like to order some alfalfa hors d'oeuvres and 16 vodka and Woolite martinis
5336,5133,6,24,119,149,1.2416107382550337,0.042216615001756684,641,Come on over! Go past the still water then follow the valley of the shadow of death and your here!
3396,5133,9,18,122,149,1.2416107382550337,0.04532468143195451,641,"Hi Customer Support, I ordered 20 of your Night Night Sleep Sheep but I think I'm missing the fence?"
3257,5133,5,26,118,149,1.2416107382550337,0.04112843129319842,641,"Hi, it’s me Lil Peep, call off the missing sheep  alert, I found them!"
2587,5133,5,26,118,149,1.2416107382550337,0.04112843129319842,641,"When I made the reservation, I asked for "" a Room with a View,""  not a Room for a Ewe!"
99,5133,8,20,121,149,1.2416107382550337,0.04431288780186817,641,Are you kidding? The people I swapped homes with brought their cat with them.
2971,5133,7,22,120,149,1.2416107382550337,0.04327744567062331,641,"You were right, Airbnb was a ton cheaper."
1881,5140,9,25,144,178,1.2415730337078652,0.04008036408645976,641,9-1-1? Yeah I'd like to report another wolf sighting
6485,5141,8,26,140,174,1.2413793103448276,0.03987475782235979,641,Ms. Bo Peep ?
8691,5141,12,11,122,145,1.2413793103448276,0.04920426389196321,641,.....and don’t forget to bring plenty of dip.
8487,5141,8,19,118,145,1.2413793103448276,0.04514330318771376,641,"Well, did you even ask if it was a flock friendly hotel?"
8895,5141,3,29,113,145,1.2413793103448276,0.03948405525820154,641,"When I began my career as a shepard, there was a lot more green space in the big city."
8050,5141,5,25,115,145,1.2413793103448276,0.04183971200735931,641,Might you have a German Shepherd on the staff?
5833,5141,5,32,137,174,1.2413793103448276,0.03729174181003091,641,You're the one who wanted to move to the city!
641,5141,9,17,119,145,1.2413793103448276,0.04619202597105775,641,"'The co-op just told me that no dogs are allowed."""
2936,5141,4,27,114,145,1.2413793103448276,0.040678938779738834,641,"The Rabbi in the joke said if I sent them outside, the apartment would seem a lot more spacious. But they obviously don't get the joke and keep coming back in."
2469,5141,9,24,141,174,1.2413793103448276,0.04069934986516519,641,Not exactly what I had in mind as a bishop.
1146,5141,4,27,114,145,1.2413793103448276,0.040678938779738834,641,"Yes, I heard about the new wool tariff."
4386,5141,8,19,118,145,1.2413793103448276,0.04514330318771376,641,"I'm very sorry you can't get to sleep, but I told you- we're on sick leave!"
8764,5152,7,27,136,170,1.2411764705882353,0.039625713500328376,641,"Like we, they've gone astray, Miss Peep.  
They got off on the wrong floor."
1707,5152,8,25,137,170,1.2411764705882353,0.04049457759607309,641,Hello...is this eharmony?
7162,5152,7,27,136,170,1.2411764705882353,0.039625713500328376,641,"Did you say ""sheep in the meadow"" or ""sheep in the Marriott""?"
7945,5155,5,24,112,141,1.2411347517730495,0.04258695047244958,641,You're sure this is the way Attenborough got started?
3310,5155,3,28,110,141,1.2411347517730495,0.04013744019435515,641,"Naaah, Zeke, I still can’t sleep but it’s easier to count them now!"
765,5157,6,28,132,166,1.2409638554216869,0.039326868941969476,641,"I’ll be down at the park in 5, we’re just finishing Far from the Madding Crowd."
7253,5157,8,24,134,166,1.2409638554216869,0.04114172238779523,641,"So the cable guy wants me to bundle my TV, internet, and phone package, but I said ,'You're not going to pull the wool over my eyes!'  I'm not going to be sheepish. These guys sure know how to fleece ya!"
5422,5157,4,32,130,166,1.2409638554216869,0.03742410881401554,641,City sprawl moved faster than we could...
4709,5160,7,19,111,137,1.2408759124087592,0.04578116812395045,641,"Hi Fred. Listen, if you see Peep, tell her not to worry."
6481,5160,6,21,110,137,1.2408759124087592,0.04459342045456528,641,It is very hard falling asleep when you try to accurately count Live Sheep!
1793,5160,6,21,110,137,1.2408759124087592,0.04459342045456528,641,"...and I said to the officer, ""Well how was I supposed to know the Sheep Meadow isn't really a sheep meadow?"""
681,5163,9,21,132,162,1.2407407407407407,0.04272516151032724,641,Does that package come with ewetube?
5620,5164,5,22,106,133,1.2406015037593985,0.044201706232744095,641,Couldn't we have tried a warm glass of milk first?
7783,5165,6,26,126,158,1.240506329113924,0.04058586885471601,641,My therapist tells me I can't keeping bring my work home with me but now my landlord's on my case too
7820,5165,8,22,128,158,1.240506329113924,0.042526039797506444,641,I lost my Border Collie!
7749,5165,6,26,126,158,1.240506329113924,0.04058586885471601,641,Bah-bye!
6039,5165,8,22,128,158,1.240506329113924,0.042526039797506444,641,"Yea, and if I am dreaming, I'm afraid of what comes next!"
5705,5165,5,28,125,158,1.240506329113924,0.03958013511357382,641,As soon as Sesame Street is over we'll all go down to Central Park.
4875,5165,8,22,128,158,1.240506329113924,0.042526039797506444,641,What can I say? It was Black Sheep Friday.
6860,5165,8,22,128,158,1.240506329113924,0.042526039797506444,641,I counted all of them three times and it’s still not working.
3720,5165,8,22,128,158,1.240506329113924,0.042526039797506444,641,Hey Mary!  It's Shep.....
1554,5165,10,18,130,158,1.240506329113924,0.04438147553908046,641,"Hey Bo Peep... Yeah it’s Pied Piper... Uh huh, got the breakup text."
67,5165,7,24,127,158,1.240506329113924,0.041567275659774174,641,"Hello, Peapod, your grass delivery is late—again."
4807,5165,5,28,125,158,1.240506329113924,0.03958013511357382,641,"I'm back from shepherding, but selling everything off is taking some time."
5905,5176,9,26,148,183,1.2404371584699454,0.03929235217889441,641,"Don't worry mom, I've got everything under control."
5632,5177,8,21,125,154,1.2402597402597402,0.04326775591291567,641,I was just trying to get away for the weekend and they followed me here.
778,5177,8,21,125,154,1.2402597402597402,0.04326775591291567,641,I've taken herding to a new level.
2361,5177,8,21,125,154,1.2402597402597402,0.04326775591291567,641,I nailed my Halloween costume but I haven’t figured out what to do with that sheep yet
2628,5177,7,23,124,154,1.2402597402597402,0.04227548064677721,641,"Mary!, Mary!!"
2791,5177,9,19,126,154,1.2402597402597402,0.044237779550552296,641,"I just needed a change of scenery, you know, to get away from it all"
5223,5177,8,21,125,154,1.2402597402597402,0.04326775591291567,641,"Yeah, hi, I’d like to take a personal day."
5421,5177,7,23,124,154,1.2402597402597402,0.04227548064677721,641,"I said order in from Shake Shack, not Sheep Shack."
7303,5177,6,25,123,154,1.2402597402597402,0.04125934834788863,641,Bo Peep? Never heard of you.
4797,5185,8,27,144,179,1.2402234636871508,0.0390837207153183,641,Hello?  I enjoy your conspiracy theory news network but take offense at your use of the term ‘sheeple.
6615,5186,7,28,140,175,1.24,0.03883356765752401,641,Can't make it to the party tonight. Feeling a bit sheepish.
8000,5186,6,24,120,150,1.24,0.04196515013083304,641,This should put an end to my sheepless nights.
7246,5186,5,26,119,150,1.24,0.04088506288230924,641,"And I thought the rental ad for """"'Wool""' Floors Throughout"" was just a typo."
6028,5186,7,28,140,175,1.24,0.03883356765752401,641,They Also Have A Suite For Lamas
3393,5186,5,26,119,150,1.24,0.04088506288230924,641,"Little Bow Peep, please"
7062,5186,7,22,121,150,1.24,0.04301812738969854,641,Hey. I herd ewe called.
2104,5186,4,28,118,150,1.24,0.039775657232500955,641,We got a great Friends and Family package deal.
1433,5186,6,24,120,150,1.24,0.04196515013083304,641,...and hold the dressing on the salads.
1003,5186,5,26,119,150,1.24,0.04088506288230924,641,311? May I respectfully asked why the mayor opened the Sheep Meadow to bike traffic?
2335,5186,7,22,121,150,1.24,0.04301812738969854,641,I'm done. The shag carpet is now berber.
8197,5196,9,17,120,146,1.2397260273972603,0.0459043330851175,641,Where are you? I only rented them for the hour!  It's going to screw up lil Bo Peep role-play if you are much later.
7495,5196,4,27,115,146,1.2397260273972603,0.04043317004071793,641,"Honey... please come back!
I promise I'll NEVER 
bring my work home with me again."
4500,5196,6,23,117,146,1.2397260273972603,0.0427058293693113,641,Yes I count them every night but I don’t see how that’s supposed to help me sleep.
4561,5196,7,21,118,146,1.2397260273972603,0.043797958552999845,641,Uber? What's the biggest van you've  got?
1681,5196,5,25,116,146,1.2397260273972603,0.041585027964775624,641,I took the subsidies and headed for higher ground.
3649,5196,6,23,117,146,1.2397260273972603,0.0427058293693113,641,"Black sheep?...no, uptown."
505,5202,6,28,133,167,1.2395209580838322,0.03911729012126524,641,Airbnb offers me the kind of experience a hotel can’t. It even comes with a shepherd’s crook…
8321,5202,5,30,132,167,1.2395209580838322,0.03818399559420824,641,"Yes, I've tried everything, and I still can't get to sleep."
1266,5204,3,28,111,142,1.2394366197183098,0.03988994131756429,641,You do know wool shrinks when it gets wet.
4294,5204,6,22,114,142,1.2394366197183098,0.04348422450636393,641,Blah blah blah... I hear it my sleep.
6644,5204,6,22,114,142,1.2394366197183098,0.04348422450636393,641,Am I awake?
7049,5204,4,26,112,142,1.2394366197183098,0.04112295635269635,641,Binge-watching. Counting these babies just wasn't working for me.
4345,5208,8,23,132,163,1.2392638036809815,0.041587045787783626,641,Thank you. They do shut up when I press Mute.
5228,5208,7,25,131,163,1.2392638036809815,0.040666226961894085,641,She wanted to see what I did for work.
8069,5208,6,27,130,163,1.2392638036809815,0.039724068941604546,641,"I'm confused. I thought you said ""til the cows come home""..."
3993,5208,7,25,131,163,1.2392638036809815,0.040666226961894085,641,"Yes, I'd like to order a dozen bales of alfalfa, half with extra cheese and 3 with pepperoni."
1195,5208,7,25,131,163,1.2392638036809815,0.040666226961894085,641,I don't know what I'm doing here either mom; the senators flew me in yesterday.
1414,5208,8,23,132,163,1.2392638036809815,0.041587045787783626,641,This insomnia is awful.
1957,5208,6,27,130,163,1.2392638036809815,0.039724068941604546,641,Of course I wiped my boots before I came in!
191,5215,7,19,112,138,1.2391304347826086,0.04548171568976626,641,Our work from home programs really stinks.
2354,5215,5,23,110,138,1.2391304347826086,0.04309307852185475,641,"The green roof is a plus, but the 'no dogs' policy is a problem."
5770,5215,6,21,111,138,1.2391304347826086,0.044303498047984134,641,No! On Wall Street?
7126,5215,10,13,115,138,1.2391304347826086,0.04884614652637111,641,"That’s right, boss, a wolf. I’m going to have to take a personal day."
4758,5219,6,26,127,159,1.2389937106918238,0.040358160363694384,641,"Yo Bo, I’ve found them but they’re not coming home without you!"
6471,5219,7,24,128,159,1.2389937106918238,0.0413327062245104,641,The reception here is baaaad
1216,5219,8,22,129,159,1.2389937106918238,0.04228479750148614,641,"Mr. Roberts, do you take them out to do their business all at once or one by one?"
2550,5219,6,26,127,159,1.2389937106918238,0.040358160363694384,641,I finished counting them but I am still wide awake.
3959,5219,5,28,126,159,1.2389937106918238,0.039359492019609005,641,"Yes, it took a lot of time, and I thank you. But it's just not working. Have anything with dramamine?"
4059,5219,9,20,130,159,1.2389937106918238,0.043215918313067196,641,No I ordered a sheep skin coat not sheep kin!
5498,5219,11,16,132,159,1.2389937106918238,0.04502042411441403,641,Little Bo Peep's Lost and Found--how can I help you?
6409,5219,7,24,128,159,1.2389937106918238,0.0413327062245104,641,So how are the wolves from Wall St doing on the job exchange?
6963,5219,4,30,125,159,1.2389937106918238,0.03833481597897213,641,I only realized when I got home that I have been fleeced.
5115,5228,5,17,91,113,1.238938053097345,0.04913013287439456,641,"‘Not ewe, you!”"
6956,5229,4,29,122,155,1.238709677419355,0.03892552584131375,641,"Bo-Peep here on the forty-fifth floor.  Yes, somehow they’re all back, tails and all ."
6725,5229,5,27,123,155,1.238709677419355,0.03998729476451437,641,"An acre of grass, and large pie."
5717,5229,6,25,124,155,1.238709677419355,0.04102159093874264,641,"But I already counted them, though."
2771,5229,6,25,124,155,1.238709677419355,0.04102159093874264,641,No !  I said flock .
676,5229,7,23,125,155,1.238709677419355,0.04203044258281022,641,I need ten large veggie pizzas with extra cud.
2318,5234,7,28,141,176,1.2386363636363635,0.03863636363636365,641,Maybe we should consider renting a condo in Sheepshead Bay.
7056,5234,6,30,140,176,1.2386363636363635,0.037786684560917196,641,"Man, my augmented reality is soooo immersive."
6930,5236,6,24,121,151,1.2384105960264902,0.04171659800800959,641,"Yes, We are Legit - No Black sheep here"
3523,5236,5,26,120,151,1.2384105960264902,0.0406444870629624,641,"If you can make it here, you can make it anywhere."
2723,5236,4,28,119,151,1.2384105960264902,0.03954331938344031,641,The difficulty taking the flock to the park will be the elevator.
5683,5236,2,32,117,151,1.2384105960264902,0.03724343789662364,641,Don't worry about it. I'll have them home in time for the shearing season.
664,5236,2,32,117,151,1.2384105960264902,0.03724343789662364,641,"I'm on the last episode and the flock is getting restless, can you come take them for a walk?"
1972,5236,5,26,120,151,1.2384105960264902,0.0406444870629624,641,"It said on airbnb that it had great views of the parade, NFL Ticket and it was pet friendly..."
3963,5242,10,21,141,172,1.2383720930232558,0.04173362395913673,641,"Damn it, Mary!"
4032,5243,6,28,134,168,1.2380952380952381,0.03890988107192088,641,I can't talk to you right now.  I am too busy counting sheep.
8148,5243,7,26,135,168,1.2380952380952381,0.039815384519815186,641,Is Mary back from Cancun yet?
7693,5243,7,26,135,168,1.2380952380952381,0.039815384519815186,641,"After she gave me the staff, Little Go Peep just walks out the door!"
5669,5243,2,26,98,126,1.2380952380952381,0.04129425407367391,641,I'm watching it now. Looks Baaad.
5477,5243,5,25,117,147,1.2380952380952381,0.04133335136970877,641,"In theory, it could have been a very successful business, however, there just doesn't seem to be a demand for mascots at mattress stores."
4227,5243,3,34,131,168,1.2380952380952381,0.036057188558481515,641,Still Searching for Black  Sheep.
2508,5243,10,20,138,168,1.2380952380952381,0.04241606821417886,641,They seem to know it's you.
766,5243,7,26,135,168,1.2380952380952381,0.039815384519815186,641,I've tried everything and the picture's still fuzzy.
1904,5243,5,25,117,147,1.2380952380952381,0.04133335136970877,641,We all seem to be sheep in the big city crowd.
878,5243,6,23,118,147,1.2380952380952381,0.042445658147416666,641,Wool I’m kinda penned in right now. Being a crook on the lamb in this sheep hotel is just a baaad situation
344,5243,5,30,133,168,1.2380952380952381,0.03798279670589456,641,I was on my way to Grandmother's house and  they just came along.
342,5243,7,26,135,168,1.2380952380952381,0.039815384519815186,641,I guess I must have lost count for a moment there.
2306,5243,9,22,137,168,1.2380952380952381,0.041567256865472406,641,Well I guess you were right when you said that grass was greener back home.
5688,5256,5,29,130,164,1.2378048780487805,0.03854957192485364,641,How do you want me to fall asleep with sheep with no fence?
6480,5256,5,29,130,164,1.2378048780487805,0.03854957192485364,641,"I'm gonna take the day off today, boss.   Feeling a little sheepish."
6173,5256,6,27,131,164,1.2378048780487805,0.039508052276424614,641,Hurry or you'll miss the Eweshour.
4770,5256,10,19,135,164,1.2378048780487805,0.043129490966456414,641,All say ' love you too'
6846,5256,9,21,134,164,1.2378048780487805,0.042253240017049686,641,Fake news keeping you up too?
2809,5256,5,29,130,164,1.2378048780487805,0.03854957192485364,641,He's giving a press conference. I know a crook when I see one.
2503,5256,5,29,130,164,1.2378048780487805,0.03854957192485364,641,"They like to watch the Rams play.""
Peter Klebnikov, New York, New Yor"
463,5256,7,25,132,164,1.2378048780487805,0.04044382392608217,641,"I keep counting them, but still can't sleep."
4634,5256,6,27,131,164,1.2378048780487805,0.039508052276424614,641,"The house swap is okay... It does have a gorgeous green view, next to a park, but it's on the 23rd floor. The sheep aren't thrilled."
425,5265,4,26,113,143,1.2377622377622377,0.04086868459206661,641,"If you sleep over, you can count them."
2709,5265,8,18,117,143,1.2377622377622377,0.04543370560766492,641,"You 'herd' me the first time? Real funny, pal."
5429,5265,7,20,116,143,1.2377622377622377,0.04433653740431731,641,"The traffic is so bad, I’m still on the south side of the living room."
7337,5265,6,22,115,143,1.2377622377622377,0.04321152037090217,641,Yes - I'd like 15 large Veggie-Lovers pizzas
9051,5269,7,24,129,160,1.2375,0.04110071614856033,641,"No, that was one order of yellow curry and 15 orders of weeds, with an 's,' but best of luck with... Yes, I've seen the research...."
8528,5269,4,30,126,160,1.2375,0.03812374340644888,641,"I thought they said "" pen house"" ."
8384,5269,8,22,130,160,1.2375,0.04204622718063757,641,A sheepdog?  Whatever for?
8177,5269,9,20,131,160,1.2375,0.042970938694972025,641,This is Mary
7716,5269,8,22,130,160,1.2375,0.04204622718063757,641,Not much; just Netflix and wool.
7598,5269,5,28,127,160,1.2375,0.03914123354624906,641,"How was I supposed to know that when you told me to ""count sheep"" to help me fall asleep you meant metaphorically?"
6740,5269,8,22,130,160,1.2375,0.04204622718063757,641,"Hail, Mary?"
6214,5269,8,22,130,160,1.2375,0.04204622718063757,641,I really like the ewe up here.
6764,5269,7,24,129,160,1.2375,0.04110071614856033,641,"I wanted to get away for a few days. Do you always have to follow me around like...oh,never mind."
4708,5269,4,30,126,160,1.2375,0.03812374340644888,641,"Marge, I’m desperate.  Which channel is Animal Planet?"
3376,5269,8,22,130,160,1.2375,0.04204622718063757,641,I used the Find Your Sheep app.
3197,5269,9,20,131,160,1.2375,0.042970938694972025,641,Wait - you mean to tell me that all of your Halloween costumes are shipped with extra accessories?
2619,5269,6,26,128,160,1.2375,0.040132935548290886,641,"Well, this way it's MUCH easier than herding cats."
2545,5269,8,22,130,160,1.2375,0.04204622718063757,641,"Don't worry Mom, the whole divorce went smoothly. I got most her assets among other items."
1112,5269,6,26,128,160,1.2375,0.040132935548290886,641,But the Central Park Sheep Meadow across the street was your big selling point!
5880,5269,8,22,130,160,1.2375,0.04204622718063757,641,"No, Mary, I have more than one little lamb"
3227,5285,6,21,112,139,1.2374100719424461,0.044017245050598064,641,Hello. May I speak with Little Bo Peep?
3404,5285,6,21,112,139,1.2374100719424461,0.044017245050598064,641,So far everything's been peaceful - but the lion hasn't arrrived yet.
2665,5287,10,22,145,177,1.2372881355932204,0.040869583779494116,641,"Hi Doc,  
Anything else for insomnia? The counting sheep are bahd."
717,5287,4,34,139,177,1.2372881355932204,0.03584849879677575,641,I need Babe and I need him NOW!
8798,5289,5,27,124,156,1.2371794871794872,0.039759595485652936,641,I asked for 11 woolen sweaters!
2226,5289,7,23,126,156,1.2371794871794872,0.041788173028505786,641,"I can't come help you sleep right now, I'm already booked for tonight."
3303,5289,5,27,124,156,1.2371794871794872,0.039759595485652936,641,Is this your idea of a sheep trick?
4141,5289,6,25,125,156,1.2371794871794872,0.04078649800021505,641,They ate the philodendron.
5714,5289,5,27,124,156,1.2371794871794872,0.039759595485652936,641,This ISN'T going to jeopardize their free range status!!
6106,5289,5,27,124,156,1.2371794871794872,0.039759595485652936,641,The TV is so HD that it's like I'm seeing it in real life!
6244,5289,6,25,125,156,1.2371794871794872,0.04078649800021505,641,I'm looking for a classic pre- war six stall.
6382,5289,5,27,124,156,1.2371794871794872,0.039759595485652936,641,"Martha, for the last time they don't want to see you."
7920,5297,8,16,111,135,1.237037037037037,0.04726623535557376,641,"They heard the latest episode of ""Sheeping Up With the Kardashirams"" was on TV and rushed in."
2283,5297,6,20,109,135,1.237037037037037,0.04486624973921271,641,"'The crook I ordered was supposed to come with the built-in flashlight"""
6994,5297,5,22,108,135,1.237037037037037,0.04361676336166934,641,"Nothing, hanging out with my fur babies.  You?"
905,5297,5,22,108,135,1.237037037037037,0.04361676336166934,641,...and Mussolini said they can’t be trusted with their own freedom.
330,5301,6,29,138,173,1.2369942196531791,0.03813928888572191,641,My flock likes to stay on the Upper East Side these days.
952,5301,8,25,140,173,1.2369942196531791,0.03986266457425957,641,Oh nothing...How about ewe?
3504,5301,4,33,136,173,1.2369942196531791,0.036334263257387964,641,"The first date went well, but she’s kind of a goat herder."
7560,5301,8,25,140,173,1.2369942196531791,0.03986266457425957,641,Bad news...they figured out how to bribe the doorman.
8425,5305,5,26,121,152,1.236842105263158,0.04040665771332917,641,we're hiding from the big bad wolf
7149,5305,6,24,122,152,1.236842105263158,0.0414709098441645,641,I left them alone but they won’t go home.
6825,5305,6,24,122,152,1.236842105263158,0.0414709098441645,641,"I'm feeling a little sheepish asking you this, but..."
6704,5305,8,20,124,152,1.236842105263158,0.04352140984370994,641,I'd like to order twelve salads and one lamb chop.
5168,5305,8,20,124,152,1.236842105263158,0.04352140984370994,641,"The view is amazing, but I’m seriously rethinking the ‘Urban Sheppard’ experience.”"
4071,5305,5,26,121,152,1.236842105263158,0.04040665771332917,641,"One Shepherd’s Pie, extra cheese, and a Diet Coke."
4291,5305,7,22,123,152,1.236842105263158,0.04250852548658324,641,"I can get them to NYC, but I can't get them to watch the same show."
8846,5305,6,24,122,152,1.236842105263158,0.0414709098441645,641,Did you jiggle the handle?
775,5305,7,22,123,152,1.236842105263158,0.04250852548658324,641,But they're not pets.
152,5305,3,30,119,152,1.236842105263158,0.038189281691081746,641,This really doesn't help with my insomnia
4635,5305,4,28,120,152,1.236842105263158,0.03931360593765812,641,I asked for 99!
4179,5316,8,24,137,169,1.2366863905325445,0.04048371948508011,641,"Nice chatting, but I've got to get the flock outta here."
2802,5316,7,26,136,169,1.2366863905325445,0.039604155908338316,641,"Yeah, the landlord wore wool clothing. Why do you ask?"
1524,5316,5,30,134,169,1.2366863905325445,0.03778365266808646,641,"Don't tell me I'm sheepish, I know sheepish when I see it"""
1043,5319,2,27,102,131,1.2366412213740459,0.040304275862654476,641,"I'm so glad that your all Ram's fans too!"""
1228,5320,5,34,147,186,1.2365591397849462,0.03559246458583443,641,That's what ewe said!
1322,5320,8,28,150,186,1.2365591397849462,0.03796302742929333,641,"Ms Peep, send the finder's money to my PayPal account then I'll get your stinking sheep back to you."
440,5322,7,21,120,148,1.2364864864864864,0.043264352955627354,641,"...right, and do you have any ivy?"
674,5322,5,25,118,148,1.2364864864864864,0.04108463106752489,641,Hello? I need to get the flock outta here!
1558,5322,4,27,117,148,1.2364864864864864,0.03995019707832988,641,"Bo, missing something?"
1601,5322,4,27,117,148,1.2364864864864864,0.03995019707832988,641,"We were being stalked by a wolf, so I brought them home with me."
5103,5322,8,19,121,148,1.2364864864864864,0.044314025996588666,641,What can I say?  These retaliatory tariffs on wool are messing up my life.
5320,5322,6,23,119,148,1.2364864864864864,0.04218857159601243,641,I'm a nativity New Yorker.
5525,5322,6,23,119,148,1.2364864864864864,0.04218857159601243,641,Room service? Party here in 524. Send up a fifth of Woolite.
5981,5322,7,21,120,148,1.2364864864864864,0.043264352955627354,641,"Yes, your order for a sleep-aid is ready to be picked up."
8854,5322,10,15,123,148,1.2364864864864864,0.04634209993883322,641,It was easy I changed my ring tone to baaà
8903,5322,5,25,118,148,1.2364864864864864,0.04108463106752489,641,Come on over! It's lamb for dinner!
6334,5322,6,23,119,148,1.2364864864864864,0.04218857159601243,641,I'm gonna have to call you baaaack.
4556,5333,8,23,134,165,1.2363636363636363,0.04113226470331693,641,Is this the residence of Little Bo Peep?
3023,5333,7,25,133,165,1.2363636363636363,0.0402237910895572,641,"The picture is terrible. No, I can't be here between noon and 5."
2864,5333,6,27,132,165,1.2363636363636363,0.03929431943180782,641,Room Service? Another 14 bales of hay.
6072,5336,9,25,148,182,1.2362637362637363,0.03928534809685861,641,The meta-pastoral studies program here just isn't theoretical enough for me.
302,5337,6,22,116,144,1.2361111111111112,0.04294214579750938,641,"I'm telling you, Mom, sheep-hoarding might be my calling."
1697,5337,6,22,116,144,1.2361111111111112,0.04294214579750938,641,"Mom, I haven't been 'little' for some time and I know exactly where to find them."
2980,5337,6,22,116,144,1.2361111111111112,0.04294214579750938,641,I was just trying to take a nap
6484,5337,4,26,114,144,1.2361111111111112,0.040617455501845,641,"Okay, so I'm an overachiever. I still can't sleep!"
6521,5337,6,22,116,144,1.2361111111111112,0.04294214579750938,641,"I don’t know, Bo. I guess they followed you here last night."
7407,5337,4,26,114,144,1.2361111111111112,0.040617455501845,641,"No, I haven't met with the owners to show them their new organic wool carpet"
7413,5337,6,22,116,144,1.2361111111111112,0.04294214579750938,641,"Even if it's bad, they'll watch. It's like they think they're supposed to."
5847,5344,7,24,130,161,1.236024844720497,0.04087126428909839,641,One for the Master. One for the mill. Not so sure I owe a whole bag to the little boy who lives on the hill.
8997,5344,5,28,128,161,1.236024844720497,0.0389253226253006,641,"Elevation's good, but they're a little confused."
8712,5344,10,18,133,161,1.236024844720497,0.04362773772782304,641,"It's still saying ""No HDMI Input Source."""
5510,5344,5,28,128,161,1.236024844720497,0.0389253226253006,641,"""Sounds like a plan.  You know, I've been trying to get the flock out of  this town for years."
3577,5344,1,36,124,161,1.236024844720497,0.0347076610458348,641,Sheep yoga is the new thing.
679,5344,7,24,130,161,1.236024844720497,0.04087126428909839,641,Mary...Mary? Can you hear me now?
4302,5344,8,22,131,161,1.236024844720497,0.041810285769677824,641,Circe?... she just left.
8149,5351,7,15,101,123,1.2357723577235773,0.04909048948562143,641,My staff agrees that I am the best leader since the beginning of time.
169,5352,7,19,114,140,1.2357142857142858,0.044894205072559736,641,Is this the Bo-Peep residence?
2018,5352,4,25,111,140,1.2357142857142858,0.041317851835987615,641,"This costume is so convincing, I attracted TWELVE sheep on my walk home!"
5300,5352,6,21,113,140,1.2357142857142858,0.04373459415815174,641,"What do you mean, the Wool Network costs extra?"""
7112,5352,5,23,112,140,1.2357142857142858,0.04254338730354498,641,I think my Google GPS needs attention.
4190,5356,6,25,126,157,1.2356687898089171,0.04055402635311177,641,"It’s a nice enough Airbnb, but we can’t decide between Shetland and Black-ish."
2675,5356,4,29,124,157,1.2356687898089171,0.0384877957123121,641,"The bulls and the bears haven't been able to get out of a narrow trading range.  So, I am advocating diversity to shake things up."
4065,5358,8,25,141,174,1.235632183908046,0.03965630381652937,641,"Hello, Air bnb? We're really not happy - the ad said unobstructed views!"
3678,5358,6,29,139,174,1.235632183908046,0.03794391777713952,641,"No, no, I think you have the wrong number.  This isn't the Good Shepherd, this is Dan the Barely Passible Shepherd."
678,5358,8,25,141,174,1.235632183908046,0.03965630381652937,641,"Fifty pounds of grass, and a side of curds and whey."
5723,5361,5,26,122,153,1.2352941176470589,0.04017152966801222,641,"So I’m like, you know where you can put your meadow......"
5918,5361,5,26,122,153,1.2352941176470589,0.04017152966801222,641,The Global Warning made them nervous so we moved to higher ground.
5940,5361,5,26,122,153,1.2352941176470589,0.04017152966801222,641,"Hi, is this Little Bo Peep?"
4425,5361,3,22,94,119,1.2352941176470589,0.04418287918231217,641,"Well, they don't mind housesitting, but I’m getting claustrophobic."
8557,5361,9,14,113,136,1.2352941176470589,0.04809587161956923,641,You won't believe what I herd.
8847,5361,6,24,123,153,1.2352941176470589,0.04122803788532132,641,We're fine. How's ewes doin'
7373,5361,6,24,123,153,1.2352941176470589,0.04122803788532132,641,I know where Little Bo Peep lost her sheep.
4285,5361,7,22,124,153,1.2352941176470589,0.04225814027946561,641,"About the poop, Bo Peep . . ."
9053,5361,5,22,109,136,1.2352941176470589,0.04332993214109077,641,I think we need a recount
2266,5361,6,24,123,153,1.2352941176470589,0.04122803788532132,641,"Nope, not opposed to occasional business travel.  And that would be a big yes, I do see myself as more of a leader-type."
1889,5361,3,26,107,136,1.2352941176470589,0.040738410567967114,641,"It started with the bees on the roof, and it's been all downhill from there."
1850,5361,4,28,121,153,1.2352941176470589,0.03908647443633772,641,"Yes, hello Ms. Bo Peep. I'm calling about the sheep..."
1335,5361,4,24,108,136,1.2352941176470589,0.04205413841083768,641,Just tell Little Bo that she must have lost them.
587,5361,5,26,122,153,1.2352941176470589,0.04017152966801222,641,"Oh, hey doc. I was wondering if you could prescribe 
something a wee bit stronger please?"
3454,5361,5,22,109,136,1.2352941176470589,0.04332993214109077,641,I guess this is what happens when you take your work home.
1529,5361,9,18,126,153,1.2352941176470589,0.044246457981289324,641,"I'm not sure what happened, but they keep asking for Hannity."
8848,5377,8,23,135,166,1.2349397590361446,0.04090851662302249,641,"Yes, I herd ewes"
6052,5377,9,21,136,166,1.2349397590361446,0.04179145944357401,641,"Mary isn't here, this is her cousin, Lary."
2828,5377,6,27,133,166,1.2349397590361446,0.03908283551689334,641,"Yeah, the couch is fine. I can get plenty of sheep anywhere."
2241,5377,9,21,136,166,1.2349397590361446,0.04179145944357401,641,I'm calling to report the audience survey figures.
2243,5377,4,31,131,166,1.2349397590361446,0.03716758442224853,641,We’re binge herding.
4648,5382,6,23,120,149,1.2348993288590604,0.04193451675354549,641,I'd like to cancel my Netflox subscription.
7420,5382,7,21,121,149,1.2348993288590604,0.043002307111602654,641,"Yes, Mom, I'm still very sheepish when dealing with my work staff."
7275,5382,7,21,121,149,1.2348993288590604,0.043002307111602654,641,"Yes, yes, I got the new sheep sofa."
6264,5382,4,27,118,149,1.2348993288590604,0.03971289780687098,641,"Room service? Yes, I can't find Sheepflix...and the flock is getting restless."
4581,5382,5,25,119,149,1.2348993288590604,0.04083881699787816,641,"I'm really not sure you're going to like ""The Silence of the Lambs."""
2403,5382,6,23,120,149,1.2348993288590604,0.04193451675354549,641,"Oh yeah we're doing great- they're loving the fresh, um. . . country air."
2816,5382,8,19,122,149,1.2348993288590604,0.04404421799155704,641,"Yes, doc I tried it, but frankly I don't see how this is supposed to put me to sleep…"
1769,5382,9,17,123,149,1.2348993288590604,0.045062044561415555,641,"Life in the big  city? Well you know, it really separates the sheep from the goats."
743,5382,7,21,121,149,1.2348993288590604,0.043002307111602654,641,"Wow, I slept unbelievably well.  Counting sheep really works!"
3034,5382,9,17,123,149,1.2348993288590604,0.045062044561415555,641,"No, sorry, I can't go out... yes, well, it works better than melatonin."
5242,5392,7,17,108,132,1.2348484848484849,0.04670479649701895,641,They said this wasn't a baa-ed neighborhood.
633,5393,6,30,143,179,1.23463687150838,0.03722249502459677,641,"Yeah, I really should have thought about the sheep before I signed the lease on a fifth floor walk-up."
2965,5394,10,18,134,162,1.2345679012345678,0.043382066239778326,641,"If I had watched the news earlier I would've ran for president too, it seems I have the required skillset."
3719,5394,6,26,130,162,1.2345679012345678,0.039689781138555175,641,"Relax!  I'm watching, I'm watching!"
7372,5394,6,26,130,162,1.2345679012345678,0.039689781138555175,641,"The cane is no longer fooling them, it's only a matter of time now."
4633,5397,6,22,117,145,1.2344827586206897,0.04267604187525741,641,"Yes, I am looking for a field where sheep may safely graze."
6708,5397,6,22,117,145,1.2344827586206897,0.04267604187525741,641,Shepherding ain't what it used to be. I know.
6026,5397,7,20,118,145,1.2344827586206897,0.04378390104538141,641,"No, turns out there were plenty of rooms at the inn."
3421,5397,7,20,118,145,1.2344827586206897,0.04378390104538141,641,I did leave them alone never thinking they could trace me.
4487,5397,5,24,116,145,1.2344827586206897,0.04153864597607507,641,"I got bombed in the Whiffenpoof  Bar last night and you'll never believe where I wound up this morning, and with whom."
395,5397,4,26,115,145,1.2344827586206897,0.04036921684789872,641,I'm watching Baaaack to the Future.
213,5397,7,20,118,145,1.2344827586206897,0.04378390104538141,641,"Little Bo-Peep, get your ass over here."
2586,5397,5,24,116,145,1.2344827586206897,0.04153864597607507,641,Being an urban farmer just wasn't enough for me.
249,5397,8,18,119,145,1.2344827586206897,0.04486441163511205,641,"They weren't too happy about the wool couch, but otherwise they feel like they may safely graze."
5887,5406,6,18,104,128,1.234375,0.04638026319434138,641,"Stacy, I' m not lying! I have sheep! 11.....no 12 of them, and a cane. Stacy I have a cane."
7531,5407,10,21,144,175,1.2342857142857142,0.041083153177641975,641,"Add seven, no make that eight, wait ELEVEN egg rolls with that please."
8667,5407,5,31,139,175,1.2342857142857142,0.03687028953044232,641,Bopeep? I found your sheep.
1078,5409,4,29,125,158,1.2341772151898733,0.03827250251606237,641,"Even with the one bedroom, it hasn't been baaaaahd."
2186,5409,6,25,127,158,1.2341772151898733,0.040324133704382245,641,It is the final episode of Lassie
2259,5409,4,29,125,158,1.2341772151898733,0.03827250251606237,641,You told me to count sheep to get to sleep!
5175,5409,9,19,130,158,1.2341772151898733,0.043219355898245854,641,I only have eyes for ewe
6318,5409,7,23,128,158,1.2341772151898733,0.04131175878720662,641,"Yup, left the black sheep in Times Square.”"
6527,5409,7,23,128,158,1.2341772151898733,0.04131175878720662,641,"No, nothing special. Just sitting around shooing the sheep."
9056,5409,7,23,128,158,1.2341772151898733,0.04131175878720662,641,Auckland is wonderful.
454,5409,6,25,127,158,1.2341772151898733,0.040324133704382245,641,You were right. They just needed some time alone.
8112,5417,5,23,113,141,1.2340425531914894,0.042273651224804754,641,Okay.... which one of you called me dad?
6833,5417,8,17,116,141,1.2340425531914894,0.045727595122175314,641,It started raining!
5018,5417,4,25,112,141,1.2340425531914894,0.041057818564589114,641,"Hello Peep, I found your sheep!"
4308,5417,5,23,113,141,1.2340425531914894,0.042273651224804754,641,Hello BoPeep they’re here.
1305,5417,5,23,113,141,1.2340425531914894,0.042273651224804754,641,"Batteries not included? What do you take me for, a goat herder?"
3493,5422,3,34,134,171,1.2339181286549707,0.035503782486126664,641,"Okay, one more bedtime story before you get to sleep”"
5078,5422,4,32,135,171,1.2339181286549707,0.03645981377388806,641,"Well, you know how my wife gets when work follows me on vacation."
5894,5422,6,28,137,171,1.2339181286549707,0.038300351429659284,641,Room service...? I’d like a bushel of grass... and a hamburger.
8273,5422,6,28,137,171,1.2339181286549707,0.038300351429659284,641,This AirBNBaa is ok - but it's a little far afield.
9038,5422,7,26,138,171,1.2339181286549707,0.03918821722456645,641,"I used ''shepard"" figure-of-speechly, not matter-of-factly."
2416,5427,5,26,123,154,1.2337662337662338,0.039939058695599196,641,"No, my name is NOT Mary!"
8284,5427,7,22,125,154,1.2337662337662338,0.04201063300091712,641,We took a wrong ewe turn.
2072,5427,3,30,121,154,1.2337662337662338,0.03775398699267786,641,No. I did not open the sofa bed first. Would that help?
4079,5427,4,28,122,154,1.2337662337662338,0.03886188327483504,641,Hello? Uber?
4567,5427,5,26,123,154,1.2337662337662338,0.039939058695599196,641,"Why the guests? Well, I don't know. All I remember last night was that I couldn't sleep."
5744,5427,6,24,124,154,1.2337662337662338,0.04098793538730796,641,Fake News.  I know exactly where they are; right here with me; where they belong.  I have never lost a sheep in my life.
7107,5427,5,26,123,154,1.2337662337662338,0.039939058695599196,641,"Hello? Yes, I seem to have a fuzzy connection."
8204,5427,6,24,124,154,1.2337662337662338,0.04098793538730796,641,"Tonight, I'm trying a new all-natural sleep aid."
8255,5427,6,24,124,154,1.2337662337662338,0.04098793538730796,641,I'd like to order a bale of grass edibles.
8223,5436,5,22,110,137,1.2335766423357664,0.04304676793401593,641,"and of course, the cow is NOT in the corn"
2707,5436,6,20,111,137,1.2335766423357664,0.044276025527601244,641,Mary has a little lamb-hoarding problem and needs help.
3350,5436,6,20,111,137,1.2335766423357664,0.044276025527601244,641,I get it but they are not lambs.
1351,5436,5,22,110,137,1.2335766423357664,0.04304676793401593,641,"Yeah, I found the place on AirBaa-n-Baa."
1721,5436,8,16,113,137,1.2335766423357664,0.046637440436116846,641,"Somebody's putting up condos where they used to graze, but I found a pretty nice AirBnB."
2616,5441,5,29,133,167,1.2335329341317365,0.037934275940574406,641,"Sorry, guys. I've found something more helpful to get sleeping..."
3422,5441,9,21,137,167,1.2335329341317365,0.041564272623330296,641,"When I said you are the black sheep of the family, I was not being literal."
3874,5441,6,27,134,167,1.2335329341317365,0.03887356631476411,641,Have you seen my dog?
4424,5441,9,21,137,167,1.2335329341317365,0.041564272623330296,641,"The cows may be in the corn, but the sheep are definitely not in the meadow."
4855,5441,9,21,137,167,1.2335329341317365,0.041564272623330296,641,Bo Peep? How much longer?
5825,5441,5,29,133,167,1.2335329341317365,0.037934275940574406,641,My doctor says the best way to cure my insomnia is to count sheep.
8085,5447,8,19,123,150,1.2333333333333334,0.043777622578526236,641,Now? I’m watchin’ t.v. like the rest of ewe’s guys.
7983,5447,7,21,122,150,1.2333333333333334,0.04274335948442652,641,"There's some discontent, but we're wintering in town."
7799,5447,6,23,121,150,1.2333333333333334,0.041683441813290076,641,I have been counting sheep and still cannot sleep
7078,5447,7,21,122,150,1.2333333333333334,0.04274335948442652,641,"Yeah, QVC? I’ll take a couple of those Grandmaster Shearers."
5854,5447,7,21,122,150,1.2333333333333334,0.04274335948442652,641,...then he says he can’t sleep since I threw him out”
5230,5447,6,23,121,150,1.2333333333333334,0.041683441813290076,641,"Oh, heard of sheep. That's not what I thought you meant."
6715,5447,8,19,123,150,1.2333333333333334,0.043777622578526236,641,Is this 1-800-BoPeep?
2838,5447,7,21,122,150,1.2333333333333334,0.04274335948442652,641,"They really pulled the wool over my eyes with this ""organic"" holiday sale."
2777,5447,5,25,120,150,1.2333333333333334,0.04059586016811276,641,"Oh, it's on the 4th moor not the floor?"
2395,5447,7,21,122,150,1.2333333333333334,0.04274335948442652,641,Yo. David here.
5141,5447,6,30,144,180,1.2333333333333334,0.03703807157669554,641,Like I said when I checked in—because I can’t sleep without counting them.
8812,5458,7,24,132,163,1.2331288343558282,0.040419814806744635,641,"Is the wool free range? Well, they have 1 & 1/2 baths, which is quite uncommon in this zip code."
4840,5458,7,24,132,163,1.2331288343558282,0.040419814806744635,641,"No, you did not wake me up."
7180,5458,5,28,130,163,1.2331288343558282,0.03850039876330727,641,I'm starting to rethink this cane...
4743,5458,7,24,132,163,1.2331288343558282,0.040419814806744635,641,Trump has his problems I have mine.
370,5462,6,19,108,133,1.2330827067669172,0.045141253262205396,641,Are we having a field day today?
6233,5462,3,25,105,133,1.2330827067669172,0.04118214718083957,641,I just got back from the park.
7146,5462,4,23,106,133,1.2330827067669172,0.04254280683002801,641,Mary had a hi-rise condo too
2227,5465,5,31,140,176,1.2329545454545454,0.03668436078025569,641,"GrunbHub? Can you bring 3 bales mixed clover, 1 each rye grass and fescue to 49 Country Lane ASAP?"
5102,5465,6,29,141,176,1.2329545454545454,0.03755898548671179,641,"Could you please deliver a hamburger, sweet tea, and three hundred blades of grass?"
8929,5467,8,18,120,146,1.2328767123287672,0.04458499749835465,641,We're moving on up; we finally got a piece of the shepherd's pie.
7343,5467,5,24,117,146,1.2328767123287672,0.04128440465913986,641,"So, I've taken the ""farm"" out of ""farm to table"""
3108,5467,2,30,114,146,1.2328767123287672,0.0376959166779497,641,The ewes keep standing in front of the news
4485,5467,6,22,118,146,1.2328767123287672,0.04241315101886642,641,"I don't know how they got here either,Bo-Peep!"
3093,5467,8,18,120,146,1.2328767123287672,0.04458499749835465,641,"We stay until Friday, just in case they have another turkey shortage this year."
6543,5467,3,28,115,146,1.2328767123287672,0.03892885106807658,641,"Yes, I’m aware the ad said, “dog walker”..."
712,5467,3,28,115,146,1.2328767123287672,0.03892885106807658,641,I tried to lose them!
297,5467,4,26,116,146,1.2328767123287672,0.0401239175152433,641,"So I DID tell the guy down at the deli that I wanted lamb and,well,he called my bluff."
2451,5467,5,24,117,146,1.2328767123287672,0.04128440465913986,641,Don't call me when I'm at the office.
8697,5476,8,21,130,159,1.2327044025157232,0.042035397559610596,641,"Ms. Peep? Yeah, it looks like they came back to your old home again. Yup, waggin’ their tails behind ‘em. They’re yours."
7335,5476,7,23,129,159,1.2327044025157232,0.041077526119455005,641,Call me Baa Baa Back
6392,5476,7,23,129,159,1.2327044025157232,0.041077526119455005,641,"Hey, Little Bo-Peep, I found your sheep"
5668,5476,6,25,128,159,1.2327044025157232,0.04009677862615026,641,I gotta get off  these pills...
5227,5476,8,21,130,159,1.2327044025157232,0.042035397559610596,641,"Bo, found them in Sheep's Meadow: of all places!"
2438,5476,6,25,128,159,1.2327044025157232,0.04009677862615026,641,Remember what you told me to do for my insomnia?   I followed your directions..  What do I do now?
2158,5476,7,23,129,159,1.2327044025157232,0.041077526119455005,641,"You know;  Sheep in, sheep out."
4101,5476,7,23,129,159,1.2327044025157232,0.041077526119455005,641,"Thanks for taking my call, Dr. Phil.  About your tips on insomnia..."
7223,5484,5,30,137,172,1.2325581395348837,0.03719825077276718,641,Yeah...I’m calling for a wolf exterminator.
7279,5484,6,28,138,172,1.2325581395348837,0.03810130334461048,641,"'Join the gig economy,' they said. 'They're the jobs of the future,' they said."
2167,5486,8,27,150,185,1.2324324324324325,0.03794261136131186,641,I think I took a wrong turn.
7775,5486,5,33,147,185,1.2324324324324325,0.035544036590883586,641,We're up here on Brokeback Couch. Where are you?
5467,5486,8,27,150,185,1.2324324324324325,0.03794261136131186,641,No idea where Bo’Peep is but I have her sheep if you see her
978,5489,5,23,114,142,1.232394366197183,0.04200724017029981,641,"I don't know, we have become very attached to the new situation."
8378,5489,9,15,118,142,1.232394366197183,0.04652062671754794,641,"I'm telling ewe, that 3-D printer has changed my life!"
5839,5491,7,22,126,155,1.232258064516129,0.041765955550451435,641,"I've go this terrific job house sitting for Sam Sephard."""
66,5491,7,22,126,155,1.232258064516129,0.041765955550451435,641,"I'm going to move! My flat mates make too much mess."""
3096,5491,4,28,123,155,1.232258064516129,0.038639791683679696,641,"Hello, is this the Ace Carpet Cleaning Company?"
3388,5491,6,24,125,155,1.232258064516129,0.040750556591056655,641,Can't make it.  You didn't mention that there's wolves on Wall Street.
4367,5491,6,24,125,155,1.232258064516129,0.040750556591056655,641,Can I have the number of a Little Bo-Peep?
4541,5491,7,22,126,155,1.232258064516129,0.041765955550451435,641,I dunno...Peep threw me her staff and yelled 'quit calling me Little!'
4894,5491,6,24,125,155,1.232258064516129,0.040750556591056655,641,Well I couldn't have some wannabe sheep herder saying I'd lost them again.
8803,5498,6,27,135,168,1.2321428571428572,0.03866647826749492,641,"No, Boy Blue's in the meadow, fast asleep.  I'm Boy Red, and I'm awake in Bensonhurst."
6655,5498,7,25,136,168,1.2321428571428572,0.03957755097325211,641,"Mary, it's Harry.  I think your lambs are confused."
5447,5498,4,31,133,168,1.2321428571428572,0.03677668477107789,641,You wouldn't believe the gig I got with the shepherd-sharing app.
2839,5498,8,23,137,168,1.2321428571428572,0.040468117580017,641,Six months ago this was all scrubby Outback.
2457,5498,3,33,132,168,1.2321428571428572,0.035794392624006355,641,Wait...it’s ‘until the cow come home’?
964,5498,6,27,135,168,1.2321428571428572,0.03866647826749492,641,YES    we guarantee  no sleep problems but you  must take the lot
907,5504,5,35,154,194,1.231958762886598,0.03449865109319827,641,Please tell BoPeep to stop shopping and get back to the hotel now!!
8511,5505,4,24,110,138,1.2318840579710144,0.04151201181565335,641,"I got them in the village, at the artisinal sheep shop."
7153,5505,6,20,112,138,1.2318840579710144,0.04398659080420913,641,I'm sheeping a lot these days.
1829,5505,7,18,113,138,1.2318840579710144,0.04517307487180755,641,"He is white and wooly, Yes, I said white and wooly - last seen on the Q train Express."
7870,5508,9,17,125,151,1.2317880794701987,0.04451723738800216,641,I signed up for this app where they message me if they need a shepherd for a few hours.
8590,5508,7,21,123,151,1.2317880794701987,0.04248745677442501,641,"Yeah, Bo Peep? You’re gonna need more than one Uber."
4733,5508,5,25,121,151,1.2317880794701987,0.04035571262730383,641,David couldn’t sleep with the knowledge that each time he counted one or two went missing.
4377,5508,6,23,122,151,1.2317880794701987,0.04143529609412827,641,"The transition to city life has been tough, but we've become big fans of Los Angeles football."
4788,5508,6,23,122,151,1.2317880794701987,0.04143529609412827,641,"Yeah...I did fall asleep in a hurry, but when I woke up, they'd all jumped back over."
3400,5508,7,21,123,151,1.2317880794701987,0.04248745677442501,641,"chillin, ewe?"
665,5508,5,25,121,151,1.2317880794701987,0.04035571262730383,641,I have a little lamb problem.
3983,5508,8,19,124,151,1.2317880794701987,0.04351418393936839,641,"But when I signed the lease, I told you I needed green space for my flock."
8098,5516,9,20,135,164,1.2317073170731707,0.04201775361326334,641,Peep wants a divorce.
8031,5516,4,30,130,164,1.2317073170731707,0.037301583388225264,641,They're looking for a lone wolf.
6275,5516,5,28,131,164,1.2317073170731707,0.03829131523408356,641,Bo Peep with two Es
6538,5516,9,20,135,164,1.2317073170731707,0.04201775361326334,641,Sominex  worked better!
1118,5516,9,20,135,164,1.2317073170731707,0.04201775361326334,641,Airbnb is cheaper than pasture land!
5049,5516,4,30,130,164,1.2317073170731707,0.037301583388225264,641,"Hello, Mary, we have an interesting problem with your promiscuous little lamb."
6181,5522,5,21,108,134,1.2313432835820894,0.043567459954432904,641,I'm house sitting for Little Bo Peep.
64,5522,7,17,110,134,1.2313432835820894,0.04607130634298544,641,"Welcome to Livelamb, your fresh delivery service, you’re speaking with Abraham."
3241,5522,6,19,109,134,1.2313432835820894,0.044836864492459355,641,"No, I haven't lost any; I've found a dozen."
6115,5522,7,17,110,134,1.2313432835820894,0.04607130634298544,641,This is Bo Peep reporting ... I've finally found them
1872,5526,5,24,118,147,1.2312925170068028,0.04103318899494187,641,Have you heard of method acting? The Nativity play is going to be a masterpiece.
8585,5526,6,22,119,147,1.2312925170068028,0.042153416933982606,641,"No you've got the wrong number, this isn't the ""good Shepherd,"" this is actually the ""meh Shepherd."" I work out of New York City"
1789,5526,5,24,118,147,1.2312925170068028,0.04103318899494187,641,The cows are in the corn ?
1042,5526,5,24,118,147,1.2312925170068028,0.04103318899494187,641,Greener pastures did not mean Park Avenue and satellite TV.
7687,5526,7,20,120,147,1.2312925170068028,0.04324463572890544,641,"Mary, which one's yours?"
548,5526,5,24,118,147,1.2312925170068028,0.04103318899494187,641,I'd like to order a dozen grass and clover pizzas for delivery please.
3635,5532,5,27,128,160,1.23125,0.038873560358790825,641,"I tried hanging out in Central Park, but they didn't want to miss Survivor."
3911,5532,7,23,130,160,1.23125,0.04084588595404767,641,"Doc, it didn't work their bleating kept me awake."
6493,5532,7,23,130,160,1.23125,0.04084588595404767,641,I . said: Where are my peeps?
6578,5532,7,23,130,160,1.23125,0.04084588595404767,641,"Well, if we check out first thing in the morning and catch the earliest train, we should be out to pasture by breakfast time. And, until then, I shouldn't have any trouble getting to sleep."
8654,5532,5,27,128,160,1.23125,0.038873560358790825,641,So I started counting sheep like you told me to...
7956,5537,9,22,142,173,1.23121387283237,0.04047682804070952,641,It's really not as hard as you said it would be
2565,5537,4,32,137,173,1.23121387283237,0.03608748997379457,641,I decided to try taking a staycation.
3261,5537,12,16,145,173,1.23121387283237,0.04289537986327007,641,"Mom, we have a problem.  They are saying none of the sheep is Merino enough for the winter collection."
8525,5537,6,28,139,173,1.23121387283237,0.037904268926601155,641,Text Senator Peep we found 'em
5381,5541,6,24,126,156,1.2307692307692308,0.04051585669853265,641,No! I'm the Jesus of  59th street.
6046,5541,5,23,115,143,1.2307692307692308,0.041744094870360064,641,Are you sure they're not wolves in sheep's clothing?
6496,5541,9,18,129,156,1.2307692307692308,0.043470376140912446,641,How about I bring in lamb kebobs to the holiday party tomorrow?
7611,5541,8,20,128,156,1.2307692307692308,0.04250835936487808,641,"Yeah, I'm just with the guys."
7852,5541,6,21,116,143,1.2307692307692308,0.04290760437014815,641,""" Have Ms. Bo Peep try the Old Sheppard  Arms, room 307."""
8009,5541,9,18,129,156,1.2307692307692308,0.043470376140912446,641,"Mary, honey, this is your dad.  You've got to get back here right away.  Your in-laws are looking for you ."
8725,5541,7,19,117,143,1.2307692307692308,0.04404038565935466,641,Can ewe hear me?
8175,5541,4,25,114,143,1.2307692307692308,0.04054721199177677,641,"I know it's daylight, but I'm still counting"
8295,5541,6,27,136,169,1.2307692307692308,0.038461538461538464,641,"Room service, send up a hamburger, coffee, and a bale of clover.”"
9014,5541,4,22,104,130,1.2307692307692308,0.04304795004868802,641,"Hi, is this the number for the Shears catalog?"
5354,5541,10,19,140,169,1.2307692307692308,0.041964978891537,641,"The TV is set to watch ""Sheep May Safely Gaze"", but a lot of them still seem anxious."
8733,5541,8,23,138,169,1.2307692307692308,0.0402513937286372,641,"Hi Little Bo, I found them."
8105,5541,8,23,138,169,1.2307692307692308,0.0402513937286372,641,I've secured the sheep
5272,5541,6,24,126,156,1.2307692307692308,0.04051585669853265,641,I wanted them to feel more comfortable at work. So I told them not to think of me as their shepherd but as their friend...
3439,5541,8,14,108,130,1.2307692307692308,0.04827181725294577,641,Is that AirBaaNBaa?
4913,5541,5,23,115,143,1.2307692307692308,0.041744094870360064,641,I got the sheep rate online.
4960,5541,8,23,138,169,1.2307692307692308,0.0402513937286372,641,Just 'till Tuesday.  She needs 'em for her yoga class.
601,5541,6,21,116,143,1.2307692307692308,0.04290760437014815,641,It's a living!
1229,5541,6,24,126,156,1.2307692307692308,0.04051585669853265,641,"No,I'm not the Shepherd of the Hills, I'm the Shepherd of Murray Hill"
3379,5541,10,19,140,169,1.2307692307692308,0.041964978891537,641,"Don't worry Donald, they're still with us... so far."
2604,5541,7,19,117,143,1.2307692307692308,0.04404038565935466,641,Joel Trubetki was 43 and living with his brother downtown when he decided Literalism was the New Surrealism.
4528,5541,6,24,126,156,1.2307692307692308,0.04051585669853265,641,Counted the sheep but still no sleep.
4568,5541,6,21,116,143,1.2307692307692308,0.04290760437014815,641,"Listen, were safe here, Little Bo Peep will never think of looking for them at my mom's apartment."
4699,5541,7,22,127,156,1.2307692307692308,0.04152406085578367,641,"Yo, Peep! I think your wait is over."
4862,5541,5,23,115,143,1.2307692307692308,0.041744094870360064,641,You didn’t mention Dolly had sisters.
4074,5541,4,28,124,156,1.2307692307692308,0.038420159709954986,641,Send up the barber and make it snappy.
5444,5567,3,32,130,165,1.2303030303030302,0.036091616222951366,641,"Sorry, Bo-Peep can't come to the phone right now.  She's fast asleep after counting too many sheep last night."
2495,5567,7,24,134,165,1.2303030303030302,0.03997804499490151,641,"Sleep, perchance to....knit"
4368,5567,4,30,131,165,1.2303030303030302,0.03710140956341412,641,"Oh, I shepherded ’em, boss . . . Right into the city. Now we can sell sweaters “MADE IN BROOKLYN”!"
3670,5567,8,22,135,165,1.2303030303030302,0.04089197857308644,641,Weren't they supposed to help me sleep?
2237,5567,6,26,133,165,1.2303030303030302,0.03904272341431856,641,"I told the doorman to send you up, not ewes up!"
2414,5567,7,24,134,165,1.2303030303030302,0.03997804499490151,641,Those Wolf of Wall Street wannbe types won't know what hit'em tomorrow.
3070,5567,9,20,136,165,1.2303030303030302,0.04178592755496941,641,They say they can't leave 'til they see the fake news.
7862,5574,7,21,124,152,1.230263157894737,0.04223454685608581,641,"Hello, MiracleGro? Can I order take-out?"
592,5574,4,27,121,152,1.230263157894737,0.0390171990398706,641,I'm just the petsitter.  The Clooneys aren't here at the moment.
9032,5574,8,19,125,152,1.230263157894737,0.043253847503772244,641,"Hello, Ewe-ber customer service? Calling to report a lost sheep. ."
5855,5574,5,25,122,152,1.230263157894737,0.04011832744092849,641,"Not only did we go to the wrong lane, but the boy only wanted black wool."
1058,5574,6,23,123,152,1.230263157894737,0.04119003001210647,641,Baaad news. Insomnia again.
709,5579,6,20,113,139,1.2302158273381294,0.04370084695834211,641,It's not as bad as I thought it would be when the ranch went condo
2470,5579,4,24,111,139,1.2302158273381294,0.041246032485147154,641,I don't know wher Bo is but I found his friggen sheep.
474,5579,8,16,115,139,1.2302158273381294,0.046024915578271985,641,"Bo peep here...no they're not lost. Don't know how, but they rented a room in a high rise, so we'll be here thru the weekend."
3584,5579,7,18,114,139,1.2302158273381294,0.04487792819896826,641,"Hello Room Service, this is Mr. Shepherd on the 4th floor, Room 10. Please send a bale of hay up, my guests are hungry."
1131,5583,8,24,142,174,1.2298850574712643,0.03943179820768196,641,I'd like to order ten bales of hay and  shovel.
1677,5583,8,24,142,174,1.2298850574712643,0.03943179820768196,641,From Loft to Table
2947,5585,7,23,131,161,1.2298136645962734,0.040616796548675164,641,I want to speak to Little Bo Peep.
5120,5585,5,27,129,161,1.2298136645962734,0.03865804778789121,641,"Yes, I'd like to order an avocado toast, some peanut butter brittle, and forty pounds of clover for my little bro peeps."""
8135,5587,7,20,121,148,1.2297297297297298,0.042979869960094064,641,Turns out they could care less about Fox News.
1632,5587,4,26,118,148,1.2297297297297298,0.03964193778960474,641,"Relax, Jacob. The flock is fine. Just put on something called ""Silence of the Lambs"" to make them feel more at home."
5200,5587,3,28,117,148,1.2297297297297298,0.03846497846558161,641,"At this rate, they’d follow me off a, well, it rhymes with stiff."
6700,5587,7,20,121,148,1.2297297297297298,0.042979869960094064,641,"Miss Bo-Peep, please.........."
6893,5587,9,16,123,148,1.2297297297297298,0.045068021351076265,641,"yes, 3 square yards of sod. 7B is the apartment. Doorman will let you up. And no wolves clothing"
6939,5587,7,20,121,148,1.2297297297297298,0.042979869960094064,641,Wool futures are  up; I'm ready to release the sheep.
7005,5587,6,22,120,148,1.2297297297297298,0.041896784583418355,641,"Ok, we can watch Silence of the Lambs, or the Rams are playing the Bears..."
7518,5587,6,22,120,148,1.2297297297297298,0.041896784583418355,641,"So I said “Flock Ewe”, It’s cold outside."
7606,5587,4,26,118,148,1.2297297297297298,0.03964193778960474,641,Have you seen The Wolf of Wall Street?
8249,5587,7,20,121,148,1.2297297297297298,0.042979869960094064,641,Yes I am the Artisanal Sleep Expert
7404,5597,7,17,111,135,1.2296296296296296,0.045760861733997134,641,"You were right. If the president isn't yelling, the lose interest fast."
3801,5597,5,21,109,135,1.2296296296296296,0.043277474829418086,641,Sure we know there are no wolves in Central Park but we've gotten to like temperature and humidity controls.
87,5597,6,19,110,135,1.2296296296296296,0.044536481081518545,641,WHO WANTS PIZZA?
358,5600,7,28,148,183,1.2295081967213115,0.037308994628868324,641,"It's a nice room, furnished, huge TV, carpet that used to be shag."
5241,5600,6,30,147,183,1.2295081967213115,0.036495367375049347,641,"I’d like a small pizza, extra cheese, and twelve sides of white clover."
1454,5602,7,25,138,170,1.2294117647058824,0.03915792241867862,641,I need to gather the sheep and get the flock out of here.
3007,5602,10,19,141,170,1.2294117647058824,0.041739475571335186,641,We can't seem to get our act together here 'cause there's no dogs allowed.
6960,5602,7,25,138,170,1.2294117647058824,0.03915792241867862,641,"Hello, Room Service? This is Little BoPeep in Room 1253. Could I get 10 bales of hay and 12 buckets of corn."
7787,5602,5,29,136,170,1.2294117647058824,0.03733785745859955,641,"Hello, Ubaah?"
7566,5606,9,18,130,157,1.2292993630573248,0.04321761027336352,641,"Ba, Ba , Ba , etc."
8893,5606,6,24,127,157,1.2292993630573248,0.04028379184927872,641,"Yes, hello? Do I know ewe?"
6067,5606,5,26,126,157,1.2292993630573248,0.039257159454396444,641,This should reduce my screen time.
5635,5606,4,28,125,157,1.2292993630573248,0.038202948199056584,641,Tell Bo-Peep she’ll have to wait.
5483,5606,5,26,126,157,1.2292993630573248,0.039257159454396444,641,"I prefer the title ""Project Manager"", but yes, I'm the guy you want to speak with."
4088,5606,6,24,127,157,1.2292993630573248,0.04028379184927872,641,I just Hope they don't expect me to clean out the Elevator!
5007,5606,6,24,127,157,1.2292993630573248,0.04028379184927872,641,"That's all right. When I think who we elected President, I feel sheepish, too."
1520,5606,8,20,129,157,1.2292993630573248,0.0422623061416699,641,Hey Sally... I am taking a day off.
1119,5606,5,26,126,157,1.2292993630573248,0.039257159454396444,641,"Yo, Bo Peep, wassup , gir?  Been thinking about you."
381,5606,5,26,126,157,1.2292993630573248,0.039257159454396444,641,"Yup, I left them alone and they came home. Wagging? I'll get back to you."
2644,5606,6,24,127,157,1.2292993630573248,0.04028379184927872,641,And I'll need a dozen lions for them to lie down with.
4189,5617,7,19,118,144,1.2291666666666667,0.04376283250585489,641,We are still waiting. The astroturf was supposed to be delivered yesterday
2016,5617,8,28,156,192,1.2291666666666667,0.03689397848745682,641,Why do they always put the grazing forecast at the very end?
7655,5617,7,19,118,144,1.2291666666666667,0.04376283250585489,641,"No, that won't work. I find counting sheep stimulating."
8420,5617,6,21,117,144,1.2291666666666667,0.04263871963146187,641,"It's a new religion, and I have a new title: ""Pastor""."
3302,5617,5,23,116,144,1.2291666666666667,0.04148415739394154,641,I lost a sheep
2098,5617,7,19,118,144,1.2291666666666667,0.04376283250585489,641,"Yes, I ordered 100 pounds of grass. Hold on, someone’s at the door."
851,5617,7,19,118,144,1.2291666666666667,0.04376283250585489,641,Binging on Breaking Baaa'd
739,5617,5,23,116,144,1.2291666666666667,0.04148415739394154,641,I forgot the grass.
387,5617,5,23,116,144,1.2291666666666667,0.04148415739394154,641,"Yeah, I'm totally lost here."
209,5617,3,27,114,144,1.2291666666666667,0.03907281817881992,641,"Yep, down for her nap like a little lamb, without a peep."
114,5617,3,27,114,144,1.2291666666666667,0.03907281817881992,641,Maintenance?  I need that sod I ordered.  Now.
4092,5628,6,29,144,179,1.229050279329609,0.03699569934115244,641,Yes.  You promised my TV package would include EWE-Tube and we can't seem to find it!
7692,5628,7,27,145,179,1.229050279329609,0.03783454067884032,641,Room Service? What kind of grass was that you sent? My sheep seem off.
1048,5630,5,20,106,131,1.2290076335877862,0.04410642855716718,641,"Yeah ,sure come on over I’ve always got room for one more"
9009,5631,9,20,137,166,1.2289156626506024,0.041556607393799676,641,I asked her if she would knit me a sweater.
7751,5631,7,24,135,166,1.2289156626506024,0.03976069564063031,641,"Number One, I really don't think this cover story works for this mission..."
2820,5631,6,26,134,166,1.2289156626506024,0.03883160526811961,641,"Hi QVC? Yea I actually ordered the samurai sword, not the shepherd starter kit."
7614,5634,6,23,124,153,1.2287581699346406,0.04094759505275054,641,Can you say that again? My connection is a bit fuzzy.
1374,5634,5,25,123,153,1.2287581699346406,0.03988365866615721,641,"Room service, I'd like sheep shears and two knitting needles."
1424,5634,6,23,124,153,1.2287581699346406,0.04094759505275054,641,The dog is bringing back takeout.
1905,5634,8,19,126,153,1.2287581699346406,0.042996559916056644,641,"Sorry Bo Peep, Serta is now offering $50.00 a head. Can you do better?"
4778,5634,6,23,124,153,1.2287581699346406,0.04094759505275054,641,Can't get any sleep in this city
6945,5634,7,21,125,153,1.2287581699346406,0.041984578747553784,641,"Hi, Pa! Every thing alright here... The girls miss you though, and send their love."
5367,5640,5,30,140,175,1.2285714285714286,0.0366302892501078,641,"Babe"" is on HB"
6875,5640,9,14,117,140,1.2285714285714286,0.046834928181051685,641,"I want to talk to my broker, the one that told me to hold off on selling my sheep commodities."
7841,5640,6,28,141,175,1.2285714285714286,0.03751612367420643,641,There are 24 and I still can't sleep.
4466,5640,4,24,112,140,1.2285714285714286,0.04098336105214201,641,Guess what I herd? ... Sheep.
2825,5640,6,20,114,140,1.2285714285714286,0.04341872555669784,641,"Well, at least I didn't get fleeced for the room."
1380,5640,5,22,113,140,1.2285714285714286,0.042218607343789044,641,"No, I didn’t say “Send the flock.” I said “Set the clock.”"
8466,5646,9,19,134,162,1.228395061728395,0.042246089797930854,641,Down in front!
2898,5646,6,25,131,162,1.228395061728395,0.03942953708719213,641,Look!  I'm sorry! This is the best I can do since they removed the sheep meadow from Central Park!
4994,5646,5,27,130,162,1.228395061728395,0.038444858678485655,641,"Hello, 911? I'd like to report a wolf."
5304,5646,11,15,136,162,1.228395061728395,0.044023795558968896,641,"Hello, Petflix? I'd like to cancel my subscription."
6059,5646,9,19,134,162,1.228395061728395,0.042246089797930854,641,I find the HD is too real.
7825,5646,8,21,133,162,1.228395061728395,0.04132857204299843,641,"Yes, this is Mr. Bo Peep. I would like to order the magic shears for $49.99 plus shipping and handling."
6384,5652,5,19,103,127,1.2283464566929134,0.04498187552896535,641,"Hey, is this Little Bo Peep?
I saw the story about you on the news."
3119,5653,5,32,147,184,1.2282608695652173,0.03549075698015775,641,"The doctor had a new recommendation for my sleeping disorder, “ewe” will never guess!"
4574,5654,5,24,120,149,1.2281879194630871,0.04053962749614911,641,Can I return a Halloween costume?
4769,5654,6,22,121,149,1.2281879194630871,0.041643200154331726,641,Nothing.  What are ewe doing?
5157,5654,5,24,120,149,1.2281879194630871,0.04053962749614911,641,Bo Peep?  I think you have the wrong number.
8155,5654,6,22,121,149,1.2281879194630871,0.041643200154331726,641,"Bo Peep here. Yeah, they only had trouble with the elevator."
3326,5654,7,20,122,149,1.2281879194630871,0.042718272912899216,641,"Hello? Mrs. Bo Peep? Yes, I seem to have found your sheep."
8458,5654,5,24,120,149,1.2281879194630871,0.04053962749614911,641,Bo? This is Peep. The AirBnB has a problem.
7626,5654,9,16,124,149,1.2281879194630871,0.04479107370665888,641,"Counting sheep, but still can't sleep."
3203,5654,3,28,118,149,1.2281879194630871,0.0382370494990411,641,911?   I have to find  Little Bo Peep...
2967,5654,7,20,122,149,1.2281879194630871,0.042718272912899216,641,"Even though they aren't pets, I still had to sneak them in."
3104,5654,5,24,120,149,1.2281879194630871,0.04053962749614911,641,Just hanging out here watching Netflox.
2152,5654,8,18,123,149,1.2281879194630871,0.04376694600069947,641,"It's Lil' Bo Peep. Yeah, I found them."
2127,5654,5,24,120,149,1.2281879194630871,0.04053962749614911,641,"Hi Mom... City life isn't so bad, just really cramped compared to what I'm used to."
1345,5654,6,22,121,149,1.2281879194630871,0.041643200154331726,641,But I'm not tired.
625,5654,4,26,119,149,1.2281879194630871,0.039405160524470954,641,"Funny story...  I thought you said ""sheep with me."""
1982,5668,5,29,137,171,1.2280701754385965,0.03714310185958428,641,Are you saying I shouldn't cry 'Wolf Blitzer'?
8115,5668,7,25,139,171,1.2280701754385965,0.03895136602174896,641,"No, I'm still pretty exhausted."
1411,5670,6,19,111,136,1.2279411764705883,0.04424002634262154,641,"I though it was a Sleep Disorder clinic...and by my count it's a bit ironic, too."
2566,5670,5,21,110,136,1.2279411764705883,0.042991248748113955,641,"Little Bo, hey it's Little Jack. Get home. I'm fed up with being the good boy."
8385,5670,5,21,110,136,1.2279411764705883,0.042991248748113955,641,"Bo Peep, call me back."
7468,5673,3,30,125,158,1.2278481012658229,0.036911671773559904,641,I'll take the game day special with mushrooms and sausage and a bale of hay on the side.
7277,5673,7,22,129,158,1.2278481012658229,0.04104843643127968,641,"No, you won't get your sheep back until you start allowing bathroom breaks."
6567,5673,8,20,130,158,1.2278481012658229,0.04201904078553265,641,Room Service?  Cancel the order for mutton.
5673,5673,4,28,126,158,1.2278481012658229,0.03798811877682898,641,I’d like to make a trade for some pork bellies.
5665,5673,6,24,128,158,1.2278481012658229,0.04005431909756252,641,I'm trying to go to sleep.
2199,5673,9,18,131,158,1.2278481012658229,0.04296772560445461,641,I'm not doing anything. Just watching the news.
1567,5673,4,28,126,158,1.2278481012658229,0.03798811877682898,641,SEND UP A FENCE- I NEED TO GET THESE SHEEP JUMPING SO I CAN GET SOME SLEEP
1485,5673,8,20,130,158,1.2278481012658229,0.04201904078553265,641,No. I'm not taking them to Washington for Melania's Nativity Scene. The girls just got Brazilian shearings for the holidays and as their Shepherd I can't let them anywhere near Frisbee head.  There's no telling what he might grab.
215,5673,6,24,128,158,1.2278481012658229,0.04005431909756252,641,"Yes, the rally audience has arrived."
1644,5673,7,22,129,158,1.2278481012658229,0.04104843643127968,641,"I heard you sold me a black sheep, which is it?!"
448,5683,8,25,147,180,1.2277777777777779,0.03846088854385181,641,"No, my sheep are 'not in want'!  They have HBO."
4781,5684,3,22,98,123,1.2276422764227641,0.04290685281090794,641,I did count!
3731,5685,5,23,117,145,1.2275862068965517,0.041227371113703344,641,"Wolf! Wolf! ... And since it's on your way, bring up some nachos."
6713,5685,7,19,119,145,1.2275862068965517,0.04348869979860371,641,"No Mom, I did not get a new job."
8219,5687,8,22,137,167,1.2275449101796407,0.04044754205412186,641,I think I'm in baa-d trouble.
1280,5687,8,22,137,167,1.2275449101796407,0.04044754205412186,641,The GOP will stop at nothing to build their vote in New York
1781,5687,6,26,135,167,1.2275449101796407,0.03862271254630513,641,I told you before: I keep counting but I'm not tired yet!
3922,5687,6,26,135,167,1.2275449101796407,0.03862271254630513,641,"No, I asked can I get ""Veep"" in the room? On the TV?"
7082,5687,8,22,137,167,1.2275449101796407,0.04044754205412186,641,"right, two bottles of wine and a video recorder."
6069,5692,5,25,124,154,1.2272727272727273,0.0396516613277557,641,"My lease says no pets, but I said flock that."
5047,5692,5,25,124,154,1.2272727272727273,0.0396516613277557,641,I'm working overtime tonight.
6444,5692,5,25,124,154,1.2272727272727273,0.0396516613277557,641,I heard sheparding was the new low stress career choice.
7029,5692,6,23,125,154,1.2272727272727273,0.04070794374412261,641,"So many sheep, such little time."
4235,5692,5,25,124,154,1.2272727272727273,0.0396516613277557,641,It took several trips on the freight elevator but we made it!
2261,5692,7,21,126,154,1.2272727272727273,0.04173750258099142,641,Fred? The committee is here and we're ready to go.
2721,5692,5,25,124,154,1.2272727272727273,0.0396516613277557,641,Herding cats is more challenging outdoors.  Not so with sheep.
2302,5692,5,20,107,132,1.2272727272727273,0.04380538243518159,641,"Hello, Farm and Fleet?  Do you deliver?"
2734,5692,4,27,123,154,1.2272727272727273,0.03856645962786087,641,Maybe working from home isn't the best idea for someone in my profession. I'm being harassed by a bunch of wooly bullies.
8390,5701,9,24,152,185,1.227027027027027,0.03850346210602323,641,I found the sheep but they won’t leave while the Kennel Club competition is on.
8421,5702,6,25,132,163,1.2269938650306749,0.039211934610142204,641,"I'm doing Ewe-ber now. It's like shepherding, but for the gig economy."
7030,5702,7,23,133,163,1.2269938650306749,0.04016610732830603,641,You were supposed to be here 5 minutes ago to watch them.
6508,5702,5,27,131,163,1.2269938650306749,0.038233956816305814,641,"This happens whenever ""Collie"" reruns air."
5906,5702,5,27,131,163,1.2269938650306749,0.038233956816305814,641,"Just my CEO, 20 sales reps and me getting our talking points for today's press conference."
5156,5702,5,27,131,163,1.2269938650306749,0.038233956816305814,641,I was on my phone and didn't see where the dog went.
7105,5702,9,19,135,163,1.2269938650306749,0.042009485857206826,641,I said I needed a new lamp.
3637,5702,6,25,132,163,1.2269938650306749,0.039211934610142204,641,"If tryptophan doesn't knock me out this Thanksgiving, I've got plan B to count on."
968,5702,12,13,138,163,1.2269938650306749,0.044632028724937566,641,"Editor, please stop presenting last week’s captions to be voted on when the “top three”  for that cartoon have already been chosen."
171,5702,8,21,134,163,1.2269938650306749,0.04109813304698803,641,"I've found your sheep, Miss Bo-Peep."
3895,5702,7,23,133,163,1.2269938650306749,0.04016610732830603,641,"As one of a few urban shepherds, I do not want to pull the wool over your eyes but our place has a few unique features"
4495,5712,7,18,116,141,1.2269503546099292,0.044298877065274335,641,Are you sure this is the best cure foe insomnia?
5488,5712,6,20,115,141,1.2269503546099292,0.04314015978934907,641,"Airbnb has really made my business trips more comfortable"""
7600,5714,3,21,95,119,1.226890756302521,0.04374730103773937,641,Tell that Bo Peep lady to hurry with the ransom or I'll cut off their tails again.
8300,5715,4,26,120,150,1.2266666666666666,0.039171128785758576,641,Hello? Miss. Peep? I think we need to talk.
6969,5715,4,26,120,150,1.2266666666666666,0.039171128785758576,641,They rang the front door bell.
6436,5715,8,18,124,150,1.2266666666666666,0.043500794990464095,641,"Sorry, it’s sheep week on The Discovery Channel."
6234,5715,5,24,121,150,1.2266666666666666,0.040297180905907795,641,My share in the farm-to-table market has skyrocketed since I've been leveraging this pied-a-terre.
484,5715,9,16,125,150,1.2266666666666666,0.044517464251856945,641,"Yeah, we're all anxiously awaiting the verdict in the Harvard admissions trial."
1050,5715,6,22,122,150,1.2266666666666666,0.0413926110263225,641,You'll have to speak up.
14,5715,5,24,121,150,1.2266666666666666,0.040297180905907795,641,"Mary, quick question, that lamb ... would you portray it as an outlier or, and I'm just speculating, symptomatic of a general trend?"
2462,5715,3,28,119,150,1.2266666666666666,0.03801173334297594,641,"Bo-Peep here. Yes, they are home and their tails are behind them."
5715,5723,4,28,127,159,1.2264150943396226,0.037775633832078014,641,"Yo, Little Bo, he's here with me."
6661,5723,5,26,128,159,1.2264150943396226,0.03881507448550428,641,"Of course I brought the Flock. It just that, I don't know what to do with my self here in NY City."
5716,5723,4,28,127,159,1.2264150943396226,0.037775633832078014,641,"The Airbnb's nice, Hamilton was great, but Sheep Meadow was kind of a let down."
3279,5723,5,26,128,159,1.2264150943396226,0.03881507448550428,641,"It’s me, Bo Peep. The sheep found me again."
7646,5723,4,28,127,159,1.2264150943396226,0.037775633832078014,641,Been having a hard time falling asleep lately. Any suggestions?
2162,5723,4,28,127,159,1.2264150943396226,0.037775633832078014,641,I'm feeling a little sheepish
2012,5723,7,22,130,159,1.2264150943396226,0.040814617468687135,641,You'd be amazed how many sheep are lost and found in this town.
2901,5723,5,26,128,159,1.2264150943396226,0.03881507448550428,641,"""I told Front Desk that technically they're not pets."""
3417,5731,5,21,111,137,1.2262773722627738,0.042708711037555025,641,After a breakup I think it's good to sheep around.
522,5732,8,22,138,168,1.2261904761904763,0.040228869181528494,641,Yeah...it surprisingly hasn't helped my insomnia
1784,5732,10,18,140,168,1.2261904761904763,0.04196348310714873,641,"I don't blame you for dumping her, man. Cat Ladies are unsanitary."
2090,5732,9,20,139,168,1.2261904761904763,0.041105327088520355,641,Can one of 'ewe' find the remote?
4952,5732,6,26,136,168,1.2261904761904763,0.03841601120320939,641,Don't believe the FAKE NEWS.  I only hire very smart people.
5280,5732,6,26,136,168,1.2261904761904763,0.03841601120320939,641,We’re waiting for the midterm election results. They all voted for Donald Duck.
5917,5732,6,26,136,168,1.2261904761904763,0.03841601120320939,641,"Yes, we're just here at the Baaa-st Western."
7230,5732,5,28,135,168,1.2261904761904763,0.03747671166651894,641,"...yeah, and don't forget to pick up a case of lint rollers."
8961,5732,5,28,135,168,1.2261904761904763,0.03747671166651894,641,...let’s make that thirteen grass bowls.
4369,5740,4,25,117,146,1.226027397260274,0.039804135419876915,641,Looks like the flock market is down another 10% today.
4358,5740,7,19,120,146,1.226027397260274,0.043217926030671365,641,I started counting sheep and look what happened!
3733,5740,5,23,118,146,1.226027397260274,0.0409736806720297,641,"Sorry, but she is not home!!"
3191,5740,4,25,117,146,1.226027397260274,0.039804135419876915,641,I've finally gotten the hang of this 'crying wolf' act.
2930,5744,10,20,147,177,1.2259887005649717,0.04044582221264507,641,I'm watching Silences of the Lambs.  How about ewe?
671,5745,7,21,127,155,1.2258064516129032,0.041493269573780626,641,The dell closed years ago. My wife left me. ...Why should I care that the cheese stands alone.
5052,5745,7,21,127,155,1.2258064516129032,0.041493269573780626,641,Ewe V C?  I'd like to cancel an order
5282,5745,5,25,125,155,1.2258064516129032,0.039422291394586396,641,"Ma’am, I ordered 15 sheep and you only sent 14."
5316,5745,5,25,125,155,1.2258064516129032,0.039422291394586396,641,...look Father...I can’t think of anything meaningful and politically correct about gender roles...you see Judas is missing again...I’ll look behind the couch...
6727,5745,4,27,124,155,1.2258064516129032,0.038344880730526554,641,"No, I have milk, I need ice,"
8267,5745,5,25,125,155,1.2258064516129032,0.039422291394586396,641,Did you explain to her than I'm a method actor?
8839,5745,9,17,129,155,1.2258064516129032,0.04346568509807682,641,"Yeah, Mom.  When they say ""all the comforts of home"" they really weren't kidding."
8886,5752,5,27,132,164,1.225609756097561,0.038025306701429465,641,"I don't know, urban sprawl isn't all bad."
8644,5752,4,29,131,164,1.225609756097561,0.037028465410418245,641,"But you said ""Try counting sheep!"""
7028,5752,8,21,135,164,1.225609756097561,0.04087020977435136,641,Having a really baaaaaad time.
5756,5752,2,33,129,164,1.225609756097561,0.0349495901617754,641,We're gonna hang out here until Little Bo finds us.
3933,5752,7,23,134,164,1.225609756097561,0.039944428246155295,641,"...and I got the ""Unlimited pet"" rate!"
3642,5752,6,25,133,164,1.225609756097561,0.038996674843183914,641,Doc said this prescription means less side effects. And more wool blankets.
8828,5752,7,23,134,164,1.225609756097561,0.039944428246155295,641,"Yeah, they'll do the 'sleep with a sheep' gig but they want the Netflix password"
3044,5752,5,27,132,164,1.225609756097561,0.038025306701429465,641,Is this Miss Peep?  Have I got some tails for you
1190,5752,7,23,134,164,1.225609756097561,0.039944428246155295,641,"I’ve tried counting sheep. But I still can’t get to sleep, and now I’m running out of room."
1087,5752,7,23,134,164,1.225609756097561,0.039944428246155295,641,"Hello. Is this Bo Peep’s? I need a sitter, today, from 8:30 to 5:30 pm."
303,5752,7,23,134,164,1.225609756097561,0.039944428246155295,641,"I found them, They booked an Airbnb in Hell's Kitchen so we are going to grab a show before we leave."
3142,5752,6,25,133,164,1.225609756097561,0.038996674843183914,641,"I've tried counting them, I still can't sleep!"
2722,5764,5,20,108,133,1.2255639097744362,0.043508341442180715,641,Hello ? I want to return my mattress.
4715,5764,5,20,108,133,1.2255639097744362,0.043508341442180715,641,"The boy who cried, ""fake news."""
3449,5766,9,21,143,173,1.2254335260115607,0.04025063152300482,641,"Just counting sheep, how about ewe?"
8214,5767,6,20,116,142,1.2253521126760563,0.04286508442438123,641,Sorry but there's a baaaaaad connection.
7720,5767,6,20,116,142,1.2253521126760563,0.04286508442438123,641,So then my ex told me to 'Get flocked' and...
7355,5767,5,22,115,142,1.2253521126760563,0.041683633980763767,641,"Don't worry Ma, Bo-Peep and I are just on a trial separation."
4670,5767,5,22,115,142,1.2253521126760563,0.041683633980763767,641,"No. really,the 27th floor."
1239,5767,6,20,116,142,1.2253521126760563,0.04286508442438123,641,It appears that my PHD in sheep herding is beginning is beginning to pay off.
427,5767,5,22,115,142,1.2253521126760563,0.041683633980763767,641,The shearing economy is going pretty well for me.
15,5767,8,16,118,142,1.2253521126760563,0.04513530441288086,641,"On standby at herdquarters, waiting for the next good shepherd."
2760,5767,3,26,113,142,1.2253521126760563,0.0392140931312735,641,"Sorry, just thinking about work."
6170,5775,9,23,150,182,1.2252747252747254,0.038867043683386907,641,"Surprisingly, everyone sleeps in one bed."
6263,5776,4,26,121,151,1.2251655629139073,0.03893979666458652,641,It’s been a lot harder than I imagined to get a career job in this city.
8540,5776,2,30,119,151,1.2251655629139073,0.03660201255092731,641,The WiFi is good but the pasturage could be better.
7366,5776,7,20,124,151,1.2251655629139073,0.042204365017507364,641,I decided that Farmville could be more than just a game.
6768,5776,6,22,123,151,1.2251655629139073,0.04114496574042136,641,"Yes, Barbara. I know you said I shouldn't bring my work home with me..."
8704,5776,6,22,123,151,1.2251655629139073,0.04114496574042136,641,"Ok doctor, I've taken your advice. One, two, three..."
6674,5776,3,28,120,151,1.2251655629139073,0.037788987066720806,641,it might be time to move to the suburbs
5885,5776,8,18,125,151,1.2251655629139073,0.04323781501511786,641,Do you think if I count them I'll fall asleep and they will disappear?
1547,5776,6,22,123,151,1.2251655629139073,0.04114496574042136,641,"So, I said to her, ""Listen, Mabel, you're not the only one who can multitask!"""
4191,5776,7,20,124,151,1.2251655629139073,0.042204365017507364,641,"I’m remote now, the commute was a nightmare."
4119,5776,6,22,123,151,1.2251655629139073,0.04114496574042136,641,I shouldn't have let them watch Babe
401,5776,4,26,121,151,1.2251655629139073,0.03893979666458652,641,"Ya I've got 27, but I'll make it 30, cause I rounded them up."
110,5776,7,20,124,151,1.2251655629139073,0.042204365017507364,641,"Hello, Amazon? Yes, I beleive there's been a bit of a miscommunication."
4252,5776,4,26,121,151,1.2251655629139073,0.03893979666458652,641,"Settle down, ewes guys, ... PBS News Hour, ... then the Park."
921,5789,4,28,128,160,1.225,0.03756545649945677,641,"Customer service, I can't count for much longer."
3427,5789,3,30,127,160,1.225,0.03650407059235067,641,"Is it just me, or is this phone connection b-a-a-a-d?"
4004,5789,7,22,131,160,1.225,0.040583402748122936,641,"You must have left them alone. And they came home, bringing their tails behind them."
4048,5789,7,22,131,160,1.225,0.040583402748122936,641,Nothin' much--just  keeping an eye on Wall Street.
4391,5789,10,16,134,160,1.225,0.043391953576903244,641,"Unfortunately,I do know where my sheep are."
6458,5789,6,24,130,160,1.225,0.03960298254443843,641,"Hello room service, I'd like a grilled cheese sandwich, heavy on the alfalfa."
7706,5789,7,22,131,160,1.225,0.040583402748122936,641,Little Bo Peep is missing.
8799,5789,6,24,130,160,1.225,0.03960298254443843,641,I flocked to the city way before it was a trend with millennials.
6601,5797,6,26,137,169,1.2248520710059172,0.03821146785683574,641,I guess this is us.
6374,5797,6,26,137,169,1.2248520710059172,0.03821146785683574,641,I’ve decided to home fleece my flock.
5586,5797,8,22,139,169,1.2248520710059172,0.040012510943995536,641,"Hello, how are ewe?"
7384,5797,5,28,136,169,1.2248520710059172,0.037278330134802244,641,Yeah that's a large with half pepperoni and half grass.
2755,5797,5,28,136,169,1.2248520710059172,0.037278330134802244,641,"I cant make it tonight, I got stuck watching my brother-in-laws sheep."
5505,5797,9,20,140,169,1.2248520710059172,0.04088329010950621,641,"They've made their mind Pete, I'm taking them to the Park tomorrow"
503,5797,5,28,136,169,1.2248520710059172,0.037278330134802244,641,If I have anything on other than 24-hour news networks they lose interest.
117,5804,4,21,104,129,1.2248062015503876,0.042964727281773966,641,Where's No. 12? Don't make me stay awake counting....
1473,5804,5,19,105,129,1.2248062015503876,0.0443519088811853,641,"Sorry, Got to go...""Green Acres"" is on."
8743,5804,6,17,106,129,1.2248062015503876,0.04569700047500619,641,"Mom, I gonna have to think of something, the Landlord isn’t buying “they help me get to sleep."""
53,5807,5,21,112,138,1.2246376811594204,0.0424297927176573,641,I'm just glad that we didn't get a wool carpet...
2030,5807,5,21,112,138,1.2246376811594204,0.0424297927176573,641,... it wasn’t a dream?
2180,5807,7,17,114,138,1.2246376811594204,0.04485376634862847,641,"Well, my kid wanted a border collie, so I got her one..."
3891,5807,4,23,111,138,1.2246376811594204,0.04116431448799274,641,"I'm happy with my cable package, but I've got fuzzy reception."
5178,5807,6,19,113,138,1.2246376811594204,0.043658605484604755,641,"How many in the reservation? Hold on, let me count."
5783,5807,4,23,111,138,1.2246376811594204,0.04116431448799274,641,"Yes, this is the lady from down the hall.  Come get your damn sheep.”"
8571,5813,4,25,118,147,1.2244897959183674,0.039562322617869794,641,It's Shep. I'm too deep in sheep to give you an accurate count. I keep nodding off.
8618,5813,6,21,120,147,1.2244897959183674,0.04185156258912585,641,"Of course, I thought about AstroTurf, but it gives the little suckers gas!"
8015,5813,3,27,117,147,1.2244897959183674,0.03836651418626481,641,I lost count... which one of you is Frank?
7195,5813,5,23,119,147,1.2244897959183674,0.04072303194797712,641,"Well, NOW I feel sheepish."
4573,5813,5,23,119,147,1.2244897959183674,0.04072303194797712,641,"Yeah, I couldn't sleep ... how can you tell?"
2246,5813,6,21,120,147,1.2244897959183674,0.04185156258912585,641,I found my sheep.  Now I can get a good night's sleep.
6735,5813,7,19,121,147,1.2244897959183674,0.04295045111831855,641,I've never been one to just follow the herd.
881,5820,6,23,127,156,1.2243589743589745,0.040236807247372344,641,"...a diet coke and...oh ya, 50 pound bag of sheep chow."
2215,5820,4,27,125,156,1.2243589743589745,0.03812577455717602,641,I know...but this dream was for real!
4054,5820,3,29,124,156,1.2243589743589745,0.0370251495560223,641,There's enough here for a sweater and a scarf.
8281,5820,5,25,126,156,1.2243589743589745,0.03919550575669872,641,"They're in room 242 at the Plaza, Bo Peep"
8679,5820,5,25,126,156,1.2243589743589745,0.03919550575669872,641,"No, they HAVE to be latex!"
9029,5820,7,21,128,156,1.2243589743589745,0.04125183200054257,641,The melatonin didn't work but counting the sheep did.
1673,5826,9,19,137,165,1.2242424242424241,0.04154403104253967,641,I herd Ewe you the first time
5376,5826,10,17,138,165,1.2242424242424241,0.04242424242424242,641,"Yes, Sir, I can help you secure the swing vote"
7591,5826,9,19,137,165,1.2242424242424241,0.04154403104253967,641,"I ordered a whirlpool,
NOT a wool pool; but I""ll keep the complimentary shepherd suit"
315,5829,6,27,141,174,1.2241379310344827,0.037467954411586055,641,"Hey Shaun, I’m not feeling well. Will work from home today."
4105,5829,10,19,145,174,1.2241379310344827,0.04086086979017708,641,"Hello, Genetics Institute? Can you connect me with your cloning lab?"
5629,5831,3,24,107,134,1.2238805970149254,0.040535345636256256,641,"I'm not sure what it is, but something smells in here."
5844,5831,5,20,109,134,1.2238805970149254,0.043215228185430825,641,"No, no, not the car service.  It’s Ewe-ber!"
8822,5831,2,26,106,134,1.2238805970149254,0.0391266328121487,641,"Yes, thank you, I'd like to finally order the matching shears."
3818,5831,5,20,109,134,1.2238805970149254,0.043215228185430825,641,Little Bopeep has found her sheep!
2382,5835,7,18,118,143,1.2237762237762237,0.04373435521891124,641,"It's the dreams, I can't stop the dreams."
6762,5835,4,24,115,143,1.2237762237762237,0.04021460751636528,641,"Yes, you can count on us for a donation."
4937,5835,5,22,116,143,1.2237762237762237,0.04142110227812435,641,"Yeah, we got kicked out of Sheep Meadow by the Frisbee players again."
822,5835,6,20,117,143,1.2237762237762237,0.04259343576391054,641,You were right. I just left them alone.
227,5839,7,20,125,152,1.2236842105263157,0.041951947254526244,641,"Yeah, like, the rubber boots they make me wear are ugly but other than that it's, like, way better than babysitting that little brat Liam."
802,5839,9,16,127,152,1.2236842105263157,0.04398002535160598,641,HBO Peep
1173,5839,5,24,123,152,1.2236842105263157,0.03982071228601015,641,"Bad reception, thought you said lay down and get some sheep."
2963,5839,5,24,123,152,1.2236842105263157,0.03982071228601015,641,"I told you it was today. All the other dogs are in the lobby. Yes, Champion is here. Yep, I saw Ragtop. Very fit. No, I haven't seen the venue yet... You can't, registration was hours ago. The team? They're okay. They just don't know which way to go."
3077,5839,6,22,124,152,1.2236842105263157,0.04090021396894979,641,"Dolly, pass the remote would you?"
3675,5839,9,16,127,152,1.2236842105263157,0.04398002535160598,641,Little Bo Peep? Oh she's out on a business trip and left me with the kids.
8648,5839,4,26,122,152,1.2236842105263157,0.03871111921947651,641,"So, if I hear you correctly, you're saying I'm still bringing my work home with me?"
5670,5839,9,16,127,152,1.2236842105263157,0.04398002535160598,641,"No, seriously, Little Bo Peep was nowhere to be found."
4213,5847,10,16,135,161,1.2236024844720497,0.043144235992080136,641,"No, Ms. Peep, I still haven't seen them."
6514,5847,5,26,130,161,1.2236024844720497,0.03838263072766544,641,Well they told me they have workplace grievances.   Being an enlightened employer I invited  them up for a civil  discussion.
7347,5847,8,20,133,161,1.2236024844720497,0.04130551532464778,641,"No, my price is firm -- they're really high quality."
4176,5850,5,28,137,170,1.223529411764706,0.03708199321004141,641,"As long as we stay away from Wall Street, you’ll be safe here!"
8265,5850,8,22,140,170,1.223529411764706,0.03979843154261723,641,"Get the flock out of here ,I can't see the TV"
8415,5852,6,30,152,188,1.2234042553191489,0.03562464607261945,641,"I get that cities are more environmentally friendly with all the public transportation and reduced energy consumption, but I don’t know if this is sustainable for me."
6272,5853,4,23,112,139,1.223021582733813,0.04089903733703297,641,Where did you deliver those sheers I ordered?
7746,5853,7,17,115,139,1.223021582733813,0.04455922462029556,641,"Yes, and could I get a couple side salads thrown in too?"
3970,5853,5,21,113,139,1.223021582733813,0.04215442645382961,641,"No, I won't resign from the Co-Op Board."
2728,5853,8,15,116,139,1.223021582733813,0.04571420909648625,641,"Hello this is 17B, I'm having trouble with my cable."
3407,5853,4,23,112,139,1.223021582733813,0.04089903733703297,641,It’s like living in the clouds.
8594,5858,4,25,119,148,1.222972972972973,0.039323365537744966,641,Homeland security.  Help I am surrounded by some really baaa’d hombres!
8144,5858,7,19,122,148,1.222972972972973,0.042686216361804814,641,"I'm telling you, Ethel, people just aren't dreaming like they used to!"
6953,5858,6,21,121,148,1.222972972972973,0.041595485379180015,641,"Hi mom, I've got a little problem here, can you keep this just between me and ewes?"
6375,5858,4,25,119,148,1.222972972972973,0.039323365537744966,641,"It's a nice room, but several other cities submitted better bids for me to bring my job there."
4752,5858,5,23,120,148,1.222972972972973,0.04047537202512589,641,"Hey Joe, they ate all the grass on your roof garden.  Where else can I take them?"
4145,5858,9,15,124,148,1.222972972972973,0.044788060842162865,641,So this is Hell.
2228,5858,4,25,119,148,1.222972972972973,0.039323365537744966,641,"Yes, I herd ewe too."
1753,5858,6,21,121,148,1.222972972972973,0.041595485379180015,641,There's no Little Bo-Peep here. Stop sending me these things.
298,5858,5,23,120,148,1.222972972972973,0.04047537202512589,641,"They're on to us, Michael. Tell Paul."
102,5858,3,27,118,148,1.222972972972973,0.03813657580142551,641,Now you tell me to watch the Weather Channel instead of counting sheep!
3055,5858,7,19,122,148,1.222972972972973,0.042686216361804814,641,So yeah my pasturr went condo.
8709,5869,3,29,125,157,1.2229299363057324,0.03681630947064788,641,"I’m into Jazz, long walks on the beach and zoophilia."
9000,5869,6,23,128,157,1.2229299363057324,0.040005232095600175,641,You urban-farm tomatoes? That's cute.
6166,5869,6,23,128,157,1.2229299363057324,0.040005232095600175,641,"I am counting sheep, but still can’t sleep."
5765,5869,4,27,126,157,1.2229299363057324,0.037909101286717733,641,The grass is not only not greener—there is none.
5602,5869,7,21,129,157,1.2229299363057324,0.04101314316595286,641,"I haven’t slept for days, and stop telling me to try counting sheep."
4317,5869,6,23,128,157,1.2229299363057324,0.040005232095600175,641,"Oh yes, completely sustainable, as long as you manage their gazing."
3651,5869,7,21,129,157,1.2229299363057324,0.04101314316595286,641,"Yeah, I booked it on air-sleepnsheep. Great view!"
3489,5869,6,23,128,157,1.2229299363057324,0.040005232095600175,641,"We’re going to stay in tonight, and watch the Wolfman, on TV. What are you doing?"
3222,5869,9,17,131,157,1.2229299363057324,0.042958078949216986,641,I've been baaaad.
5299,5869,5,25,127,157,1.2229299363057324,0.038971262202996855,641,I've got to stop watching the Home Sheeping Network.
1034,5879,6,25,135,166,1.2228915662650603,0.03857303757489668,641,"Bob? Have you seen Mary?"""
4700,5879,7,23,136,166,1.2228915662650603,0.03950820899360252,641,We got to talk about the sheep in the room
7002,5879,6,25,135,166,1.2228915662650603,0.03857303757489668,641,"Yo, Peep.  Tell me how you do it cause I could really use some alone time."
7539,5882,10,19,146,175,1.2228571428571429,0.040646892051553245,641,Please cancel my augmented reality subscription.
8724,5882,7,25,143,175,1.2228571428571429,0.03814610725192353,641,There was a misunderstanding.  The client only wanted Little Bo Peep.
5828,5884,8,25,151,184,1.2228260869565217,0.03770254181595899,641,"You must believe me:  I have not a crook! 
And there will never ever be another ewe."
6447,5884,9,23,152,184,1.2228260869565217,0.03848218016987488,641,That view doesn't come sheep.
4692,5886,9,16,128,153,1.2222222222222223,0.04371608196470188,641,"Sorry, Bo Peep, they said they're not going to follow you like sheep."
7076,5886,4,24,116,144,1.2222222222222223,0.03996458762248061,641,"I think I need to decide to embrace either technologie’s convenience or the 
Simple Agrarian lifestyle"
7042,5886,6,24,132,162,1.2222222222222223,0.039161520936124516,641,The move's been easy.  All the kids in Brooklyn think I'm a hipster.
6752,5886,8,18,127,153,1.2222222222222223,0.04272114827973411,641,"I think I did this whole ""counting sheep"" thing wrong."
6086,5886,5,24,124,153,1.2222222222222223,0.03958659589207586,641,"My follow-up memoir is tentatively titled: ""Little Bo Peep Can't Sell Her Freeloading Sheep."""
5784,5886,7,24,140,171,1.2222222222222223,0.038707869028378625,641,Ewe'll never believe where I am
5330,5886,6,20,118,144,1.2222222222222223,0.0423251516014429,641,"No,no. This is quite adequate.But just to be on the safe side, please send up a bottle of Ambient."
5044,5886,6,20,118,144,1.2222222222222223,0.0423251516014429,641,"I can't hang out tonight,actually. I told my coworker I'd watch his sheep."
4925,5886,9,22,149,180,1.2222222222222223,0.039041555440900565,641,Hello. Miss Bopeep please
4734,5886,4,22,109,135,1.2222222222222223,0.04161826929421157,641,"You've got crooks over there, too?"
7759,5886,6,22,125,153,1.2222222222222223,0.04065830648622765,641,"Didn't work, Dave. Her? She's in her bedroom. Crying. Yeah. Nah, that she's wide awake. . . . I agree. It's not funny. Her cartoon's due at 11:00, sharp! And she's got bupkis. . . . Sure, I'll tell her what you said. Draw me and the sheep."
4646,5886,6,20,118,144,1.2222222222222223,0.0423251516014429,641,Get me Litte Bo Peep!
8379,5886,5,26,131,162,1.2222222222222223,0.03816992907943363,641,I’m feeling kind of baaaa!
4442,5886,6,20,118,144,1.2222222222222223,0.0423251516014429,641,"Eleven supreme pizzas, one with gluten-free crust and extra pepperoni."
378,5886,8,22,141,171,1.2222222222222223,0.039586595892075846,641,Bo Peep? What kind of a name is that?
1049,5886,5,22,117,144,1.2222222222222223,0.04116179491907547,641,"When E. F. Mutton talks, sheep'll listen."
1822,5886,5,24,124,153,1.2222222222222223,0.03958659589207586,641,I think we were all happier in the show business.
3294,5886,6,22,125,153,1.2222222222222223,0.04065830648622765,641,Perchance to dream?
4550,5886,8,20,134,162,1.2222222222222223,0.04107294966560803,641,Are you accusing me of being sheepish?
3483,5886,3,28,122,153,1.2222222222222223,0.0373510368037021,641,Is this the Bo Peep residence? I'd like to have a word
3558,5886,7,22,133,162,1.2222222222222223,0.0401286176952564,641,"It was a herd day, so I'm just going to stay in and watch baa-d TV."
4198,5886,5,26,131,162,1.2222222222222223,0.03816992907943363,641,"Merry Christmas to you.""
""And Merry Christmas to you, and ewe and ewe and ewe and ewe and ewe and ewe and ewe and ewe and ewe and ewe . . ."""
4237,5886,4,22,109,135,1.2222222222222223,0.04161826929421157,641,"You are not going to believe this, Bo-Peep!"
3328,5886,4,28,130,162,1.2222222222222223,0.037151880838356854,641,"Yes, yes...I am looking for a new apartment in Sheepshead Bay!"
5193,5910,8,23,145,176,1.2215909090909092,0.038795984255241424,641,"Yes, Mr. Shepherd? I think I have your stick."
8636,5910,8,23,145,176,1.2215909090909092,0.038795984255241424,641,I don't think they herd me properly
7389,5912,5,27,135,167,1.221556886227545,0.03741252221859647,641,When I'm calling ewe...
8071,5912,5,27,135,167,1.221556886227545,0.03741252221859647,641,They've finished the broadloom. Now what?
8145,5912,8,21,138,167,1.221556886227545,0.04020113704157056,641,Come on! Not even one night off?
8824,5912,8,21,138,167,1.221556886227545,0.04020113704157056,641,"Room service, can I get 12 orders of  freshly cut grass and a cold glass of milk please?"
3742,5916,5,25,128,158,1.2215189873417722,0.03874951939947326,641,"Actually, the director wants to cast it as a sequel to the Urban Cowboy."
5571,5916,7,21,130,158,1.2215189873417722,0.04077715737832947,641,Netflix has Silence of the Lambs in 4K.
5126,5916,4,27,127,158,1.2215189873417722,0.03769482190708304,641,Wake up!
3910,5916,6,23,129,158,1.2215189873417722,0.03977626061828339,641,"When do you get back again, Mary? You sure weren’t kidding when you said everywhere you went the lambs were sure to go!"
7299,5916,5,25,128,158,1.2215189873417722,0.03874951939947326,641,I spent all morning looking for grass. What do *you* suggest?
3697,5916,6,23,129,158,1.2215189873417722,0.03977626061828339,641,"No, I won't need utensils."
2032,5916,2,31,125,158,1.2215189873417722,0.03549152417746823,641,"NO, NO, I said sheep!S-H-E-E-P."
1261,5916,3,29,126,158,1.2215189873417722,0.036609752027612255,641,"Tom Wolfe calling, is Mary home?"
654,5916,7,21,130,158,1.2215189873417722,0.04077715737832947,641,"Counting sheep, my ass. I'm still awake."
475,5916,3,29,126,158,1.2215189873417722,0.036609752027612255,641,"Come in quiet, I plan on being asleep."
3217,5916,7,21,130,158,1.2215189873417722,0.04077715737832947,641,"Jesus, you are not going to believe this..."
8006,5927,5,23,121,149,1.221476510067114,0.04023064916031539,641,I somehow still see myself as a black sheep
7140,5927,5,23,121,149,1.221476510067114,0.04023064916031539,641,"I was only counting them, not calling them!"
6134,5927,3,27,119,149,1.221476510067114,0.03790930873447808,641,"But sir, they aren't pets, per se."
3307,5927,4,25,120,149,1.221476510067114,0.039087215432839176,641,"2973,2974,2975..."
5545,5927,6,21,122,149,1.221476510067114,0.04134247033532939,641,"Yes, I've returned to the fold."
2943,5927,4,25,120,149,1.221476510067114,0.039087215432839176,641,"Room Service
I'd like 100 lbs of carrots
100 lbs onions
And a six pack of Dos XX amber for me"
1259,5927,5,23,121,149,1.221476510067114,0.04023064916031539,641,I think I took a wrong turn somewhere
4,5927,6,21,122,149,1.221476510067114,0.04134247033532939,641,"Yes, the apartment faces Sheep Meadow in Central Park and pets are definately allowed."
2985,5927,9,15,125,149,1.221476510067114,0.04451161666496966,641,Can you be more specific?
501,5936,4,23,113,140,1.2214285714285715,0.04063708625538447,641,"Hello, is this Little Bo-Peep?"
5296,5936,5,21,114,140,1.2214285714285715,0.04188254651100343,641,"I have just the guy, a real nose for grass, will follow you anywhere, blends in with the herd. He has even put a few out to pasture if you get my meaning."
5686,5936,8,15,117,140,1.2214285714285715,0.04541445222616682,641,"Where’s my border collie? You walked him more than three hours ago, I’m nodding off, and they’re getting edgy."
7453,5936,6,19,115,140,1.2214285714285715,0.043092025076168945,641,I can't come out I'm pet sitting...ya she said it was just a little lamb but it's way more
2181,5940,5,19,107,131,1.2213740458015268,0.043739038671647655,641,"Can you please call  back? I'm watching ""The Good Shepherd""."
8921,5940,4,21,106,131,1.2213740458015268,0.042375272174035514,641,I just followed the herd.
1223,5942,7,24,141,172,1.2209302325581395,0.0385038475891001,641,"Honey, you said you wouldn't be back until Tuesday."
8746,5943,5,26,132,163,1.2208588957055215,0.03795952499611685,641,"No, they are not helping me fall asleep."
9024,5943,4,28,131,163,1.2208588957055215,0.036948412359557335,641,"Yeap, Central Park is fine."
6211,5943,7,22,134,163,1.2208588957055215,0.039904965380371915,641,We are all flocked up here.
5257,5943,5,26,132,163,1.2208588957055215,0.03795952499611685,641,"Hello, Serta?  Weren't you supposed to be here a week ago?"
2427,5943,6,24,133,163,1.2208588957055215,0.038944394975012134,641,Last week it was pink elephants.
2758,5943,7,22,134,163,1.2208588957055215,0.039904965380371915,641,"Nothing much, just the same old same, what's up with you?"
4196,5943,4,28,131,163,1.2208588957055215,0.036948412359557335,641,"I do house sitting on the side, I'd never quit my day job."
899,5950,4,26,124,154,1.2207792207792207,0.03826155328951963,641,So you're saying that when I keep yelling I'm a man needing  REM sleep they thought I said I had a Ram needing them sheep?
1220,5950,7,20,127,154,1.2207792207792207,0.04145592567531924,641,You wanted me to bring home bacon???
2362,5950,8,18,128,154,1.2207792207792207,0.042467354655325626,641,"Yeah, I'm over here in Brooklyn. The super said ewes could stay all night."
3141,5950,3,28,123,154,1.2207792207792207,0.037135751268866715,641,"Yeah, I’d like 15 lemon grass soups, 300 spring rolls, 100 pounds of your fermented cabbage. Thanks."
6064,5950,6,22,126,154,1.2207792207792207,0.040419195140106126,641,Yes - I took the organic approach to curing my insomnia. Any other suggestions?
7847,5950,6,22,126,154,1.2207792207792207,0.040419195140106126,641,I didn't see no Star of Bethlehem.
8596,5950,7,20,127,154,1.2207792207792207,0.04145592567531924,641,My name is Mary. I want to report a dog missing.
7919,5957,4,24,117,145,1.2206896551724138,0.039717592053266644,641,"Because, it's a jungle out there!"
7826,5957,7,18,120,145,1.2206896551724138,0.04318383309004413,641,We’re on a break.
7364,5957,2,28,115,145,1.2206896551724138,0.03722789595563596,641,"Yes, grazing is quite the rage now."
6144,5957,5,22,118,145,1.2206896551724138,0.04090565436614768,641,"The room is nice, but I lost Mitzi in Central Park."
7013,5957,3,26,116,145,1.2206896551724138,0.03849287827503528,641,C’mon over. The gang’s all here.
1960,5957,4,24,117,145,1.2206896551724138,0.039717592053266644,641,So you're telling me this pillow will solve all my problems?
3466,5957,6,20,119,145,1.2206896551724138,0.0420601711805333,641,"Hello? Yes, this is the lonely shepherd looking for his Bo Peep."
1750,5957,7,18,120,145,1.2206896551724138,0.04318383309004413,641,"Mitch here, I’m caucusing with my Senate Committee Chair colleagues right now; I’ll let you know which way to vote later!”"
1094,5957,5,22,118,145,1.2206896551724138,0.04090565436614768,641,Did you say YOU're feeling a little sheepish?
608,5966,4,20,103,127,1.220472440944882,0.043173374153718636,641,"The New Yorker wants me to be in this cartoon, but I know the caption's going to be the worst, stupidest low-hanging fruit joke ever."
683,5966,4,20,103,127,1.220472440944882,0.043173374153718636,641,"Hello, Grubhub?"
121,5968,8,23,146,177,1.2203389830508475,0.038596484459621286,641,Yes? Four kids on sugar? We´re coming!
2278,5968,7,25,145,177,1.2203389830508475,0.037755625769599045,641,"I've counted then at least three times, and I still can't get to sleep . . ."
1338,5970,7,23,138,168,1.2202380952380953,0.03908126110969422,641,now remember we are only here for the weekend
1844,5970,7,23,138,168,1.2202380952380953,0.03908126110969422,641,Hurry!  We need to get the flock out of here!
7098,5970,7,23,138,168,1.2202380952380953,0.03908126110969422,641,You really don't have daily carpet cleaning service available?
7622,5970,9,19,140,168,1.2202380952380953,0.04086461756560951,641,"I appreciate the fact-checking. Yup, lost. Yup, left them alone. Yup, bringing tails.  It's all true."
8676,5970,7,23,138,168,1.2202380952380953,0.03908126110969422,641,"Yes, I’d like to order the Olympic hurdle jumping channel."
6550,5975,2,31,126,159,1.220125786163522,0.035295108236183356,641,"Yes, one dozen matcha wheatgrass cappuccinos with oat milk. Thanks."
7371,5975,8,19,132,159,1.220125786163522,0.04151401740140245,641,That's not funny. A Scotsman with a lot of girlfriends is not called a shepherd.
7268,5975,5,25,129,159,1.220125786163522,0.038530236867996566,641,"Mary, it's simply not true.  I do not have the tendency to go overboard with my gifts!"
7785,5975,6,23,130,159,1.220125786163522,0.03954985017675705,641,"So, what are ewe up to?"
5129,5975,8,19,132,159,1.220125786163522,0.04151401740140245,641,It’s a business write off.
5598,5975,6,23,130,159,1.220125786163522,0.03954985017675705,641,"Yeah, but I'm not ready for bed yet."
1748,5975,6,23,130,159,1.220125786163522,0.03954985017675705,641,"Hey, Bo Peep.  You having trouble sleeping as well?"
999,5975,6,23,130,159,1.220125786163522,0.03954985017675705,641,"Whadda ya mean, “imagine counting sheep ...”?"
197,5975,6,23,130,159,1.220125786163522,0.03954985017675705,641,They get really antsy during the commercials.
2854,5975,5,25,129,159,1.220125786163522,0.038530236867996566,641,All I can tell you is that all the grazing land is being used by someone named Amazon.
8164,5985,4,25,121,150,1.22,0.038853824609694415,641,"Urban sprawl has brought me to greener pastures, but my flock disagrees"
8079,5985,7,19,124,150,1.22,0.042167239210550905,641,"Oh, for bleats sake, it’s a cane not a crook but I do know where to find them."
7350,5985,7,19,124,150,1.22,0.042167239210550905,641,"The bit was great for Halloween, but now...."
6985,5985,4,25,121,150,1.22,0.038853824609694415,641,"Hello Room Service: Yes , I'd like to order a dozen shepherds pies."
6299,5985,3,27,120,150,1.22,0.03768466834387587,641,"Under the haystack fast asleep, it's a younger man's game."
5853,5985,4,25,121,150,1.22,0.038853824609694415,641,"I just want to hear what Shepard Smith has to say, then we can move on"
7630,5985,6,21,123,150,1.22,0.041092464078305725,641,"No,no sheep are allowed in Sheep Meadow."
4326,5985,6,21,123,150,1.22,0.041092464078305725,641,"I would have invited you, but you don’t have a woolly coat.”"
3219,5985,4,25,121,150,1.22,0.038853824609694415,641,Security? I suspect there’s a wolf in my room.
2810,5985,2,29,119,150,1.22,0.036478058741864876,641,You won't believe this but they love Monday night football!
2417,5985,4,25,121,150,1.22,0.038853824609694415,641,How can I produce refined wool when they always run past Broadway and go to Central Park?
1653,5985,7,19,124,150,1.22,0.042167239210550905,641,"Well, it wasn't exactly what I had in mind when I said  I wanted to stay at Trump Towers."
5404,5985,7,19,124,150,1.22,0.042167239210550905,641,"No, seriously Bo, I can tell you where to find them.
Tori Sack, Del Mar, CA"
2873,5998,7,17,117,141,1.2198581560283688,0.04398143499559284,641,"Hello , Miss Bo Peep ,I think I've found them all."
532,5998,5,21,115,141,1.2198581560283688,0.04161408870904326,641,I don't think it's going to work.  I'm seeing a cat lady.
751,5998,6,19,116,141,1.2198581560283688,0.04281412736092889,641,"Yes mom, I took the flock to a safe location, no wolves have been seen here."
135,5998,6,19,116,141,1.2198581560283688,0.04281412736092889,641,I can’t hear you over the baa-ckground noise.
919,6002,5,19,108,132,1.2196969696969697,0.0434388037525702,641,Once you get used to the smell it's not so bad.
3951,6002,5,19,108,132,1.2196969696969697,0.0434388037525702,641,"Bo-Peep here, you can cancel the lamb alert."
3770,6004,3,32,138,173,1.2196531791907514,0.03461480233400314,641,"‘Okay, who’s got the remote?’"
4435,6004,7,24,142,173,1.2196531791907514,0.038301930514333934,641,It's so hard to find good staff these days.
6075,6004,7,24,142,173,1.2196531791907514,0.038301930514333934,641,BUT IT WAS JUST A SHORT NAP.
7296,6004,6,26,141,173,1.2196531791907514,0.037414229191567956,641,Sheepish?
7723,6004,8,22,143,173,1.2196531791907514,0.03916951896884303,641,"Oh they're fine, fine. But hey, and don't tell Pa, but how do you tally the flock without falling asleep!"
982,6009,8,20,136,164,1.2195121951219512,0.04061547703765923,641,I said stock not flock
3235,6009,5,26,133,164,1.2195121951219512,0.037751382461241274,641,Mine prefer Fox News...
6917,6011,5,24,126,155,1.2193548387096773,0.03912637056033424,641,The rent is a little steep but the view is amazing... and it has new carpet!
4579,6011,6,22,127,155,1.2193548387096773,0.04018283282430401,641,One more sheep pun and I unfriend you!
7538,6011,5,24,126,155,1.2193548387096773,0.03912637056033424,641,"I'll show them, they are not going to put me out to pasture!"
7235,6011,9,16,130,155,1.2193548387096773,0.043197472095830865,641,Of course they'd be part of the reality show!
3931,6011,6,22,127,155,1.2193548387096773,0.04018283282430401,641,Bo-Peep’s lifestyle changes when she cashes in the royalties from her famous poem.
4256,6011,7,20,128,155,1.2193548387096773,0.041212221905004565,641,"NEWS FLASH""
Little Bo Peep has found her sheep and is relocated somewhere in the city"
2785,6011,6,22,127,155,1.2193548387096773,0.04018283282430401,641,What's your Netflix password?
2909,6011,6,22,127,155,1.2193548387096773,0.04018283282430401,641,"Hello, Mr. Wolf speaking."
1941,6011,6,22,127,155,1.2193548387096773,0.04018283282430401,641,"I miss the old, old New York."
1400,6011,6,22,127,155,1.2193548387096773,0.04018283282430401,641,I'll take a bucket of chicken and two bales of hay.
1090,6011,5,24,126,155,1.2193548387096773,0.03912637056033424,641,I rate it 5 stars.....very eweser friendly.
8121,6022,6,20,120,146,1.2191780821917808,0.04179843515470749,641,My side hustle just ate my carpet.
2195,6022,3,26,117,146,1.2191780821917808,0.03825819190073683,641,"For future reference, that alleged short cut should not be taken."
5186,6022,6,20,120,146,1.2191780821917808,0.04179843515470749,641,"Look, the online description clearly stated 100% wool. What I received was some cheap cotton/poly blend."
6463,6022,6,20,120,146,1.2191780821917808,0.04179843515470749,641,"I was promised virtual reality. Now, get out of here so I can get to sleep!"
5625,6026,7,25,146,178,1.2191011235955056,0.037563318041738646,641,I'm so sorry I led you here. I swear the pilot looked promising.
4681,6027,6,18,113,137,1.218978102189781,0.04360736697635734,641,Hey now that I'm woke I know they're really just sheeple.
8445,6027,6,18,113,137,1.218978102189781,0.04360736697635734,641,"So far, they don't seem to like it here, but the next segment is about coyotes in the city."
3214,6029,7,23,139,169,1.2189349112426036,0.03887117402457423,641,Looking forward to the day I lose my sheep and they write about it.
6662,6029,6,25,138,169,1.2189349112426036,0.03795425920649814,641,I’m just binge watching another season of “Herders”.
7543,6029,7,23,139,169,1.2189349112426036,0.03887117402457423,641,i thought you said this was the pen house
7628,6032,6,23,131,160,1.21875,0.03932595902783707,641,"I know, I know, I cried false news three times, but this time I really am in Manhatten and under indictment for hiring a flock of sheep!"
8655,6032,5,25,130,160,1.21875,0.038313374965641724,641,"Baa, Baa...Have I any WHAT?"
8572,6032,8,19,133,160,1.21875,0.04127667328966368,641,"Oh, just woke from a nap, feeling a little woolly."
8561,6032,5,25,130,160,1.21875,0.038313374965641724,641,"After a long day of being followed, Mary liked to relax by putting her feet up"
7952,6032,5,25,130,160,1.21875,0.038313374965641724,641,"I keep counting sheep, but I'm still wide awake."
8802,6032,4,20,104,128,1.21875,0.042869371029220206,641,Could I have a wakeup call for seven a.m.
7258,6032,5,18,105,128,1.21875,0.04428108477108411,641,Your rack of lamb order is ready for pickup.
1686,6032,6,23,131,160,1.21875,0.03932595902783707,641,"The wagon broke down, so I brought them home."
5450,6032,7,21,132,160,1.21875,0.04031311704222805,641,"I know, I know but the salesperson said it complemented the hat perfectly."
5021,6032,3,22,103,128,1.21875,0.04140955779017633,641,"Mary had some little lambs, and a 90 inch screen TV.."
4689,6032,9,17,134,160,1.21875,0.04221824380600042,641,"When I finish counting, turn off the TV. The orange clown gives me nightmares."
3484,6032,5,18,105,128,1.21875,0.04428108477108411,641,"They were here when I got home.
They must've caught the Ocean Avenue Express out of Flatbush."
3459,6032,6,23,131,160,1.21875,0.03932595902783707,641,"I’m sorry, honey.  I feel sheepish."
5826,6032,7,21,132,160,1.21875,0.04031311704222805,641,He fell asleep and lost count!
6171,6046,7,26,150,183,1.2185792349726776,0.03686216420308999,641,I’m not sleeping any better but my shearling sales are off the charts!
1177,6047,8,17,126,151,1.218543046357616,0.04295286161573026,641,"Please, I need to get in touch with Bo-Peep."
3863,6047,3,27,121,151,1.218543046357616,0.0374626109237906,641,I think they are suspicious of my sheepskin lining in my coat and boots.
1026,6047,5,23,123,151,1.218543046357616,0.03974981331690023,641,You can count on me!
6248,6047,6,21,124,151,1.218543046357616,0.04084541442413053,641,We know a lot of people are losing sleep over this strike but the sheep have legitimate grievances!
310,6047,4,25,122,151,1.218543046357616,0.03862314640183871,641,You say you want them now? But we're watching Silence of the Lambs.
662,6047,9,15,127,151,1.218543046357616,0.04396872231178234,641,Why? They wanted to see Sheepshead Bay.
7637,6053,7,12,100,119,1.218487394957983,0.049437317959208596,641,When will Wolf be back in the office? I've called three times already.
7503,6054,9,20,145,174,1.2183908045977012,0.03980766889015049,641,I’m fine. How about ewe?
9044,6055,3,25,114,142,1.2183098591549295,0.038858187858800394,641,I said sleep hard not sheep herd.
8629,6055,5,21,116,142,1.2183098591549295,0.04134899037949917,641,I searched for months to get an Airbnb with a view like this.
7843,6055,2,27,113,142,1.2183098591549295,0.037550880719402255,641,"Actually, they preferred Broadway over Central Park"
6843,6055,4,23,115,142,1.2183098591549295,0.040122922183421145,641,Im not sure but they get a little agitated by CNN's Blitzer!
6085,6055,4,23,115,142,1.2183098591549295,0.040122922183421145,641,I doubt the wolf will find us.
3984,6055,3,25,114,142,1.2183098591549295,0.038858187858800394,641,They’re not used to city life.
449,6055,4,23,115,142,1.2183098591549295,0.040122922183421145,641,I can't seem to make rhyme or reason of my life anymore.
129,6055,5,21,116,142,1.2183098591549295,0.04134899037949917,641,"Hello, 911? I'm allergic to wool, and you'll never believe the predicament I'm in."
1282,6055,6,19,117,142,1.2183098591549295,0.04253973585097774,641,"Yeah, they're still here...I thought we'd already gone over this!?"
8320,6064,6,24,135,165,1.2181818181818183,0.038517163193983975,641,Send Lil Bo Peep over!
8608,6064,6,24,135,165,1.2181818181818183,0.038517163193983975,641,"Everyone's having a good time, we just got back from the Sheep Meadow in Central Park"
5934,6064,9,18,138,165,1.2181818181818183,0.0412952945325998,641,We found the room with Air Baa n Baa.
5774,6064,3,30,132,165,1.2181818181818183,0.035522420673284934,641,"Meet me at The Greener Pastures, room 603."
3183,6064,5,26,134,165,1.2181818181818183,0.037545466177750446,641,I'm testing herd immunity.
3808,6064,5,26,134,165,1.2181818181818183,0.037545466177750446,641,"Behold, the good shepherd here."
1070,6064,4,28,133,165,1.2181818181818183,0.03654794386141595,641,Is this 1-800 shepherd hotline?
689,6064,6,24,135,165,1.2181818181818183,0.038517163193983975,641,"Room service does not serve lamb chops, correct?"
445,6064,8,20,137,165,1.2181818181818183,0.040390487995650357,641,Remember when you told me I can “manifest” anything? You should see what happened when I couldn’t get to sleep and started  counting sheep...
1263,6064,7,22,136,165,1.2181818181818183,0.03946494255056486,641,For heaven's sake I'm being fleesed.
3695,6074,6,17,110,133,1.218045112781955,0.044443273810524195,641,"Hello, front desk, would you let the beauty shop know that we have enough for the wigs until 2020, and are ready for the yellow dye."
2614,6074,4,21,108,133,1.218045112781955,0.04180146234154655,641,"What? No, it’s AirBaanbaa."
8916,6074,8,13,112,133,1.218045112781955,0.04693662663744293,641,Am I searching for the one lost sheep?  Who is this anyway?
224,6074,4,21,108,133,1.218045112781955,0.04180146234154655,641,Just got back from the farmers market.
1515,6074,9,11,113,133,1.218045112781955,0.048134894688317977,641,"It’s inconvenient to shop for groceries these days, and when I saw the offer on Amazon..."
2787,6079,5,24,127,156,1.2179487179487178,0.03890017318112145,641,I know that I can COUNT on them !
5569,6079,4,26,126,156,1.2179487179487178,0.03782208994202261,641,Steady handouts from tourists in the park keep us living in clover.
5936,6079,4,26,126,156,1.2179487179487178,0.03782208994202261,641,"Mark, you’re not going to believe what I herd today"
6604,6079,9,16,131,156,1.2179487179487178,0.04294269923137587,641,I thought you said counting sheep would help me fall asleep.
7872,6079,7,20,129,156,1.2179487179487178,0.04097132467224882,641,Looks like it’s lamb for dinner again
8954,6079,3,28,125,156,1.2179487179487178,0.0367123617007086,641,One of my comfort animals would like a massage.
7445,6085,6,20,121,147,1.217687074829932,0.041539885548607346,641,"Nope, wrong number. This is Little Bo Tweet."
5415,6085,7,18,122,147,1.217687074829932,0.04264680587695813,641,I've decided to telework today.
8216,6085,3,26,118,147,1.217687074829932,0.03802628316105504,641,"So you're telling me that if I buy the Persian emerald necklace for $49.99, you'll throw in a free toaster?"
5526,6085,4,24,119,147,1.217687074829932,0.03923246323085375,641,Little Bo Peep has ditched her sheep.
4563,6085,6,20,121,147,1.217687074829932,0.041539885548607346,641,"The real crook is the cable
company."
266,6085,8,16,123,147,1.217687074829932,0.043725713391807614,641,"I'm sure they do make a mean gin martini at the bar, Border Collie. But the sheep are getting restless up here."
1271,6085,5,22,120,147,1.217687074829932,0.04040265005263695,641,"Manger Ranger speaking, got a Christmas gig for me?"
489,6085,6,20,121,147,1.217687074829932,0.041539885548607346,641,"This is Beau Peep. Yep, I found them. Yep, I'll try to keep a better eye on them."
1767,6085,6,20,121,147,1.217687074829932,0.041539885548607346,641,How much is a big bowl of good tortilla chips and 20 gallons of sheep dip?
531,6085,3,26,118,147,1.217687074829932,0.03802628316105504,641,You should see the view. This AirBnB has everything.
8266,6095,7,23,140,170,1.2176470588235293,0.03866329833037824,641,Duane Reade? I asked for a delivery of lambskin CONDOMS!
652,6096,3,29,129,161,1.2173913043478262,0.036003420487427176,641,I think I'm in a b-a-a-a-a-d dream.
1175,6096,5,20,113,138,1.2173913043478262,0.042080570378038064,641,"Front desk, please send up 3 bales of grass."
3090,6096,6,23,132,161,1.2173913043478262,0.03910454630158591,641,"They are a long way from home Bo Peep, and they are not wagging their tails."
3319,6096,5,25,131,161,1.2173913043478262,0.03809889486455061,641,"Four legs and a tail? Yup, that’s him."
5963,6096,3,29,129,161,1.2173913043478262,0.036003420487427176,641,"Hello, McDonald here."
6439,6096,9,12,117,138,1.2173913043478262,0.046839305017570415,641,I don't mind working on the weekends if there is something to watch on TV.
6830,6096,4,27,130,161,1.2173913043478262,0.03706596873612352,641,"But the airbnb said ""near Sheep Meadow"""
8045,6096,6,18,114,138,1.2173913043478262,0.043319290462079475,641,"We're taking a break to watch the Rams beat the Giants.__Norma Stewart_Arcadia, Ca."
7324,6104,4,30,141,175,1.217142857142857,0.03520923684066699,641,Could you please connect me Bo Peeps room!
8570,6105,3,27,122,152,1.2171052631578947,0.037243093681966384,641,"I told you, some nights, ten sheep are simply not enough."
7887,6105,6,21,125,152,1.2171052631578947,0.04060127035236401,641,"The guy across the hall is kind of a wolf, but that's about it."
7348,6105,6,21,125,152,1.2171052631578947,0.04060127035236401,641,"No, I said ""sell"" not ""Ba"""
6904,6105,6,21,125,152,1.2171052631578947,0.04060127035236401,641,"Funny, that’s what I herd too!"
5037,6105,6,21,125,152,1.2171052631578947,0.04060127035236401,641,"Oh, not much.  I just sort of have the baaa's today."
3875,6105,7,19,126,152,1.2171052631578947,0.041660551244149774,641,"Our Black Friday special is buy 3 nights, get 1 free. We guarantee you'll fall asleep by sheep 42 or your money back!"
2102,6105,7,19,126,152,1.2171052631578947,0.041660551244149774,641,Good. How are ewe?
1654,6105,3,27,122,152,1.2171052631578947,0.037243093681966384,641,Urban Outfitters has really increased their catalog.
1542,6105,7,19,126,152,1.2171052631578947,0.041660551244149774,641,"Oh, a few friends and I came to town for the holidays."
4242,6105,5,23,124,152,1.2171052631578947,0.03951360244884129,641,They know I'm the killer.
1472,6115,4,28,134,166,1.216867469879518,0.036350877732882605,641,"Hello, Discovery Channel, we've taken a vote here.  My guests don't much like this program on lions."
3974,6115,7,22,137,166,1.216867469879518,0.03924849503273128,641,"Um, there’s been a bit of an accident on the elevator."
5503,6115,4,28,134,166,1.216867469879518,0.036350877732882605,641,I don't know what happened-they just followed me in.
6472,6118,4,23,116,143,1.2167832167832169,0.03987059257715485,641,"The cows are still in the corn, but someone sprayed Roundup on The Meadow, and there wasn’t enough room under the haystack."
2351,6118,4,23,116,143,1.2167832167832169,0.03987059257715485,641,Not sure if I’m getting tired or horny
2593,6118,5,21,117,143,1.2167832167832169,0.041087190323664265,641,"Hang on, I’m getting a Little Bo Beep."
3082,6118,4,23,116,143,1.2167832167832169,0.03987059257715485,641,That’s one large pepperoni and one extra large bale of hay.
5697,6118,7,17,119,143,1.2167832167832169,0.043418237195585,641,Is this Airbnb?
7211,6118,6,19,118,143,1.2167832167832169,0.04226878594107649,641,"Yes, room service? I'd like a pie."
7122,6124,9,21,150,180,1.2166666666666666,0.03881788321260431,641,"I said chic, not sheep."
5976,6124,4,31,145,180,1.2166666666666666,0.034589909293801936,641,"Yes, the flat is great.  Now I need a butcher and a tailor."
4794,6124,8,23,149,180,1.2166666666666666,0.03800993042188579,641,"No, I think you want the Cotton Bowl."
8752,6127,7,20,130,157,1.21656050955414,0.040733186698041,641,I think it's time to replace the sod in the living room.
115,6127,3,28,126,157,1.21656050955414,0.03650418098334813,641,"Yes, this fancy hotel accommodates pets."
617,6127,2,30,125,157,1.21656050955414,0.03536800689799933,641,"I am pet sitting right now, call you later!"
1595,6127,5,24,128,157,1.21656050955414,0.0386765285919154,641,"No, dude... just chillin' with my city flock before we go to the Merino Barber Shoppe for our dope cuts."
2970,6127,6,22,129,157,1.21656050955414,0.039718171927335184,641,"You know how the Bible says, ""he who enters by the door is the shepherd of the sheep. To him the gatekeeper opens.?""  Well, we were going to Central Park, and right at the Ritz-Carlton, the Door Man asked, ""Can I help you?"" And here we are..."
4525,6127,5,24,128,157,1.21656050955414,0.0386765285919154,641,They said they just couldn't miss Westminster this year.
5069,6127,6,22,129,157,1.21656050955414,0.039718171927335184,641,"Honey, is that ewe?"
5476,6127,5,24,128,157,1.21656050955414,0.0386765285919154,641,"All I know is, some stupid yuppie is out in the middle of a field with zero bars."
2664,6135,4,21,109,134,1.2164179104477613,0.04152023612273858,641,Bo Peep? You could have told me when you asked me to house-sit that your sheep would be coming home!
1968,6136,4,29,138,171,1.2163742690058479,0.0356733605047262,641,"Yeah, she thought I said I didn't want her to see my apartment because my roommates were sheepish."
2682,6136,7,23,141,171,1.2163742690058479,0.0384576000097948,641,"Hello, this is Mr. Popper, I ordered penguins..."
3499,6136,9,19,143,171,1.2163742690058479,0.04020678919936501,641,Send up housekeeping please. One of my guests had an accident on the carpet.
3942,6136,4,29,138,171,1.2163742690058479,0.0356733605047262,641,The Shepherds Union negotiated some awesome benefits.
8856,6136,5,27,139,171,1.2163742690058479,0.03662496551949997,641,"I like the digs, but the grass tastes funny."
6057,6141,5,22,121,148,1.2162162162162162,0.04015567763660926,641,Why did I think Uggs were a good idea?
1627,6141,4,24,120,148,1.2162162162162162,0.03899422756124355,641,People tell me I always sound sheepish.
7351,6141,6,20,122,148,1.2162162162162162,0.04128446572032289,641,"Hello,is this Little Bo Peep?
Guess what, I found your sheep!"
5970,6141,8,16,124,148,1.2162162162162162,0.043454164777694045,641,"Mom, the sheep are still here..."
4339,6141,8,16,124,148,1.2162162162162162,0.043454164777694045,641,Ewe don't say...
651,6141,6,20,122,148,1.2162162162162162,0.04128446572032289,641,"If you think a TV, Phone, and Internet bundle is a no-brainier, I have some locally-sourced high-altitude pashminas to tell you about."
3116,6141,6,20,122,148,1.2162162162162162,0.04128446572032289,641,I'm going against the herd mentality and taking my lunch break.
1667,6141,7,18,123,148,1.2162162162162162,0.04238320154459489,641,You’ve reached the offices of ewe asked for it. How may I direct your call?
4008,6141,5,22,121,148,1.2162162162162162,0.04015567763660926,641,I'm just counting sheep
42,6150,8,19,135,162,1.2160493827160495,0.04080992747347441,641,"I feel sheepish saying it, but I don't give a flock!"
2992,6150,5,25,132,162,1.2160493827160495,0.037886758532311306,641,"Hello, Whole Foods? I need a field of grass delivered to my home."
4673,6150,4,27,131,162,1.2160493827160495,0.0368608903308661,641,"Out of sleeping pills, dear, but we'll be there in ten minutes."
5365,6150,2,31,129,162,1.2160493827160495,0.034718334691933105,641,I'm here with the flock but where is the Christmas tree?
5660,6150,6,23,133,162,1.2160493827160495,0.03888557197968405,641,And the lion will watch TV with the sheep.
7818,6150,6,23,133,162,1.2160493827160495,0.03888557197968405,641,"Bo Peep, uhh..., your leave them alone strategy is not working."
7962,6150,6,23,133,162,1.2160493827160495,0.03888557197968405,641,I followed them here.
8930,6157,4,19,102,125,1.216,0.0433797931255199,641,"After a long day in the pasture, the flock enjoys watching Fox News."
4742,6158,9,20,147,176,1.2159090909090908,0.03939289875415388,641,"Yeah man,I got a message for Miss Peep: FINDERS  KEEPERS !"
1095,6158,7,24,145,176,1.2159090909090908,0.0377084916482334,641,My doctor suggested a more practical method for falling asleep.
100,6160,6,18,115,139,1.2158273381294964,0.04303493975637711,641,How many times do I have to count before I can I get some sleep.
5222,6160,6,18,115,139,1.2158273381294964,0.04303493975637711,641,They stop bleating when I turn on Fox News.
691,6162,6,21,126,153,1.2156862745098038,0.04035998197528621,641,I'm so very tired of always getting 'BAA' for an answer.
2342,6162,9,15,129,153,1.2156862745098038,0.04343876242553348,641,"Yes, this airbnb is immaculately kept."
2575,6162,6,21,126,153,1.2156862745098038,0.04035998197528621,641,Animal rights? Unbelievable! My lovely sheep are banned from a roof garden in Manhattan!
3287,6162,6,21,126,153,1.2156862745098038,0.04035998197528621,641,"No, I'm not busy, I'm just counting sheep."
4540,6162,6,21,126,153,1.2156862745098038,0.04035998197528621,641,"Well, at least the Condo Board didn't specify the size of the flock 
in the new CCR's."
4888,6162,6,21,126,153,1.2156862745098038,0.04035998197528621,641,"Hey Amazon, I ordered a wool coat.  How do I return these?"
4967,6162,4,25,124,153,1.2156862745098038,0.03816974614841471,641,"Mary? Yea, put me through to Jesus, This is not the view I asked for."
6421,6162,4,25,124,153,1.2156862745098038,0.03816974614841471,641,I can’t hear you. I think you may have accidentally pressed mutton.
7926,6162,8,17,128,153,1.2156862745098038,0.042437327543760756,641,We're not grazing. We're binging.
8244,6162,6,21,126,153,1.2156862745098038,0.04035998197528621,641,"I walked into a bar, had a few drinks with these fellas and then  they all followed me to my room..."
7358,6172,5,26,136,167,1.215568862275449,0.03714017467354157,641,yeah I don't know why I thought the city was the 'change of pace' I've been looking for
5773,6172,4,28,135,167,1.215568862275449,0.036155880681964556,641,They’re ba-a-a-a-ack!
3432,6172,9,18,140,167,1.215568862275449,0.04084081343891256,641,"Drowser Sleep Clinic?  Hi, this is Jim Hughes, again. Listen, I'm still  having  a hard time trying to count them with my eyes closed"
1635,6172,5,26,136,167,1.215568862275449,0.03714017467354157,641,"No not CLONE, I need a Drone and not THE boarder but a Border Collie"
1445,6172,8,20,139,167,1.215568862275449,0.03994780564010169,641,"Girl, you’ll never guess what I herd!...."
1999,6172,5,26,136,167,1.215568862275449,0.03714017467354157,641,"I’m telling you, honey, the new HD capabilities are wild..."
2247,6178,4,20,106,130,1.2153846153846153,0.04227379788275202,641,We've cornered the market on footstools and we're calling it Ottoman Empire.
138,6179,5,21,118,144,1.2152777777777777,0.040828628771899675,641,"Sorry, I can't shear you."
695,6179,3,25,116,144,1.2152777777777777,0.038376121913807286,641,And they just followed me when it was time to go home.
2205,6179,3,25,116,144,1.2152777777777777,0.038376121913807286,641,"Room service? I need a bale of hay, two bags of kitty litter, a butcher knife, and a jar of mint jelly."
2946,6179,5,21,118,144,1.2152777777777777,0.040828628771899675,641,"Yes, their fleeces are as white as snow."
4756,6179,8,15,121,144,1.2152777777777777,0.04425327353732021,641,"Is this the Home Shopping , I would like to order a wolf ."
5600,6179,7,17,120,144,1.2152777777777777,0.04314194156089626,641,What time are you going to bed?
6100,6179,3,25,116,144,1.2152777777777777,0.038376121913807286,641,"Hook or by crook, I promise to have them out if here as soon as Jeopardy is over!"
6435,6179,7,17,120,144,1.2152777777777777,0.04314194156089626,641,"So, roll it with sticky tape?"
7472,6179,5,21,118,144,1.2152777777777777,0.040828628771899675,641,no matter what John says I'm not laying my life down for all of you.
5352,6188,10,14,134,158,1.2151898734177216,0.04338139774782976,641,"Hey honey, are you coming over for dinner? Good, I'm thinking lamb chops."
8925,6188,6,22,130,158,1.2151898734177216,0.03948978412477863,641,"You could say that Little Bo Peep lost her sheep. Actually, she dumped them all on me."
4413,6188,5,24,129,158,1.2151898734177216,0.03845539487689824,641,I'm done with this job and so are the sheep.
4817,6188,4,26,128,158,1.2151898734177216,0.03739240217015649,641,"OK, Alexa What's Next?"
3320,6188,3,28,127,158,1.2151898734177216,0.03629829314129352,641,I'm sorry to say the Park Ranger was not amused when I reminded him that we were in Sheep Meadow.
1583,6188,6,22,130,158,1.2151898734177216,0.03948978412477863,641,Waiting for the still water.
1505,6188,6,22,130,158,1.2151898734177216,0.03948978412477863,641,"No, the city is great. Although, sometimes I do wish I was back on the farm."
2527,6195,6,25,141,172,1.2151162790697674,0.03735468589012319,641,"This is Mary, you must be looking for Bo-Peep"
6221,6195,6,25,141,172,1.2151162790697674,0.03735468589012319,641,"So then she tells me, ‘Don’t lose any.' Like I haven’t been a shepherdess my entire junior year."
6294,6195,8,21,143,172,1.2151162790697674,0.03913274166166322,641,"Hello?  Yes, I'm calling because my TV reception is baaad."
6582,6195,6,25,141,172,1.2151162790697674,0.03735468589012319,641,I seem to have made a wrong turn.
7654,6195,3,31,138,172,1.2151162790697674,0.03451628876250621,641,"I heard you.  Actually, I herd a lot!"
6925,6200,3,23,109,135,1.2148148148148148,0.03987984327909519,641,I'm thinking lamb this Christmas.
5868,6200,7,15,113,135,1.2148148148148148,0.04508475549472757,641,I thought they said it was a cheap rent!
988,6200,7,15,113,135,1.2148148148148148,0.04508475549472757,641,"Hello, Front Desk, Can you send up a dog so we can find the bedroom and get some sleep?"
3075,6200,7,15,113,135,1.2148148148148148,0.04508475549472757,641,"Yes, I had enough miles."
3861,6204,5,22,122,149,1.2147651006711409,0.039911654648582935,641,I can lead them to you but I can’t count them for you.
7850,6204,7,18,124,149,1.2147651006711409,0.04212279216673749,641,"Sir, don't worry, there are no wolves in Central Park!"
6844,6204,4,24,121,149,1.2147651006711409,0.03875881132362739,641,"Honey, Do You have any leftover grass from your smoothies ??"
6834,6204,7,18,124,149,1.2147651006711409,0.04212279216673749,641,"I was just trying to download ""I Know I'll Never Find Another You"""
3582,6204,8,16,125,149,1.2147651006711409,0.04318592758630253,641,"Yeah, that Pastoral Lifestyle is WAY  overrated."
3514,6204,5,22,122,149,1.2147651006711409,0.039911654648582935,641,I’m watching a fascinating documentary on sheep herding.
3025,6204,6,20,123,149,1.2147651006711409,0.04103212032487422,641,They're all heading in for Tucker Carlson.
2000,6204,7,18,124,149,1.2147651006711409,0.04212279216673749,641,I asked YOU to come over. Not ewe.
5,6204,5,22,122,149,1.2147651006711409,0.039911654648582935,641,9-1-1? I'd like to report a wolf.
3646,6204,4,24,121,149,1.2147651006711409,0.03875881132362739,641,"Alright, you proved your point. I'm the black sheep of the family."
2784,6214,7,21,135,163,1.2147239263803682,0.039636242018013995,641,I was just sitting here trying to fix my umbrella.
7488,6214,5,25,133,163,1.2147239263803682,0.037676928712843845,641,"Yeah, this just seemed easier."
4989,6216,6,26,145,177,1.2146892655367232,0.036649010510758834,641,Hey! Let's get the flock outa here...
8089,6216,5,28,144,177,1.2146892655367232,0.035762391363413255,641,"I'm tired, I can't sleep and  yes ...... I lost one sheep"
1933,6216,4,30,143,177,1.2146892655367232,0.03485322511105908,641,I'm watching Far From the Madding Crowd.
4167,6216,8,22,147,177,1.2146892655367232,0.03836082170904663,641,"I thought the realtor said, Urban *Chic* Oasis."
4230,6216,5,28,144,177,1.2146892655367232,0.035762391363413255,641,"yes, its a very baaaad problem"
4946,6216,9,20,148,177,1.2146892655367232,0.0391886970640903,641,"Sir, we can only two bags."
7242,6216,6,26,145,177,1.2146892655367232,0.036649010510758834,641,What am I doin? Mutton.
6779,6223,5,23,126,154,1.2142857142857142,0.03904935806371853,641,"Yes, I will need these guys later tonight."
6766,6223,4,25,125,154,1.2142857142857142,0.03794693567819258,641,"Not a permanently new number, just using a burner phone until the FTC investigation of my nativity scene monopoly quiets down"
5307,6223,4,25,125,154,1.2142857142857142,0.03794693567819258,641,"RoomService , Got anything VEGAN???"
985,6223,9,18,141,168,1.2142857142857142,0.040617258660421936,641,Sorry. What did I say to make you think I was a pastor?
8118,6223,5,23,126,154,1.2142857142857142,0.03904935806371853,641,"Hello, Bo Peep? I found something that belongs to you."
8508,6223,3,27,124,154,1.2142857142857142,0.03681151300260926,641,Integrated Verticle Shepherding
8884,6223,4,25,125,154,1.2142857142857142,0.03794693567819258,641,"Hey, what’s the channel for that sheep dog show?"
4586,6223,8,17,129,154,1.2142857142857142,0.04218411642620172,641,"No!  You're wrong.  I ordered a shock of wheat for the holidays. And, no, I don't know how many.  Every time I get ta dozen or so, I fall asleep!"
7520,6223,9,18,141,168,1.2142857142857142,0.040617258660421936,641,"You were right, Emma. I should have just adopted kittens instead."
4440,6223,7,19,128,154,1.2142857142857142,0.04116572896033456,641,"On the crowded freeway, I lost the black one."
536,6223,7,22,139,168,1.2142857142857142,0.03882254116139484,641,"Hey Marvin, the girls are here already, so where the bleep are you?"
3726,6223,4,25,125,154,1.2142857142857142,0.03794693567819258,641,Table for 16 please.
3611,6223,7,19,128,154,1.2142857142857142,0.04116572896033456,641,"George, Sorry to call so late, but would you turn on the new extra high definition TV we both bought last week, stream the new Google  test video called 'New Zealand Farming,' press the enhanced reality button on the remote and call me right back."
3064,6223,6,21,127,154,1.2142857142857142,0.04012150050798342,641,I don't know how it happened. I was just watching a rerun of Lassie.
2454,6223,7,19,128,154,1.2142857142857142,0.04116572896033456,641,It's really a no brainer; Sheep's Meadow after curfew or a group rate at the Pierre.
1403,6223,7,19,128,154,1.2142857142857142,0.04116572896033456,641,"Yes, we're all watching the rally, but they're having a hard time understanding why all those humans in the background with the red caps on are so fawning and compliant."
4197,6223,5,20,115,140,1.2142857142857142,0.04153493098406951,641,"You're being anti-semantic, the lease only says no pets."
54,6223,4,22,114,140,1.2142857142857142,0.04027872352660409,641,Just one pair of chopsticks.
7,6223,5,23,126,154,1.2142857142857142,0.03904935806371853,641,Do you have a Bo Peep costume?
8796,6242,8,21,144,173,1.2138728323699421,0.03892574871775846,641,"Hi, AirBnBleat?"
8081,6243,10,14,135,159,1.2138364779874213,0.04312893549765127,641,"Hello, City Animal Control Department?  Yes, this is Joe B. A. Shepherd. I 'd like to report a flock of sheep in my living room""  ""Whadda ya mean:  'What am I wearing?"
6942,6243,9,16,134,159,1.2138364779874213,0.04219589531293957,641,All we do is sit around and watch Green Acheres!​
5319,6243,7,20,132,159,1.2138364779874213,0.04026500452577324,641,The disappearance of open space has caused unforeseen changes to our work force.
4001,6243,4,26,129,159,1.2138364779874213,0.03718112561180088,641,I'm staging Isaiah 53:6.
7111,6243,6,22,131,159,1.2138364779874213,0.03926396685971161,641,"Listen Bo Peep, my landlord’s totally down with urban farming. Plus, my apartment has rent control."
1713,6243,5,24,130,159,1.2138364779874213,0.03823673100123131,641,"having a relationship with sheep can be as complex as reading Proust, I think. I don’t think, I know it.”"
523,6243,6,22,131,159,1.2138364779874213,0.03926396685971161,641,"Room service? Yes, there's something flocked up about my room."
3747,6243,6,22,131,159,1.2138364779874213,0.03926396685971161,641,"'""Hello Super Carpet Cleaners, I need an appointment right away."""
6041,6251,5,21,119,145,1.2137931034482758,0.04057324734419032,641,"Listen buddy, I said high graze area not high rise."
5537,6251,6,19,120,145,1.2137931034482758,0.04173696012727657,641,Bahd idea.
4332,6251,6,19,120,145,1.2137931034482758,0.04173696012727657,641,"Listen, I need to get the flock out of town as soon as possible."
2589,6251,7,17,121,145,1.2137931034482758,0.042869094710279346,641,"Nah, staying in tonight. Netfleece and chill."
3536,6251,6,19,120,145,1.2137931034482758,0.04173696012727657,641,"Bopeep, don't weep. They're here with me."
1200,6251,6,19,120,145,1.2137931034482758,0.04173696012727657,641,Boo peep got elected to the congress
836,6251,7,17,121,145,1.2137931034482758,0.042869094710279346,641,"10 orders of grass, clover and forbs and one Happy Meal."
772,6251,6,19,120,145,1.2137931034482758,0.04173696012727657,641,"Nope, just hanging out"
1552,6251,4,23,118,145,1.2137931034482758,0.039375156627495723,641,"Hi room service , anything but lamb chops."
2175,6260,3,22,106,131,1.213740458015267,0.040559263509874634,641,"Suck it, Bo Peep"
2346,6260,6,16,109,131,1.213740458015267,0.044691982421373413,641,"Make that 13 of the Special, hold the lamb."
2526,6262,2,21,94,117,1.2136752136752136,0.04175112541577314,641,they are in heat ; they want to watch the LA Rams
1140,6263,2,34,142,178,1.2134831460674158,0.032796238116652124,641,"No, vegetables are so 2018, vertical livestock is where its at."
8200,6264,6,23,135,164,1.2134146341463414,0.03845478260807896,641,Pastoral herding is so last season.
7819,6264,11,13,140,164,1.2134146341463414,0.04304478831253319,641,"I just feel like you don't respect me when you call me a goatfucker, Janet."
5315,6264,7,21,136,164,1.2134146341463414,0.03941556804768705,641,"Honey, I've found a way to lower our heating bill."
4872,6264,5,25,134,164,1.2134146341463414,0.03746936890778087,641,"oh, just hanging out with my baaads..."
3230,6264,8,19,137,164,1.2134146341463414,0.04035348440480803,641,I said I am sheepish not a shepherd
2585,6264,5,25,134,164,1.2134146341463414,0.03746936890778087,641,Nobody ever mentions how loud there going to be while your counting them !
4639,6264,5,25,134,164,1.2134146341463414,0.03746936890778087,641,About that sweater you wanted . . .
8633,6271,6,20,124,150,1.2133333333333334,0.04078279527880807,641,"Now that Halloween is over, what do I do with them?"
413,6271,4,24,122,150,1.2133333333333334,0.03852616608912985,641,"Yeah, turns out there IS an app for that."
1222,6271,8,16,126,150,1.2133333333333334,0.04292094253367604,641,Your order of a sheepskin coat will ship in two weeks.
1546,6271,6,20,124,150,1.2133333333333334,0.04078279527880807,641,Can I help it if I took the sleep advice literally?
1860,6271,6,20,124,150,1.2133333333333334,0.04078279527880807,641,"I don't know what to do, they just won't stop watching Veep."
3771,6271,6,20,124,150,1.2133333333333334,0.04078279527880807,641,My recollection of how we all got here is a little wooley.
4373,6271,7,18,125,150,1.2133333333333334,0.041865521009132864,641,But I’ve never vacuumed before.
6505,6271,5,22,123,150,1.2133333333333334,0.03967052976883715,641,"...Nothing, just watching the game with a 12 pack of ewes."
8692,6271,6,20,124,150,1.2133333333333334,0.04078279527880807,641,"What will I do? Dunno. Count sheep, I guess."
7951,6280,4,21,111,136,1.213235294117647,0.040968780604709626,641,It's kind of a baaaaad time to come over.
8588,6280,7,15,114,136,1.213235294117647,0.0447798880063109,641,"Netflix original, Sheep in the City, finds its niche demographic."
3606,6280,3,23,110,136,1.213235294117647,0.03961702313858518,641,I just wanted to get on the grid.
4706,6283,6,27,150,183,1.2131147540983607,0.03580093207207664,641,They followed me home from Sheep Meadow.
7979,6284,5,26,138,169,1.21301775147929,0.03674338186822071,641,Now I'm really flocked.
3644,6285,5,23,127,155,1.2129032258064516,0.03882123291697811,641,I should run for office.
5529,6285,5,23,127,155,1.2129032258064516,0.03882123291697811,641,"You've reached Bo-Peep's Sheep Herding Service.  Bo, speaking."
7038,6285,9,15,131,155,1.2129032258064516,0.042921286647067805,641,"WHAT, humbug?"
4719,6285,4,25,126,155,1.2129032258064516,0.0377266609260996,641,I was dreaming and then this........
4013,6285,6,21,128,155,1.2129032258064516,0.0398857782393128,641,It all started when I upgraded to the premium package...
2340,6285,3,27,125,155,1.2129032258064516,0.03659936835618227,641,Where is Little Bo Peep?
8360,6285,3,27,125,155,1.2129032258064516,0.03659936835618227,641,Trying to decide one for my sofa wool cover
1480,6285,7,19,129,155,1.2129032258064516,0.040922640265713704,641,I can do three bags times a hundred....but were outta black.  Sorry.  Check Amazon.
1036,6285,6,21,128,155,1.2129032258064516,0.0398857782393128,641,Stand still so I can count you. I just want to fall asleep.
190,6285,4,25,126,155,1.2129032258064516,0.0377266609260996,641,No one gives a shepherd a pension.We never retire.
7260,6285,4,25,126,155,1.2129032258064516,0.0377266609260996,641,Hamilton tickets were too expensive so we're just going to hang out at the Sheep Meadow.
2132,6285,8,17,130,155,1.2129032258064516,0.04193387254807725,641,I guess you could say I am polyamorous...in a way.
6445,6297,5,20,116,141,1.2127659574468086,0.041267298590509226,641,"I don't know what they've been watching, but Neflix is recommending 'Ewes Gone Wild' next."
6425,6297,4,22,115,141,1.2127659574468086,0.040020904666992804,641,My first record earned quite a following.
8442,6297,5,20,116,141,1.2127659574468086,0.041267298590509226,641,"I just didn't want to take Ambien for my afternoon naps, ya know?"
8427,6297,7,16,118,141,1.2127659574468086,0.04365345551208611,641,"Mr.President, as the Shepherd Majority Leader, let me assure you that nobody in this room wants to protect the Special Counsel."
7249,6297,2,26,113,141,1.2127659574468086,0.03740372394798531,641,I suspect our “well-trained” herding dog wanted to stop off at the Westminster Dog Show
4760,6297,3,24,114,141,1.2127659574468086,0.03873442509926807,641,"Make that an order of sweet and sour pork, a side order of chicken fried rice and 250 pounds of forbs."""
1607,6297,4,22,115,141,1.2127659574468086,0.040020904666992804,641,"Aww, sheep. Flock that."
3157,6297,5,20,116,141,1.2127659574468086,0.041267298590509226,641,"When I developed hay-fever the union argued they had a duty to accommodate, so here we are."
2008,6297,2,26,113,141,1.2127659574468086,0.03740372394798531,641,"Yeah, I'm just gonna stay in and NetFlock and chill tonight."
4299,6297,3,24,114,141,1.2127659574468086,0.03873442509926807,641,"To put it gently, your strict stance on my 'no pets allowed' policy leaves me feeling rather sheepish."
840,6297,4,22,115,141,1.2127659574468086,0.040020904666992804,641,Ummm I thought the app was for virtual shepherd...
1771,6308,9,19,146,174,1.2126436781609196,0.03956954952342283,641,"The lease specified “No Pets” flocks and working from
home was not."
1919,6308,6,25,143,174,1.2126436781609196,0.03696521263729962,641,"Turns out Sheepshead is a kind of fish. Oh, and we're being evicted."
8221,6310,4,26,130,160,1.2125,0.036972176347888575,641,They love watching their better half LA Rams on TV.
7992,6310,9,16,135,160,1.2125,0.0419526350174296,641,Thank ewe.
6606,6310,3,28,129,160,1.2125,0.03589325106058398,641,I could have sworn I counted twelve sheep last night
5767,6310,5,24,131,160,1.2125,0.038020496789240264,641,"Yes, I'd like to order some sod, free shipping please."
5159,6310,6,22,132,160,1.2125,0.0390406778668338,641,What shall I do. I am surrounded by sheep.
4470,6310,4,26,130,160,1.2125,0.036972176347888575,641,Thank you Jesus.
3131,6310,4,26,130,160,1.2125,0.036972176347888575,641,I was just standing in front of my sheep wagon when some people from publishers clearing house drove up.
1253,6310,6,22,132,160,1.2125,0.0390406778668338,641,"Mary, where the heck are you? All these animals say they knew you when they were much younger."
590,6310,3,28,129,160,1.2125,0.03589325106058398,641,Have you tried counting sheep?  I've got some great guys I can send over.
334,6310,4,26,130,160,1.2125,0.036972176347888575,641,You will have your wool tomorrow.
2972,6310,5,24,131,160,1.2125,0.038020496789240264,641,Nothing. Just flockin' around.
541,6321,4,16,93,113,1.2123893805309736,0.04610513913732104,641,You caught me trying to take a nap.
5518,6322,6,19,121,146,1.2123287671232876,0.04147596251067558,641,I had a choice but I didn't think cows would work out as well.
314,6322,4,23,119,146,1.2123287671232876,0.039131941475064144,641,"Yep, I've looked there too..."
1176,6322,6,19,121,146,1.2123287671232876,0.04147596251067558,641,"You say, ""Leave them alone and they will come home?"""
2279,6322,7,17,122,146,1.2123287671232876,0.04259963353688066,641,"At least he didn't call me ""Lyin''"" or ""Crooked"""
2904,6322,4,23,119,146,1.2123287671232876,0.039131941475064144,641,"We put them to field, then we put them to couch--that's how it works, Greg."
5277,6322,5,21,120,146,1.2123287671232876,0.040320989011895604,641,What if you don't have a nice green lawn?
8075,6322,7,17,122,146,1.2123287671232876,0.04259963353688066,641,Now listen carefully -I''ll try it once more - If I had thirty sick sheep and two of them died how many would I have left.
5387,6329,5,28,146,179,1.2122905027932962,0.035402117549563586,641,"It worked wonders yesterday, but tonight I think there's one missing"""
4120,6330,5,18,109,132,1.2121212121212122,0.04305893167863623,641,"i can only get one of them on my couch, what is the problem?"
4498,6330,5,18,109,132,1.2121212121212122,0.04305893167863623,641,Her family is fixing to leave.
8490,6330,5,18,109,132,1.2121212121212122,0.04305893167863623,641,"I’m thinking the pills worked better, Doc. Thank"
409,6333,6,20,125,151,1.2119205298013245,0.040536437725873835,641,"That's a sheepish thing to say, Arnold"
3505,6333,5,22,124,151,1.2119205298013245,0.0394322528237114,641,Let's just say we've encountered some herdles.
5577,6333,7,18,126,151,1.2119205298013245,0.041611332642132466,641,The secret lies not with strength but with patience.
6894,6333,6,20,125,151,1.2119205298013245,0.040536437725873835,641,"Unfaithful? Honey Bun, your imagination is has gone wild."
6910,6333,4,24,123,151,1.2119205298013245,0.038296244489538965,641,Yes . . . and can you add a gallon of mint jelly?
8898,6333,6,20,125,151,1.2119205298013245,0.040536437725873835,641,Urban shepherding is much easier now that Netflix is showing Blue Planet.
524,6339,8,20,142,170,1.2117647058823529,0.03930144932236826,641,Franky I'm not sure what the plants were
605,6339,7,22,141,170,1.2117647058823529,0.03840560212474741,641,"I need one seat ASAP in coach, round trip, non stop to Bethlehem, with 12 sheep."
3143,6341,4,21,112,137,1.2116788321167884,0.0406984123781985,641,"Mother, is B-Peep at home?"
4162,6341,2,25,110,137,1.2116788321167884,0.037969413429685094,641,two  bags two bags  two bags full
7925,6341,6,17,114,137,1.2116788321167884,0.0432555798021186,641,"By shear luck, the herd’s all here."
4383,6344,10,13,133,156,1.2115384615384615,0.04362561167209823,641,"Hello, Border Collie Rescue? ... No, no. I’m the one who needs to be rescued!"
4863,6344,6,21,129,156,1.2115384615384615,0.03965276850371918,641,I  agree.  There definitely should have been a flag on that play.
5253,6344,6,21,129,156,1.2115384615384615,0.03965276850371918,641,This B and B is VERY accommodating...
1011,6344,3,27,126,156,1.2115384615384615,0.0363896014294354,641,Ms. Bo Peep?  Sam here with 'Good Shepherd Escort Services'.  We found your flock in Central Park West.  The bad news is that we've  contracted them out for a month.
3845,6344,2,29,125,156,1.2115384615384615,0.03523478545775999,641,We're awaiting a shipment of grass from Colorado
7114,6344,4,25,127,156,1.2115384615384615,0.03750887999036974,641,Directory Assistance? Do you have a listing for a Miss Bo Peep? I'll hold.
7959,6344,4,25,127,156,1.2115384615384615,0.03750887999036974,641,"Hi Sweetheart, no, I've been counting sheep all night but I'm good for dinner at 6.00pm"
5601,6344,4,25,127,156,1.2115384615384615,0.03750887999036974,641,You're gonna need a bigger crook
2944,6344,6,21,129,156,1.2115384615384615,0.03965276850371918,641,Hello Mrs. Peep... we were hot on 'Little Bo's tail until she reached the subway.
610,6344,3,27,126,156,1.2115384615384615,0.0363896014294354,641,"You need to find a side hustle, bro."""
2020,6344,5,23,128,156,1.2115384615384615,0.03859571302710641,641,Another down side to sharing the President's last name. They've been following me ever since.
1092,6344,5,23,128,156,1.2115384615384615,0.03859571302710641,641,I tried putting myself to sleep counting sheep but they started following me around.
727,6344,8,17,131,156,1.2115384615384615,0.04168654485427077,641,"HR?  I have a question about my ""unlimited paid time off."""
8388,6344,8,17,131,156,1.2115384615384615,0.04168654485427077,641,I think I now know what the landlord meant when she said she was sheepish.
2890,6344,3,27,126,156,1.2115384615384615,0.0363896014294354,641,I forgot the key to the barn!
5977,6359,9,19,147,175,1.2114285714285715,0.039361547946195154,641,I'll have to call you back - we've just had a wave of gentrification pass through
2502,6360,3,24,115,142,1.2112676056338028,0.038489855490454264,641,"Yes, we're complying with the carpeting requirement in the lease....and no, you are not hearing a lot of people stomping around!"
5803,6360,7,16,119,142,1.2112676056338028,0.04337083650500918,641,Miss Little Bo Peep has left the building.
5612,6360,6,18,118,142,1.2112676056338028,0.0422035465130265,641,mary's mowing service? have sheep will shear. how may I help you?
6996,6363,3,28,130,161,1.2111801242236024,0.035694026119738154,641,Help me I’ve lost count!
4632,6363,10,14,137,161,1.2111801242236024,0.042632637280681035,641,I'm being deported to New Zealand!
3314,6363,7,20,134,161,1.2111801242236024,0.039807317252582214,641,"Hey Mary, ewe missing something?"
2203,6363,6,22,133,161,1.2111801242236024,0.03881987577639751,641,Outstanding in his field — not so much inside.
6558,6363,6,22,133,161,1.2111801242236024,0.03881987577639751,641,Mary had a lot more than one little lamb
1075,6363,7,20,134,161,1.2111801242236024,0.039807317252582214,641,"Ma, I'm comin' home. I guess I just wasn't cut out for big city sheep herdin'. Hope I haven't let you and pa down."
9030,6369,4,23,120,147,1.2108843537414966,0.038891657713431366,641,Let’s make like sheep and get the flock out of here
3787,6369,8,15,124,147,1.2108843537414966,0.04342018977573587,641,"Hello,Channel 5 News? This is Bo Peep.  You can cancel that announcement.  All found."
4610,6369,4,23,120,147,1.2108843537414966,0.038891657713431366,641,Now they’re baa baaing they want the movie channel.
5025,6369,3,25,119,147,1.2108843537414966,0.03767456807427461,641,We left them alone. And here they are.
5359,6369,5,21,121,147,1.2108843537414966,0.0400717980606593,641,"I know, no pets allowed, but they followed me home!"
6240,6374,4,27,135,166,1.2108433734939759,0.03606233798299768,641,Is this Bo Peep? I got your number from the notice you posted.
1734,6374,7,21,138,166,1.2108433734939759,0.03898140930217005,641,we are home...now what?
437,6374,6,23,137,166,1.2108433734939759,0.038033287013555975,641,"Doctor, I'm seeing sheep again."
3949,6374,5,25,136,166,1.2108433734939759,0.0370609170276147,641,"Adverse possession, that’s how!"
268,6374,6,23,137,166,1.2108433734939759,0.038033287013555975,641,I'm sick of that rhyme. NOW I'LL KNOW WHERE TO FIND YOU
4455,6379,2,24,107,133,1.2105263157894737,0.03856126315432223,641,Quiet! I can’t count and listen at the same time.
6800,6379,5,22,125,152,1.2105263157894737,0.039196774755293144,641,...then I woke up with all these sheep in the apartment.
5553,6379,5,22,125,152,1.2105263157894737,0.039196774755293144,641,No...not Ambien!
7055,6379,4,24,124,152,1.2105263157894737,0.03806900019013514,641,"I know, getting them up elevator was torture!"
4958,6379,4,24,124,152,1.2105263157894737,0.03806900019013514,641,It's pretty cozy watching TV together. But lining them all up in the elevator gets tricky.
3481,6379,5,26,140,171,1.2105263157894737,0.036354829626023814,641,The President says you're bred to vote only in Red States .
1022,6379,3,22,108,133,1.2105263157894737,0.04001115072838613,641,"It's polartec with free shipping, right?"
1488,6379,6,16,111,133,1.2105263157894737,0.0440755678609802,641,"Yes, Poopsie, I know.  I can’t find them.  You know I’ll keep looking.  How’s your momma?"
8227,6379,7,18,127,152,1.2105263157894737,0.041360172904601575,641,"Hello, Mory’s? A table for fifteen poor little lambs who have lost their way, baa, baa, baa."
7227,6379,7,18,127,152,1.2105263157894737,0.041360172904601575,641,"What do you mean you changed your plans, Little Bo Peep?"""
3068,6379,5,22,125,152,1.2105263157894737,0.039196774755293144,641,"Yes, used the fright elevator."
8063,6379,7,22,142,171,1.2105263157894737,0.038200425866029626,641,The sheep are alright.
3739,6391,5,27,144,176,1.2102272727272727,0.03568512682153709,641,They were a baa-rgain
8602,6392,11,11,135,157,1.2101910828025477,0.04429925768086982,641,"The commute is bad, but at least it's a reverse commute."
7464,6392,6,21,130,157,1.2101910828025477,0.03942242565387837,641,"Parks  Department, I desperately need directions to the nearest green pasture and some still water."
8695,6392,4,25,128,157,1.2101910828025477,0.03729355185255694,641,"""Give up counting sheep and tune in Conan.  Got it."""
8700,6392,3,27,127,157,1.2101910828025477,0.036182173683338134,641,"In New York City, this is the only place where Sheep May Safely Graze"
7938,6392,8,17,132,157,1.2101910828025477,0.041442083430877144,641,"One said ""Baaa!""  The rest couldn't tell that it's a virtual meadow."
7302,6392,5,23,129,157,1.2101910828025477,0.03837275501065125,641,The one sheep left on the farm got half of everything because of gerrymandering.
6581,6392,4,25,128,157,1.2101910828025477,0.03729355185255694,641,"Netflix, is there any show about prairies?"
6390,6392,5,23,129,157,1.2101910828025477,0.03837275501065125,641,Yes. That’s Bo. B-O.
4457,6392,3,27,127,157,1.2101910828025477,0.036182173683338134,641,"Doc, is there a insomniac/amnesiac syndrome?"
3898,6392,6,21,130,157,1.2101910828025477,0.03942242565387837,641,"Well, I got my harem, but apparently I went to hell.  The afterlife is sooo ironic.  How you doing?"
1340,6402,6,17,115,138,1.210144927536232,0.04296837733042621,641,I thought you said farm to coffee table.
2383,6402,2,25,111,138,1.210144927536232,0.03772446632123379,641,Boo-peep's not here but her sheep are.
6807,6402,4,21,113,138,1.210144927536232,0.04043152736189783,641,Hey Little Boy Blue - your sheep are not in the meadow!
6869,6402,3,23,112,138,1.210144927536232,0.03910143069017933,641,I Herd ewe you.
8841,6406,6,22,134,162,1.2098765432098766,0.03860152009157502,641,It's tense here. I need to convince them my robe is faux sheepskin.
8274,6406,4,26,132,162,1.2098765432098766,0.036561111596575095,641,"I said the Lord is not my shepherd from now on, Linda."
7551,6406,1,32,129,162,1.2098765432098766,0.03326666759494615,641,"Hello room service, can you send up a Cobb Salad and a pair of 7 1/2 inch sheep shears?"
6407,6406,6,22,134,162,1.2098765432098766,0.03860152009157502,641,Is this ACME Sod Company?  I'd like to place an order.
6362,6406,10,14,138,162,1.2098765432098766,0.042388704837331065,641,There's mutton I can do about it.
5875,6406,3,28,131,162,1.2098765432098766,0.03549695261674855,641,Now we have to wait another week for the season finale.
5116,6406,2,30,130,162,1.2098765432098766,0.03439988966514524,641,"Work from home, enjoy your new free time"", they said. My ass"
4156,6406,7,20,135,162,1.2098765432098766,0.03958230146772413,641,"Well, I can see them and I can count them, but ..."
1871,6406,6,22,134,162,1.2098765432098766,0.03860152009157502,641,‘You Herd Right.’  How can I help you?
1235,6406,8,18,136,162,1.2098765432098766,0.040539361435317674,641,Yes. That’s right...the reception is very bahhhhad
1206,6406,7,20,135,162,1.2098765432098766,0.03958230146772413,641,"To tell you the truth, I’m feeling a little sheepish."
345,6406,5,24,133,162,1.2098765432098766,0.0375951608226211,641,"You can come collect your sheep,  the TV is enough to put me to sleep"
2531,6406,7,20,135,162,1.2098765432098766,0.03958230146772413,641,"No, not curds and whey, not porridge ... just 11 orders of grass."
9026,6419,5,20,118,143,1.2097902097902098,0.040742090530802876,641,I want to legally change my name to Joseph
55,6419,6,18,119,143,1.2097902097902098,0.04193341146460269,641,"Why yes, I am watching 'Sheep in the Big City'"
274,6419,6,18,119,143,1.2097902097902098,0.04193341146460269,641,"What do you mean, 'wrong number'?"
1387,6419,3,24,116,143,1.2097902097902098,0.03824829183559793,641,I am not the black sheep
3001,6419,8,14,121,143,1.2097902097902098,0.044219872337431534,641,"For a comfy sleep-in, come to Sheeps-Inn Bay!"
3783,6419,0,30,113,143,1.2097902097902098,0.03416800637471349,641,Sleeping? No - you misheard me.
6574,6419,4,22,117,143,1.2097902097902098,0.03951486915808532,641,"They brought their tails behind them, sure, but evidently they couldn't be bothered to pick up a gallon of milk."
1062,6426,5,16,103,124,1.2096774193548387,0.04475388527965868,641,"Yeah, you're right working from home is great for some people, but I am beginning to think that it isn't that great for us shepards."
5938,6427,6,23,138,167,1.2095808383233533,0.03782593280419043,641,The view? Not baaaad.
1727,6427,6,23,138,167,1.2095808383233533,0.03782593280419043,641,I'm calling for Little Bo Peep.
8821,6427,5,25,137,167,1.2095808383233533,0.03685995558345681,641,"This is Bo Peep's dad,tell her that I found something of hers."
5442,6430,6,19,123,148,1.2094594594594594,0.04096350419676244,641,"Umm, I think I pressed the wrong button."
8548,6430,7,17,124,148,1.2094594594594594,0.042070623235642805,641,"Yeah, it's local."
8240,6430,5,21,122,148,1.2094594594594594,0.03982562005444409,641,Where was I going with this?
5138,6430,2,27,119,148,1.2094594594594594,0.03619798368209525,641,"No, no, no – I’m not pulling the wool over your eyes."
2590,6430,6,19,123,148,1.2094594594594594,0.04096350419676244,641,"I’ll take a dozen extra large,  fig arugula  pizzas - with no goat cheese."
405,6430,6,19,123,148,1.2094594594594594,0.04096350419676244,641,"You're right, I am starting to feel sheepish about my binge watching."
1638,6430,4,23,121,148,1.2094594594594594,0.038654253962063526,641,High rise living ain't working for me.
1745,6437,5,26,141,172,1.2093023255813953,0.0361635657957072,641,The key to your pasture is in a lock box on the gate.
3378,6437,6,24,142,172,1.2093023255813953,0.03709181779132422,641,"Yes, this is Lamb Stalkers, Inc...Yes we can get a lamb to follow her to school one day."
4746,6437,8,20,144,172,1.2093023255813953,0.03888189628957801,641,Just look at the shear number of them.
7838,6437,4,28,140,172,1.2093023255813953,0.03521085109815001,641,"I'm alive and wool, how have ewe been?"
8953,6437,5,17,107,129,1.2093023255813953,0.043572339449451776,641,"Yes, do you sell leashes for sheep?"
8269,6442,6,20,127,153,1.2091503267973855,0.04005241961175708,641,"Wrong, I ordered NetFLIX, not FLOCKS!"
8896,6442,6,20,127,153,1.2091503267973855,0.04005241961175708,641,Airbnb guest rating be damned
8656,6442,5,22,126,153,1.2091503267973855,0.03896404759198868,641,I'm afraid we've lost Mary.
7651,6442,4,24,125,153,1.2091503267973855,0.03784438786326521,641,"The problem is, there's never anything I actually want to watch on Netflix."
7147,6442,4,24,125,153,1.2091503267973855,0.03784438786326521,641,Fox News Again
6583,6442,8,16,129,153,1.2091503267973855,0.042144927817796426,641,"Look, the goal is to get them fat, right?"
4094,6442,5,22,126,153,1.2091503267973855,0.03896404759198868,641,Of course I considered the Wolf down on 22!
1395,6442,6,20,127,153,1.2091503267973855,0.04005241961175708,641,"Ya, I just got in from Idaho."
886,6450,8,21,148,177,1.2090395480225988,0.03811894479567565,641,"How many sheep?"" ""If I count, I might fall asleep"""
2315,6450,9,19,149,177,1.2090395480225988,0.03895196128211703,641,Renting them for the day was actually cheaper than having the shag carpet removed.
1115,6452,7,14,113,134,1.208955223880597,0.04503720686009164,641,"I just came back from a quiet restful time in the country.
I sleep better than ever."
4831,6452,5,18,111,134,1.208955223880597,0.04247244165915812,641,"No, mate, Croc is still on walkabout. I'm his brother Sheep Dundee."
8282,6452,4,20,110,134,1.208955223880597,0.04113012824994036,641,"Okay. If I can find somebody to watch over them, I'' be there."
8770,6452,8,12,114,134,1.208955223880597,0.046266303638746994,641,"My audio Letter to Santa was garbled.  I asked for gifts for Trump's ""chief leaders"" ......"
2567,6456,7,19,132,158,1.2088607594936709,0.04021008030080092,641,"No worries, mate. We’ll be fine until you get off work. What channel is Animal Planet here?"
2715,6456,3,27,128,158,1.2088607594936709,0.035977047369997836,641,It's a condo so no issues.
3547,6456,8,17,133,158,1.2088607594936709,0.041200439474358835,641,"So, now you tell me the building has a no-pets policy?



(The word 'now' is underlined for emphasis.)"
1962,6456,5,23,130,158,1.2088607594936709,0.03815231641237479,641,I'm ringing in the sheep for the new year.
8100,6456,7,19,132,158,1.2088607594936709,0.04021008030080092,641,If was a problem but now my landlord has his own Therapy sheep.
5761,6456,6,21,131,158,1.2088607594936709,0.039194705034142185,641,"Yes, I'd like to order two Blue Heelers, please."
8494,6456,6,21,131,158,1.2088607594936709,0.039194705034142185,641,I would like to place an order for sheep take-out
1202,6456,3,27,128,158,1.2088607594936709,0.035977047369997836,641,I'm going to be staying a bit longer in the highlands this year...
8343,6456,6,21,131,158,1.2088607594936709,0.039194705034142185,641,Lambda Chi is not what I expected....
8051,6465,6,17,116,139,1.20863309352518,0.04268491410043526,641,Does each one have a name or number? I remember counting a lot the other night.
7617,6465,3,23,113,139,1.20863309352518,0.03884853469689172,641,They're actually cheaper to keep here than in a garage.
5459,6467,8,18,137,163,1.2085889570552146,0.04031045519283576,641,It's easy. All I have to do is turn on Fox news.
2850,6467,7,20,136,163,1.2085889570552146,0.03935978195842413,641,"It sounds great in theory, but my team won't leave me alone so I may as well be in the office."
5754,6467,5,24,134,163,1.2085889570552146,0.0373859828242729,641,"It's all there in the fine print, Janice. If I keep the sheep with me, I'm still a shepard, and shepards are a-okay with the Amish."
5980,6467,6,22,135,163,1.2085889570552146,0.03838557116646513,641,I've got baaaad reception.
7506,6467,4,26,133,163,1.2085889570552146,0.036358923934818224,641,The key is to find a Coop with a green roof
8468,6467,6,22,135,163,1.2085889570552146,0.03838557116646513,641,"Yeah, yeah, we’ll be in sheep meadow in 20"
8481,6467,7,20,136,163,1.2085889570552146,0.03935978195842413,641,Room service. I ordered a clean sheet!
8354,6474,6,23,139,168,1.2083333333333333,0.03762079363433748,641,"They were watching Shawn the Sheep...fix my cable 
NOW or things are going to get ugly."
7864,6474,5,20,119,144,1.2083333333333333,0.04048439222695598,641,How about January? I'm booked solid until after Christmas.
7557,6474,7,16,121,144,1.2083333333333333,0.0428163077370785,641,Are you kiddin me?  Get the flock outta here!
5358,6474,6,18,120,144,1.2083333333333333,0.041666666666666664,641,"Joseph, you can pick them up at noon."
5199,6474,4,22,118,144,1.2083333333333333,0.03926653685851245,641,They won't watch anything besides Shaun the Sheep reruns.
4538,6474,4,22,118,144,1.2083333333333333,0.03926653685851245,641,I wondered why the mattress was so expensive.
4532,6474,6,18,120,144,1.2083333333333333,0.041666666666666664,641,I was asleep for five seconds.
4123,6474,5,20,119,144,1.2083333333333333,0.04048439222695598,641,How can you tell the Democrats from the Republicans?
3667,6474,7,16,121,144,1.2083333333333333,0.0428163077370785,641,But Hugh I didn’t mean “you” I meant “ewe.”
3618,6474,4,22,118,144,1.2083333333333333,0.03926653685851245,641,You do have a green roof. Does it need trimming?
2893,6474,5,25,138,168,1.2083333333333333,0.03666112538163136,641,...There's more of them than we thought!
2054,6474,4,17,99,120,1.2083333333333333,0.04411570179340408,641,Hello . Welcome to 1 900 Counting Sheep. We charge $6.99 for the first 100 sheep and 25 cents per sheep thereafter.
1799,6474,6,18,120,144,1.2083333333333333,0.041666666666666664,641,"Yeah, we're converting the shag carpeting all over town."
3716,6487,7,22,144,173,1.2080924855491328,0.03779649135451461,641,This is a baa-d time.
86,6488,3,25,121,149,1.2080536912751678,0.03722065406698565,641,"I wondered what was over the next hill.  Turned out to be Chicago."""
234,6488,5,21,123,149,1.2080536912751678,0.03958240180065663,641,"Hey, Ms. Bo-Peep, you lose anything lately?"
867,6488,4,23,122,149,1.2080536912751678,0.03841967999269932,641,"I'll call you back, I'm watching a documentary about cashmere."""
1939,6488,5,21,123,149,1.2080536912751678,0.03958240180065663,641,"It was the optics, that's all. Just find me a black sheep for the next election."
4815,6488,3,25,121,149,1.2080536912751678,0.03722065406698565,641,"So on the whole, my condo purchase in the Woolworth Building was well worth it."
4861,6488,6,19,124,149,1.2080536912751678,0.04071193011729891,641,"Yes this is SleepWell Inc.
Guaranteed nights sleep of your money back!"
7806,6494,6,20,128,154,1.2077922077922079,0.03981465917961695,641,This is got to be better than the landfill occupying our pastures.
4789,6494,3,26,125,154,1.2077922077922079,0.0364768388449193,641,You have to come over and try sheep yoga it’s perfect for a cold day like today.
4311,6494,8,16,130,154,1.2077922077922079,0.04189238548037442,641,These damn sheep must have thought my walking cane was a shepherd's crook
8698,6494,4,24,126,154,1.2077922077922079,0.03762236316264341,641,"....If you're calling about a defective shepherd's staff, press 5...."
3603,6494,3,26,125,154,1.2077922077922079,0.0364768388449193,641,"'Unfortunately, they don't allow sheep in the Sheep Meadow any more."""
8826,6494,9,14,131,154,1.2077922077922079,0.04289352397576934,641,We're is my next insomniac client?
4096,6494,7,18,129,154,1.2077922077922079,0.04086672880733997,641,"What is it? Oh yes, I herd."
8718,6494,5,22,127,154,1.2077922077922079,0.03873402441995206,641,Our guidance counselor was wrong; being a shepherd is easy!
1946,6502,5,28,150,183,1.2076502732240437,0.034702538621803516,641,"Yes.  Yes, I can see the sheep meadow from here.  Say, this IS a good room!"
5372,6503,4,25,130,159,1.2075471698113207,0.03687009418329497,641,"And 'baa' to you, too, neighbor."
4962,6503,9,15,135,159,1.2075471698113207,0.04192208635773131,641,I've counted them but they're so loud. Got any suggestions about having them lay down to sleep.
8530,6503,8,17,134,159,1.2075471698113207,0.04096156526165807,641,Let me repeat - there is no Wolf of Wall Street outside.
2487,6503,6,21,132,159,1.2075471698113207,0.0389695629547607,641,"Nope, only wolves here are on the Nature Channel."
7306,6503,4,25,130,159,1.2075471698113207,0.03687009418329497,641,They cancelled our flight due to wind shear.
809,6503,4,25,130,159,1.2075471698113207,0.03687009418329497,641,"No, I don't decorate until the angels appear."
356,6503,6,21,132,159,1.2075471698113207,0.0389695629547607,641,This wasn't what I meant when I asked room service for the shepard's pie.
1371,6503,6,21,132,159,1.2075471698113207,0.0389695629547607,641,"Detective, Bo Peep here. I found them in the penthouse across from Sheep’s Meadow. 

John Siffert
Jssiffert@gmail.com"
4053,6511,8,12,115,135,1.2074074074074075,0.045948388736181185,641,I saw the fire coming and just decided I needed to get the flock out of there.
7021,6511,3,22,110,135,1.2074074074074075,0.03947737111160652,641,Does Uber have 14-passenger vehicles in the City? Where am I going? Sheepshead Bay.
7175,6511,3,22,110,135,1.2074074074074075,0.03947737111160652,641,Keeping them to greener pastures takes a lot of bus transfers.
9006,6514,6,22,136,164,1.2073170731707317,0.03817199018472044,641,Millennial Shepard
8904,6514,5,24,135,164,1.2073170731707317,0.03717908196251163,641,"Yes Sir, the advertisements are working."
4155,6514,7,20,137,164,1.2073170731707317,0.03913971811024742,641,"I meant to order Uber Eats, not Uber Sheeps"
6122,6514,4,26,134,164,1.2073170731707317,0.03615891918307185,641,"He's out of town this week, so I'm just house sitting."
1828,6514,6,22,136,164,1.2073170731707317,0.03817199018472044,641,We won't be shearing until after the holidays...
4791,6519,5,25,139,169,1.2071005917159763,0.036464393449540417,641,In about a month we’ll be moving to higher ground.
469,6519,6,23,140,169,1.2071005917159763,0.03741783488896133,641,"Apparently, crying wolf these days will get you a studio apartment on the Upper West Side."
1234,6519,4,27,138,169,1.2071005917159763,0.03548534361547313,641,My life is starting to imitate my sleep.
7239,6519,6,23,140,169,1.2071005917159763,0.03741783488896133,641,"No - seriously, it's just like housebreaking a dog."
4301,6523,2,32,140,174,1.206896551724138,0.032884354587308644,641,"I had a caption, but I didn’t put it in because it was B-A-H-D!"
7272,6523,6,18,121,145,1.206896551724138,0.041403249780064086,641,"Yea, Mary, get back here. The kid's home with a bunch of his friends. He missed the herd and walked home alone."
6842,6523,6,18,121,145,1.206896551724138,0.041403249780064086,641,Brings counting sheep to a whole new level.
5735,6523,3,24,118,145,1.206896551724138,0.03777396948311491,641,I’ve already tried counting them; now what?
4433,6523,5,26,143,174,1.206896551724138,0.03578691214382268,641,They're all so cute. I don't know which one to choose...
3048,6523,2,26,117,145,1.206896551724138,0.03648406953587099,641,"No, I am not shearing mine. Get your own!"
485,6523,3,24,118,145,1.206896551724138,0.03777396948311491,641,"Seriously, get here fast. They're making me binge-watch 'Sons of Anarchy'."
2743,6523,5,20,120,145,1.206896551724138,0.04022988505747127,641,Sheparding ain’t what it use to be.
1213,6523,4,22,119,145,1.206896551724138,0.03902125332590335,641,I've had to ground all the doorknobs.
839,6523,4,22,119,145,1.206896551724138,0.03902125332590335,641,The realtor told me he had the perfect place in Flushing Meadows
3027,6523,7,16,122,145,1.206896551724138,0.0425442655708546,641,"Yes, that's one order of shepherds pie for delivery."
5187,6534,5,21,124,150,1.2066666666666668,0.03934209131632978,641,Black sheep??? BLACK SHEEP! Why would anyone keep Black Sheep in a high-rise apartment???
5687,6534,2,27,121,150,1.2066666666666668,0.0357679154173612,641,I need an Uber to go to Sheeps Meadow.
5999,6534,4,23,123,150,1.2066666666666668,0.038187886698918753,641,Harold used unconventional methods for falling asleep.
6242,6534,4,23,123,150,1.2066666666666668,0.038187886698918753,641,"I'm doing a HomeAway this time because the cleaning fee is only $50."""
7484,6538,7,24,153,184,1.2065217391304348,0.03621108930461574,641,We had to get out of the traffic.
6877,6539,5,22,128,155,1.206451612903226,0.03850665935534664,641,The landlord isn’t happy.
6250,6539,5,22,128,155,1.206451612903226,0.03850665935534664,641,"Bo Peep needed a day off for self-care, this is her co-worker, Bo Jangles..."
6030,6539,7,18,130,155,1.206451612903226,0.040624342158753206,641,"No, I don't see a wolf."
2612,6542,7,19,134,160,1.20625,0.03974849686648105,641,"Front desk ... Ewe herd me right, what the flock is going on?        
I wanted a room with green shag carpeting!"
3362,6542,5,23,132,160,1.20625,0.0377188321497649,641,"I can’t talk right now, I’m  watching cable news with my friends."
4649,6542,6,21,133,160,1.20625,0.03874695666685832,641,Muttons gonna change my mind.
4921,6542,6,21,133,160,1.20625,0.03874695666685832,641,I fell for the digital 3D ad.
7163,6542,6,21,133,160,1.20625,0.03874695666685832,641,You said that counting sheep would help me fall asleep
7726,6542,2,29,129,160,1.20625,0.0344508525603992,641,"Honey, there's no need to storm out; you knew from the get-go that I'm a dedicated employee and will take my work home with me when necessary."
7912,6542,9,15,136,160,1.20625,0.0416794398660439,641,"Yeah, we have to move out of our Airbnb. Someone lambed in the elevator."
2529,6549,4,19,108,131,1.2061068702290076,0.04157435697855915,641,"No, I wish I could, but I’m sheepsitting all weekend."
5432,6550,4,26,135,165,1.206060606060606,0.035961063053634855,641,"This suits me just fine, but the neighbors are already complaining about the lame ""bla, bla, bla, conversations that they hear through the walls."
6499,6550,3,28,134,165,1.206060606060606,0.034918307890562376,641,"No, never herd of it."
7534,6550,4,26,135,165,1.206060606060606,0.035961063053634855,641,Tell little Bo-Peep that I found her #&!?%!!! sheep.  She won't believe where I found them!
7604,6553,3,22,111,136,1.2058823529411764,0.03921568627450981,641,I last saw these guys last night as I was trying to sleep.
7505,6553,5,18,113,136,1.2058823529411764,0.04190149130673101,641,"Can I get steak, rare, and a baked potato. Oh, and also a half acre of grass."
5978,6553,3,22,111,136,1.2058823529411764,0.03921568627450981,641,"The airbnb is nice, but the flock didn't seem too impressed with Sheep Meadow."
938,6553,5,25,140,170,1.2058823529411764,0.036269727470319896,641,"I will let you know tomorrow, if it works."
10,6553,4,27,139,170,1.2058823529411764,0.03529701809639166,641,"Do you deliver to Brooklyn?,I have 12 sheep in my place tonight and I really don't feel like cooking"
1281,6553,2,24,110,136,1.2058823529411764,0.03780129082593793,641,So what IS the penalty for being over the urban herding limit?
5561,6553,5,25,140,170,1.2058823529411764,0.036269727470319896,641,"With Thine Rod and Thy Staff, they come for me ??"
734,6560,4,21,116,141,1.2056737588652482,0.03965112612632209,641,"Little Bo Peep had lost her sheep as she wandered the New York emporia.
Little Bo Peep then found her sheep in a room at the Wooldorf Astoria."
8431,6560,5,19,117,141,1.2056737588652482,0.04090878787839137,641,"Yeah, this was a great idea! We're as high as the mountains, and, although there certainly are thousands more wolves in the city, they are all ten stories down!"
8734,6562,6,25,149,180,1.2055555555555555,0.035843322605930227,641,I promised the Doc I'd stay out of the elements.
7805,6563,4,22,120,146,1.2054794520547945,0.038778964026104916,641,"Oh,I herd that differently."
1099,6563,4,22,120,146,1.2054794520547945,0.038778964026104916,641,"Don't worry, Mom, my life has plenty of baa-lance..."
1133,6563,4,22,120,146,1.2054794520547945,0.038778964026104916,641,Dont blame me Eweber doesn’t exist yet!
1538,6563,8,14,124,146,1.2054794520547945,0.043378581075182505,641,"By now, I'm feeling a bit sheepish."
2572,6563,5,20,121,146,1.2054794520547945,0.03997851125576714,641,Looks like I have a 'ewe-mongous' problem on my hands.
6308,6563,5,20,121,146,1.2054794520547945,0.03997851125576714,641,"I know, but I can't get them to watch anything but ""Game of Thrones"""
6504,6563,4,22,120,146,1.2054794520547945,0.038778964026104916,641,Yup.....homeherding......
5036,6570,6,19,126,151,1.205298013245033,0.040217818412421134,641,"Yeah, house sitting is great, but they didn't leave any grass..."
8312,6570,4,23,124,151,1.205298013245033,0.03795882606658663,641,"Where's the grown-up boy who looks after the sheep?
In front of the TV, needing some sleep."
4904,6570,3,25,123,151,1.205298013245033,0.03677733344878099,641,"Yes, there's 12 total. When am I supposed to fall asleep?"
3652,6570,5,21,125,151,1.205298013245033,0.03910463779532971,641,When you asked me to babysit BO this is not what I had in mind!
6565,6570,4,23,124,151,1.205298013245033,0.03795882606658663,641,The room's fine but I don't see any pasture grass on the room service menu.
2150,6570,4,23,124,151,1.205298013245033,0.03795882606658663,641,When I told you I was a bit sheepish I didn't have this in mind.
46,6570,8,15,128,151,1.205298013245033,0.04235650315306475,641,"Hello room service, I need some hot tea and mint sauce."
3223,6570,5,21,125,151,1.205298013245033,0.03910463779532971,641,"Room service, send up a hamburger, large fries, a cola... plus 100 pounds of barley and a trough."
2849,6578,6,20,130,156,1.205128205128205,0.03934739418450387,641,Sorry it took so long to call you back- I'm petsitting for my grandma.
5542,6578,7,18,131,156,1.205128205128205,0.04038477949734926,641,I'm sleeping better in my new pajamas.
5983,6578,6,20,130,156,1.205128205128205,0.03934739418450387,641,I counted them last but now what do I ?
6489,6578,4,32,159,195,1.205128205128205,0.03243361702736798,641,This is not what I had in mind when they said Sheep Meadow views.
6568,6578,4,24,128,156,1.205128205128205,0.03718590401258445,641,The Amazon listing was for a dozen wool lots and free shipping by HERD.
7009,6578,3,26,127,156,1.205128205128205,0.03605660093927812,641,"I know I said I was homesick for New Zealand, but this is ridiculous!"
7362,6578,7,18,131,156,1.205128205128205,0.04038477949734926,641,What happened to the fucking sheep channel?
7444,6578,7,18,131,156,1.205128205128205,0.04038477949734926,641,I count ‘em and count ‘me and I still can’t sleep
7824,6578,5,22,129,156,1.205128205128205,0.03828190751741528,641,"My doctor told me to count sheep, but my insomnia is worse than ever."
7981,6578,3,26,127,156,1.205128205128205,0.03605660093927812,641,The sheep won't let me leave the room until they find out what happens to Shaun.
4509,6588,4,25,132,161,1.204968944099379,0.036455976623178114,641,"No, I am not interested in buying a wool sweater."
3828,6588,7,19,135,161,1.204968944099379,0.039521607839359145,641,Bill rues the day he got his border collie.
3323,6588,5,23,133,161,1.204968944099379,0.037505706007253135,641,"Hey! I know it's not the Alpes, but it is what passes for them in Manhattan."
3717,6588,4,25,132,161,1.204968944099379,0.036455976623178114,641,Christmas? Baaaaaaaa Humbug!
1408,6588,3,27,131,161,1.204968944099379,0.03537511102451714,641,Cows in the bedroom?
555,6588,4,25,132,161,1.204968944099379,0.036455976623178114,641,Mary was a little crammed.
1626,6588,7,19,135,161,1.204968944099379,0.039521607839359145,641,People forget that Joe had to live with Mary and all her little lambs.
3021,6595,6,22,138,166,1.2048192771084338,0.03775178080966941,641,Bo Peep is at a #MeToo meeting.
4595,6595,4,26,136,166,1.2048192771084338,0.035765321948023274,641,The boy who cried Wolf Blitzer
1611,6597,1,33,137,171,1.2046783625730995,0.03203683880456471,641,I deny that I have 48 sheep in my apartment!
4108,6597,6,23,142,171,1.2046783625730995,0.03701832368721846,641,"Yeah, they bought it, got the shepherd ‘s discount."
5549,6597,7,21,143,171,1.2046783625730995,0.03793620616529916,641,My sleep therapist walked out in disgust and said something about getting back to basics.
8018,6600,2,32,142,176,1.2045454545454546,0.03255183859608904,641,One of the flock likes your TV show.
1613,6600,6,24,146,176,1.2045454545454546,0.036323029275187,641,"Room service? Just send a big tray, I graze all day."
3638,6602,6,25,150,181,1.2044198895027625,0.035662830075574734,641,"Like dude, they totally followed me here with no prob."
219,6603,5,18,114,137,1.2043795620437956,0.04162165526152972,641,What did you expect when you hired a narcoleptic sheep counter?
1378,6603,5,18,114,137,1.2043795620437956,0.04162165526152972,641,I'm semi-retired.
3332,6603,3,22,112,137,1.2043795620437956,0.03895738405999657,641,"The flight in was okay, Mark just got upset he was the only one without TSA Pre-check"
3344,6603,3,22,112,137,1.2043795620437956,0.03895738405999657,641,"They are very affectionate, and fortunately house-broken."
4764,6603,7,14,116,137,1.2043795620437956,0.0441253509971442,641,Mutton much. What are you up to?
8092,6603,4,20,113,137,1.2043795620437956,0.0403115365590776,641,Stocks are down.
8066,6609,5,19,118,142,1.204225352112676,0.04064549148258601,641,All right---who's ready to get back out there?
8074,6609,2,25,115,142,1.204225352112676,0.03677479592410859,641,"Alright,I'll call you later,Baah-bye."
4761,6609,7,15,120,142,1.204225352112676,0.043032966660399616,641,"Darn sheep,will not move till the Serta commercial is over!"
1109,6609,6,17,119,142,1.204225352112676,0.04185625519236066,641,"Yes, I'm very happy with my Airbnb"""
4075,6609,3,23,116,142,1.204225352112676,0.03810873569310427,641,Just checking in to say I'm down for the count.
1236,6614,6,18,123,147,1.2040816326530612,0.0408861577647834,641,They're screening fifty shades of grayze.
4726,6614,6,18,123,147,1.2040816326530612,0.0408861577647834,641,Could you call me back?  I'm trying to domesticate my flock.
6268,6614,3,24,120,147,1.2040816326530612,0.03731104416148252,641,"They’re not interested  in the news.
I’m trying to find “Shawn of the Sheep” on Netflix."
7274,6614,3,24,120,147,1.2040816326530612,0.03731104416148252,641,"Hello, Can I place an order for grass delivery?"
7954,6614,6,18,123,147,1.2040816326530612,0.0408861577647834,641,Not a SINGLE tail wag.
904,6619,6,19,127,152,1.2039473684210527,0.0399751750578056,641,So I got this great gig giving a live performance at the Insomniacs Annual Convention!
1530,6619,4,23,125,152,1.2039473684210527,0.03773245114514628,641,Dad was right. Droving is tough.
8510,6621,6,20,131,157,1.2038216560509554,0.03911779626437911,641,Little Boho Chic
4122,6621,6,20,131,157,1.2038216560509554,0.03911779626437911,641,"Just tending the flock, why?"
3386,6621,6,20,131,157,1.2038216560509554,0.03911779626437911,641,I might get evicted. Is there such a thing as a therapy flock?
2474,6621,4,24,129,157,1.2038216560509554,0.036971385555930394,641,"Hello, Bopeep? Don't worry, I found your lost sheep --all of them."
5259,6621,7,18,132,157,1.2038216560509554,0.04014799250161308,641,"Ma, you would not believe the kind of accommodations they've made for the guys and I."""
1410,6621,2,28,127,157,1.2038216560509554,0.03469243023008109,641,"Ok, I admit it was a baaaaad idea."
611,6621,7,18,132,157,1.2038216560509554,0.04014799250161308,641,These sheep spread fake news! Don't believe everything you herd.
1749,6621,4,24,129,157,1.2038216560509554,0.036971385555930394,641,"No, Bo Peep. I haven’t seen your sheep."
8159,6629,5,23,134,162,1.2037037037037037,0.03729493828267094,641,"Mom, I counted all the sheep, but I still can't fall asleep!"
4138,6629,6,21,135,162,1.2037037037037037,0.03830918502930805,641,"Little Bo Peep here. I found the sheep,  now what do I do?"
1316,6629,4,25,133,162,1.2037037037037037,0.03625232662060062,641,"The building is a bit dated, but I'm only paying $37 million an acre."
5493,6629,5,23,134,162,1.2037037037037037,0.03729493828267094,641,I think I am rethinking this bucolic life of ours.
350,6629,4,25,133,162,1.2037037037037037,0.03625232662060062,641,"I'm just seeing it now, so senseless.  My flock is in shock."
467,6629,4,25,133,162,1.2037037037037037,0.03625232662060062,641,"I can't tonight, I brought some work home with me.






U"
2607,6635,6,22,139,167,1.2035928143712575,0.03754507874741222,641,Just having some down time.
7507,6635,9,16,142,167,1.2035928143712575,0.04032452775703079,641,Delivery please... I'll take the Kung Pao Shrimp and two hundred sixty pounds of plain white rice.
8168,6635,3,28,136,167,1.2035928143712575,0.03454270310023845,641,"No, I watch over my flocks by day. At night they hit the town without me."
2547,6638,5,25,142,172,1.2034883720930232,0.035886467289230714,641,"Yeah, it's one bedroom, thirteen baa-aaa-ath."
6518,6638,5,25,142,172,1.2034883720930232,0.035886467289230714,641,Yes I did tune to the Nature Channel like you said ...
737,6640,7,23,152,182,1.2032967032967032,0.03632954071337261,641,"They seem to be enjoying their new digs, but I think it's time that I put them out to pasture."
6003,6641,3,19,101,123,1.2032520325203253,0.04155986513665221,641,"Hey, your Ad said i would get the farm too not only the sheep"
242,6642,3,21,109,133,1.2030075187969924,0.03959149817518683,641,"Hello, Animal Control? You have a report of what?"
5337,6643,3,23,117,143,1.2027972027972027,0.03786824260296677,641,I think moving to the city was a baaaa-d idea
8909,6643,3,23,117,143,1.2027972027972027,0.03786824260296677,641,That girl had better be here in 15 minutes or these sheep ARE going to be nervous.
7406,6643,4,21,118,143,1.2027972027972027,0.03914711808136945,641,"Bo,you can deny the fact of sheep proliferation all you want,but I'm knee deep in the suckers."
4603,6643,5,19,119,143,1.2027972027972027,0.04038551609570216,641,"Right, Happy Meadows Condos."
5263,6643,4,21,118,143,1.2027972027972027,0.03914711808136945,641,We did it! She'll never find them here.  I've even got the tails.
3092,6643,3,23,117,143,1.2027972027972027,0.03786824260296677,641,"Last I remember I was counting sheep in the meadow, and I woke up in a NYC  apartment."
4185,6643,3,23,117,143,1.2027972027972027,0.03786824260296677,641,Mary's not home.  Wool you like to leave a message?
2085,6643,7,15,121,143,1.2027972027972027,0.04275483625036223,641,"Free Sheeping, please order now!"
769,6651,6,18,124,148,1.2027027027027026,0.040632365212064064,641,I lost my wool poncho and it’s very cold
806,6651,6,18,124,148,1.2027027027027026,0.040632365212064064,641,"Wooly Wonka, how may I help you?"
1196,6651,6,18,124,148,1.2027027027027026,0.040632365212064064,641,"No, ""free range"" is my cousin. This is Tribecca Lambs"
3196,6651,5,20,123,148,1.2027027027027026,0.039484939399337046,641,I can't stay here all night waiting for you to jump the fence.
4314,6651,6,18,124,148,1.2027027027027026,0.040632365212064064,641,"Hey, this urban farming is the best!"
4619,6651,6,18,124,148,1.2027027027027026,0.040632365212064064,641,"Hello Google, what's the spanish for ' flock off '?"
5211,6651,3,24,121,148,1.2027027027027026,0.037083731104823436,641,Our divorce settlement divided assets in half.  Come and get yours.
6714,6651,9,12,127,148,1.2027027027027026,0.04389504633552923,641,"I have to call you back, I'm in the middle of an Instagram."
1066,6659,5,21,127,153,1.2026143790849673,0.03863810411310346,641,"Now that we have Grub Hub, I can feed the sheep anywhere."
1120,6659,5,21,127,153,1.2026143790849673,0.03863810411310346,641,No. I'm not a German shepherd. Why do ewe ask?
1157,6659,2,27,124,153,1.2026143790849673,0.03514121730160341,641,The view from up here is wild and woolly.
8444,6659,3,25,125,153,1.2026143790849673,0.03634424941368324,641,"Okay, left them alone, now what?"
8955,6659,6,19,128,153,1.2026143790849673,0.039735404886077685,641,"Hello, Ms. Peep- I see you found my random note."
7496,6664,5,22,131,158,1.2025316455696202,0.03784006885783284,641,When did it switch from counting sheep to sheparding!
2847,6664,4,24,130,158,1.2025316455696202,0.036759286664489056,641,"Wondering if you are coming soon, Babe?"
2121,6664,3,26,129,158,1.2025316455696202,0.03564575011131952,641,Can't talk—watching '20 ways to prepare mutton.'
1265,6664,4,24,130,158,1.2025316455696202,0.036759286664489056,641,"Just so ya know, they HATED ""Wolf of Wall Street"""
1513,6664,5,22,131,158,1.2025316455696202,0.03784006885783284,641,"Yes, I said the batch is damaged. And the wolf never arrived."
1427,6669,5,23,135,163,1.2024539877300613,0.03708649082136454,641,"Yeah I care, but you promised I'd get weekends."""
6281,6669,8,17,138,163,1.2024539877300613,0.04003284760743292,641,What channel did you say Flock-Tenders was on again?
8277,6671,3,28,137,168,1.2023809523809523,0.03435785506753902,641,"How many times do I have to tell you, I'm on disability!"
2998,6671,6,22,140,168,1.2023809523809523,0.03734059725193416,641,...and Sheepshead Bay was a total let-down.
6192,6671,6,22,140,168,1.2023809523809523,0.03734059725193416,641,I've been making a killing in midtown. It's impossible to get any sleep around here.
6829,6671,7,20,141,168,1.2023809523809523,0.038283236573738964,641,Ewe all here?
626,6675,8,19,146,173,1.2023121387283238,0.038418403897729644,641,Good.  How's by ewe?
8678,6676,7,28,173,208,1.2019230769230769,0.03322139467188795,641,I can't meet you for dinner tonight. I'm feeling a bit sheepish.
393,6677,2,22,105,129,1.2015503875968991,0.03872333566412419,641,"Yes, I know it's only 550 square feet, but at least it has a pet washing station and smoothie bar."
5427,6678,2,23,109,134,1.2014925373134329,0.03787038053310844,641,I just have to get out of the pasture every once in a while to unclear my head.
5662,6678,4,19,111,134,1.2014925373134329,0.04072600426006134,641,Room service?  Would you please send up two bales of hay and a wheel barrow of bluegrass?
6331,6678,6,15,113,134,1.2014925373134329,0.043394113935632216,641,We all like they may go astray but its much easier with them here at  Mar a Lago.
4842,6681,4,20,115,139,1.2014388489208634,0.03978339868432061,641,This view's worth the climb up.
7638,6681,6,16,117,139,1.2014388489208634,0.04232313362673217,641,Shepards Day Off
7101,6683,7,15,122,144,1.2013888888888888,0.042480240288721084,641,One glass of Malbeeeec
6810,6683,4,21,119,144,1.2013888888888888,0.03889981392773224,641,"Yes, have been looking for work, but we're still between Magi."
577,6683,3,23,118,144,1.2013888888888888,0.03763071121420765,641,"Ya, I got the sheep. Will you come back now?"""
2412,6683,8,13,123,144,1.2013888888888888,0.04360843854247225,641,"Yes dear, we are having mutton again tonight"
5473,6687,7,16,126,149,1.2013422818791946,0.04148944012104065,641,"We heard there's a special about New Zealand, and we came up to see if we could find any relatives."
6418,6687,7,16,126,149,1.2013422818791946,0.04148944012104065,641,"Hey, McCloud, get off of my ewe!"
7711,6687,4,22,123,149,1.2013422818791946,0.03806953476017015,641,I  suspect they’re color blind and think I’m little boy blue
8120,6690,3,25,126,154,1.2012987012987013,0.036131438803816876,641,One day it hit me: it's just not the same without ewe around.
7308,6690,6,19,129,154,1.2012987012987013,0.03949845798894948,641,"No, I'm not sure why my neighbors want to file a noise ComplA-A-A-A-Aint. It's just me up here."
5485,6690,5,21,128,154,1.2012987012987013,0.038408927942357264,641,the real housesheep of new york
5128,6690,6,19,129,154,1.2012987012987013,0.03949845798894948,641,"Hello YouTube? I have 11 followers, can I start monetizing them?"
4623,6690,5,21,128,154,1.2012987012987013,0.038408927942357264,641,"Oh,not so baad.  Moo?"
4295,6690,4,23,127,154,1.2012987012987013,0.03728757578413456,641,Need a delivery. 20 lbs of grass clippings.
4126,6690,4,23,127,154,1.2012987012987013,0.03728757578413456,641,"Folks  seem to enjoy sheep as mutton chops--as tenants, not so much."
4021,6690,1,29,124,154,1.2012987012987013,0.03370038567118684,641,"Hi Little Bo Peep, I located your sheep in a high-rise in lower Manhattan."
3438,6690,3,25,126,154,1.2012987012987013,0.036131438803816876,641,"Twelve, and the room's fine. Probably all that coffee."
2245,6690,6,19,129,154,1.2012987012987013,0.03949845798894948,641,"My complaint is that even with the sheep, this little bro peep can't get to sleep."
8146,6700,6,20,133,159,1.20125786163522,0.038666443836710765,641,My GPS was b-a-a-a-d!
7674,6700,8,16,135,159,1.20125786163522,0.04067329431921545,641,"Sorry, the reception here is really baa-d."
8516,6700,5,22,132,159,1.20125786163522,0.03762289705854003,641,"They're great sheep, it's ridiculous that my building has a no pet policy."
7144,6700,4,24,131,159,1.20125786163522,0.03654956753748931,641,Canst thou speak up?  We have a baa-baad connection.
6486,6700,6,20,133,159,1.20125786163522,0.038666443836710765,641,Exciting news Mom. I've invested in the wool comeback.
3562,6700,5,22,132,159,1.20125786163522,0.03762289705854003,641,Who says farm-to-table can't work in the city?
5311,6700,5,22,132,159,1.20125786163522,0.03762289705854003,641,Hay! No I am not saying hello!
4552,6700,7,18,134,159,1.20125786163522,0.03968255756472251,641,I just saw your commercial for shepherd college. Are there prerequisites?
885,6700,7,18,134,159,1.20125786163522,0.03968255756472251,641,The grass may be greener here but it's not edible.
6345,6700,6,20,133,159,1.20125786163522,0.038666443836710765,641,Could you please get them out of here? I'm awake since two hours ago!
6621,6710,8,17,139,164,1.201219512195122,0.03980714210641064,641,"We're poor little lambs who have lost our way, can we get a pizza delivery?"
8581,6710,3,27,134,164,1.201219512195122,0.03479260075423782,641,Bo Peep?  Your sheep have come home.
1423,6710,7,19,138,164,1.201219512195122,0.03885604024592232,641,"Sean? Ok, they followed the crook . . just like you said . .when,where's the next rally . . .the bleating is driving me crazy .  ."
1839,6710,6,21,137,164,1.201219512195122,0.037881066042358136,641,The commercial says that it's all about Alpacas now.  Tell me more!
2220,6710,5,23,136,164,1.201219512195122,0.03688032626507339,641,And what the hell do you want me to do with them now?!
7610,6710,7,19,138,164,1.201219512195122,0.03885604024592232,641,"It’s too challenging navigating through the city, so I checked in a local hotel with the herd.  We’re waiting for collie assist services to check us out and get on our way!"
7498,6716,6,22,141,169,1.2011834319526626,0.037138301354545517,641,"Yeah, all this city noise used to keep me awake, too, but I found that counting my sheep worked like a charm."
5095,6717,8,19,147,174,1.2011494252873562,0.0382146626962104,641,"Well, Bo left them alone and they came to the City!"
7494,6717,7,21,146,174,1.2011494252873562,0.037335233720037914,641,"Uh, Little Bo Peep. . ? Hello, yeah, I found your stick thing."
2443,6717,8,19,147,174,1.2011494252873562,0.0382146626962104,641,"Yes, of course we're all here watching the Baaa-chelor!"
1876,6720,7,22,150,179,1.2011173184357542,0.036633734772636886,641,Can you believe this Airbnb forgot to give me the WiFi password?
8059,6721,7,20,143,170,1.2,0.037868734756393976,641,"Hi honey, I’m home."
5209,6721,7,14,119,140,1.2,0.04324931903651551,641,"Yo, Li'l Bo is hangin' with her peeps."
5236,6721,3,24,123,150,1.2,0.03663716527236559,641,The cold snap meant the sheep had to sleep indoors last night.
5536,6721,4,26,140,170,1.2,0.03500285901504745,641,"Gotta go, I’ll give you a yodel later."
5589,6721,4,25,136,165,1.2,0.03565458001613713,641,Tell Mose I want my cats back.
5618,6721,6,20,134,160,1.2,0.038444601979779267,641,Hi QVC? I'd like the sheep dog and silver necklace
5947,6721,5,19,121,145,1.2,0.03987528450276242,641,"Now I really just need to find MYSELF, y'know?"
6423,6721,5,19,121,145,1.2,0.03987528450276242,641,I DID bring them to the Sheep Meadow. I'm due in court next Thursday.
6605,6721,4,25,136,165,1.2,0.03565458001613713,641,I was just counting them--not calling!
6896,6721,4,22,124,150,1.2,0.03783870158723217,641,We took a wrong turn at Benson's Lane and now the sheep won't go back down the elevator!
7116,6721,4,28,148,180,1.2,0.033795676266743145,641,"The subway is baaaad, but we have to go."
7331,6721,6,21,138,165,1.2,0.037670528747840895,641,Might you be suggesting my counter proposal is still at customs?
7395,6721,7,17,131,155,1.2,0.04031713411058204,641,Room Service? How are the lamb chops?
7939,6721,5,18,117,140,1.2,0.04080384481007503,641,And when did you say the green roof opens?
8726,6721,4,22,124,150,1.2,0.03783870158723217,641,"Yes officer, he's wearing a black coat and he ran in the direction of the bus station."
5101,6721,10,10,130,150,1.2,0.044369810564002396,641,"baa, baa, baa."
4980,6721,9,14,137,160,1.2,0.041398508161374865,641,The rent is a little high but the amenities are great.
6964,6721,3,22,115,140,1.2,0.03820214529901523,641,I told you guys.  I joined the Sheepherders International Union I get off at 5pm every day now.
3825,6721,3,26,131,160,1.2,0.03524398338411641,641,"Hello, Animal Control?"
12,6721,4,21,120,145,1.2,0.03865556717425341,641,When Mary grew up she did not become a cat lady.
253,6721,4,23,128,155,1.2,0.03706898651442383,641,"No, Mary's not here. She's probably with that snow-white lamb."
320,6721,4,24,132,160,1.2,0.03634218921558155,641,Its a different kind of  house of ill repute.
419,6721,6,21,138,165,1.2,0.037670528747840895,641,I herd it’s going to be a long winter.
1148,6721,3,24,123,150,1.2,0.03663716527236559,641,We should be where?! I guess I 'herd' wrong...
1665,6721,4,21,120,145,1.2,0.03865556717425341,641,The gentrification in this town is out of control.
2256,6721,3,24,123,150,1.2,0.03663716527236559,641,What kind of a shepard am I?  A city one.
4804,6721,3,26,131,160,1.2,0.03524398338411641,641,My broker says inside grazing may be illegal
2745,6721,2,24,114,140,1.2,0.03683244469931725,641,"Just send as many rolls of sod as you can as quickly as possible, they're staring at my tweed suit"
2774,6721,8,17,140,165,1.2,0.0395839411397689,641,I take it you all couldn’t sleep?
3052,6721,7,14,119,140,1.2,0.04324931903651551,641,Now I lay me down to sheep
3304,6721,5,17,113,135,1.2,0.04179499310101612,641,"There is no reason we couldn't bring Green Acres to Park Avenue, dah-ling!"
3356,6721,6,15,114,135,1.2,0.04309732901036361,641,"My God, Mary, you won't believe what they're saying about you.  I think you should cut your vacation short and high-tail it home."""""
3474,6721,3,27,135,165,1.2,0.03460259016489566,641,The things I can get on the internet nowadays.
2295,6721,3,25,127,155,1.2,0.03592106040535498,641,"Yes, our sheep for sleep can come to your apartment even if you don’t have a freight elevator."
2441,6755,4,26,141,171,1.1988304093567252,0.03481721205539484,641,"Miss Peep...If you lost your sheep, you can get them back, but I guarantee, it won't be cheap!"
8680,6755,5,24,142,171,1.1988304093567252,0.035791587068957076,641,I knew Bopeep would be a terrible babysitter.
6012,6757,3,27,136,166,1.1987951807228916,0.03441460535238768,641,Just watching the game with a few friends...what are ewe doing?
7069,6757,6,21,139,166,1.1987951807228916,0.03746228919785792,641,"Jerry Shepherd, Artisanal Hypnogenesis..."
8040,6757,7,19,140,166,1.1987951807228916,0.03842450340696319,641,I’m just going to Netflocks and chill.
3803,6757,3,27,136,166,1.1987951807228916,0.03441460535238768,641,Where is the BLACK SHEEP ?     And has she any wool ?
1690,6757,5,23,138,166,1.1987951807228916,0.03647470029782505,641,Ba-ba. Ba-ba ba.
3944,6762,6,20,135,161,1.1987577639751552,0.038225259705252077,641,"Room service?  I'd like a dozen bottles of wine.  Also, anything you might have that would get wine stains out of wool."
6691,6762,2,28,131,161,1.1987577639751552,0.03392066439978421,641,"Remember you wanted that wool number but didn't want to pay department store prices. Well, I figure I just cut out the middleman."
8218,6762,2,28,131,161,1.1987577639751552,0.03392066439978421,641,Animal Planet 3D has really stepped up their game.
2720,6765,3,25,128,156,1.1987179487179487,0.0357130737818409,641,"You're going to have to speak up, I get Baaa-d reception in here."
8642,6765,6,19,131,156,1.1987179487179487,0.03903283997819771,641,"Yeah, the new roommates are really starting to ""bah"" ther me."
7691,6765,5,21,130,156,1.1987179487179487,0.03795852487682835,641,"I said ""I couldn't find a farm-sitter"". And she said ""Come anyway"",so I did."
1107,6765,5,21,130,156,1.1987179487179487,0.03795852487682835,641,"Yes, that's correct...Shaun the Sheep...in HD"
1198,6765,5,21,130,156,1.1987179487179487,0.03795852487682835,641,"Hello Police, I'd like to cancel my previous report.  You see , I left them alone and well... they're back, tails a wagging!"
1460,6765,4,23,129,156,1.1987179487179487,0.03685290524349477,641,Just chillin' with my (Little Bo) peeps.
2776,6765,6,19,131,156,1.1987179487179487,0.03903283997819771,641,I don't know what's for dinner but roast mutton is not going to go over well tonight.
6360,6765,8,15,133,156,1.1987179487179487,0.04109730609956295,641,Yes I can hear you now.....the signal here is so much better !
6895,6765,4,23,129,156,1.1987179487179487,0.03685290524349477,641,This is much easier than dog walking; we watch Sheep Run Wild everyday then go onto the roof top garden and graze.
7113,6765,3,25,128,156,1.1987179487179487,0.0357130737818409,641,"Was this supposed to be one of those “gag gift” things? Because you don’t look like drummers, and you’re definitely not drumming."
7627,6765,4,23,129,156,1.1987179487179487,0.03685290524349477,641,Counting sheep is easy when you have them at home.
7991,6776,7,16,128,151,1.1986754966887416,0.04098119694789331,641,"You heard me right..I want two ginger ales, 4 slices of toast and 100lbs of mint jelly..."
7541,6776,2,26,123,151,1.1986754966887416,0.035184618791870695,641,We'll need a green shag rug.
4737,6776,4,22,125,151,1.1986754966887416,0.037610608091738745,641,"It’s a wolf documentary...very educational. No,
I don’t feel guilty about their screen time"
4680,6776,5,20,126,151,1.1986754966887416,0.038766713321881134,641,I’ll be baahhhhhck around 2.30pm
1450,6776,2,26,123,151,1.1986754966887416,0.035184618791870695,641,They're here and I haven't hear a peep from Littl' Bow.
3171,6776,3,24,124,151,1.1986754966887416,0.03641782009236429,641,I thought we needed a good night's sleep before tomorrow's sheep herders convention so I splurged on this fancy deluxe hotel suite.  My guys are liking it!
107,6776,5,20,126,151,1.1986754966887416,0.038766713321881134,641,That’s baa-d
3198,6776,5,20,126,151,1.1986754966887416,0.038766713321881134,641,Thanks for calling 1-800-ewe-pickem where they’re sheaper by the dozen.
5430,6784,3,23,120,146,1.1986301369863013,0.03716432253524724,641,So I heard...
1085,6784,3,23,120,146,1.1986301369863013,0.03716432253524724,641,I’d like to report a missing flock.
2899,6784,5,19,122,146,1.1986301369863013,0.03962490999463604,641,They're not lost. Their in your pied-à-terre.
3508,6784,5,19,122,146,1.1986301369863013,0.03962490999463604,641,"If I order a goat, how will it be described on the hotel bill?"
7052,6784,4,21,121,146,1.1986301369863013,0.038414322599695114,641,Nowhere to sheep!
8963,6789,5,18,118,141,1.198581560283688,0.04053824561136123,641,Ewe've got the wrong number.
5441,6789,5,18,118,141,1.198581560283688,0.04053824561136123,641,"These promposals are getting out of hand. No, I 'wool' not go to prom with you."
6955,6789,3,22,116,141,1.198581560283688,0.037956753181214165,641,"Yes, could you send up a dozen orders of the fodder du jour, please?"
5371,6789,4,20,117,141,1.198581560283688,0.03926871827107844,641,"They followed me here all the way from Bedford Ave..
...yes, I can hold.."
5550,6789,4,20,117,141,1.198581560283688,0.03926871827107844,641,"She’s not here, I’m baaa baaa sitting."
1001,6789,2,24,115,141,1.198581560283688,0.0365977866744137,641,"Hey, doc? I took your suggestion....Counting sheep didn't help my insomnia at all."
498,6789,7,14,120,141,1.198581560283688,0.04296491129322258,641,It's Take Your Home To Work'Day.
1711,6789,1,26,114,141,1.198581560283688,0.03518637331229484,641,"I told you, the angry ones don't want to be counted,
and I've need to get some sleep!"
6698,6797,3,21,112,136,1.1985294117647058,0.03879987891236252,641,Me? Watching the Outdoor Channel.
272,6797,7,13,116,136,1.1985294117647058,0.04405860246431504,641,Y'all could settle down and let me get some sleep.
2177,6797,1,25,110,136,1.1985294117647058,0.0358826654509767,641,"Well, excellent shepherds don't grow on trees either."""
4928,6797,5,17,114,136,1.1985294117647058,0.041512594804002205,641,"I’ll have the sheeps herded by dinner time, like you asked honey."
5474,6797,4,19,113,136,1.1985294117647058,0.04017913719192626,641,"Ten large pizzas with extra grass, please"
22,6802,3,19,104,126,1.1984126984126984,0.040660953962280574,641,Do you deliver sod?
8538,6803,5,14,102,121,1.1983471074380165,0.044874840808274925,641,"When I woke up I was in the Meadows with the sheep, the cows are in Corning and my horn is missing."
4915,6804,5,25,147,177,1.1977401129943503,0.034962328415460805,641,The sleeping pills are hurting my business.
1563,6805,6,22,144,172,1.197674418604651,0.03654418815997308,641,"Oh, and the bathroom's down the hall."
7254,6805,4,26,142,172,1.197674418604651,0.03463349211764261,641,"Hey doc, sorry to bother you, but quick question........can a human get an STD from a sheep?......No, no, nothing like that.  I'm asking for a friend."
7382,6805,7,20,145,172,1.197674418604651,0.03746301034721941,641,Just a sec. I'll put my sheep on speaker.
4476,6808,5,23,139,167,1.1976047904191616,0.036275167976288485,641,Uber?  Better make it an XL.
8086,6808,4,25,138,167,1.1976047904191616,0.03526673992326516,641,I know its against the rules
6560,6810,4,24,134,162,1.1975308641975309,0.035934303230654274,641,They just got tired of the great outdoors
8620,6810,5,22,135,162,1.1975308641975309,0.036985880884117604,641,"I did try counting sheep as you advised me to do, Dr. Goodnight. However, I’m such a visually-oriented person that the darn animals materialized. Now what do I do?"
3838,6810,6,20,136,162,1.1975308641975309,0.03800837566741917,641,"Bah, humbug."
3433,6810,8,16,138,162,1.1975308641975309,0.03997498083900371,641,"Sorry, Bo, that pasture is really boring. I'll bring them back tomorrow."
113,6810,5,22,135,162,1.1975308641975309,0.036985880884117604,641,Realistic?  It's a 10kSuperLEDHTV .
179,6815,2,27,128,157,1.197452229299363,0.034338301244741895,641,You know that show 'Hoarders'? I just had a brilliant idea.
781,6815,2,27,128,157,1.197452229299363,0.034338301244741895,641,Just waiting for Lyft. You?
3864,6815,5,21,131,157,1.197452229299363,0.037737208221581046,641,Is this a 'baaad' time?
7791,6815,7,17,133,157,1.197452229299363,0.0398423834504812,641,"Yes, that's the price, but the sublet comes fully furnished...Fleecing you how?"
8931,6815,6,19,132,157,1.197452229299363,0.03880407455006589,641,"I couldn't sleep, so I started counting them and then all of a sudden here they are!"
8984,6820,4,22,126,152,1.1973684210526316,0.03738520676119666,641,When the shepherds get lazy.
8233,6820,5,20,127,152,1.1973684210526316,0.0385329996278268,641,"Oh yeah, they breed like rabbits!"
6438,6820,5,20,127,152,1.1973684210526316,0.0385329996278268,641,"Yeah, I said Wolf of Wall Street."
6432,6820,4,22,126,152,1.1973684210526316,0.03738520676119666,641,"Yes, on my tab... L. B. Peep. Thanks!"
319,6820,6,18,128,152,1.1973684210526316,0.03964757793433007,641,"No, seriously, I swear it was a wolf."
317,6820,6,18,128,152,1.1973684210526316,0.03964757793433007,641,"Don't forget the O.J., bread and a bale of forb."
1035,6820,5,20,127,152,1.1973684210526316,0.0385329996278268,641,send me another sheep dog. This one keeps herding up instead of out.
7216,6827,4,21,122,147,1.1972789115646258,0.03817602626873484,641,"Nope, Florida Lost Count First"
8845,6827,4,21,122,147,1.1972789115646258,0.03817602626873484,641,Agent Beauregard Peep reporting in and awaiting further instructions.
8662,6827,4,21,122,147,1.1972789115646258,0.03817602626873484,641,Missing? I just came home for lunch.
8634,6827,4,21,122,147,1.1972789115646258,0.03817602626873484,641,I'm feeling kind of sheepish
6239,6827,6,17,124,147,1.1972789115646258,0.04054361727698009,641,I counted them all but they're keeping me awake all night with their damn bleating.
996,6827,2,25,120,147,1.1972789115646258,0.03565155061761026,641,"Somehow I knew you wouldn’t believe I’m the man who called, ‘Sheep’.”"
4584,6827,6,17,124,147,1.1972789115646258,0.04054361727698009,641,"Yes, I have a bunch of  rosemary and a bunch of garlic."
2768,6827,5,19,123,147,1.1972789115646258,0.039377619808549695,641,"They prefer to watch ""Animal Planet"" and absolutely no soap operas."
5606,6827,6,17,124,147,1.1972789115646258,0.04054361727698009,641,"Yeah, mom, I love it here. I’ve really found my flock in the city."
5388,6836,9,10,123,142,1.1971830985915493,0.044963538230710705,641,"Bo Peep?  I've found your sheep with none of their tails behind them; awake from sleep, send me a tweet, and we'll re-tail each bleating lambkin!"
6266,6836,4,20,118,142,1.1971830985915493,0.03901626796464972,641,That freak Bo Peep is in the shower.
6776,6836,3,22,117,142,1.1971830985915493,0.037714440802195465,641,"Miss Bopeep, please come and get your sheep!"
7717,6836,8,12,122,142,1.1971830985915493,0.04383867755028129,641,"The Therapist said, I have to work on my woolly thinking and stop taking my work home!"
6966,6840,4,19,114,137,1.197080291970803,0.03991109707390912,641,Retirement is not for us
6110,6840,1,25,111,137,1.197080291970803,0.03564925032557729,641,"I'll admit, I felt a bit sheepish calling you out of the blue."
4805,6840,2,23,112,137,1.197080291970803,0.03712426774673741,641,"Hello Miss Bo Peep, I think I've found your sheep."
7087,6840,3,21,113,137,1.197080291970803,0.03854287823563807,641,And all that just because I brought my work home with me?
961,6840,5,17,115,137,1.197080291970803,0.04123394083275054,641,The special features on the new 'Earth' series are very realistic.
3146,6840,3,21,113,137,1.197080291970803,0.03854287823563807,641,Where is Little Bo Peep when you need her?
1777,6846,5,14,103,122,1.1967213114754098,0.04453517972424422,641,The New York Flock Exchange is intense; I had to take my work home with me.
7927,6846,7,22,154,183,1.1967213114754098,0.03589704212976556,641,I do write clearly...flocked tree was clearly stated!!
5821,6848,11,12,150,173,1.1965317919075145,0.04071131183405476,641,And send up the black one. My bitcoin account is asking for a token.
4251,6849,5,23,140,168,1.1964285714285714,0.03607777670159303,641,"I opened the gate to their pen, but they wouldn't run. They just stood there, confused. They wouldn't run. So I left them alone and they followed me home."
2235,6849,6,21,141,168,1.1964285714285714,0.03705255687749121,641,I'm taking a mancation.
3971,6849,3,27,138,168,1.1964285714285714,0.03404458801146792,641,My occupation? I run a home-baa-sed business.
5258,6849,5,23,140,168,1.1964285714285714,0.03607777670159303,641,"Hi, I'm calling to report a domestic disp-EWE-t."
5834,6849,5,23,140,168,1.1964285714285714,0.03607777670159303,641,Just come up; the door is unflocked.
6720,6854,2,28,133,163,1.196319018404908,0.033547252350004865,641,Shorn ‘nuff.
365,6854,7,18,138,163,1.196319018404908,0.03878298532126633,641,"This is very upsetting. I had specifically asked for alpacas, not these hoi polloi sheep that hang around Central Park!"
5112,6854,4,24,135,163,1.196319018404908,0.03573372166893295,641,"Yes, with broadband internet I find I can do all my work from home"
5158,6854,6,20,137,163,1.196319018404908,0.037793909408668336,641,"So my doctor says, if I want to sleep, it might help to count sheep."
5950,6858,7,17,134,158,1.1962025316455696,0.0396091327336483,641,My dream came true when I put my hat on.
7987,6858,9,13,136,158,1.1962025316455696,0.0415948879801192,641,Is the mattress on the way?
8332,6858,2,27,129,158,1.1962025316455696,0.03414315627610505,641,I feel like I have got one sheep too many.
3901,6858,6,19,133,158,1.1962025316455696,0.03857794370917561,641,"You know the old saying?
Welcome to my world!"
3278,6858,3,25,130,158,1.1962025316455696,0.0353041183940058,641,Sharron has a bunch of lambs” doesn’t really have the same ring to it
5233,6858,7,17,134,158,1.1962025316455696,0.0396091327336483,641,My decorator told me to go with farm to living room
2747,6858,6,19,133,158,1.1962025316455696,0.03857794370917561,641,They were worried about the holidays.
357,6858,6,19,133,158,1.1962025316455696,0.03857794370917561,641,"Room service, could you send up 100 copies of The Times?"
8364,6866,4,22,127,153,1.196078431372549,0.03716245114557449,641,"She ran off with my wallet, but she forgot something."
7323,6866,6,18,129,153,1.196078431372549,0.039408709686542885,641,"We are watching it right now, but I could understand the dialogue better if they really were silent."
5273,6866,4,22,127,153,1.196078431372549,0.03716245114557449,641,You can cancel the order for all those Lost Sheep posters.
4417,6866,3,24,126,153,1.196078431372549,0.035986781783617534,641,"Not really doing anything right now, just channelling my inner shepherd."
3902,6866,5,20,128,153,1.196078431372549,0.038302050691219065,641,"No, I'm not too busy to talk - just at home finishing off some work."
3228,6866,5,20,128,153,1.196078431372549,0.038302050691219065,641,That might be a problem. I don't care for cats.
8645,6866,7,16,130,153,1.196078431372549,0.040485129506569725,641,Siri! Do I have currently have any lost sheep?
2118,6866,5,20,128,153,1.196078431372549,0.038302050691219065,641,"Sorry, I can't talk now. Too much going on here."
1717,6866,5,20,128,153,1.196078431372549,0.038302050691219065,641,"The too-much-beef-and-pork remark has backfired on me."""
1302,6866,5,20,128,153,1.196078431372549,0.038302050691219065,641,My life coach says I should stop being so sheepish.
2595,6866,5,20,128,153,1.196078431372549,0.038302050691219065,641,"No, sorry.  We only carry bleating white sheep."
5824,6877,5,19,124,148,1.195945945945946,0.039133358230548296,641,There was no room at the Holiday Inn.
7995,6877,3,23,122,148,1.195945945945946,0.03670915961563207,641,I thought I lost my sheep!
8979,6877,6,17,125,148,1.195945945945946,0.04029079782974838,641,"Yes, this is the Allbirds Manhattan office. How may I help you?"
5344,6877,4,21,123,148,1.195945945945946,0.037940625496203764,641,Counting sheep has really become this country's pastime.
4379,6877,4,21,123,148,1.195945945945946,0.037940625496203764,641,I'm telling you sheep yoga will work.
385,6877,5,19,124,148,1.195945945945946,0.039133358230548296,641,"My therapist says not to bring your work home with you, but I have insomnia too so I thought being able to count them might help."
3802,6877,5,19,124,148,1.195945945945946,0.039133358230548296,641,So what possessed you tell them about my pied-à-terre?
4012,6884,5,18,120,143,1.1958041958041958,0.04001716028382389,641,Okay mom... just give me ONE good reason to move back to Nebraska
5930,6884,4,20,119,143,1.1958041958041958,0.03876699705860279,641,Anyone can telecommute.
8566,6884,5,18,120,143,1.1958041958041958,0.04001716028382389,641,Lost Sheep in the City
3371,6887,6,15,117,138,1.1956521739130435,0.04223059071261384,641,Sam Shepherd here - -no - -why do you ask?
3873,6887,4,19,115,138,1.1956521739130435,0.03964656033431293,641,No I won't sell them for meat!  That would make a ba'aad situation wurst!
5375,6887,4,19,115,138,1.1956521739130435,0.03964656033431293,641,"Bo, I thought I cleared the trip with you."
3507,6890,8,19,152,179,1.1955307262569832,0.03722720524227137,641,You never heard about Cyber Sheppard?
2010,6891,7,12,114,133,1.1954887218045114,0.04459719037101479,641,"Oh no, believe me, the sheep couldn't take another minute of that blasted meadow either"
7754,6892,3,28,143,174,1.1954022988505748,0.033288283543069425,641,"Yeah, I'm free next week. Know a good shepherd?"
276,6893,2,29,138,169,1.1952662721893492,0.03280588599444053,641,Now this is much better than counting them all night.
6559,6893,4,25,140,169,1.1952662721893492,0.0348871167073119,641,If you don't address my concerns about the room I will leave a baaaaaaaaad review on Yelp!
2078,6893,4,25,140,169,1.1952662721893492,0.0348871167073119,641,Why is it so hard to believe I am counting sheep even though I'm not trying to get to sleep.
7570,6896,5,22,137,164,1.1951219512195121,0.03657289427809463,641,Hello ?...Bo Peep ?...I found your sheep !
7065,6896,1,30,133,164,1.1951219512195121,0.032222814891435886,641,Just got off work. Wanna Netflocks and Chill?
8837,6896,6,20,138,164,1.1951219512195121,0.03758182133643769,641,Bring on the moths!
6092,6896,6,20,138,164,1.1951219512195121,0.03758182133643769,641,Little Bo Peep thought the lifespan of sheep would be much shorter.
7298,6896,7,18,139,164,1.1951219512195121,0.03856436170937048,641,"Hello, operator, I'd like to place a person to person call to, 
Little Bo Peep"
5435,6896,4,24,136,164,1.1951219512195121,0.03553533307553837,641,"Alas, the urban shepherd's lot is not so sweet."
3106,6896,4,24,136,164,1.1951219512195121,0.03553533307553837,641,"Look at it this way, at least we have a view!"
4312,6896,7,18,139,164,1.1951219512195121,0.03856436170937048,641,I'm here because the cell tower wasn't working at my regular location.
1052,6896,5,22,137,164,1.1951219512195121,0.03657289427809463,641,"Saw a hotel ad. “Bring your sheep, we’ll supply the fence and a good night’s sleep.”  So far, no fence, a lot of baas, and no sleep."
5261,6896,3,26,135,164,1.1951219512195121,0.03446655186847409,641,"Hi honey, yes I know it's unusual, but they seem to like the urban lifestyle better!"
753,6906,3,25,131,159,1.1949685534591195,0.035103072972858924,641,I don't know if I'm cut out for sheeple sitting
790,6906,5,21,133,159,1.1949685534591195,0.03730212760604782,641,I'm planning to keep warm this winter.
3058,6906,5,21,133,159,1.1949685534591195,0.03730212760604782,641,"No, I said, it's like herding cats! Cats"
6347,6906,7,17,135,159,1.1949685534591195,0.039378569244423935,641,"That's right, darling, I said bleated, not tweeted."
7036,6910,6,18,130,154,1.1948051948051948,0.03917267027864408,641,What a mob scene.
4389,6910,6,18,130,154,1.1948051948051948,0.03917267027864408,641,"So, could you describe the tails?"
1013,6910,5,20,129,154,1.1948051948051948,0.03807381854944091,641,Tell little bow peep that I found them
8110,6910,6,18,130,154,1.1948051948051948,0.03917267027864408,641,I've never looked back. Being a shepherd best career choice ever.
634,6910,3,24,127,154,1.1948051948051948,0.03577500221227837,641,I think we have a baaaaad connection.
8859,6915,5,19,125,149,1.1946308724832215,0.03889207085166459,641,I promised them I'd keep tabs on work during my vacation.
986,6915,4,21,124,149,1.1946308724832215,0.03770806881243978,641,"What do you mean ""syphilis came from fucking sheep"""
1359,6915,2,25,122,149,1.1946308724832215,0.0352208604441925,641,"The reason we are here is that with the goat-exercise trends, we can start a sheep-yoga toga-party trend and soft well our pashmina wools.  Its a win-win all around."
1532,6915,4,21,124,149,1.1946308724832215,0.03770806881243978,641,"I'm calling it ""Sheep B&B"" -- for the shepherd who wants to shop or catch a show in the city."
5190,6915,5,19,125,149,1.1946308724832215,0.03889207085166459,641,"I just figured if I can make it there, I'll make it anywhere."
9046,6915,5,19,125,149,1.1946308724832215,0.03889207085166459,641,Lost and Found Show? I'd like to leave a message for Ms. Peep.
8057,6921,7,14,123,144,1.1944444444444444,0.04213348955282019,641,You herd?  She split over shear gossip about strange wheys in her peep.
7677,6921,4,20,120,144,1.1944444444444444,0.03852084696008535,641,"On a farm? Well yes, without most of the farm, I guess."
3153,6921,5,18,121,144,1.1944444444444444,0.03976154860725892,641,"Yeah, the baaa-studs are everywhere. . ."
3725,6921,5,18,121,144,1.1944444444444444,0.03976154860725892,641,"Okay, I downloaded the Rover app, now what do I do?"
7545,6921,4,20,120,144,1.1944444444444444,0.03852084696008535,641,They’re Highrise sheep not Highlanders!
977,6926,5,23,142,170,1.1941176470588235,0.035689283324363795,641,I am not a crook!
2905,6926,5,23,142,170,1.1941176470588235,0.035689283324363795,641,I’m afraid you’ve reached the wrong Ms. Peep.
6317,6926,6,21,143,170,1.1941176470588235,0.03665158371040724,641,"I understand, but at least you have a view."
7088,6926,3,27,140,170,1.1941176470588235,0.033682304785423396,641,"Apparently, someone told them the grass is greener not just on the other side, but inside a condo high rise."
1731,6926,5,23,142,170,1.1941176470588235,0.035689283324363795,641,Fine.  How are ewe?
1669,6931,6,14,114,134,1.1940298507462686,0.04300153053506399,641,I'm calling to report a problem with my virtual reality goggles
6396,6932,5,22,138,165,1.1939393939393939,0.03636979499461686,641,"Hey, Doc, it's Mary again.  None of these lambs are staying little."
7165,6932,4,24,137,165,1.1939393939393939,0.035339102393001816,641,"If they study hard enough, I'll have enough scholarsheeps for college"
4677,6932,4,24,137,165,1.1939393939393939,0.035339102393001816,641,"Mutton up, it's cold out there."
8717,6932,2,28,135,165,1.1939393939393939,0.0331818097446219,641,"They're fine. They're in bed. No, you don't hear Anthony Hopkins."
4129,6932,7,18,140,165,1.1939393939393939,0.038348163554011806,641,"We crossed the Red Sea, and the dessert, but with all the traffic here, this one may be too much for us."
2360,6932,7,18,140,165,1.1939393939393939,0.038348163554011806,641,I told you guys to make your own choices and not follow me around anymore.
305,6932,6,20,139,165,1.1939393939393939,0.03737207270085309,641,"People tell me that these days you don't need sheep, you just need money"
17,6939,3,25,132,160,1.19375,0.03490426597163831,641,I found it on AirBleatNBleat.
2153,6939,5,21,134,160,1.19375,0.037088279650334066,641,"Hello? RNC? Listen, since I'm always surrounded by mindless sheep anyway, I'm thinkin' maybe I should oughta run for office, no?"
8292,6939,8,15,137,160,1.19375,0.040142116835378244,641,"Oh hey, Bo-Peep ... What? ... No, sorry - I haven’t seen your sheep."
8434,6939,4,23,133,160,1.19375,0.036012832924113676,641,The herding went well till we got to Sheepshead  Bay.
8932,6943,2,26,127,155,1.1935483870967742,0.03436755686236305,641,"... No, everything's great! And my new roommates aren't baaahd"""
8029,6943,7,16,132,155,1.1935483870967742,0.040000810835464674,641,It’s the tragedy of the commons
4523,6943,4,22,129,155,1.1935483870967742,0.036724696401883375,641,"She is black, yes, we're a typical family"
3960,6943,5,20,130,155,1.1935483870967742,0.03784825631877749,641,got some sheep I guess
3564,6943,4,22,129,155,1.1935483870967742,0.036724696401883375,641,Don't need you guys tonight; I'm good.
8597,6943,3,24,128,155,1.1935483870967742,0.03556565963466911,641,I should have known I'd find you here watching Wolf.
2350,6943,6,18,131,155,1.1935483870967742,0.03893941045949789,641,"I’m so sorry, I shear forgot"
1743,6943,6,18,131,155,1.1935483870967742,0.03893941045949789,641,L.B.B. here. Can confirm sheep into Maddow. Cows into Corn?
2463,6943,3,24,128,155,1.1935483870967742,0.03556565963466911,641,"OMG, I kept the goggles on too long!"
291,6952,6,23,152,181,1.1933701657458564,0.03514070821447786,641,For sheep's sake
7924,6953,2,25,123,150,1.1933333333333334,0.03500932016100456,641,"Hey, I'm not counting them, I'm just waiting to unload them for the night."
6997,6953,5,19,126,150,1.1933333333333334,0.038653704531062046,641,Do you know what I know?
3325,6953,0,29,121,150,1.1933333333333334,0.03235245865324256,641,Movie night is getting complicated.
1056,6953,3,23,124,150,1.1933333333333334,0.03626483085233813,641,"Yes, I'm turing the crook, but reception is still poor."
3534,6953,3,23,124,150,1.1933333333333334,0.03626483085233813,641,Clarice sometimes wondered how her life would have been if she hadn't freed the lambs on her cousins' farm.
376,6953,3,23,124,150,1.1933333333333334,0.03626483085233813,641,I guess the grass really was greener over there.
8736,6959,5,24,147,176,1.1931818181818181,0.03486142240553237,641,"If this doesn’t break my insomnia, I’m going out that window"
7689,6960,3,22,120,145,1.193103448275862,0.0370054253609316,641,We were headed to school but the elevator wasn't working!
3721,6960,5,18,122,145,1.193103448275862,0.03950914308574072,641,"The problem is,it's democratic"
3767,6960,4,20,121,145,1.193103448275862,0.038277760472061405,641,"I want to place a wake-up call for 8 AM"""
5690,6960,4,20,121,145,1.193103448275862,0.038277760472061405,641,"Hello, Room Service? Do you have any fresh grass?"
7154,6960,4,20,121,145,1.193103448275862,0.038277760472061405,641,I wasn't counting on you coming here.
7441,6960,4,20,121,145,1.193103448275862,0.038277760472061405,641,"Hey Ma, you're gonna have to re-write that nursery rhyme."
8302,6960,4,20,121,145,1.193103448275862,0.038277760472061405,641,You're saying it would have been cheaper as a baker's dozen?
7812,6967,3,27,141,171,1.1929824561403508,0.03350398984674494,641,"No, not alexa beep control. I said sheep control!!!"
1565,6967,3,27,141,171,1.1929824561403508,0.03350398984674494,641,So who among you thought it was a good idea to bet on the livestocks?
1204,6967,6,21,144,171,1.1929824561403508,0.03645429583003898,641,"So again, no worries--I've found them. If you need to reach me, please leave your message at the Little Bo Beep."
6011,6967,7,19,145,171,1.1929824561403508,0.03738602859449504,641,"Nope, still can’t find them"
502,6967,6,21,144,171,1.1929824561403508,0.03645429583003898,641,I guess 'to the slaughter' wasn't specific enough for Uber.
6922,6972,3,21,116,140,1.1928571428571428,0.037791591330285236,641,"Doctor, I'm feeling a little sheepish today."
8488,6972,5,17,118,140,1.1928571428571428,0.040419725643711456,641,You just can’t get the staff
8030,6974,6,20,140,166,1.1927710843373494,0.0371646255730282,641,This is one BAAAd pad!
1154,6974,5,22,139,166,1.1927710843373494,0.036168909906929704,641,"I'm really getting sick of all your sheep puns, Karen."
1541,6974,4,24,138,166,1.1927710843373494,0.035144995287064905,641,Insomnia? Counting sheep works for me.
3138,6974,6,20,140,166,1.1927710843373494,0.0371646255730282,641,"I counted sheep, but I didn't fall asleep."
7963,6974,8,16,142,166,1.1927710843373494,0.03908002167654145,641,"Tell Little BoPeep to give me a call."""
9016,6974,7,18,141,166,1.1927710843373494,0.0381343512349583,641,Oh...I thought you said I’d be sharing it with you.
130,6980,4,18,113,135,1.1925925925925926,0.04003356289026648,641,"Yes, darling, I finally found a hotel that allows sheep!"
4250,6980,2,22,111,135,1.1925925925925926,0.03716947024994888,641,Have you any personal space?
6295,6980,4,18,113,135,1.1925925925925926,0.04003356289026648,641,"You bring the Woolite, I’ve got all the booty we’ll need up in my crib."
7643,6980,2,22,111,135,1.1925925925925926,0.03716947024994888,641,"I can't talk right now, Mom I have too many here who are flocking to see me."
7808,6984,4,23,134,161,1.1925465838509317,0.0358086789315852,641,I knew I could count on you!
5019,6984,7,17,137,161,1.1925465838509317,0.0389253226253006,641,"Yeah,we're just not feelin' it today."
8325,6984,5,21,135,161,1.1925465838509317,0.036876838779620856,641,Well I heard the city had a grass problem and decided help.
1779,6984,4,23,134,161,1.1925465838509317,0.0358086789315852,641,I am rather sheepish about going back to the office.
5557,6988,5,20,131,156,1.1923076923076923,0.037625318165157504,641,so can i check out tomorrow?  i over slept counting the herd.
7393,6988,1,28,127,156,1.1923076923076923,0.03293649379144905,641,"Bow,I think I've found them"
7292,6988,4,17,109,130,1.1923076923076923,0.0410014090630856,641,Will ewe please deliver fifty pounds of forms to room 306?
6002,6988,2,26,128,156,1.1923076923076923,0.034169073871162414,641,She found them all but why here
5888,6988,6,18,132,156,1.1923076923076923,0.038708882094012007,641,I fall asleep counting sheeps.
3929,6988,6,18,132,156,1.1923076923076923,0.038708882094012007,641,"I'm sorry I can't go in to work today, I feel a bit sheepish."
8179,6988,7,16,133,156,1.1923076923076923,0.03976292920430933,641,I found Little Bo Peep's lost sheep
9018,6988,4,22,130,156,1.1923076923076923,0.03650960943492191,641,Its a geranium holder you idiots!
1710,6988,4,22,130,156,1.1923076923076923,0.03650960943492191,641,"Sorry, but I needed to shorten the supply chain to the Garment District. They're demanding fresher wool."
1453,6988,4,22,130,156,1.1923076923076923,0.03650960943492191,641,« On n'est jamais plus esclave que quand on se croit libre sans l'être»
600,6988,4,22,130,156,1.1923076923076923,0.03650960943492191,641,Hello. Can you tell me what channel Ewe-navison is on.
550,6988,5,15,110,130,1.1923076923076923,0.04243083936873441,641,"""They had taken the metro two stops too far."""
9033,6988,5,20,131,156,1.1923076923076923,0.037625318165157504,641,Where were you last night when I needed you?
2156,6988,7,21,154,182,1.1923076923076923,0.03582095753044741,641,It’s Little BOB Peep and I didn’t lose any thing!!
8398,6988,2,26,128,156,1.1923076923076923,0.034169073871162414,641,"Oh, just hangin' with my flockbuddies...you?"
3643,7003,4,21,126,151,1.1920529801324504,0.03725128770973571,641,"Every Halloween people always say, 'dress up it'll be fun, I swear'."
8526,7003,4,21,126,151,1.1920529801324504,0.03725128770973571,641,"... it’s just like the crackling fireplace, but grassy mountaintop meadows.  Up high, in the HD channels.  
They love it.”"
7798,7003,4,21,126,151,1.1920529801324504,0.03725128770973571,641,"Hello, QVC? What's the warranty on those shears?"
3237,7003,3,23,125,151,1.1920529801324504,0.0360466117032233,641,I see sheep.  They're everywhere. But they don't know they're sheep.
5494,7003,5,19,127,151,1.1920529801324504,0.03841820736036572,641,Ewe bet I'm lost!  What do you think?
2710,7003,4,21,126,151,1.1920529801324504,0.03725128770973571,641,"No, it’s not to herd sheep but to hold my I-V."
657,7003,6,17,128,151,1.1920529801324504,0.0395507127310572,641,You had to count the shepherds too?
2112,7003,8,13,130,151,1.1920529801324504,0.04172360625635941,641,"Caller: Baa baa black sheep have you any wool? 
Me: Stop calling my phone you pervert!"
299,7003,6,17,128,151,1.1920529801324504,0.0395507127310572,641,I find counting real sheep Is a great way to fall asleep
77,7003,3,23,125,151,1.1920529801324504,0.0360466117032233,641,"Actually, the synod said it's just a transfer."
911,7013,6,21,145,172,1.191860465116279,0.03625909596726333,641,"Their only comments about the Florida contests were that the results were ""baaaaad""."
1030,7013,4,25,143,172,1.191860465116279,0.0343325374587214,641,Is this the front desk? I specifically requested no wool products in my room.  Please send up some polyester towels and bedding.
4679,7013,6,21,145,172,1.191860465116279,0.03625909596726333,641,I’m being sheepish
6032,7013,8,17,147,172,1.191860465116279,0.038088330921319136,641,"The staff was the extra cost I needed to get ""free sheeping."""
7832,7013,2,29,141,172,1.191860465116279,0.032291240551360116,641,"Hi, Mom. Let me talk to Little Bo Peep."
1816,7018,3,22,121,146,1.1917808219178083,0.0367748816705752,641,You all will sleep as soon as you are counted or my name is not Little Bopeep
5229,7018,5,18,123,146,1.1917808219178083,0.03925988467206608,641,We'd better make it party size.
7041,7018,4,20,122,146,1.1917808219178083,0.03803768175341878,641,"Oh, not much... just flockin' around."
8160,7018,6,16,124,146,1.1917808219178083,0.040445170981879774,641,"Well, right now there's a back-up in Sheep's Meadow, but we're next it says."
8035,7022,2,28,137,167,1.1916167664670658,0.03282409094384932,641,"Yeah, 10 bags of sheep food to room 1943."
7288,7022,3,26,138,167,1.1916167664670658,0.03390524757589614,641,"Now left the meadows behind, her condo to unwind,
the shepherdess considered the next move,
 for the neighbors made known, by calling her phone, 
 another complex they must find."
6557,7022,5,22,140,167,1.1916167664670658,0.03597020359920489,641,Yes my name is Bo Peep and yes my sheep did find me and I don't give a damn what the poet thinks.
1354,7022,5,22,140,167,1.1916167664670658,0.03597020359920489,641,I didn’t order a “sleeper” sofa!
104,7022,2,28,137,167,1.1916167664670658,0.03282409094384932,641,Good day. I will take six large vegetarians and ten orders of fries; with extra ketchup.
9004,7027,5,17,119,141,1.1914893617021276,0.0401553387193002,641,I'm just Netflix and Ewing
1916,7027,7,13,121,141,1.1914893617021276,0.0426038199325972,641,Six elevator rides a day is enough for them!
4047,7027,6,15,120,141,1.1914893617021276,0.04139768532485178,641,"No, this is bleat, bleat white sheep, but we deliver."
7871,7027,1,25,115,141,1.1914893617021276,0.03474453535862664,641,"I'm at an AirBnB.  We could never afford a hotel in this city, what with the sheep and all."
8288,7027,6,15,120,141,1.1914893617021276,0.04139768532485178,641,"Well, the nursery rhyme rate should include free porn."
23,7032,3,25,134,162,1.191358024691358,0.0345132226092174,641,"I was having trouble sleeping, and counting them wasn't helping."
2387,7032,6,19,137,162,1.191358024691358,0.03769888915045075,641,"I tried that for my insomnia, but I hate taking my work home with me."
6482,7032,7,17,138,162,1.191358024691358,0.03870255132778069,641,"Hello, The New York Sheep Exchange please."
2794,7035,5,16,115,136,1.1911764705882353,0.04111027982159845,641,"I don't think  I'm going to need those down pillows, after all."
5247,7036,6,18,133,157,1.1910828025477707,0.0384810381324668,641,I forgot the Isle of Manhattan is a grid and not a meadow.
7236,7036,1,28,128,157,1.1910828025477707,0.03274894974059211,641,"No thanks to Uber, we'll be walking to the cottage."
4991,7036,5,20,132,157,1.1910828025477707,0.0374049592758,641,I’ve never felt this ‘sheepish’ before.
7766,7036,3,24,130,157,1.1910828025477707,0.03515412271367389,641,Yes we do have some in stock.....no we don't have chickens.
7542,7036,3,24,130,157,1.1910828025477707,0.03515412271367389,641,"Sorry, Heather and I can't make it today;  she keeps falling asleep."
7948,7036,7,16,134,157,1.1910828025477707,0.039527833397246435,641,Hey! Aren’t we all just sheep?
3434,7036,3,24,130,157,1.1910828025477707,0.03515412271367389,641,"I'm Big Bo now, and you all are no longer my peeps."
544,7036,3,24,130,157,1.1910828025477707,0.03515412271367389,641,"I thought it went, Bringing in the sheep...Bringing in the sheep..."
1318,7036,6,18,133,157,1.1910828025477707,0.0384810381324668,641,"Desk, I need thirty-six cots, please."
359,7036,6,18,133,157,1.1910828025477707,0.0384810381324668,641,"They warned me about mobs in the city, but never like this."
150,7036,5,20,132,157,1.1910828025477707,0.0374049592758,641,"Hello, Bo-Peep residence."
2530,7036,8,14,135,157,1.1910828025477707,0.04054761312837758,641,No free range grass ... they can't stand it.
1126,7048,5,24,149,178,1.1910112359550562,0.03450257658231503,641,"Do you have a number for Bo-Peep?
ilklepfis@barnard.edu"
2624,7049,6,13,112,131,1.1908396946564885,0.04350269302318415,641,I'd love to play a war game. Can you send something to keep me awake?
8491,7049,6,13,112,131,1.1908396946564885,0.04350269302318415,641,"Hello, is that Ms Bo Peep?"
7935,7051,3,23,126,152,1.1907894736842106,0.03583096210270602,641,And on the seventh day God rested with his sheep and a Netflix Marathon.
7562,7051,8,13,131,152,1.1907894736842106,0.0414674537910026,641,How droll. We're sheep and they expect us to be witty for the caption contest.
7550,7051,5,19,128,152,1.1907894736842106,0.03818552862914048,641,Working remotely would be perfect if  I could get same-day delivery of  grass and clover
2170,7051,6,17,129,152,1.1907894736842106,0.03930996021910456,641,"Room Service?  I'd like three bales of alfalfa, 20 gallons of fresh water, and . . . Why?  Because sheep, like people, are ungovernable when hungry."
2135,7051,4,21,127,152,1.1907894736842106,0.037026966132080424,641,I'm get so tired minding my own business.
7188,7051,8,13,131,152,1.1907894736842106,0.0414674537910026,641,This is the finest wool! These sheep have never stepped a foot outside Trump Tower.
1390,7051,4,21,127,152,1.1907894736842106,0.037026966132080424,641,"Baa, Blah, Blah!"
1805,7051,4,21,127,152,1.1907894736842106,0.037026966132080424,641,I miss sheep meadow.
673,7059,7,19,147,173,1.1907514450867052,0.036986027120824626,641,Hello. Do you sell poopa-scoopas?
3210,7059,2,29,142,173,1.1907514450867052,0.032123192969471914,641,"I love you too, dear. Sheep well."
7134,7059,5,23,145,173,1.1907514450867052,0.03512178144586343,641,The Wolf of Wall Street wasn't ACTUALLY a wolf you know...
6529,7062,2,24,121,147,1.1904761904761905,0.03524920048560024,641,"This is taking virgin wool carpeting to a whole ""ewe"" level!"
6177,7062,2,24,121,147,1.1904761904761905,0.03524920048560024,641,"You know, something about lazy millennials."
2379,7062,6,20,142,168,1.1904761904761905,0.0367564881043213,641,"Is that you, Bo?"
1893,7062,5,18,124,147,1.1904761904761905,0.039013715732043514,641,This town has a GREAT Lost and Found Department.
948,7062,6,20,142,168,1.1904761904761905,0.0367564881043213,641,Its the new FOX lineup. I probably wont need them tonight.
212,7062,3,22,122,147,1.1904761904761905,0.036547148931067024,641,"Yes..I’ll have your ‘Grazer’s Breakfast’ for one and half a hectar of grass... oh, and an orange juice.. small."
7263,7062,6,20,142,168,1.1904761904761905,0.0367564881043213,641,"Yeah, could you send up another blanket?  Not wool, please - I'm allergic."
382,7062,4,24,140,168,1.1904761904761905,0.034763017977495696,641,"Go ahead, call me the black sheep, I just needed a break."
1709,7070,5,21,137,163,1.1901840490797546,0.03646102009629538,641,"Hello, how can I get the CALCULATOR AP on my phone?"
3273,7070,5,21,137,163,1.1901840490797546,0.03646102009629538,641,"Don't eat Romaine, just herd it on the news."
7077,7070,3,25,135,163,1.1901840490797546,0.03432091581506232,641,"Look, I’m trying to get some sleep so just stop calling."
1264,7070,3,25,135,163,1.1901840490797546,0.03432091581506232,641,I need a new gig.
5720,7074,3,21,118,142,1.1901408450704225,0.03730655307532889,641,My ex called me sheepish but forgot to take her back her apartment key so i am a little busy at the moment.
8873,7074,3,21,118,142,1.1901408450704225,0.03730655307532889,641,They are perturbed. Everyone is present but the black sheep.
6629,7074,3,21,118,142,1.1901408450704225,0.03730655307532889,641,¨I work from home - I´m in crowdfunding.¨
6637,7074,6,15,121,142,1.1901408450704225,0.041127232644118786,641,"Yes, I heard you. The problem is that you herd me."
5374,7074,5,17,120,142,1.1901408450704225,0.039894349776583946,641,Farm Hut? Would you deliver a dozen pails of oats and a truckload of king size diapers
1476,7074,6,15,121,142,1.1901408450704225,0.041127232644118786,641,"The Latin words sopor quies 
Do sound like Hebrew spor keves ! 
     So to help you sleep deep, 
     We now tell you ""count sheep !"" 
That pun's for a polyglot, yes?"
2739,7074,3,21,118,142,1.1901408450704225,0.03730655307532889,641,"Yes, we have a sheep infestation. I already tried the crook, but they were rather sheepish."
1025,7081,1,28,129,158,1.1898734177215189,0.03256348339834364,641,Are you sure they are not your sheep?
48,7081,5,20,133,158,1.1898734177215189,0.03718713583173612,641,"Nah, thought I'd spend the weekend in."
176,7081,5,20,133,158,1.1898734177215189,0.03718713583173612,641,"No Mom, everything's fine. Status quo."
264,7081,6,18,134,158,1.1898734177215189,0.03825583258081622,641,"I'm watching television, shepherding."
2642,7081,4,22,132,158,1.1898734177215189,0.03608680390786284,641,"Officer, it's Bo-Peep. Everything's OK."
3020,7081,7,16,135,158,1.1898734177215189,0.039295475331580954,641,"No, I, not saying saying “Blah, blah, blah, blah..”"
4576,7081,8,14,136,158,1.1898734177215189,0.04030831225216872,641,I wish I could but I’m house-sitting. Rain check?
4736,7081,8,14,136,158,1.1898734177215189,0.04030831225216872,641,CNN?  I want to declare a Sanctuary Apartment.
8830,7081,4,22,132,158,1.1898734177215189,0.03608680390786284,641,No pasture at this Air B&B
5355,7090,6,14,117,137,1.1897810218978102,0.042126859053161,641,"Could you all please settle down, while I wait for my sleep medication to take effect?"
4949,7090,4,18,115,137,1.1897810218978102,0.0394966813767099,641,"But, I think they really fleeced me on the rights to that show."
2452,7090,4,18,115,137,1.1897810218978102,0.0394966813767099,641,I think I counted  too many sheep
7251,7090,4,18,115,137,1.1897810218978102,0.0394966813767099,641,"Little Bo Peep, do you know where your sheep are?"
5346,7090,5,16,116,137,1.1897810218978102,0.04083295295137394,641,"Yeah, I'm starring in this new show, Rural Slickers..."
126,7090,2,22,113,137,1.1897810218978102,0.03667837817927331,641,I'm ready to just sit on my tuffet.
4697,7096,6,21,147,174,1.1896551724137931,0.03587483098845341,641,"Macy's? Awesome, I can start tomorrow"
7485,7097,3,23,127,153,1.1895424836601307,0.03561783786016251,641,Ewe! At least I don’t live in a pig sty.
5455,7097,7,15,131,153,1.1895424836601307,0.04015753505700819,641,"Yeah, yeah, I found them. We're here at 770 Park."
2192,7097,5,19,129,153,1.1895424836601307,0.03795561879147583,641,"Muriel and the girls said they wanted a change from the green, green grass of home"
1958,7097,3,23,127,153,1.1895424836601307,0.03561783786016251,641,It's unanimous. Sheep's Meadow.
7151,7097,5,19,129,153,1.1895424836601307,0.03795561879147583,641,"Yes, this is Mary.Well, we've all grown up......"
783,7097,4,21,128,153,1.1895424836601307,0.03680529426371062,641,"Hi, is that ewe?"
1300,7097,1,27,125,153,1.1895424836601307,0.033115430690568076,641,Hey who gives about roaming charges!?
3173,7104,6,13,113,132,1.1893939393939394,0.04319607046941939,641,"Mary had a lot of lambs, but got fleeced by TV ads..."
4751,7104,6,13,113,132,1.1893939393939394,0.04319607046941939,641,We are booked at 10 but we can be there by midnight.
3130,7106,5,22,142,169,1.1893491124260356,0.035579189316181606,641,I know that you were trying to help but this is going too far.
4025,7106,4,24,141,169,1.1893491124260356,0.034575082563343296,641,I'm watching the results with my sheeple.
7183,7106,7,18,144,169,1.1893491124260356,0.037506845624046596,641,"We crossed the boarder with no issues, Emma, except for the black sheep."
3110,7109,4,20,124,148,1.1891891891891893,0.03756633080907703,641,"I said I wanted to bed down the Sheep on the hill, not the Hilton"
7656,7109,5,18,125,148,1.1891891891891893,0.03877058000358319,641,All right. Now get lost!
7513,7109,3,22,123,148,1.1891891891891893,0.036322177069935874,641,"Bo Peep, where did you leave the sheers?"
7475,7109,7,14,127,148,1.1891891891891893,0.04107329059776821,641,"...yes the Ambien is working great!, but I need a another refill  on the Viagra"
5732,7109,3,22,123,148,1.1891891891891893,0.036322177069935874,641,"Oh, nothing...what are ewe doing?"
4645,7109,6,16,126,148,1.1891891891891893,0.03993853448953128,641,"Yes, it  is nice and let's keep it that way. Be sure to 'baaaaaa' when you have to go outside."
3086,7109,5,18,125,148,1.1891891891891893,0.03877058000358319,641,What do people expect of me? It looks like rain out there.
2694,7109,2,24,122,148,1.1891891891891893,0.03503386766748057,641,They needed a real break from the same old same old.
2410,7109,7,14,127,148,1.1891891891891893,0.04107329059776821,641,So...How much notice do I have to give?
1660,7109,4,20,124,148,1.1891891891891893,0.03756633080907703,641,"I'm watching ""My Flock."" It's the final edisode, my favorite! Britney, the sheepdog, finally goes in for species changing surgery, but has second thoughts when she falls in love with her veterinarian. It fades to black as the anesthesia takes hold!"
1548,7109,4,20,124,148,1.1891891891891893,0.03756633080907703,641,I think I know why I was feeling so sheepish lately.
140,7109,4,27,154,185,1.1891891891891893,0.03269090113458391,641,Uber Bleats? You forgot my side of sheepdog.
2143,7121,6,19,139,164,1.1890243902439024,0.03727405566929457,641,"Yeah, airbnb was a good idea. The fodder fits in the closet and the tv has a station that shows nothing but stars at night."
1918,7122,4,26,150,180,1.1888888888888889,0.03322971687706521,641,We're reviewing our performance from the security cam today.
820,7122,6,22,152,180,1.1888888888888889,0.03504797535652365,641,"Frankly, I don't cotton this living arrangement."
8765,7122,5,24,151,180,1.1888888888888889,0.03415094918389094,641,She says the cosplay has gone too far...
438,7125,5,17,121,143,1.1888111888111887,0.03963669463281773,641,I herd ewe the first time!
2284,7125,5,17,121,143,1.1888111888111887,0.03963669463281773,641,"So far, it’s two to one, Fox over MSNBC."
3989,7125,2,23,118,143,1.1888111888111887,0.035715380338120946,641,I'll have a bed by morning.
4228,7125,5,17,121,143,1.1888111888111887,0.03963669463281773,641,"I’m sorry to tell you this, Bo, but your sheep are not at all interested in Black Friday."
5781,7125,4,19,120,143,1.1888111888111887,0.03837413849424774,641,"The sleeping pills haven't been working, so I've been keeping the tv on at night"
8688,7125,5,17,121,143,1.1888111888111887,0.03963669463281773,641,Conor Lamb’s Amazing Adventure
8560,7131,6,18,135,159,1.1886792452830188,0.03803322047192668,641,I’d like to make a resteraunt reservation for fifteen.
4660,7131,3,24,132,159,1.1886792452830188,0.03475185422054712,641,"Yes, sir, I know they lie; but they're all present and accounted for."
7219,7131,5,20,134,159,1.1886792452830188,0.036971804981176866,641,I've got 99 problems but a flock of sheep ain't one
6058,7131,4,22,133,159,1.1886792452830188,0.035879003158758,641,Hold on - I've got a really baaaad signal
7450,7131,4,22,133,159,1.1886792452830188,0.035879003158758,641,"Mary, there’s more than one here and they’re not silent so please get home."
4116,7131,5,20,134,159,1.1886792452830188,0.036971804981176866,641,Well it keeps the wolf from the door
887,7131,2,26,131,159,1.1886792452830188,0.033586900361095406,641,I was trying to have a nap.
1373,7131,7,16,136,159,1.1886792452830188,0.03906580800861785,641,18...19...20......
354,7131,4,22,133,159,1.1886792452830188,0.035879003158758,641,I'm watching a wonderful Tim Robbins movie called 'Lambshank Redemption; .
1931,7131,7,16,136,159,1.1886792452830188,0.03906580800861785,641,The perils of domestication.
430,7141,3,20,115,138,1.1884057971014492,0.03786137927756817,641,"Yes, we're binging ""Lost"" again."
2613,7141,4,18,116,138,1.1884057971014492,0.03923353875954684,641,"Ewe hang up!  No, ewe.  Ewe hang up first"
4656,7141,5,16,117,138,1.1884057971014492,0.0405593033272745,641,I’m lost.
4995,7141,5,16,117,138,1.1884057971014492,0.0405593033272745,641,They're all home. They hitched a ride on the elevator by wagging their tails.
7563,7141,3,20,115,138,1.1884057971014492,0.03786137927756817,641,You know what I herd?
8810,7141,5,16,117,138,1.1884057971014492,0.0405593033272745,641,"Okay, so I am not so good at math!"
7173,7147,3,23,128,154,1.1883116883116882,0.035407195764164776,641,I said ‘summer pasture’ and they thought I said “Schumer’s investiture
8576,7147,5,19,130,154,1.1883116883116882,0.03772842943363952,641,I'd like to order the wool blanket.
8376,7147,4,21,129,154,1.1883116883116882,0.03658622622935444,641,"How? Where there's wool, there's a way."
8141,7147,6,17,131,154,1.1883116883116882,0.03883705479761218,641,I watch the news and ask where is our Shepherd?
6592,7147,5,19,130,154,1.1883116883116882,0.03772842943363952,641,"Well, that escalated quickly."
2272,7147,5,19,130,154,1.1883116883116882,0.03772842943363952,641,"What do you mean, they are not goats?"
4409,7147,3,23,128,154,1.1883116883116882,0.035407195764164776,641,Wanna come over for some Netflix and shear?
4841,7147,7,15,132,154,1.1883116883116882,0.03991490026514341,641,Am I dreaming yet? I counted so many sheep.
715,7155,5,22,143,170,1.188235294117647,0.03538681411043828,641,"Room Service?  I'd like a bushel of forbs, please"
6004,7155,7,18,145,170,1.188235294117647,0.03730219700547502,641,"We are the cattle, HBO is our shepherd."
8365,7155,5,22,143,170,1.188235294117647,0.03538681411043828,641,"I'm telling you, in the city sheep may NOT safely graze."
2061,7158,6,23,157,186,1.1881720430107527,0.034270738781157405,641,"They're wagging their tails behind them just like you said, but how do I get the wool off the couch?"
533,7159,3,19,111,133,1.1879699248120301,0.03870537646987594,641,"They all want to watch Rambo, again."
7556,7159,5,15,113,133,1.1879699248120301,0.04154453635293475,641,Yes ma'am. Our sheep sitting deluxe package includes unlimited cable privileges.
1132,7161,8,12,129,149,1.1879194630872483,0.04191273824428455,641,I think J. S. Bach would approve.
4168,7161,4,20,125,149,1.1879194630872483,0.03733495333953283,641,What channel for Nature on PBS?
6180,7161,5,18,126,149,1.1879194630872483,0.03853042255714695,641,Looks like I'm almost down for the count again.
6528,7164,5,21,139,165,1.187878787878788,0.03605436355564635,641,"John was invited by his urban brother to visit the big city: ""Yes, John, I arrived earlier than expected... and yes, I brought my work with me""."
1581,7164,4,23,138,165,1.187878787878788,0.035014387062967826,641,"Hiding in Hoboken... yeah, they hitched a ride with a Wyoming trucker."
4333,7164,6,19,140,165,1.187878787878788,0.03706517181142036,641,Hamish began to worry that working from home wasn't going to provide time-saving solutions as the digital workplace salesman had promised.
1434,7167,4,26,151,181,1.1878453038674033,0.03306209147699644,641,Coming up: America's got talent!
7899,7168,7,16,137,160,1.1875,0.038838785483864394,641,These New York apartments are so unreasonable.
1455,7168,3,27,146,176,1.1875,0.032639560491693344,641,Doc was right about prairie burnout. Feels nice to get away from it all.
1906,7168,5,17,122,144,1.1875,0.03938231068279761,641,"Hey Paul, have you herd of the situation I'm in?"
4024,7168,4,22,134,160,1.1875,0.035673550443681125,641,"Yes, the sheep are still jet lagged"
4529,7168,3,24,133,160,1.1875,0.03455410032190975,641,I guess I made some mistakes in my EHarmony profile but I must admit that a couple of these sheep are mighty good looking.
5118,7168,5,20,135,160,1.1875,0.03675892481369823,641,I sure got fleeced when I bought this apartment.
5180,7168,3,24,133,160,1.1875,0.03455410032190975,641,The “ staff” is under control .
6890,7168,3,24,133,160,1.1875,0.03455410032190975,641,It's a great gig Mary.  I help someone fall asleep and hand around the rest of the time.
7201,7168,5,20,135,160,1.1875,0.03675892481369823,641,"Mary, Wool you go out with me?"
7713,7168,3,24,133,160,1.1875,0.03455410032190975,641,Watching the Sheep Shearing Championship is the next best thing to being there.
7860,7168,3,21,120,144,1.1875,0.03683362866276143,641,"The sheep collective had to let me go, but a friend offered us a sublet in Brooklyn..."
7894,7168,3,18,107,128,1.1875,0.03960620626622991,641,"Yes, you have reached Mary's Sheep for Rent, how may I help you?"
8563,7168,5,20,135,160,1.1875,0.03675892481369823,641,We're gonna need a bigger boat!
8529,7181,4,24,143,171,1.1871345029239766,0.03420516012588529,641,Got sheep?
2887,7181,6,20,145,171,1.1871345029239766,0.03616063990648201,641,Little Bo Peep watches Lost with her sheep.
5022,7181,4,24,143,171,1.1871345029239766,0.03420516012588529,641,We need a bigger apartment!
1714,7181,7,18,146,171,1.1871345029239766,0.03709974835562449,641,Do you offer any group discounts on those cute woolen hats?
640,7185,3,23,129,155,1.1870967741935483,0.03519899355660425,641,"All you said was herd, you didn't say where"
1903,7185,6,17,132,155,1.1870967741935483,0.03860480137343009,641,What?
2826,7185,3,23,129,155,1.1870967741935483,0.03519899355660425,641,They just followed me.
4351,7185,5,19,131,155,1.1870967741935483,0.03750391324276195,641,There are tremendous bargains in the market right now
7008,7185,2,25,128,155,1.1870967741935483,0.03398796797157037,641,counting sheep?  shepherding sheep?  tell me again the difference..
7666,7185,7,15,133,155,1.1870967741935483,0.03967515431152554,641,"Don't worry, that bear in the market won't get our stock."
3295,7191,4,18,117,139,1.1870503597122302,0.03897383732992529,641,"After I finish counting these sheep, I’ll be ready for bed."
7697,7191,5,16,118,139,1.1870503597122302,0.04028925924827596,641,I didn't break in. I'm not a crook. I HAVE a crook.....
9010,7193,3,22,125,150,1.1866666666666668,0.03588032141130668,641,You're telling me I DO qualify for paid vacation?
7546,7193,7,14,129,150,1.1866666666666668,0.04056278219045847,641,"Fake, news, I'm counting my sheep and I have more sheep than anyone on the planet!"
6457,7193,4,20,126,150,1.1866666666666668,0.03710637308053225,641,"At first, I was sheepish about working from home, but now it’s"
5061,7193,2,24,124,150,1.1866666666666668,0.0346108654321977,641,Sorry I can't hear you; baaaaaad connection
6677,7193,4,20,126,150,1.1866666666666668,0.03710637308053225,641,"Yah, can I get an order of the grass family style, 6 clover appetizers, and 2 troughs of water?"
1890,7193,6,16,128,150,1.1866666666666668,0.03944431315687471,641,The city life is not what I expected.
3099,7193,3,22,125,150,1.1866666666666668,0.03588032141130668,641,"Your rod and your staff do comfort me, even though I live in a cheap apartment with a bunch of miserable sheep!"
2068,7200,7,11,116,134,1.1865671641791045,0.043893023523755084,641,"How many times do I have to tell you, sheep may safely graze, but not in here!"
2814,7200,2,21,111,134,1.1865671641791045,0.03695258124795449,641,"No, he’s not lost....he’s in the million sheep march."
3827,7202,4,25,148,177,1.1864406779661016,0.03344587653605418,641,I don’t think I’m made for the pen house life.
6857,7203,6,18,137,161,1.186335403726708,0.03759560168219449,641,I’m on my honeymoon
6556,7203,7,16,138,161,1.186335403726708,0.03861436283818522,641,May I speak with the sleep therapst? I am tired of counting sheep.
6316,7203,3,24,134,161,1.186335403726708,0.03435855077252008,641,"Bo Peep, I'm holding your sheep hostage in a hotel room.
Bring $5000 to the lobby."
3361,7203,5,20,136,161,1.186335403726708,0.03654845433521683,641,''Little bo peep has found her sheep and is now watching TV with them.''
825,7203,6,18,137,161,1.186335403726708,0.03759560168219449,641,Trust me! Go short on the wool futures.
5309,7208,4,19,122,145,1.186206896551724,0.0378874706295391,641,I am tired of losing my sheep
27,7208,4,19,122,145,1.186206896551724,0.0378874706295391,641,"Yes Dad, I am trying to show them green pasture on TV."
932,7208,3,21,121,145,1.186206896551724,0.03660157086917392,641,I promised they could watch Linus on “A Charlie Brown Christmas.”
3890,7208,4,19,122,145,1.186206896551724,0.0378874706295391,641,About to go supine surrounded by my ovine.
4068,7208,3,21,121,145,1.186206896551724,0.03660157086917392,641,Which one of you has the remote?
1364,7213,5,22,145,172,1.186046511627907,0.0350081646302132,641,"What the"" *bleat* ""do you mean I can't keep my sheep?"
2304,7213,2,20,107,129,1.186046511627907,0.03775341034646929,641,This insomnia thing is freaking me out.
1012,7213,6,20,146,172,1.186046511627907,0.0359662487171023,641,I knew we shouldn't have moved onto Meadow Lane.
4591,7216,8,13,135,156,1.185897435897436,0.04047330317137356,641,"Oh, sorry, I didn't mean to wake you."""
4027,7216,6,17,133,156,1.185897435897436,0.03837528237973413,641,Help. I'm surrounded by wolves
2569,7216,6,17,133,156,1.185897435897436,0.03837528237973413,641,I can’t talk right now. I just bought a dozen sheep in a Black Friday sale and frankly I don’t even need them.
2425,7216,3,23,130,156,1.185897435897436,0.03499318990757995,641,The salesman said all the methane would cut down on my gas bill!
1260,7216,6,17,133,156,1.185897435897436,0.03837528237973413,641,"Actually, I am feeling very sheepish about it. I was just gathering wool and ended up on the 20th floor."
255,7216,7,15,134,156,1.185897435897436,0.03943824645776134,641,Go for Shepherd of Wall Street...
1382,7222,5,16,119,140,1.1857142857142857,0.0400227508343548,641,It said there would be a there would be a terrace on Airbnb.
2789,7222,1,24,115,140,1.1857142857142857,0.034506823856646336,641,"Yeah, I’ve decided to get back into farming."
3961,7222,2,22,116,140,1.1857142857142857,0.03596520284375474,641,They look so comfy; how do I tell them I’m getting into the turkey business?
5068,7222,5,16,119,140,1.1857142857142857,0.0400227508343548,641,"Hey guys, you’d better line up neatly. I can’t count you like this."
7875,7222,4,18,118,140,1.1857142857142857,0.03871751104384216,641,"Yeah, $50 for the crook.... No I don't need it anymore, turning on FOX News works better."
1818,7227,4,23,140,167,1.18562874251497,0.034630137310511254,641,They're hooked on the Wether Network.
2337,7227,4,23,140,167,1.18562874251497,0.034630137310511254,641,We are not vegetarian anymore!
5155,7227,5,21,141,167,1.18562874251497,0.03565657410685419,641,"Hany tip: If Bo peep asks you to babysit here 'little lambs,' ask her to be more specific."
7509,7227,6,19,142,167,1.18562874251497,0.03665427865789075,641,"listen, bo, the doorman must be off duty"
8742,7231,4,20,127,151,1.185430463576159,0.036880540415818286,641,"I’m sure I’ll find them soon, Farmer Brown. I’m looking everywhere!"
8459,7231,4,20,127,151,1.185430463576159,0.036880540415818286,641,I tried telling you they wouldn't appreciate a period piece like Downtown Abbey.
6775,7231,4,20,127,151,1.185430463576159,0.036880540415818286,641,"``They're not thrilled about the HOA number, but the view is good and it's quiet.''"
5248,7231,3,22,126,151,1.185430463576159,0.03566334309360599,641,"Hello, is this Shepherd Dog Daycare?"
2716,7231,3,22,126,151,1.185430463576159,0.03566334309360599,641,"This is Bo.  I’m not sure how I got here,  but the flock seems to like the place."
1875,7231,3,22,126,151,1.185430463576159,0.03566334309360599,641,'New Jersey? I'm on it!'
26,7231,5,18,128,151,1.185430463576159,0.038058829226782026,641,"Yes, I brought my convention credentials."
2504,7231,3,22,126,151,1.185430463576159,0.03566334309360599,641,"If you want an honest  count, stop shuffling!"
6535,7239,3,27,148,178,1.1853932584269662,0.032305958181757376,641,"Please, no wool sweaters this year."
1838,7240,2,26,134,162,1.1851851851851851,0.03302389407853943,641,The Breaking Bad marathon is on next.
8220,7240,3,24,135,162,1.1851851851851851,0.034165169635348186,641,"Yes Madam, I'll stay here until the fire is 100 percent contained."
238,7240,5,20,137,162,1.1851851851851851,0.03634035344372932,641,"Dang, I hate having to produce “Sheep Week” at Discovery..."
540,7240,3,24,135,162,1.1851851851851851,0.034165169635348186,641,"I discovered the neighbourhood first, they followed."
2281,7240,4,22,136,162,1.1851851851851851,0.0352695343365013,641,I found a great deal on an ewe-bnb
3899,7240,3,19,113,135,1.1851851851851851,0.0381802555851705,641,We’re watching it now
4860,7240,2,26,134,162,1.1851851851851851,0.03302389407853943,641,"Sorry, but right now I'm Little Bo-Pooped."" - Henry Koehler, Brooklyn N"
6546,7240,7,16,139,162,1.1851851851851851,0.038392496149875714,641,"All these talking heads are like baa, baa, baa."
368,7248,7,18,148,173,1.1849710982658959,0.03670131220038116,641,"Alright Little Bo Peep, your move."
5162,7248,5,22,146,173,1.1849710982658959,0.03482182716312384,641,"I’d love to, but so sorry i can’t today, I’m out in the fields until late."
8469,7250,6,15,125,146,1.1849315068493151,0.04007954379306014,641,I'm thinking of painting them red and putting them to pasture in the West Wing.
8868,7250,2,23,121,146,1.1849315068493151,0.03504963031904306,641,Yo what’s up - I’m in Pastoria
6572,7250,5,17,124,146,1.1849315068493151,0.03888311355036097,641,"Hi, I'm here where the sheep may safely graze."
6477,7250,7,13,126,146,1.1849315068493151,0.04124127958671247,641,"Mary I get that it was a lamb, but I really need your help."
2641,7250,6,15,125,146,1.1849315068493151,0.04007954379306014,641,"I’m sick and tired of Animal
Planet reruns!"
2749,7250,2,23,121,146,1.1849315068493151,0.03504963031904306,641,"So, uh...rent was raised at the pasture."
5057,7256,5,19,133,157,1.1847133757961783,0.03706271643375916,641,"The Lord is our shepherd, certainly not me, so please go to him and get the flock out of here."
930,7256,6,17,134,157,1.1847133757961783,0.0381484503850071,641,This is one way to avoid forest fires!
1887,7256,7,15,135,157,1.1847133757961783,0.03920412713102354,641,I know the Queen's stopped breeding corgis but I still need one asap.
2196,7256,5,19,133,157,1.1847133757961783,0.03706271643375916,641,I guess I’m just really good at this.
3375,7256,5,19,133,157,1.1847133757961783,0.03706271643375916,641,You know how you wanted a dog... I got something even better!
4325,7256,2,25,130,157,1.1847133757961783,0.033595639560289964,641,"..yea, living the high life now...no, not what its all cracked up to be ..."
4328,7256,4,21,132,157,1.1847133757961783,0.03594420164812587,641,Here for the New York “Wool Week Festimval” and got upgraded to concierge level with full club room grazing perks.
8201,7256,7,15,135,157,1.1847133757961783,0.03920412713102354,641,I don’t want your f*cking sheep
3672,7264,5,14,111,130,1.1846153846153846,0.04199073553245282,641,"Yes, I love all of ewe, but you've got to get the hell out of my house."
871,7264,6,12,112,130,1.1846153846153846,0.043387584110356495,641,"If I’m honest the fuckton of sheep was a pretty big factor in why I broke up with my ex, but here I am watching them while she is out of town with her new boyfriend."
3288,7266,4,23,141,168,1.1845238095238095,0.03444111705624404,641,Of course I can afford it.  I'm eligible for the urban sustainability for  natural fabrics rebate.
3213,7266,4,23,141,168,1.1845238095238095,0.03444111705624404,641,No one told me that counting sheep was literal.
7469,7268,3,20,118,141,1.1843971631205674,0.03712412008029051,641,Just watching the cooking channel. You?
3866,7269,7,19,153,179,1.1843575418994414,0.03583530751746044,641,"hay will ,wey moved from Earland just tree weeks ago, yeh, wwe've settled in. No yuh get much less land for your dollar"
4955,7270,5,18,129,152,1.1842105263157894,0.03782728980865462,641,"I tried counting, but your noisy program is keep then all awake."
5745,7270,5,18,129,152,1.1842105263157894,0.03782728980865462,641,They seem to have forgotten it's haircut day.
4923,7270,4,20,128,152,1.1842105263157894,0.03665740687128959,641,Sorry. This is New York City. I could only afford a one bedroom.
4322,7270,4,20,128,152,1.1842105263157894,0.03665740687128959,641,"I know, right? My Aunt Judy has gone crazy over these Black Friday sales.  They were really cheap, but the weird thing is, she hates animals!"
3794,7270,1,26,125,152,1.1842105263157894,0.03289909347239284,641,Can you make it sooner? The flock is hungry.
392,7270,5,18,129,152,1.1842105263157894,0.03782728980865462,641,You guys always make me decide what to watch.
1064,7270,4,20,128,152,1.1842105263157894,0.03665740687128959,641,I learned that counting sheep while holding the magic staff was a mistake.
953,7270,5,18,129,152,1.1842105263157894,0.03782728980865462,641,No.  You won't be counted. You came in after the deadline.
1859,7270,4,20,128,152,1.1842105263157894,0.03665740687128959,641,I'd like to order seventy pounds of  native forbs.
4214,7279,7,23,171,201,1.1840796019900497,0.03315464095830077,641,"Hello Fox? My campaign theme is
""I'm Sheepish On America"""
2267,7280,4,22,137,163,1.1840490797546013,0.03507089562210378,641,It was a rough night.
2345,7280,5,20,138,163,1.1840490797546013,0.03613458290579025,641,Sheldon's sheep shearing shop?
973,7282,3,26,145,174,1.1839080459770115,0.03266298706227227,641,Just because I'm too sheepish to come outside doesn't make me a ba-a-a-ad person
2524,7282,3,26,145,174,1.1839080459770115,0.03266298706227227,641,"We're all vegetarians, waiting for the bail of hay.  Hold the turkey..."
6368,7282,7,18,149,174,1.1839080459770115,0.03650525710156388,641,I'ld rather he cry wolf.
6995,7282,7,18,149,174,1.1839080459770115,0.03650525710156388,641,Just watching a show with the sheeple.
7221,7282,2,28,144,174,1.1839080459770115,0.031629574068818674,641,"Little Bo Peep, come get these sheep, stat."
8960,7282,3,26,145,174,1.1839080459770115,0.03266298706227227,641,But at this time of day crosstown traffic is wild and woolly.
5192,7288,5,15,116,136,1.1838235294117647,0.04069414838370024,641,Let's go with delivery this time.
6758,7288,4,17,115,136,1.1838235294117647,0.03933295375128817,641,I think I'm taking Instagram too seriously.
4426,7288,3,19,114,136,1.1838235294117647,0.03792293223008126,641,Watching t.v. doesn't make me part of the flock!
1501,7288,4,17,115,136,1.1838235294117647,0.03933295375128817,641,Don't give me any grief.  I've had a tough day with the kids.
8514,7292,3,21,123,147,1.183673469387755,0.036145998903366075,641,"Wow, new ways to make wool!"
901,7292,1,25,121,147,1.183673469387755,0.03346875134347016,641,The staff and I have the sheep subdued.
4376,7292,5,17,125,147,1.183673469387755,0.03863818263005194,641,They shouldn't have much trouble adjusting to the city. There are already a ton of sheep here.
4515,7292,3,21,123,147,1.183673469387755,0.036145998903366075,641,I'm calling from New Zealand... the weather is great...
4675,7292,6,15,126,147,1.183673469387755,0.039825834794374376,641,The Wolf of Wallstreet? There’s no one here but that name.
5943,7292,6,15,126,147,1.183673469387755,0.039825834794374376,641,"Bro, I just got teleported to New York! With my sheep’s!"
6431,7292,5,17,125,147,1.183673469387755,0.03863818263005194,641,what the sheep?!
7409,7292,4,19,124,147,1.183673469387755,0.03741284801826365,641,I thought they were city sheep but they’re bahhhhing to go home.
7657,7292,4,19,124,147,1.183673469387755,0.03741284801826365,641,"Yeah, I am staying at an Airb&b"
8422,7292,5,17,125,147,1.183673469387755,0.03863818263005194,641,Baaaaaaaa . . . Hum Bug!
8475,7302,5,19,134,158,1.1835443037974684,0.03684594642609804,641,OMG!  Is that Mike Pence?!
8374,7302,8,13,137,158,1.1835443037974684,0.0399937586791393,641,"I'm aware that a corgi could do better.. Wishful thinking, counting sheep. But, on the bright side, at least ,  I'm off of the Halcion."
7724,7302,4,21,133,158,1.1835443037974684,0.03573511036713668,641,"Peep's Professional Herding Services, go for Bo!"
7271,7302,5,19,134,158,1.1835443037974684,0.03684594642609804,641,"They said the caption contest would end on the 25th, but here it is November 28. I guess tryptohpan struck again!"
3756,7302,5,19,134,158,1.1835443037974684,0.03684594642609804,641,I don’t know what the flock is going on. I just wanted to Netflix and chill.
1645,7302,5,19,134,158,1.1835443037974684,0.03684594642609804,641,"Ms. Peep , exactly how do you expect them to go home on their own?"
2108,7302,3,23,132,158,1.1835443037974684,0.034588617461066465,641,I miss Wyoming.
965,7302,4,21,133,158,1.1835443037974684,0.03573511036713668,641,"That's right, we're LOL--Lambda Omicron Lambda."
3367,7302,4,21,133,158,1.1835443037974684,0.03573511036713668,641,"Yea, we import their grass from New Zealand now, so we only go to pasture for the Insta."
8347,7311,2,27,140,169,1.183431952662722,0.03213191841922153,641,"Now I know why they call her ""Little Bo (beep!)"""
2885,7311,6,19,144,169,1.183431952662722,0.036252306048557115,641,"Look, Ms. Bo-Peep, you know as well as I do how hard it is to keep 'em down on the farm after they've seen Paree."
5534,7311,6,19,144,169,1.183431952662722,0.036252306048557115,641,"Yeah, I'm still lost, but come what may I will protect my flock."
4530,7314,3,20,119,142,1.1830985915492958,0.036884621567083394,641,Little Bo? ...Yes...Really. Somehow your sheep ended up in NYC.
4401,7314,5,16,121,142,1.1830985915492958,0.03950007025159634,641,It went smoothly until I almost lost control in the elevator.
7103,7314,5,16,121,142,1.1830985915492958,0.03950007025159634,641,You say you found my lost sheep?
5703,7314,4,18,120,142,1.1830985915492958,0.03821472790710408,641,My wife decided to verticality integrate her knitting
3668,7314,5,16,121,142,1.1830985915492958,0.03950007025159634,641,"Though your offer of making me king is a great honor, I actually prefer my anonymity."
5329,7314,4,18,120,142,1.1830985915492958,0.03821472790710408,641,Does  Animal Planet have any shows for sheep?
3016,7314,4,18,120,142,1.1830985915492958,0.03821472790710408,641,All ewe Republicans scare me
2510,7314,3,20,119,142,1.1830985915492958,0.036884621567083394,641,I’d like to report a missing person.
545,7314,5,16,121,142,1.1830985915492958,0.03950007025159634,641,"Whilst shepherds watch their flocks by night"" ......takes a modern twist as the festive season approache"
3127,7314,4,18,120,142,1.1830985915492958,0.03821472790710408,641,"Phyllida, I blinked and the sheep and I are in Manhattan.  How do we get back to Zermatt?  Yes, all of them."
6354,7324,6,16,131,153,1.1830065359477124,0.03872529061910169,641,"General Tsao's Chicken for 15, and could you hold the garlic?"
5858,7324,2,24,127,153,1.1830065359477124,0.03399486557572878,641,Herding doesn't pay  like it used to...all I can afford is this one room apartment.
5217,7324,3,22,128,153,1.1830065359477124,0.035237057163125494,641,"Hy Tilda, indoor-keeping is cheaper, no dog needed!"
4271,7324,9,10,134,153,1.1830065359477124,0.041924289732211295,641,"What am I doing?
Muttoning."
4456,7324,5,18,130,153,1.1830065359477124,0.037598521533810096,641,"The room looks familiar, but I think I've lost my way."
3066,7324,6,16,131,153,1.1830065359477124,0.03872529061910169,641,"No, e-w-e-w-s, I had it with ewes!"
2166,7324,3,22,128,153,1.1830065359477124,0.035237057163125494,641,Hello? Front desk? Thanks for mutton!
934,7324,3,22,128,153,1.1830065359477124,0.035237057163125494,641,Which one of you is #5 from the commercial?
3472,7324,5,18,130,153,1.1830065359477124,0.037598521533810096,641,I'm burned out on green grass sandwiches.
435,7333,4,22,138,164,1.1829268292682926,0.03487445425454379,641,No Room Service? Don't even try to pull the wool over my eyes.
4559,7333,4,22,138,164,1.1829268292682926,0.03487445425454379,641,"I didn't say, ""Can you herd me now"""
7143,7333,5,20,139,164,1.1829268292682926,0.03593110433370374,641,"No, I ordered the Ramen kit, not the Ramadan kit"
7208,7336,3,17,106,126,1.1825396825396826,0.03968253968253967,641,I should've specified which dream I wanted to become true
2658,7337,4,17,116,137,1.1824817518248176,0.03906784470821097,641,The modern shepherd
8472,7338,3,21,124,148,1.1824324324324325,0.03592238236665713,641,I can't believe that I can't sleep.
8852,7338,6,15,127,148,1.1824324324324325,0.03957528957528957,641,It's too hard to service these high rise buildings.  Tell them to take a pill at night.
8224,7338,5,17,126,148,1.1824324324324325,0.03839628734149682,641,"I told the bellman all I wanted to do was to count sheep, not mount them. No, I don't know what the staff is for."
5418,7338,5,17,126,148,1.1824324324324325,0.03839628734149682,641,Not much.  Just biding.
1167,7338,4,19,125,148,1.1824324324324325,0.037179916867222204,641,Where the hell was the exit for the lea?
499,7338,6,15,127,148,1.1824324324324325,0.03957528957528957,641,Just taking a break.  How about ewe?
1540,7338,2,23,123,148,1.1824324324324325,0.034619198308728706,641,Can you get the wether channel working?
329,7345,4,21,134,159,1.1823899371069182,0.03552840843694508,641,Ewe can't believe what is happening to me!
1796,7345,8,13,138,159,1.1823899371069182,0.03975819147876852,641,Why did I fuck that sheep so much!
3029,7345,4,21,134,159,1.1823899371069182,0.03552840843694508,641,I think we need a recount--there's no diversity here!
3986,7345,1,27,131,159,1.1823899371069182,0.0319911443740665,641,The game's almost over.
7816,7345,1,27,131,159,1.1823899371069182,0.0319911443740665,641,"Well, the miss Bo and I split. I got the kids, but I still can't sleep.
(Tadg Woods, Paradise Hills, New Mexico)"
5540,7350,5,21,144,170,1.1823529411764706,0.035075900409562884,641,Well this is big boo peep.
486,7350,2,27,141,170,1.1823529411764706,0.031960567215222266,641,"And what are you weh-eh-eh-earing, my dear?"
148,7350,3,25,142,170,1.1823529411764706,0.0330316742081448,641,All I'm saying is that my Nursery Rhyme feels dated.
8660,7353,3,27,151,181,1.1823204419889504,0.03181796048466113,641,"They were hanging their tails behind them"""
8901,7354,2,24,128,154,1.1818181818181819,0.0337942986018418,641,No more home-swap deals. Folks here are not happy about my guys grazing on the Great Lawn.
6628,7354,4,18,121,143,1.1818181818181819,0.03796814700217342,641,We’re just going to Netflock and Chill tonight.
8673,7354,4,20,130,154,1.1818181818181819,0.03621904876770889,641,"Lamb kebab, not mob"
8184,7354,1,24,118,143,1.1818181818181819,0.033854113753871116,641,"So, I thought I'd just telework today."
8183,7354,4,16,112,132,1.1818181818181819,0.039977702867971206,641,I think I'm gonna stay in Ron... I'm a little too sheepish to go anywhere right now.
8056,7354,3,22,129,154,1.1818181818181819,0.0350276612952401,641,"Yes, everything but the lamb chops."
7836,7354,4,22,139,165,1.1818181818181819,0.03468017454517649,641,"Now that I'm Big Man Blue, I'll be falling asleep on a sofa, watching golf."
6027,7354,5,22,149,176,1.1818181818181819,0.03427439797505623,641,What are the udder choices?
5928,7354,5,20,140,165,1.1818181818181819,0.035729880163405225,641,"God said that the meek would inherit the earth, this is all I could find"
5747,7354,2,16,92,110,1.1818181818181819,0.0412114670670419,641,I'm watching the game at the baaa.
3823,7354,4,22,139,165,1.1818181818181819,0.03468017454517649,641,Farm Animals and Chill?
3722,7354,4,24,148,176,1.1818181818181819,0.033313650229560156,641,What channel is Pay-Per-Vewe?
3579,7354,4,18,121,143,1.1818181818181819,0.03796814700217342,641,Silence of the lambs this ISN'T!!!
2896,7354,5,14,113,132,1.1818181818181819,0.04139899935510188,641,It keeps me from going in circles.
2679,7354,4,22,139,165,1.1818181818181819,0.03468017454517649,641,"Get lost, I'm on vacation!"
653,7369,2,29,151,182,1.1813186813186813,0.030684658745520507,641,I've been having bad problems with sheepwalking lately.
6398,7370,7,17,147,171,1.1812865497076024,0.036805776531277326,641,"Yes, Shepherd Jacob is working from home today."
1897,7370,4,23,144,171,1.1812865497076024,0.03388608618971974,641,If you're little Bo-Peep's lawyer then you should know she was asleep.
160,7370,1,29,141,171,1.1812865497076024,0.03068987599264464,641,"Suite dreams"""
471,7370,4,23,144,171,1.1812865497076024,0.03388608618971974,641,But. this is a lot easier than sitting in the hot sun.
1208,7374,5,19,136,160,1.18125,0.036419847161892345,641,Bo Peep here. We have a crisis. The sheep are on strike. They think people need to wake up instead!
4097,7374,3,23,134,160,1.18125,0.03419316544125568,641,"Sure, I can meet you - they're still on the night shift."
5648,7374,4,21,135,160,1.18125,0.0353240557565852,641,"Yeah, you can find them at 357 Tall Grass Lane.  I’m here anytime you want to pick them up, but hurry, I don’t have much carpet left!"
6577,7374,5,19,136,160,1.18125,0.036419847161892345,641,My doctor also insisted I stop drinking raw cow's milk.
7215,7378,2,23,124,149,1.1812080536912752,0.0344078609568452,641,Stop the complaining.  I ordered some pizza.
7884,7378,4,19,126,149,1.1812080536912752,0.03694983543616943,641,"Sorry, I have a herd over."
6522,7378,2,23,124,149,1.1812080536912752,0.0344078609568452,641,Just walk on-stage and pretend to graze when you hear the flute.
2374,7378,6,15,128,149,1.1812080536912752,0.03932784995260243,641,I'm sure after they experience this they'll want to stay with the flock.
710,7378,5,17,127,149,1.1812080536912752,0.038157372293269966,641,"Sorry, Bo, they're complaining about the lack of Mini B-a-a facilities!"""
5694,7378,7,13,129,149,1.1812080536912752,0.040464484470478755,641,"I told the sheepdog to get Subway, but I think he went to Quiznos."
571,7384,3,19,116,138,1.181159420289855,0.03741842178725129,641,Everything does seem to be pretty baaad
1955,7384,5,15,118,138,1.181159420289855,0.04014612477740079,641,"Yeah, I'm watching ""Bo Peep's 40 Sheep And Counting"" and I'm not impressed."
2216,7384,3,19,116,138,1.181159420289855,0.03741842178725129,641,Paging Little Bo Peep! I found your sheep!
3540,7384,3,19,116,138,1.181159420289855,0.03741842178725129,641,Notify the press that climate change means that all activities will be moved indoors until further notice. Dateline Little Bo Peep.
4274,7384,5,15,118,138,1.181159420289855,0.04014612477740079,641,Just how many sheep does it take to count one shepherd?.
749,7389,3,26,148,177,1.1807909604519775,0.03215762794384648,641,This job is giving me insomnia!
1415,7389,6,20,151,177,1.1807909604519775,0.03502452056971208,641,"I know I just cornered the yarn market, but these guys are sensitive.  How long do you think it’ll last if everybody starts calling me ‘The Wolf of Wool Street’?"
7928,7389,5,22,150,177,1.1807909604519775,0.03409568456198538,641,"Nice amenities, but the grazing is poor"
5809,7392,6,18,142,166,1.180722891566265,0.03654397804362194,641,Give me a minute! I’m trying to get the flock out of here!
7988,7392,6,18,142,166,1.180722891566265,0.03654397804362194,641,"Hey Jeff, i'm going to need my money back.... counting sheep is a horrible way to get to sleep!"
8238,7394,3,22,130,155,1.1806451612903226,0.03482070629799701,641,Just tell Bo this is much safer
7994,7394,4,20,131,155,1.1806451612903226,0.03600373269055227,641,"The cost is $100,00 per sheep which guarantees a deep 7 hour nightly sleep and a free exercise program."
8757,7394,5,18,132,155,1.1806451612903226,0.03714910427202945,641,I have a problem since Cookie won best in show.....
8345,7394,2,24,129,155,1.1806451612903226,0.03359604748374419,641,"That's right. One order of Thai Lamb Curry and a dozen orders of 
Thai lemongrass soup. And a small white rice, please."
7416,7394,3,22,130,155,1.1806451612903226,0.03482070629799701,641,"Yes, we're enjoying our stable-cation!"
1181,7394,3,22,130,155,1.1806451612903226,0.03482070629799701,641,"Sorry, you guys aren't doing it!  I think I'll have to watch the TV to fall asleep."
2796,7394,3,22,130,155,1.1806451612903226,0.03482070629799701,641,"But Ms Peep, there's nothing in the rhyme about ""wool allergy""!"
5729,7394,6,16,133,155,1.1806451612903226,0.038260202936935536,641,Bo Peep Here - I think I have found just what I have been looking for.  This may give a new meaning to finding a crook in a 5th Avenue High Rise
914,7394,6,16,133,155,1.1806451612903226,0.038260202936935536,641,B. B. Wolf?  Send him up!
296,7403,2,22,120,144,1.1805555555555556,0.035055702397312434,641,"Hello? Customer Service? Yeah, the image is a little fuzzy."
1209,7403,3,20,121,144,1.1805555555555556,0.036414658692538,641,Little Bo Peep has an unlisted number.
2673,7403,5,16,123,144,1.1805555555555556,0.03899073687357329,641,No...I never asked for my dreams to come true.
2888,7403,1,24,119,144,1.1805555555555556,0.033641896103576555,641,I was told there would be peet.
3139,7403,4,18,122,144,1.1805555555555556,0.03772469303810345,641,You shut-up. My Grass is greener over here.
4436,7403,5,16,123,144,1.1805555555555556,0.03899073687357329,641,It's how lambs are living now.
6037,7403,3,20,121,144,1.1805555555555556,0.036414658692538,641,Can you pick me up? Turns out they're all a bunch of sheeple.
8795,7403,3,20,121,144,1.1805555555555556,0.036414658692538,641,"No, they won't come home wagging their tails behind them."
9031,7403,6,14,124,144,1.1805555555555556,0.04021694492461263,641,"Okay, sounds good mom.  Yup.  Ewe too."
838,7412,3,18,112,133,1.1804511278195489,0.038237822407240246,641,Me? I’m feeling sheepish...
2740,7413,3,25,144,172,1.180232558139535,0.03268067226221355,641,"Hello.  I'm a Yale Whiffenpoof, and my GPS is broken.  Are we lost?"
8980,7413,3,25,144,172,1.180232558139535,0.03268067226221355,641,"Yes, I had a great sleep, but reality has returned again.  Now what?"
3700,7415,5,19,137,161,1.1801242236024845,0.036210434348775994,641,"I couldn't take Rover with me, they have a No-Dog policy"
5039,7415,3,23,135,161,1.1801242236024845,0.03399876545731369,641,"yes operator, connect me with the Manhattan sheep dog rescue please...."
6090,7415,5,19,137,161,1.1801242236024845,0.036210434348775994,641,They won't come until we watch an episode of 'Shaun the Sheep.'
6979,7415,7,15,139,161,1.1801242236024845,0.03829458263034873,641,"No, we're not. We're house sitting. Sorry you had to make the trip all the way out there."
761,7419,3,21,126,150,1.18,0.03548324115247314,641,I followed them. I knew it was a mistake but they said they had  friends in high places
1304,7419,3,21,126,150,1.18,0.03548324115247314,641,"Yeah, Boss, my parents were glad for me and the herd to come hang out at the-uh-farm. Everyone is totally chill.  Intestinal virus? What intestinal virus? Did the Vet say what those symptoms might be? Uh-huh, I see..."
3105,7419,3,21,126,150,1.18,0.03548324115247314,641,The city-born shepherd carefully watches over his flock.
4246,7419,2,23,125,150,1.18,0.034199048876709826,641,"Oh, nothin' much.  How 'bout you?"
5189,7419,6,15,129,150,1.18,0.039083459142244426,641,Fine. How ewe doin'?
5630,7419,4,19,127,150,1.18,0.03672255248886627,641,I miss you and since you left it seems I see ewe all the time.
8013,7419,2,23,125,150,1.18,0.034199048876709826,641,Is this the Leadership Diversity Company? I'd like a refund.
6900,7426,2,21,116,139,1.1798561151079137,0.03574110524631316,641,"Funny, I' m the only one REALLY intersted in watching the classic character, Lamb Chop."
5849,7427,4,15,109,128,1.1796875,0.04065409126477876,641,Slumber R Us.  Our sheep make you sleep.  This is Noah.  How can I put you to sleep?
6104,7428,5,20,142,167,1.1796407185628743,0.03533404876200776,641,I'm not all sheepish.
6977,7428,3,24,140,167,1.1796407185628743,0.03322958423047904,641,Bo Peep ? Roger here . Mission accomplished .
4836,7428,6,18,143,167,1.1796407185628743,0.036340609086924554,641,"Bo-Peep here, I'm a little bo pooped"
4615,7428,2,26,139,167,1.1796407185628743,0.03212569689886557,641,We're a new maker space. We sell artisanal wool.
2518,7428,2,26,139,167,1.1796407185628743,0.03212569689886557,641,When I said card party I wasn't thinking of carding wool.
2277,7428,2,26,139,167,1.1796407185628743,0.03212569689886557,641,I made a wrong turn at Sheepheads tavern.
2713,7428,3,24,140,167,1.1796407185628743,0.03322958423047904,641,...and it also has a great view of Sheep Meadow.
221,7435,5,18,133,156,1.1794871794871795,0.03692836098574405,641,Wool you stop interrupting me? I herd ewe the first time.
3788,7435,3,22,131,156,1.1794871794871795,0.03461615046789343,641,They love the views.  Unfortunately Sheep Channel isn't in the cable package.
4519,7435,3,22,131,156,1.1794871794871795,0.03461615046789343,641,"Looking back, Gary can’t recall exactly when his work started coming home..."
4876,7435,6,16,134,156,1.1794871794871795,0.038031787113311094,641,No crooks on the subway was not part of the plan.
5533,7435,4,20,132,156,1.1794871794871795,0.03579093263879318,641,Finally--warm!
6854,7435,5,18,133,156,1.1794871794871795,0.03692836098574405,641,"Please send up a dozen Chef Salads. Eight with Ranch, and four with Bleu Cheese."
6974,7435,2,24,130,156,1.1794871794871795,0.0334000731627499,641,I take a vacation and this is what I come back to.
7261,7435,4,20,132,156,1.1794871794871795,0.03579093263879318,641,"Oh, sheep - can I call you back?"
5560,7443,7,12,126,145,1.1793103448275861,0.041139149811892595,641,What's new with ewe guys?
7295,7443,6,14,125,145,1.1793103448275861,0.0399580305649855,641,"I think they'll see that the grass is not always greener outside the meadow."""
6394,7443,1,24,120,145,1.1793103448275861,0.0334322748787333,641,"Yeah, this isn't quite what I had in mind when they said that I could work from home at my new job at the urban vertical farming start-up."
5351,7443,4,18,123,145,1.1793103448275861,0.03748430772211569,641,I'm sorry to tell you that it's sheep all the way down.
5154,7443,2,22,121,145,1.1793103448275861,0.034835361978601695,641,"Sheep folds"" are so last century and this helps with my insomnia"
5098,7443,5,16,124,145,1.1793103448275861,0.03874091849736257,641,"Good work, Alfie - now fetch the remote!"
3580,7443,3,20,122,145,1.1793103448275861,0.03618408330734987,641,"Yeah, I'm going by little bo chic now."
1600,7443,7,12,126,145,1.1793103448275861,0.041139149811892595,641,We want U.S. citizensheep!
339,7443,5,16,124,145,1.1793103448275861,0.03874091849736257,641,They just love watching CNN!
1230,7452,4,23,146,173,1.1791907514450868,0.03352577978977138,641,"Yes, hello, I was wondering if you know anyone who would be willing to babysit my 12 children"
2588,7453,1,22,111,134,1.1791044776119404,0.03489527154619774,641,"Our visit to New York is doin' jes fine Clem, why we gots TV even."
4592,7453,4,16,114,134,1.1791044776119404,0.03942515095957175,641,"No, No, No!  My name is J-E-S-S-I-E ... Not J-E-S-U-S !"
5343,7453,3,18,113,134,1.1791044776119404,0.037975277188599596,641,They were suppose to be house trained.
116,7456,5,19,138,162,1.1790123456790123,0.03600339190673985,641,Not a bhaaaaad view either!
165,7456,5,19,138,162,1.1790123456790123,0.03600339190673985,641,I ordered one space heater.
1506,7456,3,23,136,162,1.1790123456790123,0.03380653422915826,641,Working from home is becoming a real Baaaa-ttle.
4506,7456,8,13,141,162,1.1790123456790123,0.03906773524399487,641,What? No heath insurance for jumpin fences at night
5818,7456,7,15,140,162,1.1790123456790123,0.03807370091012106,641,That's Mrs. Peep to you.
8337,7456,4,21,137,162,1.1790123456790123,0.03492224209137745,641,"I don't know why I didn't think of this before. Shepherding is a heck of a lot easier, but where's the remote?"
8919,7462,1,25,125,151,1.1788079470198676,0.03266809842593541,641,No - I'm not just phoning it in.
7123,7462,3,21,127,151,1.1788079470198676,0.03526762107468701,641,"I guess in this version of the fairy tale, the sheep find Little Bo Peep!"
6690,7464,3,26,150,179,1.1787709497206704,0.031829200988364004,641,I’ll have three large Pizzas with extra Manchego.
6920,7465,3,24,141,168,1.1785714285714286,0.0330484999418314,641,"This time next week, I'll be the next Calvin Klein. I'm counting on it."
8569,7465,6,18,144,168,1.1785714285714286,0.03613947075836012,641,I don't know what happened.  All I could hear was the sound of some guy snoring.
5921,7465,5,20,143,168,1.1785714285714286,0.03513937033107813,641,"..correct ma'am, I'm a surrealist artist.. no, I'm fully awake.."
5649,7465,4,17,119,140,1.1785714285714286,0.03829331427382206,641,"Hello, Bo Peep?  I found your sheep"
31,7465,4,22,142,168,1.1785714285714286,0.034109959657480426,641,"don't forget to bring the Ambien, Little Bo Peep"
3745,7465,4,17,119,140,1.1785714285714286,0.03829331427382206,641,Thank you.  It would be a shear pleasure.
5042,7465,8,14,146,168,1.1785714285714286,0.03806091624690333,641,Let me speak to Bow.
1474,7472,4,20,133,157,1.178343949044586,0.035580605392626675,641,"You got the wrong number, my name is not Mary."
4100,7472,6,16,135,157,1.178343949044586,0.037806059233435434,641,"Come out of the closet, Mary.  I know you're in there!"
4503,7472,3,22,132,157,1.178343949044586,0.03441395302457576,641,"Don't worry Mom, I'm still herding sheep."
6428,7472,5,18,134,157,1.178343949044586,0.036710200182427793,641,"I’m just vegging, I have to get the flock out of here."
7074,7472,5,18,134,157,1.178343949044586,0.036710200182427793,641,"Look, I know I'm a professional sheepherder, but I can only fit so many in the closet!"
7330,7472,4,20,133,157,1.178343949044586,0.035580605392626675,641,Hello H&M? I would like to complain about your new wool collection...
8297,7472,7,14,136,157,1.178343949044586,0.03887103590194292,641,"Ham and cheese on rye, four bales of hay,and a bucket of sheep dip"
3218,7479,4,23,147,174,1.1781609195402298,0.03334845090760255,641,I already took you for a walk. Now I'm calling Room Service for supper.
6882,7480,5,16,125,146,1.178082191780822,0.0384942517371362,641,I didn't think this transfer thing out very well.
6330,7480,0,26,120,146,1.178082191780822,0.03177169904733157,641,I can't count this high!
6793,7480,4,18,124,146,1.178082191780822,0.03724693417601578,641,"Looks like I lost the GPS signal on a few, back to manual counting tonight"
1135,7480,2,22,122,146,1.178082191780822,0.03461773364813663,641,I'm feeling a little sheepish about watching the daytime soaps.
5679,7480,3,20,123,146,1.178082191780822,0.035956373485418296,641,"311, I'd like to report a case of this damn New Yorker artist has like every comic being a guy on a cellphone now."
1276,7485,5,19,139,163,1.177914110429448,0.03579868031493083,641,"Hello, Herder? I'd like to book a walk for Thursday afternoon."
3729,7485,6,17,140,163,1.177914110429448,0.03684136091853213,641,"What do you mean when you say ""You don't fit in""?"
4029,7485,5,19,139,163,1.177914110429448,0.03579868031493083,641,"It's a new OSHA rule: spot a wolf, and you have to shut down operations."""
4520,7485,5,19,139,163,1.177914110429448,0.03579868031493083,641,"Baaa-Humbug, let me speak to your supervisor."
6209,7485,3,23,137,163,1.177914110429448,0.03361643628067608,641,"It’s shear madness! Apparently a Miss Bopeep checked in last week, went to the theatre, then just vanished."
6726,7485,4,21,138,163,1.177914110429448,0.03472470518595781,641,"Yeah, I’m home waiting to hear back.  Herd anything?"
7663,7485,3,23,137,163,1.177914110429448,0.03361643628067608,641,These sheeps have sailed.
2968,7492,5,14,116,135,1.1777777777777778,0.04054175234785341,641,The special is leg of lamb? No...I'll pass. I'll have the lasagne.
380,7492,4,24,152,180,1.1777777777777778,0.03263282132542449,641,Housekeeping? I think I'll go back to counting the bedbugs.
406,7492,4,24,152,180,1.1777777777777778,0.03263282132542449,641,I guess outdoors it's harder to smell you.
990,7492,1,22,112,135,1.1777777777777778,0.03466122336820361,641,"No, no, there's plenty of space, but I could use 
help with the walking."
2489,7492,1,22,112,135,1.1777777777777778,0.03466122336820361,641,We either binge watch or get lost!
7743,7492,4,24,152,180,1.1777777777777778,0.03263282132542449,641,"Ba ba ... darn, where is blackie?"
5451,7498,4,19,129,152,1.1776315789473684,0.03627618305886853,641,"Yes, all of our fleeces are made with premium Hell’s Kitchen wool."
4261,7498,4,19,129,152,1.1776315789473684,0.03627618305886853,641,Little Bo Peep said she'd be here
7653,7498,2,23,127,152,1.1776315789473684,0.033788825162162535,641,Our television is only getting the food network.
3640,7498,6,15,131,152,1.1776315789473684,0.038603603572748134,641,"Yes, that's 15 guests and we'd better go with the chicken."
4240,7498,2,23,127,152,1.1776315789473684,0.033788825162162535,641,Can I do another poll? Sure; what's the topic?
3271,7498,4,19,129,152,1.1776315789473684,0.03627618305886853,641,"If you're waiting for my words of wisdom, don't hold your breath."
2011,7498,2,23,127,152,1.1776315789473684,0.033788825162162535,641,I'm trying to reach Little Bo-Peep.
908,7498,5,17,130,152,1.1776315789473684,0.037457974225273,641,You've always been a glutten for mutten
2330,7506,2,26,141,169,1.1775147928994083,0.031779741436972875,641,"This is Ms Bo Peep; a dozen salads, dressing on the side."
2574,7506,1,28,140,169,1.1775147928994083,0.030651420646785114,641,"I’m in Vegas, but the sheep have to stay."
3519,7506,5,20,144,169,1.1775147928994083,0.03494680386251235,641,"Us? Oh, fine. How youse doin?"
4055,7506,6,18,145,169,1.1775147928994083,0.03594052696246389,641,Nothing much just watching another episode of  the   Bo Peep chronicles.
8256,7506,7,16,146,169,1.1775147928994083,0.03690750406725277,641,Where are Mary and her lamb when I need her?
1648,7511,5,15,121,141,1.177304964539007,0.03935097565539706,641,A captive audience...
4158,7511,2,21,118,141,1.177304964539007,0.03527815070621612,641,"Yea I just got in! Yup, alive and wool"
8053,7511,4,17,120,141,1.177304964539007,0.038041847516096454,641,In a pasture? What's a pasture?
7891,7514,2,24,132,158,1.1772151898734178,0.03301480289953606,641,Ok so I ordered the sheep online and now all I have to do is count them to get some sleep?
6143,7514,4,20,134,158,1.1772151898734178,0.035372708698403484,641,"Yeah, I need some grass. An ounce of premium for myself and two bales of yard grass that you cut with your mower on weekends for my kids... What do you mean ‘that’s cold’?"
3535,7514,3,22,133,158,1.1772151898734178,0.03421407408623916,641,"...for delivery, yes, one order of shepherd’s pie. Uh, is that pasture-raised?"
2974,7514,2,24,132,158,1.1772151898734178,0.03301480289953606,641,Has anyone reported some missing sheep?
1639,7514,4,20,134,158,1.1772151898734178,0.035372708698403484,641,"Could you send up some NyQuil, please."
1349,7514,7,14,137,158,1.1772151898734178,0.03864072315462603,641,"Imprint, schrimpret,! I just couldn't shake 'em."
2341,7514,2,24,132,158,1.1772151898734178,0.03301480289953606,641,"That's right, one pie . . . delivery. Yep, the usual."
2486,7521,4,23,148,175,1.177142857142857,0.03317296633585226,641,"Little Bo Peep, please get these damn sheep out of my living room.!"
4098,7521,4,23,148,175,1.177142857142857,0.03317296633585226,641,"No firewood this week, Silas.I'm house-sitting for my cousin."
6210,7521,7,17,151,175,1.177142857142857,0.03602068892310302,641,I heard you used to herd ewes too?
7191,7521,5,21,149,175,1.177142857142857,0.03414860378568027,641,I went in-house.
8507,7521,8,15,152,175,1.177142857142857,0.036921152141919225,641,"I call it ""Urban Small""."
7848,7526,4,15,111,130,1.176923076923077,0.0400735528508516,641,Not much. Just watching a quick DIY on YouTube before we get started.
6626,7527,2,22,123,147,1.1768707482993197,0.034402768589717754,641,I must be dreaming. Where is that TV repairman?
6016,7527,3,20,124,147,1.1768707482993197,0.03573147697413617,641,"Bo Peep ?  I  found your sheep.
, Harrisburg, PA
Neil Bernstein"
5991,7527,3,20,124,147,1.1768707482993197,0.03573147697413617,641,My flock's taking advantage of me
2512,7527,3,20,124,147,1.1768707482993197,0.03573147697413617,641,I just formed the “Baa Too Movement”!
1262,7527,6,14,127,147,1.1768707482993197,0.03944999780861696,641,"My true love gave to me
13 sheep a watching!"
7680,7527,6,14,127,147,1.1768707482993197,0.03944999780861696,641,Hello 911. Where's the grass?
1014,7527,6,14,127,147,1.1768707482993197,0.03944999780861696,641,"There's a better view here, but not all of the flock are happy."
326,7527,2,22,123,147,1.1768707482993197,0.034402768589717754,641,"Just hanging out, they wanted to catch this Baaaallywood  matinee."
108,7527,0,26,121,147,1.1768707482993197,0.031578070973486715,641,They get mad when I watch ahead without them.
1170,7527,7,12,128,147,1.1768707482993197,0.040613917407896466,641,"The deal was that I bring them to the city.  You just need to count them, and then we can all sleep well."
574,7537,4,21,139,164,1.1768292682926829,0.034529365645152806,641,"Doc, I took you literally!"
3293,7537,5,19,140,164,1.1768292682926829,0.03559626091240336,641,Nice View
5984,7537,4,21,139,164,1.1768292682926829,0.034529365645152806,641,"I was supposed to hook up with ""Little Bo Peep""  for a good tim"
6197,7537,3,23,138,164,1.1768292682926829,0.033428436887916586,641,How many baaaaalcony seats do you have left?
6313,7537,4,21,139,164,1.1768292682926829,0.034529365645152806,641,"Abraham, never believe what the media tell ewe."
8061,7537,4,21,139,164,1.1768292682926829,0.034529365645152806,641,"Hi, could the concierge is Central Park's Sheep Meadow is open for grazing today?"
883,7543,2,28,151,181,1.1767955801104972,0.030517604252636988,641,"We'r all in this together."""
8865,7544,7,19,161,187,1.1764705882352942,0.03440703774936288,641,Don't transfer my call to Wolfe. I've called Wolfe four times already. No one answers.
6539,7544,3,24,143,170,1.1764705882352942,0.032692111978621624,641,What do you mean my calls have been barred?
6049,7544,4,19,130,153,1.1764705882352942,0.03605699996118444,641,Bo was a no-show.
4513,7544,6,18,146,170,1.1764705882352942,0.03574374236765883,641,"Even on vacation, this cell phone keeps me tethered to my work."
7487,7544,5,14,117,136,1.1764705882352942,0.04026377210787303,641,"Hello, Bo...can you get over here, quick"
2978,7544,5,14,117,136,1.1764705882352942,0.04026377210787303,641,"I am finding that the higher the floor, the more wolves there are at the door."
156,7544,3,21,129,153,1.1764705882352942,0.03484405163288779,641,Not bad but they don't play well with others.
62,7544,6,15,132,153,1.1764705882352942,0.03836803187826895,641,Hello? Netflix? I believe I've pushed the wrong button while watching American Jesus.
3353,7544,5,20,145,170,1.1764705882352942,0.03475631560121543,641,"I'm calling the franchise ""sofa Sheep.""  Think Goat-yoga for lazy people."
8670,7553,2,24,133,159,1.1761006289308176,0.03282543299678655,641,At least this place is rent controlled
6931,7553,7,14,138,159,1.1761006289308176,0.03841310363569394,641,"Yes, it's become quite obvious that I mis-herd!"
5520,7553,7,14,138,159,1.1761006289308176,0.03841310363569394,641,"Hello, Room Service? I'm afraid we're out of grass again. Could you please load the elevator just one more time and send it up to Room 517?"
4524,7553,3,22,134,159,1.1761006289308176,0.034016474645773204,641,I misunderstood when you said the dog was afraid of crooks.
4331,7553,4,20,135,159,1.1761006289308176,0.035167201242443775,641,"Hold on. We'll pick up the mail, see what's on the weather channel and be on our way."
5169,7553,8,12,139,159,1.1761006289308176,0.039435745546731724,641,We’re hungry! What time is the reservation for?
3267,7553,6,16,137,159,1.1761006289308176,0.037362481649731924,641,"But I reserved the family suite."""
2634,7553,6,16,137,159,1.1761006289308176,0.037362481649731924,641,I’ve always been the black sheep in my family!
1908,7553,5,18,136,159,1.1761006289308176,0.036281448966745344,641,Mhmm... mhmm... No way!! Get the flock out of here!
4286,7553,4,20,135,159,1.1761006289308176,0.035167201242443775,641,Me sheepish? You're a baaaad person
915,7563,4,17,121,142,1.176056338028169,0.03779362887105737,641,"Despite appearances, these sheep shall not want."
5172,7563,3,19,120,142,1.176056338028169,0.03644815855946875,641,I just arrived in town for shearing so have your sheeple call mine to schedule a time.
6298,7563,4,17,121,142,1.176056338028169,0.03779362887105737,641,They're like a cult. They're waiting to hear the next vicious thing he says.
7204,7563,4,17,121,142,1.176056338028169,0.03779362887105737,641,"Hello, Harvard - I can make you a deal on some sheepskins."
8042,7563,5,15,122,142,1.176056338028169,0.03909281908624994,641,"The sheep dog led us to his apartment."""
6983,7568,7,8,110,125,1.176,0.04552772994064591,641,All I can say right now is that we're having a certain kind of 'chops.'
8750,7569,4,21,140,165,1.1757575757575758,0.034336187517090576,641,"Baaah dude, I can't go out tonight, I have to get started making my Christmas Sweaters"
4034,7569,8,13,144,165,1.1757575757575758,0.03840069131198513,641,"Hay, have you herd the latest ewes from Wool Street?"
3847,7569,3,23,139,165,1.1757575757575758,0.033242502059884355,641,"I'm Mr. Big and it's called ""Shepherd and the City"""
3571,7569,5,19,141,165,1.1757575757575758,0.035396095875339095,641,"Yeah mom the interview went well. I'm pretty hopeful, they said the other candidates were pretty sheepish..."
3754,7569,5,19,141,165,1.1757575757575758,0.035396095875339095,641,That was before I joined the back from the land movement.
3370,7569,2,25,138,165,1.1757575757575758,0.032111588456412814,641,I don't have room for a dozen goats.....anymore.
1469,7575,5,16,127,148,1.1756756756756757,0.038010140091692034,641,"Everyone's fine...no, I said bleating...with a ""t""."
4735,7575,4,18,126,148,1.1756756756756757,0.036781001705130593,641,I  need a wake up call for 7:30 AM sharp.
6905,7575,2,22,124,148,1.1756756756756757,0.0341904191217123,641,"I merely mentioned take them for some R&R by the shore, not to come back seeing themselves being shorn."
8353,7575,6,14,128,148,1.1756756756756757,0.03920075781343122,641,"''you say his name is Jesus Christ? Yes I'm open,where is it? Follow the North star?....''"
6989,7579,3,17,111,131,1.1755725190839694,0.0382851986205591,641,I'll bring them down once we get the first frost.
5865,7580,2,26,143,171,1.1754385964912282,0.03144104737608739,641,Quit you're bleating. I'm ordering 'The Wolf of Wall Street' right now.
6536,7580,6,18,147,171,1.1754385964912282,0.03554908238651153,641,"I'm watching the Weather Channel now, there's still a chance it might rain."
6724,7582,3,21,130,154,1.1753246753246753,0.0346360132677686,641,Gene Wilder was underrated as an actor.
5952,7582,5,17,132,154,1.1753246753246753,0.037005652145750266,641,"Hello, this is ewe-ber.  We offer the 'sheepest' fares!"
4667,7582,6,15,133,154,1.1753246753246753,0.03813529505006989,641,"His press conference is about to begin, and I'm ready for you to prepare a table before me in the presence of my enemies."
4654,7582,4,19,131,154,1.1753246753246753,0.03584042205260224,641,"It’s not my fault you were drunk when you said “Some sheep, some sheep, my kingdom for some sheep.”"
5466,7582,4,19,131,154,1.1753246753246753,0.03584042205260224,641,I’ll trade sheep for ore.
4553,7582,0,27,127,154,1.1753246753246753,0.03074095154048097,641,Animal Control? Little Bo Peep here. The 12 sheep in my living room are not MY sheep. Send someone over quick.
2407,7582,6,15,133,154,1.1753246753246753,0.03813529505006989,641,"Wide Awake, and what di I do with the Sheep?"
1023,7582,5,17,132,154,1.1753246753246753,0.037005652145750266,641,"Hello, Take me back. The time machine screwed up. There is no grass, no trees, and strange people in a thin box."
4560,7582,7,13,134,154,1.1753246753246753,0.039232424936262854,641,Barking doesn’t help—go look in the park.
1954,7591,3,18,116,137,1.1751824817518248,0.0372085932789975,641,"Hey! I told you guys, I leave work at work!"
5736,7591,3,18,116,137,1.1751824817518248,0.0372085932789975,641,"I know they're happy to see me, but I was hoping they'd wag their tails behind them."
7733,7591,3,18,116,137,1.1751824817518248,0.0372085932789975,641,"Okay, so Its the greenline north and he'll be at the holiday inn?"
6029,7594,4,23,150,177,1.1751412429378532,0.032827417870604975,641,I'm definitely not the good shepherd.  I'm still missing 85 of 100.
8626,7595,4,20,136,160,1.175,0.034964042625668434,641,"Yeah, except for all the reruns on the Sheepdog Channel, it's a pretty good gig."
5324,7595,5,18,137,160,1.175,0.03607077250255139,641,"Yeah, we got kicked out again . . . they ought to just call it Blanket Meadow, or Wasted Grass Meadow . . . ."
1679,7595,3,22,135,160,1.175,0.03382111654762896,641,Bo knows.
2830,7598,3,19,121,143,1.1748251748251748,0.03621331315291399,641,We pride ourselves on PETA  approved fibres in our  knitted goods.
3589,7598,1,23,119,143,1.1748251748251748,0.03338289887100794,641,"This show about a man living with is goats is not very believable, huh Girls!"
3159,7600,2,25,139,166,1.1746987951807228,0.03193511524907163,641,"Oh, I'm OK, just havin' a few friends over."
3682,7600,3,23,140,166,1.1746987951807228,0.033058598519889966,641,I wonder how they got up the the elevator
5142,7600,5,19,142,166,1.1746987951807228,0.03519814819496672,641,I am really struggling settling into this new urban lifestyle ... but binge-watching is great.
2882,7603,7,12,130,149,1.174496644295302,0.04010183801211653,641,"Yeah, I like the Federal Government's solution to wool tariffs as well."
4049,7603,5,16,128,149,1.174496644295302,0.03777258223653269,641,"Yeah, sorry, I'm taking a sabbatical."
6948,7603,5,16,128,149,1.174496644295302,0.03777258223653269,641,We got here on a NIMBY grant!
2840,7603,4,18,127,149,1.174496644295302,0.03655233572903953,641,"It's true, there's like 20 Greek restaurants in SoHo alone..."
706,7603,4,18,127,149,1.174496644295302,0.03655233572903953,641,Things have gone from baah to worse.
980,7603,5,16,128,149,1.174496644295302,0.03777258223653269,641,"Hello, Mr. Shearer? This is Mary. I quit."
3865,7609,4,22,146,172,1.1744186046511629,0.0333778985345532,641,"I ordered your lamb crock for lunch, not your flock!"
8232,7609,3,24,145,172,1.1744186046511629,0.03234323197484409,641,I would like to invest $500 in wool.
9052,7609,3,24,145,172,1.1744186046511629,0.03234323197484409,641,"Hello room service,could you send up a little lamb?"
2275,7612,1,21,110,132,1.1742424242424243,0.034842449869175,641,"... Yes? Is this Aesops Fables Animation Inc.? Yes, I'd like to complain about 'The boy who cried wolf'. My nose is NOT that big!"
3318,7612,3,17,112,132,1.1742424242424243,0.038017327035101224,641,Hey Bob I need the dial-in I’m WFH today
5573,7612,2,19,111,132,1.1742424242424243,0.03646445850262836,641,They were all out of those sheep skin blankets so I thought I'd opt for the real thing.
6229,7615,5,17,133,155,1.1741935483870967,0.03678352654997047,641,"Hello Shaun?  The movie you made about my life is weird, if you ask me"
8945,7615,3,21,131,155,1.1741935483870967,0.034430414814951536,641,"I'm missing a sheep, can you look in your kitchen?"
7621,7615,5,17,133,155,1.1741935483870967,0.03678352654997047,641,"Still no sign of their tails, but there’s a terrific view of the East River."
6848,7615,4,19,132,155,1.1741935483870967,0.03562640376028724,641,We're binge-watching Black Sheep Squadron.
6083,7615,3,21,131,155,1.1741935483870967,0.034430414814951536,641,"I would bring them back, but they can't stand the greyhound."
2182,7615,4,19,132,155,1.1741935483870967,0.03562640376028724,641,"I know I'm asking for more, 'Lil Bo Peep, but I've assumed more overhead. This is my final offer, $500. per head or things are going to turn very baad."
367,7615,3,21,131,155,1.1741935483870967,0.034430414814951536,641,"Most recently I'm doing research for a tv spin-off/re-imagining, ""The Good Life: NYC"" which is going well. We've found that the sheep absolutely love wool carpeting."
144,7615,3,21,131,155,1.1741935483870967,0.034430414814951536,641,sorry sir but i'm on break and they follow me wherever I go. I guess the wolf haunted then forever.
94,7615,3,21,131,155,1.1741935483870967,0.034430414814951536,641,No MSG in anything... we’re strictly organic.
5608,7615,0,27,128,155,1.1741935483870967,0.030562917443292485,641,Baa What? Baa What? Baa What? Baa...
2129,7625,8,15,155,178,1.1741573033707866,0.036337571216812935,641,I really wish my parents  haven’t called me BoPeep
4858,7625,6,19,153,178,1.1741573033707866,0.03454647793624305,641,Are ewe sure about that?
5967,7627,3,18,117,138,1.173913043478261,0.03695978853147891,641,Rammed. Yeah.
6924,7627,4,16,118,138,1.173913043478261,0.03836420846425266,641,"Hello, Gotham Sheep Walkers?"
6787,7627,3,18,117,138,1.173913043478261,0.03695978853147891,641,I've seen 'Babe' like a hundred times already.
4820,7627,5,14,119,138,1.173913043478261,0.03971900066574726,641,"Bad news, Bo. Little Henry has left the building."
8250,7627,1,22,115,138,1.173913043478261,0.033977241246128984,641,Watching over his flock
4219,7627,3,22,136,161,1.173913043478261,0.033627962465384645,641,Ewe have to be kidding.
3925,7627,3,22,136,161,1.173913043478261,0.033627962465384645,641,"Hello, is this Sheep Dog R-Us?"
4343,7627,3,22,136,161,1.173913043478261,0.033627962465384645,641,I can't afford separate apartments in Manhattan.
703,7635,4,25,161,190,1.1736842105263159,0.031339012377787814,641,They was to watch ‘Lassie’ again.
1314,7636,4,21,142,167,1.1736526946107784,0.03395617550182303,641,They could care less about Animal Planet.
4710,7636,3,23,141,167,1.1736526946107784,0.032876693687441956,641,I'm beginning to prefer this to our pastoral paradise.
670,7636,4,21,142,167,1.1736526946107784,0.03395617550182303,641,I know!  Amazon has taken so much space that everyone is staying at my place now.
4873,7639,3,19,122,144,1.1736111111111112,0.035981440425318194,641,I'm still dreaming1  I woke up too soon
3544,7639,3,19,122,144,1.1736111111111112,0.035981440425318194,641,"Hey guys, it’s the concierge... he says some FBI agent in the next room is trying to get to sleep and you gotta shut the hell up..."
7017,7639,4,17,123,144,1.1736111111111112,0.03730669044830725,641,"Yes mom, I am counting sheep but something is different here in the penthouse compared to the farmhouse."
207,7639,5,15,124,144,1.1736111111111112,0.038586451629178294,641,"Oh, about two to three."
7686,7643,2,22,126,150,1.1733333333333333,0.03377338171479713,641,They're all flocking to the TV.
4139,7643,3,20,127,150,1.1733333333333333,0.03507316311749439,641,Little Bo Pooped-Out
7500,7643,2,22,126,150,1.1733333333333333,0.03377338171479713,641,"Oh, mutton much. I have city sheep in my new apartment so I want to invite ewes to take a nap with me."
28,7643,5,16,129,150,1.1733333333333333,0.03753794997455667,641,They all wanted to move on to grayer pastures.
4539,7647,4,19,133,156,1.1730769230769231,0.035414900550674824,641,"Hey, the code you told me that gets them to disappear isn't working."
5152,7647,5,17,134,156,1.1730769230769231,0.036564028319551724,641,I don't see why 'sheeple' should be a term of abuse.
5615,7647,5,17,134,156,1.1730769230769231,0.036564028319551724,641,"The sheep and I have a concern, and we'll need your assurance. If we continue working for you, we'll need health insurance."
6061,7647,4,19,133,156,1.1730769230769231,0.035414900550674824,641,"No, Bo-Peep, you're the one who is lost.  Haven't you figured out GPS yet?"
7548,7647,4,19,133,156,1.1730769230769231,0.035414900550674824,641,"Yeah, I just wanted to let you know I’m going to be working from home today. ... No, that's okay; I’ve got a little bag of that absorbent stuff."
3209,7652,3,17,113,133,1.1729323308270676,0.03775313771193071,641,"Yep, found the staff.   But where do you keep the sheepie-bags?"
5297,7652,3,17,113,133,1.1729323308270676,0.03775313771193071,641,"...it's Sheep Meadow, not Sheeps Meadow!"
5989,7652,2,19,112,133,1.1729323308270676,0.03621295680475787,641,They also love pumpkin spice.
6351,7655,6,16,140,162,1.1728395061728396,0.03671614174043033,641,Finally got my own baachelor pad.
5184,7655,8,12,142,162,1.1728395061728396,0.03874838753427583,641,"Yeah, I’ve herd that before..."
3656,7655,6,16,140,162,1.1728395061728396,0.03671614174043033,641,Sorry boss... the metro is on strike again.
6595,7655,3,22,137,162,1.1728395061728396,0.033436975879986404,641,I'm herding some colleagues to watch the game.
1983,7655,6,16,140,162,1.1728395061728396,0.03671614174043033,641,I just love that President Trump is helping out the little guy.
3492,7655,2,24,136,162,1.1728395061728396,0.032269956924316875,641,I’d like to report a missing person --- Mrs Black sheep
8017,7661,4,16,119,139,1.1726618705035972,0.03810775205592694,641,If lamb on the hoof is at an all time high these pets are going to market.
1676,7662,3,23,142,168,1.1726190476190477,0.03269675566066291,641,"Yes, this is Owen. My sheep will be without a sheppard during my cruise to the Bahamas."
2702,7662,4,21,143,168,1.1726190476190477,0.03376927346216977,641,THAT'S  SHEPHERD/S H E P H E R D.
6247,7662,7,15,146,168,1.1726190476190477,0.036799753103138336,641,"My new harem is awesome, except for the carpet stains."
8784,7665,4,17,124,145,1.1724137931034482,0.03706785171631516,641,The Marino wool sweater runs “a little large.”
8336,7665,6,13,126,145,1.1724137931034482,0.03956761948978966,641,"I said, “the missing person is a sheep herder not a head hunter.”"
6357,7665,2,26,146,174,1.1724137931034482,0.030946138440570942,641,There's a concert at the Sheepmeadow.
3905,7665,6,13,126,145,1.1724137931034482,0.03956761948978966,641,It's easier now. They just want to watch Shep Smith on Fox.
2541,7665,1,23,121,145,1.1724137931034482,0.0329646675855172,641,You can’t just leave them alone and expect them to wag their tails back home to you.
917,7665,6,18,150,174,1.1724137931034482,0.034977515014707625,641,"Little Bo Peep
didn’t exactly lose the sheep,
silly to think him so naive;
No, he’s living quite well
with so many to sell
especially for Christmas Eve."
2439,7665,6,13,126,145,1.1724137931034482,0.03956761948978966,641,Just hanging out watching Sheep Week.
1944,7672,7,17,156,180,1.1722222222222223,0.0350848537386069,641,"Animal control, what the flock do I do with these sheep?"
2695,7672,3,25,152,180,1.1722222222222223,0.03134731210385166,641,Is this the Sheep Meadow?
5468,7674,5,16,130,151,1.1721854304635762,0.037306190153249645,641,"Hey! I count only ninety and nine here, Dad. What d'ya want me to do?"
8612,7674,5,16,130,151,1.1721854304635762,0.037306190153249645,641,"Yes, let Secretary Ben Carson in, but one Black sheep is enough."
8600,7674,9,8,134,151,1.1721854304635762,0.04177263107290021,641,i cant fall asleep with only ten sheep .Im a mormon.
4889,7674,4,18,129,151,1.1721854304635762,0.03610334614685831,641,"Safe in The City. And yes Mom, I’m still a virgin. My little lamb, however, has been quite fruitful ..."
8562,7674,5,16,130,151,1.1721854304635762,0.037306190153249645,641,"Hello, Dogs R Us?"
1963,7674,4,18,129,151,1.1721854304635762,0.03610334614685831,641,"Not much, just watching some ewes."
1746,7674,7,12,132,151,1.1721854304635762,0.03960242751715511,641,Milk is just a squeeze away.
3855,7674,3,20,128,151,1.1721854304635762,0.03485902153316006,641,It would best be described as ennui.
920,7674,4,18,129,151,1.1721854304635762,0.03610334614685831,641,"I know the cleaning deposit is high but it'll pay for itself in . . . It'll never pay for itself.  So, can I put you down for a v-neck."
7817,7683,4,19,134,157,1.1719745222929936,0.035205868900656134,641,They miss Shaun.
7285,7683,5,17,135,157,1.1719745222929936,0.03634711160984176,641,I watch television to bolster my herd mentality
5704,7683,6,15,136,157,1.1719745222929936,0.037453595818110724,641,Ok!Ok!  I’ll turn on the Discovery Chanel
6292,7683,3,21,133,157,1.1719745222929936,0.03402637047529577,641,"Hey Little Bo Peep, I've found your sheep.
 Wanna watch Netflix and chill?"
2523,7683,3,21,133,157,1.1719745222929936,0.03402637047529577,641,Is there an instruction booklet?
3010,7683,7,13,137,157,1.1719745222929936,0.03852831630157887,641,"Hey mom, that trick you taught me is not working."
3289,7689,2,18,108,128,1.171875,0.03697029924919195,641,"Ram, Cordero! Wool ewe mutton it? I'm loin out on a lamb here! Shear, ewe herd I like sheep thrills, shank ewe; butt I don't like ewe to rib me or pull my leg. Make the breast of it, keep rack, rump through the hoops & chop to it. To neck with ewe!"
6256,7690,6,16,141,163,1.1717791411042944,0.036505597379675216,641,Where is that damn Mary? I'm tired of baaaaaby sitting.
6293,7690,5,18,140,163,1.1717791411042944,0.03545304328274259,641,I found my sheep. They’re in my rent-controlled apartment.
2140,7690,4,20,139,163,1.1717791411042944,0.03436826902782694,641,Well I'm present. The sheep are present. But Bret and Jemaine aren't present. Typical.
2490,7690,7,14,142,163,1.1717791411042944,0.037528642422633415,641,"The HD TV is great, but I can’t get the wool out of my eyes."
5859,7690,6,16,141,163,1.1717791411042944,0.036505597379675216,641,So I guess I'm the only one voting for the other guy
6283,7690,5,18,140,163,1.1717791411042944,0.03545304328274259,641,"I met this girl online, we went to dinner, I had the lobster bisque, ba-ba-ba, I never heard from her again."
1199,7696,5,13,116,134,1.171641791044776,0.040374911465100846,641,"Hello?  I'd like to return my Halloween costume.  You said it would be over the top, but you didn't mention livestock."
7765,7697,4,21,144,169,1.1715976331360947,0.03358439649250876,641,"Netflix and chill, am I using that right?"
8577,7697,6,17,146,169,1.1715976331360947,0.035620169062420326,641,"Not much, I'm just getting ready to make about 20 wool fleeces."
6959,7699,2,20,118,140,1.1714285714285715,0.03503464317340017,641,You know what? 99 out of 100 is pretty darn good.
7587,7699,1,22,117,140,1.1714285714285715,0.03353582113753393,641,Guys how long should I watch this thing before I become one you
5792,7699,2,26,147,175,1.1714285714285715,0.03078456464846993,641,"Wearing a wool sweater is one things, but ordering lamb chops at dinner is so ewe."
8034,7702,2,27,152,181,1.171270718232044,0.030187976526916224,641,"But, really....can I count on you?"
2670,7703,6,13,127,146,1.1712328767123288,0.039313414352466734,641,"All alone, I'm as honest as they come. But ewes bring out the crook in me."
402,7703,8,9,129,146,1.1712328767123288,0.04164722284412082,641,"Could you send up a few thousand tin cans, please?"
1006,7703,3,19,124,146,1.1712328767123288,0.03552639320533475,641,The day hipsterism jumped the shark
2627,7703,6,13,127,146,1.1712328767123288,0.039313414352466734,641,"No, I didn't steal your truck. I called Uber. Just give me a raise, plus cable TV in the farm, then I will give you them back."
2808,7703,3,19,124,146,1.1712328767123288,0.03552639320533475,641,This is Mr. Bo Peep. Will I do?
3820,7703,3,19,124,146,1.1712328767123288,0.03552639320533475,641,Stop bugging me with the hahing I'll walk you at half time!
4484,7703,4,17,125,146,1.1712328767123288,0.03683202309770149,641,So when exactly is that pasture I ordered coming?
4489,7703,4,17,125,146,1.1712328767123288,0.03683202309770149,641,"Hello Apple, yeah, my friends and I were wondering when the new iPhone is going to be released?"""
4940,7703,6,13,127,146,1.1712328767123288,0.039313414352466734,641,This thing leads sheep better than I ever could.
6314,7712,2,22,128,152,1.1710526315789473,0.033366261490384144,641,"Keep it down guys, so the co-op board doesn't find out."
6297,7712,6,14,132,152,1.1710526315789473,0.03823428969926598,641,Easily entertained?  What?!  They're MILLENIALS!!  I take ‘em to see Jeff Koontz’s fuschsia sheep.  Baaaad!  To Damien Hirst’s Lamb in Formaldehyde! Baaad! Even to the pop-up pasture in Chelsea!  Baaad! ALL they want is to pose for the Haas Brothers!
7121,7712,3,20,129,152,1.1710526315789473,0.03464744985688511,641,"Laurance, can you come over and take my 12 sheep out for a walk? They need to pee, but I dont want to get my hair wet."
6541,7712,5,16,131,152,1.1710526315789473,0.03707725088334787,641,It's the only job I could find where I could watch my shows on the job.
6155,7712,6,14,132,152,1.1710526315789473,0.03823428969926598,641,"Keep it down, I want to get my security deposit back."
4818,7712,5,16,131,152,1.1710526315789473,0.03707725088334787,641,Hello?  Gambolers Anonymous?
3585,7712,5,16,131,152,1.1710526315789473,0.03707725088334787,641,"Sorrry Dorothy, I won’t be coming back to Kansas until your Auntie Em promises to change the channel on the TV from Fox News. The sheep can’t take any more."
3137,7712,2,22,128,152,1.1710526315789473,0.033366261490384144,641,"I've got a room for poor little lambs who have lost their way,baa,baa,baa . . . . ."
2074,7712,6,14,132,152,1.1710526315789473,0.03823428969926598,641,Hello Lamb-Service?
71,7712,4,18,130,152,1.1710526315789473,0.03588292292060451,641,"I'm not watching T.V., those are my sheep....SHEEP...I AM home."
578,7722,6,15,137,158,1.1708860759493671,0.0372317062405613,641,I turned Vegan and I didn't know what else to do.
2877,7722,3,21,134,158,1.1708860759493671,0.033827843329616934,641,"No, I didn't say, ""Chill and Netflocks."""
3477,7722,4,19,135,158,1.1708860759493671,0.034999266269688516,641,grrr...where is that irresponsible Little Bo Peep???
4565,7722,4,19,135,158,1.1708860759493671,0.034999266269688516,641,"Hey, guys, I was almost asleep when someone's phone went off."
8827,7722,2,23,133,158,1.1708860759493671,0.03261437304701198,641,I've made it.
723,7727,5,18,141,164,1.170731707317073,0.03525176767005603,641,You are so flocking right!
808,7727,4,20,140,164,1.170731707317073,0.03417411922458823,641,I’ve been counting on you to handle this!
4686,7727,6,16,142,164,1.170731707317073,0.0362974354872468,641,"I know you're busy with the cow.  Just grab your horn and get over here, Blue!"
6123,7727,4,20,140,164,1.170731707317073,0.03417411922458823,641,Wow!  A lot has happened since our last vacation!
7408,7731,3,23,144,170,1.1705882352941177,0.03234265570770757,641,"Really, I was just watching ""All Things Great and Small"""
7234,7731,5,19,146,170,1.1705882352941177,0.03442781821109007,641,"Yeah, I'm not feeling well, so I'll be out today. I hope to be in tomorrow, though."
8036,7731,5,19,146,170,1.1705882352941177,0.03442781821109007,641,"I don't mind houses sitting, but only baaasic cable?"
6379,7731,4,21,145,170,1.1705882352941177,0.033401512278661685,641,We got an airbnb.
6063,7731,6,17,147,170,1.1705882352941177,0.03542440276208115,641,They're not responding to the wolf channel.
6479,7731,2,25,143,170,1.1705882352941177,0.0312479396753295,641,I'm might feel a little sheepish about asking for my security deposit back.
461,7737,2,18,109,129,1.1705426356589148,0.03670677698619343,641,"No, the border collie said he didn't need to go outside for the bathroom."
7554,7737,5,12,112,129,1.1705426356589148,0.04136132940002528,641,Mary you swore that wether who attended the last sleep over was fixed.
1347,7739,1,28,147,176,1.1704545454545454,0.029545454545454538,641,Concierge?  Can you arrange transportation for us to the Sheep Meadow?
8114,7739,5,20,151,176,1.1704545454545454,0.03365522461725341,641,"Wait, you said COUNTING sheep would help me sleep?"
1615,7741,5,13,117,135,1.1703703703703703,0.040094885718485504,641,"Yes, I still thing Wall Street needs a shepherd."
5621,7742,1,22,118,141,1.1702127659574468,0.03331931844459037,641,Could you pick me up? They say I'm not welcome here.
4600,7742,3,18,120,141,1.1702127659574468,0.03623273694877958,641,YOU CAN ALSO RELAX BY SITTING DOWN ON GROUND
1867,7742,2,20,119,141,1.1702127659574468,0.03480652387420695,641,They all have a clover allergy.
2134,7742,4,16,121,141,1.1702127659574468,0.037604897944193055,641,"My rod and My Sta-ah-ah-ah-aph, they comfort me."
1308,7746,5,15,127,147,1.1700680272108843,0.0378508341429082,641,I found the sheep but I lost Bo peep
2659,7746,5,15,127,147,1.1700680272108843,0.0378508341429082,641,"Maybe for you it's counting sheep, for me it's Netflix and chill."
6491,7746,2,21,124,147,1.1700680272108843,0.033957646634701966,641,"I was going to make my wife a sweater for Christmas, but I think I'll give her the flock of sheep instead."
8568,7746,2,21,124,147,1.1700680272108843,0.033957646634701966,641,"Every time I get fleeced on Internet trading, another one shows up."
8574,7746,0,25,122,147,1.1700680272108843,0.031092536801235436,641,I wonder how many I have to count to fall asleep
8026,7751,4,18,131,153,1.1699346405228759,0.035665149598344006,641,Ewe have to be kidding me!  This is so baaaaaad!
8606,7751,7,12,134,153,1.1699346405228759,0.03911522506504046,641,I think they mistook me for Shaun
8033,7751,6,14,133,153,1.1699346405228759,0.03800001999845876,641,"Say, George, just how curious are you?"
6947,7751,4,18,131,153,1.1699346405228759,0.035665149598344006,641,So. what's ewe with you?
3539,7751,4,18,131,153,1.1699346405228759,0.035665149598344006,641,"The hotel was threatening to kick me out because I have a crook in the room, so they're not likely to be happy when they discover the sheep."
3645,7751,7,12,134,153,1.1699346405228759,0.03911522506504046,641,I never should have tuned into Fox News.
3602,7751,5,16,132,153,1.1699346405228759,0.03685108150214539,641,‘The hotel policy permits comfort animals and whatmis more comforting than a flock of sheep?’
6814,7751,3,20,130,153,1.1699346405228759,0.03443840274848347,641,My cables out !
35,7751,2,22,129,153,1.1699346405228759,0.03316631230422294,641,Does that come with a side order of hay and alfalfa?
3163,7760,4,19,136,159,1.169811320754717,0.03479505107279786,641,You millennials ain't jumpin like your folks did.
5570,7760,4,19,136,159,1.169811320754717,0.03479505107279786,641,"In these new digs, I can definitely lose the crook."
8457,7760,1,25,133,159,1.169811320754717,0.031174686709870683,641,The doctor suggest I count sheep in order to get to sleep.
8751,7760,6,15,138,159,1.169811320754717,0.03701241103952332,641,"Those sheep work better then my last sleeping pills, my naturopath was right."
2258,7764,7,15,149,171,1.1695906432748537,0.03619400356719124,641,"Yes, we are gentrifying it to become Flock Tower."
8923,7764,4,21,146,171,1.1695906432748537,0.033220589179131704,641,"I said Sheep dog, not Sushi!"
8926,7764,3,23,145,171,1.1695906432748537,0.03216843321960582,641,"We object to your reporter's use of the term ""sheeple."""
2976,7767,7,16,154,177,1.1694915254237288,0.03534410339072636,641,"yeah it's pretty sweet but not, like, perfect? they saw me making mutton yesterday and i'm fairly certain that they're planning armed revolution. on the plus side, i'll never run out of mutton. this is a metaphor for colonialism."
2155,7768,3,17,116,136,1.1691176470588236,0.036981929077634895,641,"Room service, this is Mr. Wilder in Room 315..."
4395,7769,1,22,119,142,1.1690140845070423,0.03310555124621702,641,"I think I just did ""lucid dreaming"" one step better."
4598,7769,1,22,119,142,1.1690140845070423,0.03310555124621702,641,"I'm here for the sheep herders convention, could you send up about ten litter boxes."
3607,7769,2,20,120,142,1.1690140845070423,0.034581319295003014,641,You won’t believe what’s happening in Long Island City
2310,7772,2,21,125,148,1.1689189189189189,0.03374699228494797,641,"Bad news, Honey, the condo bylaws allow dogs."
3204,7772,4,17,127,148,1.1689189189189189,0.03636917396635243,641,What was that? I may have herd you wrong.
3565,7772,3,19,126,148,1.1689189189189189,0.03508259043510859,641,"Shaun, calling because I was sheepish of what to do and Ewe you would know."
5636,7772,3,19,126,148,1.1689189189189189,0.03508259043510859,641,"Room Service? Yeah, I've finally decided.  Hold the mint jelly, send up silage."
6132,7772,3,19,126,148,1.1689189189189189,0.03508259043510859,641,Turns out there's still no wall and I can't have them just running loose
7896,7772,5,15,128,148,1.1689189189189189,0.03761177313491139,641,...and I'm telling YOU that there's nothing weird about it AT ALL!
181,7778,4,18,132,154,1.1688311688311688,0.03544997923156578,641,"I'm bleating just fine, mom."
6336,7778,4,18,132,154,1.1688311688311688,0.03544997923156578,641,"They love the show, Marty. They're sending you high fives."
5434,7778,5,16,133,154,1.1688311688311688,0.03662763253804509,641,No worries . Soros is going to pay for the room.
4547,7778,4,18,132,154,1.1688311688311688,0.03544997923156578,641,I hope it’s Just a baaaad dream.
6524,7778,4,18,132,154,1.1688311688311688,0.03544997923156578,641,"'Thanks, Bo Peep, I'll  fall asleep tonight for sure!"""
263,7778,5,16,133,154,1.1688311688311688,0.03662763253804509,641,At least in here you’ll never have to hear me cry “wolf!
132,7778,2,22,130,154,1.1688311688311688,0.0329687147439996,641,Remember that pillow business I was talking about? You can still get in.
3398,7778,3,20,131,154,1.1688311688311688,0.034231835908914245,641,I’m calling to report a sheep disturbance.
6813,7786,2,23,135,160,1.16875,0.032240589041780954,641,That’s right. Five hundred buck and they come home - wagging their tails behind them.
2684,7786,2,23,135,160,1.16875,0.032240589041780954,641,"What was that? Sorry, I can't hear ewe."
560,7786,1,25,134,160,1.16875,0.03099740681992202,641,i need some sheep ... I mean sleep
488,7786,6,15,139,160,1.16875,0.03679566537740604,641,"No, Bo-Peep is getting her hair shorn."
3612,7790,4,20,142,166,1.1686746987951808,0.033792263402349615,641,"I thought changing my name from Mary to Bo Peep would help get rid of them, but they've come back tenfold!"
3786,7790,6,16,144,166,1.1686746987951808,0.03588810061997353,641,"I was just counting, I wasn't calling"
5945,7790,3,22,141,166,1.1686746987951808,0.03269400121927558,641,My new job is a piece of cake.
6208,7790,5,18,143,166,1.1686746987951808,0.03485593803043552,641,I feel a little sheepish... but I lost count
8740,7790,3,22,141,166,1.1686746987951808,0.03269400121927558,641,They call it the 21st century. It’s great I know right!
3118,7795,5,19,148,172,1.1686046511627908,0.034055051548649885,641,Y'know that bet? I bl-ewe it.
2352,7796,5,20,153,178,1.1685393258426966,0.03330339871426614,641,I just herd them to the nearest “Silence of the Lambs.”
8875,7796,4,22,152,178,1.1685393258426966,0.032336301486913605,641,"Always a good shepherd, never a great shepherd."
2372,7798,5,11,109,125,1.168,0.04209972798931359,641,"We're watching the Real Sheep of New York City, yeah, just like sheep."
5003,7799,2,18,111,131,1.16793893129771,0.0361907125567332,641,"Mom,which one is the Food channel??"
8675,7800,5,13,119,137,1.167883211678832,0.039546244304198466,641,I can herd you now.
1849,7800,3,17,117,137,1.167883211678832,0.036731744100379986,641,"A lamb friendly hotel, and no forbs. You're serious."
188,7802,4,16,123,143,1.167832167832168,0.03711502744295631,641,My apartment smells like ass.
2666,7802,2,20,121,143,1.167832167832168,0.03435897480444273,641,"I thought it would be a tough transition at first, but this college admissions thing is kind of the same gig."
3447,7802,3,18,122,143,1.167832167832168,0.03576355974804333,641,"They say she has A little lamb.    

I don't know if that's true."
4984,7802,5,14,124,143,1.167832167832168,0.03841898382741188,641,"“I’m sitting here in my bully wool-pit, with a flock of potential new voters.”"
5206,7802,0,24,119,143,1.167832167832168,0.03136164914562466,641,"Something with a small yard and, perhaps, a wedding chapel."
5788,7802,2,20,121,143,1.167832167832168,0.03435897480444273,641,All the seasonal fuss has induced a b-a-a-a humbug mood .
6573,7802,1,22,120,143,1.167832167832168,0.032894469039229,641,Hi Friends; I am counting on you....
8165,7802,2,20,121,143,1.167832167832168,0.03435897480444273,641,Room service? Some surf and turf please.
7287,7810,4,17,128,149,1.167785234899329,0.036142045685466466,641,"Make that fresh, organic greens with sheep dip on the side."
5080,7810,6,13,130,149,1.167785234899329,0.03856989641501199,641,"Oh! I heard ""high RISE"" pasture."
5614,7810,3,19,127,149,1.167785234899329,0.03486477799675684,641,Tell Moses he picked a hell of a day to call in sick.
2399,7810,7,11,131,149,1.167785234899329,0.039728222097546215,641,"Bo Peep, could you come home from Lady’s Night a little early? The kids are hungry."
3206,7810,5,15,129,149,1.167785234899329,0.03737568979828399,641,I'm a sheep herder on the 14th Floor of Trump Tower. Life is not baa-aa-aa-ad.
2198,7810,3,19,127,149,1.167785234899329,0.03486477799675684,641,Don’t know if we can do city living.
7770,7816,3,20,132,155,1.167741935483871,0.03402770605128512,641,"Yeah, I just watched the Rams go down ..."
7906,7816,2,22,131,155,1.167741935483871,0.03277342823921983,641,I guess its new urbanism
8849,7818,3,21,137,161,1.1677018633540373,0.03324577314552209,641,"Hello Freud, am I the crazy sheep man ?"
6544,7818,2,23,136,161,1.1677018633540373,0.03205685075753266,641,"Just to be sure, I again watched this PETA video.  I was right. One night a week at a motel works best."
5592,7818,4,19,138,161,1.1677018633540373,0.0343936212631981,641,"Hello, housekeeping? There's sheep everywhere in my apartment!"
707,7818,6,15,140,161,1.1677018633540373,0.03658142543288742,641,Room service? I ordered shephard's PIE.
2513,7818,2,23,136,161,1.1677018633540373,0.03205685075753266,641,"Hey, Doc. So, last session you said I could beat this problem of  bringing my work home with me. May I quickly clarify some specifics"""
1285,7818,4,19,138,161,1.1677018633540373,0.0343936212631981,641,But I ordered a flock of seagulls.
5194,7818,5,17,139,161,1.1677018633540373,0.035504379098205724,641,"No wolves, only corgis."
6888,7825,3,22,142,167,1.1676646706586826,0.032513331147612276,641,Apparently I was the perfect person for this job.
6391,7825,5,18,144,167,1.1676646706586826,0.03466131036328165,641,It’s pronounced “hoo-guh”.
3913,7825,4,20,143,167,1.1676646706586826,0.033604487337363376,641,You're right. A border collie never had a chance. See you when you get back from the show.
335,7825,6,16,145,167,1.1676646706586826,0.03568685056141066,641,"Some of their tails are behind them, Bo-Peep, but it’s a bloodbath in the subway."
4631,7825,4,20,143,167,1.1676646706586826,0.033604487337363376,641,"Coincidently, I see that Trump is taking it on the lamb."
4093,7830,6,17,150,173,1.1676300578034682,0.03484970916547967,641,it brings me nearer to heaven
5074,7830,2,25,146,173,1.1676300578034682,0.03075140465760486,641,The sheep are ready.  Send in the knitters.
6697,7830,3,23,147,173,1.1676300578034682,0.031825496438256086,641,"Ma, they're makin' eye at me!"
1747,7830,5,19,149,173,1.1676300578034682,0.03387165324859164,641,Tell them to all come home!
8004,7834,1,28,150,179,1.1675977653631284,0.029095149868597656,641,"The reception's okay, but I can't hear a thing."
5815,7835,3,17,118,138,1.1666666666666667,0.03648488835845413,641,"Well, I’ve taken some time off to develop my sheep-sharing app..."
5464,7835,5,14,125,144,1.1666666666666667,0.03816905103452871,641,"We just got back from Sheep Meadow and guess what's on...the
Whiffenpoofs!"
5513,7835,4,16,124,144,1.1666666666666667,0.036874806572392484,641,"Are  you  sure  you  got  the right  number,
I'm  house-sitting a  flock of sheeps!"
5622,7835,1,24,131,156,1.1666666666666667,0.03128530539421092,641,"Many a ewe has beeb herded  ,but only  few of ewe will be chosen."
5755,7835,1,23,126,150,1.1666666666666667,0.03196287928985961,641,This was supposed to be a sheep building but a wolf just moved into the place across the hall.
6763,7835,3,19,128,150,1.1666666666666667,0.034649625823724085,641,"Hi, yes, IKEA? I have some complaints about your new wool sweater line."
6982,7835,5,13,120,138,1.1666666666666667,0.0392774760406375,641,You want me to risk them all and go after that one lost sheep?
7245,7835,4,17,129,150,1.1666666666666667,0.03591771190286294,641,We're taking a short break to watch Shaun the Sheep.
8413,7835,4,17,129,150,1.1666666666666667,0.03591771190286294,641,I guess it's free floating anxiety.
8424,7835,6,17,151,174,1.1666666666666667,0.03466223529529349,641,They just need some space for a little while.
5437,7835,3,23,148,174,1.1666666666666667,0.0316567252175656,641,"“Yeah, yeah, I herded all about it.”"
6958,7835,6,15,141,162,1.1666666666666667,0.036369648372665396,641,Maybe I shouldn't have used wayz.
5113,7835,4,17,129,150,1.1666666666666667,0.03591771190286294,641,Could you please stop calling me the black sheep of the family?
6580,7835,3,20,133,156,1.1666666666666667,0.033825970872786895,641,I'm starting to think my flock is unrepresentative.
4866,7835,4,17,129,150,1.1666666666666667,0.03591771190286294,641,"I hear they have 2 new uses for sheep.

Meat and wool."
386,7835,3,21,138,162,1.1666666666666667,0.0330561282434399,641,"Mostly, what I do is keep them out of the china closet."
1046,7835,6,16,146,168,1.1666666666666667,0.03548782875754605,641,"One more peep outta ya, and I'll get my staff around your neck..."
1425,7835,3,19,128,150,1.1666666666666667,0.034649625823724085,641,Bo Peep's Lost & Found reward was too good to pass up.
1836,7835,5,15,130,150,1.1666666666666667,0.0371425293558481,641,"Ok, who wants to sing the Whiffenpoof Song?"
2908,7835,1,21,116,138,1.1666666666666667,0.03346003635585099,641,Is Ms. Bo-Peep there?
2939,7835,5,17,140,162,1.1666666666666667,0.03529971794008837,641,"That's right, the flock charges double for Sunday nights. Our count comes with limitless bleat-free runs and a complimentary blanket."
5008,7835,4,15,119,138,1.1666666666666667,0.03790690703982399,641,Behave and I won’t become contrary
3636,7835,6,15,141,162,1.1666666666666667,0.036369648372665396,641,"Hey Jacob, Ewe-VC TV is running another BOGO deal!"
3842,7835,4,18,134,156,1.1666666666666667,0.035027264972095955,641,"Sure, it's a little less space than we are used to but I get much faster internet speeds for streaming."
3915,7835,5,20,155,180,1.1666666666666667,0.0329587896097353,641,It must be my new after shave.
4338,7835,3,19,128,150,1.1666666666666667,0.034649625823724085,641,"Oh yeah, they LOVE city life. The get only the best hair and makeup at Radio City."
4819,7835,6,14,136,156,1.1666666666666667,0.03731400894172328,641,Just Like Sheep-They All Followed Me Home
2478,7862,5,20,156,181,1.1657458563535912,0.03278912304744908,641,Come over the orgy’s about to start.
3665,7863,3,23,149,175,1.1657142857142857,0.031489715116282346,641,"Just watching the game, waiting to see who’s going to be the goat."
6203,7864,4,20,145,169,1.165680473372781,0.03323506934935319,641,They’re reporting he was just a wolf in sheep’s clothing all along.
7054,7864,6,16,147,169,1.165680473372781,0.035290998723834496,641,"Hello, Orkin?"
3975,7864,4,20,145,169,1.165680473372781,0.03323506934935319,641,"Airbnb, Bo Peep! Beats sleeping in the field, and this one even has Netflix!"
5016,7864,2,24,143,169,1.165680473372781,0.03104327750716642,641,Bring us a bottle of your finest milk
5260,7868,4,19,140,163,1.165644171779141,0.03400126493071554,641,Just hangin'.  What's up over at Cow Shed apartment?
5486,7868,3,21,139,163,1.165644171779141,0.03286861200065765,641,I can't do it all. You know the kind of sheep around me.
5994,7868,2,23,138,163,1.165644171779141,0.03169550903220905,641,So how do you know her?
4731,7871,6,14,137,157,1.1656050955414012,0.037090772998287155,641,"Yes, I found a way to keep them safe and I order all their food from Amazon"
2562,7872,2,21,128,151,1.1655629139072847,0.033130238118771936,641,You forgot to mention the pied-a-terre Lil' Bo!
6719,7872,2,21,128,151,1.1655629139072847,0.033130238118771936,641,"Yes, I left them alone, and yes, I know that nursery rhyme. But that only applies to Little Bo Peep."
6841,7872,4,17,130,151,1.1655629139072847,0.03569612190851596,641,This was supposed to be my day off
8116,7872,5,15,131,151,1.1655629139072847,0.03691223835069048,641,"They said if I'd leave them alone but geez, this isn't even my pad!"
239,7876,4,16,125,145,1.1655172413793105,0.03663764931151547,641,I'm watching Countryfile in surround sound.
1463,7876,2,20,123,145,1.1655172413793105,0.03392265416867519,641,Somewhere Itook a wrong turn.
5721,7876,5,14,126,145,1.1655172413793105,0.03792232571568649,641,"I tell you, some people take the Bible too literally these days. Marcy's just left me with ninety-nine sheep and has gone out searching for the one that's lost."
8840,7876,4,16,125,145,1.1655172413793105,0.03663764931151547,641,"Yeah, um, looks like the sermon will have to be cancelled today."
8894,7880,4,15,120,139,1.1654676258992807,0.03765230399950993,641,I think we're going to stay awhile.
200,7880,3,17,119,139,1.1654676258992807,0.03624129663679542,641,"Hi, it's Bo Peep. I've found my sheep."
1568,7880,3,17,119,139,1.1654676258992807,0.03624129663679542,641,"Hello, Bo-Peep? I’ve got something you want..."
6343,7880,6,11,122,139,1.1654676258992807,0.040326477971453646,641,Have you ever tried to house-train a black sheep?
8756,7880,3,17,119,139,1.1654676258992807,0.03624129663679542,641,"Got your new order of Ugg Boots, straight from Australia."
4717,7885,3,16,114,133,1.1654135338345866,0.03725065370728289,641,"No,Mort,I'm telling' ya....I put up the banner, the whole herd and I went to the rallies, it's even my new profile pic.  There's still no sign of him."
1507,7885,6,10,117,133,1.1654135338345866,0.04158575118088099,641,But they want streaming pastures.
4127,7885,4,14,115,133,1.1654135338345866,0.03874961120027727,641,"It was my brother in law idea, he said lamb commodities were a slam dunk!"
4288,7888,2,17,108,127,1.1653543307086613,0.03667838979440268,641,Thanks guys but I STILL can't get to sleep and now it's time to get up!
8470,7888,3,15,109,127,1.1653543307086613,0.038344343192484386,641,Had to change my profile page. ‘Shepherdess’ is needlessly gendered or something.
2139,7890,4,21,151,176,1.1647727272727273,0.03234432792618295,641,"Well, at least there are no wolves here!"
3491,7891,5,18,147,170,1.1647058823529413,0.034090150591560835,641,I was thing of just heating up the shepherd's pie if that's okay with you.
6717,7892,3,21,140,164,1.1646341463414633,0.03268318924499519,641,I think I manifested the wrong dream.
5881,7892,2,23,139,164,1.1646341463414633,0.03151783876056436,641,You’re telling me I traded half of my sheep for this apartment?!
5528,7892,5,17,142,164,1.1646341463414633,0.03489733882975379,641,Can you pick up a pizza on your way home?
5439,7892,5,17,142,164,1.1646341463414633,0.03489733882975379,641,"I know he's well behaved, but I can't fit any more sheep in the elevator."
5380,7892,2,23,139,164,1.1646341463414633,0.03151783876056436,641,"Yeah, they herd the phone ring."
2803,7892,4,19,141,164,1.1646341463414633,0.03380839479051624,641,"Yep, that's what I said,  they just haven't perfected GPS yet."
8259,7892,4,19,141,164,1.1646341463414633,0.03380839479051624,641,Apologies for missing the Sleep Number gig. I've laid up.
2091,7892,4,19,141,164,1.1646341463414633,0.03380839479051624,641,'Then i woke up in an office with this crazy get up and all these sheep milling around'
1604,7892,3,21,140,164,1.1646341463414633,0.03268318924499519,641,I see what you mean about Binge Watching!
1068,7892,5,17,142,164,1.1646341463414633,0.03489733882975379,641,"Congrats on the agility win, Cookie, but we need you back here before sundown."
3666,7892,3,21,140,164,1.1646341463414633,0.03268318924499519,641,"Hi Susan, Ewe won’t believe this..."
7447,7903,5,16,137,158,1.1645569620253164,0.03576009122329283,641,"They told me there'd be a babe in a manger, but the only thing here is a picture of a burning log."
2044,7903,4,18,136,158,1.1645569620253164,0.034614425738624895,641,"OK, for the last time, who is going to make me a blanket?"
3374,7905,5,15,132,152,1.1644736842105263,0.03668476460718341,641,"No, I did not hear the angels sing; I am working from home."
5469,7905,2,21,129,152,1.1644736842105263,0.032929573745531966,641,"Yes darling of course, I know a thing or two about being sheepish. Just ask her out!"""
7990,7905,4,17,131,152,1.1644736842105263,0.035477226195741125,641,Can't we just advertise it as a Mitchell-Lamba rent controlled apartment?
8389,7905,4,17,131,152,1.1644736842105263,0.035477226195741125,641,"Yeah, well they're all white sheep now, and they're all going to the Big Boy who lives in the Park Ave condo."
8857,7905,3,19,130,152,1.1644736842105263,0.034227112101419016,641,"I keep trying to tell them that people are sheep and TV is the shepherd, but they keep following anyway"
245,7910,4,16,126,146,1.1643835616438356,0.036403498018077796,641,You know this is my favorite show. How could you say it’s ba-a-a-d?
1512,7910,2,20,124,146,1.1643835616438356,0.033708575249824374,641,"The Lamb Lies Down on Broadway”
The genesis version recaptured."
3596,7910,4,16,126,146,1.1643835616438356,0.036403498018077796,641,What I said was I wanted it cooked really rare.
5185,7910,3,18,125,146,1.1643835616438356,0.035081923502890106,641,Hi little Peep. This is big Bo. Got your sheep.
2321,7914,3,17,120,140,1.1642857142857144,0.0360009053867454,641,sheep sitters
5644,7914,2,19,119,140,1.1642857142857144,0.034544033721419766,641,"Housesitting is OK, but there aren't any cable channels for sheep and the girls are tired of pizza and Chinese"
6033,7914,3,17,120,140,1.1642857142857144,0.0360009053867454,641,Monty Wooley sent me some of his pals.
399,7917,2,18,114,134,1.164179104477612,0.03544296195119237,641,It really is tough away from my job while on vacation
5265,7917,2,18,114,134,1.164179104477612,0.03544296195119237,641,I can’t believe you haven’t heard.
6872,7917,4,14,116,134,1.164179104477612,0.03847915348785321,641,"No kidding, biothermal is the wave of the future!"
7176,7920,5,20,158,183,1.1639344262295082,0.03245493400149038,641,Um... How many lambs did Mary have and why am I Mary?
7229,7921,5,18,148,171,1.1637426900584795,0.0339038912979751,641,Sometimes it's nice to just netflix and chill
5246,7922,6,15,144,165,1.1636363636363636,0.035748680417357265,641,Call me back before the sheep hits the fan.
8737,7923,1,24,134,159,1.1635220125786163,0.030746120505822934,641,"Fertility treatment is going well"""
5416,7923,3,20,136,159,1.1635220125786163,0.03323472458075441,641,Flock me!
5197,7923,4,18,137,159,1.1635220125786163,0.0344116028958055,641,"Woolly serviced apartment, sheeps 12."
8127,7923,3,20,136,159,1.1635220125786163,0.03323472458075441,641,Can you recommend a good sheep park nearby?
8497,7923,5,16,138,159,1.1635220125786163,0.03554954162515485,641,"That's right, ""partners.""  I'm bringing all of them in for testing too."
7996,7923,2,22,135,159,1.1635220125786163,0.0320146126332741,641,"Yes, a reality show! A TV show. Well, it’s kind of like Big Brother, I guess."
4091,7923,1,24,134,159,1.1635220125786163,0.030746120505822934,641,Hello. I am the chairman of the Florida sheep caucas. The consensus here we would like to have a recount.
2148,7923,3,20,136,159,1.1635220125786163,0.03323472458075441,641,"Bo Peep speaking, how can I help you?"
3132,7923,4,18,137,159,1.1635220125786163,0.0344116028958055,641,IT started to rain. They asked to come in.
262,7923,4,18,137,159,1.1635220125786163,0.0344116028958055,641,"Thanks for hanging out here, guys. Our WeWork pasture will be ready in a week or so."
429,7923,6,14,139,159,1.1635220125786163,0.03665216781663296,641,"Bo Peep, look, again, I have no idea."
3696,7923,5,16,138,159,1.1635220125786163,0.03554954162515485,641,My decorator said that my view will make it seem like I’m living in a cloud.
1778,7923,3,20,136,159,1.1635220125786163,0.03323472458075441,641,A fine? For Sheep Meadow?!?
1608,7923,4,18,137,159,1.1635220125786163,0.0344116028958055,641,Once again from the top. Some of you were not wagging your tails behind you on cue.
2219,7923,5,16,138,159,1.1635220125786163,0.03554954162515485,641,"I know, but I've had enough donkeys and elephants for a good while."
692,7938,1,23,129,153,1.1633986928104576,0.03139010230184952,641,It was easier to count sheep when the test pattern was on
925,7939,4,16,127,147,1.163265306122449,0.036172296468796966,641,I hope Mr& Mrs. Douglas like the Green Acre farm as much as we did!
1533,7939,3,18,126,147,1.163265306122449,0.034860394026903774,641,Today I am not ABLE to herd these sheep as much as Fakenews TV Can
2356,7939,5,14,128,147,1.163265306122449,0.03743825572782598,641,"I'm sorry Superintendent but the only formal warning 
I'll accept is a red sky in the morning."
2712,7939,4,16,127,147,1.163265306122449,0.036172296468796966,641,"Well,  the summer pasture really looks a lot different this year; the sheep are liking it and so am I."
3014,7939,2,20,125,147,1.163265306122449,0.03349715079817141,641,"These days, there's more to protect them from than a butcher."
3333,7939,1,22,124,147,1.163265306122449,0.032076021440943736,641,"Yes. It's a new breed: Penthouse ewes. Very high end. The wool doesn't shrink when you wash it. Stain resistant too. I've herded samples in for you to feel —Hey, get down from there —
So, I'll stop by tomorrow?"
8614,7939,6,12,129,147,1.163265306122449,0.038662785104770295,641,"No,I said,""Care and repair of watches and clocks."""
8881,7939,4,16,127,147,1.163265306122449,0.036172296468796966,641,Can you remind me where you keep the meadow?
2851,7947,3,17,121,141,1.1631205673758864,0.03576365267421032,641,"Behold, the Lamb of VOD."
7081,7947,3,17,121,141,1.1631205673758864,0.03576365267421032,641,"Definitely Mary, but I'm going to start counting human beings. It's almost sunrise and honestly, I believe it is less conflictive."
4215,7949,2,26,156,184,1.1630434782608696,0.029402002914214596,641,"So I booked this room in Trump Tower for obvious reasons, but I can't get him to come back to the other 99."""
2408,7950,2,18,115,135,1.162962962962963,0.035200456375828436,641,"Guys, I'm telling you that this not Boston. So it's a ballgame not a  baaaa game"
6070,7950,2,18,115,135,1.162962962962963,0.035200456375828436,641,"Speak up, I'm getting a bit of static on the line."
1116,7950,2,18,115,135,1.162962962962963,0.035200456375828436,641,I found them in the sheep meadow
3148,7950,1,20,114,135,1.162962962962963,0.033593359605032916,641,Ha. Anyone up for some lamb chops ?
6270,7954,2,25,151,178,1.1629213483146068,0.0299575870331582,641,"You heard right... yes, 30 pizzas with extra forbs. No, not the magazine, the plant!"
2855,7955,5,17,144,166,1.1626506024096386,0.03450396093211767,641,They came home but can you come and get them.
8592,7955,4,19,143,166,1.1626506024096386,0.033429088678534426,641,"No, I’m not getting a dog. They’re just too expensive."
7736,7957,1,18,104,123,1.1626016260162602,0.03534635416480587,641,A shep- what pie?
8451,7957,4,12,107,123,1.1626016260162602,0.040610402814036446,641,"Yeah, in the spring I take them to Morningside Heights."
6976,7959,5,16,139,160,1.1625,0.03534143878788022,641,Matty told Hatty about a thing she saw
530,7959,3,20,137,160,1.1625,0.03304216383947893,641,Peter Pan was so overused. Bo Peep just seemed fresh.
690,7959,5,16,139,160,1.1625,0.03534143878788022,641,"Hi Pete...Save you a pretty one? Consider it done, mate."
1539,7959,4,18,138,160,1.1625,0.034211123094634394,641,How exactly did you get that family plan rate?
7437,7959,2,22,136,160,1.1625,0.03183030378418828,641,"Tell Bo Peep she better have a good explanation of why I found her crook in the same house as her ""lost"" sheep."
8987,7964,4,17,133,154,1.1623376623376624,0.03504732539676946,641,I no longer need to go outside. Now days you lead your sheep on Instagram.
7888,7964,2,21,131,154,1.1623376623376624,0.03253536755316917,641,Is this the right number for an urban sprawl emergency?
6091,7964,1,23,130,154,1.1623376623376624,0.031203648889131526,641,I have always prided myself on being a leader but this is a little out of hand.
6711,7964,3,19,132,154,1.1623376623376624,0.033814679942939393,641,When Mary told her insomniac husband to count sheep this is not what she meant.
2375,7964,3,19,132,154,1.1623376623376624,0.033814679942939393,641,I’ll make sure to get back to you when I’m back to my meadow tomorrow morning.
5656,7964,2,21,131,154,1.1623376623376624,0.03253536755316917,641,"When I said find the remote control, I didn’t mean this stupid stick."
1928,7964,2,21,131,154,1.1623376623376624,0.03253536755316917,641,Halkdlwndv
1065,7964,5,15,134,154,1.1623376623376624,0.03623806638454453,641,I somehow got lost and am trying to find my way back home. I for sure should be there by Sunday.
918,7972,4,16,128,148,1.162162162162162,0.03594398981665106,641,"Sure, I tell my supervisor that I'm writing reports, making cold calls, and herding sheep. He doesn't know. The super's a bit po'd about the wood floors, though."
1830,7972,4,16,128,148,1.162162162162162,0.03594398981665106,641,"I hate the city, I'm sure even this couch is made of em."
4407,7972,6,12,130,148,1.162162162162162,0.038416503363189955,641,"Fuck it,” Bo Peep muttered to her friend. “I’m so done with this shit. Time to trash the sheep and...I don’t know...go get a curious monkey named George."
4545,7972,3,18,127,148,1.162162162162162,0.03464161861954895,641,Wanna come over and TendFlock and chill?
4732,7972,2,20,126,148,1.162162162162162,0.03328833244884829,641,...and you wool not believe the deal I got on this room!
5456,7972,3,18,127,148,1.162162162162162,0.03464161861954895,641,"Of course they are terrified of the movie, but at least they play a major role."
7128,7972,2,20,126,148,1.162162162162162,0.03328833244884829,641,"Yes, I understand he’s feeling a bit sheepish."
7333,7972,3,18,127,148,1.162162162162162,0.03464161861954895,641,Can I use your HBOGO login?
2419,7980,6,17,156,179,1.1620111731843576,0.03375412243595672,641,"This is Little Bo, I'm at the  13th. Street Apartments , on the 13th floor with 13 sheep and I need some dip."
6640,7981,4,15,123,142,1.1619718309859155,0.03690845346306802,641,Can I get 20 orders of grass and a bottle of wine sent to room Psalm 23:1?
6225,7981,3,17,122,142,1.1619718309859155,0.035529478129694106,641,Where do yew keep your loom?
7418,7981,5,13,124,142,1.1619718309859155,0.03823773081528903,641,How many times have told you.....1 then 2 then 3 then 4 then 5....is it really that difficult? We’ll never to get to sleep at this rate.
217,7981,5,13,124,142,1.1619718309859155,0.03823773081528903,641,You're not going to believe this new objective reality concept on the Bo-Peep channel.
369,7981,2,19,121,142,1.1619718309859155,0.0340947751906559,641,"Hello, mom.  Yes I found them but they insist that condo living beats that muddy pasture."
2536,7986,2,18,116,136,1.161764705882353,0.034961211365468606,641,I hope to God this is the last time Little Bo Peep appears on Oprah!
4583,7986,5,12,119,136,1.161764705882353,0.03935840044719661,641,Yeah! They're very silent.
3964,7988,3,21,143,167,1.1616766467065869,0.03213914142630027,641,This is Bo. These are his peeps. Bo Knows Peeps.
4082,7988,5,17,145,167,1.1616766467065869,0.03431055443162018,641,"I distinctly remember hearing that ""I needed to shepherd ewe into the city"""
5497,7988,4,19,144,167,1.1616766467065869,0.03324258230812478,641,"Yo, Bo? 'leave 'em alone?' Uh, who'll scoop up the you-know-what?"
7380,7988,5,17,145,167,1.1616766467065869,0.03431055443162018,641,"Hello, Customer Services? This is Little Bo Peep, I'm afraid there has been an error in my buyer's protection plan settlement.  I only lost one sheep."
7714,7992,2,22,137,161,1.1614906832298137,0.03164808080246297,641,I don't understand why we can't be together Martha.  I'm hurting inside-- what do you mean that's the promblem?
5572,7992,6,14,141,161,1.1614906832298137,0.03622374945654309,641,"Yes hello, can you get me the sheep exterminator please."
5361,7992,2,22,137,161,1.1614906832298137,0.03164808080246297,641,"I brought some work home for the weekend, and now it's taking over my live."
1442,7992,2,22,137,161,1.1614906832298137,0.03164808080246297,641,"Honey, do you still have Rumplestiltskin's phone number?"
636,7992,2,22,137,161,1.1614906832298137,0.03164808080246297,641,Ever heard of the Trojan Horse?
3517,7992,5,16,140,161,1.1614906832298137,0.035135740680076896,641,"Since counting us didn't work, maybe Antiques Road Show will put Bo to sleep."
2314,7998,3,19,133,155,1.1612903225806452,0.033612133693659854,641,Have a feeling I'll need to switch over to shag.
4327,7998,4,17,134,155,1.1612903225806452,0.0348362270058317,641,The amazing thing is that they aren't considered pets.
2599,8000,3,18,128,149,1.1610738255033557,0.034425546828461204,641,What channel is the Ovine Network on?
1348,8000,3,18,128,149,1.1610738255033557,0.034425546828461204,641,I can't find the guy who counted all these sheep! He must have fallen asleep somewhere.
3355,8000,3,18,128,149,1.1610738255033557,0.034425546828461204,641,"Yeah, it’s Mary again. You HAVE to get my cable fixed. If we sit through Little Red Riding Hood one more time, these guys are going to stampede!"
1164,8003,4,20,150,174,1.160919540229885,0.032345806144280204,641,"I’ve  been trying to round up these Congressional sheep, but
they all drank from the Trump Kool-Aid trough and are 
non responsive."
8657,8004,3,17,123,143,1.1608391608391608,0.03529832290012759,641,Shep Smith has changed my life.
6416,8004,4,15,124,143,1.1608391608391608,0.03666694227504125,641,"Yeah, but getting followed home from school was fun for about a minute. Things have gotten out of hand, as you'll see, Sam."
1772,8004,3,17,123,143,1.1608391608391608,0.03529832290012759,641,"Yes, Pop, I do like The Outdoor Channel on cable, but I think they want to go home."
1948,8004,3,17,123,143,1.1608391608391608,0.03529832290012759,641,Maybe it is time to reconsider my Mitch McConnell obsession.
6765,8008,3,21,144,168,1.1607142857142858,0.031961755757675195,641,Missed the pink sky in the morning warning.
8166,8008,4,19,145,168,1.1607142857142858,0.033058128055638535,641,I've had a roof garden for years. Now I'm trying my hand at a Penthouse Flock.
8064,8010,5,12,120,137,1.1605839416058394,0.03908789492493157,641,"Aren't you going to look for the lost one?""
""This is the 21st century God, I'll stick with the 99."
411,8011,4,18,140,162,1.1604938271604939,0.03381703369653575,641,"I still can't fall asleep, even after counting sheep!"
5140,8011,4,18,140,162,1.1604938271604939,0.03381703369653575,641,"Markell West: ""How much to add Animal Planet to my cable package?""  
Tom Potter: ""Bo Peep?  I think I've found your sheep."""
6597,8011,6,14,142,162,1.1604938271604939,0.0360132508979082,641,"...What, no worries, I'm resting in the valley of the shadow of death..."""
4611,8014,4,13,114,131,1.1603053435114503,0.03879693114778763,641,Will your drone deliver a case of doggie bags?
5509,8015,3,19,134,156,1.1602564102564104,0.03341197696110685,641,I'm getting tired of crying Wolf of Wall Street.
3916,8015,1,23,132,156,1.1602564102564104,0.030837221544295298,641,I'm digging urban.
4691,8015,5,15,136,156,1.1602564102564104,0.0358020415106055,641,"George Frideric? Yes, we like sheep, but not that many!"
6587,8018,3,23,155,181,1.160220994475138,0.030523160484681688,641,"Netflix-binged, yeah! It's the new grass-fed."
8027,8018,4,21,156,181,1.160220994475138,0.031512706646346124,641,"I'll ""baa"" at you later."
5087,8020,3,22,150,175,1.16,0.03113612256012007,641,Guy's it's time you realize that I have moved up the corporate ladder.   You need to find a new shepherd.
6079,8020,3,22,150,175,1.16,0.03113612256012007,641,"I said bah, not spa."
6035,8020,4,16,130,150,1.16,0.03549584845120191,641,While by my sheep I binge-watched by night.  What are you doin'?
4983,8020,3,18,129,150,1.16,0.03421212940840891,641,While shepherds watch their flocks by Netflix
4664,8020,4,16,130,150,1.16,0.03549584845120191,641,The whole city says I'm the boy who cried werewolf.
4510,8020,2,20,128,150,1.16,0.0328783262962813,641,"Yes Sabrina, as I wiggled my nose, I said I was sheepish!"
2099,8020,4,20,151,175,1.16,0.032173585020488595,641,How about your ovine menu?
2058,8020,2,20,128,150,1.16,0.0328783262962813,641,"Sorry, I'm retired."
5312,8028,1,25,143,169,1.1597633136094674,0.02948701457145178,641,I tell them reputedly to skive off so I can get some rest but all they say is “bah
7793,8028,4,19,146,169,1.1597633136094674,0.0328756925819224,641,"Yeah, hi.  I need to lose some sheep real fast!"
3631,8030,3,17,124,144,1.1597222222222223,0.03507012960242173,641,"Kids, shall we take the elevator or the stairs to the high pasture?"
5043,8030,4,15,125,144,1.1597222222222223,0.0364285476989648,641,Do you hear what I hear? How about now?
6461,8030,3,17,124,144,1.1597222222222223,0.03507012960242173,641,Thanks for letting me use your place. It is not too “baaaad” at all.
8362,8030,4,15,125,144,1.1597222222222223,0.0364285476989648,641,I don’t work from home every Friday!
4041,8034,5,16,142,163,1.1595092024539877,0.03473139523614724,641,"My farm has been foreclosed on,sheep dog eaten by a wolf, sheep shearers split. Yeah, ""Happy Holidays."
4577,8034,7,12,144,163,1.1595092024539877,0.0368476666714099,641,Worst ‘Netflix & chill’ ever.
7367,8034,3,20,140,163,1.1595092024539877,0.032477516699581724,641,They wanted to see the moon on TV
8467,8034,4,18,141,163,1.1595092024539877,0.03362334684427683,641,"I'm telling you, everyone on Ravelry is doing it"
3465,8038,3,19,135,157,1.1592356687898089,0.03321416818904105,641,"No, I'm not bleeding - they are all bleating."
2705,8038,2,21,134,157,1.1592356687898089,0.031961252340322946,641,"'Counting them helps to temper the inflammatory rhetoric of cable news."""
420,8038,4,17,136,157,1.1592356687898089,0.03442150905782623,641,"I understand Sharon but, I just never miss an episode of Bold and the Beautiful."
3308,8038,4,17,136,157,1.1592356687898089,0.03442150905782623,641,"After Sharknado, what did you expect?"
4665,8042,3,15,114,132,1.1590909090909092,0.03698932558938974,641,I think the sheep are keeping me.
7181,8042,3,15,114,132,1.1590909090909092,0.03698932558938974,641,Love this gentrification thing...
7601,8042,4,13,115,132,1.1590909090909092,0.038521041374316646,641,Couldn't fall asleep all night. Do I need to feed them breakfast now in the morning?
8102,8042,4,13,115,132,1.1590909090909092,0.038521041374316646,641,Ewe must stop baa-thering us.
6915,8046,4,16,131,151,1.1589403973509933,0.035275910561480224,641,"Not Spam, Lamb, I have too much Lamb"
415,8046,4,16,131,151,1.1589403973509933,0.035275910561480224,641,That's sheepwalking! Not sleepwalking.
1377,8046,8,8,135,151,1.1589403973509933,0.0399698730163577,641,UGG’s
1416,8046,2,20,129,151,1.1589403973509933,0.03267704736417365,641,Even sheep come with GPS these days
4111,8046,1,22,128,151,1.1589403973509933,0.03129679222683846,641,"Well, cell service is great here, but the sheep don't know who to follow."
4114,8046,3,18,130,151,1.1589403973509933,0.034001318286075326,641,"Sleep training is really getting to me, Mary."
4441,8046,4,16,131,151,1.1589403973509933,0.035275910561480224,641,We're watching the Anthony Bourdain special on Basque cuisine.
4507,8046,2,20,129,151,1.1589403973509933,0.03267704736417365,641,but I haven't been listed under 'Little Bo' for years!
4906,8046,4,16,131,151,1.1589403973509933,0.035275910561480224,641,"Jeez, Peep, you should just leave 'em alone."
3501,8055,4,19,147,170,1.1588235294117648,0.032695243257013805,641,Beam us aboard
2106,8055,6,15,149,170,1.1588235294117648,0.03475926092689346,641,Guten Morgen. Is this German Shepherd Rescue?
1124,8055,4,19,147,170,1.1588235294117648,0.032695243257013805,641,The good thing about my heard: I qualify for farm insurance subsidies.
1751,8055,3,21,146,170,1.1588235294117648,0.03161273932073949,641,"'Hey, heard that a shooting happened again in California'.. 'Also, do you want to have some lamb for dinner?'"
1186,8059,3,17,125,145,1.1586206896551725,0.03484484227867613,641,Noting much...  I was watching Chef Daniel make Barolo-braised lamb tails on the Food Network.
3347,8059,3,17,125,145,1.1586206896551725,0.03484484227867613,641,"I heard you, sheep"
7762,8059,2,19,124,145,1.1586206896551725,0.03344215293327851,641,What do you mean? I always come in and watch re-runs of 'Green Acres' in the afternoon.
4795,8062,3,20,141,164,1.1585365853658536,0.03229352556433758,641,Ewe gotta see this.
7178,8062,3,20,141,164,1.1585365853658536,0.03229352556433758,641,"We weren't baaahd-mouthing anyone, you asked for a shepherd and his flock and that's whaaht you got!"
8247,8062,5,16,143,164,1.1585365853658536,0.03453266846840825,641,"Yeah,I thought everyone could ewes a break."
4023,8065,3,16,120,139,1.158273381294964,0.03575159727802202,641,Not much.  Got a case of the baas.
3962,8065,3,16,120,139,1.158273381294964,0.03575159727802202,641,"Ya, I'm thinking Madison Square for the community pasture."
5823,8067,0,25,133,158,1.1582278481012658,0.029126540984521054,641,How many shag carpets do I have to order to get free shipping?
7033,8067,3,19,136,158,1.1582278481012658,0.03301866676553321,641,This Urban Farming thing might be the new trend but its a lot more effort than I baa-rgained for!
1019,8067,5,15,138,158,1.1582278481012658,0.035376315030543,641,"I swear, I'm looking at the Wolf again right now!"
1763,8070,3,22,152,177,1.1581920903954803,0.03080968505641956,641,Waking up the sheeple has been very effective.
2262,8071,4,19,148,171,1.1578947368421053,0.032516748141684995,641,You won’t believe this!
6784,8071,3,18,131,152,1.1578947368421053,0.03379306652603567,641,"Yeah, The Wolf of Wall Street was on."
2093,8071,1,22,129,152,1.1578947368421053,0.031107789920721145,641,Not funny. I’ll figure out another wsy to get to sleep
1162,8071,1,22,129,152,1.1578947368421053,0.031107789920721145,641,"Wool stocks, silly, not wool socks!"
1137,8071,3,15,115,133,1.1578947368421053,0.03672963988415016,641,"Do I ever watch Woody Allen movies? Why do you ask, Daisy?"
1949,8071,4,16,132,152,1.1578947368421053,0.03505866114063326,641,So I told them I'm cutting the cord and getting rid of my lano-line.
4218,8077,5,19,160,184,1.1576086956521738,0.031976427519453066,641,"I would like to order twenty-five Super Special Fabric Fuzz Removal Shavers, please."
7618,8078,1,24,140,165,1.1575757575757575,0.02972094300622446,641,"Urgent, the freight elevator to the forty ninth  with ten bales."
2115,8079,4,15,127,146,1.1575342465753424,0.035960872249713095,641,Shal tell little bo peep where to find them?
2795,8079,4,15,127,146,1.1575342465753424,0.035960872249713095,641,I am looking at the package insert for the Ambien bottle
3470,8079,3,17,126,146,1.1575342465753424,0.03462240635297646,641,"Good news, Andrew Dice Clay needs me for his upcoming tour!"
5026,8079,5,13,128,146,1.1575342465753424,0.03725127708213164,641,I know that you want to count them as you fall asleep. But we really can't stay later than 10 p.m..
6068,8079,1,21,124,146,1.1575342465753424,0.031776790257851774,641,"Hello, is this tech support?  This is the boy who looks after the sheep.  I need a little help here."
300,8084,2,16,109,127,1.1574803149606299,0.03609690752623545,641,"You're losing them. Maybe try ""enemy of the sheep?"""
5942,8085,4,20,154,178,1.1573033707865168,0.03166766342919237,641,"Yeah, I might telecommute in the future."
2626,8086,2,21,136,159,1.1572327044025157,0.031589516544678474,641,"Listen, this auberge espagnole thing isn't panning out..."
3692,8086,2,21,136,159,1.1572327044025157,0.031589516544678474,641,"No dear sir, that would be the cottage pie."
3629,8088,5,12,123,140,1.1571428571428573,0.03829810662904686,641,Where the heck is the rapper Lil peep ?
1522,8088,2,18,120,140,1.1571428571428573,0.03403557260592834,641,Bambi not Lambi!
4273,8090,2,15,104,121,1.1570247933884297,0.037128813933096506,641,"On holiday from an ancient landscape, of course."""
8543,8091,3,21,148,172,1.1569767441860466,0.031271193225347244,641,I swear I am being honest. I feel completely sheepish.
1250,8092,3,18,132,153,1.1568627450980393,0.033587328297884106,641,"Could you remind me how to turn the VR machine off, please? I have about a dozen sheep in my living room."
1966,8092,4,16,133,153,1.1568627450980393,0.03484405163288779,641,Hi this is the little bopeep hot line.press 1 to leave a message for popeep. 2 for a call back.
3452,8092,4,16,133,153,1.1568627450980393,0.03484405163288779,641,"I came to NY to see the Thundering Herd, but I guess they're just a bunch of sheep."
4277,8092,3,18,132,153,1.1568627450980393,0.033587328297884106,641,I bet New Yorker readers will write some very baaaaaa-d and over literary captions for my tale.
6650,8092,3,18,132,153,1.1568627450980393,0.033587328297884106,641,Listen Up Ewes - Checkout Time is at 11:00AM Sharp.
6817,8092,5,14,134,153,1.1568627450980393,0.03605699996118444,641,Revenons a nos moutons...
7206,8092,5,14,134,153,1.1568627450980393,0.03605699996118444,641,"No,  this isn't Bo Peep and yes, I've lost a sheep."
8705,8092,2,20,131,153,1.1568627450980393,0.03228171789394645,641,With my staff I shall part the traffic on Broadway and find you grass in the park.
2956,8100,3,15,116,134,1.1567164179104477,0.036473546049626375,641,"I said I'm working remotely, not looking for my remote."
4674,8100,3,15,116,134,1.1567164179104477,0.036473546049626375,641,Everybody flocks to Brooklyn!
2674,8102,6,14,146,166,1.1566265060240963,0.035195023775432356,641,"Well, I'm betting the Sharks will love my all-natural sleep aid."
7321,8103,4,15,128,147,1.1564625850340136,0.03573147697413617,641,Supposedly the insurance will pay for all of us.
3220,8103,5,13,129,147,1.1564625850340136,0.03701251689454226,641,...got 12 more. On pace for 2020.
3397,8103,2,19,126,147,1.1564625850340136,0.033020637887874266,641,Foraging is not an option right now.
817,8103,2,19,126,147,1.1564625850340136,0.033020637887874266,641,Not bahhhhded
1106,8103,1,21,125,147,1.1564625850340136,0.031578070973486715,641,I’m L’il Bo Pete the rapper. Y’all don’t wanna graze on my grass.
1543,8108,3,19,138,160,1.15625,0.032634428081803654,641,Yes ... I just moved into this sheep flat ...
3418,8108,3,19,138,160,1.15625,0.032634428081803654,641,"We’v been trying to get fleeced in this town, but people just keep taking us in."
5364,8108,3,19,138,160,1.15625,0.032634428081803654,641,"You must admit, English is a funny language. I thought you said “herd the sheep” into your apartment but apparently you actually said you “heard the sheep.”"
6459,8108,3,19,138,160,1.15625,0.032634428081803654,641,I need to go to the bathroom
7139,8108,4,17,139,160,1.15625,0.033817484359834823,641,"I know it’s stll early, but I don’t think donwnsising is going to work."
8230,8108,2,21,137,160,1.15625,0.03140683912820832,641,Yeah that's what he said. Bah humbug!
8702,8108,2,16,110,128,1.15625,0.035834916494356175,641,"No, Mary, nary a little one here."
8891,8108,7,11,142,160,1.15625,0.037141234565257066,641,"You should see that, it's a very nice Airbnb"
414,8116,3,21,149,173,1.1560693641618498,0.03110314784944298,641,We'll lose our cruelty-free certification if I make them watch HDTV?
8209,8117,2,18,121,141,1.1560283687943262,0.03381169612215245,641,"Oh, I should’ve turn right when I got to Mountain Road."
4221,8117,1,20,120,141,1.1560283687943262,0.032278687582723384,641,"Oh, we're just watching some baaaaad TV.  Ewe?"
4988,8117,2,18,121,141,1.1560283687943262,0.03381169612215245,641,The rent is high but the amenities are great.
1103,8117,1,20,120,141,1.1560283687943262,0.032278687582723384,641,"Ewe Ewe Ewe I'm in love with Ewe Ewe Ewe 
Ewe make all my dreams come true. I'm in love with Ewe."
39,8117,5,12,124,141,1.1560283687943262,0.038041847516096454,641,"Editor Please note: This caption is for Nov 18 contest- I'm hoping you would make an exception for California time and consider:
""What? Everyone's always talking about three blind mice. Maybe they'll finally start talking about one blind cat"""
2049,8117,3,16,122,141,1.1560283687943262,0.03527815070621612,641,"I just saw your ad on tv, what is the timeshares policy regarding pets?"
7564,8123,4,16,134,154,1.155844155844156,0.03463203463203463,641,"Yeah I got all the sheep, but it's still saying No-Input Signal."
2596,8124,5,16,146,167,1.155688622754491,0.0339498136890268,641,I cannot sleep. I am feeling claustrophobic!
6694,8124,2,22,143,167,1.155688622754491,0.030596654209920898,641,I'm taking a sick day
7072,8124,3,20,144,167,1.155688622754491,0.03175374175958151,641,A shepherdess  in Manhattan has to worry about not only a wolf in sheep's clothing but also a  place to put her aching feet up!
193,8127,2,24,154,180,1.1555555555555554,0.029291469854227505,641,Anyone up for a chai latte?
8773,8128,6,11,131,148,1.1554054054054055,0.038006054517424136,641,Talk about a sheepish situation...
8313,8128,6,11,131,148,1.1554054054054055,0.038006054517424136,641,A portal?
586,8128,3,17,128,148,1.1554054054054055,0.034185877053393134,641,"It's not that I'm unhappy, no; I just don't know where I'm going."
4636,8128,3,17,128,148,1.1554054054054055,0.034185877053393134,641,Where sheep may safely binge watch.
5289,8132,3,19,139,161,1.15527950310559,0.032445614087867544,641,Finally! Saved by the city. Free from Wind Turbines.
5383,8132,2,21,138,161,1.15527950310559,0.031226240919874332,641,"So apparently the office doesn't ""do"" Halloween costumes."
6990,8132,3,19,139,161,1.15527950310559,0.032445614087867544,641,Hmm - I must have underestimated your abilities to follow me to the big city.
3843,8135,2,18,122,142,1.1549295774647887,0.033590717391332715,641,"Okay, they're safe...for the moment."
8586,8135,4,14,124,142,1.1549295774647887,0.03644333322568717,641,"Look, I ordered Mary's ""little lambs"" and I'm sitting here with a bunch of sheep!"
3181,8137,4,16,135,155,1.1548387096774193,0.034422563848069195,641,Baa? Humbug! Fleeced again....
5681,8137,2,20,133,155,1.1548387096774193,0.031895744869051924,641,Little Bo Peep had lost her newsfeed.
2110,8137,2,20,133,155,1.1548387096774193,0.031895744869051924,641,"Yeah, ""Come wandering sheep oh come"".."
5896,8137,5,14,136,155,1.1548387096774193,0.03561881640981034,641,"I assure you, there is a wolf in my room."
1272,8137,6,12,137,155,1.1548387096774193,0.03677617792807116,641,Hey! Herd! Listen up! You guys want to be part of a Bob Newhart bit?
235,8137,4,16,135,155,1.1548387096774193,0.034422563848069195,641,"Wake Up, Little Boy Blue!"
2019,8137,1,22,132,155,1.1548387096774193,0.03055407272672954,641,"Mother, I really don't think I should have accepted Big Bo's invitation to visit for the holidays, !"
1848,8144,3,15,118,136,1.1544117647058822,0.03597184276266143,641,Take my word for it; the keypad needs to be higher.
7440,8144,4,13,119,136,1.1544117647058822,0.03745538590930917,641,No! I said after Kimmel
873,8146,4,15,130,149,1.1543624161073827,0.03528129584177321,641,"I think he still cares, but Fox News could definitely be a threat."
1535,8146,4,15,130,149,1.1543624161073827,0.03528129584177321,641,"Quite sorry old man, I'm afraid you've caught me fucking high."
1803,8146,3,17,129,149,1.1543624161073827,0.03397168106978986,641,I prefer to shepherd with creature comforts
3208,8146,3,17,129,149,1.1543624161073827,0.03397168106978986,641,You don’t have to be so sarcastic. You were the one that suggested Waze.
3240,8146,3,17,129,149,1.1543624161073827,0.03397168106978986,641,Damn it! I don’t know where Mary went. Last time I saw her was with a guy named Donald who said he’d let her sleep in a big bed in a big White House that slaves built!
7210,8146,3,17,129,149,1.1543624161073827,0.03397168106978986,641,The Lord is my Shepard...but I still binge-watch my favorite shows!
9037,8152,2,21,139,162,1.154320987654321,0.03104768706925454,641,"I've tried, but I just can't get away."
8807,8152,1,23,138,162,1.154320987654321,0.0297872059154401,641,The free haircut promotion is going surprisingly well.
7972,8152,3,19,140,162,1.154320987654321,0.03225895392680739,641,"Yeah, I got the room on Sheephotels.com"
6282,8152,3,19,140,162,1.154320987654321,0.03225895392680739,641,Room service?  Can you send room 222 a bale of hay?
6074,8152,4,17,141,162,1.154320987654321,0.03342635703383495,641,Do you deliver organic alfalfa cubes?
1456,8152,5,15,142,162,1.154320987654321,0.03455434242833936,641,"Actually, I called about ordering your dozen lambskin condom minimum."
2792,8152,5,15,142,162,1.154320987654321,0.03455434242833936,641,"If they can do fake news, I'm selling fake fur."
1283,8152,3,19,140,162,1.154320987654321,0.03225895392680739,641,modern life really isn't that bad
1121,8152,4,17,141,162,1.154320987654321,0.03342635703383495,641,PornHub VR. You?
2912,8152,2,21,139,162,1.154320987654321,0.03104768706925454,641,"Yeah, as vegan as it gets!"
6121,8162,4,18,147,169,1.1538461538461537,0.032505932874173714,641,I have always wanted to be a lamb but am offering you a rack of lamb for dinner.
8158,8162,3,20,146,169,1.1538461538461537,0.03140371465106639,641,"Ever since we moved to the city, we've had a baa-fling problem."
7593,8162,2,18,123,143,1.1538461538461537,0.033372581176781886,641,"Twenty nine niner, abort, I think the Wolf is on to us."
7383,8162,5,12,126,143,1.1538461538461537,0.03753942385172557,641,"Duuude, this AR sheepherding is off the hook!"
6943,8162,3,14,113,130,1.1538461538461537,0.03697174292322414,641,It's now Little Bo-Pip as I've recently found the sheep and myself.
6632,8162,5,12,126,143,1.1538461538461537,0.03753942385172557,641,"No, I 'm not German; why would you ask?"
5734,8162,3,20,146,169,1.1538461538461537,0.03140371465106639,641,The black sheep is couchsurfing.
8912,8162,2,18,123,143,1.1538461538461537,0.033372581176781886,641,They aren't pets!
4693,8162,2,16,112,130,1.1538461538461537,0.03532207794572837,641,So you’re saying I should cut back on my screen time?
746,8162,4,16,136,156,1.1538461538461537,0.034215594074966875,641,They’re flocking to the holiday-themed shows this year.
1128,8162,3,18,135,156,1.1538461538461537,0.03298475241629253,641,The landlord said a dozen sheep is too many for this apartment and  the smell is baaaaad so I guess I have to agree with him.  Would you like six sheep?
2390,8162,3,18,135,156,1.1538461538461537,0.03298475241629253,641,CNN? BoBeep speaking here--guess what?? My sheep finally found me!
5706,8162,6,10,127,143,1.1538461538461537,0.038829130808698736,641,"No, the cable is really out this time."
4267,8162,4,18,147,169,1.1538461538461537,0.032505932874173714,641,When the boss calls on a Saturday.
4374,8162,5,14,137,156,1.1538461538461537,0.03540367020298461,641,"Out here, it’s better to be seen."
3927,8162,1,22,133,156,1.1538461538461537,0.030373803187722988,641,I’ll be there tomorrow. But my car is in baaad shape.
992,8178,4,19,153,176,1.1534090909090908,0.03165251397734761,641,You should rake in here
5035,8178,3,21,152,176,1.1534090909090908,0.030609583077054827,641,I’m telling you;  They’re all just sheep here!
1464,8178,4,19,153,176,1.1534090909090908,0.03165251397734761,641,Some crap about “Tragedy of the Commons”
1153,8181,4,17,142,163,1.1533742331288344,0.03323414244921311,641,"No, not marijuana."
1659,8181,3,19,141,163,1.1533742331288344,0.03207441133202071,641,"Yes, I took your advice about my insomnia..... I started counting my sheep, but they make so much noise with their constant            ba-a-a-ah, ba-a-a-ah, ba-a-a-ah - that I cannot fall asleep"
2866,8181,3,19,141,163,1.1533742331288344,0.03207441133202071,641,Jesus doesn't have to be the only sheperd.
3049,8181,4,17,142,163,1.1533742331288344,0.03323414244921311,641,Room service? Let's do a deal. You get 200 pounds of sheep manure and I get 200 pounds of the clover mix!
3981,8181,4,17,142,163,1.1533742331288344,0.03323414244921311,641,I've been trying to count sheep but it's been making my insomnia a lot worse.
5033,8181,6,13,144,163,1.1533742331288344,0.03543993437370405,641,Worst shepherd ever. Finds 'high ground' via AirBnB
6938,8181,2,21,140,163,1.1533742331288344,0.030871143488000692,641,No No ...SHEEP  Meadow !
6641,8188,3,17,130,150,1.1533333333333333,0.03376013118853751,641,What do you mean Lyft drivers do not drive trucks?
6198,8188,3,17,130,150,1.1533333333333333,0.03376013118853751,641,"Wrong room, guys."
4972,8188,4,15,131,150,1.1533333333333333,0.03506040382654253,641,"Guess what, ""Little Bo"" , I found hem watching TV at The Ritz."
2750,8188,2,19,129,150,1.1533333333333333,0.03240773054773024,641,You can take the man from the sheep pasture...
153,8188,2,19,129,150,1.1533333333333333,0.03240773054773024,641,"Wait a second, honey - you really think I'm sheepish?"
3377,8188,5,13,132,150,1.1533333333333333,0.03631414841481504,641,"Well, long story. I’m actually at AirBahnBah....

Leslie Hardin
Summit, New Jersey"
6420,8194,2,17,118,137,1.1532846715328466,0.03419080987826269,641,Bennie the border collie is on a bender in NYC and I don’t know how to work this gosh darn GPS thing. Thank god they’ve got FIOS.
2444,8195,3,13,108,124,1.153225806451613,0.038055880549727354,641,I think you are trying to pull the wool over my eyes.
3785,8196,5,16,149,170,1.1529411764705881,0.03338618415510718,641,"We're just chillin', Mary. So what're you and the lamb up to  this Shearling Appreciation Day"
6806,8196,1,24,145,170,1.1529411764705881,0.02891682408809133,641,"Ok, maybe it was too much of a spur-of-the-moment decision on that  luxury high rise condo advertisement"
7558,8196,3,20,147,170,1.1529411764705881,0.03123155461852923,641,Netflix and chenille?
8701,8199,2,20,135,157,1.1528662420382165,0.03151880402212705,641,Dr. Freundenberg recommended a scenery change to revitalize their energy.
7522,8199,3,18,136,157,1.1528662420382165,0.03278863102225159,641,"Somehow ""little lamb, her rug was brown with poop"" doesnt have the same ring."
5750,8199,1,22,134,157,1.1528662420382165,0.030195623683857645,641,They're trying to fall to sleep right now?! It's just getting good.
5566,8199,3,18,136,157,1.1528662420382165,0.03278863102225159,641,"Then I got this text ad, where ‘asleep may safely laze.’"
4653,8199,3,18,136,157,1.1528662420382165,0.03278863102225159,641,'I'm going to have to call you back'
3468,8199,3,18,136,157,1.1528662420382165,0.03278863102225159,641,"Yeah, he put us up in one of his hotels. Said he wanted to talk forest management with goats."
5420,8199,4,16,137,157,1.1528662420382165,0.034011081159549546,641,"Yeah, you feel everyone's about to break out their woolies."
6217,8206,4,14,126,144,1.1527777777777777,0.035967378766307144,641,Hey! I need hay!
900,8207,3,14,114,131,1.1526717557251909,0.036707221826285365,641,Guess what I just overheard !
3187,8208,3,21,153,177,1.152542372881356,0.030448494368828197,641,"Nah, I'm just going to Netflix and drill tonight."
1438,8209,4,17,143,164,1.1524390243902438,0.033044110325857454,641,I have been counting sheep but still haven't been able to sleep.
1914,8209,3,19,142,164,1.1524390243902438,0.03189195083622516,641,I don't see the benefit of keeping them outdoors.
7688,8211,4,15,132,151,1.1523178807947019,0.03484224221977723,641,"The costume hasn't convinced them, my mint jelly is missing."
7344,8211,0,23,128,151,1.1523178807947019,0.02933906883149871,641,Farm Sanctuary have I got a flock of a deal for you
3436,8211,4,15,132,151,1.1523178807947019,0.03484224221977723,641,Sheep-Dog gave up!  Send new one NOW.
4747,8211,2,19,130,151,1.1523178807947019,0.0322084057568909,641,"No, I’m not ‘baaaad’. I’m outsourced and this is as close as I could come to the highlands."
682,8211,3,17,131,151,1.1523178807947019,0.0335511791469551,641,"My 2 am cancelled, so I decided to bring the sheep into the city instead."
2594,8211,4,15,132,151,1.1523178807947019,0.03484224221977723,641,"I hope they take a nap after lunch... Don't forget to bring the milk and we need more greens, I thought 20Kg?"
417,8211,3,17,131,151,1.1523178807947019,0.0335511791469551,641,"No, I found them.  They were all just watching 24-hour cable news. Yeah, I know I should have checked here first."
795,8218,3,18,137,158,1.1518987341772151,0.032594809507943134,641,"Yeah Curly, put the fleece on the Rams to win."
1180,8218,3,18,137,158,1.1518987341772151,0.032594809507943134,641,"No, but does your store take wool as payment?"
2103,8218,3,18,137,158,1.1518987341772151,0.032594809507943134,641,"We're watching Fox, you know, the Sheeple channel."
3814,8218,5,14,139,158,1.1518987341772151,0.03498103653447101,641,You say you're the Yale University police.
6999,8218,3,18,137,158,1.1518987341772151,0.032594809507943134,641,What's up with the sheep and my cane?
7359,8218,3,18,137,158,1.1518987341772151,0.032594809507943134,641,I told you already...When the Lyft comes we can all return to the meadow.
7504,8218,4,16,138,158,1.1518987341772151,0.03380898197140144,641,Striking the modern shepherd look
7999,8218,4,16,138,158,1.1518987341772151,0.03380898197140144,641,"Look, I can't wait for Bo Peep to show up, I have work to do!"
4420,8226,2,18,125,145,1.1517241379310346,0.03294462217923337,641,Is this the Super?  I’d like to report a stampede in 29B.”
5544,8226,2,18,125,145,1.1517241379310346,0.03294462217923337,641,"Okay everyone get ready to watch
the baaaaaa channel"
7240,8226,5,12,128,145,1.1517241379310346,0.03705002634778437,641,I'm not sure how I could do this job without my sheep walker...
8412,8226,3,16,126,145,1.1517241379310346,0.034367623879830014,641,I won't be in today.  I have a baa-d headache.
696,8230,3,21,154,178,1.151685393258427,0.030289078031808168,641,You got Bo Peep - go!
7157,8230,3,21,154,178,1.151685393258427,0.030289078031808168,641,"Holy sheep, city life is not going well."
8506,8232,4,17,144,165,1.1515151515151516,0.03285622401420452,641,"Oh Ya, we are at coffee break!"
7559,8232,6,13,146,165,1.1515151515151516,0.03503357127793814,641,"Yes, we're all here...where is here?"
6921,8232,2,21,142,165,1.1515151515151516,0.030523954469511446,641,Oh we like sheep have gone astray!
565,8235,3,17,132,152,1.1513157894736843,0.03334477783514643,641,"I really shouldn't shop online when I can't sleep. I just did not need a new TV. Yeah it's nice but, so was the old one. A little beat up but it worked fine. Actually can I call you back in a minute? I'm about to take my dozen sheep out for a walk."
1297,8235,4,15,133,152,1.1513157894736843,0.034626761104901926,641,Since when do sheep come home to roost?
4061,8235,2,19,131,152,1.1513157894736843,0.03201149532800048,641,I just want to Netflix and sheep
6911,8235,3,17,132,152,1.1513157894736843,0.03334477783514643,641,"Sweet. Bleet. The thought is the same, honey."
8298,8235,3,17,132,152,1.1513157894736843,0.03334477783514643,641,"Listen Bo, they'll buy that you lost them, but removing their tails is just cruel and unusual"
6916,8240,6,14,152,172,1.1511627906976745,0.03403472970541484,641,I went shopping for lamb chops at Sam’s Club!
2766,8241,2,17,120,139,1.1510791366906474,0.03373288181709938,641,Me? Baaa-sking in paradise.
1097,8241,3,15,121,139,1.1510791366906474,0.035244456730693215,641,"Well, I think I have the solution to binge watching Game of Thrones."
2014,8243,3,18,138,159,1.150943396226415,0.032403248041860996,641,"...look, I just remember the rabbi's not supporting that..."
2446,8243,4,16,139,159,1.150943396226415,0.03360925437379378,641,I found them in the Apple store.
2754,8243,5,14,140,159,1.150943396226415,0.034773459354260176,641,I really only signed up for one little lamb.
2871,8243,2,20,137,159,1.150943396226415,0.03115058567286273,641,"Yep, we're ready to flock and roll..."
5599,8243,3,18,138,159,1.150943396226415,0.032403248041860996,641,"1 sheep, 2 sheep, 3 sheep, I can’t fall asleep sheep"
504,8248,4,19,156,179,1.1508379888268156,0.031155520313030306,641,"The old 'Lassie's are good, but the carpet is wool."
8552,8249,2,18,126,146,1.1506849315068493,0.03273469562886555,641,"Here's looking at you , kid."
7280,8249,4,14,128,146,1.1506849315068493,0.035503618414093954,641,...so sheep may safely graze?
6084,8249,3,16,127,146,1.1506849315068493,0.034147234283379825,641,"I'm sorry, I'm not that urban cowboy."
1207,8249,3,16,127,146,1.1506849315068493,0.034147234283379825,641,Noise complaints? I herd sheep last all day too.
92,8249,3,16,127,146,1.1506849315068493,0.034147234283379825,641,Yes I’d like to order twenty pizzas
3957,8249,4,14,128,146,1.1506849315068493,0.035503618414093954,641,"They were bleating for some fitted sheets and room service, sir."
1834,8255,2,21,143,166,1.1506024096385543,0.030353244486533836,641,"Well, the bloody vacuum cleaner is broken and I’m sick of lamb chops."
2296,8255,3,19,144,166,1.1506024096385543,0.03153313814048771,641,"Blah, blah white sheep..."
4851,8255,4,17,145,166,1.1506024096385543,0.03267044767239752,641,"Yeah, we think we can meet the D.C. demand for eye pullovers!"
4961,8255,4,17,145,166,1.1506024096385543,0.03267044767239752,641,"Yup, we've been hired for a new avant garde opera.  It's a sleeper hit."
6783,8255,7,11,148,166,1.1506024096385543,0.035866644692502475,641,"I ordered a shelve lamp, not twelve lambs!"
5424,8260,2,19,132,153,1.1503267973856208,0.031816956152907375,641,Bo-Peep Press? I'd like to cancel my ad for a dozen missing sheep.
7676,8260,4,15,134,153,1.1503267973856208,0.03441391176322504,641,Don't forget to water the plants while I'm gone.
6809,8260,3,17,133,153,1.1503267973856208,0.03314088126229498,641,You may not safely graze
949,8260,2,19,132,153,1.1503267973856208,0.031816956152907375,641,"I sais baa, not bye"
2491,8260,3,17,133,153,1.1503267973856208,0.03314088126229498,641,"Hello, Uggs?  Need any fleece?"
1471,8265,9,8,156,173,1.1502890173410405,0.036706604768322784,641,I need Viagra....lots of it
3463,8265,4,18,151,173,1.1502890173410405,0.03180107164844312,641,Yes Mr. President...I have parten all these sheeps...they will not be eating for Thanksgiven.
6433,8267,2,20,138,160,1.15,0.03096965445166197,641,"It's Christmas, DAMMIT!  I said ""Bah Humbug, NOT  Baaa humbug!"""
6731,8267,3,18,139,160,1.15,0.032213907696158256,641,"Little Bo-Peep just needs a minute, okay?"
4159,8267,4,16,140,160,1.15,0.033411857195580465,641,"Siri, message Bo Peep and tell her the flock is at the pied-a-terre!"
8553,8267,2,20,138,160,1.15,0.03096965445166197,641,"You know, the family that flocks together ..."
6323,8267,5,14,141,160,1.15,0.03456831719160074,641,"Sonnies?  Naw, that place got a great review in Sunday's paper.  All the sheep will be there."
7172,8267,2,20,138,160,1.15,0.03096965445166197,641,I'm watching Bo Peeps herd while she rounds up the runners.
5813,8267,2,20,138,160,1.15,0.03096965445166197,641,The herd was getting hungry so I brought them home to watch some Gardening by the Yard.
4086,8267,2,20,138,160,1.15,0.03096965445166197,641,Yes I found a shelter....yes with all of them....I don't know about the pro-capita
4867,8267,3,18,139,160,1.15,0.032213907696158256,641,"Have you herd?""
""Yeah, I can't believe it. I'm watching the news right now"
4499,8267,2,20,138,160,1.15,0.03096965445166197,641,"No, we are just sitting around watching some ewe tunes."
4149,8267,5,14,141,160,1.15,0.03456831719160074,641,Sheep dip? No problem.
441,8267,4,13,123,140,1.15,0.03644675402179995,641,Been couch surfing since I broke up with Suzy
5582,8267,3,15,122,140,1.15,0.03500844120789703,641,I’m feeling sheepish about getting this lost
876,8280,4,17,146,167,1.1497005988023952,0.03248674624443632,641,"True, but the haystack doesn't have a loyalty program."
6309,8280,5,15,147,167,1.1497005988023952,0.0335787663329539,641,"If they can’t dial back their ‘BAAAAA Humbugs,’ they have to go."
3297,8282,5,12,130,147,1.1496598639455782,0.03657315805469899,641,"Yup, they gave me a PENTHOUSE so they could build their factories."
1913,8282,3,16,128,147,1.1496598639455782,0.03392963262198528,641,"Urbanization isn't so bad after all.


submitted by Fred Kanter
Greenbrae, Ca
fkanter@financialguide.com"
2662,8282,7,8,132,147,1.1496598639455782,0.03903808154001807,641,Hullo…hullo…is that Little Bo Peep…?
6257,8282,4,14,129,147,1.1496598639455782,0.03527616659982261,641,"-Hello 911. Can you help me round 18 sheeps?
-Sure. 20!"
7368,8286,1,21,132,154,1.1493506493506493,0.030252968943722126,641,Turns out I’m in an un-co-op.”
8498,8286,2,19,133,154,1.1493506493506493,0.03162474612915382,641,The millennials now insist that they Netflix and chill.
6972,8286,3,17,134,154,1.1493506493506493,0.03293944452411188,641,They did tell me the Border Collie was from Brooklyn!
1332,8286,7,9,138,154,1.1493506493506493,0.037743035872217556,641,I heard they were showing the latest collection of Crooks on Fox News!
5013,8286,3,17,134,154,1.1493506493506493,0.03293944452411188,641,I can only share my account with four sheeple?
2230,8286,4,15,135,154,1.1493506493506493,0.034203646638635746,641,"I bought all these sheep to count, and I still can't fall asleep!"
5015,8286,6,11,137,154,1.1493506493506493,0.03660128848862956,641,Have you thought of the using the location services feature on your phone?
5094,8293,7,13,161,181,1.149171270718232,0.03368706222217157,641,"The sheep watch themselves, but the TV..."
2191,8294,3,18,140,161,1.1490683229813665,0.03202675042154518,641,Being a sheaperd in the city is not as bad as you might think.
2640,8294,2,20,139,161,1.1490683229813665,0.030790793932783694,641,Oh I am hanging out with gang just waiting for Peter and the Wolf to come on
3748,8294,5,14,142,161,1.1490683229813665,0.034365567733845664,641,Ever since the accident I’ve been in total flock
6162,8294,5,14,142,161,1.1490683229813665,0.034365567733845664,641,...love thee? Let me count the ewes.
6412,8294,3,18,140,161,1.1490683229813665,0.03202675042154518,641,"Yes, it's warm, but not quite as white as snow."
7607,8294,4,16,141,161,1.1490683229813665,0.03321675020402717,641,I'm feeling shleepy.
1047,8300,1,19,121,141,1.148936170212766,0.031728601853199596,641,They are not allowed to ask questions.
4022,8300,0,21,120,141,1.148936170212766,0.030089650263257342,641,There must be something wrong with their GPS
4508,8300,2,17,122,141,1.148936170212766,0.033286953873140436,641,"No, no no. I said I'm in MUTTON, not Manhattan. MUTTON."
7402,8300,5,18,165,188,1.148936170212766,0.031020579401425084,641,"Yeah, didn't work!  Ended up counting all the legs while listening to ""Aura."""
8423,8300,1,19,121,141,1.148936170212766,0.031728601853199596,641,I guess i’m  supposed  to wait for night time before counting sheep
3746,8305,5,15,148,168,1.1488095238095237,0.03339018635246278,641,"yes, hay, and  for God’s sake no mutton"
3158,8306,3,16,129,148,1.1486486486486487,0.03371476678875093,641,"I’m actually ticking a few boxes, as it were, mentoring, animal welfare, oh and air B and B...."
4262,8306,2,18,128,148,1.1486486486486487,0.03232269846814508,641,He decided not to sleep and went to Macy's.
4606,8306,4,14,130,148,1.1486486486486487,0.03505159287360701,641,"'gotta admit, this is a truly annoying ""alternate sentence""."
4907,8306,3,16,129,148,1.1486486486486487,0.03371476678875093,641,"Yes, I'd like to order one large farm with extra farm please.
-Dairy farm. No no no, pig! And poultry on half."
6190,8306,4,14,130,148,1.1486486486486487,0.03505159287360701,641,Am ready to run for President!
6498,8306,4,14,130,148,1.1486486486486487,0.03505159287360701,641,Hello ‘Room Service ‘. Could you please send up a wool robe?
6512,8306,4,14,130,148,1.1486486486486487,0.03505159287360701,641,I thought 'no sheep' was metaphorical.
7080,8306,2,18,128,148,1.1486486486486487,0.03232269846814508,641,"I am trying to watch TV, not sleep."
7644,8306,2,18,128,148,1.1486486486486487,0.03232269846814508,641,Little Bo Peep” is just my cyberself
1924,8315,1,24,150,175,1.1485714285714286,0.028154594836637247,641,These sheep are  a scam!
4468,8315,3,20,152,175,1.1485714285714286,0.030398093696789284,641,"I keep the sound off, I heard enough."
6389,8315,3,20,152,175,1.1485714285714286,0.030398093696789284,641,Disengage that GPS.  It’s my day off!
7025,8315,1,24,150,175,1.1485714285714286,0.028154594836637247,641,Little Bo just left with some goats. She will be back for you.
7414,8319,1,21,133,155,1.1483870967741936,0.030072595292185974,641,"22 sheep for the price of 21? Well, in that case..."
6142,8319,1,21,133,155,1.1483870967741936,0.030072595292185974,641,"The black coat is making them patronize me, Ma."
8126,8319,5,13,137,155,1.1483870967741936,0.0352066713827522,641,I've rounded them up but we have to get them home. Get me Roger Stone.
2860,8319,2,19,134,155,1.1483870967741936,0.03143482413135121,641,The audience for these T V commercials is dumbfounded!
6105,8319,2,19,134,155,1.1483870967741936,0.03143482413135121,641,I'm watching the flock but the cable is out.
6734,8324,3,18,141,162,1.1481481481481481,0.03184173902300353,641,Do you serve lamb from your Kids Menu?
5204,8324,6,12,144,162,1.1481481481481481,0.0352695343365013,641,Im just chillin'
5083,8324,3,14,118,135,1.1481481481481481,0.03568568411412393,641,Counting them did work.  And with all the bleating I don't know how you expected me to sleep a wink.
3387,8324,3,18,141,162,1.1481481481481481,0.03184173902300353,641,"what, no pudding?"
3599,8324,1,22,139,162,1.1481481481481481,0.029334857623755633,641,The new season line-up is not so baaaad.
1937,8324,2,16,117,135,1.1481481481481481,0.03410146230265637,641,Come flock on over.
1883,8324,1,22,139,162,1.1481481481481481,0.029334857623755633,641,She moved to the city for the dating scene but keeps getting flock-blocked
1561,8324,4,16,142,162,1.1481481481481481,0.03302389407853943,641,"Yo, can I get one large ‘roni and fourteen with Alfalfa?"
637,8324,5,14,143,162,1.1481481481481481,0.034165169635348186,641,"Yes, this is ""Follows Like a Sheep"" escorts."
2625,8324,2,20,140,162,1.1481481481481481,0.030613969162908948,641,"Sorry to cancel, I’m just too tired. Yes, they’re all accounted for."
6542,8334,3,15,124,142,1.147887323943662,0.03454570253648118,641,This is life now: Overherd in New York.
3255,8334,2,17,123,142,1.147887323943662,0.03306834502771489,641,Recommended Video: How to drive sheep in modern times
3691,8334,4,13,125,142,1.147887323943662,0.035962420449770736,641,"Yeah, they finally came home, but wool always makes me so itchy. By the way, do you know where I can buy mint jelly in bulk?"
5070,8334,3,15,124,142,1.147887323943662,0.03454570253648118,641,"If you paid $20 more, you’d get unlimited RAM. No more lamb lime for me."
7532,8334,4,13,125,142,1.147887323943662,0.035962420449770736,641,"...yes, the crock is great, but do you do free returns on the sheep?"
3723,8339,6,14,156,176,1.1477272727272727,0.03330257337132225,641,Count your blessings instead of sheep
1225,8340,0,22,127,149,1.1476510067114094,0.029160574426241266,641,"I'll tell you, sheep, It's not like we're trying to pull the wool over anyone's eyes, but we truly need to keep this a secret."
1885,8340,3,16,130,149,1.1476510067114094,0.033502585953474856,641,Yeah I am watching the news! I am soo tired of these ‘Climate Change Deniers’ trying to tell me that industrialized society is not destroying traditional livilhoods!
3345,8340,5,12,132,149,1.1476510067114094,0.03610834680104283,641,Striking oil is what really made a difference.
7737,8343,0,24,139,163,1.147239263803681,0.02783991527833965,641,I'd like to order three dozen corn stack burgers!
6517,8343,4,16,143,163,1.147239263803681,0.03283325038525506,641,Netflix-and-chilling is really just flocking.
5238,8343,2,20,141,163,1.147239263803681,0.030439145960144652,641,They just couldn't stand it back in Manhattan
6302,8343,4,16,143,163,1.147239263803681,0.03283325038525506,641,In this world there are only 2 types of people: sheep and shepherds. I personally choose neither.
4006,8343,4,16,143,163,1.147239263803681,0.03283325038525506,641,Off Duty
3448,8343,3,18,142,163,1.147239263803681,0.03165883713628662,641,At least one of them should win the H-1B lottery.
910,8343,3,18,142,163,1.147239263803681,0.03165883713628662,641,""" City slicker grazing is clearly going to be a bit of a challenge..."""
5055,8343,4,16,143,163,1.147239263803681,0.03283325038525506,641,I can't believe this - a television reporter is calling Amazon customers sheep - because they buy whatever Amazon tells them to.
1927,8351,4,17,149,170,1.1470588235294117,0.03194775223186217,641,You up for an evening of Netflix and shear?
2282,8351,4,17,149,170,1.1470588235294117,0.03194775223186217,641,"YAH, MARY, HE’S HERE. HE SAID HE NEEDED A BREAK."
2424,8351,3,19,148,170,1.1470588235294117,0.030839021197083684,641,"No thanks, we just ate."
3702,8351,3,14,119,136,1.1470588235294117,0.03543906329862996,641,"Sir, can you tell me how many guest are staying with you without you falling asleep?"
7728,8355,1,24,152,177,1.1468926553672316,0.027860716702856746,641,Are you sure you saw her with Henry ?!
6145,8356,1,19,123,143,1.1468531468531469,0.03131769446509556,641,I just wanted to be alone with my cane.
1788,8356,5,11,127,143,1.1468531468531469,0.037077893839418896,641,"After he got Netflix, he just stopped giving a flock!"
4613,8356,1,19,123,143,1.1468531468531469,0.03131769446509556,641,I made the mistake of telling everyone at work about my last Air BnB experience.
3797,8359,4,14,132,150,1.1466666666666667,0.0346108654321977,641,"A lid? No, I need a yard!"
5992,8359,3,16,131,150,1.1466666666666667,0.033293040524300606,641,What do you mean Uber won't hire me?
6748,8359,1,20,129,150,1.1466666666666667,0.030486974761802316,641,"Yes, I found the litter box.."
8178,8359,4,14,132,150,1.1466666666666667,0.0346108654321977,641,Starting tomorrow we'll be at Wework.
8386,8359,4,14,132,150,1.1466666666666667,0.0346108654321977,641,"Yes, you have reached the correct number-- I'm now taking orders for sweaters!

Jeffrey Manly
Toronto, On."
1531,8364,3,11,102,116,1.146551724137931,0.039209410385680904,641,Sit still. You're keeping me awake.
994,8365,2,19,136,157,1.1464968152866242,0.031061684432245454,641,"'My doctor told me to.count sheep if i wanted to go to sleep '


E"
841,8365,4,15,138,157,1.1464968152866242,0.03358789773749786,641,I’m in Little Bo Peep’s room now but I don’t see any sign of her…
3486,8365,4,15,138,157,1.1464968152866242,0.03358789773749786,641,Oh sheep. Are you seeing this? They're saying wool is going out of style.
6554,8365,3,17,137,157,1.1464968152866242,0.03234945991970355,641,"Yes, this is the vegan restaurant? What´s your best offer on grass?"
8202,8365,2,19,136,157,1.1464968152866242,0.031061684432245454,641,What's warmer than wool?
3188,8370,4,16,144,164,1.146341463414634,0.03264478155246928,641,"Okay Doc, I’ve counted twelve sheep! How in the world is this supposed to help me sleep?!"
3242,8370,5,14,145,164,1.146341463414634,0.03377126680620192,641,"Little BoPeep , 
I've found your sheep, wagging their tails behind them
but I don't know how to send them."
1015,8370,4,16,144,164,1.146341463414634,0.03264478155246928,641,"Like la.. er, something to the slaughter you say."
1865,8370,3,18,143,164,1.146341463414634,0.03147800920517692,641,Gotta run; that's my Little Bo Beep.
7363,8374,5,15,151,171,1.1461988304093567,0.03283687530452487,641,Can I install a GPS right now!
4399,8374,4,17,150,171,1.1461988304093567,0.031772014889844685,641,You took the word right out of my mouth.
4363,8376,4,18,156,178,1.146067415730337,0.030961571407962782,641,"They follow me home all right, but have something else in mind."
5910,8377,2,16,119,137,1.145985401459854,0.033636327559783415,641,I’ve got to go now; Dolly23 is about to soil the sofa.
6315,8377,1,18,118,137,1.145985401459854,0.03200094256038828,641,I've got them watching Seinfeld; I'm not taking any more crap from the Shepherd's union.
6981,8377,1,18,118,137,1.145985401459854,0.03200094256038828,641,just call me bo baaaaa peep
145,8380,2,17,125,144,1.1458333333333333,0.032639560491693344,641,It turns out there's actually something to this manifestation thing.
7800,8380,1,19,124,144,1.1458333333333333,0.03111616640856987,641,So you're telling me the guy has 56 million followers
1397,8382,1,20,130,151,1.1456953642384107,0.030299973398275483,641,I know I'm the Peep and I shouldn't be surrounded by sheep but they are watching something on TV about meat.
1819,8382,2,18,131,151,1.1456953642384107,0.03172362855486039,641,I come home to take a nap and my nappies follow me.
5749,8382,3,16,132,151,1.1456953642384107,0.03308608211071999,641,The realtor told me the apartment came with grazing pastures.
6119,8382,1,20,130,151,1.1456953642384107,0.030299973398275483,641,What are all these sheep doing here?
1372,8386,2,19,137,158,1.1455696202531647,0.030878389120956445,641,"911...Please rescue me. Ewe, ewe, ewe.. I'm surrounded by Ewes!"
5835,8386,2,19,137,158,1.1455696202531647,0.030878389120956445,641,"Yeah, I know nylon doesn't shrink, but ..."
3774,8386,2,19,137,158,1.1455696202531647,0.030878389120956445,641,"Bah, bah, bah, bah. Ok, I’m coming."
2897,8389,4,16,145,165,1.1454545454545455,0.03245845084686085,641,"1800 - Counting Sheeps R Us"""
6961,8389,3,18,144,165,1.1454545454545455,0.03129922045947296,641,What's the problem with herding my flock of disciples in this apartment?
3625,8389,4,16,145,165,1.1454545454545455,0.03245845084686085,641,Counting this many sheep doesn’t help!
8453,8392,5,15,152,172,1.1453488372093024,0.03265646883562947,641,The new problem is I can
3815,8393,2,15,114,131,1.1450381679389312,0.034478136765301426,641,There they go talking about us sheeple again...
8043,8393,2,15,114,131,1.1450381679389312,0.034478136765301426,641,"You bow, I’ll peep"
4003,8395,2,16,120,138,1.144927536231884,0.03340844911708536,641,Is the grass yet begin to grow?
8241,8395,0,20,118,138,1.144927536231884,0.03007576145029233,641,I am waiting til dark to lamb it out of here.
2516,8397,4,13,128,145,1.1448275862068966,0.035259452069374635,641,"Yeah, the urban base has shrunk pretty much everywhere."
4444,8397,2,17,126,145,1.1448275862068966,0.03242927811417444,641,"Well, you know.  A busman's holiday."
7923,8397,2,17,126,145,1.1448275862068966,0.03242927811417444,641,"It's a relentless, repetitive process.  But Fox News is on 24/7,
And by golly they are learning to fear Nature."
5998,8400,2,19,138,159,1.1446540880503144,0.030697226564726208,641,"Mom, I said Johhny's into ""ships and stuff""."
943,8401,5,15,153,173,1.1445086705202312,0.032478023237975946,641,I'd like to add you to my LinkedIn network
5338,8401,2,21,150,173,1.1445086705202312,0.029209279143269505,641,"Do you mind moving over, we can't see over here"
2779,8403,4,11,117,132,1.143939393939394,0.03746009636911411,641,I said I'm calling about the ewe tube not the boob tube.
1299,8403,5,9,118,132,1.143939393939394,0.03897331447269078,641,Netflix and Bleat
5153,8405,3,14,122,139,1.143884892086331,0.03471911071516239,641,What am I going to with myself? I don't want to turn into a sheep.
5594,8406,1,19,126,146,1.143835616438356,0.030720717711077768,641,heard that
4669,8406,3,15,128,146,1.143835616438356,0.03365574422387431,641,"Hi, Abigail, want to come over and flock around?"
4647,8406,0,21,125,146,1.143835616438356,0.02914256655468366,641,"If he asks where I am, tell him that I'm out looking for my lost sheep."
4411,8406,2,17,127,146,1.143835616438356,0.03222166674728805,641,I know I said “jolly jumbuck”  but this is ridiculous.
195,8406,1,19,126,146,1.143835616438356,0.030720717711077768,641,"They begged me to let them see the ""Baa-Baa Black Sheep Show""."
1320,8406,1,19,126,146,1.143835616438356,0.030720717711077768,641,The cost of wool has just gone up another three percent.
4085,8406,3,15,128,146,1.143835616438356,0.03365574422387431,641,See guys - I told you those union dues would off!
352,8413,3,16,134,153,1.1437908496732025,0.0326797385620915,641,"1,000 Sq ft. my ""SHEEP"" !  No way this apartment is more than 800."
3202,8413,1,20,132,153,1.1437908496732025,0.029932702659059077,641,"I’m calling for an RMA. I ordered a cane, not a Shepherd’s crook."
8182,8413,3,16,134,153,1.1437908496732025,0.0326797385620915,641,"Hi, I'd like to book an UberSHEAR for 12"
7916,8416,4,15,141,160,1.14375,0.03299379944605944,641,An order of a dozen organic green salads for mm bleating flock.
4439,8416,3,17,140,160,1.14375,0.03178009518056128,641,watching his urban flock by night
456,8416,1,21,138,160,1.14375,0.029201742161778954,641,"The goats, donkeys and horses choose not to come, so I don't know what the problem is . . . . .the lunch will occur as usual."
7456,8416,2,19,139,160,1.14375,0.03051816012613271,641,"Me and my flock got laid off last week, so I thought we would check out that service, Airbnb, and visit that place everyone calls, ""The Big Apple."""
6422,8420,4,14,136,154,1.1428571428571428,0.033761662864048594,641,"Let me tell ya, my roommates are really sheep."
7142,8420,2,15,116,133,1.1428571428571428,0.03399244207014454,641,It's an airbnb with wifi.
7415,8420,1,21,139,161,1.1428571428571428,0.02903353016775216,641,"No, we're not permitted to enter Sheep Meadow!"
2691,8420,4,16,148,168,1.1428571428571428,0.03191193225776932,641,I decided to be a sheep herder to help with insomnia!
7903,8420,4,16,148,168,1.1428571428571428,0.03191193225776932,641,Chez Peep - Manhattan
8091,8420,2,18,134,154,1.1428571428571428,0.031146187627034697,641,"Hello, you sent the wrong parcel to me"
6254,8420,2,18,134,154,1.1428571428571428,0.031146187627034697,641,This happens to me every year on March 31st.
8308,8420,4,12,124,140,1.1428571428571428,0.03594478546893651,641,"Hey, man, you're gonna have to speak up. I've got bad re-sheep-tion here."
7683,8420,4,16,148,168,1.1428571428571428,0.03191193225776932,641,"Yes, I stood right in the middle of Broadway and not one damn lamb layer down"
4932,8420,1,21,139,161,1.1428571428571428,0.02903353016775216,641,It’s a 2 month wait to count them while going to bed
1257,8420,4,15,142,161,1.1428571428571428,0.03280038305660713,641,I don't feel at all sheepish about moving my flock to the city.
2718,8420,2,13,104,119,1.1428571428571428,0.036367058218592214,641,"Yes I herded them all into the penthouse, and in just one elevator trip!"
1306,8420,3,15,129,147,1.1428571428571428,0.03344032777032302,641,"Trust me Ted, my mom is a virgin"
4115,8420,2,17,128,147,1.1428571428571428,0.032016676299564326,641,"No, I haven't seen the  turkey. Now please let me start counting while this tryptophan kicks in."
794,8420,3,17,141,161,1.1428571428571428,0.031594704890335105,641,Baa!
677,8420,3,16,135,154,1.1428571428571428,0.03248026233764228,641,"Reservation for 129, please."
341,8420,4,16,148,168,1.1428571428571428,0.03191193225776932,641,"We're so disappointed, my flock and I haves been so looking forward to the new series; Great Sheeps of History and now your service is down."
120,8420,2,16,122,140,1.1428571428571428,0.032961762036794295,641,Counting sheep cuts down my bingeing tendencies.
4385,8438,4,17,155,176,1.1420454545454546,0.030921383155440706,641,"Front desk?  This is Farmer MacDonald. I said
“Executive” NOT
“ExecEWEtive.”"
4917,8439,3,18,148,169,1.1420118343195267,0.030603788262688166,641,All I want is delivery.
5208,8439,3,18,148,169,1.1420118343195267,0.030603788262688166,641,I'm just not feeling the Sheep Meadow today. Where else?
8948,8439,6,12,151,169,1.1420118343195267,0.03388095321019625,641,"Yeah, hi, I’ve just seen your advertisment. The one on the television, and I’m very interested in your offer."
3730,8442,2,19,141,162,1.1419753086419753,0.030166173149757215,641,I'd come back but the flock wants to finish Ozark first.
6304,8442,3,17,142,162,1.1419753086419753,0.03141145075609624,641,"I like clingly animals,they make me feel needed"
684,8442,3,17,142,162,1.1419753086419753,0.03141145075609624,641,I'm sorry I'm gonna' be  late but I think I made a wrong turn
4011,8445,3,16,136,155,1.1419354838709677,0.03228319088461435,641,"Quiet please, I’m watching Herds of our lives!"
4348,8445,1,20,134,155,1.1419354838709677,0.029574145001499175,641,"My sheepdog Max led us to Trump tower, do you think dogs  
switch parties late in life?"
8685,8445,4,14,137,155,1.1419354838709677,0.033555798221079784,641,Susan's not gonna like this...
8858,8445,4,14,137,155,1.1419354838709677,0.033555798221079784,641,Poor Auntie Bo! She spent hours calling them in.
6712,8449,2,17,129,148,1.1418918918918919,0.03181425790986645,641,"Yah, so I was out on the farm with my herding dog and I just couldn't get them to stop following me and now there here. Can you help?"
8825,8449,4,13,131,148,1.1418918918918919,0.03458329557850104,641,We can’t all be sheep.
7160,8451,2,14,111,127,1.141732283464567,0.03486257672914236,641,"It's ewe and me, kids! Let's not be sheepish. Let's go do it!"
3176,8452,4,16,150,170,1.1411764705882352,0.03155763941024923,641,"Bo Peep again, sorry.  False alarm, they caught wind of a school near by, followed someone there."
7612,8452,1,22,147,170,1.1411764705882352,0.028054298642533945,641,Urban farming can be a cushioned job?
7037,8454,2,19,142,163,1.1411042944785277,0.02999318336741649,641,Bronson speaking...Cousin Larry is also interested in the Manhattan reboot?
8668,8454,5,13,145,163,1.1411042944785277,0.033568022501009216,641,The Serta commercials are so much more immersive in OLED.
6792,8456,1,20,135,156,1.141025641025641,0.029398038383040368,641,"Yeah this is Little Mo Peep, I'm just taking a load off, the stairs are killing me."
7046,8456,2,18,136,156,1.141025641025641,0.03077267695065717,641,"You won't believe this, but I was suddenly awakened to a huge choir singing... Ya! I thought it was angels, but realized that the TV was still on and there was a performance of Handel's Messiah after the game."
6949,8456,3,16,137,156,1.141025641025641,0.03208848130791327,641,Sheep Sheep and no sleep
2615,8456,0,22,134,156,1.141025641025641,0.02795588801723033,641,"It’s me, not ewe, Lula Mae."
5933,8460,4,13,132,149,1.1409395973154361,0.034363606454985714,641,I was just counting sheep now it’s actually happening
7955,8460,3,15,131,149,1.1409395973154361,0.033017612376214166,641,I broke my leg and it's baaaaaad.
2251,8462,3,14,125,142,1.1408450704225352,0.0340276543445365,641,"Honey, R you sure you don't want to be a partner in my Sheep Sitting's Us?"
4668,8462,1,18,123,142,1.1408450704225352,0.03095320691717033,641,Brokeback Mountain?
7361,8462,3,14,125,142,1.1408450704225352,0.0340276543445365,641,I can't believe Jeff invited his boss to the party.
4016,8465,3,13,119,135,1.1407407407407408,0.03513059102800735,641,"Hi Bob, I'm rounding up consumers of the New Yorker, NY Times, NPR and MSNBC for a political gab fest. You want to come, or are you a racist, sexist, Islamophobic, homophobic, greedy, bible thumping, science denying, knuckle dragging gun nut?"
240,8466,3,12,113,128,1.140625,0.03634097158237767,641,...because it thought it would help me sleep.
6286,8466,3,12,113,128,1.140625,0.03634097158237767,641,Insomnia Hotline? I'm not getting tired of counting.
7753,8468,2,22,161,185,1.1405405405405404,0.02782032009032079,641,Getting this new phone was as easy as herding sheep!
321,8469,5,15,158,178,1.1404494382022472,0.031614125498378526,641,"DIY help desk: Okay we're at the highest elevation, now what?"
316,8470,4,15,145,164,1.1402439024390243,0.03223343138117256,641,"Hi Bo, this is your city bro Mo.  Has a stranger shown up at your place wagging his black tail behind him?  Great news! Please FedEx my wandering boy back home, and also say hello to all the other Peeps for me."
4625,8470,3,17,144,164,1.1402439024390243,0.031051206087969012,641,"The Netflix subscription was a great idea. Now, let’s find the keys..."
7700,8470,1,21,142,164,1.1402439024390243,0.028540217261665182,641,They're cool with it---I just ordered 2 bushels of grass from Seamless.
8789,8473,3,16,138,157,1.1401273885350318,0.03189609171731463,641,"Hello, is this animal control? Yes, I’d like to report a sheepish herd in my living room."
8603,8473,5,12,140,157,1.1401273885350318,0.03436101426756145,641,I'm only a precinct captain. Don't blame me for the midterms.
3755,8473,4,14,139,157,1.1401273885350318,0.033151470316826886,641,"Darling, maybe thi role playing thing is getting to far"""
2480,8473,2,18,137,157,1.1401273885350318,0.030589235843859194,641,There's never anything good on.
4293,8477,4,13,133,150,1.14,0.03414667664249436,641,When does she get back to the office?_or_Is this 'Lost and Found' ?
6098,8477,1,19,130,150,1.14,0.0299589577570406,641,How does this counting sheep work for insomnia?
6201,8477,0,21,129,150,1.14,0.028426285217649665,641,you won't believe this! I was counting sheep and.......
6770,8480,1,18,124,143,1.1398601398601398,0.030751765679806843,641,I should have invited a stronger team over to preview my leadership speech.
8706,8480,3,14,126,143,1.1398601398601398,0.03380321293760131,641,He shepherds his flocks in the ways of utility and comfort.
4825,8482,4,18,164,186,1.1397849462365592,0.029706298151972937,641,We're watching and ready to bleat like crazy.
7508,8483,2,15,119,136,1.1397058823529411,0.03328884959515664,641,"Sparky, I’m too comfortable to move, so as soon as I tap speaker phone, get these smelly beasts to the elevator and meet them in the basement."
2911,8484,0,25,154,179,1.1396648044692737,0.025981686166946814,641,"No, I can't count them here."
7167,8485,1,22,149,172,1.1395348837209303,0.027751276976325435,641,"Yes, we are organic, drug free, and we clean up side effects."
8007,8485,1,16,112,129,1.1395348837209303,0.03254429384447029,641,"Yeah, my 10 o'clock canceled...she decided to go with that damned Count-to-Sheep app"
4885,8487,3,16,139,158,1.139240506329114,0.031705981198536855,641,"I'm resting before we shear the sheep."""
4268,8487,2,18,138,158,1.139240506329114,0.030407952720933468,641,"No, Alexa, I said BoPeep, not Bro Bieber!"
7396,8487,3,16,139,158,1.139240506329114,0.031705981198536855,641,Ewe-eeee
476,8487,1,20,137,158,1.139240506329114,0.029051986740928366,641,We're counting the minutes here to the cabs.
1484,8487,2,18,138,158,1.139240506329114,0.030407952720933468,641,You suggested that we could have sex if if I brought “ sheep’s in condo” that’s what you said.
1902,8487,5,12,141,158,1.139240506329114,0.034154363614754525,641,help  -where am I -  bopeep led me astray
4028,8493,2,17,132,151,1.1390728476821192,0.031221964164657206,641,"Is this the FCC? My friends and I have a correction, we are a democracy not a dictatorship."
3175,8493,5,11,135,151,1.1390728476821192,0.03520954002185764,641,Maaaaa! I'm home!
4070,8493,3,15,133,151,1.1390728476821192,0.032605387086334224,641,"I've been counting sheep and still can't get to sleep.
Peter Kahn
Bethesda, MD"
8941,8493,4,13,134,151,1.1390728476821192,0.0339324547859456,641,Have you herd the fake news?
1637,8493,2,17,132,151,1.1390728476821192,0.031221964164657206,641,Is 5 minutes peace too much to ask?
286,8493,3,15,133,151,1.1390728476821192,0.032605387086334224,641,''These Shepherd's Pie recipes would make Ewe laugh.''
168,8493,2,17,132,151,1.1390728476821192,0.031221964164657206,641,There is a guy sitting on a couch watching tv and there are sheep in the room.
971,8493,1,19,131,151,1.1390728476821192,0.029774331655783425,641,"We have Hamilton tickets, you need to be in bed early tonight."
1161,8501,3,14,127,144,1.1388888888888888,0.033581695823721606,641,I'm watching Sesame St. again to learn how to count sheep!
4393,8502,2,20,151,173,1.138728323699422,0.028793991942987582,641,Would you please come over to help Shepard me though a herd of trouble in my life.
1719,8503,3,13,121,137,1.1386861313868613,0.03464610036473885,641,The spring coliction is about to come .
8054,8504,3,17,146,166,1.1385542168674698,0.030699079461962847,641,"They're better behaved than the press! And they follow me! BFF!
FOREVER!"
6238,8504,3,17,146,166,1.1385542168674698,0.030699079461962847,641,As a matter of fact Ms. Bo-Peep...
5626,8504,5,13,148,166,1.1385542168674698,0.03299200175902452,641,"whoops, this is the Yule Log channel. I know there is a meadow channel somewhere."
5191,8504,3,17,146,166,1.1385542168674698,0.030699079461962847,641,"See, it sucks you in every time."
4160,8504,2,19,145,166,1.1385542168674698,0.029485829302974085,641,"The temperature outside is 60 degrees, but they were told it feels like 37, so..."
5986,8509,3,16,140,159,1.1383647798742138,0.03151810978529383,641,Is this a baaaaad joke?
6008,8509,2,18,139,159,1.1383647798742138,0.030228790060765367,641,I don't even own an iphone.
2209,8511,3,15,134,152,1.138157894736842,0.03240308781268186,641,"Can't sleep, I keep losing count.

Marge Roussel
Bronxville, NY"
4412,8511,2,17,133,152,1.138157894736842,0.031029368734405406,641,I am ordering three bales of hay from the skyscraper service...
8832,8511,2,17,133,152,1.138157894736842,0.031029368734405406,641,"So you want to watch ""Keeping Up with the Kardashians""? Well, you're all just a bunch a sheep."
6206,8514,3,14,128,145,1.1379310344827587,0.03336304660620688,641,Bo knows Netflix.
5779,8514,3,14,128,145,1.1379310344827587,0.03336304660620688,641,"I'm actually trying to get rid of sheep."""
1870,8514,1,18,126,145,1.1379310344827587,0.030356580795963806,641,"Yes, the job interview went great.  In fact, I started work this morning, but I'm a bit sheepish about it."
1457,8514,1,18,126,145,1.1379310344827587,0.030356580795963806,641,"What do you mean, I can't phone it in?"
3207,8518,1,21,145,167,1.1377245508982037,0.028063240424909677,641,My Vegan Resucue Squad
5654,8518,2,19,146,167,1.1377245508982037,0.02932047629284022,641,I’ll try to get them to hold it down but they were really counting on watching ‘Shaun the Sheep’.
2333,8520,2,15,121,138,1.1376811594202898,0.03283564079811757,641,I’m not looking forward to the fight over who gets the bed.
1155,8521,1,20,139,160,1.1375,0.028713916377093036,641,The Uber driver really screwed up.
4657,8521,4,14,142,160,1.1375,0.03256283234478329,641,"Yes, two pizzas delivered to Shepherd's Bush, W12 8PH"
5402,8521,5,12,143,160,1.1375,0.03374839851779226,641,I got tired out in the field so I brought the sheep into my house so I con watch tv.
4443,8524,1,23,158,182,1.1373626373626373,0.026746523934672434,641,"I'm telling ya,this guy's a dope .  He keeps asking Siri how to herd sheep.  She keeps telling him and he keeps screwing up."
804,8525,1,19,133,153,1.1372549019607843,0.029411764705882356,641,"The price of wool has skyrocketed, poop remains an issue for the neighbors."
1249,8525,1,19,133,153,1.1372549019607843,0.029411764705882356,641,"Honey, ewes are driving me crazy!"
7291,8525,3,15,135,153,1.1372549019607843,0.03220326888881306,641,"Not much, just binge watching 'The Ovians'"
8022,8525,2,17,134,153,1.1372549019607843,0.03083911826106076,641,I quit!   Pee Ewe
8137,8525,3,15,135,153,1.1372549019607843,0.03220326888881306,641,They haven’t eaten me out of home yet
7675,8530,2,16,128,146,1.1369863013698631,0.031690128440218124,641,I think it's worth trying.
3069,8531,5,13,150,168,1.1369047619047619,0.03261879785692553,641,"Don’t worry guys, that dragon’s not real."
8107,8531,1,21,146,168,1.1369047619047619,0.027907740430069244,641,"Just watching ""The Big Bang Theory,"" why?"
6884,8533,1,17,121,139,1.1366906474820144,0.03097390247691175,641,Little Bo Peep has lost her sleep (but found a nice view).
3728,8533,1,17,121,139,1.1366906474820144,0.03097390247691175,641,I'm calling to confirm that you have an available pastoral dog trained in herding.
2429,8535,3,16,142,161,1.1366459627329193,0.031148928989117607,641,I'm counting sheep before I sleep!
3622,8535,3,16,142,161,1.1366459627329193,0.031148928989117607,641,"Look, Abe, this sheep-counting gig is OK but these clowns need to pay per sheep."
2895,8537,2,17,135,154,1.1363636363636365,0.03065117053233491,641,"Hey, this herding thing is not bad!"
3581,8537,4,13,137,154,1.1363636363636365,0.03330554204107035,641,"Next up, The Capricorns!"
5664,8537,2,17,135,154,1.1363636363636365,0.03065117053233491,641,LIMERICK: I bet you've heard of Little Bo Peep...The girl who thought she'd lost her sheep...Turns out it was Tim...Who would eat all of them...If he didn't receive a fee that was steep.
6760,8537,2,17,135,154,1.1363636363636365,0.03065117053233491,641,"Yeah, I got mutton."
3135,8541,4,18,169,191,1.1361256544502618,0.028971880868822523,641,Ha. I t looks like a sheep sty in here
4787,8542,3,17,149,169,1.136094674556213,0.030185524823830346,641,I'm watching the Accountant ...
1877,8543,4,12,131,147,1.1360544217687074,0.03431974797874357,641,"Susan, you’re going to want to turn the TV on, JFK has been shot."
3676,8544,4,14,144,162,1.1358024691358024,0.03218182761022423,641,I've got wooly but I don't see a Mammouth
3619,8545,4,13,138,155,1.135483870967742,0.03310166305128308,641,Now I'm looking is for the cartoonist!
1055,8546,4,12,132,148,1.135135135135135,0.034099462804354615,641,I thought SVP Chief  Shepherd was a metaphor.
1497,8546,2,16,130,148,1.135135135135135,0.03128763392829657,641,Why aren't you watching President Trump come his hair?
6109,8546,3,14,131,148,1.135135135135135,0.032723763539488075,641,Who would have thought the immortal  gift of 72 houris would be selected with consideration of my mortal proclivities?
6672,8546,4,12,132,148,1.135135135135135,0.034099462804354615,641,You are only eligible for palliative care with your plan. Don’t forget to ship wool every 21 days. We’ll send you a shipping label of course.
2188,8550,3,16,144,163,1.1349693251533743,0.030788247554563643,641,I've been trying a screen-time incentive system.
20,8550,1,20,142,163,1.1349693251533743,0.028221188199706138,641,That's the  carpet hoovered now what....
525,8550,2,18,143,163,1.1349693251533743,0.02953262307080364,641,"Hello, I would like to order a dozen mohair sweaters."
6096,8553,0,19,122,141,1.1347517730496455,0.028858488811739632,641,"Thanksgiving has been fine, but it feels like everyone brought all their baggage home with them."
6820,8553,2,15,124,141,1.1347517730496455,0.03217835641677086,641,"Yes, this is Bob Ewebanks speaking."
7010,8553,2,15,124,141,1.1347517730496455,0.03217835641677086,641,The knitting needles weren’t box with the instructions ...
551,8556,3,15,138,156,1.1346153846153846,0.031618249252890404,641,"Ralph, the ewes are getting peevish. Strata Council said ""no"" to rams."
1016,8557,1,18,130,149,1.1342281879194631,0.029595676304842087,641,"Hey, Doc, I don’t think the cane is working for me."
4482,8557,1,18,130,149,1.1342281879194631,0.029595676304842087,641,t's a lot nicer than being out in the snow.
5931,8559,4,14,146,164,1.1341463414634145,0.03180959344626088,641,"Hey, Bo Peep, your flock is up."
6408,8559,2,18,144,164,1.1341463414634145,0.029363529029085223,641,"Luckily for Veronica, the sheep cared very little for what she chose to watch on Netflix."
3995,8561,3,13,126,142,1.1338028169014085,0.03349109590754035,641,Until now it was a secret that Little Bo Peep had separation anxiety
5295,8562,3,15,139,157,1.1337579617834395,0.03142791201371613,641,Is it happy cud?
7573,8562,3,15,139,157,1.1337579617834395,0.03142791201371613,641,Yeah yeah I herd you last time. I've got it all under control.
4211,8564,3,17,152,172,1.1337209302325582,0.0296887719714489,641,"Of course they're noisy and smelly, but they'll only be here for another month.  My son is a shepherd in the Nativity Play and I'm preparing him for the role."
6450,8565,3,14,133,150,1.1333333333333333,0.032310942684350454,641,I can be at the pastoral ideal by 12:30
6506,8565,4,12,134,150,1.1333333333333333,0.03366723148351161,641,Seamless? You’ve mixed-up my order again.
6259,8565,2,16,132,150,1.1333333333333333,0.030895170472719592,641,Now I remember why I came in here.  I'm looking for my fleece slippers.
8565,8565,2,16,132,150,1.1333333333333333,0.030895170472719592,641,"I'm opening a pop up restaurant in my flat. i've sourced fresh meat and staff, now I just need you to teach me how to cook."
9020,8565,2,14,119,135,1.1333333333333333,0.03291612874006791,641,"Nada, back at the crib--chillin'. Bunch of melodious birds out here singing Madrigals."
8189,8565,4,14,147,165,1.1333333333333333,0.03162667175186198,641,She was warned...she was given an explanation...
5903,8565,1,18,131,150,1.1333333333333333,0.029411326048402325,641,Don't worry. It's just an amber bo-peep.
2255,8565,4,12,134,150,1.1333333333333333,0.03366723148351161,641,It’s “Must Sheep TV” night on the Farm Channel.
3298,8565,4,12,134,150,1.1333333333333333,0.03366723148351161,641,I think he opted for Ambien
79,8565,4,12,134,150,1.1333333333333333,0.03366723148351161,641,"Yes, did is agent Sheepard."
134,8565,2,16,132,150,1.1333333333333333,0.030895170472719592,641,Crying WOLF ...of wall street!
2248,8565,2,18,145,165,1.1333333333333333,0.029196347478498787,641,Who sent me all these sheep; what am I supposed to do? I'm no Sheppard!
4792,8565,3,14,133,150,1.1333333333333333,0.032310942684350454,641,"Losing your hearing?One letter has kept me awake."""
2324,8565,2,18,145,165,1.1333333333333333,0.029196347478498787,641,"Last time I checked, it was shepherd's day off!"
2449,8565,2,18,145,165,1.1333333333333333,0.029196347478498787,641,I heard something like that.
4868,8580,4,15,154,173,1.1329479768786128,0.03064382661841691,641,"Person:Hello i would like to bahhhhh a pizza ""cough"" sorry buy a pizza"
7914,8580,2,19,152,173,1.1329479768786128,0.028365779375300423,641,"Yes, TV shows are herding us much better than that old dog."
1245,8582,1,19,138,158,1.1329113924050633,0.028542535252009008,641,I couldn't sleep so I brought in a bunch of sheep to count last night... Know any other insomniacs to get them out of my hands?
6883,8582,3,15,140,158,1.1329113924050633,0.03123984040898852,641,"Look, if I can't that documentary on pastoral New Zealand, there's going to be a riot here."
8131,8582,1,19,138,158,1.1329113924050633,0.028542535252009008,641,"When I said I wanted to move to the city, I didn't mean this!"
4232,8585,3,13,127,143,1.132867132867133,0.03326922824609011,641,Alexa mixed this order up--I wanted a shepherd's crook  and ended up with flock of sheep.
9028,8585,2,15,126,143,1.132867132867133,0.0317545034892833,641,Who's turn is it to get lunch. You fly I'll buy.
4172,8587,3,11,114,128,1.1328125,0.035720738792360485,641,Actually I'm neither a bull nor a bear
6701,8588,4,14,148,166,1.1325301204819278,0.03144583209182639,641,I'm baaaad at using technology.
700,8589,1,18,132,151,1.1324503311258278,0.02922924038505153,641,We are fine... and how are YOU?
3940,8589,1,18,132,151,1.1324503311258278,0.02922924038505153,641,"Sorry, I’m all baa-acked up here."
7497,8589,3,14,134,151,1.1324503311258278,0.03210839352861228,641,"I love you all, but I feel the next step for you is to stop involving humans."
5149,8589,2,16,133,151,1.1324503311258278,0.03070258481362244,641,"Mary, this Airbnb has white carpeting!"
2969,8593,4,8,109,121,1.1322314049586777,0.03882245516243046,641,"yeah,tell Little Bo Peep that i'm taking over for her today."
593,8594,3,15,141,159,1.1320754716981132,0.031053994476998522,641,"Truth be told, I'm very sheepish, and worry about having the wool pulled over my eyes."
2411,8594,3,15,141,159,1.1320754716981132,0.031053994476998522,641,"Come over
I got the bitches at my place"
2656,8594,4,13,142,159,1.1320754716981132,0.032310401868089825,641,Could we at least audition for Toy  Story 4?
5279,8594,2,17,140,159,1.1320754716981132,0.029744563823956918,641,"Yep, you herd right--free cable!"
6195,8594,5,11,143,159,1.1320754716981132,0.03351974887700489,641,Dylan got his inspiration while in a dream.
7976,8594,3,15,141,159,1.1320754716981132,0.031053994476998522,641,"I passed on Mary's lamb. White fleece, but too little."
8976,8594,1,19,139,159,1.1320754716981132,0.02837477015197548,641,So how do I prevent the herd from sheepishly watching cable TV?
1441,8601,3,13,128,144,1.1319444444444444,0.033050266303568096,641,Does the hotel offer baaaa service?
6417,8601,5,9,130,144,1.1319444444444444,0.035868792800803365,641,"Special Counsel's peep sequestered the sheep
So he would know where to find them.
Reporting on his phone he knew they'd stay home
Where Mueller could mastermind them.
Sally Westmoreland, Atlanta, Ga."
7225,8601,4,11,129,144,1.1319444444444444,0.03448833425756985,641,"Before we continue, please shut down your sheep, wait 30 seconds, and start it up again."
4688,8604,4,9,116,129,1.1317829457364341,0.03712644197803879,641,My hundred sheep found me!
4555,8604,2,13,114,129,1.1317829457364341,0.03370644792815133,641,"Don't worry, I'm only up to my shoulders in sheep when I'm on the couch"
3681,8604,2,13,114,129,1.1317829457364341,0.03370644792815133,641,I have a lot of ruminants for a New York apartment.
2717,8607,3,16,148,167,1.1317365269461077,0.03009124258455089,641,This is Mary Sawyer. (Talking to new type TV that one may use to make telephone calls.) Is this Redstone School?  I need your help.  I have a little lamb problem.
7732,8608,3,14,135,152,1.131578947368421,0.03190835512957805,641,"Little Po Peep
Surrounded by sheep
Called housekeeping."
1617,8608,2,16,134,152,1.131578947368421,0.03051237046403628,641,"Hey ma, remind me, where do you keep the forbs?"
5014,8608,3,14,135,152,1.131578947368421,0.03190835512957805,641,"All my friends are telecommuting today, so I thought I’d do the same."
5583,8608,2,16,134,152,1.131578947368421,0.03051237046403628,641,"House Keeping, please,     
John Curliano, Alameda, C"
5802,8608,3,14,135,152,1.131578947368421,0.03190835512957805,641,I thought you said TV would soothe all the sheep!
7568,8608,2,16,134,152,1.131578947368421,0.03051237046403628,641,"I'm here with the crowd!  No, I'm not going to follow them off the cliff!"
7660,8608,0,20,132,152,1.131578947368421,0.02750868953354996,641,"there’s a bunch, i’m tired of counting... ha... ya... i know i heard it as i said it."
4247,8615,2,14,121,137,1.1313868613138687,0.032462810654466094,641,Room service - just the cookies
4602,8615,3,12,122,137,1.1313868613138687,0.034076036778702606,641,I think her name was Virginia.
8394,8615,0,18,119,137,1.1313868613138687,0.02896808004815244,641,You didn't think I would find an apartment for sheep and the price was amazingly low.
4364,8618,2,17,141,160,1.13125,0.02956959996581565,641,Let’s see what’s on ESPN Ewe.
4480,8618,3,15,142,160,1.13125,0.03087033518346736,641,"Shep Herder here calling from the headquarters   of  ""Wooly Cloud "" where  data storage  is above  the law and no employee will ever speak about it."
3060,8618,3,15,142,160,1.13125,0.03087033518346736,641,Yeah it’s me Zeke reporting from another NYC insomniac site”
3280,8618,1,19,140,160,1.13125,0.028208950528814558,641,I can watch 'em by night but my osteopath says I cannot be seated on the ground.
8286,8622,2,15,128,145,1.1310344827586207,0.03134160506766892,641,"Yes, the Sheep channel is selling lamb chops."
5877,8622,0,19,126,145,1.1310344827586207,0.028119838672931195,641,At this rate I’ll stop counting sheep at night and start counting money!
459,8622,3,13,129,145,1.1310344827586207,0.032834153694449884,641,"It's  nice, but I think the last owner had too many cats."
2945,8622,4,11,130,145,1.1310344827586207,0.03426174381790548,641,Daddy gone get some tonight.
3094,8622,4,11,130,145,1.1310344827586207,0.03426174381790548,641,I’m outta here and I want the full security deposit. The lease doesn’t mention pets.
81,8627,1,15,114,130,1.1307692307692307,0.031629303266113316,641,He is NOT lying! He's telling it like it is. We all feel that way.
2889,8628,3,14,136,153,1.130718954248366,0.031710781364658415,641,"Yeah, business rates really skyrocketed."
562,8629,2,14,122,138,1.1304347826086956,0.03224077498806981,641,Bo...it's me...I've checked in and am ready for ewe to come up to the wedding suite and play...
4963,8630,5,12,152,169,1.1301775147928994,0.0320344798493209,641,"What became of your lamb, Clarice?” 
“Yeah about that..."
6424,8630,5,12,152,169,1.1301775147928994,0.0320344798493209,641,"I know you're disappointed,but I told you,its YouTube."
2853,8632,0,19,127,146,1.13013698630137,0.027940990910990393,641,"Actually, you'd be surprised at how much I've heard."
3690,8633,2,16,136,154,1.12987012987013,0.030138883881871126,641,Send me the green lawn chair.
8610,8633,2,16,136,154,1.12987012987013,0.030138883881871126,641,I knew we should have went for the two bedroom!
3969,8635,5,11,146,162,1.1296296296296295,0.03292700224894654,641,Seems like Foxy Sean and Laura are the only ones who know how to keep 'em straight.
6523,8635,2,17,143,162,1.1296296296296295,0.02922573812237345,641,"At last, there is tranquility! Who is the idiot with the TV set.?"
8483,8637,2,14,123,139,1.129496402877698,0.03202173887237975,641,But housekeeping are saying they are out of sheep covers
7171,8637,1,16,122,139,1.129496402877698,0.030350079832770858,641,"Sheeps4Cheap.com, I want my refund."
1217,8637,2,14,123,139,1.129496402877698,0.03202173887237975,641,"Even better than staying home? Turns out, shepherding is an all cash business."
5973,8637,1,16,122,139,1.129496402877698,0.030350079832770858,641,We haven't gone to Wall St in years.
519,8641,5,9,133,147,1.129251700680272,0.035168178081340006,641,Can ewe hear me now?
7491,8641,1,17,129,147,1.129251700680272,0.029394708862287292,641,"Hey, does this look like the bedroom?"
151,8643,2,16,137,155,1.1290322580645162,0.02995552829928984,641,When you try so hard and you don't fall asleep.
760,8643,2,16,137,155,1.1290322580645162,0.02995552829928984,641,Hello?  Dia Beacon?  This is Joseph Beuys calling.
1277,8643,2,16,137,155,1.1290322580645162,0.02995552829928984,641,"She told me to come visit her in New York, sheepishly."
8319,8643,2,16,137,155,1.1290322580645162,0.02995552829928984,641,Now how do I get to the shearing instructions?
924,8647,3,15,145,163,1.1288343558282208,0.030332100151720505,641,What I thought was Woolmart was actually Walmart! We'll be rounding up and heading home soon!
1703,8647,2,17,144,163,1.1288343558282208,0.029056770941986526,641,"Hey Donald, I've got a great idea for the inevitable nuclear winter."
6885,8647,4,13,146,163,1.1288343558282208,0.031555929104574526,641,The flock is off the block.
7438,8647,2,17,144,163,1.1288343558282208,0.029056770941986526,641,Im Watching Shetland!
6962,8651,3,11,118,132,1.128787878787879,0.034691234183268006,641,Boy am I in a heap o' sheep!
6018,8652,4,11,133,148,1.1283783783783783,0.033599423423682134,641,I should have budgeted more for a headhunter.
4643,8652,4,11,133,148,1.1283783783783783,0.033599423423682134,641,"Y'know, God, I' love to go to your baby shower, but I'm not sure if Southwest takes sheep."
2380,8652,3,13,132,148,1.1283783783783783,0.032202369339019835,641,Yes. 12 shots of wheatgrass and 1 grande ctrl-alt-delete please.
1352,8652,4,11,133,148,1.1283783783783783,0.033599423423682134,641,I thought little Bo Peep was supposed  watch over her sheep
105,8652,3,13,132,148,1.1283783783783783,0.032202369339019835,641,I'm booked till Christmas then its vacation time.
142,8657,3,14,139,156,1.1282051282051282,0.03113240317642026,641,No I  already told you i'm not a fan of wool furniture!
8747,8657,0,20,136,156,1.1282051282051282,0.026853073748135524,641,"Yes, Dear ~ I tried lucid dreaming. . . No, this did not help me fall asleep. But I do believe that you may be onto something."
3812,8659,2,17,145,164,1.1280487804878048,0.028889734755945664,641,"My momma always said “ life is like a wool sweater, EWE never know what your going to get."
343,8660,2,14,125,141,1.127659574468085,0.03159242696788422,641,"I know it would be much more authentic, but Pumpkin Pie is a lot simpler to make."
7523,8660,2,14,125,141,1.127659574468085,0.03159242696788422,641,Beau Peep Delicacies here. Cutlets or chops?
260,8662,2,15,132,149,1.1275167785234899,0.03054702702639284,641,The price of wool just went up again.
3100,8662,3,13,133,149,1.1275167785234899,0.03199711833459975,641,"When are you getting home? The sheep are getting restless! 
Robert Picciotto Auckland, New Zealand"
6230,8662,4,11,134,149,1.1275167785234899,0.03338428227902442,641,You’re fired!
6339,8662,1,17,131,149,1.1275167785234899,0.029024578180982575,641,"Fortunately, it is the season for the yule log channel."
7127,8662,4,11,134,149,1.1275167785234899,0.03338428227902442,641,"Yea, the sheeps are alright, what? no, you don't need to go and check, and by the way you might want to take that overtime."
16,8667,3,14,140,157,1.127388535031847,0.030944248531901856,641,-Green Park Hotel is not exactly what we though...
8876,8668,3,15,147,165,1.1272727272727272,0.029983533746176128,641,A NYC apartment is an easy place to herd.
8601,8668,1,19,145,165,1.1272727272727272,0.02740789367852445,641,"They like watching ""Escape to the Country""."
3003,8668,3,15,147,165,1.1272727272727272,0.029983533746176128,641,"Pull the wool over my eyes, would you? Baaad girls!"
1073,8671,4,14,155,173,1.1271676300578035,0.030235394176146797,641,"Yes, this is Ewan McBain, Artisanal Shepherd . . ."
1492,8672,3,10,113,126,1.126984126984127,0.035606539410311,641,Get! I’m not going to bed yet.
6136,8673,2,13,119,134,1.126865671641791,0.03251622143116169,641,"Hello Little Bo-Peep, I just woke up, so I'm sending the sheep back before the manager comes over and creates a scene."
583,8674,3,12,127,142,1.1267605633802817,0.03293512256587904,641,"Well, to be honest, this isn't my first ""wine and Prime"" adventure...I'm interested to see how this one plays out."
2735,8674,1,16,125,142,1.1267605633802817,0.02974797567390733,641,"Yes, we're all here waiting.  But you're telling me 'Black Sheep Squadron' was cancelled"
3339,8674,2,14,126,142,1.1267605633802817,0.03138203590531418,641,Soho Peep speaking.
916,8677,2,15,133,150,1.1266666666666667,0.03035460325636959,641,"Yes, Netflix? This is Mr. Peep. The sheep are upset about the recent price increase, again."
1869,8677,1,17,132,150,1.1266666666666667,0.02884296240400122,641,Don't tell mommy I brought you here.
4478,8677,3,13,134,150,1.1266666666666667,0.03179445545161261,641,"Karen, please. My son is missing."
6243,8677,2,15,133,150,1.1266666666666667,0.03035460325636959,641,Anyone have an HBO Go account?
4914,8681,3,14,141,158,1.1265822784810127,0.030758343987281694,641,Room Service...can I get some lamb chops?
5303,8681,1,18,139,158,1.1265822784810127,0.028014717822477754,641,Can you send me a sheep?
68,8681,3,14,141,158,1.1265822784810127,0.030758343987281694,641,I'm NOT Kate Moss!
428,8681,2,16,140,158,1.1265822784810127,0.0294185327600902,641,I think they want a sheep yoga class.
8545,8685,3,15,148,166,1.1265060240963856,0.02981222326872017,641,For they like sheep have gone astray.
4281,8685,5,11,150,166,1.1265060240963856,0.03216842172814184,641,I’m POTUS and I approve this message.
5810,8687,2,12,113,127,1.125984251968504,0.03352424888977445,641,"No, I’m in town for the FLOCKchain technology conference."
3952,8688,2,13,120,135,1.125925925925926,0.03228814032252351,641,This is my way of sitting under a vine and a fig tree.
4562,8688,3,11,121,135,1.125925925925926,0.03395706590682581,641,"Tough city to find night shift work in, isn't it?"
2147,8690,1,16,126,143,1.1258741258741258,0.02955251285704733,641,"Bob, hello, hello, Bob, I got the 13 sheep, hello, hello, Bob, you there? Oh, Bob, now you want me to place these, hello? hello? You want me to place these, hello? right side up, in the printer?"
2233,8690,2,14,127,143,1.1258741258741258,0.031174413745978975,641,"No, don't hang up: I can't sheep."
4381,8692,1,17,133,151,1.1258278145695364,0.02866359000111159,641,I thought they would  enjoy the news on the tv
4768,8692,2,15,134,151,1.1258278145695364,0.030164575457022034,641,"Well honey last night I counted sheep to get to sleep and I wake up this morning,wala a room full of sheep."""
7807,8692,3,13,135,151,1.1258278145695364,0.031594332296361764,641,"So,you want to know what I am most thankful for this Thanksgiving?"
4318,8695,2,16,141,159,1.1257861635220126,0.029243763512670377,641,"Room service open yet? Mary here, up all night in the Penthouse.  Yes, yes, EVERYWHERE I go...counting only made the one many—-all with fleece as white as snow!....then tried Carpool Karaoke.....so warm milk is next....."
2982,8696,4,13,150,167,1.125748502994012,0.03083574914501996,641,"I thought you said it was on a pasture, not Pasteur Blvd."
6753,8696,0,21,146,167,1.125748502994012,0.02573448965423089,641,"Listen, I could see in their eyes."
4594,8698,3,16,156,175,1.1257142857142857,0.028787361367881254,641,Transhumance helpline? Which way to the nearest pasture?
5220,8699,2,14,128,144,1.125,0.030969506520290797,641,"Ba-ba is underground, he'll be here any minute."
7135,8699,1,18,141,160,1.125,0.027685906775149413,641,Connect me to Animal Control Please
5079,8699,3,14,143,160,1.125,0.030393126498680256,641,"Hello?""
""Bobeep...Bobeep...Bobeep..."
7757,8699,3,10,115,128,1.125,0.03507584582914461,641,I wanted “Meet the Flockers.” Good thing the “Assassins” weren’t on demand.
4911,8699,4,10,130,144,1.125,0.0339611620584533,641,"Yeah just read Little Bo Pep Mistakes Were Made, modeling chapter Make Them Follow You Every Where."
6193,8699,3,12,129,144,1.125,0.032499775864387605,641,"I can't tell if they're lambs or sheep, or if I'm awake or dreaming, and you say you're the oil salesman I was with earlier."
2602,8699,3,13,136,152,1.125,0.0313967016669968,641,Things are great now that the whole Goliath tobackle is over.
558,8699,0,20,140,160,1.125,0.026227715908195403,641,"Sorry, Friday is my eWes At Home day."
604,8699,0,19,133,152,1.125,0.026913523521537846,641,"Ya man, they're showing David v. Goliath for 240 Shekels on pay per view tonight."
2636,8699,3,14,143,160,1.125,0.030393126498680256,641,I can only save one sheep at a time but with all the booing from the neighbors and baa-ing... I’m going to lose my apartment!
1973,8699,2,17,149,168,1.125,0.028240257056547893,641,"Never ending counting sheep, never get no sleep"
7561,8710,1,19,149,169,1.1242603550295858,0.026798858220628923,641,I'm suffering from baa-dom!
5386,8711,4,12,145,161,1.124223602484472,0.031472362882380714,641,"Bo, your sheep are here at home."
7187,8711,3,14,144,161,1.124223602484472,0.030213736509201575,641,"Tonight I'll just stay in and watch ""Veep,"" and then ""The Deep,"" and also maybe  ""Leap!"""
37,8713,2,15,136,153,1.1241830065359477,0.029791532075021988,641,"I don't want to move out of the city. Plus, with this way, I won't have to herd them anywhere."
1255,8713,2,15,136,153,1.1241830065359477,0.029791532075021988,641,I'm staying at an Airbnb in Fresh Meadow.  Looking forward to a good night's sheep
7577,8713,1,17,135,153,1.1241830065359477,0.028311412387437684,641,"Don't look at me, Spot is supposed to be telling you where to go"
2477,8716,3,12,130,145,1.1241379310344828,0.03228637219583481,641,"Hello sir, only $9.99 per pet sheep"
4546,8716,4,10,131,145,1.1241379310344828,0.03373714970445787,641,"I don't know what to do, they've been with my agency since they auditioned for Woody Allen's ""Everything You Always Wanted to Know About Sex, But Were Afraid to Ask."
868,8718,2,13,122,137,1.1240875912408759,0.0318413970781568,641,God thing i don't have a wool allergy
5808,8719,3,15,152,170,1.1235294117647059,0.029146032425679487,641,We're going clubbing after work.
767,8720,1,17,136,154,1.1233766233766234,0.028138528138528147,641,You say Baa; I say Boo; let's settle on Bah Humbug!
8532,8720,3,13,138,154,1.1233766233766234,0.031008734921792097,641,"So you're saying I invited all of my friends, and Charley Horse is the only one that lives in this episode???"
8372,8722,4,10,132,146,1.1232876712328768,0.03351606325154182,641,The sheep are all here but where's Snowy?
1572,8722,0,18,128,146,1.1232876712328768,0.02730262351355835,641,"Without tradition, art is a flock of sheep woithout a shepherd. Without innovation, it is a corpse."
4000,8724,1,15,122,138,1.1231884057971016,0.029903222990790203,641,Switch to my cell provider. They have bahhhhs everywhere.
204,8724,2,13,123,138,1.1231884057971016,0.03162260691394559,641,My family are a bunch of sheeple.
5325,8726,0,22,157,179,1.1229050279329609,0.024609236189946624,641,Wanna comme Netflocks and chill?
5588,8727,3,15,153,171,1.1228070175438596,0.028984090289439775,641,There's always a little noise at a flock party.
556,8728,4,12,147,163,1.1226993865030674,0.03110357067907248,641,Bo-Peep?  Shoppin’ wid the girls. Grab da boys and dis time don’t forget the Woolite.
5292,8728,2,16,145,163,1.1226993865030674,0.028564862767221484,641,I'm the black sheep being evicted again.
5702,8728,2,16,145,163,1.1226993865030674,0.028564862767221484,641,"Hi, Is No Prep there?"
2053,8731,1,17,137,155,1.1225806451612903,0.027967729130634996,641,"I can’t shear you, ahem, I mean, hear you."
1631,8732,2,14,131,147,1.1224489795918366,0.030370555240784372,641,Maahs at the Baah.
4402,8732,1,16,130,147,1.1224489795918366,0.02879553204089103,641,When I purchased the green carpet I didnt expect this
5733,8732,2,14,131,147,1.1224489795918366,0.030370555240784372,641,"Tell Bo I found ‘em… Yep, the movie again, but it's over now… nah, let’s use up the rest ‘o the lima beans; they won’t know the difference…"
6454,8732,2,14,131,147,1.1224489795918366,0.030370555240784372,641,"You’d better hurry, Bo, the ba-a-a-chlorette finale is about to start!"
4266,8736,2,13,124,139,1.1223021582733812,0.031406788564184086,641,"Achtung! If you vanted zhat, you should have ordered a German Shepherd DOG."
8011,8737,2,17,153,172,1.122093023255814,0.027619186788164447,641,"I try to reign, the sheep won’t let me."
2763,8738,1,18,145,164,1.1219512195121952,0.027050763631068626,641,"...no dear, i don't think you'd like it, but i'm gonna tough it out."
8437,8739,1,17,138,156,1.1217948717948718,0.02779897814551014,641,It's called transhumance - and it's winter now.
5249,8739,1,17,138,156,1.1217948717948718,0.02779897814551014,641,"Listen, they may be sheepish but I am not.  I will take on any bear that tries to enter."
1430,8741,3,12,133,148,1.1216216216216217,0.03166258584335275,641,I am taking a sick day and watching The Price is Right.
8605,8741,1,16,131,148,1.1216216216216217,0.028612270367330384,641,"The shareholders of Little Bo Peep Industires, Inc. hold CEO Shepherd responsible for the bleak outlook in lamb chop futures."
3212,8743,2,13,125,140,1.1214285714285714,0.031193882221734227,641,"Yes, I just finished the last supper sharing bread and wine with these sheep. What shall I do next, Father?"""
4192,8743,2,13,125,140,1.1214285714285714,0.031193882221734227,641,"I like Bach, too, but I don't know how safe the grazing is around here."
6646,8743,0,17,123,140,1.1214285714285714,0.027703942719869513,641,"They are disgruntled, but I am trying to get them into a bigger fold."
7057,8743,2,13,125,140,1.1214285714285714,0.031193882221734227,641,Mary had a little lamb until the wool of wall street bought her out.
8938,8743,1,15,124,140,1.1214285714285714,0.029500565505505463,641,That's not what I herd - it's more of a low-volume operation these days.
4361,8748,3,15,155,173,1.1213872832369942,0.028665522158869663,641,I need a break from this wooly pre schoolers!
1843,8749,2,16,147,165,1.121212121212121,0.02823703751020032,641,"The only show they seem to like is ""Pit Bulls and Parolees!"""
4324,8749,4,12,149,165,1.121212121212121,0.03074329109524941,641,I see yous on the cable show.
6651,8749,1,18,146,165,1.121212121212121,0.02689647667158412,641,"The landlord says no pets, but..."
6901,8749,1,18,146,165,1.121212121212121,0.02689647667158412,641,"Oh Mary, follow us to the fields.."
6954,8749,6,8,151,165,1.121212121212121,0.03306009085562264,641,They're all gonna get it. I'm gonna be stiff as this cane when the pills kick in.
8462,8749,2,16,147,165,1.121212121212121,0.02823703751020032,641,But I'm in green meadow farms.
1017,8755,2,11,111,124,1.1209677419354838,0.03356738300992959,641,"Sorry, but, we're at the woolly part of the movie right now."
7665,8756,0,18,131,149,1.1208053691275168,0.026788893412256726,641,"No mom, this time, I won't let the social worker take my sheeps away."
5791,8756,1,16,132,149,1.1208053691275168,0.028431312523702748,641,My staff does not stink!
4184,8756,3,12,134,149,1.1208053691275168,0.031459958279611025,641,Role reversal is so much fun...
2363,8759,1,15,125,141,1.1205673758865249,0.029303252004011276,641,I lost the both my dog and the black one somewhere on the way in - where can I find a sitter here in town?
535,8760,5,10,151,166,1.1204819277108433,0.03173822823159595,641,"I bought and raised a dozen sheep so I could walk around New York saying “Hey, I’m flocking here!” I poured my savings into it and it got like 3 laughs. The cyanide should kick in soon. Maybe someday you’ll forgive me for wasting your college tuition"
7549,8761,2,12,119,133,1.1203007518796992,0.03208696385756983,641,"Yes, ma. I’ll get out more. No, ma. I didn’t take my work home with me. Ma! Okay, fine."
1774,8762,4,10,136,150,1.12,0.032659863237109045,641,Okay okay
5010,8762,4,10,136,150,1.12,0.032659863237109045,641,Haven't you herd? Someone broke into the zoo.
5889,8762,3,12,135,150,1.12,0.03125989776140817,641,'I heard its gonna rain in five minutes.'
6009,8762,2,17,156,175,1.12,0.027170930085437216,641,I asked for 15 wool coats not 15 wool coats on an animal!
5879,8766,2,16,149,167,1.1197604790419162,0.027916614488826756,641,"- Is that 911? In my house, there are a lot of ...sheep!
- Oh no! I did"
758,8767,0,19,140,159,1.119496855345912,0.025805670668681408,641,A few more days in the safe house and then Bo Peep should be going down. After I got one ram to accept me they all fell into line like sheep.
669,8768,2,17,157,176,1.1193181818181819,0.02702471102349085,641,I'll be b-a-a-a-ck as soon as I finish up here.
8391,8768,2,17,157,176,1.1193181818181819,0.02702471102349085,641,The Godfather offered me an apartment for the farmhouse and I couldn't refuse
331,8770,1,16,134,151,1.119205298013245,0.02807613791714728,641,Have ewe herd?! Get the flock out of my room!
3363,8770,2,14,135,151,1.119205298013245,0.02960692049324325,641,"I know, I know, whichever show is the highest rated."
5883,8770,0,18,133,151,1.119205298013245,0.026456932921110173,641,"Hey little bo peep, I came up with a fairy tale of  my own, and its called MAN IN APARTMENT BUILDING, ya like it?'"
1357,8773,4,12,152,168,1.119047619047619,0.030218201584154485,641,I’m with the baa-GA crowd and they’re not even looking at the reality-TV guy this time.
5558,8774,2,13,128,143,1.118881118881119,0.030572060616337517,641,I'm sheepish to tell you about my new business.
7197,8774,0,17,126,143,1.118881118881119,0.027159984864685495,641,Sheep! They heard me
1193,8774,0,17,126,143,1.118881118881119,0.027159984864685495,641,"I’m sorry guys, it’s not my fault they canceled Hee Haw"
7933,8774,1,15,127,143,1.118881118881119,0.028916393863853085,641,Hello? Little Bo Peep? I didn't want the sheep to come upstairs!
5693,8778,2,15,143,160,1.11875,0.028555191786913663,641,What good is Netflix if you can't even stream Far From the Madding Crowd?
2475,8778,3,13,144,160,1.11875,0.0299000891334571,641,Where's Little Bo Peep?  I thought she was my best friend.
1523,8780,1,16,135,152,1.118421052631579,0.027901838537781165,641,...c'mon over about 6.30.  I've got some work I need to finish first
2468,8780,1,16,135,152,1.118421052631579,0.027901838537781165,641,What do you mean I'm playing hardball? I'd just like something for mutton.
5399,8780,4,10,138,152,1.118421052631579,0.03224791033556188,641,"No, I didn't tell them the movie was X-rated."
7695,8780,1,16,135,152,1.118421052631579,0.027901838537781165,641,A sheep in shepherd's clothing
1580,8784,1,18,150,169,1.1183431952662721,0.026296433187324237,641,Mary--get here immediately. An invasion of lambs is interrupting my TV viewing.
8185,8784,4,12,153,169,1.1183431952662721,0.030047121871811033,641,I told you to be quiet Baaabs. It's supposed to be the Silence of the Lambs.
7868,8786,3,11,130,144,1.1180555555555556,0.03192923863628674,641,"It was a blunder,I know,but I don't feel sheepish."
44,8787,1,17,143,161,1.1180124223602483,0.02698470061643287,641,Y'all kids are eating me living room!
2994,8788,4,13,161,178,1.1179775280898876,0.029014184255720433,641,The elevator is under repair.
967,8789,2,16,152,170,1.1176470588235294,0.027449322874394756,641,Pretty simple Bob
1791,8789,3,10,123,136,1.1176470588235294,0.0331018490512434,641,"I was using my Tesla Machine, something's got messed up. Apparently, there is a connection between being a sheep in a herd and watching TV in the machine's programming."
8522,8789,1,16,136,153,1.1176470588235294,0.027729677693590093,641,Who dis? New phone...
1331,8792,4,11,147,162,1.117283950617284,0.030818154445759163,641,Does this Craftman staff come with a lifetime warranty?
5658,8793,1,15,129,145,1.1172413793103448,0.02853956096077043,641,"Now that you mention it, my wits and senses are wool gathering."
6427,8794,2,16,153,171,1.1169590643274854,0.02729699988520841,641,Mexican Fiesta - A Week full of  Slow Cooked Mexican Lamb Stew!!
3224,8794,3,14,154,171,1.1169590643274854,0.02852938226350986,641,"Hey Bo-Peep, take your feet off the ottoman!"
5805,8796,1,16,137,154,1.1168831168831168,0.027559616527139685,641,"No they don't like Shaun the Sheep either. I did some research on what they'd want, Fox News tells me I should try CNN."
8192,8796,3,12,139,154,1.1168831168831168,0.030484378602330397,641,...relaxing and watching for my election results...
8820,8796,4,10,140,154,1.1168831168831168,0.03184618935750137,641,You said Rudolph needs troops on the ground?
7685,8799,3,10,124,137,1.1167883211678833,0.03287056049700038,641,Rip Van Mary.
3382,8800,2,13,131,146,1.1164383561643836,0.0299744403361048,641,It worked for my sheep but I can’t find my remote and I refuse to leave it alone!
2222,8801,2,16,154,172,1.1162790697674418,0.02714635034702532,641,Pinky?
8113,8801,3,14,155,172,1.1162790697674418,0.02837117891748233,641,Hello this is Mary.I’ve hit rock bottom. I have a flock problem.
2542,8803,1,16,138,155,1.1161290322580646,0.027391617109358918,641,"Hi it’s me Shepard Smith. Just phoning it it in again today.
Blah-Blah-Blah"
7276,8804,1,19,161,181,1.1160220994475138,0.025123107517915216,641,We're not counted until she unplugs her digital world.
1514,8805,3,10,125,138,1.1159420289855073,0.03264247107722866,641,"You told me to use a crook to catch a sheep. Now what? I'm still being robbed. Hello, hello... I still can't hear you well."
9015,8805,1,14,123,138,1.1159420289855073,0.029222557595695114,641,"What’s that?  Sorry, I can’t seem to shake my exhaustion."
854,8807,4,11,149,164,1.1158536585365855,0.030457863496037643,641,I don’t think 2011 is the vet’s office.
2548,8808,1,15,131,147,1.1156462585034013,0.02817237104391227,641,There was no room at the inn because the shepherds were watching their flocks by night and their favorite football teams.
4620,8809,1,16,139,156,1.1153846153846154,0.02722564241224031,641,My sheep told me to put my feet up for a bit.
8624,8809,3,12,141,156,1.1153846153846154,0.03011082158687742,641,Forget Wall Street! I now have my own fiefdom!
929,8811,1,14,124,139,1.1151079136690647,0.02902355004410562,641,"Bah, bah black sheep, have you any wool?""  I think you have a wrong number"
7890,8812,3,14,157,174,1.1149425287356323,0.02805995876341428,641,I thought you said you didn’t know.
6405,8813,1,15,132,148,1.114864864864865,0.02799227799227799,641,It's asking if I'm still here again...
4570,8813,3,11,134,148,1.114864864864865,0.031103455658679474,641,"i regret to inform you, but the men’s bathroom is closed."
1741,8815,1,16,140,157,1.1146496815286624,0.027061656282486333,641,(pretty sure it was the right green door)
3882,8815,3,12,142,157,1.1146496815286624,0.029927443516071437,641,Heard any good news?
4225,8815,1,16,140,157,1.1146496815286624,0.027061656282486333,641,Mom? Remember my lost sheep? I found them on QVC.
8917,8818,1,14,125,140,1.1142857142857143,0.02882722085907327,641,"No marriage , mom!  I better keep the sheep."
1080,8819,0,17,132,149,1.1140939597315436,0.02613330277793542,641,I'm a leader of my flock. That was a baa joke.
4722,8819,2,13,134,149,1.1140939597315436,0.02939964212737388,641,You want me to count what?... In this economy!?
8811,8819,2,13,134,149,1.1140939597315436,0.02939964212737388,641,"No,American - can"
6902,8822,0,18,140,158,1.1139240506329113,0.025356736478551085,641,Abraham must've had a helluva time with these things in biblical times
4968,8822,3,12,143,158,1.1139240506329113,0.02974627791998565,641,I'm addicted to the Sheeping Network.
8065,8824,4,12,160,176,1.1136363636363635,0.028901575434114132,641,Sit down and learn.
4147,8825,3,10,128,141,1.1134751773049645,0.03197674969298933,641,Don't worry guys. No one is going to shear your wool.
8727,8825,1,14,126,141,1.1134751773049645,0.028633516649909714,641,Turns out the Meadow’s name is historic. I’m thinking room service.
4853,8827,5,7,138,150,1.1133333333333333,0.03349401985645598,641,I'm done with counting you!
3372,8828,2,14,143,159,1.1132075471698113,0.02818887822003303,641,What’s up Barry? You’re looking a little sheepish.
6723,8829,2,15,151,168,1.1130952380952381,0.027261675960902797,641,"... three large pepperoni, two small pepper and onion, and an extra large side of fries."
8843,8829,4,11,153,168,1.1130952380952381,0.029761904761904764,641,"Globalist Transhumance they said, we already ordered arugula in Amazon and now figuring out a National Geographic choice."
7090,8829,2,15,151,168,1.1130952380952381,0.027261675960902797,641,I knew the dog was getting too familiar.
5487,8829,1,17,150,168,1.1130952380952381,0.025921284242250684,641,Hello? No!My name is not Baaaaaaah
2349,8829,2,15,151,168,1.1130952380952381,0.027261675960902797,641,There like rabbits “
1863,8829,4,11,153,168,1.1130952380952381,0.029761904761904764,641,"Yes, this is Congresswoman Pelosi! I'm guarding my aged flock inside the Congressional Pent House away from Moulton's cry for change. I 'll enjoy all creature comforts of leadership until Congress re-convenes and votes for Moulton!"
4892,8829,4,11,153,168,1.1130952380952381,0.029761904761904764,641,"""I still say a truly stable genius can grow a greater crop of crap when he leads his followers by staying still."""
1825,8836,2,12,128,142,1.1126760563380282,0.030147295228246274,641,"Some guy gave me this cane,and on my next walk,my live turned baa-aad."
1657,8837,3,11,137,151,1.1125827814569536,0.03051152767005915,641,I was having trouble falling asleep so the and someone suggested I count sheep.
3405,8837,0,17,134,151,1.1125827814569536,0.025807996018852947,641,"Business ain't bad, two farm boys came by."
5288,8837,3,11,137,151,1.1125827814569536,0.03051152767005915,641,I thought you said
5856,8837,1,15,135,151,1.1125827814569536,0.027465485236195655,641,"Yeah mum, leadership is very hard. But today I'm gonna make homeoffice."
6941,8837,2,13,136,151,1.1125827814569536,0.029028487732057854,641,"Not 12th floor, 12 sheep"
584,8842,1,16,143,160,1.1125,0.026581280356837683,641,"No, there is no groupthink my board of directors."
2790,8843,2,11,121,134,1.1119402985074627,0.03117503511839128,641,Ewe in for a surprise?
3335,8844,1,14,128,143,1.1118881118881119,0.028253776550789925,641,Can you give me directions to Keen's Steakhouse?
993,8845,2,13,137,152,1.111842105263158,0.028846389036492618,641,"Well, I kept asking people where I could find the best pastures. They thought I was asking forpastors, and they directed me into the city."
8792,8846,2,15,153,170,1.111764705882353,0.026956327617387293,641,Of course they came home to the only shepherdess in the city.
6613,8847,2,12,130,144,1.1111111111111112,0.029747563792422035,641,They still have their tails.
5848,8847,3,13,155,171,1.1111111111111112,0.02806014039177187,641,I have herd enough about this fanciful hotel room.
7166,8847,2,14,146,162,1.1111111111111112,0.0276913770155126,641,Apartment sheep farming is our breaking news.  Extra cash but imagine the smell!
4210,8847,2,14,146,162,1.1111111111111112,0.0276913770155126,641,All I
1082,8847,2,12,130,144,1.1111111111111112,0.029747563792422035,641,Mary's not in. May I take a Baaa...message?
1458,8847,3,10,131,144,1.1111111111111112,0.031337559712098124,641,"Hogan?  Is that you, Hogan?"
155,8847,3,12,147,162,1.1111111111111112,0.02904296123188518,641,Modern day shepherds.
2780,8847,4,8,132,144,1.1111111111111112,0.032850688666060154,641,"No, ma'am, the name is Bo-peep.  Bojack is what I'm watching."
755,8847,3,11,139,153,1.1111111111111112,0.03012923025259114,641,He's thinking of ordering a new sheep counter.
4473,8856,4,11,157,172,1.1104651162790697,0.02909695451111037,641,"Jeez Mary, I heard you""
or
""Doctor, counting sheep just isn't sustainable"""
8714,8856,1,17,154,172,1.1104651162790697,0.025350234590799554,641,"Right.  One long two short, and you take them to the enclosure, not the apartment.  You can watch TV after the trials.  Well, you're not getting any treats today!"
9040,8856,4,11,157,172,1.1104651162790697,0.02909695451111037,641,jkldsalfksjf
5396,8859,2,14,147,163,1.1104294478527608,0.02752940764322928,641,This is what I get for using Barndoor instead of Glassdoor.
5492,8859,2,14,147,163,1.1104294478527608,0.02752940764322928,641,"Bill, this is the perfect vacation, and I know your harem will enjoy it like mine does."
30,8861,2,13,139,154,1.1103896103896105,0.028488934932806156,641,Do you have Shaun the Sheep movies here? I need to entertain my herd...
285,8861,1,15,138,154,1.1103896103896105,0.026958059570044143,641,Hello. Authentic Shepherd’s Pie home delivery? I’ve got a pie missing here.
6126,8861,5,7,142,154,1.1103896103896105,0.0326537398635517,641,Schumer and his flock
7940,8861,1,15,138,154,1.1103896103896105,0.026958059570044143,641,"Contrary to popular belief, the Ottoman Empire is still alive and well in the Upper East Side."
6378,8865,4,8,133,145,1.110344827586207,0.03263234383121469,641,New York isn’t sheep!
2601,8866,1,16,147,164,1.1097560975609757,0.02596656870967905,641,"You all must be lambs in sheep's clothing,""  exclaimed Mary"
2426,8866,3,12,149,164,1.1097560975609757,0.028703590171422037,641,"You can all leave, nothing is standing up beyond this staff."
2481,8866,1,16,147,164,1.1097560975609757,0.02596656870967905,641,"The Airbnb is great, but apparently Gristedes doesn't know from clover."
6873,8869,0,17,138,155,1.1096774193548387,0.025180940411157593,641,"Now my dear sheep, 
You’ve had a good peep, 
And my crook shall ne’er fail 
To find you!"
8492,8870,2,12,132,146,1.1095890410958904,0.02935825601340438,641,My lost sheep keep coming home after I leave them alone. Maybe it's time I sell those tails...
6879,8870,1,14,131,146,1.1095890410958904,0.027702597077874012,641,"'...but then again, she'd rather climb up a tree and lie to you than stand on the ground and tell you the truth."
9011,8872,1,13,123,137,1.1094890510948905,0.028709977120488003,641,I guess I didn't ask to sheep my order!
8097,8873,3,8,117,128,1.109375,0.03370636396078184,641,"Sorry, wrong guy. This is Patrick Bateman, American Pastoral Psycho."
1383,8874,2,15,157,174,1.1091954022988506,0.026365623107859934,641,I thought and they became!
3239,8875,1,16,148,165,1.1090909090909091,0.025817286556831687,641,They tell me that the commercials are pulling the wool over my eyes!
8381,8875,1,16,148,165,1.1090909090909091,0.025817286556831687,641,I wondered why he ran up the stairs.
620,8877,2,12,133,147,1.1088435374149659,0.029167384925080926,641,What do you mean my K9 Unit application has been rejected?
1096,8877,0,16,131,147,1.1088435374149659,0.025775190069846857,641,"Yep... two dozen. Huh? Yeah, fourteen. Yep. 'Kay, I'll tell them to come get you."
7936,8877,1,14,132,147,1.1088435374149659,0.02752359684438582,641,"Goldie Locks ain't going to school today, nor the sheep""

Talieah Ram, Oahu, HI"
7501,8880,4,10,152,166,1.108433734939759,0.029630924790598822,641,Do the sheep need their butts squeezed today?
5331,8881,1,15,142,158,1.1075949367088607,0.026309826474500607,641,Why does the reception on the Knitting Channel appear so wavy?
599,8882,4,8,137,149,1.1073825503355705,0.031787173746270214,641,"Hello, I would like to order more..."
4278,8882,3,10,136,149,1.1073825503355705,0.03032704557335524,641,"I would have been there by now, but the flow ck decided to follow a duvet truck to th Hilton"
4265,8884,6,7,164,177,1.1073446327683616,0.030490159809213144,641,"Please stop your senseless behavior, we are all watching"
8187,8885,1,16,151,168,1.1071428571428572,0.025379517793261353,641,"Yes, the law allows me to bring sheep INTO the state."
7904,8885,3,12,153,168,1.1071428571428572,0.028048028848350354,641,"Come on Bo Peep
We want to watch “Shaun the Sheep”
We wanted to watch sooner
But we couldn’t find the tuner"
3056,8887,4,9,146,159,1.1069182389937107,0.030377497769157782,641,"I know you said we should spend more quality time together, but I am not sure that is working out so well."
6561,8887,1,15,143,159,1.1069182389937107,0.026152588457266753,641,"Hey George, the people followed me to my apartment. Help"
442,8889,2,11,128,141,1.1063829787234043,0.02969300481445578,641,Brenda Snipes?
5264,8890,3,10,138,151,1.1059602649006623,0.029940806769423345,641,"I ordered a room with a Moo.""

Toby Green, Cambridge, U"
8776,8891,2,11,129,142,1.1056338028169015,0.029492674484594368,641,Who would have known that MAGA would appeal to so many voters
3136,8892,3,11,147,161,1.1055900621118013,0.02869101358007949,641,I’m having a hard time sheeping since I got hback to town.
4772,8892,3,11,147,161,1.1055900621118013,0.02869101358007949,641,"We all took off one afternoon  and she didn't have a clue where to find us. She got pissed, and  vowed that it will never happen again."
708,8894,3,8,122,133,1.105263157894737,0.032484915781493026,641,Our luxury year-round wool is certified for The Four Seasons.
7949,8894,2,12,138,152,1.105263157894737,0.02824896586731112,641,"Look, school on done lamb is one think, but this is ridiculous. What are you doing to me?"
6451,8896,0,15,128,143,1.1048951048951048,0.025714045302205397,641,"'Follow me', you said. . . .'I've seen the Messiah, on high', you said!"
6600,8897,3,10,140,153,1.1045751633986929,0.02956425705508829,641,B-a-a-a-a-a-a-a-a-a-a-a-a-a-a-a-a-a.
8834,8897,2,12,139,153,1.1045751633986929,0.028072156725371743,641,I told you. Your carpet is safe. I won’t let them grazing it.
6693,8899,1,11,113,125,1.104,0.029673492026255653,641,Just because my last name is “Shepherd” doesn’t mean I ordered lamb chops for dinner.
2708,8900,1,14,139,154,1.103896103896104,0.02633230532596633,641,Bull or bear market doesn't cover it. I'm creating awareness for a sheep market.
3567,8901,1,15,148,164,1.103658536585366,0.025393657283714274,641,They heard glazing (the turkey) to be grazing.
4803,8901,2,13,149,164,1.103658536585366,0.026826377491751867,641,You're not going to to beat me old man how many times do I have to how many times do I have to tell you I'm not a shepherd
3079,8901,2,13,149,164,1.103658536585366,0.026826377491751867,641,I seem to have made a wrong turn somewhere.
1413,8904,3,9,133,145,1.103448275862069,0.030519351832992526,641,It was only over the top because they were casting for Red Kettle Santas.
5440,8904,2,11,132,145,1.103448275862069,0.028907531815998363,641,Who needs a pasture?
5056,8906,1,14,140,155,1.103225806451613,0.02617045339275437,641,It's really hard yo hear you. My reception is terrible at this
543,8907,1,15,149,165,1.103030303030303,0.025247104616535482,641,We can't get room service for them!
5576,8908,3,9,134,146,1.1027397260273972,0.030317875134142545,641,For some reason the TV news sounds really b-a-a-a-d today.
6689,8908,3,9,134,146,1.1027397260273972,0.030317875134142545,641,Judus is hidding behind the couch..
7636,8908,2,11,133,146,1.1027397260273972,0.028717594630468236,641,Pope Francis says we have to smell like sheep. Who put on perfume today?
8778,8911,2,12,142,156,1.1025641025641026,0.027554723624131097,641,"I miss ewe too, honey.""
Vivian Atchinson, Enid, O"
1194,8912,2,13,151,166,1.1024096385542168,0.02651680885178879,641,"The Bush, This Is Not!
Droving is done by something called Uber"
1776,8913,2,11,134,147,1.1020408163265305,0.02853012976982037,641,"We are watching the Wolverines play the Tigers"""
4629,8913,1,13,133,147,1.1020408163265305,0.026847352654726264,641,"Tele-home-schooling, he says.  It's the latest thing, he says.  What could possibly go wrong, he says."
8153,8913,1,13,133,147,1.1020408163265305,0.026847352654726264,641,It really hasn't been as difficult as I expected - turns out salmon tartar tastes a lot better than grass.
2568,8916,1,14,143,158,1.1012658227848102,0.025696573883580483,641,Ships all over my place.
7898,8916,2,12,144,158,1.1012658227848102,0.027220205077070198,641,"Baa, baa black sheep. Why did you dye your wool?"
2327,8916,4,8,146,158,1.1012658227848102,0.03003649238184534,641,"Lil Pump?
I am sorry, you have the wrong number."
8237,8916,2,12,144,158,1.1012658227848102,0.027220205077070198,641,None of us will get lost in my secure Penthouse in the NewYorker
4741,8920,0,17,151,168,1.1011904761904763,0.02333702100128669,641,What happened to ‘...and chill’?
8814,8921,1,13,135,149,1.1006711409395973,0.026503350261636135,641,TV is a sheep hobbie.
5368,8922,2,12,145,159,1.10062893081761,0.027055964246251007,641,"Moses split the river, David killed Goliath, but Bob's finishing this game."
8504,8923,0,17,152,169,1.1005917159763314,0.02320624693365227,641,"No, Steve, they are not interested into Game of Thrones."
8838,8924,2,14,163,179,1.100558659217877,0.025172771984385955,641,duke
960,8925,3,10,147,160,1.1,0.02831760569774271,641,I'm surrounded by wool send up some needelers...
4982,8925,2,13,155,170,1.1,0.025918558355872742,641,"Home, home on the range
      Where the deer and the antelope roam
     Where seldom is heard a discouraging word
     And the sky is not cloudy all day"
6373,8925,2,11,137,150,1.1,0.02798209718487045,641,Because I forgot my phone.
8210,8925,2,10,128,140,1.1,0.02920670916460984,641,I'm not giving my flock back to those sheep-raping Welsh!
4554,8929,2,14,165,181,1.0994475138121547,0.02490617430394722,641,"""My only problem is having enough ewes and rams to sit the lambs at night."""
8430,8930,1,14,146,161,1.0993788819875776,0.025239487917116596,641,I think I got the role to act as the shepherd but picking out the wolf was tough.
2940,8931,3,9,140,152,1.0986842105263157,0.029162631596844003,641,I'm trying to figure out if they are non player sheep.
3832,8931,1,13,138,152,1.0986842105263157,0.026003506113058905,641,"Yes, Dad! It REALLY  did turn out to be swamp
land in Florida!"
2957,8933,0,14,128,142,1.0985915492957747,0.025105628724251348,641,"Hey Bo, Bob here, in my new pad - doc in Sheep's Head Bay."
3301,8934,1,11,120,132,1.0984848484848484,0.028167587113218696,641,"Yeah, but the sheeps complain about the lack of  good TV menu."
1874,8935,3,12,168,183,1.098360655737705,0.02583471580228663,641,They were fine until I told them room service is out of forbs.
1329,8936,1,14,148,163,1.098159509202454,0.024943659800316282,641,"Good Shepherd Joe here.The waters are not still and green pastures are 
ba-a-a-d! Holding up in the house of the Locals."
8138,8937,2,12,150,164,1.0975609756097562,0.026263538787329177,641,God on a Wheel!
7428,8937,3,10,151,164,1.0975609756097562,0.027651223638761095,641,play to win.
2960,8939,2,11,141,154,1.0974025974025974,0.027283234502899437,641,Bo-Peep: The Live Action Movie
8128,8939,0,15,139,154,1.0974025974025974,0.0239710243688703,641,"Sorry Sir but, ""You've Taken Cultural Adaptation to the Next Level!"""
3009,8941,0,14,130,144,1.0972222222222223,0.024774516250440127,641,"The sheep were in the meadow, but we took abreak to Nature on tv  as they explained the actions of Old English Sheep  Dogs"
3632,8941,0,14,130,144,1.0972222222222223,0.024774516250440127,641,"Sorry, I thought the TV came in ""all shapes and sizes?"""
1888,8943,0,16,149,165,1.096969696969697,0.0231071964874136,641,Take your time. I play a little Need for Sheep.
7032,8943,1,14,150,165,1.096969696969697,0.024654662023952598,641,But your job description says nothing about bedroom privileges!
1179,8945,1,13,141,155,1.096774193548387,0.025522103333341865,641,"Send it up, that would be forb-ulous!"
8093,8945,0,15,140,155,1.096774193548387,0.02382415954438699,641,"I have a dozen totally at my command here, so no, I am not interested in a time share."
6786,8947,1,12,132,145,1.096551724137931,0.026486709475408998,641,"Watch and learn, kiddies....CATaracts, Blinders, early signs of Dimentia and a love of Old TV Westerns, will rock your world!!!"
6042,8948,2,12,152,166,1.0963855421686748,0.025959380271317594,641,Reattaching tails is hard work.
3880,8949,0,13,122,135,1.0962962962962963,0.02548387251435117,641,"After all, who am I to assume the bow identifies as “Little”?
Tony Johnson Jr., Manhattan, N.Y"
208,8950,0,15,141,156,1.0961538461538463,0.023679075290313056,641,I have a dentist appointment but let me know if anything comes up.
7895,8950,1,13,142,156,1.0961538461538463,0.025365559180572123,641,"Sorry, can’t meet you tonight I have a bevy if beauties to take car up."
3042,8952,2,10,134,146,1.095890410958904,0.028050779117461525,641,Does anyone not like wolf of their pizza?
5360,8952,1,12,133,146,1.095890410958904,0.026312979645168558,641,I'M RATHER BUSY AT THE MOMEN
5077,8954,2,12,153,167,1.095808383233533,0.025809920660135422,641,I said I had to pass gas not cut grass.
284,8954,3,10,154,167,1.095808383233533,0.027171618858198455,641,"Oh Lord, why you bought me a color TV?"
1267,8956,1,12,134,147,1.0952380952380953,0.02614150673126402,641,"We're binge-watching 'The Good Place' now, wanna come over?"
8342,8956,0,14,133,147,1.0952380952380953,0.0242938348982858,641,"I'm taking appointments now, call my secretary in the morning"
1620,8958,1,13,144,158,1.0949367088607596,0.025058143599118926,641,"These late night show jokes are lame, several sheep mused: when will Malcolm hang up so we can get to the next gig?"
6669,8958,2,11,145,158,1.0949367088607596,0.02661834359454984,641,I’m going to be a little late... Uber currently has surge pricing
2479,8960,1,13,145,159,1.0943396226415094,0.02490720431002989,641,This isn't a roaming pasture.
4283,8961,0,16,154,170,1.0941176470588236,0.022460947775549068,641,Too complicated!? Now they refuse to go outside until they read #WolfgangCookingShow
7574,8962,1,12,136,149,1.0939597315436242,0.025805158606400584,641,"No, not pest control. I said sheep control!"
3428,8963,1,13,146,160,1.09375,0.02475806678780034,641,Behave yourselves or I'm shipping you all to Mory's!
19,8964,0,14,136,150,1.0933333333333333,0.0238313738028329,641,They maybe a little sheepish but they are fine up here.
1032,8965,1,13,147,161,1.093167701863354,0.024610699075973855,641,"Ewe gals be quiet, I’m multi-tasking—on the phone with my mother & watching my favorite TV program."
7555,8965,2,11,148,161,1.093167701863354,0.026140509952197476,641,"Hello 911 - Help - I am just watching a farmer bringing his sheep on my TV, and now all them in my living room !"
8787,8965,2,11,148,161,1.093167701863354,0.026140509952197476,641,Ew.....I love this program  on sheep
880,8968,1,14,157,172,1.0930232558139534,0.02369368814073376,641,Most of them still believe in the Globe.
8254,8968,2,8,119,129,1.0930232558139534,0.030023126714786175,641,"No, I haven't been watching that new herding show on Netflix.  I heard it was pretty BAA-AD."
6516,8970,1,11,128,140,1.0928571428571427,0.026622920854850532,641,"Yeah, another twitter made headlines and yet the Donald's fans grow and grow."
7434,8971,3,8,140,151,1.0927152317880795,0.028734905245515203,641,"Dude, get with it.  None of us do haystacks anymore."
7064,8972,2,11,149,162,1.0925925925925926,0.02598501269117757,641,Got any wood? How about ore?
4418,8973,1,12,139,152,1.0921052631578947,0.025316510121345406,641,Draw the curtains almost shut please! This is supposed to be a Beau PEEP show.
3327,8974,3,9,151,163,1.0920245398773005,0.02725800821149584,641,dfdffdfdfkjkj
3591,8974,1,13,149,163,1.0920245398773005,0.02432114897738414,641,"Yeah, the electrician said they'd be here by now, but latest I should be in after lunch."
6967,8974,1,13,149,163,1.0920245398773005,0.02432114897738414,641,Can I help it if they wanted cannabis for desert?
8303,8974,2,11,150,163,1.0920245398773005,0.025831350131556116,641,how long will this call last?
5252,8978,1,11,130,142,1.091549295774648,0.02626279212253335,641,"So I was walking past the sheep meadow and Tommy sees me and says ""how you doin',Mary"" and ....."
4944,8979,1,12,141,154,1.0909090909090908,0.025000868100769392,641,"I’ve purchased your television, but it’s not nearly smart enough to count all my sheep!"
8489,8979,2,11,152,165,1.0909090909090908,0.02552940107319566,641,G-d must have really hated his son to make him wear a hat like this.
5787,8981,3,8,144,155,1.0903225806451613,0.028016007656351465,641,He's launching the new picante manna product.
4387,8982,1,11,132,144,1.0902777777777777,0.025912249648792525,641,now where did I out that BLACK sheep?
149,8983,2,9,134,145,1.089655172413793,0.02753827253036997,641,that is what i call baaaaaoring
5027,8983,1,11,133,145,1.089655172413793,0.025740454800642167,641,"But seriously, it's Mary had a little lamb.  I can't keep bringing in strays!"""
6639,8983,0,13,132,145,1.089655172413793,0.023807258824376978,641,"Hey, bo peep, what's up with all these sheep? How about letting me get some sleep!"
2036,8986,1,12,144,157,1.089171974522293,0.02454185161463634,641,"After 9 a.m., you have to put them on a leash or take them home."
7199,8986,2,10,145,157,1.089171974522293,0.0261526633061135,641,Dreams can come true for all ages
7750,8986,3,8,146,157,1.089171974522293,0.02766985932980221,641,"No, I'm not in the office I am WFH..."
4429,8989,2,9,135,146,1.0890410958904109,0.027355896975949184,641,Trust me I've already cried enough during my show
7690,8990,2,10,146,158,1.0886075949367089,0.025992740872040447,641,Jesus Christ bringing in the sheep. What happened.
602,8990,2,10,146,158,1.0886075949367089,0.025992740872040447,641,"Wake up Wake up !!!!!
I need a pair of ruby slippers
to get me back home!"
5131,8990,0,14,144,158,1.0886075949367089,0.02267975458143555,641,Ok ! That’s all well and good but where are Casper and Purple !
3201,8993,1,11,135,147,1.08843537414966,0.02540359171638416,641,It's true - home really is where the heart is.
3872,8994,1,13,156,170,1.088235294117647,0.02335911221563857,641,"But dear, what's a remote?"
1386,8995,1,12,146,159,1.0880503144654088,0.024245066435393862,641,"Look, I took your advice and advertised on INDEED, and so far all I’ve got are daily bills to clean the rug"
5909,8995,2,10,147,159,1.0880503144654088,0.0258347584149082,641,I’ve had enough of ‘Shepherd World.’
6034,8997,0,11,115,126,1.0873015873015872,0.025247577334264856,641,"Little Bo-Peep fell fast asleep, and dreamt she heard them streaming their favorite shows on Netflix"
5532,8998,0,12,126,138,1.0869565217391304,0.024073349753745327,641,Sheep are barking up the wrong tree.
580,8999,1,11,138,150,1.0866666666666667,0.024914469649422722,641,Hello Democratic Socialist of NY HQ... How May I Help Yourself.
4010,9000,2,10,150,162,1.0864197530864197,0.025372104967502133,641,"It's not a party, it's a kickback."
7169,9000,3,8,151,162,1.0864197530864197,0.02684073297403542,641,Mary is out. Pull up the party is stupid lit.
7387,9000,0,14,148,162,1.0864197530864197,0.02214455324179954,641,I heard it through the grapevine.
2534,9003,3,9,162,174,1.0862068965517242,0.025586533009402376,641,"Boy with all these sheeps surrounding me, I hope I don't turn into one"""
1067,9004,1,11,139,151,1.086092715231788,0.02475557751677914,641,"You'll be a great cultural fit, Mr. Belfort."
7192,9004,2,9,140,151,1.086092715231788,0.02647902639712821,641,"Yeah, it's really a bummer Dude, having all these sheep looking at me cross eyed!"
2238,9006,3,7,142,152,1.0855263157894737,0.027917243989514104,641,"Ya know what, Dolly? I thought I'd never see the day that something would herd Shepherd Steve, BAAA"
2208,9007,0,15,161,176,1.0852272727272727,0.021107017751143986,641,I've always wanted a desktop job.
3850,9008,0,12,129,141,1.0851063829787233,0.023583179016742627,641,"Little Bo Peep and her tail wagging sheep make it home just in time for a ""Silence of the Lambs"" rerun."
2045,9009,0,13,141,154,1.0844155844155845,0.02247578123186696,641,"I'm sorry, I lost your sheep on the subway."
2287,9009,1,11,142,154,1.0844155844155845,0.024290804428967715,641,"The picture's not great, I think the satellite's crooked."
4878,9011,1,11,143,155,1.0838709677419356,0.024139725075960912,641,"you cannot control. the world."" we all have eyes to see. and how to live . and Learn (do you get it)?? YET ?"
8225,9011,0,13,142,155,1.0838709677419356,0.022336945766635193,641,"Well, they mentioned something about time travel."
1725,9013,3,8,156,167,1.0838323353293413,0.026059780509661186,641,"I have know idea I was just walking by the petting Zoo
Frank Buckley Boston, MA"
813,9014,1,10,133,144,1.0833333333333333,0.025125945381480302,641,"While in the city , nobody will pull the woll over on me."
5089,9014,1,8,111,120,1.0833333333333333,0.027963895623643823,641,"Out of rice again? Alright, I’ll just try the baked beans this time"
7460,9016,1,12,156,169,1.0828402366863905,0.022862431675906212,641,The Goats are don't have a T.V.
8156,9017,0,10,111,121,1.0826446280991735,0.0251353823566042,641,"Nothing much, just some life admin."
6718,9018,2,11,169,182,1.0824175824175823,0.023221601976713226,641,i luv u 237
5955,9019,1,12,157,170,1.0823529411764705,0.02273277228430854,641,"Scientists have shown that holding your phone up to your ear can increase your chance of brain cancer. Tst, tst, tst."
1909,9020,2,9,147,158,1.0822784810126582,0.025341638688300073,641,Let me call you back when I get this flock bleat into sheep.
2517,9021,2,10,159,171,1.0818713450292399,0.024078333042487413,641,I guess my grandma’s house is ok
348,9022,1,10,137,148,1.0810810810810811,0.024469952820890022,641,"Please send up two lamb chops, broccoli, and a glass of  lanoline."
4371,9022,1,10,137,148,1.0810810810810811,0.024469952820890022,641,"Hi, this is Ewes in 207, I order some greens"
5959,9024,2,8,140,150,1.08,0.025940906860971044,641,This is an egregious departure from your regular programming!
3704,9025,2,7,129,138,1.0797101449275361,0.027331693985702014,641,"Subscription service, please."
5086,9026,0,12,139,151,1.0794701986754967,0.022083883444414656,641,I am calling as I am in need of some advice from Mr. Popper.
7278,9027,0,11,128,139,1.079136690647482,0.02297983912243713,641,"Hello, meeehhcdonalds."
7814,9028,1,10,141,152,1.0789473684210527,0.023847275682254896,641,I can do whatever I want behind the sofa during The Voice finals!
6658,9029,1,10,142,153,1.0784313725490196,0.023696517034478917,641,"Yeah listen, book me a ticket for the next WebSummit."
7060,9029,1,10,142,153,1.0784313725490196,0.023696517034478917,641,I'm ready to start that PAC now.
3057,9031,1,8,119,128,1.078125,0.026270321623998942,641,Yeah... he vas upset. But I can lead a blind man around city as vell as any pointy-eared dog.
3155,9032,0,11,130,141,1.0780141843971631,0.02266652210860901,641,This cable news coverage is sheer madness!
3624,9033,0,13,154,167,1.0778443113772456,0.020795124336376276,641,The easiest way to herd sheep is on Football Sunday.
1493,9034,1,9,132,142,1.0774647887323943,0.02463182832300508,641,Jjfguyt
4975,9035,0,13,156,169,1.0769230769230769,0.02055855707018649,641,I guess abortion rights are being taken away from sheep as well.
4587,9036,1,8,124,133,1.0751879699248121,0.02531204245203528,641,It isn’t working.  I’ve. Even up all night.
2146,9037,2,7,138,147,1.0748299319727892,0.025701300218625777,641,"Yeah, my name is Sam...No, neither...."
3509,9038,1,9,138,148,1.0743243243243243,0.02366341828596768,641,Tell them down at Wall Street I've ordered more sheep.
6889,9039,1,9,139,149,1.0738255033557047,0.023509359436065174,641,"Don't get used to this. We are cutting this cable cord, my sheep. We need to be sure mama can get the golf channel."
7091,9040,0,10,128,138,1.0724637681159421,0.022149586084083208,641,"Yeah, you reached a crook surrounded by sheep. But I think you want Area Code 203."
8060,9041,0,12,155,167,1.0718562874251496,0.02004407213133521,641,"Who'd've thought in today's age, blind faith had a place. All lemmings if you ask me!"
1605,9042,0,10,137,147,1.0680272108843538,0.020838503197313587,641,"Please,, just go to the Museum of the City of New York and in hte manuscripts department you will see the origianl silk screen saying  ""I Love New York' by yours truly, Richard Colton, from which Milton Glaser was told to make into a logo....and he"
3753,9042,1,8,138,147,1.0680272108843538,0.022965869798899443,641,'Even Lee Harvey Oswald would need a second gunman to help him knock off all these sheep.'
2031,9044,1,8,139,148,1.0675675675675675,0.022814797813688333,641,"'Maybe I should've gotten changed after the fancy dress party'

OR

'The Lord is my shepherd; I shall not want... much - revised Psalm 23'"
5123,9044,2,6,140,148,1.0675675675675675,0.02474759912873798,641,"If you don't pay me, I'll release the sheep.
- the lesser known Pied Piper (of sheep)"
2993,9046,1,9,153,163,1.0674846625766872,0.021545304198062856,641,..we have turn-ed...every one is his own way
2288,9047,0,11,154,165,1.0666666666666667,0.019478290326359265,641,"Where is little bo'peep?
Apparently the Shepard has list his sheep's because I can't sleep"
5884,9047,0,10,140,150,1.0666666666666667,0.02043523444594048,641,"- Is that 911? In my house, there are a lot of ...sheep!
- Oh no! I was not trying to fall in sleep! I was hosting...a party...
- Baa..."
4183,9049,1,8,142,151,1.0662251655629138,0.02237326173831333,641,"We're all here to protest the new Winter shearling collections

Then how do you expect me to get to sleep in the big city?

We're all here to view the new Winter shearling collections.

We're all here to support the new Winter shearling collections"
2646,9050,2,6,145,153,1.065359477124183,0.023956018736633413,641,Modern transhumance went fine. Just wanted to soft-yodel with you.
8358,9051,0,9,133,142,1.0633802816901408,0.020518668473074417,641,Nnnn
8082,9052,0,8,119,127,1.062992125984252,0.021643599084607144,641,Will Shepherd here. Please leave a message for the executor that my flock doesn't exactly care much for my inheritance.
725,9053,0,10,149,159,1.0628930817610063,0.019313788284442374,641,"I’m able, but I need help because cane has threatened my sheep."
1027,9054,0,8,122,130,1.0615384615384615,0.02115858894086592,641,"Oh, by the way, can I get extra pepperoni with those sheep shears?"
3764,9055,0,9,146,155,1.0580645161290323,0.01884541145980047,641,"If I guess how many sheep you have out there, will you give one of them to me ?"
2254,9056,0,9,152,161,1.0559006211180124,0.018161728592811725,641,"#MeToo & #TimesUp don't care that I raped Juanita, assaulted Paula, molested Kathleen or had multiple affairs.  They just follow us blindly!"
3703,9057,0,9,153,162,1.0555555555555556,0.018052569164290308,641,"Come on dad! Take the bloody present and tell my brother it's great, seriously!  Cause I'm not coming back!!"
4566,9058,1,6,143,150,1.0533333333333332,0.02069630551316124,641,"Wow, all my little poopies turned into weird fucken aminals. I have sinned against God and must now eat these turdy demon beast. Mondays, amirite?"
1071,9059,1,5,133,139,1.0503597122302157,0.021232341481897468,641,"Little Bo Peep here. 
Just don’t ask me about my sheep!"
8193,9060,1,5,135,141,1.049645390070922,0.02093614824698259,641,"Yeah, hi 911 — I'm getting mobbed!"
3012,9061,0,6,125,131,1.0458015267175573,0.018335284786842022,641,"Have you seen the news Lorraine? The Indians killed him, yes, shot him with arrows. They don’t know if he managed to talk to anybody.”"
