target_id,rank,funny,somewhat_funny,unfunny,count,score,precision,contest,caption
1487,1,57,66,177,300,1.6,0.045536563279607804,644,My next selection sounds just like the last one.
4127,2,45,65,169,279,1.5555555555555556,0.045260804004858345,644,This next song is pretty much the same as the last one.
2783,3,41,76,179,296,1.5337837837837838,0.04222159793442847,644,You may have heard your children play this next piece.
2966,4,52,51,192,295,1.5254237288135593,0.04524671622972621,644,"And now, my musical interpretation of the Trump presidency..."
4131,5,36,77,177,290,1.513793103448276,0.041514812146567784,644,Anyone else forget to turn off their cellphone?
4262,6,39,68,181,288,1.5069444444444444,0.04259791377433587,644,I could have been a conductor.
3183,7,44,75,206,325,1.5015384615384615,0.04009121020261503,644,My next piece may sound a little bit like the last one.
1676,8,36,79,188,303,1.4983498349834983,0.040182573375593465,644,This next piece is dedicated to my ex-wife.
2940,9,34,77,181,292,1.4965753424657535,0.040734872555276774,644,They say dress for the job you want; not the job you have.
3458,10,36,55,166,257,1.4941634241245136,0.04550590519738705,644,That's right. I'm just that good.
1792,11,39,74,196,309,1.4919093851132685,0.04038619276792785,644,You may have heard this little number before...if you have a cat and a piano.
5049,12,35,73,184,292,1.4897260273972603,0.04101883202089181,644,"And now, I've got an old score to settle."
4059,13,43,56,194,293,1.484641638225256,0.043134048746335765,644,This next piece was written by my cat.
4363,14,25,91,177,293,1.4812286689419796,0.037939032801475224,644,Hit it!
2555,15,34,71,184,289,1.480968858131488,0.041034027769909026,644,And now Gershwin’s lesser-known ‘Rhapsody in Black and Blue’
25,16,40,55,187,282,1.4787234042553192,0.04356184501025244,644,After a few drinks we agreed to swap jobs for the evening. I guarantee the pianist is NOT having fun.
1288,17,25,69,155,249,1.4779116465863453,0.04261205898033873,644,And now the famous sonata for piano and concussion.
2748,18,32,73,183,288,1.4756944444444444,0.04053782430364294,644,I just play the hits.
300,19,33,71,185,289,1.4740484429065743,0.04072691145105732,644,This next one’s dedicated to my ex-wife.
2436,20,41,41,178,260,1.4730769230769232,0.04669211417688615,644,I will now play Trump's étude in diplomacy
1724,21,35,77,199,311,1.472668810289389,0.03911659131205699,644,I'll conclude with Gershwin's Rhapsody in Black and Blue.
4581,22,32,62,173,267,1.4719101123595506,0.04287204834287098,644,I coulda been a contata.
1033,23,34,59,177,270,1.4703703703703703,0.043155030329619974,644,I’m just going to hit a few notes.
2164,24,32,67,180,279,1.4695340501792116,0.04148599949784141,644,I always hate this part of the dream.
951,25,42,54,199,295,1.4677966101694915,0.04260675684953827,644,I will now play Sonata for Trump’s First Two Years.
1729,26,34,57,177,268,1.4664179104477613,0.04338675415950939,644,I would like to dedicate this to my ex-wife.
5000,27,33,68,187,288,1.4652777777777777,0.04080893843600846,644,My final encore is for the gentleman asleep in Row 3.
3063,28,29,75,182,286,1.465034965034965,0.0398054324568586,644,I'm gonna need a page turner.
4623,29,25,74,168,267,1.4644194756554307,0.04048576951747876,644,You don't understand.  I coulda had class.  I coulda been a conductor.
2647,30,36,57,185,278,1.4640287769784173,0.04281177327485564,644,"Alexa, play literally anything."
1658,31,34,77,202,313,1.463258785942492,0.03864294473021126,644,"Ok, that's it!  Who forgot to silence their cell phone?"
1645,32,33,76,198,307,1.4625407166123778,0.03892260274848184,644,"Every night it's the same dream.  I'm onstage, seated at a piano wearing box gloves, and no pants."
659,33,28,76,182,286,1.4615384615384615,0.039484614185975334,644,Would the guy who booed please stand up?
3045,34,41,58,205,304,1.4605263157894737,0.041354088410351764,644,"Oh, you said ""Bach's"""
2316,35,34,74,201,309,1.4595469255663431,0.03899834635554948,644,To make it even more interesting my Assistant will now blindfold me.
4615,36,30,58,169,257,1.4591439688715953,0.04338210585436056,644,"Cough one more time, I dare you."
2670,37,37,55,189,281,1.4590747330960854,0.042748029121585596,644,Now a tribute to our current President
3518,38,31,66,182,279,1.4587813620071686,0.041140365363538774,644,"No, that was Für Elise. Now try to name this tune..."
4241,39,32,69,190,291,1.4570446735395188,0.040175739437279756,644,"You may laugh, but the last time I had the lid drop on my hands I couldn’t play for a month."
685,40,34,68,196,298,1.4563758389261745,0.0400456327263054,644,"After a month of Christmas songs,
 I'd like to play one for Boxing Day!"
1427,41,29,65,176,270,1.4555555555555555,0.041480030855223976,644,Someone stole my tip jar last night. That’ll never happen again.
2462,42,34,67,196,297,1.4545454545454546,0.04013870012193822,644,"Ladies and Gentlemen,.. Rhapsody in Black and Blue."
940,43,30,62,177,269,1.453531598513011,0.041917163104025976,644,"For my next selection, Gershwin's ""Rhapsody in Black and Blue"""
4781,44,35,65,198,298,1.4530201342281879,0.04031409596621018,644,"When we change to C sharp major, the gloves come off."
3131,45,33,73,201,307,1.4527687296416938,0.038887844449553205,644,"Sorry for the gloves, but some of the notes are sharp."
4838,46,26,86,193,305,1.4524590163934425,0.03709126626861426,644,The conductor and I have worked out our artistic differences.
5374,47,36,70,208,314,1.4522292993630572,0.03903866041613364,644,Please join me in the Julliard School fight song
3965,48,27,71,180,278,1.4496402877697843,0.039932637488968886,644,I wasn't joking about the cell phones
4794,49,29,66,181,276,1.4492753623188406,0.04079090534413264,644,And now here's something for those of you who slept through the Mozart.
3049,50,35,69,206,310,1.4483870967741936,0.039130623496873476,644,"If you think this looks difficult, wait till you see me play the harp."
925,51,26,75,183,284,1.4471830985915493,0.03899392751831436,644,"Now, “Rhapsody in Black and Blue.”"
4545,52,34,66,200,300,1.4466666666666668,0.03980816130429584,644,"And now, here’s one that pretty much anybody can play."
1057,53,31,62,185,278,1.4460431654676258,0.041196466969413106,644,We'll have a brief intermission while I make a pretty big career decision.
1015,54,28,55,167,250,1.444,0.04348586069426803,644,I find the piece goes quickly if I can hit a bunch of notes at the same time.
5576,55,33,68,201,302,1.4437086092715232,0.03932040316774469,644,I'm going to need someone to turn the pages for me.
203,56,39,44,192,275,1.4436363636363636,0.043999813541917114,644,I play the anthem the way he runs the country
2209,57,28,78,197,303,1.4422442244224423,0.03779882055325647,644,Please hold your applause until the final bell
1126,58,30,63,186,279,1.4408602150537635,0.04074646337998136,644,Please turn on your cell phones.
2660,59,35,60,201,296,1.4391891891891893,0.040454558385336556,644,"And now, because you're drunk and not listening anyway..."
5175,60,28,62,179,269,1.4386617100371748,0.041177448764334004,644,Handel with care
4340,61,30,75,204,309,1.4368932038834952,0.03780470533336311,644,It hasn't been a smooth career transition
3917,62,34,56,194,284,1.4366197183098592,0.041415739297079236,644,My cat composed this next one.
4906,62,26,72,186,284,1.4366197183098592,0.03893827367821389,644,"Sir, would you mind not ringing that bell before every movement?"
847,64,32,52,182,266,1.4360902255639099,0.04284755973725293,644,"Finally, Ravel's Bolero is going to get what it deserves."
4442,65,30,66,194,290,1.4344827586206896,0.03957403131280226,644,No need to turn off your cell phones.
3877,65,26,74,190,290,1.4344827586206896,0.03834905411146928,644,Sit back and relax -  tonight it's nothing but the hits!
2079,67,19,74,165,258,1.434108527131783,0.03910203829554762,644,What it lacks in subtlety it gains in punch.
3498,68,37,57,208,302,1.4337748344370862,0.04037397191346906,644,"For my encore, Rhapsody in Black and Blue."
1417,69,28,68,190,286,1.4335664335664335,0.03935402861988123,644,I dedicate this song to my father and mother who had different plans for me.
597,70,33,64,203,300,1.4333333333333333,0.03945937140686101,644,I've suffered for my art. Now it's your turn.
4544,71,29,62,186,277,1.4332129963898916,0.04059903697621119,644,And this next piece is for my ex-wife.
2326,72,27,67,186,280,1.4321428571428572,0.03963328997078432,644,"And now, a request from the drunks at table three."
2862,73,25,73,187,285,1.431578947368421,0.03849076878758343,644,"This next piece is forte. Very, very forte."
2639,74,34,58,200,292,1.4315068493150684,0.0405370053092648,644,And consider that a warning. Anyone else wanna answer their phone?
2846,75,29,77,207,313,1.4313099041533546,0.0371494377010615,644,I call it Requiem for a Heavyweight
5700,76,30,61,190,281,1.4306049822064058,0.040475189189446856,644,"If I hear one more cell phone ringing, the gloves come off!"
4419,76,28,65,188,281,1.4306049822064058,0.03984221503690637,644,I trust the jurors will consider degree of difficulty.
585,78,22,86,194,302,1.4304635761589404,0.036035237921869454,644,I'll be delighted to meet with the critics after the show.
831,79,28,61,183,272,1.4301470588235294,0.040794820937397086,644,Any other stupid requests?
1058,80,26,68,185,279,1.4301075268817205,0.03939721032909804,644,And now a piece by Sugar Ray Leonard Bernstein.
4777,81,31,63,197,291,1.429553264604811,0.039744688507251325,644,I’m just gonna knock out a few tunes for you.
4283,82,30,61,192,283,1.4275618374558303,0.040246000941498904,644,Can I get a page turner in here??
5580,83,32,69,211,312,1.4262820512820513,0.038025793799732206,644,I started out tickling the ivories ... now I like to beat the crap out of them!
2305,84,33,61,204,298,1.4261744966442953,0.03961202012591458,644,You think this was bad?  You should hear me play the violin.
256,85,29,58,186,273,1.424908424908425,0.04098132052086796,644,I shall say this only once. Cell phones off!
3847,86,32,54,192,278,1.4244604316546763,0.04138877928097697,644,This next piece was written as a round...actually ten rounds.
2218,87,33,66,212,311,1.4244372990353698,0.03837459373497736,644,Beethoven’s going down in the 5th
4390,87,29,74,208,311,1.4244372990353698,0.037277748057408557,644,This is dedicated to the critics who thought my last performance lacked finesse.
3597,89,26,60,178,264,1.4242424242424243,0.040959522200319294,644,I was told to be careful - some of the keys are sharp.
995,90,31,64,203,298,1.4228187919463087,0.03901552623683517,644,"You want to step up on the stage and say that, sir?"
4077,91,26,79,205,310,1.4225806451612903,0.03650367623372737,644,I'm not so much tickling the ivory as I am pounding them into submission.
873,92,36,60,217,313,1.4217252396166133,0.03897340524725016,644,"This is Mozart's Concerto in G minor, A major, D minor and C#."
5226,93,23,75,189,287,1.421602787456446,0.03759057233345408,644,These stay on until the tip jar is full.
3291,94,30,69,207,306,1.4215686274509804,0.037978723602401725,644,This one's going out to my ex-wife and her attorney.
2718,95,28,65,195,288,1.4201388888888888,0.03906871670538178,644,And now a piece by Punchini.
1772,96,31,69,212,312,1.419871794871795,0.03771177796953376,644,"Now, for the grand finale—my blindfold, please."
1953,97,22,75,187,284,1.4190140845070423,0.037518940279612716,644,I was told to expect a tough crowd.
1376,98,27,62,188,277,1.4187725631768953,0.039852443048901544,644,I guarantee: Beethoven is going down in the 5th.
3398,99,27,46,166,239,1.4184100418410042,0.044404770227971825,644,I composed my next piece after my divorce.
4058,100,30,54,189,273,1.4175824175824177,0.04125724365493204,644,What?  It’s FLIGHT of the Bumblebee?
524,101,28,67,200,295,1.416949152542373,0.03837396834178628,644,I coulda been a conductor.
3053,102,33,56,204,293,1.416382252559727,0.04004552396657761,644,Maim that tune.
2415,103,27,63,191,281,1.416370106761566,0.039423382268751285,644,"Now for my take on Gershwin, “Rhapsody in Black and Blue”."
2905,103,27,63,191,281,1.416370106761566,0.039423382268751285,644,Would the gentleman in the balcony care to repeat that remark?
498,105,24,82,207,313,1.415335463258786,0.0356346556328433,644,And now Rhapsody in Black and Blue.
3532,106,29,57,191,277,1.4151624548736461,0.04047672763656204,644,"The next piece is a new work titled ""A day at the White House""."
3817,107,30,67,209,306,1.4150326797385622,0.03793259707498177,644,"This next piece features dense chords, unusual harmonies, and a pounding rhythm."
5062,108,30,45,178,253,1.4150197628458498,0.04364050968172991,644,I will now play a piece inspired by my visit to the White House
5418,109,26,67,194,287,1.4146341463414633,0.038498812079516206,644,"For my next piece, the gloves are coming off."
2260,110,28,59,191,278,1.4136690647482015,0.040035445420701664,644,Is there nothing atonal enough that you snobs wouldn't pretend to like?
1250,111,27,68,200,295,1.4135593220338982,0.03804664415508816,644,"Could you turn the page, please?"
1956,112,28,70,208,306,1.411764705882353,0.03733855164241196,644,One of my greatest hits...
4137,113,26,57,182,265,1.411320754716981,0.040748787235642465,644,I will now perform Bach's little-know Golden Gloves Variations.
1728,114,28,62,197,287,1.411149825783972,0.03909946066559215,644,"Go on, request Piano Man man again. I dare you."
5524,114,29,60,198,287,1.411149825783972,0.03940981733482918,644,"And now, Mozart's Requiem for a Heavyweight."
5111,116,33,45,192,270,1.4111111111111112,0.04252894093890558,644,"I call this next number, ‘Rhapsody in Black and Blue’."
1165,117,30,59,201,290,1.410344827586207,0.03940994296858995,644,It's Shostakovich.  You won't notice the difference.
339,118,29,49,183,261,1.4099616858237547,0.04224995786081295,644,"No, Franz is my elder brother...I'm Pugi Liszt."
5694,119,25,76,207,308,1.4090909090909092,0.03627946177930307,644,"Tonight, only hits."
1123,120,24,57,176,257,1.4085603112840468,0.04090811022045579,644,This next little number will knock you out.
1899,121,22,67,183,272,1.4080882352941178,0.03857789997856895,644,Who requested a fight song?
3771,122,32,51,199,282,1.4078014184397163,0.04082990391832146,644,This piece is called 'Flight of the Elephant.'
4141,123,26,62,192,280,1.4071428571428573,0.03912537685114895,644,"You mean it isn't ""'Fight'"" of the Bumblebee?"""
3362,124,28,60,197,285,1.407017543859649,0.03926460842885639,644,Requiem for a Heavyweight
2398,125,29,64,207,300,1.4066666666666667,0.03812592330028312,644,"After all those Christmas carols, this one is for Boxing Day"
2360,126,25,76,209,310,1.4064516129032258,0.03609314728691862,644,Just wait until after intermission; that’s when the gloves come off!
705,127,25,58,183,266,1.406015037593985,0.04024157015455582,644,I’ll be playing this in pugilissimo.
429,128,27,60,194,281,1.405693950177936,0.03933724096434285,644,Anyone can play blindfolded.
3243,129,22,82,207,311,1.405144694533762,0.035125653280728406,644,Here’s the tricky part.
4199,130,26,61,192,279,1.4050179211469533,0.039207909797529944,644,I plan to take Beethoven in the Ninth.
1750,131,29,57,198,284,1.4049295774647887,0.039662309852907335,644,The ski boots are making it difficult to work the pedals.
5087,132,26,67,201,294,1.4047619047619047,0.03776162224249345,644,It'll be three rounds of Bach and then the gloves come off.
1180,133,36,51,217,304,1.4046052631578947,0.03970775873531675,644,"Tonight I'll be playing Chopin's Nocturne in C#, D, D#, E, and F Minor."
2378,134,28,58,196,282,1.4042553191489362,0.03954431346355593,644,For this next fugue I am going to take the gloves off.
1869,135,29,58,200,287,1.4041811846689896,0.03935268834896044,644,"It was at that moment,Ted realized he had put his boxing gloves on instead of his tuxedo pants. Again."
2605,135,25,66,196,287,1.4041811846689896,0.03809423274188297,644,And now for a little Rockymaninoff.
3844,137,30,58,204,292,1.404109589041096,0.03916150720455477,644,You don't understand.  I could've played a cadenza.  I could've been somebody!
3812,138,34,60,223,317,1.4037854889589905,0.03795624599934335,644,"And now, a Chopin nocturne in C, D, E, F and very probably G."
3290,139,24,67,194,285,1.4035087719298245,0.03795431350799256,644,This next one goes out to all my critics
438,140,31,57,207,295,1.4033898305084747,0.03915936246885043,644,I will only be playing my hits.
3678,141,25,58,185,268,1.4029850746268657,0.03999790577073699,644,This one goes out to my ex wife.
530,142,25,62,191,278,1.4028776978417266,0.03895861793834159,644,"This next piece is titled ""Ode To My Parents Who Could Not Agree On After School Activities"""
1249,143,30,54,199,283,1.4028268551236749,0.04006074793982379,644,And now a little piece I wrote watching the news.
196,144,30,56,202,288,1.4027777777777777,0.039548020157720826,644,"And now, The Ill-Tempered Clavier."
4847,145,29,60,204,293,1.4027303754266212,0.0387515284084519,644,Bach off.
1983,146,25,71,205,301,1.4019933554817277,0.03681067120826515,644,Could somebody scratch my nose?
3695,147,22,66,186,274,1.4014598540145986,0.03831973550360166,644,I'm sorry. All I know are fight songs.
126,148,25,72,207,304,1.4013157894736843,0.03654804292428158,644,"The next selection is my own composition,'Rhapsody in Black and Blue'."
2610,149,35,43,204,282,1.400709219858156,0.04168891278967556,644,I am now going to play a piano interpretation of Donald Trump’s presidency.
3762,150,29,57,201,287,1.4006968641114983,0.0393224734911063,644,"And now the theme from Rocky, as it was meant to be played."
2413,151,24,68,198,290,1.4,0.03745896215331052,644,I tend to fight Bach.
1205,152,28,63,207,298,1.3993288590604027,0.037951980312764956,644,Yeah. I’m that good.
5045,152,26,67,205,298,1.3993288590604027,0.037351815666622414,644,"Next, Gershwin's Rhapsody in Black and Blue"
3055,154,22,69,192,283,1.3992932862190812,0.03744192617196069,644,Anyone can play with his bare hands.
3902,155,25,61,192,278,1.3992805755395683,0.03892563087206152,644,This last piece is from my boxed set.
3749,155,30,51,197,278,1.3992805755395683,0.04055939779750471,644,"The next piece is entitled, ""The Trump White House."""
3126,157,27,45,176,248,1.3991935483870968,0.0430412660852701,644,"And now, the hits."
1553,158,23,72,201,296,1.3986486486486487,0.03659829156819637,644,Any other hecklers out there?  I thought not.
4388,158,25,68,203,296,1.3986486486486487,0.037218859011198945,644,Next critic?
1850,160,28,54,194,276,1.3985507246376812,0.040118306646630596,644,Tonight I'll be performing some of my greatest hits.
183,161,21,81,207,309,1.3980582524271845,0.034917816787668275,644,This next piece is for the critic who called me a 'lightweight.'
2429,162,26,65,203,294,1.3979591836734695,0.03770092565935848,644,This tune is dedicated to the President
3839,162,28,61,205,294,1.3979591836734695,0.038311809560598,644,"And now, time to knock out a few classics."
3225,164,23,68,196,287,1.397212543554007,0.03738448335808477,644,I dedicate this piece to the Times critic in the second row.
138,165,29,46,187,262,1.3969465648854962,0.0420159628173151,644,It’s not like you can hear me over your phones anyhow.
3574,166,20,73,192,285,1.3964912280701753,0.036561582783803385,644,The inspiration for my next piece comes from being bullied on my way to piano lessons.
1221,167,23,55,177,255,1.396078431372549,0.04064405044241011,644,You'll find this next piece has a little extra punch.
820,168,22,58,178,258,1.3953488372093024,0.03992165332040386,644,"And now, the 1812 Overture as it was meant to be played."
1864,169,25,67,204,296,1.3952702702702702,0.03718714023348123,644,I'm done tickling them.
2661,170,26,46,176,248,1.3951612903225807,0.04262092889877439,644,"I coulda been a cadenza."""
2624,171,23,67,196,286,1.3951048951048952,0.03745576000058969,644,"I will now perform ""Dance of the Sugar Ray Plum Fairy""."
135,172,25,62,197,284,1.3943661971830985,0.03828929482228705,644,I like to play this one Pugilisimo
3295,173,28,59,205,292,1.393835616438356,0.038463172263251036,644,"This next piece is called
A Presidential Press Conference."
3082,174,27,70,218,315,1.3936507936507936,0.036140138497643734,644,Let's see how many of youse remember dis one…
1801,175,28,60,207,295,1.3932203389830509,0.03817381535112128,644,"Let's have a clean fugue, and no hitting below middle C."
4848,176,23,55,179,257,1.3929961089494163,0.04038576163410483,644,I thought you said FIGHT of the bumblebee.
4150,177,24,62,194,280,1.3928571428571428,0.038332116838660876,644,And now for a piece my two year old son wrote
1745,177,27,67,214,308,1.3928571428571428,0.03671552243818139,644,I coulda been a composer
381,177,27,56,197,280,1.3928571428571428,0.039321191447454155,644,"And now, my rendition of the crap these kids are listening to nowadays."
2431,180,25,67,206,298,1.3926174496644295,0.03698458240901038,644,This next tune may ring a bell.
1861,181,29,75,235,339,1.392330383480826,0.0348071057794333,644,"This next tune was written by Mike Tyson, who, I'm told, plays by ear."
3960,182,25,70,211,306,1.392156862745098,0.03629426864194988,644,"And for my next piece, ""Requiem for a Heavyweight."""
509,183,23,63,192,278,1.3920863309352518,0.0381816986953762,644,I was misled about how duelling pianos worked.
2362,184,29,49,195,273,1.3919413919413919,0.04070958613435324,644,This next piece is dedicated to those critics who say I lacked a deft touch and attacked the piano with a pugilistic style.
938,185,21,63,184,268,1.3917910447761195,0.03846333143226389,644,"Good evening and welcome to our first 
Mixed Musical Arts competition."
3650,186,27,65,212,304,1.3914473684210527,0.03704639429748057,644,"Tonight, I've a score to settle with the piano."
2037,187,29,50,197,276,1.391304347826087,0.04037686928899761,644,And now... a medley of big hits.
2968,187,30,57,212,299,1.391304347826087,0.03837531678025726,644,"For my final piece, I'd like to play for you Mozart's 'Requiem for a Heavyweight.'"
5044,189,29,48,194,271,1.3911439114391144,0.040923256640829686,644,The critic from the Times will not be joining us this evening.
5248,190,31,60,221,312,1.391025641025641,0.03747850564286296,644,"And now, my latest composition:”Requiem For a Heavyweight.”"
2830,191,29,55,205,289,1.3910034602076125,0.03903398607462769,644,"I will now play for you Mozart's little-known ""Requiem for a Heavyweight."""
4672,192,23,70,204,297,1.3905723905723906,0.03643337835050146,644,Give me a minute while I break in this new piano.
167,193,25,64,203,292,1.3904109589041096,0.037500200172845444,644,Could I have a volunteer from the audience to come scratch my nose?
2695,194,28,56,203,287,1.3902439024390243,0.03891336757158368,644,"And now, my tribute to Philip Glass."
589,195,23,67,200,290,1.389655172413793,0.03703756199985667,644,"I call it ""Fur Ali."""
664,195,23,67,200,290,1.389655172413793,0.03703756199985667,644,I call it pugilissimo.
217,197,26,64,208,298,1.389261744966443,0.03725576732825294,644,"And now, Mozart's ""A Little Fight Music"""
4146,198,26,71,219,316,1.389240506329114,0.03573666014129243,644,I will now perform 'Rhapsody in Black & Blue'
4662,199,25,64,204,293,1.3890784982935154,0.03739574020787941,644,What would you have done if your teacher kept hitting your fingers?
4135,200,29,59,213,301,1.388704318936877,0.03787278271956559,644,And now something for the critics
2874,201,25,46,176,247,1.388663967611336,0.04229366160249099,644,"This next piece is called Sonata in C, D, E, F, G, and B Flat Minor."
4038,202,24,65,202,291,1.388316151202749,0.037253797377656,644,"Sorry sir, but ""My Way"" means my way."
5278,202,25,63,203,291,1.388316151202749,0.037570532462508494,644,"And now, Beethoven in the 5th."
5522,204,29,56,209,294,1.3877551020408163,0.03851687252492814,644,I'd like to knock out a few tunes for you
220,205,28,63,216,307,1.3876221498371335,0.03703829683145502,644,My father wanted me to box and my mother wanted me to play the piano. I call this piece The Regrettable Compromise.
1132,206,29,54,206,289,1.3875432525951557,0.03899988966711665,644,"And now the Minuet in C, C sharp, D, D sharp, E, F, F sharp"
4207,207,25,56,193,274,1.3868613138686132,0.039208346906310296,644,Tonight I’d like to play a medley of my hits.
5149,208,23,77,218,318,1.3867924528301887,0.03470643624861546,644,Alex Ross wrote last week that I played as if wearing boxing gloves.  This next piece is for Alex.
4839,209,30,59,219,308,1.3863636363636365,0.03750752244483977,644,Can ANYONE name that tune ?? Anyone ?? Anyone ??
5084,210,28,56,206,290,1.3862068965517242,0.03858010037474643,644,I give you Rockymaninoff.
1812,211,20,60,179,259,1.386100386100386,0.03895271593926726,644,"Before  I begin I want to thank my piano teacher, Mike Tyson."
853,212,21,51,169,241,1.3858921161825726,0.041395110911589456,644,Can somebody adjust my tie?
3806,213,21,62,187,270,1.385185185185185,0.03819209487555802,644,There are no white notes; there are no black notes; there are just... notes.
468,213,21,62,187,270,1.385185185185185,0.03819209487555802,644,It’s an experimental piece.
5505,215,18,61,173,252,1.3849206349206349,0.03888966323759257,644,I was told my tunes weren't punchy enough.
823,216,28,61,215,304,1.3848684210526316,0.037273197346245054,644,"""Do I hear a request for Rhapsody in Black and Blue?"""
98,217,27,61,211,299,1.3846153846153846,0.03742053760933295,644,For this next one I'll need a volunteer.
3781,217,27,46,187,260,1.3846153846153846,0.04142158699994513,644,"And next, a piece written by President Trump."
4183,217,26,63,210,299,1.3846153846153846,0.0371194079923251,644,And the hits just keep coming.
4297,220,23,65,201,289,1.3840830449826989,0.03706848062635257,644,"Oh, THAT kind of dueling pianos."
1722,221,22,60,189,271,1.3837638376383763,0.038434686213814274,644,And now. Gershwin as you've never heard him.
5144,222,23,53,182,258,1.3837209302325582,0.04017344456430396,644,Now I'd like to knock out a few requests.
614,223,18,66,182,266,1.3834586466165413,0.03745470012656111,644,This next piece is a knockout.
4567,224,25,60,202,287,1.3832752613240418,0.03788976296121843,644,"We've had a request for ""Hit Me With Your Best Shot."""
3919,225,26,53,195,274,1.3832116788321167,0.03950895989336682,644,"Tonight, I will finally give this piano what it has deserved for years."
4158,226,27,64,217,308,1.3831168831168832,0.036618599976100286,644,The ivories have announced they no longer want to be tickled.
4510,227,21,71,203,295,1.383050847457627,0.03588984361078553,644,"If you don't like my playing, I suggest you keep your mouth shut."
4890,228,23,53,183,259,1.3822393822393821,0.04004544968831783,644,I float like a butterfly and sting like a B-sharp.
1285,229,20,67,193,280,1.3821428571428571,0.036855177035497996,644,"And now, a Victor Borge etude  from his deconstructive period."
4423,230,21,79,217,317,1.3817034700315458,0.034148690346947154,644,We're recording this one as a boxed set.
1112,231,28,60,216,304,1.381578947368421,0.037239169050641265,644,I dedicate this last tune to the guy snoring in row one
4337,232,21,61,188,270,1.3814814814814815,0.038150012853960684,644,"And for my next piece, I will need a new piano."
4522,233,23,68,208,299,1.3812709030100334,0.036164684624742,644,I'm done tickling the ivories.
2005,234,16,69,180,265,1.381132075471698,0.03675394915389458,644,I call this number “Rhapsody in Black and Blue”
4259,235,27,48,193,268,1.3805970149253732,0.040467097860435605,644,"Oh, sure, when Glenn Gould does it it's 'eccentric,' but when I do it you say 'Larry has dementia pugilistica.'"
4917,236,19,73,200,292,1.38013698630137,0.035453364375293436,644,"And as promised, my finale is a real knockout."
5238,237,23,63,201,287,1.3797909407665505,0.03720236324749586,644,"Ladies and Gentlemen, welcome to my first ever Pay-Per-View event..."
2683,238,24,64,207,295,1.3796610169491526,0.03680387409200969,644,"And now, as promised, a knockout performance"
1203,239,29,46,199,274,1.3795620437956204,0.04047219145783478,644,"Howard had gravely misunderstood what the club manager meant by ""dueling pianos."""
5410,240,28,51,203,282,1.3794326241134751,0.03930196395423813,644,I like to think that I legato like a butterfly and staccato like bee.
2340,241,27,57,209,293,1.378839590443686,0.037908527994401336,644,"And now, the Gold’s Gym Variations"
4064,242,17,69,186,272,1.3786764705882353,0.03646160601174867,644,This song is dedicated to my mother-in-law....
361,243,31,45,207,283,1.3780918727915195,0.040133627885514306,644,"And now, 'Requiem for a Heavyweight.'"
5397,244,27,56,208,291,1.3780068728522337,0.038087226894915616,644,"...and now Piano Concerto No. 2 in C Minor. And also in A Major, B Minor, D Minor, E Minor, F Major and G Major. Just because I can."
673,245,19,58,177,254,1.3779527559055118,0.038994819227268475,644,Subtlety and nuance are so overrated.
1390,246,24,57,197,278,1.3776978417266188,0.03836477271542723,644,"And now, an ode to my ex-wife."
5052,247,24,60,202,286,1.3776223776223777,0.037596933682983974,644,You should see the other piano
5335,248,25,64,213,302,1.3774834437086092,0.03647930316323254,644,"Why yes, it IS a player piano. Why do you ask?"
909,249,20,61,187,268,1.376865671641791,0.03792816334852929,644,We're doing the 1812 .... couldn't afford the cannons
3344,250,19,66,191,276,1.3768115942028984,0.036804435310655324,644,And now for the main event. Brahm's Requiem for a Heavyweight.
3937,250,17,70,189,276,1.3768115942028984,0.03608137381350761,644,The next piece is scheduled to go four rounds.
3959,250,23,58,195,276,1.3768115942028984,0.038209531573528764,644,My next piece will be “Fight of the Bumblebee”
1710,253,27,62,219,308,1.3766233766233766,0.03654914518082535,644,I call this one 'Crippling the Ivories'.
2007,253,23,70,215,308,1.3766233766233766,0.03537278707779355,644,"I will now play The Boxer by Simon & Garfunkel, as it's never been played before."
2219,253,20,76,212,308,1.3766233766233766,0.0344641785743157,644,I wish to prove wrong the critic who said I played as if I were wearing boxing gloves
2780,253,27,62,219,308,1.3766233766233766,0.03654914518082535,644,You wanna come up here and say that?
2949,257,20,68,199,287,1.3763066202090593,0.036165546430073796,644,"And now, 'Toddlers Pounding on Piano', an original score by my 3-year old twins."
2274,258,29,59,223,311,1.3762057877813505,0.036859373993513134,644,"I call this next piece ""Beethoven's Fist""."
1237,259,27,49,198,274,1.3759124087591241,0.03976499471463679,644,"For my next song I'll play something from the early Trump years, Covfefe, in g-minor."
1735,259,20,63,191,274,1.3759124087591241,0.03733756866150654,644,"And now, Rossini's earlier and lesser-known work, The Boxer of Seville."
3235,259,25,53,196,274,1.3759124087591241,0.03908683024531206,644,"I tell ya, I coulda been somebody...
I coulda been a conductor!"
5267,262,23,63,204,290,1.3758620689655172,0.03688617410234931,644,I love pounding the ivories.
3103,263,31,50,217,298,1.3758389261744965,0.038605215843311114,644,And now for another piece composed by Donald J Trump
3511,264,23,55,191,269,1.3754646840148699,0.03889781257252935,644,I will be performing the cannon solo from Tchaikovsky's 1812 Overture transcribed for piano.
2727,265,20,64,193,277,1.3754512635379061,0.037051273931024434,644,"If you’re looking for treble, you found it."
490,266,27,53,205,285,1.3754385964912281,0.038636904062252106,644,"Ladies and gentleman, I will now play for you, ""The Ill-Tempered Clavier"""
4753,267,23,65,208,296,1.375,0.03634954621241965,644,I am also a neurosurgeon.
3542,267,24,51,189,264,1.375,0.039780442192837995,644,My other instrument is the hammered dulcimer.
2452,267,25,58,205,288,1.375,0.0377035063901936,644,"And now, Liszt's sonata in B minor, B major, A minor, C major... All of the keys, really."
91,267,23,65,208,296,1.375,0.03634954621241965,644,The finale is a knockout.
478,267,20,68,200,288,1.375,0.036063430804967794,644,"This will be easy, tying my tie was the difficult task."
1107,267,23,56,193,272,1.375,0.038586302708015774,644,Tickling isn't what these ivories like.
2059,273,24,64,211,299,1.374581939799331,0.03639849484462537,644,Now I'd like to pound out some old favorites.
807,274,26,62,217,305,1.3737704918032787,0.036479893278564685,644,It's a variation I call 'The Fight of the Bumblebee.'
3631,275,21,69,207,297,1.3737373737373737,0.03561581273775688,644,Will someone ring the bell so I can start?
2186,276,18,66,189,273,1.3736263736263736,0.036677140581969116,644,"Tonight, I go 10 rounds with Liszt"
2278,277,18,63,184,265,1.3735849056603773,0.03743015113671012,644,I dedicate this next number to everyone who believed  I coulda been a contender.
4954,278,21,67,204,292,1.3732876712328768,0.036030704840859025,644,"Oh, 'boo' yourself! Let's see you try it!"
719,279,25,50,193,268,1.373134328358209,0.03968378122925809,644,So what? Beethoven was deaf.
5182,280,24,68,219,311,1.3729903536977492,0.03538768629280799,644,I am very happy to be back here in Madison Square Garden
441,281,28,45,198,271,1.3726937269372694,0.040388629645792255,644,I need another page-turner.
2220,282,21,67,205,293,1.372013651877133,0.035930116941035935,644,"I have wrestled with Tchaikovsky my entire life, but tonight I'm going to clobber him!"""
2819,283,20,60,189,269,1.3717472118959109,0.03776647150295059,644,I dare you to keep your cell phone on.
4341,284,25,54,201,280,1.3714285714285714,0.038429790580196306,644,Hecklers are welcome to join me onstage.
1589,285,25,51,196,272,1.3713235294117647,0.03923934952351384,644,"For you, Mr. President, very large clumps of only white keys."
5119,286,20,65,198,283,1.3710247349823321,0.036452054257135276,644,I shall select Rhapsody in Black and Blue
5430,286,21,63,199,283,1.3710247349823321,0.03679419834618141,644,"It's a percussion instrument, dammit!"
4002,288,27,52,207,286,1.3706293706293706,0.038483280902341835,644,This is going to hurt you more than it hurts me.
1275,289,20,60,190,270,1.3703703703703705,0.03765151829609089,644,"First, I like to show the piano who’s boss."
2194,290,19,71,205,295,1.3694915254237288,0.03507916689848643,644,This is my concerto in 15 rounds.
3347,291,22,55,191,268,1.3694029850746268,0.03856622904964057,644,The next piece is from the Maestro's black and blue period.
1668,292,23,67,216,306,1.369281045751634,0.035447460654309246,644,I'll begin our evening of Wagner with 15 rounds in The Ring.
737,293,18,64,189,271,1.3690036900369005,0.03680183646732741,644,This last movement opens with a mandatory eight count.
1455,293,23,54,194,271,1.3690036900369005,0.03861402854811849,644,This might sound a little rocky.
5532,295,23,61,206,290,1.3689655172413793,0.03680353967778603,644,"We'll start on the count of three -- and, of course, finish on the count of ten."
2831,296,28,49,208,285,1.368421052631579,0.03887403858145397,644,"I will next perform Rachmaninoff's piano concerto No. 2, in the key of B-flat, A-flat and D-sharp."
3514,297,22,62,204,288,1.3680555555555556,0.03664351487551572,644,And now for some Phillip Glass.
5029,298,12,75,182,269,1.3680297397769516,0.03465195721850976,644,Rhapsody in black and blue.
1640,299,27,60,223,310,1.367741935483871,0.03627927242420379,644,This next piece is titled Beethoven's Fifth Round.
137,300,30,48,216,294,1.3673469387755102,0.038596751264762814,644,I seem to have Baroque the piano.
4156,301,23,55,197,275,1.3672727272727272,0.03819161248285463,644,It’s my reminder to think outside the Bachs.
1709,302,31,43,212,286,1.367132867132867,0.03969752043990642,644,"I shall now play ""Flight of the elephant."""
1498,303,20,51,177,248,1.3669354838709677,0.039918142817824805,644,"Inspired by a recent court order, I call this piece 
""Anger Management"""
5244,304,26,50,202,278,1.3669064748201438,0.03890822643089684,644,"And now, “Flight of the butterfly, by Muhammad Ali."
242,305,19,59,187,265,1.3660377358490565,0.03771154162805563,644,And now for something a little more dissonant.
2014,305,20,57,188,265,1.3660377358490565,0.03808868777473692,644,Can I get a volunteer to turn pages....?
5479,307,18,65,193,276,1.3659420289855073,0.0363049329488769,644,"Still, a man hears what he wants to hear, and disregards the rest."
3251,308,19,64,196,279,1.3655913978494623,0.0363899268868004,644,And here's a little something that I knocked out this afternoon...
3614,309,22,62,206,290,1.3655172413793104,0.03643444725244251,644,This next piece is my homage to cognitive dissonance.
3450,310,20,70,211,301,1.3654485049833887,0.034870534870063766,644,For my next hit...
2523,311,21,57,193,271,1.3653136531365313,0.03785161759761161,644,"I am going to play an original composition that I am sure you will love, if you know what's good for you."
1791,312,23,57,202,282,1.3652482269503545,0.03749080679891643,644,"My next piece is entitled...""To Hell With Nuance"" ."
657,312,21,61,200,282,1.3652482269503545,0.03681144268721871,644,"I dedicate this next piece to the critics."""
3984,314,26,56,214,296,1.364864864864865,0.03716268270988439,644,"I’ve finished writing the verses, but I still need the right hook."
4333,315,27,47,203,277,1.364620938628159,0.03931562906569895,644,"And now for my sonata in C, C sharp, D, E, and F."
4505,316,19,67,202,288,1.3645833333333333,0.03559385545930094,644,"For my encore, I will play a little-known piece by George Gershwin and Joe Louis."
5221,316,26,53,209,288,1.3645833333333333,0.0378985387610729,644,And now I shall play Beethoven's Fist.
5077,318,25,59,215,299,1.3645484949832776,0.03658569833058342,644,"Next, Variations on a Theme by Pugilisti."
2466,319,22,62,207,291,1.3642611683848798,0.036330746868783736,644,Next I am going to play one of my smash hits
5696,320,20,59,193,272,1.3639705882352942,0.03737487477496255,644,I can't start without my page turner!
2280,321,23,57,203,283,1.3639575971731448,0.03738038294661348,644,"And now, Beethoven's 5th Round!"
5004,322,20,67,207,294,1.3639455782312926,0.035417722568870734,644,Next I'll perform a few classical hits.
2557,322,26,55,213,294,1.3639455782312926,0.037332558721184066,644,I call this next one “An Ode to 2018.”
3348,324,21,70,217,308,1.3636363636363635,0.034611317604557115,644,I've been told you're a tough audience.
4209,324,27,54,216,297,1.3636363636363635,0.037363406205763026,644,Here are some of my greatest hits.
4251,326,26,53,210,289,1.3633217993079585,0.03778823786831217,644,"I'm warning you coughers, one more sound and the gloves are coming off."
2983,327,23,52,195,270,1.362962962962963,0.03863811805368384,644,That last Christmas concerto was by Rachmaninoff.  And a now a little something for Boxing Day.
3750,328,24,55,205,284,1.3626760563380282,0.03760291973308566,644,"And now, a rarely-performed work by an obscure composer ..."
303,329,18,63,192,273,1.3626373626373627,0.03653159579919425,644,This piece calls for more force and less precision.
2827,330,28,60,232,320,1.3625,0.035679422078764234,644,This first piece will be a knockout.
5473,331,25,58,215,298,1.3624161073825503,0.03664627106727999,644,"'This piece knocked me out the first time I heard it."""
2564,332,22,56,198,276,1.3623188405797102,0.03768115942028986,644,That's it! The gloves are coming off.
3383,332,18,64,194,276,1.3623188405797102,0.03625559171665827,644,It's hard to follow a banjo-playing elephant
3668,334,23,59,208,290,1.3620689655172413,0.03671623719807193,644,"My version of ""Hit Me With Your Best Shot""."
695,335,18,61,189,268,1.3619402985074627,0.03698708535784774,644,"Now, I’d like to hit you with something new!"
2861,336,25,43,189,257,1.3618677042801557,0.040767634128434066,644,And now for George Gershwin's 'Rhapsody in Bruise.'
1517,337,18,74,212,304,1.361842105263158,0.0339546119467396,644,"And now, I will play the theme from Rocky  as it was originally composed."
192,338,21,61,203,285,1.3614035087719298,0.03649037272571515,644,This piece is a knockout.
3794,338,26,51,208,285,1.3614035087719298,0.038145715474346586,644,I shall legato like a butterfly and staccato like a bee.'
3096,340,23,66,221,310,1.3612903225806452,0.03502873171896923,644,Turns out the ivories prefer to be roughed up a little.
3496,341,21,53,189,263,1.361216730038023,0.0386032382787696,644,"And now, mauler"
4759,342,28,57,228,313,1.3610223642172523,0.03623281886258464,644,Now I’ll play for you a medley of hits.
1796,343,24,61,217,302,1.3609271523178808,0.0359770663564519,644,No other pianist would even attempt this.
4791,344,23,55,202,280,1.3607142857142858,0.037621259341155164,644,I will now play Chopin's Nocturne in Be-Flattened.
3421,345,29,58,235,322,1.360248447204969,0.03576462196211541,644,"My first selection is ""Blunt Force Trauma, in E-Minor."""
3321,346,17,71,204,292,1.3595890410958904,0.034517942880494375,644,"This next tune is called ""Fight of the Bumblebee."""
5151,346,25,55,212,292,1.3595890410958904,0.03714546677821769,644,I call this piece Beethoven's Fifth Round.
341,348,17,67,197,281,1.3594306049822065,0.03541774607984928,644,I haven't practiced this piece much.  I figured I'd just knock it out.
4130,349,20,58,195,273,1.358974358974359,0.03721123699142256,644,"'I'd like to dedicate this next number to my ex-wife."""
5133,350,25,53,209,287,1.3588850174216027,0.0375984762731757,644,"This one's called ""Eine Kleine Knockout-musik."""
3030,351,27,54,220,301,1.3588039867109634,0.036944358125283655,644,LLLET'S GET READY TO CRESCENDOOOOOOO!!!!
1105,352,21,52,189,262,1.3587786259541985,0.03867349657397115,644,And now I’d like to bang out a few of my favorite tunes.
3584,352,18,58,186,262,1.3587786259541985,0.03752195289306178,644,My next number may lack subtlety but it more than makes up for it in punch.
4121,352,27,40,195,262,1.3587786259541985,0.04087938495076192,644,"And now, my new arrangement of 'Hail to the Chief.'"
3573,355,22,65,217,304,1.3585526315789473,0.035167185991129946,644,Time to break in the new piano
607,356,16,63,186,265,1.3584905660377358,0.036448895163494845,644,This next piece consists of twelve rounds.
376,357,20,60,199,279,1.3584229390681004,0.03664554658256557,644,"Float like a butterfly, sting like a B flat."
2114,358,20,65,208,293,1.3583617747440273,0.03542585274528773,644,And now for Beethoven's Ninth Round.
3023,359,16,59,179,254,1.358267716535433,0.03750605810314458,644,"And now, I’ll be playing the hits."
5286,359,14,63,177,254,1.358267716535433,0.03666686802356525,644,This next song begins with a standing eight count
3609,361,27,61,233,321,1.3582554517133956,0.035272722379359904,644,I can't Handel this.
4274,362,18,65,199,282,1.3581560283687943,0.035670489920581035,644,"And for the finale, here’s a little something that my 3 year old banged out."
4996,363,24,59,216,299,1.3578595317725752,0.03619166003659561,644,"And now, a flurry of left jabs in G-minor."
4128,364,22,64,216,302,1.3576158940397351,0.03531642115715939,644,"And now, if you don't mind, I'd like to knock out a little Chopin."
3333,365,17,65,195,277,1.3574007220216606,0.035732963318229075,644,And now for Eine kleine Knockout Musik.
4403,366,19,59,194,272,1.3566176470588236,0.036907552963438964,644,Wait...wait...for the punch line!
1403,367,22,54,199,275,1.3563636363636364,0.03769686016864228,644,I get a lot of criticism for this next one.
626,367,21,56,198,275,1.3563636363636364,0.037343144836887276,644,And now for some Rockymaninoff.
2213,369,22,65,219,306,1.3562091503267975,0.03497610618710076,644,My next number is a knock out.
1149,370,25,54,213,292,1.356164383561644,0.03710041135719776,644,"I'll play your request, maam, but for future reference it's ""*Flight* of the Bumblebee"""
1287,371,24,51,203,278,1.356115107913669,0.038093510648775634,644,Oh!  You meant BACH'S music?
5293,372,17,55,178,250,1.356,0.03830043987709692,644,Tonight The 1812 Overture. Just the cannons firing part.
4621,373,20,70,219,309,1.3559870550161812,0.03412686938244878,644,And now for a punchy tune!
5132,374,17,67,200,284,1.3556338028169015,0.03511096548687684,644,"Everyone else tickles the ivories"""
5012,375,22,59,209,290,1.3551724137931034,0.03629698283115819,644,This should settle the score!
1040,376,21,56,199,276,1.355072463768116,0.037229993884952205,644,Now a little something from Dukes Ellington.
751,377,24,56,213,293,1.3549488054607508,0.036676234166047664,644,Beethoven’s 9th Round
567,378,16,67,196,279,1.3548387096774193,0.03515758666827066,644,And now for something with a bit of a punch.
4214,379,19,56,190,265,1.3547169811320754,0.03755244165707494,644,I thought this piece could use a little more punch.
1457,380,22,63,217,302,1.3543046357615893,0.035271525087330766,644,"...and now, ""The Black and Blue Danube""."
790,381,25,59,224,308,1.353896103896104,0.03568735548666607,644,Because I'm tired of wrestling with my muse.
2580,382,20,64,210,294,1.3537414965986394,0.0352786504946242,644,One more comment like that and these gloves are coming off.
1942,383,29,41,210,280,1.3535714285714286,0.03951777108574202,644,I call this next piece 'Losing a Bet'
2073,383,18,63,199,280,1.3535714285714286,0.035777593659043094,644,"For my next number, I’ll need a volunteer from the audience...."
78,385,27,51,219,297,1.3535353535353536,0.0372340247420798,644,Now for my biggest hit
2243,386,22,57,207,286,1.3531468531468531,0.03662423256392449,644,Brad was asked to knock out a tune.
4835,387,20,56,196,272,1.3529411764705883,0.03722042281275146,644,All That Jabz.
4293,388,23,63,223,309,1.3527508090614886,0.03499466516317171,644,You shoulda seen the other Steinway!
3478,389,14,69,192,275,1.3527272727272728,0.03471095062805176,644,"I call it, “Rhapsody in Black and Blue.”"
4515,390,23,53,205,281,1.3523131672597866,0.03741130783269863,644,"Now, the Philip Glass variations on Paul Simon's ""The Boxer."""
5506,390,20,59,202,281,1.3523131672597866,0.03637784617650275,644,Where is my page turner?
62,392,20,66,215,301,1.3521594684385383,0.03469070685722279,644,I think you'll find this one less subtle than my earlier works
2418,393,17,66,201,284,1.352112676056338,0.03505914484150243,644,I'm just going to punch it up a bit.
3301,394,19,63,205,287,1.3519163763066202,0.035502162919360564,644,Now I’d like to knock out a little tune for you.
634,395,18,72,217,307,1.3517915309446253,0.03359203985562158,644,"And, now for something completely different."
94,396,20,56,197,273,1.3516483516483517,0.037106362174056655,644,"Now, for the fight song."
479,396,22,52,199,273,1.3516483516483517,0.037825253663641,644,This tune should ring a bell.
1236,398,20,63,210,293,1.3515358361774743,0.0353300079772089,644,I'm going to regale you folks with a few of my best hits.
2887,398,23,57,213,293,1.3515358361774743,0.03630893787334454,644,This one was written by my three-year-old
5273,400,24,50,205,279,1.3512544802867383,0.037928263465243445,644,And now a selection from my boxed set.
1242,400,20,58,201,279,1.3512544802867383,0.0365432603590698,644,And now a piece by Sugar Ray Charles...
1143,402,25,57,223,305,1.3508196721311476,0.03589456673472809,644,"And now Beethoven’s sonata in C, B, Bb, A and G#."
2914,403,20,61,207,288,1.3506944444444444,0.03573990147417517,644,"Now is there ANYONE ELSE who thinks
they want to leave before my recital is over ???"
5368,404,20,69,222,311,1.3504823151125402,0.03390031997422241,644,This next piece is a bit heavy-handed.
1950,405,22,52,200,274,1.3503649635036497,0.03770879831742496,644,This piece was composed when Mozart was only two.
3065,405,16,64,194,274,1.3503649635036497,0.03551802292437573,644,"Next up, Theme From Rocky."
3927,407,16,71,207,294,1.3503401360544218,0.033886251329152885,644,"For this next piece, I’ll be taking the gloves off!"
1255,408,21,64,218,303,1.3498349834983498,0.034815708242323065,644,While I drink a glass of water.
2093,408,21,64,218,303,1.3498349834983498,0.034815708242323065,644,Will someone hit the bell?
4187,408,21,64,218,303,1.3498349834983498,0.034815708242323065,644,"I'd like to dedicate the next song to my ex-wife. Trudy, this one's for you."
713,411,21,66,222,309,1.3495145631067962,0.03434339873903768,644,You said you wanted a fight song.
5342,412,26,49,214,289,1.3494809688581315,0.03760516813587336,644,A brief pause while I respond to a recent review.
4883,413,21,52,196,269,1.3494423791821561,0.037826500611933433,644,"Ladies and gentlemen, I am so sorry, I just realized that these are my violin gloves."
564,414,18,59,195,272,1.349264705882353,0.0364287614100942,644,And now J.S. Bach's – The Ill-Tempered Clavier
2645,415,23,64,228,315,1.3492063492063493,0.03447943266340134,644,This next piece is gonna knock you out.
5316,415,15,58,179,252,1.3492063492063493,0.037144538075957564,644,And for my next round...
226,417,24,55,216,295,1.3491525423728814,0.03641955579072769,644,And now for some of my boxer shorts.
4311,417,22,59,214,295,1.3491525423728814,0.035780775578814435,644,And now for a punchy little number.
3731,419,23,50,202,275,1.3490909090909091,0.03794440677715897,644,I'm the guest pianist at the Trump Family Christmas Party.
4695,420,28,55,235,318,1.349056603773585,0.03566920930330803,644,"and now, from the ring cycle..."
2743,421,18,61,199,278,1.3489208633093526,0.03588346045268754,644,I'd like to dedicate this next piece to my wife of 36 years.
3996,422,21,63,217,301,1.3488372093023255,0.03496115436830909,644,My next composition is played in twelve 3 minute rounds.
1325,422,22,61,218,301,1.3488372093023255,0.035276489465452136,644,And now... a medley of my favorite hits
372,422,27,51,223,301,1.3488372093023255,0.0368126701043709,644,"And now, the Fight of the Bumblebee."
1477,425,25,57,225,307,1.3485342019543973,0.035696824410391265,644,This next one is a punchy little tune….”
5629,426,24,44,196,264,1.3484848484848484,0.039428490436447645,644,"And now, a little Rockymaninoff."
4377,427,21,51,195,267,1.348314606741573,0.03800944244865635,644,Can you hear me now ?
14,428,23,56,214,293,1.348122866894198,0.03626056404739456,644,And now for some of my greatest hits.
1424,429,14,67,192,273,1.347985347985348,0.03480278725193651,644,"Most players “tickle” , 
I choose to pummel."
1866,430,21,61,214,296,1.347972972972973,0.035356761631046306,644,I knocked out this piece in just ten minutes.
2515,430,17,69,210,296,1.347972972972973,0.034036503232045524,644,I've found these to be enormously helpful in performing Bartok.
3942,432,26,52,221,299,1.3478260869565217,0.03667177762328044,644,"I call this next piece, ""Pounding Headache""."
5027,432,18,52,183,253,1.3478260869565217,0.03827301622634354,644,And now for Chopin with some punch.
3178,432,28,40,208,276,1.3478260869565217,0.03953096144053871,644,This is The Bad-Tempered Clavier
625,435,24,65,236,325,1.3476923076923077,0.033997761117108366,644,And now for a few of my greatest hits...
5470,436,23,53,209,285,1.3473684210526315,0.03696720615036048,644,I think I've lost this bet already.
539,437,20,53,195,268,1.3470149253731343,0.0375189988469111,644,"Before I begin, are there any critics in the audience tonight?"
5546,437,20,53,195,268,1.3470149253731343,0.0375189988469111,644,"And now, a few of my greatest hits."
392,439,20,71,229,320,1.346875,0.03319708103528567,644,"Trust me, this next song will be a knockout."
3353,440,19,57,198,274,1.3467153284671534,0.03657447321646628,644,Next I will play a special piece for Boxing Day.
1171,441,16,72,212,300,1.3466666666666667,0.03338012323638285,644,"I'd like to start with the second movement, third round."
42,442,19,58,200,277,1.3465703971119134,0.036298055228031284,644,"If you grew up on the streets of Philadelphia, you'll certainly appreciate this next piece."
1756,443,21,58,210,289,1.3460207612456747,0.03592136056701489,644,I've always loved dueling pianos.
3849,444,22,57,213,292,1.345890410958904,0.03599041329362813,644,Knock out a tune?
5531,445,24,55,219,298,1.3456375838926173,0.03610898532966836,644,You'll recognize this next piece from my boxed set.
4436,446,21,52,199,272,1.3455882352941178,0.0374741619042927,644,The insurance on my hands hasn’t been processed yet.
484,447,22,51,202,275,1.3454545454545455,0.03753906493121527,644,I float like a butterfly and sting like B flat.
3046,448,13,60,176,249,1.3453815261044177,0.036506230036854784,644,"And now Ladies and Gentlemen, a medley of my greatest hits."
2293,449,19,58,201,278,1.3453237410071943,0.03618873023939038,644,You might be surprised by how subtle and intricate this piece is.
1584,450,25,49,213,287,1.3449477351916377,0.037406051221897926,644,"My next song is ""Fight of the Bumblebee."""
2448,451,22,46,193,261,1.3448275862068966,0.03895282637501561,644,"Rachmaninoff’s Concerto No. 2,” with all notes performed simultaneously."
5547,451,22,56,212,290,1.3448275862068966,0.03614875360640238,644,I’m going to knock out some tunes for you tonight.
5609,453,22,58,216,296,1.3445945945945945,0.03562982033374597,644,"Ladies and Gentlemen,'Beethoven's 5th Round'"""
5320,454,24,45,201,270,1.3444444444444446,0.038733684509272635,644,I'm ready to Bachs.
1873,455,21,63,221,305,1.3442622950819672,0.03457689206394182,644,"Believe it or not, that was a little tune I just knocked out."
968,456,17,63,202,282,1.3439716312056738,0.03510140490633165,644,What you are about to hear has never before been played in a concert  hall.
2435,457,18,62,205,285,1.343859649122807,0.035202431709260955,644,"My next piece is Mozart's Piano Concerto 22 in E Flat Major.  Unfortunately, you will not recognize it."
1273,458,22,57,215,294,1.3435374149659864,0.035783732429516206,644,Is there a volunteer to flip the music sheet?
1739,458,18,65,211,294,1.3435374149659864,0.03446165396664969,644,I'm done with tickling the ivories.
4250,458,19,63,212,294,1.3435374149659864,0.03479688308217604,644,Rough crowd tonight
590,461,28,46,223,297,1.3434343434343434,0.0374002901300512,644,This is it. This is the nightmare.
1463,461,21,60,216,297,1.3434343434343434,0.035206981446324614,644,Ever have that dream that you went to school in your underwear?  This is my version...
712,463,21,61,218,300,1.3433333333333333,0.034960826407980525,644,"Observe, ladies and gentlemen, as I put the 'K.O.' back in Tchaikovsky."
59,464,25,43,203,271,1.3431734317343174,0.038963766288050865,644,I will now play our new national anthem.
2223,465,19,67,220,306,1.3431372549019607,0.033854901852806076,644,This is a punchy little number.
1264,466,14,66,194,274,1.3430656934306568,0.034638975509318326,644,I could've been a contender if it weren't for those damn piano lessons.
2222,467,19,57,201,277,1.3429602888086642,0.0362420728280136,644,"Tonight, I will not be 'tickling the ivories' as they say..."
2011,467,20,55,202,277,1.3429602888086642,0.036601202821315175,644,"Opus 12, Round 7"
4898,469,21,54,205,280,1.3428571428571427,0.0366767396940371,644,Excuse me while I knock out a few songs.
483,470,20,57,206,283,1.342756183745583,0.03605635553667139,644,It just looks hard.
3214,470,15,67,201,283,1.342756183745583,0.03427472702621906,644,"And now I will perform ""Fight of the Bumblebee"""
4712,470,20,57,206,283,1.342756183745583,0.03605635553667139,644,This won't be pretty.
205,473,14,59,181,254,1.3425196850393701,0.036412012680976755,644,"I""ll start with one of my greatest hits."
542,474,11,78,203,292,1.3424657534246576,0.032136170055023255,644,And to conclude tonight's program of heavyweight composers...
3510,474,26,48,218,292,1.3424657534246576,0.03722621258686885,644,"I'd like to dedicate this encore to my parents, who forced me to play piano, when I would have preferred then, as now, to be doing something else."
1034,476,23,55,217,295,1.3423728813559321,0.03600292386358655,644,"And now, a collection of my greatest hits."
2054,477,20,49,191,260,1.3423076923076922,0.03825232674886641,644,This next piece was composed by the most talented lobster I ever met.
736,478,16,71,214,301,1.3421926910299002,0.033236984700501924,644,I do it my way!
4614,479,23,61,229,313,1.34185303514377,0.03452769205126751,644,"Did you say ""boxer"" or ""Bach, Sir""??"
4415,480,19,56,200,275,1.3418181818181818,0.03640608007386865,644,"Well, fine, I don't think you're a very good audience."
3520,481,15,65,198,278,1.341726618705036,0.03466514421205579,644,And now I'm going to knock out one of my old favorites.
1014,482,24,61,234,319,1.341692789968652,0.034358864843849944,644,Next: 'Rhapsody In Back And Blue'.
4886,483,19,59,206,284,1.341549295774648,0.03560165315730732,644,Now for my knockout finale.
276,484,25,51,220,296,1.3412162162162162,0.036532160381269434,644,And now I will play all the keys at the same time.
4908,484,18,65,213,296,1.3412162162162162,0.03426760745625556,644,"Clearly, I am the Greatest."
1681,486,17,57,193,267,1.3408239700374531,0.03637750148778754,644,Here’s an old standard I’d like to pound out for you
4899,486,17,57,193,267,1.3408239700374531,0.03637750148778754,644,Go ahead. Ask me to play Piano Man. I want you to.
1144,486,27,37,203,267,1.3408239700374531,0.04006152141528717,644,And now Concerto No. 2 by Rocky Maninoff .
3908,489,18,56,196,270,1.3407407407407408,0.036479348013637725,644,"Tonight folks, I'm just going to knock out a little tune. . ."
4321,490,19,56,201,276,1.3405797101449275,0.03629507006857766,644,This next piece is by TKO Bach.
4102,491,20,55,204,279,1.3405017921146953,0.03637976635975974,644,"If I hear one more person request ""Piano Man'"", these gloves are coming off."
2623,492,20,56,206,282,1.3404255319148937,0.036108770080817316,644,"And now, for something a little less intricate."
1823,493,24,50,214,288,1.3402777777777777,0.036917625526938405,644,"To anyone who didn't immediately recognize it, that was Tchaikovsky's Piano Concerto in B-flat Minor."
4374,493,22,54,212,288,1.3402777777777777,0.036256278538633634,644,Does anyone else care to complain about my playing?
755,495,22,55,214,291,1.3402061855670102,0.03599179437181379,644,"And now, J.S. Bach's BAD-Tempered Clavier."
2540,495,20,59,212,291,1.3402061855670102,0.03532718897932605,644,"And now, a new composition, ""Ode to Trump."""
3712,497,23,54,217,294,1.3401360544217686,0.036055801649020294,644,Let's get ready to Rrrrrrachmaninoffff!
4360,497,23,54,217,294,1.3401360544217686,0.036055801649020294,644,"Mom, you and Dad are going to have to reach an agreement as to what you want me to be."
4841,499,21,61,221,303,1.33993399339934,0.03466933368844645,644,I'd like to play you a little something I wrote when I was two and a half.
5109,500,19,69,227,315,1.3396825396825396,0.03314383018701763,644,Pianist? I thought you asked for a pugilist...!
3375,501,20,53,201,274,1.3394160583941606,0.03682441254865848,644,A concerto for neither left nor right hand.
312,502,20,54,203,277,1.339350180505415,0.03654439267968823,644,This next piece is atonal.
770,503,17,61,202,280,1.3392857142857142,0.035195281625963595,644,"First, I thought I'd knock out a few show tunes."
3485,503,19,57,204,280,1.3392857142857142,0.03591533273882645,644,Thank you to the White House Correspondents' Association for inviting me to perform at this year's Correspondents' Dinner.
4502,503,19,57,204,280,1.3392857142857142,0.03591533273882645,644,This is from my box set.
2909,506,20,57,209,286,1.3391608391608392,0.03573739032681119,644,I 'm sure they said I was to take on Wagner in the ring.
4107,507,20,59,213,292,1.3390410958904109,0.0352252707514223,644,I miss the days when just tickling the ivory was enough.
5677,507,21,57,214,292,1.3390410958904109,0.03555779611695349,644,During the prestissimo the gloves come off.
704,509,27,48,226,301,1.3388704318936877,0.03667148100078838,644,"Great, I'm having another anxiety dream."
2509,510,16,59,194,269,1.338289962825279,0.035765038152411346,644,I composed this next piece when I was two.
3696,511,17,59,199,275,1.3381818181818181,0.03560997357162192,644,"If you don't quiet down, your nose is going to B-flat."
3649,511,17,59,199,275,1.3381818181818181,0.03560997357162192,644,"And now for ""Rhapsody in Black and Blue"""
3328,511,24,45,206,275,1.3381818181818181,0.0381296448925191,644,"Oh, I wouldn't say that I ""tickle"" the ivories."
855,514,20,55,206,281,1.3380782918149465,0.03616085664217362,644,Has it been tuned?
2080,514,25,45,211,281,1.3380782918149465,0.03787749536706331,644,And it goes something like this.
3459,516,22,56,218,296,1.337837837837838,0.03552760119708034,644,"Not to worry, folks. It’s  a player piano."
1280,517,23,57,225,305,1.337704918032787,0.035097607248084584,644,And now I’d like to play for you some of my greatest hits.
930,518,27,50,231,308,1.3376623376623376,0.036049692391691285,644,"I'll knock out this Beethoven in the Fifth."""
5652,519,12,81,218,311,1.337620578778135,0.031150174315780217,644,And now for something a little punchier...
249,520,16,58,193,267,1.3370786516853932,0.03592529956181676,644,Trust me. It’s all in the wrist.
3116,520,15,60,192,267,1.3370786516853932,0.035531209664813254,644,Did I hear a request for a fight song?
2455,522,22,49,205,276,1.3369565217391304,0.03731132482488246,644,I would like to play this next number the way people have been saying I play it.
332,522,20,53,203,276,1.3369565217391304,0.0365982791661268,644,This one is dedicated to my lovely ex-wife.
139,522,21,51,204,276,1.3369565217391304,0.03695652173913044,644,Due to the present social environment I can no longer tickle the ivories
1079,525,21,53,208,282,1.3368794326241136,0.036400688796801896,644,"Now, a brief interlude while I make a momentous career choice."
1383,525,18,59,205,282,1.3368794326241136,0.035345335226910544,644,Who's up for another round?
307,527,15,66,204,285,1.3368421052631578,0.03401753168959707,644,This next song is a knockout.
1130,527,17,62,206,285,1.3368421052631578,0.034736317956974315,644,"Ohh, Bach? I thought you said ""box""."
1300,527,24,48,213,285,1.3368421052631578,0.037142689934245215,644,"And now, a touching musical tribute to the great Muhammad Ali."
5028,527,18,60,207,285,1.3368421052631578,0.035090190177393656,644,This is by Liszton.
2611,531,15,67,206,288,1.3368055555555556,0.03378215927981432,644,Now for a variation from Bach’s Bad-Tempered Clavier.
3662,532,21,56,214,291,1.3367697594501717,0.035607330971123195,644,My therapist told me the way to treat performance anxiety is to imagine my worst fear.
1184,533,17,65,212,294,1.336734693877551,0.03401418587417735,644,I’ll be knocking out songs all night.
2322,533,17,65,212,294,1.336734693877551,0.03401418587417735,644,How about a fight song?
4676,535,28,44,225,297,1.3367003367003367,0.037302878689293203,644,"That's right, I've been playing the piano with my penis the whole time!"""
1256,536,19,69,230,318,1.3364779874213837,0.03288242158126123,644,I must warn you in advance about the crescendo.
2821,537,22,47,202,271,1.3357933579335792,0.03778093788992826,644,You should a looked out for me Charlie.  I could a been a conductor.
2224,538,15,62,197,274,1.3357664233576643,0.034899981810828755,644,"The next piece is my own take on ""Chopsticks"" -- I call it ""Logs."""
2832,539,20,53,204,277,1.3357400722021662,0.03648619990508494,644,Yes - It's Rocky the Musical
1062,540,21,52,207,280,1.3357142857142856,0.03656438344199594,644,"This year, instead of Christmas music, I will play a couple of Boxing Day pieces."
2189,541,17,62,207,286,1.3356643356643356,0.034634680333216906,644,And now for Beethoven’s 9th round.
5265,541,18,60,208,286,1.3356643356643356,0.034987111175778025,644,"We now present a medley of ""Madame Butterfly"" and ""Flight of the Bumblebee"" as performed by Muhammad Ali."
4692,543,20,58,214,292,1.3356164383561644,0.035170881135281946,644,And now a childhood favorite.
540,544,21,57,217,295,1.335593220338983,0.03525144336107196,644,Would anyone care to hear another fight song?
2825,545,23,55,223,301,1.3355481727574752,0.03539206675618965,644,"This next piece - ""John Cage Match"" - is an homage."
5129,546,20,67,232,319,1.335423197492163,0.03309536086388746,644,Piano Concerto by Pugilini
297,547,17,55,194,266,1.3345864661654134,0.036365955035545273,644,I’m a professional. Please don’t try this at home.
5015,548,23,44,202,269,1.3345724907063197,0.038324880691318036,644,"I now present ""The Fight of the Bumblebee"""
5297,548,15,60,194,269,1.3345724907063197,0.03531087433123193,644,That was a knockout performance
1533,550,19,54,202,275,1.3345454545454545,0.03628791053486418,644,I will now play the theme from Rocky as it was meant to be played.
1382,551,15,65,204,284,1.3345070422535212,0.03405700291997594,644,And now it’s “time to take the gloves off”
2900,551,19,57,208,284,1.3345070422535212,0.03548826003248573,644,And how am I supposed to turn the page?
4277,553,19,59,212,290,1.3344827586206895,0.034980890757916876,644,"This next piece I call ""The old one-two"""
5023,554,16,66,211,293,1.3344709897610922,0.033709839821659864,644,I can knock out any tune you name
3948,555,21,58,220,299,1.334448160535117,0.03490451096183763,644,"Well, on the plus side, it’s only a MINUTE Waltz."
3885,555,20,60,219,299,1.334448160535117,0.0345814791501785,644,Why hunt and peck when you can bob and weave?
3726,557,21,59,222,302,1.3344370860927153,0.034663152150549145,644,I would like to play a little song I wrote that goes nothing like this.
4255,558,21,60,224,305,1.3344262295081968,0.034426229508196717,644,This next piece is a total knock-out.
2736,559,16,72,223,311,1.3344051446945338,0.03240232143075469,644,"And now for the old, ‘One, two’"
3016,560,21,52,209,282,1.3333333333333333,0.036343477704462494,644,"My next piece is Piano Sonata No. 8 in somewhere between A Minor and E Major."""
5231,560,24,48,216,288,1.3333333333333333,0.036810508691615514,644,I strongly urge everyone to turn off their cell phone!
4818,560,21,57,219,297,1.3333333333333333,0.03504998186163908,644,The good thing is I finally stopped chewing my nails
4330,560,18,59,208,285,1.3333333333333333,0.03503207844327836,644,Could I ask someone to retrieve the mouthguard from the soundboard?
4320,560,25,48,221,294,1.3333333333333333,0.03659063502378785,644,And now for Philip Glass's ode to Ali.
4008,560,21,53,211,285,1.3333333333333333,0.036074582526883406,644,"Ladies and gentlemen, I've had a request for the theme from Rocky."
2443,560,18,55,200,273,1.3333333333333333,0.036080504048460964,644,I'll be going fifteen rondos.
2029,560,15,70,215,300,1.3333333333333333,0.03282782805879181,644,"And now, ladies and gentlemen, I shall take a jab at the piano"
1883,560,21,58,221,300,1.3333333333333333,0.03480582651326708,644,Bach? I thought you said Box.
1740,560,23,43,201,267,1.3333333333333333,0.03851114800112536,644,I dedicate this next piece to Philip Glass.
1141,560,17,63,211,291,1.3333333333333333,0.03419319907145938,644,See if you can name this one!
57,560,16,63,206,285,1.3333333333333333,0.034319487133416385,644,I call this one 'Beethoven's Fifth Round.'
2613,572,21,58,222,301,1.3322259136212624,0.03470767156603423,644,"And now, a selection of greatest hits."
413,573,23,52,220,295,1.3322033898305086,0.03584625622087443,644,Shall I hit it?
519,573,18,62,215,295,1.3322033898305086,0.03420020069563146,644,"OK, I get it, a little less forte."
3618,573,13,72,210,295,1.3322033898305086,0.03247080796947256,644,Let me just knock out a couple of tunes for you.
3332,576,17,63,212,292,1.332191780821918,0.03409501368047385,644,Anyone want to critique my performance now
266,577,21,54,214,289,1.3321799307958477,0.03570544737926985,644,For my next number I am going to really pound the keys.
4113,578,22,50,211,283,1.332155477031802,0.03657816113512677,644,Before my next performance I'd like to ask the Gazette's music critic to join me onstage.
3638,578,22,50,211,283,1.332155477031802,0.03657816113512677,644,"And now, the Tyson Variations."
3093,580,19,55,206,280,1.332142857142857,0.03579803289013666,644,"And now, 'Eine Kleine Knock-out-musik'"
104,581,20,51,203,274,1.332116788321168,0.03670497309860655,644,This is my fight song.
4943,581,24,43,207,274,1.332116788321168,0.038134027616132174,644,"And now Ladies and Gentlemen,
The Fight of the Bumble bee"
5241,583,16,57,195,268,1.3320895522388059,0.035748238824498985,644,"And now, for a rather punchy tune . . ."
1968,584,16,54,189,259,1.332046332046332,0.03658608246489413,644,The best Opus is a good defence.
1136,585,18,49,189,256,1.33203125,0.037699092360397674,644,A little help please. My fly is open.
3234,585,21,43,192,256,1.33203125,0.038899014505558833,644,This piece is called Requiem for the Presidency.
4666,585,20,45,191,256,1.33203125,0.038503195641423266,644,I will now demonstrate how to knock out a tune.
2946,588,28,43,228,299,1.3311036789297659,0.037036396148833216,644,"Next, a piece I composed when I was three years old."
3463,589,21,56,219,296,1.3310810810810811,0.035095911719180736,644,The next one goes something like this.
5107,590,19,59,215,293,1.3310580204778157,0.034678140459836665,644,My next piece is by the lesser known Johan Sebastian Box
1516,591,17,62,211,290,1.3310344827586207,0.03423367862034854,644,Tonight’s performance is sponsored by Everlast.
4529,591,22,52,216,290,1.3310344827586207,0.035934137748930714,644,"Indeed, I did not quit my day job."
5614,593,18,59,210,287,1.3310104529616724,0.03482614528367754,644,And now for a number with a little more punch...
4950,594,21,52,211,284,1.3309859154929577,0.03612510472587597,644,From my boxed set of recordings.
3115,595,19,54,205,278,1.330935251798561,0.035955636443388006,644,"And now, ""Float Like a Butterfly, Sting Like a B-flat"""
1078,596,16,59,200,275,1.3309090909090908,0.035110456613381844,644,The conductor said my fortissimo needs a bit more punch.
1234,596,19,53,203,275,1.3309090909090908,0.03622668304435907,644,"If you think this is bad, I'm also not wearing any pants."
5181,596,24,43,208,275,1.3309090909090908,0.03801429422892911,644,That’s the last time I write “OK” to my dyslexic agent.
4004,599,21,46,199,266,1.330827067669173,0.03783156592595882,644,I'm just going to knock out a couple of tunes.
724,600,13,59,185,257,1.3307392996108949,0.03549417483451548,644,This is a new piece I've worked out. Beethoven's fifth round.
4678,601,20,61,225,306,1.3300653594771241,0.03396435799137558,644,Let’s get ready to pianooooooooooooooo
846,602,19,61,220,300,1.33,0.03410424049324305,644,I'm not the main event.
2366,603,20,56,215,291,1.3298969072164948,0.035160811968333476,644,"GGGGGEEEEEEETTTTTT
RRRREEEAAAAADDDDY
TO
RACHMANINOFF!!!"
2017,604,23,49,216,288,1.3298611111111112,0.036424471074619214,644,"And now, for Tyson's 5th..."
5075,604,28,39,221,288,1.3298611111111112,0.038048987447190256,644,"And now ... Symphony No. 7 in C, D, and E Major."
2034,606,21,52,212,285,1.3298245614035087,0.03601685546091841,644,"And now, ""The Pugilist's Sonata,"" in a bunch of keys."
2531,607,18,56,205,279,1.3297491039426523,0.03548466537056679,644,"I dare you, ask me to play ‘Piano Man’ one more time."
2372,608,17,57,202,276,1.3297101449275361,0.035377947474071816,644,"And now, Cacophony Number 9 in E minor."
4424,608,17,57,202,276,1.3297101449275361,0.035377947474071816,644,"For my next piece,I will perform J. S. Box' Golden Glove Variations"
4844,610,19,52,202,273,1.3296703296703296,0.036389535836289615,644,"And in the final movement, I take off the gloves and just go wild."
644,611,19,51,200,270,1.3296296296296297,0.036669663608318324,644,"And to my critics, a sustained beating in D minor."""
4399,612,15,58,194,267,1.3295880149812733,0.03539887141502961,644,For this next number I’d like to punch it up a bit.
1730,613,11,63,184,258,1.3294573643410852,0.0345164781745163,644,And now for my knockout number...
4409,613,18,49,191,258,1.3294573643410852,0.03745036108377618,644,"And now, ladies and gentlemen, a song about my marriage."
2939,615,18,69,232,319,1.329153605015674,0.0323922584653064,644,"The next piece is my first composition. I first played it at the age of 6 months. My mother named it ""Knock it off""."
3519,616,23,52,223,298,1.3288590604026846,0.035536920380145734,644,"For my encore, I will now play 'Fight of the Bumblebee'."
792,617,18,60,214,292,1.3287671232876712,0.03438047541725514,644,"And now, something  from the light heavyweight classics."
2933,617,27,42,223,292,1.3287671232876712,0.03733432169694412,644,"Well, at least it's not the late and naked for the final exam dream."
3782,619,22,50,214,286,1.3286713286713288,0.036249265702273964,644,"Instead of tickling the ivories,tonight I'll be beating them."
5250,619,20,54,212,286,1.3286713286713288,0.03556593216365622,644,"And now, a quick jab at Rachmaninoff."
1946,621,17,59,207,283,1.3286219081272084,0.03476215499354324,644,"You see, I only play in my spar time."
168,621,20,53,210,283,1.3286219081272084,0.035827220613859186,644,"Yeah, but I don't get any more hecklers."
5620,621,25,43,215,283,1.3286219081272084,0.03753523143366988,644,For my next piece I’ll play Cacophony in D minor.
4219,624,21,49,207,277,1.3285198555956679,0.03672356136681287,644,Rocky-maninoff .
5660,625,13,63,195,271,1.3284132841328413,0.03423767463263332,644,This next piece is played in twelve rounds.
4003,626,22,44,202,268,1.328358208955224,0.03795908501265971,644,Do you want the black notes or the white notes?
140,627,20,47,198,265,1.3283018867924528,0.037510763816182444,644,"And now ""Flight of the Rhinoceros."""
5209,627,18,51,196,265,1.3283018867924528,0.036740738604439896,644,This is from Beethoven's fist.
4745,629,17,70,230,317,1.3280757097791798,0.032202757515035096,644,My money's on the piano.
1056,630,20,60,225,305,1.3278688524590163,0.03400456669359543,644,My next melody is called Whack-a-Mole
103,631,16,67,219,302,1.3278145695364238,0.032925590247485315,644,This next number is really going to knock you out.
1638,632,17,64,218,299,1.3277591973244147,0.033480710687994485,644,I can only play the 'dun dun dun dun' part.
1,633,17,63,216,296,1.3277027027027026,0.033707541087001636,644,"Look, I was told to pound the keys, and that's what I came here to do."
5443,634,18,59,213,290,1.3275862068965518,0.034521515029591096,644,I guess it's time to take the gloves off.
5260,634,15,65,210,290,1.3275862068965518,0.03346855983772819,644,"Beethoven, Brahms, Mozart — lightweights!"
4455,634,17,61,212,290,1.3275862068965518,0.034174134943882925,644,This next tune has quite a punch to it.
3724,634,22,51,217,290,1.3275862068965518,0.03587741633730805,644,I’ll now do my last hit
3866,634,18,59,213,290,1.3275862068965518,0.034521515029591096,644,...And it kind of goes like this.
1386,634,24,47,219,290,1.3275862068965518,0.036536502358486184,644,I'd like to play a punchy little number.
3987,634,17,61,212,290,1.3275862068965518,0.034174134943882925,644,I always dread the Boxing Day gig.
1047,641,23,48,216,287,1.3275261324041812,0.03647642742219283,644,When was the last time this piano was tuned?
4352,642,15,61,202,278,1.3273381294964028,0.034416306034774156,644,There will be no heckling tonight.
1336,643,22,60,236,318,1.3270440251572326,0.03362677929763519,644,"My record against Bartok is 10 wins, 2 losses, and one audience walkout."
700,644,22,40,195,257,1.3268482490272373,0.039092473341264825,644,My next piece is played in three minute rounds.
3906,645,18,63,222,303,1.3267326732673268,0.033493614824668956,644,"I call this ""The Old One-Two."""
5655,645,24,51,228,303,1.3267326732673268,0.03539719163623047,644,"And now, a roundhouse from T.K.O. Bach."
262,647,19,58,217,294,1.3265306122448979,0.03452061125383455,644,I no longer play by ear.
1121,648,18,59,214,291,1.3264604810996563,0.034421092951151366,644,I feel like I'm fighting the music.
1603,648,12,71,208,291,1.3264604810996563,0.03228954470391417,644,"Well, you said to make it more punchy!"
3460,648,24,47,220,291,1.3264604810996563,0.03642812900380052,644,I will now float like a butterfly and sting in B.
1410,651,21,52,215,288,1.3263888888888888,0.035695797361044654,644,Welcome to the White House holiday party! And please remember to protect yourselves at all times!
88,652,21,50,211,282,1.326241134751773,0.036225078656954526,644,Let's get ready to rumba.
3850,652,18,56,208,282,1.326241134751773,0.03516445508071477,644,"Following this encore, I would like a word with the reviewer who has called my playing ham-fisted."
1225,654,30,45,247,322,1.326086956521739,0.035567918314017725,644,And now ladies and gentleman “ The Trump Sonata.”
3438,654,21,48,207,276,1.326086956521739,0.036775889648795565,644,How can I play with that bright light in my eyes?
4174,656,19,66,234,319,1.3260188087774294,0.032643143989834845,644,Round 4 will be Chopin
2941,657,15,59,199,273,1.326007326007326,0.03481129060033524,644,"Please excuse the gloves, I'm saving my fingers for a more sophisticated audience"
3075,658,15,58,197,270,1.325925925925926,0.03506814014116609,644,"A man hears what he wants to hear
And disregards the rest"
1766,658,19,50,201,270,1.325925925925926,0.036604941947825806,644,"Tonight I'll be performing Beethoven's ""Moonlight Sonata"".  You may need to use your imagination."
3776,660,14,59,194,267,1.3258426966292134,0.03492947500085982,644,I'm going to play some Johann Sebastian Box
5463,660,16,55,196,267,1.3258426966292134,0.03572658394750885,644,"My next piece is by Rockymaninoff."""
5431,662,13,60,191,264,1.3257575757575757,0.03477928375120799,644,"No, they're not for playing. They're for dealing with anyone who criticizes the playing."
931,663,25,50,232,307,1.3257328990228012,0.03535522014633892,644,"My next selection will be the theme from ""Rocky."""
1624,664,26,47,231,304,1.325657894736842,0.03590680373080978,644,I thought you said to play the hits
2430,664,18,63,223,304,1.325657894736842,0.033400553490601184,644,Play chopsticks”? I can’t even hold them
3191,664,23,53,228,304,1.325657894736842,0.034988004535929894,644,I fought the song and the song won
1039,667,21,56,224,301,1.3255813953488371,0.034598315665769604,644,"And finally, the theme from Rocky."
2291,667,26,46,229,301,1.3255813953488371,0.03616331591703568,644,This one is for you mother
4301,669,18,60,217,295,1.3254237288135593,0.03408457986395695,644,The music critic said my last performance lacked punch
681,669,15,66,214,295,1.3254237288135593,0.03305417326214339,644,"And now, Rockymaninoff  piano concerto 3."
2287,671,18,59,215,292,1.3253424657534247,0.03432122448350823,644,"And now, a more punchy tune."
2951,671,12,71,209,292,1.3253424657534247,0.032198190305425756,644,"The sound is terrible, but I get way less hecklers."
5146,671,19,57,216,292,1.3253424657534247,0.034662423677971364,644,I Only Play Fight Songs
1404,674,18,58,213,289,1.3252595155709344,0.034562405171154734,644,"And now my rendition of ""The Fight of the Bumble Bee""."
2839,674,21,52,216,289,1.3252595155709344,0.03558999170845524,644,"This is a medley of my greatest hits,"
978,676,14,64,205,283,1.325088339222615,0.03359889817156174,644,I call this piece 'Bach-xing.'
2628,676,23,46,214,283,1.325088339222615,0.0368026209623719,644,You've heard the theme. Now it's time for the variations.
2828,676,20,52,211,283,1.325088339222615,0.0357666128195137,644,I only play the hits
1189,679,20,51,209,280,1.325,0.03603225073011582,644,I am practicing for the White House New Year’s party.
1943,679,23,45,212,280,1.325,0.03708271845742332,644,"And now for ""The Ill-Tempered Clavier""."
4555,681,23,44,210,277,1.3249097472924187,0.03736853212690806,644,This next one is Beethoven's fists
2697,681,24,42,211,277,1.3249097472924187,0.03771693781864811,644,"This next piece is called ""Fight of the Bumblebee."""
3325,683,23,55,233,311,1.32475884244373,0.034416823743534795,644,"I will now play a combo of Mozart Concertos in A minor, D minor, and G major."
4378,684,14,60,197,271,1.3247232472324724,0.034566044843308885,644,"Crazy? 
Maybe. 
But you won't forget me."
1347,685,18,51,199,268,1.3246268656716418,0.03639013643600038,644,"Looks like I’m gonna have to go with the Philip Glass, not the Debussy."
1186,686,19,61,225,305,1.3245901639344262,0.033630223784501354,644,"It’s an upbeat tempo.  One, two.  One, two."
4081,687,17,51,194,262,1.3244274809160306,0.036564396712249106,644,This should be a lot better than my piccolo playing.
1335,688,22,53,224,299,1.3244147157190636,0.03506116412973661,644,I just had a manicure.
2113,688,14,69,216,299,1.3244147157190636,0.032399317091041026,644,"This next one's not subtle, but it's powerful."
2688,688,18,61,220,299,1.3244147157190636,0.03375648810301623,644,I'm asking you to please keep an open mind.
4865,691,18,48,193,259,1.3243243243243243,0.03725744272828308,644,This one's got a great hook.
4225,692,25,45,223,293,1.3242320819112627,0.03653456344071096,644,"Now, 'The Tyson Variations.'"
1488,692,18,59,216,293,1.3242320819112627,0.03422190544405127,644,In honor of our times I'm playing dischords.
2552,694,16,51,189,256,1.32421875,0.036734391224318985,644,"I will now play ""An etude for two fists, in three rounds"""
711,695,16,62,212,290,1.3241379310344827,0.03376170104918975,644,I will now go a couple of rounds with Shostakovich
4797,696,23,47,217,287,1.32404181184669,0.036418193681200216,644,Any other requests?
111,697,23,57,238,318,1.3238993710691824,0.03386942157453132,644,"And now, 'How I Feel About The Little Drummer Boy.'"
526,697,21,61,236,318,1.3238993710691824,0.03327848464137349,644,I'm prepared to defend tonight's choice of music.
5438,697,14,75,229,318,1.3238993710691824,0.03112196841205492,644,"I shall toy with him throughout the adagio, then knock him out in the sonata."
2,700,21,49,211,281,1.3238434163701067,0.03627450158241141,644,"I will finish with my own composition, “Fight of the Bumblebee.”"
1366,700,20,51,210,281,1.3238434163701067,0.03592241702078459,644,And now I’d like to belt out a little tune.
2417,702,19,51,205,275,1.3236363636363637,0.03609990627959675,644,"If Trump can claim he always tells the truth, I can claim the following is a symphony."
1104,703,18,52,202,272,1.3235294117647058,0.035999747470637444,644,"You might have heard Chopsticks before, but I’m about to punch it up a little"
1461,704,28,51,252,331,1.3232628398791542,0.03428703555072171,644,"For the sake of all of us, let us hope I wake up from this nightmare any time now."
2069,705,22,41,200,263,1.3231939163498099,0.03838534971270268,644,"I thought you said play ""box""' not play  ""Bach's""!"
4316,706,29,48,251,328,1.3231707317073171,0.03478024845325585,644,"When I play fortissimo, I don't fuck around."
4438,707,19,57,218,294,1.3231292517006803,0.03446165396664969,644,I'll just knock out a few tunes for you.
4747,708,20,54,217,291,1.3230240549828178,0.03504364567117622,644,"I'm now going to play 'The Fight of the Bumblebee.' """
2978,709,21,51,216,288,1.3229166666666667,0.03563631757455973,644,"So much for modern stuff. Now for Chopin, and the gloves come off."
3304,709,21,51,216,288,1.3229166666666667,0.03563631757455973,644,And now a lullabye
4913,711,21,61,237,319,1.322884012539185,0.03318953427678055,644,I only play Fortissimo.
4638,712,15,71,227,313,1.3226837060702876,0.03174445122492963,644,Playing piano helps with my anger management issues.
5611,713,22,56,232,310,1.3225806451612903,0.034154505992772075,644,"Yo, Adrian--this sonata's for you."
2299,713,18,64,228,310,1.3225806451612903,0.032909181925005006,644,This is a concerto composed by my 2-year old.
4020,713,21,58,231,310,1.3225806451612903,0.033847470709803366,644,"Now, I shall bang out a tune."
5216,716,11,77,219,307,1.3224755700325732,0.030792703200986454,644,I’m told I have a very aggressive playing style
647,717,18,53,205,276,1.3224637681159421,0.03561999790603362,644,And now for a punchy little tune...
1331,717,22,45,209,276,1.3224637681159421,0.037070016122981636,644,It’s hammer time!
2363,717,18,53,205,276,1.3224637681159421,0.03561999790603362,644,I'd like to play you some Rocky-maninoff
1637,720,19,58,221,298,1.3221476510067114,0.03412619285324347,644,And now the theme music from 'ROCKY' the way it was meant to be heard.
4857,720,20,56,222,298,1.3221476510067114,0.034455687145815934,644,"And now, Sonata for Ali."
1178,722,15,56,196,267,1.3220973782771535,0.03526005470346702,644,Here’s a punchy little number.
5472,722,14,58,195,267,1.3220973782771535,0.034858444734814746,644,"...and for my next number, I would like to punch it up a bit."
4331,724,19,57,219,295,1.3220338983050848,0.03436209874015843,644,It's time for the greatest hits.
5061,725,19,55,215,289,1.3217993079584776,0.03484750522262034,644,I call this piece “Sonata for an Untuned Piano in A-flat minor through G major.”
1133,725,18,57,214,289,1.3217993079584776,0.034501005792724394,644,"And now my original composition, ‘Float Like a Butterfly, Sting Like a B Minor.’"
3531,727,18,55,210,283,1.3215547703180213,0.03499573330473124,644,"Well, not usually, but these are my Bach-sing gloves."
244,728,17,65,226,308,1.3214285714285714,0.03271144473379138,644,Has anyone seen my mouth guard?
1437,728,22,55,231,308,1.3214285714285714,0.034289882637879514,644,Would someone be a darling and light my candelabra?
2134,728,14,62,204,280,1.3214285714285714,0.03376665896559472,644,They said my playing could use a little punch.
2137,731,13,72,220,305,1.321311475409836,0.03158719723258636,644,Excuse me while I pound out a few notes.
4170,732,16,57,204,277,1.3212996389891696,0.03476576103208078,644,"And now, ""Float Like a Butterfly"" in B Minor."
5099,732,16,57,204,277,1.3212996389891696,0.03476576103208078,644,I lost a bet.
3040,734,18,51,202,271,1.3210332103321034,0.03604586669730926,644,"And now, I will play the 0ne-two waltz."
1359,735,18,59,219,296,1.320945945945946,0.0339272035917197,644,The next piece is dedicated to my former agent
1005,736,18,65,232,315,1.3206349206349206,0.03252210823689337,644,"And now, for the second round..."
2777,737,19,46,197,262,1.3206106870229009,0.03728617928951309,644,This is from my greatest hits album.
87,738,18,56,213,287,1.3205574912891986,0.03464282921276128,644,I've been fighting Beethoven all my life.
1426,738,19,54,214,287,1.3205574912891986,0.03499273487295557,644,"Next I will be performing Rimsky-Korsakov's ""Flight of the Bumblebee"" in the style of Muhammad Ali."
4871,740,16,65,222,303,1.3201320132013201,0.032716829841906894,644,Here’s a little number I recently knocked out.
4671,741,25,45,227,297,1.3198653198653199,0.036107088534557595,644,"In a sudden moment of panic, Mitch realizes that the Rachmaninoff concerto was actually written for a southpaw."
3918,742,21,52,221,294,1.3197278911564625,0.03506985275299688,644,You want pianissimo?  I'll give you pianissimo!
4683,742,25,44,225,294,1.3197278911564625,0.03636982931753998,644,I will now play an original piece by Frederic Chopin that he played in 1850 when he was 7 month old.
5356,742,19,56,219,294,1.3197278911564625,0.03440144787478907,644,"And now, my Muhammad Ali concerto in, well, every key at once."
4701,745,18,50,201,269,1.3197026022304832,0.036206386251231834,644,"...and so in tribute to Michael Jackson, I will ""just Beat It."""
5456,746,23,55,238,316,1.3196202531645569,0.03394826910447231,644,"Heads up, folks -- this next number's going to be a knockout."
171,747,16,61,214,291,1.3195876288659794,0.033600955039825665,644,I’ve seen my fair share of piano bar fights.
476,748,16,60,212,288,1.3194444444444444,0.03383248353877039,644,"Ladies and Gentlemen, I'm going to pound out a few numbers for you tonight."
866,749,11,69,205,285,1.3192982456140352,0.0322042260818061,644,Tonight I’ll be going a few rounds with Beethoven
3066,749,19,53,213,285,1.3192982456140352,0.03513957127440775,644,"Now, an atonal piece."
4196,749,19,53,213,285,1.3192982456140352,0.03513957127440775,644,"Now for my unique rendition of ""The Boxer"" by Paul Simon."
1145,752,18,54,210,282,1.3191489361702127,0.035036964069014,644,...And now a selection from my new boxed set.
3044,752,17,56,209,282,1.3191489361702127,0.03467491471242191,644,This next piece is a punchy little number.
3106,752,23,44,215,282,1.3191489361702127,0.03679381137462663,644,"Did you say, ""Bach's""?"
487,755,24,49,231,304,1.319078947368421,0.03518748978658671,644,"Float like Madame Butterfly, sting like Flight of the Bumblebee."
2211,756,16,57,206,279,1.3189964157706093,0.03455435937462925,644,Another knockout performance.
5425,756,15,59,205,279,1.3189964157706093,0.03417920316269075,644,I got tired of just tickling the ivories!
3838,758,17,62,222,301,1.318936877076412,0.03317493813851992,644,"Look mom, no hands"
3698,759,13,62,201,276,1.318840579710145,0.03364975553016522,644,My next number will knock you out.
402,760,14,52,185,251,1.3187250996015936,0.036259795661095814,644,"Now, this next tune may ring a bell."
3120,761,14,58,198,270,1.3185185185185184,0.03453182227133613,644,"""This next piece will be played in rounds."""
2062,762,15,63,214,292,1.3184931506849316,0.03315044275069947,644,Next is a punchy little tune I wrote myself...
3454,762,21,51,220,292,1.3184931506849316,0.03521611627749935,644,"Mendelssohn, Mozart, or Marciano?"
4040,762,17,59,216,292,1.3184931506849316,0.033853008506409786,644,Welcome to an evening of mixed martial arts and music.
5350,762,14,65,213,292,1.3184931506849316,0.03279351596556212,644,Here's something I pounded out just this morning.
1408,766,24,52,238,314,1.3184713375796178,0.03437779145833809,644,This piece comes from the West Wing of the White House.
4364,767,20,52,217,289,1.3183391003460208,0.03512910820356386,644,"My next selection will be  ""Fight of the Bumblebee""."
4015,767,15,62,212,289,1.3183391003460208,0.03337526247871242,644,My next composition is a punchy little number.
2722,767,19,54,216,289,1.3183391003460208,0.03478541394962474,644,This next one is going to be a round.
1494,770,21,57,233,311,1.3183279742765273,0.0336990239439768,644,"Forte like a butterfly, staccato like a bee."
2857,770,21,57,233,311,1.3183279742765273,0.0336990239439768,644,"As a Jazz Pacifist, I believe it's more about the notes I don't strike"
4414,772,27,37,222,286,1.3181818181818181,0.03773189527844549,644,It was a restraining order from my piano teacher!
5295,773,21,55,229,305,1.318032786885246,0.03415294794358112,644,The next one is going to be a hit.
380,774,14,62,207,283,1.3180212014134276,0.03346553462562279,644,"Sorry, I only do fight songs."
2133,774,17,56,210,283,1.3180212014134276,0.034570570213662534,644,I'll be playing Fight of the Bumble Bees.
4572,774,17,56,210,283,1.3180212014134276,0.034570570213662534,644,"Now, i am going to play my greatest hits."
748,777,21,54,227,302,1.3178807947019868,0.03438619066984865,644,"My next piece is entitled ""Requiem for a Heavyweight."""
3832,778,24,41,215,280,1.3178571428571428,0.03730397035670899,644,And now a little-known piece by John Cage.
986,779,19,50,208,277,1.3176895306859207,0.035810846076938484,644,Apologies for the rocky start...
4246,780,21,52,223,296,1.3175675675675675,0.03486585914415311,644,"The music was lovely, but the pianist was a bit heavy-handed."
2308,781,18,57,218,293,1.31740614334471,0.034099289838631114,644,I’m going to pound out a tune for you.
4063,781,19,55,219,293,1.31740614334471,0.034440355245543286,644,"And for my next selection. ""The Fight of the Bumblebee"""
4604,783,22,55,235,312,1.3173076923076923,0.03391161017433999,644,This next number is a round.
2336,784,18,56,216,290,1.3172413793103448,0.03433688270912589,644,Could someone please straighten my tie?
3915,785,12,61,195,268,1.3171641791044777,0.03386043736781084,644,Tonight’s bout will be a twelve rondo.
2708,786,21,56,232,309,1.3171521035598706,0.033829642771976885,644,"My next piece is dedicated to that miserable, heartless, brainless critic in the fifth row center, who had the Gaul to say I played with a heavy hand."
5357,787,18,61,227,306,1.3169934640522876,0.03309973337636899,644,"This next one, I'll play by ear."
2310,788,15,54,196,265,1.3169811320754716,0.03533988867613763,644,The Pugilist's Waltz
4574,789,20,50,214,284,1.3169014084507042,0.03553329082527392,644,"For my next selection, I have prepared an interpretive rendition of the Theme from Rocky."
4989,790,22,45,214,281,1.3167259786476868,0.03649825157214434,644,"On tonight’s program, “Float like Les Papillons, sting like Debussy.”"
1333,790,13,63,205,281,1.3167259786476868,0.033216676292016495,644,"My next number will be the ""old one two."""
3821,792,15,65,220,300,1.3166666666666667,0.03252932244954364,644,You're in for a knockout performance tonight.
463,793,19,50,209,278,1.316546762589928,0.03570009238456319,644,Who's ready to hear my hit song?
3608,793,14,60,204,278,1.316546762589928,0.03383247826213897,644,Any fight song requests?
3725,793,13,62,203,278,1.316546762589928,0.03344644350564732,644,What tune would you like me to knock out next?
5615,793,15,58,205,278,1.316546762589928,0.03421415770612736,644,"Here's a mashup I call ""Eine kleine Nacht-out-musik."""
1937,797,18,58,221,297,1.3164983164983164,0.03376885125999239,644,"My next number is ""Chopfists""."
4046,797,24,46,227,297,1.3164983164983164,0.03573283436728224,644,"NOW,CLAIR DI LUNE AS YOUVE NEVER HEARD IT PLAYED BEFORE."
4789,797,19,56,222,297,1.3164983164983164,0.03410403697760007,644,Beethoven's Fifth Round.
5402,797,11,72,214,297,1.3164983164983164,0.031322278910854026,644,"For the encore, I take the gloves off."
1064,801,14,59,202,275,1.3163636363636364,0.03407247898191405,644,"On the other hand, 15 note chords are easy!"
5476,801,12,63,200,275,1.3163636363636364,0.03328435403372159,644,"And now, for my next cacophony..."
5674,803,21,51,222,294,1.316326530612245,0.03500956473404953,644,Gerald was finding his two jobs were beginning to interfere with each other.
2711,803,16,61,217,294,1.316326530612245,0.03331039225647111,644,This next piece was written by Victor Borge.
797,805,18,44,191,253,1.316205533596838,0.03771825819076294,644,If you all don’t stop heckling me the gloves are coming off
3278,806,19,53,216,288,1.3159722222222223,0.03482550936620154,644,This next piece is by my two-year-old toddler.
371,807,13,58,195,266,1.3157894736842106,0.034412088864054814,644,And now for my final round...
1940,807,19,52,214,285,1.3157894736842106,0.0350753622915943,644,I will now play something by Rocky Maninoff.
2884,807,19,64,240,323,1.3157894736842106,0.032192816837867545,644,The full boxed set will be available after the performance.
3331,807,17,62,225,304,1.3157894736842106,0.032896908040209484,644,"Okay Jim, you got this. Float like a butterfly, sting like a B flat."
4437,807,21,54,229,304,1.3157894736842106,0.03419148064866732,644,"Not often performed,this is young Mozart’s very,very, first piece."
240,812,14,61,207,282,1.3156028368794326,0.03349661194823188,644,"First movement, round three."
3603,812,17,55,210,282,1.3156028368794326,0.03460838676664033,644,A knockout performance!
5502,814,16,51,196,263,1.3155893536121672,0.035899866959560364,644,I pity the fugue!
2409,815,19,50,210,279,1.3154121863799284,0.03558999414337298,644,Welcome to the Van Cliburn/Mike Tyson piano competition.
4049,815,21,46,212,279,1.3154121863799284,0.036307290301458774,644,"And this one's for Mother, who made me practice..."
5308,817,28,43,243,314,1.3152866242038217,0.035489498867428845,644,"I know it looks odd, but it got me into Harvard."
745,818,20,53,222,295,1.3152542372881355,0.03457527642394922,644,I call it my Concerto in 10 Rounds.
1313,819,13,61,202,276,1.315217391304348,0.03357803860611896,644,This one'll be a knock out.
2104,819,18,51,207,276,1.315217391304348,0.035485729276701704,644,And now let me punch out a tune.
2352,819,14,59,203,276,1.315217391304348,0.03396814887165748,644,This is a punchy little tune...
5192,819,21,45,210,276,1.315217391304348,0.036582623821953694,644,"I will now perform Mozart's first sonata, which he composed at the age of 16 months."
5386,823,14,64,214,292,1.3150684931506849,0.0327276981977684,644,it’s really more about my creative approach and not the actual notes
4628,823,18,56,218,292,1.3150684931506849,0.034135771414449005,644,My next piece is a bout . . .
3497,823,12,68,212,292,1.3150684931506849,0.03200043591822715,644,This Will Be A Knockout Performance
3495,823,20,52,220,292,1.3150684931506849,0.034818460914106536,644,"Tonight, I thought we'd start off with a little Philip Glass"
642,827,21,44,208,273,1.315018315018315,0.03686361639182219,644,I will now play selections from my boxed set.
832,827,18,50,205,273,1.315018315018315,0.035750869389339815,644,"I'm going to pound one out, now."
5152,829,18,55,216,289,1.314878892733564,0.034374249976307135,644,This next exuberant piece dates to Mozart's toddler years.
274,830,19,47,204,270,1.3148148148148149,0.03640168241999545,644,"And now, a literal rendition of Simon & Garfunkel's, ""The Boxer."""
2010,830,17,51,202,270,1.3148148148148149,0.035637183137624526,644,"And now, my rendition of Mike Tyson's 'From Ear to Eternity'."
885,832,18,54,214,286,1.3146853146853146,0.03461733635657165,644,Would the person who requested Proud Mary please come forward?
5073,832,25,40,221,286,1.3146853146853146,0.037015105604589676,644,"And now, the Sonata in Me Minor, by D. J. Trump."
4322,834,25,45,232,302,1.314569536423841,0.035586143533386544,644,"Playing isn't the problem, who's going to help me if I need to use the bathroom?"
4478,835,16,57,210,283,1.314487632508834,0.034138815830278654,644,Here's a little tune I recently knocked out.
667,835,17,55,211,283,1.314487632508834,0.03450390584653698,644,"I will now play ""Fight of the Bumblebee."""
2120,835,16,57,210,283,1.314487632508834,0.034138815830278654,644,"For my next number, I’ll be pummeling the ivories..."
4804,838,14,55,195,264,1.3143939393939394,0.0349693508567409,644,"Alright, the next time someone throws a tomato, the gloves are coming off."
2285,839,21,52,226,299,1.31438127090301,0.034564108068258506,644,"And now, the Trump Suite of Dementias, in F Major."
1947,840,18,52,210,280,1.3142857142857143,0.035117908544624446,644,"This next piece is rather punchy, but softly incorporates many, many notes close to one another."
3270,840,15,58,207,280,1.3142857142857143,0.03400680204068024,644,I float like Madame Butterfly and sting like Flight of the Bumble Bee
3515,840,20,48,212,280,1.3142857142857143,0.035839514192554774,644,"Trump asked me to do the musical score for the ""Chuck & Nancy"" meeting."
4381,840,17,54,209,280,1.3142857142857143,0.03475148719182738,644,I took a piano to the zoo to see if elephants could compose as well as paint. This is what they wrote.
2313,844,14,54,193,261,1.314176245210728,0.03523270037264369,644,"If I hear a cell-phone ring, watch  out!"
1769,845,17,58,218,293,1.3139931740614335,0.033690900377888466,644,This next song is a round.
4691,846,13,55,190,258,1.313953488372093,0.03507423418876252,644,Welcome to Mixed Musical Arts.
2421,847,23,51,235,309,1.313915857605178,0.03438891422594997,644,"No, but I can hum a few bars."
1585,848,22,42,210,274,1.313868613138686,0.03710884141910906,644,This is going to suck.
3500,849,21,49,220,290,1.313793103448276,0.035301694181066386,644,I’m just going to pound this one out.
4599,849,22,47,221,290,1.313793103448276,0.035638085145376426,644,All a song needs is a good hook.
3203,851,19,58,229,306,1.3137254901960784,0.033362628229864015,644,"Next up is the theme from ""Requiem for a Heavyweight"" in the keys of A, C, and F"
917,852,13,59,199,271,1.3136531365313653,0.03395071623555817,644,I'll just punch out a little number
5510,853,17,56,214,287,1.3135888501742161,0.034159118727236565,644,"And now, a sonata in twelve rounds."
1220,854,17,45,190,252,1.3134920634920635,0.03734918808699481,644,I am now going to play for you a medley of works by Rockymaninoff.
3932,855,19,46,203,268,1.3134328358208955,0.03656525325246364,644,"And now, for my last number I will play the title song on my new album Trump Year 2."
448,856,18,53,213,284,1.3133802816901408,0.03475983446868767,644,"And for my last number this evening, I'll be performing, ""Rhapsody in Black And Blue."""
5220,857,22,50,228,300,1.3133333333333332,0.03478660326374947,644,I will now play The Minute Waltz in ten seconds.
1843,858,23,53,240,316,1.3132911392405062,0.03383946327612264,644,"Chopin, Nocturne No. 2 in every key."
1888,859,13,52,184,249,1.3132530120481927,0.03589541445541536,644,"And now, with your kind indulgence, I'll change the mood a bit."
969,860,19,50,212,281,1.313167259786477,0.035371742349260174,644,Yet another dream where I don't have my underwear on.
1761,861,18,57,222,297,1.3131313131313131,0.033706414051980674,644,It says forte.
4840,861,10,73,214,297,1.3131313131313131,0.03088886799873667,644,This is a piece I just knocked off.
5681,863,15,52,195,262,1.3129770992366412,0.03553241741417033,644,Now a little music for Boxing Day.
2559,864,19,54,221,294,1.3129251700680271,0.03427726281909436,644,And now for a little fight music.
1855,865,22,53,235,310,1.3129032258064517,0.033986970707249806,644,"Now I shall play, 'The Fight of the Bumblebee'."
1736,866,18,60,229,307,1.3127035830618892,0.032947963322376386,644,Just hitting a few notes
329,867,15,65,224,304,1.3125,0.03216746406403951,644,Any more requests? I could pound out tunes all night.
1535,867,14,57,201,272,1.3125,0.03424380389293107,644,And it goes a little bit like this...
2174,867,19,52,217,288,1.3125,0.03476091533602164,644,"Float like ‘Madame Butterfly,’ sting like ‘Flight of the Bumblebee.’"
2475,867,22,41,209,272,1.3125,0.03727866815213326,644,"Any requests, Mister President?"
2556,867,20,50,218,288,1.3125,0.03510723437606839,644,"Mesdames et Messieurs, la sonate pour Donald Trump."
4669,872,20,54,227,301,1.3122923588039868,0.034041945052397424,644,Piano no problem. Tying bow tie is a totally different challenge.
3095,873,19,51,215,285,1.312280701754386,0.03500979734099329,644,And for my next selection....Cacaphony in G-major.
2692,874,14,60,208,282,1.3120567375886525,0.03342640028161214,644,This next piece is from Beethoven's welterweight period.
3594,875,14,55,197,266,1.3120300751879699,0.034746003720851425,644,Okay. let's knock out a few tunes on the piano. Any request?
2781,876,18,56,221,295,1.311864406779661,0.033838295782415186,644,"And now, Paul Simon's ""The Boxer"""
3800,877,16,55,208,279,1.3118279569892473,0.03441633702804357,644,My parole officer wasn’t clear on the type of community services I’d be performing tonight.
5168,877,17,53,209,279,1.3118279569892473,0.03478893613467395,644,"And in this corner, playing in at 185 lbs., ..."
4700,879,15,61,216,292,1.3116438356164384,0.03301887835342974,644,"That was in the key of C minor, give or take..."
3100,880,18,49,206,273,1.3113553113553114,0.03568042970110425,644,And now for a touch of Wagner.
2728,881,13,73,232,318,1.3113207547169812,0.030565704616492082,644,I will now play 12 rounds of Chopin.
1349,882,18,58,226,302,1.3112582781456954,0.033290319667093414,644,As for the reviewer who suggested my repertoire lacked punch.…
1360,882,13,68,221,302,1.3112582781456954,0.031594885707468136,644,Trying to knock out a few tunes
1962,884,13,63,210,286,1.3111888111888113,0.03272744574318274,644,Here's my rendition of Beethoven's Fifth – Round.
514,885,15,54,201,270,1.3111111111111111,0.03478196017729364,644,"For this number, I float like a butterfly, sting like a B flat major."
1753,885,15,68,232,315,1.3111111111111111,0.03139835906359877,644,And now for something a little more punchy.
1964,887,18,52,213,283,1.3109540636042403,0.03479780066099909,644,Any last requests?
3173,887,17,54,212,283,1.3109540636042403,0.034435826670338905,644,Any requests before I start pounding on the keys?
3715,889,15,67,230,312,1.310897435897436,0.03159195562895718,644,Now I will pummel the ivories.
4843,890,17,49,201,267,1.3108614232209739,0.03583417440696421,644,Anyone else want to face the music?
2856,891,16,50,198,264,1.3106060606060606,0.035708050286432966,644,"After 30 years of tickling the ivories, I’ve decided to try something new."
5487,892,16,59,218,293,1.310580204778157,0.03327630066223659,644,I had to fight for this gig.
2908,892,21,49,223,293,1.310580204778157,0.0349884937581602,644,"And now, a fugue by T.K.O. Bach."
586,892,17,57,219,293,1.310580204778157,0.03362571467945055,644,"My Dad wanted me to box, and Mom wanted me to play the piano."
591,892,24,43,226,293,1.310580204778157,0.03597671748903121,644,Who coughed?
2606,896,18,64,240,322,1.31055900621118,0.03186387284780114,644,"Ladies and gentlemen, I will now perform a medley of my greatest hits."
5526,897,16,54,207,277,1.3104693140794224,0.03455732397877593,644,Here's a new tune that will knock you out.
461,898,23,44,223,290,1.3103448275862069,0.035908939293963174,644,"Yes, the whole piece is to be played Fortissimo."
1471,898,19,52,219,290,1.3103448275862069,0.034554274961504795,644,The score says attacca con forza.
1580,898,18,45,198,261,1.3103448275862069,0.036792659701643936,644,"This sonata is called, “Yo, Adrian.”"
2550,901,14,57,203,274,1.3102189781021898,0.034031495041496725,644,"Concerto in A, B, C, D, E, F, and G"
2787,901,15,55,204,274,1.3102189781021898,0.034422084593673886,644,I play by ear.
4813,903,14,52,192,258,1.310077519379845,0.0354216724057952,644,Welcome to our First Annual Boxing Day Concert!
2860,904,17,50,204,271,1.3099630996309963,0.03545196181745447,644,Thank you. That was Rockymaninoff's Piano Concerto in Round No. 2.
2297,904,18,48,205,271,1.3099630996309963,0.035835390375655876,644,Let’s get ready to rrrrubato!
204,906,23,42,219,284,1.3098591549295775,0.0364414574818113,644,"Before I start playing the theme from ""Rocky"", can somebody come up here and zip up my pants?"
1699,906,21,46,217,284,1.3098591549295775,0.03575208032097746,644,"John Cage's 4'33, as played by Rocky Balboa."
3228,906,16,56,212,284,1.3098591549295775,0.033967481610726324,644,They made me give up the harp.
5007,906,18,52,214,284,1.3098591549295775,0.0346923389683669,644,"Pianissimo like a butterfly, fortissimo like a bee."
3140,910,15,49,191,255,1.3098039215686275,0.036124920541713366,644,I'd like to begin with a little warm up exercise.
4829,911,22,48,227,297,1.3097643097643097,0.034969027333692344,644,And now for something modern.
1111,912,15,57,209,281,1.309608540925267,0.03383323905293713,644,They’re rather tired of being tickled.
3032,912,18,51,212,281,1.309608540925267,0.03494204238628349,644,I will now play a piece from my boxed set.
4912,914,18,55,221,294,1.3095238095238095,0.03387226560143937,644,I will now play a round by Johann Sebastian Box.
4477,914,15,61,218,294,1.3095238095238095,0.03282800546213358,644,For an encore I will play Beethoven's Hammerklavier Sonata.
3922,914,22,47,225,294,1.3095238095238095,0.035216477527494995,644,Tonight we present dueling pianos...
3273,914,22,47,225,294,1.3095238095238095,0.035216477527494995,644,I shall now perform Beethoven's 10th Round Piano Concerto.
1070,918,16,54,208,278,1.3093525179856116,0.03445089904516795,644,Does anyone else have any criticism?
4751,919,21,48,222,291,1.309278350515464,0.03513300586515597,644,This piece is dedicated to those that did not like my previous one
4971,919,17,56,218,291,1.309278350515464,0.03375692727837152,644,The second movement begins with delightful arpeggios and ends with an uppercut.
409,921,14,53,195,262,1.3091603053435115,0.03503968412263432,644,Who clapped?
1439,922,14,57,204,275,1.309090909090909,0.033926277997779995,644,"And now, I shall perform my impressions of what some of you call ""jazz""."
85,923,21,47,220,288,1.3090277777777777,0.035385529418674226,644,"And now I shall play for your listening pleasure a few pieces from my latest recording, ‘Atonal Bludgeoning Cacophony.’"
5678,923,15,59,214,288,1.3090277777777777,0.03327094331411502,644,This is ridiculous.  How do you possibly expect me to play the piano without my mouthpiece?
4273,925,21,38,200,259,1.308880308880309,0.03815692942181105,644,"This next piece was composed by my cat, Barnabas."
1616,926,12,60,200,272,1.3088235294117647,0.033365185647992304,644,He was told tickling the ivory is no longer workplace appropriate.
3436,927,25,54,258,337,1.3086053412462908,0.03281151243968771,644,"I said I’d play for a Grand, baby! Not play a baby-grand!"
1620,928,14,55,200,269,1.308550185873606,0.03441603388054045,644,. . and I've taken the liberty of consolidating all individual notes so as to not offend the listener who might be sensitive to borrowed folk melodies of identifiable ethnicity.
1910,929,17,57,221,295,1.3084745762711865,0.03343041556541446,644,Who said I play with a heavy hand​?
3396,929,18,55,222,295,1.3084745762711865,0.033773551136392625,644,So I promised the composer not to pull any punches.
1125,931,18,46,202,266,1.3082706766917294,0.03626829856689465,644,"and now, Beethoven's Fist Symphony in C Minor..."
1859,931,19,44,203,266,1.3082706766917294,0.03665736351371937,644,This next number is a knock out.
4707,931,14,54,198,266,1.3082706766917294,0.03466840356259869,644,This piano is going down by the second movement.
5314,934,20,50,222,292,1.3082191780821917,0.03469089909642281,644,"A piece titled, ""The Next Election"
3933,935,18,45,200,263,1.3079847908745248,0.03655030459778815,644,I'm gonna add a little punch to this one
5539,936,14,61,214,289,1.3079584775086506,0.03280867659142216,644,I'd like to pound out a few tunes.
3322,937,15,63,224,302,1.3079470198675496,0.03221880144677168,644,This next one's an opus in ten rounds.
4279,937,19,55,228,302,1.3079470198675496,0.03355678815384349,644,Tell the conductor I'm ready to punch it up a little.
639,939,15,62,222,299,1.3076923076923077,0.032427109776478516,644,"And for my next piece, I'll add a blindfold as well!"
1696,939,19,50,217,286,1.3076923076923077,0.034837209606186074,644,"I like to call this one, ,'You're Gonna B-flat-tened.'"
2434,939,15,62,222,299,1.3076923076923077,0.032427109776478516,644,"Makes ""hitting"" those notes much easier."
3538,939,18,56,225,299,1.3076923076923077,0.03344930498931522,644,"My next song is The Boxer, by Simon and Garfunkle."
4425,939,17,50,206,273,1.3076923076923077,0.0352282408865541,644,Didn’t you ask me to bang out a tune”
5322,939,14,60,212,286,1.3076923076923077,0.03302948440310103,644,"Next, ""Dance of the Butterflies,"" by Muhammad Ali."
4047,945,18,59,232,309,1.307443365695793,0.03270424318921196,644,"Please be quiet, or I’ll take the gloves off"
4748,946,16,59,221,296,1.3074324324324325,0.032988227999389774,644,"And now, Balboa's variations on ""Eine Kleine Knock-musik"""
445,947,7,69,194,270,1.3074074074074074,0.03137256308048628,644,"As soon as my opponent arrives, we can begin."
5451,948,20,58,241,319,1.3072100313479624,0.032612836416200185,644,Let's knock out some tunes!
5204,949,21,52,233,306,1.3071895424836601,0.0338791985811655,644,For my next attempt I will fight my way through Rachmaninoff's 3rd.
1896,950,15,56,209,280,1.3071428571428572,0.033864000593129245,644,This next one's a knockout.
4894,950,15,56,209,280,1.3071428571428572,0.033864000593129245,644,"To start with, I'll just knock out a little sonata."
2249,952,15,52,200,267,1.307116104868914,0.0349626736280461,644,"And now , I coulda been somebody concerto in A minor."
2664,952,13,56,198,267,1.307116104868914,0.03414773741404494,644,The melody could use a little more punch.
4935,952,14,54,199,267,1.307116104868914,0.03455760782895595,644,And for my second piece I will also be wearing handcuffs.
1063,955,23,55,251,329,1.3069908814589666,0.03278557039361351,644,My next piece is by Johann Sebastian Boxer.
884,956,24,45,234,303,1.306930693069307,0.035056250177509664,644,The gloves come off for the Rachmaninoff!
5399,957,15,59,216,290,1.306896551724138,0.033075322140414316,644,"LIMERICK: There was a pianist named Billy...A heavy weight singer from Philly...His tunes packed a punch...And he delivered a bunch...But personally, I found them silly."
3547,957,20,49,221,290,1.306896551724138,0.034832376298064995,644,I’m told this next piece is a knockout.
474,957,17,55,218,290,1.306896551724138,0.0337891097284807,644,Next comes a number that only a two-year-old will appreciate.
1971,957,22,45,223,290,1.306896551724138,0.03551086369156807,644,I will now perform Mike Tyson's concerto in B flat.
1890,961,14,57,206,277,1.3068592057761732,0.03371769339945394,644,"Next - Michael Jackson's ""Beat It"""
459,962,21,50,229,300,1.3066666666666666,0.034341498742196365,644,"I now present a new piece entitled ""Modern Diplomacy."""
4884,962,19,54,227,300,1.3066666666666666,0.03368598295714296,644,That's the last time I schedule a concert on Boxing Day.
1447,964,17,54,216,287,1.3066202090592334,0.03402339566363047,644,"And now, by Rimsky-Korsakov, The Fight of the Bumblebee."
1816,964,10,68,209,287,1.3066202090592334,0.03141703847139393,644,This is a heavyweight sonata
2724,964,20,48,219,287,1.3066202090592334,0.03508117852292297,644,"Next, I shall perform George Foreman's Symphony in A Minor"
4842,964,17,54,216,287,1.3066202090592334,0.03402339566363047,644,This next piece is another punchy little number.
1805,968,12,60,202,274,1.3065693430656935,0.033159389845451304,644,Tickling the ivories is not enough for me.
3318,968,15,54,205,274,1.3065693430656935,0.034347589347237965,644,I'll knock out a quick tune.
3775,970,23,49,238,310,1.3064516129032258,0.03417668344570129,644,They call him the Manassa Mahler
3644,971,19,49,216,284,1.306338028169014,0.03498095683696316,644,"Hey, don't laugh. It's a lot easier than Chief of Staff."
5035,972,17,49,205,271,1.3062730627306274,0.035377913615846204,644,"Go ahead,ask me if I'll play Misty for you."
1243,973,14,51,193,258,1.306201550387597,0.03533988898876767,644,This next one is by Rockymaninoff
2359,974,19,48,214,281,1.3060498220640568,0.0352346544715667,644,My next piece is George Foreman's concerto for pianos with really fat keys.
159,975,19,59,239,317,1.3059936908517351,0.03242495566910725,644,My playing style is known to be rather aggressive.
4552,976,16,50,202,268,1.3059701492537314,0.03524953327148752,644,_Pass the tip jar and the gloves come off.
5682,977,15,55,208,278,1.3057553956834533,0.03399844457891806,644,"And now, selections from ""The Ring Cycle."""
3373,977,22,41,215,278,1.3057553956834533,0.03657455740070275,644,I forgot the punch line!
708,977,20,45,213,278,1.3057553956834533,0.03585741547705305,644,"For my next selection I will play ""Fight of the Bumblebees"""
1672,980,15,54,206,275,1.3054545454545454,0.03424061356842744,644,"To close, a traditional Boxing Day tune."
3335,980,18,48,209,275,1.3054545454545454,0.03538429055864568,644,"Next, a tune I composed in tribute to Muhammed Ali, Fight of the Bumblebee"""
4957,980,13,58,204,275,1.3054545454545454,0.0334564495577687,644,Here's a song that packs a punch.
5581,980,19,46,210,275,1.3054545454545454,0.03575738830793001,644,"And now, a little something from Punchini."
291,984,16,59,223,298,1.3053691275167785,0.032798814024095034,644,"Don't prejudge."""
1100,985,11,65,209,285,1.305263157894737,0.031914859490184265,644,How do you expect me to play without sheet music?
2449,986,17,49,206,272,1.3051470588235294,0.03526558859808376,644,And now a tune by Henry “Boom Boom” Mancini.
4159,986,17,49,206,272,1.3051470588235294,0.03526558859808376,644,Next I'll perform Rockymaninoff's arrangement of Bach's concerto
3664,988,17,45,197,259,1.305019305019305,0.036475363877500014,644,"I went to a tough music school. The keys were black and blue. But seriously, take my arranger. Please!"
1619,989,21,44,217,282,1.3049645390070923,0.03583758038509058,644,The next number is a real hit song.
2747,989,16,54,212,282,1.3049645390070923,0.03403140407858017,644,I'm waiting for the opening bell.
5066,989,18,50,214,282,1.3049645390070923,0.03476513692305689,644,ARE ... YOU ... READY...TO ........GLISSANDO!!!!!
1551,992,11,60,198,269,1.304832713754647,0.03310398119385796,644,"Ladies and gentlemen, I plan to do more than just ""tickle the ivories."""
1918,993,20,49,223,292,1.3047945205479452,0.0346251960264282,644,My next number will be The Fight of the Bumblebee.
3102,993,17,55,220,292,1.3047945205479452,0.03359006853695156,644,And now a punchy tune
4216,995,17,62,236,315,1.3047619047619048,0.03191442549181043,644,"Ladies and gentlemen, let me knock out a little number for you."
1470,996,21,43,215,279,1.3046594982078854,0.0361043512975853,644,And now the hard way.
1581,996,18,49,212,279,1.3046594982078854,0.03501666337268345,644,"The record shows I took the blows 
And did it my way"
1747,996,15,55,209,279,1.3046594982078854,0.0338940886423018,644,"Don't worry, I can Handel myself"
3316,999,14,53,199,266,1.3045112781954886,0.03458908746782012,644,I thought I’d punch up this last number just a bit.
1614,1000,13,69,230,312,1.3044871794871795,0.030804229380788407,644,This next piece will be very hit and miss
2035,1000,22,51,239,312,1.3044871794871795,0.033680949515411326,644,It's called Bach-sing.
1183,1002,11,62,203,276,1.3043478260869565,0.03255375257076636,644,I was told to take a dive in the third cadenza.
3207,1002,23,52,247,322,1.3043478260869565,0.033235559237360095,644,"Any more requests ,except ""go to hell""?"
3351,1002,17,57,225,299,1.3043478260869565,0.03304626619574441,644,And now a song that floats like Madame Butterfly and stings like the Flight of the Bumblebee
4684,1002,12,67,220,299,1.3043478260869565,0.03130215301102999,644,What?  I got tired of tickling them.
3397,1006,16,55,215,286,1.3041958041958042,0.033693605452645464,644,I will next do battle with Rachmaninoff's No. 3
1017,1007,14,58,211,283,1.303886925795053,0.03318119134477445,644,And now for a little not music.
4394,1008,17,62,237,316,1.3037974683544304,0.031827885511638995,644,My next piece is Chopin's Noc-out-turne opus 9
432,1008,22,52,242,316,1.3037974683544304,0.03336879413345021,644,Please have patience as I fight my way through the always difficult Rachmaninoff  3rd piano concerto.
306,1010,17,55,221,293,1.3037542662116042,0.03349138959070855,644,"Sir, I submit that you would not know a fugue if it hit you in the face."
4411,1010,25,39,229,293,1.3037542662116042,0.036175754204143665,644,What? You've never seen Bach-sing gloves?
789,1012,16,50,204,270,1.3037037037037038,0.03502448864902856,644,"Thank you, ladies and gentlemen.  Tonight, I don't plan to tickle the ivories as much as smash 'em to bits."
3946,1013,21,50,232,303,1.3036303630363035,0.034045782725719544,644,"And now a contemporary rendition of Schoenberg's transcription of LL Cool J's ""Mama Said Knock You Out"""
1087,1014,18,49,213,280,1.3035714285714286,0.03490834106083996,644,"You said pugilisimo, right?"
3785,1014,20,45,215,280,1.3035714285714286,0.035634190781181685,644,"Are you sure about this, Mr. Cage?"
4205,1014,24,37,219,280,1.3035714285714286,0.037043246437766644,644,I shall now play my interpretation of Beethoven’s Hammerklavier sonata.
22,1017,19,57,237,313,1.3035143769968052,0.03265982156591193,644,And now a little something from the Ring Cycle.
2848,1018,20,48,222,290,1.303448275862069,0.03476557450000576,644,Let's see you bring your booing up here.
3426,1019,17,50,210,277,1.3032490974729243,0.03478884361532425,644,This next piece I composed for Boxing Day.
1448,1019,14,56,207,277,1.3032490974729243,0.033641983068830275,644,This next piece is called 'Ode to Percussion'
680,1019,17,50,210,277,1.3032490974729243,0.03478884361532425,644,"Float like a butterfly
Sting like a B major"
4448,1022,12,63,212,287,1.3031358885017421,0.03210930931519043,644,This piece will knock you out.
2513,1023,21,48,228,297,1.303030303030303,0.03451483620918178,644,They laughed when I sat down at the piano.
575,1024,17,59,231,307,1.3029315960912051,0.03243461143767638,644,"You want me to come in one measure after the bell, right?"
2272,1024,24,45,238,307,1.3029315960912051,0.034655910648098254,644,I gift from my piano teacher just moment ago.
2617,1026,17,49,208,274,1.302919708029197,0.035042985103624046,644,"And now....""Flight of the Butterfly/Sting like a B flat."""
3816,1026,16,51,207,274,1.302919708029197,0.03465939341590086,644,And now Beethoven's Moonlight Sonata...molto pugilissimo!
5675,1026,17,49,208,274,1.302919708029197,0.035042985103624046,644,"This is a lessor known but musically athletic Bach piece, the poundo and feud in three rounds."
5070,1029,15,56,213,284,1.3028169014084507,0.03345545154870416,644,Next I'm going to knock out a few favorites...
1936,1029,21,44,219,284,1.3028169014084507,0.035617031974756165,644,I thought you said Box Prelude and Fugue.
2871,1031,19,51,224,294,1.3027210884353742,0.03408144890545864,644,I coulda been a concerto.
4507,1032,19,50,222,291,1.302405498281787,0.03431801604518986,644,This next one goes out to  ADRIAAAAAAN!
3080,1033,17,57,227,301,1.302325581395349,0.03285735000780102,644,"We take ""dueling pianos"" very seriously."
3619,1033,21,49,231,301,1.302325581395349,0.03417892664348621,644,Tickling got me nowhere.
5261,1033,9,60,189,258,1.302325581395349,0.033048264792524325,644,"And now, I will sock it to you."
4041,1036,14,56,208,278,1.3021582733812949,0.033538494272744156,644,"I predict it will end in the sixth measure."""
668,1036,18,48,212,278,1.3021582733812949,0.03505308270051987,644,My next piece is by Rocky Marcianinoff
1559,1036,19,46,213,278,1.3021582733812949,0.03542161217380052,644,"And now, for your enjoyment....The Ring Cycle."
4109,1036,13,58,207,278,1.3021582733812949,0.03314903612326073,644,This next number will be a real knockout.
5514,1040,22,43,223,288,1.3020833333333333,0.03559385545930094,644,That coulda been a concerto.
2242,1040,18,51,219,288,1.3020833333333333,0.03420724870996017,644,"And finally, the punchline."
3755,1042,15,50,200,265,1.3018867924528301,0.0350302198630839,644,"That was the fury, now comes the sound."
3359,1043,18,47,210,275,1.3018181818181818,0.03531056467346945,644,My teacher said it's time to take the gloves off.
4795,1043,16,51,208,275,1.3018181818181818,0.0345506928588764,644,They told me to come up with a punchy number.
3411,1045,12,55,195,262,1.3015267175572518,0.03402790209578442,644,This is a little something my three-year-old wrote...
5330,1045,13,53,196,262,1.3015267175572518,0.03445497908608992,644,Rondo Two!
2510,1047,15,55,212,282,1.301418439716312,0.0335846697911053,644,I guess I can try to knock out some tunes!
5573,1048,14,63,225,302,1.3013245033112584,0.03174039624044104,644,This next piece will be performed in 12 rounds.
5046,1049,18,45,206,269,1.3011152416356877,0.03584137155333544,644,What do you mean there's no punchline?
4154,1050,19,49,221,289,1.301038062283737,0.03445518610242283,644,I dare you to cough one more time!
1452,1051,16,45,195,256,1.30078125,0.03626221982803338,644,Now I’d like to pummel my own interpretation of  ‘Rhapsody in Black and Blue’.”
5471,1052,17,46,203,266,1.300751879699248,0.03572007180731852,644,"I'm sure you'll all recognise my next song, it has a ring to it."
1304,1053,21,41,214,276,1.3007246376811594,0.0363049329488769,644,"I present my new composition ""Trumps attempts to hit the right chords"""
4680,1053,13,57,206,276,1.3007246376811594,0.03327528312964277,644,I thought the conductor said he wanted a little more punch?
933,1055,20,46,220,286,1.3006993006993006,0.035050808791048445,644,The first number I'll be playing this evening is going to sound like hell.
5021,1056,14,48,191,253,1.300395256916996,0.0356810097605211,644,"Once more, with feeling"
1993,1057,18,43,202,263,1.3003802281368821,0.0363944713085353,644,For my final piece I'd like to play Schubert's  Four Impromptus D899 but I can't.  So instead I'll just beat the crap out of this thing.
1641,1058,14,54,205,273,1.3003663003663004,0.03390679745612056,644,"And, for the final match, it’s me against Steinway."
4307,1058,18,46,209,273,1.3003663003663004,0.03545992548756177,644,"Next, the World Premiere of ""Get Your Ass Out of Bed!"" composed this afternoon by my very own wife."
164,1060,15,55,213,283,1.3003533568904593,0.0334827300161819,644,And now for a piece that sounds like something a toddler could play.
9,1060,12,61,210,283,1.3003533568904593,0.03234054563883415,644,Potential hecklers should take note...
239,1062,13,65,225,303,1.3003300330033003,0.03130391958286385,644,Prepare to be knocked out!
3840,1063,17,47,206,270,1.3,0.03533829740755986,644,This next piece was composed by a 2 yr. old with no formal training.
3310,1063,17,50,213,280,1.3,0.03446615770035448,644,The next piece is dedicated to my ex-wife who said I wasn't masculine enough.
4786,1063,11,62,207,280,1.3,0.03216063114425024,644,I really don't think it's been properly tuned
2182,1063,20,47,223,290,1.3,0.034697458323733055,644,I will begin with Rhapsody in Ear Flat by Mike Tyson.
1327,1063,11,62,207,280,1.3,0.03216063114425024,644,They said my performance was a knockout!
2545,1063,18,42,200,260,1.3,0.03667984931009594,644,"And now, my rendition of the theme song from ""Rocky""."
4939,1063,13,58,209,280,1.3,0.032947070774292625,644,I Am The Greatest!
904,1070,17,52,218,287,1.2996515679442509,0.03388211797729956,644,"After all, the piano is a percussion instrument."
1131,1071,14,52,201,267,1.299625468164794,0.03439700551146879,644,Tickling the ivories! I think not.
1228,1071,13,54,200,267,1.299625468164794,0.03398519824562837,644,This next piece will knock you out!
470,1073,17,57,230,304,1.299342105263158,0.03257783340731303,644,Too punchy?
5283,1073,19,53,232,304,1.299342105263158,0.03323763867493804,644,"Tonight, I'll be going fifteeen rounds with the Schoenberg."
4727,1075,11,66,217,294,1.2993197278911566,0.03116384973388027,644,"Any requests for ""Fight of the Bumblebee?"""
5334,1076,26,30,218,274,1.2992700729927007,0.03825346920040238,644,YOU FORGOT THE BLINDFOLD.
3433,1077,20,53,238,311,1.2990353697749195,0.03303129409351215,644,And now a selection from Madame Float-like-a-Butterfly.
3153,1078,19,52,230,301,1.2990033222591362,0.033458739900222134,644,I had to fight my way to the top.
5460,1079,19,43,209,271,1.2988929889298892,0.035992662437022344,644,"And now,    Eine Kleine Nacht Out  Musi"
3995,1079,15,51,205,271,1.2988929889298892,0.03444034440344403,644,"And now I will play, ""The Fight of the Bumblebee """
1389,1079,13,55,203,271,1.2988929889298892,0.033637332077455825,644,I would ask that you suspend disbelief
1822,1079,12,57,202,271,1.2988929889298892,0.0332285495112206,644,"Next, I'll play you a punchy little tune."
5483,1083,15,48,198,261,1.2988505747126438,0.03532712171439728,644,"And now a new take on a classic: ""Beating You Senseless With My Song."""
3468,1084,18,39,194,251,1.298804780876494,0.037573755661235754,644,"For my next selection, I will play the 'Theme from Rocky'."
444,1085,14,61,223,298,1.2986577181208054,0.03196278439214368,644,Gimme a mandatory eight count.
2451,1085,18,53,227,298,1.2986577181208054,0.03334679802069432,644,Some people said my hands were too small to play piano. Not true. I'm a very good player. Nobody better than me at piano...
5019,1085,15,59,224,298,1.2986577181208054,0.03231434548512848,644,This is Stravinsky - Symphony in three rounds.
2391,1088,17,52,219,288,1.2986111111111112,0.03378029397860572,644,The following selection will be played in B-flatten.
254,1089,13,57,208,278,1.2985611510791366,0.0330707353699875,644,'We're now going to take the gloves off.'
1080,1090,15,47,196,258,1.2984496124031009,0.03559699365541183,644,How better to pound the ivories?
5575,1090,19,39,200,258,1.2984496124031009,0.037253170181605136,644,"And now for my next piece, ‘Float Like a Butterfly, Sting Like a Bee.’"
1419,1092,19,53,233,305,1.298360655737705,0.03314301837550615,644,"I call this one, 'Fight of the Bumblebees'."
1444,1093,21,46,228,295,1.2983050847457627,0.034586578858438924,644,"A Paul Simon song, sir ?   Any one in particular ?"
3419,1094,14,57,214,285,1.2982456140350878,0.03290729518946598,644,"For my next number I would like to play a new composition I call ""The Fight of the Bumblebee"""
661,1095,12,58,205,275,1.298181818181818,0.03289788163261603,644,"I think you will all recognize the theme from ""Requiem for a Heavyweight."""
3600,1095,18,46,211,275,1.298181818181818,0.035235314919923495,644,I think you'll all recognize this Paul Simon tune.
1018,1097,23,44,235,302,1.2980132450331126,0.0346563207819539,644,And now a little number by Schoenberg—please feel free to hum along.
4983,1097,16,58,228,302,1.2980132450331126,0.03235812969262409,644,"If the bartender is listening, I'm ready for another round."
1467,1099,18,51,223,292,1.297945205479452,0.03380058414896795,644,"Wait, downbeat? I thought you said beat-down."
2148,1100,13,58,211,282,1.297872340425532,0.032747442419773974,644,"'I'll knock out a few melodies."""
4704,1101,17,47,208,272,1.2977941176470589,0.03511251189103975,644,"For my next selection, I'm going to play 'Chopsticks' again.  Anybody got a problem with that?"
4968,1102,14,50,198,262,1.297709923664122,0.0347927060013337,644,"And now, the lovely Sonata in G-flat, composed by Michael Tyson"
4017,1103,17,55,227,299,1.2976588628762542,0.03291082311161366,644,It’s not as delicate a piece as one might think.
2765,1103,16,57,226,299,1.2976588628762542,0.032568022546865055,644,Now here's one from a real heavyweight.
49,1105,14,55,210,279,1.2974910394265233,0.03335812563886877,644,"For tonight's encore, I am pleased to present  to you 'Fight of the Bumblebee'"
525,1105,15,53,211,279,1.2974910394265233,0.033742412022454676,644,This next piece packs quite a punch
1046,1107,18,44,207,269,1.2973977695167287,0.035763596333533806,644,Let’s get ready to RE-CI-TAAAAL!
5536,1108,13,62,221,296,1.2972972972972974,0.03171640500257954,644,I will now pound out my favorite Soussa march.
2687,1109,17,51,218,286,1.2972027972027973,0.03391187823875023,644,OSHA regulations.
4494,1109,16,53,217,286,1.2972027972027973,0.03354815373515645,644,Get ready for my latest hit...
5097,1111,13,56,207,276,1.2971014492753623,0.03319556797715165,644,A method pianist prepares to play the score of Rocky.
5324,1111,14,54,208,276,1.2971014492753623,0.0335901204888992,644,And it sounds a little something like this....
677,1113,20,55,245,320,1.296875,0.03234513303836595,644,Heavy handed—me?
95,1114,16,52,215,283,1.2968197879858658,0.03378026651239653,644,"And now, ""Fight of the Bumblebee."""
2560,1115,16,49,208,273,1.2967032967032968,0.0346137599958036,644,I will now play something from my boxed set.
3073,1116,21,47,232,300,1.2966666666666666,0.034147797764410064,644,"Well, this is going to be rocky."
720,1117,20,57,250,327,1.2966360856269112,0.03186278467260556,644,This number will be a knockout!
646,1118,14,58,218,290,1.296551724137931,0.032494903682759896,644,All I’m asking is that you give me a fighting chance.
3151,1118,18,50,222,290,1.296551724137931,0.03393188424556022,644,Tonight I will be playing selections from Wagner’s Ring Cycle
1650,1120,17,49,214,280,1.2964285714285715,0.034391132312169004,644,"And now, a rarely heard Boxing Day carol."
1743,1120,7,69,204,280,1.2964285714285715,0.030442299464141533,644,"Float like a melody, sting like a B-flat."
989,1122,17,51,219,287,1.2961672473867596,0.0338093744973926,644,"Yo, Hayydnnn!"
4801,1123,11,55,194,260,1.2961538461538462,0.03363798472158224,644,Paganini's Pugilisto In D Minor
4245,1124,14,62,228,304,1.2960526315789473,0.03149261184623725,644,"And now, Rachmaninov in three rounds."
5025,1125,19,44,214,277,1.296028880866426,0.03538504034207639,644,"If Billy Joel claims to be the piano man one more time, I swear I'm going to deck him."
3993,1125,16,50,211,277,1.296028880866426,0.03425814450203556,644,"Then what precisely DO you mean by ""Punch it up a little""?"
1530,1127,17,53,224,294,1.2959183673469388,0.033253445289288766,644,Tonight the ivories have begged not to be tickled.
2694,1127,16,55,223,294,1.2959183673469388,0.03290249451774431,644,I have A Minor problem
4542,1127,17,53,224,294,1.2959183673469388,0.033253445289288766,644,Uhhh...I kinda lost a bet.
118,1130,15,51,208,274,1.2956204379562044,0.03411454770697632,644,Let's get ready to Handel
594,1131,15,56,220,291,1.29553264604811,0.03276277769544153,644,I call this one Rach'em-Sock'em-Maninoff.
5202,1131,19,48,224,291,1.29553264604811,0.03417890525111566,644,This Flight of the Bumblebee is in honor of Muhammad Ali.
3586,1133,16,46,202,264,1.2954545454545454,0.03538883834244651,644,"And now, Shostakovich’s Piano Concerto No.2, as if played by your two year old niece."
34,1134,21,41,219,281,1.295373665480427,0.035736848499628014,644,I'm making Mozart great again.
651,1134,15,53,213,281,1.295373665480427,0.03353514303029109,644,Tonight I'll begin with the Fight of the Bumble Bees.
5307,1136,18,49,221,288,1.2951388888888888,0.03406449740002193,644,And my next song is sure to be a hit!
1929,1137,15,52,211,278,1.2949640287769784,0.03376890670153919,644,"Should anyone in the audience fail to appreciate this beautiful musical piece, I must advise you that there will be consequences."
2390,1137,18,46,214,278,1.2949640287769784,0.03490351080281471,644,"I call this next number ""The Critic's Face""."
5327,1137,12,58,208,278,1.2949640287769784,0.032594831695720014,644,"I apologize, the gloves proved much more difficult to take off than to put on."
2762,1140,14,64,234,312,1.294871794871795,0.030937443842787495,644,I think I'm on the wrong stage.
1025,1141,17,50,218,285,1.2947368421052632,0.03394098449157668,644,And now for the Cantata Pugilisto
1262,1141,18,48,219,285,1.2947368421052632,0.03430306239587198,644,"And now, the theme from ‘Rocky’ as it was originally composed..."
3070,1143,20,41,214,275,1.2945454545454544,0.03590554189411797,644,For my next piece...the theme from Rocky
3565,1143,19,43,213,275,1.2945454545454544,0.03553399975298071,644,"And now, Rockymaninoff 's concerto #2"
1007,1145,12,62,218,292,1.2945205479452055,0.031566760956244104,644,This is a little tune I learned when I studied under Sonny Liston
1916,1145,21,44,227,292,1.2945205479452055,0.03476053630085538,644,"My next number will be in the key of E, G, and C."
4956,1147,17,49,216,282,1.2943262411347518,0.0341790179752668,644,And a little bit softer now...
598,1147,15,53,214,282,1.2943262411347518,0.03343242420217715,644,Round three goes something like this.
3294,1147,9,65,208,282,1.2943262411347518,0.03108523995204878,644,"And now, something a little more lightweight."
3413,1150,17,54,228,299,1.294314381270903,0.032841177746927144,644,"And now, an interpretation of Liszt based on my true feelings."
2738,1151,15,55,219,289,1.2941176470588236,0.032883352610291024,644,"Trust me, this next piece was a real knockout at my last recital"
3021,1151,22,41,226,289,1.2941176470588236,0.03534854191631362,644,And now one of Schönberg's more challenging pieces...
5657,1151,16,53,220,289,1.2941176470588236,0.03324671560355524,644,It was at this moment he realized delivering a knockout performance did not require boxing gloves.
5507,1154,14,59,223,296,1.2939189189189189,0.03200239305750338,644,How do you folks feel about tone clusters?
2522,1155,14,61,228,303,1.2937293729372936,0.03151062415892353,644,This next piece is going to be a little punchier
4888,1156,14,46,192,252,1.2936507936507937,0.03562370378714988,644,My insurance carrier insists I take special care to protect my hands since my career depends on it.
875,1157,15,56,222,293,1.2935153583617747,0.032569902237069806,644,"And now, the Hammerklavier Sonata like it's never been hammered before."
3720,1158,18,45,213,276,1.2934782608695652,0.035047165823695166,644,"Folks, this won't be my usual performance. I'm not wearing any pants tonight."
74,1158,14,53,209,276,1.2934782608695652,0.033509729747363035,644,Just how fortissimo do you want it?
2620,1158,15,51,210,276,1.2934782608695652,0.03390062608381115,644,I see you're as confused as I am.
2716,1161,19,50,231,300,1.2933333333333332,0.03342017672844335,644,I just knocked this last piece out last night.
580,1162,12,59,212,283,1.2932862190812722,0.03218271564255485,644,This next piece is a technical knockout.
619,1162,19,45,219,283,1.2932862190812722,0.03480161767419119,644,And Now Tyson's Ninf Symphony
1339,1162,16,51,216,283,1.2932862190812722,0.03370415813548178,644,"Having defeated all challengers, I will now continue with the Chopin."
874,1165,4,70,192,266,1.2932330827067668,0.029925859952523184,644,Good evening folks....Thought I'd belt out a tune for you.
4160,1165,14,50,202,266,1.2932330827067668,0.03434072338046402,644,Here's a little number I punched out this morning.
1913,1167,14,45,190,249,1.2931726907630523,0.03590266093059879,644,And now for my box set.....
5268,1168,15,60,232,307,1.293159609120521,0.03156779831127167,644,"And now, my interpretation of Wagner's ""The Ring."""
4994,1168,14,62,231,307,1.293159609120521,0.031228771321633066,644,"Now for the main event, ..."
844,1170,20,45,225,290,1.293103448275862,0.034557251597161914,644,Here's a punchy tune I wrote to celebrate the Senate Judiciary Committee Hearings
2255,1170,14,57,219,290,1.293103448275862,0.03241947922617152,644,This rendition will really knock you out.
2098,1172,15,50,208,273,1.293040293040293,0.03414167011411585,644,Sit back and relax while I pummel the ivories.
1073,1173,21,50,243,314,1.2929936305732483,0.033002387598794564,644,"Ladies and Gentlemen, Rockymaninoff No. 3."
4639,1174,17,53,227,297,1.292929292929293,0.03296188609547068,644,I'm still working on the hook.
4506,1175,16,45,202,263,1.2927756653992395,0.035421727437044206,644,"Next I'll play a John Cage adaption of the theme from the movie ""Rocky""."
4984,1176,13,63,228,304,1.292763157894737,0.03107423279993667,644,I'm hoping to be saved by the bell.
2950,1177,17,50,220,287,1.2926829268292683,0.0337352158827024,644,"And now, here's one for you lovers of polytonality...."
3,1177,15,54,218,287,1.2926829268292683,0.03300504559311662,644,This one is by Rockymaninov.
4780,1179,19,41,210,270,1.2925925925925925,0.035953445119489495,644,"And now, a new piece by John Cage..."
2955,1180,15,58,228,301,1.2923588039867109,0.031966279514750624,644,Power chords are my forté!
635,1181,15,53,216,284,1.2922535211267605,0.03322879266468923,644,The first movement is to be played ‘molto aggressivo.’
1357,1181,18,47,219,284,1.2922535211267605,0.03433373743323701,644,"This next piece I call, ""Float like a butterfly, sting like a Bee-thoven."""
4990,1181,14,55,215,284,1.2922535211267605,0.032852220227746955,644,It is the best way to keep my hands insured.
5280,1181,17,49,218,284,1.2922535211267605,0.03396941621626639,644,"I will now play a version of ""Flight of the Bumblebee"" , that I have restyled as ""Romp of the Hippopotamus"""
486,1185,18,54,236,308,1.2922077922077921,0.032471762489368866,644,I'll just knock out a quick sonata before dinner.
1445,1186,15,55,221,291,1.2920962199312716,0.032688118781024615,644,I have entitled this next piece: Dischord
2474,1186,11,63,217,291,1.2920962199312716,0.031204409105101697,644,Is there someone who can read music and turn pages for me?
5100,1188,19,54,242,315,1.2920634920634921,0.03229034923670409,644,"Well, tickling the ivories wasn't working!"
3338,1189,15,50,209,274,1.2919708029197081,0.03403364550826857,644,I felt this tune needed some punch!
2676,1189,15,50,209,274,1.2919708029197081,0.03403364550826857,644,"And finally, I'd like to knock out a few."""
1848,1189,13,54,207,274,1.2919708029197081,0.03323875028567167,644,Now here's a little ditty from my boxed set.
1012,1192,19,49,230,298,1.2919463087248322,0.033546311527075615,644,This next piece was composed by my toddler
1785,1192,13,61,224,298,1.2919463087248322,0.03146062600887224,644,"Tickling the ivories, has never been my forte."
3339,1192,19,49,230,298,1.2919463087248322,0.033546311527075615,644,I will now play the Theme from Rocky...badly.
3936,1192,19,49,230,298,1.2919463087248322,0.033546311527075615,644,I call this next one 'Beethoven's Fists.'
4596,1192,10,67,221,298,1.2919463087248322,0.030364106684857197,644,Mind if I punch out a tune?
3246,1197,21,40,220,281,1.291814946619217,0.035663365342746486,644,"What?? No, the contract definitely said glove songs..."
3865,1197,10,62,209,281,1.291814946619217,0.03150019051943745,644,This is the best way I have found to knock out a tune.
1607,1199,14,56,218,288,1.2916666666666667,0.03253620039345959,644,This evening instead of tickling the ivories I will be punching them.
4940,1200,14,51,206,271,1.2915129151291513,0.03387636391417887,644,"Next up, the Theme from Rocky."
3062,1200,16,47,208,271,1.2915129151291513,0.034673840937869585,644,Now I will play the theme from the movie Rocky.
2187,1200,17,45,209,271,1.2915129151291513,0.035065778931232666,644,Yo Adrian!!!! This one's for you.
881,1203,12,64,226,302,1.2913907284768211,0.030822197771228483,644,"And for my final number, I present Concerto: The Thrilla in Manila, Round 4, in B flat"
3527,1204,16,49,213,278,1.29136690647482,0.034072557213582405,644,"At your request: Tyson's ""Fight of the Bumblebee"""
342,1205,17,56,236,309,1.2912621359223302,0.032054178291971595,644,"This is the point in the program at which I respond to requests for ""Feelings"" or ""Piano Man""."
3245,1206,23,46,247,316,1.2911392405063291,0.03342590970123641,644,"For my encore I will play Opus 7 in A, B and C Major"
1639,1207,16,53,223,292,1.2910958904109588,0.03295045296857119,644,Raymond is undefeated in the spinet division but now faces a big challenge in a higher weight class.
3526,1207,23,39,230,292,1.2910958904109588,0.03536230347588797,644,"And now, Balboa's piano concerto in C, B, B flat, A, A flat and G"""
4349,1207,18,49,225,292,1.2910958904109588,0.033657193602581785,644,Wasn't the program Rockymaninoff?
5092,1210,15,48,205,268,1.291044776119403,0.03452611305733982,644,"No, this is NOT to compensate for small hands."
1844,1210,13,52,203,268,1.291044776119403,0.033706857001756615,644,"For my next piece, I will explore the roots of the piano as a percussion instrument."
1673,1212,13,56,213,282,1.2907801418439717,0.03258853981224299,644,And now a special arrangement of the Battle Hymn of the Republic.
5542,1213,13,65,235,313,1.29073482428115,0.03044936838231266,644,"For an encore, I've chosen to knock out a few bars of Beethoven's Ninth."
1880,1214,11,53,194,258,1.2906976744186047,0.03367641014906319,644,"Good  Evening Folks, this is the first time I've played at a ""Fight Club."""
2621,1214,12,51,195,258,1.2906976744186047,0.03412130981288639,644,A pugilistic concerto in B flat. Round one.
4977,1214,12,51,195,258,1.2906976744186047,0.03412130981288639,644,"Good evening, Ladies and Gentlemen. I’m Down for the Count Basie!"
4176,1217,13,58,218,289,1.2906574394463668,0.03206661308168188,644,I will now play 'Temper Tantrum in C Minor'.
4710,1217,17,50,222,289,1.2906574394463668,0.033531843860039816,644,It needed the right hook.
3054,1219,18,41,206,265,1.290566037735849,0.03599171159079923,644,Doesn’t”matter now if it’s tuned or not.
3034,1219,17,43,205,265,1.290566037735849,0.03559235225155048,644,And now... “Make America Great Again!”
4782,1219,15,47,203,265,1.290566037735849,0.03477987938341375,644,"And now, Requiem for a Heavyweight for piano and gloves!"
331,1222,13,60,223,296,1.2905405405405406,0.03156723106140337,644,I'll start on the count of three and stop on the count of ten.
701,1223,15,51,213,279,1.2903225806451613,0.03358454710243969,644,Let me knock out a number for you!
2341,1224,16,51,219,286,1.2902097902097902,0.033396931246999516,644,The ivories aren't being tickled tonight.
5398,1225,15,44,196,255,1.2901960784313726,0.03569497711185103,644,"This next piece is called Holidays at the In-Laws."""
877,1226,16,53,224,293,1.2901023890784984,0.03285282717522361,644,"My next selection is Beethoven's ""Hammerklavier"""
1211,1226,16,53,224,293,1.2901023890784984,0.03285282717522361,644,The insurance on my fingers was outrageous!
1098,1228,13,54,209,276,1.289855072463768,0.03303122533611968,644,We shall now experience the atonal grandeur of the Rocky Variations.
1297,1228,16,48,212,276,1.289855072463768,0.0342069178764285,644,Anyone else got any smart remarks ?
2151,1228,19,42,215,276,1.289855072463768,0.035343522942739215,644,I would like to play now a little something composed by the late Marquess of Queensberry.
710,1231,20,42,221,283,1.2897526501766785,0.035085448281597056,644,"Unfortunately, the necessity of dealing with hecklers has placed certain…constraints…on my artistry."
5227,1232,16,52,222,290,1.289655172413793,0.033072212125255684,644,I am also Blind!
3683,1233,16,54,227,297,1.2895622895622896,0.032542076596653126,644,I will now play some Black & Blues.
4166,1233,20,46,231,297,1.2895622895622896,0.03391145588473798,644,"And now, reimagined for pianoforte, the theme from Rocky."
4619,1235,14,49,203,266,1.2894736842105263,0.03425442146119147,644,"Oh, ho, yes, I’m the great contender."
2665,1236,20,50,241,311,1.2893890675241158,0.03283685962282816,644,"Next, my take on the theme from ""Rocky."""
275,1237,11,57,205,273,1.2893772893772895,0.03243909192829596,644,"Personally, I thought it was a knock-out performance."
799,1237,13,53,207,273,1.2893772893772895,0.03325901961963041,644,"And now, I will do a rendition of ""The Boxer,"" by Simon & Garfunkel."
4978,1239,18,47,222,287,1.289198606271777,0.034019652509907315,644,"Well, this is unique. In the last one I was naked!"
867,1240,19,49,233,301,1.2890365448504983,0.03325358465726985,644,And now Bach’s Golden Glove Variations.
828,1241,15,59,234,308,1.2889610389610389,0.03140909816146574,644,And now for Round 2 of tonight's performance.
545,1242,19,42,216,277,1.288808664259928,0.035231241037504156,644,I call this 'Fight of the Bumblebee'.
2937,1243,14,54,216,284,1.2887323943661972,0.03277277742734422,644,Let me give you a tune with some punch!
1124,1243,10,62,212,284,1.2887323943661972,0.031217267466262452,644,"Yes, it's a fight song!"
2338,1245,19,46,226,291,1.288659793814433,0.03403444045169056,644,Here’s a little something for all you boxing fans”.
1397,1246,12,62,224,298,1.2885906040268456,0.031023124862736975,644,"Chopin Piano Concerto, round 3."
1235,1247,13,49,198,260,1.2884615384615385,0.034330411301287986,644,Nobody talks during my performance.
3564,1247,21,48,243,312,1.2884615384615385,0.03305782052839938,644,"I shall now play Float Like A Butterfly, Sting Like A Bee Flat"
2139,1249,9,59,199,267,1.2883895131086143,0.032014842197915075,644,I just got tired of tickling the ivories...
5224,1250,16,47,211,274,1.2883211678832116,0.03434261725193143,644,Let's get ready to Pianooo!
123,1251,20,41,220,281,1.2882562277580072,0.03522951934737248,644,My next piece is played fortissississimo.
4371,1251,14,53,214,281,1.2882562277580072,0.03299397688705634,644,I’m all thumbs tonight.
4606,1251,18,45,218,281,1.2882562277580072,0.03450043757073907,644,My encore is a real knockout!
2735,1254,21,41,226,288,1.2881944444444444,0.03496995923178846,644,'I will now play 'Silent Night'.
3798,1255,16,53,226,295,1.2881355932203389,0.03265924093430623,644,And I'm wearing flippers.
4636,1255,8,69,218,295,1.2881355932203389,0.02970093342835021,644,"I've never butchered a tune in my life. Bruised one, occasionally."
3604,1255,14,57,224,295,1.2881355932203389,0.03194535765072322,644,"No, Dad. I told you before: I want to play piano."
1090,1258,17,57,242,316,1.2879746835443038,0.0315041041363005,644,"An now, a medley of “Rocky” theme songs."
2388,1259,10,54,193,257,1.2879377431906616,0.03323981346017916,644,This is for the table that requested the theme from “Rocky”!
1454,1260,13,50,201,264,1.2878787878787878,0.03396987257537717,644,Here comes the hook.
3637,1261,17,44,210,271,1.2878228782287824,0.03498370645131753,644,Boxing. It helps me think outside of the piano.
5309,1261,10,58,203,271,1.2878228782287824,0.032132918796557455,644,Before I take the gloves off are there any requests?
8,1263,14,52,212,278,1.2877697841726619,0.03321941931032524,644,Let's get rrready to rrrubato!
2086,1263,19,42,217,278,1.2877697841726619,0.03511965020075585,644,We'll have a brief intermission while I decide my future.
1208,1265,18,46,221,285,1.287719298245614,0.03415234578050372,644,"And now, Muhammad Ali's fifth symphony."
4139,1265,13,56,216,285,1.287719298245614,0.03229294682934497,644,"And now, my Concerto in A-B-C-D-E-F-G minor."""
3857,1267,17,50,225,292,1.2876712328767124,0.03323119320936022,644,Any requests for another Round?
5666,1267,17,50,225,292,1.2876712328767124,0.03323119320936022,644,I would like to now play a piece by Rocky Maninoff.
1159,1269,16,54,229,299,1.2876254180602007,0.03235294289266252,644,"Unlike Phillip Glass, I’m a maximist. I hit as many keys as I can at once."
2625,1270,16,47,212,275,1.2872727272727273,0.03423356570931395,644,"Now, my rendition of Fight of the Bumble Bee."
3505,1270,15,49,211,275,1.2872727272727273,0.03384367327741609,644,"For my next piece, I shall float like a butterfly and sting in the key of B flat."
798,1272,16,49,217,282,1.2872340425531914,0.03365122687143361,644,I present to you now a finale that floats like Madame Butterfly yet stings like Flight of the Bumblebee.
5176,1272,19,43,220,282,1.2872340425531914,0.03475805651257893,644,"And now, a recently discovered composition by John Cage."
2615,1274,11,61,217,289,1.28719723183391,0.03122718885970215,644,I love playing Beethoven's 'Hammerklavier Sonata'
3113,1275,19,49,235,303,1.2871287128712872,0.03306116929470904,644,"And now, by request, LaMotta Sonata."
2226,1276,12,50,196,258,1.2868217054263567,0.034027813671397636,644,Welcome to Fight Club.
2424,1277,18,40,207,265,1.2867924528301886,0.03590768880447211,644,This one's from the boxed set.
2498,1277,14,48,203,265,1.2867924528301886,0.03427843429229998,644,My next selection is a real knockout.
4449,1279,12,54,206,272,1.286764705882353,0.032868181512546835,644,I said I could punch out a tune.
5047,1280,13,54,212,279,1.2867383512544803,0.03272456634092519,644,"I call this one, “A Fistful of Keys.”"
888,1280,15,50,214,279,1.2867383512544803,0.033503266827440766,644,This next number will be a little Rocky
161,1282,16,52,225,293,1.286689419795222,0.03277745703764424,644,"Actually, it's all in the technique."
843,1283,18,50,232,300,1.2866666666666666,0.03294308910879077,644,And now in the key of Ali.
5079,1283,16,54,230,300,1.2866666666666666,0.03225916973448604,644,"When I told the host of this show, I'd play for free, he said 'sure, knock yourself out.'"""
2337,1285,16,56,235,307,1.286644951140065,0.031762710430622565,644,Let me welcome you to our annual Boxing Day concert
3792,1286,14,68,253,335,1.2865671641791045,0.02936598067144152,644,"Well, technique isn't everything."
5651,1287,11,49,188,248,1.2862903225806452,0.034443984402577184,644,"And now, ladies and gentlemen, Chopin and I will duke it out."
1214,1288,23,29,210,262,1.286259541984733,0.038151117933605594,644,"And now, if I may, my rendition of “Hail to the Chief”."
3164,1288,15,45,202,262,1.286259541984733,0.03495036619726685,644,I am going to float like a butterfly and sting like a B major
4344,1290,9,59,201,269,1.2862453531598512,0.031812384304426004,644,Wait until the gloves come off.
2536,1291,14,51,211,276,1.286231884057971,0.033344072280550814,644,Many of you know this from my box set.
609,1291,13,53,210,276,1.286231884057971,0.03294657334409038,644,I could a been a contender...
977,1293,16,49,218,283,1.2862190812720848,0.03354746419134632,644,It's worse than it looks.  They're thumbless gloves.
1541,1293,13,55,215,283,1.2862190812720848,0.03240756141011924,644,This next round is from the work of TKOvsky
4217,1293,12,57,214,283,1.2862190812720848,0.03201857686059212,644,"Ladies and Gentlemen, I will now perform for you Ali's concerto in the keys of A,B,C , D and E."
5420,1293,14,53,216,283,1.2862190812720848,0.032791932070612345,644,"Oh, I'll hit the right note alright!"
4511,1297,16,51,223,290,1.2862068965517242,0.032995613449893844,644,This next selection is a real knockout.
3381,1298,20,47,237,304,1.2861842105263157,0.03329346240249612,644,This next one is also by Stravinsky.
3985,1299,13,50,203,266,1.2857142857142858,0.033748570538858234,644,"Now for Chopin’s Etude in G# minor, Op.25; No.6 the hard way."
3380,1299,16,44,206,266,1.2857142857142858,0.03498691855443896,644,Who tuned this?
3283,1299,18,42,213,273,1.2857142857142858,0.03514412366792974,644,"Let's see if you can guess who composed this piece."""
2844,1299,16,60,246,322,1.2857142857142858,0.03074670484285395,644,"And now, my rendition of the ""The Theme From Rocky'."
1920,1299,20,42,225,287,1.2857142857142858,0.03465385552333049,644,Pianist!? I could've swore the classified sought a pugilist.
1156,1299,13,60,228,301,1.2857142857142858,0.031115932156725836,644,"Tonight, you’ll hear DeBussy with some punch!"
535,1299,17,54,237,308,1.2857142857142858,0.032005254202332675,644,My next piece is in one-two time.
325,1299,19,54,249,322,1.2857142857142858,0.03167662025957788,644,"Yes, I can do ""Eye of the Tiger"""
1991,1307,18,55,246,319,1.2852664576802508,0.031560173651964986,644,"*“Alas, ebony and ivory don’t always live together in perfect harmony.”"
3677,1308,17,55,240,312,1.2852564102564104,0.031717176092575544,644,"I call the next piece ""The Ring Cycle""."
348,1309,11,63,224,298,1.2852348993288591,0.030578125083700097,644,Here's a punchy little etude...
1010,1309,14,57,227,298,1.2852348993288591,0.031667234608268965,644,"'The Boxer by Paul Simon."""
4153,1309,19,47,232,298,1.2852348993288591,0.03340359917588292,644,"And now, for your listening pleasure, I will attempt chopsticks."
4368,1309,18,49,231,298,1.2852348993288591,0.03306362200167227,644,...in the key of b-c-d-e-f
3374,1313,11,61,219,291,1.2852233676975946,0.031043483006865248,644,"Anvil Chorus, anyone?"
1266,1313,16,51,224,291,1.2852233676975946,0.032896736760692644,644,I’m just going to knock-out this new piece for you.
3517,1315,13,55,216,284,1.2852112676056338,0.032308970858245745,644,I think I misunderstood the phrase 'hitting the right notes'.
4085,1315,13,55,216,284,1.2852112676056338,0.032308970858245745,644,"Contrary to what others believe, Mr. Trump believes a pianist plays just as well with boxing gloves as without.  While I don't expect to convince him, I will try to prove to others this just isn't true."
3241,1317,15,49,213,277,1.2851985559566788,0.033630752227900115,644,"This next song, is a total knock-out!"
4418,1317,15,49,213,277,1.2851985559566788,0.033630752227900115,644,There will be a 1 minute intermission between each of my 10 pieces.
3663,1319,13,51,206,270,1.2851851851851852,0.033403631106873145,644,This next piece is a real knock out.
810,1320,17,58,248,323,1.284829721362229,0.030976093220381536,644,I'm going to play Erik Satie's Aperçus désagréables for two gloved hands.
2099,1321,21,48,247,316,1.2848101265822784,0.032689239566557254,644,"Etude"" by Muhammad Ali.."
4923,1322,17,52,233,302,1.2847682119205297,0.032414367577337726,644,WOULD YOU LIKE ME TO KNOCKOUT ANOTHER TUNE?
1776,1323,17,50,228,295,1.2847457627118644,0.032935716124879305,644,I'm hoping this will strike a chord with you.
5515,1323,15,54,226,295,1.2847457627118644,0.032227957640629225,644,"...and now an original composition that I 
like to call  ""Thrilla in Manila"""
1353,1323,17,50,228,295,1.2847457627118644,0.032935716124879305,644,Just wait until I take the gloves off!
4242,1326,15,52,221,288,1.2847222222222223,0.03274982485586215,644,"I call this next piece, Ali vs. Frazier, in B minor."
3058,1327,15,50,216,281,1.2846975088967971,0.03329555971903408,644,Why do I do this?  Because I can't sing or dance.
2897,1328,15,46,206,267,1.2846441947565543,0.03446592671279815,644,For this next piece you might want to turn down the volume on your cellphones.
191,1329,20,47,239,306,1.2843137254901962,0.033101849051243394,644,This one was my first big HIT!
1969,1329,20,47,239,306,1.2843137254901962,0.033101849051243394,644,"Now I will play, “Domm, Domm, Domm,...Dommmm.."
5263,1329,15,57,234,306,1.2843137254901962,0.03144178313647569,644,I will now perform Beat It.
630,1332,15,55,229,299,1.2842809364548495,0.03192901805419582,644,"I will now play ""The Boxer""  by Paul Simon."
3910,1332,15,55,229,299,1.2842809364548495,0.03192901805419582,644,"And for you Brits, ""A Ballad for Boxing Day."""
1217,1334,12,57,216,285,1.2842105263157895,0.03182508474275259,644,I shall now play Bach in the combative style.
650,1334,14,53,218,285,1.2842105263157895,0.032592258925067764,644,The next piece will be a bit bombastic....
92,1334,18,45,222,285,1.2842105263157895,0.03407482924020618,644,"And now, I'll play selections from my box set."
618,1334,10,61,214,285,1.2842105263157895,0.031038954491543494,644,They call me Johann Sebastian Box.
915,1338,16,47,215,278,1.2841726618705036,0.03391039763576781,644,Oddsmakers have ebony over ivory in the third round .
1142,1338,18,43,217,278,1.2841726618705036,0.03466783916224349,644,"And now, an eight-count piece by Mauler"
2535,1338,15,49,214,278,1.2841726618705036,0.03352526011284982,644,This one's in the key of Knock You Flat.
3868,1338,12,55,211,278,1.2841726618705036,0.032342341583275855,644,"Ladies and gentlemen, tonight's piece is a real knock-out."
4254,1338,13,53,212,278,1.2841726618705036,0.032741396751985744,644,"Now, the punchier rendition ."
3764,1343,19,39,213,271,1.2841328413284132,0.0356745978731562,644,I'm afraid my performance will be a little rocky
5644,1344,17,41,206,264,1.2840909090909092,0.03553882594068299,644,Rachmaninoff’s Concerto no. 2- twelfth round.
4531,1345,25,38,247,310,1.2838709677419355,0.03434917616041396,644,"Ladies and Gentlemen, the Fight of the Bumblebee."
1190,1345,18,52,240,310,1.2838709677419355,0.032151405253643316,644,Box variations.
4927,1347,19,48,236,303,1.283828382838284,0.032990183829416916,644,"Its Rimsky-Korsakov with a postmodern vibe: I call it ""Fight of the Bumblebee"""
3966,1348,18,48,230,296,1.2837837837837838,0.03318526165954941,644,I'm really gonna pound this one out!
2241,1349,16,50,223,289,1.2837370242214532,0.03301709200182575,644,"And now, the theme song to 'Rocky'"
3078,1349,16,50,223,289,1.2837370242214532,0.03301709200182575,644,If you hum a few bars I can probably punch it out.
5068,1349,16,50,223,289,1.2837370242214532,0.03301709200182575,644,"Next will be my Mohammed Ali ""Flight of the Butterfly"""
4869,1352,16,48,218,282,1.2836879432624113,0.03357067603925793,644,"And now, I will batter the ivories."
56,1352,20,40,222,282,1.2836879432624113,0.03504207261523478,644,Welcome to our Boxng Day concert.
1459,1352,17,46,219,282,1.2836879432624113,0.03394450516051828,644,My next piece consists of ten rounds.
2633,1352,17,46,219,282,1.2836879432624113,0.03394450516051828,644,"And then I realized, my fight with the music IS the music"
4911,1352,14,52,216,282,1.2836879432624113,0.032810242425399976,644,"and now,  I'll knock out one your old favorites."
2689,1357,15,48,212,275,1.2836363636363637,0.03375943695858437,644,"For this next piece, use of your mobile phones is encouraged."
3094,1358,17,51,232,300,1.2833333333333334,0.03252932244954365,644,"Brahms? A minor punch. Rachmaninov, fell flat. But Beethoven? Kills in the fifth."
2731,1359,20,43,230,293,1.2832764505119454,0.03410045968578787,644,"And next, the theme from Rocky."
3399,1359,14,55,224,293,1.2832764505119454,0.031977841377124665,644,"...And in the right corner, hailing from the Steinway factory in Queens, weighing in at 1200 pounds, it's GRAND PIANO!!!"
3423,1359,16,51,226,293,1.2832764505119454,0.03270069331101476,644,Now I will do the piece I played for Harvard’s Admissions Committee.
4389,1359,17,49,227,293,1.2832764505119454,0.033056192233245726,644,"And now for the younger members of the audience, a few death metal classics."
3606,1363,14,53,219,286,1.2832167832167831,0.032493299434677984,644,This combines the artistry of Joe Louis and Louis Armstrong.
258,1364,13,53,213,279,1.2831541218637992,0.03263972891939852,644,You should see the keys!!
1464,1364,16,47,216,279,1.2831541218637992,0.0338039845698024,644,The theme from Rocky
2351,1364,17,45,217,279,1.2831541218637992,0.0341832589983749,644,The latest OSHA regulation.
4945,1367,13,51,208,272,1.2830882352941178,0.03319057804476667,644,let's hit it again
5186,1368,18,54,246,318,1.2830188679245282,0.03157918970422732,644,It's an unfinished piece if anyone's cellphone goes off.
19,1369,18,50,236,304,1.2828947368421053,0.032563031405657084,644,Is my tie crooked?
4106,1369,20,46,238,304,1.2828947368421053,0.033223130639614705,644,Today I shall be playing 'Concussion in fist major'
1662,1371,18,48,231,297,1.2828282828282829,0.033087137538872206,644,Are you certain these are the same gloves Glenn Gould used?
2707,1371,14,56,227,297,1.2828282828282829,0.03168214922501558,644,"And now, my final number will just knock you out!"
209,1373,15,52,223,290,1.282758620689655,0.03255309524918405,644,And here's a knockout hit I wrote recently...
584,1373,19,44,227,290,1.282758620689655,0.03398761558869207,644,"I call this next piece,
“The Fight of The Bumblebee “."
5169,1373,19,44,227,290,1.282758620689655,0.03398761558869207,644,"And now, Madam Butterfly, Stings Like A Bee."
537,1376,13,54,216,283,1.2826855123674912,0.03232411243368836,644,You were right. This does sound a little better.
2075,1376,18,44,221,283,1.2826855123674912,0.03420748611767239,644,"This next piece is ""'Requiem' for a Heavyweight,"" my homage to Mozart."
5098,1376,12,56,215,283,1.2826855123674912,0.031934111421060736,644,I'm just not that in to melodies
2755,1379,10,58,208,276,1.2826086956521738,0.031634548944865094,644,Now for my knockout piece as the encore.
964,1380,12,52,205,269,1.2825278810408922,0.033004138610364345,644,This next sonata is a real knock out.
3552,1380,13,50,206,269,1.2825278810408922,0.033421781739729345,644,And now a tribute to the late great Muhammad Ali.
1853,1382,18,49,234,301,1.282392026578073,0.03277438526282664,644,"Hey, it's flu season."
641,1383,16,51,227,294,1.282312925170068,0.032603517203162395,644,I first learned my next number from my three year old.
3691,1383,16,51,227,294,1.282312925170068,0.032603517203162395,644,One note requests please.
2118,1385,23,35,229,287,1.2822299651567943,0.03561914692779146,644,I used to play by ear.
1326,1385,17,47,223,287,1.2822299651567943,0.03350415436505014,644,When you asked if I could pound the keys...
3320,1385,12,57,218,287,1.2822299651567943,0.03163382635083899,644,"this next piece is from ""Rocky""."
73,1385,18,45,224,287,1.2822299651567943,0.033865826990367776,644,And now for something 'molto energetico e furioso' !
1241,1385,17,47,223,287,1.2822299651567943,0.03350415436505014,644,"In tune, but out of touch."
787,1390,15,49,216,280,1.2821428571428573,0.03331618496798088,644,"And now, Ladies and Gentleman, I will take a stab at the notoriously difficult ""Etude Brute."""
921,1390,15,49,216,280,1.2821428571428573,0.03331618496798088,644,"3, 2, 1... Hit It!"
4580,1390,14,51,215,280,1.2821428571428573,0.032929721260828354,644,Victor Borge in his final round
99,1393,16,58,245,319,1.2821316614420062,0.0308601464246621,644,And now I'd like to bang out a little ditty of my own...
879,1394,11,66,235,312,1.2820512820512822,0.02962852414939293,644,I will now perform Round 3.
1317,1394,18,52,242,312,1.2820512820512822,0.03197079514016338,644,I will now play Sonata in B Flat by Mike Tyson.
2492,1394,12,53,208,273,1.2820512820512822,0.03267545648993642,644,They're required by my insurance company.
5336,1397,14,45,200,259,1.281853281853282,0.034692453744044296,644,"And now, the Dempsey Sonata"
4402,1398,10,62,219,291,1.2817869415807561,0.030575603497136422,644,"And now, in memory of Rod Serling, Anthony Quinn, Jackie Gleason and Mickey Rooney: Requiem for a Heavyweight"
2423,1398,22,38,231,291,1.2817869415807561,0.034917923975310475,644,I will now play Rachy 3.
841,1398,13,56,222,291,1.2817869415807561,0.031716967077527546,644,This next work is entitled “Symphony in Three Rounds.”
911,1398,17,48,226,291,1.2817869415807561,0.03317776307168382,644,"And now, for The Fight of the Bumblebee!"
503,1402,10,60,214,284,1.2816901408450705,0.03104558034055827,644,My next piece really packs a punch.
1091,1402,20,40,224,284,1.2816901408450705,0.03482342515157353,644,"This one is called 'I'm gonna smash your face', in G minor."
2504,1402,20,40,224,284,1.2816901408450705,0.03482342515157353,644,I will now play Box Prelude and Fugue in G Minor
4276,1402,14,52,218,284,1.2816901408450705,0.032609281055002305,644,"Which one of you yelled, 'I want the hits'?"
4410,1402,15,50,219,284,1.2816901408450705,0.032988626812655464,644,Good evening and welcome to 'Boxers Got Talent'!
3286,1407,19,51,246,316,1.2816455696202531,0.03200071959957262,644,"And now, Rockymanenough Piano Concerto no. 2"
5663,1408,15,39,191,245,1.2816326530612245,0.036482910965989046,644,The nightmare before the concert.
4073,1409,13,52,212,277,1.2815884476534296,0.032757298649377126,644,This way I don't have to insure my hands.
5676,1409,17,44,216,277,1.2815884476534296,0.03431736346499417,644,"Ladies and gentlemen, The Palooka Polka."
270,1409,15,48,214,277,1.2815884476534296,0.0335464010736845,644,This next one has a hook that will be in your head for days.
753,1412,17,53,239,309,1.2815533980582525,0.03184344029982841,644,"Now, I’d like to play you a selection of my greatest hits."
2321,1413,10,56,204,270,1.2814814814814814,0.032050362966966485,644,I'll be playing Beethoven's Symphony No. 7 in A major.  It may take awhile.
393,1414,17,51,234,302,1.281456953642384,0.03234067609145045,644,Everyone now...supercali-pugilistic-expialidocious...
2283,1415,14,55,226,295,1.2813559322033898,0.031789594511938454,644,And now for some Wagner.
3279,1415,13,57,225,295,1.2813559322033898,0.03142480306616488,644,This will be 1812 like you've never heard.
3504,1415,11,61,223,295,1.2813559322033898,0.030682211536569564,644,This time I'm not going to tickle the ivories!
3545,1415,19,45,231,295,1.2813559322033898,0.0335541156442034,644,Would you care to join me in a round?
5191,1419,16,49,223,288,1.28125,0.03303780690445624,644,"And now, a couple of rounds with Shoenberg."
3544,1420,17,45,219,281,1.2811387900355873,0.03396932503083019,644,"And now a little piece I call the ""The Fight of the Bumblebee."""
1003,1421,13,60,233,306,1.2810457516339868,0.030676864641119184,644,I'm in between careers.
4123,1422,20,37,217,274,1.281021897810219,0.03570503869702569,644,What does Beethoven being deaf have to do with it?
4642,1422,18,41,215,274,1.281021897810219,0.034948179957286066,644,My next selection is a Rockymaninoff
1557,1422,14,49,211,274,1.281021897810219,0.033383023683728086,644,My next number will be a one hit wonder.
3231,1425,14,47,206,267,1.2808988764044944,0.03396502023571124,644,"Begging your indulgence, my New Year's resolution is to stop biting my nails."
955,1426,13,56,223,292,1.2808219178082192,0.03162288875786409,644,This next number will really knock you out!
569,1427,17,55,245,317,1.2807570977917981,0.03128007769423121,644,I will now play for you a piece by Donald J. Trump called ‘Bing Bing Bong Bong’
189,1428,11,58,216,285,1.280701754385965,0.03134885838874004,644,This next piece may sound a little dissonant....
769,1428,19,42,224,285,1.280701754385965,0.03435736040644536,644,Chopsticks?
1960,1428,16,48,221,285,1.280701754385965,0.03326107679654201,644,"And now I will perform""Horowitz at age 2"""
3259,1431,16,55,239,310,1.2806451612903227,0.031423058607546184,644,The next is a request from Mike Tyson
3465,1432,9,60,209,278,1.2805755395683454,0.031023521273599034,644,"And now, I shall play Beethoven's Fifth Round"
4941,1433,19,47,237,303,1.2805280528052805,0.03291794965414352,644,My counter punch is much better than my counter point.
5365,1433,14,57,232,303,1.2805280528052805,0.03121392250276753,644,They told me it was Boxing Day.
1784,1435,13,50,208,271,1.2804428044280443,0.03320729489703152,644,"Despite his millions earned, Rocky Balboa eventually went baroque."
5292,1435,19,38,214,271,1.2804428044280443,0.0355910954368479,644,"For my next number, I will play the theme from ""Rocky."""
4849,1437,18,47,231,296,1.2804054054054055,0.03310997779084161,644,I  coulda had class. I coulda been a conductor. I coulda been somebody. Instead of a bum. Which is what I am.
1342,1437,21,41,234,296,1.2804054054054055,0.03413185330284911,644,When was this piano tuned?
3815,1439,14,46,204,264,1.2803030303030303,0.03420992271315748,644,In honor of Boxing Day . . .
212,1440,14,53,222,289,1.2802768166089966,0.032199871453618516,644,And now my tribute to Jerry Lee Lewis.
493,1440,19,43,227,289,1.2802768166089966,0.03401437665582459,644,It’s not The Fight of The Bumblebee?
1504,1440,15,51,223,289,1.2802768166089966,0.03257086030734384,644,I thought they said pugilist.
2329,1440,12,57,220,289,1.2802768166089966,0.03144476558296559,644,"For this Inaugural Dance, I will now play I Did It My Way."
5459,1440,11,59,219,289,1.2802768166089966,0.031060329409661896,644,This concert is off to a Rocky start.
190,1445,20,46,241,307,1.280130293159609,0.03293638509035859,644,"And now ladies and gentlemen, Tchaikovsky’s ‘Incompetent Piano Movers’ in G Minor."
5379,1446,10,64,226,300,1.28,0.029953512849005555,644,I'm a lover and a fighter.
3334,1446,13,51,211,275,1.28,0.03287586997796755,644,"I will now perform a more faithful interpretation of ""Baby Elephant Walk""."
3036,1446,18,48,234,300,1.28,0.03279611690857527,644,I hope you enjoy this next number. I knocked it out last night.
121,1446,18,55,252,325,1.28,0.03105000103224739,644,"When I said I wanted to hit the ivories..."""
1004,1450,11,53,204,268,1.2798507462686568,0.03259235557073481,644,"Sonata for two boxing gloves on three keys at a time, molto grandissimo."
5656,1451,16,55,240,311,1.279742765273312,0.03133485337786405,644,"For my next selection, I will be playing the theme from ""Rocky""."
330,1452,14,52,220,286,1.2797202797202798,0.03241068389669029,644,"This evening’s performance, of Tyson’s 1st, is also available on a box set."
1321,1452,16,48,222,286,1.2797202797202798,0.03315910378667431,644,"And now, in the key of B flat, the theme from Rocky"
4933,1452,16,48,222,286,1.2797202797202798,0.03315910378667431,644,"What did you think ""Ring Cycle""  meant?"
3536,1455,8,57,196,261,1.2796934865900382,0.03179064461692389,644,I think you'll agree this next tune is a real knockout.
1957,1456,15,55,234,304,1.2796052631578947,0.03147162641129827,644,"And now, a special request from my piano professor."
4576,1457,14,50,215,279,1.2795698924731183,0.032946926507825734,644,I don’t exactly tickle the ivories anymore.
4045,1457,17,44,218,279,1.2795698924731183,0.03410069552334217,644,Real men don't tickle the ivories.
3685,1457,15,48,216,279,1.2795698924731183,0.03333595340269436,644,"Ladies and gentlemen, we are recording tonight's performance which, I expect, will be released as a boxed set."
3416,1457,17,44,218,279,1.2795698924731183,0.03410069552334217,644,"And for my next selection, a round."
3742,1461,16,51,230,297,1.2794612794612794,0.032315316241811456,644,It is the insurance company's rule.
494,1462,20,41,229,290,1.2793103448275862,0.03426070971812692,644,"Remember students, always practice safe sax, and don't forget to put a glove on your pianist."
1340,1462,15,51,224,290,1.2793103448275862,0.0324727382047147,644,It worked for my cat.
4373,1462,18,45,227,290,1.2793103448275862,0.0335569549995024,644,...and for my next piece I will play “Bling Blong Blaap Blorp” in C-minor
2808,1465,17,40,208,265,1.2792452830188679,0.03533225636525318,644,"Now, a new work, “Brexit Compromise,” in B flat minor."
2404,1466,18,43,222,283,1.2791519434628975,0.03412714111377985,644,"My next piece is titled 'Yo Adriana' """
129,1467,15,47,214,276,1.2789855072463767,0.03356666344979639,644,I will be playing fight of the bumblebee.
133,1467,14,49,213,276,1.2789855072463767,0.03317183193643106,644,"I will now play 'Sonata in D minor', by George Foreman."
3809,1469,16,50,228,294,1.2789115646258504,0.032525308662848564,644,A copy of my new album to whoever guesses what I'm playing
622,1469,13,56,225,294,1.2789115646258504,0.03143633676593046,644,The ivory is going to be black and blue after I'm done with it
5318,1471,15,57,240,312,1.2788461538461537,0.03091554840841335,644,"No dad, I'm giving up on your dream"
5020,1472,10,60,217,287,1.278745644599303,0.030767167665792586,644,Why tickle the ivories? Pound them with passion!
1388,1473,14,57,234,305,1.278688524590164,0.03103608413162253,644,"I would now like to play Ravel's ""Concerto for No Hands."""
5558,1474,14,45,203,262,1.2786259541984732,0.03434464498701212,644,I call this next piece 'Fight of the Jumbled Keys'.
5469,1475,16,46,218,280,1.2785714285714285,0.0336146783756268,644,"Tonight I will perform ""Fight of the bumblebees"""
4068,1476,16,51,231,298,1.278523489932886,0.032220343335540996,644,"And now, as requested, the theme from Rocky..."
4559,1476,18,47,233,298,1.278523489932886,0.03291420970838128,644,"This next piece is called ""the fight of the bumble bees""."
3521,1478,15,58,243,316,1.2784810126582278,0.0306473048147113,644,They said the keys would be larger
4014,1479,16,44,213,273,1.2783882783882783,0.034197972616873566,644,I float like DeBussy and sting like Rimsky-Korsakov
5551,1479,11,54,208,273,1.2783882783882783,0.03216880598946941,644,I invite you to sing along while I  punch out a few notes.
48,1479,10,56,207,273,1.2783882783882783,0.03174741293908624,644,My next piece is a real knockout.
5056,1482,12,57,222,291,1.2783505154639174,0.0312578670268072,644,Now for a thumping good tune
5567,1482,13,55,223,291,1.2783505154639174,0.03163469205676761,644,I'm working on my fortissimos.
3779,1484,14,58,237,309,1.27831715210356,0.030762580663699763,644,And now for round three.
513,1485,18,33,197,248,1.278225806451613,0.037426175505247225,644,This song was composed by my two year old son on the pots and pans.
1500,1485,12,45,191,248,1.278225806451613,0.034710509009896584,644,"I think this piece will really knock you out, folks."""
1951,1487,12,50,204,266,1.2781954887218046,0.03313940382096688,644,"This will be on the forte end of pianoforte, okay?"""
3042,1487,16,42,208,266,1.2781954887218046,0.034809644654424744,644,That was John Cage. Any questions?
5076,1489,14,51,219,284,1.278169014084507,0.032525204305832826,644,No hitting below b-flat
4878,1490,14,44,201,259,1.277992277992278,0.03459738975440234,644,"And now for ""The Boxer"" by Paul Simon."
5543,1490,10,52,197,259,1.277992277992278,0.03282161373035177,644,Does anybody dare to make a request?
856,1490,14,44,201,259,1.277992277992278,0.03459738975440234,644,"Hey, I can knock out a tune with the best of them"
53,1490,9,54,196,259,1.277992277992278,0.032362448383520266,644,The next piece will be three minutes long.
154,1490,15,42,202,259,1.277992277992278,0.03502726995223045,644,"Roll over, Beethoven."
2838,1490,10,52,197,259,1.277992277992278,0.03282161373035177,644,I call this The Pugilissimo.
1196,1496,13,56,226,295,1.2779661016949153,0.03134385450206933,644,"And now, a visual depiction of writer's block."
3165,1496,12,58,225,295,1.2779661016949153,0.030973813836217685,644,Next up is a really punchy tune.
4006,1496,20,42,233,295,1.2779661016949153,0.03382096561972238,644,"It's the only way I can make it through John Cage's 4'33"" without playing a wrong note."
5338,1496,14,54,227,295,1.2779661016949153,0.03170957720520905,644,I range from Marvin Hamlisch to Marvin Hagler.
4190,1500,18,51,244,313,1.2779552715654952,0.03181034105642526,644,"And now, our alma mater's fight song."
4785,1501,14,57,235,306,1.2777777777777777,0.030947896558437,644,And for the next song from my new boxed set . . .
3247,1501,15,45,210,270,1.2777777777777777,0.034041762841102184,644,"Oh, you meant BACH's Goldberg Variations?"
3117,1501,10,60,218,288,1.2777777777777777,0.030675423909679592,644,This next song is a punchy little number ...
1368,1501,13,64,247,324,1.2777777777777777,0.029488109453926718,644,Chopsticks it is then!
1679,1501,10,55,205,270,1.2777777777777777,0.0319555545214882,644,I'm the boxer of Seville.
1032,1501,11,63,232,306,1.2777777777777777,0.02989120758861433,644,Schubert has requested a rematch.
2826,1501,11,53,206,270,1.2777777777777777,0.03238354976352365,644,"And now, something in tempo ""pugilissimo""."
5587,1508,21,41,237,299,1.2775919732441472,0.03382757785725994,644,And we will finish off the evening with Rimsky-Korsakov’s “”Fight of the Bumblebee.”
1310,1508,17,49,233,299,1.2775919732441472,0.032473378059661884,644,These ivories need more than tickling.
3445,1508,13,57,229,299,1.2775919732441472,0.03106019223254224,644,"For me, playing Chopin's Sonatas have always been a personal battle"
2796,1511,14,50,217,281,1.2775800711743772,0.032742147552345814,644,Franz Lizst bangs the Piano with his Fizst.
4407,1511,14,50,217,281,1.2775800711743772,0.032742147552345814,644,And now I’m going to pound out an old favorite.
327,1511,16,46,219,281,1.2775800711743772,0.0335095071168469,644,Yo adagio!
3818,1514,12,49,202,263,1.2775665399239544,0.03337149836908926,644,I promise you a knockout performance.
2141,1515,9,50,186,245,1.2775510204081633,0.0335095924138817,644,Any requests I can pound out for you?
2446,1516,17,52,241,310,1.2774193548387096,0.031680814881686836,644,They're insured!
1375,1517,14,53,225,292,1.2773972602739727,0.03191152024717422,644,And now for a swinging little tune with a hook that'll knock you out.
2794,1517,23,35,234,292,1.2773972602739727,0.03507391639295841,644,Trump Concerto in F Minor
3376,1517,11,59,222,292,1.2773972602739727,0.030785282667767304,644,"That concludes Round  1, Round 2 will begin after intermission ."
142,1520,13,50,211,274,1.2773722627737227,0.0328905055255027,644,For my next number...'Requiem for a Heavyweight'
5094,1520,11,54,209,274,1.2773722627737227,0.03206728625396718,644,"And now, especially for those of you out there with the drooping eyelids and the nodding heads, here is a little wake-up number!"
1466,1522,8,55,193,256,1.27734375,0.03211036081867716,644,I really like to pound out the notes.
117,1523,12,60,231,303,1.2772277227722773,0.030426354105313053,644,I    consider the  piano my opponent.
5333,1524,18,43,224,285,1.2771929824561403,0.03391543036621657,644,"""This next one's gonna be a knockout."""
5649,1524,17,45,223,285,1.2771929824561403,0.033549169221428525,644,Get me LARGER KEYS.
4866,1526,15,44,208,267,1.2771535580524345,0.034286443422006915,644,"I need a new manager."""
368,1526,15,44,208,267,1.2771535580524345,0.034286443422006915,644,"I dedicate this next piece to my manager, who needs a better understanding of what a ‘boxing day concert’ is."
4332,1526,16,42,209,267,1.2771535580524345,0.03469467525272191,644,This next piece I will play using only gentle jabs and delicate hooks.
5340,1529,14,41,194,249,1.2771084337349397,0.035512897979778545,644,"I said Bach, not box."
4697,1530,14,54,228,296,1.277027027027027,0.031616218103693236,644,You should hear me play when the gloves come off
5466,1530,13,56,227,296,1.277027027027027,0.031251895734305535,644,And now a little something I wrote for Boxing Day.
2704,1532,11,55,212,278,1.276978417266187,0.03175936510350247,644,And now my medley of college fight songs.
816,1533,11,50,199,260,1.2769230769230768,0.033163457991723246,644,"For your pleasure, “Cacophony in B flat”"
2302,1534,16,53,238,307,1.276872964169381,0.03154252516865896,644,"Introducing classical music for millennials. Because alone, Piano Sonata No. 29 isn't enough to maintain your attention."
5672,1535,15,50,224,289,1.2768166089965398,0.032489068800237934,644,Prepare to be really impressed.
5622,1536,12,59,229,300,1.2766666666666666,0.03060822797014416,644,This one is a little punchier.”
5549,1536,13,57,230,300,1.2766666666666666,0.0309703110011506,644,"Now, I'll knock out the encore."
4386,1536,20,43,237,300,1.2766666666666666,0.03339514892552077,644,"For my next piece, I'll be playing the theme song from Rocky."
4030,1536,21,41,238,300,1.2766666666666666,0.03372732595082785,644,This is going to be very postmodern.
2696,1540,17,44,221,282,1.2765957446808511,0.033780636001327274,644,"And now, The Dance of the Butterfly, by Muhammad Ali"
4315,1540,15,48,219,282,1.2765957446808511,0.03302503727378484,644,A boxed set of tonight’s performance will be available for purchase during the interval.
4872,1540,15,48,219,282,1.2765957446808511,0.03302503727378484,644,"Well, most musicians needs two jobs"
2558,1543,13,60,238,311,1.2765273311897105,0.030249566910706186,644,"And now, Rocky III, Opus I."
462,1544,15,51,227,293,1.2764505119453924,0.032181777414624566,644,"Beethoven's Moonlight Sonata, Round 3."
1961,1544,14,53,226,293,1.2764505119453924,0.03181650979639643,644,And you thought Ray Charles had it hard!
3181,1544,14,53,226,293,1.2764505119453924,0.03181650979639643,644,"Folks, please remember, I am a professional. Do not try this at home."
3253,1544,13,55,225,293,1.2764505119453924,0.0314469997564782,644,"This next piece is titled, ""Theme from Rocky""."
4290,1544,14,53,226,293,1.2764505119453924,0.03181650979639643,644,This next number really hits hard.
3955,1549,16,44,215,275,1.2763636363636364,0.033978869197035855,644,I was told to punch up the ending
3576,1549,16,44,215,275,1.2763636363636364,0.033978869197035855,644,This next piece is to be played 'molto forte.'
2229,1551,14,51,221,286,1.2762237762237763,0.0323265302794888,644,This one is called “Fight Of The Bumblebee”
346,1552,11,52,205,268,1.2761194029850746,0.03249701977226259,644,Punchy melody it is.
4870,1553,13,56,228,297,1.2760942760942762,0.031160456269879917,644,"Yes, I lost a bet and yes, you can get a ticket refund."
5485,1553,15,52,230,297,1.2760942760942762,0.03188219064692927,644,This next little number is a real knockout!
2986,1555,16,56,247,319,1.2758620689655173,0.030718629111889995,644,"Oh, I thought it was “Fight of the Bumblebee” !"
36,1556,14,47,211,272,1.275735294117647,0.03341821090066118,644,"If I hear one more phone ring, someone is getting knocked out!"
3647,1557,15,48,220,283,1.2756183745583038,0.0329226448455154,644,We've had a request for the National Anthem.
5617,1557,18,42,223,283,1.2756183745583038,0.0340453060016055,644,My playing can float like Madame Butterfly and sting like the Flight of the Bumblebee
980,1559,15,51,228,294,1.2755102040816326,0.03208591005532965,644,I bet you've never heard the 1812 Overture on the piano!
2154,1560,15,43,207,265,1.2754716981132075,0.03442133042113241,644,I shall now perform Handel with kid gloves.
252,1561,9,66,230,305,1.2754098360655737,0.029164667007634742,644,"Promise you, next song is a knockout."
2150,1561,17,50,238,305,1.2754098360655737,0.03198656523592392,644,And now for Beethoven's Piano Sonata Number 1 in F-Minor-ish
557,1563,8,60,208,276,1.2753623188405796,0.030600589815829145,644,I'm trying to stop tickling the ivories.
1889,1563,12,52,212,276,1.2753623188405796,0.03227689485698563,644,"Look ma, no fingers."
4472,1563,16,44,216,276,1.2753623188405796,0.033870337851004455,644,"And now, my arrangement of Paul Simon’s ‘The Boxer.’"
4634,1563,15,46,215,276,1.2753623188405796,0.03347908787598783,644,"Some people say I'm a bit heavy handed."""
5496,1563,9,58,209,276,1.2753623188405796,0.03102815750587998,644,And for those of you who think playing piano is for sissies...
735,1568,18,43,226,287,1.2752613240418118,0.03370626239246047,644,"And now, the 1812 Overture for solo piano"
2125,1568,13,53,221,287,1.2752613240418118,0.03184780580114306,644,Music box?
5239,1570,17,40,212,269,1.275092936802974,0.034867064440801794,644,"In honor of Brexit, I will now play the piano version of ""Bang the Drums Slowly."""
4222,1571,19,47,243,309,1.2750809061488673,0.03235300160202639,644,"And now, my own rendition of the 1812 Overture."
4253,1571,21,43,245,309,1.2750809061488673,0.03299614948601553,644,"And now, ""Variation on 'Flight of the Bumble Bee'"" by Muhammad Ali"
3903,1573,12,53,215,280,1.275,0.03196600376689893,644,This next one needs to be preformed with a certain amount of punch
5173,1573,9,59,212,280,1.275,0.030741185424618938,644,"I don't know why, but tonight I feel like I'm all thumbs."
3956,1575,19,42,230,291,1.274914089347079,0.033729171108608944,644,This next song may be a bit off key.
3980,1575,16,48,227,291,1.274914089347079,0.03265820742617321,644,"And now, ladies and gentlemen, I'd like to play for you my interpretation of Paul Simon's ""The Boxer."""
2776,1577,16,43,214,273,1.2747252747252746,0.03410986872940417,644,"And now, for Chopin's Fight of the Bumblebee."
4375,1577,14,47,212,273,1.2747252747252746,0.03331089076879602,644,"Nail fungus is nothing to chuckle about, ask the harp player."
2117,1579,17,44,223,284,1.2746478873239437,0.0335704909525784,644,"Next, I will play with one hand tied behind my back."
3204,1580,14,53,228,295,1.2745762711864406,0.031628121728912516,644,"I can't tickle the ivories but I can pound them"""
5101,1580,11,59,225,295,1.2745762711864406,0.03051487947936618,644,My Rachmaninoff may be a little Rocky.
1222,1580,13,55,227,295,1.2745762711864406,0.03126144610558965,644,My other job is a hand model.
1906,1583,19,49,249,317,1.274447949526814,0.03177253459059031,644,And now for a bit of Rocky maninoff!
1575,1584,14,45,207,266,1.2744360902255638,0.03389128459804506,644,"And next, a lovely little composition by Victor Borge."
2546,1584,14,45,207,266,1.2744360902255638,0.03389128459804506,644,Ohhh...you said we're going to Bach's!
4762,1586,9,72,247,328,1.274390243902439,0.02786919461271031,644,I’m hoping to knockout this Sonata in the first movement.
1570,1587,13,50,214,277,1.2743682310469313,0.032579508136983494,644,Let's see Mike Tyson do this!
4272,1588,18,43,227,288,1.2743055555555556,0.03360261820658738,644,And now I shall attempt Fight of the Bumblebee
3998,1589,14,57,239,310,1.2741935483870968,0.030599935859608247,644,I have a really great hook for this song.
33,1590,12,50,208,270,1.2740740740740741,0.03271178435973459,644,And now I go three rounds with Rachmaninoff.
1762,1591,13,51,217,281,1.2740213523131672,0.03226344355354001,644,I will now play the classic theme from ROCKY.
5051,1592,14,52,226,292,1.273972602739726,0.03182868806070186,644,The chorus will now join me  for few rounds.
4965,1592,14,52,226,292,1.273972602739726,0.03182868806070186,644,Chopin is down for the count in three -quarter time.
2323,1592,17,46,229,292,1.273972602739726,0.03291924785314727,644,This next piece may be a little Rocky.
173,1592,18,44,230,292,1.273972602739726,0.03327482598603284,644,"Next I will perform, Fight of the Bumblebee"
2636,1596,16,54,244,314,1.2738853503184713,0.030999484342041105,644,This next piece demonstrates the difficulty bumblebees actually have in flight.
3656,1597,12,48,203,263,1.273764258555133,0.03327379720898397,644,"This next piece, inspired by John Cage, is called Bruised Piano"
5305,1598,13,55,228,296,1.2736486486486487,0.0311694604760871,644,"I call this next piece ""The Crash of the Bumblebee."""
2750,1599,13,58,236,307,1.273615635179153,0.030434794389181147,644,"Now, the ‘Fight of the Bumblebee’"
4383,1600,13,47,207,267,1.2734082397003745,0.0333603278029433,644,I had to struggle with this piece...
4536,1601,11,54,213,278,1.2733812949640289,0.03166730557704765,644,I like to punch out a tune for you.
1506,1602,12,55,222,289,1.273356401384083,0.03127374996976681,644,Put up your Duke Ellingtons
804,1602,16,47,226,289,1.273356401384083,0.03277444607152481,644,"This next piece is titled, ""Would You Please Stop F**king Playing That, Timmy?"
4826,1604,10,62,228,300,1.2733333333333334,0.029786805954867657,644,I will now take on Mozart
1137,1604,16,50,234,300,1.2733333333333334,0.03195360814066208,644,The Boxing Ring Cycle
3549,1606,17,54,251,322,1.2732919254658386,0.030783816147663186,644,Tonight I'll be knocking out the tunes for you.
4452,1607,12,47,201,260,1.273076923076923,0.03350869243922113,644,"And now, a fantasie by Franz Liszton."
378,1608,14,46,211,271,1.2730627306273063,0.03343431974727396,644,"As Beethoven famously asked, “Do you want a piece of me?”"
775,1608,10,54,207,271,1.2730627306273063,0.031757193047959285,644,I couldn't find Madison Square Garden
827,1610,11,55,216,282,1.2730496453900708,0.031368985348236914,644,"Maestro, Uppercut in C Major please."
4152,1610,15,47,220,282,1.2730496453900708,0.03293887984155628,644,Tough piece.
1746,1612,10,60,223,293,1.273037542662116,0.030224470072780518,644,Ive had to fight my way to get here!
5442,1612,16,48,229,293,1.273037542662116,0.032461940835721806,644,Please hold your applause until I've finished.
5474,1612,10,60,223,293,1.273037542662116,0.030224470072780518,644,Let's get ready to crescendo!
2357,1615,14,55,235,304,1.2730263157894737,0.030968322462657526,644,"And now, a heavy-handed version of Jingle Bells."
1654,1615,18,47,239,304,1.2730263157894737,0.03234018841153111,644,Never steal from the casino the night you’re scheduled to play piano there.
1230,1617,13,60,242,315,1.273015873015873,0.02991590594951207,644,This may look easy... It is not.
1337,1618,19,40,227,286,1.2727272727272727,0.03409039790235478,644,"I call this piece ""Etude in the Key of Everything."""
1885,1618,11,53,211,275,1.2727272727272727,0.03187264274598514,644,It's more of a Box-trot.
1987,1618,11,50,203,264,1.2727272727272727,0.03272656859351853,644,"I said Bach's work, not box work."
2419,1618,13,49,213,275,1.2727272727272727,0.03269481543217602,644,This next one is more ‘Rocky’ than Rachmaninoff.
2766,1618,11,62,235,308,1.2727272727272727,0.02964368633673247,644,The cacophony suite is a new work
4755,1618,16,40,208,264,1.2727272727272727,0.0348576261574325,644,"This next piece is one I wrote for my ex-wife called ""you should have signed the prenup"""
4863,1618,16,40,208,264,1.2727272727272727,0.0348576261574325,644,"And now I present Sibulski's Concerto in A minor, D minor, and E-flat major"
251,1625,16,53,243,312,1.2724358974358974,0.031098778513677292,644,"My next piece is entitled, ""The Boxer Rebellion."""
3975,1626,19,44,238,301,1.2724252491694352,0.03288645009526397,644,...and now for my most-difficult piece...
5159,1627,11,57,222,290,1.2724137931034483,0.030794923153460434,644,my plan is to pound these ivories into submission
3072,1627,12,55,223,290,1.2724137931034483,0.03117997422710765,644,"To complete this Mancini set, I’ll switch from Henry to Ray Boom Boom."
5074,1627,17,45,228,290,1.2724137931034483,0.03303798263636743,644,Shall I play some selections from the boxed set?
1540,1630,14,45,209,268,1.2723880597014925,0.033668933244456266,644,"And now, by request, ""Theme from Rocky."" Again."
2196,1630,13,47,208,268,1.2723880597014925,0.03325126958273896,644,This one's a bit punchy.
3051,1630,11,51,206,268,1.2723880597014925,0.032399794057256584,644,This one has a punchy beat
883,1633,19,48,249,316,1.2721518987341771,0.03178990592048679,644,This next number is a knockout. It packs quite a punch.
2282,1634,16,51,238,305,1.2721311475409836,0.031570400593559415,644,"Next is ""Flight of the Bumblebee,"" which I will also play blindfolded."
3274,1635,14,52,228,294,1.272108843537415,0.03163916202319259,644,They keys in this piece are pretty sharp.
4484,1635,13,54,227,294,1.272108843537415,0.03127009906303953,644,Just warming up
5382,1637,13,51,219,283,1.2720848056537102,0.03206417853391947,644,"And this time, you had better applaud."
707,1637,12,53,218,283,1.2720848056537102,0.03167097681919612,644,"My next piece, Schumann's Toccata in C Major, is dedicated to my first piano teacher who told my mother I was all thumbs."
1092,1637,10,57,216,283,1.2720848056537102,0.030869551793572394,644,I know what you're thinking.
623,1640,15,44,213,272,1.2720588235294117,0.03373091575868923,644,I shall now perform Fight of the Bumblebee.
1371,1640,14,46,212,272,1.2720588235294117,0.03332629672874516,644,"I've had a request for ""The Boxer."""
2508,1640,9,56,207,272,1.2720588235294117,0.031224652637223602,644,"And, now, something a little punchy."
2797,1640,13,48,211,272,1.2720588235294117,0.032916704412576776,644,"Ravel's Piano Concerto for the Left Hand in D major,the hard way."
2988,1640,9,56,207,272,1.2720588235294117,0.031224652637223602,644,"My next number will be the theme from ""Rocky."""
4443,1645,11,49,201,261,1.2720306513409962,0.032952247723699375,644,And now I will transition from tickling the ivories to punching them
2953,1646,17,50,242,309,1.2718446601941749,0.03162162170127105,644,I’m wearing these gloves at the request of my fans
2295,1647,17,44,226,287,1.2717770034843205,0.033260003638219335,644,"And now, round four..."
903,1647,14,50,223,287,1.2717770034843205,0.03214234291306593,644,I never liked the piano
1475,1649,13,49,214,276,1.2717391304347827,0.032591123943689466,644,"Now for a mash-up I like to call ""Float like a Butterfly; sting like the Flight of the Bumblebee."""
272,1650,14,38,191,243,1.271604938271605,0.035967273533023716,644,"Hit it, maestro!"
1158,1651,16,53,244,313,1.2715654952076678,0.03101147940607792,644,This next piece makes Beethoven look like a little bitch.
1364,1652,20,42,240,302,1.271523178807947,0.033123581812745675,644,"Next, I will play the theme from Rocky."
2319,1652,14,54,234,302,1.271523178807947,0.031067046452833355,644,"Ladies and Gentlemen, I will be performing Simon and Garfunkel’s, The Boxer, as it was originally conceived."
3824,1654,16,47,228,291,1.2714776632302405,0.03257580958509784,644,"The record shows I took the blows 
and did it myyyyyy waaaayyyy"
612,1655,10,56,214,280,1.2714285714285714,0.03106148795438586,644,"And now some Gilbert and Sullivan melodies, as they might have been played by Jack Dempsey."
2102,1655,12,52,216,280,1.2714285714285714,0.03187505781877402,644,And now a piece I call Für Muhammad Ali
395,1657,17,39,213,269,1.271375464684015,0.034776733188359235,644,I play like a butterfly and sing like a bee.
5140,1658,13,60,244,317,1.2712933753943219,0.029751726218734488,644,This next piece floats like a butterfly and stings like a bee.
4151,1659,13,57,236,306,1.2712418300653594,0.030441398685557938,644,"I will now play Simon & Garfunkel's ""The Boxer"""
2200,1660,16,48,231,295,1.271186440677966,0.032267953993138365,644,I bite my nails.
4048,1661,15,47,222,284,1.2711267605633803,0.032734656702383944,644,These?  They're for when I meet that #*&@* composer after the concert.
2885,1661,13,51,220,284,1.2711267605633803,0.03196543716738272,644,I did it myyyyyyy wayyyyyyy
3129,1663,11,52,210,273,1.271062271062271,0.03197963488316774,644,My next piece will be ‘Chopsticks - The Hard Way
3701,1663,13,48,212,273,1.271062271062271,0.03281104613064392,644,"Yes, I'm Johann Sebastian Box."
3763,1663,14,46,213,273,1.271062271062271,0.03321894939113074,644,"For your listening pleasure, I'll knock out a few oldies."
1435,1666,11,49,202,262,1.2709923664122138,0.032842651073416426,644,"Mother wanted me to be a pianist. Father wanted a pugilist, so I learned to punch the keys."
1116,1667,14,56,240,310,1.270967741935484,0.0305222506460732,644,There is no punch line!
4752,1667,17,50,243,310,1.270967741935484,0.03153164764137194,644,Now for some minimalism.
2554,1669,12,44,195,251,1.2709163346613546,0.034242558558348964,644,I will now perform the Nocturne Pugilistica by Sugar Ray Mozart.
3665,1670,14,53,232,299,1.2709030100334449,0.03125775362269717,644,Here’s a little something I wrote that requires playing a lot of consecutive keys at the same time.
5424,1671,17,44,227,288,1.2708333333333333,0.03315774747440576,644,"Oh, it was ""Flight of the Bumblebee?"""
4823,1671,14,50,224,288,1.2708333333333333,0.03204444110859261,644,I am thrilled to be performing my first concert since completing my twelve step anti nose picking program.
234,1671,17,44,227,288,1.2708333333333333,0.03315774747440576,644,And my next number will really knock you out!
13,1674,12,51,214,277,1.2707581227436824,0.03208292928354521,644,"Tonight's performance will be ""A Little Rocky."
245,1674,16,43,218,277,1.2707581227436824,0.03367425087209803,644,And I'd like to close with a little chin music.
1907,1674,9,57,211,277,1.2707581227436824,0.030835592034610573,644,And not without a smattering of irony.
2650,1674,12,51,214,277,1.2707581227436824,0.03208292928354521,644,"This next piece is called “Float Like a Butterfly, Sting Like a Bee.”"
2412,1678,13,46,207,266,1.2706766917293233,0.03337353946693584,644,This song promises to be a knock out!
2662,1678,7,58,201,266,1.2706766917293233,0.030717360295341358,644,You should see what the keyboard looks like
1657,1680,17,48,238,303,1.2706270627062706,0.03201816934300504,644,"Thank you, that was ""Chopsticks."" 
And now, ""Chopsticks."""
4724,1680,11,60,232,303,1.2706270627062706,0.029900237898194182,644,Who brought the piano? I asked for a gong!
5413,1680,12,58,233,303,1.2706270627062706,0.030263521220330554,644,"This one's for you, Mr. Stallone."
1577,1683,9,51,195,255,1.2705882352941176,0.03248006520715173,644,"I call this piece,""Boxer's Rebellion."
3217,1684,20,39,233,292,1.2705479452054795,0.033895840854269874,644,The next selection is by Johann Sebastian Box.
3533,1684,12,55,225,292,1.2705479452054795,0.030994043068747718,644,"And now, I would like to play you something from my pugilistic period."
4271,1684,18,43,231,292,1.2705479452054795,0.03319418167164752,644,"And now, Round 3 of selections from my complete boxed set!"
5488,1684,15,49,228,292,1.2705479452054795,0.03211296002082126,644,Ever feel like you've got the wrong job?
983,1688,11,54,216,281,1.2704626334519573,0.03137357921113199,644,I’m trying to stop biting my nails.
3509,1688,19,38,224,281,1.2704626334519573,0.03446239742117321,644,"Now, for a rarely-played piece from Wagner's Ring Cycle."
5141,1688,12,52,217,281,1.2704626334519573,0.03177610569208234,644,Ladies and Gentlemen: Simon and Garfunkel's The Boxer.
559,1691,13,47,210,270,1.2703703703703704,0.03303521436963577,644,Let’s get ready to rondo!
1023,1692,16,51,240,307,1.270358306188925,0.03138935439158494,644,My playing's been a bit Rocky of late...
4034,1693,13,54,229,296,1.2702702702702702,0.031085562026371676,644,Boo me one more time - I dare you!
4689,1694,14,49,222,285,1.2701754385964912,0.03225264947140398,644,"And now, Rockymaninoff’s IVth"
882,1694,18,41,226,285,1.2701754385964912,0.03375014138986393,644,My first number will be the theme from 'Rocky'.
2842,1696,13,48,213,274,1.27007299270073,0.03270604352433621,644,"This is a little etude for note clusters, which I composed myself."
3442,1696,17,40,217,274,1.27007299270073,0.03430210336224698,644,"And now the classic ""88 keys in .8 seconds""."
5422,1696,13,48,213,274,1.27007299270073,0.03270604352433621,644,I'm now going to pound out some Mozart.
1923,1699,15,51,234,300,1.27,0.031522142772182106,644,In this Christmas season I'd like to play a little Boxing Day number.
2320,1699,13,55,232,300,1.27,0.030806694027085798,644,A rendition of Balboa’s 5th
1802,1701,11,49,203,263,1.2699619771863118,0.032733757010042545,644,"To unlock the premium concert experience, please open the app and select the $3.99 in-app upgrade."
975,1702,12,51,215,278,1.2697841726618706,0.03198214800409793,644,Tickling the ivories really isn’t my style.
2924,1702,16,43,219,278,1.2697841726618706,0.0335670344189447,644,Now I will play ‘Fight of the bumblebee’ better known as ‘Float like a butterfly sting like a bee.’
4193,1702,14,47,217,278,1.2697841726618706,0.03278416988912975,644,My dog wrote this next piece.
4663,1702,11,53,214,278,1.2697841726618706,0.03157349820299261,644,Give me a Ten Count!
532,1706,13,56,235,304,1.269736842105263,0.03053457672748698,644,The precision may not be quite adequate but fortissimos are exeptional !
4761,1707,13,50,219,282,1.2695035460992907,0.032073645587605025,644,I alone can play it.
1826,1707,14,48,220,282,1.2695035460992907,0.03246471749667538,644,This is called he Mefisto Waltz.
2157,1707,13,50,219,282,1.2695035460992907,0.032073645587605025,644,…called Migraine in A Major.
928,1710,10,53,208,271,1.2693726937269372,0.0316585828049374,644,"This one's for my Pop, who always wanted me to become a fighter"
1138,1711,12,56,229,297,1.2693602693602695,0.030624877024491834,644,This concert is going the full twelve rounds
2382,1711,15,50,232,297,1.2693602693602695,0.031719602157267296,644,Its not easy being Victor Borg's son!
3195,1711,15,50,232,297,1.2693602693602695,0.031719602157267296,644,It's all in the wrist.
3534,1711,12,56,229,297,1.2693602693602695,0.030624877024491834,644,"I apologize for that last prelude. 
Now, on to box the ill-tempered clavier."
730,1715,17,53,253,323,1.2693498452012384,0.030628188209558486,644,"And now I'd like to pound out a little something for you."""
1970,1715,17,53,253,323,1.2693498452012384,0.030628188209558486,644,Ladies and gentlemen ... I will now attempt to free my hands and play the Minute Waltz in 55 seconds or less.
4830,1717,12,53,221,286,1.2692307692307692,0.03138116800607458,644,This composition needs more punch.
2930,1717,12,60,240,312,1.2692307692307692,0.029664178222641058,644,I’d like to now play the piano version of Simon & Garfunkel’s “The Boxer”
179,1717,20,37,229,286,1.2692307692307692,0.0343667373860615,644,And now: Beethoven's Ninth--in the style of American democracy.
776,1717,15,54,243,312,1.2692307692307692,0.030688739636275362,644,With so many Messiahs to compete with I dedicate this next piece to the Electoral College.
1027,1721,13,55,233,301,1.2691029900332227,0.03071727572175687,644,Degree of difficulty 9.7
3477,1721,14,53,234,301,1.2691029900332227,0.031075704690446706,644,I float like a butterfly but sting in B-minor
322,1723,11,52,212,275,1.269090909090909,0.03177710876355137,644,"1, 2, 3 - hit it!"
1738,1723,13,48,214,275,1.269090909090909,0.032601690782863235,644,"Pardon me for any wrong notes, folks.  These are actually my cello gloves."
4145,1723,17,40,218,275,1.269090909090909,0.034191248046293095,644,"The last time I played this next tune, someone nearly bit my ear off."
4295,1726,13,52,225,290,1.2689655172413794,0.03147351499256197,644,"Be quiet please, I'm going to knock out a few tunes for you."
4673,1726,15,48,227,290,1.2689655172413794,0.03222280477454051,644,Oh! I thought you wanted a knockout performance.
2584,1726,12,54,224,290,1.2689655172413794,0.031092099401800764,644,For my next number I shall pound the keyboard.
2105,1726,19,40,231,290,1.2689655172413794,0.033671399594320486,644,Now for some Rachymaninoff.
1707,1726,18,42,230,290,1.2689655172413794,0.03331515645865771,644,"Now for the couple at the cozy corner table, some tunes to fight by"
127,1731,18,35,211,264,1.268939393939394,0.03558178244789544,644,And now I will perform 'The Theme from Rocky.'
443,1731,7,57,200,264,1.268939393939394,0.03080919443014134,644,And now the concerto from 'Raging Bull'
869,1733,12,58,235,305,1.2688524590163934,0.030090835010070358,644,And now my knockout sonata.
2795,1733,11,60,234,305,1.2688524590163934,0.02973025449542185,644,"And now, the theme song I wrote for ""Rocky,"" which was unfortunately rejected."
5691,1735,11,53,215,279,1.2688172043010753,0.03147498501824269,644,This is how I avoid carpal tunnel syndrome.
717,1736,10,48,195,253,1.2687747035573123,0.03306956626616899,644,What - you don't like Punchini?
5607,1737,14,51,229,294,1.2687074829931972,0.0315548099358003,644,My new composition is a real knockout.
561,1737,11,57,226,294,1.2687074829931972,0.030431128729179614,644,It's kind of a punchy tune!
5434,1739,18,40,225,283,1.2685512367491165,0.03387712206093122,644,"And now for a blow by blow rendition of Schubert's Three Military Marches, Opus 51."
1748,1739,8,60,215,283,1.2685512367491165,0.029950820947032275,644,"Evening, folks. I'm gonna knock out a few tunes for ya."
1323,1741,14,41,202,257,1.2684824902723735,0.034536498980694025,644,Now I will play a theme from Rocky.
3593,1741,12,45,200,257,1.2684824902723735,0.0336447930068507,644,And now I'd like to play you a punchy little tune.
187,1743,20,33,219,272,1.2683823529411764,0.03559779881977375,644,And now I shall play a medley of pet-performed pieces from the Internet.
1602,1744,14,49,224,287,1.2682926829268293,0.032055060520622965,644,My mother wanted a pianist.....my father wanted a pugilist.
2800,1744,14,49,224,287,1.2682926829268293,0.032055060520622965,644,And now I shall pummel out a pleasing polonaise for your pleasure.
3572,1744,8,61,218,287,1.2682926829268293,0.029687230198088766,644,Anyone want to hear the theme from Rocky?
943,1747,12,46,203,261,1.2681992337164751,0.0332948614503151,644,Mid-career transitions are always difficult - but this one has been especially so for me.
3329,1748,14,46,216,276,1.2681159420289856,0.03290090128752839,644,"Yo Adrian, can you turn the music for me?"
5054,1748,15,44,217,276,1.2681159420289856,0.033298945428718266,644,And then The Maestro begged me to stop fighting the instrument.
4466,1750,14,50,227,291,1.268041237113402,0.03175417776432361,644,J. S. BACHINGGLOVE
3143,1751,11,45,194,250,1.268,0.03378267420298785,644,I wish my manager could enunciate. The word was Bach.
3256,1752,18,35,212,265,1.2679245283018867,0.035461782247245124,644,It's the most efficient way to play twelve-tone music
260,1753,20,39,236,295,1.2677966101694915,0.0335878787503211,644,Any less abusive requests?
2553,1753,12,55,228,295,1.2677966101694915,0.030719131287464802,644,"Last time, Rachmaninoff won."
3050,1753,11,57,227,295,1.2677966101694915,0.030341472534639403,644,"...and while I am entirely grateful to Modells for underwriting this concert, I do feel compelled to mention that there were certain strings attached...."
4819,1756,12,52,220,284,1.267605633802817,0.03148278461724099,644,Time to punch this tune up a little
2394,1757,15,54,245,314,1.267515923566879,0.030516980842491142,644,This is the LAST time I do request.
4858,1758,13,43,202,258,1.2674418604651163,0.03397709834869052,644,I’ll now fight my way through some more Chopin.
3778,1759,18,37,218,273,1.2673992673992673,0.03471337633464216,644,"I will now play ""Hail To The Chief""."
5272,1759,15,43,215,273,1.2673992673992673,0.033529344538190835,644,What do you mean it could be punchier?
3642,1761,15,47,226,288,1.2673611111111112,0.03233350890423069,644,I'll now play the 3rd movement of Muhammad Ali's second symphony
802,1761,14,49,225,288,1.2673611111111112,0.031957145171648715,644,Wow! A knockout performance!
2699,1763,17,40,220,277,1.2671480144404332,0.03397162259563955,644,Raging Bach
4889,1763,12,50,215,277,1.2671480144404332,0.031988593534266675,644,"And now for your listening pleasure, the theme from “Rocky”."
352,1765,15,48,229,292,1.2671232876712328,0.03202813211878515,644,"I call this next number ""Fight of the Bumblebee."""
2649,1765,13,52,227,292,1.2671232876712328,0.03128461149911737,644,"And one more time, the opening notes of Beethoven's Fifth."
1865,1767,9,64,234,307,1.267100977198697,0.028832963105540035,644,Flight of the Bumble Bee is out of the question. Any other requests?...
2638,1768,13,45,208,266,1.2669172932330828,0.03327511465800883,644,Something punchy?
3744,1768,12,47,207,266,1.2669172932330828,0.03284601097034588,644,I will now play the Mike Tyson Rhapsody in Black and Blue.
4496,1770,14,51,231,296,1.2668918918918919,0.03136743450707173,644,"If Beethoven could do it deaf, then I might as well try my best."
5566,1770,18,43,235,296,1.2668918918918919,0.03279531961004523,644,"And now, my latest composition in celebration of Boxing Day."
232,1770,13,53,230,296,1.2668918918918919,0.031000188505282324,644,Playing with ten fingers is easy.
2599,1773,11,46,198,255,1.2666666666666666,0.033310166412893145,644,There will be copies of my box-set available in the lobby after the show!
472,1773,12,60,243,315,1.2666666666666666,0.029418246414786867,644,This next piece is a hit song.
572,1773,13,50,222,285,1.2666666666666666,0.03177737401128036,644,And now for a piece by Pugalini.
1168,1773,13,42,200,255,1.2666666666666666,0.0342246135509768,644,"When you're as great as I am, you really should have some kind of handicap."
1561,1773,16,48,236,300,1.2666666666666666,0.03179271399158267,644,Due to recent OSHA regulations for Rachmaninoff...
1661,1773,18,44,238,300,1.2666666666666666,0.03248645488541225,644,"And now, for your enjoyment, I will box the ivories."
1882,1773,14,44,212,270,1.2666666666666666,0.03335397956221494,644,Here's a punchy little number I think you'll like.
1931,1773,8,52,195,255,1.2666666666666666,0.031889366677092044,644,"Ladies and Gentlemen, I am not going to tickle the ivories; I am going to clobber the Bosendorfer.""  This is Beethoven's ""Moonlight Sonata"" without the moonlight"
1976,1773,15,46,224,285,1.2666666666666666,0.032545672861504525,644,And now I’d like to play a medley of my greatest hits.
4674,1782,16,49,239,304,1.2664473684210527,0.03150338271832584,644,"Take that, Mr. Rachmaninoff......"
3412,1782,12,57,235,304,1.2664473684210527,0.030093393500154136,644,I will next perform the theme from Rocky.
728,1784,9,59,221,289,1.2664359861591696,0.029914901785382874,644,Get ready to rumble
2502,1784,14,49,226,289,1.2664359861591696,0.031859809266281736,644,"And now my rendition of Jerry Lee Lewis and ""Great Balls of Fire"""
4372,1784,17,43,229,289,1.2664359861591696,0.0329717319089656,644,And now something more contemporary...
1912,1787,16,41,217,274,1.2664233576642336,0.033818643303404464,644,And for my next number I will play  Fight of the Bumble Bee.
2392,1787,18,37,219,274,1.2664233576642336,0.034600218798616786,644,"And now, some tunes from The Ring."
4803,1787,17,39,218,274,1.2664233576642336,0.034211663039050426,644,"And then I hear my ex-wife laughing in the audience, and then I wake up--every time."
4585,1790,12,54,227,293,1.266211604095563,0.030813971698664767,644,"In this final piece, I will be combining The Art of  the Fugue with the Queensberry Rules."
3512,1791,8,58,212,278,1.2661870503597121,0.030214961592320736,644,"This one I call ""Float like a butterfly, sting like the flight of a bumblebee."""
4765,1791,13,48,217,278,1.2661870503597121,0.03229247458671537,644,I don't know if I can play it in that key.
4358,1793,15,40,208,263,1.2661596958174905,0.03436374538614246,644,I only sing
491,1794,16,47,234,297,1.265993265993266,0.03199371539763124,644,I will now play for you “Eine Kleine Knock You Out.”
1591,1795,13,49,220,282,1.2659574468085106,0.03198212717381218,644,"And now, Concerto Number 4, Round 3, in B-flat minor."
5378,1796,13,58,245,316,1.2658227848101267,0.029677607019572366,644,My next piece will be the theme from Rocky.
1195,1797,15,50,236,301,1.26578073089701,0.03134799877010971,644,Sonata in the key of Ali
3139,1798,13,50,223,286,1.2657342657342658,0.03167979358529839,644,"For my first piece, I will be playing an adaptation of the ""Rocky Theme"""
3904,1798,19,38,229,286,1.2657342657342658,0.03392389307641285,644,This next piece is by John Cage.
4066,1798,13,50,223,286,1.2657342657342658,0.03167979358529839,644,And now I will perform “The Fight of the Bumblebee.”
4929,1798,12,52,222,286,1.2657342657342658,0.03129013350826396,644,"Piano Sonata No. 3, fortissimo"
1001,1802,15,42,214,271,1.2656826568265682,0.03365381986459444,644,Any request?
2807,1802,14,44,213,271,1.2656826568265682,0.03324524003235909,644,"And next, I would like to pound out a tune on my old piano..."
4775,1804,11,46,199,256,1.265625,0.03319614077351315,644,A-minor challenge
2843,1804,18,49,253,320,1.265625,0.03105099251186324,644,"And now I'd like to play a little sonata of my own composition called ""Golden Gloves"" in the keys of C through G."
742,1804,10,65,245,320,1.265625,0.028415212898367685,644,"Now, I shall float like a butterfly and sting like the 'Flight of the Bumblebee"""
2041,1807,9,59,222,290,1.2655172413793103,0.029825722243718114,644,This next piece is by Pugiliski
2980,1807,16,45,229,290,1.2655172413793103,0.03250566431852098,644,Oh and Mike Tyson can act?
3111,1807,13,51,226,290,1.2655172413793103,0.03138515111420808,644,"Ready for this? I’ve decided to give it the old one, two."
3190,1810,11,51,213,275,1.2654545454545454,0.03167976338065447,644,Rockymaninoff’s Piano Concerto No. V
3979,1810,12,49,214,275,1.2654545454545454,0.032095953142408526,644,I will now play Rockymaninoff’s Piano Concerto No. V.
1501,1812,14,58,252,324,1.2654320987654322,0.02951610007195526,644,I'd like to dedicate my next number to Muhammad Ali.
3999,1813,13,43,204,260,1.2653846153846153,0.033746478226193415,644,Let the first round of the concerto begin.
2635,1814,15,52,242,309,1.2653721682847896,0.030792411319798395,644,"And now I'd like to play something with absolutely no regard for talent, technique or quite frankly, for any of you my dear audience."
308,1815,11,65,252,328,1.2652439024390243,0.0283038745248454,644,"Thank you. And now, this one will just knock you out."
4733,1816,15,44,220,279,1.2652329749103943,0.032981972711232474,644,"...and now, ""Brahms' Lullaby""."
2052,1816,15,44,220,279,1.2652329749103943,0.032981972711232474,644,It's just a little number I came up with for Boxing Day this year.
4489,1818,14,55,244,313,1.2651757188498403,0.030187152662539397,644,"And now, a piece titled ""Yo Adrian!"""
79,1819,12,46,206,264,1.2651515151515151,0.0329624328207982,644,"While I can't put my finger on it, my performances have somehow been a little Rocky lately."
4679,1819,11,48,205,264,1.2651515151515151,0.03252255856448912,644,This piano and I haven't been getting along lately...
4934,1819,10,50,204,264,1.2651515151515151,0.03207665278197859,644,Tonight's performance is a tribute to Mohammad Ali
5421,1819,10,50,204,264,1.2651515151515151,0.03207665278197859,644,"Next, one of the biggest hits of Rocky Moninoff."
2171,1823,18,43,237,298,1.2651006711409396,0.03259937794685896,644,I love challenges!
382,1824,10,55,218,283,1.265017667844523,0.030681079811381493,644,"Eh, my playing's a little rocky."
5108,1825,14,43,211,268,1.2649253731343284,0.03347633362391802,644,One cannot just tickle the ivories with Rachmaninoff.
5583,1825,15,41,212,268,1.2649253731343284,0.03389122378810678,644,And now I will pound the hell out of the keys...
1415,1827,17,46,239,302,1.2649006622516556,0.03195257505505072,644,The sudden realization of having forgotten to zip.
5179,1828,11,54,222,287,1.264808362369338,0.030801640693598406,644,You say the Rach 3 is difficult? I’ll show you difficult.
555,1829,16,40,216,272,1.2647058823529411,0.033946111898191036,644,Yo Amadeus...I did it.
2876,1829,8,56,208,272,1.2647058823529411,0.03058230728485269,644,‘Some say I am the Mike Tyson of the keys.’
3859,1829,12,57,237,306,1.2647058823529411,0.029921649092676764,644,It helps with the nail-biting.
4116,1829,11,50,211,272,1.2647058823529411,0.03188534760148322,644,Now I’ll knock out another song for you.
5,1833,14,54,242,310,1.264516129032258,0.030362956861652225,644,I don't think I can play pianissimo.
1627,1833,11,60,239,310,1.264516129032258,0.029313343905201832,644,"Yo, Elise! I did it!"
1377,1835,14,45,217,276,1.2644927536231885,0.03280718392870853,644,And now ... The Pugilist of Seville.
1809,1835,16,41,219,276,1.2644927536231885,0.033600777365981445,644,"And now for my final piece, ""Float like a butterfly, sting like the flight of the bumblebee."""
5659,1837,13,52,230,295,1.264406779661017,0.031005344489409576,644,Next is a song that took Jim Morrison 8 1/2 minutes to sing. I plan to knock it out in 2.
1252,1837,11,56,228,295,1.264406779661017,0.030252458477527368,644,"And now, the theme from Rocky IV"
1218,1839,12,45,204,261,1.264367816091954,0.033191257937041106,644,"I haven't worked out every note on this next piece, but I'm very passionate about it."
2472,1840,11,52,217,280,1.2642857142857142,0.03128148329963281,644,"Next, I'd like to play the Ali Variations."
2859,1840,12,50,218,280,1.2642857142857142,0.031688055098570984,644,Hopefully this will strike a chord with you as it did for me.
2960,1840,14,46,220,280,1.2642857142857142,0.03248593715655744,644,I'll knock out one more tune prior to intermission.
3852,1840,12,50,218,280,1.2642857142857142,0.031688055098570984,644,I shall now play the Rach Four using only my nose and my elbows.
3364,1844,19,46,253,318,1.2641509433962264,0.03146637471462922,644,I will now play Boxmaninoff
3986,1844,15,40,210,265,1.2641509433962264,0.03413335976352041,644,Down goes Mozart!
5608,1844,13,44,208,265,1.2641509433962264,0.033285292846425014,644,"Okay, I guess the gloves aren’t coming off."
4093,1847,10,55,219,284,1.2640845070422535,0.03058709486721732,644,I thought I'd punch it up a bit
2865,1847,9,57,218,284,1.2640845070422535,0.030177575852868527,644,This is not going to be easy.
4097,1849,15,50,238,303,1.2640264026402641,0.031165354891193743,644,This next piece is for AAAAADRIANNNNN.
2300,1849,12,56,235,303,1.2640264026402641,0.03009501411595754,644,"Oh! Bach? Yes, I suppose that does make more sense."
3473,1851,14,43,212,269,1.2639405204460967,0.03336619197002528,644,My next number is the Carpal Tunnel Suite.
551,1852,14,48,226,288,1.2638888888888888,0.03186829196653714,644,Fair warning if you don’t applaud.
715,1853,13,46,214,273,1.2637362637362637,0.03261955060218054,644,Please join me for punch after the concert.
2345,1853,10,52,211,273,1.2637362637362637,0.031356554818704654,644,This time I'm going to play something a bit more punchy.
5625,1853,12,48,213,273,1.2637362637362637,0.03220405612690666,644,"Oh no, they are expecting me to take a bow now and I'm only wearing boxer shorts."
235,1856,11,55,226,292,1.2636986301369864,0.030432400912061914,644,"And for my next number, a knockout version of Moonlight Sonata."
1856,1856,11,55,226,292,1.2636986301369864,0.030432400912061914,644,Minuet for two thumbs.
4719,1856,16,45,231,292,1.2636986301369864,0.032308154561837686,644,And now for a sonata by Serge Rockymaninoff.
4021,1859,16,36,206,258,1.2635658914728682,0.03518322911834892,644,"Shubert's Piano Sonata No. 21 in B-flat major, Trump technique."
5050,1860,13,47,217,277,1.263537906137184,0.0323000254660963,644,For my next request ... The Boxer by Paul Simon
2407,1860,12,49,216,277,1.263537906137184,0.031892498177697855,644,"It was at that moment, Rocky knew he had to give up his dreams."
351,1860,12,49,216,277,1.263537906137184,0.031892498177697855,644,I just won the first part of the competition but this part is really going to be hard.
1771,1860,10,53,214,277,1.263537906137184,0.031061407402473658,644,The gloves come off when you start clapping.
1011,1864,19,40,237,296,1.2635135135135136,0.03306144869977184,644,I will now perform an experimental piece by John Cage.
3249,1864,19,40,237,296,1.2635135135135136,0.03306144869977184,644,The Fight of the Bumblebee
425,1866,8,53,201,262,1.2633587786259541,0.03126145060017388,644,Ladies and Gentlemen... Let's get ready to treble.
2008,1866,15,39,208,262,1.2633587786259541,0.03438038006051325,644,Get ready for this hit!
2996,1868,18,43,239,300,1.2633333333333334,0.032405710348232475,644,"And now for Rachmaninoff’s piano concerto in c minor.
 Better known as Rocky II"
4469,1869,12,56,236,304,1.263157894736842,0.030008424867388098,644,Punch it again Sam.
2124,1869,11,53,221,285,1.263157894736842,0.030896168664352398,644,"Ladies and gentlemen, let us prepare ourselves to rumble."
785,1869,12,56,236,304,1.263157894736842,0.030008424867388098,644,This grand is fighting me all the way !!!
1587,1869,13,49,223,285,1.263157894736842,0.031685841650355234,644,"Pacquiao's ""A Little Fight Music"""
69,1869,11,53,221,285,1.263157894736842,0.030896168664352398,644,"...and now, the theme from ‘Rocky’"
974,1874,12,47,211,270,1.262962962962963,0.032418174486419454,644,Otherwise I’d just be tickling the ivories
1988,1874,13,45,212,270,1.262962962962963,0.032840141101139406,644,I will now play ‘the Boxer’ written by Simon and Garfunkel! In D flat.
1442,1876,12,42,197,251,1.2629482071713147,0.03402493070659714,644,"And now, an unusual rendering of ""Chopsticks""."
1981,1877,19,39,235,293,1.2627986348122866,0.03328109551826467,644,Can anyone help me find middle C?
3599,1878,15,53,248,316,1.2626582278481013,0.030268931740949693,644,Now here's one that'll really knock your socks off
3184,1879,10,58,229,297,1.2626262626262625,0.02969403526334167,644,"And now, to reprise Victor Borge's Musical Punctuation..."
3774,1879,13,52,232,297,1.2626262626262625,0.0308218396347565,644,I'll punch out one more before the break.
4926,1879,14,50,233,297,1.2626262626262625,0.03118871304207132,644,This next one is entitled “Eine Kleine Chinmusic”
5449,1882,10,53,215,278,1.2625899280575539,0.030963988853447467,644,How about a punchy tune?
3759,1882,17,39,222,278,1.2625899280575539,0.033772364752678426,644,He does a great scherzando but he needs a page turner
4763,1882,15,43,220,278,1.2625899280575539,0.03299437249933176,644,"And now, ladies and gentlemen, the Theme from Rocky VII"
2375,1885,16,47,238,301,1.2624584717607974,0.03161678429360941,644,Knocked out Bethoven's Fifth.
4461,1885,15,49,237,301,1.2624584717607974,0.0312645590857637,644,I'm only playing my greatest hits.
5194,1887,15,44,223,282,1.2624113475177305,0.032670827309149726,644,I thought you said this was a fight song...
2042,1887,10,54,218,282,1.2624113475177305,0.03067877528139052,644,I'm taking requests for fight songs
2339,1887,9,56,217,282,1.2624113475177305,0.030264634673268613,644,"Staccato, you said?"
2603,1887,10,54,218,282,1.2624113475177305,0.03067877528139052,644,"This piece is called 'Float Like a Butterfly, Flight of the Bumblebee'"
3216,1887,10,54,218,282,1.2624113475177305,0.03067877528139052,644,And now a piece from my hit record.
5234,1887,12,50,220,282,1.2624113475177305,0.03149072140306329,644,This next song is alittle more up beat.
5213,1893,9,51,203,263,1.2623574144486691,0.031620789021838056,644,Chopsticks?  Really.
1590,1894,10,60,235,305,1.2622950819672132,0.02919254041538769,644,Tickling the ivories is for beginners. This is advanced stuff.
2290,1894,11,58,236,305,1.2622950819672132,0.029559680903974057,644,And now in honor of Boxing Day...
412,1896,12,51,223,286,1.2622377622377623,0.03119745841033338,644,"Float like a butterfly, sting like a B-sharp."
1086,1896,13,49,224,286,1.2622377622377623,0.031588261710746454,644,"Next, The Minute Waltz in 30 seconds."
1169,1896,18,39,229,286,1.2622377622377623,0.03347390940893011,644,My next piece is the two-fisted Sonata.
2389,1896,12,51,223,286,1.2622377622377623,0.03119745841033338,644,and now...Brahms'  Second Concerto in Knocked Flat.
2813,1900,19,32,216,267,1.2621722846441947,0.03552824118578515,644,I will now perform the Victor Borge Concerto
880,1901,10,61,238,309,1.2621359223300972,0.028950562408915723,644,"I shall now play the Concerto No. 2, Opus 18 by Rockymaninoff."
2402,1901,13,55,241,309,1.2621359223300972,0.03001964050678597,644,It's me against the music.
5090,1903,12,52,226,290,1.2620689655172415,0.030911607629288018,644,"My next number is the ""beat goes on"""
784,1903,14,48,228,290,1.2620689655172415,0.03167419277232152,644,I will now perform a piece by JS Box
3469,1905,16,39,216,271,1.2619926199261993,0.03396259750144614,644,Now I know what Theresa May must feel like.
1700,1906,13,51,230,294,1.2619047619047619,0.031009523569933122,644,"Now a little something called ""Float like a Butterfly sting like a Bee"""
3748,1906,12,53,229,294,1.2619047619047619,0.030632875704326403,644,This next one really packs a punch!
4088,1906,15,47,232,294,1.2619047619047619,0.031749417447715346,644,I shall now attempt the dreaded Rachy III
1568,1909,13,57,247,317,1.2618296529968454,0.029515808532596322,644,And now something a little more modern: 'The Boxer' by Paul Simon.
4439,1910,11,50,214,275,1.2618181818181817,0.03158058984668028,644,Now for the Fight of the Bumble Bee.
5243,1910,13,46,216,275,1.2618181818181817,0.03241017210067083,644,‘I used to be a contenda’
3871,1912,12,54,232,298,1.261744966442953,0.030360984828985485,644,How else do you propose I play The Boxer?
4201,1912,11,56,231,298,1.261744966442953,0.029986531339124687,644,"Did someone request, The Boxer?"
2602,1912,16,46,236,298,1.261744966442953,0.03181475682635662,644,"And now, a piece for ill-tempered clavier by Box."
2335,1912,14,50,234,298,1.261744966442953,0.03109636756685652,644,And now for Box' Concerto in D minor.
1989,1912,16,46,236,298,1.261744966442953,0.03181475682635662,644,I have found it difficult to refrain from texting during performances.
2868,1917,13,47,219,279,1.2616487455197132,0.03209577863082047,644,"Now, for something softer."
3687,1918,20,39,243,302,1.2615894039735098,0.032890168523063035,644,"My next number is a real knockout, in three rounds."
5668,1919,18,44,244,306,1.261437908496732,0.03191870756869892,644,Now I'm going to play 4'33'' by John Cage
993,1920,16,37,211,264,1.2613636363636365,0.034567661493805454,644,"And now for my next selection, “The fight of the bumblebee.”!"
2123,1921,7,61,219,287,1.2613240418118468,0.029077559342217108,644,Naturally  I belt out music.
2496,1921,18,39,230,287,1.2613240418118468,0.033369583688873286,644,"And now, I'll play a selection of Muhammad Ali's hits."
4743,1921,16,43,228,287,1.2613240418118468,0.03263123288384748,644,And now I'd like to perform a mashup in ALL the majors and minors.
2486,1924,15,51,244,310,1.261290322580645,0.03062413771085027,644,Leeeeet's get ready to rhuuuuuumba!
3389,1925,12,46,210,268,1.2611940298507462,0.03252909659358712,644,"And for my next number, Beethoven's ""Hammerklavier"" sonata."
1813,1925,14,42,212,268,1.2611940298507462,0.033377273691933905,644,"The contract stated I was not allowed to ""tickle"" the ivories"
4958,1927,16,44,231,291,1.261168384879725,0.03231979725087228,644,Tonight I will be playing selections from “The Divorce of Figaro”.
3137,1928,17,48,249,314,1.2611464968152866,0.031022472468553716,644,"And now, ""The Boxer"""
2479,1929,11,49,212,272,1.2610294117647058,0.031784294370544225,644,"Now, I'll knock out a number that you all know."
2904,1929,14,43,215,272,1.2610294117647058,0.0330399643074212,644,I  HAVE TO HANDAL THE NEXT NUMBER WITH KID GLOVES
4072,1929,13,45,214,272,1.2610294117647058,0.032626777609323414,644,They say my performance is a knock out.
175,1932,11,55,229,295,1.2610169491525425,0.03016188592520211,644,I hope that some in the audience tonight will be able to distinguish the downbeat versus the beat down.
4887,1933,13,46,217,276,1.2608695652173914,0.03230646058165766,644,This one's for you in the box seats.
3452,1934,9,61,233,303,1.2607260726072607,0.028895445702246947,644,"This final movement, a rondo played in robust fortissimo, delivers a real knockout!"
2726,1934,11,57,235,303,1.2607260726072607,0.029642195649126294,644,This next selection is an experimental piece by Philip Glass.
1489,1934,11,57,235,303,1.2607260726072607,0.029642195649126294,644,I've been fighting through this song for weeks.
108,1937,9,55,216,280,1.2607142857142857,0.030352059753344138,644,It's a knockout tune.
4960,1937,11,51,218,280,1.2607142857142857,0.03118414353931019,644,"Quite frankly, I’m much more accustomed to pounding on an organ."
391,1939,11,58,238,307,1.260586319218241,0.029391560259848765,644,And now the overture from the opera 'Rocky'
1351,1940,17,40,227,284,1.2605633802816902,0.03322417778348742,644,"And now finally Mr. President, a special piece for you -- a little atonal number you might recall, 'One is the Loneliest Number.'"
1708,1940,11,52,221,284,1.2605633802816902,0.030895634983370505,644,This next piece is sure to be a knockout.
2734,1940,12,50,222,284,1.2605633802816902,0.0312957592827876,644,Hook and Jab in D minor by Johann Sebastian Box
5187,1940,12,50,222,284,1.2605633802816902,0.0312957592827876,644,For my next number: Tyson's Overture in B-Flat on Your Back.
5482,1940,11,52,221,284,1.2605633802816902,0.030895634983370505,644,They complained I was all thumbs.
1440,1945,9,50,202,261,1.260536398467433,0.03172130446333355,644,"I will now play the theme song from ""Rocky"" ."
777,1946,13,49,226,288,1.2604166666666667,0.03139484434507998,644,"And now, for the 'modern music' portion of our program ...."
3028,1946,10,55,223,288,1.2604166666666667,0.030216655007419307,644,"Float like a butterfly, sing in B."
4227,1946,14,47,227,288,1.2604166666666667,0.03177786843055925,644,"Next, I will perform 'Rhapsody in Black and Blue' by Deontay Wilde"
5206,1946,18,39,231,288,1.2604166666666667,0.033265892504823466,644,"To increase the degree of difficulty, I will put on a pair of swim fins."
5564,1946,20,35,233,288,1.2604166666666667,0.0339854813886568,644,"And now, the Muhammad Allegro."
1839,1951,18,40,234,292,1.2602739726027397,0.032943724953601906,644,"Yo, Adrian! I did it!"
4380,1951,15,46,231,292,1.2602739726027397,0.03185400317490875,644,"I must apologize for the typo in the program. My name is Bang Bang, not Lang Lang."
2740,1953,6,58,205,269,1.2602230483271375,0.02974497818358106,644,That bum is going down in the second movement.
4854,1953,15,40,214,269,1.2602230483271375,0.03368151852805013,644,"Ladies and Gentlemen, Flight of the Bumblebee like you have never heard played before!"
4875,1955,12,53,231,296,1.260135135135135,0.030451179470320996,644,"And now, I'd like to play ""TKO for Two"""
2541,1956,17,37,219,273,1.26007326007326,0.03413733530611893,644,"They told me, ""Knock yourself out!"""
2162,1956,10,51,212,273,1.26007326007326,0.0312541310639019,644,"And now, for the Flight of the Pugilist."
5367,1956,10,51,212,273,1.26007326007326,0.0312541310639019,644,"My finale will be a unique, spirited medley of fight songs."
30,1956,11,49,213,273,1.26007326007326,0.031682085774500705,644,And now for a little chin music.
610,1956,13,45,215,273,1.26007326007326,0.03252110483900177,644,"And now for my finale, Rope-a-dope fortissimo"
1939,1961,15,48,237,300,1.26,0.03127181512807791,644,I said I was a pugilist not a pianist!
3645,1961,11,56,233,300,1.26,0.029811746766366855,644,This rendition is going to be a knock out !
81,1963,12,48,217,277,1.259927797833935,0.031794627259251876,644,"And for my next piece, 'Float like a butterfly, sting like the Flight of the Bumblebee.'"
749,1963,6,60,211,277,1.259927797833935,0.029222202038496597,644,"They said I should ""punch it up."""
826,1963,10,52,215,277,1.259927797833935,0.030960909424026073,644,My next selection has a familiar ring to it.
2020,1963,19,34,224,277,1.259927797833935,0.034554590986246934,644,"Final Fight Scene from Rocky III, in B Flat"""
3860,1967,10,59,235,304,1.2598684210526316,0.02918735985267965,644,"Pianissimo forget about it, Fortissimo I got....."
4306,1968,11,51,219,281,1.2597864768683273,0.03108681841985262,644,And now the theme music from Rocky
2227,1969,13,48,224,285,1.2596491228070175,0.03159267197568747,644,I will now knock out the theme from Rocky
3829,1969,13,48,224,285,1.2596491228070175,0.03159267197568747,644,Here's a little something for those of you who like less definition.
4504,1971,14,53,245,312,1.2596153846153846,0.03011013152869276,644,"And now, Chopin's Knockout-turne in B minor."
2804,1972,7,54,201,262,1.2595419847328244,0.030676601176806925,644,I will now punch out this little tune..
4428,1972,16,36,210,262,1.2595419847328244,0.03470275240963322,644,"I shall now play my new composition, 'Lullaby for Mike Tyson'."
5039,1972,14,40,208,262,1.2595419847328244,0.03384946231831604,644,And now a little tune from Johann Sebastian Box.
2597,1975,16,43,230,289,1.259515570934256,0.032430153737576455,644,You could say I'm digitally-challenged.
4055,1975,15,45,229,289,1.259515570934256,0.032057536585207144,644,And now The Mike Tyson Overture.
2371,1977,9,51,206,266,1.2593984962406015,0.03130977840632232,644,I will be playing pugilist in D Major.
5500,1977,9,51,206,266,1.2593984962406015,0.03130977840632232,644,They said make the finale more punchy!
5277,1979,15,53,252,320,1.259375,0.029934600050316586,644,Wait 'til I take the gloves off
3836,1980,12,46,212,270,1.2592592592592593,0.03231655603847181,644,What?  You told me to pound it out.
3503,1980,14,42,214,270,1.2592592592592593,0.033157705819451766,644,"And now, a Canto from Ezra Pound."
2027,1980,15,47,235,297,1.2592592592592593,0.03146501686545841,644,Staccato?
1069,1980,16,45,236,297,1.2592592592592593,0.03182447657218584,644,And now I would like to perform Rocky's 5th.
2793,1980,12,46,212,270,1.2592592592592593,0.03231655603847181,644,Would someone from the audience help me find my keys?
4982,1985,17,44,240,301,1.2591362126245846,0.03188214999872708,644,This next one’s called “I’m a failure and my wife’s leaving me.”
1247,1986,9,53,212,274,1.2591240875912408,0.030722211928519837,644,"And now, Rocky's Symphony No. 5 in C minor."
1588,1986,9,53,212,274,1.2591240875912408,0.030722211928519837,644,Symphonie Pugiliste?
3104,1986,12,47,215,274,1.2591240875912408,0.03200103224623797,644,"Here in the final round is the theme from 'Rocky."""
4212,1986,12,47,215,274,1.2591240875912408,0.03200103224623797,644,My ivories don't like to be tickled.
908,1990,17,38,223,278,1.2589928057553956,0.03368025970575913,644,. . . and now the theme from Rocky
267,1990,15,42,221,278,1.2589928057553956,0.032900089505715414,644,"My next number will be ""Fight of the Bumble Bee""."
663,1990,14,44,220,278,1.2589928057553956,0.03250298274470263,644,My next piece is the theme from ‘Rocky’!
2543,1990,13,46,219,278,1.2589928057553956,0.03210096392821856,644,"I will take off the gloves, but I want you to know how it feels to be challenged by Prokofiev."
2671,1990,15,42,221,278,1.2589928057553956,0.032900089505715414,644,This next one will be a bit punchier than the last.
3950,1990,11,50,217,278,1.2589928057553956,0.03128143028631352,644,"Yeah buddy?  Come down here, I'll give you discordant notes!"
4292,1990,11,50,217,278,1.2589928057553956,0.03128143028631352,644,Want to hear a punchy tune?
1016,1997,12,56,241,309,1.2588996763754046,0.02958262350070071,644,Did I hear a request for the theme from Rocky?
2548,1997,13,54,242,309,1.2588996763754046,0.029935701049175218,644,I can knock out the Minute Waltz in 45 seconds.
3752,1999,14,45,223,282,1.2588652482269505,0.03218854660416083,644,"'""and now - Franz Listz's My Fisto Waltz"""
2973,1999,18,37,227,282,1.2588652482269505,0.03372030687770819,644,"And now, I would like to play the theme song from the movie, Rocky."
4959,2001,19,36,231,286,1.2587412587412588,0.03375148353508152,644,I'd like to close this evening with 'Flight of the Bumblebee.'
3889,2001,16,42,228,286,1.2587412587412588,0.03264279462442653,644,And now my original theme for Rocky.
3219,2001,16,42,228,286,1.2587412587412588,0.03264279462442653,644,Lllllllets get ready to rumbaaaaaa!
1952,2001,14,46,226,286,1.2587412587412588,0.03188225694031447,644,Sharp or flat?
2867,2005,9,49,201,259,1.2586872586872586,0.03182231618954597,644,But you said you wanted a more punchy arrangement!
2967,2006,11,53,226,290,1.2586206896551724,0.030429343963659965,644,And now a little piece by Victor Borge.
3990,2007,14,55,252,321,1.2585669781931463,0.029524222593037348,644,"And now, I give you Punchini's ""Madam Sting Like a Butterfly."""
2122,2008,14,40,209,263,1.258555133079848,0.03373494883868207,644,"The Boxer's Rag, by Slapsie Maxie Mendelssohn."
4560,2008,9,50,204,263,1.258555133079848,0.03151065740449911,644,"After I am done here, dis piano will be nuttin but chopstiks"
2770,2010,12,45,210,267,1.2584269662921348,0.032532812229481636,644,And now I will float through Madame Butterfly and sting into Flight of the Bumblebee.
3211,2010,11,47,209,267,1.2584269662921348,0.0320970961801431,644,Are you ready to ruuuuumble?!!!!!
582,2012,14,49,235,298,1.2583892617449663,0.031009066921222486,644,Not to mention I've never learned to read music.
374,2012,6,65,227,298,1.2583892617449663,0.027942503951081717,644,"Not to brag, but this concerto will be over in one round."
714,2014,11,56,235,302,1.2582781456953642,0.029638924935485454,644,Now for the old one two
89,2015,15,41,219,275,1.2581818181818183,0.03312302196452273,644,This next piece is a big hit!
5201,2016,14,51,241,306,1.2581699346405228,0.030462096171379675,644,Would you mind holding your coughing until after the first round?
568,2017,8,56,215,279,1.2580645161290323,0.029916844699009702,644,I've been fighting the urge to play this tune all night long.
2025,2017,15,42,222,279,1.2580645161290323,0.03279509654546609,644,And now my rendition of the ham-fisted symphony as inspired by Donald Trump
3914,2017,13,46,220,279,1.2580645161290323,0.03199916735662606,644,My next piece will really be a knockout.
2457,2020,16,49,249,314,1.2579617834394905,0.03061292559128875,644,"......and in this corner weighing in at 158 pounds in the dark tuxedo, fromVienna, Austria ....."
1938,2021,10,53,220,283,1.2579505300353357,0.030485633878677088,644,Let's get ready to r-u-u-u-u-u-mba!
3709,2022,13,48,226,287,1.2578397212543555,0.031398116613854735,644,The real problem is my cauliflower ear.
4080,2022,11,52,224,287,1.2578397212543555,0.03061225197283584,644,You asked for a heavy hitter!
944,2022,11,52,224,287,1.2578397212543555,0.03061225197283584,644,Gloves come off when they turn up the heat.
5245,2025,14,47,230,291,1.2577319587628866,0.03148760716626901,644,"...and to conclude, here is the Welterweight Waltz in B-flat Major."
4071,2026,15,37,208,260,1.2576923076923077,0.03441017614778746,644,". . . my own composition, an atonal 'Ode to Donald' ."
893,2027,18,32,214,264,1.2575757575757576,0.03529313007659285,644,My next piece is Fight of the Bumblebee.
1167,2027,15,38,211,264,1.2575757575757576,0.0340468727631228,644,"And now, ladies and gentlemen: ""'We Will Rock You!"
5091,2027,13,42,209,264,1.2575757575757576,0.03319004701982589,644,"For my next composition, ""The ill-tempered clavicle"""
5083,2030,10,49,209,268,1.257462686567164,0.03155178356185547,644,This next piece is by Rocky-maninoff.
4310,2031,10,50,212,272,1.2573529411764706,0.03125019950395338,644,May I punch out a tune for you?
1174,2031,11,48,213,272,1.2573529411764706,0.03168134456275975,644,"Okay, it doesn't work for Beethoven, but my Mahler's a knockout!"
3212,2031,13,44,215,272,1.2573529411764706,0.032526494459734594,644,"After 32 variations, I'll be going 12 rounds."
1268,2034,15,41,220,276,1.2572463768115942,0.03301604737109266,644,"I'm sorry, I only play boxed sets."
699,2034,10,51,215,276,1.2572463768115942,0.03095653530912149,644,Now I'd like to knock out my latest for you!
1129,2036,13,47,224,284,1.2570422535211268,0.03159599368532494,644,My next composition is impressionistic with a touch of violence.
3071,2036,14,45,225,284,1.2570422535211268,0.03198735851900891,644,And now the punchline!
1020,2038,13,48,227,288,1.2569444444444444,0.03130171120498258,644,"And now, for my rendition of Simon & Garfunkel’s “The Boxer”"
4726,2038,13,48,227,288,1.2569444444444444,0.03130171120498258,644,I'm going for a knockout performance of Box Sonata #1.
4836,2038,13,48,227,288,1.2569444444444444,0.03130171120498258,644,Next! A college fight song composed by Joe Louis.
5387,2038,13,48,227,288,1.2569444444444444,0.03130171120498258,644,I will now perform variations on a famous theme of John Cage.
2902,2042,14,37,202,253,1.256916996047431,0.03459416582776069,644,For my encore I’ll play ‘The Boxer’ by Paul Simon
3727,2043,15,54,258,327,1.2568807339449541,0.029444558578351276,644,I don’t take requests.
3240,2044,10,55,227,292,1.2568493150684932,0.029854797233898913,644,"...and now,the Rocky Sonata"
565,2044,22,31,239,292,1.2568493150684932,0.03426010653928445,644,I'd rather be a boxer at a piano than have a piano in my boxers
4768,2046,12,52,232,296,1.2567567567567568,0.030360199509046663,644,"Excuse me, this piano needs tuning!"
4379,2046,10,56,230,296,1.2567567567567568,0.029596168566967004,644,And next a rumble in the ensemble.
2751,2046,10,56,230,296,1.2567567567567568,0.029596168566967004,644,In this composition I am honoring the heavy-handed approach of two masters - Wilhelm Richard Wagner and Mohammed Ali.
2919,2046,15,46,235,296,1.2567567567567568,0.03147148701295038,644,"And now, by request, the theme from ""Rocky""."
4243,2050,9,59,232,300,1.2566666666666666,0.02896133328621712,644,This is how I flatten the flats.
83,2051,17,34,214,265,1.2566037735849056,0.0347643671934519,644,And now for the hook.
2346,2051,9,50,206,265,1.2566037735849056,0.03130270133497405,644,"Ladies and Gentlemen, this is what I learned from Viktor Borge."
3828,2051,7,54,204,265,1.2566037735849056,0.03037570710276461,644,...and now another Simon and Garfunkel favorite- The Boxer.
5341,2051,10,48,207,265,1.2566037735849056,0.0317560525774758,644,Box Symphony is just Bach's Symphony but with a nicer ring to it
451,2055,17,44,243,304,1.256578947368421,0.03160128545234462,644,"My last piece is entitled ""Float Like a Butterfly, Sting Like a Bee."""
1213,2055,8,62,234,304,1.256578947368421,0.028341259039969192,644,"Now one by one of my favorite composers, Sonny Liston."
2809,2055,12,54,238,304,1.256578947368421,0.029834170917135062,644,I have a love- hate relationship with the piano
5512,2058,10,49,210,269,1.2565055762081785,0.031448839522610704,644,I hope you find my next number a knock-out.
2061,2058,13,43,213,269,1.2565055762081785,0.03274532783553727,644,My next song is about my experience with my stockbroker and his attorney.
4350,2058,11,47,211,269,1.2565055762081785,0.031886859935793065,644,Of course I play by the Queensbury rules!
3220,2061,12,55,241,308,1.2564935064935066,0.02958049061829528,644,Down an octave goes Frazier! Down an octave goes Frazier!
7,2062,12,46,215,273,1.2564102564102564,0.032002764398631325,644,Welcome to Rocky in E minor
2972,2062,12,46,215,273,1.2564102564102564,0.032002764398631325,644,"To complete our tribute to the president, I will now play Mueller Said Knock You Out."
629,2064,8,55,214,277,1.256317689530686,0.029998832369567314,644,"Bear with me, I just had a mani-pedi."
5683,2065,11,60,249,320,1.25625,0.028512546735018508,644,Is my playing too aggressive?
4503,2065,16,50,254,320,1.25625,0.03018157888119433,644,"I am just a poor boy
But my story is seldom told..."
3796,2067,14,44,223,281,1.2562277580071175,0.032194676919575796,644,And now I shall play Wagner...
4454,2067,10,52,219,281,1.2562277580071175,0.030574818727296,644,"With so many notes, it's always a fight to the finish!"
935,2067,8,56,217,281,1.2562277580071175,0.029731812917018402,644,I will now play the Joe Louis lullaby.
2459,2070,10,53,222,285,1.256140350877193,0.03029827716283369,644,I’m afraid I can only take requests for something from “The Ring” cycle.
4625,2070,16,41,228,285,1.256140350877193,0.032653385244132284,644,Concerto for Raging Bull in E Minor
207,2072,14,46,229,289,1.2560553633217992,0.03158854549036688,644,"For obvious reasons, I will not be performing “Chopsticks’ tonight."
1406,2072,12,50,227,289,1.2560553633217992,0.030818464710869013,644,"I call it, ""Concerto in A-minor Concussion for Graziano and flute."""
1914,2072,16,42,231,289,1.2560553633217992,0.03234029445225997,644,I’ve been informed that this is a piano. Thank you.
4961,2072,10,54,225,289,1.2560553633217992,0.03002864179534565,644,"But the maestro said this was a 
Boxing Day concert."
365,2076,14,47,232,293,1.2559726962457338,0.03129695458477362,644,And now a new medley for those in the audience who are tone deaf
4348,2076,15,45,233,293,1.2559726962457338,0.031668215425275106,644,"This version of "" Flight of the bumble bee"" was inspired by the late Cassius Clay."
4922,2076,10,55,228,293,1.2559726962457338,0.029765640569629673,644,"The starting note is ""ding ding ding""."
2490,2079,12,52,233,297,1.2558922558922558,0.030270151322106174,644,I'm gonna play the Rocky theme.
4873,2080,12,42,204,258,1.255813953488372,0.03320707524481908,644,Next will be the theme from Rocky
1294,2080,10,57,234,301,1.255813953488372,0.02925852339708172,644,"So, how does your school’s fight song go?”"
1338,2080,17,43,241,301,1.255813953488372,0.03179779789651323,644,For my next number I'll play the Thrilla in Manila Concerto by Frazier.
5352,2083,14,51,244,309,1.255663430420712,0.03020033367718051,644,A special technique is required for the arpeggios.
313,2084,14,41,215,270,1.2555555555555555,0.03305681811826277,644,It's a Cage session.
2094,2084,12,45,213,270,1.2555555555555555,0.032213034055833506,644,"And now, by your request, the Love Theme from 'Rocky'."
4924,2086,12,47,219,278,1.2553956834532374,0.03159420407812623,644,"For my last number, Floats Like a Butterfly, Stings Like a Bee"
1428,2087,9,54,219,282,1.2553191489361701,0.030062868192740712,644,"Up next, my classical one-two combo."
224,2088,12,49,225,286,1.2552447552447552,0.031007127312014136,644,"Next, my rendition of The Nutcracker."
5639,2088,12,49,225,286,1.2552447552447552,0.031007127312014136,644,I regret auditioning for Rocky the Musical
4729,2090,18,38,234,290,1.2551724137931035,0.03297253675653729,644,"And now, ladies and gentlemen: Für Evander."
4179,2090,9,56,225,290,1.2551724137931035,0.02953670044505866,644,"This next piece was first performed in Paris in 1913. It was quite controversial for the time, and fights broke out among the audience."
2824,2090,17,40,233,290,1.2551724137931035,0.03260865957664679,644,And now I will play Dance Like a Butterfly and Sting Like a Bumblebee by Rimsky Ali
367,2090,15,44,231,290,1.2551724137931035,0.031868443291671954,644,This song goes out to my father.
1395,2090,17,40,233,290,1.2551724137931035,0.03260865957664679,644,"And now, ""Mitten on the Keys."""
1649,2095,14,47,233,294,1.2551020408163265,0.031202470193288017,644,"yeah,well if I could box,do you think I'd be trying to play this thing?"
2050,2095,12,51,231,294,1.2551020408163265,0.03044928882466672,644,"Sorry I'm late, folks! I had to fight my way through traffic."
979,2097,13,50,235,298,1.25503355704698,0.030552695769271866,644,I'm sorry...did you say you have a request?
2642,2097,16,44,238,298,1.25503355704698,0.03164268055760166,644,"Ok, I'm gonna' need an eight count for this next one..."
4967,2097,14,48,236,298,1.25503355704698,0.030920293607973107,644,This next piece is from the opera “Don King Giovanni.”
5304,2097,14,48,236,298,1.25503355704698,0.030920293607973107,644,...and a special thanks to Performers Insurance Co. for finding a way to reduce my premiums.
5383,2097,11,54,233,298,1.25503355704698,0.02980390146780323,644,A little help here?
1876,2102,14,50,242,306,1.2549019607843137,0.03037633997025425,644,And now I'd like to pound out a little number from Mozart.
1490,2103,14,51,245,310,1.2548387096774194,0.030114050864306206,644,The optional ear plugs are under your seat.
2296,2104,13,43,215,271,1.2546125461254614,0.03253066683577008,644,They all laughed when I sat down at the piano...
1524,2105,14,42,219,275,1.2545454545454546,0.032620928749185416,644,This one will knock you off your feet.
4846,2105,13,44,218,275,1.2545454545454546,0.03221152266183646,644,This next piece is from the Ring cycle.
355,2105,8,54,213,275,1.2545454545454546,0.030081027091289018,644,Whew! Rough house!
1135,2108,12,47,220,279,1.2544802867383513,0.031494065660963126,644,"And now, Sonata No. 6, by Rockymaninoff"
1200,2108,14,43,222,279,1.2544802867383513,0.03230244290709506,644,This next piece is titled Füry Elise.
1926,2108,8,55,216,279,1.2544802867383513,0.029811623237235817,644,...and now the band and I would like to punch out a couple of old favorites.
2840,2108,15,41,223,279,1.2544802867383513,0.032699138225963625,644,"I thought you requested the ""Fight of the Bumblebee"""
3780,2108,12,47,220,279,1.2544802867383513,0.031494065660963126,644,I need my mouthpiece!
4948,2113,18,36,229,283,1.254416961130742,0.033522378022986354,644,Box Magnificat
3385,2113,8,56,219,283,1.254416961130742,0.029548978063309615,644,This next tune was popular during The Boxer Rebellion.
2632,2113,9,54,220,283,1.254416961130742,0.02997003298228011,644,"This piece is in ""Stallone staccato""."
1478,2113,12,48,223,283,1.254416961130742,0.031199121687604782,644,This is one I call 'Beethoven's 9th Round.'
1449,2113,14,44,225,283,1.254416961130742,0.0319922918657601,644,"Yo, Liberace."
281,2113,9,54,220,283,1.254416961130742,0.02997003298228011,644,"Oops. Wrong venue, wrong night."
2238,2113,10,52,221,283,1.254416961130742,0.03038525381384796,644,Sugar Ray Charles
4,2120,11,51,225,287,1.254355400696864,0.030515030292779754,644,"This one is called  ""The Fight of The Bumble Bee."""
72,2120,14,45,228,287,1.254355400696864,0.031690135812938856,644,It's easier than the violin.
379,2120,12,49,226,287,1.254355400696864,0.03091169603554099,644,My repertory is limited...I can only play rounds
759,2120,17,39,231,287,1.254355400696864,0.032823198228017846,644,I will now try Bach-sing.
2637,2120,13,47,227,287,1.254355400696864,0.031303335761833674,644,I want to get the hell  home so I'm just going to knock this piece out quickly.
4500,2120,7,59,221,287,1.254355400696864,0.02887392529033085,644,"Now, the Beethoven Piano Sonata #8 ‘Pathetique’ as interpreted by Muhammad Ali."
4592,2120,13,47,227,287,1.254355400696864,0.031303335761833674,644,"I shall now play the ""I AM THE GREATEST"" Sonata I composed in memory of Muhammad Ali."
2167,2127,11,53,231,295,1.2542372881355932,0.029976008583934705,644,I will now play from Wagner's Ring Cycle. Round One.
1810,2128,15,46,238,299,1.254180602006689,0.031190434330533454,644,The Boxer Rebellion concerto
4369,2128,17,42,240,299,1.254180602006689,0.03190196803128212,644,They're called Chopsticks preventers.
4814,2128,7,62,230,299,1.254180602006689,0.02816511515262833,644,"And now our main event – Beethoven's Sonata in C minor, in 12 rounds"
5636,2131,15,51,253,319,1.2539184952978057,0.02985751173305358,644,Box Fugue in D minor
2450,2132,10,45,201,256,1.25390625,0.03239237783806055,644,I'm just going to play a little rope-a-dope until I find middle C.
3192,2133,11,60,252,323,1.2538699690402477,0.028280508341875277,644,"I wanted to be a boxer, but mother made me take piano lessons."
3768,2134,9,48,203,260,1.2538461538461538,0.03160073390321446,644,Clair de lune?  What key?
830,2135,13,41,210,264,1.253787878787879,0.03308385703631802,644,"Excuse me, the keys are too small."
1787,2136,9,50,209,268,1.2537313432835822,0.03099570634899762,644,"And now, for your listening pleasure, I'd like to knock out this little number."
3973,2137,10,49,213,272,1.2536764705882353,0.03114388288914348,644,"I wouldn't say ""tickling the keys"" is my style."
4547,2137,12,45,215,272,1.2536764705882353,0.03200322936747981,644,"The critics all say that anything I might be lacking in finesse, I more than make up for in punch."
839,2137,12,45,215,272,1.2536764705882353,0.03200322936747981,644,I’m not sure Simon & Garfunkel’s “The Boxer” is supposed to be played like this.”
946,2140,13,44,219,276,1.2536231884057971,0.03210785037165716,644,"And now for a nuanced little mashup I call 'Étude, Sonny Liszton?'"
5481,2141,11,49,220,280,1.2535714285714286,0.030984120557485503,644,And now in Fortississimo.
1352,2142,15,42,227,284,1.2535211267605635,0.03227980409122571,644,"And now, Ravel's Piano Concerto in D for Southpaws."
1615,2142,9,54,221,284,1.2535211267605635,0.029877751317741442,644,These piece symbolizes both internal and external conflict
2240,2142,6,60,218,284,1.2535211267605635,0.028601174095187854,644,Tickling the ivories got old.
4519,2142,15,42,227,284,1.2535211267605635,0.03227980409122571,644,Why is this piano out of tune?
5081,2142,14,44,226,284,1.2535211267605635,0.03189202822191454,644,"And now, I will take Beethoven to the 12th."""
5467,2142,10,52,222,284,1.2535211267605635,0.03029132403618764,644,And now I'll perform my latest big hit.
1777,2148,11,51,226,288,1.2534722222222223,0.030421713297824803,644,Oh. Bach?
4018,2148,17,39,232,288,1.2534722222222223,0.0327209514409935,644,It gives the music the right hook
4738,2150,10,54,228,292,1.2534246575342465,0.02975811715610355,644,This sonata will knock you out.
2569,2150,10,54,228,292,1.2534246575342465,0.02975811715610355,644,Each song will be followed by a 1-minute intermission.
285,2152,6,63,227,296,1.2533783783783783,0.027905306966825385,644,This next piece is a little punchy.
176,2153,17,42,241,300,1.2533333333333334,0.031806737096282026,644,"I'm just a poor boy, though my story's seldom told..."
231,2154,13,51,240,304,1.2532894736842106,0.030107630470081328,644,For round 1 I will be performing Fight of the Bumble Bee
3015,2154,16,45,243,304,1.2532894736842106,0.03117061926365297,644,I shall now bust your Chopsticks.
3099,2156,12,54,242,308,1.2532467532467533,0.02949272052507301,644,"Tickling the ivories? Uh, no. I don't think so."
3409,2157,15,50,251,316,1.2531645569620253,0.030026917708130044,644,"I call this next piece,""Fight of the Bumblebees."""
4562,2158,14,54,256,324,1.2530864197530864,0.02920268854920326,644,"And, when the burgers are done , this George Foreman grill turns into a grand piano ."""
4969,2159,20,43,265,328,1.2530487804878048,0.030837758077106134,644,"And now, the impossible: Chopstix!"
64,2160,9,46,198,253,1.2529644268774704,0.032128195021855,644,My current album comes in a boxed set
5633,2161,12,42,207,261,1.2528735632183907,0.032868183542057054,644,Don’t Laugh! This will be a knockout!
4852,2161,9,48,204,261,1.2528735632183907,0.031494446487558884,644,"Sorry, doctor's orders to stop biting my nails."""
1562,2163,14,40,215,269,1.2527881040892193,0.033063456506551805,644,"My next piece will be a Concerto in 15 Movements, or Until the Referee Stops the Concert."
3735,2163,11,46,212,269,1.2527881040892193,0.03177994915701962,644,DOWN goes Mahler...DOWN goes Mahler....
500,2165,17,36,224,277,1.2527075812274369,0.033599848059098554,644,playing piano is nothing compared to getting dressed.
1567,2165,12,46,219,277,1.2527075812274369,0.03159349243300698,644,"And next, I'll be playing,""Fight of the Bumblebees."""
2003,2165,14,42,221,277,1.2527075812274369,0.03241094220022746,644,"I will now play the theme from ""Rocky""."
2053,2165,13,44,220,277,1.2527075812274369,0.032004827279810105,644,"For my encore, Chopin’s lesser-known ‘Mitten Waltz’..."
1651,2169,7,57,217,281,1.2526690391459074,0.029194511461912716,644,"My next selection is Paul Simon's ""The Boxer""."
4741,2169,13,45,223,281,1.2526690391459074,0.03169914860249463,644,It's for your protection and mine.
4901,2169,13,45,223,281,1.2526690391459074,0.03169914860249463,644,"And now, Variations on Theme From Rocky."
2754,2172,14,44,227,285,1.2526315789473683,0.03179237652779776,644,"And now, Beethoven’s Right Hook, in D."
1484,2172,15,42,228,285,1.2526315789473683,0.0321786399147463,644,What happens in Piano club...stays in piano club.
691,2174,14,45,230,289,1.2525951557093427,0.03149496521548592,644,They laughed when I say down to play. They're not laughing now.
2185,2174,17,39,233,289,1.2525951557093427,0.03261932697830409,644,"In the spirit of this Holiday Concert, and to celebrate the diversity of the season, I will now perform a special Boxing Day carol."
3730,2174,12,49,228,289,1.2525951557093427,0.030722538873972784,644,I thought you said you wanted me to knock out a tune?...
894,2177,10,54,229,293,1.2525597269624573,0.029668989907631876,644,Taking the gloves off is not mentioned in the composer’s original manuscript.
1601,2177,14,46,233,293,1.2525597269624573,0.03120504718631524,644,This piece was written for no hands.
1886,2177,11,52,230,293,1.2525597269624573,0.03006036367177569,644,This is from my latest box set.
4435,2177,15,44,234,293,1.2525597269624573,0.03157738861654666,644,I've never been much of a tickler.
5579,2177,17,40,236,293,1.2525597269624573,0.03230920110001034,644,Now I will play for you 'Sting Like A Bee.'
1881,2182,13,49,235,297,1.2525252525252526,0.03055225568398709,644,Welcome to Ultimate Piano Club
5236,2182,15,45,237,297,1.2525252525252526,0.03128802283430142,644,This next piece needs a little punching up.
1863,2182,10,55,232,297,1.2525252525252526,0.029414116664106253,644,My Carpal tunnel's flaring up again.
1480,2182,13,49,235,297,1.2525252525252526,0.03055225568398709,644,"Louie, Louie"" again? Well, if you insist.."
1758,2182,14,47,236,297,1.2525252525252526,0.03092232769585343,644,Now for Mozart's Piano Sonata in Sting Like a Bee-Major.
517,2182,13,49,235,297,1.2525252525252526,0.03055225568398709,644,I believe single notes are banal and over-rated.
3738,2188,14,48,239,301,1.2524916943521596,0.0306465275058088,644,Are you ready for some chin music
5118,2188,13,50,238,301,1.2524916943521596,0.03028301923393501,644,"At least I'm no longer ""all thumbs"""
177,2190,7,63,235,305,1.2524590163934426,0.027781164386485827,644,"Now that I've answered my critics, I shall play music from 'Requiem for a Heavyweight' """
971,2190,17,43,245,305,1.2524590163934426,0.03142445364801425,644,And now for a slow rendition of Flight of the Bumblebee
3305,2190,14,49,242,305,1.2524590163934426,0.030377381871287426,644,Refunds will be available in the lobby.
4391,2193,9,60,240,309,1.2524271844660195,0.028316401572752184,644,I call it Concerto Marciano.
4587,2194,10,44,200,254,1.2519685039370079,0.03249934839365444,644,The former champ came to understand his new pursuit required a different set of skills.
1179,2194,12,40,202,254,1.2519685039370079,0.033443277796756626,644,"Yes, of course I play by ear"
1430,2196,15,35,208,258,1.251937984496124,0.034435091267902576,644,"Harolds worst nightmare, trying out for the ""L.A. PHILHARMONIC"""
1147,2197,10,46,206,262,1.251908396946565,0.03185133296000963,644,This evening I will be performing The Hagler-Hearns Concerto No. 2 in Three Rounds.
1628,2197,14,38,210,262,1.251908396946565,0.03363773569162779,644,"And for the tenth,and final,round,I shall play Chopsticks."
1511,2199,13,41,212,266,1.2518796992481203,0.03286224404980398,644,Let me just punch this number out.
1908,2199,11,45,210,266,1.2518796992481203,0.03198720754160597,644,This is why it is called The Unfinished Symphony.
2852,2199,10,47,209,266,1.2518796992481203,0.03154058698677344,644,And now for Rockymaniovs's Concerto No. 3
3012,2199,13,41,212,266,1.2518796992481203,0.03286224404980398,644,"Float like a butterfly, pound on the keys."
4589,2203,10,48,212,270,1.2518518518518518,0.031238176686454063,644,This one will knock you out!
2250,2203,11,46,213,270,1.2518518518518518,0.03167586641601032,644,And now for a short Roundo by Vladimir Fisticuffski.
4999,2205,12,45,217,274,1.2518248175182483,0.031796071800830925,644,And now my musical portrait of Muhamad Ali...
870,2205,16,37,221,274,1.2518248175182483,0.0334355977069664,644,I offer Republican Chopsticks for our times.
937,2207,11,50,225,286,1.2517482517482517,0.030509943527984418,644,I will now punch out the theme from Rocky.
2342,2207,11,50,225,286,1.2517482517482517,0.030509943527984418,644,My next piece is John Cage's 4'33
3085,2207,9,54,223,286,1.2517482517482517,0.02969482986643531,644,Let’s get ready to rumbaaaaa!
3672,2207,11,50,225,286,1.2517482517482517,0.030509943527984418,644,It's a clause in my insurance contract.
3719,2207,13,46,227,286,1.2517482517482517,0.0313038398182245,644,"At your request, Rocky's Fourth!"
2977,2212,17,39,234,290,1.2517241379310344,0.03251831933119325,644,My performance will float like Madame Butterfly and sting like Flight of the Bumble Bee.
5196,2212,9,55,226,290,1.2517241379310344,0.029436934044172233,644,I prefer to pound rather than tickle the ivories!
5415,2214,14,46,234,294,1.251700680272109,0.03111058899551165,644,Are you suggesting there is a problem with my technique?
1586,2214,13,48,233,294,1.251700680272109,0.030735179672976107,644,"...and next I will perform the theme from""Rocky"""
269,2214,8,58,228,294,1.251700680272109,0.028784785546230658,644,This is my warm-up number.
2640,2217,13,49,236,298,1.2516778523489933,0.030461347873242398,644,"Yo, maestro!"
2788,2217,14,47,237,298,1.2516778523489933,0.03083003490572576,644,"Next, I'll be playing a classic piece by Muhammad Ali."
3633,2217,14,47,237,298,1.2516778523489933,0.03083003490572576,644,"Once again, Henry was faced with the question: was he a lover, or a fighter?"
1148,2220,12,52,238,302,1.2516556291390728,0.02982759275389677,644,Tonight I’m going to play The Fight of the Bumblebee.
1210,2220,13,50,239,302,1.2516556291390728,0.030194155156688416,644,Tonight and one night only: Bach-y Balboa!
5105,2222,13,52,245,310,1.2516129032258065,0.029678690223654748,644,This next piece is by Sergei Knockyerblockoff.
2365,2223,17,46,255,318,1.251572327044025,0.03051616576827458,644,"I was thinking of the President when I wrote this piece, it’s really great."
3989,2223,9,62,247,318,1.251572327044025,0.02779416597288049,644,"And now, Mozart's Sonata for middleweight southpaw in A Minor"
465,2225,12,41,206,259,1.250965250965251,0.03298142456044033,644,And now the Symphonic Dances by Rockymaninoff
134,2225,9,47,203,259,1.250965250965251,0.03159087809116439,644,Sometimes you just have to roll with the punches.
4760,2225,14,37,208,259,1.250965250965251,0.03387676033821446,644,"And now, Interlude, by Rocky Maninoff."
2232,2228,12,44,215,271,1.2509225092250922,0.03200238933198651,644,So! I’m not all thumbs!!
860,2229,15,39,221,275,1.250909090909091,0.032925741937179974,644,You want me to do what??
744,2230,11,48,220,279,1.2508960573476702,0.030979238368498585,644,"...and for my next piece, here's 'Float Like A Butterfly, Sting Like A Bee.'"
28,2231,10,51,222,283,1.2508833922261484,0.03028307896686197,644,Here is the musical stylings of the Black Eyed Keys.
2208,2231,14,43,226,283,1.2508833922261484,0.031895265498271305,644,Last time this piece got the better of me.....
2330,2231,13,45,225,283,1.2508833922261484,0.03149995537825747,644,"If anybody shouts, ""Yo, Adrian,"" you will be removed from the premises."
2756,2231,11,49,223,283,1.2508833922261484,0.030694065290967933,644,This is how I knock out the hits.
4737,2231,12,47,224,283,1.2508833922261484,0.031099620841084332,644,I never wanted piano lessons.
271,2236,9,54,224,287,1.2508710801393728,0.029604180821492253,644,"And now Mister President, I shall play the “Minute Waltz” in 47 seconds."
4612,2236,12,48,227,287,1.2508710801393728,0.030814041542531444,644,"And now, for my grand finale, Fight of the Bumblebees"
3479,2238,10,53,228,291,1.2508591065292096,0.029749374814488416,644,For my next performance I'd like to punch out a little ditty.
5646,2238,10,53,228,291,1.2508591065292096,0.029749374814488416,644,"I'm thrilled to finally reach the ""Knock-Out Round"" of this prestigious competition."
688,2240,13,48,234,295,1.2508474576271187,0.03064269640592034,644,next round's on me...
2144,2240,12,50,233,295,1.2508474576271187,0.0302640838542848,644,"And now, ""Fly Like a Butterfly, Sting Like a Bee"""
2901,2240,14,46,235,295,1.2508474576271187,0.03101668767795209,644,"Who knew playing ""The Boxer"" would prove this challenging ?"
5009,2240,7,60,228,295,1.2508474576271187,0.028295130572380714,644,I would like to begin my Simon and Garfunkel medley with “The Boxer”.
3925,2244,14,47,238,299,1.2508361204013378,0.03073827850220494,644,"And my next piece will be ""Uppercut in D Minor"""
950,2244,15,45,239,299,1.2508361204013378,0.031101253199026044,644,I will now play the Rachmaninoff Prelude in A through G minor.
2176,2244,9,57,233,299,1.2508361204013378,0.028854996775689448,644,"And now, variations on a theme by Marciano."
2216,2247,20,36,247,303,1.2508250825082508,0.03254772663819917,644,And in this corner...Rocky Rachmaninoff !!!
2538,2248,14,49,244,307,1.250814332247557,0.030201486497261894,644,And now: Box Fugue in D Major.
3306,2249,13,52,246,311,1.2508038585209003,0.029594167322325747,644,Just in case I get in treble while playing.
5089,2250,12,56,251,319,1.250783699059561,0.028765280055606305,644,"Play it again, but this time make it punchier!"
3674,2251,10,48,214,272,1.25,0.031035595072325898,644,You should hear me play the zither.
5521,2251,8,55,221,284,1.25,0.02935333838076099,644,Tonight I only play music from the Rocky films.
5200,2251,13,44,223,280,1.25,0.03169959481311905,644,"No,I said I was going to play the “flight” of the bumblebee !"
5135,2251,15,43,234,292,1.25,0.03158144035132969,644,It was The Boxer Rebellion in C Sharp Minor.
5043,2251,11,54,239,304,1.25,0.02928568856334348,644,It would be best if you sang in rounds.
4944,2251,12,47,225,284,1.25,0.031002510000603667,644,Here’s a little number I made popular back in my club days
4808,2251,10,47,211,268,1.25,0.0313328670977928,644,"I call this composition, 'Hey Kids, Get Away From The Piano!'"
4627,2251,14,42,224,280,1.25,0.03210087148070576,644,Any problem? Meet me outside!
4579,2251,9,47,204,260,1.25,0.031483940211455286,644,"Well, I only minored in music. My degree is in the martial arts."
3472,2251,15,41,228,284,1.25,0.03218397878633228,644,I tried facing the music but got hit with a one two.
6,2251,12,49,231,292,1.25,0.03044299392492663,644,"This isn't quite what I thought they meant by ""dueling pianos""."
2601,2251,10,44,202,256,1.25,0.03227486121839514,644,We're trying for a new demographic
2518,2251,13,38,205,256,1.25,0.03366865651273524,644,"And now, “glovesticks”."
2145,2251,9,50,213,272,1.25,0.03059535156238543,644,"And now, my unique version of  ""Sock It ToMe!"
2030,2251,17,44,251,312,1.25,0.0308754556040878,644,Get ready for something punchy.
988,2251,11,46,215,272,1.25,0.03146968042037921,644,This one has a very catchy hook”
547,2251,10,46,208,264,1.25,0.031638258098449265,644,Below the belt? I'm not even using the pedals.
151,2251,6,55,207,268,1.25,0.029494881127837463,644,"Well, you said to punch it up a bit."""
24,2251,12,54,246,312,1.25,0.029158788967122526,644,"In the future, there will be fewer nuances."
3002,2251,12,47,225,284,1.25,0.031002510000603667,644,They wanted me to stop tickling the ivories
3886,2271,15,48,250,313,1.2492012779552715,0.03011445295676271,644,"I will now play selections frrom ""The Ring Cycle ""."
819,2272,13,49,239,301,1.2491694352159468,0.030191762966723285,644,"...And by special request, I'll be playing the theme to ""Rocky""."
2851,2273,11,52,234,297,1.2491582491582491,0.02970306257009485,644,Agreed--but wait till you hear my double glissando.
122,2273,8,58,231,297,1.2491582491582491,0.028531068290425114,644,I shall now perform Basie's Down For The Count.
813,2275,13,47,233,293,1.2491467576791808,0.030733601941451916,644,"For my next number, I will play Beat Me Daddy, Eight to the Bar."
1052,2276,11,50,228,289,1.2491349480968859,0.030230095219353312,644,You were expecting maybe the guy with the candlabra?
4787,2276,12,48,229,289,1.2491349480968859,0.030624955126532308,644,"This is not, what I had in mind for dueling pianos !"
1348,2278,10,51,224,285,1.249122807017544,0.03009586049852958,644,I guess I'll just roll with the punches
1629,2278,9,53,223,285,1.249122807017544,0.029682505919637503,644,"And in this corner, coming in at 5'10"" and 155 pounds, his C major will bring you off your seat, the pianist from Vienna..."
3218,2280,10,50,221,281,1.2491103202846976,0.030368495531468618,644,My next selection will be from the Ring Cycle
3814,2280,8,54,219,281,1.2491103202846976,0.02951959823524706,644,That’s OK! I’m all thumbs anyways!
3856,2282,14,41,222,277,1.2490974729241877,0.03231025740110857,644,"Tonight, you will hear me pound the keys like I've never done before."
4629,2282,11,47,219,277,1.2490974729241877,0.0310720472134983,644,Rachmaninov: Piano Concerto No.2 as adapted by Rocky Marciano
3570,2282,11,47,219,277,1.2490974729241877,0.0310720472134983,644,"Ladies and Gentlemen, Wagner's  'Ring Cycle.'"
5002,2285,14,39,216,269,1.2490706319702602,0.03295879786465253,644,"And now, Muhammad Ali's ""Float of the Butterfly"""
2903,2286,8,50,207,265,1.2490566037735849,0.03061273071364107,644,Now a little something from Wagner’s “Ring of the Mittelveight”.
3285,2286,13,40,212,265,1.2490566037735849,0.03286454174227915,644,Some consider my interpretation to be aggressive
277,2288,5,55,201,261,1.2490421455938698,0.02943926809533107,644,At least wait for the hook.
2561,2288,13,39,209,261,1.2490421455938698,0.03320316328474068,644,The next song I will be performing is sure to be a knockout.
5114,2290,10,44,203,257,1.2490272373540856,0.032163746337286844,644,Just a little something I put together for the Boxing Day annual concert.
2001,2291,16,47,255,318,1.248427672955975,0.030107079933004387,644,It's 'Chopsticks' but with a 3.2 degree of difficulty.
4098,2292,9,60,245,314,1.2484076433121019,0.027921966046915717,644,And now for the main event...
1768,2293,15,47,248,310,1.2483870967741935,0.030287999507568122,644,Paderewski?  I'll moider de bum!
5589,2293,15,47,248,310,1.2483870967741935,0.030287999507568122,644,For the boxed set.
4416,2295,17,41,244,302,1.2483443708609272,0.03153083318163576,644,"Okay, who wants to hear some Mahler?"
326,2295,18,39,245,302,1.2483443708609272,0.03187781606794922,644,"But first, Rockymaninoff’s ‘The Pugilist’s Prelude‘ ."
1274,2297,10,54,234,298,1.2483221476510067,0.029231017184585886,644,"And for my next piece, I’ll need the assistance of someone in the audience, preferably the abusive guy in the corner..."
5237,2297,15,44,239,298,1.2483221476510067,0.031103682351346335,644,"And in this corner.......Liszt-loving, Bach-breaking, Mozart-mauling .....two-handed ""Steinway Tommy Tune""!!"
754,2299,11,50,229,290,1.2482758620689656,0.030137919839932265,644,"The next composition is John Cage's ""Music for Muhammad Ali""."
2850,2299,14,44,232,290,1.2482758620689656,0.03130311030241043,644,And for my next piece; 'Rocky V' in A minor.
5294,2299,22,28,240,290,1.2482758620689656,0.034216848493240644,644,Shut the fuck up.
648,2302,12,47,227,286,1.2482517482517483,0.030810051997073873,644,"For my encore, the theme from 'Rocky.'"
1648,2302,15,41,230,286,1.2482517482517483,0.031982337375319914,644,And now a piece from Wagner's lesser-known Boxing Ring Trilogy.
3238,2302,11,49,226,286,1.2482517482517483,0.030409249208427785,644,I thought you requested a Box Trot!
3026,2305,10,50,222,282,1.24822695035461,0.030273505163813226,644,I've always considered Schubert a challenge.
3787,2306,8,53,217,278,1.2482014388489209,0.029688602964456752,644,It's called dueling piano.
803,2307,10,48,216,274,1.2481751824817517,0.030835553549120678,644,"My next number, a sing-along, is also a round ."
1468,2308,12,43,215,270,1.2481481481481482,0.032000205250717326,644,Guess I grabbed the wrong bag at the airport
3659,2308,8,51,211,270,1.2481481481481482,0.03023021359575224,644,Now my interpretation of Simon & Garfunkel's The Boxer.
512,2310,20,25,217,262,1.248091603053435,0.03605093859332626,644,"For my next number, ""Baby It's Cold Outside."
2024,2310,5,55,202,262,1.248091603053435,0.029342089764035666,644,"Now, for a more muscular piece."
2666,2310,15,35,212,262,1.248091603053435,0.033962226952112,644,"He got hit pretty hard, i think he has a Percussion"
1834,2313,13,53,253,319,1.2476489028213167,0.029020900403173545,644,And now for my rather unique rendition of Beethoven's 5th
942,2314,11,55,245,311,1.247588424437299,0.02879448571544073,644,"I thought you said ""bach""."
3878,2315,13,49,241,303,1.2475247524752475,0.030014611797296108,644,"This is my interpretation of Wagners ""Ring"" Cycle."
3091,2316,17,40,242,299,1.2474916387959867,0.031726172272438,644,Live at the Apollo Creed
5650,2317,15,43,237,295,1.2474576271186442,0.031293935925236833,644,"Now, I will wear my Bach-sing gloves."
779,2317,9,55,231,295,1.2474576271186442,0.028999137862624445,644,Perhaps my tribute to Boxing Day was ill-informed.
3162,2319,7,57,223,287,1.2473867595818815,0.02866292155249097,644,My next selection is Beethoven's Moonlight Sonata in three rounds.
2928,2320,13,44,226,283,1.2473498233215548,0.031399997726870375,644,What do you mean I am off key?
293,2321,9,51,219,279,1.2473118279569892,0.03002785378058873,644,I hope you like my version of a song made famous by Simon & Garfunkel.
972,2321,13,43,223,279,1.2473118279569892,0.031698821657698495,644,It's my way of conveying the world's dissonance.
1006,2321,14,41,224,279,1.2473118279569892,0.032102976769158256,644,"Before I start, are there any complaints about the program?"
3394,2321,16,37,226,279,1.2473118279569892,0.032896394382214506,644,Knockout in the fifth movement.
4434,2321,13,43,223,279,1.2473118279569892,0.031698821657698495,644,"I shall now play ""Flight of the Sting Like A Bee."""
4323,2326,13,42,220,275,1.2472727272727273,0.03200560969108597,644,This next piece is from the opera 'Bin Nacht aut'.
5329,2326,7,54,214,275,1.2472727272727273,0.029412620592282626,644,Now here's the main theme from Rocky.
5264,2328,13,41,217,271,1.2472324723247232,0.032320704083509476,644,The judges had warned Marcel that his habit of picking his nose between sets made the other contestants uneasy. Yet their solution seemed harsh....and made it difficult for him to compete.
3869,2328,11,45,215,271,1.2472324723247232,0.03146364090684653,644,"For my next number, I'd like a stool, a mouthpiece and a round girl from the audience...."
5423,2330,11,44,212,267,1.247191011235955,0.03177012232785925,644,"For my next piece I will play ""The Fight of the Bumblebee"""
304,2331,17,31,215,263,1.247148288973384,0.03469295959831355,644,Lie-la-lie... lie-la-lie-lie-lie-lie-lie...
3963,2331,13,39,211,263,1.247148288973384,0.032977283866661766,644,I will now play some of Beethoven's VERY early works.
3266,2333,9,46,204,259,1.247104247104247,0.03147176707358442,644,"Float like a butterfly, sting on the keys."
1312,2334,9,45,201,255,1.2470588235294118,0.03178477056579837,644,And here's my rendition of Boxing Matilda.
3797,2335,8,46,197,251,1.247011952191235,0.03160645931364213,644,"Sorry, was I a little flat?"
414,2336,14,50,252,316,1.2468354430379747,0.029520791813859585,644,This next number is inspired by the life of Mike Tyson.
4052,2337,11,54,243,308,1.2467532467532467,0.02894984168429534,644,"I'll now play a little-known Wagner piece, ""The Boxing Ring."""
5570,2337,8,60,240,308,1.2467532467532467,0.027832335020568547,644,"And more, much more than this, I did it Steeeiiinway."
2165,2339,11,53,240,304,1.2467105263157894,0.029192253571094843,644,It adds a little punch to my Bach..
1314,2339,15,45,244,304,1.2467105263157894,0.03064373441506912,644,It is so damn hard to follow my dreams simultaneously.
435,2341,10,54,236,300,1.2466666666666666,0.029059326290271158,644,"This one is called ""Saved by the Bell"""
3967,2341,10,54,236,300,1.2466666666666666,0.029059326290271158,644,Can somebody give me a hand?
5540,2341,4,66,230,300,1.2466666666666666,0.026658304151434647,644,I'm afraid I've boxed myself into a corner with this concerto.
1677,2344,7,59,230,296,1.2466216216216217,0.02810975430360342,644,Every hit song needs a memorable left hook.
3483,2344,17,39,240,296,1.2466216216216217,0.03192492582501812,644,Rachmaninov wasn't challenging enough.
637,2346,16,40,236,292,1.2465753424657535,0.03185906378391279,644,"Next up is Rachmaninoff’s little known submission for the ""Theme from Rocky"""
2487,2346,14,44,234,292,1.2465753424657535,0.03111150293412025,644,Did I hear a request for “Chopsticks”?
4432,2346,11,50,231,292,1.2465753424657535,0.029955201873268975,644,I’d think twice about criticizing my playing”
3293,2349,11,49,228,288,1.2465277777777777,0.030222215416907866,644,"And now, Rocky-maninoff!"
4571,2349,12,47,229,288,1.2465277777777777,0.030619911417966536,644,I will perform ‘Variations on a theme by Liston’ composed by Ali.
2155,2349,11,49,228,288,1.2465277777777777,0.030222215416907866,644,"...and the Fourth Movement: ""graziano ma non marciano."""
3737,2352,9,52,223,284,1.2464788732394365,0.029668803140243814,644,"For my next piece :""The fight of the Bumblebee"
697,2353,13,43,224,280,1.2464285714285714,0.03159775600383819,644,I hope you enjoy this punchy little number.
1202,2353,12,45,223,280,1.2464285714285714,0.03119000714929748,644,"And now, the theme from Rocky, with a salute to Victor Borge."
1973,2353,13,43,224,280,1.2464285714285714,0.03159775600383819,644,This composition is called 'The Thrilla in Manila.'
4288,2353,13,43,224,280,1.2464285714285714,0.03159775600383819,644,I have chosen to play The Marquess of Queensberry's First Piano Sonata in A Minor.
4997,2357,11,46,219,276,1.2463768115942029,0.031065059192862485,644,...And now the theme from Raging Bull
936,2358,12,43,217,272,1.2463235294117647,0.031790570580186396,644,I'm going to dedicate this next song to the back row.
2202,2359,12,41,211,264,1.246212121212121,0.03242427876718332,644,I only perform once a year - On Boxers Day.
702,2359,16,33,215,264,1.246212121212121,0.03415486057813813,644,You will each find a pair of ear plugs under your seat.
3784,2361,11,42,207,260,1.2461538461538462,0.03229793225226365,644,I will now play Simon and Garfunkel’s “The Boxer”.
3823,2362,18,43,260,321,1.2461059190031152,0.030500375425201103,644,"I call this one ""It's hard to sexually assault someone when you can't unzip your fly"". (Louis C.K. 2019 Comeback Tour)"
660,2363,10,43,203,256,1.24609375,0.03215505426138628,644,Intermission will be in three minutes.
1687,2364,12,38,202,252,1.246031746031746,0.03344366859334843,644,"Tickling the ivories"" is so last century"
1114,2365,12,53,248,313,1.2460063897763578,0.0289874288767214,644,"My next piece will attempt to float like a butterfly, sting like a bee."
3562,2365,15,47,251,313,1.2460063897763578,0.03002850629268436,644,Tonight I'll be playing the theme from Rocky XVII.
77,2367,13,49,243,305,1.2459016393442623,0.02983947870378857,644,"I call it ""Pounding on the keys like a goddamned Ape.'"
3791,2367,13,49,243,305,1.2459016393442623,0.02983947870378857,644,Without these I’m all thumbs!
5153,2367,11,38,195,244,1.2459016393442623,0.03367711349579453,644,"For tonight's performance, I will be playing 'Rocky's Theme Song' in D Minor."
3688,2370,16,42,243,301,1.2458471760797343,0.0311832558943716,644,Once you hear this next song composed by Cassius Clay you will know why he changed his name to Mohammed Ali
3968,2370,11,52,238,301,1.2458471760797343,0.029353934607932435,644,"And now ladies and gentlemen, you may remove the complimentary earplugs."
2043,2370,13,48,240,301,1.2458471760797343,0.03009900771536511,644,Chopin's “Etude in G# minor Has always been a battle for me...
3621,2370,13,48,240,301,1.2458471760797343,0.03009900771536511,644,"And now, one of my own compositions!"
1604,2374,15,43,239,297,1.245791245791246,0.031105097038960604,644,let me punch out a few of my hits
4541,2374,11,51,235,297,1.245791245791246,0.02960619818218923,644,What's funny?
4736,2374,11,51,235,297,1.245791245791246,0.02960619818218923,644,I’d like to dedicate this next number to the inspirational Muhammad Ali.
5528,2374,14,45,238,297,1.245791245791246,0.0307372256238772,644,"I will now play, Float Like A Butterfly,Sting like a Bee."
3101,2378,12,48,233,293,1.2457337883959045,0.030253492747251524,644,I wear them because these ivories are so ticklish.
4732,2378,11,50,232,293,1.2457337883959045,0.02986465003089356,644,"Ladies and Gentleman, Bachy Balboa!"
1120,2380,12,47,230,289,1.245674740484429,0.030525697568657188,644,"Would Ed Sullivan have loved this, or what!"
5110,2380,10,51,228,289,1.245674740484429,0.02972809736581243,644,"And now, Pummel in Fugue in 5 rounds"
674,2382,9,52,224,285,1.2456140350877194,0.02957716546383316,644,"Is this the ""sting like a bee"" part?"
2958,2382,15,40,230,285,1.2456140350877194,0.03198541364029535,644,"I call it the “Butterfly Sonata”, in the key of Sting-Like-a-B."
3123,2384,10,49,222,281,1.2455516014234875,0.030262564668370604,644,I really like to belt out a song.
1727,2385,10,47,216,273,1.2454212454212454,0.030825035838989923,644,"I will now do my performance art version of ""Flight of the Bumble Bee"""
2101,2385,10,47,216,273,1.2454212454212454,0.030825035838989923,644,My stylist says it helps the nail polish last longer.
5343,2385,12,43,218,273,1.2454212454212454,0.031686756467040576,644,"You said pianoforte, didn’t you?"
3319,2388,10,46,213,269,1.245353159851301,0.031117520930917106,644,They work better on the kettle drums
3945,2388,12,42,215,269,1.245353159851301,0.03199663681354638,644,"Next, my own composition: ""The Ring."""
5385,2388,11,44,214,269,1.245353159851301,0.03156014002079249,644,"You want me to bang this one out, don't you?"
194,2391,14,50,254,318,1.2452830188679245,0.029355300575664437,644,"This next piece is something I like to call ""Dueling Piano."""
3388,2392,15,47,252,314,1.2452229299363058,0.02994297273341244,644,"Now, "" I would like to play the theme from ""Rocky""."
4346,2392,12,53,249,314,1.2452229299363058,0.028905584190749765,644,"And now, the theme for Rocky XVII"
4816,2394,10,44,207,261,1.2452107279693487,0.03172664370164611,644,I call this `Broken Piano`.
3897,2395,12,52,246,310,1.2451612903225806,0.029145133256170363,644,I have a request from Agnes for a punchy tune
3589,2395,16,44,250,310,1.2451612903225806,0.030544309079714917,644,of course I'm wearing a cup
3248,2397,16,43,247,306,1.2450980392156863,0.030814099060998038,644,Which one is Middle C?
3350,2397,11,53,242,306,1.2450980392156863,0.029023473553847136,644,"And now, Simon and Garfunkel's The Boxer."""
5257,2397,18,39,249,306,1.2450980392156863,0.031501863031653456,644,Let's get ready to Rachmaninoff!
5065,2400,14,46,242,302,1.2450331125827814,0.03037457835638911,644,"Now for tonight’ s last request :
BADDA-BING, BADDA -BANG."
5375,2401,9,43,197,249,1.2449799196787148,0.03220736211541068,644,"For my finale I will play a new composition titled ""Float like a butterfly, sting like a bee."""
2709,2402,9,55,234,298,1.24496644295302,0.028742474895356168,644,"I will now perform ""Fight of the Bumblebees"""
2741,2402,10,53,235,298,1.24496644295302,0.029132922976312543,644,I'm going to punch up this next number a bit.
4850,2402,11,51,236,298,1.24496644295302,0.0295182069099283,644,And now I will play my homage to John Cage.
5441,2405,10,52,232,294,1.2448979591836735,0.02938215657682013,644,"I will now play the theme song from ""Requiem for a Heavy Weight."
4129,2405,12,48,234,294,1.2448979591836735,0.030161997303557803,644,Looks like we have a music critic in the audience!
1119,2405,14,44,236,294,1.2448979591836735,0.030922177115702606,644,"And now, a variation on ‘Flight of the Bumble Bee,’ I like to call, ‘Float Like a Butterfly, Sting Like a Bee!’"
941,2405,14,44,236,294,1.2448979591836735,0.030922177115702606,644,This next number is called 'Fists of Fury'.
3185,2409,12,47,231,290,1.2448275862068965,0.03043204807314399,644,Here's a Gershwin favorite that really knocks me out...
5499,2409,12,47,231,290,1.2448275862068965,0.03043204807314399,644,"In my next piece ... I will float like the ""Butterfly"", sing like a bee."
5628,2409,12,47,231,290,1.2448275862068965,0.03043204807314399,644,Now I will play something a little softer.
3888,2412,9,41,191,241,1.2448132780082988,0.03288670790251158,644,This is the only way to fight through Bach!
1954,2413,11,48,227,286,1.2447552447552448,0.030306804970496738,644,I will now be playing the theme to ‘Rocky’.
4568,2413,12,46,228,286,1.2447552447552448,0.030708944855886135,644,"I call this next piece, “The Stomping Elephant”"
5436,2413,9,52,225,286,1.2447552447552448,0.029486076277379907,644,"I  didn't literally mean ""I would 
punch out a tune"""
5664,2416,12,45,225,282,1.2446808510638299,0.030992968733380522,644,"And now, Nikolai Rimsky-Korsakov’s little known composition, “Float Like A Butterfly, Sting Like The Flight of The Bumblebee”."
1985,2416,9,51,222,282,1.2446808510638299,0.02974637269196645,644,I hope you enjoy tonight's concert. It is a real knockout
4931,2418,9,62,256,327,1.2446483180428134,0.02712397068139849,644,These are to prevent me from “tickling the ivories”....
3089,2419,7,54,217,278,1.2446043165467626,0.029135111442824633,644,‘And now for a tribute to Mohammed Ali.”
264,2420,11,45,218,274,1.2445255474452555,0.031157450493040594,644,They said this piece was a sure knock-out
2680,2420,8,51,215,274,1.2445255474452555,0.02984250261258931,644,"We're going to pick up the pace. For the next number, I'm going to play something a little more punchy."
3554,2420,8,51,215,274,1.2445255474452555,0.02984250261258931,644,"As my hero said, ""Float like a butterfly, sting like a Flight of the Bumble Bee""."
5495,2420,16,35,223,274,1.2445255474452555,0.03323361229688103,644,My next number will be 'Kitten On the Keys.'
5602,2424,13,40,217,270,1.2444444444444445,0.03231971179806514,644,I was told to give the ivories a good pounding.
2400,2424,6,54,210,270,1.2444444444444445,0.029185714949857472,644,I’d like to punch out a few tunes from my new CD.
2763,2424,12,42,216,270,1.2444444444444445,0.03189085982219957,644,For my next selection I shall perform for you Mozart's Rope-a-Dope Concerto in E minor.
4860,2427,11,43,212,266,1.244360902255639,0.03176300319802141,644,I’ll do the next song a cappella.
4203,2427,10,45,211,266,1.244360902255639,0.03131318497562914,644,"Some football players do ballet in the off-season, I do this"
3418,2427,12,41,213,266,1.244360902255639,0.03220653956880605,644,"Hey, it's boxing day!"
370,2430,10,43,205,258,1.244186046511628,0.03193369840094763,644,"And finally, Marciano’s Scherzo per Due Pugni"
4351,2430,10,43,205,258,1.244186046511628,0.03193369840094763,644,FOR HIT SONGS ONLY
897,2432,15,43,241,299,1.2441471571906355,0.030918477511577096,644,"For my encore, a knockturne by Sullivan... John L.,"
5647,2432,10,53,236,299,1.2441471571906355,0.029046881506967877,644,"And now for my grand finale, I shall perform my very special rendition of that classic Simon and Garfunkle hit, ""The Boxer."""
783,2434,15,42,238,295,1.2440677966101694,0.031200123327544044,644,"And now, AADRIAANNN!..in C minor."
4861,2434,13,46,236,295,1.2440677966101694,0.03045205334097382,644,"And now, a new composition for Boxing Day."
5435,2434,12,48,235,295,1.2440677966101694,0.030071040573869293,644,This next piece requires a soft touch
5157,2437,10,51,230,291,1.2439862542955327,0.029547476953210007,644,"Good evening, Palookaville.  Before I begin the Mussorgsky, it is imperative you understand that I coulda been a contender."
4200,2437,13,45,233,291,1.2439862542955327,0.030727054295577077,644,Now I will perform Rocky Maninoff's Conflicto #13 in Duh-Minor.
3077,2437,12,47,232,291,1.2439862542955327,0.03033895804444158,644,My next piece is “Float like a butterfly”
2406,2437,12,47,232,291,1.2439862542955327,0.03033895804444158,644,I'm putting a new spin on a John Cage classic
1915,2437,7,57,227,291,1.2439862542955327,0.028318808642271855,644,Please ring the bell in the key of E.
690,2437,10,51,230,291,1.2439862542955327,0.029547476953210007,644,Don’t make me take the gloves off.
2231,2443,10,50,227,287,1.2439024390243902,0.02980709837151655,644,This next piece is called “STELLA!!!!!!!” in D minor.
3200,2443,10,50,227,287,1.2439024390243902,0.02980709837151655,644,"And now, all three rounds of Beethoven’s ‘Moonlight Sonata.’"
3299,2443,11,48,228,287,1.2439024390243902,0.030213059946878586,644,Rachmaninoff's Third is in for the fight of its life.
4421,2443,13,44,230,287,1.2439024390243902,0.03100904299398013,644,"Ladies and gentlemen, the kangaroo is off for the night."
2974,2447,14,41,228,283,1.243816254416961,0.031696131373871804,644,"I thought you said ""_Box_ Sonata""!"
4521,2447,11,47,225,283,1.243816254416961,0.030487086232546506,644,I will now play the Muhammad Ali Amadeus concerto the way it was intended.
5217,2449,18,42,260,320,1.24375,0.030504428862884545,644,This is just cruel.
3741,2450,15,38,226,279,1.2437275985663083,0.03240100240388248,644,"Standing up....in a hammock, if you must know."
2759,2450,10,48,221,279,1.2437275985663083,0.030346265701132004,644,"OK Beethoven, lets rumble"
743,2450,11,46,222,279,1.2437275985663083,0.03076819242266663,644,Because this next piece was too easy for me . . .
4896,2453,12,43,220,275,1.2436363636363637,0.0314811038922436,644,I always wanted to beat the band.
5071,2453,12,43,220,275,1.2436363636363637,0.0314811038922436,644,"I’m gonna float like Madame Butterfly, sting like the flight of the bumblebees!"
886,2455,16,44,252,312,1.2435897435897436,0.030368470437176498,644,"For my finale, I will  perform: ""Float like a Butterfly, Sting like a Bee."""
4392,2455,15,46,251,312,1.2435897435897436,0.030027191672673967,644,How about “Flight of the Elephant”?
5429,2457,11,44,216,271,1.2435424354243543,0.031352850267975615,644,I will now perform Box Prelude in C Major
546,2458,13,49,246,308,1.2435064935064934,0.02958049061829528,644,"And now, a musical tribute to the Marquess of Queensberry."
2733,2458,15,45,248,308,1.2435064935064934,0.030287099549447125,644,"Let's get ready to Rachmani-noffffff!"""
5332,2460,12,50,242,304,1.243421052631579,0.02946803449039789,644,Now I'd like to punch out a little number for you.
3502,2460,9,56,239,304,1.243421052631579,0.028341259039969192,644,"My next piece is an original composition entitled ""Elephant on the Keys"""
289,2462,12,48,236,296,1.2432432432432432,0.02998061797289578,644,"And now for 'Float like a butterfly, Flight of the Bumblebee' in A minor"
1536,2462,11,50,235,296,1.2432432432432432,0.029596168566967004,644,Did someone move my spit bucket?
4513,2462,11,50,235,296,1.2432432432432432,0.029596168566967004,644,"and now a number from my boxed collection"""
5545,2462,5,53,201,259,1.2432432432432432,0.029378973026374804,644,"And we start our session with
Chopin’s “Barcarrolle in F Sharp Jab to the Right."
973,2466,12,47,233,292,1.2431506849315068,0.030246422648985177,644,"And now, ‘Chopsticks.’"
3158,2466,14,43,235,292,1.2431506849315068,0.031014841824982663,644,I’d like to slow things down a bit. Then speed back up. Then a left. A right. Another left...
1414,2468,10,42,203,255,1.2431372549019608,0.03214465965919058,644,"Da ,da, da, daaa!"
2989,2469,15,40,233,288,1.2430555555555556,0.0316858611197213,644,It's going to be a Wagner piece.
5247,2470,13,43,228,284,1.2429577464788732,0.03119972001320805,644,"And now for your listening displeasure, I will pound the ivories."
2044,2471,14,49,254,317,1.2429022082018928,0.029351039981268354,644,And now an obscure piece by Rocky Mannicoff...
1026,2472,10,48,222,280,1.2428571428571429,0.030250218308343423,644,"I now know what they mean when They say; 
 my written answers to Mueller’s questions were akin to that of a child playing the piano wearing boxing gloves."
643,2473,10,47,219,276,1.2427536231884058,0.030527964511441238,644,I always wear these when I play the theme song from Rocky.
1088,2473,13,41,222,276,1.2427536231884058,0.03179635200162159,644,Now I’ll play a fugue by Mohammed Ali
3157,2473,7,53,216,276,1.2427536231884058,0.029204541321729508,644,When do I take the fall? After the first glissando?
4275,2473,9,49,218,276,1.2427536231884058,0.030093290881502904,644,I've had a difficult time choosing a profession.
1652,2477,8,50,214,272,1.2426470588235294,0.029919510294031056,644,"Since I’m in between rounds, there is only enough time to play Chopin’s Minute Waltz."
5695,2477,13,40,219,272,1.2426470588235294,0.03210670050895492,644,"And now, an evening of glissandos."
4232,2479,8,49,211,268,1.242537313432836,0.03019378470922716,644,"And now, as I like to put it, I’m gonna go a few rounds with Ludwig van."
5497,2480,13,46,238,297,1.2424242424242424,0.030268886032690522,644,"And now, the Thrillah in Manillah"
5158,2480,11,42,211,264,1.2424242424242424,0.03186163422555761,644,Maybe this piano's out of tune.
5103,2480,13,46,238,297,1.2424242424242424,0.030268886032690522,644,"And now I present to you: knuckle-sandwich, in C minor."
2703,2480,12,48,237,297,1.2424242424242424,0.02989072496461042,644,"Last,  here's my rendition of that old favorite:     
 ""There's a Bull in the China Shop."""
1272,2480,10,52,235,297,1.2424242424242424,0.029119673648754014,644,...And in this corner weighing in at 1086lbs
1924,2480,9,54,234,297,1.2424242424242424,0.028726388054538223,644,I'd like to start tonight's Jerry Lee Lewis tribute with an old favorite
1814,2480,12,48,237,297,1.2424242424242424,0.02989072496461042,644,"Sorry, I only take requests from the box seats."
2465,2480,12,48,237,297,1.2424242424242424,0.02989072496461042,644,"And now, Ladies and Gentlemen, a work by J.S. Box."
560,2488,5,61,227,293,1.242320819112628,0.027306676172610483,644,Well you said I should attack the music!
3624,2489,12,39,209,260,1.2423076923076923,0.032638322624204234,644,"In my next lesson video I will demonstrate more secrets of my patented technique for avoiding repetitive injury, carpal tunnel syndrome, and tendonitis."
3692,2490,8,54,227,289,1.2422145328719723,0.028801884025042315,644,"Tonight I'll be playing ""Rumble in the Jungle."""
3630,2490,11,48,230,289,1.2422145328719723,0.030027257317058388,644,"And now, Michael Tyson's piano concerto number one in D minor..."
5640,2490,10,50,229,289,1.2422145328719723,0.029624431850313805,644,Here's a new song that'll really knock you out
1783,2490,14,42,233,289,1.2422145328719723,0.03120454839566959,644,"This next piece is my rendition of Simon & Garfunkle's, The Boxer."
2210,2490,13,44,232,289,1.2422145328719723,0.03081711571589294,644,'Chop Sticks.' Why?
4681,2495,14,41,230,285,1.2421052631578948,0.03149647413445217,644,This one is called ‘Sonata in ABCDEFG’
1725,2495,13,43,229,285,1.2421052631578948,0.031101739845619196,644,Let's get ready to Rondoooooo!
2432,2495,12,45,228,285,1.2421052631578948,0.03070193088303957,644,"This recital will last 12 rounds, or until I’m knocked out"
186,2498,15,38,228,281,1.2419928825622777,0.032193271989422186,644,I'm a student of Sugar Ray and Ray Charles.
5453,2499,10,47,220,277,1.2418772563176896,0.03043017757851203,644,You might recognize this Paul Simon cover
3345,2500,13,48,245,306,1.2418300653594772,0.02966012972729255,644,"I am about to play Rockymaninoff’s
Symphonic Dances"
4618,2500,12,50,244,306,1.2418300653594772,0.02929665439393713,644,"While my scales may have suffered, my arpeggios are to die for!"
5032,2500,16,42,248,306,1.2418300653594772,0.03072476697594149,644,In this next Mixed Martial Arts bout my opponent is J S Bach
1009,2503,8,50,215,273,1.2417582417582418,0.02982296125546703,644,I asked for box seats.
1110,2503,8,50,215,273,1.2417582417582418,0.02982296125546703,644,This next number is why I am known as the best pound-for-pound pianist in this town.
2268,2503,10,46,217,273,1.2417582417582418,0.030712810339850245,644,Raging Beethoven.”
5616,2503,12,42,219,273,1.2417582417582418,0.03157759363691503,644,"This is a selection from Rockmyblokoff’s Opus 3, B-flat major, better known as The Pugilist Symphony."
2065,2507,14,45,243,302,1.2417218543046358,0.030281493928893167,644,...and this next piece is sure to be a knock out!
3074,2508,11,43,215,269,1.241635687732342,0.03144719981148456,644,I glissando like a butterfly and trill like a bee!
4056,2509,13,46,239,298,1.2416107382550337,0.030178108303028212,644,"This next piece is called, ""Good Enough for Government Work."""
208,2510,11,42,212,265,1.241509433962264,0.03175435398409236,644,When you don't have time to change between your part-time jobs.
3068,2510,9,46,210,265,1.241509433962264,0.030840938184066326,644,And now I will play Chopin’s Preludes all at once!
1227,2512,11,49,234,294,1.2414965986394557,0.02967433725738301,644,"This one's called, ""Ode to Joe"""
1678,2512,12,47,235,294,1.2414965986394557,0.03006299668666509,644,It needs a good tune up.
1685,2512,16,39,239,294,1.2414965986394557,0.03156982233482703,644,"And now ""The sting of the bumblebee"" by Rimsky-Korsakov-Ali."
1773,2512,11,49,234,294,1.2414965986394557,0.02967433725738301,644,I hope you enjoy the tunes I am about to knock out for you.
1974,2512,8,55,231,294,1.2414965986394557,0.028476549252188697,644,"My next piece is called the ""Lamotta  Cantata"
2405,2512,12,47,235,294,1.2414965986394557,0.03006299668666509,644,"My next piece is called ""Requiem for a Boxer."""
4220,2518,15,47,257,319,1.2413793103448276,0.029522362594733172,644,And now more favorites from the life of Joe Louis!
3795,2518,11,48,231,290,1.2413793103448276,0.029935189962471836,644,It's the only way I can play the score to any of the Rocky movies.
3355,2518,11,48,231,290,1.2413793103448276,0.029935189962471836,644,And now I'd like to play Black and Blue Suede Shoes
1201,2518,9,52,229,290,1.2413793103448276,0.029127111022862306,644,A serenade for Boxing Day.
2527,2518,8,47,206,261,1.2413793103448276,0.030660549751369944,644,I punched up the composition a little.
1832,2518,12,46,232,290,1.2413793103448276,0.030331157229239347,644,"Manilla Thrilla"" in B flat"
2965,2518,7,56,227,290,1.2413793103448276,0.02829596428798671,644,"And now something with a bit more punch, Rocky's theme."
1356,2525,14,48,253,315,1.2412698412698413,0.029429154586178383,644,This next piece is a banger.
1817,2525,11,54,250,315,1.2412698412698413,0.028379815582543197,644,Let me bang out some notes.
3718,2525,18,40,257,315,1.2412698412698413,0.03077266236777725,644,I only play bareknuckle at dive bars
4456,2525,9,58,248,315,1.2412698412698413,0.027658147583074805,644,Let me know if you don't like this one.
5457,2525,15,46,254,315,1.2412698412698413,0.029770716182906845,644,Beats me.
2895,2530,13,43,230,286,1.2412587412587412,0.031004360300826043,644,"...and finally, by Johann Sebastian Box..."
481,2530,11,47,228,286,1.2412587412587412,0.030202593007541228,644,Please hold your applause until you count to ten.
2100,2532,10,42,205,257,1.2412451361867705,0.031921958799825685,644,"And now my rendering of a little ditty I wrote, ‘Thrilla in Manila’."
1519,2533,13,49,249,311,1.2411575562700965,0.029325859748558877,644,The melody I'm about to play will knock you out!
2767,2534,8,52,222,282,1.2411347517730495,0.029208196816233052,644,You requested more punch?
3833,2534,18,32,232,282,1.2411347517730495,0.03324921307117295,644,And now for my rendition of Fight of the Bumblebee.
4134,2534,9,50,223,282,1.2411347517730495,0.029637103470404318,644,"Wait, so you meant Simon and Garfunkel's The Boxer?"
4796,2534,10,48,224,282,1.2411347517730495,0.03005989093418499,644,"Now, from the original score, ‘The Boxer’."
5345,2538,16,42,249,307,1.241042345276873,0.030634651913608462,644,"Vote for me to ""Make Music Great Again""."
4305,2538,13,48,246,307,1.241042345276873,0.029573851659551058,644,No worries.  The piano's prepared.
3590,2540,10,47,221,278,1.2410071942446044,0.030332999783219336,644,"Sorry folks
I’m all thumbs today"
3097,2540,15,37,226,278,1.2410071942446044,0.032402945649385416,644,I'll take these off after my first piece and I guarantee you're  going to love the rest of my performance.
3462,2542,7,59,237,303,1.2409240924092408,0.02754191835696437,644,And now for my best combination.
5508,2542,9,55,239,303,1.2409240924092408,0.02832437549799238,644,"Believe me, it helps with the fortissimo, but not with the piano."
1257,2544,7,52,215,274,1.2408759124087592,0.02927384896940193,644,"And now, my own composition,""Le Cantique de George Foreman."""
1592,2544,10,46,218,274,1.2408759124087592,0.030613232310999605,644,"As an encore, I will preform all 31 Goldberg Variations within 42 seconds."
2096,2544,6,54,214,274,1.2408759124087592,0.02881355549856229,644,This is for the critic who called me ham handed
68,2547,11,50,238,299,1.2408026755852843,0.02933235508465026,644,"And now for my next number, the theme from 'Rocky'."
666,2548,13,39,218,270,1.2407407407407407,0.03220986784449739,644,I call this one Too Many Notes
2705,2548,10,45,215,270,1.2407407407407407,0.030900891492440186,644,"Float Like a Tchaikovsky, sting like a Beethoven"
3944,2548,7,51,212,270,1.2407407407407407,0.029533956786978913,644,I prefer to punch out a tune
4417,2551,9,53,233,295,1.240677966101695,0.02879490175298237,644,"Next, a lively rendition of Fight of the Bumblebee."
4087,2551,13,45,237,295,1.240677966101695,0.030354351465791417,644,I'm still fighting my fear of  learning to play the piano
1514,2551,17,37,241,295,1.240677966101695,0.03183750836440691,644,Time to punch out a new tune.
2622,2554,11,42,213,266,1.2406015037593985,0.03164777777321294,644,The next concerto is twelve 3-minute movements with 2 minutes of rest between movements.
3069,2554,11,42,213,266,1.2406015037593985,0.03164777777321294,644,Wait till I get to the hook.
5142,2554,11,42,213,266,1.2406015037593985,0.03164777777321294,644,"And now, the Lumbering Death Throes of the Bumble Bee"
1798,2557,15,40,236,291,1.2405498281786942,0.03139176214402542,644,I can assure you - you've never heard chopsticks as I am about to perform it!
4938,2557,8,54,229,291,1.2405498281786942,0.028627719037331315,644,My next tune will be The Boxer  by Simon and Garfunkel.
1418,2559,10,43,209,262,1.2404580152671756,0.031499792374401904,644,"I'll be playing ""Mitten on the Keys"""
1714,2559,13,37,212,262,1.2404580152671756,0.032863038629716505,644,I'm taking a dive in the 9th symphony.
299,2561,10,49,228,287,1.240418118466899,0.02970152558592457,644,You told me to punch it up a bit.
3428,2561,11,47,229,287,1.240418118466899,0.03010891064379026,644,"I managed to learn to text with these, now onto playing the piano!"
193,2563,13,49,250,312,1.2403846153846154,0.029241932704761033,644,The melody of modern politics.
2511,2564,11,46,226,283,1.2402826855123674,0.03038088193970042,644,"And now, I will once again play the theme from Jaws"
4257,2564,10,48,225,283,1.2402826855123674,0.02996560052895671,644,I fought my whole life to get on a stage like this!
3352,2566,11,39,204,254,1.2401574803149606,0.03261319831473919,644,This next song is a real knockout.
4188,2566,13,35,206,254,1.2401574803149606,0.033553925077335026,644,"I can’t play today, I am feeling a little punchy"
2131,2568,11,45,223,279,1.2401433691756272,0.030659863976125013,644,Let's get ready to treble!
5127,2568,9,49,221,279,1.2401433691756272,0.02980697255887302,644,Next time you clap or somebody gets hurt.
4569,2570,8,50,217,275,1.24,0.02963166942277061,644,My ‘knockturno’ interpretation is quite dramatic.
3595,2570,12,48,240,300,1.24,0.0296241788619389,644,"This next piece is called ""I am the greatest"" and is dedicated to Muhammad Ali"
5618,2570,16,34,225,275,1.24,0.03302087574404687,644,Now I will play my Sonata for Boxing Day.
857,2570,10,46,219,275,1.24,0.03051428244791633,644,"For my next piece, please enjoy 'Mama Said Knock You Out' in B-Flat."
3402,2570,15,42,243,300,1.24,0.030732419451633984,644,Welcome to dueling pianos.
1476,2575,10,51,235,296,1.239864864864865,0.02910514422675678,644,I could play this with one hand tied behind my back.
4770,2575,12,47,237,296,1.239864864864865,0.02988173256096616,644,And now a tribute to Sylvester Stallone.
1825,2577,12,41,218,271,1.2398523985239853,0.0316745084474784,644,"Tonight, on America's Got Talent, Thumbs Noodleman will punch out some Beethoven."
1248,2578,8,48,211,267,1.2397003745318351,0.030173009811843583,644,Ladies & Gentlemen...Wolf Gang Amadeuuuuuuus Mozart !
2579,2579,15,45,253,313,1.2396166134185302,0.02985258317645188,644,I only play power ballads.
2129,2580,7,55,226,288,1.2395833333333333,0.02835773655311361,644,"Ladies and gentlemen, may I suggest we prepare ourselves to rumble?"
2263,2580,9,51,228,288,1.2395833333333333,0.029198537009447297,644,This next piece is a bit more raucous.
2525,2580,7,55,226,288,1.2395833333333333,0.02835773655311361,644,It took me a while to get the right hook.
2461,2583,8,47,208,263,1.2395437262357414,0.030454510649878794,644,"Float like a butterfly, play like a ham."
3786,2583,10,43,210,263,1.2395437262357414,0.031393109373833834,644,"When we get to the Chopin, I'll take the gloves off."
621,2585,14,46,249,309,1.2394822006472492,0.0297579719184729,644,"Now, a tribute to the Rocky movies."
2576,2586,13,42,229,284,1.2394366197183098,0.03109634070201712,644,Are you ready to rumba?
2855,2586,11,46,227,284,1.2394366197183098,0.03028553828042172,644,I'll now play the overture from 'Rocky' in B flat on your back.
4987,2586,14,40,230,284,1.2394366197183098,0.03149391517605338,644,I float like a butterfly and sting like the key of B.
5433,2589,11,40,208,259,1.2393822393822393,0.03217084166539564,644,"And now, ladies and gentlemen, I'm going to try something I don't usually do. Simon & Garfunkel's 'The Boxer'."
573,2590,10,53,242,305,1.2393442622950819,0.028540850046198104,644,Welcome to my Nightmare Sonata!
1043,2590,12,49,244,305,1.2393442622950819,0.02928687009294465,644,"And now for my most recent composition, a reverential homage entitled ""Beethoven's Fists"""
1702,2590,18,37,250,305,1.2393442622950819,0.031418826764940865,644,"Next I'll be performing Dance Like a Butterfly, Sting Like the Flight of the Bumblebee."
3870,2590,13,47,245,305,1.2393442622950819,0.029652842681296858,644,Yo Adrian... this nex numbers fur you!
3961,2590,6,61,238,305,1.2393442622950819,0.026987012513367745,644,It was in tune when I bought it.
3237,2595,16,35,229,280,1.2392857142857143,0.03258920899695675,644,I will now perform Trump's Minuet in F flat minor.
2476,2595,15,37,228,280,1.2392857142857143,0.03219401970152939,644,L-l-l-l-l-let's get ready to Rachmaninof-f-f-f-f!!!
821,2597,12,48,241,301,1.239202657807309,0.02953635982842906,644,Thank you.  This next piece floats like a butterfly but stings like a bee.
2916,2597,13,46,242,301,1.239202657807309,0.02990894425010444,644,"Next, a punchy little tune that will ring your bell."
3825,2597,15,42,244,301,1.239202657807309,0.030640524385830776,644,Sorry.  I only play Bartok.
5390,2600,12,42,222,276,1.2391304347826086,0.03127029329062211,644,A new Sonata called 'Float like a Butterfly and sting like a Bee.
5537,2600,12,42,222,276,1.2391304347826086,0.03127029329062211,644,I dare anyone to say that I am all thumbs.
3142,2602,7,57,233,297,1.239057239057239,0.027817389725018564,644,"I call it ""Flight of the Pugilist""."
992,2603,11,43,218,272,1.2389705882352942,0.031137476330497314,644,I should have put more thought into this career change.
1175,2603,11,43,218,272,1.2389705882352942,0.031137476330497314,644,"Jetzt, eine kleine Kampfmusik."
4553,2605,11,48,234,293,1.2389078498293515,0.02966226636189149,644,Fortissimo?  Fortissimo is for lightweights!
3802,2605,13,44,236,293,1.2389078498293515,0.03044015521649485,644,This next piece was composed by the great Muhammad Ali.
703,2605,9,52,232,293,1.2389078498293515,0.02886342048065856,644,"Ladies and Gentlemen, this part of the score needs to be punched up a bit."
2132,2605,13,44,236,293,1.2389078498293515,0.03044015521649485,644,"They told me it was harassment to tickle them, so I have to wear these."
174,2609,10,49,230,289,1.2387543252595157,0.029518993984013215,644,I think you'll all recognize this next little number
5252,2609,10,49,230,289,1.2387543252595157,0.029518993984013215,644,It's about playing to your strengths.
1311,2611,7,54,224,285,1.2385964912280703,0.02850691864497501,644,I play like Duke Ellington and hum like a bee!
2521,2611,10,48,227,285,1.2385964912280703,0.029778740656114674,644,"Ladies and gentlemen, a punchy little melody..."
3403,2611,9,50,226,285,1.2385964912280703,0.029360921879029944,644,I could of been a contender instead of the bum of pianist I am.
3302,2614,7,48,205,260,1.2384615384615385,0.030150445611762226,644,This concert comes as a boxed set
238,2614,9,44,207,260,1.2384615384615385,0.031119920147517913,644,"And now I'd like to play for you Paul Simon's ""The Boxer""."
1966,2614,10,42,208,260,1.2384615384615385,0.03159350344118109,644,You ain't heard nothin yet
4988,2617,18,31,232,281,1.2384341637010676,0.03325750142474835,644,Whaddya mean it hasn’t been tuned?
2184,2617,10,47,224,281,1.2384341637010676,0.030045066775086827,644,This next one's going to be a knock-out.
1723,2617,13,41,227,281,1.2384341637010676,0.03128840518196906,644,He'd do anything for a hit song
1362,2617,11,45,225,281,1.2384341637010676,0.030465151533459345,644,"Si, let me pound  out a few tunes for you."
3827,2621,10,52,240,302,1.2384105960264902,0.02869221185099974,644,And now my signature THREE SECOND WALTZ.
350,2622,11,39,206,256,1.23828125,0.032384987801384664,644,Flogging the ivories
4267,2623,11,44,222,277,1.2382671480144405,0.030746644500730395,644,"Don't play it again, Sam."
1996,2623,11,44,222,277,1.2382671480144405,0.030746644500730395,644,This next piece is by Johann Sebastian Box.
2060,2623,8,50,219,277,1.2382671480144405,0.029442750088371005,644,"IT'S OK, I TUNED IT WITH THESE ON."
4928,2623,13,40,224,277,1.2382671480144405,0.031586018398118976,644,Please Ma.  I'll never play with myself again.
4655,2627,12,47,239,298,1.238255033557047,0.029702593459614304,644,"And now for my ""Boxer Rebelion Overture #1"
132,2627,12,47,239,298,1.238255033557047,0.029702593459614304,644,This piece is known for its uppercutsio.
3587,2629,11,54,254,319,1.238244514106583,0.02806380773429406,644,This next piece is in two-fists time.
1051,2629,13,50,256,319,1.238244514106583,0.02875775901857835,644,"Ladies & Gentlemen,
Theme from Rocky 12 in F Major."
788,2631,15,40,239,294,1.2380952380952381,0.031102972873402624,644,I'm doing a Victor Borge!
4328,2631,13,39,221,273,1.2380952380952381,0.031891589738755464,644,"The gloves, sir, are to protect my hands."
5358,2631,11,48,235,294,1.2380952380952381,0.029572369013887136,644,For the person who keeps requesting Paul Simon’s “The Boxer”...
2659,2634,10,54,247,311,1.2379421221864952,0.028149047445518036,644,"I call this one ""Sting like a Bee""."
4223,2635,12,45,233,290,1.2379310344827585,0.03022856860438186,644,I float like Chopin and sting like Mozart
5128,2636,13,47,247,307,1.237785016286645,0.02947990653126191,644,I don't know why I can't hit that last note.
4361,2637,10,48,228,286,1.2377622377622377,0.029686161108444017,644,My next piece will be played on this Steinway that has never been touched by human hands.
5031,2637,10,48,228,286,1.2377622377622377,0.029686161108444017,644,Management wanted me to stop tickling the ivories.
1720,2637,12,44,230,286,1.2377622377622377,0.030501506432318286,644,"For my next song, I will be playing the theme from Rocky I."
2923,2637,13,42,231,286,1.2377622377622377,0.03090111262208666,644,Who tuned this damn thing anyway?
2358,2641,15,33,217,265,1.2377358490566037,0.033395305779482194,644,As an encore I'll now play the Notre Dame Fight Song.
1781,2642,12,48,243,303,1.2376237623762376,0.029362240400431113,644,Now this won't be easy.
4140,2643,12,43,227,282,1.2375886524822695,0.030781439829562378,644,Now for the crescendo!
4486,2644,12,38,211,261,1.2375478927203065,0.03240803048468044,644,"Before I begin, if you are wondering why the boxing gloves, you will find out first if you take a call before this concert ends."
3848,2645,20,36,264,320,1.2375,0.03097646745596012,644,"Next my own composition,""Mitten on the Keys""."
3392,2646,15,41,243,299,1.2374581939799332,0.03072972940497321,644,I will now play the Mike Tyson sonata no.3 in knocked flat opus 12 round 5.
2248,2647,12,42,224,278,1.2374100719424461,0.031068659550451017,644,I am pleased to open tonight’s Masochist Society gala with a special performance of “Flight of the Bumble Bee”.
1642,2647,11,44,223,278,1.2374100719424461,0.030647831963781434,644,"Yo, Tchaikovsky!"
2206,2647,8,50,220,278,1.2374100719424461,0.029349166896783258,644,This next composition is written to go nine rounds.
4370,2647,9,48,221,278,1.2374100719424461,0.02978834671002885,644,It's only available as a boxed set.
5667,2651,8,45,204,257,1.2373540856031129,0.030826754625468532,644,"You may notice me pounding the keys tonight with a little more punch than usual, folks."
3555,2651,10,41,206,257,1.2373540856031129,0.03179758585346528,644,Tonight's performance will be included as part of my holiday box set.
2481,2653,14,37,223,274,1.2372262773722629,0.03220468828735857,644,"And now, from Wagner's Ring Cycle...."
4057,2653,11,43,220,274,1.2372262773722629,0.030934288235581794,644,"As you probably guessed, the next piece is the soundtrack from ""Rocky."""
4294,2653,11,43,220,274,1.2372262773722629,0.030934288235581794,644,"Yea, just pounding out a new tune."
4603,2656,17,40,255,312,1.2371794871794872,0.030531188893088843,644,I used to play the violin but I find the piano a lot easier. At least I don’t drop it.
385,2657,13,43,235,291,1.2371134020618557,0.030526286900620536,644,Adrian!
5455,2657,11,47,233,291,1.2371134020618557,0.02973979171105754,644,My guess is this job switch is working out better for me than my partner.
920,2659,11,42,217,270,1.237037037037037,0.031228380571640516,644,This next piece is a bit John-Cage-meets-Muhammad-Ali.
3788,2660,12,49,247,308,1.2370129870129871,0.029032157219903487,644,"Next, I would like to play my rendition of ""Slaughter on Tenth Avenue""."
5014,2661,10,48,229,287,1.2369337979094077,0.02959414185955891,644,"I will begin with a selection from Beethoven; move to a piece from Chopin, and end with some knockout jazz."
3635,2662,10,52,242,304,1.236842105263158,0.02852463448809615,644,"And now my personal rendition of  ""The Boxer"" by Simon and Garfunkel."
2083,2662,11,41,214,266,1.236842105263158,0.031530439880777826,644,I was hoping they’d help me hit the right notes.
158,2664,11,45,227,283,1.2367491166077738,0.030272842515220166,644,"I said I could play Rachmaninov, NOT Rocky Marciano!"
287,2664,12,43,228,283,1.2367491166077738,0.030683965948428607,644,I'd like to dedicate this next song to Simon and Garfunkel.
4703,2664,16,35,232,283,1.2367491166077738,0.03227613446211216,644,"I shall now float like a butterfly, sting like a bee."
913,2667,11,36,198,245,1.236734693877551,0.0332949620173393,644,Fortissimo!
1301,2668,12,47,241,300,1.2366666666666666,0.02952554336313128,644,"And now, The Ring Cycle for Dummies, in twelve rounds."
4549,2669,9,44,209,262,1.2366412213740459,0.030908618483202366,644,...and now:Beethoven's Hammerklavier sonata.
676,2670,10,46,223,279,1.2365591397849462,0.03012465116564339,644,I just punched out this next piece.
3456,2670,11,44,224,279,1.2365591397849462,0.030549638799930834,644,And now for the ever-popular theme from Chitty Chitty Bang Bang ...
4108,2672,10,37,194,241,1.2365145228215768,0.03313878362176752,644,"Sorry, I'm late. My last gig ran long."
2038,2673,12,46,238,296,1.2364864864864864,0.02978121972646659,644,"And the winner by judges decision
after 8 rounds is... Steinway."
388,2673,12,46,238,296,1.2364864864864864,0.02978121972646659,644,"Please excuse me Ladies and Gentlemen, I’m fighting a cold tonight."
3976,2675,10,54,249,313,1.2364217252396166,0.0279894815781713,644,This will sound a little more like a concerto grosso.
2078,2676,9,47,219,275,1.2363636363636363,0.02996046136727418,644,"If you don’t like how I’m playing, come up here so we can discuss it!"
3783,2676,11,43,221,275,1.2363636363636363,0.03083366416549912,644,"I will now play the Third Round of the Moonlight Sonata, Presto Agitato."
4616,2676,13,39,223,275,1.2363636363636363,0.031682809951165014,644,This modern stuff is a real pain in the ass.
4766,2676,9,47,219,275,1.2363636363636363,0.02996046136727418,644,It’s a bit gimmicky but I have to pay the rent.
5030,2676,13,39,223,275,1.2363636363636363,0.031682809951165014,644,This will be my first concert in the percussion section.
2023,2681,15,39,238,292,1.2363013698630136,0.03119623944708909,644,"And next, Muhammad Ali's favorite, Flight of the Bumblebee."
1117,2682,10,48,230,288,1.2361111111111112,0.029502678007863152,644,I am just a poor boy ....
4646,2682,12,44,232,288,1.2361111111111112,0.030311736187686775,644,"What can I say? When I play ""The Boxer"" I have to get into character."
3760,2684,12,48,245,305,1.2360655737704918,0.029190117697393943,644,"My next selection will be ""The Death of the Bumblebee>"""
4610,2685,13,37,217,267,1.2359550561797752,0.03230834436761558,644,This is Sugar Ray Leonard's Piano Concerto No. 3 in C Minor.
1529,2685,11,41,215,267,1.2359550561797752,0.03142464859077555,644,Rocky-maninoff Piano Concerto No. 2 you say?
4001,2685,13,37,217,267,1.2359550561797752,0.03230834436761558,644,"The final piece of the evening is Piano Concerto no.1, in multiple keys, ""Rhapsody in Black and Blue"" by Mr Michael Tyson.
From his Magnum Opus, "" You better clap!"""
2140,2688,11,45,228,284,1.2359154929577465,0.030177575852868527,644,"For my next tune, similar to the first, a bunch of noise produced from banging on the keys."
2691,2688,13,41,230,284,1.2359154929577465,0.03099120295304251,644,I’d like to close with The Boxer by Simon and Garfunkel.
970,2690,9,44,210,263,1.2357414448669202,0.030804014849222922,644,This last movement is quite the knock-out.
3010,2690,15,32,216,263,1.2357414448669202,0.03351175349833078,644,Here's a chord progression within the circle of fists.
5003,2692,12,42,226,280,1.2357142857142858,0.030869557154587463,644,Now I shall play my version of Box Concerto.
433,2693,15,40,242,297,1.2356902356902357,0.030819354303168803,644,They don't respond well to tickling.....
458,2694,9,43,207,259,1.2355212355212355,0.031100552890088756,644,I give you Rockymaninoff piano sequel III.
5124,2695,9,47,220,276,1.2355072463768115,0.02986399319248219,644,And now my rematch with Rachmaninov.
3930,2695,10,45,221,276,1.2355072463768115,0.030301956216285647,644,"And now, Box Prelude and Fugue in C Major."
2217,2695,8,49,219,276,1.2355072463768115,0.02941951101339981,644,"And in this corner, our returning, dueling piano champion"
2785,2695,12,41,223,276,1.2355072463768115,0.031159420289855074,644,And for my next knockout performance...
1625,2699,16,37,240,293,1.235494880546075,0.0314736277322533,644,"Ladies and gentlemen, you'll be glad to know that I'm about to play John Cage's '4'33'."
1986,2699,12,45,236,293,1.235494880546075,0.02995134779717709,644,My next piece is critic-proof.
5328,2701,11,42,219,272,1.2352941176470589,0.031022735906631013,644,Forget Horowitz.  I am the greatest!
237,2701,11,42,219,272,1.2352941176470589,0.031022735906631013,644,Welcome to the atonal music festival!
1945,2701,11,50,245,306,1.2352941176470589,0.028734295535974005,644,I will now play Ode to Ali.
2477,2701,9,42,204,255,1.2352941176470589,0.03140534028149245,644,"Hey, it's like my piano teacher, Mickey, once told me: ""You'll be able to spit notes, kid. You're gonna eat sonatas and you're gonna crap concertos. You're gonna become a very musical person."""
2816,2701,10,48,231,289,1.2352941176470589,0.029411764705882353,644,"And now, from the Manassa Mahler, “The Heavyweight Requiem"
3160,2701,9,50,230,289,1.2352941176470589,0.02900039109362557,644,„And now something little more progressive!“
5199,2701,15,38,236,289,1.2352941176470589,0.031387863908984556,644,I thought you said “Box Art of Fugue.”
110,2708,11,49,242,302,1.2350993377483444,0.02897331348921482,644,"I promise you, you’ll be instantly hooked."
1319,2708,11,49,242,302,1.2350993377483444,0.02897331348921482,644,I went to a prizefight and a sonata broke out.
1324,2708,13,45,244,302,1.2350993377483444,0.02972299323439741,644,"Just so you know, I’m all thumbs."
709,2711,13,41,231,285,1.2350877192982457,0.03089336234537987,644,I'm going to float like a butterfly on Flight of the Bumblebee.
3634,2711,13,41,231,285,1.2350877192982457,0.03089336234537987,644,And now my Rocky overture
5419,2711,12,43,230,285,1.2350877192982457,0.03049082116843194,644,This next song is known for it's hook.
2681,2714,7,49,212,268,1.2350746268656716,0.02948073405291707,644,My final encore: our college fight song
2204,2714,9,45,214,268,1.2350746268656716,0.030414042056427924,644,This next nocturne is scheduled for 10 rounds.
3851,2714,11,41,216,268,1.2350746268656716,0.031319550254138524,644,I can’t eat with chopsticks either.
4685,2717,10,54,251,315,1.234920634920635,0.027831670642778573,644,'Introducing Baroque-y Balboa'
286,2718,10,50,238,298,1.2348993288590604,0.02882874828496657,644,"Okay, so my dare is to knock out a few tunes."
538,2718,9,52,237,298,1.2348993288590604,0.02843412368342628,644,You should see what I'm wearing below the belt.
1380,2720,7,52,222,281,1.2348754448398576,0.02863134111349685,644,"And now, the very challenging LaMotta Sonata in F minor"
1392,2720,10,46,225,281,1.2348754448398576,0.029933458792278867,644,You requested Roberto Duran Duran?
1421,2720,10,46,225,281,1.2348754448398576,0.029933458792278867,644,My music packs a real punch.
1659,2720,11,44,226,281,1.2348754448398576,0.03035508813537314,644,"For my first piece, chopsticks."
296,2724,12,38,214,264,1.2348484848484849,0.03207665278197859,644,"No, this is not a variant of the Suzuki Method; it is pure Tyson."
4240,2724,13,36,215,264,1.2348484848484849,0.03252255856448912,644,"This next number I shall now do on you is ""Fight of the Bumblebee."
5242,2724,13,36,215,264,1.2348484848484849,0.03252255856448912,644,And now - my interpretation of a Paul Simon classic.
3471,2727,12,45,237,294,1.2346938775510203,0.029860044099525983,644,It helps me keep a beat.
1870,2727,10,49,235,294,1.2346938775510203,0.02907210479808063,644,"And now, the Mohammad Ali Sonata in G minor."
1177,2729,12,41,224,277,1.2346570397111913,0.031058366786989648,644,"It would be unethical of me to wager, but Las Vegas has it 3:1 for Prokofiev."
2999,2729,12,41,224,277,1.2346570397111913,0.031058366786989648,644,And the beat goes on.
3490,2729,8,49,220,277,1.2346570397111913,0.029325438225048742,644,"And now for something pugilistic, in A minor."
4467,2729,9,47,221,277,1.2346570397111913,0.02976812947074703,644,"As a composer, I have become fascinated with tone clusters."
1901,2733,16,29,215,260,1.2346153846153847,0.034183692345488015,644,"And now, ""Fight of the Bumble, Sing Like a Bee""."
4431,2733,12,37,211,260,1.2346153846153847,0.032399455297440684,644,The ivories tickle me.
1197,2735,12,33,198,243,1.2345679012345678,0.033912334297953144,644,How does the Fight Song go?
4554,2736,13,42,235,290,1.2344827586206897,0.030517778977452767,644,"Étude No. 1 in A, B, C, D, E, F, and G, by my 18 months old son."
2894,2736,7,54,229,290,1.2344827586206897,0.028074077528269303,644,And now ladies and gentlemen the Ali Fraser concerto
1646,2736,11,46,233,290,1.2344827586206897,0.029725541747216828,644,Rachmaninoff always makes me punchy.
2026,2736,12,44,234,290,1.2344827586206897,0.03012426485312288,644,My next piece is the Muhammad Ali arrangement of ‘4’33” ’.
1716,2740,12,40,221,273,1.2344322344322345,0.0313534083077521,644,Okay.  Let's do this one in the keys of ABC and D.
2693,2740,10,44,219,273,1.2344322344322345,0.03048226552581179,644,I think I came to the wrong auditorium.
424,2742,14,43,246,303,1.2343234323432344,0.03000139082439436,644,"Any Requests? Anything but ""Flight of the Bumble Bee"""
533,2742,10,51,242,303,1.2343234323432344,0.028507148055512216,644,I am leaving.  I am leaving.
2177,2744,9,49,228,286,1.2342657342657342,0.02915911358552934,644,"Our next number will be a three minute score
titled - Pound of flesh."
4962,2744,14,39,233,286,1.2342657342657342,0.031191957910725175,644,"In the spirit of the times, I'm now going to play a little ditty I've tentatively titled: ""Who Gives a Fuck Anymore?"""
3652,2746,7,49,213,269,1.2342007434944238,0.02938393337686318,644,I make no excuses.
1187,2747,11,48,240,299,1.234113712374582,0.029130755753558595,644,"Concerto no. 10! 9! 8!, 7!....."
962,2747,15,40,244,299,1.234113712374582,0.03063308133140935,644,"How thoughtful, she gave me mittens to play  ""Baby it's Cold Outside."""
18,2749,10,46,226,282,1.2340425531914894,0.029838749455175874,644,"Punchdrunk, am I? Keep smiling like that and you'll lose those 88 teeth!"""
4263,2749,11,44,227,282,1.2340425531914894,0.030258719568223697,644,"Next, I'm going to try to pound out Liszt's Campanella."
4367,2749,12,42,228,282,1.2340425531914894,0.030672940041151075,644,My next song will be a cappella
1550,2752,12,49,251,312,1.233974358974359,0.028699207067481254,644,This is it. Time to take the kid-gloves off.
1181,2753,10,42,213,265,1.2339622641509433,0.031060523836140243,644,Fortissimo is my forte
4165,2753,10,42,213,265,1.2339622641509433,0.031060523836140243,644,"Say again, Bach or box?"
4463,2753,9,44,212,265,1.2339622641509433,0.03059686873748056,644,I will now play... with your expectations.
1655,2756,10,49,236,295,1.2338983050847459,0.028984308335772493,644,"Need a fellow to punch out a party tune? I'm your man."""
2779,2756,7,55,233,295,1.2338983050847459,0.0277652645448313,644,"Yo, Beethoven -- I did it!"
5584,2758,9,47,222,278,1.2338129496402879,0.029672864730227125,644,Apologies to those who thought they were going to hear Bach.
3430,2758,13,39,226,278,1.2338129496402879,0.03137462206983456,644,"For my next number: Here's Conti's Theme from ""Rocky."""
4167,2758,10,45,223,278,1.2338129496402879,0.03010732308724914,644,Can you please give me a hand?
1852,2758,7,51,220,278,1.2338129496402879,0.0287842821160275,644,"It is a sonata for Boxing Day, in B flat."
840,2758,14,37,227,278,1.2338129496402879,0.031785828795338936,644,And now Rocky Maninoff’s Suite in 12 Rounds
4482,2763,14,44,250,308,1.2337662337662338,0.029657582901135154,644,"I will now play my tribute to Simon and Garfunkel's ""The Boxer.""
It's a knockout!"
1611,2764,9,50,232,291,1.2336769759450172,0.02882334524133243,644,And I thought tying my bow tie was hard!
1438,2765,8,41,195,244,1.2336065573770492,0.03172725225861634,644,"It may sound a little rough, but I'd like to play something new for you tonight."
334,2766,10,51,243,304,1.2335526315789473,0.028423673112744473,644,That was the 'pianissimo.'
5125,2766,13,45,246,304,1.2335526315789473,0.029547305900484346,644,A knock out performance of Rhapsody in Black and blue.... all 15 rounds
4117,2768,8,44,205,257,1.2334630350194553,0.03069601814297599,644,Who forgot to tune this piano?
2863,2769,10,47,230,287,1.2334494773519165,0.029484927406157213,644,Sock it to mi?
4458,2770,6,51,213,270,1.2333333333333334,0.028813806411178436,644,And now for some improvisational jabs.
4260,2770,7,49,214,270,1.2333333333333334,0.0292877494938016,644,And now I will knock out the rest of the ring cycle
3167,2770,10,36,194,240,1.2333333333333334,0.03312346765839004,644,"And now, a new and different arrangement of Brahm's Lullaby."
2121,2770,14,42,244,300,1.2333333333333334,0.030173535006525854,644,Good evening. Let us prepare ourselves to rumble.
852,2770,13,44,243,300,1.2333333333333334,0.02980177294649375,644,I have sensitive hands
1199,2770,7,49,214,270,1.2333333333333334,0.0292877494938016,644,"I'm more of a ""tackle the ivories"" kind of guy"
1068,2770,9,45,216,270,1.2333333333333334,0.030213340289238,644,I will now play Piano Concerto round 12.
726,2770,13,37,220,270,1.2333333333333334,0.031984265717326155,644,"Thank you.  My next piece is ""Piano as Percussion Instrument in 3 Rounds - TOPS!"""
1751,2770,16,38,246,300,1.2333333333333334,0.030903645462330008,644,"This next piece is titled 'I Could Have Been (a Contender)'."""
1518,2779,11,44,228,283,1.2332155477031803,0.030162948239564464,644,I told the Times critic I would knock the hell out of that Rachmaninoff concerto!
206,2779,12,42,229,283,1.2332155477031803,0.030575549363431712,644,"And now from my modern version of the Nutcracker, here is ""Melee of the Sugar Plum Faries."""
4649,2779,13,40,230,283,1.2332155477031803,0.03098265629749415,644,Are you ready to crescendo?
453,2782,15,46,265,326,1.2331288343558282,0.028865967229195523,644,"This next number is a heavyweight with an uppercut in D minor Frank Buckley Andover, MA"
323,2783,9,51,236,296,1.2331081081081081,0.028497964771408955,644,I'm going to give this baby a pounding.
899,2783,13,43,240,296,1.2331081081081081,0.030062452276586635,644,"This next little number is called ""Float like a butterfly, sting like a bee."""
4171,2783,16,37,243,296,1.2331081081081081,0.03118435212505202,644,And now for my next number--The Fight of the Bumblebees.
4828,2783,12,45,239,296,1.2331081081081081,0.0296790629348309,644,I will now float like Madam Butterfly then sting with the Flight of the Bumble Bee.
3239,2787,8,46,212,266,1.2330827067669172,0.030025494482470792,644,Now for my rendition of the theme from Rocky.
5477,2787,9,44,213,266,1.2330827067669172,0.0304943132035538,644,"Hello everybody, my name is Wolfgang Amadeus Balboa."
383,2789,8,49,222,279,1.2329749103942653,0.029139041017334038,644,"They said if I wanted a raise, the gloves had to come off."
3704,2790,9,50,233,292,1.2328767123287672,0.028735611059377913,644,Someone found my privilege and ability offensive.
811,2791,15,31,216,262,1.2328244274809161,0.03351222286555723,644,John Cage is a dead man.
1013,2792,12,47,246,305,1.2327868852459016,0.029091828065218595,644,"Quite frankly, I’ve had quite enough of tinkling the keys"
2460,2793,10,44,221,275,1.2327272727272727,0.0302840905200372,644,Who said pound it
2433,2793,13,38,224,275,1.2327272727272727,0.031571419661176006,644,"It's my newest composition.  I call it ""Float Like a Butterfly""."
228,2793,10,44,221,275,1.2327272727272727,0.0302840905200372,644,My last recital ended in a TKO in the sixth round.
358,2793,10,44,221,275,1.2327272727272727,0.0302840905200372,644,And now I will attempt to go twelve rounds with the piano.
2175,2793,11,42,222,275,1.2327272727272727,0.03071919495838449,644,This is a new one: Rhapsody in Trump
4110,2798,13,51,267,331,1.2326283987915407,0.027910152155857182,644,"And now, ""Eine Kleine Kampfmusik""."
1394,2799,10,50,241,301,1.2325581395348837,0.02857271623975162,644,"And now, Round 3."
2045,2799,10,50,241,301,1.2325581395348837,0.02857271623975162,644,Who is my opponent?
3743,2799,13,44,244,301,1.2325581395348837,0.029712712700822496,644,Now I know how the Democrats feel!
4827,2799,12,46,243,301,1.2325581395348837,0.029337636268114732,644,"As a former boxer, I will play the next piece in my favorite key. B flat."
4475,2803,7,49,215,271,1.2324723247232472,0.029192176753001023,644,"Yes, I am a heavyweight musician."
5670,2804,17,32,235,284,1.232394366197183,0.03245576139003493,644,Uppercut in D Minor aka Straight To The Moonlight Sonata
2152,2804,10,46,228,284,1.232394366197183,0.02965107807455324,644,"You see, the score calls for fortississississimo."
3410,2806,13,30,198,241,1.2323651452282158,0.034535935507976796,644,"Float like a Puccini, sting like a Rimsky-Korsakov...?"
2778,2807,13,53,274,340,1.2323529411764707,0.02741765037399636,644,"Playing Stravinsky is always a battle, but this time I win!"
317,2808,9,54,247,310,1.232258064516129,0.027658269017129266,644,And now to play the same song softly.
1485,2809,13,39,228,280,1.2321428571428572,0.031172413010456024,644,I shall now demonstrate that my piano coach was right.
1917,2809,10,45,225,280,1.2321428571428572,0.029915120213361256,644,"And now, from the masterful soundtrack of Rocky."
1927,2809,8,49,223,280,1.2321428571428572,0.029046706187967793,644,At least I'm not all thumbs!
4440,2812,10,48,235,293,1.2320819112627985,0.029053521901953795,644,Hitting the right notes.
5163,2813,9,53,244,306,1.2320261437908497,0.027876398255023256,644,"You'd wear boxing gloves too, if you slammed your hands in a Grand Piano."
2742,2814,10,41,212,263,1.231939163498099,0.03114782626985591,644,I will now preform Sting of the Bumblebee
5106,2815,12,40,224,276,1.2318840579710144,0.03104661383199258,644,Hope you like this punchy number.
922,2815,12,40,224,276,1.2318840579710144,0.03104661383199258,644,"And now, for my Jerry Lee Lewis segment."
2577,2817,9,49,231,289,1.231833910034602,0.028889798109036233,644,I have a request to play the Rocky Theme Song.
2883,2817,13,41,235,289,1.231833910034602,0.030507987690188157,644,My next piece is by Schoenberg.
1041,2819,7,56,239,302,1.2317880794701987,0.02730533526899113,644,And now for something a bit more light-weight.
3801,2820,12,49,254,315,1.2317460317460318,0.02845435974041908,644,"This one's from ""Rocky: the Musical."""
4334,2821,16,28,215,259,1.2316602316602316,0.0341874615643667,644,Who says I'm not playing it myself?
1172,2822,4,55,213,272,1.2316176470588236,0.027663147540831847,644,Fortissimo Piano.
4329,2822,11,41,220,272,1.2316176470588236,0.030905955764832207,644,Here's the hook.
5697,2824,10,46,229,285,1.231578947368421,0.029558105648185878,644,Here is my bellicose rendition of Chopin.
3537,2825,12,45,241,298,1.2315436241610738,0.02950021896986056,644,Let me punch out a few bars for you.
2470,2825,8,53,237,298,1.2315436241610738,0.02792621648443273,644,"And now for a change of pace, the Pugilist's Polka."
2713,2827,11,50,250,311,1.2315112540192925,0.028321503463881126,644,Can I skip the black keys?
1060,2828,11,43,227,281,1.2313167259786477,0.030243128688760862,644,I hate encores.
4626,2828,15,35,231,281,1.2313167259786477,0.03187984495937529,644,Rockymaninoff's Rhapsody on a Theme of Pugilism.
1497,2830,9,53,245,307,1.231270358306189,0.027795724356114763,644,I'll take requests for fight songs
2203,2830,10,51,246,307,1.231270358306189,0.02817608958750994,644,"For my next number, please prepare to have your socks knocked off"
2596,2830,16,39,252,307,1.231270358306189,0.030358366494543702,644,"My next offering is ""Tempest in a Trump-pot"" in F#*@ Major."
3244,2830,13,45,249,307,1.231270358306189,0.029287560846376574,644,"Bring it on, Chopin. I'm ready."
4069,2830,13,45,249,307,1.231270358306189,0.029287560846376574,644,Pugilist or Pianist? You decide.
5008,2835,11,52,257,320,1.23125,0.027799293957115286,644,"And now, Rocky's Piano Concerto No. 2."
1071,2836,9,40,202,251,1.2310756972111554,0.03158435478396811,644,"Float like Madama Butterfly, 
Sting like an in-flight bumblebee, 
I Am The Greatest,
Since Tchaikovsky"
3596,2837,15,31,218,264,1.231060606060606,0.03328114859499002,644,"I had some minor injuries, but now I'm Bach and better than ever"
4641,2837,7,47,210,264,1.231060606060606,0.029617453582671954,644,"For my encore, a little-known work by Rimsky-Korsakov:  ""Float Like a Butterfly, Sting Like a Bumblebee."""
1819,2839,12,40,225,277,1.2310469314079422,0.03094565398608387,644,It's called 'The Sting of the Bumble Bee.'
2890,2839,9,46,222,277,1.2310469314079422,0.029650512395882886,644,"This is my own interpretation of Cage's 4'33""."
101,2841,12,43,235,290,1.2310344827586206,0.03001822809691903,644,"Beethoven's got two chances, slim and none. And slim just left town."""
3001,2841,11,45,234,290,1.2310344827586206,0.02961807754232363,644,"and now, the ever popular 'Mitten on the Keys'"
4805,2843,13,44,246,303,1.231023102310231,0.029536149664059565,644,Anyone else want voice an opinion of my interpretation of the Grieg concerto?
5259,2844,12,49,255,316,1.231012658227848,0.02837365070171139,644,"For my encore, a little piece from the Pugilistic period."
1799,2845,11,50,251,312,1.2307692307692308,0.028240333600011946,644,"Now for your enjoyment, ""Take that, Steinway!"""
2257,2845,6,48,206,260,1.2307692307692308,0.029386824921554453,644,"And now I will close with the Boxer's Lullaby."""
150,2845,10,49,240,299,1.2307692307692308,0.028638245009127063,644,"Pound for pound, I'd say Tchaikovsky."
3401,2845,10,49,240,299,1.2307692307692308,0.028638245009127063,644,This next songs gonna be a real Knockout!
2376,2849,13,45,250,308,1.2305194805194806,0.029201971846549848,644,"Don't feel sorry for me.
Feel sorry for Bruiser; he's boxing with white cotton gloves."
3090,2850,13,42,240,295,1.230508474576271,0.030051537983729212,644,"This next number is a new piece I wrote, Below the Belt in B-Flat."
5491,2851,10,45,227,282,1.2304964539007093,0.029725303721515373,644,"And now . . . the theme song from ""Rocky."""
2009,2851,10,45,227,282,1.2304964539007093,0.029725303721515373,644,"For my next selection, I present an avant-garde version of Chopsticks."
4451,2851,8,49,225,282,1.2304964539007093,0.028863738489964277,644,"Float like a butterfly, sting like Flight of the Bumblebee."
1050,2851,12,41,229,282,1.2304964539007093,0.03056259090875029,644,"I call this “Float like a butterfly, flight of the bumblebee.”"
96,2851,7,51,224,282,1.2304964539007093,0.028423164122901592,644,I was advised to attack Schumann’s Toccata in C Major Op. 7!
2997,2856,13,33,210,256,1.23046875,0.03307243418669222,644,And now for the Box Set?
868,2857,14,42,248,304,1.230263157894737,0.02981501267408239,644,"Pound for pound,  the number one pianist in the world."
901,2857,10,50,244,304,1.230263157894737,0.028321090911430324,644,It’s the theme from “Rocky.”
1443,2857,14,42,248,304,1.230263157894737,0.02981501267408239,644,Let's get rrready to bumble!
1548,2857,13,44,247,304,1.230263157894737,0.029448638052890417,644,Progressing from the precision of atonal construction....
3679,2857,12,46,246,304,1.230263157894737,0.029077647524939108,644,I learned this next number from Joe Louis Armstrong.
5018,2862,14,39,238,291,1.2302405498281788,0.030707169235598783,644,I will now improvise in the French manner.
527,2862,10,47,234,291,1.2302405498281788,0.029122710736122832,644,No worries...there only two keys
4326,2864,9,46,223,278,1.2302158273381294,0.029555351096062932,644,"left jab, right cross, left hook, arpeggio."
2468,2865,12,37,216,265,1.230188679245283,0.03184764208771408,644,Now I’d like to play music from The Ring.
5162,2865,8,45,212,265,1.230188679245283,0.02999868745128448,644,"And now, with your gracious indulgence, I'd like to bang out a new composition."""
5645,2865,11,39,215,265,1.230188679245283,0.03139561342146886,644,"I shall now play the timeless classic, ‘Moonfight Sonata’’, by the great Sugar Bee Thoven."
5661,2865,9,43,213,265,1.230188679245283,0.030471445867183165,644,I intend to knock out this song in very short measure.
2228,2869,10,52,251,313,1.2300319488817892,0.02779359678572623,644,I'm preparing a Boxing Day concert for the royal family.
71,2870,12,45,243,300,1.23,0.029323475590996812,644,This is how I played Rachmaninov's 2nd when I fooled Penn and Teller.
3487,2870,11,47,242,300,1.23,0.028940796061962627,644,They're so I don't bite my nails.
442,2872,8,50,229,287,1.2299651567944252,0.028532297511951153,644,"For my final piece this evening, I will be performing Beethoven's Piano Concerto No.5, his 'Emperor,' this time moving away from the sweat style of Sugar Ray Leonard to the awe inspiring stamina and knockout artistry of Rocky Marciano."
1182,2872,10,46,231,287,1.2299651567944252,0.02937386180534189,644,"First, Sting like a Bee followed by Float like a Butterfly"
3489,2874,9,45,220,274,1.22992700729927,0.02981960471178406,644,I am really going to knock this one out!
3180,2874,13,37,224,274,1.22992700729927,0.031561968208994116,644,I'll never bet again... never
198,2876,13,34,214,261,1.2298850574712643,0.03261988398202766,644,You seen me float like a butterfly - now here's my Flight of the Bumblebee.
982,2876,11,38,212,261,1.2298850574712643,0.031703500508143447,644,This piano murdered my father.
1704,2878,9,53,247,309,1.2297734627831716,0.027635736191244098,644,"And now, my new arrangement of “Baby It’s Cold Outside “"
2156,2878,10,51,248,309,1.2297734627831716,0.02801336286405863,644,"I doubt that my challenger, Mr. Cage, could last four minutes and thirty-two seconds, let alone thirty-three..."
4265,2880,13,42,241,296,1.2297297297297298,0.029959963049346595,644,I've really boxed myself into this corner.
4309,2880,12,44,240,296,1.2297297297297298,0.02957524515073066,644,I can't hold or play chopsticks.
5210,2880,11,46,239,296,1.2297297297297298,0.029185456404404946,644,"Thank you so much.  Next, I'd like to play the theme from Rocky."
5450,2880,8,52,236,296,1.2297297297297298,0.027983532388821723,644,"And now i will perform, the one note samba"
5381,2884,12,41,230,283,1.2296819787985867,0.03046529365459967,644,The glissandos are killers.
3006,2884,13,39,231,283,1.2296819787985867,0.03087385446998796,644,"CHOPSTICKS?
THAT'S YOUR REQUEST?
CHOPSTICKS!"
4027,2884,9,47,227,283,1.2296819787985867,0.029205338558934348,644,"It's the only way to play The Boxer Rebellion Symphony in D Flat."""
952,2887,9,44,217,270,1.2296296296296296,0.03009072585531685,644,They call me Beathoven
1446,2888,11,45,236,292,1.2294520547945205,0.029436067077856842,644,And now for a lights out encore!
2190,2889,8,48,223,279,1.2293906810035842,0.029019855936455532,644,"And now, my latest composition, ""Blammo, blonk, blonk."""
4476,2889,7,50,222,279,1.2293906810035842,0.02857212305059065,644,"For my encore, I will play the 1812 Overture"
5461,2891,8,45,213,266,1.2293233082706767,0.029898223869397295,644,I'd like to close with a medley of Jack White's greatest hits.
2820,2892,17,38,259,314,1.2292993630573248,0.0301752823934895,644,"Next, I shall play a new edition of John Cage's 4'33""...."
1631,2893,9,40,204,253,1.2292490118577075,0.031360686356124684,644,Next I will preform a piece composed by Rocky Balboa.
3643,2893,9,40,204,253,1.2292490118577075,0.031360686356124684,644,The next tune is a round.
5535,2895,8,53,240,301,1.2292358803986712,0.027679290556655006,644,The next piece is titled 'Thrilla in Manila.'
1779,2895,16,37,248,301,1.2292358803986712,0.03071368228739548,644,"And now, the Rocky theme song."
4126,2897,15,36,237,288,1.2291666666666667,0.03128023121535056,644,"Sam, don't play it again."
3439,2897,9,48,231,288,1.2291666666666667,0.02886646569389796,644,Next up: 'Flight of the Stumblebum'
153,2899,11,41,223,275,1.229090909090909,0.03060272067378965,644,I would describe my relationship with Debussy as tumultuous.
2267,2899,9,45,221,275,1.229090909090909,0.029722733927200175,644,"Tonight, it's just me versus Mozart."
3548,2899,11,41,223,275,1.229090909090909,0.03060272067378965,644,Now my classical reinterpretation of Mama Said Knock You Out.
1632,2902,13,45,252,310,1.229032258064516,0.02903225806451613,644,I can now play five songs at once.
3265,2902,9,53,248,310,1.229032258064516,0.027556414565168573,644,Now for something a bit more heavyweight
616,2904,9,50,238,297,1.228956228956229,0.028304649053742303,644,I'm prepared to knock you out if you ask me to play 'Piano Man' one more time...
1233,2904,9,50,238,297,1.228956228956229,0.028304649053742303,644,Let's get ready to rumbaaaaaaaaaaaaa!
236,2906,10,37,202,249,1.2289156626506024,0.03218110089440396,644,"eat your heart out, Jerry Lee Lewis"
3387,2907,14,37,233,284,1.2288732394366197,0.03117724486193184,644,"For my encore, I shall attempt to destroy all the BLACK keys!"
4811,2907,13,39,232,284,1.2288732394366197,0.030775579752789984,644,"For my first trick, I will be playing Chopsticks."
2149,2907,5,55,224,284,1.2288732394366197,0.02735072219587973,644,"Ladies & Gents, pardon my candor, but whoever leaves their cell phone on is gonna get slugged."
1763,2910,9,44,218,271,1.2287822878228782,0.029991456611165854,644,This is an atonal rendition
5205,2910,12,38,221,271,1.2287822878228782,0.03132871350163687,644,"For my next performance, “Fight of the Bumblebees” by M Ali."
5321,2910,5,52,214,271,1.2287822878228782,0.02810966102573711,644,"And now for my next number, “Can’t Fight This Feeling.”"
170,2913,8,43,207,258,1.2286821705426356,0.030457097419930457,644,Anybody else want to throw out a request?
552,2913,12,35,211,258,1.2286821705426356,0.032377268484591756,644,"Next, ""Fright of the Bumblebee""."
5317,2915,7,53,233,293,1.2286689419795223,0.02770694407046418,644,"And now, for my final piece, The Battle Hymn of the Republic."
1150,2916,13,38,229,280,1.2285714285714286,0.03106148795438586,644,This song's going to be a knock out!
4353,2916,11,42,227,280,1.2285714285714286,0.030226027806027195,644,This number I call “Sting like a bee.”
1572,2918,10,49,243,302,1.228476821192053,0.02838395556176115,644,You misunderstood I play Box not Bach.
5279,2919,13,35,219,267,1.2284644194756553,0.032074086327909174,644,This one's simple but it has a good hook.
694,2919,9,43,215,267,1.2284644194756553,0.030267240712109168,644,"Float like a butterfly, sting like the Flight of the Bumblebees."
631,2919,14,33,220,267,1.2284644194756553,0.03251011076775228,644,"And now, the theme from the Boxer Rebellion"
1037,2922,12,42,235,289,1.2283737024221453,0.030003711411807306,644,"I am just a poor boy 
Though my story's seldom told ..."""
4180,2922,15,36,238,289,1.2283737024221453,0.03118189149291404,644,"...and now, my tribute to Rocky Balboa."
4632,2924,11,36,207,254,1.2283464566929134,0.03223055075122787,644,"Currently, Rachmaninoff is winning."
2612,2925,14,35,227,276,1.2282608695652173,0.03177232188000728,644,"And for our finale, the Theme from Rocky in D minor"
878,2926,8,49,228,285,1.2280701754385965,0.02859346678748051,644,"He’s the best at hitting those low notes, for his weight class."
2654,2926,14,37,234,285,1.2280701754385965,0.031078035841934696,644,"For my encore, I will play an original piece titled, ""Rush Hour Traffic"""
3654,2926,10,45,230,285,1.2280701754385965,0.029444959940234706,644,"And now, for your listening pleasure: the John Philip Sousa rendition of ""Kitten on the Keys""."
4278,2926,11,43,231,285,1.2280701754385965,0.02986160289334222,644,And now for a piece by a exciting new young composer.
4335,2930,10,42,220,272,1.2279411764705883,0.030343264224213528,644,"Now, to break some hearts."
2068,2930,9,44,219,272,1.2279411764705883,0.029892826221570575,644,"And one, two, one two, one two,"
362,2930,12,38,222,272,1.2279411764705883,0.031224652637223602,644,"And now, Duke's Waltz, in D minor, A flat, and C."
4682,2933,11,45,238,294,1.227891156462585,0.029256235836062187,644,"Well Jim, I agree Smith is faster, but he will be conceding over 700 pounds to Steinway."
1206,2934,10,52,254,316,1.2278481012658229,0.027557989839372313,644,"Life is choices and family compromise. My dad wanted me to be a boxer, my mom a pianist, but I just wanted to play the drums."
765,2935,12,35,212,259,1.2277992277992278,0.03226410107425034,644,I once played this way at the White House. The President said he too played this way - once at Carnegie Hall. He felt he should have received a Grammy for the concert but a liberal conspiracy stole it from him.
4296,2936,13,38,230,281,1.2277580071174377,0.030961438441505056,644,Ooooooh.... you meant Bach's piano music?
587,2937,10,49,244,303,1.2277227722772277,0.028300171525213677,644,And now a piece by TKOkovsky
2271,2937,10,49,244,303,1.2277227722772277,0.028300171525213677,644,"Lets just say ""I AM a contender!"""
5195,2937,15,39,249,303,1.2277227722772277,0.030169225375877077,644,"And for my next selection, I would like to play Flight of the Float Like a Butterfly, Sting Like a Bumblebee."
5613,2937,11,47,245,303,1.2277227722772277,0.02868372707026242,644,"This next number is called, 'Fight of the Bumble Bees',
feel free to sting along."""
1703,2941,13,35,220,268,1.2276119402985075,0.03196555205212274,644,"And now, Tyson's Sonata in B Minor."
2943,2942,14,38,238,290,1.2275862068965517,0.030697905740190854,644,"Well, it hurts to play Beethoven"
1525,2943,10,51,251,312,1.2275641025641026,0.027772690436005953,644,"No, not Fight of the Bumblebee, it’s Flight of the Bumblebee."
2732,2943,9,53,250,312,1.2275641025641026,0.0273990981075665,644,I don’t use the pedal.
4366,2945,12,34,209,255,1.227450980392157,0.03259357690996699,644,"I shall now attempt to play Box Prelude in C Major"""
390,2946,9,45,223,277,1.227436823104693,0.029530827914503503,644,"Now, Beethoven's Fifth in the 3rd."
558,2946,16,31,230,277,1.227436823104693,0.032483707192807826,644,Tonight's Key Player: Rocky Man-in-Off
605,2946,12,39,226,277,1.227436823104693,0.030830997593396865,644,Glenn Gould playing the Palooka Variations.
1109,2946,10,43,224,277,1.227436823104693,0.02997048552179339,644,I will now play Box Toccata and Fugue
3361,2946,11,41,225,277,1.227436823104693,0.030403786071935765,644,"I will now play ""Flight of the Muhammad Ali"""
2057,2951,15,38,246,299,1.2274247491638797,0.030435164931428005,644,I can knockout this Steinway in three notes....
3475,2951,8,52,239,299,1.2274247491638797,0.02773402184154928,644,This rendition calls for a soft touch.
156,2951,8,52,239,299,1.2274247491638797,0.02773402184154928,644,The maître d' just asked me to sit down and pound out a few numbers.
581,2954,13,39,234,286,1.2272727272727273,0.030580863504832148,644,And now for Flight of the Bumblebee.
3855,2954,14,37,235,286,1.2272727272727273,0.03097944607870361,644,Tonight I will be playing Box' concerto. I may B Flat
4061,2954,10,40,214,264,1.2272727272727273,0.030916138898093894,644,"I shall now play ""Mitten on the Keys."""
5501,2954,8,49,229,286,1.2272727272727273,0.028504471219275858,644,"This piece is to be played ""buone percosse"", which means ""with a good beating""."
5706,2954,11,43,232,286,1.2272727272727273,0.029767691872513647,644,"And now, my Boxing Day Concerto."
347,2959,10,52,255,317,1.227129337539432,0.02748032001327847,644,"Next is my original composition, Rocky Balboa Suite."
3670,2959,11,50,256,317,1.227129337539432,0.02784122208342513,644,Piano-fought-e
2877,2961,11,45,239,295,1.2271186440677966,0.029167125561271,644,"My next number, is the lost classic ""Gorilla on the Keys'."
721,2961,11,45,239,295,1.2271186440677966,0.029167125561271,644,"Float like a butterfly, play in the key of B.”"
2653,2961,12,43,240,295,1.2271186440677966,0.02955979169400843,644,"The following composition, titled 'Mother-in-law,' has a very striking, punchy tone."
5337,2964,10,42,221,273,1.2271062271062272,0.03024344009911823,644,They make Chopsticks much more difficult.
3669,2964,11,40,222,273,1.2271062271062272,0.03068549363285875,644,Don't fight me on this one!
3138,2964,12,38,223,273,1.2271062271062272,0.031121268771621073,644,And now my ode to Rocky… mononinoff.
600,2967,10,49,245,304,1.2269736842105263,0.028216870206660565,644,The next piece is the Knockout Sonata in B-flat major.
692,2968,12,40,230,282,1.2269503546099292,0.030450372326848493,644,and now for some duke ellington!
1433,2968,12,40,230,282,1.2269503546099292,0.030450372326848493,644,This one goes out to the knockout in the corner.
492,2970,8,43,209,260,1.226923076923077,0.03024784721407637,644,Well how else am I supposed to express my anger?
919,2970,10,39,211,260,1.226923076923077,0.031214296732205372,644,"Next, a medley of hits from a little known Stevie Wonder album, 'Songs in the Key of Strife.'"
5036,2970,9,41,210,260,1.226923076923077,0.03073487092515824,644,"That tune was from my new album, ‘Mozart on Meth!’"
2920,2973,11,49,253,313,1.2268370607028753,0.028060691351724096,644,This next one's got a hook that'll knock you out.
562,2974,12,42,237,291,1.2268041237113403,0.029817735984673736,644,"And now, to conclude tonight's tribute to Sylvester Stallone,
the theme from 'Rocky.'"""
4261,2974,6,54,231,291,1.2268041237113403,0.027329479257497322,644,I call this Fight Song.
5637,2976,10,41,218,269,1.2267657992565055,0.030523572608530468,644,"It's Box Fugue in G Minor! Hang on, I was just getting to the hook."
4548,2976,12,37,220,269,1.2267657992565055,0.031419311629635654,644,It's music boxing.
687,2976,11,39,219,269,1.2267657992565055,0.030974680208747836,644,When Liberace met John Cage.
1399,2976,12,37,220,269,1.2267657992565055,0.031419311629635654,644,"I'd like to play a Paul Simon tune called ""the Boxer""."
2467,2976,9,43,217,269,1.2267657992565055,0.030065697323399435,644,The concert was a knockout
3252,2981,9,50,241,300,1.2266666666666666,0.02805208300344921,644,Ten rounds with Mike Tyson in D flat
3130,2982,6,51,221,278,1.2266187050359711,0.02808111864779457,644,"I feel like this method captures more of the emotion, you know?"
3150,2982,8,47,223,278,1.2266187050359711,0.028991261250156265,644,"And now, my very own, Raging Bull Concerto in B-flat major."
4125,2982,7,49,222,278,1.2266187050359711,0.028539818266645707,644,"Horace took the Jazz Meistro seriously when he shouted 
""Hit it!"""
4092,2985,9,40,207,256,1.2265625,0.03103094177472657,644,In tribute to Ali….”Flight of the Bumblebee”
5188,2986,13,39,235,287,1.2264808362369337,0.030484410870407635,644,"You should see him play the flute,  amazing"
2385,2986,7,51,229,287,1.2264808362369337,0.027983996104369004,644,"The next piece is called, “Requiem for a Pugilist”"
1059,2986,10,45,232,287,1.2264808362369337,0.02926092397793657,644,...and now a selection from my new boxed set of CDs
1450,2986,10,45,232,287,1.2264808362369337,0.02926092397793657,644,And now... the Joe Louis Suite...
1153,2990,5,50,210,265,1.2264150943396226,0.02839701945329975,644,"Are you sure you want to hear me play the theme from ""Rocky"" again?"
3826,2990,12,36,217,265,1.2264150943396226,0.03172546398224668,644,"Alright, who called me a ""pee-anus""?"
902,2992,11,45,240,296,1.2263513513513513,0.02907854596282591,644,My teacher says it will remind me to not hit the keys too hard.
3324,2992,14,39,243,296,1.2263513513513513,0.030236974317701937,644,"I call it ""Requiem to a glass jaw"""
3337,2992,9,49,238,296,1.2263513513513513,0.02827991009404711,644,"And for my encore, I will  play “The Theme From Rocky!"
5590,2995,9,56,262,327,1.2262996941896025,0.026569391388771357,644,A brief announcement: I'll not be holding any punches in this next piece.
35,2996,10,37,205,252,1.2261904761904763,0.031835822867870504,644,"And now, a Box concerto."
4788,2997,8,48,227,283,1.226148409893993,0.02865436044633229,644,"And now I'll go a few rounds with ""Chopsticks."""
2246,2997,10,44,229,283,1.226148409893993,0.02951599426301512,644,This isn't The Ring I was expecting.
1089,2999,10,46,236,292,1.226027397260274,0.028922943224830626,644,I glove a piano
250,3000,14,33,223,270,1.2259259259259259,0.03218135792441435,644,I’m not wearing any pants.
912,3000,8,45,217,270,1.2259259259259259,0.029502861128955227,644,This evening I will only play octaves
1579,3000,14,33,223,270,1.2259259259259259,0.03218135792441435,644,This Concerto may seem a little modern for some.
3563,3000,9,43,218,270,1.2259259259259259,0.029965908050737015,644,I couldn't decide between sports and music
4427,3000,8,45,217,270,1.2259259259259259,0.029502861128955227,644,"The night he realized ""Put Up Your Dukes"" wasn't coined after Duke Ellington."
3693,3005,12,44,245,301,1.2259136212624584,0.029132506257881077,644,And so to start of my Boxing Day concert...
2325,3005,9,50,242,301,1.2259136212624584,0.027968870877123866,644,"And now, as counterpoint to Beethoven's ""Moonlight"",  here's a sonata with some punch."
3561,3005,8,52,241,301,1.2259136212624584,0.02757008059291467,644,"And for my next number, the theme from ""Raging Bull."
518,3008,9,45,225,279,1.2258064516129032,0.02934133204858693,644,Improvisation is the key.
446,3008,12,39,228,279,1.2258064516129032,0.030631213414571964,644,My next piece is Ali in C minor
1867,3010,11,43,234,288,1.2256944444444444,0.029581597483693663,644,"Ladies and gentlemen:  Counterpunch was Bach's specialty, as I shall now demonstrate"
4539,3010,11,43,234,288,1.2256944444444444,0.029581597483693663,644,"As you may have surmised...No, I,don’t have insurance for my hands."
2215,3012,12,34,211,257,1.2256809338521402,0.03236355154454405,644,"And now ladies and gentlemen -
Let’s get ready to Rumble!!!!"
2836,3013,7,53,237,297,1.2255892255892256,0.027376058169436526,644,Any requests for tunes you want me to bang out?
2987,3013,14,39,244,297,1.2255892255892256,0.03014463003830917,644,"And now, may I present, Rocky the Musical"
2562,3015,7,46,213,266,1.2255639097744362,0.02928818496595993,644,"It may be unconventional, but it is the first Mozart-meets-Muhammad-Ali performance I know of."
1076,3016,8,46,221,275,1.2254545454545454,0.029148913638672252,644,"...and now, I will punch it up a bit with the Anvil Chorus."
5364,3016,10,42,223,275,1.2254545454545454,0.030045711288728533,644,"Concerto in Gloves hits all the right notes and most of the wrong ones, too."
865,3016,13,36,226,275,1.2254545454545454,0.03134283279542411,644,Who requested Wagner’s Ring Cycle?
4594,3019,12,47,256,315,1.2253968253968255,0.028260817369115357,644,"My next selection is ""Eye of the Tiger"""
2491,3020,11,42,231,284,1.2253521126760563,0.029842538870247313,644,I find this is the safest way to perform the “Nutcracker”
1209,3021,13,31,209,253,1.225296442687747,0.03317251408246672,644,"For my next number, I will sting like a bee."
2837,3021,10,37,206,253,1.225296442687747,0.031722340720547235,644,And for my final work I give you Box Toccata and Fugue.
2921,3023,13,40,240,293,1.2252559726962458,0.03002584051645393,644,"I call this next piece ""Float like a Butterfly, Flight of the Bumblebee."""
155,3024,6,49,216,271,1.2250922509225093,0.02846090055455388,644,"I will now play the theme song and other songs from 'Rocky'"""
3789,3024,12,37,222,271,1.2250922509225093,0.031209365587794406,644,Oh! Not the fight of the bumblebee?
806,3026,10,43,227,280,1.225,0.029681920171185743,644,"And now, Chopin with the gloves off...."
2582,3026,13,46,261,320,1.225,0.02830781320415362,644,This next song will knock your socks off!
3079,3028,9,47,233,289,1.2249134948096885,0.028662981333265367,644,"Hecklers, beware!"
366,3028,11,43,235,289,1.2249134948096885,0.029489403825323737,644,"And in this corner, The Challenger, Rachmaninoff Concerto No. 3--AREYOU READYTORUMBOOOOOOOOOOOL?"
4453,3030,9,49,240,298,1.2248322147651007,0.028110255179168604,644,"Now, Mozart’s Piano Sonata No. 20 in B-flat major, TKO.548"
1254,3030,8,51,239,298,1.2248322147651007,0.027705398538992284,644,"If you will,a Rachmaninoff/Ali variation: Float like a butterfly,sting like a bumblebee."
654,3032,9,42,216,267,1.2247191011235956,0.03013978442946178,644,We start on the downbeat after a standing 8 count.
2067,3032,7,46,214,267,1.2247191011235956,0.02919051264934758,644,My next tune is ‘The Boxer’ by Simon and Garfunkel...
4904,3034,12,47,257,316,1.2246835443037976,0.028180270950260974,644,You said to ‘make it punchier.’
991,3035,16,30,230,276,1.2246376811594204,0.03248035055499618,644,"And now ""he Theme from Wagner's ""THE RING"""
3179,3035,7,48,221,276,1.2246376811594204,0.028597535243055687,644,This next event will consist of ten three-minute rounds.
3441,3035,10,42,224,276,1.2246376811594204,0.029947794666335976,644,Watch and listen while I pummel the hell out of this thing.
3772,3035,10,42,224,276,1.2246376811594204,0.029947794666335976,644,Let me try that again in G major.
5698,3035,13,36,227,276,1.2246376811594204,0.031239746938415348,644,Flight of the bumblebee. Ohooo Kay.
4084,3040,10,44,231,285,1.224561403508772,0.029329899789943825,644,And this next song is really a knockout....
4054,3040,11,42,232,285,1.224561403508772,0.02974815428166569,644,"What? I thought I was supposed to play ""The Boxer""..."
2573,3040,10,44,231,285,1.224561403508772,0.029329899789943825,644,"And now, a preview of the theme from Rocky VIII . . ."
473,3040,10,44,231,285,1.224561403508772,0.029329899789943825,644,"And now, my version of Chopsticks."
829,3044,12,42,240,294,1.2244897959183674,0.029542979653132455,644,The next is a cross between Ali and Amadeus!
1674,3044,13,40,241,294,1.2244897959183674,0.029933344699564147,644,"My arrangement of the the new ""13th DAY OF CHRISTMAS"":  BOXING DAY!!!"
3011,3044,13,40,241,294,1.2244897959183674,0.029933344699564147,644,"A sacred performance of the Boxing Day classics “O Come All Ye KO” “Ring-Side Bells”, and “All I Want For Christmas Is My Two Front Teeth”."
4856,3044,12,42,240,294,1.2244897959183674,0.029542979653132455,644,"And now, a Box Sonata"
5380,3044,9,48,237,294,1.2244897959183674,0.02833964030175432,644,Isn't this a dueling piano bar?
1990,3049,10,37,207,254,1.2244094488188977,0.03160965014880248,644,"You will hear a combination of the 1812 Overture, and the Nutcracker Suite........"
2915,3049,11,35,208,254,1.2244094488188977,0.032098170888995234,644,I really hate this song.
4687,3051,12,35,216,263,1.2243346007604563,0.03181910586651247,644,And now let me conclude with some  Beathoven.
3834,3052,11,39,222,272,1.224264705882353,0.03066618271097408,644,"And now, the Ring Cycle!"
4717,3052,8,45,219,272,1.224264705882353,0.02930898990515688,644,And now for my Post-Modern interpretation of Philip Glass
5405,3052,12,37,223,272,1.224264705882353,0.03110542374458616,644,I hope you like the opening of Beethoven’s Fifth.
3020,3055,9,56,265,330,1.2242424242424241,0.02635410108974519,644,"So you see, it's easy to hit the right note."
1509,3056,11,41,229,281,1.2241992882562278,0.030013436416536126,644,And now for some of my Boxing Day favorites! Let me punch out a few tunes for you.
3432,3056,7,49,225,281,1.2241992882562278,0.02826886421101139,644,You did say that you would box my recordings for Christmas!
3484,3056,11,41,229,281,1.2241992882562278,0.030013436416536126,644,Just a brief encore... I have to get across town before the bell for the opening round.
3861,3056,11,41,229,281,1.2241992882562278,0.030013436416536126,644,1-2-3-Hit It!
4269,3056,11,41,229,281,1.2241992882562278,0.030013436416536126,644,The doctors said it couldn't be done.
3872,3061,9,47,234,290,1.2241379310344827,0.028574499509632197,644,He’ll be out by the 10th bar.
377,3061,14,37,239,290,1.2241379310344827,0.030591167452449237,644,"For my next number, the theme from ""Rocky II."""
1578,3061,11,43,236,290,1.2241379310344827,0.029397772428826956,644,"The theme song from Rocky, why?"
5121,3064,10,47,242,299,1.2240802675585285,0.028423802139083697,644,Oh my story’s seldom told
3406,3065,12,45,251,308,1.224025974025974,0.02863680320981049,644,"This is the best way to play ""Louie, Louie""."
4658,3066,5,50,213,268,1.2238805970149254,0.02811636521671943,644,Life of an artist is a constant battle
2792,3067,13,36,228,277,1.2238267148014441,0.031137326290226565,644,"I'd like to play for you a sonata composed by Chucky, my golden retriever."
5355,3067,4,54,219,277,1.2238267148014441,0.027094118229607746,644,Allow me to punch something out for your listening pleasure.
2542,3069,8,48,230,286,1.2237762237762237,0.028386090082114877,644,Ladies and Gentlemen...The Concerto For The Nail-Biter in D-minor
422,3070,10,46,239,295,1.223728813559322,0.02865884494495106,644,"And now I will bang out my number, 'Love is a battlefield.'"
4699,3070,8,50,237,295,1.223728813559322,0.027842579812336066,644,I can turn them into black and blue keys.
1919,3072,17,34,253,304,1.2236842105263157,0.030695550131200955,644,"Not without the secret fingerholes, I can't!"
1508,3073,5,60,248,313,1.2236421725239617,0.025668949676719666,644,No refunds
343,3074,10,41,222,273,1.2234432234432235,0.0301208608701847,644,Tickling time's over.
349,3074,12,37,224,273,1.2234432234432235,0.0310021605777331,644,"The day after Christmas, Harold was obviously confused."
5013,3074,11,39,223,273,1.2234432234432235,0.03056468730453963,644,"For the next prelude, the sheet music's dynamic said combattivissimo."
5211,3077,7,49,226,282,1.2234042553191489,0.028179659008477156,644,So you’re not fans of avant-garde...
3813,3077,12,39,231,282,1.2234042553191489,0.03033626354929482,644,"I guarantee tonight's performance will be a knockout."""
4282,3077,11,41,230,282,1.2234042553191489,0.029917381992290507,644,"This piece is titled, ""Eye of the Tiger in B, C, D, G, and F."""
3118,3077,13,37,232,282,1.2234042553191489,0.03074943945817417,644,Now for my feisty version of Brahms's 'Lullaby.
1102,3077,11,41,230,282,1.2234042553191489,0.029917381992290507,644,My next piece is Mozart's Sonata in B flatten major.
3540,3077,10,43,229,282,1.2234042553191489,0.0294925516768723,644,"I'm gonna knock out this tune so badly, you won't even recognize it by the time I'm done !"
1712,3083,11,43,237,291,1.2233676975945018,0.029306698294974967,644,Let's get ready to ready to rumble!
3170,3083,8,49,234,291,1.2233676975945018,0.028067491757722555,644,"Mom, I'm having that bad dream again where they announce I'll be playing, 'Fight Of The Bumblebee.'"
3880,3083,15,35,241,291,1.2233676975945018,0.030881718326487423,644,"For the first round, I shall play Chopsticks."
3909,3083,11,43,237,291,1.2233676975945018,0.029306698294974967,644,"Next, I'll be playing ""Great Balls of Fire """
4851,3083,11,43,237,291,1.2233676975945018,0.029306698294974967,644,A few more sonatas and I will have Beethoven on the ropes.
861,3088,8,44,217,269,1.2230483271375465,0.029471547422391598,644,"See dad where  ""pounding the keys"" got me!"
3494,3089,10,44,233,287,1.2229965156794425,0.0291460921599473,644,Not to worry there is only one large ebony and one large ivory key
5504,3089,11,42,234,287,1.2229965156794425,0.029561132695154903,644,"My left hook is quite sharp, but my right jab is flat"
93,3089,10,44,233,287,1.2229965156794425,0.0291460921599473,644,"As a matter of fact, I was somewhat suspicious when my manager referred to this gig as ""undercard."""
1072,3089,11,42,234,287,1.2229965156794425,0.029561132695154903,644,"Adrian, my music."
2614,3093,7,52,237,296,1.222972972972973,0.027342976887382735,644,The odds in Vegas are 25 to 1 that I defeat the piano.
3280,3093,11,44,241,296,1.222972972972973,0.028969905519927563,644,"Oh, you wanted something by the Bachs?"
3486,3093,13,40,243,296,1.222972972972973,0.02975002430618034,644,I’ll knock out a few rounds for you now.
3680,3093,8,50,238,296,1.222972972972973,0.027758649917752523,644,I thought it should sound more bombastic.
4593,3097,14,40,251,305,1.222950819672131,0.029527364113213328,644,You guys like “Chopsticks”?
1543,3098,11,37,217,265,1.2226415094339622,0.031145500163544313,644,Now for a demonstration of late 20th century classical piano compositions.
1932,3098,8,43,214,265,1.2226415094339622,0.02973682711936288,644,"This next piece is called ""Two gloves on eighty-eight keys""."
3227,3098,8,43,214,265,1.2226415094339622,0.02973682711936288,644,...and attempting to play Sonata No. 14 WHILE sanctioned by the Nevada State Athletic Commission...
1994,3101,12,37,225,274,1.2226277372262773,0.030899569607094095,644,"Heckle me one more time and I swear you're going to be the one ""off key""."
1099,3102,11,41,231,283,1.2226148409893993,0.029821929521087708,644,And now....my homage to Simon and Garfunkel.
1597,3103,11,43,238,292,1.2226027397260273,0.029216176481515047,644,And now Knockout in B flat minor.
4009,3103,8,49,235,292,1.2226027397260273,0.027981663150133822,644,I just can't fight this feeling anymore.
4564,3103,13,39,240,292,1.2226027397260273,0.03001098629779907,644,"If you please, let us now prepare ourselves to Rumble."
588,3106,11,47,252,310,1.2225806451612904,0.028100964724272638,644,"As requested, I will now play The Boxer."
4825,3106,10,49,251,310,1.2225806451612904,0.02772697625554414,644,I believe I left an order for the piano with the very large keys.
4824,3108,11,42,235,288,1.2222222222222223,0.029468485207491422,644,You cannot force an individual to succeed in something when their heart is desiring another.
4693,3108,13,42,251,306,1.2222222222222223,0.02907349795588886,644,"And now, Mike Tyson’s favorite sonata."
3808,3108,10,44,234,288,1.2222222222222223,0.029055033124847866,644,"For my next piece, ""Great Balls of Fire"" by Jerry Lee Lewis."
3013,3108,8,42,211,261,1.2222222222222223,0.030009113241786595,644,"Oh no, I forgot the sheet music!"
2138,3108,11,44,242,297,1.2222222222222223,0.02888195805055757,644,"…and now, I’d like to perform Sugar Ray’s Piano Concerto No. 2 in F Minor."
5064,3108,11,38,221,270,1.2222222222222223,0.03074786465546969,644,And now I will play something soft yet powerful.
1513,3108,9,44,226,279,1.2222222222222223,0.029219809187248296,644,"For my next piece, ""Rocky"" in D minor."
124,3108,10,48,248,306,1.2222222222222223,0.027946024280834512,644,And now I shall play the theme from Rocky.
762,3108,10,46,241,297,1.2222222222222223,0.028485390607891348,644,"And now “The Boxer,” by Simon and Garfunkel."
1610,3108,11,38,221,270,1.2222222222222223,0.03074786465546969,644,Next piece is for the Poughkeepsie “his Beethoven lacked punch” Times-Herald.
1346,3108,8,50,239,297,1.2222222222222223,0.027675213324997137,644,Just sayin' The Boxer would have peaked higher than seven on Billboard's Hot 100 if Simon and Garfunkel had thought of this.
987,3108,11,46,249,306,1.2222222222222223,0.028326835507465696,644,I'm thinking outside of the boxing ring.
2528,3120,13,43,255,311,1.2218649517684887,0.028750437927598113,644,"Millenials are tone-deaf to high culture, so what does it matter?"
2396,3121,11,41,232,284,1.221830985915493,0.029727073497277465,644,"Next,  I will play Float Like a Butterfly, Sting Like a Bee by Cassius Clay"
4359,3121,7,49,228,284,1.221830985915493,0.028002888180872737,644,"For my next selection, the prelude to We Will Rock You."
4718,3121,7,49,228,284,1.221830985915493,0.028002888180872737,644,I guess I'll roll with the punches.
1432,3124,8,43,215,266,1.2218045112781954,0.029636645215047344,644,"And In This Corner...""The Well Tempered Clavier"" by J.S. Bach"
2331,3124,9,41,216,266,1.2218045112781954,0.030111518700360173,644,And now I will perform the newly-discovered very last symphony composed by Beethoven when he was both deaf and blind.
60,3126,8,54,254,316,1.2215189873417722,0.026611922198801968,644,Be ready for something different.
761,3127,12,44,251,307,1.221498371335505,0.02861810402117828,644,"This next piece is ""Etude in B-flat"" by Joe Lewis."
3366,3128,10,46,242,298,1.221476510067114,0.028399433265752852,644,My next selection is Flight of the Bumblebee.
2261,3129,12,40,237,289,1.221453287197232,0.02978258669821305,644,And we'll conclude the evening with a knock out medley from the  Lord of the Rings soundtrack.
3684,3129,10,44,235,289,1.221453287197232,0.028964530574043103,644,"For my next piece, I shall work the body, relentlessly."
3912,3129,14,36,239,289,1.221453287197232,0.030578765663422,644,"Everybody now! 
'...float like a butterfly, sting like a bee...
My name is Muhammad... Muhammad Ali!!!'"
4728,3129,12,40,237,289,1.221453287197232,0.02978258669821305,644,This is nothing.  Try using chopsticks to eat with these things on!
3582,3133,12,38,230,280,1.2214285714285715,0.030416007204396796,644,I have to go to the bathroom.
4051,3133,11,40,229,280,1.2214285714285715,0.02999219658099509,644,"And for my encore, I'll be playing the finale to ""The 1812 Overture""."
4384,3133,11,40,229,280,1.2214285714285715,0.02999219658099509,644,Dang.These talent contests are brutal.
649,3136,9,42,220,271,1.2214022140221403,0.02973985590234317,644,I can easily cover 2 octaves this way.
1409,3137,9,40,213,262,1.2213740458015268,0.030391435305627063,644,I'd like to thank the Mike Tyson Foundation for commissioning the next piece.
997,3137,7,44,211,262,1.2213740458015268,0.029413337355201772,644,Let's see if you can stand me for 12 rounds.
896,3139,9,49,245,303,1.221122112211221,0.027694708910622888,644,Common time?! I only know the ole' one-two!
1545,3140,11,41,233,285,1.2210526315789474,0.029632808479881156,644,"And now for ""Float like a butterfly, sting like the flight of the bumble bee."""
1803,3140,11,41,233,285,1.2210526315789474,0.029632808479881156,644,"And now I'd like to play the theme from""Rocky """
5366,3140,9,45,231,285,1.2210526315789474,0.02878687227626581,644,"You've just heard me float like a butterfly. Now, listen as I sting like a bee."
5519,3140,11,41,233,285,1.2210526315789474,0.029632808479881156,644,Next up: Mozart and Salieri's piano concerto collaboration
781,3144,11,39,226,276,1.2210144927536233,0.030264124075996955,644,if someone boos’s one more time you’re gonna get it
2484,3144,11,39,226,276,1.2210144927536233,0.030264124075996955,644,...and now I'd like to play a selection from the concerto for piano and boxing gloves in the key of whatever.
3144,3144,11,39,226,276,1.2210144927536233,0.030264124075996955,644,I feel like my current job is boxing me in.
1425,3147,11,35,212,258,1.2209302325581395,0.0316468464463314,644,And now I take the gloves off and play a mean Chopin.
2497,3148,13,44,260,317,1.220820189274448,0.02835565047210747,644,I usually have a sheet music page turner.
290,3149,12,44,252,308,1.2207792207792207,0.028534100655866992,644,"Elton, Wednesday night is NOT alright for fighting."
2488,3150,12,40,238,290,1.2206896551724138,0.029689532598023503,644,Piano Concert on Boxing Day.
3201,3150,14,36,240,290,1.2206896551724138,0.03048270571061939,644,"Trump being an ineffective president produces a most disharmonious effect, the same as playing a piano with boxing gloves on."
4566,3150,10,44,236,290,1.2206896551724138,0.028874579552574834,644,"""Ali never had to play the piano."""
2678,3153,7,48,226,281,1.2206405693950177,0.028143787222874382,644,I will just punch out a few tunes  for you
211,3154,5,50,217,272,1.2205882352941178,0.027750454377869556,644,His symphonies really pack a punch.
1980,3155,9,40,214,263,1.220532319391635,0.030287356602677066,644,Let's see you try to 'beat it eight to the bar' with these damn things.
2428,3155,8,42,213,263,1.220532319391635,0.02980434400151712,644,I'll punch it out!
2505,3157,7,42,205,254,1.220472440944882,0.029952693529358393,644,"And now, Concerto in C Minor by the great Rocky Marchiano."
2880,3157,7,42,205,254,1.220472440944882,0.029952693529358393,644,Ladies and Gentlemen...Let's get ready to rhumbaaaaaaaaa!!!
1879,3159,9,47,239,295,1.2203389830508475,0.02813999651593252,644,At this point I can only play the Rocky theme.
5276,3160,11,41,234,286,1.2202797202797202,0.02953912909169358,644,"And now, a largo in fall flat."
3982,3160,7,49,230,286,1.2202797202797202,0.027828271252940216,644,"What I said was, I could outplay you with one hand tied behind my back...!"
2225,3162,11,39,227,277,1.220216606498195,0.03016522348570238,644,"Somewhat shatters the illusion, don't you think?"
3356,3162,14,33,230,277,1.220216606498195,0.0314391686154452,644,"And now, another of Box cantatas..."
188,3164,10,39,219,268,1.2201492537313432,0.03037286547019976,644,My next selection is Rope-a-Dope in C Major.
82,3165,9,39,211,259,1.22007722007722,0.030572147909872952,644,"And for my encore this evening, I give you ""Fight of the Bumblebee""."
5406,3166,12,40,239,291,1.2199312714776633,0.02959704867089968,644,"For my encore,I wish to play the beloved piano solo,Chopin's ""SP'ZJMVPOIALKNCV38XSLAEADSNZKSX."""
356,3167,8,46,228,282,1.2198581560283688,0.02850099179822982,644,"So many times, it happens too fast. You trade your passion for glory."
520,3167,10,42,230,282,1.2198581560283688,0.029373198926947904,644,My manager said I needed a knock-out tune.
859,3167,9,44,229,282,1.2198581560283688,0.028940381378662037,644,pianissimo
5060,3170,9,42,222,273,1.2197802197802199,0.029543769915786413,644,"On now, next on the program: Box Well-Tempered Clavier"
3935,3171,15,26,214,255,1.219607843137255,0.033732814066660004,644,88 Keys to Anger Management : “#1: instead of tickling the ivories beat them to a pulp”.
4527,3172,9,47,240,296,1.2195945945945945,0.028054645189570328,644,It's called Rhapsody in Gloves
5654,3173,7,49,231,287,1.2195121951219512,0.027741758627505112,644,Now a surprise treat -- a little composition I wrote as a ham-fisted beginner.
4916,3173,13,37,237,287,1.2195121951219512,0.03026219489550026,644,Do I hear another request for “Eye of the Tiger?”
3341,3173,9,36,201,246,1.2195121951219512,0.0315903190429077,644,Did you say forte or fortissimo?
152,3173,13,37,237,287,1.2195121951219512,0.03026219489550026,644,"For the Scriabin, the gloves come off!"
2981,3173,10,43,234,287,1.2195121951219512,0.029029343875120534,644,Rachmaninov is merciless. So am I.
3145,3173,10,43,234,287,1.2195121951219512,0.029029343875120534,644,Now I Will Play My Opus Trumpus.
1837,3179,13,44,262,319,1.219435736677116,0.02819453961255021,644,This piece is dedicated to Muhammad Ali.
5626,3180,8,43,218,269,1.2193308550185873,0.0293400282431487,644,"And now, Michael Jackson's ""Beat it."""
2411,3181,11,42,239,292,1.2191780821917808,0.02910353105204561,644,No. I can’t play “Flight of the Bumblebee.”
3431,3181,11,42,239,292,1.2191780821917808,0.02910353105204561,644,Next I will perform for you one of the lesser known piano compositions by the legendary John Cage.
5458,3183,8,46,229,283,1.2190812720848057,0.02841072684619497,644,Tickle the ivories? More like pummel 'em.
4324,3183,10,42,231,283,1.2190812720848057,0.02927953115531587,644,How about a little Duke Ellington?
2344,3183,13,36,234,283,1.2190812720848057,0.030536425163959945,644,I call it Rocky 'n' Roll.
1166,3183,9,44,230,283,1.2190812720848057,0.028848399822210383,644,"And now, my latest composition, 'Glissando Waltz'."
910,3187,13,43,259,315,1.2190476190476192,0.028419370926805975,644,"Next, I will get out of this piano all that I can."
531,3188,8,44,222,274,1.218978102189781,0.028989126010772404,644,"Theme song from ""Rocky""? Sorry, I don't know that one. Any other requests?"
683,3188,6,48,220,274,1.218978102189781,0.028051647381913073,644,This original composition will really knock you out.
2172,3188,10,40,224,274,1.218978102189781,0.029897222829180836,644,"Bored silly by my insane virtuosity, I’ve taken up concert pugilism."
1378,3191,8,42,215,265,1.2188679245283018,0.029602295329177415,644,"Does it start...Ba,Ba,Ba,BOOM!"
2929,3192,14,37,246,297,1.2188552188552189,0.029934258277410874,644,and now a litta numba I pound..it's called Lights Out...
4754,3192,10,45,242,297,1.2188552188552189,0.02837357445967375,644,I thought this was a dueling pianos bar.
3686,3194,7,42,207,256,1.21875,0.029743078779677763,644,"Oh, so you meant handle with 'Kid gloves?'"
4050,3194,12,39,237,288,1.21875,0.029762812123218425,644,And now I shall play the Flyweight of the Bumblebee.
2818,3194,14,35,239,288,1.21875,0.03056498530276541,644,And now I'd like to perform Beethoven's Pugilist's Polka in the key of ABCDEFG.
162,3197,6,49,224,279,1.2186379928315412,0.027735011092928186,644,Hit 'em with the old one an' a two...
3230,3197,9,43,227,279,1.2186379928315412,0.029096190630191927,644,This next number is from Ali's 'The Ring Cycle'.
4740,3197,9,43,227,279,1.2186379928315412,0.029096190630191927,644,Wait until you heard it.
3721,3200,10,46,246,302,1.218543046357616,0.028060633732673933,644,I  shall now play Chopin's Minute Waltz in ten seconds. It's a Knock Out!
4197,3200,8,50,244,302,1.218543046357616,0.02726528439630809,644,"Now, I will fight through Schumann’s Toccata in C Major Op. 7."
2947,3202,10,39,221,270,1.2185185185185186,0.03016942552723472,644,"When I'm through with it, it'll be a mini grand piano."
2984,3202,6,47,217,270,1.2185185185185186,0.028285100576100647,644,"I will now perform my masterwork:
Piano Destruction in D"
1821,3204,7,50,236,293,1.2184300341296928,0.027354842568313328,644,Be-Bop
3651,3204,11,42,240,293,1.2184300341296928,0.029013676425062123,644,"I call my next composition,""TKO in A Minor."""
5139,3206,10,42,232,284,1.2183098591549295,0.0291864482664425,644,My next piece is “Punchinello” in B flat.
3617,3206,9,44,231,284,1.2183098591549295,0.02875699000850412,644,"For my next song, a piece played solely on black and blue keys."
5610,3206,8,46,230,284,1.2183098591549295,0.028321020219771165,644,"Now, this piece must be played with a one-two punch."
511,3206,13,36,235,284,1.2183098591549295,0.030438489229777488,644,"This next piece I am going to play for you this evening is a ""real knockout""."
3059,3206,11,40,233,284,1.2183098591549295,0.029609678324329074,644,I bite my nails before I play and these help me to stop.
5348,3211,11,38,226,275,1.2181818181818183,0.030241033683326875,644,My teacher said I had to fight to make it to the top!
2115,3212,7,51,240,298,1.2181208053691275,0.02706296346053412,644,"And a left, and a right, and a left right left right."
5063,3212,16,33,249,298,1.2181208053691275,0.030590521956456083,644,My critics say I can never hit the right key...
3708,3214,12,29,202,243,1.2181069958847737,0.03335891509384348,644,"For my last number, Mozart's Sonata in D TKO.576"
706,3215,12,46,263,321,1.2180685358255452,0.02768579309911465,644,Any requests or should I just F you up?
3875,3216,13,37,239,289,1.217993079584775,0.030071529006882796,644,"I'm sorry sir, that's not possible. I'm wearing boxing gloves."
5596,3216,13,37,239,289,1.217993079584775,0.030071529006882796,644,"And next, I'll play cxlaeirr dfee lyunme."
1997,3216,12,39,238,289,1.217993079584775,0.029669304630894937,644,"Welcome to the premiere performance of 
the Boxing Ring Cycle."""
4537,3219,13,42,257,312,1.2179487179487178,0.02856596178028448,644,Bach's...ing gloves
109,3220,12,37,231,280,1.2178571428571427,0.0302977869164438,644,"My next selection is, Beat me daddy eight to the bar."
4406,3220,8,45,227,280,1.2178571428571427,0.028557824462216583,644,Tonight we will be beating out Beethoven's 5th.
1998,3222,12,42,249,303,1.2178217821782178,0.02874778276385424,644,I will now pound out my last tune.
771,3223,9,41,221,271,1.2177121771217712,0.029610699346395656,644,"And now, excerpts from The Ring, by Sonny Liszton."
825,3223,11,37,223,271,1.2177121771217712,0.030519841564487785,644,If he doesn't C sharp he’ll B flat.
3415,3225,14,41,262,317,1.2176656151419558,0.02860774496998584,644,This next piece is “Beethoven’s Fists in A Minor Fight”.
3923,3226,8,41,213,262,1.217557251908397,0.02976889247451365,644,Can I start again?
1786,3227,10,42,233,285,1.2175438596491228,0.029093944930184742,644,"My parents always called it banging, so here it is!"
1891,3227,10,42,233,285,1.2175438596491228,0.029093944930184742,644,But I have bone spurs in my hands!
1061,3227,10,42,233,285,1.2175438596491228,0.029093944930184742,644,"Don't worry ladies and gentlemen, I'm just the undercard."
1757,3227,13,36,236,285,1.2175438596491228,0.03034117031417107,644,"And now, without further ado, let us bid a final farewell to the jerk first violinist."
763,3231,8,44,224,276,1.2173913043478262,0.028800463357038394,644,Contrapunto on a Divorce
1858,3231,8,44,224,276,1.2173913043478262,0.028800463357038394,644,Know it?? I wrote it!!
3437,3231,14,32,230,276,1.2173913043478262,0.03142561783606697,644,"And now, ""The Well-Tempered Clavier,"" by Johann Sebastian Box."
3901,3231,11,43,245,299,1.2173913043478262,0.02859758522561977,644,This next one is a bit heavier...
436,3235,12,39,239,290,1.217241379310345,0.029576373667030757,644,which one of my arts have you come to see?
3261,3235,13,37,240,290,1.217241379310345,0.029977080913047453,644,Welcome to Full Contact Sonatas.
4540,3235,10,43,237,290,1.217241379310345,0.028758214091641757,644,"I shall now perform my rendition of LL Cool J's ""Mama Said Knock You Out"""
5207,3238,7,44,216,267,1.2172284644194757,0.02892008145314702,644,I call it the Boxing Day Concerto.
3711,3238,9,40,218,267,1.2172284644194757,0.029877946515437837,644,"And now, for the main event, the ""Hammerklavier"" Sonata."
1358,3238,10,38,219,267,1.2172284644194757,0.030345542940285592,644,Was that Box or Bach ?
2817,3238,8,42,217,267,1.2172284644194757,0.0294029148149977,644,"And now a piece by our esteemed conductor, Michael Tyson Thomas."
1675,3242,12,42,250,304,1.2171052631578947,0.028662019134819885,644,"And now, a little thing called ""One Note Samba."""
3571,3242,9,48,247,304,1.2171052631578947,0.027502240783764093,644,I told you that I was a pianist not a pugilist!
319,3244,7,47,227,281,1.217081850533808,0.02801653751164307,644,"Pound it once, Sam. For old times' sake."
814,3245,7,42,209,258,1.2170542635658914,0.029536317822744892,644,"And now, the Marquess of Queensbury Symphony."
3313,3246,7,45,220,272,1.2169117647058822,0.028578346980499873,644,what?   you said we were doing rounds...
147,3247,4,54,228,286,1.2167832167832169,0.02634190056127746,644,I punched out this next piece earlier today.
5104,3247,13,36,237,286,1.2167832167832169,0.03024446271566744,644,"...and in this corner, we have C#."
4893,3249,7,43,213,263,1.2167300380228137,0.0291737404017122,644,These are perfect for BACHsing!
696,3249,8,41,214,263,1.2167300380228137,0.02966702171845787,644,"I'm pounding the keyboard, like you asked."
1286,3251,10,40,227,277,1.2166064981949458,0.02960429177168544,644,"I'm happy to take requests, Madam, but Chopsticks is off the table."
218,3252,10,48,256,314,1.21656050955414,0.027304713093129745,644,"l""My piano style is to float like a butterfly and sting like Ali."""
595,3253,9,37,208,254,1.2165354330708662,0.030832582544373103,644,"And now, Rocky's Fifth Symphony in Creed major."""
1955,3254,11,41,239,291,1.2164948453608246,0.029079332740498617,644,This fugue is a knockout.
4930,3254,10,43,238,291,1.2164948453608246,0.028668939676445654,644,I'm a bit out of practice so I'm just gonna roll with the punches.
2841,3256,10,38,220,268,1.2164179104477613,0.030242965205276993,644,Good evening.  I'm Rocky Marcipiano.
3083,3256,8,42,218,268,1.2164179104477613,0.02930420909180544,644,A funny thing happened on my way to the concert you all paid a lot of money for .....
4512,3258,9,48,248,305,1.2163934426229508,0.027421161755553237,644,"Pyotr Pavlosky, Pugilist Pianist"
3155,3259,10,41,231,282,1.2163120567375887,0.02925182943837225,644,I hope no one notices that my socks don't match.
5601,3259,11,39,232,282,1.2163120567375887,0.029680105565029022,644,I will now knock out 'The Theme From Rocky' for you....
2927,3261,6,57,256,319,1.2163009404388714,0.02552175040224603,644,It was try this or brain surgery
5299,3262,6,52,238,296,1.2162162162162162,0.02668125124768386,644,This one is a punchy number
4523,3262,12,40,244,296,1.2162162162162162,0.029143004808983,644,I feel as though my career is at a crossroads.
1922,3262,8,48,240,296,1.2162162162162162,0.027526309024764346,644,"And now, I’d like to play my new composition, the Rocky Balboa Piano Sonata #5."
4837,3265,13,41,256,310,1.2161290322580645,0.02863045662666085,644,"And now ""Mama Said Knock You Out"" in G minor."
1002,3266,9,44,234,287,1.21602787456446,0.028486139557506528,644,"Believe me, this is for your own good."
1081,3266,6,50,231,287,1.21602787456446,0.027172826735849444,644,Maestro - sote voce please.
1258,3266,10,42,235,287,1.21602787456446,0.028910655905983053,644,The Boxer”? Don’t know that one
1701,3266,13,36,238,287,1.21602787456446,0.030148360801002045,644,"And now, the viral ""Piano Cat"" arranged for a human"
3535,3266,10,42,235,287,1.21602787456446,0.028910655905983053,644,I am also a great lover.
3863,3266,9,44,234,287,1.21602787456446,0.028486139557506528,644,I'm taking requests.
2019,3272,12,41,248,301,1.2159468438538206,0.028812498662472694,644,"And for my encore I will play ""The Fight of the Bumble Bee."""
3121,3273,7,43,214,264,1.2159090909090908,0.029074616109409257,644,"Now for the percussion crescendo, molto allegro"
3470,3274,10,40,228,278,1.2158273381294964,0.02950789799974185,644,I'd rather punch a clock.
805,3274,11,38,229,278,1.2158273381294964,0.02994474989952024,644,The next movement has many sharps.
282,3276,9,45,238,292,1.2157534246575343,0.028165424443775046,644,Next I will punch out an original tune
5214,3276,11,41,240,292,1.2157534246575343,0.028989057667776152,644,"Lie-le-lie, Lie-le-lie-lie-lie-le-lie, Lie-le-lie, Lie-le lie-lie-lie-le-lie, Lie-le-lie-lie-lie ..."""
105,3278,12,42,252,306,1.2156862745098038,0.028491993586171584,644,"Yo, Beethoven."
5603,3278,7,52,247,306,1.2156862745098038,0.026545188164793756,644,"Jolly good Boxing Day recital, isn't it?"
4868,3280,10,49,261,320,1.215625,0.02694653125413536,644,"This next one goes out to my good friend, 'Sly"" Stallone!"
1330,3281,9,43,231,283,1.215547703180212,0.028725352130540022,644,"And now, a selection by Beat-hoven."
4570,3281,14,33,236,283,1.215547703180212,0.030829364522943752,644,"I always say folks, 'float like a butterfly, sting like a Flight of the Bumblebee.'"
5057,3281,9,43,231,283,1.215547703180212,0.028725352130540022,644,"Float like a high C, sting like a C#"
52,3284,10,44,243,297,1.2154882154882154,0.028259960682031335,644,"Mike Tyson, this one's for you."
1162,3285,9,38,213,260,1.2153846153846153,0.030327991585880315,644,You got a problem with that?
958,3285,9,38,213,260,1.2153846153846153,0.030327991585880315,644,"Pianissimo enough for you now, Maestro?"
1690,3287,9,41,224,274,1.2153284671532847,0.029317983145008004,644,I get punchy before a performance.
2706,3288,9,44,235,288,1.2152777777777777,0.02839696554511014,644,"I call it ""Float like a butterfly sting like flight of the bumblebee."""
3354,3288,10,42,236,288,1.2152777777777777,0.02881985986621563,644,"And now, an old Simon & Garfunkel favorite ..."
3357,3290,8,38,205,251,1.2151394422310757,0.030502424988705156,644,"My sonatas are impetuous, my concertos are impregnable, and my etudes are just ferocious."
3429,3291,10,37,218,265,1.2150943396226415,0.0304200680620882,644,I will now play for you Frédéric Chopin's Nocturne in C-Sharp Minor featuring a right uppercut-left hook combination.
5048,3291,7,43,215,265,1.2150943396226415,0.02897614963364897,644,"For my next selection, ""Fight of the Bumblebee"""
2517,3293,7,46,226,279,1.2150537634408602,0.028066266250147374,644,I only heard play Rocky not Rachmaninoff.
363,3293,9,42,228,279,1.2150537634408602,0.028970449550071546,644,Helps keep the beat.
407,3293,10,40,229,279,1.2150537634408602,0.029412119442294195,644,My next piece is the theme from the 'Rocky' movies.
497,3296,8,47,238,293,1.2150170648464165,0.027659390835346267,644,I'll just roll with the punches.
1634,3297,13,43,265,321,1.2149532710280373,0.027936604965393685,644,I'm a little punchy.
656,3298,9,31,188,228,1.2149122807017543,0.03303131345251257,644,"If you liked the last one, you should like this one too."
4919,3299,8,36,198,242,1.2148760330578512,0.03121469131944278,644,"Ladies and Gentlemen, put your hands together for our latest sensation, Beat-hoven!"""
505,3300,8,39,209,256,1.21484375,0.030109988772273256,644,Oh SRO? I thought they said TKO.
3703,3300,6,43,207,256,1.21484375,0.02907467822801312,644,My manager thinks I need something to fall back on.
4233,3302,6,46,218,270,1.2148148148148148,0.028146843741742464,644,Sure. I'm a concert pianist; but I like to punch out a little jazz on the ivories just as much as the next guy!
1933,3303,12,37,235,284,1.2147887323943662,0.02990926059861496,644,"And now, my introduction to contemporary music, 101"
3114,3303,9,43,232,284,1.2147887323943662,0.028634088170820204,644,"And now, something a little more lively."
3911,3303,10,41,233,284,1.2147887323943662,0.029065362434258824,644,I’m sure the ad said pugilist wanted...
4631,3303,6,49,229,284,1.2147887323943662,0.027299416499125942,644,"Next I will play a piece from LL Cool J: ""Mama Said Knock You Out"" in F#m"
3043,3307,12,40,246,298,1.2147651006711409,0.02896520407302002,644,Thanks... I get Billy Joel a lot!
3317,3307,9,46,243,298,1.2147651006711409,0.027770326481533422,644,Bom	Bom 	Bom	Bommm!
2087,3307,10,44,244,298,1.2147651006711409,0.02817425013952521,644,"So far, I can only play the first eight notes of Beethoven's Fifth Symphony"
2197,3307,7,50,241,298,1.2147651006711409,0.026944319565054844,644,"Tonight I will  be performing ""Eye of the Tiger"" in D# Major"
261,3311,9,52,265,326,1.2147239263803682,0.0262433748853685,644,I’m a Bachser by trade.
2221,3312,9,41,225,275,1.2145454545454546,0.029221670286916208,644,You'll have to forgive me if my Bachsing is a little Rocky.
4299,3312,9,41,225,275,1.2145454545454546,0.029221670286916208,644,"Any other beatboxers in the audience, tonight?"
1074,3314,11,40,238,289,1.2145328719723183,0.02914481838176073,644,Box Toccata and Fugue has been requested.
4136,3314,9,44,236,289,1.2145328719723183,0.02830833798448646,644,"I dedicate this song to Mrs. Shirley Abercrombie, who sent me packing from this keyboard, sobbing, 'Never again Jimmy!'"
5085,3316,11,43,249,303,1.2145214521452146,0.02825553098529406,644,"And in the red corner, weighing in at 165 pounds, hailing from St Petersburg, Russia... Dmitri Shostakovich!"""
3640,3317,11,46,260,317,1.2145110410094637,0.027437886424101963,644,Liberace's Nightmare
4133,3318,11,41,242,294,1.2142857142857142,0.028810151729929952,644,Rocky the Musical
5577,3318,12,33,221,266,1.2142857142857142,0.031238154636419668,644,His playing was a bit Rocky...
5131,3318,11,44,253,308,1.2142857142857142,0.0279480624844784,644,"To begin,I'd like to punch out a concerto by Bach."
4910,3318,10,40,230,280,1.2142857142857142,0.0293169503594352,644,"For my next selection,I will play ""The Flight of the Bumblebee""."
3767,3318,11,41,242,294,1.2142857142857142,0.028810151729929952,644,I'm now going to play Beethoven's Fist Symphony followed by a Bop cantata.
2878,3318,4,55,235,294,1.2142857142857142,0.025836069667789983,644,"For my next piece, I will play 'Great Balls of Fire.'"
3156,3318,8,47,239,294,1.2142857142857142,0.02757485101227213,644,This next one is experimental but it got a lot of hits online ...
3092,3318,8,44,228,280,1.2142857142857142,0.02843027086342758,644,"Sorry, I can't perform tonight, this piano is out of tune."
3447,3318,8,44,228,280,1.2142857142857142,0.02843027086342758,644,"And now, Bach's Concerto in C # or B ♭."
2790,3318,8,35,195,238,1.2142857142857142,0.0315288520799813,644,"Next, a smashing transcription of The Ring Cycle."
397,3328,11,39,235,285,1.2140350877192982,0.029396335608109662,644,I will now play “Bust You in the Chopsticks.”
3754,3328,10,41,234,285,1.2140350877192982,0.028973002704362184,644,This next piece is by Simon and Garfunkel.
4620,3328,10,41,234,285,1.2140350877192982,0.028973002704362184,644,"My next piece will be ""Float Like a Butterfly, Sting Like a Bee,"""
5034,3331,3,52,216,271,1.2140221402214022,0.026552316291418084,644,And now my version of Paul Simon’s “The Boxer.”
3041,3331,6,46,219,271,1.2140221402214022,0.028053989385606215,644,"And now for a little number called ""Punch Drunk""."
2858,3333,12,31,214,257,1.2140077821011672,0.03196639258836736,644,Must be how Trump attempts to play pianissimo
3507,3334,13,42,263,318,1.2138364779874213,0.028075576516164907,644,"As an encore, I pound my way through some Liszt!"
1934,3335,11,43,250,304,1.2138157894736843,0.028171271248489598,644,"And now, 'Mars the Bringer of War' by Gustav Holst."
2004,3336,10,42,238,290,1.2137931034482758,0.028639939301781405,644,"It’s my brother’s idea. I love him. 
But don’t expect much."
3550,3336,11,40,239,290,1.2137931034482758,0.029053564738002236,644,"I've heard of tickling the ivories, but punching the ebonies?"
3928,3336,12,38,240,290,1.2137931034482758,0.029461383619254048,644,And now I will fight the piano.
5126,3336,9,44,237,290,1.2137931034482758,0.028220251990975546,644,"I told you, I'm a pugilist."
4964,3340,10,39,227,276,1.213768115942029,0.029574871192500036,644,Beethoven's Pugilistica Sonata in B-Flat!
3513,3341,12,39,244,295,1.2135593220338983,0.0291201866893422,644,"This next piece is entitled “float like a butterfly, sting like a Beethoven”"
2183,3341,9,45,241,295,1.2135593220338983,0.02790707900091799,644,Symphony in flat accidentals!
2944,3343,9,42,230,281,1.2135231316725978,0.02878416872761233,644,J.S. Box  prelude and fugue in b minor.
1521,3344,10,37,220,267,1.2134831460674158,0.03021318112572702,644,"For my next selection, I would like to play ""Fight of the Bumblebee."""
1522,3344,11,35,221,267,1.2134831460674158,0.030675667916075445,644,"The Pizzicato Polka, performed pugilistically."
1741,3344,6,45,216,267,1.2134831460674158,0.02828772101620377,644,I'm just punching keys
4535,3344,7,43,217,267,1.2134831460674158,0.028781164824446027,644,"While I'm confident this will relieve some of the violence of the Rachmaninoff, I fear something essential may be lost."
4605,3348,9,36,208,253,1.2134387351778657,0.030798170848773895,644,This is Chopin’s Knockout in E minor.
3746,3349,10,41,235,286,1.2132867132867133,0.028881218394873894,644,You think it's easy to play this way ?
4012,3350,7,44,221,272,1.213235294117647,0.028442769085789344,644,I’m trying to beat out a tune.
4490,3350,13,32,227,272,1.213235294117647,0.031173496096396518,644,"Next, Schumann’s Tocatta—mezzo forte."
2427,3352,14,37,254,305,1.2131147540983607,0.029216756545985222,644,"Chopsticks, please...."
2952,3352,9,47,249,305,1.2131147540983607,0.027308739752389646,644,"Believe me, ladies and gentlemen, you will be grateful."
1309,3354,9,44,238,291,1.2130584192439862,0.02813270273593943,644,Now for the Flight of the Bumblebees in Colony Collapse.
5095,3355,11,37,229,277,1.2129963898916967,0.02991844654527,644,"I shall now play float like a butterfly, sting like a bee"
5302,3355,8,43,226,277,1.2129963898916967,0.02857678827989868,644,In case I get booed.
1161,3357,10,36,217,263,1.2129277566539924,0.030494346521256353,644,I’m sorry; all I can play is Simon & Garfunkel’s “The Bóxer.
2719,3358,10,46,254,310,1.2129032258064516,0.027406302353160845,644,These ivories are extra ticklish.
5130,3358,6,54,250,310,1.2129032258064516,0.02583775114122052,644,It keeps my playing punchy.
5281,3360,6,41,202,249,1.21285140562249,0.029494289758396422,644,It’s last call and I got a request for Nickelback. You kinda just have to roll with the punches.
2000,3361,7,49,240,296,1.212837837837838,0.02698619797384502,644,"I call this piece ""All the Wrong Notes"" which uncannily makes it all sound right."
5233,3361,10,43,243,296,1.212837837837838,0.028230615679803093,644,And now for something that's tough to play ...
5096,3363,7,46,229,282,1.2127659574468086,0.02779833291229444,644,These are the most ticklish ivories I've ever seen.
5033,3363,10,40,232,282,1.2127659574468086,0.02912841800169875,644,"For my next little number, the theme from Rocky."
4617,3363,8,44,230,282,1.2127659574468086,0.02824865401328703,644,And now the entire Rocky score through Creed 2.
3263,3363,7,46,229,282,1.2127659574468086,0.02779833291229444,644,"Piano? Why, no, I'd never lay a glove on it."
4076,3363,10,40,232,282,1.2127659574468086,0.02912841800169875,644,The told  me I was playing a boxed set.
4100,3363,7,46,229,282,1.2127659574468086,0.02779833291229444,644,I would like to welcome everyone to the Muhammad Ali Memorial Concert...
2485,3363,7,46,229,282,1.2127659574468086,0.02779833291229444,644,Nobody could hold a candle to Ol' Sugar Ray Tchaikovsky.
1617,3370,16,25,227,268,1.212686567164179,0.032777423054940705,644,This next concerto is dedicated to tonight's sponsor - The School for the Deaf
4291,3371,8,45,234,287,1.2125435540069687,0.027930853718240993,644,For those who are sitting ringside—the theme from 'Rocky'.'
4602,3371,13,35,239,287,1.2125435540069687,0.03003268185746737,644,I think this piano needs tuning.
3899,3373,12,41,253,306,1.2124183006535947,0.02838425670488307,644,"And now, C minor in 12 rounds."
4947,3374,9,37,213,259,1.2123552123552124,0.03029304840299087,644,"No, please. Not ""The Boxer"" again."
3673,3375,11,40,241,292,1.2123287671232876,0.028872734586523643,644,Any requests APART from Flight of the Bumblebee?
994,3375,10,42,240,292,1.2123287671232876,0.0284622142026936,644,I've been asked to tone it down.
2815,3377,6,47,225,278,1.2122302158273381,0.027557227553009954,644,Ok....so I'm not known for my delicate arpeggios.
4792,3377,14,31,233,278,1.2122302158273381,0.03109946635975538,644,Did I miss the punchline?
1066,3379,8,50,253,311,1.212218649517685,0.02655662481300466,644,"Up next, Eye of the Tiger."
5184,3379,8,50,253,311,1.212218649517685,0.02655662481300466,644,"I know — I could’ve been a contender, instead of a piano player .  .  .  which is what I am"
1083,3381,10,43,244,297,1.2121212121212122,0.028144527504970922,644,"It's ok, I'm the undercard."
1598,3381,10,43,244,297,1.2121212121212122,0.028144527504970922,644,"Oh, the other Rachy?"
5701,3381,6,44,214,264,1.2121212121212122,0.02843044671065238,644,"Merry England, holiday time, Boxing Day concert."
4524,3384,10,47,259,316,1.2120253164556962,0.027042689407796583,644,Tonight my concerto for the left hook.
4577,3385,10,40,233,283,1.2120141342756183,0.02903504358791209,644,"Well, this explains the tux."
4784,3385,10,40,233,283,1.2120141342756183,0.02903504358791209,644,"And now, the grand finale: Chopsticks."
723,3385,8,44,231,283,1.2120141342756183,0.028158696905324753,644,Now I will perform Rocky Balboa's Ringside rhapsody in g-flat minor.
633,3388,10,44,248,302,1.2119205298013245,0.02783645787010327,644,"I will now play ""Gonna Fly Now"" as it was originally composed by Rocky Balboa."
760,3389,7,43,219,269,1.211895910780669,0.028588736133892154,644,"Next is a little diddy I call, ""TKO""."
1877,3389,10,37,222,269,1.211895910780669,0.030009045660787038,644,"And in keeping with tonight's authentic concert series,  here's an old Simon and Garfunkel hit...""The Boxer.."""
3168,3389,11,35,223,269,1.211895910780669,0.030467772329416616,644,"For this next piece, I got my inspiration from Jerry Lee Lewis."
3581,3389,7,43,219,269,1.211895910780669,0.028588736133892154,644,Time to knock them out with my Mozart
3807,3389,10,37,222,269,1.211895910780669,0.030009045660787038,644,"Float like a Satie, Sting like a Stravinsky"
601,3394,8,52,261,321,1.2118380062305296,0.02602924449699128,644,"Preparing to play ""The Boxer"""
5262,3395,13,35,240,288,1.2118055555555556,0.02993731778914301,644,For my next selection: Chopstick
2130,3395,9,43,236,288,1.2118055555555556,0.02827465851704672,644,Here's my fortissimo crescendo without breaking a mano.
116,3395,11,39,238,288,1.2118055555555556,0.029117858014144352,644,Do I hear a request for “The Theme From ‘Rocky’?
4215,3398,12,41,254,307,1.211726384364821,0.028300108448837985,644,My dermatologist says I need to stop scratching my eczema.
2085,3399,8,42,224,274,1.2116788321167884,0.028725367835223163,644,Please wait until the end to tweet your reviews.
1479,3400,12,45,269,326,1.2116564417177915,0.027201675530915657,644,And now a prelude in C minor by Rocky Balboa
201,3401,11,40,242,293,1.21160409556314,0.028783148045776606,644,"And now, Marciano's First Sonata, traditionally performed as a round."
554,3401,10,42,241,293,1.21160409556314,0.028374162709846506,644,"And now, here to play the theme song from ""Rocky""..."
3269,3401,9,44,240,293,1.21160409556314,0.027959195402310746,644,I will now play “Chitty-Chitty Bang Bang”.
4067,3401,8,46,239,293,1.21160409556314,0.027537975699102223,644,"Next I shall play Mozart's Piano Concerto No. 21, K.O. 467"
1582,3405,9,41,229,279,1.2114695340501793,0.028842558187052617,644,And now....Anyone care to dispute my abilities in B Flat?
4397,3406,8,47,243,298,1.2114093959731544,0.02724170021165286,644,There would be no sequel to Concerto #1 by Rockymaninoff
4202,3406,12,39,247,298,1.2114093959731544,0.02885306885854408,644,Really? I thought this was how Thelonious Monk got his sound.
4037,3406,9,45,244,298,1.2114093959731544,0.027653346424169844,644,"Yes, I was the star of the 1939 movie Golden Boy. And yes, I was very musical. But I always wanted to be a boxer. Any other questions?"
2301,3409,14,39,264,317,1.2113564668769716,0.028407800369315707,644,And now for some Rachmaninov.
359,3410,8,40,217,265,1.211320754716981,0.02932586327705749,644,This next piece will knock your socks off.
3076,3411,6,48,230,284,1.2112676056338028,0.027168309691352564,644,Hold your applause until I get to the hook.
1527,3412,6,56,260,322,1.2111801242236024,0.025200143406965234,644,The refrain is a bit punchy.
4022,3413,7,43,220,270,1.211111111111111,0.02849346509102853,644,I have always been a fierce competitor!
4557,3413,10,37,223,270,1.211111111111111,0.02990799298558976,644,"And now, ladies and gentlemen, my rendition of the theme from Rocky."
2604,3415,12,37,240,289,1.2110726643598615,0.029437196413795077,644,"Actually, it’s a request from Mr. Steinway himself....."
4400,3415,6,49,234,289,1.2110726643598615,0.02687700160952951,644,"For my next selection, Eye of the Tiger."""
1667,3415,10,41,238,289,1.2110726643598615,0.0286092658703863,644,"I am just a poor boy
Though my story's seldom told
I have squandered my resistance
For a pocket full of mumbles, such are promises
All lies and jests
Still a man hears what he wants to hear
And disregards the rest..."
1789,3415,8,45,236,289,1.2110726643598615,0.02775665063692936,644,I’m just all thumbs!
63,3419,10,34,212,256,1.2109375,0.030969173230225657,644,I am proud to be a contender in this year‘s Van Cliburn competition...
2334,3419,7,40,209,256,1.2109375,0.029447884913145175,644,"Original ""Chops"""
2350,3421,9,40,226,275,1.210909090909091,0.029090909090909087,644,Hello Philly! Just for you the theme from Rocky.
4104,3421,7,44,224,275,1.210909090909091,0.02816372473954184,644,Fuego means fight doesn't it?
4900,3421,7,44,224,275,1.210909090909091,0.02816372473954184,644,"Now, I would like to conclude with an original composition.  I call it ""Ode to Ali"""
5544,3424,12,38,244,294,1.2108843537414966,0.029095863454031982,644,Turns out I’m my own worst enemy.
1713,3424,11,40,243,294,1.2108843537414966,0.02869410726992821,644,What was wrong with the hook?
2651,3424,9,44,241,294,1.2108843537414966,0.027873227939782887,644,"And now, my rendition of, ""The Thrilla in Manilla."""
3451,3424,8,46,240,294,1.2108843537414966,0.02745358551565836,644,I'm know for subtlety and nuance.
2233,3428,12,42,259,313,1.2108626198083068,0.027912230321237564,644,I will now play Ravel’s Left Foot Concerto.
5349,3429,6,43,212,261,1.210727969348659,0.028575049887371657,644,I shall now play the Marquess of Queensberry version of Debussy’s “Clair de Lune.”
2963,3429,4,47,210,261,1.210727969348659,0.027524327231281884,644,This piece will be played in fortissimo.
1101,3431,8,43,229,280,1.2107142857142856,0.028300527032154545,644,This sonata has a punchy finish.
2891,3431,9,41,230,280,1.2107142857142856,0.028749286405101857,644,My next piece is dedicated to the immortal Muhammad Ali...
3971,3431,12,35,233,280,1.2107142857142856,0.03005538860698972,644,"I shall now play ""Knockout!"" by the late John Cage."
70,3434,11,41,247,299,1.2107023411371238,0.028372253430871262,644,"""Yes, I can play the theme for Rocky."""
2990,3434,10,43,246,299,1.2107023411371238,0.027973891032081557,644,The Third Contender Sonata by R. Balboa
4970,3434,10,43,246,299,1.2107023411371238,0.027973891032081557,644,"Oh, no. I'm having a nightmare."
2444,3437,12,43,263,318,1.2106918238993711,0.027616828257624938,644,And now my rendition of “Hittin’ on the Keys.”
1835,3438,7,46,232,285,1.2105263157894737,0.02753536734481369,644,Tough Croud
4210,3438,11,30,206,247,1.2105263157894737,0.03221332679203168,644,This makes it much simpler to play some of today’s new symphonies
945,3438,9,42,234,285,1.2105263157894737,0.028418581558007208,644,"Sorry for the delay, folks - my trainer is looking for my mouthguard."
172,3438,8,48,248,304,1.2105263157894737,0.026874390934656652,644,I'm going to pound out my next selection.
3837,3442,14,37,258,309,1.2103559870550162,0.028870581828542415,644,"Sorry, it’s not tuned..."
5315,3442,9,47,253,309,1.2103559870550162,0.02698958270354809,644,My therapist suggested this when i forget the notes
5254,3444,10,41,239,290,1.210344827586207,0.028519731428346844,644,And now Rockymaninoff symphony #9 TKO.
5598,3444,8,45,237,290,1.210344827586207,0.027670346568012247,644,I MUST BE DREAMING
2520,3446,13,31,227,271,1.2103321033210332,0.031152757980466933,644,"For my next piece, a little number by Mr. Mike Tyson."
4776,3446,9,39,223,271,1.2103321033210332,0.02934552611748418,644,"And now one of my personal favorites, Rocky Balboa's Louie Louie in C minor."
2590,3448,11,40,244,295,1.2101694915254237,0.028605607386638986,644,At measure 40 it's a real knockout.
4186,3449,11,36,229,276,1.210144927536232,0.02989035611543447,644,I thought it said Concerto Fist Movement?
3025,3449,9,40,227,276,1.210144927536232,0.028995386985542222,644,"I call this one ""Back Home in Palookaville"""
1608,3449,10,38,228,276,1.210144927536232,0.029446271879041343,644,In a clearing stands a boxer/ And a fighter by his trade...
1381,3449,12,34,230,276,1.210144927536232,0.0303279384370346,644,"....and next, songs from the millennial generation."
1492,3453,15,33,252,300,1.21,0.029821094192917806,644,"And now ladies and gentleman, my classical rendition of  
LL Cool J's ""Mama Said Knock You Out""."
3803,3453,8,47,245,300,1.21,0.027078069551080535,644,"And now, from Rocky IV..."
3575,3455,14,36,255,305,1.2098360655737705,0.029110054887422226,644,"''No, there isn't intermission.''"
333,3456,10,40,236,286,1.2097902097902098,0.02875842196073678,644,Bare-knuckle piano playing is for savages.
536,3456,8,44,234,286,1.2097902097902098,0.02789216915887913,644,"I started wearing them to stop sucking my thumb. Turned out I'm pretty darn good."""
4396,3456,7,46,233,286,1.2097902097902098,0.02744879293785791,644,How do I open this thing?
3615,3459,7,42,218,267,1.2097378277153559,0.02863973318315658,644,"For my encore, I have been requested to take off my gloves and play ""The Theme from Rocky"""
5662,3460,9,43,239,291,1.2096219931271477,0.028010852775286352,644,I don't think I can box my way out of this one.
3713,3460,12,37,242,291,1.2096219931271477,0.02925245877839387,644,And for my finale... The Flight of the Bumblebee challenge
2652,3462,13,36,247,296,1.2094594594594594,0.029309802382985375,644,My next selection will be the only étude composed by the Marquess of Queensberry.
5306,3462,6,50,240,296,1.2094594594594594,0.026433590266607458,644,I do big sounds.
932,3464,8,47,246,301,1.2093023255813953,0.02699697564956841,644,..if I finish and you're still clappin' i'll know for the first time in my life...that I weren't just a another bum from the conservatory.
2119,3465,15,29,238,282,1.2092198581560283,0.03110251033068677,644,"I could write something clever, but the New Yorker wouldn't get it."
2822,3465,11,37,234,282,1.2092198581560283,0.029434836256244004,644,"My first selection will be ""Sonata for piano and bell""."
4822,3465,8,43,231,282,1.2092198581560283,0.028119248973842832,644,"My dad wanted me to be a boxer and my mom wanted me to be a pianist. Please enjoy this next song, 'Gonna Fly Now'."
4892,3468,14,36,256,306,1.2091503267973855,0.029022870324534007,644,Let's get ready to mambooooooooooooo!
2495,3469,10,35,218,263,1.209125475285171,0.030356510063542716,644,"As part of my international series, a new composition on the Boxer Rebellion."
2458,3469,14,27,222,263,1.209125475285171,0.032212076892150186,644,Then your four-year-old must be a musical prodigy.
5671,3469,5,45,213,263,1.209125475285171,0.02786381991316316,644,The vocalist will not be joining us for this next song in the program.
4247,3472,12,41,258,311,1.2090032154340835,0.027968374384969782,644,"Beat me, daddy, eight to the bar!"
112,3472,8,49,254,311,1.2090032154340835,0.026443354961972917,644,This next piece should be a knockout in the 7th.
3804,3474,7,42,219,268,1.208955223880597,0.02854339913091381,644,"And now, after having finished the slow pieces of tonight's  concert we're going to really  punch up the tempo."
2913,3474,6,44,218,268,1.208955223880597,0.02804951865881089,644,"This is a little piece I created called ""All Thumbs""."
3224,3474,12,32,224,268,1.208955223880597,0.030894600154800625,644,"Yo Adrian, it's called Rocky V' Maninov..."""
102,3477,9,43,240,292,1.2089041095890412,0.02792398974796212,644,Caution:  This may knock you out.
1806,3477,8,45,239,292,1.2089041095890412,0.02749930977789203,644,And for my next act... I will light a match with my toes.
2254,3477,8,45,239,292,1.2089041095890412,0.02749930977789203,644,Can you be allergic to ivory?
4094,3480,7,43,223,273,1.2087912087912087,0.02821135378478783,644,Excuse me ladies and gentlemen.  The composer has indicated the following passage be played sforzando fortissississimo.
5591,3480,12,33,228,273,1.2087912087912087,0.030504913287645548,644,"Note like a butterfly, sting like a B minor."
627,3482,6,50,241,297,1.2087542087542087,0.026353876162775045,644,"This is for Mr Stallone at the bar who has requested his nightly favorite, The Rocky Theme Song...."
1537,3482,9,44,244,297,1.2087542087542087,0.02761841517996554,644,I will now play Bim Bang Bach in C Major
4474,3482,9,44,244,297,1.2087542087542087,0.02761841517996554,644,I will now attempt the Boxer Rebellion Etude. Wish me luck.
2931,3485,14,39,268,321,1.2087227414330217,0.028083857294489693,644,"No, I cannot play chopsticks with these on.  Anyone else?"
2994,3486,10,38,230,278,1.20863309352518,0.02925351482195738,644,It's the Punch and Judy show......But Judy didn't show.....
5373,3486,9,40,229,278,1.20863309352518,0.02880618210136206,644,It's called 'No place to Haydn'.
916,3488,11,41,250,302,1.2086092715231789,0.028115750629820437,644,"Despite claims that I'm punching above my weight,I will now attempt to knock out some Chopin."
1744,3488,9,45,248,302,1.2086092715231789,0.027322005805038022,644,"He's pretty good, but he always goes down during the Fifth."""
2957,3488,7,49,246,302,1.2086092715231789,0.02650450091857635,644,Tonight we're going 88 rounds!
3260,3488,7,49,246,302,1.2086092715231789,0.02650450091857635,644,This piece will knock your socks off.
1429,3492,8,43,232,283,1.2084805653710247,0.028029462823882176,644,Up next: Box Concerto in D Minor.
5180,3493,12,36,240,288,1.2083333333333333,0.029411408870339564,644,My next song is a favorite by Simon & Garfunkel.
4119,3493,10,45,257,312,1.2083333333333333,0.027137444596392075,644,Why are the keys so tightly spaced?
5300,3493,10,45,257,312,1.2083333333333333,0.027137444596392075,644,"This piece is called the ""Boxer Rebellion"""
1560,3493,12,36,240,288,1.2083333333333333,0.029411408870339564,644,"For my encore, I will premier ""Slam, Bam, Thank You Ma'am"" by Michael Tyson in the key of ""Whatever""."
2686,3493,10,40,238,288,1.2083333333333333,0.028576872303700783,644,"I call this next number, ""Fighting With My Inner Critic,"" in D minor."
1626,3498,12,42,263,317,1.2082018927444795,0.02759125502292729,644,And now for the staccato portion...
5520,3498,13,40,264,317,1.2082018927444795,0.027950724727752882,644,"Anyone else object to ""Surrey with the Fringe on Top"""
645,3500,10,41,242,293,1.2081911262798635,0.028254407274329423,644,"Bring up your instruments, I’ll take them all on"
1306,3500,8,45,240,293,1.2081911262798635,0.02741456777961637,644,Of course it’s Rachmaninov.
3499,3500,7,47,239,293,1.2081911262798635,0.02698484805595411,644,"Seeing that it’s almost closing, allow me to punch a quick  one out for you."
5529,3500,10,41,242,293,1.2081911262798635,0.028254407274329423,644,I shall play for you Muhammed Ali's Piano Concerto in B-Flat.
47,3504,5,46,218,269,1.20817843866171,0.02745518040504214,644,"Lie la lie, lie la lie la lie la lie
Lie la lie, lie la lie la lie la lie, la la lie la lie."
1029,3505,10,47,265,322,1.2080745341614907,0.026586209834930076,644,And now Ladies and Gentlemen Beethoven's two fisted symphony in a left and a right and a...
2700,3506,7,43,224,274,1.2080291970802919,0.02811853121397687,644,To consider this next song to be my biggest hit is a bit of an understatement.”
1664,3506,8,41,225,274,1.2080291970802919,0.028590016625493885,644,"Next is 'Ode to Mohammed Ali, Opus 1'"
338,3508,7,49,247,303,1.2079207920792079,0.026425852581208012,644,I’m ready to duke it out with The Battle Hymn of the Republic.
3579,3509,14,30,235,279,1.2078853046594982,0.030876140802924064,644,I composed the next piece after hearing about beatboxing and before Googling it.
4060,3509,7,44,228,279,1.2078853046594982,0.02779991565095504,644,It bit me during rehearsal...
469,3511,9,51,272,332,1.2078313253012047,0.02571364109480324,644,I will now perform John Cage’s 4’ 33”.
746,3512,11,42,255,308,1.2077922077922079,0.027728510334082024,644,"I stand corrected, you really can punch the keys."
2383,3512,13,38,257,308,1.2077922077922079,0.028481103546849424,644,"I ain't no friend of the piano, see?"
900,3514,8,43,233,284,1.2077464788732395,0.02794023831620201,644,This may only be a baby grand but it packs a powerful punch.
2414,3514,10,39,235,284,1.2077464788732395,0.028817104179414004,644,The New Yorkers calls me a heavyweight
3675,3514,11,37,236,284,1.2077464788732395,0.029245679703978823,644,Yo Adrienne!
4319,3517,7,40,213,260,1.2076923076923076,0.029038808200646256,644,My next piece is a jab-jab-cross in 3/4 time
4345,3518,10,40,239,289,1.207612456747405,0.0284869412577358,644,Wouldn't want to tickle the ivories.
2898,3518,14,32,243,289,1.207612456747405,0.030126777131739276,644,"This one is called ""I Wanna Punch Your Lights Out."""
248,3518,8,44,237,289,1.207612456747405,0.027630551626049573,644,"My ivory tickling was going too far, apparently."
1472,3521,9,37,219,265,1.2075471698113207,0.029669637475731935,644,And I'd like to thank my parents who allowed me to pursue a career in boxing even though they had other ideas.
3583,3522,7,47,240,294,1.2074829931972788,0.02690222774884257,644,"This is a little number I call 'float like a butterfly, sting like a bee.'"
2055,3523,8,40,222,270,1.2074074074074075,0.0288341517111932,644,"And now, the overture to one of my favorite contemporary operas, The Raging Bull."
5447,3523,3,50,217,270,1.2074074074074075,0.026338643707489284,644,I am much better with drums
3148,3525,4,54,241,299,1.2073578595317727,0.025324500065623617,644,"I give you, the Ali Conceto."
4016,3525,6,50,243,299,1.2073578595317727,0.026195852231133788,644,...and this will be a real punchy number.
2109,3527,10,43,251,304,1.207236842105263,0.02755607586435256,644,In B flat.
4713,3528,9,40,231,280,1.207142857142857,0.028619391386072387,644,And now for some fancy footwork
4480,3528,14,30,236,280,1.207142857142857,0.0307746284434681,644,Next I shall play the flight of the bumble bee
54,3528,11,36,233,280,1.207142857142857,0.02950038712150949,644,You should see the other guy!
4185,3528,8,42,230,280,1.207142857142857,0.028168562703913918,644,This next piece was written and recorded by Muhammad Ali
496,3532,10,44,255,309,1.2071197411003236,0.027264104716207535,644,And then I wrote “Sonata to a Left Uppercut .”
1176,3532,11,42,256,309,1.2071197411003236,0.02764680795494681,644,Piano buffo?
887,3534,12,35,238,285,1.207017543859649,0.02957276813514758,644,Asking only workman’s wages I come looking for a job . . .
5249,3534,7,45,233,285,1.207017543859649,0.027404384827742642,644,"When they called him the Muhammad Ali of piano, I didn’t think it was so literal."
115,3536,11,38,241,290,1.206896551724138,0.028814670761995564,644,"And now, Flight of the Bumble Beast."
4601,3536,8,44,238,290,1.206896551724138,0.027544414112402365,644,For those who say my playing is too sensitive...
4213,3538,9,43,243,295,1.2067796610169492,0.027666550812756804,644,"And now, a Sex Pistols medley."
4946,3538,10,41,244,295,1.2067796610169492,0.02808020842802054,644,"And now, Prokofiev's piano concerto no. 5, written in one-two, one-two."
1563,3540,8,46,246,300,1.2066666666666668,0.0269577204514047,644,"I’m classically trained, but learning jazz."
4162,3541,11,41,253,305,1.2065573770491804,0.027863776627545644,644,My composition is in the key of B-flat.
5669,3541,9,45,251,305,1.2065573770491804,0.02707857842406631,644,I call this one 'Punch in the F-A-C-E.
2801,3543,5,47,224,276,1.2065217391304348,0.02697489704790844,644,My next song is The Boxer.
4280,3543,7,43,226,276,1.2065217391304348,0.02793467366931998,644,"And now a song from the movie, Raging Bull ."
5326,3543,12,33,231,276,1.2065217391304348,0.03020096519445609,644,Please turn off all flash photography during the performance.
2669,3546,8,42,231,281,1.206405693950178,0.028077818217187717,644,I was always taught to punch the keys.
3107,3547,3,59,253,315,1.2063492063492063,0.024129218910064257,644,"This one is for all the drunks and suckers in the house.  It goes one, two..."
4915,3547,4,44,204,252,1.2063492063492063,0.02790958960232276,644,I guarantee this next one will knock your socks off.
4244,3549,10,39,237,286,1.2062937062937062,0.028633600858627012,644,You didn't tell me I was going to have to perform 'Chopsticks'
2276,3549,13,33,240,286,1.2062937062937062,0.02989136494135982,644,"... next, your applause will determine whether I play Chopin’s Scherzo No. 2 or punch myself in the face."
455,3551,9,42,240,291,1.2061855670103092,0.02788701026680388,644,And now my interpretation of baby Mozart.
1547,3551,10,40,241,291,1.2061855670103092,0.028308741266290526,644,And now I shall perform Etude to Discovering the Piano by a Three-Year-Old.
5492,3551,8,44,239,291,1.2061855670103092,0.027458802799100145,644,I will now hum that song from Rocky.
335,3554,9,43,244,296,1.2060810810810811,0.027581772408501765,644,These ivories seem to be extra ticklish!
1420,3554,11,39,246,296,1.2060810810810811,0.028400047351706665,644,"It's Beethoven, not Bach."
1862,3554,7,47,242,296,1.2060810810810811,0.02673846758528988,644,I don't want to spread my cold to the next contestant.
2539,3554,10,41,245,296,1.2060810810810811,0.02799389986026929,644,Dueling Piano
2729,3554,10,41,245,296,1.2060810810810811,0.02799389986026929,644,Marcato!
1391,3559,8,39,220,267,1.205992509363296,0.02898565169302608,644,...and in..3..2..1!
5624,3559,8,39,220,267,1.205992509363296,0.02898565169302608,644,Tonight we will have 3 rounds of knock out piano sonatas.
216,3561,4,54,243,301,1.2059800664451827,0.02517474606042875,644,"And now, something guaranteed to make you let down your guard."
3858,3562,12,32,228,272,1.2058823529411764,0.030477752082112335,644,Please dim that spotlight. I can't see my hands.
4845,3562,2,52,218,272,1.2058823529411764,0.02564307176031201,644,This is how I warm up.
1245,3562,8,40,224,272,1.2058823529411764,0.028641977496482784,644,For those of you who doubt that the original name of this instrument was the pianoforte...
2985,3562,7,42,223,272,1.2058823529411764,0.0281643436039544,644,"Which would you prefer: Stravinsky's Pumchin' Ella Suite, or Mozart's Eine Kleine Knockout Music?"
5478,3562,11,41,254,306,1.2058823529411764,0.02778077142086417,644,"""I've got a tough one coming up."""
2854,3567,9,47,260,316,1.2056962025316456,0.02644835039187333,644,"And now, my rendition of 'The Boxer'---it really packs a punch!"
1456,3568,8,42,232,282,1.2056737588652482,0.027987646768601722,644,This next song was written by Paul Simon.
2757,3568,7,44,231,282,1.2056737588652482,0.027533057054827337,644,"And for my last piece, I will deliver a sucker punch to Schumann."
4974,3570,7,45,235,287,1.2055749128919862,0.027232125457722956,644,"My opponent has been talking trash about my glissandos, but his crescendos are pathetic."
1193,3571,5,50,237,292,1.2054794520547945,0.026052037680131975,644,"Beethoven's Hammerklavier sonata, cluster-chords, and glissandi: my work here is done."
3081,3571,8,44,240,292,1.2054794520547945,0.02737371298962733,644,My manager told me to punch up the encore...
4168,3571,8,44,240,292,1.2054794520547945,0.02737371298962733,644,...but enough silly love songs. Time for some silly glove songs!
4686,3571,9,42,241,292,1.2054794520547945,0.027800311653330745,644,Adrian. Adrian. Adrian.
2995,3575,8,37,213,258,1.2054263565891472,0.029604518563751982,644,This keeps me from being all thumbs.
3676,3575,8,37,213,258,1.2054263565891472,0.029604518563751982,644,Mr Musicreview wrote that I needed to add more punch to my tempo. Now lets see what he has to say.
5024,3577,9,43,245,297,1.2053872053872055,0.02749750368623781,644,The forte begins when the gloves come off!
5627,3578,6,42,215,263,1.2053231939163498,0.02822976586598036,644,The drummer cancelled so I'll have to keep the beat myself.
3455,3579,11,40,251,302,1.205298013245033,0.028000855535213965,644,Beat-often's Fifth.
4499,3579,12,38,252,302,1.205298013245033,0.028391013135106346,644,"Wait, you mean to tell me this isn’t Canada and it’s not Boxing Day?"
5480,3581,12,39,256,307,1.205211726384365,0.028079937800437233,644,This is my only way to knock out fifty songs a night.
3135,3582,8,40,225,273,1.205128205128205,0.028546832213071686,644,My next piece is Opus No. 19. by Mayweather.
4820,3582,13,30,230,273,1.205128205128205,0.030815432525239335,644,"And now, Box Prelude in F."
128,3584,6,45,227,278,1.2050359712230216,0.027281239461342727,644,"Pick any etude, I’ll nail it!"
1967,3584,6,45,227,278,1.2050359712230216,0.027281239461342727,644,Its a tough piece to master.
3611,3584,9,39,230,278,1.2050359712230216,0.028673716764522666,644,But I'm still training.
2161,3587,10,38,235,283,1.204946996466431,0.02878232707348152,644,"So, we will now perform THE PASTORAL SYMPHONY by Beethoven   I am debuting a new interpretation of the storm."
3262,3588,8,43,237,288,1.2048611111111112,0.027588854982345517,644,Play something punchy.
246,3588,10,39,239,288,1.2048611111111112,0.028452385845710002,644,"And now, 'Bombast'."
3206,3590,9,42,242,293,1.204778156996587,0.027714141988147367,644,I shall now perform Wagner's 'Ring'.
2277,3591,10,32,212,254,1.204724409448819,0.03089907599990795,644,"Sorry, I don't know anything by Paul Simon."
4457,3591,8,36,210,254,1.204724409448819,0.029874867595843537,644,I'm going for badass profondo.
5686,3591,8,36,210,254,1.204724409448819,0.029874867595843537,644,I had a fight with the rest of the quartet.
2482,3594,11,31,217,259,1.2046332046332047,0.03098515155375937,644,Punching up the performance suddenly felt like a mistake.
4079,3594,5,43,211,259,1.2046332046332047,0.02793739504461761,644,"Yes, there was actually a lot of competition for this gig,
 now that you ask. How did you know?"
279,3596,11,40,252,303,1.2046204620462047,0.027916513976442993,644,"First some Beathoven, then Box Third Movement, and finishing with a TKOvsky's piece"
2799,3596,9,44,250,303,1.2046204620462047,0.02712229289767657,644,"Tonight I'm going to play ""Tyson"" Sonata in be flat"
4229,3596,7,48,248,303,1.2046204620462047,0.0263041021792757,644,"Next, the Mayweather concerto in e minor."
3723,3599,6,42,216,264,1.2045454545454546,0.028133383889387627,644,first few notes of beethoven’s fifth is my favorite.
384,3599,7,40,217,264,1.2045454545454546,0.028640748086470526,644,"For the very first time, sit back and savor the theme from ""Rocky""."
3367,3599,10,34,220,264,1.2045454545454546,0.03011159139945437,644,This next rhapsody is a real knockout.
1299,3602,5,54,254,313,1.2044728434504792,0.02497515313541592,644,For my encore I will now play “Left hook in G-minor.”
294,3603,10,35,224,269,1.204460966542751,0.02973804300554705,644,I’ve always had a mixed relationship with this next piece.
2230,3603,11,33,225,269,1.204460966542751,0.03020088626258722,644,"When I told you to order any gloves with Prime shipping, I did not mean ANY gloves."
2426,3603,11,33,225,269,1.204460966542751,0.03020088626258722,644,It's for the artillery chorus in the 2012 Overture...
4173,3606,12,41,265,318,1.2044025157232705,0.02740592313206663,644,My mother said they'd protect my fingers.
4652,3607,6,44,224,274,1.2043795620437956,0.02749653172271965,644,Think of it more as a performance.
4622,3607,7,42,225,274,1.2043795620437956,0.027978500849637267,644,My next number is dedicated to the Marquess of Queensbury.
3188,3607,8,40,226,274,1.2043795620437956,0.028452306809954416,644,"Dat was ""Ode to George Foreman"", in E minor."
2896,3607,12,32,230,274,1.2043795620437956,0.030273466515519487,644,You've never heard a sforzando quite like this!!
2712,3607,5,46,223,274,1.2043795620437956,0.027005962374333243,644,Chopin is no match for me
731,3612,8,41,230,279,1.2043010752688172,0.028125477848136866,644,The 1812: Bells and cannons ready? Go!
5572,3612,10,37,232,279,1.2043010752688172,0.02902781683308472,644,I will performing TKO and Fugue in D Minor.
5641,3612,7,43,229,279,1.2043010752688172,0.027663273147469334,644,"And now, friends, a little 'soft Rocky' music for your listening pleasure."
5291,3615,9,40,235,284,1.204225352112676,0.028252873730896095,644,I did hear he played with punch.
2064,3616,12,35,242,289,1.2041522491349481,0.029197548591867892,644,"...but he said, dualing pianos?!"
466,3617,15,30,249,294,1.2040816326530612,0.030043945980502647,644,"Eye of the Tiger? Yeah, I know that one"
4298,3617,12,36,246,294,1.2040816326530612,0.02886150127292031,644,I'm rehearsing for a box set
3543,3619,10,41,248,299,1.2040133779264215,0.027738081766206873,644,I've got the beat --down.
3384,3619,12,37,250,299,1.2040133779264215,0.028535829243433678,644,I am now going to perform a song by Simon and Garfunkel
1698,3619,8,45,246,299,1.2040133779264215,0.02691670131214358,644,"And now, 4'33""."
2607,3619,10,41,248,299,1.2040133779264215,0.027738081766206873,644,"I said, ""I don't take requests!!"""
5658,3623,12,38,254,304,1.2039473684210527,0.02822003406496581,644,I am just the page turner.
27,3623,9,44,251,304,1.2039473684210527,0.02704130599418576,644,"And now a little thing I like to call, 'On the Waterfront.'"
1271,3623,11,40,253,304,1.2039473684210527,0.027832671899088,644,I am qualified to be the president's greatest Chief of Staff ever! I can do anything.. . . anything.
1318,3623,8,46,250,304,1.2039473684210527,0.026636807847143368,644,"So, who wished for ""Eye of the tiger""?"
4790,3623,8,46,250,304,1.2039473684210527,0.026636807847143368,644,Please be sure to sing along if you recognize this tricky old tune.
5115,3628,8,47,254,309,1.203883495145631,0.026365004773638945,644,"Next, THE BOXER by Simon and Garfunkel!!! You’ll G-love it!!"
5339,3628,9,45,255,309,1.203883495145631,0.026760569142590833,644,"And now ""The Boxing Blues"""
3907,3628,12,39,258,309,1.203883495145631,0.027913649227564737,644,"No, I don't know any punchy tunes!"
5156,3631,8,38,219,265,1.2037735849056603,0.029039371751262765,644,My new invention makes glissando a snap .... but staccatissimo is impossible.
45,3632,9,37,224,270,1.2037037037037037,0.02916911155063517,644,"Float like a butterfly, play chords in B."
295,3633,7,42,226,275,1.2036363636363636,0.027886480382798305,644,This next one is Beethoven's 9th Symphony - the Rocky Balboa version.
5223,3633,10,36,229,275,1.2036363636363636,0.02927941578885205,644,"So far so good. Now, with the gloves on, what is this one?"
854,3635,8,41,231,280,1.2035714285714285,0.028034346521503193,644,"And now, before I take off my gloves, let me show you my Rachmaninoff."
4236,3635,9,39,232,280,1.2035714285714285,0.02848729933483661,644,Yes...and Richter and Monet destroyed some of their works of art. So what's your point
3522,3637,8,42,235,285,1.2035087719298245,0.027720518062821987,644,"And now my favorite request, the ""Knockout"" in B Major!"
3884,3638,14,31,245,290,1.203448275862069,0.0299138786371274,644,"Well, what did you expect, madame? It was billed as a Dueling Piano show."
4909,3638,11,37,242,290,1.203448275862069,0.028692327071711973,644,"And now, the Tyson Piano Sonata in B flat major."
4516,3638,13,33,244,290,1.203448275862069,0.029512313266520186,644,"The gods had condemned Sisyphus to ceaselessly rolling a rock to the top of a mountain, whence the stone would fall back of its own weight. They had thought with some reason that there is no more dreadful punishment than futile and hopeless labor."
3729,3638,8,43,239,290,1.203448275862069,0.02741640258063418,644,The next piece was originally performed by Simon and Garfunkel
780,3638,8,43,239,290,1.203448275862069,0.02741640258063418,644,"This sonata is all about nimble finger work, and a good left hook."
5516,3643,6,48,241,295,1.2033898305084745,0.02625751421157571,644,"My next piece will be a concert for four hands, but Mike Tyson couldn't make it."
4313,3644,9,43,248,300,1.2033333333333334,0.027247711013610558,644,Glen was feeling creatively boxed in.
4470,3644,11,39,250,300,1.2033333333333334,0.028054069999780478,644,"Now, for my rendition of The Rocky Concerto"
602,3646,8,46,251,305,1.20327868852459,0.02655774986689604,644,"Now for my encore, “Sting of the Bumblebee.”"
4694,3647,11,42,262,315,1.2031746031746031,0.02716638715789182,644,I wrote it in the Boxa Nova genre
3141,3648,10,34,222,266,1.2030075187969924,0.02990446650766866,644,I just think Rachmaninoff's no. 2 needs a little punching up.
4256,3648,5,44,217,266,1.2030075187969924,0.02743014806577825,644,This is dedicated to ‘Rocky’
1048,3648,5,44,217,266,1.2030075187969924,0.02743014806577825,644,And now to pound out a little different beat.
5595,3651,10,36,230,276,1.2028985507246377,0.029182466526349902,644,"¨As humans, this is the closest we can get to Thelonious¨"
5331,3651,10,36,230,276,1.2028985507246377,0.029182466526349902,644,"Was aiming for a punchy staccato. Precision, not so much."
4598,3653,11,35,235,281,1.2028469750889679,0.029276507813606335,644,This next piece is called ‘Bopsticks.’
1605,3654,11,36,239,286,1.2027972027972027,0.028933897697902132,644,"I shall now perform John Cage's 4'33"", to be filmed by Andy Warhol."
1030,3655,10,39,242,291,1.2027491408934707,0.02818476288628063,644,"Huh, she was right. These gloves don’t go well with the suit after all."
1474,3655,8,43,240,291,1.2027491408934707,0.02733096921139007,644,And in 1998 I knocked out a guy named Steinway.
4659,3655,11,37,243,291,1.2027491408934707,0.028602103933396527,644,My next selection is the theme song from 'Rocky'
5353,3655,10,39,242,291,1.2027491408934707,0.02818476288628063,644,"Alright, I’ll stick to chords!"
403,3659,11,38,247,296,1.2027027027027026,0.028280594133718095,644,My next bout is Prokofiev's Sonata #6.
3773,3659,13,34,249,296,1.2027027027027026,0.02907921121593366,644,You can call me Mittstro.
4640,3659,9,42,245,296,1.2027027027027026,0.027458759698342144,644,"Yo, Adrian! It's me, Rocky. I don’t think I can beat this guy."
336,3662,3,55,243,301,1.2026578073089702,0.024598182538754516,644,"What do you mean by ""forte"" fortissimo?"
4815,3663,10,42,254,306,1.2026143790849673,0.027276439698275333,644,"Oh, yeah....who's next? I'll give you a sonata right in the Steinway."
4966,3664,10,43,258,311,1.202572347266881,0.026991364990862857,644,"For my next number, Sonata a la Ali"
5053,3664,12,39,260,311,1.202572347266881,0.027749292893990026,644,Chopsticks -- that's it.  You were expecting maybe Mozart?
4497,3666,6,52,258,316,1.2025316455696202,0.0251653113262786,644,"Ladies and gentlemen, Beethoven’s Last Movement."
2364,3667,7,37,208,252,1.2023809523809523,0.029401632746615947,644,I thought the point was to create as much dissonance as possible?
1688,3668,5,42,210,257,1.2023346303501945,0.0279722123239506,644,Appears I'm a bit ham-fisted today....
1308,3669,7,40,220,267,1.202247191011236,0.028349173627620003,644,They said to play it as if I had gloves on...these were the only ones I could find.
2964,3670,7,41,224,272,1.2022058823529411,0.028021423784061937,644,"Tonight,I introduce a new work ""Massacre in A"" by Klitschko."
225,3671,12,33,237,282,1.202127659574468,0.029610667729285705,644,"I, too, don't understand this gig."
4807,3672,8,42,237,287,1.2020905923344947,0.02754520212205612,644,"First, a little Rocky Mananoff followed by my own Bachster medley."
1024,3672,8,42,237,287,1.2020905923344947,0.02754520212205612,644,This is what happens when you tickle the wrong ivories.
2773,3674,6,47,239,292,1.202054794520548,0.026368036527560854,644,...they increase the bass response.
4082,3674,12,35,245,292,1.202054794520548,0.028922246479513566,644,It's cutting edge in Post-Modern music.
5274,3674,7,45,240,292,1.202054794520548,0.02681064183309696,644,I'm also a part time nurse.
1606,3677,7,47,248,302,1.2019867549668874,0.026258725597969927,644,"Oh, a 'jaunty' tune. I thought you said 'punchy,' Madame."
3086,3677,6,49,247,302,1.2019867549668874,0.02583638817434865,644,Dun Dun Dun Dun!
4862,3677,10,41,251,302,1.2019867549668874,0.027486829908722765,644,This next piece is originally by Tyson.
5123,3680,9,45,258,312,1.2019230769230769,0.02652684471895848,644,It’s light on notes.
4124,3681,9,33,211,253,1.2015810276679841,0.03034800547900862,644,I can't play with cold hands
3258,3682,8,36,214,258,1.2015503875968991,0.02945307768215409,644,"And now for my next number, the Tyson Concerto in A Minor"
5082,3683,6,41,216,263,1.2015209125475286,0.028076885360103783,644,And now Wagner's Der Ring des Nibelungen.
5298,3683,6,41,216,263,1.2015209125475286,0.028076885360103783,644,"And now, Chopin sans arpeggios"
4714,3685,9,36,223,268,1.2014925373134329,0.02922580780818288,644,I  play with my boxer shorts on too!
534,3686,7,41,225,273,1.2014652014652014,0.02792841593632982,644,"♫♫ I am just a poor boy, though my story's seldom told... ♫♫"
1155,3686,7,41,225,273,1.2014652014652014,0.02792841593632982,644,"And now, ladies and gentlemen: Rocky 3."
1526,3686,9,37,227,273,1.2014652014652014,0.028876705449880632,644,"I didn't ask for these hands, sir. You're the one who bought tickets."
4148,3686,9,37,227,273,1.2014652014652014,0.028876705449880632,644,"Ladies and Gentlemen, for my encore I will play a real smash hit!"
4422,3686,7,41,225,273,1.2014652014652014,0.02792841593632982,644,And now for my rendition of  The Boxer
4859,3686,7,41,225,273,1.2014652014652014,0.02792841593632982,644,This next number's going down by the second verse.
2147,3692,8,40,230,278,1.2014388489208634,0.02808028689806029,644,Who said I'm all thumbs?
984,3692,11,34,233,278,1.2014388489208634,0.02943498800445349,644,Are you sure Billy Joel started  this way?
3610,3694,8,41,234,283,1.2014134275618376,0.02776440660047214,644,I can punch out this symphony in 11/16ths time.
4268,3694,5,47,231,283,1.2014134275618376,0.026375745615192136,644,One more low blow and Steinway is disqualified
5203,3694,11,35,237,283,1.2014134275618376,0.02908684566939761,644,"That last one was by Chopin. And now, a piece by Punchin."
953,3697,9,40,239,288,1.2013888888888888,0.027895487147727254,644,It's safe to remove your ear plugs.
5462,3697,10,38,240,288,1.2013888888888888,0.028325869337888825,644,"In the clearing stands a boxer, and a fighter by his trade..."
5621,3697,12,34,242,288,1.2013888888888888,0.029167588430026543,644,"Next, I will play possum."
4312,3700,4,51,238,293,1.2013651877133107,0.02538208050595213,644,The music industry is getting competitive.
5059,3700,10,39,244,293,1.2013651877133107,0.028009088211723942,644,It’s a safety thing.
3372,3700,14,31,248,293,1.2013651877133107,0.029631318401534747,644,This isn’t what I meant when I said we should play a music box.
2849,3700,5,49,239,293,1.2013651877133107,0.025838469628654187,644,"In the clearing stands a boxer, and a fighter by his trade...li la li"
1198,3704,7,46,245,298,1.2013422818791946,0.026450094879227823,644,I need the score for this number!
1653,3704,8,44,246,298,1.2013422818791946,0.026873869411637274,644,"Float like Jarrett, sting like Monk."
2143,3704,9,42,247,298,1.2013422818791946,0.02729106438355443,644,I will now play the 'Flight of the Rumble Bee'.
4650,3704,10,40,248,298,1.2013422818791946,0.027701977063395545,644,"Oh excuse me! These are real ivory, and you paid a $3 cover."
504,3708,8,35,211,254,1.2007874015748032,0.029719635045284066,644,I can promise you’ll never hear Alkan’s ‘Concerto for Solo Piano’ the same way again.
5038,3708,9,33,212,254,1.2007874015748032,0.030238705314783725,644,The next piece is a punchy rendition of O Holy Night.
3133,3710,10,33,221,264,1.2007575757575757,0.029969030103848403,644,"It’s fortissississimo all the way, all the way!"
318,3711,8,38,223,269,1.2007434944237918,0.02864639657040463,644,I’ve had a request for Music Dance Boxer.
1868,3712,8,39,227,274,1.2007299270072993,0.028312203972035772,644,"My uncle went to Julliard,so I'm pretty sure I know how to hit the notes."
3194,3713,8,40,231,279,1.200716845878136,0.027988773694337207,644,"Okay, I got it. Float like a
butterfly and sting like’ the 
flight of the bumblebee.’"
3810,3714,7,43,234,284,1.2007042253521127,0.027222276650338995,644,Box Piano Concerto No. 1
3819,3714,7,43,234,284,1.2007042253521127,0.027222276650338995,644,Adrian? Adriaaaan!
345,3716,6,46,237,289,1.2006920415224913,0.02647963298445323,644,"And now I’ll be playing Rachmaninoff’s Piano Concerto No. 4, better known as the one where Rocky fights the Russian."
4303,3716,10,38,241,289,1.2006920415224913,0.028236285894485878,644,Rachmaninoff.
1663,3718,11,37,246,294,1.2006802721088434,0.02833476334617601,644,As seen on TV: pound the keys without pain. Guaranteed or your money back.
2956,3718,9,41,244,294,1.2006802721088434,0.027503160866503066,644,And now the mitt fit concerto world premiere
3193,3718,11,37,246,294,1.2006802721088434,0.02833476334617601,644,And for the next song from my greatest hits CD...
2568,3721,11,40,258,309,1.2006472491909386,0.02742080341083623,644,The conductor told me he  looking for musicians with fistfuls of  talent.
957,3722,7,49,258,314,1.2006369426751593,0.025590018219862166,644,"At the bell I will perform ""Ode to Adrian"", by Rocky Balboa."
1305,3722,10,43,261,314,1.2006369426751593,0.026756267512458378,644,Could you stop coughing? You’re ruining my concentration.
2237,3724,10,45,269,324,1.2006172839506173,0.026222339658977484,644,Shall I play The Boxer?
3003,3725,7,39,219,265,1.2,0.028393220266788213,644,And now for a completely new attack on the Rachmaninov No. 2!
3022,3725,7,44,239,290,1.2,0.026845441389964624,644,"To prove that I hold no grudges, the next complicated piece is in honor of the critic who recently wrote about me that, ‘He plays the piano with fingers permanently wrapped in bandages ensconced in boxing gloves.’’’"
3087,3725,9,41,245,295,1.2,0.02741821165668586,644,"Please,no requests for Chopsticks."
3221,3725,5,41,209,255,1.2,0.0280056016805602,644,"No, sorry. 88 Fingers Louie couldn’t make it tonight. I’m 2 Gloves Sal."
2655,3725,9,39,237,285,1.2,0.02803154000387565,644,"And now, for the Symphony Fight Song."
3894,3725,8,44,248,300,1.2,0.026711222531767113,644,"And now a word from our sponsor, Everlast."
4517,3725,7,42,231,280,1.2,0.02743516305843672,644,"With the holidays coming up, I will now play, ""Boxing Day Blues."""
5271,3725,10,36,234,280,1.2,0.028800921644239162,644,And my next piece is titled Nail Biters Lament.
3461,3725,13,32,245,290,1.2,0.029391473730920815,644,And now we move from Beethoven's works to Bach's.
2377,3725,8,38,224,270,1.2,0.028549784292003378,644,"I knew you VanCliburn guys changed the audition protocol, but this?"
5563,3725,13,36,261,310,1.2,0.028093174132194424,644,"Music Therapy ""Bring to mind the image of your music teacher and proceed to pound."""
2107,3725,9,38,233,280,1.2,0.02835297954453358,644,I will  now play chopsticks
1978,3725,9,35,221,265,1.2,0.029382826378549682,644,I'm taking an eight count.
1959,3725,7,42,231,280,1.2,0.02743516305843672,644,Do-Re-Mi-Jab-Cross-Hook
1795,3725,7,43,235,285,1.2,0.027135731278769795,644,You Beat Me to the Punch by The Temptations in C major seventh.
1095,3725,9,41,245,295,1.2,0.02741821165668586,644,I'd now like to play Everlast Love.
848,3725,5,46,229,280,1.2,0.02648556012307994,644,I like to end with the 1-2 upper-cut cord progression
837,3725,9,38,233,280,1.2,0.02835297954453358,644,I'm going to play Mozart's all thumbs sonata in E major.
750,3725,9,43,253,305,1.2,0.026841174762670266,644,"And, after sparing  a little with my friend Mozart , it's now time to take off the gloves and duke it out with one Sergei Rachmaninoff."
718,3725,5,46,229,280,1.2,0.02648556012307994,644,The odds are 2 to 1 for Bach over Mozart.
2108,3725,8,45,252,305,1.2,0.0264363072950721,644,I'll now be taking a quick break to make a momentous life decision.
2720,3746,11,38,252,301,1.1993355481727574,0.027850229706060565,644,This is a little something George Forman wrote when he was a bit woozy after a bout.
3653,3747,9,40,242,291,1.1993127147766323,0.02763324001670838,644,"Hum a few bars, I think I know that one !"
3369,3748,10,37,239,286,1.1993006993006994,0.02837777735006567,644,And now my latest rendition of  “Baby it’s cold outside.”
4756,3748,7,43,236,286,1.1993006993006994,0.02704972545893046,644,"Now, listen to this beat!"
2954,3750,6,44,231,281,1.199288256227758,0.026877836959364937,644,"In this political climate, I ‘m always prepared to hit back."
3566,3750,11,34,236,281,1.199288256227758,0.029146444410944432,644,"I'm often referred to as a ""technical knockout."""
2081,3752,7,41,228,276,1.1992753623188406,0.027653001150471552,644,"They think my tux looks stupid, don't they?"
2084,3752,10,35,231,276,1.1992753623188406,0.029047200485196337,644,And now...a little Toughaikovsky.
2126,3752,7,41,228,276,1.1992753623188406,0.027653001150471552,644,This next piece is more avant-mouthguard.
3736,3752,8,39,229,276,1.1992753623188406,0.028125414374921675,644,"And now we begin the ""Rocky"" Concerto No. 4 in G Major."
4042,3756,10,34,227,271,1.1992619926199262,0.029398752110354684,644,Applause is highly encouraged.
2791,3757,8,37,221,266,1.199248120300752,0.028793256731343395,644,What? A TKO? But we're only in the first rondo!
1532,3757,8,37,221,266,1.199248120300752,0.028793256731343395,644,"And now, the Punch Drunk Concerto in C Minor."
960,3757,10,33,223,266,1.199248120300752,0.029762346528393137,644,"Man vs. Piano: ""Modernism?  I'll show you Modernism!"""
786,3757,7,39,220,266,1.199248120300752,0.028296268558901896,644,"I heard of ""all thumbs"" but this is ridiculous"
415,3761,7,38,216,261,1.1992337164750957,0.02863426467054355,644,"And now, U of M's fight song"
5138,3762,6,37,203,246,1.1991869918699187,0.029157700837707766,644,ARE...YOU...READY...TO...RRRUMBLE?!?
1151,3763,13,37,267,317,1.1987381703470033,0.02763117377252054,644,They give my pianissimos a pugilistic touch.
4757,3763,9,45,263,317,1.1987381703470033,0.026146111140695545,644,"I'd like to thank my mom for this next song, titled ""Stop Itching Your Poison Ivy."""
454,3765,11,39,257,307,1.1986970684039089,0.02746820986031165,644,This next number is from my box set.
722,3765,8,45,254,307,1.1986970684039089,0.026279904053160056,644,I'd like to play for you a little 12- round blues.
2581,3765,9,43,255,307,1.1986970684039089,0.02668188690864222,644,This next piece is in key KO sharp
328,3768,6,48,248,302,1.1986754966887416,0.02570847573062108,644,Fight me. In B minor.
5412,3769,6,47,244,297,1.1986531986531987,0.02596737465279111,644,"Ladies and gentleman, my psychiatrist says I have to stop tickling the ivories."
2723,3769,8,43,246,297,1.1986531986531987,0.026829174267175345,644,"And now I'm going to play my discordant Mazurka No.1 in E.
I don't know if it is sharp or flat.  I hope you like it."
2251,3769,10,39,248,297,1.1986531986531987,0.02766413991720164,644,"Oooo...the 1812 Overture, You bet I can do that...."
353,3769,12,35,250,297,1.1986531986531987,0.02847463226906635,644,"For tonight's main event, I will perform for you 'Chopsticks'"""
227,3773,8,42,242,292,1.1986301369863013,0.027116315970358046,644,"without further ado, I bring you the theme from Rocky, ""I will fly now"""
344,3773,6,46,240,292,1.1986301369863013,0.02623395245548494,644,"What do you mean, ""tickle the ivories?"""
2410,3773,7,44,241,292,1.1986301369863013,0.026678782330167725,644,"Next is a selection from the Ring Cycle, sung as a round."
2677,3773,5,48,239,292,1.1986301369863013,0.02578144868413757,644,'This next was first performed molto vovace by my three-year-old.'
996,3777,9,39,239,287,1.1986062717770034,0.02785323615695284,644,"Lean, mean, piano playing machine."
1260,3777,6,45,236,287,1.1986062717770034,0.02650858597401493,644,"Next, the theme song from ""Punch-Drunk Love"""
1898,3779,8,40,234,282,1.198581560283688,0.027717725154269745,644,"As my first selection, I now give you ""Chopsticks."""
4450,3780,5,45,227,277,1.1985559566787003,0.026596322875581207,644,"Please sing along while I knock out 15 rounds of ""Row, Row, Row your Boat""."
3378,3780,8,39,230,277,1.1985559566787003,0.028032927171278206,644,"And now for you my new piano concerto, ""Slugfest in B Flatten""."
31,3780,8,39,230,277,1.1985559566787003,0.028032927171278206,644,"In the lobby after the show, I'll be selling my box set."
120,3780,7,41,229,277,1.1985559566787003,0.027562380171062516,644,The pugilist in me will now pound out a familiar martial score.
5193,3784,9,36,227,272,1.1985294117647058,0.028832891415363014,644,"I usually get a standing O, but tonight I’ll take a standing 8!”"
1965,3785,8,37,222,267,1.198501872659176,0.02869491930893642,644,"For my next number, I will pound out Gershwin's 'Rhapsody in Blue.'"
2273,3785,8,37,222,267,1.198501872659176,0.02869491930893642,644,"Wait, you asked if I could play ""mitten on the keys"", right?"
4951,3785,9,35,223,267,1.198501872659176,0.029181478415387475,644,"And now, 'Variations on the Theme from ""Rocky"" .'"
5527,3785,6,41,220,267,1.198501872659176,0.027696169724777224,644,Sure I take requests - as long as its 'Chopsticks'
757,3789,6,40,216,262,1.1984732824427482,0.028017726006264208,644,Pianissimo anyone?
4468,3790,6,36,200,242,1.1983471074380165,0.029419861560281185,644,Ol' Black and Blue Eyes.
3289,3791,10,44,269,323,1.1981424148606812,0.02618623594988499,644,Any fans of Bach's?
3666,3792,8,47,263,318,1.1981132075471699,0.02568793736424716,644,....but the music says molto softo
4408,3792,8,47,263,318,1.1981132075471699,0.02568793736424716,644,This melody is going to hit you like a punch in the face.
4932,3794,10,41,257,308,1.198051948051948,0.026997553204360664,644,This is gonna get nuts real fast.
2090,3794,7,47,254,308,1.198051948051948,0.025795608505590387,644,Any other comments on my Mozart?
67,3796,5,50,248,303,1.198019801980198,0.02520191706244516,644,I apologize for the brutality you are about to hear in three rounds.
1361,3797,11,37,250,298,1.1979865771812082,0.027985890853161322,644,For my next trick...
2170,3797,4,51,243,298,1.1979865771812082,0.025000574405601186,644,And now a piece from The Nut Cracker
3112,3797,10,39,249,298,1.1979865771812082,0.027579208632799435,644,"If the flutist can have his mouth guard, I get to keep these."
4723,3800,9,39,240,288,1.1979166666666667,0.02776492032089884,644,"I will now play Knuckles."""
2932,3800,7,43,238,288,1.1979166666666667,0.026879312851142485,644,"A warning to those of you expecting ""Chopsticks."""
5665,3800,6,45,237,288,1.1979166666666667,0.026425381526317827,644,"When I do box, they call me 'Kid Baby Grand'."
354,3800,6,45,237,288,1.1979166666666667,0.026425381526317827,644,"I didn't want to be handled with kid-gloves,but, this is ludicrous."
1808,3800,10,37,241,288,1.1979166666666667,0.028197295454777137,644,I swear coach told me this was the right Gymnopédie!
4028,3805,9,38,236,283,1.197879858657244,0.028078389539659243,644,"I call my next piece, Could Someone Please Come Scratch My Nose"
3037,3805,13,30,240,283,1.197879858657244,0.029810049457068395,644,Now a little known piece from Boxtehude
243,3805,5,46,232,283,1.197879858657244,0.02623266798571635,644,I like to lace up for Der Ring.
1044,3805,8,40,235,283,1.197879858657244,0.02762852125554028,644,Smooth Jazz?
2702,3805,7,42,234,283,1.197879858657244,0.02717120561172869,644,"C, D, E, F, G, K. O..."
510,3810,4,47,227,278,1.1978417266187051,0.02601564068881375,644,And next I'll be playing my interpretation of 'The Boxer'.
3186,3810,7,41,230,278,1.1978417266187051,0.027472341854934867,644,"For my next selection, I'm going to attempt a very difficult composition that I've been fighting to learn.  It requires dexterity and expert fingering."
961,3812,12,30,231,273,1.1978021978021978,0.030109394680243637,644,"I can still do ""Chop Sticks"""
1269,3812,4,46,223,273,1.1978021978021978,0.026288873013208196,644,"What I said was ""with one hand tied behind my back""!"
2745,3812,6,42,225,273,1.1978021978021978,0.027294185190826093,644,"Is it cold in here, or is it just me?"
2864,3812,10,34,229,273,1.1978021978021978,0.02920116345428996,644,And now for my impression of the late great Bobby Short.
5359,3812,10,34,229,273,1.1978021978021978,0.02920116345428996,644,And now my gloves on rendition of the theme song from the film Rocky
3969,3817,7,38,218,263,1.1977186311787071,0.02843620912527056,644,And now: Fisticuffs Etude ala’ Cage.
16,3817,9,34,220,263,1.1977186311787071,0.029439227004967938,644,I coulda been a piano masta
963,3817,8,36,219,263,1.1977186311787071,0.028942063472272964,644,Another round?  Harmony or counterpoint?
3892,3820,9,33,216,258,1.197674418604651,0.029809165063252076,644,Well the position said it was for a keypunch operator.
5556,3821,7,36,210,253,1.1976284584980237,0.029134841090245032,644,"Now a few tunes from that indie-rock group, The Boxer Rebellion"
4891,3822,8,46,260,314,1.197452229299363,0.025866470856274734,644,Vladimir Ali is shocked by his 10 stanza penalty for hitting below the keyboard.
4382,3823,10,41,258,309,1.197411003236246,0.02691767259309537,644,"On second thought, my next piece is much better suited for a cappella."
5684,3824,8,43,248,299,1.1973244147157192,0.026665916948534953,644,"For the second round, I am going to take a more creative approach."
578,3825,9,40,245,294,1.1972789115646258,0.027375809082277106,644,This piano is tough to play.
3061,3825,15,28,251,294,1.1972789115646258,0.0298117391578292,644,E sharp is way off
408,3827,10,37,242,289,1.1972318339100345,0.028107901583529042,644,This part of the song requires you to punch things up.
1232,3828,9,38,237,284,1.1971830985915493,0.027988021536198133,644,"Sorry folks, but the muffle pedal isn't working."
4172,3829,10,35,234,279,1.1971326164874552,0.028760730610403337,644,"And now I'd like to play a little number called, ""Punching the Ivories."""
427,3830,8,38,228,274,1.197080291970803,0.028169672406422413,644,"Available on pay-per-view only, this Saturday."
3171,3830,12,30,232,274,1.197080291970803,0.03000798986176277,644,The first rule of Fight Club is: you do not sing about Fight Club.
2354,3832,6,41,222,269,1.1970260223048328,0.027509593595735442,644,I will now continue with works by Motzhurt and Beatoven.
981,3833,6,39,214,259,1.196911196911197,0.028151667290197864,644,"I'm only playing ""The Black Keys"""
2247,3833,7,37,215,259,1.196911196911197,0.028678330385613425,644,The audience immediately felt the weight of this political metaphor.
5037,3833,6,39,214,259,1.196911196911197,0.028151667290197864,644,"And now my latest composition, which I call ‘Ten Rounds of Agony.’"
2373,3836,9,44,262,315,1.1968253968253968,0.026180900385755462,644,Now for my next piece is LL Cool J’s “Mama Said Knock You Out” .
4742,3837,8,44,253,305,1.1967213114754098,0.026312960427290994,644,It's just a forte when I play
4161,3838,8,42,245,295,1.1966101694915254,0.026865240602901925,644,"And now, allegro for ten toes."
3612,3838,8,42,245,295,1.1966101694915254,0.026865240602901925,644,And now I will play some chin music for you.
2945,3838,10,38,247,295,1.1966101694915254,0.027710310276578526,644,At this point in the program I get quite punchy.
679,3838,7,44,244,295,1.1966101694915254,0.026432576135624553,644,This is going to take your breath away!
3405,3838,7,44,244,295,1.1966101694915254,0.026432576135624553,644,"For my next selection, I'll pound out a selection of sentimental nonsense."
263,3843,5,47,238,290,1.196551724137931,0.02580214192022389,644,"I know you all wanted a Rocky themed event, but this might prove challenging."
734,3843,12,33,245,290,1.196551724137931,0.02885818831978753,644,I shall now perform Brzęczyszczykiewicz's 'Concerto for Piano and Boxing Gloves.'
1507,3843,12,33,245,290,1.196551724137931,0.02885818831978753,644,My next selection is ‘Slopsticks.’
2566,3843,8,41,241,290,1.196551724137931,0.027154024195283955,644,As a pugilist pianist I prefer to pound the piano
4118,3843,4,49,237,290,1.196551724137931,0.02533548947417064,644,"Hit it, Maestro! I’m ready to pound those keys!"
1387,3848,7,41,232,280,1.1964285714285714,0.02729399134021874,644,All I can play is 'The Rocky Theme' or 'A Piano Being Beaten to Death (in C minor)'.
2574,3849,7,40,228,275,1.1963636363636363,0.027599458472602995,644,"Well, it's really only my voice they're interested in anyway."
3506,3849,8,38,229,275,1.1963636363636363,0.02807619825130114,644,This Baby has been fighting me ever since I was five years old.
1838,3849,6,42,227,275,1.1963636363636363,0.027114337677979692,644,"Float like a butterfly, sting like a Beethoven."
4590,3852,3,47,220,270,1.1962962962962962,0.025866851128076337,644,"My piano technique? I just float like a butterfly, sting like a bee, tickling these ivories"
5346,3852,7,39,224,270,1.1962962962962962,0.027914894041090266,644,It would be remembered as a poor performance if the cellphone had not gone off
1755,3854,7,49,265,321,1.1962616822429906,0.02508465302052551,644,It's not time to take the gloves off.
3845,3855,9,34,222,265,1.1962264150943396,0.029235598462880256,644,That was the theme from Rocky III.  Now here’s IV.
5643,3855,7,38,220,265,1.1962264150943396,0.02824083370952643,644,This next one tugs at the eardrums.
5513,3857,13,36,267,316,1.1962025316455696,0.02760179308841269,644,Are you sure this will get me a hit?
2328,3858,5,41,214,260,1.1961538461538461,0.027518968765363038,644,The suit and piano are just for show.
2072,3859,7,46,253,306,1.196078431372549,0.02582306213572347,644,SRO for the TKO.
2749,3860,12,35,254,301,1.196013289036545,0.02812628064205692,644,He composed his first concerto when he was six months old.
5136,3860,6,47,248,301,1.196013289036545,0.025655356113436452,644,Boxing Day Overtures
3641,3862,8,42,246,296,1.195945945945946,0.02678256365922619,644,I’m concerned the minor fall will be misconstrued as taking a dive.
1754,3862,8,42,246,296,1.195945945945946,0.02678256365922619,644,It's by Khachaturian.
1905,3862,7,44,245,296,1.195945945945946,0.026351498173123055,644,"Umm, are these things on?"
918,3865,11,35,245,291,1.1958762886597938,0.028351861993898286,644,Allow me to punch in a few of your favorite tunes
4501,3865,11,35,245,291,1.1958762886597938,0.028351861993898286,644,Too much bass?
5282,3865,10,37,244,291,1.1958762886597938,0.027930782088228374,644,"Now my own original piece, 'Bach's Gloves'"
1833,3868,7,42,237,286,1.1958041958041958,0.026912200432942415,644,Rocky Balboa.  Why do you ask?
5253,3869,8,39,234,281,1.195729537366548,0.02766889611021376,644,My next number is a real knock-out song.
949,3870,6,42,228,276,1.1956521739130435,0.027025285239480907,644,Too early for gloves off?
4991,3870,8,47,267,322,1.1956521739130435,0.0253978831108164,644,It's my new brand. The critics say I play like I'm wearing boxing gloves.
489,3870,8,38,230,276,1.1956521739130435,0.027983333692422074,644,It's time to get in the ring...cycle.
4354,3873,11,31,229,271,1.1955719557195572,0.029721196929171665,644,"This may look a bit bizarre ladies and gentlemen, but somehow I have misplaced my hockey stick."
4462,3873,9,35,227,271,1.1955719557195572,0.028786843063521278,644,Break a LEG next time
833,3873,10,33,228,271,1.1955719557195572,0.029257750088364676,644,"And now, Ludwig von Marciano's Eight Round in D Minor"
1705,3873,8,37,226,271,1.1955719557195572,0.028308103555243738,644,I can't land the hook
5638,3877,7,47,258,312,1.1955128205128205,0.025495687322072295,644,I'm doing my grand finale in the first round.
1502,3878,6,40,220,266,1.1954887218045114,0.027635475109962324,644,"And now, ladies and gentlemen, the theme song from 'Rocky'."
2629,3878,7,38,221,266,1.1954887218045114,0.02814413444028611,644,"This evening, ladies and gentlemen, I'm going to pound out Chopin's Nocturne in B Sharp Minor."
4356,3880,9,33,219,261,1.1954022988505748,0.029494833817249627,644,"This fighter is a natural, Jim. His punches are sharp, despite being a bit flat-footed, and that accidental in the 5th measure was fairly minor. He should have no trouble walking out with A Major victory tonight."
1053,3881,9,32,215,256,1.1953125,0.029867552552321496,644,And my favorite chord; a four octave G minor 7th.
1343,3882,7,44,246,297,1.1952861952861953,0.026270908298354583,644,Boxing in E flat
1224,3883,7,43,242,292,1.1952054794520548,0.02654474959400161,644,-The piece ends in a fiery double octave scale run down the keyboard.
4189,3883,8,41,243,292,1.1952054794520548,0.026984456566550935,644,I hope you like Bach's music.
5377,3885,9,38,240,287,1.1951219512195121,0.02772032814255504,644,Jam ? I thought you wanted to jab
4115,3885,4,48,235,287,1.1951219512195121,0.025428079011377478,644,This us my homage to Boxing Day
1279,3887,7,41,234,282,1.1950354609929077,0.027117906522453886,644,I like to call this one the Pizzicato Palooka.
2198,3887,6,43,233,282,1.1950354609929077,0.02664848425897619,644,This is a performance art piece where I pummel the keys into submission. I always win.
3556,3887,6,43,233,282,1.1950354609929077,0.02664848425897619,644,And now a tribute piece I call “Sting of the Bumblebee.”
477,3890,8,38,231,277,1.1949458483754514,0.027891072894478577,644,"I thought I’d punch up this next number. See what I did there? I can be funny too ... and for Josh’s information, the word is pronounced ‘pianist.’”"
851,3890,6,42,229,277,1.1949458483754514,0.026936806362542344,644,If I speed thru the Rachmaninov concerto I can still make my fight
2315,3892,7,47,259,313,1.194888178913738,0.025421776144991925,644,This next part I call the Mike Tyson finale.
4387,3893,9,35,228,272,1.1948529411764706,0.028689825078314756,644,"Hey Shostakovitch, I know they don't want me to win, but... seriously?"
2926,3894,9,42,257,308,1.1948051948051948,0.0264819826478886,644,"My next medley will be Eye of the Tiger, Rock Me, and Kaboom."
3916,3894,8,44,256,308,1.1948051948051948,0.026079568976759192,644,You want me to break its leg?
3546,3896,10,32,225,267,1.1947565543071161,0.029515690099341286,644,I wear these to keep from going blind.
4709,3896,7,38,222,267,1.1947565543071161,0.028048085441903067,644,And now a Simon and Garfunkel tune
46,3896,8,36,223,267,1.1947565543071161,0.02854567191918326,644,"You have heard of a lead foot, now you have heavy hands."
4831,3899,11,37,255,303,1.1947194719471947,0.027561554224158603,644,"For my next performance, I will be playing the theme from the movie Rocky."
1000,3900,6,46,246,298,1.1946308724832215,0.025755791237590517,644,it's a big sound when the leathers hit the ivories
4132,3900,9,40,249,298,1.1946308724832215,0.027039837210587704,644,"Now, I will play ""Boxer on a G String."""
1411,3902,10,30,217,257,1.1945525291828794,0.03026722483798069,644,Lay em out again Sam.
948,3903,12,33,248,293,1.1945392491467577,0.028585667479154576,644,"Now for my new arrangement of John Cage's 4'33"",on steroids."
5362,3903,5,47,241,293,1.1945392491467577,0.025563741346818696,644,Now let's hear you say my music has no beat
5703,3905,7,42,239,288,1.1944444444444444,0.026742214574512937,644,Did I win?
5376,3905,6,44,238,288,1.1944444444444444,0.026285915806970813,644,Geoffrey could think of only one way to honor Ali.
4221,3905,6,44,238,288,1.1944444444444444,0.026285915806970813,644,Now we present...Punch de Rhythm in C Minor
2872,3905,10,36,242,288,1.1944444444444444,0.028066635921743344,644,Just trying to punch up my jam.
2869,3905,9,31,212,252,1.1944444444444444,0.030143374123951735,644,Now I'd like to play a tune which was a favorite of Muhammad Ali.
4101,3905,5,46,237,288,1.1944444444444444,0.025821554935228516,644,Prepare yourselves for an eight count knockout.
550,3911,7,41,235,283,1.1943462897526502,0.027030700570284057,644,"Float like a butterfly, sting like a bee. California can hear my fortissimo from Carnegie."
906,3911,12,31,240,283,1.1943462897526502,0.029256839118151117,644,And the boxer on the bus goes Wham Bam Bam.”
1075,3911,4,47,232,283,1.1943462897526502,0.0256022744341463,644,And now a selection form “Rocky “
4192,3911,11,33,239,283,1.1943462897526502,0.028825368389881388,644,And now for some of my more obscure hits...
3147,3915,8,38,232,278,1.1942446043165467,0.027799410094576687,644,"Now, a prelude to Beethoven's Fifth!"
5222,3915,11,32,235,278,1.1942446043165467,0.029167159754617807,644,"Gloves, Maestro, Please ??"
5240,3915,10,34,234,278,1.1942446043165467,0.028718481957961298,644,"My next selection, Boxers concerto in G minor."
114,3918,9,42,258,309,1.1941747572815533,0.02640366882839534,644,I'll pound out your favorite for a small fee.
2805,3919,6,40,222,268,1.1940298507462686,0.027448172965307948,644,"And now, my rendition of Survivor's ""Eye Of The Tiger"""
488,3920,8,42,249,299,1.193979933110368,0.02653751455986499,644,I plan to finish it.
298,3920,12,34,253,299,1.193979933110368,0.028178438922309007,644,"And now, the unfinished symphony!"
4952,3920,8,42,249,299,1.193979933110368,0.02653751455986499,644,Play Rocky for me.
2775,3923,5,47,242,294,1.1938775510204083,0.02548523307104947,644,"My next tune, The Boxer."
2040,3923,7,43,244,294,1.1938775510204083,0.026380524273045967,644,Give me an A!
1671,3925,6,44,239,289,1.193771626297578,0.0262034424748243,644,But I don't know 'Rhapsody in Black and Blue!'
3110,3925,7,42,240,289,1.193771626297578,0.026658012248897623,644,"Our first piece tonight is ""Vivaldi's K.O. in the First Round."""
4749,3925,5,46,238,289,1.193771626297578,0.025740846489586865,644,No...I’m not a showoff! As a kid I just loved Rocky movies and Rachmaninoff.
4864,3925,9,38,242,289,1.193771626297578,0.027544655672639567,644,"I was booked for ""The Battle of the Dueling Pianos"""
5303,3925,11,34,244,289,1.193771626297578,0.028403635245971146,644,The conductor won’t fight me on the next piece. He’s Haydn
4595,3930,12,25,216,253,1.1936758893280632,0.031561680559854456,644,And now from Simon & Garfunkel
4508,3931,8,39,237,284,1.193661971830986,0.02740193183116159,644,And then I threw a left hook in A-minor.
1733,3931,10,35,239,284,1.193661971830986,0.028295484519630754,644,T-K-PianO
3567,3931,10,35,239,284,1.193661971830986,0.028295484519630754,644,When you apply for the wrong job and still get
1289,3931,8,39,237,284,1.193661971830986,0.02740193183116159,644,"Alright, who took my sheet music?"
428,3931,7,41,236,284,1.193661971830986,0.02694404535364183,644,"And now, the theme from ""Jaws""."
1298,3931,11,33,240,284,1.193661971830986,0.028731841783310418,644,Now for my piano transcription from the Ring!
1108,3937,5,44,230,279,1.1935483870967742,0.026275361359823123,644,"Knuckle Down Winsocki, Knuckle Down"
2159,3937,9,36,234,279,1.1935483870967742,0.028169804869885847,644,Ta rah rah BOOM de aye!!
2667,3937,7,46,257,310,1.1935483870967742,0.025520389669925276,644,And now for a somber rendition of T.K.O in C major.
3414,3940,7,39,228,274,1.1934306569343065,0.02754351391863694,644,A one and a two and a one two punch.
4302,3940,6,41,227,274,1.1934306569343065,0.0270537965167834,644,Now we will punch up the tempo and add a bit pzazz  to this Rachmaninov piano concerto
3284,3942,7,44,249,300,1.1933333333333334,0.02603202441335671,644,Does anyone out there have a spare set of chopsticks?
4005,3942,8,42,250,300,1.1933333333333334,0.026456810826198877,644,This piece is now in hommage to Muhammad Ali.
4479,3944,3,46,220,269,1.1933085501858736,0.025789416095652804,644,Applaud or I'll punch you in the nose.
1872,3944,5,42,222,269,1.1933085501858736,0.026843595903802513,644,I will now play Bach’s Boxer Fugue in F Major/Minor
2991,3946,7,43,245,295,1.193220338983051,0.026299159779714358,644,What 's the punchline?
1329,3946,5,47,243,295,1.193220338983051,0.025407197054112485,644,"This next piece is called ""Boxing Sonata #2."""
2575,3946,10,37,248,295,1.193220338983051,0.027583074875321828,644,This is dedicated to the memory of “The Boxer Rebellion.
5592,3949,6,39,219,264,1.1931818181818181,0.027667028101254917,644,And now my rendition of LL Cool J’s “Mama Said Knock You Out”
2454,3950,7,42,241,290,1.193103448275862,0.026574330604725867,644,"Next, Iron Buttlerfly's interpretation of ""Flight of the Bumblebee."""
2524,3950,6,44,240,290,1.193103448275862,0.026121476725363482,644,Now I will perform the TKO.
4025,3950,9,38,243,290,1.193103448275862,0.02745764098826404,644,"And for my encore, ‘Variations on Louie Louie!’"
3629,3953,7,35,212,254,1.1929133858267718,0.028866321420971307,644,".... and how the theme from ""Rocky"" ..."
2544,3954,7,45,254,306,1.1928104575163399,0.025695966320921394,644,I will now pound out my latest opus.
4670,3955,10,43,274,327,1.1926605504587156,0.02578251073330082,644,Piansubmissimo?
1416,3956,9,34,227,270,1.1925925925925926,0.028738492284772765,644,This may sound a little off-key.  I just got back from the gym.
1028,3956,8,36,226,270,1.1925925925925926,0.028255337695577726,644,It's okay. I'm a keyboard genius.
4204,3958,14,29,253,296,1.1925675675675675,0.029115776728769707,644,"And now, 'Coup de Lune' by Cassius Claude Debussy."
3424,3958,7,43,246,296,1.1925675675675675,0.026218288143446688,644,"Next, my version of Nancy Pelosi's budget blues."
5189,3960,9,33,223,265,1.1924528301886792,0.029085770930425275,644,Is someone recording this?
5347,3960,8,35,222,265,1.1924528301886792,0.028590108537400676,644,Sam played only fortissimo.
3420,3962,8,40,243,291,1.1924398625429553,0.026934760243379617,644,Imma nockturne you out.
2239,3963,6,43,237,286,1.1923076923076923,0.026310126510529833,644,"Can you, Sir, find a better way to bring Pollock to the piano?"
5219,3963,9,37,240,286,1.1923076923076923,0.027673694312947705,644,This tender number is about to become more tender.
1292,3965,7,45,255,307,1.1921824104234529,0.025619828501622283,644,"This next selection is entitled ""The Terrible Twos."""
2847,3965,7,45,255,307,1.1921824104234529,0.025619828501622283,644,I am not a real pianist; I just play one on TV.
4976,3967,9,36,236,281,1.1921708185053381,0.027985846838951205,644,This is the first performance of Rach 3 with gloves on.
1398,3967,9,36,236,281,1.1921708185053381,0.027985846838951205,644,I’m actually a featherweight according to this scale.
592,3967,9,36,236,281,1.1921708185053381,0.027985846838951205,644,"And now, the Goldberg variations."
1115,3967,7,40,234,281,1.1921708185053381,0.027062312953973593,644,Which round are we up to my good sir?
406,3971,5,39,211,255,1.192156862745098,0.027668473852972723,644,My Sforzando tends to be too forceful.
603,3972,9,35,232,276,1.1920289855072463,0.028308125755154533,644,And now my rendition of Kitty Cat Sonata
1344,3973,10,37,250,297,1.1919191919191918,0.02741240860230161,644,Let’s get ready to rrrumble!
3620,3973,8,41,248,297,1.1919191919191918,0.026569533301875926,644,This will be a real bash.
4142,3973,7,43,247,297,1.1919191919191918,0.02613790498738319,644,"This way, I can play more notes at once."
5619,3976,5,42,224,271,1.1918819188191883,0.0266641399534298,644,"And now..."" Mama Said Knock You Out"" in E flat."
4044,3977,4,48,240,292,1.1917808219178083,0.02503593283891116,644,And now for my interpretation of Ravel's concerto for the left hook.
4318,3977,6,44,242,292,1.1917808219178083,0.025959049741508658,644,I couldn't make it as a concert pianist so now I’m a performance artist.
1583,3977,6,44,242,292,1.1917808219178083,0.025959049741508658,644,"And now, The Pugilism Concerto"
4342,3980,12,31,244,287,1.1916376306620209,0.028879805328125313,644,"In my next round, I will be playing...."
508,3981,8,34,219,261,1.1915708812260537,0.02883468535559908,644,This is the only way to make “Chopsticks” impressive.
2127,3981,7,36,218,261,1.1915708812260537,0.02831901545412293,644,"Every tenth concert I play for the folks in the back seats. For those of you with better tickets, I quote On The Waterfront: 'This ain't your night'"
4769,3981,8,34,219,261,1.1915708812260537,0.02883468535559908,644,Concerto No 5 in Knoch'em flat by Ludwig van Beatonthem
2380,3984,6,47,255,308,1.1915584415584415,0.025126704585875733,644,"For my final match, I will be taking on Liszt's ""La Campanella."""
4800,3984,7,45,256,308,1.1915584415584415,0.025544133774614498,644,"Now, ""Ebony and Ivory"""
4832,3986,11,32,239,282,1.1914893617021276,0.028785336968536253,644,KILL THOSE LIGHTS  - I'm hand syncing !!
1520,3986,13,37,279,329,1.1914893617021276,0.026701177333144612,644,"I'd like to dedicate this next number - ""Eye of the Tiger"" - to my good friend Mr. T"
2437,3986,8,38,236,282,1.1914893617021276,0.02743862609193916,644,I am not all thumbs and I'm here to prove it!
5559,3986,7,40,235,282,1.1914893617021276,0.026974785651671065,644,"Plus, I could dance like a butterfly and sing like a bee."""
2684,3990,7,44,252,303,1.1914191419141915,0.02579738130897982,644,"Next, Sonata for Losers in D flat-on-your-back minor."
772,3991,8,33,215,256,1.19140625,0.02918970389661916,644,"...and for all you dancers, I'll  take a mandatory 8 count for this  round."
1680,3991,11,27,218,256,1.19140625,0.03072377871092985,644,Why is my first request song  always: 'Tenderly' ?
4821,3991,11,27,218,256,1.19140625,0.03072377871092985,644,Shall I pound out Tea for Two?
247,3994,6,41,230,277,1.1913357400722022,0.026787385786119527,644,I'll show you what 'punching keys' really means!
452,3995,10,37,251,298,1.191275167785235,0.027327855569225457,644,I float like a butterfly and tickle the keys
693,3995,9,39,250,298,1.191275167785235,0.02691123096364912,644,"Okay,so I lost the bet. But,for God's sake,I'm a piano player!"
838,3995,10,37,251,298,1.191275167785235,0.027327855569225457,644,Better this than brain surgery.
5016,3995,5,47,246,298,1.191275167785235,0.025175881312171546,644,"Now, by a split decision, I will play 'Mozart's Tenth Piano Concerto'."""
288,3999,9,34,229,272,1.1911764705882353,0.028544294462876128,644,"Hey, I'll play anything I want!"
1921,4000,3,50,240,293,1.1911262798634812,0.02448614653819627,644,This next one will be played in KO.
3943,4001,8,35,224,267,1.1910112359550562,0.0283937828977423,644,"Now, who'd like to hear some Simon and Garfunkel?"
1036,4002,7,41,240,288,1.1909722222222223,0.026602830772905445,644,which key should I punch again?
1829,4002,8,39,241,288,1.1909722222222223,0.02705378486774039,644,Max Schmeling's Symphony No. 1 in E flat major combination.
4664,4002,7,41,240,288,1.1909722222222223,0.026602830772905445,644,"Thank you, thank you. Now for an encore, I will play Autumn Leaves with my wrists handcuffed behind my back."
4708,4002,8,39,241,288,1.1909722222222223,0.02705378486774039,644,My next piece will be the opening score from Jaws
5290,4002,9,37,242,288,1.1909722222222223,0.027497344348284124,644,"Is my ‘time out’ for playing too loud, over?"
4879,4007,7,32,202,241,1.1908713692946058,0.029758106457545175,644,"Thank you, ladies and gentlemen. Next, in our tribute to Hollywood, I'm going to knock out 'Gonna Fly Now', the rousing theme song of the 'Rocky' movies."
3242,4008,3,44,215,262,1.1908396946564885,0.026065101884323687,644,"And now for that great jazz classic, “It don’t mean a thing (If it Ain’t Got That Swing”)."
3702,4008,2,46,214,262,1.1908396946564885,0.025497883705468002,644,I will now play Liszt's Campanella in boxing gloves to prove how crazy good I am!
905,4010,10,34,239,283,1.1908127208480566,0.02825131670203894,644,Now I shall play Cage Fight in 4 33’
4607,4010,6,42,235,283,1.1908127208480566,0.02641767979794755,644,Do you mind if it's just the Minute Waltz?
3949,4012,10,33,235,278,1.1906474820143884,0.028579073006867583,644,I will now play the famous tune called Drumsticks.
2634,4013,13,31,255,299,1.1906354515050168,0.02845283969701877,644,"My biggest inspiration? Bach, sir."
5287,4014,6,49,265,320,1.190625,0.024519655564720706,644,"And now I give you “Für Alise,” by Stings-Like-A-Beethoven."
794,4015,9,38,247,294,1.1904761904761905,0.027114943119769783,644,They told me to punch out a song.
1216,4015,7,42,245,294,1.1904761904761905,0.026244717261828084,644,I'm terrible with chopsticks.
2265,4015,9,38,247,294,1.1904761904761905,0.027114943119769783,644,"The next piece in our holiday program is ""Anvils We Have Heard on High"", originally composed by James Slamwick, Bishop of HexHamfist"
2970,4015,9,38,247,294,1.1904761904761905,0.027114943119769783,644,"Charles, I thought you said these gloves would make my hands ""float like a butterfly"""
3830,4015,8,40,246,294,1.1904761904761905,0.026683378014614713,644,I wish my brother Ali were here...
5112,4015,9,42,264,315,1.1904761904761905,0.025943217544530214,644,This is the part where we all sing together
5154,4015,6,44,244,294,1.1904761904761905,0.025798598916138258,644,I've been fighting with that diminuendo for weeks.
5452,4015,5,46,243,294,1.1904761904761905,0.025344629173026843,644,iTunes has the whole boxed set.
265,4023,7,45,258,310,1.1903225806451614,0.025394058517202535,644,"I call thith nextht number ""Down Goeth Frathier."""
278,4024,11,33,245,289,1.1903114186851211,0.028273070107855312,644,"Ok, you can play until you see the towel thrown on stage."
732,4024,9,37,243,289,1.1903114186851211,0.027409999165665846,644,"Since my accompanist has fled the building, there will be no dueling pianos tonight."
1163,4024,4,47,238,289,1.1903114186851211,0.025122936862696888,644,The odds are 50 to one that I can't knock this baby out.
160,4027,8,35,225,268,1.1902985074626866,0.028296614986441627,644,I'll be playing Tchaikovsky's 1812 Overture
3569,4027,8,35,225,268,1.1902985074626866,0.028296614986441627,644,And now my own composition. I call it “Boxsticks”
80,4029,3,41,203,247,1.1902834008097165,0.02692711678853777,644,Let me know if you think it's a knockout.
725,4030,2,54,249,305,1.1901639344262296,0.0234462127011322,644,This next song is called Crescendo of  Cacophony
1282,4030,13,32,260,305,1.1901639344262296,0.028053491791124773,644,"As a follow-up to my successful rendition of  'Chopsticks',  I'm going all in on 'Flight of the Bumblebee'."
3314,4032,7,46,263,316,1.1898734177215189,0.02507925851620443,644,A knockout performance or should I say a Bach-out
3382,4033,5,42,227,274,1.1897810218978102,0.026399337875354565,644,My newest piece is titled Middleweight Bout in Vegas.
2512,4033,7,38,229,274,1.1897810218978102,0.027393421587789662,644,"But, I don't need these to play Wagner . ."
2810,4033,10,32,232,274,1.1897810218978102,0.028820327987902156,644,Who'd like to hear the opening notes of Beethoven's Fifth again?
3019,4036,5,38,210,253,1.1897233201581028,0.027692620761252656,644,"This piece of music was written by the late,great Muhammad Ali"
842,4037,2,51,237,290,1.1896551724137931,0.024073071535317427,644,My next number will be a Palooka  composition.
2912,4037,9,37,244,290,1.1896551724137931,0.027323200372091416,644,"I'm gonna knock out a little tune for you right now. It's called ""Float Like  Butterfly. Bang on the Keys Like a Five Year Old."""
3122,4037,8,39,243,290,1.1896551724137931,0.026882964453309326,644,"And now, Boxer Concerto No. IV, in G minor."
3625,4037,7,41,242,290,1.1896551724137931,0.02643539818164896,644,I can’t find middle c.
521,4041,9,33,227,269,1.1895910780669146,0.02868776842462809,644,The Pugilist Pianist prefers the percussive-style keyboard approach.
4630,4041,9,33,227,269,1.1895910780669146,0.02868776842462809,644,"The  Copacabana presents,
 “An Evening with Mike Tyson”"
5164,4043,7,40,238,285,1.1894736842105262,0.02671552103467354,644,"No, this is a composition by Beathoven"
3277,4043,10,34,241,285,1.1894736842105262,0.028068631042268477,644,"What do you mean ""Outside the box""?"
1483,4045,5,47,249,301,1.1893687707641196,0.024948669355667863,644,And now for the Flight of the Stinging Bumblebees
2015,4046,6,41,233,280,1.1892857142857143,0.02652609288944051,644,"And now, Chopin's Polonaise in G flat diminished (doubtful), ""The Boxer"""
2286,4046,8,37,235,280,1.1892857142857143,0.027474294913408696,644,"And now, the Maxie Rosenbloom Variations!"
3202,4046,8,37,235,280,1.1892857142857143,0.027474294913408696,644,"And now, ladies and gentlemen, here is our last contestant  battling it out for most original song ."
4404,4049,11,34,251,296,1.1891891891891893,0.027783726745878846,644,I call this 'Chopsticks'.
4902,4049,4,48,244,296,1.1891891891891893,0.024730662153345045,644,I call this: Flight of The Boxer
1683,4051,10,39,263,312,1.189102564102564,0.026442034428966487,644,"This next one's entitled: ""A Major knockout"""
4270,4051,9,41,262,312,1.189102564102564,0.02604936520908882,644,Am I supposed to float like a butterfly or sting like a bee?
1666,4051,7,45,260,312,1.189102564102564,0.02524571080211771,644,Rocky XII - The Dueling Piano
4633,4054,5,45,241,291,1.1890034364261168,0.025437238424554993,644,"Finished with the sharps , you can take them off now"
3371,4054,12,31,248,291,1.1890034364261168,0.028512269848160854,644,The drummer couldn't make it tonight.
2395,4054,9,37,245,291,1.1890034364261168,0.027236942936230513,644,What key is this in?
3047,4057,6,39,225,270,1.1888888888888889,0.027106722920032203,644,My next piece is an homage to Keyboard Cat.
3199,4057,5,41,224,270,1.1888888888888889,0.02659393910184407,644,"And now, Boxing Rhapsody"
3733,4057,6,39,225,270,1.1888888888888889,0.027106722920032203,644,I usually like soft music but this guy's a real lightweight.
146,4060,11,32,243,286,1.1888111888111887,0.028413278383003865,644,Next person talking shit about my piano playing is getting they ass beat.
4184,4060,8,38,240,286,1.1888111888111887,0.027086967134466813,644,And now the Mike Tyson concerto
4376,4060,6,42,238,286,1.1888111888111887,0.02616543627114644,644,you'll never be a pianist Schumannn....try composing
1569,4063,9,29,211,249,1.1887550200803212,0.03014853812732781,644,"Lesser pianists can play Chopin Etudes with fingers unfettered, but listen to me  . . . says Trump"
5212,4063,9,29,211,249,1.1887550200803212,0.03014853812732781,644,Nobody would ask Bobby Short to do this.
4218,4065,8,41,253,302,1.1887417218543046,0.026167008769832512,644,"And now, a piece I call Rocky-maninov II."
895,4065,7,43,252,302,1.1887417218543046,0.02574316670160517,644,Easy on the piano
947,4067,5,46,246,297,1.1885521885521886,0.02511260413687004,644,Sotto? I thought you said Lamotta....
3734,4067,5,46,246,297,1.1885521885521886,0.02511260413687004,644,I will now play Tyson's Pugilist Sonata in B-flat
2039,4069,7,38,231,276,1.1884057971014492,0.02721187510836708,644,The following is `Rhapsody on a Theme of Muhammed Ali'
2630,4069,7,38,231,276,1.1884057971014492,0.02721187510836708,644,Are we sure a Rocky and the Piano crossover movie is going to work?
4734,4069,5,42,229,276,1.1884057971014492,0.026225659660859404,644,And now for some beatboxing...
369,4072,11,33,248,292,1.1883561643835616,0.02800469925439055,644,Let's get ready to risolutooooooooooooooo!
1539,4073,10,41,273,324,1.1882716049382716,0.025773111169630412,644,Aaron Copland's 'Knockdown'.
2710,4074,5,44,238,287,1.1881533101045296,0.02561105309189869,644,"I'm all thumbs, which works for Eye of the Tiger."
5465,4075,3,51,249,303,1.188118811881188,0.023901848462394397,644,"Next I'll play the punk rock version of ""Flight of the Bumblebee""."
4668,4076,4,42,220,266,1.1879699248120301,0.02625796699570632,644,"{""This has a high degree of difficulty."""
398,4076,8,34,224,266,1.1879699248120301,0.02833676244926031,644,I never thought my job as a keypunch operator would ever lead to this...
1332,4078,7,39,236,282,1.1879432624113475,0.0268292334450157,644,"And now, Hungarian Rhapsody No. 2, played backwards!"
2672,4078,5,43,234,282,1.1879432624113475,0.02587140285194946,644,Ahma gonna sock it to ya tonight!
2936,4078,8,37,237,282,1.1879432624113475,0.027295547404417336,644,"Float like a butterfly, fly like a bumblebee."
2979,4078,7,39,236,282,1.1879432624113475,0.0268292334450157,644,"Okay, Beethoven, bring it on!"
324,4082,10,36,252,298,1.1879194630872483,0.027199217187684442,644,"Next I'm going to play a little number I call ""The Mike Tyson Etude."""
1774,4082,8,40,250,298,1.1879194630872483,0.02635531710216497,644,"And for my next selection I'd like to play  that old favorite, 'Put Up Your Dukes.'"
1851,4082,10,36,252,298,1.1879194630872483,0.027199217187684442,644,I will now play the Muhammad Ali boxing overture with gloves.
1573,4085,6,47,261,314,1.1878980891719746,0.024690347984603147,644,"For this next one, I shall punch up the jam."
305,4086,7,35,219,261,1.1877394636015326,0.028157059789101976,644,Here’s my rendition of “Heart and Soul.”
100,4086,7,35,219,261,1.1877394636015326,0.028157059789101976,644,I used to play outside the box.
3434,4088,6,40,231,277,1.187725631768953,0.02663535425561417,644,My next piece is in the key of Z.
457,4089,7,41,245,293,1.1877133105802047,0.026188109922089076,644,You bet I know the ‘Notre Dame Fight Song’!
2845,4089,10,35,248,293,1.1877133105802047,0.027494483212313143,644,"I will now play the Overture to ""The Boxer's Tale."""
3559,4091,8,38,242,288,1.1875,0.026914453816404768,644,I call this next piece Pugilistic Percussion...
5208,4091,8,41,255,304,1.1875,0.026009348975891935,644,And now I shall fight thru Listz’s Campanella
1365,4091,6,42,240,288,1.1875,0.025999893906689643,644,Piano Club
5679,4091,8,38,242,288,1.1875,0.026914453816404768,644,I will now play a Branding Burger by Bach-Sing-Gloves
766,4091,8,38,242,288,1.1875,0.026914453816404768,644,"The tuner..., where is the tuner? This piano needs to be tuned, right away"
410,4091,9,42,269,320,1.1875,0.025571447022437282,644,"And now I will play, what I call, ""The Two Note Handy""."
1038,4091,14,29,261,304,1.1875,0.028403563502895527,644,Its called the 10 second sonata
4731,4098,9,38,252,299,1.1872909698996656,0.026698272534798572,644,political correctness my ass. This piece can’t be handled with kid’s gloves
2656,4099,6,41,236,283,1.187279151943463,0.02626977458792594,644,For my first piece I would like to play “Contender” in the key of G flat.”
3222,4099,6,41,236,283,1.187279151943463,0.02626977458792594,644,"And now,""Bang Bang"",arranged by Jessie J,Ariana Grande,and Nicki Minaj."
5275,4101,8,34,225,267,1.1872659176029963,0.028239209619353736,644,Feel free to join in with the hook.
2440,4101,6,38,223,267,1.1872659176029963,0.02722374667827878,644,"Imagine Van Cliburn, the early years."
611,4103,9,34,235,278,1.1870503597122302,0.027976958291495158,644,I’m gonna knock this one out of the park!
1422,4103,9,34,235,278,1.1870503597122302,0.027976958291495158,644,This next interlude will sting like a Bumblebee
3014,4103,6,40,232,278,1.1870503597122302,0.026547960160794182,644,"Folks, welcome to Raging Bulls. Let’s start off tonight with a rousing chorus of I could have been a contender.”"
3900,4103,7,38,233,278,1.1870503597122302,0.02703268745206002,644,did i get the schedule wrong?
5389,4103,6,40,232,278,1.1870503597122302,0.026547960160794182,644,My next selection is Ravel's Bolero.
3257,4108,6,37,219,262,1.1870229007633588,0.02753241642673092,644,"OK Table 4, let's see you request Freebird now!"
2480,4109,7,43,255,305,1.1868852459016392,0.025511916082579085,644,Backstage I'm light as a feather but when the lights come on I'm a bit heavy handed.
2374,4110,5,44,240,289,1.1868512110726643,0.02545010860855389,644,I like a good challenge
2870,4110,8,38,243,289,1.1868512110726643,0.02682900830780068,644,"To conclude our selection of Simon & Garfunkel Classics, I present ""The Boxer."""
43,4112,7,37,229,273,1.1868131868131868,0.027332112612861274,644,Any requests for Chopsticks?
495,4113,9,38,253,300,1.1866666666666668,0.02661645216453219,644,This next original tune is featured on my CD box set.
2252,4113,7,42,251,300,1.1866666666666668,0.025765139971587216,644,No worries. I spar with a viola.
2303,4113,8,40,252,300,1.1866666666666668,0.026194254747771616,644,"No, No, No!  I said, ""We need to punch up the LYRICS a bit!...NOT the MELODY!!!"
923,4116,7,39,238,284,1.1866197183098592,0.02665633754063366,644,Does anyone here know how to play 'The Boxer'?
2207,4116,4,45,235,284,1.1866197183098592,0.025217205771033393,644,I want you to really belt it out on this one!
2245,4116,7,39,238,284,1.1866197183098592,0.02665633754063366,644,"Well, I can hardly be expected to sumo wrestle in this outfit, now can I?"
219,4119,12,34,265,311,1.1864951768488745,0.027172397276755807,644,"My next number is a variation of Flight of the Bumblebee;
it's called Float of the Butterfly, Sting of the Bumblebee."""
2146,4119,8,42,261,311,1.1864951768488745,0.02560000448579863,644,I will now play Boxing with Beethoven
3958,4119,8,42,261,311,1.1864951768488745,0.02560000448579863,644,spouf menhf skgb.
3343,4122,13,29,253,295,1.1864406779661016,0.028560482711982166,644,"The owners of this establishment have asked me to wear these during ""Candle in the Wind"" because I can't help touching myself."
4722,4123,4,44,231,279,1.1863799283154122,0.02546801391857719,644,"Now, I will really bang out the notes!"
1270,4124,7,35,221,263,1.1863117870722433,0.02796068970592235,644,Should I start with the hook?
1689,4124,10,29,224,263,1.1863117870722433,0.029476691040239596,644,"The composer was also briefly the bantamweight champion of the world, 1936."
2442,4126,12,30,248,290,1.186206896551724,0.028472806726761193,644,if we count to 10 maybe he'll leave
4070,4126,6,42,242,290,1.186206896551724,0.02583640296647571,644,"Just hit the keys lightly, don't knock them out!"
0,4128,7,37,230,274,1.186131386861314,0.027240711304428775,644,"Now to punch out ""Take the A Train"" by the Duke"
2422,4128,8,35,231,274,1.186131386861314,0.02772712760791963,644,Tonight's set is scheduled for 12 songs.
3264,4128,7,37,230,274,1.186131386861314,0.027240711304428775,644,Float like a butterfly
5585,4128,6,39,229,274,1.186131386861314,0.02674545006831271,644,My next tune is a knockout you ladies will enjoy.
4235,4132,9,41,267,317,1.1861198738170347,0.025672080138669673,644,"When I was learning to play the piano, I also bit my nails as a kid.......mom made me wear gloves."
5568,4132,11,37,269,317,1.1861198738170347,0.026438362596406938,644,sonata #10 for Boxers in TKO flat
1084,4134,2,52,247,301,1.186046511627907,0.023432331203122214,644,"I will now perform Beethoven’s 5th round, a piece widely regarded as his boldest."
2641,4135,7,39,239,285,1.1859649122807017,0.026570711577369063,644,"And now, Beethoven's 'Boxing Day Concerto No. 4.'"
2959,4135,5,43,237,285,1.1859649122807017,0.025623883210248576,644,"I am not yet prepared to ""take the gloves off""."
5403,4135,6,41,238,285,1.1859649122807017,0.026101590990782467,644,They said my Beethoven last night was everything but passionate.
2275,4138,11,36,265,312,1.185897435897436,0.026708645934287564,644,I'll knock out the other finalists !
4809,4138,6,46,260,312,1.185897435897436,0.024704108624120102,644,Ding ding ding
752,4140,7,36,226,269,1.1858736059479553,0.027547057311303965,644,I can only do the one note Samba
1354,4140,5,40,224,269,1.1858736059479553,0.026520854209854144,644,"The secret is ""mind over matter""."
4702,4140,8,34,227,269,1.1858736059479553,0.028046081647143308,644,I am certain that I heard NIGHT club.
5439,4143,7,41,248,296,1.1858108108108107,0.025945343509191716,644,I will now play Beethoven's 3rd Symphony in the key of TKO
3842,4143,7,41,248,296,1.1858108108108107,0.025945343509191716,644,This one has too many sharps
3427,4143,6,43,247,296,1.1858108108108107,0.02550012920786012,644,Are you not entertained?!
800,4143,9,37,250,296,1.1858108108108107,0.02681360420000915,644,I’m not particularly good with chopsticks.
418,4147,10,32,238,280,1.1857142857142857,0.028249595500925557,644,"All right, you've made your point, no need to be cruel."
516,4147,9,34,237,280,1.1857142857142857,0.027792768977938292,644,I can play other songs than the theme to Rocky you know!
1251,4147,6,40,234,280,1.1857142857142857,0.026374857192911133,644,And now I will play a selection from ‘Ready to Rumble for Chopsticks.’
1369,4147,9,34,237,280,1.1857142857142857,0.027792768977938292,644,Up next is the Pugilist's Overature in D minor
3159,4147,5,42,233,280,1.1857142857142857,0.0258849657801897,644,How else do you expect me to play “Eye of the Tiger?”
2397,4152,6,45,256,307,1.1856677524429968,0.024936729481175292,644,Coach said I needed to decompress a little.
3163,4152,10,37,260,307,1.1856677524429968,0.026589460413224172,644,And now for Schubert's Undefeated!
3161,4154,3,48,240,291,1.1855670103092784,0.024336041931258046,644,"Float like a butterfly, sting like a Beethoven sonata!"
1847,4155,5,41,229,275,1.1854545454545455,0.026154007200780975,644,"Though best known for his boxing skills, Jack Dempsey could pound out a darn fine tune on the piano - or so claimed his beloved mother."
4010,4155,7,37,231,275,1.1854545454545455,0.02714991147663946,644,Everything about this next piece reflects my mid career change jitters...
1495,4157,8,40,254,302,1.185430463576159,0.026035124447524274,644,"And now,I will play the theme from ""ROCKY"""
320,4158,9,35,242,286,1.1853146853146854,0.02739638954689374,644,Tonight’s Cage Match! Thelonius versus The Grand! Let’s get ready to Rumba!
1930,4159,8,42,263,313,1.1853035143769968,0.02545007259064447,644,"Up next, my biggest hit. It’s a knockout!"
4420,4159,5,48,260,313,1.1853035143769968,0.02421293120591289,644,"I’ll be doing The Boxer , originally done bySimon and Garfunkel .
My version is much better , because I have props ."
4237,4161,10,30,230,270,1.1851851851851851,0.0289189166712614,644,"My next piece is Rocky's Rachmaninoff""s Piano Concerto .2"
3864,4161,8,39,250,297,1.1851851851851851,0.02630150585589595,644,"if you don't like it, leave"
4327,4161,5,45,247,297,1.1851851851851851,0.02497036527641638,644,"And now, Rocky Concerto #3 in D Minor."
2674,4161,9,37,251,297,1.1851851851851851,0.02673049257005474,644,I'm having a little trouble expressing the nuances of the tonality on this pieces.
2312,4161,9,37,251,297,1.1851851851851851,0.02673049257005474,644,"Sorry, I only think inside the box."
3215,4161,6,38,226,270,1.1851851851851851,0.02694728964842527,644,We are only on the cusp of what reality TV will be
3422,4167,7,43,258,308,1.1850649350649352,0.025284727164464456,644,'To the tables down at Mory's'? Oh. I thought you wanted the fight song.
927,4168,10,32,239,281,1.1850533807829182,0.028156641202636987,644,Cliburn's mama said knock you out . . .
1263,4168,8,36,237,281,1.1850533807829182,0.027238898710109535,644,I'm gonna beat this music into submission.
1505,4168,9,34,238,281,1.1850533807829182,0.027701570774539497,644,"I don’t tickle anything,I float like a butterfly and sting like a Muthafucka!"
1412,4171,9,36,247,292,1.1849315068493151,0.027015057544983068,644,"And now:
Chopin Prelude in #@%? minor."
4111,4171,7,40,245,292,1.1849315068493151,0.026129274842427143,644,"And now, Chopin Nocturnes, punched up."
2578,4173,10,29,226,265,1.1849056603773584,0.029270632146465657,644,"Shall we begin, Maestro Tyson?"
4224,4173,2,45,218,265,1.1849056603773584,0.025061280708677684,644,I’ve been known to bang out those oldies but goodies!
3407,4175,7,42,254,303,1.1848184818481848,0.02553177679059267,644,"What? I'm just preparing for the end 
of Tchaikovsky's 1812 overture."
2188,4176,8,35,233,276,1.184782608695652,0.027542298756113977,644,This next piece has a nice right hook.
2784,4176,10,31,235,276,1.184782608695652,0.028482962329034127,644,I’m going to play the next song with alternating body parts
1008,4178,5,43,239,287,1.1846689895470384,0.0254614448294454,644,Now I would like to play my rendition of the 'Rope-a-Dope' overture
5680,4178,8,37,242,287,1.1846689895470384,0.02685857045481266,644,Victor had always wanted to be a two sport competitor
965,4180,7,41,250,298,1.1845637583892616,0.025785951546124307,644,I did not lie on my C.V.
3480,4181,4,42,225,271,1.1845018450184501,0.02581854124219217,644,"I said ""A box for the recital."""
4357,4182,7,43,259,309,1.1844660194174756,0.02520988200796137,644,Use the hook!
5593,4182,5,47,257,309,1.1844660194174756,0.024362039787599352,644,"Mama wanted me to be a pianist, but my doggie wanted me to be a boxer."
259,4184,8,36,238,282,1.1843971631205674,0.02715006655426174,644,"Next, I'll be pounding out Helter Skelter."
2063,4184,6,40,236,282,1.1843971631205674,0.026203965962837604,644,"...and now, the Concerto Pugilisto in C# Major by Muhammad Ali..."
2379,4184,9,34,239,282,1.1843971631205674,0.02761096258301197,644,"My next number is ""Bust Your Chopsticks"""
3132,4184,8,36,238,282,1.1843971631205674,0.02715006655426174,644,I can’t fight this feeling anymore. I’ve forgotten what I started fighting for...
4543,4188,6,35,214,255,1.184313725490196,0.02787775618346876,644,"Softly may I punch the keys with the theme from ""Rocky"" fortissimo."
1240,4189,8,38,247,293,1.1843003412969284,0.026492518589009192,644,"Pay per view on PBS—
Rocky vs Rachmaninoff"
3777,4189,7,40,246,293,1.1843003412969284,0.026047591812848034,644,"I call this next one ""Flight of the Bumble."""
4075,4189,7,40,246,293,1.1843003412969284,0.026047591812848034,644,"Next, I'll pound the ivory for you in my version of--ahem--Rocky's Concerto in D Minor."
5393,4189,6,42,245,293,1.1843003412969284,0.02559493186762759,644,"All of the greats are dead, so I'm not taking any chances."
5518,4189,8,38,247,293,1.1843003412969284,0.026492518589009192,644,A little more Stockhausen?
4637,4194,7,35,224,266,1.1842105263157894,0.02767115433270209,644,"Especially for fight fans, Chopin's Three Minute waltz."
2367,4195,7,37,233,277,1.184115523465704,0.026970093053456556,644,I never should’ve agreed to this Boxing Day Special…
2679,4195,7,37,233,277,1.184115523465704,0.026970093053456556,644,It’s modern music !
4096,4197,6,41,241,288,1.1840277777777777,0.025853259282097824,644,I will now play the Bang Bang Bang Concerto
4095,4197,9,35,244,288,1.1840277777777777,0.027220966682353128,644,Are you kidding me? These aree not the kid gloves I had in mind!
1320,4199,8,39,252,299,1.1839464882943145,0.026139910306257827,644,But it's my version of the 'Rocky' theme!
5692,4199,10,35,254,299,1.1839464882943145,0.02698494545780722,644,Here’s one for all you glove birds out there tonight.
956,4201,9,39,262,310,1.1838709677419355,0.025952841916367476,644,...and now a new composition intended for tweeting.
2236,4202,7,36,229,272,1.1838235294117647,0.027268179397998055,644,What happens after the glissando?
2725,4203,12,35,274,321,1.1838006230529594,0.02650379154234885,644,You can Tune a Piano but you can't Tuna fish
1423,4204,6,40,237,283,1.1837455830388692,0.026119336781932467,644,"In synthesis of my interests, I will be playing the theme from 'Rocky'"
1469,4204,6,40,237,283,1.1837455830388692,0.026119336781932467,644,"And for myy next selection,""Punch Drunk Love"""
2608,4204,8,36,239,283,1.1837455830388692,0.027061805162886293,644,"Cut me, Maestro."
4583,4207,8,38,248,294,1.183673469387755,0.026409695107930883,644,You actually thought this might sound good?
2906,4207,6,42,246,294,1.183673469387755,0.025515427479444953,644,I present Invention no. 3 the way it was meant to be played:   Bach-xing style.
2270,4207,8,38,248,294,1.183673469387755,0.026409695107930883,644,We will start the evening with a little Rachmaninoff up in here.
1385,4207,5,44,245,294,1.183673469387755,0.025056327770471228,644,I'm multitasking.
824,4207,8,38,248,294,1.183673469387755,0.026409695107930883,644,It was another knockout performance by Philip!
1576,4212,5,46,254,305,1.1836065573770491,0.024513830327779096,644,I’m ready to do battle with this Beethoven piano concerto!
4608,4213,8,33,226,267,1.1835205992509363,0.028081907758602833,644,I am playing “The Boxer.”
26,4214,6,39,233,278,1.183453237410072,0.026393551252619923,644,My piano career started out rocky but I'm getting strong now.
2563,4214,6,39,233,278,1.183453237410072,0.026393551252619923,644,"And now, a little paino..."
3770,4214,7,37,234,278,1.183453237410072,0.026881063035273045,644,This next concerto was inspired by incompetent eight-year-old and my lack of empathy.
5288,4214,9,33,236,278,1.183453237410072,0.027830478872445212,644,I don't see how I can hit the high notes
3315,4218,9,35,245,289,1.1833910034602075,0.027134085801291157,644,I've Got Blisters on My Fingers
2811,4218,7,39,243,289,1.1833910034602075,0.026233569585741304,644,"...if you must know, I am a welterweight"
2168,4218,6,41,242,289,1.1833910034602075,0.02577151438466474,644,One mustn't perform this next piece with kid gloves.
3205,4221,6,43,251,300,1.1833333333333333,0.02518972969979173,644,"And now, in a salute to Bill Conti, I’ll perform “Gonna Fly Now” from Rocky.."
434,4222,10,37,264,311,1.1832797427652733,0.02627380397383419,644,I have a day job as a key punch operator.
3288,4223,5,38,219,262,1.183206106870229,0.026824930376087082,644,I’m practicing my Boxing Day medley.
5534,4223,9,30,223,262,1.183206106870229,0.028923463499593783,644,For my next piece I’ll play ‘Piano Is Very Manly Dad’ in A-minor
3983,4225,3,44,226,273,1.1831501831501832,0.025116216312159552,644,"After several failed attempts to entertain his audience, Manuel stumbled upon the key to his knockout set."
563,4226,6,40,238,284,1.1830985915492958,0.026035245100657474,644,"For my next number I'd like to play an extract from the soundtrack for ""Rocky"" called ""One More Round""."
3881,4226,10,32,242,284,1.1830985915492958,0.02788137621591487,644,Sometimes the C13#5b9 fights back.
4460,4226,8,36,240,284,1.1830985915492958,0.02697410913398895,644,"And now, Johanna Sebastian Box’s  One and Only Sonata in B-flat"
4206,4229,10,34,251,295,1.1830508474576271,0.02718917382037506,644,And now for my final piece.. I will be playing boxsticks.
4853,4229,5,44,246,295,1.1830508474576271,0.024979007498366713,644,Chopsticks anyone?
2549,4229,13,28,254,295,1.1830508474576271,0.028432927874090515,644,I'm training for a John Cage-fight.
5174,4232,7,42,257,306,1.1830065359477124,0.02530254816008926,644,Welcome to the half price tribute to Elton John
283,4233,7,44,266,317,1.1829652996845426,0.024755323979915162,644,Chopsticks was easy.
426,4234,4,39,214,257,1.1828793774319066,0.026557934564369546,644,And now I would like to do a little thing I wrote called bopsticks
1742,4234,5,37,215,257,1.1828793774319066,0.02712420913151496,644,"And now my own original composition, “Piano Concerto No. 1 in Box Major.”"
1499,4236,2,45,221,268,1.1828358208955223,0.024808801191949805,644,I am trying to punch out two chords at a time.
2483,4236,7,35,226,268,1.1828358208955223,0.027481399188542883,644,My hands get cold!
2530,4238,1,49,229,279,1.1827956989247312,0.023730341364959884,644,Want to sing a few rounds with me as I play?
2012,4238,9,33,237,279,1.1827956989247312,0.027738343226188598,644,Box me Amadeus
5215,4240,9,35,246,290,1.1827586206896552,0.027047751748314454,644,I’m sorry. I can’t. My hands are tied!
5017,4240,9,35,246,290,1.1827586206896552,0.027047751748314454,644,"And now,Box Piano Concerto in D Minor."
292,4240,5,43,242,290,1.1827586206896552,0.02522155569222867,644,"Whateya mean, 'go to my corner?'What round are we in?"
1717,4240,9,35,246,290,1.1827586206896552,0.027047751748314454,644,He dreams of the days when audiences just wanted their money back...
3835,4240,11,31,248,290,1.1827586206896552,0.02791608633368179,644,"It's really hard for me to play the piano because my hands are
in boxing gloves."
2600,4245,8,39,254,301,1.1827242524916943,0.025980264703709746,644,"By popular request -- the Butterfly and Bee Sonata in A sharp major"""
1691,4246,8,32,223,263,1.182509505703422,0.028313693173378878,644,"And now for my own exuberant interpretation of ""Eye of the Tiger"""
4078,4246,3,42,218,263,1.182509505703422,0.025623036081453335,644,My wife never wanted me to wake the kids.
1972,4248,8,34,232,274,1.1824817518248176,0.027574496010903428,644,Liberboxy.
3390,4248,6,38,230,274,1.1824817518248176,0.026587183457938496,644,Jabs aren't as effective on the piano.
3255,4250,5,42,238,285,1.182456140350877,0.02547116683192037,644,If you don't stay quiet I'll take my gloves off!
5026,4250,7,38,240,285,1.182456140350877,0.02642346803004473,644,I call this one The Flight of the Dirigible.
836,4250,9,34,242,285,1.182456140350877,0.027342622143643636,644,Can I call Sarah Sanders or Sean Spicer for advice?
125,4253,10,34,252,296,1.1824324324324325,0.027104218672000368,644,Let’s get ready to Tinkle!
3466,4253,6,42,248,296,1.1824324324324325,0.025357871145859825,644,I will now play 'Chopsticks' with using only my thumbs.
3529,4253,8,38,250,296,1.1824324324324325,0.026245573901799556,644,"Maestro, I understand this is a Rocky-themed concert, but..."
17,4256,5,37,216,258,1.182170542635659,0.02702816847053228,644,"Well if you didn't like that, you're going to hate the undercard."
747,4257,8,35,237,280,1.1821428571428572,0.027179853246479882,644,"And now what I call ""Mozart's Mohammad Ali Sonata."""
40,4258,5,43,243,291,1.1821305841924399,0.025142579330452306,644,"My next piece is called, ""Kapow!"""
4441,4258,3,47,241,291,1.1821305841924399,0.024181611080864265,644,Would someone in the audience lend me a hand or two?
3601,4260,7,41,254,302,1.1821192052980132,0.02547289721521916,644,I am NOT playing chopsticks tonight!
3793,4260,6,43,253,302,1.1821192052980132,0.02503730769078939,644,My last gig was the Punch n Judy Show!
543,4262,11,35,267,313,1.182108626198083,0.02650789761358699,644,"And now for my encore, “The Float of the Bumblebee”"
2369,4263,7,38,241,286,1.1818181818181819,0.026338643448367182,644,"That's half of it, they stuck my legs in cement"
3017,4263,9,34,243,286,1.1818181818181819,0.027254318409831405,644,"And now, some Stockhausen."
2782,4263,6,42,249,297,1.1818181818181819,0.02527981053898551,644,"Did I hear a request for ""Flight of the Bumblebee?"""
2317,4263,10,38,271,319,1.1818181818181819,0.025786755860507972,644,My teacher said the audience would go wild!
5344,4263,11,32,254,297,1.1818181818181819,0.02743754607535296,644,"I,ll knock one out to you"
2089,4263,3,46,237,286,1.1818181818181819,0.02440443959880448,644,I'm only the undercard.
1902,4263,10,28,226,264,1.1818181818181819,0.02921780710848218,644,Could someone please stick their head in the Green Room and wake me up?
665,4263,4,38,211,253,1.1818181818181819,0.026754385780370763,644,Join in while I play a Bach-Sing Along.
579,4263,11,28,236,275,1.1818181818181819,0.028894492856595122,644,I will now play a selection of works by Hans Zimmer.
2158,4263,6,42,249,297,1.1818181818181819,0.02527981053898551,644,I call this one 'imagination'.
5388,4263,10,34,253,297,1.1818181818181819,0.027019787413802756,644,"At Master Class, he said I was pounding the keyboard. I just want to play the triangle."
4493,4274,8,37,247,292,1.1815068493150684,0.02643520467941138,644,"I don't hate Beethoven, but I pity the fool!"
3377,4274,3,47,242,292,1.1815068493150684,0.02410672562840601,644,This next piece requires more than a little punching up.
4986,4274,5,43,244,292,1.1815068493150684,0.025064088870152403,644,"And now, my rendition of Rock'em Sock'em Staccato"
1093,4274,9,35,248,292,1.1815068493150684,0.026876703883218243,644,my hands are really delicate
420,4274,7,39,246,292,1.1815068493150684,0.025986205595633777,644,Now for the Opus One-Two--bang! Right in the kisser.
2212,4274,8,37,247,292,1.1815068493150684,0.02643520467941138,644,"It’s a strong metaphor, but the next piece I wrote really has nothing to do with boxing."
3717,4280,10,31,240,281,1.1814946619217082,0.02801330849791579,644,"And now, the Box Sonata in d minor"
3605,4280,11,29,241,281,1.1814946619217082,0.028463395325164828,644,"And next: my variation on an etude by John Cage.
...In D-minor."
2259,4282,3,43,224,270,1.1814814814814816,0.025195752251823716,644,Where are the nose flutes?
3682,4282,7,35,228,270,1.1814814814814816,0.027294198166982534,644,"Liebestraum No. 3, by Franz Liszt. What's it to ya."
3934,4284,9,29,221,259,1.1814671814671815,0.029070544578249653,644,It's called free jazz.
4062,4285,7,38,242,287,1.181184668989547,0.026254355117748714,644,I just don't want Lang Lang to see my fingerings!
817,4286,12,26,238,276,1.181159420289855,0.029251088959945604,644,Round 1: Classical Beats
1402,4286,8,34,234,276,1.181159420289855,0.027390223818186888,644,I thought you wanted me to do interval training.
5392,4286,7,36,233,276,1.181159420289855,0.02690490475131444,644,"So she says I can do it, then doesn't show up"
2942,4289,6,36,223,265,1.181132075471698,0.027080566215862877,644,I guess they don't like Shostakovich.
1665,4290,3,49,252,304,1.180921052631579,0.023541653797819334,644,Maybe no one will notice
1818,4290,8,39,257,304,1.180921052631579,0.02574437708440664,644,But the keys are sticky!
1555,4292,11,31,251,293,1.180887372013652,0.027650736006189808,644,This next piece is 'Ode to Mom'
1246,4293,6,39,237,282,1.1808510638297873,0.026050672495659233,644,Baby it’s cold outside.
1670,4293,8,35,239,282,1.1808510638297873,0.027002144714733063,644,"Ladies and Gentlemen, Rocky Beethoven."
1693,4293,6,39,237,282,1.1808510638297873,0.026050672495659233,644,Tonight I thought I’d give beatboxing a try.
2993,4293,8,35,239,282,1.1808510638297873,0.027002144714733063,644,Anyone have a sippy-cup?
3516,4293,9,33,240,282,1.1808510638297873,0.027465523116355018,644,I will now play “Theme from Rocky.”
4365,4293,7,37,238,282,1.1808510638297873,0.02653067429101156,644,Boxeo:  A Concerto In Two Fists
1373,4299,10,29,232,271,1.1808118081180812,0.028669227028459903,644,And now I suppose you're going to request Liszt's Campanella?
4405,4299,5,39,227,271,1.1808118081180812,0.02617740523929703,644,"This evening,I'll be punching out my new hit."
3646,4301,7,29,202,238,1.180672268907563,0.029543169412454714,644,"I'm going to punch my way through this tune, no pun intended."
2349,4302,9,36,254,299,1.1806020066889633,0.026431219513747484,644,"This next one is called 'Song for My Mother, but also My Father'."
3992,4303,5,40,232,277,1.1805054151624548,0.025821593402431446,644,"I'm sorry, say that again ?"
1400,4303,8,34,235,277,1.1805054151624548,0.02729899817078486,644,"I shall now play ""The Flight of the Bumblebee"""
2802,4305,4,40,222,266,1.1804511278195489,0.025914497017905706,644,Simon did this song the easy way.
3169,4306,5,43,246,294,1.1802721088435375,0.02490854816186207,644,"For my encore, Thumbsticks."
4287,4306,10,33,251,294,1.1802721088435375,0.02713896022546621,644,"And now, a ci·né·ma-vé·ri·té reimagining of the theme to “Rocky” — as played by the protagonist."
4024,4308,4,43,236,283,1.1802120141342756,0.024982560962471204,644,He was a Double Major.
4208,4308,6,39,238,283,1.1802120141342756,0.025966322361659137,644,"And now, variations on a theme of Pacquiao."
4705,4310,8,44,281,333,1.1801801801801801,0.02428268080430108,644,I believe I've found the lost chord.
2071,4311,0,49,223,272,1.1801470588235294,0.023345163616544908,644,This isn’t the Steinway vs. Sons match?
5229,4311,7,35,230,272,1.1801470588235294,0.0271095008097749,644,"I need these to play Prokofief's variations on Chopsticks,"
1593,4313,9,38,264,311,1.180064308681672,0.025748095258427448,644,Now for some Beathoven...
4855,4314,5,44,251,300,1.18,0.024599353754279903,644,Concerto for the dexterity impaired.
4488,4315,9,34,246,289,1.179930795847751,0.026992761476816913,644,"They say the Rach 7, is very tough"
3883,4315,7,38,244,289,1.179930795847751,0.026087367308381886,644,They said I ought to have a knockout on the piano during the performance
1820,4317,7,36,235,278,1.1798561151079137,0.02672683079722705,644,"And now, the 1812 Overture...."
1894,4317,6,38,234,278,1.1798561151079137,0.026236453309888438,644,What if I need to use the little boys room...?
2493,4317,9,32,237,278,1.1798561151079137,0.02768153696648545,644,This one is called 'Midnight Cat'...
404,4320,2,44,221,267,1.1797752808988764,0.024711675932373334,644,"Volti subito, or else."
604,4321,9,35,251,295,1.1796610169491526,0.02662410837129192,644,And for my next bout: First performed by the legendary Queen..
1276,4321,9,35,251,295,1.1796610169491526,0.02662410837129192,644,"Oh shit, I left the light on at home."
2403,4321,7,39,249,295,1.1796610169491526,0.025743406992739973,644,"Last night, my anxiety dreams reached crescendo level."
4430,4324,7,37,240,284,1.1795774647887325,0.026358842903489763,644,And now Piano Concerto for the Old One Two.
423,4324,7,37,240,284,1.1795774647887325,0.026358842903489763,644,This next piece will be a box waltz.
5541,4326,12,25,236,273,1.1794871794871795,0.029404857779383186,644,"And now, Mama Said Knock You Out No. 12"
5525,4326,5,39,229,273,1.1794871794871795,0.026002090450248733,644,"I call this ""Adrian"""
4514,4328,12,23,227,262,1.1793893129770991,0.03024876684746679,644,It galvanizes my bass.
144,4329,4,44,242,290,1.1793103448275861,0.024589667279012958,644,This next one’s a punch up of an old classic.
3628,4329,13,26,251,290,1.1793103448275861,0.028625569756297157,644,They were out of hams.
467,4331,7,36,236,279,1.17921146953405,0.02663866464229335,644,My next piece is dedicated to those who failed to achieve their boyhood dream despite a very inspiring '70s movie.
3007,4331,5,40,234,279,1.17921146953405,0.025652423043749508,644,It keeps going out of tune.
4538,4331,6,38,235,279,1.17921146953405,0.02615019370807854,644,"In honor of Victor Borge I shall strike up the band, by hand."
2256,4334,6,43,258,307,1.1791530944625408,0.02466409705016405,644,Badda Bee Badda Boom
1097,4335,3,42,223,268,1.1791044776119404,0.025189478468520456,644,"It's ok, I'm just the undercard."
2193,4335,3,42,223,268,1.1791044776119404,0.025189478468520456,644,"Seriously, I'm trying my best,"
652,4337,8,30,219,257,1.178988326848249,0.02858705967077497,644,We are definitely “going out with a bang” tonight!
959,4338,7,37,241,285,1.1789473684210525,0.026273749469294817,644,"Lie la lie, lie la la la lie lie
Lie la lie, lie la la la la lie la la lie"
1992,4338,12,27,246,285,1.1789473684210525,0.028528200408779004,644,"And then I wrote the theme song for the movie ""Rocky""."
2922,4338,5,41,239,285,1.1789473684210525,0.025315816957388403,644,"I know, I know it's disappointing. Yet here in this golden Trump Hotel DC I feel strangely moved to present my own version of A Boxer's Rebellion."
4532,4338,2,47,236,285,1.1789473684210525,0.023806755423347405,644,"Oh, it's Rocbalboa's piano concerto in A flat."
5699,4338,10,31,244,285,1.1789473684210525,0.02764848812517934,644,"Tonight I will be performing the classic melodic death metal album 
""Hot Yoga Farts""  by ""MetalMurderSexMachine."" I thank you for your support of the fine arts."
727,4343,8,40,265,313,1.1789137380191694,0.025192961931157175,644,I feel as if I'm punching the keys.
1656,4344,9,31,234,274,1.1788321167883211,0.027902539793431762,644,My next number will be a medley from Punch Drunk Love.
44,4345,12,30,260,302,1.1788079470198676,0.027419823550027318,644,"I just said I'd be Bach.  See sharp, not be flat.  
Mistake to hire agent instead of trainer."
182,4345,13,28,261,302,1.1788079470198676,0.02781813149096271,644,I'm going to treat this next composition with kid gloves.
4473,4345,8,38,256,302,1.1788079470198676,0.02576508992763656,644,My final selection is a tribute to Glenn Gould: Box 'Goldberg Variations'.
5145,4348,5,37,221,263,1.1787072243346008,0.026557856041710137,644,I will now play 'Pugilism in D minor'.
3300,4348,7,33,223,263,1.1787072243346008,0.027629147919653846,644,This one calls for a lots of Fs.
3822,4350,6,40,245,291,1.1786941580756014,0.025461239598403167,644,"And now, I will play “Flight of the Ostrich.”"
3952,4350,7,38,246,291,1.1786941580756014,0.025922465398727966,644,I will now knockout a concerto by Boxmaninoff
301,4352,11,33,264,308,1.1785714285714286,0.026654518161651968,644,My first number will be Bach's Concerto to Mike Tyson
3667,4352,11,33,264,308,1.1785714285714286,0.026654518161651968,644,Could I get my cut man up here for this next piece?
5550,4352,5,45,258,308,1.1785714285714286,0.024156871004594932,644,"Ladies and fentlemen, for my next number my rendition of Punch Drunk Love."
5707,4352,6,38,236,280,1.1785714285714286,0.0260644924103889,644,"And now, I'll knock out ""It Don't Mean A Thing."""
2289,4356,7,39,251,297,1.1784511784511784,0.02558401650118968,644,I  won't be taking any more requests ladies and gentlemen
914,4357,5,38,226,269,1.178438661710037,0.026186260703889862,644,"I said ""piano"" not ""Marciano."""
4446,4358,6,39,241,286,1.1783216783216783,0.02571647702538985,644,Think outside the box...ing gloves?
2033,4358,5,41,240,286,1.1783216783216783,0.02523490289173458,644,"And now, the American premiere of Chopin’s early Black-Eye Etude."
2370,4360,9,36,258,303,1.1782178217821782,0.026108673191350795,644,"Tonight, ladies & gentlemen
Punch for Punch in B Minor"
1830,4360,7,40,256,303,1.1782178217821782,0.02525766884023899,644,Any guesses on my first career?
4812,4362,5,39,231,275,1.1781818181818182,0.02582907702110784,644,We said the audition was for covering Marvin Hamlisch not Marvin Hagler.
5137,4363,10,37,273,320,1.178125,0.025589996354068792,644,If you wear these you can hit the K and O notes
1035,4364,7,38,247,292,1.178082191780822,0.025840784662930015,644,I play as a butterfly and sting like a bee!
3124,4364,7,38,247,292,1.178082191780822,0.025840784662930015,644,I've been told this next piece is a real gut punch.
5562,4364,6,40,246,292,1.178082191780822,0.025381272363931912,644,"I will now play 'Braggadocio,' an etude of my own composition.'"
5612,4364,6,40,246,292,1.178082191780822,0.025381272363931912,644,"Well, I find it easier than the string bass."
858,4368,6,43,260,309,1.1779935275080906,0.024517869386470735,644,"I'm gonna knock Mr. Steinway out, then I'm gonna knock him back in again."
3448,4368,12,31,266,309,1.1779935275080906,0.026966894963646078,644,One man show. One man audience.
3187,4370,7,36,238,281,1.1779359430604983,0.026464046181605985,644,"And now, Bach’s most famous counterpunch!"
5361,4371,6,41,251,298,1.1778523489932886,0.025058137607556732,644,"The ""Rocky Theme"" may be more challenging than anticipated..."
2875,4371,8,37,253,298,1.1778523489932886,0.025944265964301404,644,This is a new piece I call pianissimo
793,4373,9,30,231,270,1.1777777777777778,0.02812872073185262,644,Bach's fourth fugue?  I thought you suggested box for the few--
1878,4373,8,32,230,270,1.1777777777777778,0.02763490726417853,644,"Now playing the ""Clean Up the Government"" sonata."
2199,4373,8,32,230,270,1.1777777777777778,0.02763490726417853,644,Pugilist Waltz in C...
4573,4373,6,36,228,270,1.1777777777777778,0.02661981289337194,644,"Hang on, folks, I need to tune him up."
5150,4373,3,42,225,270,1.1777777777777778,0.02502007088210795,644,I'm going to belt out the latest showstopper.....
2441,4378,9,33,245,287,1.1777003484320558,0.027022439822583046,644,"the piano is a broad spectrum instrument whose range is rarely exploited in full...I invite you to listen carefully as I play my 
concerto no1 ""for our times"""
3739,4378,7,37,243,287,1.1777003484320558,0.026105181438103295,644,"Round four will be a short John Cage piece, and then I have a request for the dance mix of Swing, Swing, Swing."
2907,4380,6,34,219,259,1.1776061776061777,0.02730776855239956,644,The theme to Rocky 12
2519,4381,6,37,233,276,1.1775362318840579,0.026250221063798734,644,I will now play 'Chopsticks' in the key of D sharp minor.
2769,4381,11,27,238,276,1.1775362318840579,0.028650068264554834,644,"Yes, my rendition of the Creed theme song was a little rocky."
2823,4383,8,36,249,293,1.1774744027303754,0.026209427068412526,644,Requiem for a large harmonica.
4706,4384,7,33,225,265,1.1773584905660377,0.027436748544926,644,...And now I'll show you how I gave him good Haydn.
5533,4384,6,35,224,265,1.1773584905660377,0.026910730318604845,644,"Next, I will belt out ‘Clair de Lune.’"
4023,4386,5,38,228,271,1.1771217712177122,0.026009258919918173,644,This next piece is the Apollo’s Creed.
2163,4387,7,37,244,288,1.1770833333333333,0.026021696756564364,644,"And now, my version of ""Eye of the Tiger."""
4026,4387,4,43,241,288,1.1770833333333333,0.0245873685146701,644,We'll knock 'em out with Beethoven
658,4389,8,41,273,322,1.1770186335403727,0.024670569568745172,644,its the beat
1977,4390,8,36,250,294,1.1768707482993197,0.026127101734805796,644,I’m Boxing Jim - subbing in for One-Eye-Closed Ron. Hope you like it.
4498,4390,7,38,249,294,1.1768707482993197,0.025678940144471796,644,The Cadenza!
3957,4392,5,37,224,266,1.1766917293233083,0.0262833433927953,644,"I shall now play my ""Uppercut Sonata"" until the sound of the bell."
2091,4392,8,31,227,266,1.1766917293233083,0.02785556670438158,644,I attack ferociously every piece I play.
1405,4392,8,31,227,266,1.1766917293233083,0.02785556670438158,644,"I'm playing my, "" Float Like A Butterfly, Sting Like A Bee,""  song."
653,4392,4,39,223,266,1.1766917293233083,0.025737935446807785,644,"Then . . with his next Indictment Rhapsody . . it was time to take off the gloves. Notice the developed motifs . . the supporting intricacies . . .No more sparring, as it were  . ."
5538,4396,8,34,241,283,1.176678445229682,0.026764024937053373,644,And now a selection from the Simon and Garfunkel songbook.
522,4397,5,43,252,300,1.1766666666666667,0.024453141927573706,644,"Half-step, bob and weave.  Float like a butterfly, pound the keys like Liberace."
2998,4397,5,43,252,300,1.1766666666666667,0.024453141927573706,644,Hey!  YOU requested a soft glove song...
4721,4399,5,44,257,306,1.1764705882352942,0.02415852415732215,644,"This is a number I like to call, TKO."
4584,4399,9,33,247,289,1.1764705882352942,0.026849144975743436,644,What? My fingers are cold!
2529,4399,4,43,242,289,1.1764705882352942,0.024509803921568627,644,"According to known aerodynamic principles, bumblebee flight is not possible."
4289,4399,8,32,232,272,1.1764705882352942,0.02744684558562758,644,"No, really --- ""Man, what are you doing here ?!"""
447,4399,6,30,202,238,1.1764705882352942,0.028739253195257875,644,This next one has a knockout one-two-punch! one-two-punch! hook.
210,4399,9,33,247,289,1.1764705882352942,0.026849144975743436,644,This adds emphasis to my allargando.
143,4399,4,37,214,255,1.1764705882352942,0.026375638122876608,644,I'm afraid this piece requires one to pound the keys.
2031,4399,7,34,231,272,1.1764705882352942,0.026948037188891234,644,"Uh, what fresh hell is this?!"
849,4407,10,38,281,329,1.1762917933130699,0.02506110036416381,644,When you have to perform Mozart at 8 but fight in the ring at 9.
3379,4408,10,32,253,295,1.176271186440678,0.026916112151211893,644,*I forgot my pants*
4586,4408,7,38,250,295,1.176271186440678,0.025598767135898395,644,'Toccata and fugue in g minor' by J.S. Box.
1842,4410,12,25,241,278,1.1762589928057554,0.028910586390816204,644,"Ladies and gentlemen, please pardon the gloves. They're a temporary solution to my chronic masturbation."
3232,4410,12,25,241,278,1.1762589928057554,0.028910586390816204,644,"Next I shall play ""Music Dance Boxer""."
5486,4410,7,35,236,278,1.1762589928057554,0.02656994532460702,644,"This one's called ""Revolution 9."""
5407,4413,5,43,253,301,1.176079734219269,0.024378833221920675,644,"I call this one, 'Jabba, Jabba, Jabba'."
3210,4414,2,46,236,284,1.176056338028169,0.023713917050430054,644,"Oh, it saves my fingers for the performance."
4624,4414,9,32,243,284,1.176056338028169,0.02713926819754555,644,How long is Fur Elise again?
273,4414,3,44,237,284,1.176056338028169,0.024232914598438127,644,Now for my favorite Boxthoven Sonata.
280,4417,6,35,226,267,1.1760299625468165,0.026725226393415846,644,Now for a rendition of that Simon and Garfunkle classic 'The Boxer'
3303,4417,8,31,228,267,1.1760299625468165,0.02775893194094536,644,"For my next number: ""Flight of the Bumblebees"""
1295,4419,4,43,243,290,1.1758620689655173,0.024432720173791216,644,Every body has a plan until they are told to play.
3626,4419,9,33,248,290,1.1758620689655173,0.026763320402532327,644,And now I'd like to play for you the opening bars of Beethoven's Fifth Symphony.
5445,4419,11,29,250,290,1.1758620689655173,0.027640591898867337,644,Watch as I play a mean “Three blind mice.”
3052,4422,9,30,234,273,1.1758241758241759,0.027841733707875682,644,"And now, my tribute to Liberace."
5394,4422,3,42,228,273,1.1758241758241759,0.024770123800269703,644,"Please don't yell at me Coach! I know the fight is tomorrow, and I should be skipping rope and running up the stairs and stuff like that, but, may I tell you something? Music means more to me."
5511,4424,7,28,204,239,1.1757322175732217,0.029235914595912623,644,I stay in shape by playing a few clusters before taking off the gloves.
3408,4425,8,36,252,296,1.1756756756756757,0.025963976785684056,644,my insurance agent will be here soon to release my hands
3636,4425,6,40,250,296,1.1756756756756757,0.02506630347982624,644,My next song will be in the key of OH.
5058,4427,5,39,235,279,1.1756272401433692,0.02548977835546635,644,The staccato notes have been omitted.
4231,4427,8,33,238,279,1.1756272401433692,0.026964537256819736,644,He never expected his performance would be such a hit.
421,4427,6,37,236,279,1.1756272401433692,0.025990664161681987,644,"And now, Toccata, no Fugue."
1293,4427,6,37,236,279,1.1756272401433692,0.025990664161681987,644,Mama Said Knock You Out in E Flat Major...
2110,4427,7,35,237,279,1.1756272401433692,0.02648207783614949,644,I'm composing a theme song for a film called Rocky.
1554,4432,8,30,224,262,1.1755725190839694,0.028081402738412396,644,Music AND sports? 'Wild Thing' says yes.
990,4433,5,43,254,302,1.1754966887417218,0.024304968782558903,644,"So Mr. Tyson, who do you think has a tin ear now?"
1191,4433,8,37,257,302,1.1754966887417218,0.025626873705599327,644,Its suposed to Sound like that
1621,4433,6,41,255,302,1.1754966887417218,0.024753448722451207,644,"For this next tune, I recommend dancing the box-step."
2106,4433,7,39,256,302,1.1754966887417218,0.025193946490950553,644,"In this corner, three time concerto soloist, the Piano Man, the KO Kid."
3964,4437,6,38,241,285,1.1754385964912282,0.025644176679541046,644,I would like to pound out my latest political satirical piece.
4657,4437,6,38,241,285,1.1754385964912282,0.025644176679541046,644,I tried to explain to the people in wardrobe that the fight isn't till tomorrow night!
3766,4437,4,42,239,285,1.1754385964912282,0.024661801933683624,644,How much did you bet?
2266,4437,4,42,239,285,1.1754385964912282,0.024661801933683624,644,Will you ring da bell?
3501,4441,5,41,245,291,1.175257731958763,0.024837868787732465,644,He Was shooting for a knockout performance after all
41,4442,8,32,234,274,1.1751824817518248,0.027261301075849714,644,Just getting ready to pound out some New Wave.
480,4442,5,38,231,274,1.1751824817518248,0.025748141239791446,644,"And now, for the fifth time, the Theme From Rocky."
4339,4442,6,36,232,274,1.1751824817518248,0.02626221678226867,644,"And now a piece from Ali-Frazier ""Thrilla in Manila."""
4412,4442,6,36,232,274,1.1751824817518248,0.02626221678226867,644,This is not a piano. It is a music box.
4518,4442,8,32,234,274,1.1751824817518248,0.027261301075849714,644,Now I shall play “Float Like A Butterfly and Flight of the Bumblebee”.
4530,4447,10,25,222,257,1.1750972762645915,0.029465235857706145,644,"I do take requests, as long as they are ""Chopsticks."""
596,4448,6,40,251,297,1.1750841750841752,0.024988764172644583,644,"It's called ""12 Rounds"" . People find it punchy."
2128,4448,8,36,253,297,1.1750841750841752,0.02588316789684159,644,"Ahh, Happy to oblige! Chop sticks it is!"
5080,4448,9,34,254,297,1.1750841750841752,0.02631897420353069,644,This next tune appears on the boxed-set anthology of my greatest hits.
1565,4451,7,35,238,280,1.175,0.02639478334469939,644,"Man, they've really run out of ideas for new Rocky movies"
2192,4451,6,37,237,280,1.175,0.025905268755771593,644,"For all of you who think I'm all thumbs I present the ''Everlast
Serenade.'"
3149,4451,9,31,240,280,1.175,0.027347538551455573,644,"Thou shalt see these thumbs play all 88 keys, then I'll float like a butterfly, sting like a bee."
2910,4454,9,35,259,303,1.174917491749175,0.025972942073339927,644,This next composition is an opera prelude by my Nebelung cat.
3769,4455,6,34,223,263,1.1749049429657794,0.026925156397213344,644,"I've been so anxious lately...I think my stage ""fight"" is getting worse."
213,4455,3,40,220,263,1.1749049429657794,0.025256462562352817,644,"Looking out on the crowd, I think I may have hit the wrong note."
815,4457,7,36,243,286,1.1748251748251748,0.026037246062877797,644,"Theme song from ""Rocky"" anyone?"
3254,4457,10,30,246,286,1.1748251748251748,0.027414390061886017,644,"My next piece is titled, 'Float of the Butterfly!'"
620,4457,6,38,242,286,1.1748251748251748,0.02556171582458258,644,My next piece will be Box Piano Sonata.
2969,4460,8,38,263,309,1.174757281553398,0.025226062935178033,644,"And now the 'Rocky' sonata in E minor."""
2074,4460,7,40,262,309,1.174757281553398,0.024806040939420033,644,I can do anything.
2786,4462,10,35,270,315,1.1746031746031746,0.025713324603124383,644,LET’s Let’s let’s GET Get get READY Ready ready TO To to BACH Bach bach.
2420,4463,4,40,231,275,1.1745454545454546,0.025139773350972436,644,"Sorry, my trainer just quit."
2644,4463,9,30,236,275,1.1745454545454546,0.027653611074602968,644,"Thelonious Monk today, tomorrow, forever!"
3994,4465,7,38,253,298,1.174496644295302,0.02536119090322073,644,I just don't hit the keys... I hit them like a pro.
2806,4466,4,41,236,281,1.1743772241992882,0.02481643743638472,644,This is one of my recordings featured in my latest box set of piano pieces.
3585,4466,6,37,238,281,1.1743772241992882,0.025820426175964355,644,I’d say I have a softer touch than Oscar Peterson.
1731,4468,8,37,259,304,1.174342105263158,0.025471041898383916,644,Box piano concerto no.1 packed quite a wallop in last night’s concert.
4877,4469,8,30,226,264,1.1742424242424243,0.027884066238120533,644,What is going on? They didn't tell you I am blind!
3924,4470,6,38,243,287,1.1742160278745644,0.025479777405417254,644,"If Liberace could do it, so can I,"
2643,4470,9,32,246,287,1.1742160278745644,0.026875950042795797,644,"And now, Beethoven's Mmmm%$oonli88ght So?#natta2222222222..."
5311,4472,8,38,264,310,1.1741935483870967,0.02515087543196507,644,"Now for my next bout, how about mostly Mozart?"
364,4473,7,34,235,276,1.173913043478261,0.02658721049113987,644,"Now that the jab is established, I'll work the body a bit."
1995,4473,5,38,233,276,1.173913043478261,0.025576920053713235,644,"And now a knock-off of ""Baby, It's Cold Outside."""
2585,4473,5,38,233,276,1.173913043478261,0.025576920053713235,644,#RockyManEnough
3689,4473,4,36,213,253,1.173913043478261,0.026373977836664335,644,How about a little Beethoven?
3981,4473,9,34,256,299,1.173913043478261,0.026155700912237814,644,Next I shall play 'Boonlight Bonata.'
4588,4473,6,36,234,276,1.173913043478261,0.026086956521739136,644,Take the gloves off!
768,4479,5,43,257,305,1.1737704918032787,0.024086002242760144,644,"And now C Flat in, you guessed it, C flat."
4191,4480,11,27,244,282,1.173758865248227,0.028081028308537877,644,I can't feel my hands!
4509,4480,8,33,241,282,1.173758865248227,0.02669881511014993,644,"Oh...I thought we were doing Ravel's 'Bolero""."
782,4480,7,35,240,282,1.173758865248227,0.026221891377746286,644,Waltzing Matilda? I heard Boxing Matilda?
3005,4483,8,29,222,259,1.1737451737451738,0.028211126105312154,644,"Sorry, my German is pretty bad, I thought they told me to get ready for Beat Often."
3233,4483,8,29,222,259,1.1737451737451738,0.028211126105312154,644,"And now, my own special version of ""Mama Said Knock You Out"""
791,4485,9,36,266,311,1.1736334405144695,0.025486408924226763,644,Pugalistic Punching Music by Steve Reich
21,4486,8,34,246,288,1.1736111111111112,0.026333815832984546,644,"This next number will be a ""mash-up"" of   Mozart vs Eminem"
2311,4486,12,26,250,288,1.1736111111111112,0.028111501889406112,644,"Drink up, everyone! The next 15 rounds are on me.""


LockaBlocka2018@gmail.co"
2961,4486,6,38,244,288,1.1736111111111112,0.02539835654622715,644,I will now perform ADRIENNE !   by Rocky.
75,4489,4,38,223,265,1.1735849056603773,0.02564633187728051,644,"And then , at the peak of the crescendo , you take the gloves off and proceed with a gentler finale for ten fingers..."
3033,4489,6,34,225,265,1.1735849056603773,0.02673779848142432,644,For my encore Rondo #10
3939,4491,4,39,228,271,1.1734317343173433,0.025303598269370314,644,"And now, Liszt in a clinch."
3312,4492,11,34,278,323,1.173374613003096,0.025624335269516785,644,"Please enjoy the next piece in our Mixed Martial Music Series called ""Find The Tune""."
1315,4493,6,40,254,300,1.1733333333333333,0.02475896438371653,644,Unanimous? Another ballad it is.
2051,4493,4,44,252,300,1.1733333333333333,0.023841418357195,644,I'm saving them for my hand model gig.
3031,4493,9,34,257,300,1.1733333333333333,0.0260748144664764,644,Ready for some big block chords?
3697,4493,7,38,255,300,1.1733333333333333,0.025205214964166008,644,Box seats at the matinee.
2021,4497,4,40,233,277,1.1732851985559567,0.02497377645980663,644,I will now play Box Piano Concerto in F Minor
3223,4497,4,40,233,277,1.1732851985559567,0.02497377645980663,644,I didn’t know a standing ovation was even possible at a music therapy recital!
4720,4497,8,32,237,277,1.1732851985559567,0.02698759587381624,644,"And for my next number, Sonata For Boxing Day"
2333,4500,4,45,257,306,1.173202614379085,0.023563465719724182,644,I took off my white gloves for the encore: 'Tribute to Liberace
1721,4501,11,27,245,283,1.1731448763250882,0.027988361564762098,644,"YOU ASKED FOR 12 TONE SERIES IN FORTISSIMO ,
VOILA   ......!!!"
617,4501,9,31,243,283,1.1731448763250882,0.02707816164982112,644,I'm hoping this next number will appeal to the Millennials.
5011,4501,6,37,240,283,1.1731448763250882,0.025652378470910443,644,Thank you. Thank you. This last piece is for mother who has always observed that my playing leaves her feeling most short-changed in the note-differentiation department.
1807,4504,7,31,222,260,1.1730769230769231,0.027577021351950844,644,I will now play a composition by Charles Ives.
76,4504,6,33,221,260,1.1730769230769231,0.027033166239749332,644,"And for those who may be offended by any of my songs, I've taken matters into my own hands."
2962,4506,8,34,247,289,1.1730103806228374,0.02624941207138467,644,Get ready to ruuummmble!
1152,4507,6,34,226,266,1.1729323308270676,0.02664508321217388,644,"And now, the butterfly and bee concerto....."
1594,4507,4,38,224,266,1.1729323308270676,0.025558067644181684,644,"Ladies and gentlemen, there's no need to worry, these are only kid gloves."""
3951,4507,7,32,227,266,1.1729323308270676,0.027172288792503694,644,I need to protect my assets!
5599,4507,6,34,226,266,1.1729323308270676,0.02664508321217388,644,"To get the desired softened effect,boxing gloves may be used instead of the pedal."
574,4511,7,33,232,272,1.1727941176470589,0.02678373816735528,644,You disgust me.
3962,4511,7,33,232,272,1.1727941176470589,0.02678373816735528,644,"And now, Boom Chuck Chuck in D minor."
1840,4513,12,28,261,301,1.1727574750830565,0.02724252491694352,644,A concert pianist's bad dream after eating spicy tuna rolls after 9pm
4985,4513,8,36,257,301,1.1727574750830565,0.025564850613383577,644,Contemporary music these days...
4767,4515,7,34,237,278,1.1726618705035972,0.026410359334422703,644,You may remember me from the orchestra for “Rocky” on Broadway.
3623,4515,7,34,237,278,1.1726618705035972,0.026410359334422703,644,"For my encore, I will play a two finger polka."
809,4517,5,34,216,255,1.1725490196078432,0.026767557466738326,644,"And now, I will take on Bach’s Canon."
2587,4518,4,41,239,284,1.1725352112676057,0.0245766865185184,644,"I thought they said grand championship, not grand piano."
3453,4518,7,35,242,284,1.1725352112676057,0.02605122615945514,644,Concerto “Antifortisimo”
3592,4518,4,41,239,284,1.1725352112676057,0.0245766865185184,644,Hitting the keys has a whole new meaning with these gloves on.
1546,4521,8,29,224,261,1.1724137931034482,0.02801029749131193,644,You try playing with these things on.
2066,4521,9,32,249,290,1.1724137931034482,0.02661764657577971,644,Can you punch me in?
5384,4523,9,38,278,325,1.1723076923076923,0.024720809376851345,644,"So this little number’s called, ‘Race for the White House.’"
2387,4524,5,41,250,296,1.1722972972972974,0.024452979605982632,644,"Damn it! Not this again,"" huffed his unimpressed, exasperated subconscious at his mediocre nightmares."
3887,4525,7,32,228,267,1.1722846441947565,0.027078075815005098,644,"This next piece is the TV sportscast theme from ""The Rumble in the Jungle."""
3882,4525,6,34,227,267,1.1722846441947565,0.02655300174145686,644,He’s really taking the battle of the bands serious this year
5437,4527,5,42,255,302,1.1721854304635762,0.024156892413967915,644,"For my next number, Chopsticks."
1775,4528,4,39,230,273,1.1721611721611722,0.025133886507568644,644,"No, I didn't forget anything!"
4083,4528,5,37,231,273,1.1721611721611722,0.025664101414984382,644,"Excuse me, but it's NOT  called ham-fisted!"
1481,4530,7,34,238,279,1.1720430107526882,0.02632280412134492,644,I was told it was impolite to tickle the ivories without their permission.
4834,4530,6,36,237,279,1.1720430107526882,0.025828360262629014,644,This week I'm trying out boom-boxing.
5258,4530,6,36,237,279,1.1720430107526882,0.025828360262629014,644,"If you have any requests, please raise your glove"
5597,4530,5,38,236,279,1.1720430107526882,0.025324264469113685,644,In the next round I'm going to play one of the all-time hardest hits of Rodgers and Pummelstein.
5631,4530,8,32,239,279,1.1720430107526882,0.026808130105720404,644,All my unfinished symphony needs is for me to complete the punch list.
1370,4535,6,42,266,314,1.1719745222929936,0.024021811606502307,644,"Keep playing or start fighting, that's the question"
130,4535,6,42,266,314,1.1719745222929936,0.024021811606502307,644,Tell me when I get to a 10-count.
4833,4537,4,41,240,285,1.1719298245614036,0.024497781979671927,644,"What! I was  to train Bach's way, not box way?"
1067,4538,5,34,217,256,1.171875,0.026671309721401047,644,And now for some post-Charles Ives.
1453,4539,4,42,245,291,1.1718213058419245,0.024196761940349767,644,Let's see you demand 'Free Bird' now.
4033,4539,9,32,250,291,1.1718213058419245,0.026532635389322608,644,"Tonight, I’ll be playing 4’33”."
4308,4539,7,36,248,291,1.1718213058419245,0.02562385138461477,644,Welcome to the new Two Note Piano!!
3622,4542,5,35,222,262,1.1717557251908397,0.026292171743062424,644,"Ah, the light! It was prerecorded, yes, but I wrote every word."
4667,4543,3,45,249,297,1.1717171717171717,0.023425586962031505,644,"Pound-for-pound, Frank is one of the best, but tonight he just couldn’t beat the refrain."
2082,4543,7,37,253,297,1.1717171717171717,0.02529344214447277,644,My agent asked me to perform something more inside the box.
1824,4545,7,32,229,268,1.171641791044776,0.026984507455736793,644,"Sure, I'll play you a song. But first, I need to take off my gloves!"
4739,4546,9,34,260,303,1.1716171617161717,0.025835101905084114,644,"One more thing, I majored in Sociology."
2269,4546,5,42,256,303,1.1716171617161717,0.024083739936042337,644,Does the key of A major have three sharps?
3340,4548,5,37,232,274,1.1715328467153285,0.02557798386361939,644,Of course it looks silly - but you try playing pianissimo on a Hammerklavier
4491,4549,5,38,237,280,1.1714285714285715,0.02524113826827535,644,The next piece was originally composed by Rocky Marciano.
3035,4549,8,32,240,280,1.1714285714285715,0.02671928098944257,644,"Wow, that concerto really packed a punch."
2658,4551,3,44,245,292,1.1712328767123288,0.023627996371785642,644,"I was told ""the gloves won't come off""

Chris Krusa"
5354,4551,4,42,246,292,1.1712328767123288,0.024120932356128787,644,"Maestro, cut me please."
4942,4553,9,39,285,333,1.1711711711711712,0.024292746164652223,644,And now for a song by Everlast.
4401,4554,8,35,255,298,1.1711409395973154,0.02565918778345412,644,And you all sound like you're sawing wood.
5197,4555,4,37,222,263,1.1711026615969582,0.0256402587593055,644,"I shall now perform Rachmaninoff's Concerto No. 3, followed by a piece of my own composition, Lionel's one-two."
3346,4556,9,34,261,304,1.1710526315789473,0.025756165279721844,644,This next one is called 'The Fight for Art.'
107,4557,4,38,227,269,1.171003717472119,0.02529683649581354,644,And now Eye of the Tiger in C minor
624,4557,5,36,228,269,1.171003717472119,0.02583935498308515,644,This next dance will be the box step.
4053,4557,4,38,227,269,1.171003717472119,0.02529683649581354,644,"I'll just be pounding out a few jabs for you, until the main event tonight."
5632,4560,6,35,234,275,1.170909090909091,0.026007827091796762,644,I said with my hands tied behind my back
3753,4560,6,35,234,275,1.170909090909091,0.026007827091796762,644,I shall perform a round by the Marquess of Queensberry.
812,4562,7,34,240,281,1.1708185053380782,0.026149406414260203,644,"Float like a butterfly, sting like Ali."
229,4563,8,33,246,287,1.170731707317073,0.02626728670583378,644,"Theme to 'Rocky'."""
4690,4564,4,42,247,293,1.1706484641638226,0.024045570328577875,644,If it calls for cords I can.
1267,4565,4,35,213,252,1.1706349206349207,0.026273513562214166,644,I knocked that song out of the ring.
2675,4566,10,31,258,299,1.1705685618729098,0.026442578009980313,644,This next one goes out to The Enemy of the People.
3363,4566,6,39,254,299,1.1705685618729098,0.02468653865430797,644,"I shall now proceed with "" The Lost  Chords"""
5689,4566,7,37,255,299,1.1705685618729098,0.0251370518558055,644,Ah! I beg your pardon. Bach’s what?
4520,4569,6,32,220,258,1.1705426356589148,0.027044384400117732,644,"I don’t care if Streisand loves The Main Event, I’m never playing it agaiin."
2593,4570,8,36,261,305,1.1704918032786886,0.02525419224492817,644,Oh! I prepared for the wrong event!
223,4571,5,36,229,270,1.1703703703703703,0.025751265483558713,644,So which joker requested The Minute Waltz?
5360,4572,10,34,273,317,1.1703470031545742,0.025434227929738172,644,No need to go to this extreme.  I promise: no more chopsticks!
2292,4573,3,41,232,276,1.1702898550724639,0.024348257415089045,644,This is one of Tchaikovsky's greatest hits. I hope you'll enjoy it.
5102,4574,8,32,242,282,1.1702127659574468,0.026543321798185113,644,On the scales at 300lbs...
2142,4575,7,35,246,288,1.1701388888888888,0.02571640824973597,644,Oops! Wrong Job.
2499,4575,7,35,246,288,1.1701388888888888,0.02571640824973597,644,"No requests for “Freebird,” lest thee desire a proper pummeling."
4533,4577,5,40,249,294,1.1700680272108843,0.02445016515321143,644,Are you sure this is how to play Diminuendo?
4746,4577,5,40,249,294,1.1700680272108843,0.02445016515321143,644,And this next piece is just brutal on my fingers.
4920,4577,9,32,253,294,1.1700680272108843,0.026280800758147038,644,Standing in for Paul Simon tonight....George Foreman!
1413,4580,5,41,254,300,1.17,0.024153448505201538,644,... and my next piece is entitled 'Banging on Keys with Boxing Gloves'... in D minor
924,4581,3,46,257,306,1.1699346405228759,0.022951459942169735,644,It's my way of fighting the good fight.
66,4581,7,38,261,306,1.1699346405228759,0.024748471882626022,644,Now I'll play Chopin with my left foot while eating an ear of corn.
2181,4583,3,47,262,312,1.169871794871795,0.022699358845400884,644,Sorry folks can't play tonight; this stage fight got the best of me.
2690,4584,6,33,226,265,1.169811320754717,0.026561710235402207,644,Now for the knock out blow!
2975,4584,5,35,225,265,1.169811320754717,0.02601800696042357,644,"That was the Moonlight Sonata.  Oh, no, wait--it was Frosty the Snowman."
4230,4584,4,37,224,265,1.169811320754717,0.025462696670930755,644,I will now demonstrate how to properly beat an antique piano.
5183,4587,8,31,238,277,1.1696750902527075,0.026827899363310766,644,I'm the first boxer to perform in Carnegie Hall.
1493,4588,8,32,243,283,1.1696113074204948,0.026456200542112618,644,Now let’s just lay back with the smooth ‘n’ easy sound of Chuck Wepner.
3449,4588,7,34,242,283,1.1696113074204948,0.025978255806567836,644,I don’t want anyone stealing my fingerings.
4998,4590,10,30,255,295,1.1694915254237288,0.026634382566585957,644,"For my next piece, I will play 
Bacchanale by John Cage"
2179,4591,6,41,266,313,1.1693290734824282,0.02395210207726647,644,My next set has a pirate theme....pass me my hook please.
1401,4591,8,37,268,313,1.1693290734824282,0.024792404054017458,644,I just hate playing with cold hands.
1669,4593,9,36,274,319,1.1692789968652038,0.0248928490131894,644,"And now, a selection of pieces from Ludwig Von Beathovan, Wolfgang Ama-No Mas Mozart, Johann Sebashing Bach and Giacomo Punchini."
1278,4594,5,34,221,260,1.1692307692307693,0.026293065753348777,644,Way easier than my last job. There we had to know how to count all the way up to 10...
360,4595,5,36,231,272,1.1691176470588236,0.02557685577374756,644,I will now go Bach to basics.
2744,4595,6,34,232,272,1.1691176470588236,0.02610188068968409,644,"Now, for my next act, I will make this piano disappear!"
5284,4595,4,38,230,272,1.1691176470588236,0.025040825206124197,644,"And now, a short tone poem by Floyd Mayweather..."
4029,4598,11,25,242,278,1.169064748201439,0.028157534516579468,644,"This next piece is called: ""Alex Jones in C Minor""."
1788,4599,9,30,245,284,1.1690140845070423,0.026837332617704754,644,And now for box prelude in C Major.
2526,4599,6,36,242,284,1.1690140845070423,0.02540845445617981,644,"And the last piece tonight is Ali's ""Piano Sonata in A minor""."
4972,4599,4,40,240,284,1.1690140845070423,0.024409444519093968,644,"Und now vee geev you
 Bach’s ‘Erhöhtes Fleisch und Blut’"
2032,4602,6,37,247,290,1.1689655172413793,0.025080871381138892,644,Are you sure Beethoven started this way?
4730,4603,7,36,253,296,1.1689189189189189,0.025223248291967416,644,And now for the Bach-sing along!
3873,4603,12,26,258,296,1.1689189189189189,0.02739951742933105,644,"Hey look, Mohammed Ali was a poet. I’m a pianist."
51,4603,3,44,249,296,1.1689189189189189,0.02333656387792886,644,"I'm thrilled to debut my most recent composition. 
'The 2018 Overture in G Major'"
764,4606,8,27,220,255,1.1686274509803922,0.028265984384246826,644,There are those who find Rachmaninoff bombastic.
1759,4607,7,30,224,261,1.1685823754789273,0.027301888135614932,644,What have you been smocking? Gloves have nothing to do with it. Really bad piano tuner!
2306,4608,8,29,230,267,1.1685393258426966,0.027424463252034632,644,"I’m a lover, not a fighter!"
1828,4609,7,33,239,279,1.168458781362007,0.026160794422131182,644,I call this one 'Bopsticks'.
3710,4609,3,41,235,279,1.168458781362007,0.024108999833648254,644,"Now, I wrote this piano concerto in honor of ""Rocky 4."""
4764,4611,10,28,247,285,1.168421052631579,0.027207525384166674,644,"So, you think this would go better with a necktie?"
2438,4612,3,43,245,291,1.168384879725086,0.023536469772064972,644,His Carnegie Hall dreams knocked out in a single piece.
2464,4612,5,39,247,291,1.168384879725086,0.0245227321123328,644,Could you please tune this piano?
2595,4612,7,35,249,291,1.168384879725086,0.025470833735375613,644,"Viggo, this isn't working!"
2381,4615,8,34,255,297,1.1683501683501682,0.025592997025599373,644,I will now perform a real knockout of a tune!
2911,4616,9,34,266,309,1.168284789644013,0.02536854622700941,644,Play to win!
4198,4617,4,35,217,256,1.16796875,0.02589611591918284,644,"For my next act, I will be playing ""under pressure""."
1734,4618,9,28,237,274,1.167883211678832,0.027429020591228148,644,Round 13
4688,4619,6,35,239,280,1.167857142857143,0.025578487356255654,644,Who requested a glove song?
2764,4620,8,32,246,286,1.167832167832168,0.026198204519767662,644,"Yes, Frère Jacques IS a round in tonight's Ring cycle."
4036,4620,5,38,243,286,1.167832167832168,0.024753491069608453,644,"The next few songs are a touch more mellow, softer...."
197,4622,6,37,249,292,1.167808219178082,0.02492218206023938,644,Is there a Corner Man in the House?
4090,4622,8,33,251,292,1.167808219178082,0.025849361481695598,644,"For my next number, I'm going to play Moe Zart's ""Rondo alla Trump"""
178,4624,6,39,259,304,1.167763157894737,0.02431180599531751,644,"I'm pretty sure this next one's called, ""You Go to My Head."""
221,4624,7,37,260,304,1.167763157894737,0.024754325043101145,644,"Oh no, where's the men's room?"
3988,4626,9,34,267,310,1.167741935483871,0.025292406134412197,644,"We conclude our ""Cinema from the 70's"" program with this classic rendition of ""Eye of the Tiger."""
3008,4626,5,42,263,310,1.167741935483871,0.023583676206877176,644,"Without your hands and wrists you have no career, so I always keep them safe!"
3799,4628,6,41,269,316,1.1677215189873418,0.023742380204572797,644,Is this not what it meant when it said the music was hard hitting?
4675,4628,6,41,269,316,1.1677215189873418,0.023742380204572797,644,Play to win what?
449,4630,7,31,231,269,1.1672862453531598,0.026720371172112945,644,This next piece was written by a boxer.
86,4631,7,32,236,275,1.1672727272727272,0.026347041890812176,644,"And now, 'Everlasting Love'."
180,4631,6,34,235,275,1.1672727272727272,0.025838417446329483,644,"As a gentleman, I refuse to take my gloves off."
1635,4631,7,32,236,275,1.1672727272727272,0.026347041890812176,644,If I could get someone to cut me I'll begin.
3440,4631,8,30,237,275,1.1672727272727272,0.026846031674376748,644,"I will be performing several songs this evening, including the soundtrack from all the ""Rocky"" movies, and my especial favorite, ""You Broke My Heart, So I Busted Your Jaw."""
163,4635,9,30,248,287,1.1672473867595818,0.026575757159283658,644,I'm just making sure I'm ready for J.K. Simmons when I can't keep tempo.
2616,4635,5,38,244,287,1.1672473867595818,0.024674021895336767,644,"I know you like immersive experiences, but isn't this a bit much for playing the Rocky theme song?"
4611,4637,5,39,249,293,1.1672354948805461,0.024368565323153502,644,"""In my younger years, I could blend the fourth movement with the fourth round."""
4228,4637,9,31,253,293,1.1672354948805461,0.0262170361343497,644,"I tried to beat the notes, but they kept ringing true."
3196,4637,8,33,252,293,1.1672354948805461,0.025767353021401873,644,"For my next number I’ll play ‘Buddy, Can You Spar a Dime’"
3765,4637,7,35,251,293,1.1672354948805461,0.02530968154262907,644,"Take my piano, please"
2591,4641,7,36,256,299,1.1672240802675586,0.024988784713954163,644,"I'll be playing 'Rite of Spring' tonight, I just thought I'd come prepared."
3027,4642,6,39,260,305,1.1672131147540983,0.024238205983272424,644,I always told my parents I wanted to fight
5561,4642,5,41,259,305,1.1672131147540983,0.023789079638498384,644,"slam,bam,ali-kazan!"
3492,4644,8,36,267,311,1.167202572347267,0.024801978165470313,644,I will now play Fur Elise as Byron Janis
4806,4645,6,33,231,270,1.1666666666666667,0.02610625509609724,644,"And now I will play ""On Wisconsin,"" the Badger's fight song."
4445,4645,5,33,220,258,1.1666666666666667,0.026291435987216824,644,I play all the right notes
3898,4645,6,37,251,294,1.1666666666666667,0.02476546749551348,644,"Who wants to hear a rousing rendition of  ""On Wisconsin?"""
3580,4645,7,32,237,276,1.1666666666666667,0.026258403092762395,644,"Sorry folks, I'm all thumbs tonight."
3098,4645,4,43,259,306,1.1666666666666667,0.02326135751071264,644,I want my manicure to last until I give the performance.
2789,4645,8,34,258,300,1.1666666666666667,0.025355151081426185,644,"The Eye of the Tiger"", of course"
2264,4645,4,39,239,282,1.1666666666666667,0.02439719393577804,644,I've been getting really into Henry Cowell and John Cage lately.
4362,4645,7,28,217,252,1.1666666666666667,0.027833056992210743,644,I will now box the boogaloo in D minor.
2095,4645,7,33,242,282,1.1666666666666667,0.02590251907670179,644,And you attack a new piece.
1711,4645,8,34,258,300,1.1666666666666667,0.025355151081426185,644,"And now, from my ""Pugilist's Promenade,"" . . ."
1334,4645,3,38,223,264,1.1666666666666667,0.024789314637834233,644,"The Pianist everyone called ""Al Thumbs"""
1140,4645,8,30,238,276,1.1666666666666667,0.026755451670922387,644,Who wants to hear Simon and Garfunkel's The Boxer ?
655,4645,10,31,265,306,1.1666666666666667,0.02587792058518904,644,"And now, the bar crawl sonata"
2178,4645,6,35,241,282,1.1666666666666667,0.025410654333551802,644,When you play Rocky
230,4645,8,33,253,294,1.1666666666666667,0.025685858687347567,644,Stop pounding on the keys!
149,4645,4,37,229,270,1.1666666666666667,0.02502924078195115,644,Punch and  Judy Garland
2715,4661,6,37,252,295,1.1661016949152543,0.024687839412166363,644,"And now, “Fight for Your Right”"
640,4661,7,35,253,295,1.1661016949152543,0.025150536501775393,644,"My signature composition, 'Hand in Glove, Knock Wood.'
Enjoy!"
3446,4661,7,35,253,295,1.1661016949152543,0.025150536501775393,644,I don’t think the level playing field is all it’s cracked up to be.
315,4661,6,37,252,295,1.1661016949152543,0.024687839412166363,644,That sonata is included in my remastered box set.
482,4661,4,41,250,295,1.1661016949152543,0.023735401236728054,644,Do I use a left hook or a right cross?
686,4666,7,34,248,289,1.166089965397924,0.025477863169602932,644,"'Hard to tickle the ivories with these puppies."""
1523,4666,8,32,249,289,1.166089965397924,0.025945148510269876,644,"Tonight I will be giving new meaning to ""pounding the 88s."""
3508,4666,8,32,249,289,1.166089965397924,0.025945148510269876,644,You want me to play Chopsticks? I can't even hold them!
3681,4666,3,42,244,289,1.166089965397924,0.023516050552021082,644,I'll be presenting a program of Bach's music.
4433,4666,2,44,243,289,1.166089965397924,0.022999465516273663,644,It's not really about boxing.
4881,4666,8,32,249,289,1.166089965397924,0.025945148510269876,644,"This next piece, I call, Rocky Marciano"
5256,4666,3,42,244,289,1.166089965397924,0.023516050552021082,644,I call this piece Glissando.
850,4673,8,31,244,283,1.1660777385159011,0.026298412011415053,644,"At this keyboard sits a boxer
With a fighter in the wings
And he’s wearing the reminders..."
2668,4673,5,37,241,283,1.1660777385159011,0.024827890711921662,644,How about a duet?
3657,4673,7,33,243,283,1.1660777385159011,0.02581754639676542,644,A pugilists worst nightmare
4465,4676,6,34,237,277,1.1660649819494584,0.025665681095224976,644,In the clearing stands a boxer...
5122,4677,5,41,262,308,1.1655844155844155,0.023575628486343887,644,"And now, “The Double Knuckle Concerto”"
3553,4677,6,39,263,308,1.1655844155844155,0.024020028007386708,644,Please vocalize loudly on my behalf while I bang this out.
2234,4677,6,39,263,308,1.1655844155844155,0.024020028007386708,644,"I am so sorry, darling, but maybe you can finally begin to understand this crippling commitment phobia"
4635,4680,6,38,258,302,1.1655629139072847,0.024310213785517162,644,"And in just a moment, Ladies and Gentleman, the Keys Lorraine will be ready to come out"
321,4681,7,35,254,296,1.1655405405405406,0.025071705118393375,644,"If you don't want to hear something awful, somebody better wake me up."
3920,4682,5,38,247,290,1.1655172413793105,0.024438613357937584,644,"And now, the Saved by the Bell Sonata in D, by Ludwig ""Kid Zucker"" Schteinmetz"
3997,4682,6,36,248,290,1.1655172413793105,0.0249220649953877,644,"At audience's  request,  Uppercut Sonata in A Minor."
4546,4682,7,34,249,290,1.1655172413793105,0.025396315173857268,644,Free Bird? Coming right up!
4495,4685,7,33,244,284,1.1654929577464788,0.025733124308580914,644,I play in broad strokes
2399,4685,6,35,243,284,1.1654929577464788,0.025244987593983075,644,"And now, 'chop-sticks', by Henry's realative, Ray (Boom-Boom) Mancini!"""
3136,4685,4,39,241,284,1.1654929577464788,0.024239241376316258,644,"And now, as a demonstration of my virtuosity, listen to this!"
456,4685,5,37,242,284,1.1654929577464788,0.024747224300107694,644,"How to fix jammed piano keys 
~wikiHow"
2077,4685,5,37,242,284,1.1654929577464788,0.024747224300107694,644,"And now for your listening plesaure, I will play the theme from ""Rocky"
2103,4690,4,38,236,278,1.1654676258992807,0.024543858121024713,644,"And for the main event, I'll be performing Concerto no. 3."
1884,4691,7,31,234,272,1.1654411764705883,0.026446421631277438,644,The key to this fight is...
3393,4691,4,37,231,272,1.1654411764705883,0.024859914406470545,644,My hands are fine but I should have worn protective headgear.
4716,4693,3,38,225,266,1.1654135338345866,0.024618468879047287,644,I float like a butterfly and sting like a bee.
386,4693,5,34,227,266,1.1654135338345866,0.025745186882750012,644,"Well you're all in the mood for a melee, 
and I've got you feeling alright."
4226,4693,5,34,227,266,1.1654135338345866,0.025745186882750012,644,"Folks, does this strike the right note of middle aged whimsy?"
4325,4693,5,34,227,266,1.1654135338345866,0.025745186882750012,644,BAM BAM BOOM
5371,4697,8,35,266,309,1.1650485436893203,0.024810153005911502,644,"Look, if I can do contacts, I can do anything with them."
1265,4698,7,36,260,303,1.165016501650165,0.02468280069166808,644,I call it 'Sonata Your Day' in the key of Ouch.
1737,4699,5,39,253,297,1.164983164983165,0.024065911318410453,644,This is how I provided thunderous applause at his rally.
1303,4700,5,38,248,291,1.1649484536082475,0.02436112805474301,644,"Like this, you always hit the right chords"
3298,4700,5,38,248,291,1.1649484536082475,0.02436112805474301,644,I call this one Raging Bull in the Eye of the Tiger.
3326,4700,5,38,248,291,1.1649484536082475,0.02436112805474301,644,"And now, ""Toddler on the Ivories""."
4975,4700,4,40,247,291,1.1649484536082475,0.023869752190557654,644,They said I was too heavy a hitter
5490,4704,5,37,243,285,1.1649122807017545,0.02466707474176876,644,"And now for a song by an artist known as ""Limp Bizkit."""
5301,4704,10,27,248,285,1.1649122807017545,0.02705573661359445,644,"I jab with the left and hook with the right, correct?"
4526,4704,5,37,243,285,1.1649122807017545,0.02466707474176876,644,Soft and smooth gentle with whites and blacks.
4778,4704,6,35,244,285,1.1649122807017545,0.025162953677850385,644,Please excuse the absence of a B flat-on-my-back chord.
2173,4704,5,37,243,285,1.1649122807017545,0.02466707474176876,644,Try me...try one more time calling me a pianist.
214,4704,7,33,245,285,1.1649122807017545,0.025649247538110778,644,My first selection is by Bouthoven
3541,4704,4,39,242,285,1.1649122807017545,0.024161020566986994,644,"We are the champions, my friends
And we'll keep on fighting till the end""."
97,4711,7,32,240,279,1.1648745519713262,0.02599599758575981,644,"Now, my homage to 'Eye of the Tiger'."
1103,4712,6,33,234,273,1.164835164835165,0.02584033108119804,644,Gonna play now
502,4713,6,32,229,267,1.1647940074906367,0.026199119167490636,644,"My next piece, is a self-composition, which I call 'Political Bipartisanship.'"
3134,4713,4,36,227,267,1.1647940074906367,0.025101260295643916,644,I can't do both at the same time. You gotta problem with that?
5557,4715,6,31,224,261,1.1647509578544062,0.02657247645118729,644,"Floating on Lunesta, ""Fight of the Bumblebee"""
241,4715,7,29,225,261,1.1647509578544062,0.027121374375470905,644,"For my critics, we'll settle if it improves the playing?"
2866,4717,5,40,259,304,1.1644736842105263,0.023708684978617833,644,"Will somebody please  turn up the thermostat, so I can take these off?

Michael Rogness, St. Paul MN"
606,4717,4,42,258,304,1.1644736842105263,0.023246269503509394,644,"Ladies and Gentleman, now for B-Flat."
340,4719,6,37,255,298,1.1644295302013423,0.024457818850951316,644,"And now, 'The Lucky Hand' by Shoenberg."
1895,4719,7,35,256,298,1.1644295302013423,0.02491550202142291,644,Perhaps a musical boxing variety show isn’t such a clever idea.
2002,4721,6,35,245,286,1.1643356643356644,0.02508144597814496,644,And now from the Adam Sandler movie Punch Drunk Love
2506,4721,8,31,247,286,1.1643356643356644,0.026041364511846604,644,"For round one, I will play a rhapsody in jab"
966,4723,4,38,238,280,1.1642857142857144,0.02438250643088691,644,"While difficult, it’s easier than being a defensive back..."
1219,4723,7,32,241,280,1.1642857142857144,0.025909680340884846,644,Good thing this is a talent show.
2627,4723,6,34,240,280,1.1642857142857144,0.02541082243576485,644,"I call this one the ""pugilistic pianist."""
3342,4726,7,31,236,274,1.1642335766423357,0.026266860934594537,644,Uhh...would it be alright if I just played chopsticks tonight?
548,4726,6,33,235,274,1.1642335766423357,0.02575287809823794,644,"Rocky"", eight coun"
1804,4726,3,39,232,274,1.1642335766423357,0.024145371633065158,644,"Listen up, kids. Never be afraid of expressing yourself."
898,4729,6,32,230,268,1.164179104477612,0.0261084202651137,644,At least I have clothes on
1836,4730,7,29,226,262,1.1641221374045803,0.027024976096845187,644,"And now, Box Two Part Inventions."
5185,4730,5,33,224,262,1.1641221374045803,0.02592015446462167,644,I think these are very effective in subduing the percussion expression of Mozart's compositions for harpsichord.
1355,4732,3,35,212,250,1.164,0.02543627362772026,644,Fighter introduces Gleft.
5604,4733,9,32,264,305,1.1639344262295082,0.02539661210627814,644,Ignazio vs. John Cage
3758,4734,6,37,256,299,1.1638795986622072,0.024382085448843013,644,These new Rocky installments keep getting stranger and stranger...
3658,4734,6,37,256,299,1.1638795986622072,0.024382085448843013,644,I’ve been feeling a bit punchy lately
2425,4734,8,33,258,299,1.1638795986622072,0.025285934061772538,644,"Ladies and gentlemen, my next piece will be the premier of the Ring Cycle as interpreted by Gio Palooka."
3598,4734,5,39,255,299,1.1638795986622072,0.02391735573937614,644,"No, I'm not cancelled."
2447,4738,6,36,251,293,1.1638225255972696,0.024685718869580073,644,"I know I’m all thumbs, but I can really knock out a great tune!"
3088,4739,11,25,251,287,1.1637630662020906,0.027328599777278632,644,'Chopsticks' is not on tonight's set list.
4750,4739,5,37,245,287,1.1637630662020906,0.024508306706914413,644,I wrote this one after being clocked by Mike Tyson in the ring.  It's called 'Huh?'
5161,4739,8,31,248,287,1.1637630662020906,0.025956785850976036,644,Why is Mike Tyson the conductor?
3057,4742,5,36,240,281,1.1637010676156583,0.02482008235634802,644,My next piece will be Piano Fighter  by Warren Zevon.
1345,4742,5,36,240,281,1.1637010676156583,0.02482008235634802,644,I will now play 'Chopsticks' blindfolded and without sheet music.
1434,4742,4,38,239,281,1.1637010676156583,0.02430261442188236,644,"And now, so as not to offend anyone......"
5464,4745,8,29,238,275,1.1636363636363636,0.026680135747067193,644,I have to treat my psoriasis during practice.
4609,4745,6,33,236,275,1.1636363636363636,0.02566600948630458,644,I might be nervous for the concert. I had this terrible dream last night...
4696,4745,4,37,234,275,1.1636363636363636,0.024610128858261197,644,The late pianist was known for his punchy style on the keys.
872,4748,2,40,227,269,1.1635687732342008,0.023790434404437635,644,The composer told me this was a knockout...
2058,4748,7,30,232,269,1.1635687732342008,0.026546118650033704,644,Anyone remember the last works of John Coltrane?
2717,4748,4,36,229,269,1.1635687732342008,0.02492928855069428,644,I thought I'd play a little Bach's
890,4751,4,35,224,263,1.1634980988593155,0.025260831814623606,644,"Gonna giv'm the ole 1, 2, 3, 4"
4314,4752,6,38,262,306,1.1633986928104576,0.02401606335882477,644,"When I sing my Alma mater fight song, I don’t want to ,”tickle the ivories.”"
4963,4752,9,32,265,306,1.1633986928104576,0.02531914906826782,644,Somebody doesn’t like the way I play.
1229,4754,8,33,259,300,1.1633333333333333,0.025207426368235142,644,This piece was composed in July 1919 and dedicated to Jack Dempsey after von Krawlitz won a bundle on the Dempsey/Willard fight.
507,4755,9,30,255,294,1.163265306122449,0.02598465258079092,644,The only issue is that it is untuned.
3296,4756,7,33,248,288,1.1631944444444444,0.025400837379405402,644,"Letssss Get Ready To ANIMATO!"""
1170,4756,9,29,250,288,1.1631944444444444,0.026336208547383326,644,"And now, a rendition of my favorite Skrillex song"
5404,4758,5,36,241,282,1.1631205673758864,0.024738722998502643,644,"My next selection will consist of a couple of arpeggio-flourishes, and a combination jab-cross-left hook. The title of this piece is, ""The Great Butterfly Dance of Ali in C-Major"" by Angelo Dundee."
3176,4759,5,34,231,270,1.162962962962963,0.025392317479850404,644,Think Henny Youngman had great punch lines? You're in for a real treat!
3694,4760,4,35,225,264,1.1628787878787878,0.02517258441716648,644,"That was my interpretation of the theme from 'Rocky III.' Next, 'Rocky IV.'"
4772,4761,6,37,258,301,1.1627906976744187,0.024232003360545474,644,"And now, the Michigan Fight song."
4177,4761,6,37,258,301,1.1627906976744187,0.024232003360545474,644,"Just remember your training: jab, jab, jab."
1566,4761,8,26,224,258,1.1627906976744187,0.027777982372256625,644,But I'll bite my fingernails if I take them off!
1574,4761,7,28,223,258,1.1627906976744187,0.027229636829277554,644,"Betethoven's Symphony No. 5 in C Minor, Op. 67: I. Allegro con brio? SURE!"
3591,4761,5,32,221,258,1.1627906976744187,0.0260984052427777,644,"For tonight's encore, I will play for you the ""Theme Song from Rocky"" by composer Bill Conti."
4195,4766,7,34,254,295,1.1627118644067798,0.02499621336674474,644,"Albert realized that his post-bout recital lacked finesse, somehow."
4264,4767,5,37,247,289,1.1626297577854672,0.024351548247655605,644,This next selection should make you feel a little punchy.
5147,4767,4,39,246,289,1.1626297577854672,0.023853064426336276,644,"I'm a classical pianist, yes, but also the next heavyweight champ."
1049,4769,5,35,237,277,1.1624548736462095,0.024975667195052547,644,I shall now play this next composition in the pugilist key.
1623,4769,4,37,236,277,1.1624548736462095,0.024446344240847462,644,"And now, the Multitask prelude composed during the Boxer Rebellion."
1897,4769,4,37,236,277,1.1624548736462095,0.024446344240847462,644,"And now, I will be playing ""Gonna Fly Now"" in C Major"
2753,4769,12,21,244,277,1.1624548736462095,0.02840608011518097,644,"Sir! In the front, you — the Belgian-looking guy. Listen up, because I'm only gonna say this once. I will NOT be playing ""White Iverson"" again tonight, so you can stop fucking asking, OK?"
4880,4769,8,29,240,277,1.1624548736462095,0.026500274850009532,644,What’s wrong? I like to punch the keys.
5409,4769,3,39,235,277,1.1624548736462095,0.02390530363007356,644,One more request for 'Melancholy Baby' and I'll put my dukes up.
15,4775,5,38,253,296,1.162162162162162,0.023980880739599832,644,"Baby, don't get hooked on me!"
3761,4775,3,42,251,296,1.162162162162162,0.023005958373041507,644,It  made a fool of me once too often!
3991,4775,8,26,225,259,1.162162162162162,0.02767766129029784,644,"And now, a little something I call, 'Rap City in Two'."
4211,4778,5,36,243,284,1.1619718309859155,0.024577577801643265,644,'Melancholy Baby' a la Charles Ives? No problem.
2598,4778,5,36,243,284,1.1619718309859155,0.024577577801643265,644,"And now my newest composition: ""Crawl of the Sloth"""
3358,4780,8,29,241,278,1.1618705035971224,0.026411243674001193,644,I'd like to dedicate this next song to Freddie Mercury.
1022,4781,7,30,235,272,1.161764705882353,0.026273292182320343,644,"Hope you enjoy my latest composition. I call it 'Noise'.""__%"
3690,4782,10,29,264,303,1.1617161716171618,0.025835101905084114,644,"My next number is a real ""knockout""!
Jeff Manly
Toronto, On."
357,4783,5,38,254,297,1.1616161616161615,0.02390623657679567,644,It's a living!
3655,4783,4,40,253,297,1.1616161616161615,0.023425586962031505,644,"You can,t beat this song"
671,4785,3,36,221,260,1.1615384615384616,0.02473962557492605,644,I can give you Hits or a can give you punches
3330,4785,6,30,224,260,1.1615384615384616,0.02647922133839332,644,"Oh, come on! This is how the original piece was written!"
3018,4787,9,29,253,291,1.161512027491409,0.026082201790527185,644,"So, music speaks to me.  Last night, it said, killing me softly with this next song.  I'll do my best."
1682,4788,9,32,269,310,1.1612903225806452,0.02501392948841675,644,You forgot to take the gloves off..
5408,4789,10,29,265,304,1.1611842105263157,0.02575547200582215,644,"The add said something about swing, I assumed I'd need punch too."
2445,4790,6,32,235,273,1.1611721611721613,0.025664101414984382,644,The una corda pedal is malfunctioning.
5143,4791,5,37,250,292,1.1609589041095891,0.024120096897896157,644,I’ve got a hand modeling gig tomorrow morning!
4773,4792,9,28,249,286,1.1608391608391608,0.026351669484498984,644,Playing Country Music for Your Pleasure
2116,4793,8,34,269,311,1.1607717041800643,0.024519321456480045,644,Pounding the keys is the only way to play Boxx
405,4793,8,34,269,311,1.1607717041800643,0.024519321456480045,644,I like the way it sounds when I play with my boxing gloves on; kinda like I'm crappin' thunder!
5555,4795,4,37,239,280,1.1607142857142858,0.024204670352162422,644,"Sir,  the  song  you  are  performing is
requiem for  a   fighter; not  The
Boxer!"
3846,4795,7,31,242,280,1.1607142857142858,0.02574239659339129,644,Let's Get Ready to... Percussion?
4534,4795,6,33,241,280,1.1607142857142858,0.025240232642877506,644,Is anyone going to unlace them for me?
1302,4798,2,40,232,274,1.1605839416058394,0.023393064268312124,644,I think I'm punching above my weight.
4665,4798,9,26,239,274,1.1605839416058394,0.02709974588374877,644,"The piano was prepared, but Mike wasn't."
1765,4800,5,38,256,299,1.160535117056856,0.02375831958147012,644,"Did I hear a request for ""Mama Said Knock You Out?"""
268,4801,6,35,252,293,1.1604095563139931,0.02452521500586206,644,Gives me that soft touch.
1764,4801,7,33,253,293,1.1604095563139931,0.02499725330959406,644,My major in Composition and minor in Method Acting give 'Gonna Fly Now' a real one-two punch.
2046,4801,5,37,251,293,1.1604095563139931,0.024043911269664757,644,"Once I built a tower, now it's done. Brother, can you spar a dime?"
2348,4801,5,37,251,293,1.1604095563139931,0.024043911269664757,644,And now I will bang your out a few of my favorite tunes for you
199,4805,4,34,224,262,1.1603053435114503,0.02515407628263884,644,"And now, Eye of the Tiger!"
2018,4806,6,34,247,287,1.1602787456445993,0.0248352132723584,644,Mmmfm fmmmf mffmm fmmfm!
337,4807,3,35,218,256,1.16015625,0.0248874900132685,644,"And now for my own composition, ""The Ballad of the Boxer:  A blow by blow account"""
3172,4808,4,37,240,281,1.1601423487544484,0.02412515934658973,644,A Heavyweight Music Box
5171,4808,7,31,243,281,1.1601423487544484,0.025656998554195457,644,"baby, its cold inside"
1393,4810,3,42,255,300,1.16,0.022724171269074275,644,Old habits die hard!
2982,4810,4,36,235,275,1.16,0.02442707821182921,644,"From his earliest days Luigi had promised, ‘Rachmaninov and Marciano!, Rachmaninov and Marciano!’."
184,4810,6,32,237,275,1.16,0.02549054237354861,644,Now I'm going to punch the keys to Eye of the Tiger
4393,4813,8,27,234,269,1.1598513011152416,0.02688965959431854,644,"Float like a butterfly, tickle the keys, no one tried harder than self-proclaimed Mozart Ali."
4644,4813,5,33,231,269,1.1598513011152416,0.02529479799010928,644,We be ham fisting. Yeah!
2353,4813,4,35,230,269,1.1598513011152416,0.024740341067060353,644,Nobody knows the trouble I've seen...!
3125,4813,5,33,231,269,1.1598513011152416,0.02529479799010928,644,You think so? I'm gonna knock 'em dead.
1752,4817,6,38,269,313,1.159744408945687,0.02351791399201981,644,Just plunking out an idea for a Rocky 9 theme.
4525,4818,7,31,244,282,1.1595744680851063,0.025572160636392564,644,There had once been a time when Albert did not feel quite so defensive about his affinity for playing Russian pop music.
5642,4819,6,29,222,257,1.1595330739299612,0.026573518248341903,644,The critics say I punch out the melodic line.
37,4820,8,28,240,276,1.1594202898550725,0.026421511589154414,644,"And now, Chris Brown’s cover of Rihanna"
3921,4820,9,26,241,276,1.1594202898550725,0.02691554821639141,644,"And now for the debut of my latest composition, 'Glissando Serenade, in F♯ Major'"
5172,4820,7,30,239,276,1.1594202898550725,0.02591805960180567,644,"Do not try this at home.
                                         


""Do not try this at home."""
5363,4820,6,32,238,276,1.1594202898550725,0.02540463249861492,644,How about something by Choppin'?
20,4824,5,37,253,295,1.159322033898305,0.023892960601780283,644,It  practically plays itself
675,4824,2,43,250,295,1.159322033898305,0.02239851226888875,644,"You're gonna love this guy, Zoe!  He's a real knockout!"
148,4826,3,36,225,264,1.1590909090909092,0.024394434980820886,644,"And now for my next selection, ""Mama Said Knock You Out"" by LL Cool J."
375,4826,3,36,225,264,1.1590909090909092,0.024394434980820886,644,I'm not sure that concert pianists NEED a handicap system.
2761,4826,8,26,230,264,1.1590909090909092,0.027186656055104435,644,"For my next piece, I shall play a ten roundelay."
5493,4826,7,35,266,308,1.1590909090909092,0.024162555977552274,644,Cowell or Bartok?
5600,4830,4,30,205,239,1.1589958158995817,0.026504236998626512,644,"My next selection, The FIGHT of the Bumblebee."
1284,4831,5,38,259,302,1.1589403973509933,0.023539810784469643,644,Sorry. I can't play with myself.
1811,4832,6,32,239,277,1.1588447653429603,0.025319294749511542,644,And I can play this piece with one hand tied behind my back!
5232,4832,6,32,239,277,1.1588447653429603,0.025319294749511542,644,DUM DUM DUM   DUM...
5235,4834,9,29,258,296,1.1587837837837838,0.025669496809386745,644,"I shook up the world! I shook up the world, by playing Shostakovich!"
929,4835,9,28,253,290,1.1586206896551725,0.02601098596658895,644,It's a Balwin
998,4835,4,38,248,290,1.1586206896551725,0.023606225599961304,644,He is a germaphobe - won't touch anything without gloves
4239,4835,3,40,247,290,1.1586206896551725,0.02309524596752987,644,We're going to need you to play with more punch.
90,4838,3,33,210,246,1.1585365853658536,0.025378198933282428,644,And now... Beethoven’s Moonlight Sonata in D-flat Major
5289,4839,5,32,228,265,1.1584905660377358,0.02545845959682356,644,Imposter syndrome? Never heard of it!
1534,4840,5,35,244,284,1.158450704225352,0.02440495707636479,644,This latest workout fad is not what I signed up for.
2284,4840,4,37,243,284,1.158450704225352,0.023889697399479326,644,Thank you. My next song has a real sweet beat.
4007,4840,9,27,248,284,1.158450704225352,0.02636549036413475,644,I can't even do Chopsticks
4993,4840,6,33,245,284,1.158450704225352,0.024909560774122985,644,I was hoping for a dissonant  sound.
2835,4844,7,34,262,303,1.1584158415841583,0.024381412091335236,644,"I was going to take my gloves off and let you know how I really felt, but this is Carnegie Hall, isn't it?"
1194,4845,8,31,258,297,1.1582491582491583,0.02514004128462639,644,Now for the Cantus firmus.
2798,4845,9,29,259,297,1.1582491582491583,0.025588507157369343,644,Everyone  needs a second job these days!!
1231,4847,4,35,233,272,1.1580882352941178,0.024487975048960116,644,This seems a bit extreme for a single hangnail.
222,4847,6,31,235,272,1.1580882352941178,0.025571980184047764,644,"Written by Fisto Pugilist, this is simply entitled...BALBOA."""
2572,4849,5,36,250,291,1.1580756013745706,0.024029577090501526,644,I'm an outside the boxer thinker
871,4850,10,25,250,285,1.1578947368421053,0.026744713016831418,644,And now my rendition of  'Flight of the Bumble Bee...'
1045,4850,5,38,261,304,1.1578947368421053,0.023396335906873053,644,"Buxtehude? I thought you said Boxed a Hoodie."""
1963,4850,7,31,247,285,1.1578947368421053,0.02532095357445605,644,'Excuse me while I lay down some phat beats...'
3309,4850,5,32,229,266,1.1578947368421053,0.02536956830104544,644,A boxer's dream
3648,4850,4,43,276,323,1.1578947368421053,0.022132561576033948,644,"I'd love to play the concerto but 

I feel all tied up and boxed in."
4285,4850,6,30,230,266,1.1578947368421053,0.0259227277619652,644,"Ladies and gentlemen—I present to you, the -only- way to play Eye of The Tiger…"
4169,4856,11,28,278,317,1.1577287066246056,0.02529890880758116,644,Wanna hear me play Chopstick ?
1903,4857,7,33,258,298,1.157718120805369,0.024606189918645924,644,"And now, Round 3 of Tyson versus Holyfield."
3119,4857,5,37,256,298,1.157718120805369,0.02367002125570049,644,"Next, “The Flight of the Bumblebee.”"
215,4859,3,38,238,279,1.157706093189964,0.023562274574217612,644,my next number is entitled: discordance is just frame of mind
2899,4859,6,32,241,279,1.157706093189964,0.02515031315857599,644,We here at he Music Box have added something new!
845,4861,5,36,251,292,1.1575342465753424,0.023953260836904473,644,This captures their attention from the get-go
4810,4861,4,38,250,292,1.1575342465753424,0.02345680156238178,644,Still not as bad as the time I entered that high-heel race.
3154,4863,8,27,238,273,1.1575091575091576,0.02652053043634111,644,This is that old chestnut: Belt It Out and Punch It Home
2304,4863,7,29,237,273,1.1575091575091576,0.026007781223349926,644,"What do you mean, you never saw the movie ""Jaws"""
1096,4863,4,35,234,273,1.1575091575091576,0.024404981720375172,644,His recital was every bit as staged as a WWE match
2201,4863,7,29,237,273,1.1575091575091576,0.026007781223349926,644,I just wanted the kids to talk about me.
3974,4867,2,36,216,254,1.1574803149606299,0.024221335844769456,644,"Now, the Detroit tocatto in the style of Thomas the hitman Hearns."
1770,4868,6,36,263,305,1.157377049180328,0.023783133111811672,644,This is the welterweight performance of the Right Hook Overture
4426,4869,7,28,232,267,1.1573033707865168,0.026371655242041506,644,It says to play it ff af
2022,4870,5,31,225,261,1.157088122605364,0.02562492931223998,644,I will now attempt the Minute Waltz
2332,4871,2,42,249,293,1.1569965870307166,0.022360720807154465,644,"Good evening, Ladies and Gentlemen. I’m expecting a standing ovation...."
4031,4871,5,36,252,293,1.1569965870307166,0.02387742324532234,644,Be-Bop-A-Lula!
1857,4871,8,30,255,293,1.1569965870307166,0.02530337619087636,644,"I said to book The Black Eyed Peas, not Keys."
2685,4874,4,35,235,274,1.1569343065693432,0.024322543416600773,644,I'd like to play chopsticks. Again.
3740,4874,6,31,237,274,1.1569343065693432,0.02539804370973639,644,"What!?
It’s strong conceptual music!"
523,4876,4,37,246,287,1.156794425087108,0.023658740590401718,644,"If you don't like it, come on up here and fight me."
632,4876,4,37,246,287,1.156794425087108,0.023658740590401718,644,I'm trying to play Spar Spangled Banner
2631,4876,3,39,245,287,1.156794425087108,0.023138066649992763,644,"Welcome to the third concert in our series, Beethoven’s Great Beat-Downs!
Bill Hunter,
Plymouth, MA"
5705,4876,2,41,244,287,1.156794425087108,0.022605403121269317,644,Wrong scenario impresario!!
1465,4880,2,38,228,268,1.1567164179104477,0.023470577277959134,644,I need a tuning.
1893,4880,4,34,230,268,1.1567164179104477,0.0246326667592446,644,"Before I begin, I’d like to thank my parents for showing me the value of compromise, as applied to my choices for after-school activities...and now, the MMA concerto."
5605,4882,6,32,243,281,1.1565836298932384,0.02498355338140441,644,"I can't play a chord progression, but I can play you a few chords."
3941,4882,5,34,242,281,1.1565836298932384,0.024469542683186164,644,The gloves are on...
1887,4884,3,35,224,262,1.1564885496183206,0.02436163106728372,644,I wrote this next song for all of the Pianist-Pugilists out there.  It'll knock your socks off!
1636,4885,3,40,251,294,1.1564625850340136,0.022805768968359823,644,If the very attractive redhead in the first row would take a seat - I'll proceed with 'Concerto with no Hands.'
2503,4886,4,35,236,275,1.1563636363636363,0.024240654657820805,644,I need a volunteer from the audience to hold open the piano while I work the inside.
4266,4886,3,37,235,275,1.1563636363636363,0.023686843140745907,644,Still better than boxing in a top hat.
5040,4886,5,33,237,275,1.1563636363636363,0.024782093101777286,644,Saturday Nite’s alright for fighting
5312,4886,4,35,236,275,1.1563636363636363,0.024240654657820805,644,"I thought they said, “you are to play-box piano concertos.”"
11,4890,7,34,266,307,1.1563517915309447,0.02408512373283863,644,Mom says it sounds like I'm playing the bagpipes...
5432,4890,9,30,268,307,1.1563517915309447,0.02495340956964991,644,"Yes, it appears that Round One goes to the piano, but for my next number, I'd like to try a little Tchaikovsky."
1538,4892,4,42,274,320,1.15625,0.022173152840688933,644,"And now, the ""Concerto Grosso Mosso"" by Spinks."
2453,4892,6,33,249,288,1.15625,0.0245873685146701,644,"I heard he was all thumbs, but this is ridiculous!"
566,4894,6,35,260,301,1.1561461794019934,0.023918727648344608,644,And now for my Chopin.
985,4895,2,38,229,269,1.1561338289962826,0.023390419721709903,644,This way I can have that heavy Horowitz touch.
3699,4895,5,32,232,269,1.1561338289962826,0.02510654740293149,644,I always wear gloves when playing a percussion sport.
3660,4897,5,39,270,314,1.1560509554140128,0.022858516668879288,644,Life's not a about how hard of a hit you can give... It's about how many keys you hit before the security notices.
2570,4898,4,36,242,282,1.1560283687943262,0.023865899916671044,644,These gloves came as a boxed set!
2160,4898,5,34,243,282,1.1560283687943262,0.02438893846997454,644,Who would like to hear Knock-out?
1684,4898,7,30,245,282,1.1560283687943262,0.025402728227721806,644,"You think this is ridiculous, ...."
253,4901,6,27,217,250,1.156,0.026861536975286777,644,I am playing piano while wearing boxing gloves.
141,4902,8,30,257,295,1.1559322033898305,0.025142765115592967,644,"Impetigo,mates."
5178,4903,4,33,226,263,1.155893536121673,0.024866743515846938,644,The conductor was afraid I would play off beat
3867,4904,7,29,240,276,1.1557971014492754,0.025743419445855148,644,...and now for my truly smashing rendition of the Diabelli Variations
1374,4905,5,35,249,289,1.1557093425605536,0.024012874102332046,644,"See,I  can’t play jingle bells one more time."
3226,4905,3,39,247,289,1.1557093425605536,0.022990425911508246,644,"And now ladies and gentlemen, Bach’s Concerto in C major for Two Pianos!"
5198,4907,6,28,223,257,1.1556420233463034,0.026376939422093876,644,Yes I can see how piano and boxing can sound the same.
3896,4908,10,27,265,302,1.1556291390728477,0.025624030697635664,644,"You may have heard this next one ... ""Float like a Butterfly, Play like a Cat."""
1238,4909,2,38,230,270,1.1555555555555554,0.023310801260644852,644,"Everyone get up and dance to Simon and Garfunkel's ""The Boxer."""
3977,4909,7,28,235,270,1.1555555555555554,0.0260974636309225,644,"Yes, but I can play it with a handicap."
2892,4911,8,30,258,296,1.1554054054054055,0.025063216306530488,644,"I thought that you said ""Chop On,"" not Chopin!"
5072,4911,8,30,258,296,1.1554054054054055,0.025063216306530488,644,I have a severe Gershwin allergy.
628,4913,8,32,269,309,1.1553398058252426,0.024374598619838754,644,It's better than my last job I had with these; picking flea shit out of black pepper.
4565,4914,7,36,279,322,1.15527950310559,0.02332527942158072,644,Are there any chopsticks in the house?
5055,4915,7,29,241,277,1.1552346570397112,0.025656480277185905,644,This next one is Rocky Manoff’s Prelude in C Minor.
4252,4916,5,30,223,258,1.1550387596899225,0.025701173541785118,644,And now for my version of Rachy II......
3843,4916,6,28,224,258,1.1550387596899225,0.026281428885127352,644,"Before I formally begin the work, I should like to execute a little soundcheck for those of us in the balconies."
1396,4918,8,28,248,284,1.1549295774647887,0.025723758913726757,644,I gotta right to sing the blues...
3661,4918,3,38,243,284,1.1549295774647887,0.02317952398883428,644,This is Beethoven's Concerto 1-2 (Jab-Right Cross)
1556,4920,6,34,257,297,1.1548821548821548,0.024056360721572245,644,Don't bring boxing gloves to a piano fight.
5401,4920,6,34,257,297,1.1548821548821548,0.024056360721572245,644,ffuck. Everyone happy with ffortissimo?
5548,4920,3,40,254,297,1.1548821548821548,0.022593326955460447,644,"I plan to take off the gloves, if the completion gives any indication that it might  be a challenge."
5086,4923,6,38,279,323,1.1547987616099071,0.02284078077607317,644,This guy's SWINGING.
2361,4924,5,29,218,252,1.1547619047619047,0.02606253567961952,644,my next number is Rocky Rolling  with the Punches
3895,4925,3,35,227,265,1.1547169811320754,0.024106860138562367,644,"Ladies and gentlemen, the official scoring is a draw.  No blows were landed during the 4'33''."
113,4926,5,33,240,278,1.1546762589928057,0.0245333882064719,644,It is the sweet art.
1259,4926,2,39,237,278,1.1546762589928057,0.022890415687455524,644,"Next, I'll play the Moonlight, er Moonfight Sonata"
3327,4926,5,33,240,278,1.1546762589928057,0.0245333882064719,644,for my next  selection after  the flight and attack of the bumblebees
4099,4926,5,33,240,278,1.1546762589928057,0.0245333882064719,644,"Uh, ""Flight of the Bumblebee,"" in B Flat Minor."
3067,4930,5,35,251,291,1.1546391752577319,0.023859514252196692,644,"And now, the Battlt Hymn of the Boxer Rebellion!"
801,4931,3,41,260,304,1.1546052631578947,0.022282266466881438,644,This shouldn’t hurt spectator’s ears!
3879,4932,8,26,238,272,1.1544117647058822,0.026436046971441182,644,It's heavy metal night.
3029,4933,10,24,251,285,1.1543859649122807,0.026585391079068744,644,"My next number is what I call The Butterfly and the Bee. Flying and Stinging are my favorite parts. Enjoy!"""
733,4934,5,31,230,266,1.1541353383458646,0.025176480547517633,644,I bring you now Box Concerto Number  in D Minor.
1042,4935,10,25,257,292,1.154109589041096,0.026140840733738995,644,Who said play it again Rocky
1760,4935,4,37,251,292,1.154109589041096,0.023283482625323825,644,"And now a selection of Brahms, in the eye of the tiger."
1188,4937,2,42,255,299,1.1538461538461537,0.02194834090550755,644,My percussion teacher recommends an eclectic approach to piano playing.
1849,4937,4,36,246,286,1.1538461538461537,0.023556542113989613,644,This next piece was composed by Harrison Bergeron.
2516,4937,9,24,240,273,1.1538461538461537,0.0268514144609743,644,Pugilistic pucussion Opis. 3
2567,4937,5,32,236,273,1.1538461538461537,0.024764148616537796,644,Is this someone's sick idea of a joke?
3539,4937,8,28,250,286,1.1538461538461537,0.025555002307506947,644,Hello?
4147,4937,5,34,247,286,1.1538461538461537,0.024071716661058805,644,"Let me move you with a few ""tone clusters""."
4234,4937,9,26,251,286,1.1538461538461537,0.02603065518919597,644,This piece will be played in fourths.
5270,4937,5,32,236,273,1.1538461538461537,0.024764148616537796,644,I suppose you want me to play “Eye of the Tiger?”
5574,4937,4,34,235,273,1.1538461538461537,0.024214235611282647,644,I need these to play all soft like.
3208,4946,3,41,262,306,1.15359477124183,0.02214788304476909,644,Don’t give up your day job
2537,4947,4,37,252,293,1.1535836177474403,0.023209841173641946,644,This isn’t exactly what I had in mind by the piano needing a tune up!
3292,4947,4,37,252,293,1.1535836177474403,0.023209841173641946,644,"I just can't fight this feeling anymore...
now somebody cut these thing off of me!"
373,4949,5,33,242,280,1.1535714285714285,0.02437031588021041,644,I thought I was invited to a pugilist contest not a pianist concert!
3056,4949,5,33,242,280,1.1535714285714285,0.02437031588021041,644,Taking a test for the right to vote—I need to play Dixie.
5395,4951,6,29,232,267,1.1535580524344569,0.025643727133984016,644,"Could you kill the lights? you aren't gonna want to hear or see this."""
892,4951,4,33,230,267,1.1535580524344569,0.024521014754685877,644,I'm protecting my hands before tomorrow's title fight.
5578,4953,6,30,238,274,1.1532846715328466,0.025215852145586824,644,I feel bad for things with paws.
3525,4954,3,39,252,294,1.153061224489796,0.02262935130127854,644,..and now I'll play Chopin.
876,4954,5,35,254,294,1.153061224489796,0.02363308055568995,644,It isn't what it looks like!
5117,4956,7,29,245,281,1.1530249110320285,0.025314475791855855,644,"And now, Chopin’s Nocturne in B-flat minor, as interpreted by Keyboard Kat."
1407,4957,4,33,231,268,1.1529850746268657,0.024436065615398385,644,The proclivities of my Father have nothing to do with this!
1854,4957,5,31,232,268,1.1529850746268657,0.025001428753487796,644,"I was classically trained in the ""think system""."
3578,4959,5,36,260,301,1.1528239202657806,0.02328743302173265,644,Next: The Boxer. Just me. Simon and Garfunkel have the day off.
2013,4960,2,38,235,275,1.1527272727272728,0.022920610958438458,644,"I don't care what you think,it's comfortable!"
3627,4960,3,36,236,275,1.1527272727272728,0.023492492566211814,644,I thought this was a keypunch machine.
5634,4960,7,28,240,275,1.1527272727272728,0.02565284405353974,644,"He gloats like a baritone, but sings like a chickadee."
5594,4963,5,30,227,262,1.1526717557251909,0.02533537723608126,644,"I'm all for tickling the ivories, but this is Chopin's Black Key Étude."
3474,4964,3,41,264,308,1.1525974025974026,0.022015093637722322,644,I thought they said thunderdome not metronome
2343,4965,8,29,258,295,1.152542372881356,0.02498370118307164,644,Jackson Pollack Rhapsody No. 4 in C Sharp Minor.
934,4966,7,29,246,282,1.1524822695035462,0.025230384513717213,644,Adrian!!  Adrian!!
2746,4966,7,29,246,282,1.1524822695035462,0.025230384513717213,644,I'm here for the keypunch operator position.
3064,4966,4,35,243,282,1.1524822695035462,0.023682374883678494,644,"And now, Liberocky playing “Hey Adrian”."
4086,4966,7,29,246,282,1.1524822695035462,0.025230384513717213,644,I guarantee this will be the best rendition of Boulez's Second Piano Sonata you will hear.
2594,4970,2,37,230,269,1.1524163568773234,0.02318448879223949,644,This is the next book of Gene Luen Yang: Boxers & Pianists.
4338,4971,4,38,260,302,1.1523178807947019,0.022736918783797234,644,Be prepared.  I'm coming out with a swing.
5296,4972,7,30,252,289,1.1522491349480968,0.024826637969771692,644,And now I shall play the final masterpiece by Trumpelstiltskin.
3876,4972,5,34,250,289,1.1522491349480968,0.023839117303713454,644,I will now play Chopin's sonata for boxing gloves.
1283,4972,3,38,248,289,1.1522491349480968,0.022808881488541058,644,This one goes out to all the hangry people in the house.
233,4975,7,35,280,322,1.1521739130434783,0.02318120909587472,644,I should have just majored in Engineering.
863,4975,4,34,238,276,1.1521739130434783,0.02396986900096119,644,Do I look like Tom Hanks?
2938,4975,5,32,239,276,1.1521739130434783,0.02451336535558327,644,Sing us a song Cinderella man! Sing us a song tonight
2262,4978,7,29,247,283,1.1519434628975265,0.025146846145788302,644,I’m playing it “pianissimo”.
3386,4978,4,35,244,283,1.1519434628975265,0.02360469347314077,644,Ah-oneeeeee....ah-twooooo....ah-threeeee....ah fou
464,4980,6,29,235,270,1.151851851851852,0.025377251132439126,644,Which keys should I rubeato?
4793,4981,5,34,251,290,1.1517241379310346,0.02376257143303444,644,"I dunno, my agent said something about 'twinkle toes', boxing, a piano, an audition and I just... Tried to be prepared for anything,"
2626,4982,4,34,239,277,1.151624548736462,0.023889495856065143,644,And now let us proceed to Bach's piano solo.
3890,4983,8,31,271,310,1.1516129032258065,0.024151579981888095,644,They want something new and different.
1192,4983,6,35,269,310,1.1516129032258065,0.023271029270380886,644,...and in this corner...
1261,4985,2,36,226,264,1.1515151515151516,0.02337573939197862,644,"I hope you weren't expecting ""Chopsticks"" with these things."
1451,4985,6,28,230,264,1.1515151515151516,0.02572247732357325,644,"Affection for this next little number was the only other thing in common betwixt Rocky Marciano, Rocky Balboa, and Rocky the Flying Squirrel.”"
1600,4987,3,37,244,284,1.1514084507042253,0.0229926007704024,644,A blind pianist? Wait until you see this next guy.
3275,4987,7,29,248,284,1.1514084507042253,0.025063855298600484,644,Haven’t you ever seen Elton John play with his feet?
4885,4987,8,27,249,284,1.1514084507042253,0.02555545206975807,644,"Ladies and Gentlemen, I present to you... ""Gonna Fly Now"" from Rocky's 1st symphony."
689,4990,6,34,264,304,1.1513157894736843,0.023539378252524005,644,"I call it a ""boxerto""!"
4921,4991,9,23,239,271,1.151291512915129,0.026861996784775112,644,Perfect to start off Tchaikovsky's first Piano Concerto!
4698,4992,2,40,249,291,1.1512027491408934,0.022134867350457672,644,"I told you, I play hand in gloves..."
4953,4993,7,25,226,258,1.1511627906976745,0.0266535757887275,644,Nobody knows the troubles I've seen. Nobody knows but Jesus.
3323,4993,5,29,224,258,1.1511627906976745,0.025496798557609907,644,I 'm just here for free drinks. My twin is the musical one.
1719,4993,6,27,225,258,1.1511627906976745,0.02608160116837902,644,This one goes out to Harrison Bergeron.
3841,4996,6,33,259,298,1.151006711409396,0.02381693233055487,644,"Do you think we could make an exception to the ""all employees must wear boxing gloves at Mike Tyson events"" ?"
1846,4996,6,33,259,298,1.151006711409396,0.02381693233055487,644,"Apologies. I was under the impression I was to be playing Beatoven, not Beethoven, tonight."
2469,4998,5,33,247,285,1.1508771929824562,0.023971886770686346,644,"I’m toe tarry I’m not feeling very well tonight, I’m fighting a bad chord."
2049,4999,6,29,237,272,1.150735294117647,0.02520263357378312,644,Beethoven wrote the next sonata in seven #s.
3929,4999,8,25,239,272,1.150735294117647,0.026257151170475796,644,"I AM the Greatest, but ""Freebird?""  Really??"
1618,5001,3,41,268,312,1.1506410256410255,0.021754186222826412,644,"Last song he was sharp, but now he just sounds flat."
5444,5002,8,26,245,279,1.1505376344086022,0.025812252771032686,644,I'll be playing the Boxing Ring Cycle.
1549,5003,5,35,259,299,1.1505016722408026,0.02326501355097323,644,And now... a slam dance tune!
5269,5003,8,29,262,299,1.1505016722408026,0.024669807687523786,644,What I burnt my hands.
3577,5005,4,38,264,306,1.1503267973856208,0.022461073228309116,644,"And now from ""The Suite
Science..."""
1695,5006,6,29,238,273,1.15018315018315,0.025116216312159552,644,take the gloves off and let me kill it
5685,5007,3,38,252,293,1.1501706484641638,0.0225207089251657,644,The gloves help when I play Rachmaninoff— especially when I’m ‘Russian’ it (ha ha).
593,5008,5,38,277,320,1.15,0.022308045697042058,644,And now for an interpretation of Hurricane.
3267,5008,6,33,261,300,1.15,0.023668558656925458,644,Has anyone seen my cut man ? This Concerto is killing me.
2534,5010,4,35,248,287,1.1498257839721255,0.023298952742843715,644,". . . Gonna Fly Now. Next the theme from Raging Bull, Cavalleria Rusticana Intermezzo."
3109,5010,5,33,249,287,1.1498257839721255,0.023816109609625147,644,Your only limit is you
84,5012,5,30,232,267,1.149812734082397,0.02489240472904458,644,I could not decide if I wanted to be an athlete or a musician!
5554,5013,3,38,253,294,1.1496598639455782,0.0224497886711912,644,Sting like the Flight of the Bumblebee.
1911,5014,8,25,241,274,1.1496350364963503,0.02607670798602424,644,Come out swinging?
3282,5014,4,33,237,274,1.1496350364963503,0.023938372695943205,644,"For my next number, I will be punching above my weight"
4398,5016,8,29,264,301,1.149501661129568,0.02451578135463426,644,"My next selection will be ""Thinking 'bout you"" by Frank Ocean"
4304,5016,5,35,261,301,1.149501661129568,0.023120950514716743,644,Do you have a shorter bench?  I can’t reach the pedals.
3905,5018,3,36,242,281,1.1494661921708185,0.023027806385203256,644,"Seriously, I'm a lover not a fighter."
1462,5018,5,32,244,281,1.1494661921708185,0.02410640387508755,644,"Risin' up, back on the keys"
3443,5018,7,28,246,281,1.1494661921708185,0.02513876585402044,644,Did someone request BeatHoven?
3146,5021,8,23,230,261,1.1494252873563218,0.02691868473520974,644,How dare you say I'm all thumbs!
5230,5021,3,33,225,261,1.1494252873563218,0.024026097717812608,644,And now for my impression of Jake LaMotta - after he retired.
2992,5023,8,30,270,308,1.1493506493506493,0.024146208072711672,644,And now for Box Well-tempered Clavier
2760,5024,5,33,250,288,1.1493055555555556,0.02373897168178935,644,"This is my ode to Mike Tyson's brilliant Broadway production, his undisputed truth and all the Tysons who went before him."
4981,5024,5,33,250,288,1.1493055555555556,0.02373897168178935,644,"And now, for your listening enjoyment, my new pie.ce, which I call ""Etude:  for Boxing Day"""
5069,5026,9,22,237,268,1.1492537313432836,0.026965176192093893,644,Flight of the bumblebee?
2565,5026,3,34,231,268,1.1492537313432836,0.023652059219793967,644,"With finesse and endurance, the 88s always defeat the challenger"
4149,5026,6,28,234,268,1.1492537313432836,0.02536277422135942,644,"Oh no I knew I forgot something when I got up this morning... i forgot my hat, my hair will be ruined in this rain!"
2368,5029,5,37,273,315,1.1492063492063491,0.022480695632986415,644,"Mr Houdini, are you in the audience?"
145,5030,4,36,255,295,1.1491525423728814,0.02288872115854039,644,"Today, I defy Benjamin Franklin's advice to please my critics."
1113,5030,4,36,255,295,1.1491525423728814,0.02288872115854039,644,This is a heavyweight piano. I told you I only play Bantam.
4284,5032,6,29,240,275,1.1490909090909092,0.02494513494642442,644,And now for a little Simon & Garfunkel ...
1622,5033,4,34,244,282,1.148936170212766,0.023495511931645813,644,It’s easier than chopsticks.
4817,5033,4,34,244,282,1.148936170212766,0.023495511931645813,644,"I’m feeling boxed in, at this stage."
1633,5035,5,29,228,262,1.1488549618320612,0.025132987367762344,644,"When life?
Expects more!
And you?
Disappoint everyone.
Mr. President."
4317,5036,6,28,235,269,1.1486988847583643,0.025274403890212092,644,"Okay, that's better."
3706,5036,5,30,234,269,1.1486988847583643,0.024719489532747326,644,"And now, I'm going to box your ears!"
255,5038,4,37,262,303,1.1485148514851484,0.022498037488916944,644,"And now, this, from Joe Frazier and the Knockouts... You'll TOTALLY get the piano part..."
471,5039,4,35,251,290,1.1482758620689655,0.023074749729153153,644,"I may be punching above my weight, but I’d really like to perform this next piece for you."
401,5040,6,35,276,317,1.1482649842271293,0.022790832619382195,644,"And now, Beethoven's fifth..."
1341,5041,4,36,257,297,1.1481481481481481,0.022745381271902673,644,Wait... is this some sort of  twisted metaphor? I thought it was an étude!
4711,5041,4,32,234,270,1.1481481481481481,0.024068513110254312,644,I hate playing ham handed songs and music.
3716,5043,7,31,266,304,1.1480263157894737,0.023837123140414286,644,I am trying to avoid the flight of the bumblebee
5310,5043,7,31,266,304,1.1480263157894737,0.023837123140414286,644,"What do you mean, 'this isn't the glove compartment'?"
4758,5045,4,33,240,277,1.148014440433213,0.023696987538813215,644,When I dreamed of being a key punch operator I never dreamed there would be an audience.
389,5046,6,34,271,311,1.1479099678456592,0.02304398446875093,644,"Sorry, my last sparring partner only knew Heart and Soul."
12,5047,9,26,263,298,1.1476510067114094,0.025042245215406222,644,"The meat locker was too cold, so I do this instead."
5484,5048,4,32,235,271,1.1476014760147601,0.023985765492920873,644,Can we play it in C major and D major?
1831,5049,7,32,273,312,1.1474358974358974,0.0234191740262939,644,I will now play Bill Conti's 'Gonna Fly Now'
4286,5050,7,23,221,251,1.1474103585657371,0.026941227676818058,644,I punch the keys for a crisp sound effect.
4429,5051,5,28,225,258,1.1472868217054264,0.025288460617214497,644,"Unfortunately, the lessons omitted certain key fundamentals."
4980,5052,8,27,257,292,1.1472602739726028,0.024896293920228612,644,The next song is 'she's crafty' by the beastie boys
5218,5052,5,33,254,292,1.1472602739726028,0.023435314280182726,644,"And now, Sonata in A minor by my wittew itty kitty cat, Colonel Chubby Von Meowington..."
3152,5054,8,23,234,265,1.1471698113207547,0.02653529785016028,644,"Okay, guys, I promise I won’t play Chopsticks again."
1055,5055,6,32,261,299,1.1471571906354514,0.023575932667747938,644,Can we turn the heat up? These are treble clefs
2324,5055,5,34,260,299,1.1471571906354514,0.023094986812799246,644,"Flight of the Bumblebee? Come on, someone request a real challenge."
4979,5055,5,34,260,299,1.1471571906354514,0.023094986812799246,644,Or would you rather be watching the maestro now replacing me in the ring against the heavyweight world champion?
1874,5058,6,28,238,272,1.1470588235294117,0.02501292455656182,644,"I'm allergic to bees so I like to wear these when I play Rimsky-Korsakov,"
5446,5058,7,26,239,272,1.1470588235294117,0.025549540487837984,644,My hero was Harry Houdini..
1223,5060,2,40,258,300,1.1466666666666667,0.021521466990760903,644,"Next I will play Tchaikovsky's symphony number 1, 2 and left hook"
1122,5061,3,33,230,266,1.1466165413533835,0.023606564655604595,644,TKO!!!  (Tickle the keys!)
3613,5062,6,34,274,314,1.1464968152866242,0.022837952473579573,644,"For my next selection,Chopin's 5 Minute Waltz."
2016,5063,6,29,245,280,1.1464285714285714,0.02452738852084941,644,Beethoven was a bit if a pugilist
3978,5064,7,28,252,287,1.146341463414634,0.024644757687723933,644,"This grand ol' box I'm boxing
'til the whole damn place is rocking
I'm the PianoBoxer Man"
4918,5064,6,30,251,287,1.146341463414634,0.024145355732774227,644,"This next piece is called, 'The Three-Hundred Pound Kitten's Run'."
999,5066,4,35,255,294,1.1462585034013606,0.022782383315823964,644,"Fiddlesticks? Why, sure!"
3182,5066,4,35,255,294,1.1462585034013606,0.022782383315823964,644,"That’s it, I’ve warned you before, get that light off me or I’ll...."
4485,5068,5,34,262,301,1.1461794019933556,0.022951657586352137,644,How does that Rocky tune sound again?
3751,5069,3,32,225,260,1.146153846153846,0.023894056908389166,644,"I used to be a real ""hands on"" type of guy."
5372,5070,5,35,268,308,1.146103896103896,0.022630373648009076,644,This next one is a Split-Decision.
3931,5071,6,27,234,267,1.146067415730337,0.02525624660445017,644,My parents never loved me.
556,5072,3,34,237,274,1.145985401459854,0.02317092676245183,644,The key to success is to knock on wood before every performance.
2853,5072,4,32,238,274,1.145985401459854,0.023740874037101744,644,"For some reason, Haydn is Hidin'"
396,5074,7,27,247,281,1.1459074733096086,0.024960007054067937,644,I can’t believe I forgot to take these boxing gloves off. Too late to do it now! Just have to play the piano with boxing gloves. I should have taken them off earlier.
3391,5075,7,29,259,295,1.1457627118644067,0.02418561800764067,644,1st note is a K.O.!
4281,5075,2,39,254,295,1.1457627118644067,0.021671265790913195,644,"And now for the calming music of 
Galina Ustvolskaya."
5155,5075,5,33,257,295,1.1457627118644067,0.023212582265639242,644,AND STILL CHAMPEON
4343,5078,5,28,228,261,1.1455938697318007,0.02501618484359605,644,"As they say, ""Float like a butterfly, ring like a key"""
1473,5079,3,33,232,268,1.1455223880597014,0.023442788940590927,644,Enrique “The Spanish Pianist” Carrasco plays the music of Lady Gaga.
3024,5079,1,37,230,268,1.1455223880597014,0.022218552594661746,644,I still need to crack my knuckles.
1706,5081,6,28,241,275,1.1454545454545455,0.024756764488663614,644,Let's Make the Tune Great Again
4013,5082,5,31,246,282,1.1453900709219857,0.023840573023509275,644,"I’ve got a touch of the flu, but I’m fighting through it."
796,5082,6,29,247,282,1.1453900709219857,0.024364155289049592,644,"And then I wrote my next big hit,"
1460,5082,3,35,244,282,1.1453900709219857,0.022757298617586134,644,"Places, please."
4471,5085,6,30,253,289,1.1453287197231834,0.02398862391671635,644,Real champions are always ready for a knockout performance whether in the ring or at the player piano.
1496,5086,8,27,261,296,1.1452702702702702,0.02457923009785177,644,I will now attempt to beat the Für Elise land-speed record set by Sir Chuck Norris.
3862,5087,7,30,266,303,1.1452145214521452,0.023748954990855248,644,"Like Pop always said... ""Dance like a dragon flies, and string it all to B."""
5702,5087,6,32,265,303,1.1452145214521452,0.023284251606458785,644,I play to fight off the blues!
1215,5089,4,31,234,269,1.1449814126394051,0.023948138897258595,644,"The sound is sharp, but the piano is flat."
1226,5089,6,27,236,269,1.1449814126394051,0.025079832837048916,644,"I probably can't play Beethoven, but I can play ""Row, Row, Row You're Boat""."
3476,5089,5,29,235,269,1.1449814126394051,0.024520515612204273,644,This is how you play those Chris Nolan trailer noises.
4464,5089,2,35,232,269,1.1449814126394051,0.022760243806920502,644,This is the greatest piano concerto ever!... and I’ll slug anyone who says otherwise!
4035,5093,2,38,250,290,1.1448275862068966,0.021823898833773246,644,“This next tune is likely to punch out your Likes.”
1510,5093,3,36,251,290,1.1448275862068966,0.022363945561602788,644,...and for my next challanging piece
1542,5095,6,31,260,297,1.1447811447811447,0.02355439401403484,644,I only prepared for Hot Cross Buns!
4144,5095,4,35,258,297,1.1447811447811447,0.02256788496665903,644,"This piece was written for my newly formed, ""Heavy Leather band."""
4973,5095,3,37,257,297,1.1447811447811447,0.022058091692581477,644,"I would now like to play for you my latest composition , The rope-a-dope."
3349,5098,2,34,227,263,1.144486692015209,0.023018364168885606,644,"Hey Yo Adrian, one more time, I swear just one more time"
1686,5099,2,36,239,277,1.144404332129964,0.022360044123541808,644,The gig economy has been very confusing to him
106,5100,9,23,252,284,1.1443661971830985,0.025699051967508997,644,And the beat (box) goes on...
1558,5100,1,39,244,284,1.1443661971830985,0.02147945454485703,644,"I play the songs, not the melody
I'll sing you a song tonight
I'm the piano man
and I'll make you feel alright"
3671,5100,5,31,248,284,1.1443661971830985,0.023683414445274855,644,Do you think that this is worse than two left feet?
4613,5103,3,36,252,291,1.1443298969072164,0.0222925172591225,644,"i call this Tango, Uppercut!"
5606,5104,4,35,259,298,1.1442953020134228,0.022497272967113218,644,Just tryin' to punch-up Shcumann's Piano Concerto Op. 54
4799,5104,7,29,262,298,1.1442953020134228,0.023956612971318424,644,Procrastination wasn’t working.
2070,5104,8,27,263,298,1.1442953020134228,0.024423690202160724,644,"And next, Rocky's theme in knocked flat."
2948,5107,5,34,266,305,1.1442622950819672,0.022670231070604018,644,"My next number will be Dwayne Johnson - ""The Rock"" III"
1367,5108,5,36,278,319,1.1442006269592477,0.022060149942630954,644,I auditioned for the kettledrum.
5167,5109,5,26,219,250,1.144,0.025606224142958628,644,"Begging your consent, an interpretation of the movement: Pound Me Too."
2288,5110,4,29,224,257,1.1439688715953307,0.024556236500708824,644,I call it the 'Stump of a Crash of Rhinos'.
23,5111,6,26,232,264,1.143939393939394,0.02532491448728327,644,this really is the ONLY way to play Beethoven
2471,5111,7,24,233,264,1.143939393939394,0.025887380239669286,644,Is there an Ali in the House?
2889,5111,4,30,230,264,1.143939393939394,0.024160731984320973,644,"What my playing lacks in clarity, my un-bitten fingernails display in acuity."
309,5114,3,33,235,271,1.1439114391143912,0.023201305695108816,644,I'm just playing it how LaMotta would have played it if he had altered Bach's version.
738,5114,3,33,235,271,1.1439114391143912,0.023201305695108816,644,"Tommasini said one hand dominated too much, but I forgot which  one."
5190,5116,7,26,245,278,1.143884892086331,0.02503007159959901,644,I will now play the theme song from the movie - Rocky.
499,5116,8,24,246,278,1.143884892086331,0.02554361929059195,644,I guess we know what happened to Rocky after the fight
1782,5116,6,28,244,278,1.143884892086331,0.02450576426270776,644,"Please excuse my playing, but I've recently been declawed."
1531,5119,5,31,249,285,1.143859649122807,0.02360560402663695,644,Down for the count!
4779,5120,4,34,254,292,1.143835616438356,0.022744977328273287,644,"Der Ring des Nibelungen"" by Wagne"
2682,5121,4,35,260,299,1.1438127090301002,0.022427097897748886,644,This piano just came out of a box.
5160,5121,4,35,260,299,1.1438127090301002,0.022427097897748886,644,He's really known for his voice. The piano is just a prop.
3370,5123,5,34,267,306,1.1437908496732025,0.022600941499723918,644,"I signed up for tuxedo boxing, does this piano have anything to do with it?"
195,5123,4,36,266,306,1.1437908496732025,0.022121781571833577,644,Tonight I will differentiate beat from beat
3272,5123,4,36,266,306,1.1437908496732025,0.022121781571833577,644,It's suppose to sound better with the new rap music.
4715,5123,5,34,267,306,1.1437908496732025,0.022600941499723918,644,"I need these, I'm playing the ""Rocky""  theme song!"
967,5127,5,28,232,265,1.1433962264150943,0.024662079660643238,644,The texture is actually quite nice.
2112,5128,5,29,238,272,1.1433823529411764,0.02426700793521127,644,My next piece was written by Bach when he was training for the Golden Gloves.
4447,5129,6,28,245,279,1.1433691756272402,0.024423217503449123,644,He plays the most amazing glove songs!
2136,5130,5,31,250,286,1.1433566433566433,0.023528299580463746,644,I'm the typecast for 'Rocky' not 'Liberace'.
2532,5130,3,35,248,286,1.1433566433566433,0.022461236561324732,644,I think it's safe to assume I've been knocked out.
4395,5130,5,31,250,286,1.1433566433566433,0.023528299580463746,644,"LIGHTS, please!"
4660,5133,5,32,256,293,1.1433447098976108,0.02318232505113593,644,I call this composition 'Sweet Chin Music volume  IV'
4907,5133,8,26,259,293,1.1433447098976108,0.024648523294454647,644,"I bet Saul Bellow could never do this."""
5285,5133,2,38,253,293,1.1433447098976108,0.02161690747900299,644,I can do it by instinct
3558,5136,1,41,258,300,1.1433333333333333,0.020807732319166158,644,I will now play my own composition called 'Rocky Roll.'
5704,5137,1,34,217,252,1.1428571428571428,0.022791754950824313,644,A-major fight ends in defeat.
5370,5137,5,31,251,287,1.1428571428571428,0.023451496229627136,644,"When George heard ""break a leg,"" he took matters into his own hands."
4897,5137,4,37,274,315,1.1428571428571428,0.021698997965407193,644,Chopsticks? Afraid not. A knife and fork please
4578,5137,3,34,243,280,1.1428571428571428,0.02270881210073641,644,C'mon people! Let's pump it up!
4561,5137,7,24,235,266,1.1428571428571428,0.025703722550987285,644,"Swinging tune, Mac. Ease up on the keys."
4528,5137,6,28,246,280,1.1428571428571428,0.024341221467731346,644,"This next little number, ‘A Bloody Pulp,’ I wrote bare knuckle."
5001,5137,4,29,226,259,1.1428571428571428,0.02437887400976475,644,"Hey, it’s Rachmaninov!"
3174,5137,5,31,251,287,1.1428571428571428,0.023451496229627136,644,He’s a man of many talents.  Beating up pianos is just one of them.
1718,5137,5,29,239,273,1.1428571428571428,0.02418365820849118,644,I should like to play my randition of The WilliamTell  Overture
1253,5137,2,41,272,315,1.1428571428571428,0.020746221533829493,644,This sonata 1-2-3b-2's movement is a knockout
678,5137,3,36,255,294,1.1428571428571428,0.022080920281275968,644,Uhhh...You don’t need boxing gloves to perform the Mephisto Waltz!
3853,5137,4,29,226,259,1.1428571428571428,0.02437887400976475,644,"I know it looks odd, but just wait for the sound!"
570,5137,4,33,250,287,1.1428571428571428,0.022926116055359252,644,"This song goes out to my piano teacher, Miss Lydia Prunkett, who taught me that I can play the piano, even with boxing gloves on."
302,5137,3,31,225,259,1.1428571428571428,0.02375708811061619,644,Pound them keys is what I say.
2318,5151,4,39,287,330,1.1424242424242423,0.021093366179147914,644,"Ready for the soundtrack for ""Boxing Helena."""
3972,5152,4,36,269,309,1.1423948220064726,0.02192138435215255,644,"Yo, Simon, it ain't over till it's over."
4492,5153,4,34,257,295,1.1423728813559322,0.022529005346406894,644,I'm just going to assume I'm not hosting the boxing championship.
4575,5153,3,36,256,295,1.1423728813559322,0.02201127007721746,644,Desperate one hit wonder tries again....
5225,5153,2,38,255,295,1.1423728813559322,0.021481060004710825,644,"I can't even do ""Chopsticks"" like this."
615,5156,4,33,251,288,1.1423611111111112,0.02285175699312458,644,"Ruckus, please."
4550,5157,2,36,243,281,1.1423487544483986,0.02206487690557001,644,I apologize in advance. Blame my poison ivy.
5454,5157,7,26,248,281,1.1423487544483986,0.024778133405162443,644,And now my talent offering in this year's WBA welterweight competition
795,5159,3,33,238,274,1.1423357664233578,0.022964705060835772,644,"He is incomparable at recognizing its percussive potential.
Hilary A. Kaplan
Silver Spring, Maryland"
2489,5160,6,33,278,317,1.1419558359621451,0.02247778553078931,644,I'm not supposed to punch the keys BUT I CAN'T HELP IT I'M A BOXER >:(
1644,5161,3,38,269,310,1.1419354838709677,0.021372383429543267,644,"And now, Ladies and Gentlemen, may I present to you, ""The Eye of the Tiger."""
5428,5162,6,30,260,296,1.1418918918918919,0.02345562875221935,644,This next piece is Marcatissimo Maximus.
1984,5163,6,29,254,289,1.1418685121107266,0.02380945254134142,644,"I  just  punch, the  lid  falls  BINGO  !  CANON SHOT"
1173,5164,10,20,252,282,1.1418439716312057,0.02618346474757541,644,There's poop in here!
1290,5165,5,29,241,275,1.1418181818181818,0.024018653144168314,644,I used to be able to tickle the ivories real nice.
3811,5165,8,23,244,275,1.1418181818181818,0.025622726233875865,644,Next I’ll play my fight song. I call it my take back my life song.
1212,5167,5,32,260,297,1.1414141414141414,0.022889733897083903,644,I will now play “Kidney Chopsticks.”
4155,5168,4,33,253,290,1.1413793103448275,0.02270446565587994,644,The key to being a musician is to glove your work.
4385,5169,6,27,243,276,1.141304347826087,0.024481212832485274,644,It is the only way I can play The Polooka Polka!
2401,5169,4,31,241,276,1.141304347826087,0.023380095369422725,644,But it’s not wearing a mouth guard.
3395,5171,3,32,234,269,1.141263940520446,0.023148875117156104,644,"I call this piece, Giving My Fingers a Rest, and I hope you all will enjoy this."
672,5171,4,30,235,269,1.141263940520446,0.02374052965785836,644,"So you want to hear ""Flight of the Bumblebee?"""
1949,5173,4,27,217,248,1.1411290322580645,0.024926588005329414,644,"---AND FOR MY NEXT PIECE  ""THE THUNDERER------"""
1021,5174,6,31,268,305,1.140983606557377,0.02297391910395736,644,I play only chopsticks and you will like it
5148,5175,3,36,259,298,1.1409395973154361,0.021804909048789622,644,Good evening. My name is Robert Schumanny Pacquiao.
32,5176,4,33,254,291,1.140893470790378,0.022631524368008166,644,I was not prepared for this kind of duel.
2730,5176,3,35,253,291,1.140893470790378,0.022101728546853352,644,This ISN’T for the Punch and Judy reboot?
4238,5176,5,31,255,291,1.140893470790378,0.023149198380952685,644,The next piece is by Dave Brubeck.
400,5179,4,31,242,277,1.1407942238267148,0.023301122445264406,644,Dooby-dooby-doo...
3368,5180,3,30,223,256,1.140625,0.02378721928831927,644,Dueling Pianos Competition
4677,5180,2,32,222,256,1.140625,0.023134272121003236,644,Now for the newly discovered Rach 5!
5400,5180,6,24,226,256,1.140625,0.025646511774049714,644,"""Well, it worked for the Keyboard Cat."
1630,5183,5,34,274,313,1.1405750798722045,0.022127443265085284,644,Let's get ready to huuuummble.
2918,5184,3,36,260,299,1.140468227424749,0.021736972040588033,644,"Believe it or not, I can still play 'Twinkle, Twinkle Little Star!"
1077,5185,4,32,249,285,1.1403508771929824,0.022883868164992216,644,"And now, my rendition of the new uncomplicated classical beat"
1328,5185,2,36,247,285,1.1403508771929824,0.021777329938205664,644,And now for my next bout -- I mean Beethoven Sonata.
3790,5187,3,32,236,271,1.1402214022140222,0.0229894969559265,644,My next piece will be a tribute to Erroll Garner
1797,5188,5,27,232,264,1.1401515151515151,0.02454048070584412,644,"Some of you might not know that as of last midnight the tenets of Vonnegut's ""Harrison Bergerson"" became law. Therefore, in place of Beethoven's sonata number thirty I present ""Chopsticks."""
729,5189,2,38,260,300,1.14,0.021148727464214718,644,And they said I didn't stand a puncher's chance of playing Carnegie Hall.
3287,5189,5,32,263,300,1.14,0.02267505910604542,644,the title is Cached Fingering
485,5191,2,37,254,293,1.1399317406143346,0.021422265151779828,644,I've never heard 'Eye of the Tiger' performed with such grace before!
3311,5191,6,29,258,293,1.1399317406143346,0.023503605085053635,644,"Um, I don't think this is how you play ""chin music""!"
3616,5191,7,27,259,293,1.1399317406143346,0.023995748663761435,644,I'm the accompanist for the Punch Brothers.
3722,5194,2,36,248,286,1.1398601398601398,0.0217065997825753,644,"Hey, put your Vernon Dukes up!"
2166,5194,5,30,251,286,1.1398601398601398,0.023340674241488557,644,"It's a knockout.
If looks could kill, they probably will"
1892,5196,6,27,246,279,1.1397849462365592,0.02423326892458233,644,You mean starring in ROCKY wasn't enough???
3970,5196,4,31,244,279,1.1397849462365592,0.02314475484558107,644,"I don't know how to sting like a bee, but I do know Flight of the Bumblebee."
2834,5198,6,30,265,301,1.1395348837209303,0.02308910346032433,644,"Bobby Short was never asked to play with these, was he?"
4654,5199,2,37,255,294,1.1394557823129252,0.021354580781953774,644,For my first trick...
5503,5199,3,35,256,294,1.1394557823129252,0.021891450351461787,644,"Round 6, Round 6!"
3745,5201,6,23,222,251,1.1394422310756973,0.025908057450034196,644,This is going to be a real page turner.
529,5202,3,34,250,287,1.1393728222996515,0.022192259254075544,644,This is just my hobby. I made my name by getting in the ring without gloves.
1512,5202,2,36,249,287,1.1393728222996515,0.021636323457918792,644,These heated keyboards make simple ditties quite challenging.
4771,5204,3,33,244,280,1.1392857142857142,0.022505576808688345,644,"My next piece is entitled ""Ode to Cross-Training"""
1204,5204,5,29,246,280,1.1392857142857142,0.023615763051434507,644,Boxing Beethoven! You all ready for this?
1085,5206,4,30,239,273,1.1391941391941391,0.023414673010253628,644,These are fighting musical notes
3435,5206,6,26,241,273,1.1391941391941391,0.024538023822297184,644,Lullaby of Broadway requires me to play with kid gloves
4089,5206,6,26,241,273,1.1391941391941391,0.024538023822297184,644,Classic keyboard  boxer
576,5209,4,29,233,266,1.1390977443609023,0.023777645268354124,644,"No hands!
Pitch Perfect!"
3444,5209,5,27,234,266,1.1390977443609023,0.024366970130634522,644,"Hell no, man."
5113,5211,3,36,263,302,1.1390728476821192,0.021535656933638844,644,This movement’s nickname is The Knockout
5517,5211,4,34,264,302,1.1390728476821192,0.022040558878967775,644,"Jim specialises in all sorts of movements - 5th movements, head movements etc..."
5251,5213,3,35,257,295,1.1389830508474577,0.021822236792408314,644,"Duel talents?""But,I sing with this one"""
4802,5214,2,36,250,288,1.1388888888888888,0.021566496658518935,644,they said be unique ya think this is easy?
5166,5215,4,31,246,281,1.1387900355871887,0.022990457065189894,644,"And now we’d like to play Mike Tyson’s piano concerto in E#, also known as “Fingers? Who needs fingers?”"
5498,5215,1,37,243,281,1.1387900355871887,0.021267412977480308,644,Heavy-handed? No punch?
3524,5215,5,29,247,281,1.1387900355871887,0.02353679112588532,644,"We don’t have Boxing Day in America, but I’m sure I can find the right beat."
682,5218,5,33,272,310,1.1387096774193548,0.022159130820588523,644,"And, now, Tyson's Etude Op.10 No. 3 - B-Flat Major."
2714,5219,3,32,239,274,1.1386861313868613,0.022754470523746864,644,And now. The Levine variations by Cardi B.
2737,5220,5,32,266,303,1.1386138613861385,0.022464346965699915,644,"I channel Ali: float like a butterfly, sting like a bee."
4867,5220,6,30,267,303,1.1386138613861385,0.022945661351988552,644,How exactly is this supposed to help me win coach?
5560,5220,6,30,267,303,1.1386138613861385,0.022945661351988552,644,"Recently “chopped” on the food network, he moved on to his next artistic endeavor."
5565,5223,5,27,235,267,1.1385767790262171,0.024281125971149384,644,"For mohammed Ali,Sting like a bee and float like a butterfly"
2976,5224,3,35,258,296,1.1385135135135136,0.021753456016709936,644,Hey Joan can we wrap up the show I got noses and keys to break
4895,5224,5,31,260,296,1.1385135135135136,0.0227820404936811,644,Play Punch Rock!
1944,5226,9,22,258,289,1.1384083044982698,0.025106383565213653,644,What the! This is NOT what I wished for! I asked to be a key member of the board!
1982,5226,6,28,255,289,1.1384083044982698,0.023627163120670692,644,"And now, ""The Minute Atonal Crash-Bang."""
202,5226,3,34,252,289,1.1384083044982698,0.022048926924862634,644,"I call this next piece, 'Me Versus Pianola Roll.'"
4876,5229,6,32,280,318,1.1383647798742138,0.022251488917763317,644,Sure it fits me like a glove but the uppercut technique is not working for D#.
1134,5230,3,28,215,246,1.1382113821138211,0.024201470681441732,644,"boxing glove: ""unhand me, you fool! """
2551,5231,3,32,240,275,1.1381818181818182,0.022677184354179775,644,"In honor of the tenth anniversary of the Piano Fight Club, I shall play the theme from Rocky in the Italian classical tradition."
2657,5231,5,28,242,275,1.1381818181818182,0.023818906162213074,644,"Well, ham isn't kosher."
417,5233,1,40,263,304,1.138157894736842,0.020363790279440595,644,Simon and Garfunkel require this if you cover the song...
5468,5234,4,29,235,268,1.1380597014925373,0.023611236976368966,644,"Boxing Day? Heck, I say boxing play."
439,5235,6,28,256,290,1.1379310344827587,0.023550385839675444,644,"The pitch might sound a bit rocky, as I play wearing these gloves."
2586,5235,2,32,227,261,1.1379310344827587,0.022721705541631585,644,"I heard Mike Tyson was coming to watch his nephew perform at the piano recital, so I had to impress."
5325,5235,3,34,253,290,1.1379310344827587,0.02197794737619722,644,What people don't realize is that the gloves have made it more likely that pianists get injured.
864,5238,5,29,249,283,1.137809187279152,0.023380411288277954,644,This tune is in gratitude to the bouncer who is so great with his hands.
4558,5239,4,34,267,305,1.137704918032787,0.021837602000115152,644,Perhaps I should use my head instead.
1660,5239,4,34,267,305,1.137704918032787,0.021837602000115152,644,I'ts a tune up fight.
1379,5241,7,24,245,276,1.1376811594202898,0.024822987545794508,644,Doctors orders I'm afraid.  Bad case of Onychophagia.
1958,5241,6,26,244,276,1.1376811594202898,0.024286421094216405,644,"Ladies and gentleman, please put your hands together for Mr. Piano Man!"
3457,5243,7,23,239,269,1.137546468401487,0.025235609694067587,644,I knew I should have stuck with trombone.
181,5244,5,26,231,262,1.1374045801526718,0.02450213067887651,644,Can’t I just use the electronic keyboard to mute the sound?
437,5245,5,29,250,284,1.1373239436619718,0.023302993162568886,644,I just finished my warm up
5010,5245,5,29,250,284,1.1373239436619718,0.023302993162568886,644,"In keeping with the spirit of the times, I will now play Bach the way Mafia Don governs."
5088,5247,3,36,267,306,1.1372549019607843,0.021272921060474115,644,They asked me to tinkle the ivories
4591,5248,2,36,254,292,1.1369863013698631,0.02129160045602211,644,"In fact, sir, I trained at Fleety Floyd's Gym."
5396,5249,5,26,232,263,1.1368821292775666,0.024414379573576474,644,"I'd like to play for you, but I just washed my hands."
4122,5249,5,26,232,263,1.1368821292775666,0.024414379573576474,644,I call this next piece 'Going HAM.'
1732,5249,1,34,228,263,1.1368821292775666,0.021908029018942857,644,I only play Bach's pieces
822,5252,4,34,269,307,1.1368078175895766,0.02170434661429646,644,Chopsticks? Are we eating Chinese?
976,5253,5,28,245,278,1.1366906474820144,0.023577013938620266,644,"And now, for the latest by John Cage. It's not a """"Cheap ""Imitation""."
4882,5253,6,26,246,278,1.1366906474820144,0.024121517125660703,644,"And, now,  I'd like to play for you the Intermezzo from Cavalleria Rusticana , by Pietro Mascagni."
5266,5253,5,28,245,278,1.1366906474820144,0.023577013938620266,644,"Flight"" of the bumblebee?

Nevermin"
394,5256,5,30,258,293,1.136518771331058,0.02281635207582979,644,"I shall now play, ‘Duke it Out’!"
1239,5257,4,31,251,286,1.1363636363636365,0.022613504970799794,644,Hey Dad this is my dream!
2205,5257,4,28,232,264,1.1363636363636365,0.02372783138632602,644,"Before tonight, Peter had only played  Symphony No. 5 in bars and small rock clubs."
1780,5259,5,31,265,301,1.1362126245847175,0.022426274534615768,644,"The classic piano music box at your service, sir?"
3938,5260,6,26,247,279,1.136200716845878,0.024039897462696788,644,"I'm from Julliard, doing my practicum on Heckler Control."
2253,5260,4,30,245,279,1.136200716845878,0.022942210532289523,644,"Gloves off for this dueling piano fight, please."
399,5260,5,28,246,279,1.136200716845878,0.023497464694354497,644,"I'm a classical fighter, not a lover."
316,5260,7,24,248,279,1.136200716845878,0.024570358014719997,644,We aren't fighting the conchords after the show?
440,5264,4,29,239,272,1.1360294117647058,0.023285265727932523,644,I shall now type a letter to Terpsichore.
739,5264,4,29,239,272,1.1360294117647058,0.023285265727932523,644,This song is called “Puncher.”
926,5264,5,27,240,272,1.1360294117647058,0.023860767470637822,644,"And now ladies and gentlemen, Sugar Ray Stravinky's ""Knocked Coal Digger,"" in A Flat Miner."
4181,5264,2,33,237,272,1.1360294117647058,0.0220893266417424,644,"...and now, winner by unanimous decision, I will play your request."
185,5268,2,35,250,287,1.1358885017421603,0.021431309938655187,644,Bah! To think they criticized my last concerto for lacking that signature punch - preposterous.
3268,5268,4,31,252,287,1.1358885017421603,0.022539582998261747,644,‘Occhio di Tigre’ by Sopravvissuto.
834,5270,3,32,245,280,1.1357142857142857,0.022298439262283757,644,"This isn't right, Mr. Jordan."
2056,5270,1,36,243,280,1.1357142857142857,0.021119117323506423,644,What is everyone’s appetite for a black and blue concerto?
2298,5270,5,28,247,280,1.1357142857142857,0.023418447227420657,644,Just Refined Enough
1544,5273,5,27,241,273,1.1355311355311355,0.023778425981185028,644,Boxer on the keys
2609,5274,7,28,275,310,1.135483870967742,0.02291741766333468,644,And if I hear any snorin' out there I'll play chopsticks with your head.
3639,5275,4,31,253,288,1.1354166666666667,0.022466139510525344,644,"Everyone, if you would kindly look under your seats, I've seemed to have misplaced my hands."
3714,5275,3,33,252,288,1.1354166666666667,0.021921011700381302,644,"Oh my!!!!
Where do I begin. From right to my left or left to my right."
1207,5277,5,31,267,303,1.1353135313531353,0.02228704074461273,644,"Liszt was out of the question, but, ohhh, Christmas Chopsticks!"
1316,5277,4,33,266,303,1.1353135313531353,0.021791183879432477,644,"It ain't never gonna stop 'cause
You can't fight the feeling"
3166,5279,6,26,249,281,1.1352313167259787,0.02387829513813271,644,"Tea, a drink with jam and bread...
That will bring us back to Boom-Boom, Pow-Pow"
5569,5280,4,35,279,318,1.1352201257861636,0.021171738503748455,644,And to those critics who said I couldn't beat the Rach 2-- watch.
1948,5281,6,26,250,282,1.1347517730496455,0.023798301637942075,644,And now..”Eye of the Tiger Symphony No. 12” by Beat-hoven
4648,5282,4,32,261,297,1.1346801346801347,0.022016380797977728,644,It's so declasse to do this with naked hands!
3276,5283,4,29,242,275,1.1345454545454545,0.023046595478066544,644,"For my next number, I'll be playing ""Brontosaurus On the Keys""."
4114,5284,5,29,256,290,1.1344827586206896,0.02284897799499442,644,And now for a Bach Suite
1571,5285,8,25,272,305,1.1344262295081968,0.023565057952864694,644,"Dear, my fingers don't hurt any more!"
3004,5285,4,33,268,305,1.1344262295081968,0.021657116136710643,644,They appear to have shrunken in the washer.
166,5287,6,26,251,283,1.1342756183745584,0.02371883947173339,644,"I wish my brother George Foreman was here."""
4925,5288,5,30,263,298,1.1342281879194631,0.022455944783474863,644,"And now for the grand finale,
Boxing Boogie Woogie."
5006,5289,2,31,228,261,1.1340996168582376,0.02248440315100462,644,"I'll play 'row, row your boat once', as my trainer warned I might be KO'd after the first round."
767,5290,5,27,244,276,1.1340579710144927,0.023534756925947257,644,I don't need these to play my College Fight Song.
5653,5291,5,28,251,284,1.1338028169014085,0.02310759062537374,644,I have a boxing match at 6:00 but a recital at 5:30.
2191,5292,5,25,232,262,1.133587786259542,0.024283607557135017,644,You said play with your left hand? I thought you said play with your left hook!
3213,5293,6,25,246,277,1.1335740072202165,0.024005833488992406,644,This boxing-piono match really shows off both of my talents!
3307,5294,1,37,254,292,1.1335616438356164,0.02052341268018958,644,Chopin and I will not be pleased if maestro's tempo is too slow this evening.
1157,5294,4,31,257,292,1.1335616438356164,0.022177059399136806,644,You shall know me as Hasim Rachmaninoff
740,5294,4,31,257,292,1.1335616438356164,0.022177059399136806,644,Keep your hands up!
1322,5297,6,25,247,278,1.1330935251798562,0.023924151080303623,644,"And now, my impression of Lang Lang."
3757,5297,3,31,244,278,1.1330935251798562,0.02223620917261412,644,It's an eh tu Brute in punch-drunk manner.
3467,5299,5,25,233,263,1.1330798479087452,0.024196430220395554,644,"Please don't laugh, this is the only way to play  lil Xan on piano."
39,5300,3,34,264,301,1.132890365448505,0.021226090159419654,644,Beathoven piano concerto no 5
2258,5300,2,36,263,301,1.132890365448505,0.02069778995966464,644,"I,m just wearing these to keep my hands warm.

Elizabeth Shaw
San Francisco, Calif."
4582,5302,2,34,250,286,1.132867132867133,0.02129158237894378,644,This is where John Garfield and I diverge.
1054,5303,4,31,259,294,1.1326530612244898,0.02203527353156597,644,They call me the rope-a-dope ivory tickler.
50,5304,4,29,246,279,1.1326164874551972,0.022735829631866246,644,"I think you're punching above your weight, Steve."
4874,5304,5,27,247,279,1.1326164874551972,0.023296003348295322,644,The guy at the store said these go loves would knock you out!
3854,5306,5,30,267,302,1.1324503311258278,0.022175667106112962,644,Could somebody please turn down the air conditioning?
1503,5307,5,28,254,287,1.132404181184669,0.022879780028253242,644,"now, i understand how ridiculous this may look! however, this piano is - against all odds - the heavyweight champion of the world, and i have had to enact both a cinematic heist and a personal revelation in order to find myself on this stage today!"
5523,5307,5,28,254,287,1.132404181184669,0.022879780028253242,644,umm..k...then...o
4105,5309,4,28,240,272,1.1323529411764706,0.023071156162141056,644,"Ladies and gentlemen, Let’s hear it for the boxin love chords!"
528,5310,3,31,246,280,1.1321428571428571,0.022087289674211103,644,"Ladies and gentlemen please welcome George! George is an excellent multitasker —  effortlessly defending his title in the ring, he also tickles the ivory AND simultaneously accomplishes advanced pivot tables in Microsoft Excel. Give it up for George!"
4336,5311,4,32,267,303,1.132013201320132,0.02160668558091712,644,The Reprise Fighter
4019,5312,4,30,254,288,1.1319444444444444,0.022267997521049195,644,Try fisticuffs on chopsticks.
4103,5313,2,32,239,273,1.1318681318681318,0.021788669336660665,644,"I'm not a fan of, Chopsticks."
157,5314,3,31,247,281,1.1316725978647686,0.022013570327963233,644,What about the pianissimo parts?
3189,5314,6,25,250,281,1.1316725978647686,0.023682388813120715,644,"My next piece is titled ""Politically Incorrect"""
5687,5316,6,28,270,304,1.131578947368421,0.022525351481553924,644,"Do I have to do your job, too?"
1515,5316,3,34,267,304,1.131578947368421,0.0210298208887023,644,"Next, I will play Beethoven - 'Moonlight' Sonata in a new C Stick and Move."""
1486,5316,2,31,233,266,1.131578947368421,0.02208931458256579,644,Another day at the office...
2416,5319,6,24,244,274,1.1313868613138687,0.024051225432055876,644,"hmmmm,"
3805,5320,6,27,264,297,1.1313131313131313,0.022844512119827513,644,Mind if I play with my mitts on?
684,5321,3,31,248,282,1.1312056737588652,0.02194033811437404,644,A.J. Liebling taught me everything I know.
2356,5321,3,31,248,282,1.1312056737588652,0.02194033811437404,644,Breaking  News— Rocky Balboa attempts the piano!!!”
2893,5321,3,31,248,282,1.1312056737588652,0.02194033811437404,644,"For your holiday enjoyment, we'll be singing 'Jingle Bells"
3528,5321,4,29,249,282,1.1312056737588652,0.02250816690520797,644,Tonight I'm going to play Chopin.
3700,5321,3,31,248,282,1.1312056737588652,0.02194033811437404,644,Sergio is obsessed with Victor Borge.
4065,5321,6,25,251,282,1.1312056737588652,0.023602878196355412,644,"Good, but your playing needs a different attack."
4647,5327,3,27,222,252,1.130952380952381,0.023414962584805424,644,Stella. Estella?
4091,5328,4,28,243,275,1.1309090909090909,0.02283412175860282,644,Fly like a bumblebee
3281,5329,3,33,262,298,1.1308724832214765,0.021231377623081204,644,The last time I attempted Franz Liszt's Campanella I injured my hands therefore my Dr. insists I wear these.
571,5330,4,29,250,283,1.1307420494699647,0.02243328305615753,644,Ali's Flur de Punch in A minor.
450,5331,5,28,258,291,1.1305841924398625,0.02258289116619927,644,I was afraid there'd be a boxing kangaroo in the audience tonight.
3523,5331,2,34,255,291,1.1305841924398625,0.020949665917181965,644,Aren’t there already too many YouTube videos with this gimmick?!
3874,5331,3,32,256,291,1.1305841924398625,0.021507858854439482,644,Now we shall box the piano.
2408,5334,7,19,227,253,1.1304347826086956,0.02587803494002206,644,Punch punch punch puuuunch.
5022,5334,4,31,264,299,1.1304347826086956,0.021688567716387976,644,And now I play for you... ‘An ode to boxing.’
1031,5336,4,29,251,284,1.130281690140845,0.02235889285925987,644,I call this 'The Sweet Science Sonata.'
2547,5336,4,29,251,284,1.130281690140845,0.02235889285925987,644,Aren't we playing the first movement from the Pugulist Concerto in Bb?
5440,5338,4,30,258,292,1.13013698630137,0.021980826647536953,644,This next piece helps me touch some tender feelings...
3127,5338,3,32,257,292,1.13013698630137,0.021438740049854733,644,"This movement is titled ""Scontro non troppo."""
1749,5340,5,29,266,300,1.13,0.022130151145972544,644,I am boxing it up
5673,5340,7,25,268,300,1.13,0.02311572360569616,644,Now they tell me that the only words I could make out in their garbled voicemail were actually 'Bach sing loves.'
889,5342,4,28,245,277,1.1299638989169676,0.02267877050456594,644,"As an encore, I""m going to play my Boxing Concerto."
2618,5342,5,26,246,277,1.1299638989169676,0.023248372775202523,644,I tried tying strings around my fingers to remember the punch lines.
3913,5342,2,32,243,277,1.1299638989169676,0.02149432998273624,644,"I call it ""The Upright Uppercut"""
4661,5342,2,32,243,277,1.1299638989169676,0.02149432998273624,644,Concerto for boxing bouts
1975,5346,4,29,252,285,1.1298245614035087,0.02228499148344519,644,"My next tunes for my Mommy, for letting me borrow her gloves"
3891,5347,7,24,262,293,1.129692832764505,0.023456033766775845,644,"In the next piano duo, I will be performing the Kangaroo Hop with the bloke from Down Under."
2076,5347,4,30,259,293,1.129692832764505,0.0219101806073656,644,No encore tonight.
3481,5349,3,29,238,270,1.1296296296296295,0.022406186991911284,644,You lied to me!
2514,5349,5,25,240,270,1.1296296296296295,0.023603196320373877,644,He packs a punch on the b-minor chord!
1595,5351,5,29,267,301,1.1295681063122924,0.022060734613113343,644,And now for the Israeli national anthem...
2214,5351,5,29,267,301,1.1295681063122924,0.022060734613113343,644,Where's the Ring Girl?
3602,5353,3,34,272,309,1.1294498381877023,0.020710594982034074,644,"I call this ""What's Black and White and Red all Over."
314,5354,2,33,251,286,1.1293706293706294,0.02107795752388176,644,Muhammad Off-key
2180,5354,5,27,254,286,1.1293706293706294,0.022757216290771442,644,"I’m going to play this way, believe it or not."
2812,5354,5,27,254,286,1.1293706293706294,0.022757216290771442,644,"And now, thumping keys by my boy Elroy. If you don’t like it please cross that line on the stage."
4905,5357,2,34,258,294,1.129251700680272,0.020749698030485035,644,Did Golden Boy survive?
2879,5358,5,29,268,302,1.1291390728476822,0.021991749849412538,644,"And next, ""Flight of the Albatross"""
3747,5359,3,34,273,310,1.1290322580645162,0.02064790147803138,644,"A standing 8 count please! A standing 8 count!! A one, a two, a onetwothreefourfivesixseveneight: Boom! Yeeeeah!!"
5411,5359,4,28,247,279,1.1290322580645162,0.022525506690995917,644,"You better be prepared for a fight,  if you play Christmas music!"
2771,5359,5,26,248,279,1.1290322580645162,0.023090783326700753,644,And Muhammad Off-Key is on the piano.
3488,5362,3,32,260,295,1.1288135593220339,0.021234006330789798,644,For my final ringside number I would like to play one of Bach's Sonatas.
3728,5362,6,26,263,295,1.1288135593220339,0.022804895073529414,644,"Yes, I’m exercising!"
131,5364,4,27,241,272,1.1286764705882353,0.022852858486418458,644,"ladies and gentlemen, without further ado, i regret to inform you that the men’s bathroom is closed."
3105,5365,1,35,252,288,1.1284722222222223,0.020354998768287134,644,I'm the best.  I just haven't played yet.
636,5366,3,27,227,257,1.1284046692607004,0.022986342214819253,644,"The next selection is ""The Hypochondriac's Concerto"""
411,5367,4,27,242,273,1.1282051282051282,0.02277387262424603,644,"I just had a manicure.So, bear with me, or I'll punch you out."
5489,5367,4,27,242,273,1.1282051282051282,0.02277387262424603,644,"My closing piece: ""Unanimous Ten"""
1925,5369,3,30,248,281,1.1281138790035588,0.021798838941679565,644,"You didn't say 'delicate hands for a delicate task'?"" - David Steenburg, Washington, D"
2663,5370,3,25,214,242,1.128099173553719,0.023797482669472392,644,This punch line is a trifle too black and white for my liking.
774,5371,5,28,264,297,1.127946127946128,0.02215165404413546,644,"Hamfisted ?
Hell no!  -- These are my Piano-training Gloves!"
3530,5372,3,33,269,305,1.1278688524590164,0.020773729312062093,644,When you said “ punish the counter” ...?
3732,5373,5,24,237,266,1.1278195488721805,0.023718132285173214,644,And now Hayden’s symphony 12. The Boxing Symphony
1845,5374,3,30,249,282,1.127659574468085,0.02172615093326624,644,"And now, Mozart's Opus No. 1, The Enfant Concerto"
2768,5374,4,28,250,282,1.127659574468085,0.022299434415130593,644,"If Keith Emmerson could stab his Hammond organ with a knife, why can't I ..."
2097,5376,4,29,257,290,1.1275862068965516,0.02192265213943066,644,"ooh, maybe you better turn up the heat instead."
1643,5377,5,28,265,298,1.1275167785234899,0.02208136901485485,644,You wanna fight me on this piano bro!?
5426,5377,6,26,266,298,1.1275167785234899,0.02258725737232769,644,And now from my new rap concherto
4249,5379,4,31,271,306,1.1274509803921569,0.021221008677909145,644,"and now Cauliflower Ears', JuNgLe In ThE rUmBlE"
583,5380,5,24,238,267,1.1273408239700375,0.023633982323254317,644,Now please enjoy several selections from my new album.
4164,5380,5,24,238,267,1.1273408239700375,0.023633982323254317,644,Beethoven again?
1436,5382,5,27,259,291,1.127147766323024,0.022387301897348326,644,"Eb-o-ny and i-vo-ry,
From Stallone.
For his herd's men-ta-li-ty..."
4347,5382,5,27,259,291,1.127147766323024,0.022387301897348326,644,I don't remember seeing this in Whiplash!
5509,5384,6,26,267,299,1.1270903010033444,0.022515627358878666,644,He punches below his weight.
4481,5384,7,24,268,299,1.1270903010033444,0.023008686634284424,644,"Please forgive any inelegance, the repertoire always suffers a bit on December 26th"
2092,5386,4,32,279,315,1.126984126984127,0.020831136655955224,644,"And now a new original work for our time, 'Pizza Chord.'"
939,5387,2,30,236,268,1.126865671641791,0.021697282846075663,644,"And now for my final selection: 
Rollin, Rolling, Rolling!"
2501,5387,3,28,237,268,1.126865671641791,0.02233208946467572,644,They told me to break a leg!
3048,5389,3,29,244,276,1.1268115942028984,0.021947834369323887,644,One Note!@
1790,5390,4,28,252,284,1.1267605633802817,0.022151209957963363,644,Once I Ko'ed Ali .
1871,5390,6,24,254,284,1.1267605633802817,0.023247466071011105,644,"And now, Mozart's Piano Concerto N. 23 in A."
4744,5390,4,28,252,284,1.1267605633802817,0.022151209957963363,644,"Sir, kindly take your mitts off me."
4995,5390,3,30,251,284,1.1267605633802817,0.021582210603672106,644,"Boxing the keys, Bobby Shorter style:"
5165,5394,1,35,256,292,1.1267123287671232,0.020094760868040757,644,Gimme that old soft shoe.
3482,5394,3,31,258,292,1.1267123287671232,0.02123378780885296,644,m now going to play a Chopin mazurka
3336,5394,6,25,261,292,1.1267123287671232,0.02283605132817117,644,Do you prefer my rendition of Mozart with a left hook or right cross?
1019,5394,4,29,259,292,1.1267123287671232,0.02178097587104898,644,Pinching hazard.
501,5398,1,36,263,300,1.1266666666666667,0.01980582064447132,644,My next selection is called ‘Gonna Fly Now’ by the great Bill Conti.
2393,5399,3,33,272,308,1.1266233766233766,0.020583540481424915,644,"My next opus is entitled ""CT in E minor"""
2439,5400,5,31,288,324,1.126543209876543,0.020922547974635504,644,"They protect me from the threats I have received--sinister forces plan to close the keylid on my precious fingers.  Now, enjoy my outstanding play."
2294,5401,4,26,239,269,1.1263940520446096,0.022868734163784227,644,Excuse the gloves. I’ve had a falling out with my Fairy Godmother.
756,5402,6,23,248,277,1.1263537906137184,0.023599144071485112,644,"I’ve got a bad neck rash that I need to scratch. With a collar cone I couldn’t see the keys,
but at least with these gloves I can."
2881,5402,2,31,244,277,1.1263537906137184,0.021266846981221242,644,My next piece comes right out of the box.
4774,5404,2,33,258,293,1.1262798634812288,0.020605985356492308,644,Savate Concerto
5041,5404,2,33,258,293,1.1262798634812288,0.020605985356492308,644,"Yes, I've taken some tough knocks, but maybe I can hit the world stage this way."
5134,5406,1,36,264,301,1.1262458471760797,0.019744395957612796,644,"In lieu of the Squeeze Box, I will now play the Piano Box."
1164,5406,4,30,267,301,1.1262458471760797,0.02136086033977211,644,"When I pound the black and whites, the harmony is incredible."
1491,5408,1,37,271,309,1.1262135922330097,0.01946994130805414,644,"My next # is ""Waltz around the Ring"" composed solely to be played with boxing gloves."
4043,5409,2,30,238,270,1.125925925925926,0.02154647453204343,644,"I call it Pieces of Eight, of course."
835,5410,3,29,246,278,1.1258992805755397,0.021799164156056768,644,I'd like to add you to my LinkedIn network
3820,5411,2,32,252,286,1.1258741258741258,0.02086008900550931,644,"my record is 0 and 111 losses, however my nest opponent J.S. Bach only has a simple tocata and fugue in d minor played lively with ppp dynamics"
5417,5411,3,30,253,286,1.1258741258741258,0.02144015345000824,644,"As a former Boy Scout, I am compelled to be a prepared pianist."
1441,5413,4,23,220,247,1.125506072874494,0.024037822713122544,644,So it's playing piano first and then the boxing.
4413,5414,6,22,243,271,1.1254612546125462,0.023882518867094214,644,Now I will play Bachoxing piano concerto No. 3
387,5415,3,29,247,279,1.125448028673835,0.021725577301050483,644,They told me to learn some monophonic pieces.
2028,5416,3,30,254,287,1.1254355400696865,0.02136981963578413,644,"for my next number i shall play ""punch"""
3560,5416,5,26,256,287,1.1254355400696865,0.02248112424490319,644,"Next I put the top down, take my gloves off, tie my dance shoes on and dance my favorite song."
4194,5418,2,34,267,303,1.1254125412541254,0.0201719065578807,644,"We'd like to welcome Rocky, here in the front row."
2347,5419,3,28,241,272,1.125,0.022022616983004478,644,They told Johnny he was a one hit wonder . Look at him now !
3060,5419,4,26,242,272,1.125,0.022630251502083143,644,"And now, here’s Wonderwall."
4248,5419,5,26,257,288,1.125,0.022407162106484604,644,Rachmaninoff?  I don't Think so.
4903,5419,4,25,235,264,1.125,0.0230455022131189,644,This is the Winner By Knockout sonata for piano four hands.
5093,5419,3,32,269,304,1.125,0.02064247296513623,644,You promised me I'd have a corner man and a trainer.
1999,5424,9,19,269,297,1.1245791245791246,0.023941456391291138,644,klsfjsd
4563,5425,1,34,254,289,1.1245674740484428,0.02006680108642573,644,Has anyone seen my shadow?
2456,5426,5,25,251,281,1.1245551601423487,0.0227272932864841,644,I'm committed to the lower register.
4355,5427,2,30,241,273,1.1245421245421245,0.021324126629301252,644,How about some K.O. Key?
5475,5427,4,26,243,273,1.1245421245421245,0.022551853081930966,644,Hope it's not Prokofiev's 1st or 3rd?
4000,5429,1,36,269,306,1.1241830065359477,0.019442857438250357,644,This is no pianola.
3084,5430,7,20,247,274,1.1240875912408759,0.024192811532773546,644,"I will now play ""Fanfare for a Triamphant Presidential  Knockout of a Democratic Congress."
5177,5430,2,30,242,274,1.1240875912408759,0.021251020323437984,644,"Next number is ""Boxer's delight"""
2935,5432,6,26,275,307,1.1237785016286646,0.021958467335675004,644,And now here’s “Revolution #9.”
5120,5433,3,31,265,299,1.1237458193979932,0.020765523926248756,644,He catches a glimpse in a mirror as he prepares to perform a Leonard Bernstein piece that requires special instrumentation.
5588,5434,7,22,262,291,1.1237113402061856,0.02323172697918872,644,Is there a sports doctor in the house?
608,5435,4,27,252,283,1.1236749116607774,0.022012889448125822,644,"Just another key puncher, in the slog of life..."
1767,5435,5,25,253,283,1.1236749116607774,0.022574943504434595,644,"And for my next piece, I like to place a tune by Simon & Garfunkel"
4653,5437,4,31,281,316,1.1234177215189873,0.020586807551813413,644,No one expected the spelling bee's elimination round to be like this.
1350,5438,6,24,262,292,1.1232876712328768,0.022641969952257552,644,Best technique to compose a fine lullaby.
5582,5439,3,29,252,284,1.1232394366197183,0.02136492935908196,644,"You should see Cody, the other guy."
1082,5439,3,29,252,284,1.1232394366197183,0.02136492935908196,644,"And now as my Al Jolson tribute continues, I'd like to play AlaBAMy Bound."
2583,5439,6,23,255,284,1.1232394366197183,0.023045890538230845,644,A singer is not going to be a good boxer without knowing piano.
119,5442,3,28,245,276,1.1231884057971016,0.021721556357185222,644,"Yo Mick, can I go back to chasing the chicken?"
549,5442,4,26,246,276,1.1231884057971016,0.022319867197441914,644,"Clearly, I am the most superb."
2882,5442,5,24,247,276,1.1231884057971016,0.022902552976568208,644,I wear these to beat my meat.
2701,5445,3,27,238,268,1.123134328358209,0.022096174295563105,644,My next selection is by a well known 21st century composer.
1277,5446,3,25,224,252,1.123015873015873,0.022905704139311832,644,There's a rhythm in the ring of the keyboard...
3707,5447,2,31,252,285,1.1228070175438596,0.020705900168277214,644,"If you loved ""Mrs. Robinson"", Art tells me this song from our latest album ""Bridge Over Troubled Water"" will knock you out."
2195,5448,4,26,247,277,1.1227436823104693,0.02224359028252831,644,"I'd like to take this opportunity to remind all of the fine people gathered here tonight, that there's plenty of folks out there who still say that no black man could ever play Liszt."
5391,5449,2,33,267,302,1.1225165562913908,0.02002915506504226,644,"Maestro, I'm ready. Bring on the concerto!"
38,5450,2,29,239,270,1.1222222222222222,0.021304899817956312,644,But this piano goes below the belt.
4182,5451,3,29,255,287,1.1219512195121952,0.021154199348076292,644,I once thought there were no second acts in American lives.
1384,5452,6,22,251,279,1.1218637992831542,0.02323045061886231,644,I shall now attempt Mozart's Sonata No.16 in C major.
3417,5452,5,24,250,279,1.1218637992831542,0.02266865706213892,644,"Chopin's etude Butterfly, plink a minor key."
3568,5452,4,26,249,279,1.1218637992831542,0.02209258224034305,644,Don't break a leg!
2309,5455,3,30,263,296,1.1216216216216217,0.020756871277741794,644,My town.  Round ten?
2473,5456,2,36,291,329,1.121580547112462,0.01904397769761837,644,I like to feel the beat through the piano.
4143,5457,4,23,228,255,1.1215686274509804,0.02332264666798132,644,"Float like a butterfly, sing like a Beatle."
2888,5458,2,30,248,280,1.1214285714285714,0.020822632757759606,644,Can you play ‘Love Is A Battlefield ‘??!!
2829,5459,5,27,273,305,1.1213114754098361,0.021412450770339025,644,My next song is “Gonna Fly Now”.
5571,5460,5,26,266,297,1.121212121212121,0.021762676994748285,644,Do I look sharp with these gloves?
5246,5460,2,32,263,297,1.121212121212121,0.020133654455356035,644,"And now for your musical enjoyment..Boxer Rapsody





Susan Elwood Monterey Calicornia"
3557,5460,6,24,267,297,1.121212121212121,0.022279230972539626,644,let me box to this beat
4949,5460,8,16,240,264,1.121212121212121,0.025208318643995,644,Gonna pound these keys like I pound my dick!
55,5464,3,29,257,289,1.1211072664359862,0.02101599441555779,644,This is one of the greatest works of Bach's.
1160,5464,4,27,258,289,1.1211072664359862,0.021580112159247593,644,"Nah, Anything but chopsticks!"
4032,5466,3,25,228,256,1.12109375,0.022567333124598875,644,I thought we were playing the Notre Dame fight song next
2925,5467,2,32,264,298,1.1208053691275168,0.020070100272484133,644,Piano concerto in b minor. Boom Boom Bang Bang.
1793,5468,3,25,229,257,1.1206225680933852,0.022484288582346735,644,"Time out, foul, breaking rhythm, loss of one point."
1185,5469,3,28,251,282,1.1205673758865249,0.02128500712897649,644,And now for the opening notes of “Night and Day” by Cole Porter.
2047,5469,6,22,254,282,1.1205673758865249,0.022994976648379434,644,Playing the piano on 'hard' mode
3400,5471,2,29,243,274,1.1204379562043796,0.021012049138414694,644,"No, I'm hardly a kitten on the keys!"
3607,5472,3,30,266,299,1.120401337792642,0.02056025236853927,644,I call this one 'The Sweet Music of the Sweet Science.'
3831,5473,5,29,290,324,1.1203703703703705,0.02057573353842771,644,You listining to D magore engery
200,5474,4,27,260,291,1.120274914089347,0.02143959180524113,644,My drums was stolen
515,5474,3,29,259,291,1.120274914089347,0.020879573901648654,644,Rejoice-- I was able to get this concert on Pay TV.
2494,5474,4,27,260,291,1.120274914089347,0.02143959180524113,644,"This is Princeton, right?"
5351,5474,3,29,259,291,1.120274914089347,0.020879573901648654,644,"Next, I’ll be playing Bach’s “In G Minor”"
5448,5478,2,27,229,258,1.12015503875969,0.021718188094819138,644,We are not the UFC - we have class!
3940,5479,7,20,256,283,1.1201413427561837,0.02345792711674055,644,"We will,  we wi[[ box you""

Deda Jacobse"
1244,5480,6,25,277,308,1.12012987012987,0.02170724097456835,644,"And, now, the Cannibal Corpse trio sonata."
1281,5481,4,28,268,300,1.12,0.021032437653961598,644,This piano has been shading me
670,5482,6,26,285,317,1.1198738170347002,0.021299475138697135,644,Everything started when I received a music box at Christmas
257,5483,4,26,254,284,1.119718309859155,0.021723840954669563,644,"And now a little composition of my own called 
""Etude for Washington, No. 535""."
1307,5484,5,26,270,301,1.1196013289036544,0.02148793788696817,644,"Sorry, but the piano has chickenpox."
758,5484,2,32,267,301,1.1196013289036544,0.019881808064407765,644,"And now, a Paul Simon rhapsody."
3926,5486,4,24,240,268,1.1194029850746268,0.02248567238357335,644,Gwyneth said no porcelain.
698,5487,6,19,235,260,1.1192307692307693,0.024159112132843677,644,"And now, the Box Well-Tampered Clavier"
2886,5488,1,28,223,252,1.119047619047619,0.021200220943675033,644,That's supposed to be Bach's prelude in C!!
4258,5489,6,20,243,269,1.1189591078066914,0.023612030824177913,644,"They call to the Jersey bounce, it’s the rythem that really counts!"
4551,5489,3,26,240,269,1.1189591078066914,0.021778452927240663,644,This is not the Thrilla in Manila
862,5491,3,28,255,286,1.118881118881119,0.021003543513376306,644,I'm auditioning for the Punch Brothers' Christmas concert.
1612,5492,3,27,248,278,1.118705035971223,0.021344423617517885,644,How do you expect me to do two things at once?
5688,5493,4,26,257,287,1.1184668989547037,0.021508419010821567,644,And to conclude tonight's performance: Beethoven's bowel movement.
2153,5494,4,25,250,279,1.118279569892473,0.021869737670344523,644,You never know when you may be attacked
2355,5495,1,34,270,305,1.118032786885246,0.019078993094028874,644,They had asked me to box-in the keys.
1694,5496,3,32,287,322,1.1180124223602483,0.01955255167368137,644,My sinphony for appassionato.
778,5497,4,25,251,280,1.1178571428571429,0.021795585468164885,644,That was a real knockout!  This next one will be a TKO...
2500,5498,4,27,266,297,1.1178451178451179,0.02102875066822248,644,You think these gloves can stop me from playing my brilliance
2833,5499,5,24,260,289,1.1176470588235294,0.02192223507352735,644,When
3464,5499,1,34,271,306,1.1176470588235294,0.019020452847181925,644,But I thought he said I played as if...?
3009,5501,1,34,272,307,1.1172638436482085,0.018962268400187825,644,"I was told there would be a boxing match, but now I see that I am to play the piano. Random!"
1139,5502,2,31,267,300,1.1166666666666667,0.019729685703430512,644,Niles pretending to pound out a tune when the CD skipped.
4597,5502,2,31,267,300,1.1166666666666667,0.019729685703430512,644,"The ex-boxer had moved from the ring to the classical music stage. Although still limited in his piano playing, he has become highly regarded in the nearly lost art of round singing. Here he is shown preparing his audience to go the full 10."
5552,5502,3,29,268,300,1.1166666666666667,0.020286868708399155,644,Good boxing is a piece of art
2507,5505,4,25,254,283,1.11660777385159,0.02157610250182373,644,"I mastered this advanced technique by watching the Ali vs. Frazier 3 fight"""
1363,5506,6,19,241,266,1.1165413533834587,0.023638172541335625,644, 
1900,5507,4,26,262,292,1.1164383561643836,0.02115868093415017,644,You hate my playing this much!??
1528,5508,4,24,247,275,1.1163636363636364,0.021941698593728277,644,'Am I loud enough to go through your hearing aid?'
4735,5508,2,28,245,275,1.1163636363636364,0.020696679362814736,644,And now I give you Rondo No. 15 by my boxer.
613,5510,2,31,268,301,1.1162790697674418,0.019667848911892626,644,"For my next piece, ""Canon in CTE."""
1106,5510,6,18,234,258,1.1162790697674418,0.024100137688583944,644,I totally expect you to account for every song that vaguely fits.
5228,5512,2,27,238,267,1.1161048689138577,0.021026817976044755,644,"A famous rap artist told me to ""knock it out the box"", maestro!"
2111,5513,4,24,248,276,1.1159420289855073,0.02186612009035546,644,I shall now play Total Concerto for Radness and Coolness by Strong Bad.
3197,5513,2,28,246,276,1.1159420289855073,0.02062586447981531,644,Looks like I accidentally wore my boxing gloves instead of my piano gloves
5635,5515,2,29,254,285,1.1157894736842104,0.020246488061612618,644,I'm going to hit a grand slam with my grand piano.
3229,5516,4,26,265,295,1.1152542372881356,0.020954221413462964,644,It's a new style. We call it Beethoven.
3360,5517,2,27,240,269,1.1152416356877324,0.02087908415383511,644,I'm feeling boxed in and want greater freedom to develop my music.
638,5518,4,24,250,278,1.1151079136690647,0.021716507911585536,644,Its the challenge of playing Bela Bartko
1094,5518,3,26,249,278,1.1151079136690647,0.021110061906406363,644,"Aww crud, was I sleep walking again?"
2088,5518,2,28,248,278,1.1151079136690647,0.020485670882611117,644,"That’s if one is falling on you. But up close and personal, take the gloves off."
544,5521,4,25,258,287,1.1149825783972125,0.021290214890363902,644,'Welcome to Chris Brown in the lounge.'
3236,5522,2,30,264,296,1.114864864864865,0.01975995275486312,644,"Ali, was always my dream to play the Ivory keys.."
5414,5523,6,21,261,288,1.1145833333333333,0.022331105142196935,644,"OK, you guys go ""dah-dah-dah, dah-dah-dah""
and then I windmill and do some jabs
we'll all feel hugely uplifted"
4725,5524,3,24,235,262,1.1145038167938932,0.021822468656975614,644,Chief of Staff?  I'm not dressed for the occasion
2307,5525,5,21,245,271,1.1143911439114391,0.022624648891055994,644,"You might say “This looks like a sack race” and then you might say... 
“Yes, you can run a sack race, but why run a freakin’ sack race?”  
And I tell you “It’s all thumbs.”"
5586,5526,4,24,252,280,1.1142857142857143,0.02156892082146618,644,"Oh, I'm so sorry. I just came from boxing practice."
2803,5526,4,24,252,280,1.1142857142857143,0.02156892082146618,644,Three little kitten lost their mittens...
1827,5526,8,16,256,280,1.1142857142857143,0.02382487984066519,644,Shut up! Fifty years ago we'd have you upside down with a fucking fork up your ass...
954,5526,2,28,250,280,1.1142857142857143,0.02034736023156195,644,Well it wasn't the first  piano performance to put me to sleep
2772,5530,2,29,258,289,1.1141868512110726,0.019981679514498744,644,"No, Penn & Teller, not a piano roll"
4112,5530,1,31,257,289,1.1141868512110726,0.019371068547945132,644,Watch out for the hammer move!
5530,5530,3,27,259,289,1.1141868512110726,0.020574176429473148,644,"Fight, or Floght if the Bumblebee?"
1564,5533,3,24,236,263,1.1140684410646389,0.021743694359326157,644,I'm moving up in classical music.
431,5534,2,27,243,272,1.1139705882352942,0.020661315226381344,644,I'll start with twinkle twinkle little toes in the key of c
2314,5534,5,21,246,272,1.1139705882352942,0.022545239401837253,644,Something about using the gloves to masturbate I dunno figure out your own caption.
5319,5536,2,30,267,299,1.1137123745819397,0.0195725973411501,644,OK.. the odd's are even.. I can play Chopin VS Trump knew nothing...
2384,5537,3,25,245,273,1.1135531135531136,0.02123371572709665,644,"Three blind mice, three blind mice..."
3271,5538,4,26,270,300,1.1133333333333333,0.020622061404567783,644,"For my last number, I need to play only a few keys and I need to protect myself from my OCD."
136,5538,4,26,270,300,1.1133333333333333,0.020622061404567783,644,This one was penned by Bundini Brown.
2917,5540,4,21,231,256,1.11328125,0.02272586920173274,644,And now I will play Islamey alla Bellicoso.
58,5541,1,34,283,318,1.1132075471698113,0.01834483110911049,644,It seems my manager's text message auto-corrected from 'plink those black keys' to 'punch those black eyes.' Apologies.
1065,5542,3,26,254,283,1.1130742049469964,0.02075608451765707,644,"Please welcome our next performance, ""The Boxer's Treble"""
2244,5542,2,28,253,283,1.1130742049469964,0.02014334312201227,644,"Chopped, not chops"
2814,5542,3,26,254,283,1.1130742049469964,0.02075608451765707,644,"Trust me!
  This is neither an easy-to-set nor effective large rodent trap."
3947,5545,3,27,262,292,1.1130136986301369,0.02037361913247533,644,"AS A BOXER ,I AM TOTALLY UNSUITED FOR MUSIC"
3365,5546,2,25,230,257,1.11284046692607,0.021256588894369797,644,"Chop kicks, not chopsticks!"
3493,5547,0,31,244,275,1.1127272727272728,0.019105912516938422,644,"Damn, caught red handed..."
2739,5548,3,26,255,284,1.1126760563380282,0.020686702445165923,644,Where do I punch
669,5549,3,25,248,276,1.1123188405797102,0.021014492753623194,644,"This is my fight song
No hands no feet song
Just mouthing words song"
2721,5550,3,26,256,285,1.1122807017543859,0.02061778062697238,644,I will now play one of Dwane's great pieces.
2533,5551,4,25,265,294,1.1122448979591837,0.02080765686672752,644,I'm so pleased  to a part of this Day after Christmas Concert at Massey Hall.
2006,5552,0,32,254,286,1.1118881118881119,0.01867253939319085,644,easy enough
2571,5552,2,28,256,286,1.1118881118881119,0.019943356304156123,644,Liberace can really pound out some mean tunes!!
419,5554,4,25,267,296,1.1114864864864864,0.020673759413472485,644,I'm taking giant steps.
4783,5555,3,28,274,305,1.1114754098360655,0.01976180310078935,644,you want me to shell the peanuts right now?
10,5556,4,25,268,297,1.1111111111111112,0.020607452325160376,644,"I will now play, ""D.E.A.D""."
2463,5556,3,25,251,279,1.1111111111111112,0.020799730944134502,644,"Bam bam, ey, what a bam bam."
2752,5556,4,23,252,279,1.1111111111111112,0.021410619568404038,644,I feel like such a dick
1928,5559,2,30,275,307,1.1107491856677525,0.019089839160108302,644,"You better like this, or else I will knock you out."
818,5560,5,22,262,289,1.1107266435986158,0.02149518115575304,644,I find it difficult to float like a butterfly and sting like a bee just now.
1599,5560,1,30,258,289,1.1107266435986158,0.019129190646622822,644,"This sonata has 12 movements. It's called ""By Unanimous Decision""
Javier Pescador, Ann Arbor, MI"
3108,5562,4,22,245,271,1.1107011070110702,0.021770406954510168,644,Oscar Bait
2619,5563,4,21,237,262,1.1106870229007633,0.022229192518565796,644,"By executive order,
I present you a piano concerto in Me Mayor."
1935,5564,4,22,246,272,1.1102941176470589,0.021694039003505115,644,"His salary known work, this piece was composed by Handel at 6 months."
4483,5564,4,22,246,272,1.1102941176470589,0.021694039003505115,644,And then I fought ...
1778,5566,2,24,228,254,1.110236220472441,0.021211547647789594,644,"So if I think Beethoven's Minuet in G, I can play."
5005,5567,1,30,260,291,1.1099656357388317,0.019005085247707568,644,"And now for ""The Flight of the Boom Boom Beegone""!"
4487,5568,1,29,252,282,1.1099290780141844,0.019324617309879534,644,"I,m now going to play gloves get in the way"
3297,5569,4,25,272,301,1.1096345514950166,0.020346407521001853,644,Big decision: Pizza or chicken for dinner?
2036,5570,5,22,265,292,1.1095890410958904,0.021284027416317488,644,"It fifights me.
I have no chouxe."
3954,5571,3,28,280,311,1.1093247588424437,0.019399489554981813,644,I wasn’t sure what was scheduled tonight at MSG
1904,5572,3,27,272,302,1.109271523178808,0.019732328994345318,644,"And now, I play Beethoven’s Moonlight Sonata"
2698,5573,3,24,248,275,1.1090909090909091,0.02084074690638737,644,Come out flat and get played like a fiddle
2646,5573,4,22,249,275,1.1090909090909091,0.021468104990462547,644,Our next act is MMA sousaphone.
2592,5575,4,20,233,257,1.1089494163424125,0.022378826985072653,644,"Sorry, I just finished the boxing match."
2673,5576,2,27,256,285,1.1087719298245613,0.019767636520662494,644,"Oh, Henry Mancini!"" (Please underline the word Henry."
1552,5577,2,26,248,276,1.108695652173913,0.020124490823199767,644,"Joe could always set a beat down. Tonight, he was going to set a beat-down."
3551,5578,3,23,241,267,1.1086142322097379,0.021176761529697212,644,"This one is called ""Rudolph the smash-nosed Reindeer."""
61,5579,3,27,274,304,1.1085526315789473,0.019608865094695473,644,Psst! Hey! Wanna score some gluten?
4556,5580,4,23,259,286,1.1083916083916083,0.020910410031798828,644,"And now, a little something by John"
1860,5581,1,27,240,268,1.1082089552238805,0.019732524511501502,644,"You've seen Golden Boy?  Well, I just can't decide!"
4798,5581,4,21,243,268,1.1082089552238805,0.02175368783595142,644,There are many reasons why I am confused right now. Chiefly amount which is the question of where my seeing-eye bat is?
310,5583,4,25,276,305,1.1081967213114754,0.02009186951016011,644,Cluster time!
311,5584,3,23,243,269,1.1078066914498141,0.0210267457118818,644,Ushio Shinohara pivots into a musical career.
4175,5585,2,28,267,297,1.1077441077441077,0.019242700305899377,644,the last number really did a number on me!
2135,5586,1,29,258,288,1.1076388888888888,0.01894400357739657,644,The piano is my ring and the sheet music is my mouth guard.
1146,5587,2,26,251,279,1.10752688172043,0.019919060048198104,644,"My next number is ""A Rollin' and a Tumblin"""
1979,5588,4,21,245,270,1.1074074074074074,0.021599659734261954,644,I didn't mean to actually break a leg!
3588,5588,4,21,245,270,1.1074074074074074,0.021599659734261954,644,Mum can I take the gloves off now so I can play piano?
5630,5590,3,25,261,289,1.1072664359861593,0.0201143944943429,644,No this isn't a piano. I have a scale in here.
5553,5591,4,22,254,280,1.1071428571428572,0.021101792367905044,644,I 'm the poster boy for Trump's new rhythmic safe sex and birth control plans.
4645,5592,3,27,279,309,1.1067961165048543,0.01930683394018302,644,I will now perform my swinging ‘Larkin’ suite.
165,5593,2,26,253,281,1.106761565836299,0.019784410289536453,644,"My next number is Bill Conti's ""Gonna Fly Now."""
4937,5594,3,26,271,300,1.1066666666666667,0.019636231007763776,644,War and music ? Lets keep Smileing
5323,5595,3,23,246,272,1.1066176470588236,0.020805650304423235,644,I don't want to hear another word about your fat thumbs.
3308,5596,3,27,280,310,1.1064516129032258,0.01924753636344538,644,"The next piece is my own composition entitled, 'Fight Club.' And no, I haven't been drinking, but am a bit punch drunk from my previous profession."
1715,5597,2,26,254,282,1.1063829787234043,0.01971776280002217,644,I think I lost by a TKO ...
2648,5597,3,24,255,282,1.1063829787234043,0.020347710207725665,644,Is this how Scott Joplin learned?
4643,5599,2,27,263,292,1.106164383561644,0.019317578960955126,644,Turn off that spotlight!  I don't want the audience to see why I play so delicately.
5078,5600,3,24,256,283,1.1060070671378093,0.02027916709389281,644,"Risin' up, back on the street"
5690,5600,5,20,258,283,1.1060070671378093,0.02147943581121334,644,It's closer to 'punch' music.
891,5602,3,26,273,302,1.1059602649006623,0.019512346958433912,644,"We are now going to sing a round: Row, Row, Row Your Boat."
506,5603,3,23,248,274,1.1058394160583942,0.02066080895531143,644,My week beats your year
2386,5604,3,23,249,275,1.1054545454545455,0.020589139128611187,644,"Hello, Pianist Temps, send someone over quickly. One of the pianists in the duet suddenly came down with a splitting headache."
3893,5604,4,21,250,275,1.1054545454545455,0.021223935787754736,644,"You know, I HAVE  the chicken pox!"
430,5606,4,23,267,294,1.1054421768707483,0.020366522802439266,644,Marshmallow gets into hard rock
4300,5607,3,27,283,313,1.1054313099041533,0.019071800725551875,644,"A boxing we will go,
A boxing we will go,
High-ho the dairy oh,

A boxing we will go!"
2588,5608,4,24,276,304,1.105263157894737,0.019942045980356912,644,"Next,the boxing champion Ali will perform."
2934,5608,1,28,256,285,1.105263157894737,0.018876952314330647,644,This is how Doraemon plays the piano.
5116,5610,1,27,248,276,1.105072463768116,0.019190775998087117,644,They just told me I needed to know ten key punch.
3000,5611,1,32,291,324,1.1049382716049383,0.017604097315750467,644,They call me the Gloved Geek.
773,5612,1,29,266,296,1.1047297297297298,0.018459132157027068,644,"And now playing “The Cinderella Man” in Cross, Hook, Uppercut.”"
4955,5613,3,23,251,277,1.1046931407942238,0.020447275507215347,644,"Thirty years, and he still can't get ""Hot Cross Buns"", folks."
5693,5614,3,24,260,287,1.1045296167247387,0.02000953437923172,644,For my next piece I'll literally be tinkling the ivories.
4656,5615,6,19,272,297,1.1043771043771045,0.021267803739185187,644,'Time to duck & cover bitches while I fulfill the request for 'The Theme from Rocky'.
5427,5616,4,21,253,278,1.10431654676259,0.021004691177188044,644,Just to show you that I'm not at war with myself...
4163,5616,2,25,251,278,1.10431654676259,0.01972949687867749,644,I swear this is the right way to play the piano!
1841,5616,4,21,253,278,1.10431654676259,0.021004691177188044,644,Now for a medley from the World War II era
3756,5616,1,27,250,278,1.10431654676259,0.019059932972182687,644,"(Afternoon of requests) ""Tchaik 1st?   OK.  Ready!"""
1647,5620,3,22,244,269,1.104089219330855,0.020765165871490958,644,"‘Ay, it’s me, Brooklyn Maitre-D! I got a nice pipin’ hot piano pie, straight from da oven! Just kidding, I’m Piano Hater! I beat ‘em up! Stop me when one of these is good enough for my MadTV audition tape."
2281,5620,1,26,242,269,1.104089219330855,0.01938317453820725,644,… And now: “Battling Joe”
4011,5622,3,24,263,290,1.103448275862069,0.019811952043934728,644,Enough with the snotty critique. I do.
4178,5623,2,24,245,271,1.103321033210332,0.019944919051130258,644,"Yo Adrian. Yo Adrian, you have become part of my plan.
Yo Adrian. Yo Adrian, here's the one thing.
I'll step out of the boxing ring and give you another kind of RING!
(excerpt from Rocky: The Stage Performance)"
5170,5624,3,24,264,291,1.1030927835051547,0.01974695246634493,644,"At recital, all the way up the scale, my hands told me I was a non-pianist."
4444,5625,2,27,272,301,1.1029900332225913,0.01876806887812838,644,This next piece is for prepared piano.
5494,5626,5,19,259,283,1.1024734982332156,0.021247308501972928,644,"If someone will hit me with a touch of smelling salts, I'll close with Ode to the Renaissance man."
1128,5627,4,23,276,303,1.1023102310231023,0.019787403839623442,644,"And that's how I learned to play ""Concert Toes""."
3128,5628,1,25,238,264,1.1022727272727273,0.019439755246613195,644,This next number is really hot.
2478,5629,1,29,274,304,1.1019736842105263,0.0179983496958432,644,"I didn't want to, it sounds awful."
2873,5630,4,19,242,265,1.1018867924528302,0.021470077241342037,644,"This isn’t a boxing match for crying out loud! You are meant to play the piano and those gloves are completely inappropriate. Don’t look at me like that, you know exactly what to do, so get them gloves off and use your fingers like you’re supposed t!"
3705,5631,2,30,302,334,1.1017964071856288,0.01762215594363686,644,"""Every time I  try to play 1 key I play 6 other keys"""
2971,5632,5,21,280,306,1.1013071895424837,0.02014079795996652,644,Perhaps I should switch to hand drumming instead.
5067,5633,4,19,244,267,1.101123595505618,0.02131575723718047,644,I was told not to juggle boxing and piano but I didn't know that it was to avoid something like this!
1609,5634,5,18,255,278,1.1007194244604317,0.021373947924654108,644,"Wait, this is not the bathroom... Too late I guess."
5042,5635,4,18,237,259,1.1003861003861004,0.021673829655858578,644,"What's that? You'd like me to play with boxing gloves on? Well, it's highly unorthodox. I won't be able to use my fingers to strike individual keys. Might as well give it a try, I suppose."
1372,5636,2,23,244,269,1.100371747211896,0.019809460657157628,644,Chord Master
3953,5637,3,22,255,280,1.1,0.019984633113366956,644,I just have to punch the keys on the piano to bring 'em back to tune
3404,5637,2,22,236,260,1.1,0.020171524654581927,644,The performance will continue as soon as I dispose of this anthropomorphic mouse!
599,5637,4,20,256,280,1.1,0.020615217660280655,644,"And as I face the final curtain, Boss, I honor you."
3250,5637,2,22,236,260,1.1,0.020171524654581927,644,This is not what I meant by “break a leg”!
1596,5641,5,19,267,291,1.0996563573883162,0.020685596270468114,644,`We now take you to a very controlled contest!!
4459,5642,1,26,254,281,1.099644128113879,0.018596525555744058,644,With all due respect to Simon et al  - this is not going to work.
1800,5643,3,22,257,282,1.099290780141844,0.019848959640471595,644,I will now attempt Beethoven's Moonlight Sonata on super duper hard mode.
169,5644,2,25,267,294,1.098639455782313,0.01870510832767375,644,Thank you thank you I will be autograph signing healthcare bills after the show. Thank you!
2774,5645,3,20,242,265,1.0981132075471698,0.020516855181475658,644,Get used to this.
1118,5646,3,22,262,287,1.0975609756097562,0.0195176766745416,644,Chopin handicaps himself just to flex on his peers and assert domincance.
1794,5647,2,23,252,277,1.0974729241877257,0.019262901422146476,644,I'll be playing the piano sonata by Wolfgang Amadeus K.O.zart
4651,5648,3,21,254,278,1.0971223021582734,0.019861641858350647,644,Safety first of all: I prefer to skip a note that the piano top makes me jump my fingers.
1941,5648,3,21,254,278,1.0971223021582734,0.019861641858350647,644,Meet me in the ring after this piece. Five O'Clock. Don't be late.
4039,5650,5,17,257,279,1.096774193548387,0.021055873163323982,644,"I am David, Front of House at the Wigmore Hall."
284,5651,3,23,274,300,1.0966666666666667,0.01894563796940163,644,"I said Moonlight ""Sonata'""- not Moonlight ""South Paw""!"
741,5652,5,19,277,301,1.0963455149501662,0.02002378985617522,644,"OK, I've got a nail biting problem, nut couldn't I wear a cone instead?"
65,5653,3,22,266,291,1.0962199312714778,0.01926048418471682,644,And now I shall perform Chopin's Prelude in G for pianist's penis.
541,5654,0,26,245,271,1.0959409594095941,0.017923323488638288,644,"A Beethoven Classic, right up."
3209,5655,4,20,270,294,1.0952380952380953,0.019671247256476843,644,"""The key to solving any problem is to just finger it out."""
4992,5655,1,24,248,273,1.0952380952380953,0.01853988226725124,644,I wish I had knuckles instead of these crab hands.
2048,5657,2,22,250,274,1.094890510948905,0.019185315854067027,644,"Ladies and Gentlemen, get ready for some action on the old 88!"
3632,5658,2,21,241,264,1.0946969696969697,0.019585143044049447,644,"Its tough to survive in this business.""

Mel Vigman, Summit, N"
4157,5659,4,17,245,266,1.093984962406015,0.020852308791900084,644,"I am fighting a cold tonight. I play not Tchaikovsky, but Chopsticks."
1875,5660,1,26,272,299,1.0936454849498327,0.017528976136465337,644,'This next piece is called 'Boxing Clever''
1613,5661,1,23,243,267,1.0936329588014981,0.018633431081756056,644,"You know the old saying?
Yes...I am a professional Pugilist Pianist."
1291,5662,2,24,274,300,1.0933333333333333,0.018100015295504864,644,Nauseating discordance is the soundtrack to my career but they’ll never understand :(
1815,5663,5,17,268,290,1.0931034482758621,0.020284989832658466,644,OH GOD IM GONNA CUM
475,5664,1,25,265,291,1.092783505154639,0.017718836515038822,644,"You thought I said my favorite things were pianos and violins, did you?"
5313,5665,1,26,275,302,1.0927152317880795,0.017362811496202734,644,I will now attempt my encore in C#m
4914,5666,1,24,256,281,1.092526690391459,0.018035969980557714,644,Required paraphernalia to perform the latest new music and to fight back.
1458,5667,1,26,276,303,1.0924092409240924,0.017308118638404913,644,"Oh, Mr. Mayweather, I'm going to tune you up!"
716,5668,3,19,249,271,1.0922509225092252,0.019802816036898513,644,"Guess who said, ""I punched my music teacher because I didn't think he knew anything about music and I almost got expelled."""
2169,5668,0,25,246,271,1.0922509225092252,0.017611096018790108,644,It’s the new fashion
1726,5670,3,17,231,251,1.091633466135458,0.020701802480902927,644,I will now perform Rocky's concerto no. 1 for pianist's penis.
5255,5671,1,23,250,274,1.0912408759124088,0.018178525404735534,644,"My firsta requesta eez ""Box Em RoundO"
4074,5672,3,20,262,285,1.0912280701754387,0.019132427763757315,644,What is Stevie Wonder up to now?
553,5673,1,22,242,265,1.090566037735849,0.018454592139775104,644,How'd you like to pull my gloves?
3038,5674,3,23,295,321,1.0903426791277258,0.017754618082417087,644,A punchers chance my a#%!
460,5675,2,22,264,288,1.0902777777777777,0.018290778460102793,644,i was afraid there'd be a boxing kangaroo in the audience
3177,5675,2,22,264,288,1.0902777777777777,0.018290778460102793,644,I don't think they'll even notice I sent a sub for this gig.
2279,5677,1,23,254,278,1.089928057553957,0.017928382055137214,644,Hey ! Wanna learn my boxing style ?
3198,5678,2,25,297,324,1.0895061728395061,0.017044877650005057,644,Rocky still has a punchers chance of knocking out Liszt's Campanella
2589,5679,1,24,266,291,1.0893470790378006,0.01744321137971888,644,I never knew that a set of punches could sound like a set of keys.
1431,5680,2,21,257,280,1.0892857142857142,0.01851082118817638,644,Sorry  I promised my wife to stay off Facebook for a week  But i can box my way through.
4936,5681,3,18,249,270,1.0888888888888888,0.019587747150976664,644,Just the kind of gloves I need for a piano.
4600,5681,1,26,288,315,1.0888888888888888,0.016677615788127934,644,Remember: 9/11 was an inside job
3425,5683,2,20,249,271,1.088560885608856,0.018804845982067647,644,"I can't Bogy 

gus zaso, concord nh"
2327,5684,3,20,271,294,1.08843537414966,0.01856845300897936,644,What a Louis Lortie Nightmare looks like
1909,5685,1,22,249,272,1.088235294117647,0.017999873735318722,644,"Since I can play only chords, my concert  repertoire is limited...but we'll see what happens."
808,5686,3,17,241,261,1.0881226053639848,0.019936969673195123,644,And now for your request...punch in time...sing alone folks...
4138,5687,2,20,252,274,1.0875912408759123,0.018606938280512006,644,"Bach-sing! Cantatas. By Bach. Me singing. Dammit, they were right! The only sight gags that work with you people are pianist jokes. Somebody get these off me. The gloves, madam!"
2758,5688,2,22,274,298,1.087248322147651,0.017701116708673047,644,Oh! Oh no! This must be how you hit “the brown note.”
5416,5689,6,13,268,287,1.0871080139372822,0.020597037479207055,644,"The Scouts new ""Trump Advisor"" badge."
29,5690,3,20,278,301,1.0863787375415281,0.01815222723336687,644,An uninpired riff off of my Baa Baa Blacksheep entry made the finals.
3491,5691,2,19,246,267,1.0861423220973783,0.018768784660411764,644,"''I heard Chuck Norris plays the violin with a piano between his teeth, this will be easy in comparison...what do you mean internet memes aren't true?''"
1697,5692,0,23,248,271,1.084870848708487,0.016960497431994653,644,How will I flip the notes?
1482,5693,2,18,241,261,1.0842911877394636,0.01886305443769119,644,"Hmmmm, Insurance Company says I am not covered if I am not covered"""
3039,5694,1,22,263,286,1.083916083916084,0.017154323455780544,644,I Call this number....
416,5695,2,19,255,276,1.0833333333333333,0.018179073134896542,644,"Its the fermata tiger, its the trill of Wainwright"
1692,5696,2,17,238,257,1.0817120622568093,0.018812334246900493,644,It's not gay. It's big dick energy.
4120,5697,2,20,275,297,1.0808080808080809,0.017217424034363688,644,Oh request those great 1-2 beat tunes.
2235,5698,2,18,257,277,1.0794223826714802,0.0178108927970837,644,On piano making right noise.
1296,5699,3,16,260,279,1.0788530465949822,0.018402046725171296,644,"I'd gladly spar but I'm ill-prepared in today's reign of hip hop, rap, house and Brittney/Bieber clones."
5648,5700,3,16,264,283,1.0777385159010602,0.01814995188573059,644,"My bad, I have pummeling walls and newspapers as my primary job, and this as my second."
5623,5701,3,14,256,273,1.0732600732600732,0.018177136667838104,644,First they took away the boxing ring...now I don't know how to play this piano...unless they have really really wide keys...
1127,5702,2,15,244,261,1.0727969348659003,0.017847991875635426,644,Here’s an old standardyiu May. It recognise
3175,5703,2,15,252,269,1.070631970260223,0.01733267377738365,644,Casio Clay got more than e asked for when presented with a Baby Grand
5369,5703,0,19,250,269,1.070631970260223,0.015650460753002637,644,Never made a better performance
1154,5705,2,15,264,281,1.0676156583629892,0.016613103321514524,644,"Man, taking 25 lsd tablets wants my best choice"
662,5706,0,17,249,266,1.0639097744360901,0.0150251757491518,644,"R is for the way you drove me crazy,O is for the way you drove me nuts,Cis for the way you drove me insane,put them all together they spell fricking psyco.."
577,5707,2,15,290,307,1.0618892508143323,0.015241872087605189,644,How do I piano tune with my claws?
907,5708,1,12,242,255,1.0549019607843138,0.015334957329713943,644,sorry guys just came back from a game and i sweat alot and my gloves are stuck   sorry we are still doing the show but i will have twin brother do it instead you won't tell the difference well be dose play boxing
